500	64	10
0	0	0	0	0	0	0	0	0	0	28	62	108	108	79	0	2	0	121	231	154	77	20	0	0	2	0	120	67	0	1	0	0	3	2	0	145	122	0	2	0	0	0	75	193	145	0	3	0	64	180	189	67	0	1	0	0	44	51	2	0	1	0	0	
0	0	1	2	0	0	0	0	0	1	0	3	163	141	0	1	1	0	6	182	217	179	56	0	2	0	138	131	0	93	135	0	0	40	153	0	0	120	105	0	0	53	147	31	134	106	0	1	0	10	174	183	73	0	1	0	0	0	0	1	0	2	0	0	
0	0	0	0	0	1	0	0	1	12	0	1	0	27	40	0	11	98	0	4	0	99	70	0	42	126	0	21	35	161	24	0	21	127	113	100	100	150	0	2	0	4	8	0	44	117	0	3	1	1	1	0	44	133	0	3	0	0	0	0	5	23	0	0	
0	0	0	0	2	0	0	0	0	0	0	1	1	115	25	0	0	0	3	0	94	191	1	0	0	1	0	16	199	42	0	2	0	2	0	168	124	0	4	0	2	0	59	212	8	0	1	0	4	0	135	131	0	4	0	0	1	0	20	20	0	1	0	0	
0	0	1	2	0	0	0	0	0	1	0	7	27	2	1	0	1	0	18	135	142	172	0	0	0	5	167	82	135	114	0	3	0	17	158	139	194	1	0	1	0	1	0	48	136	0	3	0	0	2	0	37	148	0	1	0	0	0	2	0	97	35	0	1	
0	0	1	1	0	0	0	0	0	1	0	8	90	61	0	2	2	0	43	206	149	162	1	0	1	0	23	76	65	154	0	1	1	0	70	115	237	174	21	4	0	95	212	137	81	58	121	13	0	56	100	36	0	0	0	0	0	0	0	0	3	3	2	0	
0	0	0	0	0	0	0	0	0	3	0	116	82	0	3	0	0	4	0	145	132	0	3	0	0	3	0	93	186	0	2	0	0	3	0	87	196	0	2	0	0	2	0	44	239	32	0	2	0	0	0	0	168	53	0	2	0	0	0	1	0	0	0	0	
0	0	0	0	0	0	0	0	1	0	17	103	162	137	21	0	2	0	44	137	112	251	77	0	0	0	18	53	142	193	12	0	3	0	70	167	197	122	0	4	0	39	37	0	140	140	0	4	0	93	227	180	143	16	0	1	0	0	40	19	0	1	0	0	
0	0	0	0	0	0	0	0	0	1	0	36	40	0	1	0	0	3	0	95	105	0	3	0	0	3	0	81	119	0	3	0	0	2	0	67	138	0	4	0	0	1	0	34	138	0	2	0	0	1	0	22	115	0	2	0	0	0	0	5	21	0	0	0	
0	0	0	2	1	1	2	0	0	0	1	2	0	23	114	0	0	3	0	79	14	112	99	0	1	0	31	160	45	150	4	0	0	20	167	160	222	88	0	4	0	26	13	123	123	6	0	1	1	0	27	123	0	0	0	0	0	1	2	1	3	1	0	0	
0	0	0	0	0	0	0	0	0	0	0	161	175	17	0	1	0	3	0	111	255	65	0	3	0	1	0	142	255	67	0	3	0	1	0	58	169	106	0	4	0	26	84	5	178	72	0	3	0	12	125	200	130	0	2	0	0	0	0	0	0	1	0	0	
0	0	0	0	2	2	0	0	0	0	0	2	1	0	18	14	0	0	2	0	54	132	150	49	0	0	0	76	89	37	2	0	0	11	19	152	60	0	3	1	0	40	160	139	51	0	2	0	0	0	18	23	0	0	0	0	0	0	0	1	1	0	0	0	
0	0	0	0	0	0	0	0	9	107	136	121	82	12	0	1	14	99	79	67	219	58	0	2	1	0	0	177	219	25	0	1	1	2	5	75	138	235	69	0	0	0	64	6	1	227	103	0	0	0	166	163	195	154	2	0	0	0	8	47	30	0	1	0	
0	0	3	0	52	51	0	2	0	2	0	60	198	32	0	1	1	0	15	165	39	0	2	0	4	0	116	133	64	167	29	0	0	4	148	110	162	172	44	0	0	6	156	203	182	32	0	1	1	0	42	78	26	0	2	0	0	0	0	0	1	2	0	0	
0	0	0	0	0	0	0	0	0	2	0	69	25	0	1	0	0	3	0	112	82	0	3	0	0	3	0	93	120	0	4	0	0	3	0	97	109	0	3	0	0	3	0	96	102	0	3	0	0	2	0	70	118	0	3	0	0	0	0	4	14	0	0	0	
0	0	3	4	0	0	1	0	0	0	0	0	9	13	0	0	2	0	57	132	152	233	51	0	0	28	235	104	49	212	17	0	0	19	40	0	198	68	0	3	0	2	0	129	145	0	3	0	2	0	72	168	0	2	0	0	2	0	97	46	0	2	0	0	
0	0	0	0	0	0	0	0	1	0	17	97	116	12	0	1	2	0	91	57	108	111	0	4	0	0	2	0	52	139	0	9	0	0	47	76	150	186	98	35	0	68	163	105	196	36	0	0	0	24	95	82	27	0	1	1	0	0	0	0	1	2	0	0	
0	0	1	1	0	0	0	0	0	0	0	9	27	63	48	0	1	0	10	153	132	221	43	0	0	0	6	166	170	98	0	2	1	0	14	219	165	0	3	0	0	0	132	159	107	0	4	0	0	5	177	144	15	0	1	0	1	0	29	21	0	1	0	0	
0	0	1	0	17	27	0	1	0	1	0	12	113	41	0	2	0	2	0	98	43	0	1	0	1	0	23	98	56	34	0	1	2	0	57	77	44	91	0	0	2	0	62	65	9	89	0	1	0	0	6	80	87	20	0	1	0	0	0	0	0	1	0	0	
0	0	0	2	0	1	0	0	0	0	0	0	25	6	0	0	0	2	0	79	168	132	0	2	0	0	2	167	109	99	0	1	0	1	0	88	185	0	0	0	0	2	0	82	97	0	3	0	2	0	44	148	1	0	0	0	1	0	94	39	0	1	0	0	
0	1	1	0	0	0	0	0	14	41	0	0	21	94	0	1	21	210	45	0	44	192	0	0	0	140	167	17	166	190	0	2	0	35	250	223	219	207	1	0	0	7	81	12	46	249	33	0	0	0	0	1	0	138	68	0	0	0	4	1	0	0	0	0	
0	0	1	3	0	0	0	0	0	1	3	0	60	190	32	0	1	0	13	161	243	212	83	0	0	0	168	148	98	98	85	0	0	103	148	0	0	107	92	0	0	131	177	39	112	159	17	0	0	2	134	203	109	6	0	1	0	0	0	0	0	2	1	0	
0	0	0	2	0	0	0	0	0	0	1	0	43	45	0	1	0	2	0	67	98	117	1	0	1	0	26	90	68	115	0	3	2	0	51	134	160	14	0	1	0	2	0	115	76	0	2	0	1	0	20	110	0	1	0	0	1	0	25	42	0	1	0	0	
0	0	0	0	2	0	0	0	0	0	0	1	0	99	19	0	0	0	3	0	89	204	2	0	0	1	0	11	205	57	0	2	0	3	0	152	138	0	4	0	3	0	62	202	4	0	0	0	4	0	125	104	0	3	0	0	1	0	19	10	0	0	0	0	
0	0	0	1	20	4	0	0	0	0	2	0	165	44	0	2	0	2	0	88	223	15	0	1	0	5	112	118	173	26	0	1	0	0	2	0	144	32	0	1	0	4	110	147	150	126	25	0	0	19	118	41	12	17	2	0	0	0	0	0	0	0	0	0	
0	0	0	0	0	0	0	0	1	0	54	160	204	120	16	0	0	0	127	99	79	255	92	0	0	2	0	40	214	171	3	0	2	0	90	188	64	1	2	1	0	41	250	116	97	205	146	0	0	5	128	211	168	92	34	0	0	0	0	0	0	0	0	0	
0	0	1	0	1	0	0	0	0	0	1	1	7	27	0	1	2	0	58	24	59	81	0	3	3	0	95	65	114	80	0	3	1	0	12	91	157	42	0	2	0	0	0	2	108	5	0	0	0	1	0	48	110	0	3	0	0	1	0	27	32	0	1	0	
0	0	0	0	0	0	0	0	0	12	64	132	151	84	11	0	0	38	157	139	220	255	124	0	0	4	0	124	245	202	19	0	0	0	0	76	169	210	5	0	0	50	43	0	119	235	10	0	0	138	255	220	204	80	0	2	0	5	48	34	1	0	0	0	
0	0	0	0	0	1	1	0	0	75	169	131	76	33	0	1	0	158	201	218	255	240	58	0	0	0	1	0	8	226	111	0	0	1	1	5	147	182	6	0	1	0	14	222	179	6	0	1	2	0	33	211	211	193	95	0	0	0	0	3	43	39	15	1	
0	0	0	2	3	4	0	0	0	0	0	0	0	0	0	0	7	0	4	58	87	104	5	0	5	0	69	126	141	189	0	0	0	2	0	62	168	16	0	1	2	0	60	189	22	0	2	0	2	0	77	42	0	3	0	0	0	0	0	2	1	0	0	0	
1	2	0	0	1	0	0	0	0	0	14	21	4	1	0	0	23	142	139	124	159	6	0	0	13	33	0	152	221	54	0	1	1	0	9	109	110	132	70	0	0	3	0	53	130	121	132	0	0	0	0	5	95	124	15	0	0	0	0	0	0	0	0	0	
0	0	0	0	0	0	2	0	0	1	0	19	130	94	7	0	0	3	0	83	179	166	141	0	0	4	0	78	244	159	57	0	2	0	72	233	136	0	1	0	0	50	151	170	98	0	6	0	0	87	210	165	24	0	1	0	0	0	55	27	0	1	0	0	
0	0	0	0	77	22	0	1	0	2	0	76	104	0	0	0	0	0	0	131	15	0	1	0	2	0	45	108	0	24	3	0	3	0	65	74	66	163	53	0	2	0	40	146	131	111	6	0	0	0	0	57	68	9	0	1	0	0	0	0	0	2	1	0	
0	0	0	2	0	0	0	0	0	0	0	0	20	11	0	0	0	1	0	86	145	219	29	0	0	1	0	149	176	186	3	0	0	1	0	17	200	46	0	2	0	2	0	134	93	0	3	0	2	0	94	132	0	2	0	0	0	23	105	7	0	0	0	0	
0	0	0	1	0	0	0	0	0	0	0	0	131	116	0	0	0	3	0	112	245	223	44	0	1	0	21	244	64	170	56	0	3	0	106	179	47	216	9	0	4	0	159	167	186	102	0	3	3	0	96	255	134	0	2	0	0	0	5	31	1	1	0	0	
0	0	0	1	2	0	0	0	0	0	0	1	0	26	73	12	0	1	0	11	117	141	100	7	0	2	0	133	123	0	1	0	1	0	32	62	128	18	0	1	0	83	87	98	78	0	1	0	0	36	81	30	0	1	0	0	0	0	0	0	2	0	0	0	
0	0	0	1	16	3	0	0	0	2	0	36	220	34	0	2	0	2	0	180	150	0	3	0	2	0	32	242	77	0	1	0	3	0	60	255	215	162	7	0	2	0	28	234	232	242	36	0	0	1	0	37	136	69	0	2	0	0	1	0	0	0	0	0	
0	0	0	2	0	0	1	0	0	0	4	0	139	117	0	3	0	2	0	98	255	231	26	0	3	0	79	231	57	201	103	0	0	0	211	89	0	190	37	0	0	8	227	152	204	102	0	3	1	0	137	208	94	0	1	0	0	0	0	0	0	1	0	0	
0	0	0	0	1	1	0	0	0	0	7	14	7	0	1	0	0	64	155	153	165	41	0	2	0	5	5	0	125	81	0	5	0	2	71	109	199	152	81	7	0	12	107	65	158	21	0	1	0	0	1	0	93	15	0	1	0	0	3	2	3	1	0	0	
0	0	0	1	0	0	0	0	0	2	0	65	144	0	1	0	1	0	0	209	97	0	3	0	2	0	59	145	39	163	9	0	4	0	124	97	127	187	26	0	3	0	84	219	217	114	0	1	0	1	0	107	105	0	0	0	0	0	1	0	0	2	0	0	
0	0	0	0	0	0	0	0	0	0	0	11	89	1	0	0	0	1	0	31	181	0	0	0	0	2	0	63	175	0	2	0	0	3	0	93	144	0	4	0	0	3	0	101	128	0	4	0	0	4	0	119	90	0	3	0	0	1	0	17	10	0	0	0	
0	0	1	1	0	0	0	0	0	1	0	31	84	103	52	0	1	0	29	173	154	194	17	0	1	0	13	158	179	74	0	2	0	0	0	152	200	16	0	1	4	0	136	121	135	48	0	2	3	0	119	169	85	0	1	0	0	0	0	7	1	0	0	0	
0	0	2	2	0	0	0	0	0	0	0	0	10	5	0	0	1	0	51	103	167	43	0	2	0	0	72	29	111	26	0	1	0	0	0	7	119	2	0	0	0	1	0	30	106	0	3	0	0	2	0	69	90	0	3	0	0	2	0	76	47	0	2	0	
0	0	0	1	0	0	0	0	0	1	0	12	83	37	0	1	0	0	6	112	155	122	0	3	1	0	23	153	150	61	0	2	0	1	0	34	183	14	0	1	0	3	0	81	109	0	3	0	1	0	16	155	20	0	1	0	1	0	32	60	0	2	0	0	
0	0	0	0	0	0	0	0	0	18	51	47	21	0	1	0	0	19	114	109	169	31	0	1	0	2	0	52	111	0	1	0	0	2	0	134	128	55	0	1	0	0	2	0	77	141	0	3	0	0	0	28	129	35	0	1	0	1	0	62	38	0	1	0	
0	0	2	2	0	0	0	0	0	0	0	7	32	4	0	0	1	0	25	142	152	167	0	0	1	0	165	83	144	139	0	4	0	0	150	133	157	61	0	2	0	0	0	17	149	5	0	0	0	2	0	123	97	0	3	0	1	0	15	136	9	0	0	0	
0	0	2	0	0	0	0	0	0	1	0	37	110	34	0	1	1	0	87	116	191	136	0	2	1	0	122	70	81	41	0	2	1	0	0	169	136	0	2	0	3	0	76	85	78	74	0	3	3	0	64	109	107	54	0	2	0	0	0	51	39	0	1	0	
0	0	0	1	1	0	0	0	0	0	1	0	5	63	95	28	0	0	3	0	104	190	153	49	3	0	80	149	0	2	0	0	2	0	54	171	102	0	6	2	0	12	31	71	186	0	0	0	0	44	200	157	49	0	2	0	0	0	0	0	0	0	0	0	
0	0	0	0	0	0	0	0	1	0	19	115	16	0	1	0	3	0	72	184	87	0	3	0	2	0	36	148	141	0	1	0	0	0	2	0	111	39	0	1	0	0	7	4	83	77	0	3	1	0	9	106	168	59	0	3	0	0	0	4	44	4	0	0	
0	0	0	0	0	0	0	0	2	0	8	94	147	105	19	0	8	4	18	171	238	253	56	0	1	0	8	186	200	27	0	1	0	0	5	44	135	75	0	2	0	24	47	0	129	146	0	4	0	47	220	192	152	18	0	1	0	0	31	15	0	1	0	0	
0	0	0	3	6	0	0	0	1	0	56	117	120	20	0	1	0	0	19	7	130	33	0	1	0	0	0	117	171	60	0	2	0	0	1	10	5	110	1	0	0	1	66	5	68	117	0	2	2	0	95	159	125	21	0	1	0	0	0	5	0	1	0	0	
0	0	2	1	0	0	0	0	0	2	0	37	139	148	29	0	3	0	89	252	241	253	107	0	0	23	236	98	0	168	118	0	0	110	162	0	0	147	122	0	0	137	135	0	36	216	61	0	0	74	241	181	208	89	0	1	0	2	45	64	29	0	1	0	
0	2	1	0	0	3	1	0	0	0	2	6	9	0	0	0	0	72	202	177	201	157	26	0	0	49	175	49	6	195	91	0	0	0	9	0	54	174	0	0	0	2	2	0	178	67	0	3	0	3	0	103	200	0	1	0	0	3	0	126	141	0	1	0	
0	0	0	2	2	0	0	0	0	0	1	0	4	14	0	0	0	1	0	29	118	56	8	7	1	0	28	183	163	39	27	0	1	0	7	130	172	104	47	0	0	2	0	103	41	0	5	1	2	0	47	97	0	5	1	0	1	0	60	18	0	0	0	0	
0	1	2	0	0	2	0	0	0	0	3	32	10	0	8	0	0	15	119	135	18	91	130	0	0	60	153	53	129	211	21	0	1	0	59	82	179	82	0	3	0	1	0	26	143	0	1	0	0	3	0	116	99	0	3	0	0	2	0	71	60	0	2	0	
0	0	1	2	0	0	0	0	0	1	0	13	73	51	51	3	2	0	33	145	132	255	137	0	3	0	75	140	124	194	0	0	0	3	0	155	235	16	0	2	2	0	70	138	120	7	0	0	0	1	189	144	103	0	2	0	0	0	91	103	10	0	1	0	
0	0	1	0	0	0	1	0	0	0	4	100	108	33	0	1	3	0	129	255	224	244	45	0	0	23	235	133	0	116	145	0	0	80	195	0	0	18	167	4	0	45	234	72	0	71	166	0	2	0	81	200	177	184	32	0	0	1	0	8	60	26	0	1	
0	0	1	3	0	0	0	0	0	0	0	0	20	9	0	0	0	0	4	87	150	153	0	1	4	0	99	99	100	138	0	4	3	0	64	125	191	51	0	2	0	2	0	66	121	0	2	0	1	0	25	151	17	0	1	0	2	0	68	71	0	3	0	0	
0	0	0	0	0	0	0	0	0	0	21	0	62	88	0	2	0	26	186	0	124	190	0	3	0	52	241	88	193	158	0	4	0	43	205	203	245	139	0	4	0	0	4	0	161	187	0	3	0	1	4	0	186	147	0	3	0	0	1	0	24	14	0	1	
0	0	0	0	1	0	0	0	0	0	1	0	15	165	15	0	0	0	4	0	123	160	0	3	0	1	0	38	200	20	0	1	0	3	0	169	106	0	3	0	3	0	67	188	0	1	0	0	4	0	109	139	0	3	0	0	0	0	0	1	0	0	0	0	
0	1	1	0	0	0	1	0	1	0	47	20	0	48	9	0	0	36	205	29	0	165	91	0	0	170	82	0	0	104	155	0	0	183	144	136	156	199	174	0	0	23	100	88	45	113	109	0	0	0	0	1	0	21	25	0	0	1	4	3	2	1	0	0	
0	0	0	2	2	1	0	0	0	0	1	2	0	41	20	0	0	1	0	35	50	158	11	0	2	0	46	158	145	47	0	2	3	0	88	206	176	56	0	1	1	0	17	129	9	3	0	0	4	0	99	72	0	3	0	0	1	0	42	19	0	1	0	0	
0	0	0	2	1	1	0	0	0	1	0	1	166	137	0	3	0	2	0	151	149	25	2	0	2	0	44	212	73	22	0	1	4	0	105	245	138	195	8	0	4	0	109	185	96	171	0	1	1	0	14	143	176	27	0	1	0	0	0	0	0	1	0	0	
0	0	1	1	0	0	1	0	0	1	0	8	119	65	0	2	1	0	16	210	255	242	38	0	3	0	129	242	196	184	139	0	0	60	255	94	0	120	166	0	0	169	130	18	78	189	30	0	0	113	196	155	155	22	0	1	0	2	57	57	4	1	2	0	
0	0	1	0	0	1	0	0	0	2	0	83	36	0	48	0	1	0	16	181	9	46	143	0	3	0	127	91	0	136	76	0	0	55	169	31	114	180	3	0	0	45	175	130	181	93	0	3	0	0	6	0	129	44	0	2	0	1	1	1	23	6	0	0	
0	0	0	0	2	3	2	0	0	0	1	2	0	0	0	1	0	0	0	3	47	93	152	65	1	0	25	180	139	59	37	5	1	0	4	172	61	0	2	0	0	51	102	129	47	0	3	0	0	8	82	48	0	1	0	0	0	0	0	0	1	0	0	0	
0	0	1	0	16	60	0	1	0	0	2	0	161	104	0	3	0	3	0	106	142	0	2	0	2	0	37	228	112	94	12	0	4	0	162	134	38	204	49	0	3	0	160	145	144	104	0	1	1	0	19	93	47	0	1	0	0	0	1	0	0	3	0	0	
0	0	0	0	0	0	0	0	0	0	2	27	26	23	0	0	0	1	0	13	155	88	0	0	0	3	0	72	184	0	2	0	0	4	0	149	132	0	4	0	0	0	0	175	44	17	2	0	2	0	39	138	0	2	0	0	0	0	11	17	0	1	0	0	
0	1	0	3	7	0	2	0	1	0	38	118	154	50	0	2	0	43	149	16	55	146	78	0	0	119	39	0	2	0	111	33	0	110	45	0	6	0	67	54	0	39	146	25	0	7	116	33	1	0	39	117	115	123	60	0	0	1	1	0	8	3	0	1	
0	0	1	0	0	0	0	0	0	2	0	80	154	58	0	2	2	0	51	240	255	191	0	1	3	0	85	232	80	228	39	0	2	0	176	110	5	233	45	0	0	0	202	72	75	204	1	0	2	0	96	236	240	109	0	3	0	0	0	37	25	0	1	0	
0	0	0	6	12	0	0	0	0	0	0	158	148	0	3	0	3	0	56	234	123	0	4	0	0	3	0	84	117	0	3	0	0	3	0	98	87	15	8	0	0	2	0	170	219	160	4	0	1	0	9	130	115	15	0	1	0	0	0	0	0	1	0	0	
0	0	0	3	4	3	1	0	0	0	0	0	0	0	0	0	0	0	2	78	143	172	36	0	0	1	131	173	106	202	29	0	0	3	14	0	136	50	0	2	0	1	0	139	83	0	3	0	3	0	86	116	0	3	0	0	0	23	119	3	1	0	0	0	
0	0	0	0	0	0	0	0	0	2	0	65	56	0	2	0	0	2	0	67	114	0	3	0	0	2	0	52	126	0	3	0	0	3	0	72	123	0	3	0	0	4	0	118	94	0	3	0	0	3	0	99	45	0	2	0	0	0	0	0	0	0	0	0	
0	0	1	0	61	18	0	1	0	0	0	3	166	25	0	1	0	3	0	98	102	0	3	0	1	0	22	148	121	177	40	0	3	0	103	171	101	116	36	0	4	0	120	243	172	91	0	2	1	0	15	80	45	0	1	0	0	0	1	0	0	2	0	0	
0	0	0	0	0	0	0	0	2	0	66	158	67	0	1	0	1	0	84	164	201	0	0	0	1	0	12	159	208	11	0	1	1	0	26	34	153	125	0	4	1	0	17	0	109	158	0	4	3	0	71	200	165	24	0	1	0	0	6	54	16	0	1	0	
0	0	0	1	0	0	0	0	0	0	0	7	111	105	1	0	0	4	0	102	255	230	17	0	2	0	46	202	104	192	27	0	0	0	175	59	0	158	55	0	0	51	163	0	86	163	1	0	0	5	171	197	157	24	0	1	1	0	12	42	5	0	1	0	
0	0	0	0	0	0	0	0	0	7	83	142	141	21	0	1	0	80	143	33	174	103	0	4	0	3	0	53	199	19	0	2	1	0	21	165	45	0	2	0	4	0	94	167	19	37	53	10	1	0	8	128	156	129	79	9	0	0	0	0	0	0	0	0	
0	0	0	0	1	0	0	0	0	0	2	0	45	110	0	2	0	0	1	0	200	121	0	3	0	2	0	62	203	3	0	1	0	2	0	168	93	0	3	0	2	0	42	197	7	0	1	0	4	0	100	130	0	4	0	0	1	0	20	24	0	1	0	0	
0	0	0	0	0	0	0	0	0	0	3	0	114	79	0	3	0	0	4	0	168	140	0	4	0	1	0	10	231	82	0	3	0	3	0	100	230	9	0	1	1	0	19	230	89	0	3	0	3	0	92	143	0	1	0	0	0	0	0	0	2	0	0	0	
0	0	0	3	3	0	0	0	0	0	1	0	0	5	1	0	0	0	3	90	166	217	35	0	0	15	155	154	172	196	0	0	0	9	15	25	154	18	0	1	1	0	1	174	69	0	3	0	2	0	147	110	0	4	0	0	0	23	115	0	2	0	0	0	
0	0	0	3	11	2	0	0	1	0	7	129	137	36	0	2	3	0	81	156	9	143	9	0	1	0	27	139	135	186	17	0	2	0	89	27	0	98	33	0	3	0	133	99	17	161	19	0	1	0	23	144	160	72	0	2	0	0	0	0	1	0	0	0	
0	0	1	1	0	0	0	0	0	1	0	22	145	143	15	0	1	0	8	200	230	182	40	0	3	0	76	235	24	171	41	0	1	0	160	74	6	181	7	0	0	32	185	9	135	140	0	3	0	6	171	250	181	7	0	1	0	0	7	44	9	0	0	0	
0	0	0	20	14	0	1	0	3	0	74	252	209	42	0	2	3	0	79	118	72	183	0	0	0	0	0	3	0	143	43	0	0	0	114	192	174	210	53	0	0	32	250	176	205	248	82	0	0	8	120	144	147	50	0	2	0	0	0	0	0	1	1	0	
0	0	2	0	48	21	0	1	0	1	0	18	165	14	0	1	0	2	0	139	74	13	4	0	2	0	66	133	98	185	78	0	1	0	133	79	127	75	90	0	0	1	169	154	178	114	7	0	1	0	42	93	27	0	1	0	0	0	0	0	0	2	1	0	
0	0	0	0	0	1	0	0	1	23	19	22	34	9	0	0	1	109	138	109	124	129	4	0	0	0	1	0	19	151	0	0	0	2	4	0	104	102	0	3	0	1	0	7	165	19	0	1	0	3	0	78	137	0	3	0	0	3	0	75	116	0	2	0	
0	0	0	1	0	0	0	0	0	2	0	61	128	59	33	0	0	0	2	142	75	230	63	0	0	3	0	125	225	87	0	1	1	0	26	113	150	12	0	1	2	0	117	31	108	35	0	1	0	14	162	111	80	0	2	0	0	0	41	39	0	1	0	0	
0	0	0	0	0	0	0	0	4	47	89	59	4	1	0	0	25	108	83	203	103	0	5	0	1	0	5	151	177	39	0	2	1	3	4	0	44	171	33	0	0	0	0	3	0	71	110	0	0	1	0	52	74	126	84	0	0	1	0	19	64	67	4	0	
0	0	2	2	0	1	1	0	0	0	0	3	31	14	0	0	2	0	33	173	164	202	49	0	2	0	155	105	70	205	21	0	1	0	136	142	214	80	0	3	0	1	0	128	156	0	2	0	1	0	27	150	20	0	1	0	3	0	107	64	0	3	0	0	
0	0	0	2	1	1	1	0	2	0	36	175	176	22	0	1	1	0	163	165	149	176	21	0	0	37	173	12	0	104	133	0	0	57	158	0	0	50	145	0	0	21	191	11	0	157	89	0	2	0	132	133	147	115	0	1	0	0	0	13	10	0	1	0	
0	0	1	1	0	1	0	0	0	1	2	0	0	7	64	6	0	3	7	142	4	80	184	0	0	3	142	103	3	194	42	0	0	84	218	101	197	125	0	3	0	11	0	107	126	0	2	0	2	0	51	135	0	1	0	0	2	0	45	33	0	1	0	0	
0	0	2	0	24	89	0	0	0	2	0	31	176	110	0	1	2	0	34	193	52	0	2	0	3	0	161	102	4	101	29	0	0	0	201	135	84	200	72	0	3	0	131	246	168	130	5	0	0	0	0	55	67	0	0	0	0	0	1	0	0	2	1	0	
0	0	1	4	4	4	1	0	0	1	0	0	0	0	0	0	1	0	19	97	178	165	36	0	0	87	198	189	132	242	56	0	0	24	18	0	94	126	0	2	0	2	0	91	168	0	1	0	2	0	75	150	10	0	1	0	0	46	111	7	0	1	0	0	
0	0	0	0	0	0	0	0	0	0	3	1	8	50	0	1	3	0	76	34	15	110	0	2	3	0	97	35	40	108	0	3	3	0	124	135	134	90	0	4	0	0	13	0	61	87	0	3	0	0	2	0	56	82	0	3	0	0	1	0	8	13	0	0	
0	0	1	0	27	22	0	1	0	1	0	19	193	48	0	2	0	2	0	152	95	0	3	0	2	0	59	167	145	175	4	0	4	0	129	146	114	134	47	0	3	0	143	169	189	76	1	0	2	0	58	149	81	0	0	0	0	0	0	0	0	2	0	0	
0	0	1	1	0	0	0	0	0	1	0	26	122	89	0	1	3	0	74	171	49	167	32	0	3	0	62	174	83	117	0	1	0	3	0	137	217	0	0	1	2	0	39	178	155	0	3	0	4	0	146	198	70	0	2	0	1	0	25	44	0	0	0	0	
0	0	1	1	0	0	0	0	0	2	0	52	218	89	0	3	1	0	20	224	221	208	5	0	4	0	135	195	21	202	16	0	0	0	211	63	0	158	21	0	0	16	219	66	141	140	0	2	0	0	162	222	166	13	0	1	0	0	0	0	0	1	0	0	
0	0	3	3	0	0	0	0	0	0	0	0	14	12	0	0	2	0	70	135	188	152	0	3	1	0	63	41	119	99	0	3	0	0	0	4	167	21	0	1	0	2	0	70	145	0	3	0	0	3	0	131	72	0	2	0	0	2	0	108	48	0	2	0	
0	0	1	0	0	0	0	0	0	1	0	49	93	60	54	0	1	0	32	171	92	212	82	0	1	0	22	148	103	137	0	0	0	1	0	181	213	0	0	1	2	0	112	118	160	6	0	0	0	0	178	158	75	0	2	0	1	0	29	41	0	1	0	0	
0	0	0	0	0	0	0	0	1	0	24	132	105	2	0	0	2	0	87	81	161	28	0	1	0	1	0	127	188	7	0	1	0	0	8	55	98	120	0	3	0	0	3	0	76	144	0	4	2	0	38	157	162	41	0	2	1	0	9	62	18	0	1	0	
0	0	0	0	1	0	0	0	0	0	2	0	53	62	0	2	0	0	4	0	142	117	0	4	0	0	1	0	167	32	0	1	0	2	0	70	155	0	3	0	0	0	0	151	49	0	2	0	3	0	78	101	0	2	0	0	1	0	22	8	0	0	0	0	
0	0	1	2	0	0	0	0	0	0	0	1	48	79	11	0	1	0	8	171	167	86	7	0	1	0	34	183	0	0	0	0	1	0	17	165	33	0	1	0	0	1	0	94	193	67	0	3	0	0	3	0	80	118	0	4	0	0	1	0	35	37	0	1	
0	0	0	2	4	4	1	0	0	3	1	0	0	0	0	0	0	0	3	46	111	178	87	0	6	105	177	164	95	211	66	0	11	74	36	0	67	125	0	2	0	1	0	22	178	24	0	1	0	5	0	143	102	0	3	0	0	1	0	82	21	0	1	0	
0	0	0	0	0	0	0	0	0	2	0	59	67	0	2	0	0	3	0	89	117	0	4	0	0	3	0	89	111	0	3	0	0	3	0	103	93	0	3	0	0	3	0	107	94	0	3	0	0	2	0	68	88	0	3	0	0	0	0	0	0	0	0	0	
0	0	3	4	1	0	0	0	0	0	0	0	5	9	0	0	0	6	90	149	157	197	16	0	0	20	124	72	43	165	2	0	0	0	2	0	120	64	0	2	0	3	0	63	136	0	2	0	1	0	9	153	30	0	1	0	2	0	41	94	0	3	0	0	
0	0	0	0	0	0	0	0	0	1	0	88	15	0	0	0	0	3	0	142	45	0	2	0	0	4	0	119	87	0	3	0	0	3	0	73	124	0	3	0	0	1	0	35	180	0	0	0	0	0	1	0	119	24	0	1	0	0	0	0	1	1	0	0	
0	0	0	0	0	5	1	0	0	0	3	0	80	157	0	1	0	0	1	0	203	92	0	3	0	3	0	91	205	0	0	0	1	0	0	196	117	0	3	0	2	0	34	240	39	0	2	0	2	0	54	164	1	0	0	0	0	0	0	0	1	0	0	0	
0	0	2	0	28	6	0	0	0	2	0	63	201	49	0	2	2	0	38	161	20	9	0	0	4	0	130	129	52	7	0	0	4	0	148	171	120	172	7	0	4	0	117	117	95	213	13	0	0	0	0	95	146	21	0	1	0	0	0	0	0	1	1	0	
0	0	0	0	0	0	0	0	1	0	14	124	207	157	4	0	1	0	26	68	66	224	23	0	0	2	0	35	212	159	0	4	1	0	16	135	117	142	0	3	0	31	33	28	145	124	0	3	0	141	167	147	117	5	0	1	0	0	0	0	0	1	0	0	
0	1	0	0	0	0	2	0	0	0	107	121	59	43	0	1	0	83	133	71	92	145	85	0	0	133	50	0	0	10	151	18	0	106	104	0	6	0	121	58	0	8	159	112	40	65	158	19	1	0	13	112	134	122	41	0	0	1	2	0	0	0	1	1	
0	0	0	0	0	0	0	0	1	0	36	62	3	0	0	0	0	6	82	180	112	0	6	0	1	0	14	134	66	0	2	1	1	0	182	122	71	119	142	92	1	0	52	147	143	74	39	7	0	0	0	0	0	0	0	0	0	0	2	4	4	3	1	0	
0	0	2	1	0	1	0	0	0	1	0	34	62	0	1	0	2	0	56	158	167	126	0	3	0	1	175	42	176	145	0	4	0	3	181	147	115	105	0	4	1	0	25	10	53	139	0	3	0	0	1	0	21	161	4	0	0	0	1	2	0	59	12	0	
0	0	0	0	0	0	0	0	0	17	43	84	94	80	11	0	0	95	226	172	138	232	142	0	1	0	68	75	100	216	99	0	1	0	139	202	237	153	0	3	3	25	3	0	9	189	24	0	15	196	198	144	185	133	0	0	0	21	81	82	37	1	0	0	
0	0	0	0	0	0	0	0	0	0	0	1	91	7	0	0	0	1	0	25	162	0	0	0	0	2	0	61	159	0	3	0	0	2	0	69	148	0	4	0	0	3	0	81	134	0	4	0	0	2	0	52	68	0	2	0	0	0	0	0	0	0	0	0	
0	0	0	0	1	0	0	0	0	0	3	0	101	140	0	3	0	0	2	0	193	103	0	3	0	3	0	69	241	22	0	1	0	1	0	177	166	0	2	0	2	0	124	220	12	0	1	0	0	2	177	59	0	2	0	0	0	0	0	1	1	0	0	0	
0	1	4	1	0	1	3	0	0	1	0	12	63	11	0	1	0	8	103	233	233	185	105	0	0	89	255	131	10	26	216	48	0	141	144	0	0	41	194	18	0	130	159	39	98	218	75	0	0	7	132	183	160	50	0	2	0	1	0	0	0	0	2	0	
0	0	0	3	0	0	0	0	0	0	2	1	0	26	69	0	0	0	4	89	0	136	69	0	0	0	154	145	43	166	2	0	0	14	161	130	203	111	0	3	0	2	0	44	133	0	0	0	0	0	4	123	28	0	1	0	0	0	7	22	0	1	0	0	
0	0	2	3	0	1	0	0	0	0	0	1	16	2	0	0	1	0	26	153	179	111	0	3	1	0	182	106	113	175	0	3	1	0	148	163	201	141	0	4	0	0	8	0	147	68	0	3	0	1	0	13	159	7	0	0	0	0	0	15	62	0	1	0	
0	0	0	0	0	0	0	0	0	0	50	105	95	81	15	0	0	54	213	137	188	252	35	0	0	7	0	89	212	86	0	2	0	19	168	162	32	4	70	13	0	120	250	158	191	211	163	13	0	5	59	98	56	20	0	0	0	0	0	0	0	0	2	1	
0	0	1	0	5	3	0	0	0	1	0	14	147	110	0	1	1	0	22	207	71	86	51	0	3	0	116	130	0	58	95	0	0	8	142	8	0	89	95	0	1	0	141	35	18	145	26	0	2	0	54	156	140	55	0	2	0	0	0	3	1	1	1	0	
0	0	1	3	0	0	0	0	0	1	3	0	102	199	53	0	1	0	4	155	255	255	151	0	1	0	177	194	52	95	161	0	0	106	178	0	0	160	119	0	0	162	178	53	173	163	0	0	0	38	210	216	93	0	1	0	0	0	0	0	0	2	1	0	
0	0	0	0	0	1	0	0	0	20	65	108	59	5	0	0	0	194	248	217	250	141	0	3	0	43	18	0	24	191	10	0	0	1	0	11	81	223	76	0	1	2	1	185	255	229	156	0	2	0	47	255	181	14	0	1	0	0	5	32	4	0	1	0	
0	1	1	0	0	0	0	0	1	0	18	143	236	160	45	15	0	3	205	211	96	86	151	61	0	117	188	0	2	0	164	60	0	158	142	0	0	24	199	21	0	82	248	97	53	200	142	0	0	0	155	230	185	102	4	0	0	1	0	0	0	0	1	0	
0	1	0	89	68	0	1	0	0	1	0	54	138	50	0	2	0	0	3	0	73	128	0	4	0	1	3	0	161	94	0	3	0	1	0	129	164	0	1	0	0	38	203	243	146	150	30	0	0	22	56	13	83	70	0	0	0	0	0	0	0	0	0	0	
0	1	3	4	2	3	2	0	0	0	0	0	0	0	0	0	0	16	93	146	157	176	54	0	0	61	150	79	49	218	61	0	0	0	1	0	142	109	0	3	0	1	0	142	132	0	2	0	2	0	125	125	0	3	0	0	0	34	156	0	3	1	0	0	
0	0	0	0	0	0	0	0	0	0	0	14	65	0	1	0	0	1	0	24	129	0	2	0	0	1	0	42	129	0	3	0	0	3	0	77	81	0	3	0	0	3	0	90	56	0	2	0	0	0	0	117	16	0	1	0	0	0	3	25	0	0	0	0	
0	0	0	0	0	0	0	0	0	1	0	37	104	153	36	0	1	0	19	162	169	122	14	0	0	1	0	169	152	0	2	0	1	0	9	153	185	33	0	1	4	0	110	104	149	46	0	2	3	0	124	177	83	0	2	0	0	0	1	7	0	1	0	0	
0	0	1	0	16	48	1	0	0	2	0	58	180	123	0	0	1	0	25	209	42	0	2	0	4	0	118	129	0	4	0	0	4	0	138	197	158	114	0	0	3	0	62	204	77	213	41	0	0	2	0	55	143	87	0	0	0	0	1	1	0	0	0	0	
0	0	0	1	2	2	1	0	0	0	1	2	2	0	76	52	0	2	0	36	36	64	151	7	1	0	20	154	87	142	16	0	0	23	224	102	177	92	0	4	0	17	75	196	135	26	0	1	2	0	55	93	0	2	0	0	0	0	14	8	2	2	0	0	
0	0	0	0	0	0	0	0	0	1	0	8	157	24	0	1	0	2	0	44	216	8	0	1	0	3	0	111	216	0	0	0	0	4	0	164	188	0	2	0	0	4	0	140	204	0	2	0	0	3	0	98	166	0	1	0	0	0	0	0	0	0	0	0	
0	0	0	2	2	37	3	0	0	0	2	0	133	168	0	1	0	2	0	107	178	8	0	1	2	0	48	244	181	79	0	2	4	0	109	255	133	122	1	0	3	0	174	236	164	41	0	2	2	0	38	134	103	0	2	0	0	0	0	0	0	1	0	0	
0	0	0	0	0	1	0	0	2	0	77	95	25	0	1	0	2	0	67	110	198	108	0	4	0	3	0	88	188	29	0	2	0	2	0	52	169	45	0	2	0	0	2	0	118	167	0	3	0	0	95	173	136	21	0	1	0	3	25	6	0	0	0	0	
0	0	0	2	0	1	0	0	0	1	2	4	4	20	47	0	0	2	0	141	71	143	99	0	0	1	149	153	84	134	0	1	0	20	184	164	226	159	50	0	0	1	0	153	101	16	10	0	3	0	95	125	0	3	0	0	1	0	59	17	0	2	0	0	
0	0	0	0	0	0	0	0	0	2	0	103	154	0	1	0	0	3	0	136	133	0	4	0	0	2	0	63	169	0	1	0	0	0	1	0	182	39	0	2	0	1	0	57	202	17	0	1	2	0	61	185	78	0	2	0	0	0	5	2	0	1	0	0	
0	0	0	2	0	1	0	0	0	0	0	2	17	0	0	0	0	1	0	73	189	91	0	3	1	0	28	174	177	114	0	4	0	0	5	42	165	37	0	2	0	1	0	36	146	0	1	0	0	3	0	122	87	0	3	0	0	0	4	105	9	0	0	0	
0	0	0	1	1	0	0	0	0	27	176	28	0	2	0	0	0	0	201	196	0	1	0	0	1	0	19	225	157	0	2	0	0	2	0	42	249	76	0	3	0	0	4	0	136	220	9	0	0	0	1	0	21	200	51	0	0	0	0	0	1	0	0	0	
0	0	0	0	0	0	0	0	1	0	22	142	191	156	22	0	2	0	62	97	83	236	40	0	1	2	1	96	199	74	0	2	1	0	12	115	215	47	0	2	22	61	6	24	219	66	0	3	32	173	176	175	71	0	1	0	0	1	6	2	0	0	0	0	
0	0	0	0	0	0	0	0	1	0	48	130	82	0	1	0	0	6	98	42	154	10	0	0	0	2	0	97	161	0	0	0	0	0	5	124	141	115	0	1	0	0	0	0	0	128	14	0	0	1	0	106	164	97	0	2	0	1	0	17	44	2	0	0	
0	0	0	0	0	0	0	0	0	1	0	36	143	66	0	1	0	2	0	153	175	214	6	0	0	3	0	98	223	98	0	3	0	3	0	118	214	0	0	1	2	0	38	255	115	0	3	0	4	0	121	217	13	0	1	0	1	0	17	25	0	1	0	0	
0	0	0	0	0	3	1	0	0	1	0	22	135	166	11	0	1	0	7	210	140	11	1	0	0	2	0	91	183	38	0	2	0	13	90	8	48	198	29	0	0	33	235	82	24	190	45	0	2	0	43	163	171	59	0	2	0	1	0	0	0	0	1	0	
0	0	0	2	1	0	0	0	0	0	2	2	0	67	51	0	0	1	0	63	34	171	22	0	2	0	77	153	88	102	0	3	3	0	169	151	193	190	18	0	1	0	15	165	171	31	0	1	0	0	0	115	21	0	1	0	0	0	6	26	0	3	0	0	
0	0	0	0	1	1	0	0	2	0	53	113	43	0	2	0	0	0	7	49	167	22	0	1	0	0	4	0	106	79	0	3	0	0	4	0	133	40	0	2	0	2	0	72	111	0	2	0	2	0	74	154	5	0	1	0	0	0	44	18	0	1	0	0	
0	0	0	2	4	1	0	0	0	0	1	0	0	7	6	0	0	0	0	59	131	225	54	0	2	0	120	175	212	177	0	1	0	4	8	52	162	10	0	1	1	0	28	170	30	0	2	0	0	0	158	62	0	3	0	0	0	54	71	0	3	0	0	0	
0	0	1	0	0	1	0	0	1	0	20	54	0	6	2	0	3	0	85	94	0	98	10	0	4	0	135	55	44	93	0	3	2	0	38	146	183	112	50	0	0	2	0	50	151	61	23	0	0	2	0	79	59	0	2	0	0	1	0	20	8	1	1	0	
0	2	3	0	0	1	0	0	0	0	0	6	27	3	0	0	0	56	164	150	157	129	0	4	0	68	79	23	177	84	0	3	1	0	17	165	76	29	83	12	2	0	145	205	115	141	79	2	0	0	4	7	6	0	0	0	0	0	0	0	0	3	3	0	
0	0	0	0	0	0	0	0	1	0	15	86	99	41	0	1	3	0	118	74	12	112	7	0	1	0	17	99	115	36	0	1	0	2	0	73	142	20	0	1	0	0	13	95	14	114	0	0	0	1	0	90	78	100	3	0	0	1	0	13	56	13	0	1	
0	0	0	1	3	3	0	0	0	0	1	1	0	0	9	10	0	1	0	21	90	127	145	53	2	0	126	121	64	37	5	0	1	0	60	143	83	0	2	1	0	56	104	120	136	0	3	0	0	2	90	82	2	0	0	0	0	0	0	0	1	0	0	0	
0	0	0	0	5	2	2	0	1	0	4	134	183	128	6	0	2	0	46	133	0	60	126	15	0	0	16	54	93	160	63	0	0	1	0	158	177	7	0	1	0	3	164	181	131	0	4	0	0	15	194	169	51	0	1	0	0	0	1	1	0	0	0	0	
0	0	1	0	38	11	0	0	0	2	0	56	206	18	0	1	0	2	0	174	74	0	2	0	1	0	34	163	78	150	0	0	4	0	85	214	217	185	0	1	2	0	46	251	231	63	0	3	0	1	0	83	54	0	2	0	0	0	1	0	0	2	0	0	
0	0	0	1	0	0	0	0	0	1	0	45	112	13	0	1	1	0	17	125	89	98	0	3	1	0	27	41	46	89	0	3	0	4	75	94	194	70	0	3	0	11	53	108	145	0	2	0	0	2	0	121	34	0	1	0	0	0	4	19	1	0	0	0	
0	0	0	0	0	0	0	0	0	16	96	150	141	101	0	0	0	94	152	53	108	221	6	0	0	0	1	80	245	101	0	3	3	0	114	166	99	167	4	0	0	1	4	0	17	198	17	0	0	0	126	154	192	97	0	2	1	0	30	70	37	0	1	0	
0	0	0	2	0	0	0	0	0	0	4	0	73	31	0	1	0	2	0	94	219	16	0	1	0	1	104	158	164	0	7	2	0	82	212	143	195	119	115	2	0	2	17	148	167	35	12	0	0	3	0	81	85	0	3	0	0	0	0	13	12	0	1	0	
0	0	2	0	54	95	0	1	0	2	0	40	195	68	0	2	0	2	0	163	71	0	2	0	3	0	75	140	5	81	8	0	3	0	147	52	147	244	39	0	3	0	135	188	217	89	0	1	1	0	19	89	47	0	0	0	0	0	1	0	0	2	0	0	
0	0	0	0	0	0	0	0	0	1	0	29	141	0	0	0	0	1	0	26	187	3	0	0	0	1	0	36	144	0	2	0	0	3	0	96	120	0	4	0	0	2	0	185	77	0	3	0	1	0	6	180	62	0	2	0	0	0	0	0	0	0	0	0	
0	0	1	1	0	0	0	0	0	0	0	8	32	2	0	0	0	0	4	109	114	89	0	2	3	0	74	124	115	84	0	3	1	0	16	98	177	7	0	1	0	3	0	85	83	0	3	0	1	0	24	117	5	0	0	0	1	0	55	26	0	1	0	0	
0	1	2	0	1	3	0	0	0	0	2	24	16	0	0	0	0	14	131	99	62	101	33	0	0	75	173	83	131	176	5	0	0	0	64	42	73	107	0	4	0	0	2	0	139	44	0	2	0	1	0	37	147	0	1	0	0	1	0	27	102	0	1	0	
0	0	1	0	20	68	0	1	0	0	0	1	172	96	0	3	0	3	0	137	141	0	2	0	2	0	52	185	63	155	31	0	4	0	134	126	154	164	64	0	4	0	143	215	219	72	0	2	1	0	25	87	62	4	0	0	0	0	0	0	0	1	0	0	
0	0	3	1	0	0	2	1	0	2	0	17	48	45	8	0	2	0	79	168	131	124	148	18	0	53	171	10	0	0	163	43	0	137	64	0	0	84	123	0	0	128	101	26	105	154	12	0	0	20	118	120	85	7	0	1	0	0	0	0	0	2	1	0	
0	0	0	0	1	2	0	0	0	2	0	77	177	174	46	0	0	2	0	85	56	206	74	0	1	0	21	78	184	144	0	1	2	0	42	119	174	117	0	4	8	57	27	34	174	101	0	3	0	142	205	176	74	0	1	0	0	1	1	0	0	1	0	0	
0	0	3	2	0	2	0	0	0	2	4	0	0	0	0	0	0	36	133	31	15	56	10	0	0	36	153	61	83	146	28	0	0	10	106	1	0	96	23	0	0	0	10	5	0	105	23	0	0	0	0	1	0	127	23	0	0	0	1	0	5	87	0	0	
0	1	1	0	0	0	0	0	0	0	14	60	87	39	0	0	0	45	157	147	104	217	72	0	0	21	23	0	99	163	14	0	1	0	42	165	137	30	57	30	0	21	224	217	125	141	110	29	0	4	25	39	9	0	0	0	0	0	0	0	0	2	4	1	
0	0	2	1	2	1	0	0	0	2	0	67	64	0	6	0	2	0	60	145	40	114	5	0	3	0	96	149	197	60	0	3	0	2	0	40	193	73	0	3	0	3	0	91	137	92	0	4	0	3	0	85	154	8	0	1	0	0	0	2	4	0	0	0	
0	0	0	0	0	0	0	0	0	1	0	65	163	151	74	0	2	0	59	175	125	255	103	0	0	2	0	56	169	80	0	2	2	0	83	148	19	0	1	0	0	86	234	96	86	128	137	14	0	88	184	157	142	99	28	0	0	0	0	0	0	0	0	0	
0	0	1	0	1	2	0	0	0	0	0	65	54	0	1	0	3	0	80	137	126	76	0	2	3	0	145	44	110	147	0	4	2	0	65	142	197	48	0	2	0	0	1	0	145	22	0	1	0	0	0	10	173	16	0	1	0	1	0	15	75	0	0	0	
0	0	0	3	3	1	0	0	0	0	2	2	0	48	76	0	0	1	0	72	65	154	26	0	2	0	116	151	180	87	0	1	2	0	153	210	213	135	28	0	1	0	25	176	25	0	1	0	2	0	58	58	0	3	1	0	0	0	17	5	1	0	0	0	
0	0	0	0	0	0	0	0	0	10	90	3	15	44	0	1	0	45	200	0	42	218	8	0	0	81	166	20	119	247	32	0	0	88	255	241	227	241	39	0	0	29	95	24	49	212	4	0	0	0	1	0	36	180	0	0	0	1	4	1	5	23	0	0	
0	0	2	0	38	79	0	2	0	1	0	8	198	83	0	3	0	2	0	154	102	0	3	0	3	0	73	220	136	116	3	0	4	0	128	254	117	191	46	0	4	0	117	251	175	107	0	1	0	0	6	74	70	0	0	0	0	0	1	0	0	2	0	0	
0	0	0	0	0	0	0	0	0	0	1	3	0	90	35	0	1	0	25	127	8	173	14	0	3	0	82	115	85	122	0	4	3	0	157	169	197	22	0	1	1	0	41	121	131	0	3	0	0	3	0	84	50	0	2	0	0	0	2	4	1	0	0	0	
0	0	1	3	0	0	0	0	0	0	1	0	24	23	0	0	1	0	5	117	148	158	31	0	4	0	134	159	39	177	42	0	2	0	82	137	170	134	0	4	0	1	0	37	164	11	0	1	2	0	33	175	40	0	2	0	3	0	96	89	0	4	0	0	
0	0	0	0	0	0	0	0	1	0	64	65	38	13	0	1	2	0	110	198	250	170	0	3	0	2	0	27	253	108	0	3	0	3	0	138	238	8	0	1	2	0	31	255	155	0	3	0	3	0	62	255	78	0	3	0	1	0	6	101	26	0	1	0	
0	0	0	0	0	0	0	0	0	2	0	47	194	62	0	2	1	0	4	207	253	148	0	3	3	0	90	243	78	192	8	0	2	0	179	104	0	197	26	0	0	3	202	79	129	139	0	2	2	0	134	229	194	35	0	2	0	0	0	0	0	1	0	0	
0	0	2	1	1	3	0	0	0	1	0	14	23	0	0	0	2	0	58	152	147	88	0	2	0	0	176	53	149	155	0	4	0	0	113	111	138	65	0	3	0	0	7	0	122	54	0	2	0	0	1	0	144	14	0	1	0	0	0	3	115	7	0	0	
0	0	0	0	0	0	0	0	1	0	26	63	85	33	0	1	3	0	119	170	144	229	18	0	0	1	0	8	153	195	3	0	0	0	89	186	119	11	54	34	0	50	251	194	153	184	153	34	0	0	56	92	42	17	0	0	0	0	0	0	0	0	3	1	
0	0	3	2	3	2	0	0	0	0	0	0	0	5	6	0	0	0	66	84	59	189	60	0	0	58	232	163	163	201	2	0	0	6	72	21	101	115	0	4	0	0	0	3	175	31	0	1	0	3	0	69	149	0	3	0	0	2	0	57	96	0	2	0	
0	0	0	1	4	2	0	0	0	0	0	1	0	0	9	4	0	1	0	17	91	134	112	8	0	2	0	145	133	27	5	0	0	12	7	119	114	0	3	0	0	80	148	119	38	0	2	0	0	2	14	5	0	0	0	0	0	0	0	1	2	0	0	0	
0	0	0	0	1	0	0	0	0	0	1	0	84	17	0	1	0	0	0	0	163	21	0	1	0	1	0	42	159	0	2	0	0	3	0	72	118	0	3	0	0	4	0	120	89	0	3	0	0	3	0	99	89	0	3	0	0	0	0	5	16	0	0	0	
0	0	0	1	4	2	0	0	0	0	0	2	0	0	16	6	0	2	0	32	116	143	162	47	1	0	0	176	152	31	5	0	0	11	38	111	149	14	0	1	0	59	179	62	188	48	0	2	1	0	64	118	55	0	1	0	0	0	0	0	0	0	0	0	
0	0	1	1	1	0	0	0	0	0	0	16	7	0	0	0	1	0	29	140	181	56	0	2	4	0	106	167	204	42	0	2	1	0	28	85	149	31	0	1	0	0	2	0	142	31	0	1	0	0	1	1	159	27	0	1	0	0	2	0	113	61	0	2	
0	0	0	1	1	0	0	0	0	0	2	0	80	107	0	2	0	1	0	3	209	139	0	4	0	2	0	43	241	31	0	2	0	3	0	102	210	0	0	1	1	0	2	221	103	0	3	0	4	0	91	216	1	0	1	0	1	0	20	32	0	1	0	0	
0	0	0	1	0	29	15	0	0	1	1	7	55	159	93	0	0	3	0	71	48	60	84	0	0	10	46	1	0	119	75	0	0	87	167	72	23	132	6	0	0	109	72	48	143	59	0	2	0	24	121	91	25	0	1	0	0	0	0	0	1	2	0	0	
0	0	0	0	0	0	0	0	1	0	12	68	113	102	26	0	0	13	142	158	113	167	196	0	0	4	17	50	112	181	89	0	2	0	38	157	146	157	0	2	0	103	34	0	50	183	3	0	0	117	184	171	151	41	0	1	0	0	4	6	0	0	0	0	
0	0	0	13	19	0	1	0	0	2	0	71	150	0	3	0	0	1	0	6	187	32	0	1	0	0	3	0	148	47	0	2	0	1	0	21	148	0	0	0	1	0	0	176	135	5	1	0	1	0	15	141	111	34	0	1	0	0	0	0	0	0	0	0	
0	0	1	0	0	0	1	0	0	0	0	24	82	70	8	0	0	4	154	197	179	192	176	0	0	8	40	23	42	173	140	0	0	1	0	114	227	119	0	1	1	31	1	0	187	51	0	2	0	159	154	172	130	0	1	0	0	12	70	54	0	1	0	0	
0	0	1	0	0	0	0	0	1	0	9	148	165	54	0	2	3	0	150	218	100	45	0	1	1	0	27	91	145	60	0	1	0	0	1	0	7	171	31	0	3	0	79	55	45	214	41	0	2	0	49	177	187	76	0	2	0	0	0	4	2	0	0	0	
0	0	2	1	0	1	0	0	0	0	0	10	24	2	0	0	2	0	57	171	168	139	0	1	1	0	170	51	106	145	0	3	1	0	101	126	216	69	0	3	0	1	0	31	161	1	0	0	0	1	0	153	63	0	2	0	2	0	51	104	0	2	0	0	
0	0	0	0	1	0	0	0	0	0	0	139	33	0	1	0	0	3	0	130	105	0	3	0	0	3	0	79	144	0	4	0	0	3	0	82	144	0	4	0	0	3	0	76	173	0	3	0	0	1	0	30	128	0	1	0	0	0	0	0	0	0	0	0	
0	1	2	4	3	3	2	0	0	0	0	0	0	0	0	0	0	19	47	114	167	185	77	0	10	163	202	149	83	232	87	0	0	6	7	0	110	172	0	1	0	5	0	105	209	16	0	1	3	0	81	186	18	0	2	0	2	0	79	42	0	3	0	0	
0	1	0	22	11	0	0	0	1	0	9	178	41	0	2	0	2	0	60	104	0	3	1	0	3	0	76	95	82	91	4	0	3	0	52	217	83	103	107	0	1	0	5	208	86	96	78	0	0	1	0	20	115	108	0	0	0	0	1	1	0	0	1	0	
0	0	0	2	16	5	0	0	3	0	70	187	209	176	3	0	0	0	9	31	198	193	0	1	1	0	17	175	191	23	0	1	0	27	237	129	0	3	34	12	0	110	255	190	202	193	154	19	0	14	79	99	64	37	0	0	0	0	0	0	0	0	1	1	
0	0	0	0	0	0	0	0	1	0	9	107	119	38	0	1	4	0	103	108	53	173	19	0	4	0	109	89	0	163	13	0	1	0	18	193	224	87	0	3	2	0	55	132	86	120	0	3	3	0	71	96	72	109	0	3	0	0	4	39	45	10	0	0	
0	1	3	0	0	1	0	0	0	0	0	16	19	0	0	0	0	31	157	194	252	133	0	5	0	21	42	143	230	53	0	2	1	0	133	144	25	41	107	47	0	58	240	177	173	182	129	31	0	1	20	30	9	0	0	0	0	0	0	0	0	2	4	1	
0	1	0	12	88	20	0	1	0	4	0	119	253	27	0	2	0	4	0	89	198	18	0	1	0	1	0	17	147	5	16	0	0	54	125	156	64	27	112	0	0	96	202	213	149	183	63	0	0	1	0	20	94	44	0	1	0	2	4	1	0	0	1	0	
0	0	0	0	2	3	0	0	0	0	1	1	0	0	1	1	0	1	0	11	49	117	150	54	2	0	37	134	51	41	13	2	2	0	63	140	61	0	1	0	0	48	106	100	133	0	1	0	0	6	80	79	9	0	1	0	0	0	0	0	1	0	0	0	
0	0	2	2	23	4	0	0	0	1	0	6	223	117	0	3	2	0	36	105	87	209	22	0	4	0	172	128	0	148	91	0	0	9	194	30	0	159	89	0	0	7	197	90	122	199	7	0	2	0	43	150	126	22	0	1	0	0	0	0	0	1	1	0	
0	0	1	3	4	2	0	0	0	1	0	0	0	0	0	0	1	0	22	92	136	190	165	0	0	107	204	152	109	216	120	0	0	44	23	0	117	127	0	2	0	2	0	74	180	6	0	1	2	0	83	148	7	0	1	0	2	0	77	37	0	2	0	0	
0	0	1	0	0	0	0	0	2	0	55	60	0	77	2	0	4	0	152	103	0	177	5	0	0	9	200	22	60	214	9	0	1	0	170	215	237	161	0	4	1	0	26	42	131	130	0	4	0	0	5	0	136	93	0	3	0	0	2	0	19	10	0	0	
0	0	1	2	0	0	0	0	0	0	0	2	62	63	1	0	1	0	11	142	129	169	40	0	2	0	40	193	120	130	0	2	0	0	3	23	183	82	0	3	0	2	0	71	141	0	2	0	2	0	69	171	14	0	1	0	2	0	68	32	0	2	0	0	
0	2	4	2	3	3	0	0	0	0	0	0	0	0	0	0	0	91	156	172	188	115	0	2	0	101	244	44	93	199	0	0	0	2	38	0	44	187	0	0	0	1	3	0	78	196	0	2	0	0	5	0	157	120	0	4	0	0	2	0	172	67	0	3	
0	0	0	0	0	1	0	0	0	1	0	24	121	52	18	9	0	3	0	128	90	114	106	0	0	4	0	97	190	95	4	0	1	0	12	169	156	0	4	0	1	0	108	133	100	0	4	0	0	5	165	157	18	0	1	0	1	0	34	29	0	1	0	0	
0	0	0	0	0	0	0	0	0	37	157	182	77	0	2	0	0	113	95	46	196	17	0	1	0	4	0	34	207	31	0	2	0	4	0	69	199	105	0	3	3	0	78	100	17	194	15	0	1	0	23	129	192	135	0	0	0	0	0	0	3	1	0	0	
0	0	1	1	0	2	1	0	0	0	0	8	23	1	0	0	2	0	117	177	151	166	15	0	0	0	15	8	90	175	3	0	0	0	62	165	161	77	70	13	0	87	245	149	121	125	63	3	0	14	11	0	0	0	0	0	0	0	0	2	3	4	2	0	
0	0	0	0	1	0	0	0	0	2	0	130	53	0	2	0	0	3	0	187	124	0	4	0	0	4	0	151	138	0	4	0	0	4	0	114	164	0	3	0	0	3	0	76	240	11	0	1	0	1	0	31	143	1	0	0	0	0	0	0	0	0	0	0	
0	0	0	0	1	0	0	0	0	0	0	2	0	101	38	0	0	0	3	0	87	224	12	0	0	1	0	10	220	89	0	3	0	14	0	147	151	0	3	0	2	0	68	209	6	0	1	0	4	0	130	120	0	4	0	0	1	0	16	10	0	0	0	0	
0	0	0	2	0	0	3	2	0	0	0	2	66	79	101	13	0	1	0	101	151	198	49	0	1	0	33	181	123	33	0	2	1	0	15	166	166	14	0	1	2	0	121	105	160	33	0	1	0	9	163	130	28	0	1	0	0	0	1	0	0	1	0	0	
0	0	1	0	0	0	0	0	0	0	0	28	63	55	19	0	2	0	73	193	153	211	182	0	0	0	11	67	125	164	68	0	0	1	0	100	206	50	0	2	0	40	17	0	145	124	0	4	0	154	184	155	132	5	0	1	0	4	50	36	0	1	0	0	
0	1	0	19	43	0	1	0	0	3	0	93	107	0	4	0	0	3	0	135	44	0	1	0	1	0	13	146	55	148	14	0	1	0	24	182	199	212	4	0	1	0	6	221	230	47	0	2	0	1	0	50	50	0	1	0	0	0	0	0	1	2	0	0	
0	0	0	0	1	0	0	0	0	0	1	0	30	149	4	0	0	0	2	0	176	133	0	3	0	2	0	64	219	14	0	1	1	0	0	195	110	0	3	0	4	0	114	187	0	2	0	0	1	0	156	60	0	2	0	0	0	0	1	0	0	0	0	0	
0	1	2	0	0	0	1	0	0	2	0	78	152	84	0	1	0	2	140	217	155	178	91	0	0	99	133	0	0	80	174	0	0	148	49	0	0	44	158	0	0	153	114	0	0	139	103	0	0	34	194	159	157	138	2	0	1	0	9	51	32	0	1	0	
0	0	1	0	0	1	3	0	0	0	2	44	62	16	0	1	1	0	110	166	158	159	94	0	0	1	14	7	10	167	174	0	0	12	0	76	229	135	6	0	3	133	41	47	172	20	0	1	0	68	165	143	58	0	3	0	0	0	0	0	0	0	0	0	
0	0	0	0	0	0	0	0	0	0	1	0	141	53	0	2	0	1	0	17	236	46	0	2	0	2	0	36	214	14	0	1	0	3	0	113	175	0	3	0	0	3	0	176	157	0	4	0	0	1	0	153	69	0	2	0	0	0	0	0	0	0	0	0	
0	0	1	0	0	0	2	0	3	0	73	224	153	39	0	1	0	5	193	125	115	207	80	0	0	79	154	0	0	52	184	0	0	129	79	0	0	18	192	16	0	105	202	42	40	182	119	0	0	5	126	192	192	109	0	1	0	0	0	1	1	0	2	0	
0	0	1	1	0	1	0	0	0	2	0	58	123	25	0	1	1	0	25	136	50	110	0	0	2	0	80	38	0	92	36	0	0	0	88	11	0	69	61	0	1	0	98	15	0	76	27	0	2	0	54	116	100	49	0	1	0	1	0	41	39	0	1	0	
0	0	0	0	0	0	0	0	0	0	1	0	155	49	0	2	0	2	0	34	230	35	0	2	0	3	0	81	225	0	0	0	0	4	0	116	181	0	2	0	0	2	0	196	95	0	3	0	0	0	0	177	62	0	2	0	0	0	0	0	0	0	0	0	
0	0	2	1	0	0	0	0	0	1	0	43	37	0	1	0	2	0	38	219	142	0	3	0	2	0	99	77	146	0	0	0	0	1	0	24	150	0	1	0	0	1	0	27	141	0	1	0	0	1	0	21	172	5	0	1	0	0	0	2	72	10	0	0	
0	0	0	4	49	12	0	1	1	0	8	151	224	153	0	2	1	0	24	77	59	199	0	1	0	0	22	0	129	141	0	3	0	70	180	196	255	84	0	3	0	128	241	211	150	233	106	0	0	11	67	23	0	58	98	0	0	0	0	1	4	0	0	0	
1	3	2	0	0	2	0	0	0	0	0	8	9	0	0	0	27	155	157	195	221	125	0	1	17	81	42	31	44	223	34	0	0	0	3	0	79	206	0	0	1	3	5	0	157	152	0	4	0	1	0	4	218	65	0	3	0	1	0	14	143	11	0	1	
0	0	0	0	4	1	0	0	2	0	43	187	170	123	0	1	2	0	37	108	102	219	5	0	0	6	0	70	255	89	0	3	0	1	0	28	135	131	0	3	5	114	56	15	153	148	0	4	0	115	189	205	151	13	0	1	0	0	1	1	0	1	0	0	
0	0	0	0	0	1	0	0	1	0	5	126	105	0	1	0	2	0	36	231	163	87	0	3	3	0	83	168	7	154	1	0	3	0	152	79	0	135	36	0	3	0	134	46	0	146	57	0	2	0	58	127	103	140	0	0	0	0	0	33	50	3	0	0	
0	0	1	1	0	0	0	0	0	0	1	0	26	90	0	2	1	0	20	18	26	166	0	0	3	0	81	94	20	152	0	2	1	0	177	164	153	109	0	4	0	5	57	18	182	44	0	2	0	1	0	22	133	0	0	0	0	0	2	3	3	0	0	0	
0	0	1	0	35	10	0	0	0	2	0	101	126	0	1	0	2	0	38	149	0	17	0	0	3	0	91	102	131	172	49	0	4	0	89	218	31	80	110	0	1	0	29	210	133	145	13	0	0	2	0	65	143	18	0	1	0	0	1	1	0	2	1	0	
0	0	1	2	0	0	0	0	0	0	1	0	35	117	111	0	1	1	6	120	98	122	63	0	4	0	93	247	90	0	0	0	2	54	10	26	132	127	0	4	0	133	116	28	153	100	0	3	0	8	112	152	94	2	0	0	0	1	0	0	0	1	0	0	
0	0	4	5	0	0	0	0	0	87	178	154	148	129	33	0	0	27	28	18	11	125	157	0	0	0	1	0	30	171	59	0	0	0	2	94	177	55	0	2	0	56	239	201	48	23	40	9	0	66	140	123	181	201	144	23	0	0	0	0	0	0	0	0	
0	0	1	3	87	14	0	1	0	3	0	113	210	3	0	1	2	0	74	212	20	0	1	0	1	0	202	98	65	171	56	0	0	13	200	76	184	157	112	0	0	13	190	226	240	155	11	0	0	0	11	73	73	11	0	1	0	0	0	0	0	2	1	0	
0	1	0	0	0	3	2	0	0	1	99	19	0	0	0	0	0	53	224	14	0	145	58	0	0	127	165	4	185	255	113	0	0	110	255	217	140	219	97	0	0	24	113	37	0	218	71	0	0	0	0	0	0	208	57	0	0	1	4	2	0	34	5	0	
0	0	0	2	4	2	0	0	0	0	4	6	0	0	0	0	3	0	60	197	108	179	67	0	3	0	90	180	76	228	34	0	1	0	19	0	138	126	0	3	0	3	0	87	206	3	0	1	1	0	23	204	38	0	2	0	2	0	59	127	0	3	0	0	
0	0	2	2	0	0	0	0	0	1	0	1	91	152	14	0	1	0	47	144	125	219	50	0	0	44	151	20	105	113	0	3	0	23	7	11	159	9	0	0	0	6	0	72	169	16	0	1	0	27	147	168	135	25	0	1	0	0	6	7	0	0	0	0	
0	0	0	0	0	0	0	0	0	2	0	41	189	169	24	0	0	2	0	174	72	162	86	0	1	0	0	186	172	132	20	0	0	17	138	143	184	3	0	1	0	109	122	0	203	23	0	1	0	33	161	176	133	1	0	0	0	0	2	8	0	0	0	0	
0	0	2	0	1	0	0	0	0	0	1	29	12	0	0	0	0	5	118	117	184	63	0	3	0	16	192	28	168	69	0	3	2	0	57	127	195	45	0	2	0	0	2	0	142	39	0	1	0	0	4	0	150	39	0	2	0	0	2	0	94	30	0	1	
0	0	1	1	0	1	0	0	0	1	0	24	80	8	1	4	1	0	28	139	123	149	0	9	3	0	79	118	66	162	0	2	1	0	3	134	226	19	0	2	0	2	0	67	157	0	3	0	0	3	0	128	113	0	3	0	0	1	0	73	31	0	1	0	
0	0	0	0	0	0	0	0	0	30	131	87	6	0	0	0	0	17	34	150	62	0	2	0	3	0	93	156	0	0	1	0	1	0	16	99	140	42	0	2	0	0	1	0	32	154	9	0	0	0	2	0	62	190	43	0	0	0	1	0	14	43	3	0	
0	0	1	0	0	3	1	0	1	0	2	176	120	0	4	1	3	0	137	189	189	172	14	0	0	28	193	8	0	145	169	0	0	109	128	0	5	0	183	47	0	130	156	0	7	66	178	18	0	11	144	171	158	170	46	0	0	0	0	7	9	0	0	1	
0	0	2	1	0	0	0	0	0	0	0	6	28	12	0	0	2	0	64	156	137	182	36	0	1	0	41	12	35	164	6	0	0	1	0	3	174	53	0	2	0	2	0	132	102	0	3	0	2	0	57	162	0	3	0	0	3	0	87	57	0	2	0	0	
0	0	0	0	0	0	0	0	0	1	0	20	139	0	0	0	0	1	0	31	205	7	0	1	0	3	0	94	193	0	2	0	0	3	0	149	128	0	4	0	1	0	3	216	53	0	2	0	1	0	6	167	26	0	1	0	0	0	0	0	0	0	0	0	
0	0	1	0	11	8	0	0	0	1	0	77	86	33	0	2	1	0	29	124	8	85	0	1	2	0	59	88	0	104	0	0	3	0	77	77	0	107	0	1	2	0	46	129	101	96	0	3	0	1	0	90	114	0	0	0	0	0	1	1	0	1	0	0	
0	0	1	0	31	38	0	1	0	2	0	69	171	195	27	0	0	2	0	34	9	181	46	0	0	0	7	0	95	185	0	1	0	36	131	183	255	68	0	3	0	151	196	188	146	80	0	3	0	78	129	22	0	1	0	0	0	0	0	1	4	0	0	0	
0	0	2	0	2	2	0	0	0	2	0	64	140	147	13	0	2	0	58	164	30	130	48	0	2	0	162	31	72	135	0	0	0	34	153	0	12	160	8	0	0	26	176	18	35	137	0	0	2	0	75	158	140	34	0	2	0	0	0	4	2	0	0	0	
0	0	0	0	8	4	0	0	1	0	22	168	163	173	27	0	1	0	19	69	36	217	57	0	0	5	0	33	241	121	0	2	0	1	0	0	160	124	0	4	3	109	64	9	176	108	0	3	0	73	187	193	117	0	1	0	0	0	1	2	0	1	0	0	
0	0	0	0	0	0	0	0	0	0	0	0	7	59	123	38	2	0	35	208	228	216	126	8	2	0	38	216	67	5	0	0	0	2	0	100	68	0	5	0	0	28	44	18	198	24	0	1	0	23	198	238	180	11	0	1	1	0	21	49	9	0	0	0	
0	0	2	0	0	0	0	0	0	0	0	0	13	107	0	1	0	7	49	0	11	164	8	0	0	25	180	0	45	155	0	2	0	21	183	134	169	103	0	4	0	1	0	53	217	27	0	1	0	1	0	39	126	0	2	0	0	0	0	2	1	0	0	0	
0	0	2	0	35	28	0	1	0	2	0	85	149	38	0	1	2	0	47	153	2	0	1	0	3	0	116	44	22	108	13	0	2	0	131	132	166	177	49	0	1	0	21	167	146	119	12	0	0	2	0	42	113	24	0	1	0	0	2	2	0	2	1	0	
0	0	0	2	1	0	0	0	0	0	0	0	5	16	30	0	0	3	0	69	180	174	116	0	1	0	5	212	149	7	0	1	4	43	0	8	104	136	0	3	0	108	141	52	132	112	0	3	1	0	66	128	87	5	0	0	0	2	0	0	0	1	0	0	
0	0	0	0	0	2	0	0	0	2	0	55	79	7	0	1	0	3	0	93	148	84	2	0	0	2	0	60	211	71	1	0	0	0	1	133	154	0	0	0	1	0	25	126	122	10	0	0	0	2	0	59	148	0	1	0	0	1	0	24	23	0	1	0	
0	2	0	55	66	0	2	0	0	0	0	176	53	0	5	0	3	0	137	124	0	3	0	0	0	37	191	10	0	87	110	0	0	74	195	0	77	226	169	0	0	0	137	179	222	191	27	0	0	0	0	24	22	4	0	0	0	1	3	0	0	1	2	0	
0	0	0	0	0	0	0	0	2	0	76	183	178	77	0	2	2	0	92	62	134	183	0	3	0	2	0	62	243	192	0	0	0	52	17	76	100	202	28	0	0	190	103	23	133	210	2	0	0	78	194	173	141	31	0	1	0	0	0	0	0	1	0	0	
0	1	3	0	1	1	0	0	0	0	3	10	1	3	0	0	0	8	175	176	120	160	8	0	0	31	213	25	38	196	4	0	0	0	6	0	162	118	0	4	0	2	0	60	190	0	0	0	0	0	0	182	75	0	3	0	2	0	48	130	0	2	0	0	
0	0	0	0	0	0	0	0	2	0	56	154	162	122	1	0	3	0	135	238	141	122	2	0	4	0	124	167	102	142	14	0	3	0	170	249	126	200	100	0	1	0	33	20	32	219	39	0	2	0	34	182	215	93	0	3	1	0	18	58	15	0	1	0	
0	0	0	0	0	0	0	0	0	1	0	77	154	117	12	0	0	1	0	163	78	199	114	0	0	4	0	149	206	138	27	0	3	0	75	202	167	0	1	0	0	0	173	71	156	0	2	0	1	0	131	197	119	0	3	0	0	0	5	43	5	0	0	0	
0	1	0	0	0	0	1	0	0	0	56	63	92	104	16	0	0	52	164	140	16	63	94	0	0	79	43	0	3	0	88	15	0	75	36	0	8	0	91	26	0	58	100	0	0	18	117	0	0	0	96	111	76	124	56	0	0	1	0	39	64	25	0	1	
0	0	1	1	0	1	0	0	0	1	0	27	74	22	2	0	2	0	41	141	70	83	4	1	4	0	105	120	71	103	0	3	1	0	11	78	194	30	0	1	0	2	0	56	150	0	2	0	0	3	0	134	74	0	2	0	0	1	0	65	23	0	1	0	
0	0	0	0	0	0	0	0	0	2	0	142	59	0	2	0	0	2	0	192	123	0	4	0	0	3	0	155	176	0	3	0	0	4	0	118	184	0	3	0	0	2	0	35	217	47	0	1	0	0	1	0	146	147	0	2	0	0	0	1	0	0	0	0	
0	1	1	0	0	1	2	0	1	0	9	178	147	9	0	1	1	0	156	148	126	180	57	0	0	100	152	0	0	66	196	3	0	141	61	0	5	0	133	60	0	103	161	35	29	84	158	13	1	0	88	162	153	150	40	0	0	1	0	0	0	0	1	1	
1	3	2	4	4	1	0	0	0	0	0	0	0	0	0	0	16	113	133	114	77	11	0	0	18	55	36	98	204	162	0	3	0	0	8	93	122	176	29	0	2	0	26	111	64	183	128	0	0	0	0	59	83	66	8	0	0	0	0	0	0	0	0	0	
0	0	0	0	0	0	0	0	0	0	1	0	139	41	0	2	0	1	0	3	232	91	0	4	0	3	0	73	234	16	0	1	0	4	0	123	202	0	2	0	0	3	0	178	134	0	3	5	0	1	0	172	66	0	2	9	0	0	0	0	1	0	0	0	
0	0	0	0	0	0	0	0	0	10	130	183	84	0	2	0	0	26	104	74	229	34	0	2	0	1	0	21	218	30	0	2	0	2	0	166	110	0	20	9	4	0	101	255	178	176	139	35	1	0	26	69	68	33	1	0	0	0	0	0	0	0	1	1	
0	0	0	6	32	13	0	0	2	0	49	173	165	171	41	0	1	0	29	40	0	119	157	0	0	0	22	42	0	177	116	0	0	100	132	164	220	184	8	0	37	226	148	170	240	112	0	4	4	73	113	42	3	10	0	0	0	0	0	0	0	0	0	0	
0	0	0	1	8	0	0	0	0	0	8	84	116	99	0	2	0	0	11	37	102	82	0	2	0	8	105	142	187	54	0	2	0	12	77	31	0	133	23	0	2	0	56	56	0	136	22	0	2	0	49	128	133	75	0	2	0	0	0	5	9	0	0	0	
0	0	0	0	6	5	0	0	1	0	6	133	133	182	55	0	1	0	14	109	45	209	69	0	0	1	0	132	220	81	0	2	6	14	0	85	198	46	0	2	23	181	40	23	220	67	0	3	0	82	199	190	109	0	2	0	0	0	1	1	0	1	0	0	
0	0	0	1	0	26	6	0	0	0	1	0	30	144	2	0	0	0	2	0	141	55	0	2	0	2	0	109	159	0	3	0	1	0	17	163	142	17	0	1	3	0	87	152	130	12	0	1	2	0	48	132	28	0	1	0	0	0	0	0	1	0	0	0	
0	0	0	1	0	0	0	0	0	0	1	2	0	56	78	0	0	0	4	27	0	138	76	0	3	0	78	101	26	170	1	0	0	0	203	179	190	111	0	4	0	9	49	91	187	4	2	0	0	3	0	89	84	0	3	0	0	0	3	5	1	1	0	0	
0	0	0	0	0	0	0	0	0	0	9	29	47	35	0	1	3	0	93	132	130	130	0	3	0	0	9	0	75	77	0	3	0	0	0	1	146	23	0	1	0	2	0	55	146	0	3	0	0	1	0	155	53	0	2	0	0	0	10	69	0	1	0	0	
0	0	0	3	0	0	0	0	0	0	0	0	12	52	51	0	1	2	5	104	131	186	80	0	3	0	62	231	125	3	0	1	17	88	8	0	130	107	0	3	0	98	150	120	182	39	0	2	1	0	27	92	34	0	1	0	0	2	0	0	1	1	0	0	
0	0	2	2	1	1	2	0	0	1	0	0	0	0	0	0	1	0	55	70	78	92	58	0	0	64	104	34	36	0	125	45	0	108	25	0	0	19	100	25	0	60	83	66	81	69	26	0	0	0	18	40	11	0	1	1	0	1	0	0	0	2	1	0	
0	0	2	0	61	20	0	1	0	1	0	31	173	9	0	0	0	2	0	170	101	0	3	0	3	0	108	171	0	101	25	0	0	7	200	38	137	245	51	0	0	1	162	183	252	131	0	1	1	0	10	70	45	1	0	0	0	0	1	0	0	2	0	0	
0	1	0	27	51	0	1	0	0	0	2	0	143	73	0	3	0	2	0	53	189	50	0	2	3	0	82	176	39	0	4	0	0	39	111	0	2	1	0	0	0	43	129	128	124	144	73	0	1	0	45	55	17	40	52	0	0	1	0	0	0	0	0	0	
0	0	2	0	4	2	0	0	0	0	4	9	0	1	2	0	0	0	167	210	125	180	76	0	0	25	180	38	90	210	15	0	0	0	3	0	164	120	0	3	0	3	0	78	206	0	0	1	1	0	14	208	66	0	2	0	2	0	61	136	0	3	0	0	
0	0	2	0	0	0	0	0	1	0	9	82	77	0	1	0	0	2	114	50	108	23	0	1	0	31	155	0	109	101	0	3	2	0	113	141	168	136	0	4	0	0	0	51	56	137	6	0	0	0	2	2	0	135	31	0	0	0	0	3	0	20	6	0	
0	0	0	0	0	0	0	0	0	0	1	41	159	79	0	2	2	0	34	225	120	210	57	0	0	2	0	162	114	162	41	0	2	0	39	188	237	32	0	2	0	24	177	87	196	7	0	0	0	48	197	164	145	0	2	0	1	0	36	63	5	0	0	0	
0	0	0	0	0	2	8	0	1	0	64	138	136	126	71	0	2	0	186	92	40	37	0	1	1	0	25	174	46	0	3	0	0	2	0	46	188	35	0	2	0	12	134	32	64	202	22	0	0	9	132	150	159	178	35	0	0	0	0	0	6	3	0	0	
0	0	2	1	0	2	0	0	0	1	0	28	66	2	0	0	2	0	61	120	148	92	0	3	3	0	123	65	133	100	0	3	1	0	22	78	169	38	0	2	0	1	0	17	150	1	0	0	0	3	0	122	114	0	3	0	0	1	0	81	25	0	1	0	
0	1	3	0	1	1	0	0	0	0	0	10	6	0	0	0	0	13	122	160	148	11	1	1	0	94	93	0	142	50	0	2	0	7	0	51	209	150	92	7	1	0	15	217	142	19	44	3	0	0	6	79	15	0	1	0	0	0	0	0	1	1	1	0	
0	0	0	0	0	0	0	0	0	0	2	0	132	50	0	2	0	1	0	8	198	34	0	2	0	2	0	58	181	0	1	0	0	4	0	132	119	0	3	0	1	0	14	198	33	0	1	0	2	0	61	140	0	2	0	0	0	0	0	0	1	0	0	0	
0	0	0	0	0	0	0	0	0	0	0	2	75	3	0	0	0	1	0	29	116	0	2	0	0	2	0	52	87	0	3	0	0	3	0	78	63	0	2	0	0	3	0	117	35	0	1	0	0	1	0	95	13	0	0	0	0	0	0	0	0	0	0	0	
0	0	0	1	0	0	0	0	0	0	0	0	5	109	4	0	0	0	8	4	28	156	0	1	2	0	59	101	65	108	0	3	2	0	151	196	195	68	0	3	0	3	39	81	176	8	0	1	0	2	0	70	87	0	3	0	0	0	2	3	2	1	0	0	
0	0	2	0	0	0	0	0	0	0	6	14	0	19	36	0	1	0	137	65	0	158	121	0	0	127	190	81	122	214	27	0	0	98	126	44	144	137	0	4	0	1	0	16	181	29	0	1	0	6	0	100	166	0	3	0	0	1	0	37	36	0	1	0	
0	0	0	2	2	0	0	0	0	0	0	0	0	16	15	0	1	4	0	48	160	162	75	0	1	0	21	229	164	12	0	1	29	75	2	28	92	132	0	3	2	116	137	44	127	98	0	3	0	1	64	118	73	0	0	0	1	2	0	0	0	1	0	0	
0	0	0	1	0	29	4	0	0	0	2	0	66	153	0	0	0	1	0	18	182	27	0	1	0	3	0	141	96	0	3	0	3	0	61	214	122	102	0	1	2	0	170	56	64	166	0	2	0	8	100	3	82	34	0	1	0	0	0	1	0	1	0	0	
0	0	1	0	0	1	0	0	0	0	0	2	0	77	38	0	0	0	10	9	0	159	47	0	4	0	99	69	4	165	6	0	0	5	190	166	175	151	0	4	0	33	91	15	202	46	0	2	0	2	0	50	105	0	3	0	0	1	3	0	1	2	0	0	
0	0	0	0	0	0	0	0	0	0	2	0	74	32	0	1	0	0	1	0	122	19	0	1	0	1	0	24	135	0	1	0	0	2	0	69	107	0	3	0	0	4	0	123	84	0	3	0	0	2	0	78	37	0	1	0	0	0	0	0	0	0	0	0	
0	0	0	7	57	19	0	1	2	0	40	146	207	186	1	0	1	0	29	33	1	216	47	0	0	1	9	0	34	222	30	0	0	79	131	137	235	144	0	4	23	193	83	177	231	178	0	0	4	119	155	80	9	102	7	0	0	0	0	0	1	0	0	0	
0	0	0	0	40	31	0	0	0	3	0	77	217	106	0	1	0	4	0	115	129	0	4	0	0	1	0	36	187	33	0	1	0	0	60	0	49	206	7	0	0	4	195	111	155	171	0	1	1	0	38	146	118	7	0	1	0	0	0	0	0	1	0	0	
0	0	0	0	0	0	0	0	1	0	17	119	157	107	2	0	4	0	107	191	62	203	22	0	0	3	1	0	137	119	0	2	0	2	0	70	216	40	0	2	0	110	33	0	127	84	0	3	0	102	176	162	148	6	0	1	1	0	44	45	0	1	0	0	
0	0	0	3	0	1	0	0	0	0	1	1	20	1	0	0	0	0	0	90	132	68	0	3	3	0	105	116	126	127	0	4	2	0	82	85	162	78	0	3	0	1	0	29	133	1	0	0	0	3	0	117	70	0	2	0	0	1	0	67	13	0	0	0	
0	0	0	3	15	8	0	0	2	0	41	164	112	169	61	0	1	0	19	29	0	179	83	0	1	4	0	18	225	157	0	2	0	1	0	4	113	162	0	2	40	92	2	4	109	191	0	1	20	160	162	172	161	34	0	2	0	0	8	5	0	1	0	0	
0	1	3	0	2	1	0	0	0	0	0	0	0	0	0	0	0	12	88	113	128	37	0	2	0	66	160	29	31	20	0	1	1	0	51	106	96	104	3	0	0	0	1	0	13	140	0	0	0	0	3	0	22	105	0	2	0	0	1	0	24	93	0	2	
0	0	1	0	0	0	1	0	1	0	11	158	155	118	6	0	2	0	170	148	22	216	134	0	0	60	238	29	0	65	212	6	0	103	205	0	0	48	215	10	0	65	255	140	59	187	137	0	2	0	78	193	190	131	4	0	0	1	0	0	0	0	2	0	
0	0	0	0	0	0	0	0	0	49	109	86	122	71	0	2	0	36	209	89	73	39	0	1	2	0	83	159	122	98	0	0	0	9	4	24	2	151	80	0	0	83	111	0	0	115	103	0	0	3	102	95	119	138	7	0	0	0	0	43	55	3	0	0	
0	0	1	1	0	0	0	0	0	1	0	41	84	6	0	0	2	0	50	154	132	51	0	2	3	0	94	124	51	63	0	2	0	0	3	91	219	32	0	2	0	2	0	60	140	0	2	0	0	4	0	131	79	0	3	0	0	1	0	49	29	0	1	0	
0	0	2	0	37	28	0	1	0	2	0	89	248	104	0	3	3	0	55	255	115	0	5	0	3	0	161	255	220	60	0	2	3	0	177	255	251	222	29	0	4	0	89	255	250	255	87	0	0	0	0	51	135	90	4	0	0	0	1	0	0	0	0	0	
0	0	0	1	1	0	0	0	0	0	1	0	8	23	16	0	0	3	0	27	154	136	95	0	0	1	0	173	175	0	0	1	3	76	8	0	112	90	0	3	0	109	132	121	131	19	0	1	0	0	18	34	6	0	0	0	0	2	0	0	2	1	0	0	
0	0	0	0	0	0	0	0	0	4	17	1	13	2	0	0	0	30	179	145	161	120	0	3	0	0	8	0	64	138	0	4	0	0	3	0	132	69	0	3	0	1	0	31	150	0	0	0	0	3	0	82	140	0	4	0	0	2	0	42	129	0	1	0	
0	0	0	0	0	0	0	0	0	0	1	2	0	79	22	0	0	0	2	5	3	145	17	0	2	0	67	89	50	137	0	3	0	0	180	143	169	82	0	3	0	9	29	49	174	0	0	0	0	2	0	50	92	0	3	0	0	0	1	3	2	0	0	0	
0	0	0	0	1	1	0	0	0	0	3	0	84	57	0	2	0	0	0	1	180	38	0	2	0	2	0	65	172	0	2	0	0	3	0	133	111	0	3	0	0	0	0	194	43	0	2	0	0	0	0	148	27	0	1	0	0	0	0	1	1	0	0	0	
0	0	0	0	1	0	0	0	0	2	0	107	178	133	0	2	0	0	1	44	132	166	0	2	0	5	0	70	217	16	0	1	0	1	0	12	172	91	0	3	1	84	43	72	184	36	0	2	0	101	179	178	43	0	2	0	0	0	0	0	1	1	0	0	
0	0	0	1	1	1	0	0	0	2	0	66	92	0	3	0	0	3	0	102	149	30	0	2	1	0	11	127	133	72	0	3	3	0	107	179	167	145	42	0	1	0	30	65	170	30	4	0	0	1	0	15	104	0	1	0	0	0	1	2	0	1	0	0	
0	0	0	0	0	0	0	0	1	0	15	171	167	198	40	0	4	0	97	251	53	188	133	0	0	1	215	128	0	100	174	0	0	35	235	38	0	129	152	0	0	35	237	114	140	247	65	0	0	3	144	232	171	47	0	2	0	0	0	0	0	0	1	0	
0	0	1	0	0	0	1	0	0	8	1	0	2	21	2	0	0	165	110	0	0	168	75	0	0	214	128	0	53	233	108	0	0	173	248	224	215	232	103	0	0	24	103	82	0	149	115	0	0	0	0	2	0	77	130	0	0	1	4	3	1	2	29	1	
0	0	0	1	0	5	0	0	0	1	0	27	152	153	38	0	0	1	0	52	19	120	84	0	0	3	0	105	153	116	2	0	1	0	21	158	169	0	2	0	1	0	140	88	142	0	2	0	1	0	114	178	62	0	2	0	0	0	3	7	0	0	0	0	
0	0	0	23	3	0	2	0	0	3	0	128	138	31	0	0	2	0	107	53	126	201	75	0	0	16	159	9	0	86	136	0	0	43	182	0	0	177	69	0	0	5	197	114	136	170	0	1	2	0	47	157	149	26	0	1	0	0	1	0	0	1	0	0	
0	0	0	1	0	1	0	0	0	0	1	2	0	61	100	0	0	0	8	35	0	118	77	0	3	0	92	105	3	165	6	0	0	42	211	122	156	119	0	4	0	21	10	61	179	10	0	1	0	3	0	96	66	0	2	0	0	1	1	3	2	1	0	0	
0	0	0	0	0	0	0	0	0	3	99	161	96	0	0	0	0	25	166	174	223	10	0	1	1	0	12	220	224	21	0	1	0	0	11	85	147	188	6	0	0	0	23	3	3	206	47	0	2	0	108	195	211	148	0	0	0	1	0	33	53	1	0	0	
0	0	0	3	83	17	0	1	0	1	0	157	146	0	1	0	3	0	70	194	0	14	4	0	3	0	163	70	84	209	75	0	0	18	195	169	179	170	90	0	0	0	162	255	200	130	3	0	0	0	7	56	22	0	1	0	0	0	1	0	0	3	1	0	
0	0	0	2	0	0	0	0	0	0	1	0	74	92	0	2	0	2	0	61	225	156	0	4	0	0	4	155	141	22	0	1	0	3	0	151	151	0	3	0	1	0	27	108	137	22	0	1	2	0	45	163	115	0	0	0	0	0	0	49	17	0	1	0	
0	0	3	2	1	3	1	0	0	0	0	11	4	0	0	0	2	0	77	191	133	156	35	0	3	0	129	100	32	208	18	0	0	0	2	0	163	80	0	3	0	3	0	79	177	0	2	0	1	0	24	191	29	0	1	0	3	0	93	109	0	3	0	0	
0	0	2	0	45	47	0	2	0	0	2	0	183	94	0	4	0	3	0	99	171	0	2	0	2	0	29	207	61	22	0	0	4	0	133	149	213	202	0	0	1	0	187	206	225	87	0	2	1	0	33	86	19	0	1	0	0	0	0	0	0	2	0	0	
0	0	1	1	0	0	1	0	0	3	0	74	228	128	2	0	0	1	0	190	153	234	87	0	3	0	138	196	0	138	186	0	0	36	213	32	0	144	143	0	0	99	220	64	172	215	23	0	0	19	168	226	158	23	0	1	0	0	0	0	0	1	1	0	
0	0	2	0	0	0	0	0	0	0	0	14	17	0	0	0	2	0	81	111	136	13	0	1	2	0	88	91	135	31	0	1	0	0	4	0	111	60	0	2	0	0	4	0	103	27	0	1	0	0	1	0	138	13	0	0	0	0	1	0	91	9	0	0	
0	0	1	1	0	0	0	0	0	0	0	16	3	0	1	0	1	0	38	172	115	189	45	0	2	0	147	46	68	188	0	0	0	0	2	10	198	50	0	2	0	2	0	163	122	0	3	0	3	0	74	170	0	2	0	0	3	0	113	72	0	3	0	0	
0	0	2	0	0	0	0	0	0	0	1	14	29	68	24	0	3	0	120	223	149	118	26	0	2	0	125	143	121	114	12	0	1	59	5	0	0	58	142	0	0	117	150	51	27	87	158	0	1	0	73	137	145	125	17	0	0	2	0	0	0	0	1	0	
0	0	1	1	0	0	0	0	0	0	0	19	24	0	0	0	3	0	61	168	148	168	8	0	2	0	57	32	77	164	0	3	0	0	1	0	172	58	0	2	0	3	0	112	136	0	3	0	1	0	22	190	29	0	1	0	2	0	64	104	0	3	0	0	
0	0	0	1	5	0	0	0	1	0	23	183	182	149	26	0	1	0	18	52	0	121	90	0	0	1	1	0	8	183	64	0	1	0	127	234	255	124	0	3	0	112	255	200	114	199	58	0	0	44	44	4	0	79	81	0	0	0	0	2	4	1	0	0	
0	0	0	0	0	0	0	0	0	0	3	0	106	75	0	3	0	0	3	0	149	66	0	3	0	1	0	38	173	0	0	0	0	3	0	139	103	0	3	0	2	0	36	187	2	0	0	0	3	0	82	114	0	3	0	0	0	0	1	1	1	0	0	0	
0	0	0	0	0	0	0	0	0	0	0	6	83	1	0	0	0	0	0	10	145	4	0	0	0	2	0	45	149	0	2	0	0	3	0	76	125	0	4	0	0	3	0	73	105	0	3	0	0	2	0	59	105	0	2	0	0	0	0	0	0	0	0	0	
0	0	1	0	62	8	0	0	0	2	0	61	172	0	1	0	1	0	9	180	44	0	2	0	3	0	128	115	0	74	0	0	0	18	177	15	153	237	23	0	0	11	172	187	255	141	0	0	1	0	29	83	61	4	0	0	0	0	1	0	0	2	0	0	
0	0	1	0	0	0	0	0	1	0	18	104	119	9	1	1	0	6	215	127	14	0	0	0	0	0	111	159	107	146	145	25	0	3	0	136	255	99	50	24	1	0	37	187	178	78	0	3	1	0	2	199	200	8	0	2	0	1	0	26	22	0	1	0	
0	0	1	1	0	0	0	0	0	1	0	24	82	11	0	1	1	0	26	138	152	119	0	4	4	0	130	93	84	89	0	3	2	0	30	162	192	0	0	0	0	3	0	102	121	0	4	0	0	1	0	170	49	0	2	0	0	0	0	69	11	0	0	0	
0	0	0	0	0	1	0	0	1	0	40	34	0	2	2	0	3	0	82	65	0	81	63	0	2	0	111	66	0	108	35	0	0	3	175	152	117	145	13	0	0	1	19	0	87	148	0	2	0	0	2	0	107	28	0	1	0	0	1	1	17	2	0	0	
0	0	0	0	1	0	0	0	0	0	2	0	57	144	0	2	0	0	3	0	154	142	0	4	0	1	0	28	217	37	0	2	0	3	0	131	159	0	3	0	1	0	25	218	44	0	2	0	3	0	89	136	0	3	0	0	0	0	0	0	1	0	0	0	
0	0	0	0	0	0	0	0	0	11	60	94	75	0	2	0	0	17	161	59	19	0	1	0	3	0	99	121	107	79	0	1	1	0	21	42	4	108	45	0	0	0	1	6	0	86	52	0	0	0	3	93	100	122	4	0	0	1	0	17	59	13	0	1	
0	0	1	0	31	60	3	0	0	1	0	133	140	174	109	0	0	2	0	31	0	106	135	0	1	0	17	11	22	211	37	0	0	37	159	154	243	95	0	3	0	162	169	169	226	97	0	3	0	70	145	52	8	26	0	0	0	0	0	0	1	0	0	0	
0	0	2	0	0	0	0	0	0	1	0	24	119	54	0	2	1	0	83	126	182	82	0	3	0	3	28	37	107	0	2	1	0	1	0	153	105	93	26	0	3	0	102	198	70	78	131	7	0	32	136	5	0	0	31	17	0	14	15	0	4	3	1	0	
0	0	0	2	0	0	0	0	0	0	1	0	60	64	0	0	0	2	0	106	118	165	23	0	3	0	83	164	78	158	0	0	2	0	45	128	222	48	0	2	0	3	0	99	140	0	3	0	2	0	35	190	18	0	1	0	2	0	41	58	0	2	0	0	
0	0	1	1	0	0	0	0	0	3	0	114	212	46	0	2	2	0	42	199	133	189	0	0	4	0	145	115	0	170	37	0	1	0	146	27	0	147	29	0	2	0	169	130	151	191	0	1	3	0	62	223	196	54	0	2	0	0	0	0	0	0	0	0	
0	0	0	0	2	3	0	0	0	0	0	102	138	162	16	0	0	0	3	70	62	203	23	0	0	3	0	22	211	101	0	4	0	1	0	2	137	136	0	4	0	114	65	23	189	62	0	2	0	62	181	182	81	0	2	0	0	0	0	2	0	1	0	0	
0	0	2	0	0	1	0	0	0	0	0	38	66	13	0	1	1	0	94	100	57	114	2	0	0	44	105	0	67	168	0	0	0	21	129	99	135	128	0	3	1	0	38	23	48	117	0	3	0	0	4	0	101	94	0	3	0	0	3	0	50	34	0	1	
0	0	0	11	132	8	0	0	0	3	0	146	129	0	3	0	3	0	86	181	0	0	0	0	0	4	198	48	0	49	17	0	0	47	183	0	122	255	107	0	0	0	155	181	234	180	27	0	0	0	5	30	14	0	0	0	0	0	2	0	0	2	1	0	
0	1	4	1	0	0	0	0	0	0	0	0	23	13	0	0	0	33	133	135	162	158	0	2	0	34	59	0	78	113	0	3	0	2	91	118	196	166	39	0	0	3	33	69	179	54	15	0	0	3	0	77	118	0	3	0	0	3	0	92	58	0	3	0	
0	0	0	0	4	9	0	0	0	1	0	108	175	166	71	0	0	1	1	81	7	120	159	0	0	1	1	0	26	220	55	0	0	7	138	193	249	104	0	3	0	142	255	220	228	104	0	3	0	66	104	0	121	125	0	3	0	0	0	0	1	0	0	0	
0	0	1	1	1	5	0	0	0	1	0	13	182	81	0	3	1	0	19	183	172	141	7	0	3	0	173	136	0	99	96	0	0	16	177	13	0	87	64	0	0	9	150	5	82	144	0	0	3	0	107	171	124	12	0	1	0	0	2	8	0	2	0	0	
0	0	0	0	7	3	0	0	0	2	0	76	178	185	39	0	0	1	0	21	84	203	17	0	1	5	0	99	236	58	0	2	0	0	1	0	137	101	0	3	58	115	7	93	191	31	0	1	46	156	147	147	32	0	1	0	0	0	0	0	1	1	0	0	
0	0	1	1	0	0	0	0	0	1	0	6	117	147	48	0	1	0	1	172	157	100	47	0	3	0	148	240	53	5	0	0	0	17	207	181	207	208	0	0	1	0	44	19	177	155	0	2	3	0	70	234	179	4	0	1	0	0	0	39	8	0	1	0	
0	0	1	2	0	8	27	0	0	0	2	2	0	78	102	0	0	0	12	61	0	163	60	0	1	0	146	77	43	172	0	1	0	80	241	126	207	100	0	4	0	21	6	97	211	1	0	1	0	2	0	60	94	0	2	0	0	1	1	0	0	1	0	0	
0	0	0	0	0	0	0	0	2	0	94	189	107	0	1	0	1	0	21	127	240	19	0	1	0	2	0	35	148	85	0	2	0	0	1	0	15	183	14	0	0	7	26	11	137	194	0	0	0	11	156	192	182	24	0	1	0	0	3	4	0	1	0	0	
0	0	1	0	54	18	0	1	0	2	0	59	169	0	1	0	0	2	0	174	82	0	3	0	3	0	80	170	0	102	22	0	3	0	177	81	126	249	21	0	3	0	97	215	240	64	0	2	0	0	0	14	42	6	0	0	0	0	2	0	0	2	0	0	
0	0	1	0	0	4	10	0	0	0	6	54	66	126	52	0	3	0	108	175	73	42	0	1	3	0	101	157	28	0	2	0	0	1	0	41	139	76	0	2	1	0	54	9	19	179	6	0	3	0	84	143	158	95	0	2	0	0	0	8	9	0	0	0	
0	0	1	0	0	0	0	0	0	0	3	92	134	104	35	0	4	0	123	152	5	160	136	0	2	0	58	176	140	94	4	0	2	0	35	162	184	77	0	3	3	0	165	59	20	165	0	1	3	0	103	151	146	73	0	2	0	0	2	55	29	0	1	0	
0	0	1	0	0	1	0	0	1	0	15	127	95	0	0	0	3	0	130	104	97	85	0	2	0	4	157	0	99	202	0	0	2	0	161	110	184	134	0	4	1	0	29	103	184	76	0	3	0	0	4	0	125	71	0	3	0	0	2	1	22	18	0	1	
0	0	0	2	0	0	0	0	0	0	1	1	3	16	47	6	0	3	0	87	64	100	129	6	3	0	72	214	95	4	0	0	0	46	45	0	97	88	0	4	0	45	140	91	136	38	0	2	1	0	20	61	24	0	1	0	0	1	1	0	1	1	0	0	
0	0	0	0	0	0	0	0	0	0	14	49	3	65	0	1	2	0	52	92	36	130	0	3	3	0	113	82	93	79	0	3	3	0	121	165	189	25	0	1	0	0	0	14	144	4	0	0	0	2	0	65	118	0	3	0	0	1	0	18	17	0	1	0	
0	0	1	0	1	2	0	0	0	0	5	18	3	0	0	0	3	0	122	166	133	196	82	0	0	26	179	0	43	223	30	0	0	11	31	0	178	109	0	3	0	3	0	120	178	0	2	0	3	0	71	223	17	0	1	0	3	0	118	94	0	3	0	0	
0	0	1	0	0	1	0	0	0	0	4	36	0	19	18	0	2	0	47	107	0	133	32	0	2	0	129	27	29	123	0	4	1	0	135	82	128	129	28	0	0	0	2	43	161	13	0	1	0	1	0	27	98	0	3	0	0	0	0	10	25	0	1	0	
0	0	1	0	19	38	0	0	0	1	0	127	151	206	66	0	0	2	2	76	1	152	87	0	0	0	8	0	53	202	6	0	0	37	127	159	255	114	0	4	8	203	219	190	146	185	0	0	3	83	96	14	8	124	15	0	0	0	0	1	3	0	0	0	
0	0	0	1	1	1	0	0	0	0	0	13	57	1	0	0	0	3	0	166	236	12	0	1	3	0	91	156	142	81	0	3	0	15	197	21	58	192	0	2	0	7	24	0	107	156	0	2	0	1	0	26	172	15	0	1	0	1	0	27	44	0	2	0	
0	0	0	0	4	2	0	0	0	1	0	138	191	171	63	0	0	1	0	59	9	183	145	0	0	2	0	54	193	146	3	0	2	17	0	62	163	105	0	4	46	193	19	0	142	132	0	3	3	113	167	182	147	5	0	1	0	0	5	6	0	1	0	0	
0	0	0	1	1	0	0	0	0	0	0	0	16	37	0	1	0	0	7	2	66	53	0	2	1	0	32	153	161	93	9	0	3	0	122	89	156	83	0	0	0	0	47	19	130	0	0	0	0	1	0	39	106	0	3	0	0	0	0	8	11	0	0	0	
0	0	0	0	4	6	0	0	0	1	0	16	141	139	63	0	0	3	0	116	62	93	128	0	0	4	0	79	185	105	9	0	1	0	33	167	193	0	0	0	0	12	172	128	143	0	3	0	0	9	148	165	33	0	1	0	0	0	3	5	0	0	0	0	
0	0	2	1	0	2	0	0	0	1	0	34	67	1	0	0	2	0	54	116	41	47	9	0	0	3	177	22	39	127	0	1	2	0	104	159	192	65	0	3	0	0	3	0	98	58	0	2	0	0	6	0	104	79	0	3	0	0	2	0	45	36	0	1	
0	0	0	0	1	0	0	0	0	0	2	0	60	144	0	2	0	0	4	0	127	156	0	3	0	1	0	9	203	44	0	2	0	3	0	125	178	0	3	0	2	0	31	219	46	0	2	0	3	0	89	134	0	3	0	0	0	0	0	1	2	0	0	0	
0	0	1	2	0	0	0	0	0	1	0	21	129	54	0	2	1	0	19	136	103	164	0	2	2	0	58	158	136	149	0	3	0	1	0	33	143	82	0	3	0	23	13	0	140	35	0	1	0	43	128	145	93	0	2	0	1	0	23	43	0	1	0	0	
0	0	0	0	35	32	0	1	0	2	0	98	155	195	38	0	0	2	0	13	0	121	107	0	1	0	14	11	0	178	61	0	0	68	159	129	192	148	0	2	3	201	124	167	251	153	0	1	0	79	150	66	1	88	11	0	0	0	0	0	0	0	0	0	
0	0	1	1	0	0	0	0	0	1	0	16	163	136	0	1	1	0	16	203	219	184	0	1	2	0	54	194	188	51	0	2	0	1	0	195	224	23	0	1	3	0	69	221	182	169	0	3	2	0	32	173	128	25	0	1	0	0	0	0	0	0	0	0	
0	0	0	0	0	1	0	0	0	0	10	21	4	0	2	0	0	25	190	129	133	179	130	0	0	44	110	0	5	193	70	0	0	0	4	0	119	136	0	3	0	3	0	66	179	8	0	1	2	0	31	211	45	0	2	0	3	0	101	101	0	4	0	0	
0	0	2	1	0	1	0	0	0	1	0	42	80	0	0	0	2	0	58	170	171	84	0	3	3	0	136	29	88	127	0	4	3	0	121	146	224	55	0	3	1	0	21	47	150	34	0	1	0	0	2	0	173	49	0	2	0	0	2	0	66	18	0	1	
0	0	0	0	0	0	0	0	0	0	1	0	44	154	0	0	0	0	4	0	122	195	0	2	0	1	0	14	213	77	0	3	0	3	0	148	187	0	2	0	3	0	58	241	35	0	2	0	3	0	88	141	0	1	0	0	0	0	0	0	1	0	0	0	
0	0	1	1	7	0	0	0	1	0	12	142	158	101	0	1	3	0	127	129	7	157	9	0	3	0	122	233	211	119	0	3	3	0	89	142	107	155	34	0	4	0	125	94	0	133	90	0	2	0	33	161	174	134	10	0	0	0	0	0	1	0	0	0	
0	0	0	0	0	0	0	0	0	0	0	65	68	6	0	0	3	0	73	195	158	197	9	0	1	0	38	17	57	174	0	1	0	0	1	0	188	72	0	3	0	3	0	112	166	0	3	0	2	0	57	207	20	0	1	0	2	0	63	59	0	2	0	0	
0	0	1	0	0	1	0	0	0	0	4	88	12	0	0	0	3	0	95	136	0	11	0	0	4	0	119	109	124	96	0	3	0	0	3	98	221	34	0	2	0	0	0	9	153	6	0	0	0	0	2	0	103	24	0	1	0	0	0	0	11	9	0	0	
0	0	0	0	0	0	0	0	0	0	2	0	51	110	0	3	0	0	4	0	156	146	0	4	0	1	0	27	228	45	0	2	0	1	0	182	157	0	2	0	3	0	126	234	17	0	1	0	2	0	167	88	0	3	0	0	0	0	0	1	1	0	0	0	
0	0	0	0	0	1	0	0	0	4	131	136	76	0	0	0	0	0	69	40	129	93	0	4	0	1	0	15	187	61	0	3	0	0	3	0	144	45	0	2	0	0	3	0	92	89	0	3	1	0	27	114	183	36	0	2	0	0	0	43	39	0	1	0	
0	0	0	0	0	0	0	0	0	0	2	0	71	136	0	3	0	0	2	0	189	152	0	4	0	1	0	29	244	67	0	3	0	3	0	145	213	0	0	1	2	0	39	253	82	0	3	0	3	0	88	156	0	2	0	0	0	0	0	0	1	0	0	0	
0	0	0	0	1	0	0	0	0	0	1	104	11	0	0	0	0	2	0	155	47	0	2	0	0	4	0	112	103	0	3	0	0	3	0	99	125	0	4	0	0	2	0	66	181	0	2	0	0	2	0	48	124	0	2	0	0	0	0	0	0	0	0	0	
0	0	1	1	0	0	1	0	0	1	0	9	165	60	0	2	0	1	0	157	207	243	59	0	3	0	129	153	0	69	148	0	0	34	196	18	0	57	149	0	0	87	154	0	55	181	67	0	0	16	164	172	155	50	0	1	0	0	3	8	0	0	1	0	
1	0	38	47	0	0	0	0	0	41	205	210	114	0	1	0	0	25	25	16	223	33	0	2	0	2	0	63	198	1	3	2	1	0	10	188	78	0	3	0	4	0	104	246	90	86	89	33	1	0	22	98	147	152	111	29	0	0	0	0	0	0	0	0	
0	0	0	0	0	0	0	0	0	1	0	75	153	117	38	0	0	0	0	95	78	212	112	0	0	3	0	51	157	133	3	0	0	2	0	124	229	43	0	2	0	98	22	0	160	94	0	3	0	109	193	171	161	6	0	1	0	0	34	41	4	0	0	0	
0	0	1	1	0	1	0	0	0	1	0	17	71	8	0	0	1	0	14	156	177	92	0	3	4	0	102	120	16	166	0	1	2	0	36	161	195	96	0	2	0	1	0	42	184	3	0	0	0	1	0	25	164	0	0	0	0	0	0	10	63	0	0	0	
0	0	0	0	1	1	0	0	0	0	1	2	0	114	19	0	0	0	1	0	37	165	0	1	3	0	81	28	118	91	0	3	0	0	177	175	209	26	0	1	0	4	0	161	115	0	2	0	0	0	2	119	12	0	0	0	0	0	1	0	2	0	0	0	
0	0	1	1	0	0	0	0	0	1	0	24	71	11	0	1	1	0	22	118	87	77	0	3	3	0	89	43	72	89	0	3	3	0	89	85	146	23	0	1	1	0	16	125	135	0	3	0	0	2	0	61	85	0	3	0	0	1	0	32	23	0	1	0	
0	0	0	0	1	0	0	0	2	0	48	119	194	125	0	2	2	0	84	102	22	180	30	0	0	0	2	0	57	199	3	0	0	6	66	96	209	63	0	2	0	149	255	237	232	52	0	2	0	49	81	0	107	141	0	3	0	0	0	0	0	0	0	0	
0	0	0	0	0	0	0	0	0	2	0	48	63	0	2	0	0	2	0	65	124	0	3	0	0	2	0	64	136	0	4	0	0	2	0	63	123	0	3	0	0	3	0	103	106	0	3	0	1	0	11	146	26	0	1	0	0	0	2	3	0	0	0	0	
0	0	0	4	87	10	0	0	0	3	0	103	177	0	2	0	1	0	26	215	39	0	2	0	2	0	156	115	0	45	24	0	0	19	202	6	107	255	102	0	0	0	176	215	252	164	8	0	1	0	17	87	46	0	1	0	0	0	1	0	0	2	1	0	
0	0	0	0	0	2	2	0	0	2	0	127	98	0	2	0	0	3	0	118	152	62	42	0	0	3	0	88	205	76	20	0	1	0	18	150	156	0	1	0	3	0	102	83	147	11	0	0	3	0	77	150	52	0	2	0	0	0	2	7	0	0	0	0	
0	0	1	2	0	1	0	0	0	0	1	2	0	54	65	0	1	0	27	99	0	171	39	0	2	0	154	116	55	132	0	4	0	10	162	141	208	85	0	3	0	1	0	15	157	11	0	1	0	2	0	51	113	0	3	0	0	0	0	8	11	0	0	0	
0	0	0	0	0	0	0	0	0	0	6	47	79	25	0	1	2	0	60	140	199	52	0	2	0	1	0	52	166	0	1	0	0	3	0	83	157	0	3	0	0	3	0	100	132	0	4	0	0	3	0	106	123	0	4	0	0	1	0	38	47	0	1	0	
0	0	0	0	0	2	1	0	0	0	6	27	12	0	0	0	2	0	166	209	172	159	47	0	0	3	185	46	0	174	96	0	0	0	8	0	48	199	8	0	0	1	0	14	201	71	0	3	1	0	3	193	124	0	3	0	3	0	65	138	0	2	0	0	
0	0	0	0	0	0	0	0	2	0	59	34	0	18	0	0	1	0	118	10	50	73	0	3	0	3	126	8	119	98	5	0	1	0	86	135	196	116	21	0	0	0	0	12	134	1	0	0	0	1	0	34	103	0	3	0	0	0	0	0	1	0	0	0	
0	0	0	0	0	1	1	0	0	0	2	3	0	78	57	0	0	0	5	6	7	158	20	0	1	0	131	39	71	131	0	4	0	49	217	123	205	51	0	2	0	10	0	109	134	0	3	0	0	3	0	92	52	0	2	0	0	0	1	0	2	0	0	0	
0	0	1	0	0	1	0	0	0	0	0	62	31	0	1	0	3	0	79	236	127	5	0	1	4	0	182	140	190	93	0	4	4	0	127	252	255	122	0	4	1	0	19	65	191	114	0	4	0	0	4	0	158	77	0	3	0	0	3	0	54	33	0	1	
0	0	1	0	17	34	0	0	0	2	0	69	210	216	64	0	0	4	0	100	57	121	122	0	1	0	25	16	20	213	44	0	0	63	151	165	255	106	0	3	2	194	195	172	195	142	0	1	0	59	93	15	28	120	1	0	0	0	0	1	2	0	0	0	
0	0	0	0	1	0	0	0	0	2	0	104	191	18	0	1	2	0	41	164	76	30	0	1	1	0	21	152	8	0	1	0	0	3	0	92	167	4	0	1	1	0	19	44	139	132	0	4	1	0	5	127	194	104	0	3	0	0	0	0	5	0	0	0	
0	0	0	0	0	0	0	0	0	0	4	8	2	11	6	0	4	0	117	204	157	215	85	0	0	0	191	72	23	212	46	0	0	1	21	0	145	162	0	3	0	3	0	112	221	13	0	1	3	0	88	244	40	0	2	0	3	0	124	96	0	4	0	0	
0	0	6	57	27	0	1	0	2	0	120	179	188	22	0	1	0	2	19	0	123	106	0	4	0	0	4	0	105	71	0	2	0	24	166	116	150	31	0	1	0	81	187	197	233	100	102	4	1	0	70	83	42	120	68	0	0	0	0	0	0	0	0	0	
0	0	0	0	0	1	1	0	0	0	1	3	0	82	45	0	0	0	1	2	8	143	12	0	2	0	62	95	90	105	0	3	2	0	144	171	203	37	0	2	0	4	0	119	116	0	0	1	0	0	1	114	12	0	0	0	0	0	1	1	2	1	0	0	
0	1	0	0	0	2	1	0	2	0	118	40	0	2	0	0	0	30	181	12	0	130	50	0	0	104	126	0	20	170	13	0	0	78	180	54	128	233	95	0	0	0	94	156	187	164	7	0	0	0	2	0	52	115	0	3	0	0	3	4	1	7	2	0	
0	0	1	0	15	10	0	0	0	1	0	22	224	171	2	0	0	4	0	164	149	168	40	0	0	0	2	9	58	175	0	1	0	24	111	148	246	78	0	3	0	150	197	203	205	135	0	3	0	87	155	43	6	55	0	0	0	0	0	1	2	0	0	0	
0	0	0	0	0	0	0	0	0	3	0	103	121	0	3	0	0	4	0	164	157	0	4	0	0	4	0	159	135	0	4	0	0	4	0	161	160	0	4	0	0	4	0	165	165	0	4	0	0	2	0	87	125	0	3	0	0	0	0	0	0	0	0	0	
0	0	1	2	0	0	0	0	0	1	0	11	86	21	0	1	1	0	19	131	132	136	0	3	0	0	185	83	61	195	0	0	0	0	125	119	205	113	0	3	0	2	0	48	170	4	0	1	1	0	16	183	49	0	2	0	1	0	28	60	0	2	0	0	
0	2	3	3	3	0	0	0	0	0	0	0	3	20	0	0	0	53	81	61	117	116	0	3	0	81	97	59	149	57	0	2	1	0	26	111	193	131	55	0	0	1	11	50	168	58	8	0	0	0	0	6	93	0	0	0	0	0	0	6	13	0	1	0	
0	0	0	0	3	42	6	0	0	2	0	81	181	218	109	0	0	5	0	98	79	181	118	0	0	0	17	19	114	212	8	0	0	63	206	252	253	47	0	2	32	240	255	180	192	168	4	0	11	129	102	0	31	99	5	0	0	0	0	2	2	0	0	0	
0	1	0	0	0	0	0	0	0	0	63	109	105	66	13	0	0	103	165	43	2	40	36	0	0	55	146	117	164	130	0	0	0	3	0	97	130	131	52	0	0	0	6	147	0	159	97	0	0	1	0	139	201	161	3	0	0	1	0	18	44	0	0	0	
0	0	1	0	0	1	0	0	0	0	3	31	18	0	0	0	3	0	141	167	152	174	7	0	0	3	101	0	56	194	0	0	0	0	2	0	182	104	0	4	0	3	0	103	164	0	1	0	2	0	64	188	10	0	1	0	2	0	112	48	0	2	0	0	
0	0	1	0	34	23	0	1	0	0	0	8	107	11	0	1	0	2	0	63	71	0	2	0	0	2	0	103	33	4	0	0	0	0	0	119	133	119	0	2	0	2	0	144	150	38	0	2	0	0	2	17	2	0	0	0	0	0	0	0	1	2	0	0	
0	0	0	2	0	0	0	0	0	0	0	0	69	47	0	1	0	2	0	101	155	158	0	1	3	0	72	151	52	141	0	3	2	0	45	146	228	51	0	2	0	2	0	68	173	0	2	0	0	1	0	173	65	0	2	0	0	0	5	75	3	0	0	0	
0	0	0	0	4	0	0	0	1	0	13	112	143	66	0	2	2	0	50	171	82	144	0	4	0	0	4	78	187	61	0	2	0	2	0	94	100	36	6	0	2	0	58	223	121	226	24	0	3	0	130	130	48	119	3	0	0	0	0	0	0	0	0	0	
0	0	0	1	0	18	8	0	0	0	4	0	24	205	42	0	0	3	0	4	158	223	66	0	0	0	59	106	140	163	22	0	0	95	118	43	243	163	0	4	6	172	87	165	113	182	15	0	0	78	141	46	0	74	13	0	0	0	0	0	3	0	0	0	
0	0	0	0	0	0	0	0	0	54	133	118	96	2	0	0	8	154	66	0	125	89	0	3	2	14	0	13	186	78	0	3	1	0	15	165	154	141	18	0	1	0	22	19	0	182	63	0	3	0	94	171	170	110	0	1	0	0	0	47	26	0	1	0	
0	0	0	0	0	0	0	0	0	0	0	6	94	120	78	0	1	0	16	143	93	144	151	0	0	1	0	160	122	141	9	0	1	0	18	204	167	0	2	0	0	13	143	148	119	0	5	0	0	34	183	165	31	0	1	0	1	0	36	26	0	1	0	0	
0	0	0	0	2	0	0	0	0	3	0	118	69	0	2	0	0	2	0	176	74	0	3	0	0	2	0	173	73	0	3	0	0	3	0	172	72	0	3	0	0	3	0	109	143	0	2	0	0	0	0	3	137	84	0	2	0	0	0	1	1	3	0	0	
0	0	2	0	65	24	0	1	0	1	0	33	193	16	0	1	0	0	0	168	77	0	3	0	4	0	109	163	0	63	27	0	0	0	179	39	86	231	81	0	0	5	196	193	244	138	4	0	1	0	31	91	60	11	0	1	0	0	0	0	0	2	1	0	
0	0	0	1	0	0	0	0	0	1	0	17	116	38	7	0	0	2	0	74	97	73	17	0	1	0	17	136	31	6	0	0	3	0	75	134	70	114	0	1	0	1	23	0	45	108	0	2	1	0	89	122	94	11	0	1	0	0	6	11	0	1	0	0	
0	0	0	0	1	0	0	0	0	0	2	0	49	118	0	2	0	0	4	0	138	146	0	4	0	1	0	26	207	30	0	2	0	3	0	159	129	0	3	0	3	0	83	192	0	0	0	0	2	0	145	67	0	2	0	0	0	0	1	1	1	0	0	0	
0	0	0	0	0	0	0	0	0	2	0	57	97	0	3	0	0	3	0	78	127	0	4	0	0	3	0	72	125	0	3	0	0	2	0	65	114	0	3	0	0	2	0	54	131	0	3	0	0	2	0	46	118	0	2	0	0	0	0	0	0	0	0	0	
0	0	1	1	0	0	0	0	0	1	0	9	183	198	38	0	0	2	0	180	181	201	171	0	2	0	127	239	3	61	180	0	0	50	255	65	0	189	145	0	0	95	241	129	246	197	11	0	0	12	161	212	99	8	0	1	0	0	0	0	0	2	1	0	
0	2	54	37	0	2	0	0	0	74	159	201	90	0	3	0	0	9	0	36	216	36	0	2	1	0	48	17	119	96	0	4	4	0	155	152	76	108	0	4	3	0	53	251	243	128	82	16	0	1	0	75	100	111	88	3	0	0	1	0	0	0	0	0	
0	0	1	0	36	36	0	1	0	0	1	0	153	50	0	2	0	3	0	117	136	0	3	0	2	0	43	170	6	40	1	0	4	0	115	100	112	214	0	0	2	0	40	171	234	99	0	3	0	0	0	10	40	3	0	0	0	0	1	1	0	2	0	0	
0	0	0	2	0	0	0	0	0	0	2	2	0	43	31	0	0	0	9	71	0	111	46	0	3	0	120	124	14	152	9	0	0	36	206	107	169	120	0	4	0	8	10	0	143	36	0	1	0	1	0	37	133	0	2	0	0	1	0	11	18	0	0	0	
0	0	0	2	0	0	0	0	0	0	0	0	47	102	67	0	0	3	0	119	147	109	75	0	2	0	36	222	76	0	1	0	0	53	6	0	121	134	0	4	0	136	134	87	156	50	0	2	0	6	59	72	32	0	1	0	0	1	0	0	1	2	0	0	
0	0	0	0	0	0	0	0	0	1	2	78	125	38	0	1	0	37	166	64	112	137	0	3	0	1	27	136	215	32	0	2	1	0	77	60	101	143	0	0	0	44	164	0	1	201	45	0	0	15	107	116	145	110	0	0	0	0	0	30	34	0	0	0	
0	0	0	0	3	7	0	0	0	1	0	73	155	150	59	0	0	1	0	45	5	157	90	0	0	2	0	24	187	132	0	2	4	17	0	49	113	145	2	0	31	157	12	0	86	151	0	1	0	85	151	151	147	15	0	1	0	0	5	12	1	1	0	0	
0	0	0	0	0	0	0	0	0	3	0	90	86	0	3	0	0	4	0	148	110	0	3	0	0	4	0	151	103	0	3	0	0	4	0	130	133	0	3	0	0	2	0	52	212	12	0	1	0	0	2	0	115	108	0	3	0	0	0	1	1	2	0	0	
0	0	0	2	0	0	0	0	0	0	1	0	15	96	62	0	0	3	0	68	86	148	66	0	2	0	32	212	78	0	1	0	4	53	1	0	105	128	0	3	0	127	131	80	159	93	0	3	0	0	38	95	62	0	1	0	0	2	0	0	0	2	0	0	
0	0	0	0	0	0	0	0	0	0	1	0	66	15	0	1	0	1	0	16	172	8	0	1	0	3	0	76	136	0	4	0	0	3	0	110	109	0	3	0	0	3	0	104	75	0	3	0	0	2	0	67	94	0	3	0	0	0	0	4	19	0	0	0	
0	1	0	2	0	0	0	0	0	0	0	0	54	44	0	1	4	15	0	102	133	137	0	1	6	0	87	145	38	169	0	2	2	0	44	140	228	85	0	3	0	3	0	97	158	0	2	0	2	0	53	190	11	0	1	0	2	0	49	49	0	2	0	0	
1	0	40	55	9	0	0	0	2	0	91	147	173	41	0	2	0	0	3	0	163	82	0	4	0	2	0	33	189	14	0	1	0	1	0	164	101	27	62	25	0	11	173	247	169	169	96	20	0	24	139	92	29	0	1	0	0	0	0	0	0	2	3	1	
0	0	2	1	1	0	0	0	0	0	0	8	0	4	6	0	1	0	46	182	128	206	64	0	0	0	112	35	84	191	0	0	0	1	0	24	198	44	0	2	0	1	0	181	101	0	3	0	3	0	84	186	0	3	0	0	3	0	93	66	0	2	0	0	
0	0	1	0	1	1	0	0	0	0	0	10	2	1	1	0	1	0	30	69	22	23	0	1	2	0	62	92	127	87	6	0	0	0	0	71	150	34	7	0	0	1	0	42	85	0	3	0	0	2	0	62	54	0	2	0	0	1	0	23	12	0	0	0	
0	0	0	2	0	1	3	0	0	0	2	3	0	52	67	0	0	1	0	89	2	117	44	0	2	0	70	137	23	136	0	2	0	0	147	123	160	75	0	3	0	2	0	50	167	0	1	0	0	2	0	83	54	0	2	0	0	0	0	3	2	0	0	0	
0	0	0	1	0	0	0	0	0	0	2	0	137	61	0	2	0	4	0	79	255	62	0	3	1	0	34	150	149	55	0	2	0	0	202	106	146	70	0	3	0	18	147	153	218	104	0	4	0	0	3	0	78	97	0	3	0	1	4	3	1	0	0	0	
0	0	0	3	1	0	0	0	0	0	2	0	53	140	30	0	0	0	0	108	166	132	188	0	0	0	3	182	90	138	90	0	0	1	0	145	222	72	0	2	0	7	122	217	125	0	6	0	0	65	216	161	30	0	1	0	0	3	49	19	0	1	0	0	
0	0	0	0	7	8	0	0	0	0	2	0	69	65	0	2	0	0	3	0	160	77	0	3	0	2	0	44	254	63	0	3	0	4	0	124	236	11	0	1	1	0	6	234	131	0	3	0	1	0	22	143	32	0	1	0	0	0	0	0	1	0	0	0	
0	0	0	1	3	3	3	0	0	0	0	1	0	0	0	0	0	1	0	7	86	107	93	11	0	2	0	139	140	19	33	4	0	18	8	28	138	43	0	2	0	53	126	111	138	15	0	1	1	0	19	47	14	0	1	0	0	1	1	0	1	1	0	0	
0	0	0	0	1	2	1	0	0	0	0	1	1	0	0	0	0	0	2	0	10	53	68	22	0	0	0	17	111	76	31	3	0	0	49	67	102	5	0	0	0	43	94	60	32	0	1	0	0	4	28	16	0	1	0	0	0	0	0	0	1	0	0	0	
0	0	1	2	0	0	0	0	0	0	0	0	69	47	0	1	1	0	14	114	69	154	11	0	4	0	94	169	78	160	0	1	1	0	28	75	193	96	0	3	0	2	0	63	171	0	0	0	1	0	21	198	45	0	2	0	2	0	40	74	0	2	0	0	
0	0	0	1	0	0	0	0	0	1	0	18	86	73	1	0	0	0	3	151	101	85	5	0	2	0	53	202	100	18	0	1	1	0	16	18	115	95	0	3	0	0	0	2	155	36	0	2	1	0	10	143	80	0	2	0	1	0	38	62	0	2	0	0	
0	0	2	0	41	48	0	2	0	1	0	23	201	55	0	2	0	1	0	189	109	0	3	0	3	0	107	168	1	119	23	0	3	0	176	85	180	245	51	0	3	0	123	245	244	110	0	1	0	0	6	70	38	0	1	0	0	0	1	0	0	3	0	0	
0	0	0	0	1	2	0	0	0	0	0	0	1	0	0	0	0	8	103	122	131	147	2	0	0	0	8	0	120	71	0	2	0	1	0	24	126	0	1	0	0	3	0	74	93	0	3	0	0	3	0	101	63	0	2	0	0	3	0	103	59	0	2	0	
0	0	1	2	0	0	0	0	0	0	0	1	69	36	0	1	0	0	1	120	123	155	3	0	3	0	90	166	60	135	0	2	1	0	19	103	218	48	0	2	0	3	0	104	126	0	3	0	1	0	25	173	15	0	1	0	1	0	25	51	0	2	0	0	
0	2	2	0	0	0	0	0	0	0	2	69	49	0	1	0	0	59	179	185	220	10	0	1	0	150	251	167	221	13	0	1	0	12	67	81	201	44	0	2	0	0	4	0	135	202	0	1	0	1	4	0	22	240	79	0	0	0	0	1	0	75	42	0	
0	0	0	0	0	0	0	0	0	1	0	35	147	73	23	0	1	0	12	159	101	122	166	0	0	0	3	47	95	135	44	0	0	41	0	62	149	125	0	3	0	149	86	15	127	79	0	2	0	17	108	143	88	0	1	0	0	0	0	0	0	1	0	0	
1	4	4	3	4	4	2	0	0	0	0	0	0	0	0	0	19	118	96	83	89	134	62	0	28	206	242	236	237	255	109	0	0	0	11	0	151	219	5	0	1	2	0	14	236	95	0	4	0	3	0	59	241	23	0	1	0	2	0	44	130	1	0	0	
0	0	2	1	0	0	1	0	0	2	0	29	209	159	4	0	2	0	29	219	193	242	98	0	0	0	205	228	0	147	165	0	0	107	255	45	0	193	127	0	0	143	255	176	225	209	17	0	0	12	145	212	123	10	0	1	0	0	0	0	0	1	1	0	
0	0	1	0	1	1	0	0	0	0	3	81	47	0	1	0	2	0	119	123	150	46	0	2	0	8	158	14	190	83	0	3	2	0	72	144	205	54	0	2	0	0	3	0	136	63	0	2	0	0	6	0	141	85	0	3	0	0	2	0	48	40	0	1	
0	0	2	0	0	0	1	0	0	1	0	158	209	105	0	0	2	0	150	181	55	232	120	0	0	52	225	25	0	60	215	7	0	141	166	0	0	40	213	13	0	103	228	73	61	194	135	0	0	1	120	208	205	107	0	0	0	1	0	0	0	0	1	0	
0	0	1	0	20	28	0	1	0	1	0	16	157	88	0	2	0	2	0	133	72	0	3	0	1	0	30	133	0	6	0	0	4	0	90	153	83	105	10	0	4	0	104	103	16	147	24	0	1	0	12	90	97	33	0	1	0	0	0	0	0	1	1	0	
0	0	2	0	59	33	0	1	0	2	0	48	173	15	0	1	1	0	10	198	53	0	2	0	3	0	112	132	41	156	1	0	3	0	172	88	159	195	29	0	3	0	95	207	230	121	0	1	0	0	0	51	55	6	0	0	0	0	2	0	0	2	0	0	
0	0	16	50	40	0	0	0	0	20	101	94	114	69	0	2	0	1	1	0	0	120	10	0	0	0	0	0	5	121	5	0	2	0	66	105	107	83	0	3	0	11	132	62	194	121	11	0	0	1	84	84	7	64	68	0	0	0	0	0	1	1	0	0	
0	0	2	12	15	3	0	0	1	0	26	140	109	150	18	0	0	0	1	0	44	210	34	0	1	0	18	175	234	50	0	2	0	0	12	25	110	60	0	2	0	101	37	8	175	41	0	2	0	79	173	182	104	0	2	0	0	0	5	6	0	1	0	0	
0	1	1	0	1	1	0	0	1	0	32	51	30	0	0	0	0	39	119	17	70	38	0	1	0	76	67	0	83	132	0	4	0	22	101	58	156	108	0	4	1	0	17	34	71	64	0	3	0	1	3	0	66	98	0	1	0	0	1	0	9	80	13	0	
0	0	2	1	0	0	2	0	0	3	0	56	181	87	0	1	3	0	85	200	88	218	132	0	0	29	229	59	0	15	191	36	0	147	143	0	0	16	185	27	0	96	201	77	80	193	102	0	1	0	99	139	131	50	0	2	0	1	0	0	0	0	2	0	
0	0	0	2	2	1	0	0	0	1	0	12	17	0	1	0	0	2	0	132	134	10	0	1	0	0	113	104	93	117	0	4	0	13	68	0	60	103	0	4	0	0	2	0	108	39	0	1	0	2	0	39	105	0	2	0	0	1	0	29	32	0	1	0	
0	0	0	2	3	0	0	0	0	0	0	0	0	20	19	0	0	3	0	29	134	143	80	0	1	0	13	199	130	0	0	0	0	67	40	3	104	113	0	3	0	55	136	120	143	61	0	2	0	0	0	26	20	0	0	0	0	2	2	0	1	2	0	0	
0	0	0	0	0	0	0	0	1	0	30	51	7	74	0	0	4	0	106	118	73	172	0	3	4	0	165	103	105	196	0	2	1	0	181	193	228	151	0	3	0	1	19	0	158	126	0	5	0	0	3	0	144	96	0	3	0	0	1	0	18	4	0	0	
0	0	0	1	2	0	0	0	1	4	1	0	24	90	15	0	1	5	0	83	93	111	177	0	0	3	0	77	208	146	75	0	2	0	76	175	214	34	0	1	0	28	182	105	166	0	4	0	0	13	140	166	49	0	2	0	0	0	4	5	0	0	0	0	
0	1	0	0	0	0	0	0	1	0	29	113	227	146	0	1	0	45	236	235	115	118	8	0	0	108	181	99	16	15	109	0	0	102	207	2	0	38	214	13	0	14	215	169	25	89	198	0	1	0	24	158	192	206	80	0	0	1	1	0	2	1	0	0	
0	0	1	2	0	0	0	0	0	1	0	18	80	12	0	1	1	0	25	132	110	90	0	3	2	0	63	154	79	123	0	3	0	1	0	31	190	62	0	3	0	1	0	35	151	0	1	0	0	2	0	151	77	0	3	0	0	0	2	69	6	0	0	0	
0	0	0	1	1	1	0	0	0	0	5	83	4	3	1	0	3	0	70	105	5	92	0	1	3	0	126	31	71	78	0	2	3	0	109	108	157	115	0	0	1	0	4	105	176	9	0	1	0	1	0	17	98	0	1	0	0	0	1	3	2	1	0	0	
0	0	0	0	1	0	0	0	0	0	2	0	57	135	0	2	0	0	4	0	152	146	0	4	0	0	0	4	189	42	0	2	0	3	0	133	149	0	3	0	3	0	77	197	8	0	1	0	3	0	142	74	0	3	0	0	0	0	0	2	1	0	0	0	
0	0	0	0	1	0	0	0	0	6	111	84	0	2	0	0	0	20	66	163	67	0	2	0	0	2	0	52	131	0	3	0	0	1	0	14	113	0	1	0	0	3	0	90	168	0	1	0	0	1	0	3	108	158	19	0	0	0	0	1	0	42	17	0	
0	0	0	0	0	0	0	0	0	1	0	28	95	116	31	0	1	0	0	207	93	143	111	0	0	3	0	122	181	123	11	0	2	0	44	193	223	8	0	1	0	5	186	80	179	11	0	0	0	10	158	147	116	0	2	0	1	0	30	60	1	0	0	0	
0	0	1	2	0	2	0	0	0	1	2	1	22	9	0	0	0	12	151	131	148	162	0	0	1	0	166	54	0	169	43	0	0	20	180	7	0	158	22	0	0	18	69	0	66	118	0	3	0	0	1	0	126	31	0	1	0	1	0	31	78	0	1	0	
0	0	0	0	1	0	0	0	0	0	2	0	55	120	0	3	0	0	4	0	139	138	0	4	0	1	0	23	210	34	0	2	1	0	0	173	122	0	3	0	3	0	107	194	0	1	0	0	3	0	138	72	0	3	0	0	0	0	0	1	1	0	0	0	
0	0	0	0	30	12	0	0	0	1	0	18	161	184	7	0	0	0	4	0	17	214	22	0	2	2	2	0	147	245	19	0	1	0	63	191	253	196	32	0	51	209	239	160	40	0	1	0	36	87	19	0	1	1	1	0	0	0	0	3	2	0	0	0	
0	0	1	0	29	5	0	0	0	1	0	25	174	10	0	0	0	1	0	157	98	0	3	0	3	0	108	130	9	136	40	0	0	4	179	47	198	255	82	0	1	0	135	238	220	62	0	1	0	1	0	78	69	0	3	0	0	0	1	0	1	3	0	0	
0	0	0	0	0	0	0	0	0	0	0	7	147	21	0	1	0	2	0	50	184	0	0	1	0	2	0	66	126	0	3	0	0	4	0	127	124	0	4	0	0	3	0	178	138	0	3	0	0	1	0	135	91	0	2	0	0	0	0	0	0	0	0	0	
0	0	1	1	0	2	0	0	0	2	0	73	136	0	0	0	1	0	21	230	255	73	0	7	3	0	164	122	96	219	5	51	0	19	224	23	15	222	31	0	0	14	230	127	195	147	0	31	2	0	96	192	122	0	1	48	0	0	0	0	0	1	0	0	
0	0	0	0	0	1	0	0	1	0	87	140	81	5	0	0	0	0	84	83	139	160	1	0	2	0	76	145	187	182	0	0	0	49	12	0	5	107	137	0	0	170	144	86	104	144	128	0	0	12	79	103	87	43	0	0	0	1	0	0	0	0	2	0	
0	0	1	2	0	0	1	1	0	1	2	0	103	160	40	0	0	1	0	155	153	69	156	23	2	0	153	141	0	0	141	51	0	77	176	0	0	104	148	0	0	149	134	50	149	138	12	0	0	30	143	147	63	0	2	1	0	0	0	0	0	3	1	0	
0	0	0	0	0	0	0	0	0	0	0	10	50	0	1	0	0	1	0	28	129	0	2	0	0	2	0	56	128	0	3	0	0	2	0	68	115	0	3	0	0	2	0	51	110	0	3	0	0	1	0	39	67	0	2	0	0	0	0	6	9	0	0	0	
0	0	0	0	0	0	0	0	0	0	1	0	53	80	0	2	0	0	4	0	167	133	0	4	0	1	0	24	197	22	0	1	0	4	0	125	145	0	4	0	1	0	14	198	38	0	1	0	3	0	133	119	0	3	0	0	0	0	40	9	0	0	0	0	
0	0	0	1	0	0	0	0	0	1	0	35	117	64	0	1	0	1	0	113	51	53	9	0	0	0	2	148	129	107	17	0	1	0	16	199	48	0	2	0	3	0	71	118	76	0	2	0	1	0	24	120	103	0	2	0	0	1	0	37	22	0	1	0	
0	0	0	0	0	2	0	0	0	2	0	36	153	183	44	0	0	0	0	17	9	136	102	0	0	2	0	12	27	165	41	0	2	0	62	161	250	153	0	3	0	71	183	145	114	18	1	0	0	111	175	50	0	0	0	0	0	0	0	0	3	2	0	0	
0	0	0	0	0	0	1	0	1	0	74	155	154	82	0	1	3	0	177	189	65	201	90	0	0	28	229	46	0	74	171	0	0	73	213	0	0	89	169	0	0	55	245	28	0	206	108	0	1	0	157	197	180	136	0	0	0	0	0	39	32	0	2	0	
0	0	1	0	0	1	0	0	0	0	4	82	85	7	0	1	3	0	117	127	144	153	0	3	1	0	52	45	126	130	0	2	2	0	100	186	213	26	0	1	0	0	4	0	120	112	0	4	1	0	17	77	178	45	0	2	1	0	58	109	31	0	1	0	
0	0	1	2	0	2	0	0	0	0	0	8	18	0	0	0	1	0	24	197	172	41	5	0	2	0	123	64	40	146	0	1	2	0	129	135	162	72	0	3	2	0	45	79	53	51	0	2	0	0	3	0	89	111	0	3	0	0	4	0	64	56	0	2	
0	0	1	0	0	0	3	1	0	0	11	18	0	37	127	0	3	0	113	81	0	125	113	0	0	25	161	1	6	180	29	0	0	51	197	114	190	134	0	2	1	0	31	99	179	0	0	0	0	2	0	117	60	0	2	0	0	0	3	8	1	1	0	0	
0	1	2	1	0	0	1	0	0	1	4	0	74	68	0	1	0	25	173	144	197	234	88	0	0	137	187	109	1	81	211	0	0	225	121	0	0	104	204	0	0	138	236	113	133	245	80	0	0	1	107	184	169	63	0	1	0	1	0	0	0	0	1	0	
0	0	0	2	3	2	3	0	0	0	1	1	0	0	0	0	0	1	0	35	127	103	76	7	2	0	41	183	38	28	36	2	1	0	18	108	102	0	1	0	0	31	67	109	121	0	2	0	0	21	64	44	2	0	0	0	0	0	0	0	2	0	0	0	
0	1	0	0	0	2	1	0	0	6	144	181	132	11	0	1	0	100	199	32	164	201	9	0	0	158	120	0	0	155	169	0	0	149	132	0	0	12	224	47	0	48	233	148	83	143	213	22	2	0	43	157	181	141	29	0	0	1	1	0	0	0	1	1	
0	0	1	0	33	88	0	1	0	1	0	4	183	86	0	2	0	3	0	143	135	0	3	0	3	0	76	177	21	135	61	0	0	13	180	75	151	142	136	0	0	36	197	206	176	147	30	0	1	0	46	75	42	11	0	1	0	0	0	0	0	1	2	0	
0	0	0	0	1	0	0	0	0	0	1	0	39	77	0	3	0	0	3	0	104	67	0	2	0	0	0	11	140	4	0	0	0	2	0	69	108	0	3	0	0	2	0	143	46	0	2	0	0	0	8	112	3	0	0	0	0	0	0	0	1	0	0	0	
0	0	0	0	0	3	2	0	0	1	25	21	5	0	0	0	0	12	179	185	186	166	57	0	0	1	7	9	0	155	170	0	0	0	3	0	108	221	34	0	0	1	0	117	210	46	0	2	0	0	157	160	5	0	2	0	0	49	146	0	2	3	0	0	
0	1	3	3	3	2	0	0	0	0	0	0	0	0	1	0	1	28	72	71	69	62	10	0	28	162	74	51	36	81	95	0	0	73	26	0	0	35	103	0	0	1	3	4	0	98	45	0	0	1	1	0	40	109	0	1	0	0	1	0	48	19	0	1	
0	0	1	3	0	0	1	0	0	0	0	2	65	58	31	74	1	0	6	153	124	186	185	57	3	0	133	82	48	163	23	0	3	0	87	174	146	17	0	3	3	0	81	243	124	0	5	0	0	0	189	177	106	0	2	0	0	0	20	14	0	0	0	0	
0	0	0	0	0	0	0	0	0	1	0	43	102	0	1	0	0	3	0	150	125	0	1	0	0	0	0	172	26	0	1	0	0	1	0	168	29	0	1	0	0	3	0	121	122	0	3	0	0	1	0	10	162	41	0	2	0	0	1	0	13	13	0	1	
0	0	0	2	0	0	1	0	0	0	0	0	67	55	0	1	0	1	0	116	136	197	45	0	3	0	65	202	86	196	29	0	1	0	12	63	223	64	0	3	0	3	0	129	112	0	4	0	3	0	98	161	0	1	0	0	1	0	85	30	0	1	0	0	
0	0	0	2	2	0	0	0	1	0	21	124	76	0	2	0	1	0	85	35	83	1	0	0	0	1	0	19	110	0	2	0	0	2	0	63	75	0	3	0	0	1	0	163	157	97	10	0	2	0	58	104	24	56	14	0	0	0	2	1	0	0	0	0	
0	0	1	2	0	0	1	0	0	1	1	1	121	163	26	0	1	0	3	166	137	86	173	0	0	0	169	121	0	25	186	3	0	119	130	0	7	168	110	0	5	181	58	95	185	101	0	1	0	133	181	123	36	0	2	0	0	0	0	0	1	3	0	0	
0	0	1	1	0	0	0	0	0	1	0	23	61	67	60	22	2	0	46	147	106	98	88	47	3	0	168	111	15	1	0	0	1	0	33	86	135	100	0	4	0	10	64	3	77	137	0	3	0	0	77	122	125	27	0	1	0	0	0	0	0	1	0	0	
0	0	0	0	1	0	0	0	0	0	0	0	7	93	6	0	0	0	3	0	101	174	0	2	0	1	0	13	195	37	0	2	0	3	0	139	105	0	3	0	3	0	70	165	0	2	0	0	0	0	152	38	0	1	0	0	0	5	22	0	1	0	0	0	
0	0	1	1	0	1	0	0	0	0	0	14	26	2	0	0	1	0	35	113	112	62	0	3	1	0	36	24	45	83	0	3	0	37	112	112	186	89	38	20	0	54	133	98	47	45	89	33	0	0	6	1	0	0	0	0	0	1	0	2	2	2	3	1	
0	0	0	0	0	0	1	0	1	0	15	147	171	84	0	2	0	0	13	42	21	179	70	0	0	2	0	14	14	158	102	0	0	1	89	149	218	212	70	0	0	132	162	140	132	10	0	1	0	112	138	67	2	1	2	0	0	0	0	0	2	1	0	0	
0	0	0	0	0	0	0	0	0	4	12	17	0	2	1	0	0	72	198	199	192	27	0	2	0	4	19	19	214	97	19	0	1	0	14	171	233	166	59	0	0	3	0	110	167	0	3	0	0	4	0	125	115	0	5	0	0	2	0	96	52	0	2	0	
0	0	0	0	0	0	0	0	1	0	24	145	129	22	0	1	2	0	38	72	97	211	11	0	0	0	60	113	207	134	0	1	0	0	109	104	116	130	0	3	0	0	2	0	92	174	0	2	0	20	129	168	162	24	0	1	0	2	45	34	0	0	0	0	
0	0	1	0	0	0	0	0	1	0	5	137	146	77	7	0	3	0	115	175	117	200	52	0	4	0	167	175	0	0	1	0	4	0	130	210	213	34	0	2	1	0	37	10	189	96	0	4	2	0	35	197	231	48	0	2	0	1	0	32	37	0	0	0	
0	0	0	2	0	1	1	0	0	0	2	0	2	0	60	27	0	0	4	66	3	33	163	14	1	0	120	115	0	155	50	0	0	61	210	29	152	128	0	6	0	8	65	196	143	0	2	2	1	0	25	98	0	0	0	0	0	0	6	3	2	1	0	0	
0	0	0	2	0	0	0	0	0	0	0	7	79	28	0	1	0	1	0	102	160	106	0	4	2	0	57	108	68	106	0	3	2	0	56	171	189	108	0	2	0	1	0	60	166	0	0	0	0	2	0	63	113	0	3	0	0	1	0	32	28	0	1	0	
0	0	0	0	0	2	3	0	1	0	58	59	16	0	0	0	0	12	155	159	193	163	76	2	0	0	0	2	0	118	222	13	0	2	0	6	116	187	51	0	1	0	29	182	151	12	0	1	0	70	205	61	0	3	2	0	0	76	74	0	5	1	0	0	
0	0	0	0	0	0	0	0	0	1	0	35	90	0	2	0	0	2	0	59	132	0	3	0	0	2	0	53	115	0	3	0	0	2	0	52	111	0	3	0	0	3	0	74	111	0	3	0	0	2	0	49	113	0	2	0	0	0	0	0	0	0	0	0	
0	0	1	2	0	1	3	0	0	0	0	0	75	162	104	0	1	0	10	139	127	40	49	14	3	0	137	97	16	114	84	6	4	0	98	224	115	27	0	1	0	25	155	155	117	0	6	0	0	37	163	126	62	0	2	0	0	0	6	5	0	0	0	0	
0	0	0	0	0	0	0	0	1	17	41	100	72	0	1	0	17	148	129	125	192	1	1	0	1	0	11	166	105	12	0	0	3	0	77	172	109	167	86	0	0	0	12	8	0	154	96	0	2	0	39	150	158	97	0	1	0	0	0	18	11	0	1	0	
0	0	0	3	0	0	0	0	0	0	1	0	22	18	0	0	0	0	0	92	131	175	18	0	5	0	87	170	75	190	18	0	2	4	11	101	197	33	0	2	2	0	35	147	28	0	2	0	0	20	135	33	0	3	0	0	0	72	33	0	3	0	0	0	
0	0	7	11	0	3	1	0	3	0	86	75	0	3	0	0	3	0	130	35	82	173	18	0	3	0	145	74	199	103	84	0	4	0	117	209	125	10	123	0	1	0	12	222	159	125	74	0	0	2	0	43	135	68	0	1	0	0	1	1	0	0	1	0	
0	0	2	1	0	0	1	0	0	2	0	16	81	30	0	1	2	0	40	185	108	43	155	43	0	23	166	44	0	2	161	44	0	139	86	0	17	142	109	0	0	121	160	114	140	65	0	1	0	5	58	45	4	0	2	0	0	0	0	0	1	3	0	0	
0	0	0	3	6	0	0	0	2	0	86	161	162	49	0	2	1	0	60	49	174	96	0	3	1	0	7	195	226	26	0	1	0	0	5	26	63	192	25	0	0	35	31	15	42	199	48	0	0	62	124	166	155	82	0	1	0	0	0	2	0	0	0	0	
0	0	0	0	1	2	0	0	0	0	0	3	0	70	59	0	0	0	2	0	18	208	47	0	0	1	2	0	178	113	0	3	0	1	0	156	109	0	3	0	2	0	131	128	0	4	0	0	0	96	161	0	4	0	0	0	0	26	18	0	1	0	0	0	
0	0	0	0	1	0	0	0	0	0	1	0	28	129	9	0	0	0	2	0	183	196	0	1	0	3	0	77	230	31	0	2	0	0	0	203	105	0	4	0	1	0	12	215	40	0	1	0	2	0	48	207	7	0	1	0	0	0	8	42	8	0	0	0	
0	0	0	0	0	0	0	0	0	0	0	86	96	65	3	0	0	1	0	62	94	150	114	0	1	2	0	0	1	130	96	0	0	3	45	159	230	174	38	0	3	172	227	158	46	0	7	0	13	103	48	0	1	2	0	0	0	0	0	2	2	0	0	0	
0	0	1	27	3	3	1	0	2	0	59	135	0	3	2	0	4	0	120	200	137	117	8	0	2	0	149	75	13	129	127	0	0	3	176	26	0	15	159	4	2	0	160	133	58	134	152	0	1	0	24	141	135	101	16	0	0	0	1	0	0	0	1	0	
0	0	1	2	0	1	1	0	1	0	25	174	98	11	0	1	0	1	0	40	173	212	33	0	0	27	128	150	208	233	21	0	0	26	102	91	54	147	128	0	0	8	6	45	94	187	101	0	0	103	191	164	134	38	0	1	0	2	2	0	0	0	2	0	
0	0	1	2	0	4	3	0	0	1	0	17	112	153	38	0	1	0	1	154	123	2	2	0	3	0	83	232	155	76	0	3	2	0	57	85	20	163	0	2	1	0	90	23	101	133	0	3	1	0	132	163	133	13	0	1	0	0	0	2	0	1	0	0	
0	0	0	0	0	0	1	0	0	1	0	31	71	8	0	0	0	2	0	52	143	185	109	0	0	0	3	0	12	202	76	0	0	3	0	58	203	79	0	2	2	0	98	180	44	0	3	0	0	98	162	0	0	3	0	0	0	67	29	0	3	0	0	0	
0	0	1	0	19	68	0	1	0	1	0	19	111	43	0	1	0	3	0	109	56	0	2	0	0	0	9	105	20	12	0	0	1	0	25	176	119	144	6	0	3	0	64	170	109	136	3	0	0	0	0	12	67	17	0	1	0	0	0	1	0	1	0	0	
0	0	0	0	3	1	2	2	0	2	0	43	165	76	0	2	0	2	0	169	63	44	76	38	0	3	0	147	145	127	82	32	1	0	15	194	167	0	2	0	3	0	141	132	153	10	2	2	2	0	121	163	94	0	1	0	0	0	2	9	0	0	0	0	
