500	64	10
0	0	2	0	81	57	0	2	0	2	0	60	180	71	0	3	1	0	23	146	10	0	2	0	3	0	123	114	59	63	8	0	4	0	163	222	88	106	150	0	3	0	82	165	32	63	117	0	0	1	0	50	79	68	9	0	0	0	1	0	0	0	2	0	
0	0	0	0	0	2	1	0	0	0	0	82	164	185	70	0	3	0	56	220	153	145	4	0	2	0	39	207	209	140	0	3	1	0	2	203	255	41	0	2	4	0	94	250	247	108	0	4	3	0	57	217	173	27	0	1	0	0	0	0	0	0	0	0	
0	3	3	0	0	0	0	0	0	0	0	4	11	0	0	0	0	126	164	176	192	34	0	2	0	53	53	12	138	58	0	2	0	0	2	0	136	60	8	0	0	3	0	93	207	105	52	0	0	1	0	35	164	0	0	0	0	0	0	13	87	0	2	0	
0	0	1	0	0	1	0	0	0	0	0	60	67	3	1	0	3	0	93	233	222	204	78	0	2	0	209	156	76	249	39	0	2	0	59	188	251	155	0	3	0	2	0	31	248	71	0	3	1	0	4	167	251	24	0	2	1	0	10	119	97	1	0	0	
0	0	0	0	2	2	0	0	0	1	0	72	20	0	1	0	1	0	21	214	98	49	14	0	3	0	77	142	51	93	76	5	1	0	29	109	91	1	0	1	0	1	2	0	134	28	0	1	0	5	93	146	93	0	2	0	1	0	35	39	0	0	0	0	
0	0	1	0	0	0	0	0	0	2	0	48	205	148	0	0	3	0	68	250	250	240	16	0	1	0	30	112	227	188	0	1	0	3	0	75	253	156	0	4	0	114	178	4	189	171	0	4	0	32	183	206	203	41	0	2	0	0	0	2	0	0	0	0	
0	0	0	0	0	0	0	0	0	1	0	29	51	0	2	0	0	3	0	82	115	0	4	0	0	4	0	116	89	0	3	0	0	4	0	124	86	0	3	0	0	3	0	104	116	0	4	0	0	2	0	61	95	0	3	0	0	0	0	5	10	0	0	0	
0	0	0	0	0	0	0	0	2	0	62	165	166	82	0	2	1	0	208	176	158	189	0	3	2	0	172	171	128	189	0	3	1	0	1	141	255	125	0	4	0	3	0	65	255	173	0	3	0	3	0	147	255	135	0	3	0	1	0	17	32	0	0	0	
0	0	0	0	0	0	0	0	2	0	63	45	0	9	0	0	3	0	170	50	77	119	0	4	0	29	223	67	138	161	0	4	0	64	232	191	236	220	24	0	0	9	18	0	115	178	0	0	0	0	3	0	63	154	0	3	0	0	1	0	2	23	1	0	
0	0	0	1	0	0	1	0	0	1	0	26	198	113	0	2	0	3	0	160	255	239	33	0	3	0	74	255	239	255	61	0	0	15	231	140	145	255	41	0	0	92	249	120	242	128	0	2	0	55	211	218	84	0	2	0	0	0	0	0	0	2	0	0	
0	0	1	2	0	1	0	0	0	1	0	4	25	5	0	0	1	0	28	131	115	111	0	2	0	21	147	40	105	216	28	0	0	31	153	111	138	160	9	0	1	0	22	14	92	77	0	3	0	2	0	42	138	0	1	0	0	2	0	61	35	0	1	0	
0	1	0	0	0	0	1	0	0	0	10	17	21	11	0	0	0	15	215	241	220	238	99	0	0	122	255	64	48	255	75	0	0	91	152	0	154	210	0	1	0	2	0	28	251	93	0	3	0	5	0	108	255	31	0	2	0	3	0	108	167	0	0	0	
0	0	0	0	0	0	0	0	0	0	2	0	126	116	0	3	0	0	1	0	220	142	0	4	0	2	0	47	247	47	0	2	0	3	0	160	196	0	2	0	2	0	42	255	72	0	3	0	1	0	28	168	30	0	1	0	0	0	0	0	1	0	0	0	
0	0	0	0	0	0	0	0	0	1	2	0	154	73	0	3	0	8	0	29	255	65	0	3	0	3	0	92	242	14	0	1	0	4	0	153	194	0	2	0	1	0	11	237	94	0	3	0	3	0	64	201	15	0	1	0	0	0	4	1	0	0	0	0	
0	0	3	0	0	1	1	0	0	0	0	23	32	4	0	0	1	0	95	131	136	187	8	0	0	65	218	90	172	208	7	0	0	10	73	66	180	53	0	2	0	2	0	60	150	0	3	0	0	4	0	145	74	0	2	0	0	3	0	94	76	0	2	0	
0	0	1	0	0	0	0	0	0	2	0	52	169	210	48	0	3	0	65	251	252	255	121	0	0	0	185	255	151	200	164	0	0	55	254	133	8	207	135	0	0	98	255	159	245	223	27	0	0	37	202	230	187	28	0	1	0	0	0	0	0	1	1	0	
1	4	2	1	3	4	1	0	0	0	0	0	0	0	0	0	17	123	37	11	68	166	98	0	42	237	203	178	148	224	127	0	40	84	0	12	0	198	68	0	3	3	2	0	55	207	1	0	0	1	5	0	126	160	0	4	0	0	2	0	64	54	0	2	
0	0	0	0	3	2	0	0	1	0	53	47	0	5	26	1	0	3	215	255	194	204	207	3	0	89	255	144	184	255	96	0	0	103	255	22	155	225	1	0	0	6	17	30	253	115	0	4	0	3	0	149	246	16	0	1	0	1	0	91	96	0	0	0	
0	0	1	2	0	0	0	0	0	0	0	9	41	4	0	0	0	0	0	156	201	22	0	1	3	0	83	143	2	7	0	0	2	0	49	172	194	38	0	2	0	1	0	36	151	39	0	2	0	0	1	0	144	17	0	1	0	0	0	0	35	6	0	0	
0	0	0	1	3	1	0	0	0	0	2	1	0	13	68	7	0	0	2	11	114	204	161	8	3	0	119	234	114	29	0	1	2	0	121	204	153	0	4	1	0	46	107	150	198	0	1	0	0	15	63	62	30	0	0	0	0	0	0	0	0	0	0	0	
0	0	0	0	0	0	0	0	1	0	7	127	130	27	0	1	1	0	3	188	184	157	0	1	1	0	3	147	248	70	0	3	1	0	175	94	87	110	0	3	0	31	156	0	56	159	0	3	0	6	145	149	181	61	0	2	1	0	17	69	29	0	1	0	
0	0	0	3	4	0	0	0	0	0	2	1	0	22	135	67	0	1	0	56	150	197	150	34	2	0	108	255	180	20	0	1	0	16	221	115	182	97	0	5	0	33	137	20	213	92	0	4	0	22	136	148	126	1	0	0	0	0	0	0	0	1	0	0	
0	0	2	6	0	0	0	0	1	0	81	63	41	23	0	1	0	22	105	0	52	123	2	0	0	1	105	67	105	109	0	3	1	0	10	157	116	110	10	0	3	0	71	79	0	106	20	0	1	0	26	107	112	67	0	2	0	0	0	7	11	0	0	0	
0	1	0	70	33	0	1	0	1	0	6	238	118	0	5	0	2	0	46	255	110	0	4	0	4	0	142	231	0	15	13	0	2	0	193	201	150	247	176	0	1	0	194	255	249	255	128	0	1	0	46	75	68	65	8	0	0	0	0	0	0	0	1	0	
0	0	5	6	0	0	0	0	2	0	66	91	56	2	0	0	0	0	5	0	98	52	0	2	0	1	0	94	96	0	0	0	0	0	0	33	65	65	0	1	0	7	5	0	26	107	2	0	0	25	94	86	85	21	0	1	0	0	8	7	0	0	0	0	
0	0	1	2	0	1	0	0	0	0	0	5	66	15	0	1	1	0	23	169	243	142	0	4	4	0	161	150	172	142	0	4	3	0	119	236	225	29	0	2	0	3	0	129	167	0	4	0	0	3	0	185	129	0	4	0	0	0	0	96	28	0	1	0	
0	0	0	1	41	30	0	1	0	0	2	151	178	96	0	1	4	0	119	143	0	2	1	0	0	13	170	14	10	43	3	0	0	43	161	83	147	171	109	0	0	0	171	238	82	147	116	0	1	0	10	86	136	74	0	0	0	0	1	0	0	0	1	0	
0	0	0	0	0	2	0	0	2	0	33	177	182	19	0	1	4	0	151	255	241	171	0	1	4	0	164	244	42	218	60	0	0	1	227	164	0	200	111	0	0	14	249	195	199	255	62	0	1	0	113	224	218	93	0	1	0	0	0	0	0	0	1	0	
0	0	0	0	0	0	0	0	0	31	101	77	78	5	0	0	0	12	31	73	146	3	0	1	0	3	0	132	56	0	2	0	0	1	0	19	128	35	0	2	0	0	1	0	27	143	0	0	0	2	0	71	138	98	0	1	0	1	0	29	43	1	0	0	
0	0	0	1	1	0	0	0	0	0	3	0	143	84	0	3	0	1	0	9	224	66	0	3	0	3	0	62	240	21	0	1	0	4	0	139	208	0	1	0	0	1	0	207	150	0	4	0	0	0	0	178	72	0	3	0	0	0	0	0	0	0	0	0	
0	0	0	0	3	0	0	0	0	1	0	16	95	0	1	0	0	2	0	51	99	0	3	0	0	3	0	80	84	0	3	0	0	3	0	70	60	0	2	0	0	2	0	68	98	0	3	0	0	1	0	39	96	0	2	0	0	0	0	0	0	0	0	0	
0	0	0	0	0	0	1	0	2	0	62	216	220	100	0	2	4	0	130	243	140	255	81	0	0	0	225	161	0	112	218	2	0	65	255	57	0	80	234	14	0	80	255	164	195	255	135	0	0	2	130	225	214	85	0	1	0	0	0	0	0	0	2	0	
0	0	2	0	4	4	0	0	0	1	0	84	169	159	22	0	3	0	92	196	8	124	75	0	3	0	168	55	6	30	0	0	2	0	158	109	163	143	11	0	4	0	112	255	96	168	33	0	1	0	12	169	203	81	0	2	0	0	1	0	0	0	0	0	
0	0	2	1	0	0	0	0	0	1	0	20	83	104	22	0	2	0	53	245	241	242	195	0	0	10	212	242	126	64	244	25	0	92	255	42	0	134	215	0	0	144	255	100	180	255	61	0	0	36	199	241	200	46	0	2	0	0	4	10	2	0	2	0	
0	0	0	0	1	3	2	0	0	18	42	0	1	0	0	0	0	129	209	0	15	161	48	0	0	113	231	153	214	255	72	0	0	22	179	168	242	186	0	2	0	1	0	22	249	93	0	4	0	5	0	78	255	37	0	2	0	1	0	33	80	0	1	0	
0	0	1	0	0	1	0	0	0	0	0	86	187	206	52	0	3	0	152	197	107	112	47	0	3	0	157	139	141	15	0	1	2	0	27	255	142	0	4	0	2	0	45	247	246	160	0	2	2	0	36	202	187	59	0	2	0	0	0	0	0	0	0	0	
0	0	1	0	22	16	0	1	0	1	0	35	77	96	0	2	0	0	3	132	44	125	0	1	0	1	0	115	143	37	0	2	1	0	1	141	146	0	2	0	2	0	146	75	121	59	0	2	1	0	38	91	83	5	0	0	0	0	0	0	0	0	0	0	
0	0	0	0	0	0	0	0	0	10	109	154	120	28	0	1	0	32	158	147	255	79	0	3	1	0	0	161	255	125	0	2	0	0	5	80	83	238	48	0	0	33	122	2	6	234	69	0	0	28	169	195	214	179	4	0	0	0	0	28	53	6	0	0	
0	0	0	0	0	0	0	0	0	1	0	21	151	6	0	1	0	2	0	44	201	1	0	1	0	2	0	66	184	0	1	0	0	2	0	69	162	0	3	0	0	4	0	125	156	0	4	0	0	3	0	90	138	0	2	0	0	0	0	0	0	0	0	0	
0	0	3	2	0	1	0	0	0	0	0	2	0	55	64	0	2	0	116	86	0	151	150	0	0	1	228	117	0	221	89	0	0	108	255	237	243	225	17	0	0	77	160	49	159	178	0	4	0	0	4	0	102	158	0	3	0	2	4	1	10	18	0	1	
0	0	0	0	0	0	0	0	0	2	0	63	161	34	0	2	1	0	13	160	166	138	0	4	3	0	84	97	62	111	0	4	4	0	126	39	79	99	0	4	3	0	141	33	153	52	0	2	3	0	73	207	142	0	2	0	0	0	0	33	8	0	0	0	
0	0	0	0	0	0	0	0	0	0	120	202	161	39	0	1	1	0	109	69	169	170	0	4	2	0	43	169	240	169	0	2	3	0	87	190	124	223	20	0	0	24	218	51	123	221	3	0	0	0	90	204	194	40	0	2	0	0	0	0	0	1	0	0	
0	0	0	0	0	0	0	0	0	2	0	71	102	0	3	0	0	3	0	101	125	0	4	0	0	4	0	116	122	0	4	0	0	4	0	123	122	0	4	0	0	4	0	141	112	0	4	0	0	3	0	122	92	0	3	0	0	0	0	0	0	0	0	0	
0	0	0	0	0	0	0	0	0	2	0	65	110	5	17	0	0	4	0	111	219	23	39	0	0	4	0	123	200	0	2	0	0	3	0	172	156	0	4	0	1	0	1	224	78	0	3	0	2	0	47	216	12	0	1	0	0	0	11	37	0	0	0	0	
0	0	0	0	0	0	0	0	0	0	79	124	113	86	10	0	0	6	90	55	87	209	42	0	0	2	0	125	182	31	0	1	0	0	2	83	155	54	0	2	0	16	20	0	98	136	0	4	0	47	161	146	142	9	0	1	1	0	35	53	1	0	0	0	
0	0	1	0	0	0	1	0	0	0	4	65	130	87	0	0	3	0	122	255	219	255	99	0	0	24	238	222	0	143	215	0	0	106	254	34	0	194	174	0	0	196	239	130	234	233	27	0	0	90	122	132	126	35	0	1	0	0	0	0	0	1	1	0	
0	0	1	0	17	4	0	0	0	2	0	75	195	2	2	0	1	0	12	221	88	0	3	0	4	0	118	247	138	146	51	0	2	0	187	246	115	192	207	0	3	0	164	240	143	197	101	0	1	0	21	115	110	29	0	1	0	0	0	0	0	0	2	0	
0	0	1	2	0	3	1	0	0	1	0	16	75	9	0	1	1	0	20	195	247	165	6	0	4	0	155	193	142	209	0	0	3	0	142	255	249	51	0	3	0	2	0	148	216	0	0	0	0	2	0	205	138	0	3	0	0	0	0	100	32	0	1	0	
0	0	2	0	0	0	0	0	0	0	3	12	0	69	58	0	0	2	156	178	196	154	85	8	0	1	122	216	120	0	0	1	0	1	0	40	158	87	0	3	0	7	21	0	5	165	20	0	0	14	136	70	107	151	3	0	1	0	45	104	94	21	0	1	
0	0	0	1	4	1	0	0	0	0	1	2	0	5	48	7	0	1	0	11	138	205	147	5	1	0	38	171	142	59	0	1	3	0	141	224	70	0	4	1	0	54	96	125	139	0	4	0	0	14	84	148	31	0	1	0	0	0	0	0	0	0	0	0	
0	0	0	0	0	0	0	0	0	2	0	67	104	0	3	0	0	3	0	90	173	0	3	0	0	3	0	88	169	0	3	0	0	3	0	87	188	0	2	0	0	3	0	88	189	0	2	0	0	2	0	40	144	0	1	0	0	0	0	0	0	0	0	0	
0	0	0	0	0	0	0	0	1	0	104	233	200	97	5	0	0	28	225	134	126	255	48	0	1	0	52	104	190	208	1	0	2	0	183	255	216	231	38	0	0	21	75	32	18	250	83	0	0	94	203	109	137	209	38	0	0	0	3	16	12	0	0	0	
0	1	2	0	0	1	0	0	0	0	0	11	9	0	2	0	0	39	193	234	209	17	0	1	0	98	164	208	255	55	17	10	2	0	41	247	255	255	230	26	2	0	56	235	209	194	100	0	0	0	0	11	7	0	0	0	0	0	1	0	1	3	3	0	
0	0	4	1	0	0	0	0	0	0	3	0	75	139	0	3	0	0	111	23	91	212	0	1	0	9	235	47	121	203	0	3	0	12	214	228	252	184	0	1	1	0	18	32	208	126	0	4	0	0	3	0	160	103	0	4	0	0	1	2	0	0	0	0	
0	0	0	0	0	0	0	0	0	69	187	156	49	0	2	0	0	13	138	255	108	0	4	0	0	3	155	226	167	69	1	0	0	1	1	0	102	255	88	0	0	0	11	10	141	255	58	0	0	5	131	193	205	74	0	2	0	0	5	4	0	0	2	0	
0	0	1	1	1	3	0	0	0	1	0	28	29	0	1	0	1	0	22	213	219	78	0	0	4	0	125	200	213	193	0	2	2	0	32	200	247	53	0	2	0	3	0	167	138	0	3	0	2	0	43	227	25	0	1	0	1	0	36	91	0	1	0	0	
0	0	0	0	0	1	0	0	1	0	15	50	62	3	0	0	2	0	40	129	164	130	0	3	1	0	20	53	144	171	0	1	1	0	6	140	218	99	4	0	0	3	0	106	62	0	2	0	1	0	10	172	15	0	1	0	0	0	10	79	3	0	0	0	
0	0	0	1	1	0	0	0	3	0	64	189	189	33	0	2	1	0	17	77	246	105	0	4	2	0	43	211	251	143	0	3	0	17	12	1	93	236	4	0	0	145	130	16	222	168	0	2	0	22	182	208	175	15	0	1	0	0	1	2	0	1	0	0	
0	0	0	3	3	2	0	0	0	0	1	0	0	5	5	0	0	0	2	69	49	121	45	0	2	0	122	109	149	127	0	2	2	0	89	86	159	23	0	1	0	2	0	67	93	0	3	0	0	0	8	127	16	0	1	0	1	0	34	59	0	2	0	0	
0	0	0	1	4	2	0	0	0	0	4	8	0	0	0	0	3	0	122	243	148	191	73	0	1	0	205	169	145	250	28	0	0	14	210	27	111	177	0	3	0	2	2	17	226	73	0	3	0	3	0	146	183	0	2	0	0	2	0	141	81	0	2	0	
0	0	0	1	0	0	0	0	0	1	0	31	62	0	2	0	0	2	0	128	165	0	1	0	2	0	53	166	147	15	0	1	3	0	98	132	165	33	0	1	0	0	4	0	105	87	0	3	0	0	2	0	58	125	0	3	0	0	0	0	5	18	0	0	
0	1	0	65	60	0	2	0	1	0	1	227	119	0	5	0	4	0	94	242	14	0	1	0	4	0	170	168	80	196	109	0	4	0	166	247	240	255	126	0	4	0	108	255	252	183	19	0	0	0	5	67	54	2	0	0	0	0	1	0	0	2	1	0	
0	0	2	0	0	0	0	0	0	0	0	8	18	0	0	0	1	0	108	135	145	47	0	2	0	0	67	0	133	59	0	2	0	2	0	97	217	64	0	2	0	3	0	113	77	0	2	0	0	1	0	133	24	0	1	0	0	0	0	76	8	0	0	0	
0	0	1	1	0	2	1	0	0	1	0	36	66	0	0	0	2	0	35	193	208	127	1	0	4	0	116	181	146	244	15	0	1	0	13	171	242	37	0	2	0	3	0	80	194	0	2	0	0	3	0	153	142	0	4	0	0	1	0	91	50	0	2	0	
0	0	0	12	28	0	0	0	1	0	3	184	249	66	0	3	0	1	0	47	225	171	0	4	1	0	8	119	255	98	0	3	2	0	155	255	226	19	0	1	0	0	206	255	225	199	122	0	1	0	94	75	22	81	100	3	0	0	0	0	0	0	0	0	
0	0	0	8	36	3	0	0	3	0	90	240	255	127	0	2	2	0	45	107	104	255	44	0	0	0	2	0	53	251	37	0	0	27	56	0	146	192	0	2	16	228	251	216	255	114	0	4	5	127	87	114	159	92	0	1	0	0	0	0	0	0	0	0	
2	3	2	0	0	0	0	0	0	0	0	7	16	5	0	0	40	161	138	135	134	195	58	0	46	85	37	5	18	204	29	0	0	0	3	0	118	176	0	3	2	3	1	0	212	93	0	4	0	1	0	17	236	48	0	2	0	1	0	11	124	14	0	1	
0	1	3	0	0	21	10	0	0	1	0	1	0	179	55	0	0	17	85	0	24	232	40	0	0	138	183	0	95	255	24	0	8	220	250	201	231	193	0	1	1	32	96	109	247	125	0	4	0	0	0	0	122	49	0	2	0	2	4	4	0	0	0	0	
0	0	0	0	0	0	0	0	1	0	15	133	79	0	1	0	1	0	15	81	171	8	0	1	0	0	1	127	183	44	0	2	0	0	2	0	45	151	0	3	0	0	4	0	93	125	0	3	1	0	22	190	147	13	0	1	0	0	1	40	9	0	0	0	
0	0	0	1	1	0	0	0	0	0	2	1	4	56	117	56	0	1	0	0	169	195	105	19	2	0	57	193	99	8	0	1	1	0	79	179	154	0	5	1	0	53	116	138	187	0	1	0	0	0	75	111	22	0	1	0	0	0	0	0	1	0	0	0	
0	0	0	0	1	1	0	0	2	0	53	42	0	27	7	0	2	0	180	70	0	168	22	0	0	14	173	0	68	185	0	2	0	0	172	118	194	127	0	4	1	0	35	140	224	52	0	2	0	0	3	0	134	63	0	2	0	0	2	2	15	12	0	0	
0	0	1	1	4	4	2	0	0	0	3	9	0	0	0	0	3	0	89	243	134	141	75	0	0	4	222	139	156	255	59	0	0	3	74	0	139	187	0	2	0	1	0	21	229	63	0	3	0	3	0	162	171	0	3	0	0	0	0	171	59	0	2	0	
0	1	3	2	1	2	0	0	0	0	0	0	0	0	0	0	0	24	94	119	134	71	0	2	0	31	69	20	14	128	4	0	0	0	1	0	33	113	0	2	0	1	5	0	109	60	0	2	0	1	0	30	122	0	1	0	0	3	0	77	68	0	2	0	
0	0	0	0	0	0	0	0	3	0	72	232	168	16	0	1	1	0	25	49	218	166	0	4	0	0	1	11	201	184	0	3	0	61	193	250	255	112	0	4	0	148	255	217	191	237	57	0	0	11	52	17	0	160	145	0	0	0	0	0	2	0	0	0	
0	0	0	0	0	0	0	0	0	0	0	0	76	9	0	0	0	1	0	12	150	5	0	0	0	1	0	35	149	0	2	0	0	2	0	59	136	0	3	0	0	3	0	86	90	0	3	0	0	3	0	100	50	0	2	0	0	0	0	13	5	0	0	0	
0	0	0	0	0	0	0	0	0	1	0	17	184	28	0	1	0	2	0	53	228	13	0	1	0	3	0	96	221	0	0	1	0	3	0	166	208	0	1	0	1	0	6	233	134	0	3	0	1	0	23	209	64	0	2	0	0	0	0	0	1	0	0	0	
0	2	1	0	0	3	2	0	0	0	7	19	9	0	0	0	0	73	195	194	186	163	39	0	0	32	35	12	3	209	91	0	0	0	2	0	134	170	0	1	1	0	0	143	177	10	0	1	0	6	175	146	0	1	1	0	0	57	122	0	4	1	0	0	
0	1	0	51	69	0	1	0	0	3	0	151	138	0	4	0	1	0	15	214	41	0	2	0	3	0	94	169	36	87	6	0	4	0	139	202	187	240	49	0	4	0	121	255	223	128	2	0	1	0	11	72	51	0	0	0	0	0	0	0	0	2	1	0	
0	0	0	1	0	0	0	0	0	0	0	0	85	14	0	1	0	1	0	38	163	0	1	0	0	3	0	90	138	0	4	0	0	3	0	96	77	0	3	0	0	3	0	130	59	0	2	0	0	3	0	99	70	0	2	0	0	0	0	6	11	0	0	0	
0	0	2	2	0	0	0	0	0	0	2	0	28	111	1	0	2	0	51	42	49	216	0	0	4	0	152	111	106	155	0	4	1	0	170	208	236	93	0	4	0	4	0	104	210	0	0	1	0	3	0	167	122	0	4	0	0	0	0	34	15	0	0	0	
0	0	1	0	0	3	2	0	1	0	36	78	0	2	0	0	3	0	165	156	0	92	63	0	0	31	232	34	0	211	98	0	0	54	245	76	156	221	6	0	1	0	113	129	156	129	0	4	0	0	3	0	82	62	0	2	0	0	3	3	3	2	0	0	
0	0	1	3	0	1	0	0	0	0	1	0	48	15	0	1	0	1	0	133	255	133	0	3	4	0	97	185	153	203	0	1	3	0	66	187	239	92	0	3	0	2	0	47	196	8	0	1	0	3	0	145	128	0	4	0	0	1	0	86	29	0	1	0	
0	0	0	0	0	0	0	0	0	6	176	210	98	0	2	0	0	0	136	126	180	16	0	2	0	0	0	3	171	22	0	1	0	3	0	92	140	0	81	78	1	0	17	205	128	186	137	13	2	0	35	184	149	55	0	1	0	0	0	0	0	0	3	1	
0	0	2	0	0	0	0	0	2	8	2	35	0	112	50	0	4	0	102	206	39	251	61	0	0	50	255	151	114	218	0	0	0	134	234	185	255	155	0	4	0	11	0	41	244	71	0	2	0	2	0	165	221	0	0	1	0	0	1	45	38	1	0	0	
0	0	0	0	5	1	0	0	1	0	17	118	145	73	0	2	4	0	142	108	29	128	0	3	3	0	155	222	194	161	24	0	0	48	228	121	29	35	131	0	0	82	146	3	0	45	149	0	0	6	124	96	81	148	37	0	0	0	2	16	17	4	0	0	
0	0	1	2	0	2	1	0	0	0	1	0	55	24	0	1	1	0	16	172	255	156	2	0	2	0	174	207	94	255	53	0	2	0	172	240	243	131	0	2	0	2	0	150	210	0	0	1	1	0	18	236	95	0	4	0	2	0	38	126	20	0	1	0	
0	2	1	0	0	2	1	0	0	0	7	35	21	0	2	0	0	46	226	252	238	156	0	0	0	209	154	11	205	255	130	0	0	213	136	146	224	188	212	0	0	117	255	188	0	152	179	0	0	15	53	9	0	87	172	0	0	1	0	2	1	2	41	3	
0	0	1	0	1	0	0	0	0	0	8	31	2	123	57	0	4	0	120	171	90	231	21	0	0	10	231	110	181	118	0	4	0	83	255	232	243	88	35	2	0	7	10	181	227	147	64	0	1	0	12	233	73	0	3	0	0	0	9	45	8	1	3	0	
0	0	0	1	1	0	0	0	0	0	2	0	66	50	0	2	0	1	0	11	188	42	0	2	0	3	0	90	129	0	4	0	0	2	0	142	54	0	2	0	0	0	4	149	13	0	1	0	0	0	9	147	8	0	0	0	0	0	1	22	1	0	0	0	
0	0	0	0	1	0	0	0	0	0	2	0	45	164	0	0	0	0	3	0	174	164	0	3	0	2	0	44	239	50	0	2	0	3	0	161	178	0	3	0	2	0	47	240	45	0	2	0	3	0	127	143	0	3	0	0	0	1	5	0	1	0	0	0	
0	0	6	30	0	1	0	0	1	0	38	109	0	3	1	0	2	0	61	98	0	10	0	0	3	0	85	69	124	169	41	0	4	0	83	212	85	114	87	0	2	0	41	166	113	142	2	0	0	1	0	29	66	4	0	0	0	0	1	1	0	2	1	0	
0	0	1	0	27	15	0	1	0	0	4	127	236	177	0	1	0	2	0	38	61	225	18	0	0	0	66	35	83	211	0	0	0	113	177	187	255	120	0	4	0	168	182	185	242	175	0	3	0	26	124	41	49	92	0	2	0	0	0	0	1	0	0	0	
0	0	1	1	0	1	0	0	0	0	0	6	23	1	0	0	1	0	29	105	133	76	0	3	3	0	128	37	140	116	0	4	2	0	61	124	116	63	0	3	0	0	3	0	92	77	0	3	0	0	5	0	103	45	0	2	0	0	1	0	63	15	0	0	
1	0	29	28	5	0	1	0	3	0	101	240	233	67	0	2	0	2	0	29	153	233	23	0	1	0	15	68	51	246	60	0	0	40	197	177	249	227	15	0	0	124	195	75	255	240	35	0	0	32	128	150	112	139	75	0	0	0	0	0	0	0	0	0	
0	0	0	0	0	0	0	0	0	4	8	21	19	69	29	0	0	65	174	140	213	206	31	0	0	1	1	0	170	43	0	2	0	10	78	112	223	98	8	0	0	10	86	129	198	43	1	0	0	0	0	0	170	32	0	1	0	0	5	0	74	49	0	2	
0	0	0	0	0	0	0	0	0	1	0	26	184	31	0	2	0	2	0	36	254	53	0	3	0	3	0	120	244	16	0	1	0	4	0	160	212	0	1	0	1	0	5	233	126	0	4	0	2	0	41	223	68	0	3	0	0	0	3	1	0	0	0	0	
0	1	2	1	3	0	0	0	0	0	0	0	0	0	0	0	0	46	149	134	91	0	1	0	0	58	111	0	147	45	0	2	0	2	11	0	79	103	0	4	0	1	2	0	56	107	0	4	0	0	2	0	37	106	0	3	0	0	1	0	39	92	0	3	
0	0	0	0	0	0	0	0	2	0	54	189	212	90	0	2	1	0	10	74	205	207	0	1	1	0	50	146	237	75	0	3	1	0	166	211	233	77	0	3	0	21	21	0	155	216	0	1	0	65	165	65	184	126	0	2	0	0	8	17	6	0	0	0	
0	2	9	1	0	1	0	0	0	17	157	171	105	7	0	1	0	0	7	33	138	137	0	3	0	0	3	0	36	178	0	0	0	1	0	23	170	85	56	34	0	3	122	255	190	126	106	24	0	35	171	101	26	5	0	0	0	0	0	0	0	1	4	1	
0	0	0	0	0	1	0	0	0	43	201	210	69	0	2	0	0	117	157	124	242	37	0	2	0	4	4	0	192	126	0	4	0	4	88	47	217	90	0	4	0	0	204	255	255	216	74	0	2	0	79	186	81	129	163	4	0	0	0	0	0	0	0	0	
0	0	0	1	1	1	0	0	0	1	0	27	51	0	1	0	0	3	0	89	77	70	0	2	1	0	17	94	84	60	0	2	2	0	41	137	103	0	1	0	0	0	0	126	90	0	3	0	0	2	0	85	20	0	0	0	0	0	0	15	2	0	0	0	
0	0	2	2	0	0	0	0	0	0	0	2	53	41	0	1	1	0	24	179	255	207	0	0	3	0	176	206	202	192	0	2	2	0	178	242	255	73	0	3	0	0	4	60	232	28	0	2	0	4	0	117	191	0	2	0	0	2	0	82	71	0	2	0	
0	0	0	0	0	0	0	0	0	0	0	8	76	0	0	0	0	1	0	20	179	8	0	1	0	2	0	60	167	0	1	0	0	3	0	77	150	0	3	0	0	3	0	115	96	0	3	0	0	3	0	145	48	0	2	0	0	0	0	19	4	0	0	0	
0	0	1	1	0	1	0	0	0	1	1	18	0	65	75	0	2	0	53	197	0	197	108	0	0	0	199	136	38	220	12	0	0	72	255	220	252	166	0	3	0	23	40	56	254	79	0	3	0	3	0	69	226	15	0	1	0	1	0	18	29	0	1	0	
0	0	0	0	0	0	0	0	1	0	20	61	29	2	0	0	1	0	16	72	122	70	0	3	0	0	10	0	81	67	0	2	2	0	41	110	145	37	0	0	0	1	0	42	89	0	3	0	0	2	0	100	47	0	2	0	0	1	0	50	10	0	0	0	
0	0	0	0	0	0	0	0	2	0	107	163	114	18	0	1	2	0	103	131	185	162	0	3	1	0	22	115	218	158	0	4	2	0	34	173	142	195	24	0	0	25	68	0	40	220	30	0	0	24	174	194	239	107	0	3	0	0	0	30	33	0	1	0	
0	0	0	0	0	0	0	0	2	0	83	186	126	26	0	1	0	25	184	46	193	78	0	3	1	0	41	180	223	77	0	1	0	2	7	27	20	145	101	0	0	62	172	34	0	46	183	0	1	0	47	147	160	166	67	0	0	0	0	1	4	0	0	0	
0	0	0	0	1	0	0	0	0	2	0	50	174	54	0	1	1	0	23	197	105	105	5	0	1	0	12	165	230	88	0	3	0	4	0	133	243	8	0	1	1	0	20	203	223	79	0	3	1	0	18	189	180	28	0	2	0	0	0	1	1	0	0	0	
0	0	2	0	0	1	0	0	0	0	0	51	82	6	0	0	2	0	107	163	146	96	0	3	0	6	171	13	5	170	12	0	2	0	173	156	163	191	0	1	1	0	30	104	147	120	0	4	0	0	4	0	150	108	0	4	0	0	3	0	74	48	0	2	
0	0	0	31	29	1	0	0	1	0	0	175	239	169	4	0	0	1	3	4	64	250	42	0	0	0	3	0	67	239	18	0	0	1	132	182	218	134	0	3	0	36	228	223	255	76	0	3	0	0	112	116	118	97	0	2	0	0	0	0	0	0	0	0	
0	0	0	0	3	1	0	0	0	0	0	8	78	0	0	0	0	1	0	21	104	0	2	0	0	1	0	37	112	0	3	0	0	2	0	50	85	0	3	0	0	3	0	74	66	0	2	0	0	2	0	58	48	0	2	0	0	0	0	1	1	0	0	0	
1	0	14	111	42	0	1	0	1	0	9	220	255	89	0	3	0	2	0	50	210	210	0	0	0	0	4	0	112	255	16	0	1	0	88	154	206	218	2	0	0	173	255	250	255	230	17	0	1	66	67	65	69	77	17	0	0	0	0	0	0	0	0	0	
0	1	2	0	0	2	3	0	0	2	0	62	100	1	0	0	0	18	169	241	249	197	68	5	0	141	204	43	2	169	157	0	0	159	132	0	0	119	165	0	0	79	223	118	102	206	103	0	0	2	65	122	151	80	0	1	0	1	0	0	0	0	1	0	
0	0	2	37	11	0	1	0	2	0	42	249	230	91	0	3	0	0	20	55	159	238	13	0	0	1	3	0	77	255	32	0	0	18	93	7	81	255	34	0	0	172	255	218	206	220	4	0	4	131	45	98	170	79	0	2	0	0	0	0	0	1	1	0	
0	0	1	0	0	0	0	0	1	0	16	104	80	2	0	0	0	0	149	96	191	71	0	3	0	3	19	90	139	11	0	1	1	0	115	77	0	1	1	1	0	9	190	144	131	126	157	108	0	0	8	62	59	49	28	12	0	0	0	0	0	0	0	0	
0	0	0	0	0	0	0	0	0	0	2	0	159	126	0	3	0	0	1	0	206	141	0	4	0	3	0	67	255	79	0	3	0	3	0	165	235	6	0	1	2	0	22	253	138	0	3	0	3	0	61	224	52	0	2	0	0	0	0	0	0	0	0	0	
0	0	0	0	1	3	0	0	0	22	26	13	1	0	0	0	6	114	114	112	135	90	0	0	0	0	0	3	0	144	62	0	0	1	3	0	19	156	19	0	0	1	0	0	159	67	0	2	0	2	0	129	106	0	3	0	1	0	36	117	0	2	0	0	
0	0	0	3	36	11	0	0	3	0	97	227	255	134	0	3	1	0	47	88	192	239	11	0	1	4	4	0	75	255	54	0	0	0	3	0	87	255	58	0	35	133	169	121	228	219	1	0	66	166	159	157	155	60	0	2	0	0	0	0	0	0	0	0	
0	0	2	0	0	0	0	0	0	0	2	71	153	56	0	2	2	0	113	120	87	133	0	1	1	0	164	39	86	99	0	2	2	0	31	235	181	0	1	0	2	0	63	135	118	89	0	3	2	0	34	166	141	93	0	4	0	1	0	23	52	0	0	0	
0	0	2	1	0	0	0	0	0	1	0	29	161	109	0	3	3	0	79	250	255	67	0	3	0	6	215	171	220	23	0	1	0	1	189	206	228	55	0	1	1	0	27	227	242	223	10	0	0	1	0	156	218	143	0	1	0	0	2	1	1	0	0	0	
0	0	1	1	0	0	0	0	0	2	0	53	140	17	0	1	1	0	23	180	151	122	0	4	3	0	128	69	94	113	0	4	3	0	164	129	202	70	0	3	1	0	35	81	178	75	0	3	0	0	3	0	88	128	0	3	0	0	2	3	6	25	0	0	
0	0	1	77	15	0	1	0	2	0	32	229	27	0	3	0	4	0	102	208	0	1	0	0	4	0	153	164	0	117	59	0	4	0	153	171	164	255	129	0	3	0	89	255	255	208	32	0	0	0	2	60	74	17	0	1	0	0	1	0	0	1	2	0	
0	0	0	3	1	0	0	0	0	2	4	0	60	73	0	2	0	0	0	106	255	116	0	4	0	31	172	157	198	97	0	0	0	134	236	137	198	214	91	0	0	13	16	58	132	0	17	0	0	3	0	74	152	0	3	0	0	1	0	8	29	0	1	0	
0	0	0	3	3	0	0	0	0	0	1	1	0	7	91	52	0	2	0	62	175	170	145	30	1	0	9	186	69	3	0	0	3	0	131	229	144	8	1	2	0	33	127	33	203	53	0	2	0	13	66	72	93	11	0	1	0	0	0	0	0	0	0	0	
0	0	2	2	0	0	0	0	0	1	0	10	19	21	6	0	1	0	36	137	143	130	22	0	0	42	223	146	50	0	1	0	0	21	40	37	141	64	0	2	0	0	1	0	18	107	0	1	0	1	3	0	30	94	0	1	0	1	0	15	121	40	0	2	
0	0	0	0	1	0	0	0	0	0	3	0	81	130	0	3	0	0	3	0	166	125	0	4	0	1	0	25	246	71	0	3	0	3	0	100	236	14	0	1	2	0	26	248	114	0	3	0	3	0	111	199	11	0	1	0	0	0	3	0	1	0	0	0	
0	0	1	2	1	1	0	0	0	0	0	6	6	0	0	0	1	0	8	144	194	19	0	1	4	0	140	159	212	47	0	2	2	0	108	121	130	50	0	2	0	0	1	0	144	20	0	1	0	0	0	22	130	0	1	0	0	1	0	19	78	0	2	0	
0	3	0	88	118	0	3	0	0	3	0	171	128	0	6	0	2	0	38	228	24	0	1	0	4	0	145	161	17	146	65	0	0	0	213	135	186	207	210	6	0	8	202	245	221	192	120	0	0	0	12	17	18	24	0	0	0	0	0	0	0	0	2	0	
0	1	0	53	20	0	4	0	1	0	29	187	17	0	1	0	4	0	140	110	0	86	115	0	0	12	190	13	47	166	108	65	0	51	186	0	156	83	97	29	0	6	187	166	202	218	77	0	1	0	10	68	53	15	0	1	0	1	1	0	0	0	1	0	
0	0	3	0	1	2	0	0	0	0	0	12	4	3	6	0	0	0	117	235	200	210	114	0	0	0	228	148	71	255	53	0	0	20	236	47	88	215	0	0	0	9	67	0	180	138	0	4	0	1	0	20	236	58	0	2	0	2	0	51	170	5	0	1	
0	0	1	1	0	0	0	0	0	1	0	20	65	1	0	0	1	0	31	123	115	37	0	2	3	0	96	24	52	81	0	3	2	0	55	127	153	33	0	1	0	0	0	31	126	14	0	1	0	0	0	10	125	1	0	0	0	0	0	12	42	0	1	0	
0	0	12	31	0	1	0	0	3	0	59	249	71	0	2	0	0	1	0	74	215	8	0	1	0	5	39	38	230	45	0	2	0	28	241	225	243	37	0	2	0	1	134	229	207	211	69	0	0	0	0	32	0	85	110	0	0	0	3	0	1	0	0	0	
0	0	0	0	0	0	0	0	0	23	96	148	151	22	0	1	0	64	239	170	157	172	0	2	0	0	6	0	54	188	0	1	0	1	1	0	175	125	0	3	1	0	21	140	255	191	134	0	0	5	193	208	106	67	31	0	0	3	21	1	0	0	0	0	
0	0	0	0	0	0	0	0	0	2	0	52	150	0	1	0	0	2	0	50	204	0	0	0	0	3	0	66	210	0	0	1	0	3	0	92	208	0	1	0	0	4	0	105	217	0	1	0	0	2	0	50	163	0	0	0	0	0	0	0	0	0	0	0	
0	0	0	1	0	1	0	0	0	2	0	61	45	0	2	0	0	0	0	168	54	9	0	0	3	0	75	113	22	115	0	3	4	0	142	142	134	117	0	4	1	0	22	59	164	70	0	3	0	0	3	0	101	71	0	3	0	0	1	1	13	15	0	1	
0	0	0	0	0	0	0	0	6	74	154	145	61	0	1	0	19	180	164	197	210	0	1	0	2	0	145	233	238	141	0	1	0	1	90	50	18	233	96	0	0	0	6	47	2	185	159	0	2	0	47	212	221	209	49	0	0	0	0	5	26	9	0	0	
0	0	0	0	10	4	0	0	0	0	1	0	142	31	0	1	0	2	0	75	117	0	2	0	0	2	0	178	137	0	0	0	1	0	37	102	104	107	0	3	2	0	43	117	95	117	0	3	0	1	0	103	125	5	0	1	0	0	0	0	0	1	0	0	
0	0	1	0	2	3	0	0	0	1	0	99	48	0	2	0	1	0	8	229	214	61	0	2	4	0	141	226	210	175	0	4	3	0	137	64	169	136	0	4	0	2	0	43	241	34	0	2	0	3	0	135	189	0	2	0	0	0	0	35	21	0	1	0	
0	0	7	11	0	3	2	0	0	4	93	29	0	1	0	0	0	75	109	0	16	100	71	0	0	117	52	0	122	70	89	37	0	104	90	4	120	0	75	42	0	13	134	113	157	118	102	0	0	0	2	49	64	46	2	0	0	1	2	0	0	0	1	0	
0	0	0	1	0	0	0	0	0	0	0	6	116	193	147	0	0	5	0	71	255	179	48	0	1	0	9	205	255	83	0	3	0	114	84	82	114	248	33	0	0	166	156	5	155	209	0	0	0	20	167	212	212	48	0	2	0	1	0	0	0	1	1	0	
0	0	0	0	3	4	0	0	1	0	14	97	133	121	0	1	2	0	70	91	39	103	0	2	0	0	0	0	102	36	0	1	0	1	0	84	55	0	2	0	2	0	57	111	48	91	11	0	3	0	114	142	99	53	5	0	0	0	1	2	0	0	0	0	
0	0	0	2	0	1	0	0	0	0	1	2	57	13	0	0	0	2	0	148	255	134	0	4	3	0	104	189	43	229	45	0	4	0	159	192	187	172	2	0	1	0	8	155	229	9	0	1	0	3	0	188	121	0	4	0	0	0	0	89	28	0	1	0	
0	0	1	0	0	0	0	0	0	1	0	39	144	94	0	2	3	0	70	208	139	94	0	2	2	0	48	165	46	0	1	0	0	1	0	19	130	71	0	2	0	0	3	0	99	132	0	4	1	0	61	171	179	14	0	1	1	0	40	63	15	0	1	0	
0	0	0	0	0	0	0	0	1	0	69	142	125	30	0	1	1	0	105	145	241	163	0	4	3	0	96	226	252	147	0	3	2	0	44	106	106	224	9	0	0	72	32	0	193	164	0	2	0	96	208	218	161	3	0	1	1	0	31	48	0	1	0	0	
0	1	2	0	0	0	0	0	0	0	2	0	24	32	0	1	0	13	43	0	81	104	0	4	0	44	161	10	101	144	0	4	0	29	148	129	195	104	0	4	0	0	3	0	86	116	0	4	0	0	6	0	73	140	0	4	0	0	0	0	10	20	0	1	
0	1	1	0	0	0	0	0	0	0	9	45	71	78	45	0	0	38	209	197	204	255	134	0	0	85	205	0	116	160	0	3	0	0	162	154	206	67	0	3	0	1	0	173	255	69	0	1	0	5	0	131	255	209	3	0	0	2	0	57	118	34	0	1	
0	0	0	2	8	9	0	0	2	0	74	137	149	101	0	2	0	2	161	15	0	1	1	0	2	0	155	151	129	54	0	1	3	0	75	123	51	189	49	0	1	0	46	16	30	189	47	0	2	0	66	171	187	63	0	2	0	0	0	3	2	0	1	0	
0	0	1	1	0	0	1	0	0	1	0	29	51	0	1	0	1	0	3	196	249	213	71	0	3	0	113	236	147	251	50	0	0	4	211	84	159	170	0	2	0	3	0	51	233	27	0	1	0	2	0	193	153	0	4	0	0	0	5	113	66	0	1	0	
0	0	0	0	0	0	0	0	0	0	0	4	83	7	0	0	0	1	0	21	216	25	0	1	0	1	0	25	209	16	0	1	0	2	0	68	181	0	2	0	0	4	0	131	134	0	4	0	0	3	0	139	72	0	2	0	0	0	0	22	7	0	0	0	
0	0	0	2	4	1	0	0	0	0	1	2	0	19	87	14	0	2	0	40	137	197	102	0	2	0	31	218	118	23	0	1	0	6	154	203	136	0	4	0	0	69	158	122	200	0	0	0	1	0	47	122	43	0	1	0	0	1	0	0	0	0	0	0	
0	0	0	0	0	1	0	0	0	0	64	5	5	4	1	0	0	12	162	0	105	73	0	3	0	37	148	3	148	143	19	0	0	36	192	155	210	188	66	0	0	0	4	0	119	91	0	3	0	0	3	0	69	101	0	3	0	0	0	0	3	15	0	0	
0	0	0	0	0	0	0	0	1	0	23	65	62	37	2	0	4	0	157	252	218	226	8	0	0	64	255	67	124	224	0	0	0	58	113	0	228	131	0	4	0	3	0	85	247	33	0	2	0	1	2	222	156	0	3	0	1	0	11	117	51	0	2	0	
0	0	0	0	2	1	0	0	0	0	2	0	82	27	0	1	0	1	0	16	132	0	0	0	0	2	0	60	104	0	3	0	0	3	0	104	65	0	2	0	0	2	0	133	30	0	1	0	1	0	20	112	0	0	0	0	0	0	1	2	0	0	0	0	
0	0	2	3	7	0	0	0	0	4	0	104	227	110	18	0	3	0	63	249	222	236	173	0	0	20	235	150	0	107	206	0	0	158	206	0	0	192	155	0	0	219	182	188	254	216	25	0	0	72	110	111	102	18	0	1	0	0	0	0	0	1	1	0	
0	0	1	1	0	0	0	0	0	0	0	8	55	23	0	1	1	0	7	130	205	138	0	4	3	0	85	108	117	141	0	4	4	0	128	58	156	69	0	3	3	0	99	132	165	59	0	2	0	0	7	0	122	66	0	2	0	0	2	0	36	20	0	1	
0	0	2	0	2	3	0	0	0	1	0	15	7	0	0	0	2	0	71	219	184	151	37	0	0	0	213	68	115	230	5	0	0	71	220	0	119	152	0	4	0	25	46	0	202	71	0	3	0	2	0	53	203	4	0	1	0	3	0	65	121	0	2	0	
0	0	0	0	0	0	0	0	1	0	17	148	94	0	2	0	0	0	186	178	67	0	1	0	1	0	198	205	193	144	0	0	2	0	120	123	26	194	105	0	0	1	0	22	6	184	100	0	0	3	0	105	242	159	0	0	0	0	0	0	33	12	0	0	
0	0	0	1	0	0	0	0	0	4	4	0	29	94	0	1	3	0	84	113	60	200	0	2	2	0	192	171	154	166	0	4	0	6	169	211	255	89	0	4	0	2	0	56	223	11	0	1	0	4	0	115	188	0	2	0	0	1	0	23	28	0	1	0	
0	1	0	27	56	0	2	0	1	0	8	133	75	0	3	0	3	0	96	70	0	3	0	0	0	0	102	2	68	155	94	0	0	0	125	103	119	21	112	1	3	0	78	236	122	123	54	0	0	1	0	27	82	37	0	1	0	0	2	0	0	0	1	0	
0	0	2	0	0	0	0	0	0	0	0	13	103	125	0	0	3	0	81	225	255	104	0	2	4	0	131	221	205	10	0	1	2	0	33	248	190	0	0	1	1	0	19	212	245	98	0	4	2	0	32	239	228	68	0	3	0	0	0	38	26	0	1	0	
0	0	0	0	0	0	0	0	0	2	0	67	131	0	2	0	0	4	0	112	204	0	2	0	0	3	0	111	168	0	3	0	0	4	0	114	184	0	3	0	0	2	0	63	238	27	0	2	0	0	0	0	160	53	0	2	0	0	0	1	0	0	0	0	
0	0	3	1	0	0	0	0	0	1	0	16	99	148	18	0	2	0	97	215	170	177	69	0	0	0	213	58	81	70	0	2	3	0	113	167	215	63	0	3	0	1	0	160	255	147	0	3	0	4	0	122	255	132	0	2	0	0	0	19	24	0	0	0	
0	0	2	0	0	2	0	0	0	1	0	94	84	0	41	76	2	0	136	183	26	88	211	62	0	0	156	128	153	151	18	0	3	0	51	255	178	0	2	2	3	0	169	68	140	55	0	2	3	0	77	162	197	31	0	2	0	0	0	45	31	0	1	0	
0	0	0	0	0	0	0	0	0	0	1	0	148	177	0	0	0	3	0	75	255	200	0	0	1	3	1	0	96	216	5	0	2	0	42	210	254	85	0	3	29	81	53	87	202	113	0	4	20	177	125	0	157	111	0	3	0	0	11	9	6	0	0	0	
0	0	0	0	0	0	0	0	0	0	1	0	93	24	0	1	0	0	0	0	168	26	0	1	0	2	0	49	152	0	2	0	0	3	0	112	82	0	3	0	0	0	0	126	14	0	0	0	1	0	37	107	0	2	0	0	0	0	10	15	0	0	0	0	
0	0	1	0	0	0	0	0	0	0	7	60	72	22	0	1	0	0	189	240	229	204	0	0	0	83	245	17	67	236	8	0	0	95	110	0	144	202	0	1	0	1	0	5	230	105	0	4	0	5	0	114	228	5	0	1	0	2	0	86	76	0	1	0	
0	0	0	1	0	0	0	0	0	1	0	25	141	146	33	0	0	3	0	152	254	244	140	0	3	0	73	255	248	220	53	0	2	0	177	252	232	188	0	2	0	41	243	98	206	194	0	0	0	26	220	234	164	18	0	1	1	0	25	42	0	1	0	0	
0	0	0	86	27	0	1	0	0	0	0	199	58	0	3	0	3	0	80	194	0	0	0	0	4	0	155	148	94	166	30	0	2	0	190	248	207	250	94	0	3	0	141	255	244	156	0	0	0	0	6	71	53	1	0	0	0	0	2	0	0	2	1	0	
0	0	3	2	0	0	0	0	0	40	169	141	9	0	0	0	0	75	147	1	5	2	1	0	0	72	216	101	78	4	0	1	0	13	63	54	122	159	20	0	0	0	0	2	0	78	175	0	0	3	0	63	113	138	122	0	0	0	0	6	16	13	0	0	
0	0	1	2	0	1	0	0	0	0	0	9	59	8	0	0	1	0	20	204	255	111	0	4	4	0	145	186	127	255	43	0	2	0	192	125	205	184	0	0	2	0	87	232	208	7	0	1	1	0	6	214	75	0	3	0	1	0	36	114	5	0	0	0	
0	0	0	0	0	2	2	0	0	1	0	35	173	3	0	1	0	0	1	2	210	124	53	4	0	1	0	14	209	188	19	0	2	0	45	209	246	35	0	2	2	0	193	221	165	0	3	0	1	0	95	190	48	0	2	0	0	0	0	0	1	0	0	0	
0	0	1	1	0	0	0	0	0	1	0	17	88	56	0	0	1	0	21	213	204	225	34	0	4	0	150	198	85	184	0	0	3	0	108	217	255	96	0	4	0	3	0	62	236	17	0	1	0	3	0	159	175	0	3	0	0	0	0	104	53	0	2	0	
0	0	0	0	0	0	0	0	0	4	91	103	114	11	0	1	0	12	55	90	197	1	0	0	2	0	42	213	172	16	0	1	2	0	81	83	97	178	5	0	0	0	8	2	17	190	14	0	3	0	63	184	184	80	0	3	0	0	0	50	42	0	1	0	
0	0	2	1	0	1	0	0	0	1	1	4	0	86	82	0	3	0	99	77	0	204	52	0	0	7	223	100	108	175	0	2	0	61	221	198	250	64	0	3	0	5	0	92	183	0	2	0	0	3	0	140	100	0	3	0	0	0	1	0	1	0	0	0	
0	1	3	0	0	0	0	0	1	1	0	13	26	4	0	0	0	16	117	121	158	173	0	2	4	128	67	0	116	145	5	0	41	143	2	112	89	94	33	0	0	78	125	82	0	116	37	0	0	0	0	4	0	134	98	0	0	3	3	5	0	66	79	0	
0	0	1	0	0	0	0	0	1	0	15	73	105	152	69	0	0	14	202	164	229	129	18	0	0	14	191	87	168	6	2	6	2	0	49	255	124	0	58	55	2	0	45	226	202	8	28	30	3	0	55	239	197	9	24	29	0	0	0	42	23	0	1	1	
0	0	0	0	1	2	3	1	2	0	68	47	0	2	0	0	0	0	210	229	180	175	159	44	2	0	192	111	26	37	47	17	0	20	232	174	153	117	6	0	0	40	144	93	19	147	169	0	0	0	0	3	0	110	163	0	0	1	4	4	0	35	18	0	
0	0	1	2	1	1	0	0	0	0	2	2	0	56	55	0	1	0	22	103	0	211	66	0	3	0	123	139	103	169	0	3	0	0	179	228	239	36	0	2	0	3	0	155	137	0	3	0	1	0	5	192	35	0	1	0	0	0	3	30	3	0	0	0	
0	0	0	1	0	0	0	0	3	0	98	55	0	2	0	0	2	0	61	130	0	3	0	0	0	0	0	162	36	0	1	0	0	2	0	80	151	0	1	0	0	0	3	0	132	135	0	2	0	0	0	0	12	144	11	0	0	0	0	0	2	0	0	0	
0	0	0	1	1	0	0	0	0	0	2	0	48	182	5	0	0	0	2	0	188	179	0	2	0	3	0	95	251	34	0	2	1	0	0	216	135	0	4	0	3	0	147	233	19	0	1	0	0	0	171	72	0	2	0	0	0	0	0	1	1	0	0	0	
0	1	1	0	0	0	1	0	1	0	26	131	109	40	0	1	0	23	174	81	78	161	83	0	0	131	83	25	122	165	130	0	0	117	193	166	103	0	138	43	0	35	201	41	42	118	101	2	1	0	72	121	98	38	0	1	0	0	0	0	0	0	2	0	
0	0	0	0	0	0	1	0	1	0	13	71	123	128	22	0	3	0	58	255	246	255	152	0	3	0	79	255	107	87	235	8	0	12	234	114	0	166	164	0	0	100	251	123	227	237	28	0	0	77	246	238	161	27	0	2	0	0	31	18	0	1	1	0	
0	0	3	1	0	0	1	1	0	2	0	30	112	109	24	0	1	0	120	165	86	148	224	18	0	76	255	63	0	91	236	14	0	121	245	3	40	252	130	0	0	77	252	103	234	175	5	0	0	4	148	226	124	1	1	1	0	0	0	0	0	2	1	0	
0	1	0	39	66	0	3	0	0	4	0	152	136	0	4	0	2	0	30	244	60	0	22	0	4	0	155	166	41	199	199	0	0	0	216	148	215	255	139	0	2	0	140	255	255	168	5	0	0	0	4	50	55	0	1	0	0	0	2	0	0	2	1	0	
0	0	0	9	57	8	0	0	1	0	14	134	131	88	0	2	0	0	12	16	37	123	0	3	0	2	0	102	219	56	0	3	2	29	1	0	83	101	0	3	0	104	151	62	142	112	0	4	0	2	63	135	136	11	0	1	0	1	0	0	0	0	0	0	
0	0	0	14	23	0	2	0	0	3	0	146	182	0	2	0	3	0	67	229	51	13	19	0	1	0	195	97	53	225	194	0	0	60	225	140	172	175	170	0	0	60	255	252	191	149	25	0	0	4	94	123	100	0	1	0	0	0	0	0	0	2	2	0	
0	0	0	0	0	0	0	0	0	1	0	87	134	14	0	1	1	0	26	192	169	65	0	3	1	0	2	158	162	12	0	1	0	3	0	106	232	52	0	2	0	0	12	133	95	147	0	4	0	2	0	132	209	77	0	3	0	0	0	10	41	0	0	0	
0	0	0	0	0	0	0	0	2	0	103	81	178	153	0	1	0	13	247	146	123	255	68	0	0	105	242	21	0	200	118	0	0	155	147	0	9	231	134	0	0	149	131	0	163	255	66	0	0	49	180	163	228	157	0	0	0	0	5	7	0	0	0	0	
0	1	0	16	50	0	0	0	1	0	20	147	69	0	2	0	3	0	170	177	40	3	1	0	0	55	210	87	144	137	7	0	0	34	186	13	0	96	130	0	3	0	92	185	80	63	177	3	0	2	0	55	131	124	42	0	0	0	2	0	0	0	0	0	
0	0	0	0	0	0	0	0	0	2	0	54	189	25	0	2	0	4	0	104	255	33	0	2	0	3	0	77	197	0	0	0	0	3	0	106	139	0	4	0	0	1	0	205	99	0	3	0	2	0	33	209	136	42	0	1	0	0	2	1	2	9	0	0	
0	0	0	2	2	1	2	0	0	1	0	110	141	22	0	1	0	0	0	124	126	151	35	0	0	1	0	28	89	139	78	0	0	1	0	28	194	116	0	1	0	9	108	225	88	0	3	0	0	90	151	87	0	3	0	0	1	7	2	2	2	0	0	0	
0	0	2	1	0	0	0	0	0	2	0	54	207	95	0	2	2	0	48	221	126	184	5	0	1	0	179	84	12	172	1	0	0	3	19	0	129	109	0	3	2	0	64	195	229	16	0	1	0	14	202	200	189	75	0	2	0	2	3	0	2	7	0	0	
0	0	0	6	24	0	1	0	0	2	0	85	95	0	3	0	1	0	18	134	3	1	0	0	2	0	60	82	73	108	0	1	3	0	71	86	104	86	6	0	2	0	48	167	113	51	0	2	0	0	0	99	91	0	0	0	0	0	1	0	0	1	0	0	
0	0	2	1	0	0	0	0	0	1	0	5	115	109	0	0	2	0	48	205	150	197	32	0	0	0	161	56	49	166	2	0	0	6	9	124	228	26	0	2	1	0	17	149	205	27	0	1	0	32	43	51	181	14	0	1	0	18	35	49	32	0	1	0	
0	0	0	0	0	2	2	0	0	1	0	22	137	74	0	3	0	0	0	183	222	183	165	37	1	0	8	189	182	210	68	0	1	0	6	223	166	0	1	1	3	0	144	255	94	0	6	0	0	5	216	166	6	0	1	0	0	0	22	4	0	0	0	0	
0	0	0	0	0	1	1	0	2	0	57	140	0	0	52	19	3	0	82	167	0	11	161	19	1	0	172	74	0	115	173	0	0	68	243	188	228	255	104	0	0	80	226	146	133	214	7	0	0	1	6	0	102	124	0	3	0	0	1	4	3	0	1	0	
0	0	0	0	0	1	0	0	0	14	45	0	5	0	0	0	0	51	188	0	119	35	0	1	0	8	183	48	167	112	0	4	3	0	99	146	168	119	0	4	0	0	4	0	114	127	0	4	0	0	6	0	116	132	0	4	0	0	1	0	37	55	0	2	
0	0	2	0	42	63	0	2	0	1	0	7	196	82	0	2	0	3	0	135	146	0	3	0	1	0	25	202	81	152	41	0	4	0	96	255	249	254	51	0	2	0	183	255	211	74	0	2	0	0	53	66	3	0	1	0	0	0	0	0	1	3	0	0	
0	2	1	0	2	1	0	0	0	0	0	0	0	1	1	0	0	60	113	106	90	19	0	1	0	44	15	0	117	100	7	4	1	0	102	152	191	121	82	8	0	6	39	58	145	0	3	0	0	1	0	29	89	0	4	0	0	0	2	1	0	0	0	0	
0	0	1	3	0	0	0	0	0	0	2	0	39	55	0	1	1	0	6	129	227	192	0	1	0	0	184	139	57	161	0	2	0	10	64	0	148	101	0	3	0	2	0	52	186	0	0	0	1	0	4	198	78	0	3	0	1	0	24	102	1	0	0	0	
1	0	13	41	4	0	0	0	1	0	94	185	109	0	4	0	1	0	20	201	145	0	4	0	2	0	48	151	195	140	0	0	0	0	0	1	0	191	73	0	0	57	156	85	122	189	38	0	0	10	103	163	119	12	0	1	0	0	0	0	0	1	1	0	
0	0	0	3	1	1	2	0	0	0	0	0	7	0	9	6	0	1	0	109	126	7	154	29	2	0	48	149	78	183	83	0	4	0	99	196	145	41	0	2	0	35	204	110	0	1	2	0	0	87	94	0	4	2	0	0	0	0	0	3	0	0	0	0	
0	1	0	0	2	3	0	0	0	0	39	24	0	0	0	0	0	97	219	177	137	46	10	0	0	192	75	0	130	252	22	0	0	103	196	24	139	252	18	0	1	0	105	156	104	207	82	0	0	1	0	3	0	85	153	0	0	0	3	3	4	0	16	2	
0	0	1	1	0	2	1	0	0	3	0	66	168	1	0	0	1	0	19	212	255	174	8	0	2	0	173	147	100	241	80	0	0	57	187	1	0	141	98	0	0	136	116	0	71	225	46	0	0	111	118	78	219	123	0	3	0	0	11	13	2	0	1	0	
0	0	0	0	0	0	0	0	0	0	2	0	76	30	0	1	0	1	0	2	215	55	0	2	0	3	0	92	205	0	0	0	2	0	133	232	164	0	3	0	0	1	43	85	147	0	3	0	0	2	0	70	130	0	3	0	0	0	1	5	10	0	0	0	
0	0	0	0	1	0	0	0	0	0	1	0	18	153	10	0	0	0	4	0	129	167	0	3	0	1	0	14	199	47	0	2	0	4	0	121	207	0	2	0	2	0	31	233	71	0	2	0	3	0	102	196	3	0	1	0	0	0	2	1	2	0	0	0	
0	0	0	1	0	0	0	0	0	0	0	13	20	51	0	1	0	0	3	139	110	114	0	4	2	0	62	180	143	93	0	0	4	0	118	217	207	148	4	0	1	0	26	159	171	0	1	0	0	3	0	75	111	0	4	0	0	0	0	19	44	0	1	0	
0	0	1	0	20	36	0	1	1	0	12	118	216	211	18	0	3	0	174	255	89	169	36	0	1	0	56	3	91	171	0	2	0	2	0	78	212	25	0	2	0	36	207	255	224	177	104	0	0	37	136	96	117	112	63	0	0	0	0	0	0	0	0	0	
0	0	1	0	0	0	0	0	0	0	0	80	103	5	0	0	2	0	61	70	100	33	0	1	0	0	4	57	79	0	2	0	0	1	0	69	107	0	0	0	1	0	17	0	91	58	0	2	1	0	32	94	116	23	0	1	0	0	0	43	33	0	1	0	
0	0	1	2	0	0	0	0	0	0	1	0	53	72	3	0	1	0	4	162	229	247	52	0	2	0	57	188	143	197	14	0	0	4	0	132	228	26	0	2	0	3	0	96	172	0	4	0	0	42	60	162	133	0	3	0	0	39	111	120	22	0	1	0	
0	0	0	2	1	0	0	0	2	0	54	146	133	10	0	1	2	0	52	47	125	24	0	1	2	0	37	182	109	0	1	0	1	0	25	57	92	127	7	0	0	0	16	1	7	168	39	0	2	0	100	135	126	61	0	1	0	0	2	10	0	0	0	0	
0	0	0	0	0	2	0	0	0	0	28	7	3	0	82	29	0	0	173	39	0	85	200	1	0	58	186	7	81	231	54	0	0	140	255	218	255	159	0	4	0	37	107	70	200	40	0	2	0	3	0	106	163	0	3	0	0	3	0	37	23	0	0	0	
0	0	0	1	13	5	0	0	0	2	0	117	165	55	0	2	1	0	26	154	0	0	0	0	3	0	70	186	127	158	16	0	2	0	57	115	21	157	68	0	4	0	146	77	51	186	13	0	1	0	24	172	169	36	0	2	0	0	0	1	0	1	1	0	
0	0	0	1	1	3	4	0	0	0	1	0	15	2	0	0	0	2	0	41	220	124	112	19	1	0	18	200	98	72	53	4	2	0	28	189	151	0	1	0	0	26	25	53	195	0	2	1	0	37	105	109	63	0	2	0	0	0	0	0	0	0	0	0	
0	2	0	0	0	1	1	0	0	0	53	117	95	23	0	1	0	120	128	72	117	235	54	0	33	203	86	96	160	243	118	0	0	55	133	142	42	130	155	0	1	0	63	44	57	223	79	0	3	0	78	210	188	91	0	1	0	0	0	0	0	0	1	0	
0	0	0	3	0	44	48	0	0	0	2	0	13	194	57	0	0	1	0	16	198	114	0	3	1	0	6	183	108	0	3	0	3	0	151	252	200	97	0	3	0	54	237	166	214	113	0	4	0	29	62	10	55	14	0	1	0	0	0	0	0	0	0	0	
0	0	0	0	0	0	0	0	1	39	81	94	83	53	0	1	0	150	194	111	201	183	0	3	0	0	2	114	240	48	0	2	3	0	117	189	155	164	4	0	0	0	3	4	0	148	92	0	1	0	29	136	135	208	40	0	0	0	0	82	144	56	0	2	
0	0	1	3	0	0	0	0	0	1	2	0	53	61	0	0	1	0	6	148	217	215	14	0	0	13	188	136	39	187	3	0	0	28	86	0	145	150	0	4	0	2	0	40	229	47	0	2	0	1	0	196	153	0	3	0	1	0	25	120	19	0	1	0	
0	2	3	2	1	3	1	0	0	0	0	0	0	0	0	0	2	98	111	128	127	124	30	0	1	31	40	33	14	181	55	0	0	0	2	0	133	85	0	2	0	4	0	106	131	0	3	0	1	0	11	159	19	0	1	0	3	0	82	111	0	4	0	0	
0	0	0	3	1	0	0	0	0	0	2	0	23	87	4	0	0	2	0	89	193	101	3	9	2	0	46	167	24	61	124	14	3	0	82	200	174	162	34	0	0	35	215	171	15	0	1	1	0	46	91	27	0	4	2	0	0	0	0	1	1	0	0	0	
0	0	0	11	27	0	0	0	1	0	2	199	163	0	2	0	4	0	115	234	14	0	2	0	3	0	199	123	0	11	0	0	4	0	166	216	191	175	31	0	2	0	34	244	174	222	84	0	0	1	0	33	138	129	14	0	0	0	1	1	0	0	0	0	
0	0	1	3	0	0	0	0	0	0	2	0	47	146	65	0	1	0	7	146	202	144	42	0	2	0	154	173	93	105	0	2	0	48	251	177	242	124	0	3	0	10	97	64	185	40	0	2	0	3	0	92	178	0	2	0	0	1	0	40	23	0	1	0	
0	0	0	1	0	0	0	0	0	1	0	18	126	67	0	2	0	0	0	130	77	144	0	1	0	1	0	92	122	94	0	2	0	3	0	124	177	0	1	0	2	0	58	96	108	30	0	1	3	0	81	126	106	0	0	0	0	0	6	54	11	0	0	0	
0	0	1	2	0	0	1	0	0	1	2	0	116	177	0	0	1	0	3	177	255	251	58	0	0	0	177	188	29	130	156	0	0	90	189	0	0	145	121	0	0	155	93	0	146	218	13	0	0	99	174	169	210	42	0	2	0	0	9	7	0	1	1	0	
0	0	1	0	0	0	0	0	0	2	0	101	181	27	0	2	2	0	57	145	85	134	0	2	3	0	132	58	0	141	21	0	2	0	137	39	0	133	42	0	3	0	123	90	11	153	2	0	1	0	16	132	165	77	0	2	0	0	0	3	8	0	0	0	
0	0	0	0	2	0	0	0	0	0	0	1	0	98	14	0	0	0	3	0	96	203	0	0	0	2	0	31	227	52	0	2	0	2	0	175	122	0	4	0	2	0	54	197	4	0	0	0	4	0	101	131	0	4	0	0	1	0	14	19	0	0	0	0	
0	0	1	0	19	29	0	1	0	0	0	0	154	76	0	2	0	3	0	103	104	0	3	0	0	0	2	129	10	0	0	0	1	0	18	119	53	9	0	0	1	0	7	199	221	80	0	3	0	1	0	75	121	18	0	1	0	0	0	0	0	0	0	0	
0	0	0	0	2	18	1	0	0	1	0	56	195	228	42	0	1	0	19	231	112	153	64	0	1	2	11	8	40	169	1	0	0	1	0	85	200	38	0	2	23	134	217	255	201	115	28	0	48	131	119	99	100	82	9	0	0	0	0	0	0	0	0	0	
0	0	0	0	0	0	0	0	1	0	21	72	112	125	46	0	2	0	52	192	57	26	11	0	0	0	8	137	36	6	0	0	0	3	1	81	112	138	4	0	0	0	2	0	82	131	0	1	11	76	97	132	126	11	0	1	4	52	51	13	0	2	0	0	
0	0	3	1	0	0	2	0	0	1	0	5	20	14	1	0	1	0	96	222	219	204	144	0	0	137	171	51	24	184	199	0	2	29	0	40	222	179	12	0	0	4	0	145	148	0	2	0	0	9	35	196	49	0	3	0	0	44	147	138	2	0	0	0	
0	0	0	0	26	3	0	0	0	2	0	79	195	50	0	2	1	0	0	195	132	26	0	2	0	2	0	54	134	0	0	0	0	2	0	101	233	50	0	2	3	0	72	211	187	33	0	1	2	0	38	144	81	0	1	0	0	0	0	0	0	1	0	0	
0	0	0	1	0	33	37	0	0	0	1	0	104	252	118	0	0	2	0	46	238	69	0	2	0	4	0	100	192	0	3	0	0	2	0	40	225	23	0	1	0	135	93	71	229	25	0	1	0	97	153	144	119	2	0	0	0	0	0	0	0	0	0	0	
0	0	0	0	0	0	0	0	1	0	21	116	73	1	0	0	4	0	111	205	198	17	0	1	2	0	28	188	190	0	0	0	0	4	0	121	219	50	0	3	0	2	0	118	124	118	0	4	0	3	0	84	209	48	0	2	0	0	0	10	28	0	0	0	
0	0	0	3	0	56	39	0	0	0	3	0	48	205	29	0	0	1	0	17	196	74	0	2	1	0	0	196	169	0	3	0	3	0	93	225	218	112	0	4	2	0	197	146	148	134	0	4	1	0	47	78	74	11	0	1	0	0	0	0	0	1	0	0	
0	0	2	3	1	3	1	0	0	0	0	1	1	0	2	4	1	0	27	159	209	172	204	90	4	0	131	233	85	78	67	12	0	10	53	161	221	57	0	3	0	53	183	171	242	49	0	3	1	0	90	139	32	0	1	0	0	0	0	0	1	1	0	0	
0	1	3	0	0	0	0	0	0	0	0	16	61	37	0	1	0	11	174	234	246	196	0	1	0	15	144	56	79	225	2	0	0	0	3	0	155	160	0	3	0	3	0	39	245	60	0	3	1	0	28	228	181	0	0	1	2	0	67	130	21	0	1	0	
0	0	1	0	0	0	0	0	0	0	0	76	62	0	1	0	3	0	112	115	174	79	0	3	3	0	149	111	203	85	0	3	1	0	29	126	130	102	0	4	0	0	1	0	40	162	0	2	0	1	0	62	147	151	0	3	0	1	0	43	137	32	0	2	
0	0	0	0	0	1	0	0	0	0	4	33	0	12	72	0	1	0	41	116	0	87	89	0	3	0	78	49	1	147	8	0	0	4	161	125	192	161	0	1	0	24	142	93	159	18	0	1	0	1	0	40	97	0	3	0	0	1	1	16	16	0	0	0	
0	0	0	0	0	0	0	0	0	1	0	16	65	0	1	0	0	1	0	21	156	0	0	0	0	2	0	50	151	0	2	0	0	3	0	96	101	0	3	0	0	3	0	137	51	0	2	0	0	0	5	132	9	0	0	0	0	0	2	15	0	0	0	0	
0	0	1	0	0	0	0	0	0	0	2	124	168	57	0	2	2	0	59	180	162	241	31	0	0	8	117	11	0	148	130	0	0	31	125	0	0	176	89	0	0	30	146	0	164	184	0	1	0	1	170	222	170	6	0	1	1	0	18	53	5	1	1	0	
0	0	0	0	1	0	0	0	0	2	0	60	187	48	0	2	1	0	13	143	126	112	0	4	0	0	5	0	130	72	0	3	1	0	14	71	154	9	0	1	4	0	126	255	128	0	4	0	2	0	63	142	137	34	0	2	0	0	0	0	4	3	0	0	
0	0	1	1	0	0	0	0	0	1	0	17	33	4	0	0	1	0	21	158	147	110	0	3	3	0	98	51	55	100	0	3	0	0	9	5	141	21	0	1	0	3	0	94	102	0	3	0	1	0	20	149	7	0	0	0	2	0	63	80	0	2	0	0	
0	0	0	39	13	0	0	0	1	0	26	194	122	0	2	0	2	0	55	47	141	36	0	1	0	0	3	0	104	92	0	3	2	0	38	114	196	94	0	4	4	0	111	156	167	158	8	0	0	0	10	57	5	89	31	0	0	0	0	0	1	1	0	0	
0	0	1	0	34	17	0	1	0	0	5	90	169	108	0	4	3	0	111	105	49	118	0	4	0	1	13	0	101	74	0	3	1	0	26	152	191	10	0	1	0	13	231	210	124	150	69	0	0	36	130	13	0	6	8	0	0	0	0	2	4	0	0	0	
0	0	0	6	8	0	0	0	0	11	111	163	122	2	0	0	0	86	247	90	7	1	2	0	0	0	51	137	147	106	3	0	0	0	0	0	0	112	140	0	0	11	20	28	36	94	179	1	0	52	153	165	149	127	27	0	0	0	2	2	0	0	1	0	
0	0	0	2	1	0	0	0	0	0	1	0	11	11	0	0	0	1	0	25	141	142	0	3	1	0	13	168	194	87	0	3	1	0	19	121	163	17	0	1	0	2	0	34	113	0	2	0	0	3	0	109	82	0	3	0	0	2	0	97	26	0	1	0	
0	0	0	0	0	2	2	0	1	0	16	135	138	8	0	3	3	0	182	168	164	152	186	82	3	0	122	164	185	197	77	6	3	0	71	255	132	0	3	0	0	0	188	225	167	0	6	0	0	0	199	225	59	0	2	0	1	0	26	19	0	1	0	0	
0	0	0	0	0	2	1	0	0	0	9	39	1	1	0	0	2	0	51	106	0	59	30	0	4	0	117	145	129	201	17	0	2	0	107	137	158	99	0	3	0	0	0	4	141	18	0	1	0	3	0	89	120	0	3	0	0	2	0	61	37	0	1	0	
0	0	3	2	0	0	0	0	0	1	0	19	76	128	83	0	1	0	58	197	240	227	120	0	0	1	224	202	47	0	0	0	2	0	68	185	236	137	0	2	0	20	171	26	115	212	0	1	0	6	174	229	226	88	0	3	0	0	0	33	37	0	0	0	
0	0	3	2	0	0	0	0	0	1	0	23	84	2	0	0	2	0	76	175	202	47	0	2	0	9	147	44	132	22	0	1	1	0	15	182	127	6	6	0	0	43	209	157	157	171	119	33	0	29	34	0	1	3	8	1	0	0	0	4	2	0	0	0	
0	0	2	0	1	2	0	0	0	0	0	12	4	0	0	0	3	0	85	198	162	47	0	2	0	8	184	52	165	173	0	3	0	0	147	204	174	157	0	2	0	0	5	10	5	143	8	0	0	0	2	0	12	145	3	0	0	0	1	0	11	93	0	1	
0	0	0	2	0	0	0	0	0	0	1	0	18	9	0	0	0	1	0	68	203	177	0	2	3	0	82	224	233	119	0	3	2	0	132	178	198	9	0	1	0	3	0	99	123	0	3	0	1	0	12	198	43	0	2	0	2	0	43	110	0	2	0	0	
0	0	0	0	0	2	0	0	3	0	86	125	26	0	1	0	1	0	18	197	255	64	0	3	0	10	38	4	191	193	0	3	0	122	224	168	196	246	17	0	0	113	235	123	115	255	155	9	0	10	51	41	31	34	46	8	0	0	0	0	0	0	0	0	
0	0	0	1	1	0	2	0	0	0	1	0	23	46	11	28	0	0	0	7	138	95	134	61	0	3	0	72	153	130	71	0	1	0	4	177	168	11	0	2	0	5	176	217	24	0	4	0	0	48	204	50	0	3	0	0	0	0	0	1	1	0	0	0	
0	0	2	1	0	0	1	1	0	2	0	17	138	131	8	0	2	0	67	205	164	209	168	0	0	28	211	49	0	8	190	38	0	138	135	0	8	5	172	23	0	153	122	0	0	101	138	0	0	35	193	128	126	127	5	0	1	0	14	56	43	2	0	0	
0	0	1	0	0	2	2	0	0	0	6	7	2	0	0	0	2	0	130	43	0	28	154	19	0	49	192	109	166	243	148	0	0	117	220	124	175	158	0	2	0	9	0	26	181	16	0	1	0	3	0	168	95	0	3	0	0	2	0	95	35	0	1	0	
0	0	10	8	0	0	0	0	0	87	153	156	78	0	2	0	0	27	1	31	176	0	0	0	3	0	70	214	201	78	0	0	1	0	49	44	25	144	103	0	2	0	133	51	0	78	158	0	2	0	44	167	166	168	38	0	0	0	0	1	8	1	0	0	
0	0	0	2	0	0	0	0	0	0	0	1	11	13	8	0	0	2	0	79	183	185	116	7	0	3	0	164	76	0	4	0	0	5	0	71	173	0	2	0	0	82	125	186	116	0	2	0	0	19	107	62	0	1	0	0	0	0	0	0	2	0	0	0	
0	0	2	3	0	0	0	0	0	1	1	0	20	8	0	0	1	0	34	130	173	174	0	1	0	49	188	42	83	124	0	3	0	30	34	0	137	33	0	1	0	0	0	17	164	5	0	0	0	2	0	40	133	0	3	0	0	1	0	27	112	0	1	0	
0	0	0	1	1	1	0	0	0	0	0	0	6	3	18	13	0	1	0	11	117	158	139	25	0	3	0	101	214	80	6	0	2	0	55	214	134	0	5	1	0	43	228	163	29	0	2	0	0	30	107	23	0	1	0	0	0	0	0	1	1	0	0	0	
0	0	0	0	1	0	0	0	0	0	0	0	12	95	2	0	0	0	3	0	107	144	0	3	0	1	0	14	186	23	0	1	0	3	0	112	127	0	4	0	1	0	9	179	27	0	1	0	3	0	69	144	0	3	0	0	1	0	14	18	0	1	0	0	
0	0	0	1	2	2	2	0	0	0	0	1	0	0	9	14	0	1	0	10	34	48	143	42	0	2	0	78	196	111	31	0	0	1	113	205	60	0	2	1	0	48	180	57	0	4	1	0	0	5	14	0	1	0	0	0	0	0	0	2	0	0	0	0	
0	0	0	0	0	0	0	0	0	5	69	124	125	16	0	1	0	80	164	151	242	23	0	2	0	5	16	20	120	120	0	3	0	0	1	0	11	169	9	0	0	0	77	0	65	158	0	2	2	0	115	158	174	43	0	2	0	0	4	55	25	0	1	0	
0	0	3	1	0	0	1	0	0	1	2	0	72	88	2	0	2	0	78	27	109	243	126	0	0	52	211	22	0	62	197	0	0	174	82	0	96	235	112	0	0	204	211	213	193	61	0	1	0	31	96	53	1	0	1	0	0	0	0	0	2	3	0	0	
0	0	2	1	0	0	0	0	0	1	0	37	143	85	1	0	2	0	44	218	211	240	24	0	4	0	146	231	202	86	0	2	4	0	89	255	101	0	4	0	4	0	146	253	203	30	0	1	2	0	65	207	255	124	0	4	0	0	0	16	37	11	0	0	
0	0	0	1	0	0	0	0	0	0	0	0	26	58	29	0	0	2	0	94	155	242	58	0	0	1	0	44	157	74	0	2	0	4	0	169	92	0	4	0	0	2	0	173	72	0	3	0	0	46	180	129	0	0	0	0	0	61	83	0	0	0	0	0	
0	0	1	1	0	0	1	2	0	1	0	13	84	116	130	49	1	0	8	134	102	79	24	0	3	0	84	204	68	3	0	0	1	0	39	48	113	110	0	4	0	47	125	0	110	111	0	4	0	12	119	158	125	6	0	1	0	0	0	0	0	0	0	0	
0	0	0	1	3	0	0	0	0	0	1	1	0	8	21	4	0	1	0	14	120	157	140	38	1	0	26	147	54	7	0	0	1	0	17	165	14	0	1	0	0	46	113	159	28	0	1	0	0	11	111	48	0	1	0	0	0	0	0	1	1	0	0	0	
0	0	1	0	0	0	0	0	2	0	75	37	0	59	16	0	0	5	188	31	4	187	22	0	0	54	174	0	44	169	0	2	0	41	211	137	191	187	0	3	1	0	45	69	88	192	0	2	0	1	3	0	60	201	2	0	0	0	2	2	7	21	0	0	
0	0	2	1	0	1	1	0	0	2	0	66	80	0	57	57	2	0	49	195	27	20	192	31	0	29	237	102	34	187	110	0	0	39	214	200	249	169	0	3	0	2	0	59	223	41	0	2	0	1	0	200	125	0	4	0	0	0	6	45	7	0	0	0	
0	0	1	0	3	56	16	0	0	1	0	29	157	130	19	0	1	0	12	194	75	0	2	0	4	0	125	123	0	5	1	0	3	0	133	158	194	60	0	3	2	0	55	195	150	125	0	4	0	1	0	31	145	60	0	2	0	0	1	1	0	0	0	0	
0	0	0	0	0	0	0	0	0	0	22	97	138	140	43	0	0	2	162	149	44	184	134	0	0	0	4	0	102	197	22	0	3	0	68	230	178	20	0	1	2	0	29	226	116	0	5	0	12	70	150	179	20	0	1	0	9	55	65	19	0	1	0	0	
0	0	0	2	0	0	0	0	0	0	2	0	42	49	0	1	0	2	0	87	255	145	0	4	3	0	115	236	242	44	0	2	1	0	47	76	214	7	0	1	0	3	0	105	184	0	2	0	0	3	0	181	125	0	4	0	0	2	0	71	57	0	2	0	
0	0	0	0	0	0	0	0	0	0	0	9	59	130	64	0	0	1	0	97	133	222	77	0	0	3	0	38	155	90	0	2	0	4	0	108	190	0	3	0	0	13	0	113	149	0	3	0	0	109	212	179	20	0	1	0	0	14	47	5	0	0	0	0	
0	0	0	4	35	2	0	0	0	2	0	116	118	0	2	0	2	0	46	139	0	2	0	0	4	0	102	105	99	149	66	0	4	0	122	178	35	58	131	0	3	0	68	163	33	143	43	0	0	1	0	85	130	43	0	1	0	0	1	0	0	0	1	0	
0	0	1	2	0	1	1	0	0	2	0	44	78	0	7	0	1	0	19	183	40	44	100	0	1	0	188	177	55	174	39	0	0	3	126	166	251	114	0	3	0	2	0	52	182	0	1	0	0	3	0	152	92	0	3	0	0	0	0	33	7	0	0	0	
0	0	1	1	1	2	0	0	0	1	0	35	55	0	1	0	1	0	25	98	69	42	0	2	3	0	106	89	116	106	0	4	1	0	17	29	110	39	0	2	0	0	0	9	122	2	0	0	0	1	0	35	104	0	3	0	0	0	0	11	42	0	1	0	
0	0	0	1	0	1	0	0	0	0	3	0	133	93	0	3	0	3	0	95	213	16	0	1	1	0	22	180	17	22	9	0	4	0	124	144	125	195	9	0	4	0	109	246	139	20	0	1	2	0	65	121	0	3	0	0	0	0	0	0	4	1	0	0	
0	0	0	0	0	0	0	0	0	2	0	51	54	0	2	0	0	3	0	172	126	0	4	0	0	4	0	135	120	0	4	0	0	3	0	90	148	0	4	0	0	3	0	78	162	0	3	0	0	2	0	54	167	0	2	0	0	0	0	8	28	0	0	0	
0	0	0	1	1	0	0	0	0	0	1	1	6	27	30	9	0	1	0	20	167	148	118	32	0	0	0	180	92	0	3	0	2	0	34	157	165	9	1	1	0	23	48	119	152	0	1	0	0	23	145	118	7	0	1	0	0	0	0	0	1	0	0	0	
0	0	0	0	0	0	0	0	1	0	4	144	165	13	0	1	3	0	80	162	167	91	0	3	2	0	46	218	216	120	0	3	3	0	110	109	0	164	35	0	3	0	137	57	5	180	37	0	2	0	53	150	146	77	0	2	0	0	0	3	1	0	0	0	
0	0	0	0	1	0	0	0	0	0	0	1	25	113	4	0	0	0	4	0	123	167	0	2	0	2	0	39	199	17	0	1	0	2	0	180	124	0	3	0	2	0	57	196	3	0	0	0	3	0	89	147	0	3	0	0	0	0	9	29	0	0	0	0	
0	0	2	0	0	0	0	0	0	1	0	28	87	138	83	0	2	0	116	169	133	160	146	0	2	0	181	99	0	149	87	0	2	0	32	215	241	91	0	2	0	21	171	74	101	99	0	4	0	33	166	112	163	91	0	3	0	0	7	50	41	0	0	0	
0	0	2	2	0	1	0	0	0	0	0	8	74	13	0	1	1	0	31	198	237	131	0	4	3	0	158	132	94	146	0	4	0	0	4	4	189	44	0	2	0	3	0	139	159	0	3	0	3	0	77	218	12	0	1	0	2	0	70	70	0	2	0	0	
0	3	78	84	33	0	1	0	0	19	73	56	146	49	0	2	0	0	1	0	41	139	0	2	0	0	0	0	9	152	6	0	0	1	38	12	88	100	0	3	0	65	226	207	200	139	84	1	0	8	49	43	2	55	46	0	0	0	0	0	0	0	0	0	
0	0	0	1	0	2	0	0	0	0	1	0	52	8	117	44	0	2	0	45	115	135	162	2	0	3	0	91	178	151	6	0	1	0	7	208	170	0	1	1	0	1	213	188	0	3	1	0	0	26	189	36	0	2	0	0	0	0	0	1	1	0	0	0	
0	0	0	3	2	0	0	0	0	2	0	67	184	12	0	1	0	2	0	83	157	0	0	1	0	2	0	162	103	0	3	0	0	0	0	0	151	61	0	2	0	1	0	60	188	74	0	3	0	3	0	146	138	0	2	0	0	0	0	0	0	1	0	0	
0	0	1	0	0	3	1	0	1	0	29	95	4	0	29	12	4	0	120	200	0	63	201	50	0	16	216	123	114	255	107	0	0	54	249	218	255	129	0	2	0	7	16	124	210	0	1	1	1	0	0	215	111	0	4	0	0	0	8	49	16	0	0	0	
0	0	1	0	0	1	2	0	1	0	11	127	12	1	0	0	4	0	89	252	156	178	86	0	3	0	169	96	3	36	165	5	0	0	183	42	0	41	154	0	3	0	174	90	40	189	51	0	2	0	51	192	174	56	0	2	0	0	0	2	1	0	1	0	
0	0	0	2	3	2	0	0	0	0	0	0	0	0	14	6	0	2	0	57	153	197	195	26	0	1	0	191	140	79	40	0	0	40	9	51	145	2	0	0	0	107	112	126	217	12	0	1	0	4	130	154	32	0	1	0	0	0	0	0	0	0	0	0	
0	0	0	0	0	0	0	0	0	0	0	101	127	11	0	1	0	0	11	62	121	102	0	4	0	0	2	0	133	58	0	2	0	3	0	103	163	0	2	0	0	2	0	102	158	0	2	0	1	0	6	145	139	0	2	0	0	0	1	51	16	0	1	0	
0	0	0	0	1	2	0	0	2	2	1	34	10	0	1	0	19	2	80	221	210	60	0	2	0	12	237	151	91	224	10	0	0	6	113	0	104	219	0	0	0	2	0	25	248	108	0	4	0	4	0	145	215	0	0	1	0	2	0	62	55	0	2	0	
0	0	1	1	2	37	3	0	0	1	0	10	186	202	0	0	1	0	5	198	163	5	0	1	2	0	165	243	100	86	26	0	0	28	248	223	122	236	144	0	0	27	248	208	139	207	49	0	2	0	80	161	124	17	0	1	0	1	0	0	0	1	2	0	
0	0	0	0	1	5	0	0	0	1	0	7	114	156	40	0	0	3	0	102	149	144	69	0	0	1	4	0	85	117	0	2	0	1	0	85	238	76	0	2	0	16	188	199	53	82	30	0	0	63	171	10	0	1	0	0	0	0	0	2	3	2	0	0	
0	0	0	0	0	1	0	0	1	0	5	120	159	37	0	2	1	0	9	101	233	148	0	4	3	0	70	136	195	115	0	4	2	0	50	215	238	25	0	2	1	0	39	60	227	47	0	2	3	0	150	250	146	0	1	0	0	0	5	20	10	0	0	0	
0	0	0	0	0	0	0	0	0	0	4	41	92	117	10	0	2	0	86	126	69	191	34	0	0	0	1	3	126	50	0	1	0	2	0	159	162	0	2	0	0	1	0	51	189	16	0	1	0	15	151	208	96	0	2	0	0	6	62	25	0	1	0	0	
0	0	2	1	0	0	0	0	0	0	2	0	63	58	0	2	2	0	87	35	128	84	0	3	0	14	186	44	193	78	0	3	0	4	100	124	209	56	0	2	0	0	3	0	169	52	0	2	0	0	6	0	130	65	0	2	0	0	0	0	11	7	0	0	
0	0	0	2	0	18	11	0	0	0	1	0	24	154	41	0	0	1	0	23	161	34	0	1	0	2	0	165	105	0	3	0	2	0	28	232	222	78	0	3	3	0	152	250	234	61	0	3	1	0	81	34	13	0	0	0	0	0	0	0	1	2	0	0	
0	0	0	0	0	0	0	0	0	0	3	8	5	4	0	0	2	0	36	186	227	141	0	4	0	0	3	9	200	102	0	4	0	1	0	32	181	9	0	1	0	4	0	128	122	0	3	0	1	0	15	191	33	0	1	0	2	0	48	121	0	1	0	0	
0	0	0	1	1	0	0	0	1	1	1	1	5	130	84	0	1	2	0	22	160	124	28	0	0	0	0	142	86	0	3	0	3	0	76	250	150	8	0	0	3	0	160	255	178	0	0	1	0	0	18	25	2	0	0	0	0	0	0	0	2	0	0	0	
0	0	0	4	2	0	0	0	1	0	21	154	142	5	0	1	0	0	15	0	127	74	0	3	1	0	34	98	156	36	0	2	1	0	21	81	164	46	0	2	1	0	26	0	72	110	0	4	2	0	57	159	134	29	0	1	0	0	0	5	7	0	0	0	
0	0	1	1	0	0	0	0	0	0	0	0	59	53	0	1	1	0	31	145	137	192	41	0	2	0	48	41	29	179	9	0	0	1	0	0	183	78	0	3	0	2	0	150	140	0	3	0	3	0	117	178	0	2	0	0	0	0	96	23	0	1	0	0	
0	0	1	1	0	0	0	0	0	1	0	28	69	14	0	1	2	0	34	132	75	56	0	1	3	0	133	73	88	137	0	2	2	0	89	108	177	67	0	3	0	2	0	42	138	0	1	0	0	3	0	132	76	0	3	0	0	1	0	72	33	0	1	0	
0	1	2	0	0	0	0	0	0	1	0	12	73	47	0	1	0	13	76	159	147	176	5	0	0	117	101	2	25	188	8	0	0	9	5	0	156	151	0	3	0	3	0	83	203	7	0	1	2	0	33	196	33	0	2	0	2	0	44	57	0	3	0	0	
0	0	3	4	4	2	0	0	0	0	0	0	0	0	0	0	0	25	129	99	125	74	0	2	0	2	61	81	134	76	0	3	0	0	3	0	82	36	0	1	0	0	3	0	129	15	0	1	0	1	0	37	128	0	2	0	0	2	0	50	94	0	3	0	
0	0	2	1	0	1	0	0	0	1	0	22	66	7	0	0	2	0	61	214	250	113	0	3	0	0	205	92	42	181	0	1	0	2	27	0	176	117	0	3	0	3	0	131	214	2	0	1	3	0	86	240	37	0	2	0	2	0	76	71	0	3	0	0	
0	0	0	0	0	0	0	0	0	0	2	0	50	43	0	2	0	0	3	0	151	90	0	3	0	0	0	9	179	20	0	1	0	3	0	106	150	0	3	0	0	1	0	172	47	0	2	0	0	0	11	141	3	0	0	0	0	0	2	16	0	0	0	0	
0	0	2	0	89	36	0	1	0	2	0	74	166	18	0	1	1	0	22	181	22	0	1	0	4	0	142	128	0	16	0	0	4	0	136	138	202	233	14	0	2	0	48	252	217	100	0	0	0	0	1	46	6	0	0	0	0	0	1	0	1	3	0	0	
0	0	0	0	0	0	0	0	1	0	32	117	78	0	1	0	2	0	83	123	154	0	3	0	1	0	3	176	166	24	0	1	1	0	17	41	64	105	0	4	1	0	14	0	45	115	0	3	1	0	27	128	154	64	0	3	0	1	0	26	52	0	0	0	
0	0	2	1	0	0	1	0	0	1	0	69	140	90	1	0	2	0	60	250	242	247	99	0	0	0	212	170	36	175	158	0	0	30	198	0	55	255	83	0	0	53	181	72	255	174	0	0	0	2	195	255	141	6	0	1	1	0	19	35	0	2	1	0	
0	0	0	0	1	1	0	0	0	0	22	27	7	0	0	0	1	0	112	183	196	39	0	4	0	2	0	73	242	41	0	2	1	0	108	255	205	99	88	52	0	0	93	100	118	110	80	34	0	0	0	0	0	0	0	0	0	0	3	4	4	4	3	1	
0	0	0	0	2	0	1	0	0	0	0	0	3	151	30	0	0	0	3	0	117	175	0	2	0	2	0	34	236	46	0	2	0	1	0	179	149	0	3	0	3	0	69	223	15	0	1	0	3	0	122	120	0	3	0	0	0	0	1	1	1	0	0	0	
0	2	1	0	0	2	1	0	1	0	18	113	106	5	0	1	0	62	194	145	165	156	20	0	3	136	33	0	0	76	121	0	16	86	0	3	0	7	155	8	0	133	93	8	5	103	145	0	0	11	123	150	162	136	15	0	0	1	0	5	7	0	1	0	
0	0	1	1	0	1	1	0	0	2	0	147	216	42	0	2	1	0	28	180	142	226	18	0	3	0	157	107	7	241	45	0	0	35	240	17	87	226	1	0	0	3	185	141	244	118	0	3	2	0	60	228	123	0	1	0	0	1	1	0	0	2	0	0	
0	0	0	2	1	4	0	0	0	1	0	6	135	77	0	2	0	2	0	162	144	0	1	0	2	0	47	215	30	0	1	0	3	0	85	166	73	95	0	3	1	0	39	144	103	118	0	4	0	2	0	98	185	18	0	1	0	0	0	1	2	0	0	0	
0	0	0	0	0	0	0	0	0	0	3	0	133	78	0	3	0	1	0	1	217	66	0	3	0	2	0	63	225	11	0	1	0	3	0	167	175	0	3	0	1	0	3	230	84	0	3	0	1	0	20	180	24	0	1	0	0	0	1	1	0	0	0	0	
0	0	0	1	12	8	0	0	0	0	1	0	27	79	0	2	0	0	1	58	145	65	0	2	2	0	38	191	150	43	0	1	0	0	0	0	13	137	0	0	0	1	66	70	143	96	0	2	1	0	84	140	77	0	0	0	0	0	0	0	0	1	0	0	
0	0	0	3	0	49	70	0	0	0	2	0	36	176	44	0	0	1	0	23	177	47	0	2	0	1	0	135	71	0	4	0	3	0	65	225	223	94	0	3	4	0	108	255	201	24	0	1	1	0	10	57	7	0	0	0	0	0	0	0	2	1	0	0	
0	0	0	0	0	0	0	0	0	2	133	167	153	74	0	1	0	3	102	83	158	222	2	0	2	0	35	128	173	62	0	2	2	0	54	226	221	29	0	2	0	1	3	0	209	122	0	4	1	0	129	206	174	14	0	1	1	0	28	58	6	0	0	0	
0	0	0	1	4	1	0	0	0	0	1	1	0	0	7	4	0	1	0	31	149	160	151	55	0	0	0	144	115	27	6	1	2	0	52	155	0	1	0	0	0	10	0	139	110	0	4	0	0	20	134	145	26	0	1	0	0	0	15	6	0	0	0	0	
0	1	0	37	47	0	2	0	0	1	0	152	54	0	2	0	2	0	45	136	0	3	0	0	3	0	87	91	53	78	0	1	3	0	87	106	129	171	16	0	2	0	36	201	199	104	0	1	0	0	0	42	57	1	0	0	0	0	1	0	0	2	0	0	
0	0	2	2	0	0	1	0	0	0	0	4	72	69	0	0	2	0	38	213	175	196	154	0	1	0	189	151	95	199	89	0	0	1	29	8	203	67	0	2	0	10	0	34	199	21	0	1	0	75	171	216	107	0	3	0	0	14	127	69	0	2	0	0	
0	0	0	3	0	41	85	0	0	0	3	0	62	144	53	0	0	2	0	71	143	2	0	1	1	0	32	165	13	0	3	0	4	0	143	171	99	103	0	2	2	0	168	202	160	184	0	2	1	0	9	56	65	7	0	0	0	0	1	0	0	0	0	0	
0	0	0	0	1	0	0	0	0	0	1	0	21	177	26	0	0	0	5	0	134	213	2	0	0	2	0	46	244	63	0	3	1	0	0	206	186	0	2	0	4	0	117	255	40	0	2	0	3	0	120	135	0	3	0	0	0	0	0	0	1	0	0	0	
0	0	0	0	0	0	0	0	0	0	7	76	187	53	0	2	2	0	43	196	215	16	0	1	0	1	0	193	193	42	0	1	0	4	6	27	35	143	46	0	0	80	118	12	61	182	38	0	0	20	143	180	164	62	0	2	0	0	0	1	0	0	1	0	
0	1	1	0	0	1	0	0	1	0	38	121	0	7	39	0	0	0	203	121	0	107	199	0	0	83	246	71	99	241	74	0	0	23	170	209	255	159	0	2	0	3	0	103	205	5	0	1	1	0	7	224	88	0	3	0	0	0	5	40	7	0	0	0	
2	0	48	50	0	5	3	1	1	0	160	62	0	2	0	0	0	18	162	0	59	102	94	15	0	34	130	80	139	36	98	94	0	20	157	125	11	0	27	94	3	0	137	191	168	98	103	27	1	0	9	65	82	47	4	0	0	0	1	0	0	0	1	1	
0	0	2	3	0	0	0	0	0	0	1	0	44	68	0	0	1	0	51	173	182	203	46	0	0	18	184	70	25	185	20	0	0	3	6	7	211	108	0	3	0	1	0	186	165	0	2	0	3	0	141	209	1	1	1	0	0	2	108	34	0	2	0	0	
0	1	1	0	0	0	0	0	0	0	1	12	17	4	0	0	0	42	132	101	166	47	0	2	0	15	18	0	114	30	0	1	0	0	0	0	121	9	0	0	0	1	0	4	117	4	0	0	0	1	0	16	122	0	1	0	0	1	0	23	93	0	2	0	
0	0	1	0	42	47	0	2	0	2	0	29	238	85	0	3	0	3	0	147	147	0	3	0	2	0	39	173	39	20	0	1	4	0	107	210	253	122	0	4	4	0	113	255	244	59	0	3	1	0	16	64	35	0	1	0	0	0	0	0	1	1	0	0	
0	0	0	0	0	0	0	0	0	75	153	148	70	0	1	0	0	167	178	202	245	22	0	2	0	10	191	242	251	83	0	1	0	4	87	122	139	236	116	0	0	0	0	189	60	169	189	0	0	3	0	137	255	193	36	0	0	0	0	10	40	4	0	0	
0	0	2	0	5	31	1	0	0	2	0	75	216	235	65	0	3	0	111	255	126	126	124	0	1	0	81	17	60	198	18	0	1	0	3	123	209	33	0	2	0	136	247	255	213	173	85	0	0	105	130	94	86	91	24	0	0	0	0	0	0	0	0	0	
0	0	1	1	0	2	0	0	0	1	0	35	14	0	0	0	1	0	27	141	21	95	0	1	3	0	118	71	150	146	0	4	3	0	153	176	194	49	0	2	1	0	30	53	121	1	0	0	0	2	0	54	124	0	3	0	0	1	0	26	34	0	1	0	
0	0	2	0	0	0	0	0	0	0	0	20	59	9	0	0	3	0	91	215	234	52	0	3	2	0	73	202	152	0	1	0	0	37	237	218	85	109	159	69	0	19	128	141	169	157	110	22	0	0	0	0	0	0	0	0	0	1	4	4	3	4	4	1	
0	1	0	56	27	0	1	0	0	2	0	54	123	0	2	0	0	0	3	0	117	20	0	1	0	0	1	23	101	10	0	0	2	0	37	87	177	19	0	1	3	0	91	98	79	114	21	0	1	0	25	45	0	20	20	0	0	0	0	0	3	1	0	0	
0	0	0	0	3	4	1	0	0	0	0	2	0	0	5	8	0	1	0	11	90	122	141	42	0	1	3	116	121	68	16	0	1	0	26	116	0	2	0	1	0	20	142	144	0	5	1	0	0	12	89	18	0	1	0	0	0	0	0	0	0	0	0	0	
0	0	0	0	0	0	0	0	0	1	0	14	81	0	0	0	0	1	0	18	211	23	0	1	0	2	0	43	191	1	0	1	0	3	0	86	197	0	2	0	0	3	0	107	163	0	4	0	0	3	0	90	140	0	4	0	0	0	0	4	17	0	0	0	
0	0	1	3	0	0	0	0	0	0	1	1	14	4	0	0	1	0	6	146	201	224	39	0	3	0	148	211	216	173	0	1	2	0	131	152	213	48	0	2	0	3	0	83	172	0	2	0	1	0	15	217	72	0	3	0	3	0	82	168	0	0	0	0	
0	2	1	0	0	0	2	0	1	0	7	40	60	28	0	0	0	44	156	223	173	180	103	0	0	157	69	90	0	20	181	5	10	156	6	1	0	67	178	0	0	135	142	26	77	214	64	0	0	6	118	168	146	44	0	2	0	2	0	0	0	0	1	0	
0	0	0	0	1	1	0	0	0	0	0	3	0	92	47	0	0	0	2	0	35	201	14	0	0	0	2	0	186	111	0	3	0	3	0	136	202	0	1	0	3	0	94	231	30	0	2	0	3	0	140	75	0	3	0	0	0	0	0	1	2	0	0	0	
0	0	0	0	0	0	0	0	1	0	19	10	0	86	18	0	2	0	160	44	14	190	7	0	1	0	186	51	145	199	9	0	3	0	74	216	245	105	6	0	0	3	0	163	191	0	2	0	0	1	0	180	73	0	3	0	0	0	0	18	6	0	0	0	
0	0	2	1	0	1	0	0	1	3	0	11	128	161	2	0	2	0	49	210	75	150	33	0	3	0	115	78	68	164	0	2	1	0	12	109	255	148	38	0	0	47	251	217	108	105	39	0	0	107	129	4	0	1	0	0	0	0	0	2	4	4	1	0	
0	0	0	0	0	0	0	0	3	0	82	41	0	2	0	0	3	0	134	54	0	2	0	0	3	0	96	135	34	187	17	0	0	1	0	104	228	139	0	3	0	0	5	0	123	76	0	3	0	0	2	0	50	81	0	2	0	0	0	0	1	5	0	0	
0	0	2	1	2	22	0	0	0	1	0	13	106	206	24	0	2	0	63	191	112	163	1	0	2	0	109	100	186	84	0	3	1	0	63	230	121	0	3	0	0	9	214	244	173	87	10	0	0	1	10	8	82	153	44	0	0	0	0	0	0	0	0	0	
0	0	0	0	1	0	0	0	0	29	122	47	0	1	0	0	0	25	27	100	48	0	2	0	0	1	0	27	107	0	2	0	2	0	73	119	159	42	14	6	3	0	102	184	103	88	132	50	0	0	4	20	0	0	0	0	0	0	1	0	3	3	1	0	
0	0	0	3	0	0	0	0	0	0	2	0	48	47	0	1	0	0	0	126	221	153	0	2	3	0	132	142	51	127	0	3	0	0	94	1	166	74	0	3	0	3	0	112	160	0	2	0	2	0	33	197	21	0	1	0	1	0	30	48	0	2	0	0	
0	0	0	0	3	29	0	0	0	0	3	0	89	166	0	1	0	1	0	35	175	14	0	1	0	2	0	129	74	0	2	0	2	0	43	181	158	109	0	3	3	0	69	144	122	65	0	2	1	0	6	101	51	0	1	0	0	0	1	0	1	2	0	0	
0	0	0	2	1	0	0	0	0	0	1	0	13	54	1	0	0	2	0	45	220	210	2	0	2	0	44	244	255	63	0	3	2	0	58	149	185	22	0	1	0	3	0	93	126	0	3	0	1	0	20	187	22	0	1	0	1	0	34	72	0	2	0	0	
1	0	51	8	2	4	1	0	0	30	132	0	1	0	1	0	0	73	79	0	114	106	12	0	0	60	44	113	91	57	81	0	0	38	100	80	0	13	125	5	1	0	116	185	141	172	74	0	0	1	0	42	88	26	0	1	0	0	2	0	0	0	2	0	
0	0	0	1	0	0	0	0	0	1	0	14	78	13	0	1	0	3	0	136	171	141	0	3	0	0	5	72	134	131	0	4	0	2	0	50	198	6	0	1	1	0	6	203	73	0	3	0	4	0	139	159	0	4	0	0	1	0	74	41	0	1	0	0	
0	0	0	12	64	0	0	0	0	3	0	96	90	0	2	0	1	0	11	125	3	0	0	0	2	0	54	106	42	20	0	1	3	0	66	145	101	143	0	2	2	0	41	134	110	83	0	2	0	1	0	49	54	0	1	0	0	0	1	0	0	2	0	0	
0	0	0	3	0	0	0	0	0	0	1	0	48	60	6	0	0	0	0	110	135	135	23	0	3	0	69	194	134	160	0	1	1	0	13	95	228	42	0	2	0	3	0	102	138	0	3	0	1	0	28	196	20	0	1	0	2	0	40	77	0	2	0	0	
0	0	0	0	0	0	0	0	0	22	93	130	96	8	0	1	0	36	49	2	94	126	0	4	0	0	0	0	124	58	0	2	0	4	0	76	110	0	3	0	1	0	14	157	35	18	11	2	1	0	10	106	120	124	85	8	0	0	0	0	0	0	0	0	
0	0	0	1	2	0	0	0	0	0	0	0	1	102	35	0	0	1	0	25	131	209	78	0	0	2	0	93	165	163	3	0	0	1	0	4	143	51	0	2	2	0	87	198	128	0	2	0	0	54	225	55	0	7	0	0	0	17	24	0	1	0	0	0	
0	0	0	1	0	0	0	0	0	0	3	0	96	108	0	1	0	2	0	104	157	143	5	0	2	0	101	130	30	152	0	1	1	0	184	116	182	127	0	3	1	0	2	183	165	25	0	1	1	0	127	141	0	0	0	0	0	2	50	9	1	2	0	0	
0	0	1	0	0	0	0	0	0	0	5	95	176	161	38	0	4	0	153	200	38	83	171	0	0	24	124	10	0	120	183	0	0	119	83	0	29	235	110	0	0	175	51	53	231	135	0	2	0	74	185	187	79	0	3	0	0	0	5	2	0	2	0	0	
0	0	1	0	1	0	0	0	1	0	17	35	0	6	11	3	2	0	123	104	131	148	140	33	0	33	211	132	59	0	4	0	0	10	31	54	127	17	0	1	0	0	3	0	94	54	0	2	1	0	52	85	162	13	0	1	2	0	78	126	35	0	1	0	
0	0	0	1	0	0	0	0	0	1	0	25	46	13	5	0	0	3	0	163	151	156	24	0	3	0	75	251	218	165	0	3	2	0	70	171	255	83	0	4	0	3	0	89	221	9	0	1	1	0	7	226	97	0	3	0	1	0	20	106	8	0	0	0	
0	0	0	4	4	0	0	0	0	5	105	146	159	54	0	2	0	29	90	0	56	155	0	3	0	0	2	0	130	97	0	3	0	3	0	97	140	0	1	0	3	0	77	180	4	20	8	0	3	0	83	170	159	136	16	0	0	0	0	1	9	2	0	0	
0	0	0	1	0	2	3	0	0	0	1	0	101	164	21	0	0	2	0	71	157	35	102	9	0	4	0	65	152	168	125	0	1	0	0	154	218	31	0	2	0	9	186	250	36	0	5	0	0	84	216	48	0	3	0	0	0	3	0	0	1	0	0	0	
0	0	0	0	3	22	0	0	0	0	2	0	78	119	0	3	0	1	0	17	166	23	0	1	0	3	0	136	101	0	3	0	1	0	23	142	109	12	0	1	3	0	73	126	125	16	0	1	1	0	25	123	42	0	2	0	0	0	0	0	0	0	0	0	
0	0	0	1	0	0	0	0	0	0	1	2	65	16	0	1	0	3	0	105	211	102	0	4	3	0	68	166	68	116	0	4	1	0	39	28	173	43	0	2	0	3	0	144	124	0	3	0	3	0	96	181	0	1	0	0	2	0	71	36	0	1	0	0	
0	0	12	86	0	2	1	0	3	0	70	87	0	3	0	0	0	0	120	20	0	44	19	0	0	44	151	0	85	188	121	0	0	12	170	68	134	64	95	0	2	0	66	203	188	120	10	0	0	1	0	8	22	7	0	0	0	0	2	1	0	2	1	0	
0	0	0	0	0	1	0	0	0	3	0	91	222	75	0	3	0	3	0	151	207	174	6	0	0	2	0	142	51	161	26	0	2	0	67	150	104	192	0	2	4	0	105	240	247	80	0	3	3	0	76	215	65	0	2	0	0	0	0	0	0	1	0	0	
0	0	0	2	1	0	0	0	2	0	45	207	89	0	2	0	3	0	69	73	163	20	0	1	0	1	0	55	172	16	0	1	2	0	40	223	214	7	0	1	4	0	104	219	154	171	55	0	3	0	70	154	0	26	12	0	0	0	0	0	2	0	0	0	
0	0	1	3	0	0	0	0	0	0	0	0	55	87	25	0	1	0	29	150	135	139	148	0	2	0	83	75	56	169	41	0	0	5	0	58	184	25	0	1	0	3	0	98	115	0	5	0	0	79	127	164	19	0	1	0	0	82	121	11	0	1	0	0	
0	0	0	0	0	0	0	0	0	4	23	18	74	22	0	1	0	4	101	118	199	24	0	1	0	1	0	14	138	0	0	0	0	1	0	35	159	12	0	1	2	0	30	181	213	25	0	1	0	0	3	14	140	6	0	0	0	0	0	0	22	3	0	0	
0	0	0	1	2	2	2	0	0	0	0	0	0	0	2	2	0	0	1	6	90	160	129	18	0	4	0	54	186	138	37	0	2	0	36	197	112	0	2	0	0	66	231	114	0	3	2	0	0	44	39	0	2	0	0	0	0	0	0	2	0	0	0	0	
0	0	1	0	20	7	0	0	0	1	0	30	145	0	0	0	0	1	0	170	98	14	0	1	3	0	83	143	112	203	9	0	4	0	131	105	119	160	36	0	4	0	110	222	229	148	0	1	0	0	3	113	102	7	0	1	0	0	0	0	0	2	0	0	
0	0	1	2	0	2	1	0	0	1	0	24	72	0	63	58	0	1	0	157	86	36	201	25	0	0	182	184	71	239	106	0	0	52	226	226	245	73	0	3	2	0	50	222	52	0	3	0	0	0	178	79	0	5	0	0	0	4	32	0	2	0	0	0	
0	0	0	6	78	8	0	0	0	3	0	128	156	0	0	0	3	0	61	201	6	0	1	0	4	0	139	83	0	50	7	0	4	0	127	112	117	208	109	0	1	0	15	183	222	177	68	0	0	1	0	11	58	37	0	0	0	0	1	2	0	0	1	0	
0	0	0	1	0	10	27	0	0	0	1	1	0	136	76	0	0	0	1	0	145	105	0	2	0	2	0	120	112	0	3	0	2	0	57	157	91	114	0	2	3	0	153	245	208	81	0	2	0	14	102	36	2	0	0	0	0	0	0	0	2	3	0	0	
0	0	0	1	1	0	0	0	0	1	13	0	29	9	0	0	0	72	114	28	144	4	0	1	0	91	99	69	111	0	8	0	0	24	173	171	214	142	148	37	1	0	15	29	153	83	0	3	0	1	2	0	23	75	0	1	0	0	1	2	2	0	1	0	
0	0	0	0	2	0	0	0	0	0	0	2	0	116	32	0	0	0	4	0	80	230	18	0	0	2	0	34	227	56	0	2	1	0	4	215	112	0	4	0	4	0	106	183	0	3	0	0	4	0	132	66	0	2	0	0	1	0	17	11	0	0	0	0	
0	0	1	0	0	0	0	0	0	0	0	0	4	63	1	0	0	0	25	0	17	132	0	1	0	1	154	3	69	120	0	3	3	0	128	177	192	112	0	4	1	0	15	29	117	84	0	3	0	0	3	0	123	28	0	1	0	0	1	2	6	1	0	0	
0	0	1	1	0	1	1	0	0	1	0	38	44	0	20	6	1	0	31	174	22	42	160	3	3	0	164	115	49	208	79	0	1	0	155	164	228	146	0	4	0	1	0	28	190	17	0	1	0	2	0	178	108	0	3	0	0	0	8	99	10	0	0	0	
0	0	0	2	0	0	0	0	0	0	2	0	76	151	35	0	0	2	0	134	143	110	78	0	3	0	66	211	9	0	1	0	3	0	69	213	152	0	3	0	0	2	0	39	195	1	0	0	0	1	0	176	113	0	3	0	0	0	0	33	8	0	0	0	
0	0	0	2	0	3	0	0	0	1	0	12	158	24	0	1	0	3	0	136	255	144	0	0	2	0	50	201	7	184	70	0	3	0	156	79	7	197	28	0	0	4	174	84	213	91	0	3	1	0	152	205	70	0	2	0	0	0	0	0	0	2	0	0	
0	0	0	4	1	0	0	0	1	0	120	195	116	0	1	0	0	4	59	18	182	44	0	2	0	0	4	0	139	80	0	3	0	1	0	12	173	25	0	1	1	0	0	166	201	42	0	1	3	0	84	181	123	40	0	1	0	0	2	0	0	0	0	0	
0	0	0	3	1	0	0	0	0	0	1	0	18	66	10	0	1	0	8	102	190	230	15	0	2	0	54	158	178	41	0	2	0	0	5	163	46	0	2	0	0	3	0	134	115	0	3	0	0	6	93	172	60	0	2	0	0	20	120	36	0	1	0	0	
0	0	3	15	7	0	0	0	1	0	24	99	127	54	0	2	0	1	0	15	152	36	0	2	0	0	0	150	44	0	1	0	0	0	0	92	80	4	0	0	0	1	0	7	165	33	0	1	0	2	86	151	88	0	1	0	0	1	7	3	0	0	0	0	
0	0	0	1	0	32	5	0	0	0	2	0	74	160	0	0	0	1	0	32	193	29	0	1	0	2	0	155	79	0	3	0	1	0	9	198	178	97	0	2	3	0	69	232	236	123	0	2	2	0	50	52	0	2	0	0	0	0	0	0	0	2	0	0	
0	0	0	0	0	0	0	0	0	33	115	143	72	0	2	0	0	53	102	151	138	0	5	0	0	1	0	192	95	0	1	0	0	2	2	60	151	161	25	0	0	0	0	2	0	188	82	0	0	2	0	42	176	150	0	0	0	1	0	14	49	7	0	0	
0	0	0	2	1	0	0	0	0	0	2	0	27	124	42	0	0	2	0	78	175	126	89	0	2	0	47	179	41	132	24	0	1	0	14	39	171	136	0	3	2	0	106	234	93	12	2	0	0	57	204	40	0	2	0	0	0	17	15	0	4	1	0	0	
1	10	2	0	1	0	0	0	0	70	112	77	9	0	1	0	0	0	8	63	119	0	0	0	0	2	0	32	87	0	2	0	1	0	28	143	63	19	0	1	0	0	12	32	39	104	46	0	1	0	13	53	47	89	41	0	0	0	0	0	14	13	0	0	
0	1	0	23	8	0	1	0	1	0	15	218	196	30	0	2	1	0	87	85	105	202	17	0	0	43	175	2	0	148	134	0	0	110	137	0	0	178	146	0	0	51	205	95	174	227	31	0	1	0	80	163	135	27	0	1	0	1	0	0	0	1	2	0	
0	1	0	0	1	3	0	0	0	2	7	12	7	0	0	0	0	111	255	219	237	124	0	2	0	69	153	9	106	237	9	0	1	0	17	92	161	255	76	0	0	41	202	248	235	201	218	27	0	9	18	5	6	2	11	4	0	0	0	0	0	2	0	0	
0	0	0	2	0	2	0	0	0	1	0	25	33	0	4	0	0	2	0	145	63	71	70	0	3	0	60	232	207	195	4	0	1	0	8	52	218	48	0	2	0	2	0	163	109	0	3	0	2	0	55	169	0	2	0	0	1	0	25	50	0	1	0	0	
0	0	0	0	0	0	0	0	0	36	128	125	45	0	1	0	0	53	45	73	157	0	1	0	0	3	0	114	157	0	0	1	0	2	3	0	88	116	0	2	0	0	1	3	2	147	13	0	0	0	0	114	145	110	0	2	0	1	0	18	54	3	0	0	
0	0	0	1	2	0	3	0	0	0	1	0	4	24	0	0	0	1	0	16	132	109	102	35	0	0	12	134	94	157	122	0	2	0	38	188	152	67	0	1	0	51	233	160	3	0	3	0	0	93	141	6	0	3	0	0	0	0	0	2	1	0	0	0	
0	0	0	1	0	0	0	0	1	0	83	20	1	2	0	0	4	0	125	79	117	43	0	2	2	0	46	143	163	71	0	3	0	0	1	196	242	104	0	4	0	0	10	114	153	139	0	4	0	0	3	0	81	170	0	3	0	0	0	0	11	21	0	1	
0	0	0	0	2	1	0	0	0	0	0	2	0	97	35	0	0	0	3	0	49	220	20	0	0	1	0	17	215	79	0	3	1	0	0	181	133	0	3	0	3	0	140	186	0	3	0	0	1	0	167	43	0	2	0	0	0	0	20	4	0	0	0	0	
0	0	0	0	1	0	0	0	0	0	77	143	43	0	2	0	0	82	200	55	55	6	0	0	0	17	124	165	172	3	0	1	0	3	0	87	234	64	0	2	0	3	0	53	244	172	0	3	0	1	0	6	225	156	0	3	0	0	1	0	26	16	0	1	
0	0	0	0	0	0	0	0	0	1	0	33	113	145	33	0	1	0	11	147	131	217	43	0	0	1	0	10	137	64	0	2	0	1	0	36	170	7	0	0	0	3	0	27	187	41	0	2	0	59	187	200	89	0	2	0	0	8	54	21	0	1	0	0	
0	0	2	1	0	0	1	0	0	3	0	97	178	139	19	0	3	0	62	194	34	84	109	0	0	9	193	47	0	27	131	0	0	75	144	0	0	101	120	0	0	71	155	9	73	139	9	0	0	5	142	178	122	17	0	1	0	0	0	1	0	2	1	0	
0	0	0	0	1	1	0	0	0	0	0	4	0	66	126	0	0	0	4	0	24	240	98	0	0	3	0	25	221	134	0	2	2	0	36	224	152	0	3	0	0	68	247	121	0	4	0	0	0	147	108	0	4	0	0	0	0	0	0	3	0	0	0	0	
0	0	1	1	0	2	0	0	0	1	0	22	168	105	0	3	0	1	0	165	255	212	12	0	3	0	100	237	43	217	31	0	1	0	208	111	43	245	18	0	0	35	255	180	228	174	0	2	0	0	95	203	121	5	0	1	0	0	0	0	0	1	0	0	
0	0	0	0	0	0	1	0	1	0	5	177	214	100	0	1	1	0	6	206	99	204	86	0	3	0	74	177	0	106	168	0	0	4	199	64	0	223	123	0	0	26	213	118	234	203	18	0	0	0	143	219	133	4	0	1	0	0	0	0	0	2	1	0	
0	0	0	2	0	0	0	0	0	0	2	0	36	117	132	20	0	2	0	87	191	86	50	7	3	0	69	228	26	0	1	0	4	0	95	221	97	0	5	0	3	0	79	132	139	0	1	0	1	0	17	169	156	0	0	0	0	1	0	27	41	0	0	0	
0	0	1	2	0	0	0	0	0	0	0	3	77	56	0	0	1	0	19	165	186	224	36	0	4	0	149	189	155	195	0	0	2	0	72	147	235	83	0	3	0	3	0	83	170	0	2	0	1	0	18	215	53	0	2	0	2	0	40	89	0	2	0	0	
0	0	1	3	1	0	0	0	0	0	1	0	6	66	94	0	1	0	12	137	177	194	85	0	3	0	114	116	0	6	0	0	2	0	112	143	107	0	3	0	0	1	0	20	173	7	0	1	0	0	107	137	66	0	2	0	0	0	44	35	0	1	0	0	
0	1	2	0	0	0	1	0	0	2	0	93	215	206	34	0	1	0	147	255	155	124	162	0	0	73	255	73	0	36	208	12	0	149	204	0	0	110	192	0	0	125	234	65	127	228	60	0	0	18	178	222	160	35	0	2	0	0	0	0	0	1	2	0	
0	0	1	0	0	0	0	0	0	1	0	113	83	0	2	0	1	0	8	124	150	12	0	1	3	0	92	35	100	33	0	1	4	0	97	152	200	46	0	2	0	0	12	26	133	57	0	2	0	0	4	0	108	82	0	3	0	0	1	0	14	17	0	1	
0	0	0	1	1	0	0	0	0	0	3	0	117	87	0	3	0	1	0	21	221	48	0	2	0	3	0	96	211	0	0	0	0	3	0	175	131	0	4	0	2	0	25	235	47	0	2	0	2	0	57	165	0	0	0	0	0	0	0	0	0	0	0	0	
0	0	0	1	5	23	12	0	2	0	44	162	135	200	45	0	0	0	8	12	42	144	0	1	0	1	5	0	118	74	0	3	0	0	0	9	133	7	0	0	0	38	81	137	193	91	0	1	0	102	156	138	92	49	0	1	0	0	0	0	0	0	0	0	
0	0	0	0	0	0	0	0	1	0	64	189	99	0	3	0	0	2	186	101	177	23	0	1	0	0	2	0	175	51	0	2	2	0	36	135	229	146	48	0	2	0	163	221	157	104	124	3	2	0	126	162	10	0	1	0	0	0	0	0	2	4	3	0	
0	0	1	0	0	0	0	0	1	0	22	60	0	10	0	0	4	0	104	93	1	153	0	0	1	0	182	87	102	166	0	2	1	0	127	156	157	144	0	4	0	0	3	0	99	126	0	4	0	0	5	0	137	73	0	3	0	0	1	0	24	12	0	0	
0	0	0	0	0	0	0	0	0	2	116	150	131	24	0	1	0	11	96	71	223	54	0	2	1	0	20	190	188	0	1	0	1	0	33	79	131	137	0	1	0	0	3	0	43	195	2	0	2	0	124	179	191	69	0	3	0	0	13	56	31	0	1	0	
0	0	0	0	7	51	10	0	0	1	0	6	140	90	2	0	0	3	0	105	111	0	3	0	0	0	0	143	20	0	1	0	0	0	8	159	126	87	0	1	2	0	32	237	229	137	0	2	1	0	24	119	32	0	0	0	0	0	0	0	0	2	0	0	
0	0	1	0	0	0	0	0	1	0	5	135	80	14	26	5	4	0	111	186	150	190	155	12	4	0	123	180	8	1	2	0	0	0	0	118	210	85	0	2	0	9	31	0	58	213	4	0	0	7	155	167	194	105	0	3	1	0	18	65	40	0	1	0	
0	0	4	3	0	0	0	0	0	0	0	0	11	43	3	0	0	6	117	143	197	195	0	0	2	0	183	88	108	134	0	4	3	0	115	43	174	51	0	2	0	3	0	90	177	0	2	0	0	3	0	168	107	0	3	0	0	1	0	67	26	0	1	0	
0	0	0	8	81	3	0	0	0	3	0	109	132	0	3	0	2	0	38	165	0	0	0	0	3	0	132	74	54	138	19	0	2	0	159	108	103	142	57	0	3	0	85	235	148	126	3	0	0	0	0	48	71	14	0	1	0	0	1	0	0	1	0	0	
0	1	0	17	8	0	2	0	1	0	13	147	17	23	2	0	3	0	114	100	0	138	79	0	0	2	160	27	0	42	145	0	0	47	132	0	0	72	149	0	0	26	157	74	114	181	41	0	2	0	45	135	90	12	0	1	0	1	1	0	0	1	2	0	
0	0	0	0	1	2	0	0	0	1	17	31	19	0	0	0	0	109	148	128	173	74	0	3	0	14	6	0	67	137	0	4	0	0	4	0	99	119	0	4	0	1	3	0	148	64	0	2	0	1	0	38	174	1	0	0	0	2	0	67	82	0	3	0	
0	0	1	0	2	0	0	0	1	0	17	14	0	34	0	0	0	0	130	5	87	157	0	3	0	6	152	129	219	107	0	4	1	0	32	50	129	73	0	3	0	0	0	4	154	16	0	1	0	1	0	46	164	0	2	0	0	1	0	13	70	0	0	0	
0	0	0	0	0	2	0	0	0	2	0	59	116	0	16	0	0	0	1	155	70	87	136	0	0	0	1	159	130	175	31	0	2	0	62	237	119	4	0	1	3	0	124	182	61	0	4	0	2	0	41	218	82	0	3	0	0	0	0	30	8	0	0	0	
0	0	0	0	1	0	0	0	0	0	2	0	68	43	0	2	0	1	0	12	183	25	0	1	0	1	0	38	175	0	1	0	0	3	0	94	143	0	3	0	0	3	0	116	73	0	2	0	0	2	0	148	42	0	1	0	0	0	0	30	9	0	0	0	
0	0	3	1	0	0	0	0	0	1	1	0	41	149	97	0	0	0	116	228	199	73	170	38	0	68	255	176	26	0	146	55	0	153	196	0	0	22	188	27	0	92	219	91	119	209	103	0	1	0	82	145	115	39	0	1	0	1	0	0	0	0	2	0	
0	0	0	0	2	0	0	0	2	0	51	105	2	0	0	0	1	0	152	162	123	0	1	0	2	0	142	85	117	10	0	0	1	0	18	106	182	61	0	2	0	0	0	7	116	114	40	0	0	0	3	0	78	162	55	0	0	0	0	0	9	43	0	0	
0	0	0	0	0	0	0	0	0	0	3	0	120	113	0	3	0	1	0	21	209	39	0	2	0	3	0	96	166	0	3	0	0	2	0	183	81	0	3	0	1	0	19	216	31	0	1	0	1	0	22	170	18	0	1	0	0	0	0	0	0	0	0	0	
0	0	1	0	0	1	0	0	0	0	3	83	65	2	0	0	2	0	52	147	185	152	0	0	4	0	112	97	0	148	9	0	2	0	28	211	176	59	0	2	0	3	0	104	199	0	1	0	0	1	0	166	133	0	2	0	0	0	0	79	28	0	1	0	
0	0	0	0	0	1	0	0	0	30	91	127	116	10	0	1	0	73	138	85	147	142	0	4	0	0	3	0	88	148	0	4	1	0	26	94	222	178	80	5	0	9	225	255	119	82	119	20	0	0	78	41	0	1	0	0	0	0	0	0	3	4	4	1	
0	0	0	0	0	0	0	0	0	3	83	118	81	0	1	0	0	11	62	22	144	62	0	2	0	0	2	0	123	45	0	2	0	2	0	56	134	0	2	0	0	0	3	127	25	1	3	0	2	0	50	140	80	86	3	0	0	0	2	48	45	2	0	0	
0	0	0	0	0	0	0	0	0	115	160	145	149	52	0	2	0	65	86	32	159	165	0	4	1	0	8	119	244	133	0	3	1	0	23	125	67	185	32	0	0	2	4	0	24	200	18	0	0	21	174	168	200	98	0	3	0	0	39	66	30	0	1	0	
0	1	1	3	0	0	0	0	0	0	4	0	1	0	0	0	0	64	190	117	0	5	3	0	0	11	13	163	79	0	3	0	0	1	0	133	200	96	109	17	1	0	22	178	131	125	70	0	0	0	0	0	0	0	0	0	0	0	1	3	4	5	3	0	
0	0	1	0	1	0	0	0	0	0	5	12	0	66	6	0	3	0	92	80	51	135	0	3	0	4	170	2	126	61	0	2	1	0	132	156	199	93	33	0	0	2	0	145	136	49	16	0	1	0	10	160	16	0	1	0	0	0	9	36	1	3	1	0	
0	0	2	1	4	2	0	0	0	2	0	62	40	0	2	0	1	0	124	210	130	41	0	2	1	0	134	115	10	161	18	0	3	0	73	87	0	109	72	0	2	0	42	143	0	118	77	0	0	2	0	78	154	146	11	0	0	0	1	0	3	4	0	0	
0	0	0	0	0	0	0	0	1	0	10	82	135	112	86	0	4	0	127	148	76	76	61	1	3	0	93	148	0	3	0	0	0	1	0	171	98	0	5	0	0	0	52	39	190	51	0	2	2	0	85	159	209	83	0	3	0	0	0	10	39	3	0	0	
0	0	1	1	0	0	0	0	0	1	0	13	70	32	19	0	1	0	18	215	226	223	178	0	4	0	140	192	137	147	22	0	4	0	105	254	114	0	2	0	0	0	129	90	163	19	0	1	0	0	144	123	136	2	0	0	2	0	61	109	7	0	1	0	
0	1	0	30	65	0	2	0	0	3	0	149	99	0	5	0	2	0	54	173	0	0	0	0	3	0	158	78	0	73	45	0	0	0	189	30	123	153	163	1	3	0	123	182	213	145	101	0	0	0	1	59	81	65	2	0	0	0	1	0	0	0	2	0	
0	0	1	1	0	0	0	0	0	1	0	30	33	86	0	0	1	0	10	170	134	165	0	3	2	0	154	149	134	92	0	3	0	16	225	210	249	164	6	0	0	2	11	34	198	127	17	0	0	2	0	52	165	0	2	0	0	0	0	11	22	1	1	0	
0	2	2	1	0	0	0	0	0	0	0	1	13	20	5	0	0	95	142	146	134	203	51	0	0	23	31	6	33	179	2	0	0	0	3	0	132	110	0	3	0	2	0	30	177	7	0	1	0	4	0	120	121	0	4	0	0	2	0	114	42	0	1	0	
0	0	0	2	0	0	1	1	0	0	3	0	47	83	12	0	0	3	0	99	171	164	170	9	1	0	64	242	147	0	136	64	0	83	200	80	42	46	180	30	0	155	149	46	143	185	52	0	0	60	155	129	78	8	0	1	0	0	0	0	0	1	2	0	
0	0	0	0	0	2	2	0	0	2	0	51	142	19	0	2	0	2	0	141	102	143	104	3	0	1	0	170	159	150	34	0	2	0	99	228	98	0	2	0	0	6	127	144	79	0	4	0	3	0	94	207	50	0	2	0	0	0	7	38	0	0	0	0	
0	0	0	1	2	0	0	0	0	0	1	0	19	96	4	0	0	1	0	0	190	187	0	1	0	1	0	136	249	38	0	2	4	0	94	179	141	6	0	0	2	0	44	114	143	0	4	0	0	3	0	98	126	0	4	0	0	0	0	18	21	0	1	0	
0	0	2	1	0	0	0	0	0	1	0	6	65	159	118	0	2	0	48	223	218	92	170	39	0	23	235	144	0	0	163	43	0	137	181	0	0	81	173	0	0	143	233	57	131	196	35	0	0	28	174	177	99	10	0	1	0	0	0	0	0	1	2	0	
0	0	0	0	0	0	0	0	2	0	54	139	109	4	0	0	1	0	72	20	104	91	0	3	1	0	8	88	178	32	0	2	2	0	37	101	131	79	0	2	0	2	78	0	42	138	0	3	2	0	120	149	139	28	0	1	0	0	6	57	21	0	1	0	
0	0	0	0	1	0	0	0	0	0	3	0	113	64	0	2	0	0	0	0	192	47	0	2	0	2	0	70	181	0	1	0	0	3	0	163	98	0	3	0	1	0	28	201	15	0	1	0	2	0	58	137	0	2	0	0	0	0	0	0	0	0	0	0	
0	0	1	0	0	0	0	0	0	1	0	47	83	83	79	54	3	0	78	179	120	126	100	43	1	0	201	141	0	0	1	0	1	0	48	99	161	72	0	4	0	6	16	0	156	161	0	4	0	0	108	189	169	17	0	1	0	0	5	28	4	0	0	0	
0	0	0	2	1	0	0	0	0	15	131	168	185	24	0	1	0	7	42	4	152	114	0	4	0	0	3	0	144	92	0	3	0	0	0	86	215	16	0	1	0	15	205	248	152	179	90	0	0	43	201	49	0	32	59	0	0	0	0	0	3	0	0	0	
0	0	1	1	0	0	0	0	0	1	0	31	120	151	61	0	1	0	8	149	50	91	123	0	3	0	96	172	100	53	0	2	4	0	144	159	1	147	20	0	4	0	118	130	49	148	7	0	2	0	31	200	105	19	0	1	0	0	0	15	4	0	1	0	
0	0	0	0	0	0	0	0	0	61	145	144	118	23	0	1	0	65	78	35	210	104	0	4	2	0	31	160	239	67	0	2	1	0	30	63	54	182	6	0	0	0	16	0	24	202	14	0	2	0	90	185	203	90	0	3	0	1	0	23	34	0	1	0	
0	1	0	18	37	0	0	0	2	0	70	219	152	0	0	0	0	9	220	81	0	5	2	0	0	48	179	0	1	0	0	0	0	19	189	161	173	134	30	0	2	0	70	234	170	215	175	0	0	1	0	11	105	144	50	0	0	0	3	1	0	0	0	0	
0	0	1	1	0	1	0	0	0	0	0	7	0	66	10	0	1	0	35	102	20	153	0	1	4	0	113	96	84	104	0	3	2	0	47	165	229	132	7	0	0	4	0	127	112	0	3	0	0	0	0	167	31	0	1	0	0	0	2	24	1	0	0	0	
0	1	1	0	0	0	0	0	0	0	2	0	13	53	0	1	0	82	61	0	41	92	0	3	0	66	112	0	49	81	0	3	0	0	111	108	122	122	0	1	0	1	2	7	119	53	0	2	0	0	5	0	79	34	0	1	0	0	0	0	11	5	0	0	
0	0	0	0	0	0	0	0	1	0	15	130	133	109	91	15	4	0	105	153	48	90	97	19	2	0	40	180	17	0	1	0	0	3	0	91	182	0	3	1	0	24	65	0	161	73	0	3	0	8	141	164	187	32	0	2	0	0	6	56	30	0	1	0	
0	0	0	0	0	0	0	0	0	125	178	136	56	0	3	0	0	73	64	184	195	0	2	0	3	0	108	248	234	175	44	0	1	0	41	37	9	106	211	0	0	39	116	67	60	170	148	0	0	31	161	169	172	111	2	0	0	0	0	0	0	0	2	0	
0	0	2	0	68	19	0	1	0	2	0	42	164	0	0	0	0	2	0	159	61	0	2	0	3	0	69	132	62	158	20	0	4	0	131	148	96	152	31	0	3	0	102	237	141	84	0	2	0	0	0	55	58	0	1	0	0	0	1	0	0	2	0	0	
0	0	5	9	0	0	0	0	0	64	150	161	158	49	0	2	0	12	6	42	207	110	0	3	0	29	193	255	194	15	0	1	0	16	60	74	145	203	30	0	0	1	0	0	59	236	49	0	0	38	152	178	192	93	0	1	0	0	8	6	0	0	1	0	
0	2	2	1	0	0	0	0	0	0	0	0	17	12	0	0	3	116	149	139	167	162	0	1	3	31	28	4	45	166	0	2	0	0	3	0	95	122	0	4	0	1	2	0	166	47	0	2	0	3	0	75	172	0	2	0	0	3	0	98	71	0	2	0	
0	0	1	0	0	0	0	0	0	1	3	0	85	46	0	2	0	3	19	0	110	86	0	3	0	59	121	0	130	91	0	3	0	73	165	121	165	113	0	4	0	0	3	0	27	174	2	0	0	0	1	0	5	112	8	0	0	0	0	0	0	0	0	0	
0	0	0	1	0	1	2	0	0	1	0	16	116	46	0	7	0	3	0	103	96	90	146	41	0	3	0	134	167	129	50	0	2	0	77	236	93	0	2	0	2	0	135	142	100	0	6	0	2	0	61	214	76	0	3	0	0	0	0	36	7	0	0	0	
0	0	0	10	5	0	0	0	1	0	94	216	182	14	0	1	0	30	253	85	187	134	0	4	0	0	63	7	61	220	2	0	0	1	5	0	61	228	38	5	0	70	244	235	231	238	190	24	0	5	77	113	68	17	8	0	0	0	0	0	0	0	0	0	
0	0	2	2	0	0	0	0	0	0	0	1	60	45	0	1	0	0	53	109	77	138	7	0	1	0	87	150	84	113	0	3	0	0	5	66	186	54	0	2	0	1	0	19	139	0	0	0	0	2	0	139	95	0	3	0	0	0	0	82	13	0	0	0	
0	0	1	3	4	4	2	0	0	0	6	0	0	0	0	0	0	11	164	87	120	132	35	0	0	10	219	176	96	135	151	0	0	50	159	0	0	53	119	0	0	35	64	0	0	161	52	0	0	0	3	0	84	108	0	3	0	2	0	15	103	9	0	0	
0	0	0	0	0	0	0	0	0	1	0	10	132	39	0	2	0	3	0	83	170	154	1	0	0	3	0	87	201	79	0	2	2	0	32	204	121	0	3	0	4	0	89	136	87	0	3	0	2	0	23	183	93	0	3	0	0	1	0	29	12	0	0	0	
0	0	2	1	0	0	0	0	0	0	1	0	23	47	0	1	2	0	66	51	49	130	0	4	0	0	172	23	67	132	0	4	0	14	181	148	205	109	0	4	0	0	18	41	137	57	0	2	0	0	3	0	117	67	0	2	0	0	2	0	18	17	0	1	
0	0	0	1	0	0	0	0	2	0	93	175	147	9	0	1	1	0	31	3	169	81	0	3	0	2	0	123	230	19	0	1	0	1	0	23	139	109	0	3	2	0	53	33	92	155	0	4	3	0	83	191	166	28	0	1	0	0	0	0	0	0	0	0	
0	0	0	1	3	0	0	0	0	53	92	13	0	1	0	0	21	178	184	200	61	0	3	0	9	2	54	248	216	5	0	1	3	0	97	178	183	190	20	0	0	1	0	3	0	167	146	0	0	1	0	62	97	193	85	0	0	1	0	21	86	64	0	0	
0	1	3	1	0	0	0	0	0	0	0	0	5	12	2	0	0	71	160	145	165	200	6	0	0	14	46	4	139	114	0	3	0	1	0	22	166	6	0	1	0	3	0	85	133	0	4	0	0	3	0	145	80	0	3	0	0	1	0	115	23	0	1	0	
0	0	0	1	1	0	0	0	1	0	21	164	123	0	2	0	3	0	98	125	157	23	0	1	0	0	1	0	164	27	0	1	0	1	0	19	197	63	24	0	2	0	65	229	174	143	83	0	3	0	145	117	0	2	0	0	0	0	0	0	2	3	2	0	
0	0	1	0	6	5	0	0	2	0	81	103	98	192	56	0	2	0	186	76	0	67	179	0	0	32	191	4	0	19	187	15	0	103	166	0	0	62	193	0	0	101	207	33	54	193	118	0	0	0	130	210	179	95	1	0	0	1	0	0	0	0	1	0	
0	0	1	0	1	2	0	0	0	2	0	116	33	0	1	0	1	0	16	165	45	44	0	1	3	0	80	139	106	118	0	4	4	0	121	179	182	157	0	0	0	0	15	5	140	144	0	1	0	0	3	0	95	81	0	3	0	0	1	1	0	1	0	0	
0	0	0	0	0	0	0	0	0	0	3	0	84	68	0	3	0	0	3	0	153	61	0	2	0	1	0	23	178	10	0	1	0	3	0	96	136	0	3	0	0	3	0	157	77	0	3	0	0	1	0	137	36	0	1	0	0	0	0	0	0	0	0	0	
0	0	0	0	0	0	0	0	1	0	54	20	8	71	1	0	1	0	195	44	59	226	3	0	0	0	206	58	74	209	0	0	2	0	187	247	247	223	8	0	2	0	70	138	116	227	13	0	0	0	3	0	66	187	0	0	0	0	3	1	15	18	0	1	
0	0	0	0	0	0	0	0	0	0	20	20	16	18	3	0	0	25	157	149	204	175	0	0	0	2	4	0	164	64	0	2	0	1	0	42	171	0	1	0	0	4	0	123	118	0	4	0	1	0	3	186	43	0	2	0	1	0	31	129	0	1	0	0	
0	1	0	0	2	0	0	0	0	0	5	3	0	0	0	0	0	64	101	114	81	0	4	0	0	10	2	0	126	34	0	1	0	0	4	0	102	102	50	8	0	2	0	36	171	75	22	1	0	3	0	97	86	0	3	0	0	0	0	0	1	3	1	0	
0	0	0	0	0	0	0	0	0	14	83	124	141	49	0	2	0	31	89	31	53	191	9	0	0	1	0	52	173	130	0	2	0	0	5	90	149	105	0	3	0	38	20	0	42	150	0	2	0	59	158	124	165	73	0	3	1	0	18	65	36	0	1	0	
0	2	0	0	1	3	0	0	1	0	32	64	33	0	1	0	0	87	212	156	197	88	0	0	0	141	67	0	105	224	0	0	0	120	172	124	213	191	0	1	0	6	81	97	54	188	4	0	0	1	0	1	0	169	83	0	0	0	3	5	0	44	106	2	
0	0	2	1	0	0	0	0	0	1	0	14	112	163	78	0	2	0	31	225	243	113	187	8	0	0	198	166	7	15	171	8	0	71	246	29	0	70	157	0	0	90	210	3	4	177	81	0	0	15	188	197	190	107	0	1	0	0	11	47	22	0	1	0	
0	0	0	0	1	2	0	0	0	0	2	0	72	59	0	2	0	0	1	0	129	27	0	1	0	1	0	36	136	0	2	0	0	3	0	105	88	0	3	0	0	0	2	162	24	0	1	0	2	0	45	127	0	2	0	0	0	0	1	1	0	0	0	0	
0	0	0	0	0	0	0	0	0	1	0	29	82	14	0	1	1	0	23	145	85	90	0	2	1	0	18	137	138	103	0	3	0	1	0	6	150	46	0	2	0	1	0	24	143	0	1	0	0	3	0	135	91	0	3	0	0	1	0	76	14	0	0	0	
0	0	0	0	0	0	0	0	0	0	0	123	202	64	0	2	2	0	33	208	164	183	0	2	0	1	8	0	93	144	0	3	0	1	0	18	229	89	0	3	0	40	188	244	230	219	56	0	0	26	199	158	10	31	28	0	0	0	0	0	0	0	0	0	
0	0	0	0	0	0	0	0	0	0	1	20	0	60	14	0	1	0	18	143	10	154	8	0	3	0	95	91	62	127	0	4	0	2	204	157	217	124	0	2	0	4	42	73	159	19	3	0	0	2	0	61	126	0	3	0	0	0	0	11	18	0	1	0	
0	0	0	0	9	14	0	1	0	0	3	0	138	98	0	4	0	0	0	4	157	33	0	1	0	1	0	113	145	0	2	0	1	0	39	187	177	95	0	4	1	0	18	155	167	90	0	3	0	1	0	105	124	0	0	0	0	0	0	0	0	1	0	0	
0	0	2	1	0	0	0	0	0	1	0	41	89	117	122	6	3	0	63	152	98	90	62	2	4	0	117	125	0	3	0	0	1	0	9	199	95	0	5	0	0	8	16	15	180	16	0	1	0	0	100	162	162	3	0	1	0	0	2	49	25	0	1	0	
0	0	0	0	0	0	0	0	2	0	70	129	127	79	0	2	1	0	39	45	149	159	0	3	0	2	0	132	154	1	0	1	0	1	0	74	154	79	0	1	0	3	15	0	51	196	8	0	0	8	149	150	165	60	0	1	1	0	24	42	7	0	0	0	
0	0	0	0	0	0	0	0	0	1	0	71	189	71	0	3	1	0	31	188	121	155	0	2	0	0	8	13	52	142	0	3	0	10	137	125	217	181	55	6	0	131	88	69	141	52	107	14	0	84	111	104	11	0	1	0	0	0	3	0	2	3	4	0	
0	3	1	0	0	0	0	0	1	0	16	101	137	147	37	0	0	80	198	129	45	124	144	0	33	182	35	0	0	92	117	0	12	21	0	16	95	230	49	0	1	0	30	178	255	114	0	3	4	0	108	255	97	0	2	0	1	0	15	42	2	1	0	0	
0	0	1	1	0	0	1	0	0	1	0	16	98	127	29	0	2	0	25	218	202	164	188	0	2	0	174	202	0	61	203	0	0	59	242	93	0	142	129	0	0	78	175	0	91	221	31	0	0	36	205	215	192	57	0	2	1	0	15	28	1	0	1	0	
1	2	0	0	1	1	0	0	0	0	6	28	13	0	0	0	38	167	159	170	200	39	0	2	12	49	20	0	144	127	0	4	0	0	4	0	155	130	0	4	0	2	4	0	181	101	0	4	0	0	0	0	178	40	0	2	0	0	0	4	99	4	0	0	
0	1	0	39	39	0	1	0	0	3	0	149	82	0	4	0	1	0	30	194	9	0	1	0	4	0	130	119	32	153	53	0	1	0	176	108	160	165	95	0	2	0	149	237	193	132	12	0	1	0	14	77	72	14	0	1	0	0	1	0	0	2	1	0	
0	0	1	1	2	3	0	0	0	2	0	77	153	0	0	0	2	0	27	236	202	118	0	1	3	0	152	184	18	131	59	0	0	21	199	20	0	91	129	0	0	20	197	23	42	175	44	0	2	0	105	180	161	59	0	2	0	0	0	5	1	1	1	0	
0	0	0	0	0	1	0	0	2	0	57	158	179	43	0	2	2	0	60	55	121	154	0	4	0	0	2	0	50	187	0	1	1	0	14	68	150	182	0	2	1	0	174	212	245	121	0	1	2	0	123	168	52	0	2	0	0	0	1	2	0	2	0	0	
0	0	0	1	0	0	0	0	0	2	0	60	86	0	3	0	0	3	0	73	129	0	4	0	0	4	0	120	87	0	3	0	0	4	0	130	68	0	2	0	0	4	0	109	115	0	4	0	0	2	0	59	104	0	3	0	0	0	0	1	0	0	0	0	
0	0	0	0	0	0	0	0	0	1	0	13	136	6	0	0	0	1	0	9	179	18	0	1	0	1	0	31	174	0	0	0	0	3	0	73	160	0	3	0	0	4	0	121	139	0	4	0	0	3	0	108	87	0	3	0	0	0	0	0	0	0	0	0	
0	0	0	5	5	0	0	0	1	0	16	163	143	9	0	1	3	0	75	120	15	13	0	0	3	0	58	169	123	31	0	1	0	0	0	15	45	152	5	0	1	0	24	91	6	166	14	0	1	0	5	139	155	66	0	2	0	0	0	4	5	0	0	0	
0	0	0	0	1	0	0	0	0	0	2	0	91	36	0	1	0	0	0	0	155	23	0	1	0	1	0	27	169	0	0	0	0	3	0	76	161	0	3	0	0	3	0	106	120	0	4	0	0	3	0	113	70	0	2	0	0	0	0	0	0	0	0	0	
0	0	1	0	0	0	0	0	1	0	8	106	86	94	25	0	3	0	114	139	69	40	5	0	0	3	180	116	59	5	0	0	1	0	22	69	100	142	11	0	0	0	0	1	0	185	71	0	0	2	71	117	171	122	1	0	1	0	29	65	20	0	1	0	
0	0	0	0	0	0	0	0	0	1	0	28	122	0	1	0	0	1	0	38	158	0	2	0	0	1	0	41	157	0	2	0	0	3	0	79	146	0	3	0	0	4	0	141	86	0	3	0	0	1	0	131	28	0	1	0	0	0	0	0	0	0	0	0	
0	2	3	3	3	3	0	0	0	0	0	0	0	0	0	0	0	65	89	76	98	98	2	0	0	101	117	28	47	140	0	1	0	25	29	0	54	109	0	4	0	0	4	0	84	83	0	3	0	1	4	0	112	47	0	2	0	0	1	0	123	18	0	1	
0	3	4	4	4	4	1	0	0	0	0	0	0	0	0	0	15	147	124	136	130	141	53	0	3	55	80	61	67	211	37	0	0	0	3	0	117	137	0	4	0	4	0	38	198	20	0	1	0	3	0	119	96	0	3	0	0	1	0	150	33	0	1	0	
0	0	0	0	0	0	0	0	0	0	0	11	87	0	0	0	0	2	0	41	197	0	0	0	0	2	0	44	179	0	1	0	0	3	0	88	143	0	3	0	0	4	0	145	89	0	3	0	0	0	0	154	28	0	1	0	0	0	1	22	1	0	0	0	
0	0	0	0	0	0	0	0	0	0	5	85	146	46	0	2	0	0	6	0	64	137	0	5	0	0	2	7	107	140	0	3	0	0	89	168	235	174	142	30	0	67	165	155	70	0	57	24	0	19	139	74	0	3	0	0	0	0	0	0	2	0	2	1	
0	0	2	0	31	40	0	1	0	2	0	49	154	87	0	2	2	0	36	145	9	0	2	0	2	0	124	47	2	4	0	0	0	11	158	92	93	119	23	0	0	1	169	69	0	114	98	0	1	0	27	112	96	89	10	0	0	0	0	0	0	0	0	0	
0	0	1	0	0	1	0	0	0	0	1	34	0	53	47	0	2	0	62	117	0	157	21	0	4	0	119	79	67	125	0	3	1	0	29	155	237	127	16	0	0	3	0	101	110	12	4	0	0	0	9	132	9	0	1	0	0	0	6	18	0	2	0	0	
0	0	1	0	0	0	0	0	0	0	2	0	13	17	0	1	0	68	86	0	88	66	0	3	0	26	192	61	172	86	0	3	2	0	47	129	182	85	0	3	0	1	5	0	112	109	0	4	0	0	4	0	70	132	0	4	0	0	1	0	30	35	0	1	
0	0	0	0	0	0	0	0	2	0	42	194	203	35	0	2	1	0	41	71	141	124	0	4	0	0	4	0	124	76	0	3	1	0	75	164	225	36	0	2	0	72	173	186	150	189	71	0	0	53	186	79	0	42	95	0	0	0	5	1	4	1	0	0	
0	0	0	0	1	0	0	0	1	0	53	60	0	0	0	0	0	15	158	88	174	18	0	1	0	9	139	106	162	46	0	2	1	0	21	15	91	70	0	3	0	0	4	0	104	90	0	3	0	0	4	0	94	137	0	2	0	0	1	0	23	80	0	0	
0	0	1	2	0	0	0	0	0	1	0	22	79	24	0	1	1	0	29	154	171	148	0	3	4	0	108	182	191	95	0	4	2	0	39	121	192	58	0	2	0	0	0	2	173	27	0	1	0	3	0	60	180	0	1	0	0	2	0	42	73	0	2	0	
