500	64	10
0	0	0	0	0	0	0	0	1	0	46	132	73	0	2	0	0	24	110	56	142	3	0	0	0	4	0	56	210	57	0	2	0	1	0	56	48	135	11	0	0	0	11	14	0	144	35	0	2	0	40	148	132	78	0	2	0	1	0	41	28	0	1	0	
0	0	3	2	0	0	0	0	0	0	0	0	9	19	2	0	0	21	126	108	114	181	45	0	0	5	54	26	20	150	7	0	0	0	1	0	149	73	0	3	0	2	0	129	120	0	3	0	3	0	94	149	0	2	0	0	1	0	117	27	0	1	0	0	
0	0	0	0	0	0	0	0	1	0	8	123	114	17	0	1	0	0	1	22	176	121	0	4	1	0	18	145	172	25	0	1	3	0	59	192	153	140	0	1	0	0	5	0	79	161	0	3	1	0	94	139	164	34	0	2	1	0	17	52	15	0	1	0	
0	1	2	0	0	0	1	0	0	1	0	44	85	38	0	1	0	5	119	119	62	104	43	0	0	119	80	0	22	163	126	0	0	123	105	105	80	160	37	0	0	6	45	3	75	122	0	3	0	2	0	12	160	18	0	1	0	1	0	25	54	0	2	0	
0	0	0	14	39	0	1	0	0	3	0	98	77	0	5	0	1	0	21	152	4	0	0	0	3	0	86	100	0	78	96	0	4	0	132	59	96	206	116	0	2	0	53	203	212	87	6	0	0	0	0	42	15	0	1	0	0	0	1	0	0	3	1	0	
0	0	0	1	0	1	2	0	0	0	1	1	0	18	77	0	0	2	0	83	34	85	63	0	2	0	54	112	59	139	0	1	3	0	115	122	176	77	0	2	0	0	0	148	64	0	2	0	2	0	63	89	0	4	0	0	0	0	3	1	1	0	0	0	
0	0	1	0	1	0	0	0	0	0	7	0	46	61	0	2	2	0	135	23	127	150	0	4	0	3	203	146	234	175	0	2	1	0	123	191	243	71	0	3	0	0	0	0	205	53	0	2	0	0	5	0	175	52	0	2	0	0	0	0	23	4	0	0	
0	0	0	0	1	0	0	0	0	0	1	0	27	116	0	1	0	0	3	0	130	105	0	3	0	1	0	40	184	1	0	0	0	3	0	130	119	0	4	0	2	0	71	180	10	0	1	0	2	0	129	50	0	2	0	0	0	0	0	1	1	0	0	0	
0	1	4	4	2	2	0	0	0	0	0	0	0	0	0	0	0	25	124	135	155	85	0	2	0	14	80	54	44	110	0	2	0	0	4	1	76	47	0	2	1	0	31	133	181	112	13	0	0	1	0	75	26	1	2	0	1	0	18	74	0	2	0	0	
0	0	0	3	1	0	1	1	0	0	2	0	10	68	27	0	0	3	0	88	209	183	148	15	3	0	68	195	48	0	124	29	0	7	183	37	0	129	82	0	0	108	127	53	145	78	0	1	0	66	130	86	14	0	2	0	0	0	0	0	1	3	0	0	
0	0	1	1	0	1	0	0	0	0	0	13	22	0	0	0	1	0	17	111	164	31	0	1	2	0	63	57	89	58	0	2	0	0	4	73	143	10	0	1	0	0	0	14	98	0	1	0	0	1	0	33	95	0	3	0	0	1	0	35	48	0	2	0	
0	0	2	0	46	48	0	0	0	0	2	0	81	193	85	0	1	0	24	115	124	124	42	0	2	0	23	100	167	37	3	0	0	0	6	17	159	199	25	0	10	157	161	158	200	52	0	2	4	110	117	74	26	0	2	0	0	0	0	0	1	2	0	0	
0	0	1	1	0	0	0	0	0	1	0	30	45	107	53	0	1	0	15	203	132	56	13	0	2	0	48	160	0	1	0	0	0	2	0	104	107	0	1	0	0	0	1	0	154	50	0	2	1	0	36	136	117	3	0	0	1	0	28	53	1	0	0	0	
0	0	1	2	0	0	0	0	0	0	0	3	72	112	74	0	1	0	21	113	100	106	135	0	3	0	81	98	36	117	21	0	2	0	45	222	106	2	0	1	0	40	119	71	103	0	2	0	0	69	128	59	143	12	0	1	0	0	42	64	18	0	1	0	
0	0	0	5	67	5	0	0	0	0	3	0	104	80	0	3	0	1	2	0	37	133	0	2	1	0	43	75	89	126	0	3	0	39	95	13	178	163	4	0	0	92	88	93	87	31	72	6	0	11	77	56	0	0	1	0	0	0	0	0	2	2	1	0	
0	1	2	1	1	3	0	0	0	0	0	0	0	0	0	0	20	143	154	145	152	123	0	1	0	24	43	13	41	191	5	0	0	0	3	0	93	143	0	3	0	1	0	3	186	46	0	2	0	2	0	129	126	0	3	0	1	0	32	176	5	0	0	0	
0	0	1	3	0	0	0	0	0	2	3	0	51	77	8	0	1	0	4	109	103	120	40	0	0	48	176	73	0	121	5	0	33	93	93	85	52	119	0	3	0	0	0	71	156	163	0	1	0	2	5	0	133	59	0	2	0	0	0	2	29	2	0	0	
0	0	0	0	0	1	0	0	1	0	60	67	48	2	0	0	1	0	105	149	192	92	0	3	0	0	2	0	64	155	0	3	0	0	7	0	143	106	0	4	0	2	0	45	202	12	0	1	1	0	0	210	111	0	4	0	1	0	18	104	10	0	0	0	
0	2	4	3	1	0	0	0	0	0	0	0	1	6	0	0	0	39	128	152	195	176	0	0	6	216	160	42	89	205	2	0	7	214	81	0	78	214	0	0	0	19	20	0	82	214	0	0	0	1	3	0	100	223	0	0	0	1	2	0	43	138	0	0	
0	0	0	0	0	0	0	0	0	1	0	70	123	67	5	0	2	0	38	176	30	157	31	0	0	0	0	116	112	59	0	1	0	0	0	128	200	28	0	2	3	0	118	88	22	150	0	1	3	0	101	118	110	91	0	1	0	0	2	52	37	0	0	0	
0	0	0	0	0	0	0	0	2	0	76	96	78	56	2	0	1	0	111	30	32	62	13	0	1	0	125	102	72	29	0	1	0	0	30	20	21	102	25	0	1	0	39	28	0	57	76	0	2	0	40	97	45	91	39	0	0	0	0	35	43	19	0	0	
0	3	3	0	0	0	0	0	0	0	0	1	25	18	0	0	0	88	152	138	141	193	21	0	0	93	78	4	15	171	12	0	0	0	3	0	109	131	0	3	0	4	0	36	180	8	0	1	1	0	0	177	75	0	3	0	1	0	34	134	0	2	0	0	
0	0	0	2	0	0	0	0	0	0	1	0	51	54	0	1	0	2	0	90	145	156	10	0	0	2	0	131	86	131	2	0	0	2	0	7	187	71	0	3	0	0	0	118	102	0	2	0	0	25	148	106	0	2	0	0	0	52	63	0	3	0	0	0	
0	0	2	0	54	44	0	2	0	1	0	16	183	36	0	1	0	0	1	149	74	0	2	0	3	0	114	101	0	69	17	0	0	8	165	91	134	230	85	0	0	0	177	239	158	117	8	0	1	0	26	25	26	3	0	0	0	0	1	0	0	2	1	0	
0	0	1	1	76	13	0	1	0	3	0	83	126	0	2	0	2	0	46	141	1	0	0	0	1	0	141	42	0	103	40	0	0	7	137	0	136	229	45	0	2	0	133	116	189	84	0	1	1	0	25	83	15	0	1	0	0	0	1	0	0	3	0	0	
0	0	0	1	4	27	0	0	0	0	3	0	106	102	0	2	0	2	0	84	121	0	1	0	2	0	53	129	0	108	106	0	3	0	124	93	155	168	49	0	3	0	84	195	87	15	0	1	2	0	43	45	0	2	1	0	0	0	0	2	4	1	0	0	
0	0	0	8	7	0	1	0	2	0	57	160	147	75	0	2	3	0	87	171	0	76	11	0	0	3	0	116	202	89	14	0	1	0	11	101	125	144	0	2	3	0	72	143	14	184	8	0	1	0	11	153	179	66	0	2	0	0	0	1	1	0	0	0	
0	1	0	12	65	7	0	0	0	1	0	9	110	106	0	3	0	1	2	0	9	131	1	0	1	0	12	64	86	150	0	1	0	41	120	63	167	174	91	9	0	102	125	92	92	0	10	2	0	0	38	32	0	2	0	0	0	0	0	0	2	0	0	0	
0	0	0	0	7	1	0	0	0	4	46	112	90	0	1	0	0	26	163	80	17	0	2	0	1	0	169	118	94	88	3	0	1	0	106	19	0	76	85	0	0	0	3	1	0	28	111	0	2	0	43	116	81	112	58	0	0	0	0	8	17	14	0	0	
0	0	1	1	0	1	2	0	0	1	0	32	132	19	21	49	1	0	8	148	89	43	153	65	2	0	52	113	15	147	41	0	0	1	0	168	159	18	0	3	2	0	78	151	142	0	3	0	0	1	184	135	121	2	0	0	0	0	19	52	7	0	0	0	
0	0	1	1	0	0	0	0	0	2	0	64	55	34	17	0	1	0	11	218	196	123	32	0	2	0	35	166	42	0	1	0	0	1	0	38	91	37	0	1	0	0	3	0	105	89	0	3	0	1	58	109	154	8	0	1	1	0	27	53	9	0	0	0	
0	0	0	0	1	0	0	0	0	0	1	0	26	61	0	2	0	0	3	0	115	86	0	3	0	0	0	8	158	15	0	1	0	3	0	82	116	0	3	0	0	2	0	156	46	0	2	0	1	0	30	129	0	1	0	0	0	0	9	15	0	0	0	0	
0	0	0	0	27	8	0	0	1	0	27	152	220	124	0	3	3	0	87	123	95	160	0	4	0	1	2	0	171	69	0	3	1	0	0	137	224	29	8	0	0	6	212	255	234	255	99	0	0	5	100	52	25	63	20	0	0	0	0	0	0	0	0	0	
0	0	1	0	23	71	0	1	0	0	3	0	123	116	0	2	0	2	0	70	133	0	2	0	0	0	7	132	62	73	0	1	3	0	81	166	141	162	0	1	2	0	186	213	124	39	0	2	0	0	57	60	11	0	0	0	0	0	0	0	1	2	0	0	
0	0	2	2	0	1	3	0	0	1	0	2	89	44	0	2	2	0	28	193	255	223	70	0	0	7	186	181	139	61	214	47	0	129	151	0	1	37	202	23	0	148	100	2	95	222	76	0	0	38	177	183	179	55	0	2	0	0	1	2	0	0	2	0	
0	0	0	0	1	1	0	0	0	0	0	2	0	82	31	0	0	0	2	0	43	167	1	0	0	0	2	0	156	65	0	2	0	3	0	91	138	0	3	0	2	0	36	175	10	0	1	0	3	0	126	63	0	2	0	0	0	0	23	2	0	0	0	0	
0	0	0	0	49	5	0	0	0	2	0	54	123	0	2	0	0	3	0	129	47	0	2	0	1	0	6	189	103	23	0	1	1	0	23	191	87	153	23	0	0	1	0	145	109	132	22	0	0	1	0	15	89	29	0	1	0	0	0	1	0	1	1	0	
0	0	2	2	0	0	0	0	0	1	0	1	92	159	31	0	2	0	37	156	234	164	111	0	0	8	135	158	142	36	127	0	0	4	27	189	19	81	86	0	3	0	138	110	46	154	4	0	1	0	178	172	139	23	0	1	1	0	25	46	0	1	1	0	
0	0	1	1	0	1	0	0	0	1	0	48	117	0	0	0	2	0	38	229	235	160	0	1	2	0	46	211	173	100	0	2	0	3	0	168	221	6	0	1	1	0	21	164	181	142	0	4	1	0	6	197	203	51	0	2	0	0	0	27	15	0	1	0	
0	0	0	2	1	1	0	0	0	0	2	2	0	49	21	0	0	1	0	88	43	123	8	0	2	0	95	89	68	88	0	2	2	0	115	112	184	104	21	0	0	3	0	135	96	0	1	0	2	0	46	111	0	1	0	0	1	0	17	11	0	1	0	0	
0	0	0	0	0	0	0	0	1	0	9	84	101	124	43	0	1	0	33	82	77	176	39	0	0	1	0	72	130	29	0	1	1	0	14	181	65	0	2	0	0	1	0	25	134	175	13	0	0	53	119	120	108	41	0	1	0	31	43	2	0	0	0	0	
0	0	0	0	0	0	0	0	0	0	0	11	51	28	12	0	0	1	0	14	102	163	135	0	1	0	7	122	96	41	11	0	0	0	8	74	158	74	48	0	0	119	163	143	153	24	2	0	0	26	46	39	6	0	0	0	0	0	0	0	1	1	0	0	
0	0	0	0	0	0	0	0	1	0	31	121	124	52	0	1	2	0	55	160	42	23	0	1	2	0	33	186	139	50	0	2	1	0	38	85	37	137	0	1	0	1	1	0	25	144	0	1	0	45	101	28	128	73	0	3	0	6	52	44	43	0	0	0	
0	0	0	0	1	2	2	0	0	0	0	3	0	88	59	0	0	0	2	0	45	162	4	0	0	0	1	0	167	55	0	2	0	2	0	125	129	0	3	0	3	0	86	154	0	2	0	0	0	5	120	19	0	1	0	0	0	1	1	1	1	0	0	0	
0	0	0	0	0	0	1	0	2	0	33	180	187	143	20	0	3	0	183	182	42	169	168	0	0	50	194	7	0	20	183	6	0	131	97	0	0	43	171	0	0	109	171	51	57	196	118	0	0	0	122	196	189	123	2	0	0	1	0	0	0	0	1	0	
0	0	1	0	11	68	0	1	0	0	4	0	132	118	0	3	0	3	0	111	165	0	1	0	2	0	91	155	0	70	66	0	0	52	184	96	119	187	167	0	0	97	228	202	133	126	33	0	0	3	61	54	28	1	0	0	0	0	0	0	0	2	2	0	
0	0	2	3	0	0	0	0	0	0	1	0	4	38	65	13	2	0	40	150	147	166	139	23	1	0	185	222	96	0	0	0	0	9	102	64	172	79	0	4	0	0	4	0	138	108	0	4	0	30	78	133	159	4	0	1	0	23	127	92	5	0	0	0	
0	0	0	0	2	2	0	0	0	0	0	3	0	32	149	4	0	0	3	0	21	210	130	0	0	4	0	63	218	90	0	2	2	0	62	217	61	0	4	0	0	64	216	46	0	5	0	0	0	161	64	0	4	0	0	0	0	0	1	2	0	0	0	0	
0	0	0	0	0	2	0	0	0	4	50	83	53	0	0	0	0	61	150	103	155	135	0	2	0	2	0	21	145	129	0	2	1	0	19	180	228	48	0	2	0	0	3	0	102	145	0	4	2	0	46	110	181	41	0	2	2	0	33	130	39	0	1	0	
0	0	2	3	2	0	0	0	0	2	0	0	0	14	24	0	0	0	34	82	127	158	121	0	0	123	178	97	65	10	0	1	0	51	98	90	121	137	0	2	0	0	2	0	67	150	0	3	0	2	3	0	170	57	0	2	0	2	0	55	123	0	2	0	
0	0	1	1	0	0	0	0	0	2	0	45	123	49	17	0	1	0	26	190	140	234	47	0	1	0	35	173	157	95	0	2	1	0	0	217	174	0	3	0	2	0	137	172	154	0	3	0	1	0	166	202	67	0	2	0	1	0	20	33	0	1	0	0	
0	0	1	1	1	1	0	0	0	2	0	36	117	149	22	0	2	0	34	194	70	226	186	0	0	0	174	70	0	205	189	0	0	93	155	0	9	197	67	0	0	130	123	3	157	111	0	2	0	45	192	176	85	0	3	0	0	0	2	3	0	2	0	0	
0	1	0	0	0	0	0	0	0	0	23	4	0	15	11	0	0	31	137	0	0	136	89	0	0	70	195	120	127	215	59	0	0	103	212	72	9	163	17	0	0	21	15	0	41	155	0	2	0	0	4	0	74	117	0	3	0	1	2	0	21	28	0	1	
0	0	0	0	1	1	0	0	0	0	0	0	9	138	11	0	0	0	3	0	118	151	0	3	0	1	0	15	195	29	0	1	0	3	0	124	143	0	4	0	2	0	36	215	28	0	1	0	3	0	105	106	0	3	0	0	0	0	0	1	1	0	0	0	
0	0	0	0	0	0	2	0	0	56	197	228	203	50	0	1	0	185	168	38	110	251	70	0	0	21	25	103	70	168	163	0	0	54	239	191	209	255	99	0	0	95	236	107	217	255	153	0	0	1	146	219	114	25	37	0	0	0	0	0	0	0	0	0	
0	0	1	0	22	41	0	0	0	2	0	65	206	212	34	0	0	3	0	60	41	187	48	0	1	0	58	56	82	179	0	1	0	77	142	200	255	79	0	2	0	181	151	191	194	143	0	1	0	60	138	34	0	4	0	0	0	0	0	1	2	1	0	0	
0	0	3	1	0	0	0	0	3	20	0	6	36	43	1	0	0	90	121	136	107	152	92	0	0	6	26	3	0	124	50	0	1	0	53	67	106	84	0	2	0	10	149	188	184	85	27	0	0	9	139	48	0	54	93	1	0	0	0	0	1	0	0	0	
0	0	0	0	1	0	0	0	0	0	0	83	192	117	0	3	2	0	41	115	162	134	0	4	1	0	19	115	242	47	0	2	3	0	83	163	123	148	0	4	0	94	46	0	165	127	0	4	0	91	186	184	126	0	0	0	0	0	2	3	0	1	0	0	
0	0	0	2	19	1	0	0	0	1	0	23	154	25	0	1	0	1	0	107	74	116	13	0	2	0	60	93	0	79	55	0	1	0	106	18	0	77	56	0	1	0	119	39	55	119	11	0	1	0	52	115	84	14	0	1	0	0	0	0	0	1	1	0	
0	0	2	0	0	2	0	0	0	0	4	20	2	0	78	23	2	0	75	75	0	116	158	0	0	12	203	93	82	209	16	0	0	105	174	126	244	53	0	3	0	8	0	164	127	0	4	0	3	0	83	164	0	2	0	0	0	0	12	8	0	0	0	0	
0	0	0	0	0	0	0	0	0	0	0	0	51	72	6	0	2	0	91	159	162	232	34	0	0	0	10	0	67	166	0	1	0	0	32	65	217	92	0	4	0	6	134	253	157	0	2	0	2	0	54	185	7	0	1	0	1	0	41	39	0	2	0	0	
0	0	0	0	2	1	0	0	0	0	2	2	0	3	67	15	0	0	1	2	51	147	113	4	1	0	53	157	154	31	0	1	1	0	74	43	157	16	0	1	0	73	104	150	85	0	2	0	0	12	67	34	0	1	0	0	0	0	0	0	2	0	0	0	
0	0	0	0	0	0	0	0	2	0	60	114	110	15	0	1	0	25	104	10	137	51	0	2	0	3	6	0	79	102	0	3	0	0	6	0	75	124	0	4	0	1	0	34	172	29	0	1	0	2	100	156	43	0	2	0	0	6	40	5	0	1	0	0	
0	0	0	2	0	22	28	0	0	0	2	0	25	161	51	0	0	1	0	20	178	53	0	2	1	0	0	180	223	85	0	1	3	0	114	165	90	175	0	1	0	16	209	102	166	41	0	2	0	9	134	130	32	0	1	0	0	0	0	0	1	2	0	0	
0	1	4	2	0	3	2	0	0	0	0	0	0	0	0	0	0	34	137	175	194	166	63	0	0	79	106	34	14	176	110	0	1	0	23	92	175	185	13	0	0	118	255	183	149	170	122	0	0	78	47	0	1	0	0	0	0	0	0	3	4	3	1	0	
0	0	1	3	1	3	0	0	0	1	1	1	3	0	11	2	1	0	11	120	161	164	182	3	0	29	208	96	36	244	62	0	0	69	96	0	178	115	0	3	0	3	0	125	187	0	3	0	2	0	45	217	31	0	2	0	3	0	90	102	0	3	0	0	
0	0	3	1	0	0	0	0	0	2	0	48	51	0	3	0	1	0	67	191	156	37	0	2	0	72	255	126	156	86	40	4	0	28	141	145	216	175	94	0	0	0	4	0	130	88	0	3	0	1	7	0	85	168	0	2	0	0	0	0	8	16	0	1	
0	0	0	0	0	0	0	0	0	1	0	56	90	90	27	0	3	0	67	221	193	158	205	29	3	0	90	163	4	135	143	0	1	0	11	210	248	107	0	0	0	9	145	132	205	7	0	1	0	49	207	198	100	0	3	0	0	2	106	79	0	1	0	0	
0	0	0	2	0	0	0	0	0	1	0	33	82	0	2	0	1	0	0	148	173	0	3	0	2	0	37	112	119	0	2	0	0	1	0	26	134	0	2	0	0	0	1	84	159	0	1	0	2	0	34	123	51	0	1	0	0	0	3	4	0	0	0	0	
0	0	0	2	0	0	0	0	0	0	0	3	57	64	5	0	0	0	0	130	89	173	67	0	2	0	42	171	127	148	5	0	0	2	0	120	210	3	0	1	1	0	11	188	47	0	3	0	4	0	142	139	0	4	0	0	1	0	80	22	0	1	0	0	
0	0	0	0	0	0	0	0	0	26	74	91	54	2	0	0	0	155	156	126	242	84	0	3	2	9	0	179	180	18	0	1	0	0	3	127	141	190	56	0	0	1	1	0	52	208	48	0	1	0	36	156	174	53	0	2	1	0	83	94	0	1	1	0	
0	0	0	3	2	0	0	0	0	0	3	0	1	48	25	0	0	4	0	71	165	194	202	0	3	0	102	202	26	166	145	0	0	77	195	0	83	184	1	0	0	199	110	116	179	19	0	1	0	98	154	97	2	1	1	0	0	0	0	0	2	1	0	0	
0	0	0	11	3	0	0	0	0	1	0	62	120	19	0	1	0	1	0	3	166	57	0	2	2	0	50	217	71	0	2	0	0	1	0	86	148	6	0	1	0	0	6	0	138	89	0	3	1	0	16	119	146	24	0	1	0	0	0	11	5	0	0	0	
0	0	0	0	2	1	3	0	0	0	0	4	0	101	106	0	0	0	4	0	74	225	18	0	0	2	0	35	240	86	0	3	1	0	6	213	142	0	3	0	1	0	169	209	0	1	1	0	0	22	180	33	0	2	0	0	0	0	0	1	1	0	0	0	
0	0	0	1	2	15	0	0	0	0	3	0	91	139	0	3	0	2	0	55	211	28	0	2	1	0	6	168	45	0	2	0	3	0	73	217	158	78	0	2	3	0	67	184	212	111	0	3	1	0	5	111	75	0	1	0	0	0	0	0	0	1	0	0	
0	0	0	0	0	0	0	0	0	1	0	10	81	165	94	0	0	3	0	45	84	143	127	0	0	2	53	27	10	191	29	0	0	101	124	168	205	127	0	3	24	185	154	194	205	51	0	2	0	26	58	9	4	3	0	0	0	0	0	1	0	0	0	0	
0	0	0	0	1	1	0	0	0	27	88	73	24	0	1	0	0	35	37	31	100	35	0	1	0	0	1	0	26	92	0	2	1	0	19	59	68	131	21	1	3	0	70	84	95	92	54	24	0	0	0	54	56	0	1	0	0	0	0	0	0	2	2	0	
0	0	0	0	0	0	0	0	0	0	0	7	66	113	31	0	0	1	0	28	91	209	64	0	1	2	12	99	186	159	0	3	1	0	14	166	255	89	0	4	38	133	114	164	109	0	1	0	12	82	91	34	0	1	0	0	0	0	0	0	3	0	0	0	
0	0	0	0	0	0	0	0	2	0	147	230	184	37	0	2	1	0	46	67	165	168	0	4	0	0	3	0	81	168	0	3	0	0	3	91	221	63	0	3	3	0	121	255	222	211	49	0	1	0	173	146	0	119	145	0	0	0	0	0	0	0	2	0	
0	0	1	1	0	2	1	0	0	1	0	10	13	0	56	80	1	0	6	151	25	45	180	41	2	0	166	178	101	213	45	0	0	7	136	167	247	57	0	4	1	0	7	187	93	0	4	0	0	0	192	133	0	4	0	0	0	5	40	1	2	0	0	0	
0	1	2	0	2	3	1	0	0	0	4	25	2	0	1	1	0	1	127	156	118	67	27	0	0	88	162	123	150	112	175	22	0	124	106	34	0	0	145	53	0	77	149	22	61	139	108	0	1	0	90	142	114	47	0	0	0	1	0	0	0	0	2	0	
0	0	0	0	3	3	0	0	0	0	1	2	0	0	10	3	0	1	0	9	52	126	133	10	1	0	30	169	212	76	0	1	0	1	53	40	131	42	0	2	0	90	80	115	115	0	2	0	0	16	97	68	0	1	0	0	0	0	0	0	2	0	0	0	
0	0	1	1	2	3	0	0	0	1	0	31	138	35	0	2	1	0	14	152	54	0	1	0	3	0	83	117	0	3	0	0	1	0	9	100	117	10	0	1	0	0	3	0	142	71	0	3	1	0	6	114	110	1	0	0	0	0	2	11	0	0	0	0	
0	0	0	1	0	13	28	0	0	0	1	3	0	116	87	0	0	1	2	0	120	67	0	1	0	2	0	158	210	30	0	1	0	0	163	177	157	133	0	4	0	29	218	99	146	27	0	1	2	0	88	128	25	0	1	0	0	0	0	0	2	1	0	0	
0	0	0	0	0	0	0	0	0	1	0	119	133	34	0	2	0	0	2	0	90	98	0	4	0	1	0	58	109	12	0	1	0	1	0	144	78	0	2	0	1	0	29	16	139	46	0	2	2	0	68	144	97	1	0	0	0	0	0	8	5	0	0	0	
0	0	0	2	0	0	0	0	0	0	1	0	41	62	10	0	0	2	0	77	95	171	94	0	0	0	6	157	134	136	17	0	0	3	0	130	178	0	1	0	2	0	39	175	13	0	2	0	2	0	164	87	0	3	0	0	0	4	70	5	0	0	0	0	
0	0	2	4	1	0	0	0	0	0	0	0	0	75	169	70	3	0	73	120	36	111	85	7	3	0	86	209	6	0	1	0	0	3	0	117	96	0	6	0	0	52	67	125	160	0	4	0	0	16	167	197	46	0	2	0	0	0	1	0	0	0	0	0	
0	0	0	1	2	2	3	1	0	0	2	1	0	0	0	0	0	1	0	24	109	146	77	19	2	0	77	139	79	125	167	9	0	38	163	1	0	132	70	0	0	111	156	85	134	72	0	2	0	15	84	67	11	0	1	0	0	0	0	0	1	2	0	0	
0	0	4	2	0	0	0	0	0	2	0	3	45	91	49	0	0	4	100	140	104	91	158	0	0	127	140	42	0	46	161	0	2	189	30	0	0	147	110	0	0	100	197	137	170	165	0	0	0	0	36	82	60	7	0	0	0	1	0	0	0	1	1	0	
0	0	0	0	2	1	4	3	0	0	0	2	0	28	152	19	0	0	2	0	22	194	67	0	0	2	0	12	196	95	0	3	1	0	5	188	126	0	4	0	0	23	214	119	0	4	0	0	0	96	135	0	4	0	0	0	0	0	0	2	0	0	0	0	
0	0	0	0	1	2	0	0	0	31	127	92	11	0	1	0	0	25	145	191	233	70	0	3	0	3	0	75	255	148	0	4	0	0	4	6	40	189	33	0	0	3	13	0	38	221	33	0	0	10	145	156	224	109	0	2	1	0	32	69	23	0	1	0	
0	0	0	0	0	0	0	0	0	0	0	14	46	64	38	0	2	0	40	156	104	131	196	0	0	0	5	10	0	152	97	0	0	8	71	148	209	163	0	2	0	141	165	201	187	101	0	1	0	108	154	38	0	1	0	0	0	0	0	0	3	2	0	0	
0	0	0	0	0	0	0	0	0	0	7	62	147	213	51	0	3	0	127	205	115	200	18	0	1	0	1	171	255	95	0	3	3	0	94	185	46	144	88	0	0	24	221	46	0	148	128	0	0	10	150	171	171	106	1	0	0	0	1	8	2	0	1	0	
0	0	0	0	0	0	0	0	0	0	0	3	43	99	74	0	0	2	0	34	102	146	173	0	1	1	1	90	134	183	33	0	1	0	17	155	249	125	0	4	0	121	51	128	154	3	1	0	0	128	185	111	6	0	1	0	0	1	2	0	2	1	0	0	
0	0	36	62	12	0	1	0	0	31	108	94	124	22	0	1	0	2	3	0	55	105	0	3	0	0	3	0	32	110	0	2	0	0	10	61	160	109	0	4	1	0	131	139	145	133	37	0	0	1	100	87	8	22	29	0	0	0	0	0	2	2	0	0	
0	0	1	2	0	0	0	0	0	0	0	10	68	16	0	1	0	0	1	110	165	87	0	4	3	0	69	162	165	58	0	2	1	0	2	189	132	0	3	0	1	0	32	152	8	8	0	0	3	0	118	51	46	113	0	3	0	0	11	0	47	37	0	1	
0	0	2	0	0	0	0	0	0	0	1	63	84	17	0	1	3	0	107	149	99	117	0	3	2	0	167	34	17	110	0	1	3	0	88	154	186	131	0	4	0	0	4	1	100	130	0	4	0	0	6	0	135	112	0	4	0	0	2	0	59	39	0	1	
0	0	0	2	0	0	0	0	0	0	2	0	47	169	32	0	0	3	0	96	255	247	31	0	3	0	81	200	167	195	0	2	0	4	208	50	123	142	0	3	0	32	200	116	198	14	0	1	0	2	178	187	28	0	1	0	0	0	0	0	1	1	0	0	
0	0	1	1	0	0	0	0	0	2	0	42	134	51	0	1	2	0	35	175	146	185	0	2	3	0	88	173	48	103	0	2	0	2	0	139	253	28	0	2	0	2	0	134	228	108	0	4	0	1	0	175	201	30	0	2	0	1	0	16	21	0	1	0	
0	0	0	3	1	0	0	0	0	0	2	0	24	76	11	0	0	2	0	89	163	194	66	0	2	0	60	186	69	141	12	0	4	0	128	222	235	76	0	3	1	0	0	201	117	0	3	0	3	0	133	162	0	3	0	0	1	0	82	20	0	1	0	0	
0	0	0	0	0	0	0	0	0	1	0	21	92	0	2	0	0	1	0	20	109	0	2	0	0	1	0	21	98	0	2	0	0	1	0	30	111	0	3	0	0	1	0	39	102	0	3	0	0	1	0	37	80	0	2	0	0	0	0	0	0	0	0	0	
0	0	0	2	1	0	0	0	0	0	3	0	35	191	118	0	0	2	0	61	174	218	130	0	2	0	46	229	47	176	49	0	2	0	182	87	73	186	0	2	0	56	220	102	209	51	0	2	0	42	205	174	44	0	2	0	0	0	0	0	1	2	0	0	
0	1	0	19	58	10	0	1	0	4	0	66	154	155	7	0	0	0	0	4	0	128	82	0	0	54	64	0	0	123	86	0	7	121	138	114	14	158	24	0	0	127	65	123	220	166	4	0	0	23	107	118	64	0	1	0	0	1	0	0	0	0	0	0	
0	0	1	2	0	0	0	0	0	0	2	0	49	83	20	0	1	0	13	162	130	156	108	0	1	0	147	93	0	207	94	0	0	22	191	112	220	132	0	2	2	0	53	243	135	0	2	0	0	0	168	130	0	4	0	0	0	22	93	0	2	1	0	0	
0	0	1	1	0	0	0	0	1	0	24	119	0	1	0	0	0	2	0	148	48	0	2	0	0	3	0	100	99	0	3	0	0	3	0	80	139	0	4	0	0	1	0	34	174	11	0	1	0	0	2	0	132	84	0	3	0	0	0	1	0	0	0	0	
0	0	0	0	3	6	0	0	0	1	0	49	133	189	77	0	0	1	0	39	45	178	97	0	2	0	36	162	214	163	0	2	1	0	25	54	167	113	0	4	41	103	29	118	178	7	0	1	17	162	196	128	17	0	1	0	0	0	0	0	1	1	0	0	
1	0	16	78	0	0	0	0	3	0	137	109	0	6	2	0	0	27	149	0	1	0	0	0	0	57	113	0	80	172	65	0	0	32	157	64	144	83	159	0	3	0	109	253	142	151	88	0	0	1	0	39	88	59	0	1	0	0	2	0	0	0	2	0	
0	0	0	0	0	0	0	0	0	0	0	35	105	135	46	0	1	1	5	95	68	153	131	0	0	0	11	24	48	194	37	0	1	61	96	218	251	63	0	3	32	219	183	140	197	5	0	0	0	37	29	1	93	14	0	1	0	0	0	3	0	0	0	0	
0	0	0	0	1	0	0	0	0	0	4	15	13	66	0	1	2	0	46	110	70	121	0	4	3	0	101	95	134	61	0	2	3	0	77	186	230	133	1	0	0	2	0	48	163	0	1	0	0	1	0	48	147	0	2	0	0	0	0	5	19	0	0	0	
0	0	1	3	0	0	0	0	0	0	0	0	42	41	64	4	1	0	30	149	123	241	195	0	3	0	83	78	70	216	19	0	0	4	0	70	231	37	0	2	3	0	69	236	46	0	3	0	0	41	236	60	0	4	0	0	0	50	82	0	3	0	0	0	
0	0	2	1	0	2	0	0	0	1	0	13	25	1	1	0	2	0	59	196	154	183	85	0	0	7	193	30	21	217	33	0	0	4	170	123	205	94	0	3	1	0	14	96	190	3	0	0	0	4	0	87	168	0	2	0	0	2	0	41	148	34	0	1	
0	0	0	1	1	0	3	1	0	0	1	0	14	33	0	0	0	1	0	13	107	71	84	40	0	2	0	73	183	122	90	6	0	5	86	186	176	8	0	1	0	50	197	131	37	0	4	0	0	0	14	7	0	1	0	0	0	0	0	2	2	0	0	0	
0	0	0	2	0	0	0	0	0	0	0	2	23	28	12	0	0	2	0	90	148	106	91	26	0	2	0	168	48	0	2	1	0	2	0	33	194	83	0	3	0	31	107	113	139	41	0	2	0	28	94	30	1	0	0	0	0	0	0	0	3	2	0	0	
0	0	0	1	0	2	0	0	0	1	2	0	3	0	96	33	0	0	7	35	0	117	186	3	2	0	126	105	71	212	16	0	0	51	233	183	241	50	0	3	0	10	56	218	74	0	4	0	3	0	149	121	0	5	0	0	0	0	36	7	0	0	0	0	
0	0	1	0	21	32	0	1	0	2	0	47	187	106	0	2	0	1	0	170	58	0	2	0	3	0	76	141	39	96	0	0	4	0	136	199	108	151	68	0	3	0	185	189	58	157	33	0	1	0	20	115	117	32	0	1	0	0	0	0	0	1	1	0	
0	0	0	2	0	20	22	0	0	0	2	0	32	180	53	0	0	1	0	26	152	34	0	1	1	0	8	143	72	26	2	0	4	0	102	156	192	161	0	3	0	1	162	166	157	19	0	1	1	0	88	86	11	0	1	0	0	0	0	0	1	1	0	0	
0	0	1	1	0	0	0	0	0	1	0	37	151	128	0	1	1	0	24	167	124	138	0	2	4	0	97	190	182	149	0	3	4	0	105	188	30	133	8	0	0	0	174	22	77	118	0	3	1	0	123	168	120	6	0	1	0	0	2	8	0	1	0	0	
0	0	0	0	1	2	5	0	0	0	0	4	0	88	59	0	0	0	2	0	63	183	4	0	0	1	4	39	208	52	0	2	0	1	0	198	133	0	3	0	3	0	117	183	0	0	0	0	0	11	159	26	0	2	0	0	0	1	1	1	1	0	0	0	
0	0	0	0	0	0	0	0	0	0	10	21	11	3	0	0	1	0	98	140	189	48	0	2	0	0	0	0	161	23	0	1	0	1	0	19	150	0	0	0	0	1	0	30	141	0	2	0	0	1	0	16	154	4	0	0	0	0	2	0	87	32	0	1	
0	0	0	2	1	0	0	0	0	0	3	0	27	118	114	22	0	2	0	61	180	129	227	37	2	0	61	214	14	135	119	0	0	0	207	47	96	226	8	0	0	54	196	85	215	61	0	2	0	66	252	172	28	0	2	0	0	4	43	7	0	2	0	0	
0	1	0	29	57	4	0	0	1	0	18	121	122	138	5	0	0	0	10	19	0	157	51	0	0	2	4	0	72	154	3	0	0	1	0	77	122	7	0	1	0	51	189	224	99	90	14	0	0	92	166	108	79	78	11	0	0	0	0	0	0	0	0	0	
0	0	0	1	0	2	0	0	0	0	0	9	12	3	92	9	0	2	0	101	31	127	135	0	3	0	85	184	146	166	0	1	1	0	47	167	180	0	2	1	1	0	31	179	17	0	2	0	0	0	160	61	0	3	0	0	0	5	28	0	1	0	0	0	
0	0	0	6	5	0	0	0	1	0	28	152	159	56	0	2	0	0	11	0	86	126	0	4	0	0	0	0	169	45	0	2	0	2	0	132	113	0	2	0	3	0	79	157	0	26	19	0	3	0	65	161	142	130	29	0	0	0	0	9	12	0	0	0	
0	0	0	1	4	1	0	0	0	0	1	1	0	10	52	7	0	2	0	17	131	241	169	0	1	0	19	205	255	231	51	0	1	0	145	227	206	41	0	2	0	95	253	220	73	0	4	0	0	71	175	47	0	3	0	0	0	0	0	0	2	0	0	0	
0	0	0	0	0	0	0	0	2	0	65	128	103	13	0	1	0	0	22	45	178	37	0	2	2	0	48	187	174	22	0	1	1	0	43	31	51	148	0	3	0	1	0	25	163	74	0	2	1	0	98	156	61	0	1	0	0	0	43	14	0	2	0	0	
0	0	0	1	2	0	0	0	0	0	1	0	0	4	18	2	0	2	0	28	59	109	84	4	0	2	9	90	132	21	0	1	0	32	19	5	158	44	0	2	0	48	108	122	60	0	1	0	0	0	3	3	0	0	0	0	0	2	0	1	3	0	0	0	
0	0	0	0	0	0	0	0	0	2	0	62	137	0	2	0	0	3	0	76	206	0	1	0	0	2	0	63	206	0	0	0	0	3	0	74	211	0	0	0	0	3	0	83	214	0	1	0	0	3	0	73	144	0	2	0	0	0	0	0	0	0	0	0	
0	0	0	2	0	0	0	0	0	0	10	0	68	206	146	0	0	2	0	124	177	139	205	0	2	0	140	203	14	200	112	0	0	31	225	22	140	191	1	0	0	129	214	181	174	0	0	1	0	86	223	116	1	1	1	0	0	0	0	0	2	1	0	0	
0	0	7	34	1	1	1	0	3	0	99	132	0	2	1	0	2	0	176	89	0	20	5	0	0	3	224	126	152	254	170	0	3	0	155	255	47	136	172	0	4	0	134	255	181	202	47	0	1	0	13	62	154	73	0	2	0	0	0	0	0	0	1	0	
0	0	0	0	1	1	3	0	0	0	0	3	0	140	67	0	0	0	3	0	98	186	0	0	0	2	0	53	215	28	0	1	0	2	0	184	101	0	3	0	3	0	117	192	0	2	0	0	0	0	159	50	0	2	0	0	0	0	0	1	1	0	0	0	
0	0	0	0	0	2	0	0	0	22	112	51	18	0	0	0	0	13	115	220	255	127	0	2	0	2	0	176	122	161	51	0	0	2	1	117	140	160	12	0	3	0	98	170	212	53	0	2	0	0	9	0	142	130	0	4	0	0	0	8	53	14	0	1	
0	0	0	0	1	2	0	0	0	2	0	54	166	181	37	0	0	1	0	17	95	204	39	0	2	2	0	154	248	126	0	4	0	0	3	60	171	76	0	3	59	44	22	139	150	0	0	0	66	162	164	110	7	0	0	0	0	2	2	0	2	1	0	0	
0	0	0	0	0	0	0	0	0	1	0	43	92	73	53	0	0	0	8	156	94	79	49	0	2	0	44	128	0	3	0	0	1	0	25	159	99	1	2	0	0	1	13	0	127	39	0	1	2	0	94	72	123	8	0	0	1	0	18	108	46	0	2	0	
0	0	0	0	26	31	0	0	0	0	1	148	155	160	93	0	1	1	7	41	0	77	150	0	0	0	7	2	0	154	89	0	9	106	138	98	105	189	2	0	59	164	89	245	250	191	76	0	7	83	117	60	8	23	4	0	0	0	0	0	0	0	0	0	
0	0	0	0	1	1	0	0	3	0	68	45	0	5	0	0	3	0	133	47	9	66	0	1	0	14	139	0	48	89	0	3	1	0	110	96	85	128	18	0	0	0	1	58	130	162	2	0	0	0	2	0	6	125	12	0	0	0	0	3	3	1	0	0	
0	0	0	3	1	0	0	0	0	0	2	0	31	76	4	0	0	2	0	84	156	179	86	0	2	0	57	175	51	171	25	0	4	0	85	211	232	80	0	3	0	9	0	175	152	0	3	0	3	0	81	202	2	0	1	0	2	0	57	53	0	2	0	0	
0	0	0	0	2	2	0	0	0	0	49	56	4	0	0	0	1	0	57	128	167	34	0	2	0	0	5	87	171	80	0	3	2	0	43	192	113	0	0	0	0	0	1	0	92	131	0	3	0	0	3	0	76	132	0	3	0	1	0	17	80	11	0	1	
0	0	0	0	1	3	2	0	0	0	0	0	10	144	18	0	0	0	4	0	140	129	0	4	0	2	0	60	195	3	0	1	1	0	0	195	78	0	3	0	4	0	117	169	0	3	0	0	3	0	127	52	0	2	0	0	0	0	0	1	0	0	0	0	
0	0	1	1	1	1	0	0	0	0	0	9	12	0	0	0	1	0	17	125	145	11	0	1	4	0	108	88	168	89	0	3	1	0	31	68	136	31	0	1	0	1	0	35	109	0	2	0	0	3	0	114	59	0	2	0	0	0	2	102	8	0	0	0	
0	0	0	0	3	0	32	12	0	0	0	4	0	90	145	5	0	0	4	0	85	152	6	0	0	3	0	90	225	21	0	2	2	0	61	213	205	97	0	4	0	3	204	157	129	40	0	2	0	3	114	104	25	0	1	0	0	0	0	0	1	1	0	0	
0	0	0	0	0	0	0	0	0	1	0	78	19	0	1	0	0	3	0	135	69	0	2	0	0	3	0	83	110	0	3	0	0	3	0	83	114	0	3	0	0	2	0	63	117	0	3	0	0	2	0	72	118	0	3	0	0	1	0	19	15	0	1	0	
0	0	0	3	2	0	0	0	0	0	3	0	17	56	56	11	0	2	0	61	180	235	184	0	2	0	72	232	59	183	73	0	0	34	213	42	137	141	0	3	0	118	209	173	140	0	1	0	0	67	198	97	0	2	0	0	0	0	0	0	3	1	0	0	
0	1	0	32	37	0	1	0	2	0	67	151	112	11	0	0	0	8	158	14	0	1	1	0	0	18	154	14	71	101	27	0	3	0	136	155	73	74	144	5	1	0	21	162	54	27	158	12	0	1	0	29	110	127	43	0	0	0	1	1	0	0	0	0	
0	0	0	0	2	1	3	0	0	0	0	4	0	112	90	0	0	0	3	0	61	196	13	0	0	2	0	15	209	59	0	2	1	0	1	194	106	0	4	0	0	3	177	139	0	3	0	0	0	112	134	0	3	0	0	0	0	4	0	2	0	0	0	0	
0	0	2	0	0	0	2	0	0	2	0	58	131	88	2	0	1	0	127	144	57	208	135	0	0	116	228	89	9	104	187	0	0	108	166	108	0	177	131	0	0	1	0	3	160	192	5	0	3	0	102	223	134	9	0	1	1	0	30	26	0	2	1	0	
0	0	0	0	2	1	2	0	0	0	0	3	0	78	112	0	0	0	3	0	57	206	27	0	0	2	0	23	222	69	0	3	1	0	0	183	109	0	4	0	1	0	169	162	0	4	0	0	0	27	175	16	0	1	0	0	0	0	0	2	0	0	0	0	
0	0	0	0	0	0	0	0	0	0	1	0	88	27	0	1	0	0	2	0	189	75	0	3	0	1	0	13	209	39	0	2	0	3	0	86	187	0	2	0	0	3	0	170	101	0	3	0	0	0	0	141	25	0	1	0	0	0	0	13	2	0	0	0	
0	0	0	1	3	0	2	1	0	0	0	0	0	0	0	0	0	1	0	16	62	11	59	35	0	2	0	108	136	105	64	6	0	10	84	168	58	0	0	0	0	50	159	79	1	1	2	0	0	2	8	1	1	0	0	0	0	0	0	2	0	0	0	0	
0	0	0	0	2	2	0	0	0	0	1	0	100	20	0	1	0	1	0	22	132	0	1	0	0	2	0	67	144	0	3	0	0	3	0	73	126	0	3	0	0	3	0	96	91	0	3	0	0	3	0	80	59	0	2	0	0	0	0	0	0	0	0	0	
0	0	0	0	3	0	0	0	0	0	1	2	0	20	10	0	0	1	2	0	99	197	194	8	1	0	10	166	118	122	144	0	0	5	163	88	78	159	0	0	0	123	220	109	131	17	0	1	0	82	148	55	0	2	1	0	0	0	0	0	2	1	0	0	
1	0	40	50	0	3	0	0	4	0	131	82	0	3	1	0	2	0	174	45	0	40	3	0	2	0	182	37	96	167	85	0	4	0	132	148	133	0	147	13	1	0	12	207	186	138	152	0	0	1	0	10	76	85	18	0	0	0	1	1	0	0	1	0	
0	0	0	2	0	2	2	0	0	0	2	2	11	0	29	63	0	2	0	96	58	44	156	60	3	0	95	155	93	187	41	0	2	0	118	239	190	21	0	4	1	0	98	177	13	0	3	0	0	8	144	17	0	2	0	0	0	0	0	2	1	0	0	0	
0	0	0	9	28	0	1	0	0	0	0	166	104	0	4	0	3	0	119	112	10	35	0	1	0	11	153	45	175	167	12	0	0	0	140	170	15	100	86	0	3	0	79	218	103	171	34	0	0	1	0	114	133	35	0	1	0	0	1	0	0	0	1	0	
0	0	1	1	0	0	0	0	0	0	0	2	58	72	3	0	2	0	40	181	153	237	94	0	1	0	21	41	1	211	63	0	0	2	1	0	187	155	0	2	2	0	28	209	185	2	0	1	0	54	219	117	1	1	1	0	0	57	72	0	4	1	0	0	
0	0	0	0	0	0	0	0	0	3	45	32	38	40	9	0	0	4	197	224	195	255	81	0	0	0	8	0	118	193	3	0	2	0	120	178	250	205	39	0	3	0	88	249	117	76	16	0	4	0	119	170	0	3	0	0	2	0	42	53	0	5	0	0	
0	0	0	1	0	0	0	0	0	0	0	0	38	76	25	0	0	1	0	119	145	234	114	0	0	0	6	6	76	196	14	0	0	4	0	71	228	44	0	2	2	0	86	222	49	0	3	0	0	115	196	35	0	3	0	0	8	106	20	0	3	0	0	0	
0	0	1	1	2	0	0	0	0	1	0	16	164	56	0	2	0	0	13	9	98	127	0	4	3	0	95	124	58	118	0	4	3	0	115	24	90	120	0	4	3	0	135	73	157	38	0	2	2	0	54	194	92	0	2	0	0	0	0	1	1	1	0	0	
0	0	0	1	4	0	34	17	0	0	1	1	0	98	162	34	0	1	0	1	143	148	7	0	0	1	0	176	245	30	0	3	2	0	121	183	207	65	0	3	0	29	222	146	131	0	1	0	0	10	133	115	6	0	1	0	0	0	0	0	2	0	0	0	
0	0	0	0	0	0	0	0	0	0	0	11	127	3	0	0	0	1	0	14	150	2	0	0	0	1	0	38	130	0	3	0	0	3	0	86	146	0	4	0	0	3	0	148	80	0	3	0	1	0	14	138	7	0	0	0	0	0	0	1	0	0	0	0	
0	0	0	2	1	0	0	0	0	0	0	0	6	5	1	0	0	2	0	47	138	192	64	0	1	4	0	97	175	183	6	0	0	1	0	84	220	120	0	4	13	73	121	149	90	1	0	0	12	75	63	11	0	2	0	0	0	0	0	1	3	0	0	0	
0	0	0	3	1	0	1	1	0	0	2	0	33	31	5	0	0	4	0	75	238	200	153	12	3	0	57	245	180	0	155	54	0	35	188	34	0	72	160	1	0	139	181	55	145	147	19	0	0	27	159	149	70	0	1	1	0	0	0	0	0	3	1	0	
0	0	0	2	0	15	27	0	0	0	2	0	15	187	80	0	0	1	0	25	191	109	0	2	1	0	22	216	159	24	0	1	3	0	151	242	190	206	0	0	0	4	224	223	168	87	0	2	1	0	84	138	48	0	1	0	0	0	0	0	0	2	0	0	
0	0	0	0	0	1	1	0	1	0	75	137	99	8	0	1	0	7	203	144	166	182	87	0	1	0	190	44	53	247	39	0	3	0	89	175	186	77	0	2	0	1	0	199	231	37	0	1	0	2	0	122	235	161	0	3	0	0	0	2	32	10	0	0	
0	0	0	2	0	0	0	1	0	0	4	0	61	138	125	70	0	3	0	80	231	152	215	17	3	0	87	242	42	147	105	0	0	19	229	51	89	176	0	2	0	85	204	89	221	25	0	2	0	31	200	181	44	0	2	0	0	0	0	0	1	1	0	0	
0	1	0	0	0	0	1	0	0	19	83	0	20	44	0	1	0	154	141	0	46	212	15	0	6	201	41	0	0	210	75	0	0	200	208	158	157	247	90	0	0	26	131	124	82	220	96	0	0	0	0	2	0	160	56	0	0	2	4	4	3	13	1	0	
0	0	1	2	0	0	0	0	0	0	0	3	16	33	33	0	1	0	12	159	135	235	64	0	1	0	19	31	119	141	0	3	0	2	0	66	166	0	0	0	1	0	23	201	35	0	2	0	1	0	193	95	0	4	0	0	0	4	84	8	0	0	0	0	
0	0	0	0	0	1	0	0	0	0	71	93	56	2	0	0	1	0	92	121	135	152	0	0	0	0	3	0	90	196	0	1	0	2	0	43	235	53	0	2	1	0	0	210	117	0	3	0	4	0	132	159	0	4	0	0	1	0	72	23	0	1	0	0	
0	0	0	2	0	2	0	0	0	0	1	3	1	14	88	1	0	1	0	106	24	145	98	0	3	0	77	146	128	169	0	3	3	0	74	236	204	22	0	1	1	0	10	182	40	0	2	0	3	0	134	104	0	4	0	0	0	0	30	4	1	0	0	0	
0	0	0	42	24	0	1	0	1	0	21	216	83	0	3	0	3	0	76	132	0	6	0	0	3	0	92	134	0	4	0	0	2	0	51	170	101	118	0	1	0	1	0	190	226	179	0	0	0	1	0	19	116	55	0	2	0	0	0	0	0	0	0	0	
0	0	0	2	2	2	0	0	0	0	1	2	0	25	83	0	0	2	0	63	48	154	72	0	2	0	43	184	181	101	0	3	2	0	54	223	166	0	2	0	1	0	29	162	10	0	1	0	3	0	123	65	0	3	0	0	0	0	25	2	0	0	0	0	
0	0	0	1	0	0	0	0	0	1	0	38	155	50	0	1	0	0	0	160	129	146	33	0	3	0	88	114	0	84	73	0	2	0	138	40	0	93	61	0	3	0	142	61	41	159	2	0	2	0	36	141	132	28	0	1	0	0	0	2	1	1	1	0	
0	0	0	0	1	1	0	0	0	0	0	3	0	80	125	0	0	0	2	0	21	182	39	0	0	2	0	9	177	72	0	2	1	0	13	173	93	0	3	0	0	33	187	98	0	3	0	0	0	128	92	0	4	0	0	0	0	1	0	3	0	0	0	0	
0	0	0	0	0	0	0	0	0	1	0	55	107	72	3	0	1	0	14	128	4	97	76	0	0	1	0	96	95	63	40	0	0	2	0	106	162	0	1	0	2	0	50	78	102	17	0	0	3	0	69	141	83	0	2	0	0	0	6	46	4	0	0	0	
0	0	0	0	0	4	2	0	0	1	0	15	126	159	46	0	0	4	0	145	130	42	140	29	0	3	0	57	210	140	38	0	1	0	22	163	215	8	0	1	0	6	181	237	99	0	5	0	0	41	210	93	0	2	0	0	0	0	1	0	1	0	0	0	
0	0	1	0	0	0	0	0	1	0	31	93	0	37	99	0	2	0	190	124	0	134	155	0	0	82	203	22	46	189	51	0	0	160	248	196	248	171	0	2	0	25	48	8	200	105	0	4	0	2	0	41	196	15	0	1	0	2	0	14	19	0	1	0	
0	0	0	1	9	1	0	0	0	0	0	120	148	141	7	0	0	0	3	4	60	200	5	0	2	0	75	174	231	132	0	4	1	0	83	87	50	177	0	1	0	12	5	10	169	100	0	3	0	94	184	171	85	0	1	0	0	1	7	2	0	2	0	0	
0	0	0	0	1	0	0	0	0	0	2	99	8	0	0	0	0	1	0	162	44	0	2	0	0	4	0	167	103	0	3	0	0	3	0	103	167	0	3	0	0	1	0	16	197	21	0	1	0	0	2	0	119	46	0	2	0	0	0	0	0	0	0	0	
0	0	0	3	2	4	1	0	0	0	0	0	0	0	8	4	0	0	7	76	63	148	149	28	2	0	70	107	126	161	7	0	0	3	0	105	129	0	1	0	2	0	106	143	0	3	1	0	0	69	146	0	2	1	0	0	0	74	28	0	1	0	0	0	
0	0	0	5	64	2	0	0	0	2	0	52	153	0	2	0	0	3	0	130	61	0	2	0	2	0	41	149	76	60	0	1	4	0	118	180	84	170	44	0	3	0	141	116	89	155	10	0	0	0	7	71	73	13	0	1	0	0	0	0	0	1	1	0	
0	0	0	0	2	1	0	0	0	0	0	3	0	77	63	0	0	0	3	0	54	217	34	0	0	2	0	23	221	64	0	2	0	1	0	188	100	0	4	0	2	0	149	126	0	4	0	0	0	78	170	0	2	0	0	0	0	22	14	0	1	0	0	0	
0	0	1	0	0	0	0	0	0	1	4	0	14	152	16	0	0	49	153	0	11	198	22	0	0	64	189	0	17	204	32	0	0	74	238	158	163	229	31	0	0	22	90	51	2	185	47	0	0	0	0	1	0	139	40	0	0	1	4	2	0	0	0	0	
0	0	0	2	0	0	0	0	0	0	1	0	32	66	8	0	0	1	0	93	143	157	40	0	0	0	1	146	200	115	0	3	0	2	0	44	167	5	0	1	1	0	3	162	51	0	2	0	2	0	136	124	0	4	0	0	0	3	77	9	0	0	0	0	
0	1	0	43	41	0	2	0	0	1	0	158	55	0	3	0	3	0	68	145	0	3	0	0	4	0	118	72	49	160	14	0	2	0	162	37	132	190	88	0	3	0	102	158	194	209	46	0	0	0	2	74	75	23	0	1	0	0	1	0	0	0	1	0	
0	0	1	0	0	0	0	0	0	1	0	42	130	116	4	0	2	0	63	212	172	205	17	0	2	0	33	190	243	164	0	3	0	0	11	75	178	132	0	4	0	1	0	104	178	18	0	1	0	119	185	149	14	0	1	0	0	41	50	0	2	1	0	0	
0	1	1	0	0	0	0	0	1	0	19	88	8	7	38	0	0	13	109	49	0	58	144	0	0	100	45	0	0	121	75	0	6	122	3	3	61	181	29	0	0	64	114	90	42	119	12	0	0	0	9	0	29	120	0	2	0	2	1	0	10	17	0	1	
0	0	0	2	2	3	1	0	0	0	0	0	0	0	11	16	0	1	0	31	133	135	96	26	0	4	0	100	201	119	6	0	1	0	57	145	132	0	4	1	0	57	181	129	86	0	3	0	0	30	119	83	1	0	0	0	0	0	0	0	1	0	0	0	
0	0	0	0	0	0	0	0	0	0	3	33	1	11	0	0	1	0	31	74	3	81	0	1	2	0	46	64	38	100	0	1	0	0	4	62	144	59	0	1	0	1	0	29	77	0	2	0	0	0	0	89	22	0	1	0	0	0	13	38	0	1	0	0	
0	1	0	0	0	1	2	0	2	0	82	147	72	12	0	1	0	69	239	179	157	184	56	0	0	155	112	0	0	33	170	23	0	120	95	0	8	0	161	56	0	23	166	31	0	127	189	0	2	0	49	158	181	160	23	0	0	1	0	11	29	0	1	1	
0	3	2	0	0	2	2	0	0	0	3	11	11	2	0	0	0	133	217	187	178	177	39	0	0	145	103	18	0	118	215	0	0	0	2	0	27	230	158	0	0	4	0	72	247	169	4	0	3	0	121	249	105	0	2	0	2	0	99	48	0	4	1	0	
0	0	0	0	1	0	0	0	0	1	0	145	52	0	2	0	0	4	0	160	135	0	4	0	0	3	0	96	191	0	2	0	0	3	0	87	189	0	2	0	0	4	0	102	220	1	0	1	0	3	0	80	193	8	0	1	0	0	0	0	0	0	0	0	
0	0	1	0	0	0	0	0	0	0	0	13	31	7	0	0	2	0	80	142	149	111	0	3	0	0	19	0	61	76	0	3	0	0	0	7	122	11	0	1	0	3	0	76	99	0	3	0	0	0	0	125	26	0	1	0	1	0	28	74	0	2	0	0	
0	1	0	29	32	0	1	0	2	0	42	209	178	15	0	1	3	0	183	102	132	70	0	3	1	0	106	20	180	60	0	3	0	2	0	93	188	0	0	1	3	0	98	255	144	101	181	51	1	0	51	83	107	146	94	15	0	0	0	0	0	0	0	0	
0	1	0	10	33	0	0	0	1	0	23	187	129	0	3	0	3	0	152	94	0	4	0	0	0	13	153	32	173	180	32	0	0	13	139	164	61	90	114	0	1	0	168	123	53	182	76	0	2	0	39	139	149	72	0	1	0	0	0	0	0	0	1	0	
0	0	0	0	0	0	0	0	0	4	92	152	122	28	0	1	0	32	144	39	90	161	0	3	2	0	35	119	203	171	0	3	2	0	64	160	60	127	35	0	2	0	50	76	0	168	34	0	3	0	64	199	181	102	0	2	0	1	0	44	36	0	1	0	
0	0	0	0	0	0	0	0	0	1	0	21	114	0	1	0	0	2	0	42	165	0	2	0	0	1	0	43	144	0	3	0	0	2	0	54	153	0	3	0	0	3	0	79	150	0	4	0	0	2	0	67	97	0	3	0	0	0	0	0	0	0	0	0	
0	0	0	0	0	1	0	0	1	0	89	19	67	10	0	0	0	5	206	29	142	67	0	2	0	11	188	0	93	141	0	4	0	1	192	158	191	252	66	0	2	0	44	123	115	215	18	0	0	0	1	0	20	168	4	0	0	0	2	4	5	24	1	0	
0	1	2	0	0	1	1	0	1	0	18	173	179	59	0	2	0	0	192	159	45	220	23	0	0	38	247	38	0	213	122	0	0	70	200	0	21	246	122	0	0	30	222	85	199	221	8	0	2	0	78	225	190	32	0	2	0	1	0	0	0	1	1	0	
0	0	0	0	0	0	0	0	2	0	62	131	120	100	1	0	4	0	116	140	145	96	0	0	4	0	118	201	119	114	4	0	1	0	29	46	0	126	38	0	1	0	32	12	19	176	13	0	3	0	62	188	194	83	0	3	0	1	0	33	45	0	1	0	
0	0	1	0	0	1	2	0	0	0	2	28	0	34	45	0	1	0	24	58	0	73	17	0	1	0	50	10	17	66	0	1	0	8	69	29	96	30	0	1	0	7	106	69	90	4	0	0	0	0	0	13	51	0	1	0	0	0	1	3	3	0	0	0	
1	0	25	10	0	2	0	0	3	0	154	47	0	2	1	0	0	10	160	5	21	49	0	0	0	31	125	19	199	180	76	0	0	32	115	84	81	69	127	0	0	0	132	148	168	179	33	0	1	0	23	115	120	24	0	1	0	0	1	0	0	1	1	0	
0	0	0	0	0	0	0	0	0	2	0	80	54	0	2	0	0	4	0	125	83	0	3	0	0	3	0	121	77	0	3	0	0	4	0	112	158	0	1	0	0	3	0	93	169	0	3	0	0	2	0	47	105	0	3	0	0	0	0	0	0	0	0	0	
0	3	5	4	4	2	0	0	0	0	0	0	0	0	0	0	10	152	139	104	101	50	0	1	0	76	142	132	145	186	0	0	0	0	2	0	50	171	0	1	0	3	6	0	173	100	0	3	0	1	0	18	174	10	0	1	0	1	0	24	129	0	1	0	
0	0	1	1	1	0	0	0	0	0	0	50	9	0	0	0	1	0	28	196	109	0	2	0	2	0	117	34	84	87	0	2	0	0	16	0	50	141	0	3	0	0	1	0	135	43	0	2	0	2	0	72	105	0	2	0	0	2	0	59	27	0	1	0	
0	0	0	0	0	0	0	0	1	0	78	149	110	11	0	1	0	41	177	36	82	91	0	3	0	9	134	29	65	125	0	3	1	0	7	106	250	75	0	3	0	2	0	154	60	109	29	0	1	0	23	200	112	84	0	0	0	0	0	37	45	3	0	0	
0	0	1	0	0	1	0	0	0	0	3	36	77	14	0	1	0	3	83	97	93	92	0	1	0	37	140	3	62	130	0	0	0	0	161	193	206	137	0	2	1	0	24	47	0	129	20	0	0	0	1	3	0	120	34	0	0	0	1	3	0	43	12	0	
0	0	2	0	2	1	0	0	0	0	1	21	3	1	0	0	1	0	144	202	134	8	0	1	0	37	164	0	102	156	0	2	0	8	142	83	110	220	13	0	1	0	26	112	62	148	21	0	0	0	1	0	11	145	1	0	0	0	2	0	20	90	0	1	
0	0	0	0	0	0	0	0	0	22	92	67	12	0	1	0	0	3	38	82	154	17	0	1	0	1	0	59	110	0	1	0	1	0	26	199	132	48	0	2	0	0	0	9	21	144	22	0	0	1	0	14	59	139	16	0	0	0	0	2	48	25	0	1	
0	1	2	0	0	0	2	0	1	0	24	143	166	111	1	0	0	1	188	252	139	198	130	0	0	120	178	0	0	24	160	0	1	169	27	0	0	36	156	0	0	176	118	0	48	200	117	0	0	34	170	192	201	90	0	1	0	0	1	26	8	0	2	0	
0	0	2	1	0	0	0	0	0	1	0	11	74	44	0	1	2	0	62	164	116	110	0	2	1	0	192	113	97	144	0	3	1	0	49	141	221	33	0	2	0	2	0	45	156	0	1	0	0	3	0	81	151	0	4	0	0	0	0	13	67	0	1	0	
0	0	0	0	0	0	0	0	0	1	0	13	99	1	0	0	0	1	0	32	198	1	0	0	0	2	0	56	156	0	2	0	0	2	0	62	132	0	3	0	0	3	0	89	147	0	4	0	0	3	0	90	144	0	4	0	0	0	0	9	22	0	1	0	
0	0	0	0	1	0	0	0	0	0	3	0	84	116	0	3	0	0	2	0	195	108	0	4	0	3	0	75	207	2	0	1	0	2	0	191	104	0	3	0	2	0	34	227	23	0	1	0	2	0	45	154	2	0	0	0	0	0	0	0	0	0	0	0	
0	0	2	49	26	0	1	0	0	10	176	209	184	16	0	1	0	43	157	0	119	97	0	3	0	0	3	0	72	114	0	4	0	0	8	58	172	130	0	3	4	0	120	255	213	173	118	0	2	0	63	153	39	6	83	1	0	0	0	0	1	3	0	0	
0	0	1	0	0	0	1	0	0	0	0	115	155	60	0	2	3	0	85	166	71	191	33	0	0	3	165	29	0	94	112	0	0	22	168	4	0	71	121	0	2	0	159	64	0	112	68	0	2	0	46	176	153	130	0	0	0	1	0	22	62	7	0	0	
0	0	0	0	0	0	0	0	0	41	134	152	125	12	0	1	0	69	126	47	170	73	0	3	1	0	11	137	228	148	0	1	2	0	46	208	63	128	85	0	1	0	21	90	0	113	95	0	1	0	4	156	170	177	20	0	0	0	0	9	64	26	0	1	
0	0	0	11	11	0	0	0	0	3	0	111	142	0	3	0	2	0	47	243	175	0	3	0	3	0	125	201	167	0	1	0	0	0	1	0	175	52	0	2	1	0	35	107	186	176	0	0	2	0	44	164	145	152	34	0	0	0	0	0	0	0	0	0	
0	0	0	0	0	0	0	0	0	6	64	0	52	32	0	1	0	16	157	0	106	63	0	2	0	12	169	39	150	107	0	0	1	0	137	180	208	117	0	0	0	0	3	0	132	53	0	2	0	0	5	0	132	75	0	3	0	0	1	0	20	14	0	1	
0	0	1	1	0	0	0	0	0	2	0	46	162	141	30	0	0	0	2	89	102	67	19	0	2	0	39	185	1	0	0	0	3	0	75	255	209	112	0	3	1	0	27	76	175	142	0	4	0	3	0	104	186	8	0	1	0	0	0	27	11	0	0	0	
0	0	0	0	0	0	0	0	1	0	29	79	101	127	17	0	2	0	160	134	86	75	7	0	3	0	113	88	101	35	0	1	3	0	64	128	61	141	11	0	0	0	0	38	0	112	47	0	0	2	0	157	188	133	0	0	0	1	0	23	47	3	0	0	
0	0	0	0	0	0	0	0	0	1	0	140	36	0	1	0	0	2	0	204	126	0	3	0	0	3	0	149	175	0	3	0	0	3	0	79	218	0	0	1	0	2	0	34	244	38	0	2	0	1	0	28	165	11	0	1	0	0	0	0	0	0	0	0	
0	0	2	0	0	3	0	0	0	0	3	67	74	2	0	0	0	0	151	160	169	127	0	0	0	5	199	79	21	175	4	0	1	0	27	150	240	74	0	3	0	3	0	57	166	123	0	1	0	2	0	70	188	142	0	1	0	0	0	0	99	37	0	1	
0	0	1	1	0	1	0	0	0	2	0	123	94	0	0	0	2	0	52	208	77	72	1	0	4	0	121	107	0	106	19	0	4	0	104	92	0	101	20	0	1	0	35	155	0	131	34	0	0	2	0	78	156	121	0	0	0	0	1	0	5	3	0	0	
0	0	1	1	0	2	0	0	0	0	0	16	22	0	0	0	2	0	45	184	186	58	0	2	3	0	145	41	29	162	0	2	3	0	127	137	145	150	0	3	1	0	9	79	85	102	0	3	0	0	4	0	76	107	0	4	0	0	3	0	85	64	0	2	
0	0	2	1	0	0	3	1	0	2	0	35	79	28	0	1	2	0	55	229	180	201	128	0	0	62	204	59	0	17	215	41	0	158	108	0	0	103	161	0	0	134	192	113	176	177	19	0	0	9	141	152	100	8	0	1	0	0	0	0	0	2	1	0	
0	1	0	3	5	0	2	0	2	0	51	164	175	119	0	1	0	7	193	155	5	144	127	0	0	110	98	0	7	0	145	19	0	109	25	0	2	0	143	32	0	133	104	0	19	138	126	0	0	25	152	163	172	113	0	0	0	0	0	7	3	0	2	0	
0	1	2	1	0	0	0	0	0	0	0	0	14	10	0	0	29	128	126	128	171	136	0	3	1	18	36	3	93	128	0	4	0	0	4	0	124	93	0	3	0	1	4	0	153	56	0	2	0	0	1	0	163	30	0	1	0	0	1	0	116	29	0	1	
0	0	0	0	0	0	0	0	0	2	0	57	54	0	2	0	0	3	0	108	137	0	4	0	0	3	0	104	126	0	4	0	0	3	0	104	102	0	3	0	0	3	0	100	95	0	3	0	0	3	0	106	89	0	3	0	0	1	0	20	10	0	0	0	
0	0	0	0	0	0	0	0	0	8	81	99	49	0	1	0	0	14	28	55	178	7	0	1	0	0	0	116	115	113	1	0	0	21	13	8	0	103	53	0	0	51	56	0	13	134	18	0	0	5	99	91	124	51	0	2	0	0	7	49	21	0	1	0	
0	0	0	44	30	0	1	0	2	0	120	168	171	30	0	1	0	0	104	0	91	119	0	4	0	0	2	0	70	134	0	4	2	0	76	152	204	160	0	1	3	0	173	160	166	126	135	0	2	0	52	135	25	0	10	1	0	0	0	0	2	4	0	0	
0	2	2	1	2	0	0	0	0	0	0	0	0	1	0	0	0	42	103	112	51	0	4	0	0	57	25	23	159	24	0	1	1	0	20	80	147	157	86	11	1	0	29	126	130	27	56	20	0	1	0	36	35	0	1	0	0	0	0	0	0	1	2	1	
0	0	0	0	0	0	0	0	0	51	126	128	85	7	0	0	0	32	77	30	136	69	0	3	1	0	14	121	199	113	0	1	2	0	60	146	7	128	83	0	0	2	44	3	0	127	76	0	2	0	131	139	141	111	0	1	0	0	4	61	44	0	1	0	
0	0	0	9	32	0	1	0	0	1	0	35	75	0	2	0	0	2	0	60	47	0	2	0	0	2	0	101	137	19	0	1	0	2	0	142	137	41	0	2	0	2	0	131	149	15	0	1	0	1	0	37	44	0	1	0	0	0	0	0	1	1	0	0	
0	0	0	0	0	0	0	0	0	25	44	0	80	10	0	0	0	53	114	0	151	17	0	1	0	40	159	38	173	66	7	0	0	4	119	128	198	131	3	0	0	0	4	0	135	69	0	3	0	0	7	0	116	84	0	3	0	0	0	0	14	14	0	1	
0	1	0	8	20	8	0	0	2	0	69	158	133	80	0	2	0	36	176	18	0	1	0	0	0	137	72	0	41	160	94	0	0	123	107	0	147	32	146	48	0	9	118	166	173	99	156	10	0	1	0	45	87	84	20	0	0	1	3	0	0	0	1	1	
0	0	0	0	0	0	0	0	0	12	92	108	129	96	0	2	0	11	200	75	42	27	0	1	3	0	139	119	111	60	0	1	2	0	62	122	59	142	79	0	0	1	0	17	2	46	142	0	0	3	0	150	166	157	52	0	0	1	0	21	65	34	0	1	
0	0	1	0	0	2	0	0	0	1	0	85	31	0	2	0	2	0	41	150	0	100	17	0	4	0	141	86	80	172	0	3	2	0	61	157	209	27	0	2	0	3	0	86	111	0	3	0	0	1	0	142	36	0	1	0	0	0	2	24	1	0	0	0	
0	0	1	2	2	0	0	0	0	0	0	148	165	18	0	1	3	0	81	66	82	129	0	4	3	0	106	84	169	112	0	4	1	0	20	213	125	113	21	0	2	0	45	180	0	146	33	0	0	0	0	117	163	75	0	2	0	0	0	1	10	0	0	0	
0	0	1	0	0	1	2	0	1	0	23	112	143	49	0	5	0	0	156	93	52	92	105	9	0	0	134	54	75	164	31	0	1	0	0	182	210	0	0	1	0	2	0	151	130	68	0	3	0	2	0	96	182	100	0	4	0	0	0	2	52	10	0	0	
0	1	1	0	1	1	0	0	1	0	24	87	29	0	1	0	0	13	136	75	139	23	0	1	0	32	171	15	189	145	0	4	2	0	62	115	148	128	0	4	0	0	3	0	65	138	0	4	0	0	5	0	72	154	0	3	0	0	1	0	28	58	0	2	
0	0	0	1	0	0	0	0	0	0	0	1	128	90	0	2	0	3	0	81	199	20	0	0	0	4	0	144	133	0	4	0	0	3	0	165	91	0	3	0	0	2	0	181	79	0	3	0	0	3	0	142	133	0	4	0	0	0	0	14	15	0	0	0	
0	0	0	0	0	0	0	0	1	0	76	147	73	83	0	1	0	11	182	83	118	178	0	1	1	0	152	76	149	85	0	3	1	0	7	188	250	40	0	2	0	1	0	163	86	173	2	0	0	1	0	151	193	138	0	1	0	1	0	18	61	6	0	0	
0	0	1	0	25	23	0	1	0	2	0	44	187	46	0	2	0	0	0	183	61	75	46	0	4	0	96	150	0	136	74	0	2	0	163	49	0	155	41	0	3	0	158	127	133	157	0	2	1	0	15	127	143	18	0	1	0	0	1	0	0	1	0	0	
0	0	0	4	3	0	0	0	3	0	95	191	163	18	0	1	1	0	54	26	180	55	0	2	2	0	49	191	245	77	0	3	2	0	42	69	31	179	0	0	0	12	110	23	130	161	0	2	0	6	142	197	152	19	0	1	0	0	0	0	0	1	0	0	
0	0	0	3	7	0	0	0	0	1	0	71	109	56	0	2	0	0	11	89	1	77	4	0	0	1	0	96	20	17	8	0	1	0	9	122	133	26	3	0	1	0	116	43	102	7	0	0	1	0	46	105	100	4	0	0	0	0	0	8	7	0	0	0	
0	0	0	0	0	0	0	0	2	0	52	31	47	29	0	1	4	0	106	75	78	59	0	2	3	0	97	50	65	83	0	3	4	0	106	181	195	116	0	4	0	0	8	6	87	71	0	3	0	0	3	0	72	88	0	3	0	0	1	0	11	16	0	1	
0	0	0	1	1	0	0	0	0	0	2	0	70	36	0	1	0	2	0	43	234	47	0	2	0	1	0	129	201	0	0	0	0	2	0	56	145	0	3	0	0	4	0	123	113	0	3	0	0	3	0	135	65	0	2	0	0	0	0	18	9	0	0	0	
0	0	0	0	0	0	0	0	0	0	2	27	27	2	0	0	4	0	101	188	188	98	0	3	4	0	139	68	47	139	0	4	2	0	63	15	120	91	0	3	0	0	0	2	165	23	0	1	0	1	0	38	145	0	2	0	0	1	0	33	105	0	2	0	
0	0	1	1	1	4	0	0	0	1	0	12	135	161	33	0	1	0	11	164	93	98	131	0	2	0	143	91	0	48	140	0	0	79	122	0	0	138	91	0	0	141	82	22	154	124	0	1	0	62	171	141	61	0	2	0	0	0	1	0	0	2	0	0	
0	0	1	0	0	0	0	0	0	0	0	126	150	13	0	1	3	0	77	175	124	105	0	3	3	0	90	114	144	106	0	4	1	0	25	209	159	135	0	1	2	0	43	146	0	164	23	0	1	0	7	145	163	118	0	1	0	1	0	23	59	3	0	0	
0	0	0	0	0	0	0	0	0	0	1	80	122	81	0	1	2	0	45	224	115	175	47	0	2	0	26	228	145	148	31	0	4	0	101	152	191	77	0	3	3	0	146	33	109	73	0	2	3	0	76	137	165	35	0	2	0	0	0	48	36	0	1	0	
0	0	0	87	24	0	1	0	3	0	72	194	7	0	2	0	3	0	163	73	0	9	0	0	0	13	135	6	135	204	57	0	0	23	139	131	213	141	119	0	3	0	106	240	255	215	24	0	0	0	0	44	66	20	0	1	0	0	2	0	0	1	1	0	
0	0	0	0	0	1	0	0	0	0	5	38	70	26	0	1	3	0	85	186	219	187	0	0	0	0	5	0	39	174	0	0	0	1	3	0	172	93	0	3	0	2	0	143	208	77	0	3	0	0	143	154	0	5	0	0	0	19	84	3	1	1	0	0	
0	0	0	0	0	0	0	0	0	1	91	135	116	16	0	1	0	8	137	71	174	74	0	3	2	0	34	171	234	57	0	3	3	0	79	171	58	120	2	0	0	0	9	9	23	162	9	0	3	0	76	205	187	87	0	3	0	0	3	52	26	0	1	0	
0	0	0	0	17	16	0	1	0	0	0	1	116	29	0	1	0	2	0	61	82	0	3	0	0	3	0	136	110	0	0	0	3	0	68	170	91	56	0	2	2	0	43	132	109	40	0	2	0	1	0	79	90	0	1	0	0	0	1	1	0	0	0	0	
0	0	0	0	0	0	0	0	0	9	81	0	42	43	0	1	0	20	163	0	86	116	0	4	0	20	160	0	82	154	6	0	0	0	161	172	211	207	39	0	0	0	13	27	108	114	0	4	0	0	3	0	83	115	0	4	0	0	1	0	16	20	0	1	
0	0	0	0	0	0	0	0	0	1	107	137	107	28	0	1	0	5	52	15	144	148	0	4	0	0	0	114	135	24	0	1	1	0	24	224	95	0	2	0	0	1	0	17	171	133	0	3	0	2	0	135	228	119	0	3	0	0	0	36	49	0	0	0	
0	0	1	0	0	2	0	0	1	0	13	128	73	0	41	0	3	0	155	180	205	74	62	0	0	23	166	0	70	183	60	0	0	47	133	0	29	165	40	0	0	33	182	0	127	152	0	3	1	0	131	200	191	26	0	1	0	0	6	47	9	0	1	0	
0	0	0	0	0	0	0	0	0	2	110	128	91	7	0	1	0	6	23	104	212	15	0	1	3	0	65	225	45	0	2	0	2	0	37	132	168	92	0	2	0	0	2	0	48	194	3	0	1	0	15	124	172	73	0	2	1	0	10	59	15	0	1	0	
0	0	1	0	2	1	0	0	0	0	7	75	14	0	1	0	3	0	127	184	131	5	0	1	0	3	153	0	133	140	0	4	2	0	118	125	200	133	0	4	0	0	10	46	89	119	0	4	0	0	3	0	54	133	0	3	0	0	1	0	17	61	0	1	
0	0	0	0	0	0	0	0	1	0	52	132	118	32	0	1	0	0	91	32	84	137	0	3	1	0	12	114	195	38	0	2	1	0	29	70	104	97	0	3	0	1	2	0	51	132	0	3	0	30	125	102	150	55	0	2	0	0	23	65	28	0	1	0	
0	2	4	3	3	2	0	0	0	0	0	0	0	0	0	0	0	69	171	160	194	95	0	3	0	39	116	75	110	178	0	3	0	0	4	0	110	133	0	4	0	2	6	0	169	65	0	3	0	1	0	13	193	21	0	1	0	1	0	18	182	13	0	1	
0	0	0	0	0	0	0	0	0	5	43	81	75	14	0	1	0	35	172	91	188	143	0	4	0	0	3	0	182	135	0	4	0	3	0	55	249	44	0	2	0	3	0	155	196	0	2	0	1	0	0	225	100	0	3	0	0	0	1	87	22	0	1	0	
0	0	0	0	0	0	0	0	0	1	0	36	93	0	1	0	0	2	0	65	189	0	1	0	0	2	0	61	182	0	1	0	0	2	0	62	180	0	2	0	0	2	0	69	161	0	3	0	0	2	0	66	139	0	3	0	0	0	0	8	29	0	0	0	
0	1	3	0	0	2	1	0	0	0	2	51	39	2	0	0	0	4	145	236	238	163	17	0	0	53	227	90	54	43	20	0	2	0	150	200	50	0	1	0	0	0	1	85	198	125	3	0	0	1	0	19	153	231	13	0	0	1	0	29	120	37	0	1	
0	0	1	1	0	0	0	0	0	1	0	49	37	0	1	0	2	0	38	210	166	11	0	1	4	0	136	54	94	118	0	3	3	0	103	164	204	124	0	4	0	0	4	48	92	86	0	3	0	0	3	0	60	101	0	4	0	0	1	0	26	50	0	1	
0	0	0	0	0	1	0	0	0	0	42	60	61	11	0	1	0	0	44	73	142	145	0	3	0	0	2	0	66	159	0	3	0	1	1	6	193	58	0	2	0	2	0	140	111	0	3	0	2	0	113	133	0	3	0	0	0	1	75	10	0	1	0	0	
0	0	0	0	0	0	0	0	0	54	153	141	105	55	0	0	0	90	113	36	103	215	24	0	2	0	79	179	206	183	0	1	1	0	74	91	2	109	94	0	0	0	0	2	0	139	114	0	3	0	89	194	193	165	6	0	1	0	23	64	38	0	0	0	
0	0	1	0	1	1	0	0	0	2	0	11	80	0	0	0	0	102	60	0	176	33	0	1	0	136	73	0	102	114	0	4	0	116	52	43	127	181	12	0	0	37	106	102	24	98	116	0	0	0	0	2	0	48	127	0	0	2	3	4	0	9	11	0	
0	1	0	0	1	0	0	0	0	0	29	34	28	89	0	1	0	151	177	140	178	193	0	0	0	113	161	56	192	131	0	4	1	0	25	190	225	97	0	3	1	0	19	191	10	118	31	0	0	0	3	123	159	143	9	0	0	0	0	2	45	14	0	1	
0	0	0	0	0	0	1	0	2	0	37	110	113	105	4	0	3	0	74	146	17	57	28	0	0	1	0	157	114	90	38	0	3	0	79	136	182	20	0	1	4	0	124	69	65	101	0	3	1	0	20	147	154	69	0	3	0	1	0	20	55	1	0	0	
0	0	0	0	0	0	0	0	2	0	65	27	17	18	0	0	3	0	161	55	109	82	0	3	2	0	178	58	133	128	0	0	3	0	91	169	207	186	9	0	0	0	3	0	86	122	0	4	0	0	4	0	57	150	0	2	0	0	0	0	5	29	0	0	
0	0	0	0	0	0	0	0	0	1	0	20	99	0	0	0	0	3	0	89	133	0	3	0	0	3	0	109	82	0	3	0	0	4	0	113	91	0	3	0	0	3	0	90	107	0	3	0	0	1	0	10	139	34	0	1	0	0	1	0	20	29	0	1	
0	0	0	0	1	1	0	0	0	12	13	7	6	0	0	0	0	117	194	151	198	64	0	3	0	7	19	0	123	134	0	4	0	0	4	0	129	111	0	4	0	1	3	0	168	51	0	2	0	1	0	19	170	6	0	1	0	1	0	31	117	0	1	0	
0	0	0	0	1	1	0	0	1	0	26	54	0	2	0	0	3	0	74	87	0	28	0	1	4	0	113	104	147	111	0	4	4	0	97	189	150	61	0	3	0	0	7	0	129	48	0	2	0	0	3	0	103	63	0	2	0	0	1	0	6	7	0	0	
0	0	0	0	0	0	0	0	0	19	94	113	100	5	0	0	0	96	143	15	166	88	0	3	1	0	14	140	232	74	0	3	1	0	35	115	60	161	0	0	0	0	16	0	30	165	0	0	3	0	144	200	186	69	0	3	0	0	13	42	34	0	1	0	
0	0	0	0	0	0	0	0	0	1	0	18	110	0	1	0	0	2	0	52	159	0	2	0	0	2	0	68	125	0	3	0	0	3	0	77	119	0	3	0	0	3	0	89	186	0	3	0	0	2	0	44	120	0	2	0	0	0	0	0	0	0	0	0	
0	1	1	0	0	0	1	0	1	0	19	156	216	137	12	0	0	13	196	145	108	182	178	0	0	114	147	0	3	0	177	36	0	149	77	0	3	0	176	36	0	117	178	33	24	139	162	0	0	3	119	186	188	138	9	0	0	1	0	0	2	0	1	1	
0	0	1	0	0	1	0	0	0	0	8	11	0	33	14	0	3	0	121	56	0	160	29	0	0	33	158	0	70	180	0	1	0	16	148	116	191	122	0	4	1	0	20	24	106	97	0	3	0	1	4	0	109	62	0	2	0	0	2	0	43	24	0	1	
0	0	1	0	1	2	0	0	0	0	1	73	47	0	1	0	3	0	115	159	155	86	0	3	3	0	158	61	117	146	0	4	2	0	38	143	223	106	0	4	0	0	4	0	128	94	0	3	0	0	4	0	170	50	0	2	0	0	0	3	84	11	0	1	
0	0	1	1	0	0	0	0	0	1	0	33	144	105	55	0	1	0	0	164	183	159	119	0	2	0	51	233	25	0	1	0	0	1	0	103	184	0	3	0	3	0	106	79	173	1	0	0	3	0	57	239	131	0	3	0	0	0	0	39	8	0	0	0	
2	0	46	37	0	5	1	0	4	0	146	71	0	2	1	0	0	0	193	49	6	94	21	0	0	17	174	51	193	239	107	0	0	25	162	130	133	155	110	0	2	0	143	233	226	131	0	1	1	0	11	71	40	0	1	0	0	0	1	0	0	3	0	0	
0	0	1	1	0	0	0	0	0	1	0	43	50	55	39	0	2	0	33	232	255	244	101	0	4	0	114	255	119	12	0	1	2	0	31	194	199	40	0	2	1	0	21	0	187	119	0	4	3	0	92	242	243	52	0	3	0	0	2	108	87	0	1	0	
0	0	0	0	4	2	0	0	0	0	0	10	41	6	0	0	0	3	0	87	124	0	4	0	0	3	0	93	118	0	4	0	0	3	0	92	107	0	3	0	0	4	0	129	90	0	3	0	0	3	0	100	68	0	2	0	0	0	0	0	1	1	0	0	
0	0	0	7	18	2	0	0	1	0	18	113	86	71	0	2	0	0	8	0	74	82	0	3	1	0	4	123	167	5	0	1	0	0	10	41	66	60	0	2	0	3	7	0	45	101	0	3	0	5	71	102	127	30	0	1	0	0	4	15	4	0	0	0	
0	0	0	0	0	0	0	0	0	22	52	0	26	72	0	2	0	52	140	0	80	158	0	3	0	34	119	0	96	137	0	4	0	40	200	144	217	209	14	0	0	0	87	96	87	151	0	2	0	0	0	0	7	128	5	0	0	0	3	4	0	29	6	0	
0	0	0	7	6	0	0	0	1	0	34	105	103	37	0	1	0	0	10	25	164	45	0	2	2	0	116	182	174	39	0	1	0	0	7	4	12	150	55	0	0	7	56	0	9	152	59	0	1	0	112	144	139	85	0	2	0	0	0	9	3	0	1	0	
0	0	1	0	0	0	0	0	0	0	1	64	106	130	9	0	3	0	64	181	110	64	2	0	4	0	117	173	120	29	0	1	1	0	36	102	91	129	0	0	0	0	13	19	0	146	14	0	3	0	78	204	167	129	0	3	0	0	0	46	59	4	0	0	
0	1	3	2	0	0	0	0	0	0	0	1	6	1	0	0	0	75	153	120	188	34	0	2	0	29	57	0	169	38	0	2	2	0	36	151	228	152	38	0	1	0	8	123	139	8	13	0	0	3	0	69	70	0	3	0	0	2	0	47	44	0	2	0	
0	0	0	0	0	0	0	0	0	3	32	0	2	46	2	0	0	21	188	3	30	179	1	0	0	26	169	0	64	128	0	4	0	17	190	121	174	175	0	1	1	0	58	81	152	132	0	4	0	0	3	0	93	99	0	4	0	0	4	0	40	29	0	1	
0	0	1	0	1	4	0	0	0	1	0	36	94	44	0	2	1	0	29	102	12	1	0	0	3	0	63	103	12	0	0	0	0	0	2	49	106	67	0	2	0	0	2	0	21	128	0	1	0	0	0	86	101	31	0	1	0	0	0	7	6	0	0	0	
0	0	0	26	7	0	0	0	1	0	31	193	11	0	2	0	4	0	103	116	0	35	0	0	4	0	106	100	200	201	79	0	4	0	101	207	62	78	154	0	4	0	107	255	128	203	59	0	1	0	12	122	139	44	0	1	0	0	0	0	0	1	2	0	
0	0	0	0	0	2	0	0	0	30	37	8	2	0	0	0	0	68	172	168	160	103	0	2	0	0	5	0	66	150	0	3	0	2	5	0	140	88	0	3	3	0	97	158	197	128	79	7	0	0	15	6	51	4	2	0	0	0	0	0	1	1	0	0	
0	0	0	0	54	24	0	1	0	2	0	142	182	116	0	1	0	0	4	113	2	125	30	0	0	0	0	0	1	114	13	0	0	22	154	127	131	116	0	3	0	42	160	95	233	162	36	0	1	0	59	120	29	29	44	0	0	0	0	0	0	0	0	0	
0	0	0	0	0	0	0	0	0	3	0	110	68	0	2	0	0	4	0	165	102	0	3	0	0	3	0	122	82	0	3	0	0	3	0	100	97	0	3	0	0	3	0	84	165	0	3	0	0	1	0	16	176	43	0	2	0	0	0	0	3	4	0	0	
0	0	0	0	1	1	1	0	2	0	81	160	160	44	0	2	0	13	212	56	58	167	17	0	0	52	131	0	0	80	113	0	0	47	128	0	0	29	146	0	0	5	169	71	16	172	120	0	2	0	40	170	198	137	5	0	0	0	1	0	2	0	1	0	
0	0	3	3	0	0	0	0	0	0	0	0	19	19	0	0	1	0	98	174	156	219	59	0	1	0	78	53	67	168	10	0	0	1	0	23	192	33	0	2	0	3	0	161	103	0	4	0	2	0	50	188	3	0	0	0	3	0	88	93	0	3	0	0	
2	0	53	27	0	3	0	0	3	0	150	64	0	3	1	0	0	1	158	21	56	60	0	1	0	17	137	99	201	165	72	0	1	0	125	154	20	77	124	0	3	0	72	228	173	182	25	0	0	1	0	45	87	18	0	1	0	0	1	0	0	1	1	0	
0	0	1	1	0	2	0	0	0	1	0	31	86	16	0	1	1	0	22	150	92	126	4	0	3	0	101	56	48	152	10	0	2	0	138	57	210	96	0	4	2	0	67	126	141	54	0	2	0	0	1	0	152	22	0	1	0	0	2	0	73	15	0	1	
0	1	0	16	31	0	1	0	3	0	93	204	194	19	0	1	2	0	110	35	75	98	0	3	0	0	4	16	52	115	0	3	0	8	150	161	228	88	0	4	0	38	159	123	227	174	46	0	1	0	81	146	3	91	78	0	0	0	0	0	1	1	0	0	
0	0	1	0	0	2	1	0	1	0	43	94	0	3	0	0	4	0	119	122	0	33	13	0	0	69	224	91	44	170	79	0	0	149	165	114	130	227	81	0	0	0	0	3	0	107	91	0	0	1	3	7	0	123	65	0	0	0	0	1	0	21	7	0	
0	0	0	0	0	1	0	0	0	3	0	87	57	0	2	0	0	4	0	125	78	15	4	0	0	3	0	128	63	38	4	0	0	4	0	140	57	0	2	0	0	4	0	143	59	41	4	0	0	3	0	106	44	15	2	0	0	0	0	0	0	0	0	0	
0	1	1	0	0	2	1	0	1	0	28	146	127	13	0	1	0	21	174	80	133	176	0	0	0	118	109	0	0	171	80	0	0	128	97	0	0	131	99	0	0	44	181	38	0	155	85	0	2	0	56	179	149	155	15	0	0	2	0	16	65	15	0	1	
0	0	0	0	0	0	0	0	0	2	0	60	70	0	2	0	0	3	0	106	179	0	3	0	0	3	0	80	136	0	3	0	0	2	0	55	152	0	2	0	0	1	0	37	190	0	0	0	0	1	0	19	178	8	0	1	0	0	0	4	30	0	0	0	
0	1	3	4	1	2	0	0	0	0	0	0	0	0	0	0	1	36	72	110	138	123	2	0	10	101	84	50	49	155	0	0	0	0	3	0	112	87	0	3	0	3	1	11	150	11	0	1	0	2	0	48	103	0	3	0	0	1	0	39	58	0	2	0	
0	0	0	0	0	0	0	0	0	2	0	72	77	0	3	0	0	3	0	85	121	0	3	0	0	3	0	75	149	0	3	0	0	2	0	56	164	0	2	0	0	1	0	20	173	4	0	0	0	0	0	5	117	9	0	0	0	0	0	0	1	1	0	0	
0	0	0	0	0	0	0	0	2	0	92	158	84	5	0	0	2	0	104	188	255	156	0	3	1	0	16	195	232	80	0	2	1	0	14	202	177	3	0	1	1	0	11	80	248	162	0	4	2	0	41	237	232	93	0	2	0	0	0	18	17	0	0	0	
0	0	0	0	0	0	0	0	0	3	0	93	53	0	2	0	0	3	0	107	101	0	3	0	0	3	0	86	130	0	4	0	0	3	0	82	149	0	4	0	0	1	0	37	149	0	2	0	0	0	1	0	111	23	0	1	0	0	0	0	3	2	0	0	
0	0	1	0	0	0	0	0	0	0	1	41	68	11	0	1	0	2	78	58	91	43	0	2	0	12	16	34	67	0	1	0	0	2	0	65	140	33	0	1	0	0	2	0	40	80	0	3	0	0	7	32	70	13	0	1	1	0	39	63	16	0	1	0	
0	0	0	0	1	1	0	0	0	5	11	5	2	0	0	0	0	37	196	209	189	23	0	1	0	2	27	27	113	116	0	4	0	0	3	0	106	114	0	4	0	1	0	9	197	38	0	2	0	3	0	101	155	0	3	0	0	2	0	76	79	0	2	0	
0	0	0	0	0	0	0	0	0	1	0	91	131	48	0	1	2	0	58	152	52	202	6	0	3	0	71	124	92	171	17	0	0	0	10	98	41	162	19	0	0	0	1	0	118	124	0	2	0	42	127	132	97	2	0	0	0	28	44	2	0	2	0	0	
0	0	0	0	0	0	0	0	0	55	160	172	129	32	0	1	0	58	88	44	32	139	11	0	0	0	2	5	9	174	21	0	0	62	195	178	235	202	0	0	0	71	216	204	149	116	145	0	1	0	87	91	0	0	109	23	0	1	0	0	3	3	0	0	
0	2	3	2	2	3	1	0	0	0	0	0	0	0	0	0	0	103	166	171	179	147	13	0	0	30	51	48	41	199	49	0	0	0	2	0	61	174	0	1	0	1	4	0	164	76	0	3	0	2	0	66	174	0	1	0	0	1	0	171	58	0	2	0	
0	0	0	0	0	0	0	0	0	11	18	0	21	20	0	1	0	46	121	0	104	113	0	4	0	45	142	0	100	126	0	4	0	23	159	137	181	162	0	0	0	0	24	21	121	83	0	3	0	0	4	0	112	66	0	2	0	0	2	0	41	20	0	1	
0	0	1	1	3	2	0	0	0	2	0	48	179	133	38	0	1	0	12	196	49	22	41	0	4	0	98	234	30	1	0	0	4	0	143	170	111	113	2	0	3	0	76	114	0	118	82	0	0	1	0	74	111	152	49	0	0	0	1	0	5	9	0	0	
0	0	2	4	4	2	0	0	0	10	7	0	0	0	0	0	0	58	176	122	99	41	0	1	1	0	49	84	133	162	0	4	0	0	3	0	129	74	0	3	0	1	0	40	156	0	1	0	0	3	0	102	95	0	3	0	0	2	0	78	41	0	1	0	
0	1	0	51	9	0	1	0	1	0	22	140	0	2	0	0	3	0	79	95	0	7	3	0	3	0	127	36	21	118	121	0	0	0	136	0	106	157	103	0	3	0	111	108	123	150	6	0	1	0	10	82	54	0	2	0	0	0	1	0	0	3	1	0	
0	0	0	0	0	0	0	0	2	0	74	158	154	65	0	2	3	0	142	98	73	23	0	1	2	0	158	147	154	106	0	0	1	0	90	101	0	123	71	0	0	0	22	3	0	160	64	0	3	0	128	194	193	137	0	1	0	0	1	46	36	0	0	0	
0	0	1	0	1	2	0	0	0	0	5	84	8	0	1	0	2	0	48	204	21	97	1	0	4	0	125	174	109	145	0	4	3	0	64	185	220	73	0	3	0	0	1	0	201	79	0	3	0	0	1	0	208	104	0	3	0	0	1	0	23	14	0	1	
0	0	1	0	32	14	0	0	0	3	0	62	239	123	0	3	0	3	0	88	76	128	22	0	0	0	7	4	0	158	34	0	0	28	174	150	130	145	0	3	0	55	161	100	255	149	0	2	1	0	81	142	55	67	18	0	0	0	0	0	0	0	0	0	
0	0	2	1	0	0	0	0	0	1	0	33	89	64	33	0	2	0	68	166	64	210	145	0	2	0	161	35	59	146	12	0	2	0	61	188	144	6	0	1	1	0	15	181	144	6	0	0	2	0	65	86	86	108	0	4	1	0	20	54	31	49	0	2	
0	0	2	1	1	1	0	0	0	0	0	22	15	0	0	0	2	0	57	173	135	20	0	1	3	0	144	32	123	111	0	4	2	0	67	152	201	74	0	3	0	0	3	0	92	75	0	3	0	0	5	0	99	83	0	3	0	0	2	0	62	59	0	2	
0	0	0	4	6	0	1	0	2	0	54	142	155	61	0	2	0	0	192	55	14	202	36	0	0	44	163	0	0	141	118	0	0	56	158	0	0	117	132	0	0	22	200	44	49	190	33	0	2	0	93	183	142	54	0	2	0	0	0	1	0	0	1	0	
0	0	0	0	1	1	0	0	1	0	64	12	0	2	0	0	2	0	143	31	116	20	0	1	1	0	140	17	158	89	2	0	3	0	87	174	215	182	19	0	0	0	5	0	100	97	0	4	0	0	4	0	60	131	0	3	0	0	0	0	6	22	0	0	
0	2	0	0	2	1	0	0	1	0	31	94	0	35	42	0	0	106	224	90	54	161	49	0	0	157	191	180	248	149	0	2	0	2	0	137	53	154	82	0	1	0	12	192	0	134	105	0	0	0	2	167	167	172	8	0	0	1	0	17	58	10	0	0	
0	0	0	0	0	0	0	0	1	0	31	87	121	57	0	2	3	0	132	126	109	30	0	1	3	0	109	134	137	104	0	1	1	0	27	102	2	116	49	0	0	0	4	3	0	160	37	0	2	0	40	168	171	113	0	2	0	0	0	46	38	0	1	0	
0	0	0	2	9	1	0	0	0	1	0	77	106	8	0	1	1	0	37	80	30	82	0	1	1	0	14	106	104	50	0	2	0	3	0	123	146	0	1	0	1	0	25	80	98	42	0	1	0	0	2	93	98	3	0	0	0	0	0	6	4	0	0	0	
0	0	0	0	1	1	0	0	1	0	36	98	57	0	1	0	0	58	222	107	162	122	0	3	0	29	175	53	139	112	0	3	1	0	11	150	247	44	0	2	0	5	0	102	129	73	0	1	0	2	0	59	196	93	0	3	0	0	0	0	100	30	0	1	
0	0	2	1	0	0	0	0	0	12	5	0	8	8	0	0	0	71	133	0	108	51	0	2	1	0	98	132	139	41	0	2	0	2	0	45	169	76	0	3	0	0	4	0	56	107	0	4	0	0	1	0	42	144	0	2	0	0	0	0	3	88	4	0	
0	0	0	0	0	0	0	0	0	0	30	5	34	9	0	0	0	0	184	30	153	36	0	1	0	12	174	0	156	45	0	0	2	0	138	187	230	202	32	0	1	0	11	58	167	68	0	2	0	0	5	0	108	93	0	3	0	0	2	0	51	59	0	2	
0	0	2	1	0	2	0	0	0	1	0	50	59	0	1	0	3	0	73	164	139	86	0	1	0	7	153	2	128	214	0	1	0	43	163	126	140	143	0	2	0	2	96	47	47	122	0	3	0	0	2	0	65	158	0	2	0	0	4	0	11	79	3	0	
0	0	0	1	0	0	0	0	2	0	51	195	142	0	1	0	0	13	199	59	145	78	0	3	0	6	29	0	42	96	0	3	0	2	0	74	196	162	0	3	2	0	43	218	230	211	25	0	1	0	24	188	131	11	9	0	0	0	0	2	1	0	0	0	
0	0	0	8	7	0	0	0	2	0	50	117	101	14	0	1	1	0	114	4	65	68	0	3	2	0	57	83	152	21	0	1	0	0	3	156	143	64	0	3	1	0	41	104	18	112	0	2	0	0	1	116	146	43	0	2	0	0	0	3	9	0	0	0	
0	0	1	0	0	1	0	0	0	0	0	166	139	8	0	1	2	0	45	250	169	133	0	1	1	0	178	104	0	146	87	0	0	23	176	3	0	66	156	0	0	16	199	39	12	157	85	0	2	0	99	189	179	129	0	0	0	0	0	4	4	0	2	0	
1	0	53	17	0	5	3	0	0	13	226	65	0	3	0	0	0	94	255	53	35	140	88	0	0	147	222	44	243	255	208	4	0	81	230	121	252	255	201	0	0	9	206	255	251	253	79	0	1	0	14	48	56	37	0	1	0	1	1	0	0	0	1	0	
0	0	0	0	0	0	0	0	1	0	30	107	122	121	0	0	4	0	127	172	113	61	0	0	6	0	141	85	82	66	0	1	2	0	57	161	91	171	58	0	1	0	18	58	0	155	77	0	2	0	48	225	190	126	0	1	0	1	0	28	32	0	1	0	
0	0	0	2	0	0	0	0	0	0	0	4	71	44	0	1	0	2	0	112	108	78	20	0	2	0	42	118	27	47	0	1	1	0	25	128	172	36	0	2	0	2	0	68	120	0	3	0	0	2	0	58	103	0	1	0	0	0	0	4	76	25	0	1	
0	0	0	0	0	0	0	0	0	2	0	70	74	0	3	0	0	3	0	94	131	0	4	0	0	3	0	95	138	0	4	0	0	3	0	82	107	0	3	0	0	3	0	89	121	0	3	0	0	2	0	58	142	0	2	0	0	0	0	0	0	0	0	0	
0	0	2	1	0	1	0	0	0	65	132	128	69	0	1	0	3	99	19	12	140	80	0	3	0	4	1	0	30	115	0	2	0	0	92	109	110	173	0	0	0	3	151	98	135	211	86	0	1	0	9	67	85	13	72	1	0	0	1	0	0	1	0	0	
0	0	0	0	0	0	0	0	0	1	0	20	116	0	1	0	0	1	0	24	174	0	0	0	0	1	0	35	161	0	1	0	0	3	0	73	137	0	4	0	0	3	0	96	120	0	4	0	0	3	0	76	84	0	3	0	0	0	0	0	0	0	0	0	
0	0	0	0	16	32	0	1	0	0	1	0	120	63	0	2	0	2	0	58	107	0	2	0	0	1	0	116	29	0	1	0	1	0	19	157	81	0	0	0	1	0	39	121	109	13	0	0	0	0	0	91	68	0	1	0	0	0	0	0	0	0	0	0	
0	0	0	0	1	2	0	0	1	0	42	72	10	0	0	0	3	0	176	185	154	69	0	2	4	0	135	86	21	150	0	2	2	0	56	44	52	152	0	3	0	0	4	0	135	85	0	3	0	0	0	8	189	30	0	1	0	0	0	0	83	27	0	1	
0	0	0	0	0	0	0	0	0	0	5	79	158	104	0	1	4	0	110	222	82	191	44	0	4	0	152	82	0	159	36	0	0	0	175	24	50	164	0	2	1	0	183	72	196	85	0	3	3	0	106	253	107	0	2	0	0	0	4	33	2	1	0	0	
1	0	56	17	0	5	1	0	0	0	168	32	0	1	1	0	0	24	162	0	106	127	6	0	0	38	121	82	204	157	121	0	0	41	127	124	60	79	137	0	0	3	157	216	212	173	19	0	0	0	9	66	46	7	0	0	0	0	1	0	0	2	1	0	
0	1	1	0	3	0	0	0	1	0	17	23	0	1	0	0	0	28	141	125	88	7	0	1	0	85	139	86	254	49	0	3	0	4	111	76	115	107	0	4	0	0	3	0	81	140	0	4	0	0	6	0	63	142	0	3	0	0	1	0	32	107	0	2	
0	2	0	57	49	0	2	0	1	0	13	167	38	0	3	0	3	0	129	98	0	23	5	0	1	0	140	8	113	217	102	0	0	0	119	36	144	51	151	0	3	0	123	197	191	158	45	0	0	0	5	77	68	17	0	1	0	0	1	0	0	1	2	0	
0	0	0	0	2	0	0	0	0	29	71	35	1	0	2	0	0	45	113	118	125	5	0	0	0	0	0	3	162	14	85	36	0	3	0	137	180	146	129	0	3	0	116	228	146	69	0	1	0	0	24	8	0	0	2	0	0	0	0	1	3	3	0	0	
0	2	0	58	26	0	1	0	0	1	0	163	42	0	2	0	1	0	26	130	0	1	0	0	2	0	63	81	102	187	28	0	3	0	60	134	147	171	69	0	2	0	34	233	218	111	0	0	0	1	0	53	76	7	0	0	0	0	1	0	0	2	1	0	
0	0	0	4	27	0	0	0	0	2	0	47	240	47	0	2	0	0	3	0	178	83	0	3	0	1	0	29	200	41	0	2	1	0	22	217	255	147	0	3	4	0	120	255	71	151	19	0	2	0	65	104	0	4	1	0	0	0	0	0	2	1	0	0	
0	0	0	0	0	0	0	0	0	2	0	122	184	13	0	1	1	0	33	130	100	125	0	4	3	0	66	119	171	166	0	3	1	0	2	217	155	122	20	0	1	0	38	133	26	131	3	0	1	0	18	150	142	32	0	2	0	0	0	5	4	0	0	0	
0	0	0	2	2	2	0	0	0	3	11	0	0	0	0	0	0	8	160	185	168	205	118	0	1	0	23	28	110	238	40	0	0	2	0	32	196	56	0	2	1	0	19	201	61	0	4	0	0	3	194	111	0	5	0	0	0	41	135	0	2	0	0	0	
0	0	0	6	37	0	0	0	0	2	0	135	200	81	0	3	2	0	42	160	4	140	16	0	0	0	2	3	0	128	23	0	0	0	98	159	179	204	4	0	0	32	217	139	222	183	103	0	0	0	102	146	55	4	34	0	0	0	0	0	0	2	0	0	
0	0	0	13	54	13	0	1	1	0	7	194	235	75	0	3	3	0	80	193	0	2	1	0	4	0	148	104	51	60	0	1	3	0	170	203	122	209	46	0	4	0	166	185	114	211	32	0	1	0	20	141	143	42	0	1	0	0	1	0	0	1	1	0	
0	0	0	0	0	0	0	0	2	0	37	137	135	14	0	1	4	0	129	119	119	30	0	1	4	0	127	188	154	156	1	0	1	0	36	64	0	153	38	0	1	0	27	60	32	183	9	0	2	0	52	223	209	79	0	3	0	1	0	34	34	0	1	0	
0	0	1	0	0	0	1	0	1	0	6	117	192	56	0	2	4	0	96	222	200	212	32	0	2	0	189	96	0	164	117	0	0	8	193	32	0	167	125	0	1	0	191	105	104	229	39	0	2	0	57	189	165	43	0	2	0	0	0	0	0	1	2	0	
0	0	0	10	34	0	0	0	1	0	2	182	217	54	0	3	3	0	65	163	54	140	0	4	0	0	3	0	104	140	0	3	2	0	49	159	238	182	0	1	0	0	202	166	162	154	61	0	1	0	82	138	36	0	12	0	0	0	0	0	1	2	0	0	
0	0	0	0	1	0	0	0	2	0	73	96	7	0	1	0	1	0	13	77	167	4	0	1	0	0	0	166	121	0	2	0	0	1	0	61	129	36	0	2	0	0	2	0	51	147	0	3	0	1	0	38	140	74	0	2	0	1	0	27	45	0	0	0	
0	0	0	0	0	1	0	0	1	0	24	184	192	47	0	2	4	0	155	128	64	176	1	0	0	0	14	2	0	173	33	0	2	0	58	151	133	170	2	0	0	0	193	157	250	204	3	0	2	0	104	174	61	102	60	0	0	0	0	5	0	0	0	0	
0	0	0	0	0	0	0	0	1	0	27	124	158	61	0	2	1	0	12	55	78	209	44	0	0	0	2	0	40	189	34	0	0	0	0	114	194	51	0	2	3	0	119	124	0	2	1	0	3	0	129	149	107	35	0	1	0	0	5	48	25	0	0	0	
0	0	2	0	0	3	1	0	0	0	0	23	13	0	0	0	3	0	92	199	145	131	21	0	3	0	187	66	0	162	42	0	3	0	141	42	19	137	0	2	0	0	14	0	92	100	0	4	0	0	1	0	138	31	0	1	0	0	0	9	104	2	0	0	
0	1	2	0	2	2	1	0	0	0	7	22	0	0	0	0	0	5	165	156	58	39	26	0	0	75	125	19	204	232	33	0	0	28	148	127	133	163	0	3	0	0	12	0	149	72	0	3	0	3	0	51	173	0	1	0	0	2	0	66	98	0	3	0	
0	0	1	1	4	2	0	0	0	0	9	9	0	1	0	0	1	0	161	196	137	32	0	1	0	20	168	31	131	179	3	0	0	9	171	11	1	170	16	0	0	0	85	0	41	158	0	1	0	0	4	0	134	97	0	3	0	0	4	0	107	39	0	1	
0	0	1	1	0	0	0	0	0	0	0	11	63	7	0	0	1	0	4	153	206	63	0	3	3	0	86	155	183	43	0	2	2	0	46	200	222	14	0	1	0	0	0	13	149	9	0	0	0	0	0	6	149	8	0	0	0	0	0	2	65	4	0	0	
0	0	0	0	0	0	0	0	1	0	37	56	50	19	0	1	3	0	94	92	114	32	0	1	2	0	138	35	116	35	0	0	3	0	167	210	231	183	25	0	1	0	21	69	150	34	0	1	0	0	2	0	107	20	0	1	0	0	1	2	11	4	0	0	
0	0	1	1	0	0	0	0	2	0	92	157	93	0	1	0	0	1	3	40	144	0	0	0	0	0	0	175	73	0	2	0	0	0	1	84	169	34	0	2	0	0	10	14	81	138	0	3	1	0	10	137	169	74	0	2	0	0	0	0	5	0	0	0	
0	0	1	0	0	1	0	0	0	2	0	117	177	14	0	1	3	0	72	220	134	156	0	1	4	0	128	91	0	127	41	0	3	0	141	51	0	141	44	0	3	0	101	128	80	188	0	0	1	0	5	150	194	38	0	2	0	0	0	0	0	1	0	0	
0	0	0	0	1	0	0	0	0	0	1	0	41	58	0	2	0	0	3	0	150	98	0	4	0	1	0	24	182	12	0	1	0	3	0	98	110	0	3	0	0	2	0	137	37	0	1	0	0	0	12	118	0	0	0	0	0	0	3	10	0	0	0	0	
0	0	0	7	50	9	0	0	2	0	26	204	222	114	0	3	2	0	62	126	0	131	22	0	0	0	2	40	18	152	38	0	0	4	151	196	224	213	0	0	0	73	217	127	205	156	107	0	0	16	132	147	43	0	34	0	0	0	0	0	1	2	0	0	
0	0	0	0	0	0	0	0	0	0	3	124	11	0	0	0	0	0	0	196	39	0	2	0	0	2	0	185	98	0	3	0	0	3	0	111	152	0	4	0	0	3	0	70	213	6	0	1	0	1	0	9	170	34	0	2	0	0	0	0	0	0	0	0	
0	0	0	0	0	0	0	0	0	8	52	0	8	4	0	0	0	1	124	0	102	65	0	2	1	0	140	0	114	84	0	2	2	0	129	155	206	156	9	0	0	0	10	17	130	65	0	2	0	0	4	0	101	50	0	2	0	0	1	0	17	8	0	0	
0	0	0	0	0	0	0	0	0	1	0	22	96	0	2	0	0	1	0	39	140	0	3	0	0	2	0	54	147	0	3	0	0	2	0	66	149	0	3	0	0	2	0	67	127	0	3	0	0	2	0	44	87	0	2	0	0	0	0	0	0	0	0	0	
0	1	0	37	34	0	1	0	1	0	141	182	148	16	0	1	0	64	200	0	85	61	0	2	0	15	18	0	155	39	0	3	0	1	0	140	119	0	2	0	3	0	142	240	104	111	136	60	2	0	108	130	134	150	122	31	0	0	0	0	0	0	0	0	
0	2	0	0	0	1	1	0	0	0	74	126	121	30	0	1	0	103	169	80	161	188	35	0	0	185	31	0	0	72	145	0	0	178	87	0	0	22	175	2	0	57	213	57	0	83	164	0	2	0	58	186	176	194	64	0	0	2	0	2	28	8	0	0	
0	0	0	0	0	0	0	0	0	3	165	183	183	108	0	2	2	0	148	85	81	50	0	1	3	0	83	198	161	70	0	2	2	0	45	107	0	110	27	0	3	0	130	99	27	170	63	0	3	0	100	210	200	117	0	1	0	0	0	0	0	0	0	0	
0	0	0	0	1	0	0	0	0	0	1	0	45	127	0	2	0	0	4	0	134	140	0	4	0	1	0	19	195	27	0	1	0	3	0	151	128	0	3	0	2	0	47	221	15	0	1	0	2	0	46	145	0	2	0	0	0	0	0	0	0	0	0	0	
0	0	1	0	0	0	1	0	0	0	0	138	199	77	0	2	3	0	102	213	59	194	45	0	0	1	200	61	0	86	124	0	0	35	190	1	0	125	132	0	0	9	187	86	121	217	26	0	2	0	56	189	171	35	0	2	0	1	1	0	0	1	1	0	
0	0	0	0	3	10	0	0	0	0	1	0	62	105	21	0	0	1	0	25	76	23	26	0	0	2	0	59	116	47	6	0	1	0	56	134	138	26	2	0	0	35	115	5	100	0	1	0	0	4	69	90	82	0	1	0	0	0	0	9	4	0	0	0	
0	0	0	0	0	0	0	0	0	0	82	131	135	33	0	2	0	20	170	79	85	156	0	2	0	0	0	72	200	128	0	4	1	0	9	153	123	131	2	0	0	0	48	8	17	169	6	0	3	0	135	196	187	88	0	3	0	0	0	47	35	0	1	0	
0	0	0	9	25	0	0	0	2	0	39	190	221	54	0	2	3	0	95	73	95	131	0	4	0	0	3	0	80	174	0	3	1	0	106	196	215	108	0	4	0	3	212	255	228	194	49	0	2	0	62	132	20	58	21	0	0	0	0	0	1	0	0	0	
0	0	0	2	5	0	0	0	3	0	105	198	170	37	0	2	1	0	63	17	88	129	0	4	1	0	18	135	228	127	0	4	1	0	27	127	43	132	28	0	2	0	61	40	32	193	34	0	3	0	71	210	178	84	0	1	0	0	0	2	1	0	0	0	
0	0	3	0	0	1	2	0	0	2	0	47	150	55	0	2	1	0	127	237	93	145	57	0	0	94	215	14	2	210	87	0	0	103	213	106	155	238	50	0	0	2	96	120	24	198	41	0	0	0	2	0	40	225	14	0	0	0	4	1	13	38	0	0	
0	0	0	0	0	0	0	0	0	25	104	118	123	25	0	1	0	47	117	45	136	127	0	4	2	0	89	173	216	169	0	1	1	0	76	94	7	81	77	0	0	4	3	3	0	138	111	0	3	0	66	199	194	158	10	0	0	0	0	47	40	0	1	0	
0	0	0	0	0	0	0	0	0	0	9	14	11	0	0	0	0	5	144	111	143	46	0	2	0	12	106	0	101	51	0	2	0	0	3	0	103	25	0	1	0	0	1	0	101	11	0	0	0	0	1	0	121	10	0	0	0	0	0	3	101	5	0	0	
0	0	0	0	0	0	0	0	0	1	0	13	156	14	0	1	0	2	0	39	214	10	0	1	0	3	0	92	165	0	3	0	0	4	0	116	128	0	4	0	0	4	0	149	115	0	4	0	0	3	0	114	116	0	3	0	0	0	0	0	0	0	0	0	
0	1	2	0	0	1	0	0	1	0	1	121	169	21	0	1	0	1	183	220	246	174	0	2	0	107	224	0	106	255	56	0	0	112	234	2	7	240	109	0	0	10	221	178	86	253	88	0	2	0	84	182	219	139	6	0	0	1	1	0	0	0	0	0	
0	0	0	0	0	1	0	0	1	0	48	199	131	0	1	0	0	18	164	67	154	75	0	3	0	21	153	104	206	157	0	3	3	0	160	162	91	164	72	0	4	0	135	100	0	124	96	0	2	0	38	164	176	119	0	0	0	0	0	0	2	0	1	0	
0	1	2	0	0	0	2	0	0	1	0	87	154	95	4	0	0	0	149	222	243	209	112	0	0	83	163	0	88	131	177	0	0	115	105	0	0	92	175	0	0	101	180	0	43	205	61	0	0	25	194	185	187	56	0	2	0	0	9	50	17	0	2	0	
0	0	2	0	0	1	0	0	0	0	0	46	65	0	1	0	3	0	120	206	206	55	0	3	2	0	183	79	99	158	0	4	3	0	85	188	198	125	0	4	0	0	2	0	69	126	0	4	0	0	5	0	105	140	0	4	0	0	2	0	52	57	0	2	
0	0	2	0	0	0	0	0	0	0	0	15	49	84	37	0	0	5	73	92	17	120	47	0	0	23	46	0	57	75	0	1	1	0	2	127	124	2	0	0	0	1	2	0	49	65	0	2	0	20	64	56	77	11	0	1	0	0	36	52	12	0	0	0	
0	0	7	22	0	3	1	0	3	0	89	148	0	3	1	0	3	0	149	60	7	71	9	0	1	0	121	49	225	232	148	0	0	2	145	176	96	39	199	2	2	0	164	255	171	193	46	0	1	0	24	115	88	26	0	1	0	0	1	0	0	1	2	0	
0	1	1	0	0	2	1	0	3	0	75	193	115	4	0	1	1	0	197	231	221	204	13	0	0	42	253	43	0	215	101	0	0	49	254	41	0	168	158	0	0	13	223	164	153	255	107	0	2	0	66	222	222	118	2	0	0	1	1	0	0	0	1	0	
0	0	0	0	0	0	0	0	0	1	0	33	75	0	2	0	0	1	0	40	163	0	2	0	0	1	0	26	136	0	2	0	0	2	0	55	139	0	3	0	0	2	0	61	144	0	4	0	0	2	0	50	128	0	3	0	0	0	0	3	18	0	0	0	
0	0	0	0	0	0	0	0	0	15	109	145	149	98	0	0	0	15	191	71	64	71	2	0	2	0	139	92	0	0	1	0	1	0	25	158	207	95	0	3	1	0	19	14	15	202	28	0	1	0	24	151	141	164	20	0	0	1	0	11	64	21	0	1	
0	0	2	0	0	2	0	0	0	2	0	144	120	0	2	0	3	0	104	184	157	117	0	3	0	0	183	48	0	175	41	0	0	7	168	16	0	132	89	0	3	0	110	151	15	181	81	0	0	0	0	109	184	159	15	0	0	0	2	0	1	0	0	0	
0	0	1	3	0	26	32	0	0	0	1	0	88	140	44	0	0	0	0	134	130	2	0	1	3	0	85	152	13	8	1	0	4	0	139	192	125	149	2	0	4	0	132	163	61	150	3	0	1	0	11	105	94	12	0	1	0	0	1	0	0	1	0	0	
0	0	0	0	0	0	0	0	2	0	51	101	123	103	0	1	4	0	124	201	93	43	0	1	4	0	106	202	107	26	0	1	1	0	29	97	103	147	0	0	0	0	1	0	2	186	31	0	1	0	23	178	201	152	0	1	0	1	0	32	58	3	0	0	
0	0	2	1	0	0	0	0	0	1	0	5	18	7	0	0	2	0	56	171	236	115	0	4	0	20	183	28	196	83	0	3	0	24	153	110	217	37	0	2	1	0	22	21	134	45	0	2	0	1	4	0	141	56	0	2	0	0	3	0	90	27	0	1	
0	0	1	0	0	1	0	0	0	1	0	61	51	0	1	0	3	0	79	170	157	25	0	1	1	0	165	15	133	146	0	3	2	0	124	141	177	148	0	4	1	0	12	49	110	108	0	4	0	0	5	0	102	157	0	4	0	0	2	0	57	59	0	2	
0	0	1	1	0	1	1	0	0	1	0	15	131	179	139	9	0	1	0	178	137	27	25	3	0	0	149	254	110	9	0	1	0	34	195	95	144	168	0	1	0	0	105	52	41	203	8	0	1	0	27	159	205	84	0	2	0	0	0	0	1	0	0	0	
0	0	0	0	0	0	0	0	1	0	55	146	109	14	0	1	0	0	174	75	145	40	0	2	2	0	79	157	142	0	2	0	0	3	0	129	203	44	0	2	0	3	0	125	64	143	0	1	0	3	0	111	166	94	0	2	0	1	0	16	56	3	0	0	
0	2	1	0	0	0	0	0	1	0	11	124	94	0	0	0	0	45	174	192	232	14	0	1	0	100	59	75	191	0	0	1	1	0	17	193	236	168	0	1	0	0	13	0	91	206	0	1	0	2	0	137	197	34	0	2	0	0	0	36	20	0	1	0	
0	0	0	0	0	0	0	0	0	7	129	121	84	10	0	1	0	28	167	62	80	4	0	0	0	12	151	155	170	70	0	2	3	0	163	116	11	154	38	0	0	0	5	4	0	110	104	0	0	1	0	124	177	191	37	0	0	1	0	33	61	13	0	1	
0	0	0	0	0	1	0	0	0	36	73	63	29	0	1	0	0	40	123	141	246	60	0	3	1	0	20	165	132	9	0	1	2	0	65	219	145	17	0	1	0	0	0	1	93	147	0	2	0	2	0	69	146	184	7	0	0	0	0	0	83	95	0	0	
0	1	1	0	0	0	0	0	2	0	48	145	92	43	13	0	0	31	189	77	148	255	39	0	0	50	173	0	140	150	0	1	2	0	82	209	246	40	0	2	0	3	0	145	111	171	0	0	0	2	0	133	194	87	0	2	0	1	0	23	44	0	0	0	
0	0	0	0	0	0	0	0	1	0	27	69	82	114	46	0	3	0	116	135	39	25	14	0	0	8	127	7	45	52	0	0	0	3	149	141	88	123	67	0	1	0	27	32	0	125	50	0	3	0	68	178	150	83	0	2	0	0	9	45	14	0	1	0	
0	0	0	0	0	0	0	0	2	0	54	123	131	125	1	0	4	0	107	181	84	65	2	0	2	0	45	199	154	96	0	2	0	0	6	16	0	140	32	0	2	0	47	95	0	154	31	0	2	0	44	206	192	119	0	2	0	0	0	12	47	1	0	0	
0	0	0	0	0	0	0	0	0	1	0	40	102	0	0	0	0	3	0	80	218	1	0	1	0	4	0	127	202	0	1	0	0	2	0	189	167	0	3	0	0	2	0	201	168	0	4	0	0	2	0	55	167	17	0	1	0	0	1	0	22	11	0	0	
0	0	0	0	0	0	0	0	1	0	103	102	86	28	0	1	2	0	148	106	115	8	0	1	4	0	120	168	149	92	0	3	1	0	40	41	9	155	2	0	0	0	2	0	31	150	0	1	2	0	44	164	198	70	0	3	0	0	0	41	41	0	1	0	
0	0	2	0	0	0	0	0	0	0	0	29	31	2	0	0	0	0	93	101	80	43	0	2	0	20	138	24	126	85	0	3	1	0	51	77	106	91	0	4	0	0	2	0	67	84	0	3	0	0	4	0	70	88	0	3	0	0	2	0	47	60	0	2	
0	0	0	1	0	0	0	0	2	0	77	180	74	0	2	0	0	0	165	24	157	90	0	3	2	0	76	130	181	40	0	2	0	3	0	119	221	76	0	2	0	1	0	131	53	149	0	0	0	2	0	101	186	100	0	2	0	0	0	2	7	0	0	0	
0	0	0	0	1	0	0	0	0	1	0	85	22	0	1	0	0	3	0	157	100	0	3	0	0	3	0	81	115	0	4	0	0	2	0	61	105	0	3	0	0	2	0	61	134	0	3	0	0	1	0	33	128	0	2	0	0	0	0	2	29	1	0	0	
0	0	1	0	0	1	0	0	1	0	9	193	145	5	0	1	4	0	99	192	166	149	0	2	3	0	145	69	0	144	32	0	2	0	120	36	0	122	44	0	3	0	122	91	67	197	8	0	1	0	21	176	189	54	0	2	0	0	0	0	0	0	0	0	
0	0	1	0	0	0	0	0	2	0	41	132	105	138	33	0	0	4	165	122	132	80	8	0	0	23	216	137	140	132	5	0	0	19	126	17	0	112	117	0	0	9	37	0	0	51	138	0	0	4	160	152	129	184	64	0	1	0	9	59	59	19	0	1	
0	0	0	0	0	0	0	0	0	24	141	155	64	0	1	0	0	70	182	73	190	73	0	3	1	0	8	127	250	162	0	3	1	0	29	183	87	143	38	0	1	0	16	43	0	146	50	0	1	0	18	192	221	168	0	1	0	1	0	15	59	10	0	1	
0	0	2	3	0	1	0	0	0	0	0	0	47	15	0	1	1	0	40	130	185	125	0	1	3	0	153	119	125	179	11	0	0	1	0	149	180	0	2	0	0	2	0	113	111	0	0	0	0	3	0	135	219	9	0	1	0	1	0	35	65	0	1	0	
0	0	1	0	0	0	1	0	1	0	27	178	185	156	4	0	2	0	178	166	130	198	128	0	0	26	200	13	0	39	157	0	0	61	153	0	0	107	148	0	0	38	218	78	118	233	47	0	1	0	120	221	207	62	0	2	0	0	0	0	0	0	1	0	
0	0	0	2	2	2	0	0	0	0	4	1	0	0	0	0	1	0	134	109	35	53	2	0	0	5	125	43	78	129	0	1	0	0	37	2	9	107	0	1	0	0	1	0	21	91	0	2	0	0	2	0	31	86	0	3	0	0	1	0	23	55	0	2	
0	0	0	0	0	1	0	0	1	0	85	154	105	4	0	0	0	23	176	41	148	134	0	3	0	2	158	63	70	127	0	3	1	0	14	154	255	74	0	3	0	4	0	125	102	157	18	0	0	2	0	138	170	161	5	0	0	0	0	7	51	16	0	1	
0	0	0	0	0	0	0	0	0	3	34	75	91	158	76	0	0	106	255	252	248	153	53	0	0	34	214	255	80	0	2	0	3	0	76	255	211	117	0	0	1	0	14	201	191	255	112	0	0	2	0	85	202	237	144	0	0	0	1	0	3	28	11	0	
0	0	0	0	0	1	0	0	0	56	130	155	86	0	1	0	0	86	212	63	173	72	0	3	1	0	18	78	217	97	0	4	3	0	162	255	148	172	22	0	1	0	32	28	0	155	99	0	0	3	0	98	221	197	30	0	0	1	0	22	62	21	0	1	
0	0	1	0	5	11	0	0	0	0	1	0	30	145	51	0	0	0	10	113	0	110	107	0	4	0	88	244	176	182	0	0	3	0	133	181	46	130	58	0	0	16	170	0	42	157	22	0	0	0	125	163	119	21	0	1	0	0	2	9	0	1	1	0	
0	0	1	0	1	1	0	0	1	0	15	88	39	0	1	0	2	0	136	147	159	25	0	1	0	14	176	0	89	188	0	2	2	0	93	185	172	157	0	3	0	0	0	18	66	125	0	3	0	0	3	0	25	151	0	0	0	0	0	1	1	75	8	0	
0	1	0	16	55	15	0	1	0	3	0	118	248	89	0	4	0	0	4	0	129	98	0	4	0	1	0	17	198	32	0	1	0	3	0	139	120	0	3	0	4	0	81	255	192	99	0	1	2	0	58	103	107	113	0	1	0	0	0	0	0	0	0	0	
0	0	56	5	1	4	0	0	1	0	151	22	0	1	1	0	0	12	152	0	59	91	0	1	0	22	162	12	197	206	69	0	0	16	165	81	117	99	127	0	3	0	127	235	246	166	15	0	0	0	7	49	69	16	0	1	0	0	1	0	0	2	1	0	
0	0	0	2	0	0	0	0	0	1	3	0	88	18	0	1	0	2	0	93	200	7	0	1	0	8	147	148	139	27	0	0	0	36	155	118	206	98	0	2	0	0	2	0	148	35	0	1	0	1	7	0	130	54	0	2	0	0	0	0	14	9	0	0	
0	0	0	0	0	0	0	0	0	9	112	155	95	0	2	0	0	42	136	48	176	36	0	1	2	0	46	151	234	109	0	1	2	0	117	115	31	160	52	0	0	0	0	2	0	140	65	0	2	0	47	193	206	148	0	1	0	0	0	39	45	1	0	0	
0	0	0	0	0	1	0	0	0	1	0	93	106	16	0	1	2	0	43	188	59	106	0	1	4	0	102	124	0	110	26	0	4	0	120	92	0	117	16	0	4	0	116	74	36	137	0	3	1	0	19	134	169	37	0	2	0	1	0	22	23	0	1	0	
0	0	1	2	1	1	0	0	0	1	0	15	186	126	0	2	1	0	0	180	120	169	49	0	2	0	151	244	88	146	84	0	0	54	205	22	67	186	41	0	0	98	171	31	172	121	0	2	0	31	186	160	60	0	1	0	0	0	1	0	0	2	0	0	
0	0	0	34	2	0	0	0	1	0	20	108	0	2	1	0	3	0	66	90	0	4	0	0	3	0	99	46	59	120	36	0	4	0	119	65	90	11	97	0	3	0	65	127	130	94	58	0	0	0	0	47	73	30	0	0	0	0	1	0	0	0	1	0	
0	0	0	1	0	0	0	0	0	0	1	0	154	60	0	2	0	2	0	52	223	34	0	2	0	4	0	141	141	0	4	0	0	2	0	180	79	0	3	0	1	0	17	206	26	0	1	0	1	0	13	179	45	0	2	0	0	0	0	0	0	0	0	0	
2	4	4	4	3	2	0	0	0	0	0	0	0	0	0	0	45	139	134	134	189	109	0	3	46	140	138	86	136	158	0	4	0	0	3	0	91	160	0	4	2	4	8	0	151	131	0	4	0	0	3	0	176	91	0	3	0	0	3	0	147	122	0	4	
0	0	0	1	7	0	0	0	0	2	0	60	215	44	0	2	0	2	0	43	224	32	0	2	1	0	0	191	110	0	3	5	3	0	118	159	15	95	143	87	0	3	218	208	181	129	48	1	0	0	50	56	4	0	0	0	0	0	0	0	1	4	2	0	
0	0	0	0	0	0	0	0	0	2	0	46	47	0	2	0	0	3	0	109	75	0	3	0	0	3	0	107	70	0	2	0	0	3	0	83	92	0	3	0	0	1	0	29	123	0	2	0	0	0	2	0	110	24	0	1	0	0	0	0	11	6	0	0	
0	0	0	0	0	0	0	0	1	0	8	113	154	74	0	1	3	0	91	172	220	167	0	4	1	0	12	140	249	170	10	0	2	0	54	145	122	247	41	0	2	4	32	127	206	93	0	2	0	116	223	142	21	0	1	0	0	36	22	0	1	3	0	0	
0	0	3	3	0	0	0	0	0	0	0	0	8	4	0	0	0	13	85	105	165	87	0	4	0	12	77	18	121	63	0	2	1	0	11	113	211	67	0	2	0	2	0	97	101	0	3	0	0	3	0	115	56	0	2	0	0	1	0	95	20	0	1	0	
0	0	0	3	3	0	0	0	0	0	11	1	0	10	5	0	0	0	188	203	173	241	80	0	1	0	40	90	122	253	43	0	0	1	0	11	214	152	0	3	1	0	0	205	181	0	1	0	4	0	142	161	0	4	0	0	2	0	137	48	0	3	0	0	
0	0	0	2	0	0	0	0	0	0	3	0	57	154	47	0	0	2	0	83	229	231	147	0	2	0	35	247	62	120	113	0	3	0	180	152	9	213	33	0	0	22	238	94	207	132	0	3	0	12	202	234	114	0	2	0	1	0	16	20	0	3	0	0	
0	0	2	0	0	2	3	0	0	0	0	75	139	26	0	1	2	0	157	191	156	206	99	10	1	0	196	161	158	140	34	0	3	0	77	254	204	75	0	1	0	6	201	48	109	234	8	0	0	10	199	197	183	54	0	2	1	0	26	47	0	0	0	0	
0	0	0	0	1	0	0	0	0	0	1	0	33	47	0	2	0	0	3	0	117	67	0	2	0	0	0	9	144	8	0	0	0	3	0	77	115	0	3	0	0	2	0	134	42	0	1	0	0	0	13	103	0	1	0	0	0	0	3	11	0	0	0	0	
0	0	2	2	0	1	0	0	0	1	0	15	71	5	0	0	2	0	35	139	151	89	0	3	2	0	166	108	145	131	0	4	2	0	70	123	203	26	0	1	0	3	0	83	129	0	3	0	0	3	0	132	66	0	2	0	0	1	0	35	16	0	0	0	
0	0	0	3	4	0	0	0	0	0	2	73	44	24	0	1	1	0	36	72	22	62	0	2	2	0	67	36	32	99	0	3	2	0	89	12	31	99	0	3	2	0	100	8	65	72	0	3	2	0	41	99	79	3	0	0	0	0	0	10	2	0	0	0	
0	0	1	4	1	0	1	0	0	1	2	0	27	80	10	0	1	0	19	128	181	183	138	0	0	1	166	245	66	30	171	0	0	131	126	13	83	205	85	0	0	198	178	168	173	73	0	1	0	26	66	28	1	0	2	0	0	0	0	0	2	3	0	0	
0	0	1	1	4	1	0	0	0	2	0	66	137	0	1	0	1	0	8	173	49	2	0	0	3	0	77	221	173	153	0	2	4	0	98	218	33	164	5	0	2	0	37	169	83	149	0	3	0	2	0	116	206	47	0	2	0	0	1	1	0	1	0	0	
0	0	0	0	1	0	0	0	0	0	0	0	4	136	72	0	0	0	3	0	148	226	55	0	0	2	0	65	245	44	0	2	1	0	0	218	157	0	5	0	4	0	88	244	19	0	1	0	4	0	110	229	10	0	1	0	0	0	9	31	0	0	0	0	
0	3	3	2	4	4	1	0	0	0	0	0	0	0	0	0	0	165	99	47	129	171	42	0	0	101	205	172	128	226	34	0	0	0	3	0	82	165	0	3	0	3	3	0	179	77	0	3	0	1	0	24	196	14	0	1	0	1	0	31	196	9	0	1	
0	0	0	0	0	0	0	0	0	23	155	162	157	122	30	0	0	15	124	148	192	255	80	0	0	1	0	0	187	196	0	0	1	0	13	200	207	10	0	2	0	13	211	221	58	83	84	7	0	64	255	224	191	133	19	0	0	2	39	39	2	0	0	0	
0	0	2	20	2	2	0	0	3	0	87	151	0	3	1	0	1	0	172	64	48	61	0	1	0	6	191	208	201	194	66	0	3	0	182	105	0	130	117	0	3	0	88	160	161	182	8	0	0	0	0	117	142	13	0	1	0	0	1	0	0	2	1	0	
0	0	0	0	0	0	0	0	1	0	29	125	116	126	23	0	1	0	4	105	244	218	23	0	3	0	88	250	206	28	0	2	1	0	51	51	105	223	8	0	1	0	10	95	198	143	0	0	0	100	198	146	49	0	1	0	0	45	23	0	1	2	0	0	
0	0	0	3	0	0	0	0	0	0	1	0	43	47	0	1	0	1	0	96	255	189	0	2	3	0	65	255	255	132	0	4	2	0	37	213	250	48	0	2	0	3	0	180	156	0	3	0	2	0	42	251	49	0	2	0	1	0	18	91	4	0	0	0	
0	0	0	3	1	2	0	0	0	1	2	0	2	1	31	5	0	2	0	142	63	117	179	6	1	0	144	185	81	233	44	0	0	101	255	146	202	221	90	1	0	33	72	161	202	11	1	0	0	2	0	57	81	0	4	0	0	1	4	1	1	2	0	0	
0	0	0	1	0	0	0	0	0	1	0	36	116	13	0	1	1	0	14	134	41	8	0	0	1	0	11	119	43	0	1	0	0	1	0	13	107	69	0	2	0	0	2	0	42	104	0	3	0	0	0	80	132	24	0	1	0	0	0	48	18	0	1	0	
0	3	4	4	4	1	0	0	0	0	0	0	0	4	12	0	0	103	119	123	127	218	158	0	0	71	146	115	204	230	23	0	0	3	0	87	230	40	0	2	1	0	19	227	78	0	4	0	4	0	152	157	0	4	0	0	2	0	126	54	0	2	0	0	
0	0	0	6	3	0	0	0	1	0	15	123	52	100	23	0	3	0	98	68	15	95	76	0	3	0	87	91	0	112	44	0	0	0	0	112	107	100	0	1	1	0	32	192	194	0	1	0	1	0	52	93	148	25	0	1	0	0	0	0	0	0	0	0	
0	0	2	4	3	3	3	1	0	1	0	0	0	0	0	0	1	0	28	118	163	118	81	41	0	54	241	105	88	227	103	4	0	26	139	166	164	36	0	1	2	0	54	213	206	27	0	2	2	0	55	178	101	0	0	0	0	0	0	1	0	0	0	0	
0	0	2	0	5	2	0	0	0	2	0	54	122	4	0	0	2	0	54	150	16	1	0	0	0	0	149	23	176	89	0	3	0	19	167	143	160	122	0	4	1	0	71	48	15	146	6	0	0	0	0	2	0	134	73	0	0	0	3	2	0	1	0	0	
0	0	1	2	0	2	0	0	0	0	0	6	18	0	0	0	1	0	18	146	169	76	0	1	2	0	45	154	195	126	0	3	0	1	0	35	161	3	0	1	0	3	0	126	82	0	3	0	1	0	24	156	3	0	0	0	2	0	43	67	0	2	0	0	
0	1	0	0	0	3	3	0	2	0	103	223	54	0	2	0	0	73	205	80	19	88	68	0	0	155	81	1	203	172	204	41	0	126	137	162	148	56	196	6	0	1	147	250	233	220	58	0	0	1	1	51	88	26	0	2	0	1	2	0	0	1	2	0	
0	0	0	1	0	0	1	0	0	0	1	3	132	181	41	0	0	5	0	137	255	208	152	0	3	0	91	215	58	73	169	5	0	60	198	17	0	158	123	0	0	193	102	78	177	123	1	0	0	121	180	125	20	0	2	0	0	0	0	0	0	3	0	0	
0	0	1	1	0	0	0	0	0	0	0	6	80	78	0	0	3	0	74	183	87	13	0	0	4	0	113	154	0	3	0	0	1	0	10	142	150	33	0	2	0	0	1	0	38	130	0	2	0	0	0	6	96	105	0	2	0	1	0	13	52	5	0	0	
0	0	0	1	1	2	3	0	0	0	2	0	33	192	46	0	0	0	3	0	181	164	0	3	0	3	0	94	231	19	0	1	1	0	9	221	75	0	3	0	3	0	86	230	23	0	1	0	3	0	63	208	56	0	2	0	0	0	0	0	0	0	0	0	
0	0	0	1	1	1	0	0	0	0	0	5	0	30	48	0	0	0	4	97	25	148	45	0	2	0	63	84	106	79	0	3	3	0	125	115	173	18	0	1	1	0	60	182	65	0	1	0	0	0	7	124	2	0	0	0	0	0	11	53	0	1	0	0	
0	0	0	0	0	0	0	0	0	1	0	122	160	153	38	0	0	0	5	49	116	248	40	0	0	3	0	31	209	88	0	3	2	0	72	219	88	31	81	9	0	89	255	216	140	127	70	3	0	88	145	67	16	0	0	0	0	0	0	0	0	3	3	0	
0	0	0	0	0	0	0	0	0	2	0	44	139	29	0	1	0	0	5	151	81	144	9	0	0	0	0	100	79	114	0	0	0	3	0	88	221	29	0	2	2	0	61	87	55	76	0	3	3	0	81	105	111	38	0	2	0	0	3	49	35	0	1	0	
0	0	1	0	0	0	0	0	0	0	0	20	51	62	20	0	3	0	77	172	159	249	103	0	3	0	93	164	203	129	0	1	1	0	43	32	121	162	0	4	11	63	32	103	180	59	0	2	25	175	136	92	19	0	1	0	0	0	0	0	1	2	0	0	
1	4	4	3	2	3	0	0	0	0	0	0	0	0	0	0	70	142	117	116	129	75	0	2	27	109	66	58	23	161	35	0	0	0	0	3	0	145	41	0	1	3	3	0	6	157	11	0	0	0	0	0	6	167	13	0	0	0	0	2	0	151	54	0	
0	0	2	1	0	0	0	0	0	1	1	2	0	70	123	2	1	0	39	41	0	201	69	0	0	12	185	25	82	165	0	3	0	113	234	83	207	134	14	0	0	22	80	143	191	68	32	0	0	1	0	18	82	0	1	0	0	1	4	3	0	3	1	0	
0	0	0	0	1	1	0	0	0	0	6	24	0	3	0	0	2	0	46	104	40	117	0	3	1	0	27	185	191	60	0	2	0	2	0	118	161	0	3	0	0	2	0	61	74	0	2	0	0	3	0	114	58	0	2	0	0	1	0	48	24	0	1	0	
0	0	1	3	4	2	0	0	0	0	8	3	0	1	1	0	0	11	201	171	125	213	105	0	0	9	53	59	199	192	10	0	0	3	0	101	196	8	0	1	2	0	41	222	29	0	3	0	4	0	134	129	0	5	0	0	1	0	112	29	0	1	0	0	
0	0	1	3	0	11	35	0	0	0	2	0	63	154	98	0	0	0	2	130	151	26	0	1	3	0	132	118	0	2	2	0	0	34	146	0	94	131	0	0	0	36	167	39	114	159	0	0	2	0	80	138	77	10	0	1	0	0	0	0	0	1	0	0	
0	0	2	1	0	0	3	1	0	0	0	6	81	85	0	0	2	0	53	201	153	190	157	15	4	0	139	187	48	196	154	2	2	0	41	234	247	70	0	2	0	16	201	122	203	96	0	4	0	39	199	175	139	16	0	1	0	0	7	10	0	0	0	0	
1	0	14	46	15	0	1	0	2	0	86	123	121	6	0	0	0	0	0	7	119	4	0	0	1	0	47	172	188	6	0	1	0	0	137	159	99	129	0	3	1	0	22	57	169	120	0	4	1	0	22	116	159	36	0	2	0	0	0	0	0	0	0	0	
0	1	3	0	0	1	3	0	0	1	0	29	75	10	0	1	0	1	106	142	174	107	94	20	0	121	202	33	112	255	155	0	0	56	149	105	146	201	0	0	0	1	0	10	200	56	0	3	0	4	0	159	143	0	4	0	1	0	12	89	10	0	0	0	
0	0	3	0	0	0	0	0	0	2	0	15	70	60	0	0	0	4	115	132	84	107	26	0	1	129	85	0	0	60	79	0	27	139	26	66	84	197	57	0	0	44	96	102	40	95	13	0	0	0	0	0	5	94	0	0	0	2	3	3	5	52	0	0	
0	0	0	0	0	0	0	0	0	0	1	0	109	47	0	2	0	1	0	0	218	82	0	3	0	2	0	34	243	43	0	2	0	4	0	119	221	0	0	1	0	2	0	193	114	0	3	0	0	2	0	166	104	0	3	0	0	1	0	18	28	0	1	0	
0	0	1	0	0	0	0	0	0	0	4	37	0	55	10	0	2	0	56	125	0	151	8	0	2	0	155	99	98	125	0	3	0	5	167	129	196	51	0	2	0	1	0	13	151	5	0	0	0	3	0	80	130	0	4	0	0	1	0	16	14	0	0	0	
0	0	0	0	0	0	0	0	0	2	0	61	220	130	0	2	0	0	2	197	166	241	73	0	3	0	83	255	133	122	174	0	0	38	250	88	0	154	160	0	0	98	255	79	164	230	22	0	0	30	196	216	146	23	0	1	0	0	0	0	0	1	1	0	
0	0	0	29	6	0	0	0	2	0	39	167	18	0	1	0	3	0	85	121	0	4	0	0	2	0	45	186	137	103	0	1	0	0	0	207	135	161	17	0	0	3	0	101	191	148	0	1	0	0	0	0	120	59	0	2	0	0	0	1	0	0	0	0	
0	0	0	0	0	0	0	0	0	0	2	0	79	62	0	2	0	1	0	5	222	75	0	3	0	3	0	98	208	0	0	1	0	1	0	193	94	0	3	0	2	0	41	206	11	0	1	0	1	0	30	175	11	0	1	0	0	0	0	28	9	0	0	0	
0	0	0	0	0	0	0	0	0	0	5	24	80	114	0	0	4	0	105	206	128	53	0	0	4	0	101	198	138	61	0	2	3	0	102	132	41	165	0	2	0	0	2	0	117	151	0	3	0	0	133	173	134	18	0	1	0	0	39	29	0	2	0	0	
0	0	0	0	0	0	0	0	0	1	0	63	150	61	0	2	0	2	187	245	255	164	0	5	0	2	48	80	237	71	0	3	1	0	0	191	152	3	90	89	4	0	148	255	183	216	110	12	2	0	101	149	109	30	0	1	0	0	0	0	0	0	3	1	
0	0	0	5	39	0	0	0	0	2	0	55	168	46	13	0	0	3	0	68	147	130	11	0	0	2	0	113	199	4	0	1	3	0	94	127	118	6	0	0	0	8	195	74	172	19	0	1	1	0	51	140	81	0	1	0	0	0	0	0	0	0	0	0	
0	1	3	3	0	0	0	0	0	0	0	0	9	55	10	0	0	22	77	150	230	255	50	0	0	85	215	144	163	218	0	0	0	2	0	9	218	102	0	3	1	8	0	155	189	0	1	0	1	0	18	227	50	0	2	0	0	0	5	98	25	0	1	0	
0	0	2	0	0	0	1	0	0	1	0	97	150	64	0	2	2	0	132	176	200	218	30	0	0	47	195	32	77	113	112	0	0	120	121	0	0	130	105	0	0	141	96	0	17	182	34	0	0	36	141	139	213	98	0	3	1	0	13	59	46	0	1	0	
0	0	0	1	0	1	0	0	0	0	0	3	15	4	0	0	0	3	0	141	213	119	0	3	2	0	52	191	74	141	0	3	2	0	61	45	139	71	0	3	0	2	0	67	154	0	2	0	1	0	1	173	45	0	2	0	1	0	17	114	3	1	1	0	
0	0	1	0	0	0	0	0	0	1	0	99	133	30	7	0	3	0	124	169	186	175	17	0	3	0	70	198	14	0	1	0	0	26	43	80	181	24	0	1	0	0	119	78	118	158	0	2	0	1	0	92	206	228	24	0	0	0	2	0	27	41	0	0	
0	0	0	0	0	0	0	0	0	0	12	66	127	90	0	2	1	0	120	139	186	169	0	3	1	0	2	128	194	10	0	1	0	0	15	67	183	65	0	3	0	1	0	33	201	50	0	2	0	47	161	168	57	0	2	0	0	24	43	0	0	1	0	0	
0	0	3	1	0	0	2	0	0	2	0	13	99	107	4	0	2	0	87	230	237	229	158	0	0	74	255	218	0	72	249	22	0	151	233	17	46	234	173	0	0	92	254	223	253	185	17	0	0	0	80	89	24	1	1	1	0	2	0	0	0	2	2	0	
0	1	1	0	0	0	0	0	0	0	2	45	68	14	0	1	0	38	178	141	224	76	0	5	0	14	4	75	170	0	0	0	2	0	40	199	30	26	88	42	3	0	182	207	141	145	92	19	0	0	34	57	18	0	0	0	0	0	0	0	0	2	4	1	
0	0	0	0	0	0	0	0	0	2	0	54	41	0	2	0	0	3	0	81	109	0	3	0	0	1	0	30	125	0	2	0	0	1	0	29	113	0	2	0	0	1	0	31	108	0	3	0	0	1	0	15	117	4	0	0	0	0	1	0	27	8	0	0	
0	0	3	2	0	0	0	0	0	0	0	2	22	20	0	0	0	4	103	166	191	205	2	0	0	49	159	24	190	98	0	3	0	0	0	140	109	0	20	17	3	0	148	210	109	128	116	43	1	0	96	117	93	39	0	0	0	0	0	0	0	0	1	1	
0	0	1	0	0	0	0	0	0	1	0	32	110	116	15	0	3	0	70	158	91	65	9	0	4	0	115	161	99	29	0	1	2	0	56	109	113	143	0	3	3	0	93	60	24	157	0	2	3	0	81	157	166	73	0	3	0	1	0	38	29	0	1	0	
0	0	0	0	0	0	0	0	1	0	21	124	138	72	0	1	3	0	73	108	189	182	0	2	0	2	0	121	237	37	0	2	0	1	8	12	144	143	0	4	0	1	0	36	196	88	0	3	0	70	167	154	70	0	1	0	0	24	48	0	0	1	0	0	
0	1	0	21	7	0	0	0	2	0	61	127	53	0	4	1	0	22	132	2	0	0	0	0	0	71	82	0	34	97	78	6	0	75	77	16	112	28	91	96	0	13	114	151	107	50	110	21	1	0	10	63	80	56	12	0	0	1	1	0	0	0	1	1	
0	0	3	0	0	1	0	0	0	2	0	53	88	9	3	0	2	0	118	200	162	212	115	0	0	77	201	24	100	243	38	0	0	159	220	164	244	119	0	4	0	30	67	49	192	20	0	1	0	3	0	77	170	0	2	0	0	2	0	18	82	4	0	0	
0	1	0	25	41	0	0	0	1	0	15	128	181	71	0	3	0	0	4	0	56	149	0	3	0	2	6	0	99	115	0	4	0	2	0	51	195	24	0	1	0	67	164	199	163	104	15	0	0	91	94	9	0	4	0	0	0	0	0	1	2	0	0	0	
0	0	0	1	1	1	1	0	0	0	3	0	79	183	1	0	0	1	0	9	225	117	0	3	0	3	0	138	217	0	15	7	2	0	33	243	72	0	43	15	4	0	119	202	0	2	0	0	3	0	60	198	69	0	3	1	0	0	0	2	1	0	0	0	
0	0	0	0	0	0	0	0	0	0	0	80	84	0	0	0	1	0	32	132	72	27	0	1	0	3	0	116	158	0	1	0	0	0	0	94	131	8	0	1	1	0	31	81	80	48	0	2	0	0	3	137	112	8	0	1	0	1	0	32	29	0	1	0	
0	0	0	0	0	0	0	0	0	0	7	8	12	11	6	0	2	0	129	164	137	230	60	0	0	0	17	0	118	179	0	1	0	3	0	92	196	12	0	1	2	0	52	213	25	0	2	0	4	0	147	103	0	4	0	0	2	0	79	34	0	1	0	0	
0	0	0	0	0	2	0	0	3	0	94	221	116	1	1	0	3	0	164	251	251	152	0	2	0	7	240	84	102	255	43	0	0	9	240	62	44	255	74	0	1	0	194	218	207	253	38	0	1	0	22	187	212	71	0	2	0	0	1	0	0	0	1	0	
0	0	1	3	0	0	0	0	0	0	1	1	64	25	0	1	1	0	12	140	174	144	0	2	2	0	169	167	140	192	0	1	0	0	148	128	192	94	0	4	0	1	0	20	179	16	0	1	0	4	0	105	118	0	2	0	0	1	0	33	40	0	1	0	
0	1	2	0	0	0	0	0	1	1	1	73	59	0	1	0	0	10	158	160	137	19	0	1	0	152	89	0	1	128	47	0	0	151	130	122	120	206	60	0	0	3	25	24	0	143	115	0	0	1	0	3	0	78	180	0	0	0	1	1	0	5	59	2	
0	0	1	2	0	2	3	1	0	0	0	4	45	7	0	0	0	0	0	128	152	134	137	51	3	0	130	160	0	36	49	20	3	0	118	172	211	23	0	1	0	8	36	154	160	3	1	1	0	33	136	71	0	0	0	0	0	0	0	0	2	1	0	0	
