500	64	10
0	0	0	0	1	1	0	0	0	0	0	63	9	0	0	0	1	0	18	117	25	59	0	2	3	0	76	65	95	90	0	2	3	0	67	131	167	64	0	0	0	1	0	24	91	0	2	0	0	1	0	41	81	0	3	0	0	0	0	5	19	0	0	0	
0	1	1	0	0	1	1	0	0	0	0	7	13	6	0	0	0	30	207	207	184	215	35	0	0	23	110	35	79	218	9	0	0	0	2	0	187	107	0	3	0	2	0	23	197	19	0	1	0	3	0	99	172	0	3	0	0	3	0	89	115	0	3	0	
0	0	0	0	0	0	0	0	0	0	2	0	78	55	0	2	0	0	1	0	192	68	0	3	0	1	0	35	190	3	0	1	0	3	0	101	179	0	2	0	0	4	0	147	108	0	3	0	0	3	0	126	61	0	2	0	0	0	0	14	6	0	0	0	
0	0	0	0	5	11	0	0	2	0	27	185	199	46	0	2	2	0	171	121	10	139	53	0	2	0	68	101	178	218	18	0	1	0	4	202	255	90	0	4	4	0	98	236	156	165	0	3	2	0	31	173	181	46	0	2	0	0	0	0	0	0	0	0	
0	0	0	2	4	3	0	0	0	0	8	9	0	0	0	0	1	0	28	157	105	82	5	0	1	0	22	162	59	149	8	0	2	0	57	60	68	88	0	3	0	1	0	19	135	5	0	0	0	3	0	102	76	0	2	0	0	2	0	87	20	0	0	0	
0	0	1	1	0	0	0	0	0	1	0	25	74	21	0	1	2	0	33	161	150	77	0	2	3	0	136	117	179	25	0	1	2	0	91	168	175	0	0	0	0	1	0	25	148	0	1	0	0	1	0	44	145	0	3	0	0	0	0	10	58	0	0	0	
0	0	0	0	25	7	0	0	0	1	0	6	164	75	0	3	0	0	0	6	104	83	0	3	0	0	4	0	106	58	0	2	1	0	15	90	145	7	0	0	3	0	104	190	181	44	0	2	2	0	59	92	7	14	0	0	0	0	0	0	1	0	0	0	
0	0	0	0	0	1	0	0	0	2	0	63	160	29	0	1	1	0	5	209	215	147	0	2	3	0	91	193	0	171	31	0	4	0	132	90	10	209	15	0	4	0	123	92	153	154	0	3	2	0	48	233	195	22	0	1	0	0	0	31	6	0	0	0	
0	0	0	0	0	2	0	0	0	31	159	147	52	0	1	0	0	34	115	96	193	110	0	2	0	1	0	107	194	176	0	2	0	2	1	127	243	118	0	3	0	0	2	0	33	230	36	0	2	0	68	176	211	163	8	0	0	0	12	55	41	1	0	0	
0	0	0	0	21	4	0	0	0	0	2	0	155	45	0	2	0	1	0	14	190	24	0	1	0	2	0	58	224	7	0	1	0	3	0	102	186	0	2	0	0	2	0	198	154	0	4	0	0	1	0	112	63	0	2	0	0	0	0	0	0	0	0	0	
0	1	4	3	3	2	0	0	0	0	0	0	0	0	0	0	0	15	95	139	161	69	0	2	0	43	143	60	82	164	0	2	0	0	2	0	59	126	0	3	0	1	7	0	124	67	0	2	0	0	0	10	145	6	0	0	0	2	0	45	128	0	3	0	
0	0	0	0	0	1	0	0	2	0	56	209	190	10	0	1	2	0	193	207	120	121	0	3	0	0	15	0	115	187	0	3	1	0	19	179	255	241	46	0	2	0	186	255	211	93	115	0	3	0	113	182	32	0	9	1	0	0	0	0	1	3	1	0	
0	1	0	0	5	0	0	0	0	0	33	99	138	42	0	2	0	70	114	25	57	104	0	4	0	19	4	0	64	66	0	2	0	0	0	51	180	64	0	2	3	0	74	184	95	115	16	0	2	0	67	78	0	65	36	0	0	0	0	0	2	2	1	0	
0	0	0	0	0	0	0	0	0	65	121	123	10	2	2	0	0	168	187	159	149	0	3	0	0	3	45	237	238	110	19	0	1	0	12	107	67	141	162	0	0	0	8	74	47	172	184	0	1	0	2	155	255	205	28	0	0	0	1	0	22	11	0	1	
0	0	0	1	1	0	0	0	0	28	138	177	171	65	0	2	0	22	49	10	169	149	0	4	1	0	26	152	165	3	0	1	1	0	123	191	138	119	16	0	2	0	96	28	53	229	77	0	2	0	69	165	167	120	4	0	0	0	0	3	0	0	0	0	
0	0	4	1	0	0	0	0	0	0	0	4	0	74	47	0	0	0	97	45	0	180	106	0	0	57	255	103	60	208	41	0	0	49	248	240	253	198	0	1	0	0	40	16	173	117	0	4	0	1	1	0	181	51	0	2	0	0	2	3	26	2	0	0	
0	0	1	3	0	13	34	0	0	0	1	1	81	207	119	0	1	0	5	174	179	62	4	0	4	0	106	255	136	0	1	0	0	7	238	142	140	130	0	3	0	12	238	188	159	166	0	3	1	0	29	131	151	25	0	1	0	0	0	0	0	0	0	0	
0	0	1	0	0	0	0	0	1	0	21	116	114	124	102	0	2	0	63	252	219	222	161	0	3	0	99	255	207	160	26	0	1	0	18	213	177	1	5	0	8	122	25	0	162	57	0	2	0	167	241	218	226	43	0	2	0	3	45	56	23	0	1	0	
0	0	0	0	0	0	0	0	0	1	0	72	146	92	0	1	0	0	5	164	60	29	0	0	1	0	18	179	88	4	0	0	0	0	2	44	136	83	0	3	0	2	48	0	89	74	0	3	2	0	109	136	144	12	0	1	0	0	0	53	26	0	1	0	
0	0	1	27	3	2	2	0	2	0	36	214	17	0	2	1	3	0	77	217	0	52	36	0	4	0	149	220	205	255	204	18	1	0	189	255	149	106	208	32	1	0	201	255	143	200	78	0	1	0	78	150	151	49	0	2	0	0	0	0	0	0	1	0	
0	1	0	0	0	0	0	0	1	0	61	137	122	87	4	0	0	34	234	162	147	89	0	0	0	54	223	170	158	193	57	0	0	0	61	17	0	112	174	0	0	14	176	16	13	187	127	0	0	0	150	190	196	145	4	0	0	0	8	40	17	0	2	0	
0	1	4	3	0	1	1	0	0	0	0	0	6	11	0	0	0	21	109	177	231	192	3	0	0	48	237	175	84	227	33	0	0	1	8	0	106	199	0	1	0	2	0	3	212	62	0	3	0	3	0	106	202	0	0	1	0	2	0	120	64	0	2	0	
0	1	0	0	1	0	0	0	2	0	97	91	49	61	0	2	0	70	219	140	169	86	0	3	0	56	176	69	167	14	0	1	2	0	39	186	226	29	0	2	0	5	0	145	166	170	33	0	0	3	0	119	193	198	75	0	0	0	0	4	57	28	0	1	
0	0	1	0	0	0	0	0	0	2	0	93	230	54	0	2	2	0	52	237	96	12	0	1	2	0	55	221	113	142	31	0	3	0	67	244	235	76	0	0	4	0	115	223	182	58	0	2	1	0	14	152	200	37	0	2	0	0	0	0	0	0	0	0	
0	0	0	13	12	0	0	0	2	0	64	120	88	23	0	1	0	2	148	19	0	2	1	0	0	4	123	120	100	22	0	1	0	0	0	0	25	115	36	0	0	0	0	3	0	113	85	0	1	0	43	90	109	91	0	0	0	0	8	16	6	0	0	0	
0	0	1	4	0	0	0	0	0	0	1	0	15	6	0	0	1	0	8	130	210	116	0	3	4	0	130	201	176	161	0	3	2	0	111	123	141	110	0	4	0	0	3	0	109	77	0	3	0	0	2	0	155	26	0	1	0	0	0	3	103	6	0	0	
0	0	2	1	0	1	0	0	0	0	0	12	28	0	0	0	2	0	57	139	146	58	0	2	1	0	29	3	75	97	0	4	0	0	2	0	130	42	0	2	0	0	0	19	132	0	1	0	0	3	0	79	104	0	3	0	0	2	0	68	60	0	2	0	
0	0	2	1	0	0	2	0	0	1	0	32	66	39	0	1	2	0	50	242	227	242	88	0	0	1	212	146	0	27	168	17	0	93	197	0	0	68	186	7	0	137	190	109	179	191	59	0	0	15	170	162	91	7	0	1	0	0	0	0	0	2	2	0	
0	0	0	0	1	7	0	0	0	1	0	10	110	90	0	0	0	1	0	114	55	52	13	0	0	1	0	83	134	95	0	0	1	0	4	137	153	2	0	1	3	0	146	135	94	58	0	2	1	0	127	127	51	0	1	0	0	0	2	5	0	0	0	0	
0	0	1	0	17	15	0	1	0	0	3	0	150	75	0	3	0	1	0	10	178	20	0	1	0	2	0	61	157	0	2	0	0	3	0	92	93	0	3	0	0	3	0	176	198	0	0	0	0	2	0	105	80	0	2	0	0	0	0	0	0	0	0	0	
0	0	1	1	0	10	8	0	0	2	0	61	140	106	30	0	2	0	56	73	17	0	0	0	4	0	93	133	58	9	0	0	2	0	46	100	113	111	0	3	1	0	15	11	105	95	0	3	1	0	20	168	104	0	1	0	0	0	0	0	0	1	0	0	
0	0	0	0	0	0	0	0	1	0	11	154	221	105	0	3	2	0	36	166	70	146	0	1	0	0	1	0	23	127	0	1	2	0	49	125	187	124	0	4	0	20	197	234	216	152	24	0	0	20	176	130	21	17	21	0	0	0	1	0	2	2	0	0	
0	0	0	2	0	38	13	0	0	0	3	0	60	157	13	0	0	1	0	30	156	19	0	1	1	0	0	189	116	0	1	0	3	0	95	139	123	89	0	3	2	0	169	119	118	13	0	1	2	0	77	118	16	0	1	0	0	0	0	0	1	1	0	0	
0	0	0	0	0	0	0	0	1	0	16	89	43	0	1	0	0	6	188	183	159	25	0	1	0	4	14	57	230	47	0	2	0	2	0	74	123	125	0	0	0	0	1	0	12	161	9	0	0	0	57	101	166	81	0	3	1	0	16	117	64	0	1	0	
0	0	1	1	1	0	0	0	2	0	44	176	185	19	0	1	2	0	160	78	37	9	0	0	0	86	164	0	4	0	0	0	0	63	152	142	155	112	15	0	0	2	0	61	109	179	111	0	0	3	0	33	167	155	16	0	0	0	0	0	1	2	0	0	
0	0	1	1	0	0	0	0	0	0	1	2	0	30	6	0	2	0	45	41	0	129	8	0	2	0	158	80	84	125	0	3	1	0	129	144	194	77	0	3	0	0	0	2	121	10	0	0	0	2	0	56	102	0	3	0	0	1	0	30	35	0	1	0	
0	0	1	0	0	0	0	0	0	1	0	59	137	68	0	2	3	0	84	149	84	205	6	0	3	0	84	97	121	106	0	1	0	2	0	196	175	0	3	0	1	0	23	130	141	29	0	1	2	0	43	112	83	107	0	4	0	0	0	41	38	19	0	1	
0	0	0	3	0	0	0	0	0	0	0	0	20	65	89	33	0	1	0	99	183	145	68	12	1	0	24	207	77	0	1	0	0	13	15	10	127	75	0	3	0	44	192	93	159	101	0	3	1	0	49	119	82	0	0	0	0	0	0	0	0	1	0	0	
0	0	1	0	0	1	1	0	1	0	35	147	131	33	0	1	1	0	196	122	62	193	42	0	0	39	179	5	0	103	105	0	0	39	171	0	0	74	133	0	1	0	182	84	0	139	108	0	2	0	36	183	171	169	21	0	0	1	0	15	44	7	0	0	
0	0	0	4	32	4	0	0	0	2	0	56	235	31	0	2	0	2	0	193	154	0	3	0	2	0	54	214	64	97	7	0	4	0	129	225	173	229	124	0	4	0	123	255	111	164	89	0	1	0	7	114	126	62	0	1	0	0	0	0	0	0	1	0	
0	0	1	0	0	1	1	0	2	0	52	152	161	58	0	2	0	0	211	189	114	208	20	0	0	60	172	0	0	130	110	0	0	71	149	0	0	83	165	0	0	15	195	40	0	136	130	0	2	0	74	194	186	175	20	0	0	1	0	27	56	6	0	0	
0	3	4	2	0	0	0	0	0	0	0	1	17	17	1	0	0	70	126	132	124	219	37	0	0	113	167	27	34	212	19	0	0	0	2	0	169	133	0	3	0	4	0	45	191	6	0	1	0	1	0	185	88	0	3	0	1	0	7	157	27	0	1	0	
0	1	1	0	2	0	0	0	0	0	13	31	3	0	0	0	0	25	125	107	89	0	1	0	0	37	131	13	169	86	0	3	1	0	36	71	97	91	0	3	0	1	2	0	43	110	0	3	0	0	2	1	8	147	8	0	0	0	0	2	0	92	34	0	
0	0	0	0	8	2	0	0	0	2	0	126	187	142	0	0	1	0	8	181	19	152	38	0	0	2	0	129	199	158	23	0	1	0	24	201	232	79	0	3	3	0	171	170	128	117	0	4	2	0	92	186	142	7	0	1	0	0	0	4	1	0	0	0	
0	0	1	0	0	0	1	0	1	0	26	48	118	62	0	2	0	1	182	190	141	199	34	0	0	35	194	17	0	91	124	0	0	42	202	3	0	86	133	0	0	3	212	63	0	181	67	0	2	0	76	203	179	121	0	2	0	1	0	37	50	1	1	0	
0	0	2	1	0	0	0	0	0	1	0	19	78	41	0	1	2	0	41	158	119	101	0	2	2	0	164	65	114	124	0	3	2	0	81	92	181	84	0	3	0	1	0	11	175	17	0	1	0	2	0	55	163	0	2	0	0	1	0	29	56	0	1	0	
0	0	0	4	17	6	0	0	0	0	5	116	106	120	14	0	0	0	7	47	0	80	96	0	1	0	26	13	0	45	101	0	0	36	121	125	18	93	74	0	0	102	50	12	168	145	0	0	0	25	110	106	110	19	0	1	0	0	2	8	0	1	1	0	
0	2	3	3	3	3	0	0	0	0	0	0	0	0	0	0	0	94	205	189	188	75	0	2	0	50	104	81	125	186	0	2	0	0	2	0	67	163	0	3	0	2	8	0	139	140	0	4	0	0	1	0	191	76	0	3	0	1	0	14	192	21	0	1	
0	0	1	0	0	0	0	0	1	0	10	96	69	0	1	0	3	0	134	68	87	22	0	1	0	12	96	22	180	63	0	2	0	3	0	57	87	93	7	0	1	0	22	20	0	94	19	0	1	0	28	103	97	106	0	0	0	1	0	12	59	18	0	1	
0	0	0	3	3	2	0	0	0	1	1	0	0	0	0	0	0	0	0	91	184	72	0	3	0	29	180	139	107	131	0	3	0	20	44	0	81	121	0	4	0	0	3	0	126	78	0	3	0	1	3	0	135	25	0	1	0	0	0	2	115	6	0	0	
0	0	8	12	7	0	0	0	0	20	138	148	157	71	0	2	0	7	53	63	172	102	0	3	0	4	168	175	192	123	2	0	0	13	3	1	0	100	123	0	0	129	159	59	14	57	183	0	0	6	72	135	175	193	50	0	0	0	0	0	3	1	0	0	
0	1	3	0	0	1	0	0	0	0	0	6	28	7	0	0	0	34	182	189	176	137	0	2	0	20	92	23	40	169	0	1	0	0	4	0	134	102	0	3	0	2	0	30	197	16	0	1	0	1	0	173	116	0	3	0	1	0	13	141	10	0	0	0	
0	1	0	11	52	3	0	0	1	0	9	135	127	45	0	2	3	0	132	99	0	9	0	0	0	2	155	53	77	17	0	1	3	0	161	169	51	131	19	0	1	0	31	133	25	128	99	0	0	1	0	23	100	127	26	0	0	0	1	1	0	0	0	0	
0	0	0	0	0	0	0	0	0	0	0	172	96	0	2	0	0	0	0	54	161	3	0	0	0	3	0	124	215	8	0	1	0	1	0	6	74	109	0	3	1	0	24	46	91	124	0	4	1	0	11	169	175	16	0	1	0	0	0	1	1	0	0	0	
0	1	4	3	2	3	0	0	0	0	0	0	0	0	0	0	0	92	130	116	148	102	0	0	0	26	75	48	48	183	4	0	0	0	3	0	111	110	0	3	0	2	0	24	178	13	0	1	0	3	0	107	100	0	3	0	0	3	0	111	59	0	2	0	
0	0	2	0	1	1	1	0	0	2	0	137	228	126	5	0	2	0	146	236	52	115	138	0	0	45	245	46	0	22	197	16	0	145	156	0	0	135	181	0	0	118	167	66	190	221	39	0	0	7	180	210	117	16	0	1	0	1	0	0	0	2	2	0	
2	4	4	4	4	4	0	0	0	0	0	0	0	0	0	0	67	107	102	96	121	97	5	0	43	84	99	97	74	174	28	0	0	0	1	0	28	148	0	0	1	3	7	0	115	100	0	3	0	0	1	0	141	27	0	1	0	1	0	11	151	5	0	0	
0	0	0	0	0	0	0	0	0	0	74	139	124	26	0	1	0	12	223	249	191	173	0	1	0	1	12	111	207	183	0	2	0	2	0	124	155	145	7	0	0	42	18	0	47	199	21	0	0	75	185	199	237	102	0	2	0	0	37	50	23	0	1	0	
0	0	0	0	0	1	2	0	0	1	0	167	117	0	2	0	2	0	55	188	115	147	42	0	4	0	124	84	0	52	131	0	0	9	152	17	0	86	116	0	0	57	154	0	28	182	30	0	0	7	114	124	141	60	0	2	0	0	2	14	5	0	1	0	
0	0	0	0	0	0	0	0	0	0	0	9	105	11	0	1	0	1	0	19	223	30	0	2	0	2	0	48	184	0	0	0	0	4	0	125	159	0	4	0	0	3	0	163	124	0	4	0	0	3	0	167	82	0	3	0	0	1	0	23	15	0	0	0	
0	0	1	2	0	0	0	0	0	0	1	2	64	55	2	0	1	0	6	124	75	91	28	0	3	0	83	76	16	173	10	0	2	0	137	67	203	114	0	4	1	0	54	87	153	24	0	1	0	2	0	52	128	0	3	0	0	1	0	33	44	0	1	0	
0	0	0	0	0	0	0	0	0	2	0	115	224	126	0	2	1	0	9	205	58	47	5	0	0	2	0	134	127	36	0	1	1	0	7	188	255	155	0	3	2	0	48	218	157	107	0	4	0	0	0	122	214	79	0	3	0	0	0	0	1	0	0	0	
0	0	0	0	0	0	0	0	1	0	16	66	81	59	21	0	3	0	80	225	188	98	45	0	0	3	0	129	37	0	1	0	0	2	0	115	128	6	0	0	0	0	2	0	110	113	0	4	0	0	10	29	137	80	0	3	1	0	16	86	80	0	0	0	
0	1	1	0	1	2	0	0	0	0	7	21	10	0	0	0	0	43	226	230	215	65	0	3	0	23	76	12	112	152	0	4	0	0	4	0	108	118	0	4	0	1	6	0	173	70	0	3	0	1	0	7	190	30	0	1	0	1	0	33	134	0	0	0	
0	0	1	1	0	0	0	0	0	1	0	54	82	15	0	1	2	0	54	107	87	102	0	3	3	0	118	74	108	54	0	2	1	0	38	94	143	56	0	2	0	0	3	0	115	55	0	2	0	0	3	0	150	34	0	1	0	0	1	0	63	14	0	1	
0	0	0	12	69	0	0	0	0	3	0	88	180	0	2	0	0	2	0	190	88	0	3	0	2	0	56	189	28	32	0	1	4	0	136	229	229	238	17	0	3	0	133	255	235	127	2	0	0	0	5	64	23	0	1	0	0	0	1	0	0	3	0	0	
0	0	1	0	0	0	0	0	1	0	19	102	165	123	5	0	0	9	209	255	196	235	92	0	0	11	213	255	90	0	9	0	2	0	37	215	251	52	0	2	1	0	14	166	255	192	0	1	3	0	60	255	228	100	0	2	0	0	5	41	12	0	0	0	
0	0	2	1	0	0	0	0	0	0	1	0	4	62	0	0	1	0	49	16	13	148	2	0	1	0	193	39	46	154	0	3	2	0	119	185	217	88	0	3	0	1	0	66	196	17	0	1	0	1	0	33	115	0	2	0	0	0	0	5	28	1	0	0	
0	0	2	0	1	0	0	0	0	1	0	26	7	0	0	0	0	4	121	124	158	19	0	1	0	76	84	0	132	42	0	2	0	36	99	64	136	75	0	3	0	0	18	18	54	98	0	4	0	1	2	0	35	125	0	2	0	0	1	0	8	97	3	0	
0	0	0	0	0	2	3	0	0	3	0	135	234	200	75	0	1	0	25	214	89	37	4	0	1	0	3	169	110	0	2	0	0	3	11	0	140	97	0	3	0	24	207	57	119	153	0	3	0	3	128	212	210	39	0	2	0	0	0	0	0	0	0	0	
0	0	0	0	0	0	0	0	0	1	0	33	51	0	2	0	0	2	0	64	118	0	3	0	0	3	0	74	122	0	3	0	0	3	0	95	116	0	4	0	0	3	0	106	83	0	3	0	0	3	0	72	77	0	3	0	0	0	0	5	11	0	0	0	
0	0	0	1	20	2	0	0	0	2	0	52	212	11	0	1	0	2	0	187	139	0	3	0	2	0	40	191	24	13	0	1	3	0	64	230	192	199	13	0	2	0	39	248	169	185	30	0	0	1	0	67	121	18	0	1	0	0	0	0	0	1	1	0	
0	0	0	1	0	0	0	0	2	0	151	65	0	2	0	0	3	0	108	127	0	4	0	0	1	0	27	217	32	0	2	0	0	3	0	157	185	0	1	0	0	1	0	9	217	154	0	1	0	0	1	0	21	186	40	0	0	0	0	1	1	0	0	0	
0	0	1	1	0	0	0	0	0	1	0	16	50	148	29	0	0	1	0	189	200	203	91	0	3	0	123	217	12	214	91	0	0	0	210	57	98	231	13	0	0	21	209	187	248	66	0	2	1	0	146	218	34	0	2	0	0	0	0	0	0	2	0	0	
1	1	0	0	0	0	0	0	0	1	4	0	39	111	0	0	7	182	73	0	81	245	17	0	20	242	174	79	161	244	31	0	0	106	214	238	251	209	6	0	0	0	6	0	127	255	58	0	0	3	4	0	88	255	80	0	0	0	1	0	5	32	8	0	
0	0	0	0	24	7	0	0	0	3	0	117	255	77	0	3	0	2	0	88	78	111	9	0	0	0	0	1	0	125	22	0	1	0	50	174	253	218	11	0	0	0	203	255	206	78	50	0	2	0	90	127	18	0	1	0	0	0	0	0	1	3	1	0	
0	0	0	0	0	0	0	0	0	4	12	23	13	0	0	0	0	102	171	119	188	24	0	1	0	26	30	0	158	41	0	2	0	0	2	0	144	33	0	1	0	1	3	0	160	39	0	2	0	0	3	0	172	66	0	3	0	0	3	0	109	68	0	2	
0	2	0	49	71	0	2	0	1	0	0	205	126	0	6	0	4	0	121	207	0	0	0	0	0	17	219	71	136	224	91	0	0	59	177	123	255	255	163	0	0	1	190	255	226	134	6	0	1	0	25	61	9	0	0	0	0	0	0	0	0	3	1	0	
0	0	0	3	1	0	0	0	0	2	0	38	150	16	0	1	0	3	0	91	255	105	0	4	0	4	0	141	222	53	0	2	0	2	0	181	184	0	2	0	0	0	6	170	198	45	0	2	0	3	0	88	187	16	0	1	0	0	0	0	2	0	0	0	
0	0	0	0	0	0	0	0	0	2	0	34	206	109	0	3	0	3	0	103	110	52	4	0	0	3	0	112	155	0	2	0	2	0	42	199	131	11	0	1	3	0	77	137	126	33	0	1	1	0	6	172	129	0	2	0	0	0	0	0	0	0	0	0	
0	0	0	1	4	2	0	0	1	0	52	14	0	0	0	0	3	0	107	200	99	50	5	0	2	0	38	148	31	168	57	0	0	0	13	32	32	129	0	0	0	0	2	0	138	54	0	2	0	2	0	66	150	0	3	0	0	1	0	43	47	0	1	0	
0	0	0	0	0	0	0	0	1	0	104	131	94	32	0	1	2	0	168	245	255	117	0	4	0	5	0	101	255	174	11	0	0	0	0	9	0	154	75	0	0	75	45	24	136	247	30	0	0	83	212	234	208	71	0	1	1	0	25	32	0	0	0	0	
0	0	1	0	0	1	0	0	0	0	1	55	15	0	0	0	2	0	115	176	103	0	9	0	0	49	195	21	167	190	24	0	0	7	135	137	169	170	0	3	0	0	4	0	121	120	0	4	0	1	0	18	180	15	0	1	0	1	0	18	59	0	2	0	
0	0	0	0	0	0	0	0	2	0	37	202	229	124	0	2	2	0	37	177	119	181	27	0	0	1	1	0	20	197	23	0	1	0	95	199	255	226	25	0	0	108	255	255	198	153	155	15	0	74	207	94	0	0	4	0	0	0	0	0	1	4	1	0	
0	0	0	3	2	0	0	0	0	2	0	53	182	81	1	0	0	0	2	0	54	242	35	0	2	0	41	118	128	155	0	1	2	0	44	162	214	40	0	2	0	122	95	0	199	49	0	2	0	60	166	189	100	0	0	0	0	0	2	3	0	0	0	0	
0	0	1	1	0	0	0	0	0	1	0	28	102	77	9	0	1	0	19	224	215	148	57	0	4	0	94	235	141	252	48	0	1	0	8	169	255	167	0	0	3	0	153	239	231	26	0	1	2	0	62	214	206	18	0	1	0	1	0	31	19	0	1	0	
0	0	1	0	0	1	1	0	0	0	2	63	6	0	7	2	3	0	79	112	0	16	126	2	0	17	159	37	0	113	99	0	0	71	173	99	124	151	0	0	0	2	3	0	140	47	0	2	0	2	0	44	156	0	1	0	0	1	0	14	18	0	0	0	
0	0	0	0	0	0	0	0	0	0	0	10	100	0	0	0	0	1	0	21	142	0	0	0	0	2	0	52	147	0	3	0	0	3	0	88	119	0	3	0	0	3	0	179	102	0	3	0	0	0	0	141	30	0	1	0	0	0	0	0	0	0	0	0	
0	0	0	0	1	0	0	0	1	0	27	80	26	0	1	0	1	0	83	83	121	15	0	1	0	0	2	0	128	33	0	1	0	1	0	31	157	0	0	0	0	3	0	75	118	0	3	0	0	3	0	128	69	0	2	0	0	1	0	55	11	0	0	0	
0	0	0	0	0	0	0	0	0	0	0	7	144	13	0	1	0	1	0	19	189	9	0	1	0	2	0	46	165	0	2	0	0	3	0	98	125	0	4	0	0	4	0	141	131	0	4	0	0	3	0	116	71	0	3	0	0	0	0	0	0	0	0	0	
0	0	0	5	8	0	0	0	1	0	20	94	118	39	0	2	3	0	79	112	130	45	0	2	1	0	18	164	164	58	0	3	0	0	2	102	31	130	0	1	3	0	69	125	42	143	0	2	1	0	20	142	151	31	0	1	0	0	0	4	5	0	0	0	
0	0	1	0	2	3	0	0	0	0	3	4	0	0	0	0	3	0	120	179	122	72	0	1	0	2	145	30	44	145	0	2	0	0	4	0	74	93	0	3	0	0	5	0	115	65	0	2	0	0	1	0	141	23	0	1	0	0	0	4	101	4	0	0	
0	1	0	27	37	0	1	0	0	2	0	133	68	0	2	0	2	0	64	149	0	2	0	0	3	0	165	58	68	93	0	0	3	0	144	177	160	209	45	0	1	0	23	218	185	74	2	0	0	1	0	29	30	0	1	0	0	0	2	1	0	3	0	0	
0	1	0	16	46	0	0	0	1	0	3	159	162	75	0	3	0	0	8	23	34	138	0	2	0	0	1	0	50	105	0	3	0	14	82	83	225	123	0	4	0	54	188	170	131	84	0	2	0	8	111	103	5	0	1	0	0	0	0	0	2	1	0	0	
0	0	1	2	0	0	0	0	0	0	0	5	43	49	64	25	0	2	0	135	253	219	239	84	3	0	132	255	187	20	8	1	3	0	92	173	250	126	0	5	0	23	24	51	254	80	0	3	0	48	240	242	100	0	2	0	1	0	50	38	0	2	0	0	
0	0	2	1	0	0	1	0	0	3	0	54	225	177	7	0	2	0	60	239	175	231	116	0	0	30	252	117	0	50	191	0	0	175	192	0	0	45	201	0	0	218	109	0	2	170	184	0	0	121	137	60	116	143	27	0	0	0	0	9	5	0	1	0	
0	0	0	0	0	0	0	0	0	0	0	0	133	21	0	1	0	1	0	10	191	25	0	1	0	2	0	44	176	0	0	0	0	3	0	110	137	0	4	0	0	3	0	159	59	0	2	0	1	0	23	144	2	0	0	0	0	0	2	2	0	0	0	0	
0	0	1	4	2	2	0	0	0	0	1	0	0	0	0	0	1	0	19	141	145	122	0	1	3	0	154	175	21	134	14	0	0	8	128	4	29	126	0	2	0	0	2	0	80	69	0	3	0	0	0	10	88	5	0	0	0	2	0	60	128	0	3	0	
0	0	1	1	0	0	0	0	0	1	0	16	65	40	68	24	1	0	10	162	202	202	197	36	2	0	34	172	5	1	2	0	3	0	62	251	67	0	4	1	0	3	0	107	178	0	3	0	0	11	119	197	56	0	2	0	0	10	132	76	0	2	0	0	
0	0	0	0	2	3	0	0	0	0	3	0	79	80	0	3	0	0	2	0	158	53	0	2	0	2	0	55	155	0	2	0	0	3	0	120	85	0	3	0	1	0	8	183	26	0	1	0	1	0	20	140	3	0	0	0	0	0	0	0	0	0	0	0	
0	0	0	0	0	0	0	0	0	2	33	101	221	156	3	0	0	70	253	203	255	232	20	0	0	32	202	189	255	79	0	3	3	0	148	255	215	159	16	0	0	3	223	226	168	255	67	0	2	0	88	183	213	101	0	0	0	0	0	0	0	0	0	0	
0	0	1	0	61	13	0	0	0	0	0	10	164	12	0	1	0	3	0	96	127	0	4	0	0	1	0	157	63	0	0	0	1	0	22	213	219	129	0	2	1	0	18	235	194	162	12	0	0	0	0	40	29	2	0	0	0	0	0	0	0	1	0	0	
0	0	1	0	2	5	0	0	0	1	0	37	128	56	0	2	3	0	106	137	27	0	1	0	4	0	133	154	78	0	1	0	2	0	81	65	139	67	0	3	0	0	2	0	67	143	0	4	0	1	0	91	161	61	0	2	0	0	0	4	5	0	0	0	
0	0	2	0	0	0	2	0	0	1	0	109	212	66	0	2	3	0	92	255	179	220	68	0	1	0	208	165	0	44	205	9	0	61	232	16	8	131	215	11	0	87	255	159	211	240	74	0	0	10	154	167	80	0	1	0	0	0	0	0	0	1	2	0	
0	0	0	0	0	0	0	0	0	2	0	44	86	0	2	0	0	3	0	81	130	0	4	0	0	3	0	77	146	0	3	0	0	2	0	53	165	0	2	0	0	2	0	53	167	0	2	0	0	1	0	26	135	0	0	0	0	0	0	0	0	0	0	0	
0	0	2	1	0	1	0	0	0	0	3	4	0	61	117	0	3	0	132	110	0	161	131	0	0	4	208	50	18	204	17	0	0	36	247	202	226	180	0	3	0	0	64	81	194	65	0	2	0	0	0	0	116	18	0	1	0	0	3	3	1	1	0	0	
0	0	2	0	0	0	0	0	0	0	1	1	0	86	19	0	1	0	40	12	9	178	14	0	0	7	153	0	56	170	0	3	0	20	198	125	200	110	0	4	1	0	48	52	169	57	0	2	0	1	0	11	162	8	0	0	0	0	2	5	20	0	0	0	
0	1	0	28	55	0	2	0	0	3	0	140	100	0	4	0	1	0	24	179	8	0	0	0	4	0	110	140	153	190	6	0	4	0	120	191	239	216	23	0	4	0	111	255	183	75	0	1	1	0	19	73	13	0	1	0	0	0	0	0	2	3	0	0	
0	0	1	3	0	0	0	0	0	0	2	0	17	69	24	0	0	0	0	114	172	215	37	0	3	0	153	149	59	195	8	0	2	0	118	164	240	126	0	3	0	3	0	85	175	0	0	0	1	0	9	194	46	0	2	0	1	0	18	73	0	2	0	0	
0	0	1	1	0	1	0	0	0	0	0	3	3	30	1	0	1	0	18	86	17	122	0	1	2	0	46	172	151	83	0	3	0	0	0	65	172	9	0	1	0	2	0	75	93	0	3	0	0	1	0	152	44	0	1	0	0	0	4	51	0	0	0	0	
0	0	2	1	3	0	0	0	0	0	0	0	3	3	0	0	1	0	117	175	170	55	0	3	0	36	130	12	221	68	0	3	0	27	108	61	177	87	0	4	2	0	95	74	106	98	0	4	0	0	3	0	95	94	0	3	0	0	4	0	42	77	0	3	
0	0	0	0	0	0	0	0	0	0	2	2	0	126	20	0	4	0	103	101	19	176	0	1	4	0	120	75	58	140	0	4	4	0	127	200	217	92	0	4	1	0	22	59	190	51	0	2	0	0	2	0	122	45	0	2	0	0	1	3	1	1	0	0	
0	0	1	1	0	0	0	0	0	1	0	16	96	119	61	4	2	0	32	233	159	70	64	5	3	0	89	182	0	0	1	0	0	13	29	106	129	75	1	0	0	92	129	84	142	217	21	0	0	1	44	81	75	26	0	1	0	0	0	0	0	0	0	0	
0	1	2	0	0	0	0	0	0	0	0	29	85	87	48	12	0	14	124	50	136	146	184	52	0	62	212	83	41	0	1	0	0	10	93	85	129	87	0	3	2	0	48	86	67	145	0	3	1	0	32	176	196	56	0	2	0	0	0	0	0	0	0	0	
1	0	20	38	0	2	2	0	0	6	98	58	0	1	0	0	0	52	59	0	0	51	58	0	0	38	24	0	43	74	75	14	0	47	46	0	66	50	56	3	0	14	107	36	36	115	33	0	1	0	14	70	79	69	0	0	0	1	1	0	0	0	1	0	
0	0	1	0	0	1	4	2	2	0	33	146	62	0	1	0	1	0	179	160	86	16	115	75	0	2	200	81	113	207	145	37	2	0	31	236	241	36	0	2	2	0	52	183	126	97	0	5	2	0	34	208	255	114	0	4	0	1	0	28	49	3	0	0	
0	0	1	0	0	2	0	0	0	0	0	60	77	5	0	0	2	0	72	124	76	64	9	0	0	15	164	6	27	144	4	0	0	0	111	110	145	82	0	3	0	0	0	0	146	22	0	1	0	2	0	44	131	0	2	0	0	1	0	21	36	0	1	0	
0	1	1	0	0	0	1	0	0	0	6	85	162	120	7	0	0	0	183	255	206	209	152	0	0	104	254	70	0	23	196	23	0	160	168	0	2	15	191	34	0	110	252	116	170	234	151	0	0	16	171	239	202	87	6	0	0	0	2	9	1	0	2	1	
0	0	0	0	0	0	0	0	0	1	0	15	147	10	0	1	0	3	0	78	183	0	1	0	0	4	0	117	160	0	4	0	0	4	0	151	152	0	4	0	0	1	0	188	70	0	2	0	1	0	5	153	21	0	1	0	0	0	0	0	1	0	0	0	
0	1	0	77	19	0	1	0	2	0	35	216	27	0	2	0	2	0	166	108	0	17	1	0	0	3	176	36	134	230	86	0	0	12	145	108	131	202	107	0	2	0	161	255	160	106	0	1	1	0	13	68	41	0	1	0	0	0	1	0	0	2	0	0	
0	0	0	0	0	1	0	0	1	0	76	144	69	0	0	0	0	29	183	65	179	69	0	3	0	42	114	0	112	106	0	4	0	1	2	0	146	36	0	1	1	0	61	166	207	71	2	0	0	0	146	116	24	152	103	0	0	0	0	0	0	6	26	0	
0	0	0	0	1	1	0	0	0	23	103	46	6	0	0	0	0	38	180	129	140	13	1	1	0	2	0	61	182	4	0	1	1	0	91	194	37	57	150	90	0	4	226	221	169	136	82	26	0	0	39	62	20	0	1	0	0	0	0	0	0	3	3	1	
0	0	0	1	0	0	0	0	0	3	0	88	174	11	0	1	0	0	0	170	208	45	0	2	0	1	0	129	243	39	0	2	0	3	0	75	186	102	0	4	0	0	9	133	116	111	0	4	0	1	0	129	164	14	0	1	0	0	0	4	4	0	0	0	
0	0	0	36	32	0	1	0	0	1	0	167	201	32	0	2	0	1	1	0	38	148	0	2	0	1	0	108	191	119	0	3	4	23	0	86	155	87	0	3	0	142	160	80	174	122	0	4	0	11	94	162	116	6	0	1	0	1	0	0	0	0	0	0	
0	2	0	52	32	0	1	0	2	0	39	202	32	0	3	0	1	0	181	81	0	52	2	0	0	48	176	0	153	173	106	0	0	50	177	106	91	55	156	0	2	0	144	241	169	176	24	0	0	0	1	36	73	15	0	1	0	0	2	0	0	2	1	0	
0	0	0	0	0	0	0	0	0	0	0	2	113	10	0	0	0	0	0	0	164	23	0	1	0	1	0	22	148	0	0	0	0	2	0	64	146	0	3	0	0	3	0	107	107	0	3	0	0	3	0	97	68	0	2	0	0	0	0	0	1	0	0	0	
0	0	1	1	1	3	0	0	0	1	0	27	181	71	0	2	1	0	7	194	95	0	2	0	3	0	82	219	90	22	0	1	4	0	164	135	107	121	0	4	3	0	107	108	96	126	0	4	0	1	0	93	188	65	0	3	0	0	2	1	3	0	0	0	
0	0	0	0	0	0	0	0	2	0	42	140	71	0	1	0	1	0	27	69	178	15	0	1	1	0	17	157	178	90	0	2	0	0	11	23	13	134	0	0	0	2	27	0	115	86	0	3	0	11	127	144	106	0	1	0	0	0	43	34	0	2	0	0	
0	0	0	0	1	1	0	0	0	0	8	97	4	74	16	0	2	0	48	186	42	201	6	0	4	0	157	144	101	213	7	0	3	0	181	211	235	150	11	0	0	0	9	51	213	16	0	1	0	4	0	123	142	0	4	0	0	1	0	31	17	0	0	0	
0	1	0	30	72	0	2	0	0	3	0	150	133	0	5	0	1	0	31	191	9	3	0	0	3	0	75	192	164	187	20	0	4	0	108	255	52	154	107	0	3	0	56	222	169	207	29	0	0	1	0	44	93	18	0	1	0	0	1	0	0	1	1	0	
0	0	0	0	0	0	0	0	0	12	126	169	67	0	1	0	0	43	169	139	179	0	1	0	0	1	0	138	203	17	0	1	1	0	41	138	101	162	34	0	0	0	0	4	0	162	106	0	0	0	1	122	206	208	34	0	0	1	0	14	51	16	0	1	
0	0	1	0	0	0	0	0	0	1	0	82	146	143	145	39	3	0	95	191	132	109	67	16	4	0	127	172	26	0	1	0	0	0	0	56	154	108	0	3	0	62	106	1	64	188	9	0	0	51	218	209	206	93	0	2	0	0	13	16	0	0	0	0	
0	1	1	0	0	2	0	0	1	0	37	107	0	1	0	0	0	1	204	134	0	55	3	0	0	38	179	190	80	181	0	0	1	0	2	125	255	152	0	3	0	1	4	0	190	73	0	3	0	0	0	4	193	42	0	2	0	0	0	0	24	3	0	0	
0	0	0	0	0	0	1	0	0	3	0	102	49	0	2	0	0	3	0	106	97	0	41	4	0	3	0	75	90	0	48	4	0	4	0	116	100	0	3	0	0	4	0	141	92	0	5	0	0	3	0	99	54	0	2	0	0	0	0	0	0	0	0	0	
0	0	0	0	0	0	0	0	0	1	0	20	75	12	0	1	0	0	2	163	107	23	0	1	1	0	18	187	79	0	2	0	0	0	1	0	172	36	0	2	0	1	0	23	159	11	0	1	1	0	17	157	55	0	2	0	2	0	46	54	0	2	0	0	
0	0	2	0	2	0	0	0	0	1	0	112	207	104	0	1	3	0	80	173	18	28	2	0	3	0	167	97	29	85	22	0	2	0	35	205	254	226	33	0	1	0	22	217	80	174	40	0	1	0	24	158	161	124	0	1	0	0	0	3	11	0	0	0	
0	0	2	1	0	0	0	0	0	1	0	14	126	161	0	0	2	0	54	194	230	186	0	1	4	0	130	194	174	38	0	2	3	0	74	255	173	3	0	1	1	0	20	190	230	181	0	2	0	2	0	65	204	133	0	2	0	0	0	0	0	0	0	0	
0	0	0	0	0	0	0	0	0	0	9	19	14	78	0	1	2	0	56	129	23	163	0	2	4	0	101	136	96	169	0	3	2	0	54	204	240	108	0	2	0	1	0	17	155	4	0	0	0	1	0	47	162	0	2	0	0	0	0	12	27	0	0	0	
0	0	0	0	0	0	0	0	1	0	18	99	108	66	0	2	3	0	156	106	21	84	0	1	2	0	88	113	141	62	0	2	0	2	0	102	119	86	16	0	2	0	41	149	0	104	77	0	0	0	2	103	108	138	31	0	0	0	0	2	52	36	0	1	
0	0	0	0	0	1	1	0	1	0	7	169	197	47	0	2	3	0	60	255	214	226	22	0	2	0	177	130	0	206	111	0	0	26	167	3	0	200	110	0	0	35	197	56	169	207	4	0	0	0	158	229	184	31	0	2	0	0	0	0	0	1	1	0	
0	0	0	0	0	0	0	0	1	0	26	58	57	8	0	0	2	0	75	107	176	22	0	1	0	2	0	100	91	0	3	0	0	1	0	107	145	36	0	2	0	0	2	0	54	118	0	3	1	0	12	52	121	45	0	2	1	0	15	99	54	0	1	0	
0	3	5	3	0	1	0	0	0	0	0	0	13	8	0	0	0	82	142	161	205	155	0	0	0	90	134	72	45	188	10	0	0	0	3	0	118	138	0	4	0	3	3	6	195	39	0	2	0	3	0	100	157	0	3	0	0	3	0	123	74	0	2	0	
0	0	0	0	0	0	0	0	0	0	3	0	79	120	0	3	0	0	1	0	166	66	0	2	0	2	0	56	160	0	2	0	0	4	0	132	101	0	3	0	1	0	11	191	30	0	1	0	2	0	41	177	7	0	1	0	0	0	0	0	0	0	0	0	
0	0	0	0	0	0	0	0	2	0	40	73	36	103	111	12	4	0	138	205	190	158	104	25	2	0	60	171	137	7	0	1	0	0	2	0	80	110	0	4	0	28	100	0	94	177	0	2	0	14	183	223	198	61	0	2	1	0	13	49	7	0	0	0	
0	0	0	0	1	0	0	0	0	0	2	0	76	87	0	3	0	0	0	0	171	53	0	2	0	2	0	70	172	0	2	0	0	4	0	131	107	0	3	0	0	1	0	174	46	0	2	0	0	0	1	138	19	0	1	0	0	0	0	0	0	0	0	0	
0	0	1	0	0	0	2	1	1	0	16	133	145	29	0	1	4	0	159	172	119	87	47	18	3	0	141	87	51	200	142	8	1	0	10	231	238	67	0	2	3	0	87	225	168	0	3	1	4	0	124	255	137	0	1	0	0	0	7	45	5	0	0	0	
0	0	2	0	0	0	0	0	0	1	0	33	125	61	0	2	2	0	80	164	142	101	0	4	0	13	120	0	68	75	0	3	0	3	1	13	154	19	0	1	1	0	0	155	239	91	0	3	2	0	49	108	24	153	0	0	0	0	0	0	0	20	4	0	
0	0	0	0	0	0	3	1	1	0	10	164	232	74	0	3	4	0	100	186	57	81	64	30	3	0	71	144	24	191	145	13	0	1	0	183	255	108	0	2	3	0	141	255	201	38	0	3	2	0	100	208	177	23	0	1	0	0	0	0	1	0	0	0	
0	0	0	0	0	0	0	0	0	83	122	125	110	17	0	1	0	51	81	77	180	189	0	1	1	0	9	94	234	130	0	3	0	4	153	186	161	174	32	0	1	0	53	12	0	161	142	0	3	0	115	170	183	201	47	0	0	0	2	52	61	14	0	1	
0	0	0	0	0	0	0	0	2	0	29	206	133	0	0	0	1	0	21	78	173	68	0	3	0	4	0	102	237	85	0	3	0	0	0	18	23	140	0	0	0	55	86	19	136	139	0	2	0	36	171	207	154	11	0	1	0	0	0	0	0	1	0	0	
0	0	0	2	3	0	0	0	0	0	2	0	0	0	0	0	0	1	0	43	88	1	9	6	0	2	77	165	150	86	82	22	0	29	135	95	83	2	0	0	0	0	3	0	77	81	0	4	0	1	2	6	103	31	0	1	0	1	0	17	37	0	1	0	
0	0	2	0	0	1	0	0	0	0	0	10	19	0	0	0	3	0	102	191	174	76	0	3	1	0	47	19	61	136	0	4	0	0	3	0	144	62	0	2	0	2	0	49	142	0	1	0	0	2	0	132	46	0	2	0	1	0	16	102	0	1	0	0	
0	0	0	1	1	0	0	0	0	1	0	25	82	0	2	0	0	2	0	65	126	0	3	0	0	3	0	106	131	0	4	0	0	3	0	107	102	0	3	0	0	4	0	142	106	0	3	0	0	3	0	97	54	0	2	0	0	0	0	0	0	0	0	0	
0	0	0	0	0	2	0	0	0	2	0	44	142	136	5	0	0	3	0	111	117	58	3	0	0	2	0	80	210	93	0	3	3	0	75	191	160	13	0	1	4	0	124	106	111	24	0	1	1	0	11	180	137	0	1	0	0	0	0	1	0	0	0	0	
0	0	0	2	14	1	0	0	1	0	13	85	115	94	0	3	1	0	31	35	107	51	0	2	1	0	10	133	154	22	0	1	0	0	10	16	12	117	3	0	0	17	82	0	44	126	3	0	1	0	92	125	116	19	0	1	0	0	2	13	1	1	0	0	
0	0	1	3	0	1	0	0	0	0	0	3	20	0	0	0	1	0	14	133	192	66	0	3	4	0	98	188	171	90	0	4	1	0	14	85	186	24	0	1	0	1	0	22	150	0	0	0	0	2	0	63	132	0	3	0	0	1	0	42	73	0	2	0	
0	0	0	0	0	0	0	0	0	14	124	125	112	76	4	0	0	12	91	83	101	230	30	0	0	0	1	93	200	60	0	2	0	4	153	164	142	101	0	2	0	13	81	0	83	169	0	3	0	3	142	171	164	23	0	1	1	0	25	59	4	0	0	0	
0	0	0	0	8	28	0	0	0	0	4	0	154	132	0	4	0	0	3	0	59	126	0	2	0	0	9	32	78	108	0	3	0	4	155	167	241	111	0	3	0	20	159	141	115	6	3	0	2	0	73	119	0	0	0	0	0	0	0	0	2	1	0	0	
0	0	0	0	0	0	0	0	0	0	0	0	31	46	0	0	0	1	0	32	104	135	0	3	0	0	2	0	95	43	0	2	0	2	0	62	99	0	2	0	1	0	8	121	14	0	0	0	3	0	96	68	0	2	0	0	0	0	59	7	0	0	0	0	
0	0	0	3	55	1	0	0	0	2	0	56	151	0	2	0	0	2	0	172	62	0	2	0	2	0	43	125	54	63	0	2	3	0	61	142	155	130	0	2	2	0	27	225	165	71	0	2	0	1	0	42	72	2	0	0	0	0	1	1	0	1	0	0	
0	1	0	14	16	0	1	0	0	2	0	143	62	0	3	0	2	0	45	158	0	17	0	0	3	0	96	93	72	208	50	0	4	0	126	90	127	162	46	0	2	0	153	128	214	80	0	2	2	0	59	132	35	0	1	0	0	0	0	0	0	2	0	0	
0	0	0	0	0	0	0	0	1	0	2	151	188	40	0	2	1	0	14	111	129	130	0	4	0	0	1	0	173	62	0	2	0	1	0	158	129	0	3	0	3	0	151	193	59	80	0	2	3	0	125	197	170	65	0	2	0	0	0	2	0	0	0	0	
0	0	0	3	2	0	1	0	0	3	9	0	0	2	1	0	0	46	187	110	36	0	16	1	0	85	126	28	126	149	135	0	0	126	42	0	0	126	64	0	1	27	3	0	28	139	0	0	0	0	4	0	97	90	0	3	0	1	2	0	78	21	0	1	
0	0	1	0	0	0	0	0	0	0	3	86	149	191	122	3	3	0	85	142	100	71	16	1	4	0	136	136	36	0	1	0	0	0	28	92	158	77	0	3	0	17	161	57	80	157	0	3	2	0	83	189	218	100	0	3	0	0	0	0	0	0	0	0	
0	0	1	1	0	0	1	0	0	1	0	49	156	101	0	1	3	0	68	173	87	195	61	0	1	0	34	19	0	180	70	0	0	4	73	153	224	233	133	8	0	123	209	202	198	9	1	1	0	66	142	97	7	0	1	0	0	0	0	0	2	1	0	0	
0	0	0	0	1	0	0	0	0	0	115	134	20	0	1	0	0	6	169	190	134	0	3	0	1	0	4	154	234	30	0	2	3	0	69	166	98	159	7	0	0	0	7	13	0	170	33	0	1	0	17	190	227	128	0	2	0	1	0	34	44	0	0	0	
0	1	1	0	1	1	2	0	1	0	33	14	0	5	0	0	0	22	146	0	24	170	44	0	0	49	167	44	171	180	21	0	0	0	134	153	208	80	0	3	0	0	3	0	151	79	0	3	0	0	5	0	54	146	0	1	0	0	0	0	0	86	21	0	
0	0	0	0	0	0	0	0	0	0	2	0	140	40	0	2	0	1	0	15	205	32	0	2	0	3	0	74	202	0	1	0	0	3	0	129	128	0	3	0	0	1	0	209	86	0	3	0	0	2	0	150	71	0	3	0	0	0	0	0	0	0	0	0	
0	0	0	2	0	46	15	0	0	0	0	2	142	151	14	0	0	1	0	133	106	0	1	0	3	0	71	236	95	11	0	0	2	0	166	142	115	137	0	3	2	0	160	90	90	141	0	3	2	0	32	139	120	23	0	1	0	0	0	0	0	1	0	0	
0	1	4	3	4	2	0	0	0	0	0	0	0	1	0	0	0	39	184	189	190	64	0	2	0	17	149	166	170	183	3	0	0	0	1	0	33	181	1	0	0	1	7	0	114	124	0	4	0	0	0	1	163	26	0	1	0	2	0	44	171	0	1	0	
0	0	0	10	9	0	0	0	1	0	35	79	106	59	0	2	0	0	5	0	39	117	0	3	0	0	2	0	82	44	0	2	0	1	0	66	173	41	0	1	2	0	74	191	50	78	0	2	2	0	122	68	0	2	0	0	0	0	0	1	2	1	0	0	
0	0	0	0	1	1	0	0	0	15	102	151	70	0	2	0	0	62	173	95	194	24	0	1	0	3	0	87	255	106	0	2	0	2	0	66	53	152	54	0	0	1	17	2	0	166	82	0	2	0	136	206	202	119	0	1	1	0	11	58	27	0	1	0	
0	0	1	1	0	1	0	0	0	1	1	7	0	30	51	0	1	0	23	102	0	115	46	0	0	6	160	37	34	118	0	2	0	7	83	96	171	60	0	2	0	2	0	49	121	0	3	0	0	3	0	110	73	0	2	0	0	1	0	21	8	0	0	0	
0	0	2	1	1	2	0	0	0	0	0	9	11	0	0	0	2	0	39	193	170	58	0	2	2	0	179	189	206	163	0	4	2	0	131	174	185	89	0	4	0	0	3	0	144	45	0	2	0	1	0	13	156	9	0	1	0	1	0	24	105	0	1	0	
0	0	0	0	0	0	0	0	0	1	0	27	51	0	2	0	0	2	0	53	86	0	3	0	0	2	0	45	81	0	3	0	0	2	0	54	83	0	3	0	0	2	0	66	77	0	3	0	0	2	0	56	49	0	2	0	0	0	0	0	0	0	0	0	
0	0	0	1	1	0	0	0	0	0	2	0	133	52	0	2	0	1	0	21	202	28	0	1	0	3	0	80	193	0	1	0	0	3	0	180	117	0	3	0	2	0	26	235	47	0	2	0	2	0	44	162	0	0	0	0	0	0	0	0	1	0	0	0	
0	1	2	0	0	2	1	0	1	0	13	94	134	13	0	2	0	23	179	175	244	132	10	0	0	137	118	0	6	89	151	6	0	136	120	0	7	0	130	64	0	14	171	136	89	113	155	20	1	0	8	83	123	105	26	0	0	1	2	0	0	0	1	1	
0	0	2	1	0	0	0	0	0	1	0	31	92	57	0	0	3	0	66	222	205	191	8	0	2	0	143	32	40	172	0	0	3	0	98	181	242	91	0	4	1	0	7	121	211	8	8	3	0	3	0	90	186	0	2	0	0	1	0	38	60	0	1	0	
0	1	0	2	7	0	1	0	2	0	73	155	159	114	3	0	0	34	179	30	0	105	110	0	0	89	82	0	2	3	134	8	0	98	57	0	2	0	121	9	0	58	154	40	46	154	117	0	1	0	99	186	173	113	7	0	0	1	0	0	0	0	1	0	
0	0	0	4	1	0	0	0	0	0	0	0	8	10	0	0	0	0	1	122	194	179	5	0	4	0	93	193	119	168	0	1	3	0	62	164	231	58	0	3	0	2	0	68	147	0	2	0	0	2	0	154	64	0	2	0	0	0	0	120	18	0	1	0	
0	1	0	15	16	0	1	0	0	3	0	119	69	0	2	0	0	0	0	154	24	3	0	0	2	0	50	137	96	176	1	0	4	0	91	134	170	143	0	1	4	0	98	187	207	36	0	2	1	0	27	142	63	0	2	0	0	0	0	0	1	1	0	0	
0	0	0	0	12	27	0	1	0	0	2	0	172	128	0	4	0	3	0	109	174	0	1	0	1	0	24	194	78	62	0	1	4	0	97	205	185	209	13	0	4	0	82	255	202	139	0	0	1	0	5	107	125	9	0	1	0	0	0	0	0	1	0	0	
0	0	0	0	0	0	0	0	0	1	0	24	96	0	2	0	0	1	0	38	131	0	3	0	0	2	0	58	112	0	3	0	0	2	0	67	113	0	3	0	0	3	0	72	118	0	3	0	0	1	0	41	88	0	2	0	0	0	0	0	1	0	0	0	
0	0	0	2	0	2	0	0	0	0	1	1	19	3	0	9	0	3	0	117	255	145	0	14	3	0	59	233	85	197	62	0	3	0	170	80	0	200	56	0	3	0	169	201	224	125	0	2	1	0	31	143	68	0	2	0	0	0	0	0	0	3	0	0	
0	1	0	46	58	2	0	0	1	0	124	161	158	107	0	3	0	73	179	0	0	167	49	0	0	154	78	0	0	155	154	0	0	142	182	80	0	217	155	0	0	49	231	243	232	237	38	0	2	0	43	136	136	38	0	1	0	1	0	0	0	1	1	0	
0	0	1	2	0	1	0	0	0	0	0	4	72	16	0	1	1	0	3	162	186	42	0	1	4	0	100	122	6	172	12	0	4	0	106	177	207	116	0	4	1	0	17	39	122	35	0	1	0	0	0	7	153	11	0	0	0	0	0	14	58	0	1	0	
0	0	0	0	24	6	0	0	0	3	0	75	177	5	0	1	0	1	0	178	54	0	2	0	1	0	0	199	75	0	1	0	0	1	0	184	197	70	0	3	0	2	0	161	224	116	0	4	0	2	0	49	149	24	0	1	0	0	0	0	0	0	0	0	
0	0	0	0	0	0	0	0	0	1	0	175	164	0	0	0	0	0	3	32	166	48	0	2	0	2	0	89	249	72	0	3	0	0	7	89	105	123	0	2	3	0	107	63	81	146	0	2	2	0	38	207	203	45	0	2	0	0	0	0	0	0	0	0	
0	0	0	0	0	0	0	0	0	2	0	65	138	0	2	0	0	4	0	142	194	0	2	0	0	4	0	125	188	0	2	0	0	4	0	126	184	0	3	0	0	4	0	154	216	0	0	1	0	3	0	84	155	1	0	1	0	0	0	0	0	0	0	0	
0	0	4	3	0	1	0	0	0	0	0	0	12	3	0	0	0	5	131	199	237	92	0	3	0	28	209	107	111	139	0	4	0	0	3	0	103	111	0	4	0	1	0	13	200	41	0	2	0	3	0	144	170	0	3	0	0	1	0	141	45	0	2	0	
0	0	0	0	0	0	0	0	0	1	0	15	107	2	0	0	0	2	0	55	217	3	0	1	0	2	0	68	165	0	2	0	0	3	0	116	112	0	3	0	0	3	0	184	95	0	3	0	0	0	3	165	26	0	1	0	0	0	3	21	0	0	0	0	
0	0	1	0	0	1	1	0	0	2	0	139	64	124	23	0	3	0	90	233	6	136	109	0	0	0	213	99	0	82	163	0	0	60	174	0	0	165	119	0	0	43	202	125	217	220	18	0	0	0	150	227	133	10	0	1	0	0	0	0	0	1	1	0	
0	0	0	0	0	0	0	0	0	28	53	0	36	37	0	1	0	55	137	0	107	108	0	4	0	40	155	70	211	101	0	4	0	2	151	108	82	88	0	3	0	0	2	0	54	150	6	0	0	0	3	0	21	211	29	0	0	0	0	0	1	21	1	0	
0	0	1	1	1	0	0	0	0	0	0	1	5	68	1	0	0	0	15	74	49	138	0	2	3	0	74	176	149	60	0	2	1	0	18	142	188	3	0	1	0	2	0	65	96	0	3	0	0	3	0	140	83	0	2	0	0	0	0	22	6	0	0	0	
0	0	0	0	0	0	0	0	1	0	11	142	65	0	1	0	1	0	3	164	186	0	1	0	0	3	0	77	137	0	3	0	0	2	0	105	154	7	0	1	0	0	4	0	130	60	0	2	0	2	74	125	153	10	0	1	0	0	42	62	14	0	1	0	
0	0	1	2	0	0	7	3	0	1	0	6	140	189	172	58	1	0	37	91	146	66	9	2	3	0	79	174	4	0	1	0	0	23	34	89	179	66	0	3	0	76	185	56	166	102	0	4	0	9	133	198	161	6	0	1	0	0	0	0	0	0	0	0	
0	0	1	0	0	0	0	0	1	0	22	171	43	28	17	0	3	0	95	153	107	126	69	0	0	8	137	5	0	0	0	0	0	2	131	132	101	72	7	0	0	0	3	20	81	168	15	0	1	0	90	136	120	28	0	1	0	0	11	5	0	1	0	0	
1	1	0	2	0	1	2	0	14	15	0	0	105	40	0	2	0	3	0	117	255	218	33	0	3	0	88	226	5	144	141	0	1	0	189	64	3	191	111	0	0	4	214	228	254	171	2	0	1	0	63	139	64	0	0	0	0	0	0	0	0	2	1	0	
0	0	3	2	0	0	0	0	0	0	0	0	25	77	83	14	1	0	76	147	159	124	104	30	0	0	191	126	0	0	0	0	1	0	17	127	126	7	3	1	0	0	4	0	131	78	0	3	2	0	44	125	138	13	0	1	2	0	57	118	12	0	1	0	
0	0	2	1	0	2	0	0	0	1	0	12	33	4	1	0	2	0	62	197	148	62	34	0	0	7	182	46	57	197	43	0	0	8	174	109	137	131	0	3	0	0	8	0	124	50	0	2	0	1	0	20	156	1	0	0	0	1	0	32	81	0	2	0	
0	0	1	0	0	0	0	0	1	0	17	116	143	65	0	2	3	0	172	132	183	186	0	3	3	0	126	173	196	37	0	2	0	1	0	199	216	9	0	1	2	0	53	149	153	78	0	3	2	0	51	214	172	19	0	1	0	0	0	32	20	0	1	0	
0	0	0	7	27	0	1	0	0	1	0	138	178	82	0	3	0	4	1	45	23	166	14	0	0	0	1	1	11	173	30	0	0	84	141	188	252	174	0	2	0	147	203	182	85	96	96	0	0	0	13	9	0	8	64	0	0	2	0	1	3	2	0	0	
0	0	0	0	1	0	0	0	0	0	2	0	95	35	0	1	0	0	0	0	163	32	0	1	0	1	0	38	182	0	0	0	0	3	0	81	134	0	4	0	0	3	0	130	78	0	3	0	0	2	0	113	43	0	1	0	0	0	0	0	0	0	0	0	
0	0	0	0	0	9	1	0	0	1	13	104	171	151	42	0	0	4	211	133	18	3	6	0	2	0	72	161	173	60	0	2	1	0	20	212	207	86	0	3	4	0	120	139	52	167	0	3	2	0	34	158	185	62	0	2	0	0	0	6	4	0	0	0	
0	0	0	0	1	4	0	0	0	1	0	108	195	138	0	0	1	0	28	104	19	7	1	0	3	0	61	185	161	40	0	2	3	0	80	59	52	124	0	3	0	4	34	8	80	97	0	3	0	0	128	193	158	16	0	1	0	0	0	1	0	0	0	0	
0	0	0	0	0	0	0	0	0	0	3	0	141	92	0	3	0	1	0	10	239	106	0	4	0	3	0	97	234	8	0	1	0	1	0	211	149	0	3	0	3	0	64	255	56	0	3	0	3	0	79	192	13	0	1	0	0	0	0	0	0	0	0	0	
0	0	0	1	0	0	0	0	0	2	0	38	195	31	0	2	0	4	0	123	129	0	2	0	0	3	0	104	182	3	0	1	0	0	2	0	185	83	0	3	1	0	18	113	218	30	0	2	3	0	85	206	53	0	1	0	0	0	0	0	1	1	0	0	
0	0	1	2	0	0	0	0	0	0	1	0	13	69	0	1	1	0	29	35	33	128	0	3	4	0	156	111	79	102	0	4	3	0	114	220	226	41	0	2	0	1	0	33	158	0	0	0	0	1	0	40	148	0	2	0	0	0	0	8	25	0	0	0	
0	3	1	0	0	0	0	0	0	0	3	31	51	49	1	0	0	110	175	110	193	227	10	0	0	58	32	104	98	34	0	1	0	2	0	153	118	0	2	0	0	2	3	0	138	91	0	3	0	1	0	34	134	139	0	4	0	2	0	61	136	26	0	1	
0	0	0	0	0	0	0	0	2	0	35	160	37	0	2	0	2	0	35	146	183	19	0	1	0	3	0	85	220	10	0	1	0	1	0	28	108	38	0	2	0	0	4	0	91	87	0	3	2	0	35	177	197	24	0	1	0	0	2	52	27	0	1	0	
0	0	0	0	0	0	0	0	0	2	0	44	182	23	0	1	0	2	0	167	224	107	0	4	3	0	69	149	100	154	0	4	4	0	158	79	72	165	0	4	4	0	134	125	153	122	0	4	1	0	16	183	189	13	0	1	0	0	1	0	0	0	0	0	
0	0	2	3	0	0	0	0	0	0	1	0	34	92	144	103	1	0	34	120	200	173	94	34	1	0	169	81	0	1	0	0	2	0	87	172	57	0	5	1	0	9	29	48	184	6	0	1	0	9	191	213	173	7	0	1	1	0	13	34	4	0	0	0	
0	0	2	0	0	0	0	0	0	0	3	75	90	65	3	0	3	0	121	211	128	240	16	0	0	36	186	0	67	225	5	0	0	56	217	125	251	150	0	4	1	0	134	182	209	96	0	4	0	0	4	0	110	158	0	4	0	0	5	0	37	74	0	1	
0	1	0	33	93	0	0	0	0	2	0	52	215	36	0	2	0	0	2	0	38	83	0	3	0	1	0	24	79	112	0	3	3	0	68	229	255	101	0	4	4	0	136	255	143	108	15	0	1	0	21	51	0	7	4	0	0	0	0	0	3	2	0	0	
0	1	0	0	0	0	0	0	2	0	74	145	25	0	1	0	0	44	182	147	226	17	0	1	0	82	159	153	242	23	0	1	0	2	106	63	97	134	0	3	0	0	0	1	0	159	33	0	1	0	19	163	148	190	60	0	0	0	0	15	34	44	4	0	
0	0	3	2	0	0	0	0	0	0	0	2	27	13	0	0	1	0	86	197	200	140	0	1	0	30	219	77	32	154	30	0	0	0	147	185	183	201	6	0	0	0	8	25	65	128	0	3	0	0	5	0	106	104	0	4	0	0	3	0	74	75	0	3	
1	3	1	0	0	0	0	0	0	0	3	52	78	9	0	1	49	145	163	191	230	99	0	4	19	56	31	0	169	81	0	3	0	1	0	52	228	205	29	0	1	4	0	117	236	105	28	0	0	3	0	82	191	0	2	0	0	1	0	25	48	0	2	0	
0	0	0	0	0	0	0	0	0	0	1	0	21	99	0	2	3	0	78	32	45	129	0	3	2	0	127	14	103	89	0	3	3	0	128	148	186	41	0	2	1	0	5	171	201	0	1	0	0	2	0	67	100	0	3	0	0	0	1	3	0	0	0	0	
0	0	0	1	3	1	0	0	0	7	16	0	0	0	0	0	0	16	144	154	136	8	0	1	0	0	12	16	175	47	0	2	1	0	24	170	217	125	12	0	0	1	0	90	137	0	3	0	0	3	0	70	92	0	3	0	0	1	0	41	72	0	2	0	
0	0	2	0	0	1	1	0	1	0	15	187	159	22	0	1	3	0	80	255	227	236	28	0	0	0	217	151	0	144	130	0	0	20	205	22	0	102	146	0	0	0	192	184	176	255	78	0	2	0	64	218	223	86	0	1	0	0	0	0	0	0	2	0	
0	0	0	1	0	1	0	0	0	0	0	7	25	0	0	0	0	1	0	92	123	43	0	2	3	0	79	118	150	85	0	3	3	0	77	131	164	22	0	1	0	0	0	8	130	5	0	0	0	1	0	31	122	0	2	0	0	1	0	20	58	0	2	0	
0	0	14	7	0	0	0	0	3	0	137	207	16	0	1	0	1	0	14	118	132	0	4	0	0	2	0	44	160	0	2	5	1	0	13	196	151	117	154	76	0	5	212	255	223	146	19	3	0	3	97	60	6	0	0	0	0	0	0	0	0	3	1	0	
0	0	0	0	0	0	0	0	0	2	0	92	151	59	0	2	0	1	0	86	212	210	0	0	0	2	0	59	200	43	0	1	0	11	0	32	158	29	0	1	0	66	147	20	84	121	0	3	1	0	120	210	201	38	0	2	0	1	0	11	14	0	0	0	
0	0	2	0	0	2	2	0	0	1	0	25	83	8	0	1	3	0	79	242	183	69	81	0	0	4	230	136	5	211	117	0	0	1	167	200	217	204	2	0	0	0	5	0	159	96	0	3	0	1	0	19	204	28	0	1	0	1	0	20	80	0	0	0	
0	0	7	6	0	1	0	0	0	9	107	118	54	0	1	0	0	6	14	9	133	23	0	1	0	0	4	0	84	58	0	2	0	0	7	46	138	44	0	2	3	0	80	102	165	106	0	0	3	0	80	140	24	28	6	0	0	0	2	8	1	1	0	0	
0	0	0	0	1	0	0	0	0	0	1	0	38	107	0	2	0	0	4	0	144	143	0	4	0	1	0	12	203	43	0	2	0	4	0	123	187	0	2	0	1	0	20	234	99	0	3	0	2	0	46	151	0	0	0	0	0	0	0	0	1	0	0	0	
0	0	2	1	0	0	0	0	0	1	0	22	74	12	0	1	2	0	45	217	255	159	0	3	3	0	185	176	217	178	0	3	3	0	125	214	254	87	0	4	0	0	1	0	200	86	0	3	0	1	0	1	225	86	0	3	0	0	2	0	71	38	0	1	
0	2	0	55	72	0	2	0	2	0	32	243	110	0	7	0	1	0	193	125	0	3	0	0	0	30	185	4	11	97	85	2	0	58	142	27	221	220	232	34	0	6	170	242	252	200	88	0	1	0	18	80	55	14	0	0	0	1	1	0	0	0	2	0	
0	0	1	1	0	0	0	0	0	2	0	76	112	90	84	26	1	0	28	150	35	42	23	7	2	0	102	178	103	14	0	1	0	43	64	3	56	131	2	0	0	68	78	0	3	161	25	0	0	0	92	127	152	75	0	2	0	0	1	15	11	0	0	0	
0	0	3	2	2	0	0	0	0	0	0	0	0	7	42	41	1	0	57	45	187	217	213	106	0	3	185	37	81	50	4	0	2	0	111	182	39	0	2	1	0	2	67	112	189	0	1	0	1	0	148	219	158	0	1	0	0	0	0	53	31	0	1	0	
0	0	2	0	0	0	1	1	0	1	0	23	40	50	7	0	2	0	72	180	186	136	139	16	0	44	161	9	15	0	115	45	0	96	65	0	0	70	162	3	0	106	140	118	173	168	26	0	0	33	142	89	43	2	0	1	0	0	0	0	0	2	2	0	
0	0	1	0	0	1	1	0	0	2	0	66	180	9	0	1	1	0	22	189	52	2	28	0	2	0	41	211	155	212	113	0	4	0	112	206	174	41	0	0	4	0	141	141	120	2	1	0	1	0	22	193	103	0	3	0	0	0	0	0	0	0	0	0	
0	0	0	0	0	1	0	0	0	0	25	36	25	0	0	0	0	3	98	101	145	77	0	3	0	0	3	0	97	77	0	3	0	0	2	3	142	20	0	1	0	2	0	50	123	0	3	0	0	2	0	126	50	0	2	0	0	0	2	92	5	0	0	0	
0	0	2	0	0	0	0	0	0	0	0	15	59	63	0	0	3	0	86	197	180	133	0	1	0	82	183	13	0	85	78	0	0	71	209	102	46	197	24	0	0	0	18	0	147	124	0	4	0	2	0	24	219	39	0	2	0	1	0	16	78	0	0	0	
0	0	0	0	0	1	0	0	1	0	12	73	88	24	0	1	3	0	94	191	153	207	8	0	0	0	4	0	84	224	6	0	0	1	0	23	233	95	0	3	1	0	0	204	173	0	2	0	4	0	132	217	6	0	1	0	2	0	62	41	0	2	0	0	
0	0	1	1	0	0	0	0	0	0	1	3	0	107	72	0	2	0	63	54	0	121	59	0	1	0	142	20	42	126	0	1	2	0	171	157	204	96	0	3	1	0	19	197	209	22	0	1	0	3	0	115	64	0	2	0	0	0	2	1	1	2	0	0	
0	0	0	0	0	0	0	0	1	0	12	65	103	145	114	0	4	0	118	209	94	98	66	0	3	0	171	179	0	0	1	0	1	0	17	110	182	30	0	1	0	0	3	0	115	135	0	4	0	78	164	116	132	34	0	1	0	23	61	25	1	0	0	0	
0	1	0	22	46	4	0	0	0	4	0	141	245	52	0	2	0	0	1	3	115	128	0	3	0	2	0	65	177	23	0	1	2	0	54	161	18	4	5	0	3	0	195	181	146	213	32	0	2	0	79	138	108	46	2	0	0	0	0	0	0	0	0	0	
0	0	0	0	0	0	0	0	0	0	0	13	106	0	0	0	0	1	0	25	158	0	0	0	0	1	0	34	134	0	2	0	0	3	0	75	119	0	3	0	0	3	0	116	76	0	3	0	0	1	0	117	24	0	1	0	0	0	0	2	0	0	0	0	
0	0	1	1	3	4	1	0	0	0	0	8	1	0	3	7	1	0	32	100	94	160	189	73	3	0	93	120	66	85	39	3	0	21	22	115	77	0	2	0	0	64	204	165	95	0	5	0	0	1	94	93	4	0	0	0	0	0	0	0	0	0	0	0	
0	0	0	1	3	1	0	0	0	0	2	1	0	9	68	11	0	0	0	6	72	188	134	2	1	0	98	187	170	46	0	1	2	0	161	112	0	1	3	0	1	0	13	112	101	0	2	0	0	1	0	100	125	0	2	0	0	0	0	95	27	0	1	0	
0	0	2	0	1	4	0	0	0	2	0	43	158	187	66	0	3	0	58	225	70	73	151	0	0	22	184	37	0	81	134	0	0	141	108	0	0	178	79	0	0	175	64	25	155	170	0	2	0	69	191	181	112	7	0	1	0	0	4	2	0	2	0	0	
0	0	0	0	0	0	0	0	0	0	3	0	22	64	0	2	0	0	2	0	68	84	0	3	1	0	100	39	96	80	0	0	0	16	209	127	178	102	0	0	1	0	31	55	131	3	0	0	0	0	0	1	88	8	0	0	0	0	2	2	0	0	0	0	
0	0	0	0	1	0	0	0	0	0	2	0	67	77	0	3	0	0	2	0	155	65	0	2	0	1	0	37	165	0	1	0	0	3	0	136	109	0	3	0	1	0	33	183	10	0	1	0	3	0	91	85	0	3	0	0	0	0	1	1	1	0	0	0	
0	0	0	0	0	0	0	0	0	0	73	108	56	50	62	0	0	0	188	104	90	171	24	0	1	0	7	190	164	11	0	1	2	0	74	135	143	32	0	1	1	0	142	8	60	141	0	3	2	0	87	121	141	68	0	2	0	0	4	49	28	0	0	0	
0	0	0	0	0	0	0	0	2	0	52	174	98	0	2	0	1	0	141	105	204	40	0	2	0	1	3	1	191	38	0	2	0	1	0	160	128	0	10	14	0	0	153	255	160	175	168	68	0	10	115	60	55	40	15	0	0	0	0	0	0	0	0	1	
0	0	0	0	1	0	0	0	0	4	53	5	0	1	0	0	0	18	167	13	112	51	0	1	0	4	128	0	132	49	0	2	3	0	109	125	183	64	0	3	0	0	9	40	80	97	0	3	0	0	1	0	25	134	0	1	0	0	1	2	2	67	5	0	
0	0	0	0	0	0	0	0	1	0	76	140	82	2	0	0	0	23	128	66	196	33	0	1	0	3	0	86	234	64	0	2	0	0	1	24	88	194	15	0	0	0	1	0	74	184	14	0	1	0	123	158	169	52	0	2	1	0	40	37	0	1	1	0	
0	0	3	2	0	0	0	0	0	1	0	23	82	105	8	0	1	0	95	158	198	216	0	0	1	0	139	199	202	100	0	3	0	1	0	168	255	48	0	3	3	0	83	255	255	68	0	3	3	0	77	255	160	0	1	0	0	0	0	35	12	0	0	0	
0	0	0	0	0	1	0	0	0	2	0	78	50	0	2	0	0	2	0	166	69	122	3	0	2	0	72	118	81	144	0	4	2	0	172	127	202	54	0	2	0	2	1	126	134	0	3	0	0	3	0	141	56	0	2	0	0	0	0	24	9	0	0	0	
0	0	0	0	0	0	0	0	0	1	0	103	22	0	1	0	0	3	0	142	99	0	3	0	0	3	0	110	115	0	4	0	0	4	0	116	116	0	4	0	0	2	0	70	159	0	3	0	0	1	0	17	134	0	0	0	0	0	0	1	0	0	0	0	
0	0	1	1	0	0	0	0	0	1	0	23	93	141	20	0	1	0	23	201	125	64	7	0	2	0	50	229	104	55	1	0	0	0	6	0	168	227	0	0	1	0	11	115	229	72	0	3	0	29	214	177	41	0	1	0	0	11	39	0	1	2	0	0	
0	0	0	1	0	0	0	0	0	0	1	1	157	180	18	0	0	3	0	136	204	44	17	0	2	0	38	248	77	0	3	0	3	0	159	208	172	57	0	2	2	0	206	76	142	146	0	4	2	0	62	192	181	30	0	2	0	0	0	3	1	0	0	0	
0	0	1	0	36	9	0	0	0	2	0	70	181	22	0	1	1	0	17	179	21	0	1	0	4	0	118	105	0	124	33	0	1	0	156	36	137	216	36	0	1	0	165	176	158	101	0	2	1	0	48	134	51	5	0	0	0	0	0	0	0	1	0	0	
0	0	1	1	0	0	0	0	0	1	0	25	66	6	0	0	1	0	18	156	124	35	0	2	3	0	124	57	0	128	18	0	2	0	109	126	171	157	0	2	0	0	8	25	154	43	0	2	0	3	0	70	141	0	3	0	0	1	0	43	38	0	1	0	
0	0	2	4	4	4	2	0	0	5	4	0	0	0	0	0	0	169	205	145	113	133	116	0	0	215	212	155	184	255	131	0	0	195	71	0	52	254	48	0	0	44	24	0	151	216	0	0	0	1	0	14	241	108	0	4	0	5	0	60	198	24	0	1	
0	0	1	0	5	3	0	0	0	2	0	58	178	86	0	2	1	0	25	178	29	128	22	0	4	0	146	92	0	157	39	0	0	34	173	0	0	160	23	0	0	53	193	10	107	149	0	3	1	0	122	183	140	17	0	1	0	0	0	1	0	1	0	0	
0	0	2	1	0	0	0	0	0	1	0	51	129	93	0	0	3	0	82	142	183	251	20	0	3	0	71	187	165	41	0	1	1	0	17	217	141	0	1	0	4	0	116	100	146	27	0	1	4	0	115	195	123	0	2	0	1	0	14	56	4	0	0	0	
0	1	0	0	0	0	1	1	1	0	65	15	39	78	27	0	0	38	158	34	54	150	192	25	0	90	38	0	5	0	110	58	0	120	47	0	0	77	137	1	0	62	209	164	165	141	24	0	0	0	29	80	38	0	2	1	0	1	0	0	0	3	1	0	
0	0	1	1	0	1	0	0	0	1	0	44	66	0	0	0	1	0	33	127	131	64	0	3	3	0	92	72	58	89	0	3	1	0	20	100	177	45	0	2	0	1	0	24	143	0	0	0	0	3	0	119	82	0	3	0	0	1	0	64	13	0	0	0	
0	0	1	0	11	4	0	0	0	1	0	21	134	54	0	2	1	0	26	208	81	116	7	0	4	0	115	132	0	137	41	0	3	0	144	48	9	183	23	0	3	0	116	144	205	101	0	3	1	0	11	145	63	0	2	0	0	0	1	0	0	2	0	0	
0	0	1	2	0	6	2	0	0	1	2	1	137	191	126	0	0	2	0	165	144	14	160	9	2	0	142	166	0	56	156	0	0	78	167	0	0	177	64	0	0	130	119	16	180	135	0	2	0	25	157	187	103	0	2	0	0	0	0	1	0	2	0	0	
0	0	1	3	1	0	0	0	0	1	3	0	9	142	57	0	0	2	0	108	239	255	138	0	0	1	181	241	41	151	106	0	0	100	229	6	33	225	30	0	0	167	190	86	251	111	0	3	0	57	215	195	73	0	2	0	0	0	0	0	0	2	0	0	
0	0	0	0	2	0	0	0	0	0	0	1	0	138	25	0	0	0	4	0	104	180	0	8	0	1	0	28	208	36	0	5	0	2	0	168	110	0	4	0	3	0	67	199	0	1	0	0	3	0	103	116	0	3	0	0	0	0	0	1	1	0	0	0	
0	0	0	0	0	0	0	0	1	0	15	15	16	87	0	1	4	0	118	117	43	195	0	2	3	0	166	52	76	194	0	2	0	3	214	201	219	123	0	4	0	27	215	58	125	109	0	4	0	3	14	0	74	187	0	0	0	0	1	2	5	34	0	0	
0	1	2	0	1	1	0	0	0	0	0	13	5	0	0	0	0	11	123	138	141	18	0	2	0	14	30	20	152	8	0	1	1	0	16	162	85	35	83	37	1	0	133	185	117	84	53	8	0	0	0	0	0	0	0	0	0	0	1	2	3	3	2	0	
0	1	3	3	2	0	0	0	0	0	0	0	0	2	1	0	0	18	77	79	35	0	0	0	0	125	161	149	186	151	28	0	2	0	106	163	176	239	100	0	0	0	23	25	158	121	0	3	0	1	0	15	123	8	0	0	0	0	0	6	6	0	0	0	
0	0	0	0	0	0	0	0	0	0	48	108	135	87	0	1	0	6	184	114	80	193	8	0	0	0	4	0	109	110	0	2	0	14	0	160	216	21	0	1	0	2	14	17	111	207	0	0	3	0	114	172	140	77	0	0	1	0	24	53	6	0	0	0	
0	0	0	0	0	0	0	0	0	1	0	35	34	0	1	0	0	2	0	50	81	0	3	0	0	2	0	44	78	0	3	0	0	2	0	57	69	0	3	0	0	3	0	82	60	0	2	0	0	2	0	70	31	0	1	0	0	0	0	10	5	0	0	0	
0	0	0	1	0	1	0	0	0	1	0	30	61	0	3	0	0	1	0	146	53	106	10	0	2	0	54	152	52	151	0	3	2	0	47	90	175	75	0	3	0	1	0	32	158	0	0	0	0	3	0	135	91	0	3	0	0	0	0	31	7	0	0	0	
0	0	0	0	0	0	0	0	1	0	24	75	103	81	12	0	0	97	203	107	88	236	114	0	0	17	55	156	219	138	3	0	1	0	14	105	111	162	38	0	0	16	39	36	80	213	70	0	21	169	181	146	119	49	0	1	1	10	1	0	0	0	0	0	
0	0	3	1	3	1	0	0	0	0	0	0	0	7	3	0	0	14	78	41	52	167	32	0	0	20	166	151	182	194	0	1	0	0	2	0	166	73	0	3	0	3	0	71	168	0	2	0	0	0	0	181	63	0	2	0	1	0	27	112	0	1	0	0	
0	0	0	0	1	2	1	0	1	0	14	9	0	1	0	0	3	0	59	175	148	199	88	0	0	0	2	0	98	207	18	0	0	2	0	30	194	31	0	2	1	0	10	183	74	0	4	0	0	0	165	104	0	4	0	0	0	32	120	0	3	0	0	0	
0	0	1	1	0	0	0	0	0	2	0	51	136	114	12	0	1	0	31	156	119	216	21	0	1	0	34	159	156	34	0	1	0	3	0	174	188	0	3	0	2	0	53	127	124	80	0	3	2	0	35	159	167	65	0	3	0	1	0	32	43	0	1	0	
0	0	0	2	2	0	0	0	0	30	40	1	0	1	0	0	0	62	110	123	41	0	3	0	0	1	0	18	129	28	0	1	0	0	10	80	181	130	49	0	0	1	0	40	142	30	22	0	0	3	0	107	51	0	2	0	0	0	0	44	7	0	1	0	
0	0	1	2	0	1	0	0	0	0	0	6	32	3	0	0	0	0	4	122	156	99	0	3	3	0	116	100	122	138	0	4	2	0	96	27	135	109	0	4	0	0	3	0	142	53	0	2	0	2	0	47	154	0	2	0	0	2	0	62	74	0	2	0	
0	0	3	1	0	0	0	0	0	0	0	11	29	0	0	0	1	0	73	115	124	52	0	2	0	0	155	103	132	36	0	2	0	0	5	41	173	27	0	1	0	1	0	11	142	3	0	0	0	1	0	17	153	2	0	0	0	0	0	4	107	8	0	0	
0	0	0	2	0	0	0	0	0	0	2	0	43	127	6	0	0	3	0	115	223	169	46	0	2	0	70	145	47	143	37	0	0	23	165	0	56	154	0	2	0	69	113	0	173	51	0	2	0	37	168	161	83	0	2	0	1	0	47	32	0	2	0	0	
0	0	1	0	0	0	0	0	0	0	0	64	45	0	1	0	3	0	93	147	175	17	0	1	1	0	144	50	196	21	0	1	2	0	67	133	164	58	0	2	0	0	3	0	91	100	0	4	0	0	3	0	44	153	0	2	0	0	0	0	6	63	0	0	
0	0	0	0	1	0	0	0	0	0	0	0	6	135	13	0	0	0	3	0	86	156	0	3	0	0	1	0	169	54	0	2	0	3	0	138	118	0	3	0	3	0	65	196	2	0	0	0	3	0	90	91	0	3	0	0	0	0	0	1	1	0	0	0	
0	1	0	17	50	1	0	0	0	1	0	102	104	54	0	2	0	0	5	6	33	111	0	3	0	0	2	0	69	95	0	3	0	9	81	75	192	81	0	4	0	83	244	183	111	114	89	8	0	2	13	3	0	0	0	0	0	0	0	1	4	3	0	0	
0	0	0	1	0	1	0	0	0	2	0	52	50	19	10	0	0	1	0	145	46	123	12	0	3	0	102	160	94	118	0	3	1	0	36	103	208	18	0	1	0	3	0	96	115	0	3	0	1	0	6	175	29	0	1	0	0	0	3	29	3	0	0	0	
0	0	2	0	0	0	0	0	0	1	0	44	50	0	1	0	2	0	70	153	173	33	0	2	0	9	166	0	167	56	0	2	0	0	120	142	196	84	0	3	0	0	8	23	73	152	0	3	0	0	3	0	26	180	4	0	0	0	0	1	3	61	4	0	
0	0	0	3	2	0	0	0	0	0	0	0	4	50	110	16	0	0	0	71	160	147	93	9	1	0	22	223	61	0	2	0	0	1	0	48	151	15	0	1	0	2	0	34	199	34	0	2	0	66	159	163	63	0	2	0	0	13	36	1	0	0	0	0	
0	0	0	6	13	0	0	0	1	0	17	112	132	56	0	2	0	0	7	0	91	69	0	3	0	2	0	97	184	3	0	1	0	0	1	8	118	63	0	2	0	10	58	0	111	59	0	2	0	0	108	126	97	0	1	0	0	0	2	8	0	0	0	0	
0	0	2	0	49	69	0	2	0	1	4	0	165	77	0	2	0	3	0	78	141	0	3	0	0	2	0	154	48	0	2	0	2	0	43	140	101	109	0	3	2	0	49	215	201	73	0	2	0	0	7	72	51	0	0	0	0	0	0	0	0	1	0	0	
0	0	2	1	3	2	0	0	0	0	0	4	4	0	44	34	3	0	86	222	189	191	185	39	4	0	179	165	68	63	7	0	3	0	99	203	123	1	1	2	1	0	32	16	190	81	0	3	2	0	49	151	200	50	0	2	0	2	0	74	87	0	1	0	
0	0	0	0	0	0	0	0	0	0	12	20	18	3	1	0	2	0	115	179	150	198	32	0	0	0	4	0	47	151	0	1	0	0	1	0	149	44	0	2	0	3	0	77	135	0	3	0	0	0	0	162	37	0	1	0	2	0	44	109	0	2	0	0	
0	0	0	1	0	0	0	0	0	0	3	0	63	51	0	2	0	3	0	46	240	77	0	3	1	0	29	191	186	40	0	2	0	7	180	188	238	75	0	3	0	11	26	51	192	10	0	1	0	3	0	84	152	0	4	0	0	1	0	15	21	0	0	0	
0	0	0	1	0	0	0	0	0	1	0	11	102	124	26	0	0	2	0	137	160	211	71	0	0	3	0	161	184	34	0	1	1	0	3	211	117	0	5	0	3	0	99	154	141	0	3	0	3	0	114	199	93	0	3	0	0	0	12	38	0	0	0	0	
0	0	0	3	4	1	0	0	0	0	1	0	0	0	5	5	0	0	0	73	122	122	112	51	3	0	109	161	46	20	2	0	3	0	116	118	0	2	0	1	0	2	0	158	140	0	4	0	0	0	74	126	40	0	1	0	0	1	18	2	0	0	0	0	
0	0	0	0	0	1	0	0	0	32	130	136	93	1	0	0	0	20	50	20	127	127	0	3	0	0	1	44	123	70	0	2	0	0	3	156	175	16	0	1	0	0	6	0	68	152	0	3	2	0	120	138	148	68	0	2	1	0	19	68	30	0	1	0	
0	0	0	0	2	1	1	0	2	0	38	159	128	100	0	1	4	0	107	90	0	128	52	0	1	0	137	28	0	63	72	0	0	4	124	8	0	60	80	0	1	0	151	25	0	124	56	0	2	0	61	145	146	91	0	1	0	0	0	8	8	0	1	0	
0	0	0	0	1	0	0	0	0	0	0	16	36	0	1	0	0	3	0	72	163	70	0	2	0	0	0	147	133	92	0	4	1	0	7	136	180	32	0	2	0	1	0	36	158	0	1	0	0	3	0	114	99	0	3	0	0	1	0	69	17	0	1	0	
0	0	0	2	8	0	0	0	0	2	0	117	124	24	0	1	0	3	0	101	88	104	0	3	0	2	0	39	130	83	0	3	0	3	0	92	218	30	0	2	1	0	10	188	132	0	3	0	1	0	6	152	99	0	2	0	0	0	0	5	2	0	0	0	
0	0	0	0	2	0	0	0	0	0	3	0	93	72	0	3	0	0	4	0	148	110	0	4	0	1	0	14	210	39	0	2	0	3	0	114	165	0	3	0	0	0	0	205	72	0	2	0	1	0	17	135	3	0	0	0	0	0	0	0	1	0	0	0	
0	0	0	0	0	0	0	0	0	13	8	0	4	1	0	0	0	54	44	0	66	22	0	1	0	13	91	18	72	49	7	0	1	0	17	57	105	88	23	0	0	1	2	0	41	33	0	1	0	0	3	0	64	29	0	1	0	0	1	0	28	7	0	0	
0	0	1	1	0	1	0	0	0	2	0	70	25	13	4	0	1	0	12	167	14	125	24	0	2	0	169	110	8	173	1	0	0	0	114	117	170	115	0	4	0	1	0	11	171	22	0	1	0	3	0	74	98	0	3	0	0	0	0	12	12	0	0	0	
0	1	2	0	0	0	2	0	1	0	3	130	185	68	0	2	0	21	192	253	245	244	75	0	0	120	239	42	5	117	244	31	0	157	196	0	0	41	246	46	0	57	255	160	12	120	217	8	1	0	75	207	193	174	35	0	0	1	0	0	3	1	0	1	
0	0	0	5	35	0	0	0	0	3	0	96	144	0	2	0	1	0	18	184	22	0	1	0	4	0	104	118	0	55	4	0	4	0	125	97	145	214	27	0	3	0	61	247	201	68	0	1	0	0	0	99	33	0	1	0	0	0	1	0	0	3	0	0	
0	0	0	0	1	1	0	0	1	0	6	120	41	0	1	0	1	0	10	217	181	5	0	1	1	0	7	181	148	76	0	3	1	0	35	148	32	102	0	3	1	0	28	151	57	114	0	3	0	2	0	121	194	40	0	2	0	0	0	9	29	0	0	0	
0	0	0	4	74	7	0	0	0	2	0	75	159	0	2	0	0	2	0	157	54	0	2	0	2	0	42	150	17	108	0	0	3	0	94	100	129	238	5	0	3	0	76	191	249	100	0	3	0	0	1	60	54	4	0	0	0	0	1	0	0	2	0	0	
0	0	0	0	0	1	0	0	1	0	24	94	37	0	1	0	2	0	51	132	153	10	0	1	0	41	122	31	204	139	0	3	0	17	155	139	203	92	0	4	0	0	1	0	135	33	0	1	0	1	0	16	213	48	0	2	0	0	0	3	84	18	0	1	
0	0	1	1	0	0	0	0	0	0	0	2	24	14	0	0	1	0	97	128	148	156	0	2	0	0	28	0	104	83	0	3	0	2	0	40	154	0	0	0	0	3	0	138	67	0	2	0	1	0	32	153	0	1	0	0	3	0	69	89	0	3	0	0	
1	3	3	3	4	4	0	0	0	0	0	0	0	0	0	0	44	150	151	152	148	95	6	0	19	46	49	53	50	186	71	0	0	0	2	0	36	174	14	0	1	2	2	0	166	57	0	2	0	2	0	71	156	0	4	0	0	1	0	27	166	22	0	1	
0	0	0	0	0	0	0	0	1	0	8	136	148	38	0	2	3	0	77	136	158	111	0	4	1	0	9	27	137	9	0	1	0	1	0	168	160	2	0	1	0	1	0	15	215	77	0	3	2	0	49	172	106	0	1	0	1	0	34	35	0	1	0	0	
0	0	0	0	0	0	0	0	0	63	131	129	80	1	0	0	0	40	63	98	196	0	1	0	1	0	20	215	146	19	0	1	0	0	8	61	101	163	41	0	0	0	3	2	0	163	113	0	2	0	68	145	169	140	8	0	0	0	2	53	45	0	1	0	
0	0	0	0	0	0	0	0	0	0	5	112	50	0	1	0	0	0	2	31	178	59	0	2	0	2	0	67	137	2	0	1	0	2	0	79	172	16	0	1	0	1	0	45	157	19	0	1	2	0	96	157	27	0	1	0	0	0	40	7	0	1	0	0	
0	0	2	0	0	0	1	0	0	1	0	79	134	113	11	0	2	0	120	124	58	111	114	0	0	49	142	0	0	20	146	0	0	96	72	0	6	0	138	15	0	95	81	0	0	94	125	0	0	20	152	123	142	128	7	0	1	0	12	51	19	0	2	0	
0	0	1	1	1	1	0	0	0	1	0	35	76	0	2	0	0	3	2	112	105	99	3	0	0	1	44	120	85	131	0	4	0	10	97	151	156	65	0	3	0	28	78	98	167	7	0	0	0	7	0	55	118	0	3	0	0	1	0	18	17	0	1	0	
0	0	0	0	0	0	0	0	0	0	0	0	80	15	0	1	0	1	0	36	128	0	1	0	0	3	0	103	72	0	3	0	0	3	0	119	45	0	1	0	0	3	0	97	63	0	2	0	0	2	0	47	79	0	2	0	0	0	0	3	13	0	0	0	
0	0	0	0	0	0	0	0	1	0	37	106	122	108	14	0	0	28	137	54	30	164	26	0	0	6	9	0	101	76	0	3	0	1	0	114	190	85	0	1	0	0	38	0	86	171	0	1	0	38	195	150	130	13	0	1	0	5	51	38	0	1	0	0	
0	0	0	28	24	0	1	0	0	1	0	38	119	17	0	1	0	0	4	0	90	63	0	2	0	0	3	0	96	31	0	1	0	0	1	100	167	0	0	0	3	0	76	160	133	45	0	2	2	0	63	88	3	19	0	1	0	0	0	0	2	0	0	0	
0	0	0	2	0	0	0	0	0	0	0	8	63	95	105	16	0	1	0	127	135	86	64	11	2	0	133	204	58	11	0	1	0	0	69	67	94	195	14	0	0	2	27	29	141	94	0	1	0	89	218	147	52	0	1	0	0	21	26	0	0	3	0	0	
0	0	2	2	0	0	0	0	0	0	0	1	26	10	0	0	1	0	32	155	173	102	0	3	4	0	145	114	169	122	0	3	2	0	34	118	206	81	0	3	0	0	1	0	151	31	0	1	0	2	0	60	136	0	2	0	0	2	0	71	65	0	2	0	
0	0	1	2	0	0	0	0	0	1	0	4	111	86	0	2	1	0	6	182	249	188	3	0	4	0	131	209	135	160	18	0	0	21	185	14	85	184	0	0	0	8	196	14	102	149	0	4	3	0	90	201	203	36	0	2	0	1	0	38	30	0	1	0	
0	0	1	2	0	1	1	0	0	0	0	3	56	6	0	0	1	0	8	105	134	46	14	0	2	0	143	128	110	194	22	0	1	0	93	77	153	91	0	3	0	0	0	10	144	12	0	0	0	3	0	116	87	0	3	0	0	1	0	61	19	0	0	0	
0	0	0	0	0	0	0	0	0	1	0	10	112	25	0	1	0	0	0	1	196	47	0	2	0	1	0	28	181	4	0	0	0	3	0	113	140	0	3	0	1	0	4	186	40	0	2	0	3	0	80	158	0	3	0	0	1	0	15	17	0	0	0	0	
0	1	0	21	22	0	1	0	0	2	0	121	45	0	1	0	1	0	21	170	6	0	1	0	2	0	63	152	2	24	0	1	2	0	37	179	145	148	15	0	0	2	0	119	212	165	41	0	0	0	1	0	50	55	0	1	0	0	0	2	0	0	0	0	
0	1	1	1	0	1	0	0	0	1	0	22	22	0	1	0	0	20	5	135	90	99	22	0	0	28	72	183	43	177	1	0	3	0	83	211	169	153	0	3	0	0	2	7	145	66	0	2	0	0	0	4	156	16	0	1	0	1	0	17	78	0	0	0	
0	0	2	0	0	0	0	0	1	0	11	134	108	125	30	0	2	0	116	103	10	21	5	0	1	0	131	136	104	5	0	0	0	0	3	0	85	109	0	3	1	0	47	6	16	167	12	0	2	0	109	130	130	79	0	0	0	0	1	7	1	0	0	0	
0	1	0	22	91	0	0	0	0	3	0	127	133	0	3	0	1	0	28	174	3	0	0	0	3	0	97	111	0	65	9	0	2	0	149	53	97	192	71	0	2	0	141	142	144	143	27	0	1	0	37	50	68	44	0	1	0	0	0	0	0	1	1	0	
0	0	0	0	0	0	0	0	0	1	6	0	33	30	0	1	0	7	137	117	174	77	0	3	0	0	7	9	149	22	0	1	0	1	0	41	153	0	2	0	0	3	0	99	100	0	3	0	0	3	0	100	126	0	2	0	0	1	0	37	89	0	0	0	
0	0	0	2	0	0	0	0	0	0	2	0	107	152	12	0	0	3	0	116	204	195	73	0	2	0	37	177	0	104	126	0	2	0	156	69	0	171	54	0	0	25	194	0	145	132	0	2	0	6	177	187	128	0	1	0	1	0	23	39	0	2	0	0	
0	0	0	0	0	0	0	0	0	0	0	118	105	10	0	1	0	0	6	49	196	115	0	4	0	1	0	130	163	8	0	1	0	1	0	107	151	13	0	1	0	0	4	0	151	74	0	3	3	0	79	186	125	0	0	0	1	0	20	50	0	0	0	0	
0	0	0	0	1	2	0	0	1	0	7	187	118	0	2	0	3	0	98	139	198	82	0	2	0	0	19	0	188	128	0	4	0	2	0	63	198	3	0	1	2	0	61	233	130	24	6	0	2	0	148	181	128	133	33	0	0	0	0	0	0	0	0	0	
0	0	0	0	3	2	0	0	0	0	0	90	193	155	6	0	0	0	0	70	54	220	38	0	0	1	5	0	105	176	0	2	0	2	0	41	218	38	0	2	0	5	142	249	165	0	1	0	0	42	208	102	22	6	0	0	0	0	0	0	0	0	0	0	
0	0	1	1	0	0	0	0	0	1	0	18	103	136	82	0	2	0	42	160	78	153	191	0	3	0	86	122	82	153	10	0	1	0	15	245	157	0	2	1	1	0	139	86	153	7	0	0	1	0	139	113	170	21	0	1	1	0	16	68	14	0	1	0	
0	0	0	1	1	0	0	0	0	2	0	60	162	114	41	0	0	2	0	143	59	9	15	0	1	0	33	176	11	0	0	0	0	0	4	103	143	54	0	2	0	0	5	0	157	83	0	3	2	0	80	181	106	0	1	0	0	0	5	7	0	1	0	0	
0	0	1	0	0	0	0	0	1	0	26	150	184	56	0	2	0	5	184	86	112	167	0	3	0	4	41	0	52	147	0	3	0	1	46	69	170	141	2	1	0	33	247	241	164	148	160	63	0	4	25	17	0	0	7	11	0	0	0	0	4	3	0	0	
0	0	0	6	4	0	0	0	0	5	109	150	145	41	0	2	0	10	69	5	33	166	9	0	0	0	1	0	25	143	0	0	0	1	0	3	143	58	0	2	1	0	59	170	78	0	4	0	0	0	106	168	140	144	57	0	0	0	0	3	13	5	2	0	
0	0	0	0	0	0	0	0	1	0	32	17	24	59	87	15	3	0	151	186	160	156	124	14	0	21	222	110	22	0	1	0	0	62	207	153	196	138	0	2	0	0	3	0	101	200	0	2	0	59	112	53	201	85	0	3	0	22	48	39	28	0	0	0	
0	2	1	0	0	2	0	0	0	0	3	28	19	0	1	0	0	80	147	119	122	78	0	0	0	161	57	0	0	130	52	0	0	47	126	108	119	187	54	0	0	0	4	9	0	126	21	0	0	2	2	0	2	157	16	0	0	0	0	0	5	100	4	0	
0	1	1	0	0	1	0	0	1	0	34	146	167	187	34	0	0	16	212	226	143	154	88	0	0	24	65	0	91	169	6	0	0	1	0	54	178	38	0	2	0	22	194	255	149	77	31	0	0	55	212	210	188	155	36	0	0	3	0	0	0	0	0	0	
0	0	1	2	0	0	0	0	0	0	2	0	18	25	0	1	1	0	36	53	77	51	0	2	0	3	133	39	85	41	0	1	0	16	110	70	125	48	0	2	0	0	2	0	87	28	0	1	0	1	3	0	124	13	0	1	0	0	0	5	49	0	0	0	
0	0	0	0	0	0	0	0	0	1	0	15	88	0	0	0	0	2	0	56	174	0	2	0	0	3	0	79	148	0	4	0	0	4	0	120	113	0	4	0	0	3	0	173	72	0	3	0	0	0	0	141	22	0	1	0	0	0	0	9	0	0	0	0	
0	0	2	0	1	1	0	0	0	0	4	15	0	6	2	0	1	0	110	149	43	137	10	0	0	29	141	0	141	147	0	4	0	0	122	138	141	106	0	4	0	0	12	18	66	102	0	4	0	0	4	0	67	104	0	3	0	0	2	0	40	96	0	2	
0	0	0	2	3	2	0	0	0	0	4	0	0	0	0	0	0	28	209	113	133	189	29	0	0	12	87	91	141	193	0	0	0	0	3	0	149	84	0	3	0	3	0	63	194	0	0	0	1	0	2	176	57	0	2	0	2	0	61	115	0	3	0	0	
0	0	0	0	0	0	0	0	2	0	39	137	39	0	2	0	4	0	122	201	167	6	0	1	4	0	136	147	99	128	0	3	4	0	120	98	0	155	11	0	2	0	63	160	0	157	10	0	0	1	0	122	194	121	0	2	0	0	0	3	42	6	0	0	
0	0	2	1	0	0	1	0	0	2	0	47	94	48	1	0	2	0	60	245	225	230	146	0	0	7	209	77	0	35	225	30	0	102	156	0	0	124	202	4	0	130	151	7	155	159	17	0	0	21	166	158	82	0	1	1	0	0	0	0	0	3	1	0	
0	0	8	38	5	0	1	0	0	0	163	181	162	53	0	2	0	3	113	6	42	197	31	0	0	1	5	5	0	173	54	0	0	0	2	0	61	182	1	0	0	76	201	188	240	140	1	1	0	47	145	108	31	51	27	0	0	0	0	0	0	0	0	0	
0	0	0	0	0	0	0	0	1	0	11	100	127	45	0	2	2	0	50	67	69	143	0	4	0	2	3	0	99	35	0	1	0	0	0	106	169	67	80	11	0	53	215	157	47	69	66	12	0	28	47	4	0	0	0	0	0	0	0	2	3	2	3	0	
0	1	0	84	31	0	1	0	2	0	57	115	0	6	2	0	3	0	128	63	0	2	0	0	2	0	146	31	26	104	31	0	3	0	114	144	146	95	164	0	1	0	2	132	171	107	93	0	0	0	1	0	14	27	0	0	0	0	1	3	1	0	2	0	
0	0	0	3	0	0	0	0	0	0	2	0	67	138	13	0	0	3	0	106	187	222	87	0	2	0	59	194	6	136	38	0	0	0	157	26	72	105	0	3	0	77	133	10	182	30	0	1	0	72	174	158	58	0	2	0	0	0	52	27	0	2	0	0	
0	1	0	13	15	1	4	0	0	1	0	159	84	0	3	0	3	0	118	136	0	106	93	0	0	28	169	0	110	147	149	2	0	98	86	36	120	69	107	0	0	84	135	124	172	133	11	0	0	0	99	138	87	3	0	0	0	0	0	0	0	2	1	0	
0	0	0	3	81	9	0	0	0	3	0	77	167	0	3	0	1	0	5	165	35	0	1	0	3	0	89	126	32	123	34	0	2	0	123	99	102	147	83	0	0	3	199	223	96	115	6	0	0	0	62	80	62	6	0	0	0	0	0	0	0	2	1	0	
0	0	1	0	0	0	0	0	0	1	0	70	47	0	1	0	2	0	56	187	161	9	0	1	3	0	86	205	203	49	0	2	0	0	4	31	162	64	0	3	0	1	0	16	172	14	0	1	0	1	0	156	97	0	3	0	1	0	11	87	2	0	0	0	
0	0	1	0	20	11	0	0	0	0	0	4	144	25	0	1	0	3	0	102	109	0	3	0	0	1	0	138	149	91	0	2	1	0	10	209	175	121	0	3	2	0	34	221	199	47	0	2	1	0	6	111	69	0	1	0	0	0	0	0	0	1	0	0	
0	1	0	1	6	0	0	0	1	0	27	126	175	100	0	2	0	58	164	65	47	174	0	2	0	26	14	0	147	79	0	3	0	1	0	133	99	0	2	0	2	0	126	137	22	97	50	0	1	0	116	145	141	86	13	0	0	0	0	11	1	0	0	0	
0	0	0	2	1	0	0	0	0	0	2	0	29	37	0	1	0	2	0	57	147	53	0	2	2	0	60	176	152	66	0	3	3	0	84	129	174	39	0	2	0	2	0	55	135	0	2	0	0	1	0	153	45	0	2	0	1	0	15	71	0	1	0	0	
0	0	0	0	0	0	0	0	0	1	0	22	81	0	1	0	0	2	0	63	122	0	3	0	0	3	0	72	100	0	3	0	0	3	0	88	87	0	3	0	0	2	0	68	92	0	3	0	0	3	0	82	82	0	3	0	0	1	0	16	14	0	0	0	
0	0	0	0	0	0	0	0	0	0	0	72	137	81	21	0	2	0	50	174	28	208	84	0	0	0	0	119	155	128	1	0	2	0	20	221	131	0	3	0	3	0	132	160	96	0	4	0	0	9	137	108	114	0	3	0	0	2	23	33	16	0	1	0	
0	0	0	0	0	0	0	0	1	0	33	25	9	31	0	1	3	0	85	47	39	87	0	3	3	0	99	32	55	79	0	3	2	0	61	105	139	65	0	3	0	0	1	23	122	78	0	3	0	0	3	0	68	86	0	3	0	0	0	0	8	9	0	0	
0	0	1	1	0	1	1	0	0	1	0	15	80	37	0	1	1	0	19	122	75	141	10	0	3	0	127	81	42	152	3	0	1	0	39	42	154	47	0	2	0	2	0	67	124	0	3	0	1	0	14	161	22	0	1	0	1	0	28	62	0	2	0	0	
0	0	0	0	1	0	0	0	1	0	10	57	20	0	1	0	3	0	69	193	95	0	2	0	1	0	19	54	123	14	0	0	0	0	1	9	136	14	0	0	0	0	0	8	137	5	0	0	0	2	0	48	142	0	3	0	0	1	0	20	49	0	1	0	
0	0	1	44	43	3	0	0	3	0	82	163	119	121	0	1	1	0	42	7	46	146	0	2	0	1	0	12	170	41	0	2	1	0	4	138	63	0	12	10	0	0	183	159	67	133	107	15	0	19	145	101	50	40	10	0	0	0	0	0	0	0	1	1	
1	4	4	2	0	3	0	0	0	0	0	3	10	0	0	0	20	110	141	188	214	134	0	1	16	140	130	42	99	233	6	0	0	0	4	0	127	196	0	2	1	4	5	0	210	125	0	4	0	3	0	82	246	25	0	2	0	3	0	94	149	0	1	0	
0	0	0	53	38	0	1	0	3	0	91	181	182	22	0	1	0	0	80	25	188	27	0	1	0	3	0	113	138	0	4	0	1	0	18	156	13	0	2	6	3	0	159	152	80	145	151	74	0	0	112	140	67	21	21	1	0	0	0	0	0	0	0	0	
0	2	1	1	1	0	0	0	0	0	6	5	0	3	0	0	0	61	172	195	30	0	3	0	0	43	118	245	202	84	0	2	0	6	192	48	41	226	61	0	0	8	24	1	0	79	180	0	0	0	1	4	0	109	154	0	0	0	1	0	0	42	14	0	
0	0	0	2	0	0	0	0	0	0	1	0	59	47	0	1	0	2	0	58	133	131	0	2	1	0	35	149	105	82	0	3	1	0	30	95	167	22	0	1	0	2	0	61	120	0	3	0	0	1	0	157	41	0	1	0	0	0	10	69	0	1	0	0	
0	0	0	0	1	13	2	0	1	0	15	95	148	103	4	0	3	0	152	173	60	0	1	0	1	0	52	96	144	98	0	1	0	0	0	0	0	177	29	0	0	39	36	0	89	166	3	0	0	46	143	131	150	14	0	1	0	0	10	13	0	1	1	0	
0	0	1	2	0	1	0	0	0	0	1	2	28	7	0	0	0	0	0	122	168	123	0	3	4	0	131	140	119	148	0	4	2	0	84	93	216	67	0	3	0	1	0	17	182	11	0	1	0	3	0	116	145	0	3	0	0	2	0	99	32	0	1	0	
0	0	0	1	1	1	0	0	0	1	0	0	0	0	0	0	0	1	8	13	24	12	2	0	0	70	99	115	57	92	90	0	1	8	0	92	127	51	11	0	2	0	49	119	85	0	2	0	1	0	13	31	6	0	1	0	0	0	0	0	1	0	0	0	
0	0	0	0	0	0	0	0	0	2	0	108	147	154	78	0	0	0	0	178	131	33	24	0	2	0	44	151	80	41	0	1	3	0	79	144	77	196	12	0	1	0	114	92	129	150	0	0	3	0	103	235	133	1	0	1	0	0	0	0	0	2	0	0	
0	0	0	0	0	0	0	0	2	0	58	135	149	117	4	0	2	0	93	134	192	220	2	0	0	3	0	98	252	44	0	2	0	3	0	76	189	156	0	0	0	0	4	13	143	210	0	0	0	35	201	210	165	26	0	1	0	12	53	12	0	1	0	0	
0	0	0	1	0	0	0	0	0	1	0	54	17	52	24	0	1	0	14	171	8	162	36	0	3	0	103	107	27	169	0	2	4	0	137	135	174	98	0	3	0	0	2	66	192	5	0	1	0	3	0	90	110	0	3	0	0	1	0	27	15	0	0	0	
0	0	2	0	0	0	0	0	0	1	0	77	141	139	35	0	1	0	142	164	64	236	171	0	0	82	174	0	0	62	149	0	0	119	77	0	0	48	132	0	0	96	133	0	0	116	57	0	0	12	169	120	136	109	0	1	1	0	19	70	40	0	1	0	
0	0	0	1	0	1	0	0	0	2	0	56	32	0	2	0	0	3	0	146	79	113	2	0	2	0	42	136	56	163	0	3	3	0	75	164	155	117	0	4	0	1	0	119	197	0	0	1	0	3	0	111	78	0	3	0	0	0	0	20	12	0	0	0	
0	0	0	7	16	7	0	0	3	0	97	159	117	37	0	1	4	0	145	104	0	4	0	0	4	0	120	154	73	53	1	0	0	0	10	54	18	172	47	0	0	0	5	0	79	196	8	0	3	0	84	158	163	34	0	2	0	0	5	12	2	0	1	0	
0	0	2	1	0	0	0	0	0	1	0	12	97	114	4	0	2	0	41	190	236	227	35	0	0	2	158	186	52	86	53	0	0	69	134	0	0	152	53	0	0	68	158	0	67	172	0	0	0	2	145	161	186	45	0	2	0	0	2	48	21	0	1	0	
0	0	1	2	0	4	3	0	0	1	0	23	127	149	49	0	1	0	28	158	55	4	4	0	3	0	86	218	77	0	0	0	0	1	0	16	131	80	0	3	1	0	119	28	76	123	0	3	2	0	99	196	141	13	0	1	0	0	0	1	0	0	0	0	
0	0	1	0	1	1	0	0	0	2	0	74	194	170	33	0	3	0	68	209	29	100	155	0	0	13	191	45	0	69	153	0	0	78	137	0	0	154	91	0	0	78	162	0	138	167	0	1	0	4	156	195	145	9	0	1	0	0	1	4	0	2	1	0	
0	0	6	12	1	4	3	0	3	0	132	143	0	4	0	0	0	11	218	52	34	184	97	0	0	79	194	37	215	109	182	46	0	64	183	137	145	0	126	60	2	0	158	219	246	182	112	0	0	0	8	99	143	80	3	0	0	0	2	0	0	0	2	0	
0	0	0	0	0	0	0	0	0	0	0	92	127	75	16	0	2	0	50	153	48	215	54	0	0	1	0	138	177	33	0	1	1	0	12	155	149	12	0	1	3	0	82	91	67	103	0	4	2	0	55	125	134	104	0	4	0	0	0	40	56	4	0	0	
0	0	0	0	1	2	0	0	2	0	78	56	13	0	0	0	1	0	42	53	85	67	0	2	0	0	3	0	83	114	0	4	0	0	3	0	141	34	0	1	0	2	0	56	138	0	2	0	0	2	0	130	45	0	1	0	0	0	2	24	1	0	0	0	
0	1	0	25	63	0	2	0	0	3	0	122	115	0	4	0	1	0	17	177	13	0	1	0	3	0	93	125	57	135	0	0	4	0	130	94	152	172	15	0	3	0	98	177	193	76	0	2	0	0	4	70	35	0	1	0	0	0	1	0	0	2	0	0	
0	1	0	36	26	0	1	0	0	1	2	185	116	0	3	0	0	16	228	255	129	0	5	0	0	9	53	33	160	8	0	1	1	0	43	36	129	158	0	1	3	0	145	255	239	255	203	11	0	0	0	25	51	54	47	0	0	0	1	0	0	0	0	0	
0	1	0	21	69	0	1	0	0	3	0	129	115	0	3	0	2	0	36	180	0	0	0	0	4	0	98	111	29	94	0	0	4	0	96	150	159	191	0	1	2	0	32	240	190	72	0	3	0	1	0	51	70	1	0	0	0	0	0	0	0	2	0	0	
0	0	0	0	0	1	0	0	1	0	62	133	134	17	0	1	0	0	146	135	177	161	0	4	0	2	0	43	184	134	0	3	0	2	0	106	230	95	0	4	0	40	79	0	125	129	0	4	0	35	192	221	199	29	0	2	0	0	7	50	12	0	0	0	
0	0	0	0	0	0	0	0	0	1	0	23	70	21	0	1	2	0	61	180	168	184	49	0	1	0	2	129	161	8	2	0	0	2	0	144	173	0	1	0	2	0	60	118	141	5	0	0	3	0	122	177	77	0	3	0	2	0	56	93	0	0	0	0	
0	1	1	0	0	0	1	0	1	0	6	66	53	2	0	0	0	52	227	255	255	75	0	2	0	171	214	76	62	102	193	0	0	204	193	0	18	237	142	0	0	35	201	200	203	251	35	0	0	0	4	7	60	251	55	0	0	2	2	0	0	96	51	0	
0	0	0	2	0	0	0	0	0	0	1	0	109	115	1	0	0	2	0	93	142	20	2	0	2	0	42	171	7	0	1	0	1	0	30	117	127	56	0	2	0	0	2	0	130	146	0	3	2	0	30	157	97	0	1	0	1	0	19	45	0	1	0	0	
0	9	50	0	3	3	0	0	0	26	120	0	3	0	1	0	0	17	113	0	58	66	0	1	0	0	142	49	160	162	35	0	4	0	100	191	64	62	99	0	1	0	7	193	191	151	53	0	0	0	0	6	78	42	0	1	0	0	1	2	0	1	1	0	
0	0	0	0	0	0	0	0	0	2	0	93	109	1	0	0	0	1	0	98	197	120	0	4	0	2	0	35	188	61	0	2	0	1	0	0	171	100	0	3	0	0	9	8	113	94	0	3	3	0	84	255	103	0	2	0	0	0	10	44	4	0	0	0	
0	0	0	0	11	43	0	0	0	0	2	0	143	108	0	2	0	3	0	80	172	0	2	0	0	0	2	169	59	6	0	1	2	0	56	202	157	149	0	3	3	0	77	231	165	126	0	3	1	0	6	113	106	7	0	1	0	0	0	0	0	1	0	0	
0	0	0	0	0	0	0	0	0	1	0	90	125	18	0	1	1	0	13	156	111	161	0	1	0	3	0	99	192	37	0	2	0	3	0	77	193	0	2	0	0	1	0	142	185	5	0	1	0	0	0	184	163	0	2	0	0	1	0	28	27	0	1	0	
0	0	3	78	8	0	0	0	3	0	80	129	0	1	2	0	0	0	153	24	0	1	0	0	0	18	151	1	2	45	45	0	1	0	153	37	88	128	179	26	2	0	47	183	200	119	88	0	0	1	0	17	74	45	0	0	0	0	2	1	0	0	2	0	
0	0	0	1	0	0	0	0	0	1	0	36	121	135	77	0	0	2	0	138	115	73	45	0	3	0	90	171	0	1	0	0	0	3	179	155	152	120	0	1	0	8	16	0	153	164	0	2	0	27	149	165	115	0	1	0	1	0	33	49	0	2	0	0	
0	0	0	0	0	0	0	0	0	1	0	15	134	3	0	0	0	1	0	38	182	0	0	0	0	3	0	72	167	0	3	0	0	3	0	92	141	0	4	0	0	4	0	134	94	0	3	0	0	3	0	116	93	0	3	0	0	0	0	0	0	0	0	0	
0	0	0	1	0	0	0	0	0	0	3	0	111	109	0	3	0	2	0	44	221	152	0	3	1	0	12	156	133	89	0	4	3	0	115	91	144	36	0	1	0	2	126	121	114	0	3	0	1	0	130	132	0	0	0	0	0	0	1	1	1	0	0	0	
0	0	0	0	1	0	0	0	0	0	1	0	39	39	0	2	0	0	2	0	120	41	0	2	0	0	0	14	131	0	0	0	0	2	0	50	112	0	3	0	0	3	0	82	75	0	3	0	0	1	0	99	25	0	1	0	0	0	2	17	0	0	0	0	
0	0	0	0	0	1	0	0	0	5	42	41	137	32	0	2	0	9	134	38	77	139	0	0	0	11	67	0	27	130	0	0	0	1	2	0	129	49	0	2	0	0	3	0	85	84	0	3	0	0	4	114	169	44	0	2	0	0	1	54	19	0	1	0	
0	0	2	0	45	96	0	0	0	1	0	25	180	72	0	0	0	4	0	130	103	0	4	0	0	0	0	186	74	0	1	0	1	0	133	228	174	93	10	0	1	0	118	165	156	135	95	0	0	0	3	9	61	72	17	0	0	0	2	0	0	0	0	0	
0	0	1	0	39	42	0	2	0	0	0	0	151	37	0	2	0	3	0	76	132	0	3	0	0	2	0	130	45	0	2	0	0	0	6	151	171	66	0	3	0	0	0	201	211	26	0	2	0	1	0	44	33	0	1	0	0	0	0	0	1	1	0	0	
0	0	1	1	0	0	0	0	0	1	0	15	182	121	0	3	1	0	4	204	168	28	0	1	4	0	120	251	213	75	0	2	4	0	157	80	35	202	11	0	4	0	111	167	70	156	0	0	1	0	9	157	169	29	0	2	0	0	0	0	0	1	0	0	
0	0	0	0	0	0	0	0	0	0	5	58	85	20	0	1	1	0	17	87	159	107	0	4	0	0	3	0	119	69	0	3	0	1	0	34	157	0	0	0	0	3	0	129	86	0	3	0	1	0	36	152	0	0	0	0	2	0	45	46	0	1	0	0	
0	0	0	0	16	8	0	0	0	0	0	2	140	23	0	1	0	3	0	87	117	0	3	0	1	0	13	202	181	50	0	2	3	0	71	103	29	181	0	0	4	0	93	139	118	108	0	1	1	0	28	141	88	0	0	0	0	0	0	0	0	2	0	0	
0	0	2	1	0	1	2	0	0	1	0	32	94	33	0	1	2	0	63	155	97	217	67	0	3	0	130	52	94	145	15	0	1	0	23	200	154	0	1	0	1	0	0	199	92	0	4	0	3	0	51	224	93	0	3	0	1	0	8	101	22	0	1	0	
0	0	1	1	0	0	0	0	0	1	1	9	46	71	85	32	1	0	10	183	127	93	120	31	2	0	137	214	116	59	0	1	0	36	238	220	255	240	23	0	0	23	179	239	244	184	2	0	0	0	4	25	45	8	0	0	0	1	2	0	0	1	1	0	
0	0	0	0	0	0	0	0	1	0	19	127	97	2	0	0	1	0	27	42	158	49	0	2	0	2	0	49	112	0	1	0	0	2	0	89	139	18	0	1	0	0	2	0	169	83	0	3	0	1	0	152	118	0	1	0	0	0	2	34	2	0	0	0	
0	0	2	0	2	1	0	0	1	0	14	58	7	0	0	0	0	0	171	234	191	33	0	2	0	20	217	75	255	99	0	4	0	0	180	215	255	109	0	4	1	0	29	51	166	143	0	4	0	0	4	0	118	186	0	3	0	0	3	0	33	79	0	1	
0	0	0	0	2	0	0	0	0	0	2	0	80	34	0	1	0	0	3	0	125	51	0	2	0	0	0	4	153	15	0	1	0	2	0	66	131	0	3	0	0	2	0	149	48	0	2	0	1	0	32	119	0	2	0	0	0	0	2	2	1	0	0	0	
0	1	0	19	83	0	0	0	0	1	0	123	54	0	3	0	2	0	65	111	0	4	1	0	2	0	106	24	48	146	66	0	2	0	112	52	123	44	111	0	3	0	64	184	166	97	27	0	0	0	0	17	25	9	0	0	0	0	2	1	0	1	1	0	
0	0	1	0	0	0	0	0	0	0	0	87	112	18	0	1	3	0	78	115	117	97	0	4	1	0	28	4	125	34	0	1	0	3	0	130	111	0	3	0	0	1	0	34	161	0	0	0	3	0	76	180	69	0	2	0	1	0	26	39	0	1	0	0	
0	0	1	0	0	0	0	0	0	0	0	11	68	86	13	0	2	0	54	193	133	130	45	0	4	0	126	178	6	0	1	0	2	0	53	157	195	79	0	3	0	0	1	0	177	90	0	3	0	6	87	176	128	0	0	0	0	23	84	26	0	1	0	0	
0	0	1	2	0	0	0	0	0	1	0	7	150	209	31	0	0	1	0	192	185	212	85	0	3	0	122	180	65	255	88	0	0	39	222	123	197	151	33	0	0	131	255	165	124	161	0	2	0	37	79	0	127	139	0	3	0	0	0	2	3	0	0	0	
0	0	0	0	0	0	0	0	0	2	0	43	128	0	1	0	0	3	0	93	206	0	1	0	0	3	0	93	193	0	2	0	0	3	0	75	202	0	1	0	0	3	0	99	213	0	1	0	0	3	0	72	164	0	1	0	0	0	0	0	0	0	0	0	
0	0	1	1	0	1	0	0	0	2	0	63	148	158	51	0	0	0	8	99	15	12	8	0	3	0	95	211	106	39	0	1	1	0	15	1	180	139	0	4	0	12	17	88	188	15	0	1	0	55	174	161	29	0	1	0	0	0	2	1	1	1	0	0	
0	0	2	0	4	2	0	0	0	2	0	55	164	111	0	3	2	0	50	157	44	125	0	2	3	0	147	57	0	135	41	0	0	11	121	5	0	82	82	0	0	0	123	21	0	134	61	0	2	0	57	132	120	85	0	1	0	0	0	9	9	0	1	0	
0	0	0	0	1	0	0	0	0	0	2	0	56	79	0	3	0	0	3	0	149	82	0	3	0	1	0	15	170	13	0	1	0	3	0	109	118	0	3	0	1	0	31	181	7	0	0	0	3	0	100	95	0	3	0	0	0	0	4	1	1	0	0	0	
0	1	0	65	13	0	3	0	2	0	55	188	4	0	1	0	2	0	182	92	0	36	58	1	0	39	207	28	140	139	175	55	0	59	182	104	87	0	157	64	0	7	192	187	126	176	112	0	1	0	14	75	79	13	0	1	0	0	1	0	0	0	3	0	
0	0	1	0	0	0	0	0	0	1	0	20	62	90	149	18	2	0	49	163	92	72	36	3	2	0	44	181	16	0	1	0	0	2	0	81	153	0	4	0	0	3	2	98	179	0	1	0	0	73	164	141	27	0	1	0	0	4	9	0	0	0	0	0	
0	1	6	1	0	0	0	0	0	4	145	190	41	0	2	0	1	0	18	193	29	0	3	0	4	0	95	203	63	24	0	1	1	0	32	126	141	190	72	0	0	0	0	7	48	198	120	0	0	2	0	61	196	99	4	0	0	0	0	0	0	0	1	0	
0	0	0	2	0	1	3	0	0	0	2	0	39	107	75	0	0	2	0	99	132	59	3	0	2	0	57	171	11	0	1	0	2	0	50	55	151	91	0	3	0	2	0	47	159	64	0	2	0	10	122	124	20	0	1	0	0	1	7	0	1	2	0	0	
0	0	0	0	0	0	0	0	0	1	0	45	125	38	0	2	1	0	34	172	60	131	0	3	1	0	5	137	156	53	0	2	0	1	0	149	168	38	0	2	1	0	40	107	52	91	0	3	1	0	24	140	136	30	0	1	0	1	0	32	33	0	1	0	
0	0	0	1	1	0	0	0	0	0	2	0	55	133	6	0	0	1	0	30	205	217	16	0	1	0	0	178	90	164	13	0	3	0	104	132	79	150	0	4	3	0	167	87	180	32	0	1	3	0	125	226	71	0	3	0	0	0	12	32	0	2	0	0	
0	0	3	3	3	3	0	0	0	0	0	0	0	0	0	0	1	0	80	150	148	102	0	1	0	49	177	24	197	164	0	3	0	32	162	153	153	122	0	3	1	0	44	45	9	143	0	0	0	0	0	1	0	142	21	0	0	0	2	5	0	114	53	0	
1	4	3	3	4	3	0	0	0	0	0	0	0	0	1	0	29	144	192	190	194	75	0	1	110	211	88	80	134	244	43	0	24	20	0	2	0	206	85	0	0	2	4	2	5	226	72	0	1	1	2	0	42	223	21	0	0	0	3	0	103	163	0	2	
0	0	1	0	4	40	2	0	0	1	0	21	125	168	31	0	1	0	0	173	72	38	23	0	3	0	86	128	0	3	0	0	4	0	118	140	88	29	0	1	2	0	58	215	105	158	0	1	0	1	0	58	128	76	0	1	0	0	1	0	0	0	0	0	
0	0	0	0	0	0	0	0	0	0	41	81	50	0	0	0	0	0	84	94	150	104	0	4	0	0	2	0	115	71	0	3	0	2	0	127	144	0	2	0	0	2	0	42	170	0	0	0	1	0	17	161	70	0	2	0	2	0	52	64	0	1	0	0	
0	0	0	0	0	0	0	0	0	1	0	37	83	0	2	0	0	2	0	59	161	0	3	0	0	2	0	67	140	0	4	0	0	3	0	72	141	0	4	0	0	2	0	66	150	0	3	0	0	1	0	34	156	0	1	0	0	0	0	3	15	0	0	0	
0	0	0	0	2	0	0	0	0	0	2	0	71	72	0	3	0	0	2	0	158	75	0	3	0	1	0	22	181	8	0	1	0	3	0	108	120	0	3	0	1	0	24	171	11	0	1	0	2	0	67	99	0	3	0	0	0	0	1	1	1	0	0	0	
0	0	2	0	11	11	0	0	0	1	0	109	143	112	39	0	3	0	100	165	0	39	103	0	0	13	176	20	0	26	100	0	0	27	163	0	0	30	111	0	2	0	151	99	0	110	92	0	1	0	15	137	156	121	2	0	0	0	1	0	11	2	0	0	
0	0	0	0	0	0	0	0	1	0	13	74	69	7	0	0	2	0	66	92	106	114	0	3	0	0	3	0	84	87	0	3	0	0	0	9	150	15	0	1	0	3	0	84	111	0	3	0	0	0	2	158	29	0	1	0	1	0	19	68	0	1	0	0	
0	0	2	0	2	1	0	0	0	0	0	71	19	0	1	0	3	0	105	223	177	14	0	1	0	0	201	57	210	69	0	3	3	0	90	212	232	37	0	2	0	0	2	37	203	63	0	3	0	0	5	0	169	90	0	3	0	0	2	0	57	34	0	1	
0	0	0	7	66	0	0	0	0	2	0	62	119	0	3	0	0	3	0	145	57	0	2	0	1	0	13	150	57	57	0	0	1	0	16	184	145	178	0	0	2	0	41	212	131	59	0	2	1	0	24	32	14	0	0	0	0	0	0	0	1	2	0	0	
0	0	0	2	0	1	0	0	0	0	0	5	18	0	0	0	0	1	0	109	210	62	0	3	2	0	70	64	118	134	0	4	4	0	103	70	161	72	0	3	1	0	9	116	171	4	0	1	0	1	0	42	98	0	2	0	0	2	0	54	42	0	1	0	
0	0	2	1	0	0	1	0	0	2	0	52	212	89	0	3	2	0	41	220	97	208	57	0	0	0	185	84	0	89	167	0	0	58	190	0	0	20	185	7	0	127	128	0	0	127	163	0	0	88	149	83	160	167	15	0	0	0	10	17	9	0	1	0	
0	0	1	0	0	0	0	0	0	0	0	49	37	0	1	0	2	0	53	94	98	13	0	0	3	0	93	49	96	14	0	1	2	0	51	111	141	13	0	1	0	0	2	6	105	20	0	1	0	0	2	0	135	24	0	1	0	0	1	0	66	25	0	1	
0	0	0	0	0	0	0	0	0	0	0	0	163	48	0	2	0	1	0	6	210	48	0	2	0	1	0	26	199	9	0	1	0	3	0	117	168	0	3	0	1	0	19	217	52	0	2	0	2	0	60	160	0	1	0	0	0	0	0	0	1	0	0	0	
0	0	2	0	2	1	0	0	0	0	0	20	8	0	0	0	2	0	102	147	130	15	0	1	0	0	171	93	148	109	0	3	1	0	19	87	93	171	0	0	0	0	3	0	103	111	0	3	0	1	0	34	165	2	0	1	0	1	0	38	73	0	2	0	
0	0	0	0	30	16	0	0	0	3	0	67	200	176	61	0	0	3	1	19	2	72	146	0	0	0	0	4	0	125	111	0	0	119	132	14	50	196	15	0	47	184	131	239	226	48	0	2	8	56	58	81	69	4	0	0	0	0	0	0	0	1	0	0	
0	0	0	0	1	1	0	0	2	0	60	212	96	0	3	0	1	0	171	118	45	12	0	0	0	7	157	138	228	152	0	1	2	0	97	178	34	131	54	0	0	0	59	15	0	165	74	0	2	0	125	179	150	190	16	0	0	0	0	7	11	0	0	0	
0	0	1	11	10	0	0	0	2	0	71	150	130	122	18	0	0	0	10	13	12	181	78	0	1	2	2	124	221	135	0	2	0	0	1	0	44	144	0	1	13	124	39	0	49	165	0	1	0	65	136	149	157	45	0	2	0	0	0	9	3	0	0	0	
0	0	0	0	0	0	0	0	3	0	79	222	144	3	0	1	2	0	99	167	220	2	0	1	0	1	0	194	115	0	4	0	3	0	80	213	1	0	18	16	4	0	135	210	85	158	174	34	1	0	26	174	205	129	26	0	0	0	0	0	0	0	1	1	
0	0	1	0	0	1	0	0	0	1	1	3	0	53	50	0	3	0	77	93	0	138	23	0	0	22	204	29	51	129	0	3	0	53	137	70	150	90	0	3	0	1	0	11	164	23	0	1	0	4	0	63	117	0	3	0	0	1	0	16	16	0	0	0	
0	0	0	1	0	0	1	0	0	0	0	4	109	55	0	2	0	2	0	78	212	225	57	0	2	0	42	111	0	66	76	0	3	0	97	45	0	97	18	0	0	6	105	0	100	80	0	2	0	0	149	157	86	0	2	0	1	0	24	44	0	2	0	0	
0	0	1	1	0	0	0	0	0	1	0	41	92	114	81	0	1	0	24	156	48	27	21	0	3	0	104	136	91	45	0	2	0	6	1	0	25	135	0	1	0	111	110	38	83	129	0	2	0	8	74	136	130	19	0	1	0	0	0	0	0	1	0	0	
0	0	1	0	0	1	1	0	0	0	2	142	87	2	0	0	4	0	102	251	213	195	15	0	0	1	220	95	0	164	131	0	0	48	217	13	0	132	173	0	0	29	216	89	156	228	49	0	2	0	112	206	149	24	0	1	0	0	0	0	0	1	2	0	
0	1	0	72	26	0	2	0	2	0	54	210	13	0	1	0	2	0	175	91	0	27	24	0	0	64	184	0	62	181	174	0	0	99	111	49	157	96	182	0	0	50	171	219	166	152	55	0	1	0	39	81	47	1	0	0	0	1	0	0	0	2	2	0	
0	0	1	0	0	0	0	0	1	0	15	75	76	19	0	1	0	1	165	130	146	203	0	0	0	21	194	0	63	195	0	2	2	0	141	171	197	167	0	4	0	0	1	40	155	115	0	4	0	0	5	0	105	138	0	4	0	0	1	0	40	61	0	2	
0	0	1	1	2	3	1	0	0	0	4	7	0	0	0	0	3	0	121	167	32	105	38	0	0	24	195	35	87	181	2	0	0	48	114	0	93	108	0	4	0	0	1	0	154	33	0	1	0	3	0	70	129	0	3	0	0	3	0	93	49	0	2	0	
0	0	0	0	0	0	0	0	0	0	0	48	48	0	1	0	1	0	16	94	130	10	0	0	0	0	0	1	111	7	0	0	0	1	0	27	118	0	2	0	0	2	0	58	114	0	3	0	0	2	0	64	111	0	3	0	0	1	0	25	40	0	1	0	
0	0	0	0	3	2	0	0	0	2	0	50	155	55	0	2	0	0	2	144	21	0	0	0	0	2	0	97	60	15	0	1	0	3	0	92	192	17	0	1	1	0	18	146	61	64	0	2	0	1	0	119	143	58	0	2	0	0	0	3	11	0	0	0	
0	0	0	0	0	0	0	0	0	2	0	142	128	0	1	0	0	2	0	195	199	0	1	0	2	0	95	255	129	0	4	0	0	0	196	198	204	8	0	1	0	0	20	1	205	155	0	2	0	0	2	0	36	198	34	0	0	0	1	1	0	2	3	0	
0	0	0	0	0	0	0	0	0	0	2	0	122	37	0	1	0	1	0	4	196	37	0	2	0	3	0	84	185	0	2	0	0	4	0	134	139	0	4	0	0	0	0	194	52	0	2	0	1	0	21	144	3	0	0	0	0	0	2	2	0	0	0	0	
0	0	0	2	4	3	0	0	0	8	19	0	0	0	0	0	0	23	121	101	82	140	17	0	0	0	3	22	165	105	0	2	0	19	121	114	174	38	0	2	0	29	39	28	98	0	3	0	0	1	0	23	124	0	1	0	0	1	1	1	90	8	0	0	
0	0	0	0	0	0	1	0	1	0	43	147	150	66	0	1	3	0	95	157	84	193	62	0	0	0	0	3	0	76	137	0	0	26	114	87	0	104	137	0	28	225	136	157	160	195	60	0	24	119	4	0	137	115	0	1	0	0	4	3	0	0	1	0	
0	0	0	0	0	0	0	0	0	13	107	133	53	0	1	0	0	49	79	81	145	0	4	0	0	21	90	171	133	57	0	1	0	28	74	27	48	139	104	0	0	0	4	6	0	59	160	0	1	0	36	141	136	158	29	0	0	0	0	39	40	1	0	0	
0	0	0	0	0	2	1	0	0	8	87	115	63	3	0	0	0	31	117	109	150	152	5	0	2	1	0	32	93	209	15	0	0	1	5	99	185	118	0	4	50	8	0	0	32	163	0	1	76	117	9	12	126	121	0	2	0	14	5	6	17	0	0	0	
0	0	0	2	1	1	0	0	0	0	2	2	0	31	14	0	0	0	0	50	17	117	8	0	3	0	82	157	98	84	0	3	1	0	46	70	175	37	0	1	0	2	0	64	80	0	3	0	0	3	0	118	39	0	1	0	0	1	0	49	12	0	0	0	
0	0	1	0	0	0	0	0	0	0	1	18	69	102	86	9	2	0	49	90	56	86	70	5	2	0	143	125	63	11	0	1	0	2	2	9	48	125	6	0	0	78	114	14	0	140	14	0	0	1	83	149	152	92	0	3	0	0	0	4	8	0	0	0	
0	0	0	1	1	3	0	0	0	1	0	16	180	128	0	2	0	3	0	153	123	0	2	0	1	0	22	233	160	80	0	2	4	0	119	128	23	188	15	0	4	0	151	99	87	176	0	0	2	0	33	185	158	21	0	1	0	0	0	0	0	1	0	0	
0	1	0	25	102	1	0	0	1	0	14	176	118	0	2	1	1	0	174	98	0	3	0	0	0	55	159	0	0	95	181	38	0	74	115	0	93	117	114	85	0	34	186	75	193	61	122	16	1	0	46	83	64	69	24	0	0	0	0	0	0	0	1	1	
1	0	34	61	13	0	1	0	3	0	79	215	175	7	0	1	0	0	3	0	128	78	0	3	0	1	0	20	227	70	0	3	1	0	16	191	198	0	1	0	4	0	165	255	206	164	10	0	2	0	45	122	90	52	0	1	0	0	0	0	0	0	0	0	
0	0	0	0	0	0	0	0	0	0	4	32	86	24	0	1	1	0	14	55	132	37	0	1	0	0	0	4	150	11	0	1	0	2	0	59	121	0	3	0	0	3	0	142	60	0	2	0	1	0	25	124	0	1	0	0	0	0	8	18	0	1	0	0	
0	0	0	0	0	3	3	0	0	41	94	0	3	1	0	0	0	56	219	4	0	103	119	0	0	42	221	25	49	246	139	0	0	4	186	206	243	221	16	0	0	0	2	36	242	105	0	4	0	3	0	61	239	32	0	2	0	0	0	9	25	0	0	0	
0	0	2	2	0	1	1	0	0	1	1	1	75	27	0	2	2	0	34	174	215	195	29	0	0	23	204	85	0	51	134	12	0	134	104	0	6	0	102	60	0	126	56	1	15	75	120	12	0	36	147	107	66	52	11	0	0	0	1	2	0	0	1	1	
0	0	1	0	0	0	0	0	0	0	5	12	12	4	0	0	2	0	69	37	100	21	0	1	0	2	83	0	121	40	0	0	1	0	75	100	158	48	0	1	0	0	1	25	92	0	1	0	0	0	0	4	85	0	0	0	0	0	0	3	53	0	0	0	
0	0	0	0	0	0	0	0	0	0	3	0	111	62	0	2	0	0	0	0	189	42	0	2	0	2	0	51	173	0	1	0	0	4	0	137	122	0	4	0	1	0	12	194	31	0	1	0	2	0	60	123	0	2	0	0	0	0	0	0	1	0	0	0	
0	0	2	4	1	0	0	0	0	0	1	0	16	62	82	10	1	0	39	161	175	91	39	1	1	0	48	137	175	58	0	2	0	66	29	0	68	181	0	2	0	126	68	0	86	147	0	3	0	28	127	95	116	23	0	1	0	0	6	25	3	0	0	0	
1	0	12	60	36	0	1	0	2	0	89	144	160	118	0	2	0	1	3	0	0	160	56	0	0	0	2	8	0	95	118	0	0	25	109	90	47	162	71	0	0	104	146	57	228	191	0	1	0	4	102	150	75	50	1	0	0	0	0	0	0	0	0	0	
0	0	1	3	0	0	0	0	0	0	1	0	23	17	0	1	1	0	21	110	103	117	5	0	0	6	166	56	45	143	0	0	0	1	104	83	152	99	0	4	0	0	3	0	122	36	0	1	0	1	0	17	132	0	0	0	0	1	0	33	75	0	2	0	
0	0	1	11	1	0	0	0	1	0	33	132	114	0	1	0	0	0	3	0	129	75	0	3	1	0	20	109	178	61	0	3	3	0	10	94	166	24	0	1	22	62	12	0	74	130	0	4	0	54	97	81	124	48	0	2	0	0	3	16	8	0	0	0	
0	0	1	0	0	0	0	0	1	0	42	104	24	55	59	27	0	12	198	187	173	153	108	31	0	4	136	155	91	6	0	1	0	0	4	35	70	164	30	0	0	0	1	0	64	199	27	0	0	44	160	178	184	60	0	2	0	8	62	35	0	0	0	0	
0	0	2	1	0	1	0	0	0	1	2	4	0	9	75	0	2	0	70	119	0	100	110	0	0	45	208	31	10	141	6	0	0	123	91	65	140	111	0	4	0	1	0	36	181	18	0	1	0	4	0	91	73	0	2	0	0	1	0	24	8	0	0	0	
0	0	0	0	0	1	0	0	0	0	4	88	151	87	0	3	0	0	0	123	42	6	0	0	0	0	2	128	67	19	0	1	0	0	0	133	67	108	0	2	1	0	32	54	83	154	0	3	1	0	2	136	205	40	0	2	0	0	0	1	1	0	0	0	
0	0	0	1	0	3	9	2	0	1	0	35	145	128	126	10	0	3	0	114	96	0	6	0	1	0	35	190	110	48	0	2	0	2	18	23	18	136	0	0	0	112	91	0	20	153	6	0	0	36	155	136	149	93	0	3	0	0	0	2	2	0	0	0	
0	0	0	0	0	1	0	0	0	56	128	115	85	4	0	0	0	28	80	59	143	92	0	3	0	0	2	0	62	123	0	4	0	16	113	169	226	157	15	0	0	114	219	187	76	65	141	0	0	9	39	10	0	0	119	39	0	0	0	1	3	1	8	5	
0	1	0	38	48	0	2	0	0	2	0	170	71	0	4	1	3	0	97	152	0	3	0	0	0	20	194	22	12	120	156	21	0	117	112	0	143	64	140	55	0	101	117	104	125	58	90	0	0	2	66	81	46	21	2	0	0	1	0	0	0	0	2	0	
0	0	0	2	0	0	0	0	0	0	2	0	118	152	0	2	0	3	0	119	196	49	0	1	2	0	30	204	54	0	1	0	3	0	71	232	194	135	0	2	3	0	68	133	125	174	0	2	1	0	4	132	162	17	0	1	0	0	0	1	0	0	0	0	
0	0	0	1	0	0	0	0	0	0	1	0	121	78	0	3	0	2	0	66	103	9	0	1	0	1	0	57	18	9	0	0	0	2	0	104	47	3	0	0	2	0	50	30	25	1	0	0	2	0	57	73	54	19	0	1	0	0	0	11	10	0	0	0	
0	0	0	0	9	9	0	0	0	0	2	0	114	53	0	2	0	2	0	69	141	0	2	0	0	2	0	193	157	0	0	1	2	0	37	148	57	89	0	2	2	0	55	137	112	127	0	3	0	1	0	88	128	7	0	1	0	0	0	0	0	1	0	0	
0	0	0	0	2	2	0	0	0	0	2	0	65	35	0	1	0	0	0	0	109	11	0	0	0	1	0	25	88	0	2	0	0	2	0	65	108	0	3	0	0	3	0	104	86	0	3	0	0	2	0	88	29	0	1	0	0	0	0	2	0	0	0	0	
0	0	0	0	0	0	0	0	0	1	0	51	108	118	49	0	1	0	24	179	170	230	61	0	1	0	13	217	171	5	0	1	2	0	118	176	174	19	0	1	0	39	166	0	98	154	0	4	0	23	149	127	162	95	0	3	1	0	18	56	29	0	0	0	
0	0	0	2	0	0	0	0	0	0	0	2	104	90	0	2	0	3	0	126	186	164	18	0	3	0	71	134	0	81	51	0	1	0	127	26	0	48	85	0	0	26	129	0	0	95	61	0	0	11	150	74	75	65	2	0	1	0	31	53	22	3	0	0	
0	0	0	0	0	0	0	0	0	0	2	0	84	34	0	1	0	0	1	0	126	18	0	1	0	1	0	31	110	0	2	0	0	3	0	75	76	0	3	0	0	1	0	157	29	0	1	0	1	0	25	116	0	1	0	0	0	0	1	1	0	0	0	0	
0	0	0	0	47	44	0	1	0	3	0	67	167	136	54	0	1	1	0	2	0	32	116	0	0	9	46	69	19	54	119	0	12	117	90	63	147	185	40	0	52	134	42	103	229	121	0	4	3	94	125	103	53	28	0	1	0	0	0	0	0	1	0	0	
0	0	0	8	2	0	0	0	1	0	26	110	129	21	0	1	1	0	18	62	201	36	0	2	2	0	39	195	195	62	0	3	0	0	3	0	52	156	0	3	1	0	47	8	102	153	0	3	3	0	93	185	161	27	0	1	0	0	0	5	1	0	0	0	
0	0	0	0	0	0	0	0	0	0	3	0	78	43	0	2	0	0	1	0	120	18	0	1	0	1	0	31	108	0	2	0	0	2	0	82	67	0	2	0	0	0	4	136	13	0	0	0	2	0	53	80	0	2	0	0	0	0	2	2	0	0	0	0	
0	0	1	0	0	2	0	0	0	0	10	20	0	3	2	0	3	0	108	71	0	90	19	0	2	0	199	96	71	186	12	0	2	0	103	207	231	116	0	1	0	0	0	3	166	21	0	1	0	1	0	29	155	0	1	0	0	0	0	5	42	0	0	0	
0	0	0	1	0	0	0	0	0	0	1	0	8	7	26	8	0	2	0	39	125	133	132	22	1	0	35	159	72	3	0	0	0	10	26	30	69	38	0	2	0	94	96	3	112	28	0	1	0	13	115	122	74	0	2	0	0	0	0	0	0	0	0	0	
0	0	3	1	0	0	0	0	0	2	0	37	152	232	149	0	2	0	95	248	179	117	108	15	0	57	245	54	7	82	12	0	0	158	119	72	235	255	150	0	0	128	205	248	255	251	80	0	0	18	162	156	113	35	0	1	0	0	0	0	0	0	1	0	
0	2	0	53	56	0	2	0	1	0	7	192	59	0	4	0	3	0	139	108	0	4	0	0	0	45	155	0	0	75	177	18	0	117	60	0	38	159	159	54	0	115	131	20	161	188	92	1	0	14	80	63	75	54	1	0	0	1	0	0	0	0	2	0	
0	0	1	2	0	0	0	0	0	0	1	0	19	124	75	0	1	0	1	173	255	235	114	0	4	0	127	219	43	3	0	0	3	0	89	211	88	2	2	0	1	0	13	89	254	90	0	4	3	0	71	227	155	12	0	1	0	0	1	26	3	0	0	0	
0	0	0	0	0	0	0	0	0	0	2	0	71	37	0	1	0	0	3	0	161	72	0	3	0	1	0	15	182	15	0	1	0	2	0	73	138	0	3	0	0	2	0	158	63	0	2	0	1	0	37	146	0	1	0	0	0	0	10	18	0	0	0	0	
0	0	1	0	1	1	0	0	0	1	0	59	36	0	1	0	3	0	66	178	158	34	0	2	4	0	117	50	155	79	0	3	1	0	26	151	203	14	0	1	0	1	0	27	159	0	0	0	0	1	0	40	142	0	3	0	0	0	0	14	58	0	1	0	
0	0	0	0	0	0	0	0	0	0	2	0	92	36	0	1	0	0	0	0	141	21	0	1	0	1	0	29	138	0	2	0	0	3	0	76	112	0	3	0	0	1	0	149	42	0	1	0	1	0	35	104	0	2	0	0	0	0	1	1	1	0	0	0	
0	0	0	0	0	0	0	0	1	0	77	131	42	0	1	0	0	0	35	99	139	0	3	0	0	2	0	159	82	0	3	0	0	0	0	52	139	35	0	2	0	0	4	0	118	98	0	4	0	1	0	47	177	33	0	2	0	0	0	34	29	0	1	0	
0	0	0	2	0	2	0	0	0	0	1	4	0	0	0	0	2	0	45	157	0	56	11	0	4	0	97	201	109	174	9	0	2	0	64	26	57	121	0	3	0	0	2	0	137	55	0	2	0	1	0	48	120	0	2	0	0	2	0	80	40	0	1	0	
0	0	0	13	43	0	0	0	0	1	0	164	163	0	2	0	3	0	82	157	0	2	0	0	4	0	147	63	29	103	8	0	3	0	157	80	136	167	67	0	4	0	139	197	168	139	14	0	1	0	23	133	119	27	0	1	0	0	0	0	0	1	1	0	
0	0	0	2	0	0	0	0	0	0	0	0	98	78	0	2	0	2	0	105	119	141	6	0	1	0	25	96	40	88	0	2	1	0	9	167	104	5	0	1	2	0	52	124	66	0	2	0	3	0	68	158	94	0	2	0	0	0	6	60	13	0	1	0	
0	0	0	0	0	0	0	0	0	0	0	14	30	0	1	0	0	2	0	52	123	0	3	0	0	1	0	37	108	0	3	0	0	1	0	26	99	0	2	0	0	1	0	27	96	0	2	0	0	1	0	26	67	0	2	0	0	0	0	10	23	0	1	0	
0	0	2	0	0	0	0	0	0	0	12	76	46	46	45	0	2	0	57	179	162	174	127	0	0	38	208	46	26	0	0	0	0	121	165	43	90	70	0	2	0	0	0	0	1	131	11	0	0	9	11	6	74	154	28	3	1	44	35	43	114	52	24	3	
0	0	1	1	0	1	0	0	0	1	0	28	7	1	2	0	1	0	28	156	0	112	64	0	3	0	114	72	8	182	12	0	1	0	159	134	178	87	0	3	1	0	29	50	168	18	0	1	0	1	0	40	141	0	2	0	0	0	0	19	41	0	1	0	
0	0	0	0	8	32	0	0	0	0	1	0	38	90	0	2	0	0	2	0	104	30	0	1	0	1	0	21	158	5	0	0	0	3	0	113	124	0	4	0	1	0	7	198	58	0	2	0	2	0	40	85	0	2	0	0	0	0	0	0	1	0	0	0	
0	0	0	0	0	0	3	2	0	0	9	101	135	12	0	1	1	0	168	134	122	20	62	52	2	0	163	67	58	190	199	55	2	0	47	249	222	88	0	0	4	0	88	255	111	0	5	2	3	0	60	247	100	0	4	0	0	0	0	25	7	0	0	0	
0	0	0	7	29	0	1	0	0	2	0	99	108	0	4	0	1	0	36	118	0	1	1	0	1	0	104	26	5	146	74	0	0	14	59	0	75	79	52	0	0	16	115	81	57	4	4	0	1	0	48	125	44	2	0	0	0	0	0	0	0	0	0	0	
0	0	0	8	19	0	1	0	0	2	0	91	61	0	2	0	0	0	14	106	0	1	0	0	2	0	47	105	142	64	0	1	3	0	83	38	0	102	23	0	3	0	79	58	60	99	0	0	1	0	12	109	97	12	0	1	0	0	0	0	0	1	0	0	
0	0	1	0	1	2	1	0	0	0	6	9	0	0	0	0	3	0	136	135	3	57	16	0	0	41	120	36	84	156	11	0	0	8	11	0	52	85	0	3	0	0	1	0	121	23	0	1	0	2	0	68	78	0	2	0	0	1	0	81	14	0	0	0	
