500	64	10
0	0	0	0	0	0	0	0	0	12	40	54	84	32	0	1	0	38	103	73	115	155	0	3	0	0	3	0	104	107	0	3	0	2	0	13	187	23	0	1	0	2	0	56	159	0	3	0	0	3	0	73	172	0	2	0	0	1	0	30	74	0	1	0	
0	0	2	1	0	0	0	0	0	2	0	2	33	102	95	0	2	0	49	166	173	147	54	0	0	55	222	182	147	19	0	1	0	101	50	0	95	156	0	2	0	0	7	0	9	142	4	0	0	2	161	155	146	89	0	2	0	0	15	62	47	0	0	0	
0	0	0	0	8	2	0	0	1	0	75	148	171	95	0	2	0	0	108	47	29	142	0	2	0	0	3	0	104	95	0	3	0	2	0	35	161	2	0	0	1	1	0	180	109	0	2	0	3	0	77	215	154	71	0	2	0	0	1	1	0	0	0	0	
0	0	1	0	98	10	0	0	0	2	0	51	141	0	3	0	0	2	0	148	58	0	2	0	3	0	88	114	30	102	22	0	0	10	178	22	145	201	112	0	0	0	127	166	174	120	20	0	0	0	0	15	16	5	0	0	0	0	2	0	0	2	1	0	
1	0	12	41	10	0	0	0	2	0	35	147	157	82	0	2	0	1	3	0	69	175	0	1	3	0	113	187	224	107	0	3	0	30	35	15	21	172	47	0	0	88	169	113	61	167	96	0	1	0	33	85	138	100	4	0	0	1	0	0	0	0	0	0	
0	0	1	1	0	1	0	0	0	0	0	17	10	0	1	0	2	0	38	180	147	185	41	0	2	0	149	61	23	179	4	0	0	0	15	0	154	81	0	3	0	3	0	95	162	0	2	0	1	0	24	191	27	0	1	0	3	0	68	114	0	3	0	0	
0	1	1	0	0	0	0	0	1	0	31	90	88	127	27	0	0	24	191	133	131	62	0	1	0	102	253	152	152	162	27	0	0	66	137	45	8	109	179	0	0	0	13	9	0	78	196	0	3	0	105	179	165	191	44	0	0	1	0	33	45	1	0	0	
0	0	0	0	5	7	0	0	0	2	0	44	141	160	29	0	0	0	8	156	40	118	10	0	0	0	7	143	156	86	0	3	0	3	0	170	197	0	2	0	3	0	82	172	149	3	0	0	3	0	113	163	70	0	1	0	0	0	0	5	0	0	0	0	
0	0	0	0	0	0	0	0	0	14	64	49	19	28	11	0	0	76	80	69	87	91	35	0	0	118	132	54	73	87	6	0	0	74	32	0	0	66	87	0	1	0	16	10	0	18	93	0	2	0	73	73	24	90	73	0	1	0	9	75	93	44	0	0	
0	0	2	0	0	0	0	0	0	1	0	31	88	39	0	1	2	0	86	143	90	144	23	0	0	25	163	4	0	160	37	0	0	3	150	145	167	153	0	3	0	0	7	30	163	83	0	3	0	1	1	2	166	24	0	1	0	0	0	12	83	1	0	0	
0	0	0	0	0	0	0	0	2	0	59	160	72	0	1	0	1	0	35	99	210	18	0	1	0	1	0	144	186	0	0	1	1	0	19	171	194	15	0	1	0	0	3	0	188	92	0	3	0	0	0	124	185	19	0	1	0	0	0	24	15	0	1	0	
0	0	0	0	0	0	0	0	0	0	1	0	158	57	0	2	0	1	0	23	230	45	0	2	0	3	0	102	207	0	1	0	0	3	0	174	135	0	4	0	1	0	17	234	62	0	3	0	2	0	50	176	2	0	0	0	0	0	0	0	0	0	0	0	
1	2	3	4	2	2	0	0	0	0	0	0	0	0	0	0	26	50	80	111	126	104	1	0	24	71	89	59	24	140	10	0	0	0	3	0	77	107	0	3	1	3	3	0	130	24	0	1	0	2	0	50	116	0	3	0	0	2	0	45	114	0	2	0	
0	0	0	11	21	0	1	0	0	3	0	159	227	51	0	2	3	0	106	184	69	234	37	0	0	16	226	59	0	203	96	0	0	98	191	0	0	225	86	0	0	124	211	45	151	210	11	0	0	15	128	150	125	21	0	1	0	0	0	0	0	1	1	0	
0	0	0	0	0	0	0	0	0	0	0	88	95	0	1	0	4	0	97	201	173	0	2	0	2	0	30	191	153	0	2	0	1	0	17	133	157	68	0	3	3	0	72	80	49	125	0	4	1	0	14	124	160	82	0	3	0	1	0	19	49	1	0	0	
0	0	1	0	0	0	0	0	0	0	5	8	0	115	35	0	3	0	109	59	0	157	23	0	0	29	181	13	53	164	0	2	0	143	180	86	183	128	0	4	0	18	3	0	165	41	0	2	0	1	0	30	137	0	1	0	0	1	0	0	0	0	0	0	
0	4	3	1	1	2	0	0	0	0	0	0	0	0	0	0	10	106	132	124	143	81	0	2	60	112	38	4	64	135	0	3	0	0	3	0	95	115	0	4	0	3	5	0	111	92	0	3	0	0	4	0	127	70	0	3	0	0	2	0	149	42	0	2	
0	0	3	0	94	58	0	2	0	1	0	25	173	18	0	1	0	1	0	159	75	0	3	0	3	0	92	144	38	173	62	0	0	9	179	37	184	198	91	0	0	6	160	201	218	122	2	0	0	0	6	26	9	0	0	0	0	0	1	0	0	2	1	0	
0	0	1	1	0	2	0	0	0	0	4	143	89	0	1	0	2	0	66	122	114	109	0	2	2	0	94	56	0	117	37	0	0	2	98	5	0	81	70	0	0	0	117	15	50	165	12	0	3	0	79	174	161	50	0	2	0	0	0	7	1	1	1	0	
0	0	0	0	0	0	0	0	1	0	68	132	129	51	0	2	0	9	136	65	115	116	0	3	0	8	105	149	216	59	0	3	0	25	142	72	47	144	15	0	0	0	4	0	3	155	22	0	3	0	95	187	180	91	0	3	0	0	3	48	29	0	1	0	
0	0	38	68	27	0	1	0	0	67	146	111	171	37	0	2	0	21	24	0	75	147	0	3	1	0	25	95	121	137	0	3	0	18	175	78	187	209	0	0	0	30	179	108	155	191	68	0	2	0	83	145	11	62	33	0	0	0	0	0	2	1	0	0	
0	0	1	0	0	0	0	0	1	0	19	48	0	50	32	0	3	0	92	106	0	140	54	0	0	1	159	23	9	158	5	0	0	58	244	178	207	133	0	4	0	9	38	34	183	52	0	2	0	0	0	9	119	2	0	0	0	1	1	6	19	0	0	0	
0	0	0	4	4	0	0	0	1	0	21	131	127	5	0	1	3	0	99	84	163	15	0	1	1	0	8	155	195	21	0	1	0	0	8	29	29	182	5	0	0	3	53	0	99	162	0	2	2	0	85	156	150	20	0	1	0	0	0	8	2	1	0	0	
0	0	1	0	0	0	0	0	0	0	2	4	0	50	10	0	1	0	31	59	0	127	4	0	2	0	128	70	52	107	0	3	0	0	125	125	175	63	0	3	0	0	2	0	121	34	0	1	0	0	3	0	125	13	0	0	0	0	0	1	17	0	0	0	
0	0	0	0	0	0	0	0	0	0	0	5	88	2	0	0	0	1	0	18	104	0	1	0	0	2	0	54	91	0	3	0	0	3	0	86	60	0	2	0	0	2	0	110	29	0	1	0	0	0	1	97	7	0	0	0	0	0	0	0	0	0	0	0	
0	0	1	0	21	50	0	0	0	1	0	29	190	186	50	0	0	3	0	77	74	53	87	0	1	0	36	59	46	127	63	0	0	43	145	68	180	255	42	0	0	104	143	115	150	59	43	0	0	26	152	91	5	0	0	0	0	0	0	0	2	3	1	0	
0	2	3	4	3	3	2	0	0	0	0	0	0	0	0	0	0	106	159	143	148	142	62	0	0	37	54	74	38	111	136	0	0	0	1	0	15	164	25	0	0	2	0	5	166	84	0	3	0	1	0	145	97	0	3	0	2	0	48	176	0	3	0	0	
0	0	0	0	0	0	0	0	0	0	0	68	143	57	10	0	4	0	104	207	49	201	58	0	2	0	36	162	128	122	0	1	0	3	0	120	255	36	0	2	3	0	99	117	87	81	0	3	2	0	173	161	153	26	0	1	1	0	24	64	17	0	1	0	
0	0	1	0	0	1	0	0	1	0	18	22	0	27	30	0	1	0	90	29	0	103	32	0	0	43	74	0	19	111	0	1	0	63	114	85	152	123	0	4	0	1	32	26	125	51	0	2	0	0	1	0	101	20	0	1	0	0	1	2	10	0	0	0	
0	0	0	0	0	0	0	0	0	0	1	0	139	36	0	1	0	1	0	23	208	24	0	1	0	3	0	78	182	0	2	0	0	3	0	159	141	0	3	0	1	0	8	228	67	0	3	0	2	0	34	190	20	0	1	0	0	0	0	0	0	0	0	0	
0	0	1	0	5	6	0	0	0	0	0	11	17	44	0	2	0	0	13	85	13	55	0	2	2	0	44	46	28	59	0	2	3	0	77	105	126	58	0	2	1	0	22	38	117	14	0	1	0	0	0	8	58	0	1	0	0	0	1	1	0	0	0	0	
0	0	0	2	0	0	0	0	0	0	3	0	143	158	0	2	0	3	0	114	206	183	21	0	3	0	64	215	20	160	20	0	3	0	157	71	17	158	0	1	0	16	210	49	143	131	0	4	1	0	144	222	158	15	0	1	0	0	0	0	0	0	0	0	
0	0	1	1	0	0	0	0	0	1	0	61	144	97	0	1	1	0	18	191	215	239	43	0	3	0	62	223	175	218	19	0	1	0	104	243	238	100	0	4	0	48	219	21	126	132	0	4	0	17	164	182	196	30	0	2	1	0	11	59	14	0	1	0	
0	1	0	29	42	0	1	0	0	3	0	115	64	0	3	0	1	0	31	138	0	1	0	0	3	0	104	60	24	119	29	0	0	0	140	75	154	173	77	0	2	0	116	237	157	96	8	0	0	0	2	42	39	9	0	0	0	0	1	0	0	1	1	0	
0	0	1	0	0	0	0	0	0	2	0	137	143	0	2	0	3	0	78	204	211	17	0	1	3	0	63	171	201	13	0	1	0	0	2	2	115	67	0	3	0	0	30	0	50	154	0	3	2	0	73	127	171	131	0	2	0	0	0	5	9	0	0	0	
0	1	2	0	0	1	1	0	0	1	1	3	0	44	96	0	0	1	136	33	0	107	97	0	0	137	175	12	0	156	41	0	20	176	136	121	138	212	12	0	1	1	3	0	108	136	0	3	0	1	4	0	116	42	0	2	0	0	0	0	1	1	0	0	
0	0	1	0	1	3	0	0	0	21	3	1	0	0	0	0	0	129	137	117	107	81	7	0	0	90	122	0	6	162	52	0	0	25	93	0	24	169	5	0	0	0	3	0	92	137	0	4	0	1	4	0	167	78	0	3	0	0	0	0	72	13	0	0	
0	0	2	1	0	0	0	0	0	1	0	21	83	46	0	1	3	0	79	176	94	122	10	0	0	18	195	15	20	169	6	0	0	11	158	82	187	178	0	3	1	0	18	58	210	82	0	3	0	3	0	53	202	4	0	1	0	1	0	49	62	0	2	0	
0	0	2	1	0	0	0	0	0	0	0	1	25	8	0	0	0	15	58	90	120	122	0	3	0	83	78	0	61	102	0	3	0	0	3	0	127	42	0	2	0	2	0	20	126	0	1	0	0	3	0	88	80	0	3	0	0	0	0	107	19	0	1	0	
0	2	1	0	0	0	0	0	0	0	3	11	9	11	6	0	0	82	185	109	92	210	81	0	0	89	73	0	61	200	6	0	0	0	0	0	190	80	0	3	0	6	0	100	179	0	3	0	1	0	11	219	68	0	2	0	2	0	57	161	0	0	0	0	
0	0	0	4	3	0	0	0	1	0	13	146	130	0	0	0	0	0	7	14	148	11	0	0	0	2	0	87	195	3	0	1	0	0	3	105	91	124	0	3	0	0	14	7	84	150	0	3	2	0	39	179	126	10	0	1	0	0	0	6	1	1	0	0	
0	0	0	1	13	3	0	0	2	0	54	191	137	102	0	2	2	0	162	112	26	178	0	1	0	1	5	0	130	138	0	4	0	2	0	89	201	41	8	0	0	18	151	255	219	211	112	0	0	126	213	87	43	14	6	0	0	2	0	0	0	0	0	0	
0	0	0	3	10	0	0	0	0	2	0	65	85	0	3	0	0	3	0	97	82	0	3	0	0	3	0	91	109	0	3	0	0	3	0	91	146	0	4	0	0	2	0	68	168	0	3	0	0	1	0	14	94	0	0	0	0	0	0	0	0	0	0	0	
0	0	0	0	0	0	0	0	0	18	96	118	131	71	0	2	0	142	167	40	145	167	0	3	2	0	61	171	233	148	0	0	2	0	47	101	18	124	132	0	0	0	3	2	0	117	176	0	0	0	146	198	203	187	34	0	0	0	21	59	40	3	0	0	
0	0	0	0	0	0	0	0	0	25	52	0	21	51	0	1	0	98	219	0	107	235	1	0	0	86	232	2	150	204	0	1	0	21	207	230	253	171	0	3	0	0	11	27	69	226	27	0	0	1	3	0	28	255	98	0	0	0	1	1	4	92	28	0	
0	0	1	14	5	0	0	0	0	111	163	117	121	33	0	1	0	43	53	15	190	76	0	3	0	66	195	194	172	104	10	0	0	6	4	5	0	96	140	0	0	10	59	20	26	172	141	0	0	14	162	185	179	128	2	0	0	0	0	4	2	0	1	0	
0	0	1	0	0	0	0	0	0	113	204	174	34	0	3	0	1	100	36	159	146	0	4	0	3	0	58	215	207	179	27	0	1	0	11	12	0	101	188	0	0	31	77	45	38	120	195	0	0	12	121	166	168	141	27	0	0	0	0	0	0	0	0	0	
0	0	2	2	0	0	0	0	0	0	0	4	72	41	0	1	1	0	26	156	144	145	0	1	2	0	170	58	85	146	0	3	2	0	127	135	212	84	0	3	0	0	6	3	132	56	0	2	0	0	2	0	169	35	0	1	0	0	0	3	70	7	0	0	
0	0	0	0	0	0	0	0	0	2	0	58	75	0	2	0	0	3	0	72	125	0	4	0	0	2	0	69	125	0	3	0	0	2	0	67	139	0	3	0	0	2	0	44	157	0	2	0	0	1	0	18	128	0	0	0	0	0	0	0	0	0	0	0	
0	0	1	0	26	32	0	1	0	3	0	89	201	188	54	0	0	5	0	128	72	109	114	0	0	0	0	2	0	171	71	0	0	88	168	95	116	169	0	2	0	164	151	214	247	187	53	0	0	25	137	92	1	67	70	0	0	0	0	0	0	0	0	0	
0	0	1	0	0	1	0	0	0	1	0	46	77	14	0	1	3	0	68	127	76	136	0	1	0	6	147	1	52	176	0	1	0	2	137	112	163	128	0	4	1	0	16	15	85	96	0	4	0	0	4	0	130	59	0	2	0	0	1	0	54	6	0	0	
0	0	0	13	26	0	2	0	0	1	0	176	235	38	0	2	3	0	108	191	71	230	36	0	1	0	206	72	0	185	137	0	0	31	241	41	0	161	161	0	0	5	212	161	134	255	91	0	2	0	39	149	141	66	0	1	0	1	1	0	0	0	1	0	
0	0	2	4	1	0	0	0	0	0	0	0	1	1	0	0	0	7	64	120	140	83	0	3	0	40	125	48	66	37	0	1	0	0	3	88	146	46	44	17	0	1	0	118	69	68	78	26	2	0	45	63	0	2	0	0	1	0	33	21	0	3	3	1	
0	0	3	1	0	1	0	0	0	1	0	27	94	30	0	1	2	0	85	188	134	116	0	0	0	37	166	8	0	147	28	0	0	41	163	99	179	182	0	2	1	0	54	80	146	111	0	4	0	0	4	0	144	73	0	3	0	0	3	0	73	19	0	1	
0	0	0	0	0	0	0	0	0	0	0	10	38	82	45	0	0	0	0	145	140	100	43	0	2	0	93	46	0	2	0	0	3	0	106	111	86	17	0	0	2	0	52	50	86	116	0	4	0	0	1	29	101	62	0	2	0	0	2	88	46	0	1	0	
0	0	0	3	8	0	0	0	1	0	24	139	154	37	0	2	1	0	19	84	162	40	0	2	3	0	91	198	182	31	0	2	0	0	10	0	41	125	0	3	1	0	64	49	109	116	0	3	3	0	96	200	137	8	0	1	0	0	0	1	0	1	0	0	
0	0	0	0	0	0	0	0	0	0	0	0	58	7	0	0	0	0	0	5	162	12	0	1	0	1	0	24	149	0	0	0	0	2	0	63	133	0	3	0	0	3	0	78	105	0	3	0	0	3	0	98	66	0	2	0	0	0	0	14	7	0	0	0	
0	0	0	0	0	0	0	0	2	0	51	107	111	22	0	1	2	0	93	56	144	62	0	2	2	0	32	167	182	0	1	0	1	0	26	39	96	71	0	2	0	0	2	0	65	131	0	4	1	0	15	148	168	32	0	2	0	0	0	48	31	0	1	0	
0	0	1	1	5	0	0	0	0	2	0	71	173	53	0	2	2	0	40	169	63	138	0	3	4	0	122	98	0	156	7	0	4	0	134	59	0	170	31	0	4	0	122	90	76	175	0	1	2	0	33	174	153	19	0	1	0	0	0	3	2	0	0	0	
0	0	1	1	0	0	0	0	0	1	0	45	83	9	0	1	2	0	58	136	94	74	0	3	3	0	121	54	52	127	0	3	2	0	36	117	189	80	0	3	0	0	2	0	141	40	0	2	0	0	0	19	146	1	0	0	0	0	0	11	60	0	1	0	
0	0	0	0	4	1	2	0	0	2	5	126	198	141	7	0	0	63	255	186	4	117	129	0	0	145	241	16	0	0	181	40	0	153	188	0	5	0	180	61	0	86	222	50	26	104	185	11	0	1	125	198	189	162	42	0	0	1	0	0	1	0	1	1	
0	0	0	0	1	0	0	0	0	0	3	0	91	62	0	2	0	0	0	0	179	45	0	2	0	2	0	59	173	0	2	0	0	3	0	141	95	0	3	0	1	0	21	182	12	0	1	0	2	0	53	130	0	2	0	0	0	0	0	1	0	0	0	0	
1	4	3	3	4	3	0	0	0	0	0	0	0	0	0	0	35	166	172	161	179	75	0	2	20	108	103	65	102	212	23	0	0	0	0	3	0	161	64	0	1	4	4	3	0	186	40	0	0	0	2	0	50	187	0	0	0	0	4	0	106	139	0	4	
0	0	1	2	0	0	0	0	0	0	2	0	38	107	150	30	1	0	12	109	123	138	93	17	2	0	154	228	64	0	1	0	0	6	93	46	152	78	0	3	0	1	6	0	68	121	0	4	0	10	189	189	192	53	0	2	0	0	21	49	19	0	0	0	
0	0	1	0	0	0	0	0	0	1	0	73	205	197	15	0	3	0	63	254	178	92	5	0	4	0	144	247	45	0	1	0	2	0	41	180	223	125	0	2	1	0	10	64	150	235	9	0	1	0	27	172	214	144	0	0	0	0	0	0	0	0	0	0	
0	0	0	0	0	0	0	0	0	2	0	77	203	105	0	3	2	0	41	240	77	147	16	0	0	0	13	20	0	146	15	0	1	0	29	109	102	118	0	3	4	0	118	224	255	108	0	2	3	0	81	186	57	95	9	0	0	0	0	0	0	0	0	0	
0	0	0	2	2	0	0	0	0	10	9	0	0	1	3	0	0	82	193	137	150	204	75	0	0	3	26	29	62	194	12	0	0	0	3	0	155	98	0	3	0	2	0	58	197	0	0	0	0	2	0	175	105	0	3	0	1	0	7	147	20	0	1	0	
0	0	0	0	0	0	0	0	1	0	24	134	95	8	0	1	2	0	63	94	138	55	0	2	1	0	101	151	204	68	0	3	0	0	90	66	19	133	8	0	0	0	5	0	40	149	4	0	3	0	87	226	185	49	0	2	0	0	2	40	12	0	1	0	
0	0	0	0	0	2	1	0	0	13	55	94	66	1	6	1	0	205	234	92	197	215	132	1	0	79	177	175	195	118	23	0	3	0	57	225	209	59	0	2	3	0	97	208	112	238	29	0	0	0	0	101	186	207	51	0	0	0	1	0	1	0	0	0	
0	0	0	0	0	0	0	0	0	0	0	1	123	12	0	1	0	1	0	34	158	0	1	0	0	2	0	62	151	0	3	0	0	3	0	80	143	0	4	0	0	3	0	93	162	0	4	0	0	3	0	78	108	0	3	0	0	0	0	0	0	0	0	0	
0	0	0	2	2	0	0	0	0	0	0	0	10	44	0	1	0	2	0	83	210	104	0	3	0	2	0	49	167	0	1	0	1	0	88	147	170	3	0	1	1	0	20	146	136	0	1	0	0	3	0	91	82	0	3	0	0	1	0	28	34	0	1	0	
0	0	3	0	88	36	0	1	0	2	0	66	140	3	1	0	2	0	39	151	8	0	1	0	1	0	122	44	3	131	68	0	0	40	155	0	133	192	89	0	0	11	156	173	212	122	9	0	0	0	1	25	20	5	0	0	0	1	2	0	0	2	1	0	
0	0	0	0	1	2	0	0	0	12	14	2	4	0	0	0	0	97	208	205	203	55	0	2	0	0	27	27	141	142	0	4	0	0	4	0	129	128	0	4	0	0	2	0	187	65	0	3	0	2	0	38	204	9	0	1	0	2	0	42	111	0	1	0	
0	0	1	2	0	0	0	0	0	0	1	0	16	9	0	0	1	0	27	161	171	163	0	1	3	0	153	89	31	145	0	2	0	1	33	0	108	73	0	3	0	0	0	8	142	10	0	0	0	3	0	77	144	0	3	0	0	3	0	96	65	0	2	0	
0	0	0	0	0	0	0	0	0	0	6	52	77	14	0	1	1	0	59	94	121	96	0	4	0	0	3	0	103	62	0	2	0	0	0	13	144	8	0	1	0	3	0	89	98	0	3	0	0	0	6	147	16	0	1	0	1	0	16	55	0	1	0	0	
0	0	0	0	0	0	0	0	1	0	29	105	138	36	0	2	0	0	147	93	136	108	0	4	1	0	74	144	210	75	0	3	1	0	154	164	55	145	0	0	0	0	2	0	51	129	0	2	2	0	54	191	155	24	0	1	1	0	13	59	12	0	1	0	
0	0	0	0	9	4	0	0	0	1	0	65	107	22	0	1	1	0	19	170	38	53	0	1	0	2	0	152	206	12	0	1	0	1	0	108	182	43	0	2	1	0	29	137	127	69	0	3	1	0	9	164	89	0	1	0	0	0	0	1	1	0	0	0	
0	0	3	2	0	0	0	0	0	0	0	0	16	7	0	0	2	0	105	164	205	117	0	4	0	25	178	24	97	115	0	4	0	3	7	0	164	38	0	2	0	2	0	58	150	0	2	0	0	3	0	149	72	0	2	0	0	1	0	126	31	0	1	0	
0	0	1	0	0	0	2	0	0	2	0	26	32	6	0	0	2	0	89	116	91	116	66	0	0	65	109	0	2	0	107	46	0	109	28	0	0	10	117	27	0	65	97	51	93	119	45	0	0	0	25	33	29	3	0	1	0	1	0	0	0	1	2	0	
0	0	0	0	0	0	0	0	0	1	0	40	132	19	0	1	1	0	23	190	147	105	0	4	0	1	0	120	221	56	0	2	0	2	0	110	183	42	0	2	1	0	37	121	33	89	0	3	1	0	28	158	137	26	0	1	0	1	0	42	42	0	1	0	
0	0	0	0	0	0	0	0	0	13	100	123	59	0	2	0	0	28	54	46	118	0	3	0	0	3	0	100	90	0	2	0	0	2	0	109	137	71	0	2	0	0	0	0	12	134	1	0	0	0	9	73	120	75	0	2	0	0	1	51	47	0	0	0	
0	0	1	1	0	1	0	0	0	0	1	9	0	26	16	0	1	0	20	103	0	135	36	0	2	0	143	113	39	159	0	1	0	17	147	135	200	138	0	3	0	0	3	0	133	56	0	2	0	0	2	5	150	16	0	1	0	0	0	8	50	0	0	0	
0	0	0	0	0	0	0	0	0	2	0	69	63	0	1	0	0	3	0	95	218	0	1	0	0	3	0	100	226	0	0	0	0	4	0	122	229	0	0	0	0	4	0	126	165	0	3	0	0	4	0	120	114	0	3	0	0	1	0	17	14	0	0	0	
0	0	2	1	0	0	1	0	0	3	0	62	214	148	10	0	3	0	55	241	119	109	116	0	0	17	220	81	0	43	164	0	0	165	121	0	0	52	172	0	0	193	83	1	0	157	140	0	0	34	148	153	167	174	23	0	0	0	0	8	8	0	0	0	
0	0	0	1	2	0	0	0	0	2	0	82	41	0	1	0	1	0	13	142	5	8	3	0	3	0	75	91	0	87	8	0	3	0	80	157	159	129	0	2	0	0	4	26	119	55	0	2	0	0	1	0	71	14	0	0	0	0	0	2	2	0	0	0	
0	1	0	30	46	0	0	0	2	0	45	201	192	66	0	3	0	0	16	7	55	147	0	3	0	0	3	0	97	153	0	4	0	10	94	87	188	38	0	2	0	66	255	242	220	88	0	1	0	14	117	43	29	140	18	0	0	0	0	0	0	0	0	0	
0	0	2	0	1	0	0	0	1	0	10	70	29	0	1	0	0	6	128	123	126	0	2	0	0	25	165	115	200	17	0	1	1	0	26	14	142	56	0	2	0	0	4	0	124	78	0	3	0	0	4	0	101	112	0	4	0	0	1	0	33	50	0	2	
0	0	2	1	0	0	0	0	0	1	2	0	21	62	0	2	3	0	90	40	60	145	0	4	0	11	190	7	90	95	0	3	0	52	178	104	194	112	0	3	0	0	8	14	172	67	0	2	0	0	0	5	149	15	0	1	0	0	0	5	22	0	0	0	
0	0	1	4	4	3	0	0	3	16	2	0	0	0	0	0	46	176	140	132	115	137	11	0	7	10	20	66	63	180	22	0	0	0	1	0	25	157	0	0	0	1	3	0	72	155	0	3	0	0	4	0	131	99	0	4	0	0	2	0	103	42	0	2	
0	0	0	9	23	0	1	0	0	3	0	126	230	18	0	1	1	0	31	190	140	160	0	3	4	0	147	126	7	215	18	0	0	31	210	16	31	212	12	0	0	31	218	80	189	160	0	4	1	0	73	163	118	13	0	1	0	0	0	0	0	0	0	0	
0	2	2	0	0	2	0	0	0	1	0	17	19	0	1	0	0	64	75	166	197	76	0	3	0	112	240	34	37	201	30	0	0	46	126	0	0	140	107	0	0	1	1	3	0	169	78	0	0	1	4	0	103	175	0	0	0	1	0	6	127	26	0	1	
0	0	0	1	57	23	0	1	1	0	2	165	159	138	11	0	1	0	22	111	0	145	62	0	0	0	0	2	2	155	31	0	0	6	143	140	209	170	0	3	0	79	207	133	161	137	50	0	0	17	131	105	3	4	7	0	0	0	0	0	3	3	0	0	
0	0	0	2	0	1	0	0	0	0	0	7	30	3	0	0	0	0	3	110	125	74	0	3	3	0	90	63	79	114	0	4	3	0	82	127	163	12	0	1	0	0	0	36	110	0	1	0	0	1	0	30	108	0	3	0	0	1	0	26	85	0	2	0	
0	0	1	0	0	0	0	0	0	0	10	0	23	127	0	1	4	0	123	53	51	179	0	3	0	1	176	13	76	147	0	4	0	58	201	99	177	136	0	4	0	4	15	17	164	119	0	4	0	0	3	0	102	68	0	2	0	0	1	1	1	0	0	0	
0	0	0	0	1	0	0	0	0	0	42	0	51	48	0	2	0	20	161	0	137	116	0	4	0	11	183	15	170	74	0	3	3	0	79	183	205	24	0	1	0	1	0	22	192	20	0	1	0	0	0	5	173	21	0	1	0	0	0	0	28	6	0	0	
0	0	3	1	0	0	0	0	0	1	0	13	65	36	0	1	1	0	112	162	131	180	0	2	0	85	190	0	93	157	0	3	0	11	10	0	184	82	0	3	0	1	0	25	194	13	0	1	0	4	0	92	186	0	2	0	0	1	0	45	65	0	1	0	
0	1	2	0	0	0	0	0	0	0	0	22	49	62	25	0	0	19	121	95	58	167	94	0	0	16	26	7	98	68	0	0	2	0	57	156	117	18	0	1	0	4	15	0	28	119	0	2	0	55	60	45	103	36	0	1	0	6	86	79	14	0	1	0	
0	0	0	0	0	0	0	0	0	1	0	41	138	70	0	2	0	2	0	162	145	183	9	0	0	3	0	79	240	69	0	2	0	0	0	154	178	33	0	2	3	0	93	135	113	96	0	3	4	0	89	187	137	7	0	1	0	0	5	50	8	0	0	0	
0	1	0	20	43	0	1	0	0	2	0	24	116	122	9	0	0	25	176	23	0	86	117	0	0	77	166	103	10	0	114	32	0	116	84	0	7	0	129	34	0	64	158	25	43	112	114	0	1	0	83	132	119	73	0	0	0	0	0	0	0	0	2	0	
0	0	0	0	9	32	0	0	0	0	3	0	163	188	0	2	0	3	0	147	172	129	18	0	3	0	73	192	4	170	24	0	0	0	201	54	15	202	10	0	0	21	210	71	184	157	0	3	2	0	76	163	101	7	0	1	0	0	0	0	0	1	0	0	
0	0	1	1	0	1	0	0	0	1	0	29	65	0	0	0	1	0	25	109	90	44	0	2	3	0	95	33	73	113	0	4	2	0	88	113	109	82	0	3	0	0	7	2	59	65	0	3	0	0	4	0	97	46	0	2	0	0	1	0	46	13	0	0	
0	1	3	0	0	2	1	0	0	0	1	11	3	0	0	0	1	0	140	190	92	153	98	0	0	100	237	25	0	195	90	0	0	59	65	0	74	195	0	0	0	0	0	1	200	74	0	3	0	5	0	111	181	0	2	0	0	3	0	110	69	0	2	0	
0	1	0	27	54	0	1	0	0	4	0	143	123	0	4	0	1	0	5	194	41	0	2	0	2	0	39	178	25	56	0	0	1	0	27	215	175	197	47	0	0	2	0	186	218	174	26	0	0	1	0	11	76	42	0	1	0	0	0	1	0	0	0	0	
0	0	0	6	21	0	1	0	0	3	0	65	215	25	0	2	1	0	18	173	110	150	0	2	4	0	124	117	0	195	21	0	0	9	175	13	13	195	15	0	0	12	185	84	134	183	0	2	2	0	44	144	156	46	0	2	0	0	1	0	0	0	0	0	
0	0	1	0	0	0	0	0	1	0	16	120	157	31	0	2	0	5	185	71	142	111	0	3	0	0	171	157	81	136	0	1	1	1	0	137	255	58	0	3	0	0	7	143	173	65	0	3	1	0	6	174	197	48	0	2	0	1	0	26	40	0	1	0	
0	0	2	0	80	22	0	1	0	3	0	95	167	6	0	0	2	0	54	177	11	0	1	0	0	7	170	34	19	143	46	0	0	91	115	0	184	205	125	0	0	79	185	141	230	167	46	0	1	0	44	91	55	14	0	1	0	1	0	0	0	1	2	0	
0	0	1	0	0	0	0	0	0	2	0	104	225	73	0	2	3	0	87	201	116	214	1	0	3	0	186	101	3	189	10	0	0	5	208	29	47	189	0	1	0	0	202	112	208	125	0	3	3	0	73	202	120	0	0	0	0	0	0	0	0	1	0	0	
0	0	2	1	0	2	0	0	0	2	0	57	122	1	0	0	2	0	53	189	149	73	0	2	0	0	173	20	110	201	0	2	0	0	161	148	240	114	0	4	1	0	8	87	219	28	0	1	0	2	0	45	160	0	2	0	0	0	0	15	23	0	1	0	
0	1	0	21	51	0	0	0	0	2	0	51	187	79	0	3	0	1	0	21	171	48	0	2	0	3	0	72	209	11	0	1	0	8	3	0	99	109	0	4	0	61	82	56	195	77	0	3	0	4	90	151	87	0	1	0	0	1	0	0	0	1	0	0	
0	0	0	0	0	0	0	0	1	0	14	97	134	71	0	2	3	0	65	146	128	126	0	4	1	0	123	169	215	97	0	3	0	0	86	89	8	130	70	0	0	0	0	0	0	172	67	0	0	0	135	161	178	112	0	2	1	0	19	59	34	0	2	0	
0	0	0	0	0	0	0	0	0	0	27	59	77	46	0	1	2	0	91	171	238	159	0	4	0	0	2	0	190	117	0	4	0	1	0	37	214	22	0	1	0	4	0	133	188	0	3	0	0	2	0	201	169	0	3	0	0	0	0	93	45	0	2	0	
0	0	0	0	4	2	0	0	0	0	0	123	182	115	1	0	1	0	28	178	24	115	50	0	0	0	1	1	0	160	37	0	1	0	43	71	117	129	0	3	0	33	197	198	213	151	31	0	0	45	194	103	5	13	10	0	0	0	3	1	1	1	0	0	
0	0	1	0	0	0	0	0	2	0	28	193	182	33	0	2	3	0	144	106	114	130	0	4	0	0	23	0	147	109	0	4	0	2	0	109	186	0	0	1	3	0	99	219	26	6	4	0	3	0	100	167	154	135	11	0	0	0	0	2	11	3	0	0	
0	0	1	2	0	0	0	0	0	0	1	0	1	66	4	0	1	0	27	42	18	148	0	1	3	0	146	71	69	97	0	3	1	0	102	144	215	71	0	3	0	1	0	39	172	5	0	1	0	2	0	72	104	0	4	0	0	1	0	14	14	3	1	0	
0	0	3	0	0	1	3	0	0	1	0	5	64	30	0	1	0	0	113	143	123	181	88	0	0	61	156	1	0	25	209	33	0	156	110	0	15	98	166	10	0	103	203	136	150	140	32	0	1	0	31	77	24	0	2	0	0	1	0	0	0	4	1	0	
0	0	0	0	6	7	0	0	0	2	0	61	157	137	10	0	1	0	20	151	88	112	0	2	0	1	0	138	213	44	0	2	1	0	19	177	158	27	0	1	4	0	135	95	38	138	0	3	2	0	66	143	131	48	0	2	0	0	0	11	6	0	0	0	
0	0	0	0	0	0	0	0	0	0	96	164	81	0	2	0	0	28	227	127	183	25	0	1	1	0	90	188	196	7	0	1	0	2	0	176	253	75	0	3	1	0	33	189	65	215	10	0	0	1	0	141	216	155	0	0	0	0	0	5	51	10	0	0	
0	0	0	7	71	2	0	0	0	3	0	107	142	0	2	0	2	0	41	178	4	0	1	0	3	0	126	57	29	60	0	0	0	1	136	62	164	213	56	0	3	0	116	245	174	160	31	0	0	0	0	35	78	32	0	1	0	0	2	0	0	1	1	0	
0	0	0	2	0	0	0	0	0	0	2	0	55	27	0	1	0	2	0	79	231	108	0	4	3	0	87	233	199	65	0	3	3	0	93	211	203	2	0	1	0	2	0	40	190	0	0	0	0	2	0	49	159	0	2	0	0	0	0	12	41	0	1	0	
0	0	1	0	0	0	1	0	0	0	1	175	209	77	0	1	2	0	51	220	144	244	109	0	0	0	167	62	0	71	155	0	0	78	136	0	0	69	124	0	0	51	217	87	28	157	51	0	2	0	90	211	199	95	0	2	0	0	0	0	0	0	1	0	
0	0	0	1	12	1	0	0	0	1	0	31	110	0	2	0	0	3	0	79	106	37	0	2	1	0	18	87	56	92	0	3	2	0	145	112	120	184	51	0	0	0	108	102	166	96	0	0	0	0	2	0	51	26	0	1	0	0	3	4	2	1	0	0	
0	0	0	2	1	0	0	0	0	0	2	0	4	73	95	0	0	2	0	62	149	135	91	0	1	0	130	209	134	24	0	1	0	6	35	0	56	127	0	3	0	128	68	87	155	40	0	2	0	27	88	79	26	0	1	0	0	0	0	0	1	1	0	0	
0	0	0	0	0	0	0	0	0	0	2	0	62	39	0	1	0	0	2	0	166	51	0	2	0	2	0	48	175	0	0	0	0	4	0	116	147	0	4	0	0	2	0	159	67	0	2	0	0	1	0	155	30	0	1	0	0	0	0	19	3	0	0	0	
0	0	2	0	0	1	1	0	0	0	0	13	7	0	0	0	3	0	89	208	136	171	82	0	0	3	199	60	0	194	68	0	0	3	26	0	129	141	0	3	0	2	0	46	200	11	0	1	1	0	2	190	69	0	3	0	1	0	31	140	0	1	0	0	
0	0	0	0	14	21	0	1	0	0	1	0	161	147	0	1	0	2	0	60	167	18	2	0	0	3	0	103	206	38	0	2	2	0	83	176	141	0	1	0	0	15	185	55	170	48	0	2	1	0	62	122	91	7	0	1	0	0	0	0	0	0	0	0	
0	0	1	0	20	40	0	1	0	1	0	10	172	132	0	2	0	1	0	160	125	0	2	0	3	0	101	173	129	76	0	2	0	0	5	0	16	134	0	1	0	52	98	59	143	99	0	3	0	17	120	153	99	1	0	0	0	0	0	0	0	1	0	0	
0	1	3	3	0	0	0	0	0	0	0	0	8	25	2	0	0	33	69	89	103	136	20	0	0	35	100	38	30	74	0	1	0	0	0	6	85	13	0	1	0	0	5	138	141	127	65	0	1	0	23	58	0	22	20	0	2	0	53	25	0	1	0	0	
0	0	0	0	0	0	0	0	0	0	0	1	120	13	0	1	0	1	0	20	182	5	0	0	0	2	0	65	183	0	1	0	0	3	0	101	141	0	4	0	0	3	0	160	96	0	3	0	0	0	1	144	24	0	1	0	0	0	1	2	0	0	0	0	
0	0	0	0	0	0	0	0	0	2	0	44	76	0	2	0	0	2	0	63	121	0	3	0	0	2	0	63	123	0	3	0	0	2	0	48	141	0	3	0	0	1	0	37	126	0	3	0	0	1	0	26	96	0	2	0	0	0	0	0	0	0	0	0	
0	0	1	1	2	20	0	0	0	3	0	93	92	167	36	0	1	0	8	191	32	191	81	0	4	0	106	172	0	193	87	0	0	0	193	51	11	215	33	0	0	18	219	135	229	128	0	3	1	0	94	167	78	0	1	0	0	0	0	0	0	2	0	0	
0	0	0	0	0	0	0	0	2	0	75	136	50	0	1	0	1	0	23	160	156	0	3	0	1	0	5	182	78	0	1	0	0	0	2	20	77	62	0	2	0	0	1	0	34	153	0	2	0	1	0	60	179	97	0	3	0	0	0	13	33	0	0	0	
0	0	0	0	0	0	0	0	0	1	0	68	139	112	12	0	3	0	63	199	120	133	16	0	2	0	42	139	131	63	0	2	0	3	0	89	251	24	0	1	1	0	13	155	115	120	0	4	2	0	52	220	155	66	0	2	0	0	2	45	27	0	1	0	
0	0	1	0	0	1	0	0	0	4	5	0	70	76	0	3	0	62	122	0	96	161	0	3	0	83	142	0	73	186	0	1	0	148	228	175	183	243	89	0	0	129	129	16	3	223	63	0	0	0	0	2	0	147	58	0	0	1	3	1	0	0	0	0	
0	0	0	0	1	0	0	0	0	0	2	0	126	31	0	1	0	1	0	9	204	37	0	2	0	2	0	54	204	1	0	1	0	3	0	106	183	0	2	0	0	4	0	149	164	0	4	0	0	3	0	102	88	0	3	0	0	0	0	0	0	0	0	0	
0	0	0	1	4	0	0	0	0	2	0	114	173	51	0	2	1	0	29	158	10	34	0	1	2	0	42	199	116	16	0	1	2	0	39	132	92	148	0	3	0	0	2	35	51	161	0	2	0	2	0	100	185	54	0	2	0	0	0	2	5	0	0	0	
0	0	13	90	0	1	0	0	2	0	62	147	0	7	1	0	3	0	154	73	0	3	0	0	0	23	165	1	105	151	21	0	0	53	159	74	203	147	138	0	1	0	117	201	184	162	73	0	0	0	0	6	16	8	0	0	0	0	3	0	0	1	2	0	
0	0	0	1	4	6	0	0	0	0	5	0	60	93	0	3	0	1	0	15	196	80	0	3	0	2	75	141	181	35	0	2	0	65	213	138	188	133	91	15	0	3	0	53	197	60	40	1	0	1	0	25	86	0	1	0	0	0	1	0	0	2	1	0	
0	0	1	3	3	3	2	0	0	2	0	0	0	0	0	0	1	0	25	67	78	108	89	0	0	91	200	110	37	126	107	0	34	204	27	0	9	158	18	0	17	35	0	0	100	123	0	4	0	1	0	7	171	24	0	1	1	2	0	11	40	0	1	0	
0	0	1	1	0	0	0	0	0	1	0	57	115	117	42	0	3	0	76	147	42	193	97	0	3	0	103	149	187	172	0	0	2	0	87	184	110	129	0	3	0	65	161	0	72	121	0	3	0	90	159	135	150	8	0	1	0	0	54	52	3	0	0	0	
1	0	19	63	49	0	0	0	0	39	175	100	179	57	0	2	0	18	29	0	107	121	0	5	0	0	1	0	178	42	0	2	0	2	0	131	146	46	157	53	1	0	162	255	216	209	140	17	0	2	131	116	47	2	0	0	0	0	0	0	0	1	4	1	
0	0	1	4	1	0	0	0	0	0	0	0	0	8	4	0	2	0	49	155	168	235	74	0	1	0	22	105	181	203	2	0	1	0	20	173	245	54	0	2	0	1	0	168	106	0	3	0	2	0	43	198	1	1	0	0	1	0	36	106	0	2	0	0	
0	0	2	1	0	1	0	0	0	1	0	12	82	30	0	1	2	0	50	192	154	137	0	1	0	6	174	42	4	171	12	0	0	17	183	111	188	165	0	3	1	0	21	49	175	84	0	3	0	1	0	10	173	18	0	1	0	1	0	21	78	0	1	0	
0	0	1	0	0	0	0	0	0	2	0	50	170	228	100	0	3	0	61	243	172	114	43	0	4	0	97	200	0	1	0	0	1	0	1	165	166	13	0	1	0	0	114	123	255	183	0	1	2	0	85	199	159	59	0	1	0	0	0	0	0	0	0	0	
0	0	4	1	0	0	0	0	0	0	0	0	18	18	0	0	0	5	126	133	117	172	19	0	0	31	151	16	10	162	15	0	0	0	3	0	116	140	0	4	0	1	0	26	194	20	0	1	0	3	0	156	113	0	4	0	0	0	0	134	24	0	1	0	
0	3	2	0	0	1	0	0	0	63	60	0	4	0	1	0	0	67	98	0	3	14	2	0	0	67	105	0	133	162	77	0	0	45	131	56	146	79	100	0	1	0	128	87	148	195	90	9	0	0	3	12	3	3	3	1	0	0	2	0	0	1	1	0	
0	0	2	1	0	1	0	0	0	1	0	13	81	23	0	1	2	0	52	157	130	90	0	2	0	0	172	22	36	167	0	1	2	0	106	150	228	90	0	3	0	0	0	29	188	15	0	1	0	3	0	82	161	0	3	0	0	2	0	57	50	0	1	0	
0	0	0	0	0	0	0	0	2	0	59	37	3	10	0	0	0	6	187	16	86	97	0	3	0	12	199	33	173	105	0	4	2	0	141	180	200	132	0	4	0	0	2	0	51	206	7	0	0	0	1	3	0	130	94	0	0	0	0	1	0	10	20	0	
0	0	0	3	2	0	0	0	0	0	2	1	0	17	75	31	0	1	0	98	162	178	150	35	2	0	92	187	61	0	0	0	0	36	171	64	96	36	0	3	0	23	77	0	107	74	0	3	0	2	109	157	115	0	0	0	0	0	0	1	0	0	0	0	
0	0	0	0	0	0	0	0	0	1	0	36	62	0	2	0	0	2	0	70	134	0	4	0	0	3	0	74	133	0	4	0	0	4	0	110	111	0	4	0	0	4	0	136	75	0	3	0	0	3	0	114	42	0	1	0	0	0	0	15	2	0	0	0	
0	0	2	0	25	83	0	1	0	1	1	0	176	116	0	3	0	1	0	159	135	0	3	0	3	0	149	142	0	41	3	0	0	48	178	6	174	254	47	0	0	48	211	207	255	198	24	0	1	0	37	86	56	10	0	0	0	0	0	0	0	1	1	0	
0	0	0	0	1	0	0	0	0	0	2	0	52	105	0	2	0	0	2	0	177	74	0	3	0	2	0	76	147	0	3	0	0	2	0	143	48	0	2	0	1	0	37	138	0	2	0	0	2	0	34	137	18	0	1	0	0	0	0	3	0	0	0	0	
0	0	1	1	0	0	0	0	0	0	1	5	23	108	87	0	1	0	10	115	169	191	78	0	3	0	119	212	52	0	2	0	1	0	95	88	137	12	0	0	0	2	5	0	127	23	0	1	0	17	177	189	105	0	3	0	0	0	43	56	2	0	0	0	
0	2	1	1	0	0	0	0	1	0	30	14	35	73	7	0	0	48	139	119	107	143	88	0	0	81	172	151	13	129	32	0	1	0	14	92	232	61	0	2	0	2	0	78	121	76	0	3	1	0	21	144	119	73	0	3	0	1	0	70	91	0	0	0	
0	0	0	0	45	41	0	1	0	1	0	149	224	172	52	0	0	0	4	83	18	81	107	0	0	0	0	3	0	121	63	0	0	12	143	132	148	157	0	1	0	96	255	250	226	226	63	0	0	47	149	79	0	48	41	0	0	0	0	0	1	0	0	0	
0	0	0	1	5	0	0	0	0	2	0	60	149	49	0	2	0	3	0	103	62	107	1	0	0	3	0	67	191	42	0	1	0	0	2	109	147	23	0	1	3	0	86	81	67	92	0	3	2	0	60	119	103	15	0	1	0	0	0	8	2	0	0	0	
0	0	1	0	16	59	0	1	0	1	1	0	154	97	0	3	0	1	0	158	111	0	2	0	3	0	124	131	0	33	3	0	0	26	166	12	185	244	25	0	0	16	186	208	253	145	0	1	1	0	20	75	47	0	0	0	0	0	1	0	0	2	0	0	
0	0	2	1	11	2	1	0	0	1	2	34	81	119	12	0	2	0	101	110	0	83	124	0	0	80	147	0	3	0	131	12	0	146	30	0	0	27	145	0	7	141	17	3	30	154	66	0	0	63	113	124	115	45	0	1	0	0	2	5	0	0	2	0	
0	0	0	1	1	0	0	0	2	0	42	182	165	1	0	1	0	4	194	92	119	33	0	2	0	6	18	12	130	0	0	0	0	2	0	116	97	47	117	14	3	0	84	252	218	221	151	12	2	0	149	125	37	6	0	0	0	0	0	0	0	0	3	1	
0	0	1	0	0	0	0	0	0	0	3	3	19	40	0	1	3	0	103	164	193	95	0	4	2	0	106	30	134	31	0	1	0	1	0	22	179	33	0	1	0	1	0	139	217	33	0	2	0	1	0	31	153	0	2	0	0	0	0	10	57	0	0	0	
0	0	1	1	0	0	0	0	0	1	0	24	134	74	0	2	1	0	22	176	122	132	0	2	2	0	37	167	126	108	0	3	0	4	0	131	235	2	0	1	1	0	33	152	134	14	0	1	3	0	80	205	120	1	0	0	0	0	6	57	23	0	1	0	
0	1	1	0	29	5	0	0	1	0	27	73	140	101	0	3	0	25	144	38	1	150	23	0	0	91	70	0	0	93	83	0	0	101	27	0	0	83	115	0	0	79	131	42	76	185	52	0	0	0	78	122	125	53	0	2	0	1	0	0	0	1	1	0	
0	0	0	1	0	1	1	0	0	1	0	18	125	0	0	0	0	2	0	66	164	5	29	0	0	4	0	139	104	109	110	0	0	0	0	188	49	19	20	0	2	0	55	205	0	0	0	0	3	0	83	113	0	4	1	0	0	0	1	1	0	0	0	0	
0	0	0	0	0	6	0	0	0	2	0	34	155	126	0	0	0	3	0	139	81	0	2	0	0	0	1	130	164	33	0	2	0	0	2	0	53	103	0	3	0	10	73	0	65	109	0	3	0	3	119	133	133	26	0	1	0	0	1	4	1	0	0	0	
0	1	4	4	3	0	0	0	0	0	0	0	0	6	1	0	0	30	125	109	130	195	15	0	0	131	211	74	77	172	0	1	0	18	15	0	98	128	0	4	0	0	4	0	168	58	0	2	0	3	0	48	185	0	0	0	0	2	0	51	103	0	3	0	
0	0	0	3	0	0	0	0	0	0	1	0	32	101	106	1	0	1	0	100	212	181	118	0	4	0	123	255	62	0	3	0	2	0	27	158	163	0	5	0	0	9	26	50	220	8	0	1	0	0	146	224	114	0	2	0	0	0	9	22	0	0	0	0	
0	0	0	1	0	0	0	0	0	0	1	2	46	121	13	0	0	1	0	144	200	119	6	0	3	0	103	235	81	0	0	0	1	0	78	43	107	83	0	3	1	0	25	27	14	140	0	1	2	0	37	159	181	114	0	3	0	0	0	12	45	2	0	0	
0	0	2	0	22	11	0	0	0	2	0	47	148	13	0	1	1	0	15	173	36	0	1	0	4	0	107	120	132	48	0	2	4	0	116	117	123	128	0	4	3	0	68	164	130	110	0	3	0	1	0	100	108	1	0	0	0	0	1	0	0	0	0	0	
0	0	1	2	0	0	0	0	0	0	2	0	45	154	52	0	0	1	0	137	219	152	29	0	3	0	122	239	41	0	1	0	0	6	172	125	141	62	0	2	1	0	27	5	38	168	0	1	2	0	57	180	206	111	0	3	0	1	0	30	42	0	0	0	
0	0	1	0	0	0	0	0	0	0	9	0	35	68	0	2	1	0	120	8	78	129	0	4	0	27	177	13	158	80	0	3	0	5	129	146	203	32	0	2	0	0	0	5	165	47	0	2	0	1	0	12	208	52	0	2	0	0	0	0	23	3	0	0	
0	1	1	0	0	1	0	0	0	0	8	27	11	3	1	0	0	33	223	180	100	168	72	0	0	125	183	0	19	199	36	0	0	23	22	0	120	163	0	3	0	0	2	0	197	70	0	3	0	4	0	76	197	0	1	0	0	3	0	81	100	0	3	0	
0	0	2	3	0	0	0	0	0	3	1	0	34	72	11	0	1	0	38	121	141	141	151	0	0	90	133	38	0	155	92	0	0	127	139	53	152	169	0	3	0	2	21	40	211	46	0	2	0	4	0	180	178	0	2	0	0	0	1	89	17	0	0	0	
0	0	0	3	5	0	0	0	2	0	30	171	131	43	0	2	1	0	15	50	83	133	0	3	1	0	24	193	236	93	0	4	0	0	3	24	7	123	13	0	0	10	145	49	38	171	22	0	1	0	120	191	192	88	0	2	0	0	0	0	0	0	0	0	
0	0	0	0	0	0	0	0	0	12	81	113	88	68	15	0	0	34	131	45	98	255	87	0	0	2	0	91	216	88	0	1	1	0	137	184	18	0	50	25	0	60	247	106	129	177	128	20	0	5	69	100	66	15	0	0	0	0	0	0	0	0	3	1	
0	0	0	3	4	0	0	0	0	0	1	1	0	17	96	47	0	0	2	73	152	188	147	45	3	0	105	203	76	15	0	1	0	8	181	105	59	0	5	2	0	17	25	7	141	9	0	0	0	38	149	159	73	0	2	0	0	0	8	6	0	0	0	0	
0	0	2	0	0	1	0	0	0	0	3	98	154	120	2	0	1	0	115	160	71	12	0	1	0	27	212	134	139	160	38	0	0	29	169	47	0	75	166	0	1	0	47	33	10	154	110	0	2	0	70	156	159	100	1	0	0	0	0	1	1	0	1	0	
0	0	1	1	4	31	2	0	0	2	0	11	168	229	33	0	1	0	15	184	107	140	118	0	0	0	189	131	0	123	123	0	0	104	154	0	0	168	98	0	0	111	228	158	220	203	5	0	0	9	113	139	105	20	0	1	0	0	0	0	0	1	1	0	
0	0	0	6	2	0	0	0	2	0	97	180	130	2	0	0	3	0	128	161	148	86	0	3	0	3	0	132	255	32	0	2	0	0	1	147	197	136	0	1	3	0	75	209	56	227	22	0	1	0	18	151	208	126	0	1	0	0	0	0	1	0	0	0	
0	0	0	0	1	0	0	0	0	0	3	0	83	57	0	2	0	0	1	0	181	52	0	2	0	2	0	43	179	0	1	0	0	3	0	109	114	0	3	0	0	3	0	158	75	0	3	0	0	2	0	131	56	0	2	0	0	0	0	0	0	0	0	0	
0	1	2	0	0	3	1	0	1	0	12	87	60	0	0	0	0	3	148	134	157	146	16	0	0	83	140	0	75	248	19	0	0	34	158	121	146	153	5	0	1	0	26	47	38	148	0	1	0	1	4	0	109	132	0	4	0	0	3	0	64	37	0	1	
0	0	0	0	1	0	0	0	0	0	2	0	49	112	0	3	0	0	4	0	139	104	0	4	0	2	0	36	205	17	0	1	0	3	0	157	122	0	3	0	3	0	70	214	7	0	1	0	3	0	108	93	0	3	0	0	0	0	0	1	1	0	0	0	
0	0	0	0	0	0	0	0	0	1	0	36	93	0	1	0	0	2	0	67	131	0	3	0	0	2	0	55	105	0	3	0	0	2	0	58	139	0	3	0	0	2	0	57	127	0	3	0	0	2	0	56	93	0	3	0	0	0	0	10	18	0	1	0	
0	0	0	2	2	0	0	0	2	0	46	190	179	48	0	2	1	0	17	57	168	73	0	3	2	0	122	241	211	152	6	0	1	0	74	59	0	135	73	0	0	28	85	37	94	182	40	0	0	21	178	210	171	63	0	2	0	0	0	0	0	0	1	0	
0	0	0	0	1	0	0	0	0	0	1	0	62	22	0	1	0	0	0	6	158	14	0	1	0	2	0	66	135	0	3	0	0	3	0	121	64	0	2	0	0	3	0	139	43	0	1	0	0	3	0	115	35	0	1	0	0	0	0	12	7	0	0	0	
0	0	0	0	0	0	0	0	1	0	28	116	133	31	0	1	3	0	180	142	62	153	0	1	2	0	59	145	163	92	0	3	0	3	0	98	232	38	0	2	1	0	24	155	69	127	0	4	1	0	16	171	161	52	0	2	0	1	0	29	35	0	1	0	
0	0	0	0	0	0	0	0	0	1	0	20	111	111	0	0	0	2	0	90	125	150	0	1	0	1	0	0	140	71	0	3	0	2	0	176	204	0	1	0	0	3	0	121	139	0	3	0	0	5	158	187	30	0	1	0	1	0	39	32	0	1	0	0	
0	0	0	1	0	1	0	0	0	0	1	8	0	36	91	0	0	3	0	148	17	100	106	0	2	0	92	142	0	144	25	0	0	86	255	182	170	167	0	3	0	51	56	44	193	83	0	2	0	1	0	16	126	0	0	0	0	2	3	3	1	2	0	0	
0	1	0	0	6	3	0	0	1	0	67	137	110	9	0	1	0	80	180	31	21	156	20	0	0	82	172	51	192	103	0	1	2	0	72	236	199	112	6	0	2	0	61	172	31	216	88	0	0	0	2	125	171	100	11	0	0	0	0	0	0	0	0	0	
0	0	2	1	0	0	0	0	0	1	0	11	81	26	0	1	2	0	39	152	133	100	0	2	0	0	141	29	20	154	1	0	0	5	159	130	219	90	0	3	1	0	8	72	177	1	0	0	0	3	0	129	87	0	3	0	0	0	0	67	9	0	0	0	
0	0	2	0	0	0	0	0	0	0	0	4	0	96	50	0	0	3	108	8	0	171	37	0	0	79	198	6	54	160	0	2	0	49	209	203	218	107	0	4	0	0	8	2	147	84	0	3	0	1	4	0	108	62	0	2	0	0	1	1	0	1	0	0	
0	0	1	2	0	1	0	0	0	1	2	1	0	51	25	0	1	0	16	81	0	150	23	0	0	3	153	63	58	127	0	3	0	28	187	133	213	62	0	3	0	2	0	92	145	0	2	0	0	1	0	115	42	0	2	0	0	0	0	20	2	0	0	0	
0	0	0	0	0	0	0	0	0	1	0	113	182	17	0	1	2	0	47	206	34	2	0	0	3	0	81	126	9	7	0	0	3	0	57	239	216	102	0	3	1	0	2	205	103	164	12	0	0	1	0	33	178	148	0	1	0	0	1	1	2	1	0	0	
0	0	0	2	0	0	0	0	0	0	2	0	38	115	91	0	0	0	0	93	189	155	58	0	3	0	105	177	24	0	1	0	0	8	127	89	136	20	0	1	0	10	31	0	106	47	0	2	0	20	177	163	111	0	0	0	1	0	17	62	9	0	0	0	
0	1	1	0	0	1	1	0	1	0	23	157	126	3	0	1	0	16	124	152	153	149	34	0	0	108	70	0	0	54	121	0	0	117	29	0	4	0	143	33	0	95	121	0	1	105	128	0	0	1	106	144	129	105	8	0	0	1	0	10	9	0	2	0	
0	0	0	0	1	0	0	0	0	0	0	0	13	119	1	0	0	0	3	0	105	137	0	3	0	0	0	10	184	25	0	1	0	3	0	115	129	0	3	0	1	0	29	202	21	0	1	0	3	0	78	103	0	3	0	0	0	0	0	1	1	0	0	0	
0	0	0	1	0	0	0	0	0	2	0	49	75	0	2	0	0	2	0	129	45	0	2	0	2	0	65	115	59	75	0	3	1	0	33	129	188	87	0	3	0	1	0	36	157	54	0	2	0	0	3	0	90	40	0	1	0	0	0	2	2	0	0	0	
0	0	0	0	0	0	0	0	0	1	0	12	121	135	13	0	0	3	0	144	145	150	80	0	0	3	0	103	117	162	17	0	0	2	0	131	227	27	0	2	3	0	108	179	114	0	3	0	1	0	173	168	57	0	2	0	1	0	25	40	0	0	0	0	
0	1	2	0	0	1	2	0	0	1	0	76	91	9	0	1	0	4	183	169	173	222	38	0	0	128	187	0	56	107	162	0	0	199	59	0	0	19	180	5	0	107	202	58	21	85	184	0	0	0	101	167	182	154	36	0	0	1	0	0	1	0	0	0	
0	0	2	0	46	67	0	2	0	0	1	1	144	40	0	1	0	1	0	130	72	0	2	0	3	0	105	105	46	88	0	0	0	34	136	67	177	172	14	0	0	21	151	216	173	84	0	1	0	0	9	23	19	1	0	0	0	1	1	0	0	2	0	0	
0	0	0	0	0	0	0	0	0	0	3	0	77	97	0	3	0	0	3	0	169	96	0	3	0	1	0	96	231	20	0	1	3	0	122	194	177	3	0	0	0	0	16	35	162	0	0	0	0	1	0	17	142	7	0	1	0	0	1	0	1	1	0	0	
0	0	0	0	0	0	0	0	0	2	0	38	191	94	0	2	1	0	10	175	61	175	31	0	0	1	0	129	166	123	0	2	2	0	3	178	190	0	1	0	5	0	153	141	92	2	1	0	0	5	162	148	44	0	2	0	0	0	2	4	0	0	0	0	
0	0	1	2	0	0	1	0	0	1	0	14	177	114	0	2	0	0	1	179	128	160	51	0	3	0	104	171	0	106	87	0	0	11	196	42	0	118	81	0	0	50	215	54	143	145	7	0	0	0	132	185	109	0	0	0	0	0	0	0	0	3	1	0	
0	0	1	1	0	0	0	0	0	1	0	16	84	50	0	1	1	0	21	128	101	108	4	0	4	0	95	121	45	77	0	2	1	0	12	108	216	50	0	2	0	1	0	29	152	0	1	0	0	3	0	125	100	0	3	0	0	2	0	64	24	0	1	0	
0	0	0	1	4	2	0	0	0	3	0	93	97	0	2	0	0	0	0	154	42	38	6	0	0	2	0	151	204	46	2	0	1	0	20	115	137	54	0	2	1	0	39	135	120	53	0	2	0	1	0	134	95	0	2	0	0	0	0	1	1	0	0	0	
0	0	0	0	0	1	1	0	0	2	0	74	134	43	0	2	1	0	6	207	103	127	12	0	2	0	65	127	0	88	57	0	3	0	104	56	0	83	55	0	2	0	118	30	0	114	32	0	3	0	104	84	76	112	0	1	0	0	10	48	51	11	0	0	
0	0	3	1	0	4	3	0	0	2	0	31	132	185	66	0	2	0	104	212	107	107	101	0	0	85	194	17	0	73	177	0	0	176	69	0	0	125	138	0	0	145	164	33	121	189	14	0	0	4	137	184	121	7	0	1	0	1	0	0	0	2	1	0	
0	0	0	0	0	0	0	0	0	2	0	48	88	0	3	0	0	2	0	63	135	0	3	0	0	2	0	61	129	0	3	0	0	2	0	61	141	0	3	0	0	2	0	44	164	0	2	0	0	1	0	33	131	0	1	0	0	0	0	0	0	0	0	0	
0	0	1	0	0	0	0	0	1	0	11	125	154	39	0	2	2	0	160	138	35	15	0	0	0	20	222	121	98	22	0	1	0	0	194	164	134	205	26	0	0	0	14	8	0	142	114	0	0	1	2	0	47	200	60	0	0	0	1	0	41	43	0	1	
0	0	5	55	26	0	1	0	1	0	122	120	129	26	0	1	0	4	56	0	76	99	0	4	0	0	2	0	55	107	0	4	1	0	22	91	158	80	0	3	3	0	117	70	181	166	0	1	1	0	69	65	69	83	11	0	0	0	0	0	0	0	0	0	
0	0	1	1	0	1	0	0	0	1	0	36	38	0	1	0	1	0	20	205	188	140	0	1	3	0	89	124	77	193	0	1	0	0	2	14	209	56	0	2	0	3	0	128	166	0	3	0	2	0	37	217	26	0	1	0	1	0	34	72	0	2	0	0	
0	0	0	7	10	0	0	0	2	0	81	141	127	25	0	1	1	0	55	25	137	31	0	1	1	0	23	178	176	16	0	1	2	0	57	70	48	108	0	3	2	0	106	130	115	124	0	3	2	0	85	79	170	58	0	2	0	0	4	11	0	0	0	0	
1	0	85	140	43	0	1	0	0	1	94	117	194	21	0	1	0	1	4	0	135	106	0	4	0	0	20	0	135	56	0	2	0	27	195	200	162	0	2	0	0	72	238	195	184	178	184	48	0	9	66	13	6	52	44	11	0	0	0	1	1	0	0	0	
0	0	1	0	0	0	0	0	1	0	26	45	22	29	0	1	3	0	83	75	55	93	0	3	3	0	127	34	59	102	0	4	3	0	91	141	160	94	0	4	0	0	1	12	95	133	0	4	0	0	4	0	70	137	0	4	0	0	0	0	10	23	0	1	
0	0	0	0	0	0	0	0	8	23	0	0	22	52	0	1	45	130	0	0	40	142	0	2	30	153	0	0	10	169	56	0	0	104	194	128	138	235	67	0	0	0	56	97	52	166	67	0	0	2	0	4	0	129	81	0	0	0	2	4	2	7	4	0	
0	0	1	0	0	0	0	0	3	0	80	165	136	82	0	2	0	19	150	44	54	9	0	0	0	21	174	107	111	47	0	2	0	0	18	18	24	150	8	0	1	0	29	169	77	175	25	0	1	0	4	142	231	108	0	3	0	0	0	0	0	0	0	0	
0	0	0	0	1	2	0	0	2	0	33	131	63	0	2	0	3	0	82	107	117	47	0	1	0	1	0	133	212	73	0	2	2	0	39	154	133	0	2	0	3	0	72	90	78	44	0	1	0	0	0	99	172	59	0	3	0	0	0	5	45	5	0	0	
1	0	27	46	0	3	0	0	2	0	65	108	0	4	0	0	3	0	71	104	0	24	0	1	3	0	98	79	111	140	0	0	4	0	120	105	100	102	41	0	3	0	67	185	178	145	22	0	0	0	0	42	79	25	0	1	0	0	1	0	0	1	1	0	
0	0	1	15	5	0	0	0	2	0	82	123	102	8	0	1	0	0	17	0	128	32	0	1	0	0	0	130	177	13	0	1	0	0	9	1	50	126	0	2	0	2	115	3	39	148	0	2	1	0	92	131	149	42	0	2	0	0	0	12	6	0	0	0	
0	1	3	0	0	0	0	0	0	0	0	10	29	11	0	0	0	11	88	106	114	117	0	3	0	44	195	0	35	119	0	3	0	38	87	0	65	112	0	4	0	0	3	0	84	88	0	3	0	1	5	0	101	89	0	3	0	0	3	0	79	72	0	3	
0	0	3	9	0	1	0	0	2	0	93	156	89	0	2	0	2	0	89	41	142	49	0	2	0	0	7	0	82	94	0	3	0	0	3	0	65	84	0	3	1	0	30	154	207	114	0	4	1	0	11	144	149	60	0	1	0	0	0	1	1	0	0	0	
0	0	0	0	0	0	0	0	1	0	6	95	110	28	0	1	3	0	105	69	57	114	0	3	3	0	78	89	67	79	0	3	0	2	0	120	166	0	0	0	0	3	0	105	162	2	0	1	0	1	0	113	138	34	0	1	0	1	0	25	39	0	0	0	
0	0	1	2	0	2	0	0	0	1	1	3	106	196	89	0	1	0	13	192	157	173	146	0	0	3	200	148	0	156	157	0	0	124	165	0	0	154	118	0	0	188	104	28	139	222	37	0	0	80	204	197	149	29	0	1	0	0	1	1	0	1	1	0	
0	0	2	0	0	0	0	0	0	0	5	72	46	0	1	0	0	0	123	93	113	22	0	1	0	29	155	0	94	96	0	3	1	0	91	124	172	100	0	4	0	0	1	0	65	103	0	4	0	0	5	0	71	122	0	4	0	0	1	0	30	46	0	2	
0	1	0	21	86	0	0	0	0	3	0	125	121	0	3	0	1	0	16	167	9	0	1	0	3	0	75	129	26	44	0	1	4	0	93	114	185	184	0	1	2	0	52	189	222	92	0	2	0	1	0	61	55	0	0	0	0	0	1	0	0	2	0	0	
0	0	1	1	0	0	1	0	0	1	0	81	109	64	0	1	1	0	21	222	137	134	37	0	4	0	110	103	0	85	77	0	0	0	147	27	0	49	102	0	0	10	159	8	0	108	86	0	3	0	109	142	138	109	0	0	0	0	2	50	39	0	1	0	
0	0	0	0	0	0	0	0	0	2	0	71	22	0	1	0	0	3	0	101	56	0	2	0	0	3	0	72	121	0	3	0	0	1	0	29	151	0	1	0	0	0	1	0	127	17	0	1	0	0	2	0	76	19	0	1	0	0	0	0	0	0	0	0	
0	0	0	0	0	0	0	0	0	2	0	62	80	0	3	0	0	2	0	71	127	0	4	0	0	2	0	52	134	0	3	0	0	2	0	47	133	0	3	0	0	1	0	35	158	0	1	0	0	1	0	26	117	0	1	0	0	0	0	0	0	0	0	0	
0	0	0	0	2	1	0	0	1	0	18	60	1	1	0	0	2	0	36	104	140	71	0	3	0	0	2	0	111	39	0	1	1	0	9	107	102	0	2	0	1	0	10	138	144	29	0	2	0	0	0	98	11	0	0	0	0	0	11	53	0	1	0	0	
0	1	0	43	34	0	1	0	3	0	66	163	140	16	0	1	1	0	38	6	105	70	0	3	0	0	2	0	106	71	0	2	2	0	46	130	181	34	0	2	2	0	121	45	208	79	52	2	1	0	60	78	97	123	37	0	0	0	0	0	0	0	0	0	
0	0	0	0	12	29	0	1	0	0	0	0	124	92	0	2	0	3	0	88	86	0	2	0	0	0	3	130	10	0	0	0	1	0	41	106	0	79	0	1	2	0	39	125	76	89	0	2	0	1	0	86	103	0	0	0	0	0	0	0	0	1	0	0	
0	0	1	12	7	0	0	0	0	3	131	138	134	15	0	1	0	24	66	0	153	23	0	1	2	0	27	201	188	29	0	2	1	0	40	80	41	133	0	3	1	0	9	84	124	156	0	2	2	0	57	98	102	187	6	0	0	0	0	0	0	3	2	0	
0	0	1	1	0	0	0	0	0	2	0	46	144	152	7	0	0	1	0	183	159	225	50	0	3	0	89	199	0	177	54	0	3	0	184	93	27	199	5	0	3	0	187	169	217	98	0	3	3	0	85	222	85	0	2	0	0	0	0	0	0	2	0	0	
0	0	0	0	0	0	0	0	0	0	42	0	33	80	0	3	0	28	134	0	60	120	0	4	0	77	207	20	53	144	0	3	0	15	56	136	175	124	0	3	0	0	1	0	74	188	44	0	0	1	4	0	39	167	7	0	0	0	0	0	1	0	0	0	
0	7	20	0	0	2	2	0	0	28	172	5	0	1	0	0	0	18	186	7	0	51	51	0	0	24	154	0	37	239	137	0	0	10	184	18	14	203	63	0	3	0	111	149	173	144	0	3	0	1	0	94	135	3	0	0	0	0	2	0	0	2	0	0	
0	0	1	0	0	0	0	0	1	0	29	132	105	107	71	7	2	0	117	93	89	78	68	17	0	22	149	68	118	41	0	2	0	60	216	69	66	162	0	3	0	17	41	0	19	171	4	0	3	0	79	219	220	124	0	3	0	1	1	40	49	2	0	0	
1	3	3	3	2	2	1	0	0	0	0	0	0	0	0	0	41	129	146	123	134	154	22	0	7	42	78	40	24	158	28	0	0	0	2	0	53	141	0	3	0	1	6	0	139	97	0	4	0	0	0	0	168	31	0	1	0	1	0	25	160	0	0	0	
0	0	4	62	1	2	1	0	1	0	32	159	0	1	0	0	4	0	118	105	0	51	13	0	0	2	177	17	73	189	69	0	0	22	170	16	156	86	105	0	0	0	153	170	218	135	22	0	1	0	8	67	54	0	0	0	0	0	1	0	0	2	1	0	
0	1	0	9	31	0	1	0	1	0	12	173	101	0	3	0	0	5	163	85	0	2	1	0	0	103	195	62	97	75	12	0	0	30	120	117	85	121	154	0	0	0	0	31	23	88	192	0	0	2	0	73	135	140	36	0	0	0	0	0	0	0	0	0	
0	1	0	0	0	0	0	0	1	0	60	70	67	28	0	1	0	39	189	79	99	145	0	2	0	116	81	0	32	150	0	2	0	25	11	0	80	123	0	4	0	0	4	0	121	110	0	2	0	2	0	0	211	108	0	3	0	0	0	8	88	9	0	1	
0	0	2	8	0	1	0	0	2	0	87	135	104	60	0	1	0	29	123	0	18	2	1	0	0	84	143	74	63	28	0	1	0	43	69	23	49	124	69	0	0	12	28	0	0	10	148	20	0	8	78	83	97	120	58	0	0	0	0	6	12	6	0	0	
0	0	0	1	0	0	0	0	0	1	0	31	120	73	0	2	0	0	0	135	50	133	6	0	2	0	48	112	55	113	0	2	1	0	18	166	132	6	0	1	0	3	0	174	81	0	3	0	0	1	0	162	134	0	3	0	0	0	0	25	31	0	0	0	
0	0	0	17	42	11	0	1	3	0	65	184	169	182	29	0	1	0	13	9	0	110	142	0	0	1	37	80	13	95	143	0	10	142	140	129	206	231	36	0	30	221	150	155	198	223	76	0	0	37	93	72	13	20	26	0	0	0	0	0	1	1	0	0	
0	0	2	0	0	2	0	0	0	1	0	41	75	6	0	0	3	0	74	150	163	112	4	0	0	14	163	2	114	164	0	2	0	4	137	105	174	102	0	4	1	0	19	27	97	87	0	3	0	0	5	0	121	80	0	3	0	0	2	0	50	33	0	1	
0	1	0	25	68	0	1	0	0	4	0	120	125	0	3	0	1	0	7	181	27	0	1	0	2	0	48	207	146	92	0	1	3	0	67	244	132	186	0	0	3	0	68	246	155	100	0	3	0	0	2	69	62	0	0	0	0	0	0	0	0	1	0	0	
0	0	1	0	3	5	0	0	0	1	0	37	136	119	11	0	1	0	10	179	49	64	74	0	3	0	100	82	0	57	74	0	0	1	131	15	0	84	72	0	0	7	129	0	27	130	9	0	2	0	74	126	119	31	0	1	0	0	0	11	4	0	1	0	
0	0	2	0	6	1	1	0	0	0	0	81	132	51	0	2	2	0	81	141	33	99	44	0	0	20	118	0	0	25	103	0	0	58	67	0	1	7	113	2	0	77	58	0	29	123	72	0	0	38	128	112	114	54	0	1	0	0	11	10	0	0	2	0	
0	0	0	0	0	0	0	0	0	2	0	49	101	0	2	0	0	3	0	73	110	0	3	0	0	2	0	65	112	0	3	0	0	3	0	89	99	0	3	0	0	3	0	104	118	0	3	0	0	2	0	71	125	0	2	0	0	0	0	0	0	0	0	0	
0	2	1	0	0	3	1	0	1	0	16	77	13	0	0	0	0	44	165	90	0	71	17	0	10	172	34	0	113	220	12	0	15	173	135	145	105	169	18	0	0	20	37	6	0	164	42	0	0	0	0	4	0	148	93	0	0	1	1	2	0	44	52	0	
0	1	0	14	57	10	0	0	1	0	28	184	170	105	0	3	2	0	65	58	30	141	0	3	0	2	0	44	153	113	0	4	2	0	107	90	172	117	0	5	0	76	121	28	253	192	60	1	0	54	59	105	103	128	34	0	0	0	1	0	0	0	0	0	
0	0	0	0	0	1	0	0	0	1	79	119	134	152	60	0	0	75	219	72	25	51	142	0	1	0	109	224	201	187	25	0	0	32	146	56	16	139	114	0	0	119	116	0	0	100	141	0	0	43	153	151	158	149	15	0	0	0	0	9	9	0	0	0	
0	0	0	3	6	0	0	0	2	0	38	174	155	18	0	1	2	0	100	85	147	19	0	1	0	0	0	128	196	28	0	2	3	0	70	155	67	126	0	3	1	0	90	88	160	154	0	4	0	20	116	0	143	162	0	1	0	0	0	7	9	0	1	0	
0	0	1	0	3	1	1	0	0	1	0	55	106	48	0	2	2	0	64	109	3	99	41	0	0	9	117	8	0	30	88	0	0	41	88	0	0	57	90	0	0	35	98	0	46	118	16	0	0	0	96	110	80	16	0	1	0	0	3	4	0	1	1	0	
0	0	1	0	0	0	0	0	0	0	12	7	8	82	0	1	2	0	108	28	25	138	0	2	0	7	192	26	47	145	0	3	0	66	178	129	167	128	0	4	0	37	35	0	123	117	0	4	0	0	4	0	80	82	0	3	0	1	2	0	5	0	0	0	
0	0	0	0	0	0	0	0	0	0	9	80	27	36	56	20	0	0	0	186	176	136	108	22	2	0	68	104	0	1	0	0	3	0	106	80	0	4	3	1	0	1	14	116	140	3	0	0	0	21	106	132	119	0	0	0	1	0	22	37	0	0	0	0	
0	1	1	0	2	5	0	0	2	0	60	160	148	61	0	2	0	31	160	67	81	35	0	1	0	60	180	92	75	145	18	0	1	0	24	43	0	143	109	0	3	0	123	167	148	216	73	0	2	0	72	135	171	51	0	2	0	0	1	11	1	0	1	0	
0	0	0	2	0	30	29	0	0	0	0	2	113	115	33	0	0	1	0	144	130	0	0	0	2	0	55	150	0	3	2	0	4	0	102	199	200	98	0	4	4	0	113	242	206	81	0	3	1	0	7	116	61	0	1	0	0	0	0	0	0	1	0	0	
0	1	0	57	17	0	1	0	0	2	0	142	35	0	2	0	1	0	20	157	3	0	0	0	3	0	89	119	1	140	27	0	4	0	137	64	109	159	57	0	3	0	100	185	203	105	8	0	0	0	1	48	61	4	0	0	0	0	1	0	0	2	1	0	
0	0	2	0	3	2	0	0	0	0	1	12	0	0	0	0	2	0	123	191	177	57	0	2	0	157	213	4	76	189	16	0	0	111	116	0	0	165	40	0	0	0	3	0	64	196	0	0	0	2	2	0	184	84	0	3	0	2	0	42	147	0	1	0	
0	0	2	1	0	1	0	0	0	1	0	12	36	14	0	1	2	0	68	148	94	133	14	0	0	0	193	56	0	132	19	0	0	24	125	0	34	128	0	2	0	0	3	0	89	115	0	4	0	0	4	0	166	79	0	3	0	0	0	2	121	14	0	1	
0	12	55	29	0	1	0	0	0	66	77	85	93	3	0	0	0	3	2	0	74	93	0	3	0	0	18	17	0	119	13	0	0	15	106	93	29	105	19	0	0	8	92	33	163	136	0	3	1	0	23	91	85	64	0	1	0	0	1	0	0	0	0	0	
0	0	0	2	0	0	0	0	0	0	2	0	71	67	0	2	0	2	0	57	126	122	0	1	0	0	3	124	62	102	0	2	0	1	0	142	120	10	0	1	0	0	0	157	83	0	3	0	1	0	23	149	95	0	3	0	0	0	0	43	14	0	1	0	
0	0	0	0	1	2	0	0	1	0	31	112	142	103	0	2	4	0	132	97	13	1	1	0	3	0	144	91	76	53	0	1	4	0	137	212	72	174	32	0	1	0	36	24	23	186	22	0	0	3	0	85	182	56	0	2	0	0	1	6	4	0	1	0	
0	0	0	0	0	0	0	0	0	0	0	86	20	17	0	0	0	1	0	160	73	100	0	3	1	0	20	107	70	86	0	3	3	0	93	118	105	59	0	2	2	0	93	109	196	42	0	2	0	1	0	12	163	15	0	1	0	0	0	10	24	0	1	0	
0	0	1	1	0	1	0	0	0	1	0	37	118	12	0	1	1	0	31	144	127	118	0	3	3	0	119	43	22	136	0	2	2	0	132	45	171	135	0	4	2	0	51	120	149	82	0	3	0	0	4	0	121	66	0	2	0	0	2	1	26	10	0	0	
0	0	1	1	0	0	0	0	0	1	0	48	120	26	0	1	2	0	51	143	79	172	0	1	3	0	136	34	61	143	0	3	3	0	132	136	215	64	0	3	0	3	19	91	172	11	0	1	0	10	0	47	144	0	2	0	0	0	0	16	24	0	1	0	
0	0	0	0	0	0	0	0	1	0	38	150	75	0	1	0	0	2	197	196	201	4	0	1	0	6	12	94	251	42	0	2	0	0	0	129	129	170	0	1	0	0	2	22	90	193	4	0	1	0	7	195	238	90	0	3	0	0	1	20	6	0	0	0	
0	0	1	0	0	0	0	0	0	0	8	96	0	74	36	0	1	0	41	130	0	153	21	0	3	0	111	57	37	134	0	3	0	37	218	15	108	78	0	3	0	23	92	138	212	20	0	1	0	2	0	53	176	6	0	1	0	1	3	4	1	0	0	0	
0	0	1	0	0	2	0	0	0	2	0	77	138	19	0	1	3	0	73	253	255	157	0	3	4	0	91	255	153	204	5	0	3	0	100	164	24	211	7	0	4	0	161	167	144	176	0	3	3	0	63	253	232	32	0	2	0	0	0	34	29	0	1	0	
0	0	1	1	0	0	0	0	0	2	0	75	89	0	2	0	1	0	8	188	181	51	0	2	1	0	25	40	88	82	0	3	0	0	3	0	113	54	0	2	2	0	50	146	174	0	0	0	0	8	82	85	163	3	0	1	0	2	3	3	4	1	0	0	
0	0	1	0	25	18	0	1	0	0	5	0	157	101	0	4	0	0	5	120	133	173	7	0	1	0	156	124	0	179	28	0	0	43	159	0	38	172	0	0	0	20	197	146	194	119	0	3	1	0	37	136	98	0	1	0	0	1	1	0	0	1	0	0	
0	0	2	1	0	0	0	0	0	1	0	45	75	10	0	0	3	0	74	153	108	210	40	0	0	12	148	7	13	167	9	0	0	35	155	25	174	108	0	4	2	0	102	132	189	35	0	1	1	2	0	49	183	1	0	1	3	2	0	61	85	0	1	0	
0	0	0	0	0	0	0	0	0	0	0	5	150	32	0	1	0	1	0	17	239	48	0	2	0	2	0	60	227	11	0	1	0	4	0	105	202	0	2	0	0	3	0	172	205	0	2	0	0	2	0	155	161	0	1	0	0	0	0	0	0	0	0	0	
0	0	0	0	0	1	0	0	0	2	0	70	31	27	38	0	0	0	2	166	17	105	44	0	3	0	70	103	4	144	0	0	0	12	196	73	148	128	0	4	0	52	113	81	170	68	0	3	0	0	0	10	144	11	0	1	0	1	1	15	27	0	1	0	
0	1	4	2	0	1	0	0	0	0	0	0	8	3	0	0	0	24	142	167	194	102	0	3	0	27	88	31	77	137	0	3	0	0	3	0	90	102	0	4	0	1	6	0	135	63	0	2	0	0	0	5	163	18	0	1	0	1	0	21	103	0	1	0	
0	0	0	1	0	0	0	0	0	1	0	18	56	76	138	54	0	1	0	119	126	101	100	51	3	0	85	203	29	0	1	0	2	0	125	115	151	15	1	2	0	3	7	1	152	14	0	1	0	52	166	155	128	0	3	0	0	7	25	43	9	0	0	0	
0	0	0	0	0	3	1	0	0	13	14	22	12	0	0	0	0	99	175	143	148	136	18	0	0	4	8	0	23	192	14	0	0	1	3	0	85	119	0	4	0	0	2	0	152	43	0	2	0	3	0	76	185	0	2	0	0	2	0	64	116	0	2	0	
0	0	0	1	0	0	0	0	0	0	0	5	93	81	58	0	0	2	0	99	89	167	56	0	0	3	0	124	151	71	0	2	0	2	0	177	118	0	4	0	3	0	53	180	72	0	3	0	3	0	62	197	43	0	2	0	0	0	9	47	0	0	0	0	
0	0	2	0	1	1	0	0	0	0	0	56	42	0	1	0	2	0	117	172	150	6	0	1	0	51	175	0	100	120	0	3	0	17	171	163	173	117	0	4	0	0	11	9	86	89	0	3	0	1	4	0	86	149	0	0	0	0	1	0	17	98	8	0	
0	0	1	0	11	8	0	0	0	2	0	86	131	129	23	0	1	0	18	163	0	80	81	0	3	0	121	94	0	79	90	0	0	21	158	7	0	105	64	0	0	93	116	0	82	146	0	0	0	92	101	96	118	15	0	1	0	0	8	14	0	1	1	0	
0	0	2	2	0	1	0	0	0	1	0	11	63	6	0	0	2	0	43	191	178	46	0	1	0	32	223	97	91	237	41	0	0	40	184	187	255	143	0	0	0	1	0	102	194	0	0	1	0	5	0	120	99	0	4	0	0	1	0	40	28	0	1	0	
0	0	0	0	4	0	0	0	1	0	8	97	152	55	0	2	2	0	42	57	83	103	0	3	0	2	0	52	156	5	0	1	0	0	2	80	124	30	0	1	0	17	44	0	125	52	0	2	0	39	165	135	130	1	0	0	0	0	3	14	3	0	0	0	
0	2	4	0	0	4	1	0	2	1	0	16	16	0	0	0	0	31	132	221	207	125	23	0	60	236	148	16	101	255	69	0	62	216	166	173	143	222	77	0	0	10	53	57	4	201	85	0	1	1	0	0	0	221	79	0	0	1	2	2	2	72	15	0	
0	0	2	1	0	0	2	0	0	2	0	58	133	185	109	0	2	0	45	162	68	57	13	0	2	0	183	140	70	20	0	1	0	3	78	79	109	152	0	1	0	0	0	0	7	156	9	0	0	19	140	138	147	143	0	0	0	3	10	11	12	3	1	0	
0	0	0	5	1	0	0	0	0	40	111	129	128	18	0	1	0	72	35	12	177	40	0	2	0	0	0	128	197	85	6	0	0	0	1	2	2	95	110	0	0	22	19	0	0	109	96	0	0	46	151	118	127	104	2	0	0	0	8	14	2	0	1	0	
0	0	1	0	0	0	0	0	2	0	55	155	139	156	56	0	2	0	116	105	62	75	28	0	0	16	162	61	87	52	0	1	0	0	63	55	28	148	0	0	3	0	70	131	27	163	12	0	2	0	40	179	196	122	10	0	0	0	0	37	23	0	1	0	
0	0	38	49	10	0	1	0	0	8	164	226	204	56	0	2	0	1	5	0	99	238	11	0	0	2	0	16	186	189	0	0	1	0	51	210	191	10	2	1	0	106	255	253	213	215	165	3	0	40	118	89	48	43	20	1	0	0	0	0	0	0	0	0	
0	0	0	0	0	0	0	0	0	0	0	8	80	0	0	0	0	1	0	26	154	0	1	0	0	2	0	58	140	0	3	0	0	3	0	109	115	0	4	0	0	2	0	160	63	0	2	0	0	0	0	131	19	0	1	0	0	0	0	0	0	0	0	0	
0	0	0	0	0	0	0	0	0	3	0	101	61	0	2	0	0	4	0	112	109	0	4	0	0	3	0	100	117	0	4	0	0	3	0	91	124	0	4	0	0	3	0	91	154	0	4	0	0	3	0	72	115	0	3	0	0	0	0	0	0	0	0	0	
0	0	1	0	0	0	0	0	0	0	6	36	48	14	0	1	4	0	98	209	112	87	0	3	3	0	152	100	68	96	0	3	0	0	9	0	129	70	0	3	0	0	1	0	158	36	0	1	0	1	0	32	215	31	0	1	0	1	0	34	103	1	0	0	
0	0	0	2	0	1	1	0	0	0	0	2	161	82	0	3	0	2	0	158	197	174	15	0	3	0	70	192	0	148	57	0	2	0	176	77	0	145	13	0	1	0	187	56	120	141	0	4	3	0	77	207	147	8	0	1	0	0	0	2	0	1	0	0	
0	0	1	1	0	0	0	0	0	0	0	3	114	62	0	2	1	0	22	115	45	125	0	2	3	0	74	97	63	86	0	3	1	0	14	148	132	10	0	1	1	0	3	182	61	0	2	0	2	0	41	164	85	0	10	0	0	0	6	41	17	1	7	0	
0	1	0	23	54	0	2	0	1	0	0	171	95	0	3	0	4	0	127	148	0	43	24	0	1	0	160	27	113	217	142	0	2	0	139	97	155	59	136	0	3	0	70	235	200	137	30	0	0	0	0	42	75	18	0	1	0	0	2	0	0	1	1	0	
0	0	0	0	0	0	0	0	0	0	9	16	1	64	0	0	2	0	67	131	0	136	0	1	3	0	73	146	26	112	0	3	3	0	121	162	115	100	0	4	0	1	64	2	139	118	0	4	0	0	2	0	64	123	0	4	0	0	3	0	16	24	0	1	
0	0	0	0	0	0	0	0	0	2	0	65	33	0	1	0	0	4	0	145	112	0	4	0	0	3	0	107	96	0	3	0	0	3	0	95	135	0	4	0	0	3	0	73	147	0	4	0	0	1	0	24	136	0	0	0	0	0	0	0	21	3	0	0	
0	0	1	0	0	0	0	0	0	0	0	66	135	138	67	0	2	0	61	196	129	82	27	0	1	0	165	140	124	28	0	1	0	20	177	22	79	133	0	4	0	1	4	0	58	185	0	1	3	0	79	202	162	180	0	2	0	0	11	43	22	24	0	0	
0	0	0	0	0	0	0	0	0	35	91	118	111	23	0	1	0	71	72	16	79	122	0	4	0	0	3	0	88	101	0	3	0	2	0	19	139	14	0	1	0	7	53	190	108	47	26	0	0	33	123	93	79	94	51	0	0	0	0	0	0	0	0	0	
0	0	1	3	1	0	0	0	0	1	5	0	5	3	0	0	0	30	192	78	167	83	0	3	0	66	135	48	87	115	0	4	0	6	7	0	88	103	0	4	0	0	5	0	101	79	0	3	0	0	3	0	135	58	0	2	0	0	2	0	124	60	0	2	
0	0	0	2	2	8	0	0	0	0	2	0	30	128	31	0	0	2	0	85	175	113	105	0	3	0	80	146	0	79	114	0	0	34	166	3	14	177	47	0	0	132	128	67	186	70	0	2	0	34	158	145	43	0	2	0	0	0	2	0	1	2	0	0	
0	0	0	0	2	0	0	0	0	2	0	43	182	57	0	3	0	1	0	120	132	93	0	4	0	0	3	0	54	100	0	4	1	0	39	104	164	72	0	3	0	14	124	9	185	29	0	1	0	24	98	64	157	28	0	2	0	0	1	9	2	1	0	0	
0	0	1	1	0	2	0	0	0	2	0	89	22	0	1	0	2	0	42	133	0	55	4	0	1	0	120	24	45	129	0	1	0	7	121	59	167	133	10	0	1	0	17	67	139	0	1	0	0	1	0	16	53	0	2	0	0	0	1	2	1	0	0	0	
0	0	0	0	2	0	0	0	0	2	0	69	175	25	0	1	1	0	31	126	152	47	0	2	1	0	22	91	190	38	0	2	0	1	0	34	76	98	0	4	1	0	29	75	127	76	0	3	3	0	68	131	160	7	0	1	0	0	0	0	0	1	0	0	
0	0	0	0	0	0	0	0	0	2	0	70	115	0	1	0	0	3	0	172	166	0	0	0	0	2	0	165	64	0	2	0	0	3	0	162	124	0	4	0	0	2	0	53	207	9	0	1	0	0	3	0	113	125	0	2	0	0	0	0	3	30	0	0	
0	1	0	24	44	0	1	0	0	3	0	97	104	0	3	0	0	1	0	141	35	0	1	0	2	0	43	117	76	158	0	2	3	0	80	102	137	164	15	0	3	0	55	180	130	107	9	0	0	0	2	62	78	33	0	1	0	0	1	0	0	1	0	0	
0	0	2	0	0	0	0	0	0	1	0	70	173	124	0	3	2	0	117	178	112	37	0	1	2	0	181	166	33	0	1	0	1	0	25	164	231	146	0	3	0	1	0	3	131	143	0	3	2	0	66	198	155	6	0	1	0	0	4	4	0	1	0	0	
0	0	1	2	1	2	0	0	0	0	4	0	0	0	0	0	0	8	151	107	136	57	0	2	0	26	195	29	53	122	0	3	0	2	7	0	72	103	0	4	0	0	5	0	113	73	0	3	0	0	2	0	148	35	0	1	0	0	0	6	124	8	0	0	
0	0	0	1	0	1	2	0	0	1	0	40	144	6	0	1	0	2	0	169	233	190	75	0	3	0	70	255	87	17	25	0	1	0	23	64	186	48	0	2	0	27	62	65	203	36	0	2	0	6	133	205	69	0	2	0	0	0	0	0	1	1	0	0	
0	1	4	2	2	2	0	0	0	0	0	0	0	0	0	0	0	28	149	134	129	128	1	0	0	88	147	10	27	153	6	0	0	1	2	0	34	138	0	2	0	0	5	0	91	101	0	4	0	0	3	0	138	47	0	2	0	0	0	0	144	12	0	0	
0	0	0	0	0	0	0	0	0	1	0	41	62	31	5	0	1	0	4	201	255	194	0	0	0	2	0	166	197	33	0	2	0	1	0	177	145	0	4	0	0	2	0	175	184	0	2	0	0	4	0	162	231	0	0	1	0	1	0	70	62	0	1	0	
0	2	4	3	3	4	2	0	1	1	0	0	0	0	0	0	0	74	164	89	76	128	44	0	0	188	183	177	160	200	145	0	34	221	41	0	0	157	113	0	0	16	14	2	0	207	61	0	0	0	1	0	22	216	31	0	0	1	3	0	62	146	0	1	
0	0	0	0	7	18	0	0	0	0	1	0	163	110	0	3	0	3	0	98	150	4	0	1	1	0	3	211	58	0	2	0	2	0	59	183	158	113	0	2	3	0	69	156	134	152	0	3	0	0	0	101	132	5	0	1	0	0	0	0	0	1	0	0	
0	1	0	28	26	0	1	0	0	1	0	120	28	0	1	0	2	0	41	119	0	28	0	0	3	0	88	66	76	191	9	0	4	0	103	94	103	96	31	0	2	0	33	187	154	71	0	0	0	1	0	32	34	1	0	0	0	0	1	1	0	1	0	0	
0	0	2	1	0	0	0	0	0	1	0	28	85	80	5	0	2	0	75	240	236	147	6	0	3	0	72	231	31	0	2	0	0	3	0	108	166	0	1	0	0	0	0	1	188	36	0	2	0	2	0	119	178	0	1	0	1	0	17	113	34	0	1	0	
0	0	0	1	0	0	0	0	0	1	0	24	140	45	0	2	0	1	0	150	122	96	0	3	2	0	60	128	0	107	4	0	3	0	125	52	0	115	5	0	0	3	131	0	53	99	0	3	1	0	113	78	117	17	0	1	1	0	20	59	18	0	1	0	
0	0	0	0	0	0	0	0	1	0	10	69	74	16	0	1	4	0	100	115	95	76	0	3	1	0	22	126	124	16	0	1	0	3	0	100	184	5	0	1	0	2	0	74	60	86	0	3	0	2	0	83	116	65	0	2	0	1	0	34	90	2	0	0	
0	0	0	0	0	0	0	0	0	0	2	0	101	29	0	1	0	0	0	0	145	18	0	1	0	1	0	25	148	0	1	0	0	2	0	63	125	0	3	0	0	4	0	112	102	0	3	0	0	3	0	97	55	0	2	0	0	0	0	0	0	0	0	0	
0	0	1	0	88	25	0	1	0	2	0	67	173	24	0	1	1	0	10	160	17	0	1	0	3	0	70	130	0	3	0	0	4	0	107	90	61	179	87	0	3	0	61	208	191	142	17	0	0	0	0	52	69	8	0	0	0	0	1	0	0	1	1	0	
0	0	0	0	1	1	0	0	0	2	0	108	205	50	0	2	1	0	32	169	91	128	0	4	4	0	101	96	10	151	0	2	2	0	141	40	0	172	20	0	0	15	151	0	20	141	9	0	0	9	131	78	137	46	0	2	0	0	5	19	6	0	1	0	
0	0	0	2	0	0	0	0	0	0	2	0	5	8	30	24	0	0	2	105	107	111	105	38	1	0	135	160	16	0	1	0	0	14	68	52	106	61	0	4	0	61	62	0	108	81	0	3	0	11	102	124	94	0	0	0	0	0	0	0	0	1	0	0	
0	1	0	35	28	0	1	0	0	2	0	128	40	0	2	0	1	0	29	124	0	2	0	0	3	0	78	74	24	130	11	0	3	0	103	49	109	112	42	0	2	0	100	139	84	69	13	0	1	0	25	63	56	29	0	1	0	0	0	0	0	1	0	0	
0	0	0	0	0	0	0	0	0	12	24	24	20	0	0	0	0	82	223	199	218	107	0	3	0	1	16	9	192	79	0	3	0	2	0	39	194	3	0	1	0	1	0	32	174	0	0	0	0	1	0	4	197	57	0	2	0	0	2	0	78	127	0	2	
0	0	1	0	0	6	0	0	1	0	9	115	149	116	0	1	3	0	106	53	2	5	0	0	0	16	175	77	114	96	0	0	0	6	116	59	0	132	40	0	4	0	110	164	50	154	13	0	2	0	36	212	188	41	0	2	0	0	0	0	0	1	1	0	
0	0	1	3	1	0	0	0	0	0	0	0	1	13	52	21	1	0	13	110	178	174	152	40	4	0	115	255	98	0	1	0	0	28	46	39	190	54	0	4	0	30	193	130	208	82	0	3	1	0	25	142	123	0	0	0	0	1	1	0	0	1	0	0	
0	0	1	0	0	0	0	0	1	0	21	135	100	72	11	0	3	0	98	143	120	91	13	0	2	0	159	97	86	61	0	2	1	0	29	71	39	153	21	0	2	0	41	70	0	157	27	0	3	0	72	165	127	123	0	2	0	1	0	36	60	4	0	0	
0	0	0	1	1	0	0	0	0	0	1	0	30	41	0	1	0	1	0	25	177	79	0	3	1	0	8	136	77	0	0	0	2	0	30	168	147	0	1	0	0	2	0	47	91	0	3	0	0	3	0	94	51	0	2	0	0	1	0	39	14	0	0	0	
0	0	0	19	62	12	0	1	1	0	9	154	153	115	0	2	0	0	4	6	18	147	0	1	0	1	2	0	53	132	0	3	1	0	53	96	166	68	0	3	0	70	122	67	246	82	0	3	0	63	36	61	81	65	0	2	0	0	2	0	0	0	0	0	
0	0	1	1	0	1	0	0	0	0	0	9	34	3	0	0	1	0	18	114	138	69	0	3	4	0	117	121	95	52	0	2	2	0	50	79	165	57	0	2	0	1	0	15	147	4	0	0	0	3	0	88	105	0	3	0	0	2	0	57	49	0	2	0	
0	0	1	2	0	0	0	0	0	1	0	10	83	27	0	1	1	0	8	147	122	115	0	2	2	0	119	59	42	116	0	3	1	0	142	74	183	84	0	3	1	0	49	66	127	42	0	2	0	0	0	8	148	7	0	0	0	0	0	20	69	0	1	0	
0	1	2	0	6	3	0	0	1	0	5	100	160	139	18	0	0	0	148	104	0	81	105	0	0	87	135	0	0	36	108	0	0	135	91	0	0	73	117	0	0	65	141	2	19	153	42	0	1	0	84	152	143	58	0	2	0	1	0	6	3	0	1	0	
0	0	0	1	1	0	0	0	1	0	8	121	137	31	0	2	2	0	136	121	51	109	0	4	0	2	14	0	141	66	0	3	2	0	36	194	131	89	0	1	0	0	143	70	0	131	8	0	0	10	128	122	139	96	0	2	0	0	0	2	12	1	0	0	
0	0	5	57	25	0	1	0	2	0	43	168	179	56	0	2	0	1	4	0	67	172	0	3	0	0	6	0	84	182	0	3	0	11	148	158	230	85	0	3	0	65	213	200	223	144	3	0	0	6	128	113	0	60	15	0	0	0	0	0	1	0	0	0	
0	0	0	0	0	0	0	0	0	1	0	29	102	0	2	0	0	2	0	47	143	0	3	0	0	2	0	54	122	0	3	0	0	4	0	87	107	0	3	0	0	5	0	112	97	0	3	0	0	3	0	113	80	0	3	0	0	0	0	0	0	0	0	0	
0	0	1	1	7	15	5	0	0	2	0	42	141	125	46	0	1	0	6	146	30	0	1	0	3	0	100	73	0	2	0	0	2	0	113	116	103	78	0	0	0	0	3	44	107	146	0	0	0	0	99	115	73	7	0	0	0	1	9	1	0	1	0	0	
0	0	1	0	0	15	2	0	0	0	12	13	9	106	0	1	3	0	77	66	19	125	0	2	0	0	171	25	46	127	0	3	0	49	165	105	151	103	0	3	0	7	6	13	140	131	0	2	0	0	4	0	72	76	0	2	0	0	0	1	1	0	0	0	
1	4	3	3	4	3	0	0	0	0	0	0	0	0	0	0	36	164	187	190	155	79	0	1	29	170	121	95	168	241	19	0	0	0	3	0	70	216	3	0	1	4	6	0	196	136	0	4	0	2	0	39	244	41	0	2	0	2	0	58	189	7	0	1	
0	0	1	1	0	0	0	0	0	1	0	102	144	31	0	2	2	0	43	159	118	147	0	0	3	0	97	85	58	126	0	1	1	0	12	193	144	4	0	1	1	0	25	168	119	0	2	0	2	0	56	82	147	22	0	1	0	0	7	42	34	1	0	0	
0	0	0	9	1	1	0	0	3	0	105	167	98	0	1	0	4	0	133	119	76	60	0	0	1	0	0	155	237	82	0	2	0	0	2	121	131	144	6	0	3	0	70	140	0	196	47	0	1	0	11	149	183	95	0	1	0	0	0	0	0	0	0	0	
0	0	3	0	0	1	0	0	0	0	4	21	0	0	0	0	0	5	134	124	123	132	0	2	0	66	159	0	22	142	0	1	0	23	25	0	15	141	0	1	0	0	3	0	54	134	0	3	0	1	5	0	125	85	0	3	0	0	1	0	113	21	0	1	
0	1	0	0	0	0	0	0	0	0	10	15	15	3	0	0	0	97	255	248	255	87	0	4	0	148	145	43	162	124	0	5	0	27	13	0	175	223	134	27	0	3	0	105	255	194	139	15	0	3	0	29	201	18	0	1	0	0	0	5	21	1	4	1	
0	0	2	1	0	0	0	0	0	2	0	52	126	30	0	1	1	0	72	156	111	112	0	4	0	4	95	17	136	52	0	2	0	0	3	125	157	47	0	2	0	0	33	0	90	73	0	3	0	45	75	23	149	16	0	1	0	11	9	30	30	0	1	0	
0	1	1	0	0	1	2	0	0	0	1	102	135	31	0	2	1	0	158	164	220	204	75	0	0	69	174	0	20	17	174	27	0	113	137	0	1	11	172	22	0	43	182	16	8	178	103	0	2	0	84	200	202	128	0	2	0	1	0	24	23	0	2	0	
0	0	0	2	0	0	0	0	0	1	0	8	83	76	0	0	0	2	0	113	153	119	8	0	0	0	0	134	58	117	0	2	0	3	0	96	181	33	0	2	0	0	0	138	167	0	2	0	2	0	47	155	124	2	0	0	0	0	1	45	25	0	1	0	
0	1	4	4	3	1	0	0	0	0	0	0	0	0	0	0	0	60	166	99	69	8	0	0	0	23	103	132	184	124	0	3	0	0	2	0	48	126	0	3	0	1	6	0	139	55	0	2	0	1	0	37	130	0	2	0	0	2	0	64	70	0	2	0	
0	1	0	28	60	2	0	0	2	1	16	168	170	77	0	3	1	0	23	15	58	110	0	4	1	0	12	55	155	62	0	3	0	19	105	93	228	81	0	3	0	118	49	102	119	146	0	3	0	51	79	76	40	80	0	2	0	0	0	0	2	0	0	0	
0	0	1	0	0	2	3	0	2	0	44	106	0	1	0	0	2	0	178	205	0	42	142	3	0	93	255	84	6	179	151	0	0	68	246	219	227	223	18	0	0	0	34	14	140	191	0	3	0	1	3	0	90	214	3	0	0	0	2	1	3	32	2	0	
0	0	1	0	63	17	0	1	0	2	0	48	138	2	0	0	0	0	0	145	32	0	1	0	2	0	67	116	8	166	28	0	4	0	119	56	104	159	16	0	4	0	107	151	210	104	0	2	1	0	9	74	50	3	0	0	0	0	0	0	0	1	0	0	
0	0	1	4	0	0	0	0	0	2	0	125	194	78	0	1	2	0	37	163	42	156	38	0	4	0	123	93	0	130	54	0	4	0	151	73	0	186	19	0	3	0	101	177	167	153	0	4	1	0	4	172	204	28	0	2	0	0	1	0	0	1	0	0	
0	0	1	1	2	5	3	0	1	0	16	149	133	148	48	0	2	0	146	131	30	4	1	0	0	1	144	117	142	70	0	2	0	0	1	0	31	145	0	2	0	6	120	131	176	182	14	0	0	7	124	147	124	17	6	0	0	0	2	4	0	0	0	0	
0	0	1	0	0	2	0	0	2	0	67	188	116	7	0	1	0	5	218	246	249	156	0	2	0	51	252	49	43	254	56	0	0	60	234	9	10	247	129	0	0	0	206	191	181	255	82	0	2	0	65	215	211	88	0	1	0	0	1	0	0	0	1	0	
0	0	0	0	36	37	0	1	0	0	0	143	147	132	5	0	1	0	37	106	12	129	0	0	0	0	17	0	75	118	0	3	0	33	117	131	153	18	0	1	0	115	25	140	166	39	38	0	0	47	93	83	91	90	9	0	0	0	0	0	0	0	0	0	
0	0	0	1	4	1	0	0	0	35	109	54	0	2	0	0	0	146	176	133	97	13	0	1	0	5	32	7	139	69	0	3	0	2	0	72	174	19	0	1	0	2	0	137	142	135	95	0	0	0	2	0	38	144	81	0	0	0	1	0	25	23	0	1	
0	0	2	0	0	0	0	0	0	1	0	13	63	49	0	0	2	0	122	124	58	140	84	0	0	62	178	7	0	99	64	0	0	20	17	0	43	143	0	1	0	0	1	0	148	48	0	2	0	4	0	115	151	0	3	0	0	1	0	90	40	0	1	0	
0	0	2	2	0	0	0	0	0	2	0	7	11	52	35	0	2	0	54	165	76	63	103	0	0	60	130	17	0	94	119	0	9	196	115	103	142	232	89	0	0	49	92	72	22	148	62	0	0	0	0	2	0	145	31	0	0	2	3	3	1	21	3	0	
0	0	1	2	0	0	0	0	0	0	0	4	71	48	0	1	1	0	11	127	91	133	9	0	2	0	119	50	91	101	0	2	0	2	133	106	194	27	0	1	0	0	0	64	118	0	3	0	0	2	0	139	45	0	1	0	0	0	7	69	0	0	0	0	
0	0	0	0	0	0	0	0	1	0	96	127	100	81	3	0	0	1	204	255	181	115	0	1	1	0	14	146	155	13	0	1	0	0	2	0	112	181	0	0	0	19	83	44	0	202	91	0	0	16	99	156	197	212	46	0	0	0	0	0	40	36	0	1	
0	0	1	1	3	4	2	0	0	1	0	0	0	0	0	0	0	6	20	30	69	110	50	0	0	87	212	122	89	81	152	0	0	164	99	0	0	67	123	0	4	125	12	3	0	146	81	0	0	0	1	0	0	101	17	0	0	2	1	0	0	0	0	0	
0	0	0	1	0	0	0	0	0	0	0	7	42	15	0	1	0	2	0	72	148	59	0	3	0	0	4	129	200	43	0	2	0	1	0	164	211	6	0	1	0	0	0	13	113	4	0	0	0	1	0	23	127	0	1	0	0	0	0	10	49	0	1	0	
0	0	1	1	0	0	0	0	0	1	0	11	57	14	0	1	1	0	12	98	110	107	0	4	2	0	93	35	53	76	0	3	1	0	105	37	145	36	0	1	1	0	27	89	142	5	0	0	0	1	0	23	115	0	2	0	0	0	0	20	42	0	1	0	
0	0	0	0	1	0	0	0	2	0	35	161	2	0	0	0	1	0	1	190	45	0	2	0	0	4	0	115	141	0	4	0	0	1	0	34	180	4	0	1	0	0	0	0	200	49	0	2	0	0	1	0	154	52	0	2	0	0	0	0	0	0	0	0	
0	0	0	0	1	6	0	0	0	0	2	0	54	86	0	2	0	0	1	0	147	30	0	1	0	1	0	36	148	0	2	0	0	3	0	99	89	0	3	0	0	0	1	162	25	0	1	0	1	0	30	116	0	1	0	0	0	0	0	1	0	0	0	0	
0	0	0	0	0	0	0	0	0	0	1	47	109	73	0	0	2	0	51	152	35	7	0	0	3	0	82	171	103	11	0	1	1	0	38	8	73	81	0	3	0	0	15	21	49	93	0	3	1	0	16	116	113	17	0	1	0	1	0	32	21	0	1	0	
0	0	1	0	3	5	0	0	0	1	0	36	135	133	4	0	1	0	22	155	10	100	59	0	3	0	85	95	0	75	83	0	3	0	127	42	0	97	69	0	0	0	133	14	73	133	3	0	2	0	100	156	86	2	0	0	0	0	3	8	0	2	1	0	
0	0	3	1	0	1	0	0	0	1	0	2	0	31	12	0	0	0	110	49	0	178	36	0	0	77	194	45	121	252	64	0	0	37	146	160	231	58	0	2	0	3	0	95	118	0	3	0	1	0	36	184	10	0	1	0	1	0	37	66	0	2	0	0	
0	0	0	1	0	0	0	0	0	1	0	10	124	72	0	3	0	0	5	100	67	91	0	3	1	0	14	110	90	46	0	2	0	3	0	100	151	0	1	0	2	0	55	73	91	28	0	1	2	0	69	102	73	0	0	0	0	0	2	12	0	0	0	0	
0	0	0	0	0	2	0	0	1	0	34	92	89	16	0	1	0	11	93	20	59	125	0	0	0	35	25	0	0	96	55	0	0	36	37	0	0	105	60	0	0	11	62	3	83	110	0	0	2	0	65	115	49	3	0	0	0	0	16	22	0	3	0	0	
0	0	1	1	0	0	0	0	0	0	0	11	56	2	0	0	0	0	6	99	120	44	0	2	3	0	72	72	74	58	0	2	1	0	30	109	155	4	0	0	0	2	0	51	108	0	3	0	0	2	0	126	52	0	2	0	0	0	1	64	5	0	0	0	
0	0	0	0	0	0	0	0	0	2	0	52	107	0	2	0	0	3	0	88	193	0	2	0	0	2	0	54	192	0	0	0	0	3	0	78	179	0	2	0	0	3	0	88	192	0	2	0	0	2	0	52	130	0	2	0	0	0	0	0	0	0	0	0	
0	0	1	2	3	0	1	0	0	1	2	2	0	12	6	0	2	0	129	125	126	180	124	0	0	56	255	166	50	56	159	0	0	182	200	10	0	105	142	0	2	150	36	0	0	187	68	0	0	0	4	0	71	199	0	0	0	2	2	0	27	27	0	1	
0	0	2	0	0	0	0	0	0	0	2	69	116	82	0	0	0	1	105	80	51	150	4	0	0	51	121	0	98	43	0	2	0	3	71	144	163	37	0	1	0	0	3	95	44	103	0	2	1	0	35	116	96	30	0	1	0	0	2	45	19	0	1	0	
0	0	0	0	3	2	0	0	0	0	0	38	128	108	0	1	0	0	0	155	68	96	24	0	2	0	48	122	0	88	23	0	2	0	136	43	0	109	16	0	0	20	136	0	74	96	0	2	0	5	122	129	80	3	0	0	0	0	7	11	0	1	0	0	
0	0	0	0	0	0	0	0	0	1	0	22	69	36	0	1	3	0	123	203	207	153	0	4	1	0	30	0	130	83	0	3	0	0	3	71	235	157	73	0	2	0	39	243	136	32	8	0	1	0	26	187	12	0	1	0	1	0	22	65	0	3	0	0	
0	0	0	0	0	0	0	0	0	0	56	70	53	67	96	41	3	0	131	116	93	97	81	23	0	35	149	36	81	24	0	1	0	61	166	83	86	126	0	4	0	2	37	1	14	145	3	0	0	3	173	152	132	153	9	0	0	0	0	11	19	1	0	0	
0	0	1	1	0	0	0	0	0	3	0	71	215	53	0	2	1	0	21	187	133	163	36	0	4	0	121	122	0	6	7	0	0	8	198	150	106	67	0	1	0	39	111	115	17	100	92	0	0	1	0	52	120	122	112	0	0	0	2	0	2	9	1	0	
0	0	1	1	0	0	0	0	0	1	0	62	87	147	51	0	2	0	30	228	171	112	132	0	3	0	140	158	0	24	119	0	0	8	171	17	0	74	126	0	0	42	177	0	0	157	68	0	0	17	173	56	150	117	0	2	1	0	34	57	50	2	0	0	
0	0	1	4	3	3	2	0	0	2	1	0	0	0	1	0	1	0	31	141	171	206	48	0	0	102	175	127	175	173	127	0	0	205	82	0	0	112	187	0	0	103	217	89	121	198	26	0	0	0	42	63	24	5	0	0	0	1	0	0	0	2	2	0	
0	1	1	0	0	0	0	0	1	0	28	121	111	31	0	1	0	27	170	36	74	104	0	4	0	19	20	25	184	65	0	2	1	0	17	147	57	133	21	0	1	3	0	0	11	151	16	0	0	75	95	99	152	59	0	2	0	12	58	62	18	0	1	0	
0	0	0	0	0	0	0	0	1	0	16	117	105	9	0	1	3	0	179	128	192	61	0	2	2	0	73	155	183	3	0	1	0	3	0	98	234	73	0	2	0	4	0	127	172	159	0	3	0	4	0	121	223	28	0	2	0	1	0	14	27	0	1	0	
0	0	3	1	0	0	0	0	0	0	0	16	41	5	74	19	1	0	78	138	152	68	142	31	0	0	180	50	0	107	116	0	2	0	36	174	132	134	7	0	2	0	70	175	138	0	4	0	1	0	129	72	127	0	3	0	0	0	22	42	21	0	1	0	
0	0	0	0	0	0	0	0	0	2	0	45	133	0	2	0	0	3	0	98	179	0	3	0	0	4	0	115	171	0	3	0	0	3	0	98	183	0	2	0	0	3	0	74	232	4	0	1	0	1	0	33	139	1	0	0	0	0	0	0	0	0	0	0	
0	0	2	0	0	1	2	0	0	1	0	2	0	50	76	0	1	0	69	17	0	138	44	0	0	65	148	0	89	152	0	3	0	80	150	98	188	64	0	2	0	0	0	44	139	0	1	0	0	4	0	80	73	0	2	0	0	0	0	3	1	0	0	0	
0	0	1	0	0	0	0	0	0	1	0	92	76	0	2	0	2	0	56	169	151	1	0	0	3	0	112	68	203	38	0	2	3	0	62	168	164	73	0	3	0	0	4	4	58	117	0	4	1	0	21	113	156	69	0	3	0	0	0	39	44	0	0	0	
0	1	0	40	22	0	2	0	0	0	5	148	19	0	1	0	3	0	81	117	0	15	26	0	2	0	147	32	11	123	156	14	0	19	141	15	140	97	113	0	0	0	115	204	172	106	26	0	0	0	6	52	7	1	1	0	0	0	2	0	0	2	1	0	
0	0	0	1	0	0	0	0	0	1	0	9	111	68	0	1	0	2	0	121	136	154	0	1	0	1	0	175	155	42	0	2	1	0	20	189	174	0	0	0	3	0	75	112	110	105	0	4	1	0	8	141	166	52	0	2	0	1	0	23	23	0	1	0	
0	0	0	0	0	4	0	0	0	1	0	17	162	182	38	0	0	4	0	126	188	114	95	0	0	2	0	34	5	140	31	0	0	8	110	97	168	102	0	3	0	101	48	75	219	21	0	1	25	109	80	124	122	12	0	0	1	2	13	1	0	0	0	0	
0	2	2	0	0	0	1	0	1	0	4	50	91	75	7	0	0	29	203	235	184	242	103	0	21	232	175	4	0	156	63	0	34	251	133	74	135	245	37	0	0	89	195	162	104	227	51	0	0	0	1	0	11	241	98	0	0	3	3	4	0	96	61	0	
0	0	0	1	2	1	0	0	0	1	0	28	196	95	0	2	0	3	0	117	134	129	11	0	1	0	26	170	6	131	11	0	3	0	111	90	28	147	0	2	0	3	169	56	148	47	0	2	0	1	149	179	53	0	2	0	0	0	3	3	0	1	0	0	
0	0	1	0	1	1	0	0	1	0	19	92	33	0	1	0	0	0	171	130	180	23	0	1	0	0	179	55	203	81	0	3	2	0	35	147	232	51	0	2	0	0	3	0	180	70	0	3	0	0	5	0	172	94	0	3	0	0	1	0	66	39	0	1	
0	0	1	2	0	2	4	0	0	1	1	2	0	49	87	0	2	0	43	95	0	160	47	0	0	1	155	46	119	165	0	3	0	39	189	73	205	82	0	3	1	0	21	76	195	10	0	1	0	3	0	127	87	0	3	0	0	0	2	6	0	1	0	0	
0	0	0	0	0	0	0	0	0	3	0	79	156	0	1	0	0	3	0	93	234	1	0	1	0	3	0	90	224	0	0	1	0	3	0	101	195	0	2	0	0	4	0	132	223	0	0	1	0	3	0	71	161	0	0	0	0	0	0	0	0	0	0	0	
0	0	0	0	0	0	0	0	0	0	1	0	119	24	0	1	0	1	0	13	191	21	0	1	0	2	0	45	169	0	1	0	0	4	0	118	128	0	4	0	0	1	0	174	54	0	2	0	1	0	29	146	0	0	0	0	0	0	1	1	0	0	0	0	
0	10	1	0	1	0	0	0	0	81	149	101	4	0	0	0	1	0	28	157	118	0	4	0	0	3	0	134	81	0	3	0	1	0	15	187	139	97	8	0	0	0	1	0	55	216	57	0	0	0	0	73	152	88	0	0	0	0	1	15	6	0	0	0	
0	0	2	1	0	0	0	0	0	1	0	22	123	44	0	2	2	0	60	143	140	119	0	4	1	0	30	86	155	18	0	1	3	0	86	181	135	53	0	2	1	0	26	0	68	121	0	4	0	21	60	0	131	73	0	3	0	13	32	0	36	5	0	0	
0	0	1	0	1	1	0	0	0	0	0	18	9	0	0	0	2	0	64	147	136	36	0	2	0	7	143	41	197	84	0	3	0	4	152	152	199	45	0	2	0	0	9	0	145	48	0	2	0	0	3	0	138	33	0	1	0	0	2	0	105	29	0	1	
0	0	0	0	1	0	0	0	0	0	3	0	82	96	0	3	0	0	1	0	167	53	0	2	0	2	0	57	170	0	2	0	0	3	0	149	95	0	3	0	1	0	24	201	18	0	1	0	3	0	74	128	0	2	0	0	0	0	3	1	0	0	0	0	
0	0	1	1	0	1	0	0	0	1	0	36	65	0	0	0	2	0	36	199	184	94	0	3	3	0	153	60	94	132	0	4	3	0	107	137	230	78	0	3	1	0	17	50	147	81	0	3	0	0	2	0	140	31	0	1	0	0	1	1	53	4	0	0	
0	0	0	1	3	3	0	0	0	0	3	0	108	143	0	0	0	2	0	38	142	131	35	0	1	0	5	173	71	96	60	0	2	0	132	82	0	157	24	0	0	49	165	17	139	89	0	3	0	29	164	145	55	0	1	0	0	0	3	1	0	2	0	0	
0	0	0	0	1	1	0	0	0	0	2	11	1	25	1	0	2	0	53	112	25	162	0	1	3	0	130	51	161	153	0	4	1	0	145	88	214	80	0	3	2	0	71	106	131	45	0	2	0	0	0	1	158	17	0	1	0	0	2	4	55	5	0	0	
0	0	2	2	0	1	0	0	0	1	0	10	75	29	0	1	2	0	41	170	96	129	13	0	0	7	162	27	36	161	0	0	0	39	162	59	213	89	0	4	1	0	66	91	173	14	0	1	0	3	0	98	127	0	3	0	0	1	0	80	34	0	1	0	
2	3	2	3	4	4	1	0	0	0	0	0	0	0	0	0	50	83	42	69	98	113	37	0	63	198	206	167	153	255	52	0	0	1	5	0	138	169	0	3	2	3	0	28	231	57	0	2	0	4	0	84	219	0	0	0	0	2	0	41	97	0	0	0	
0	0	2	0	0	0	1	0	0	2	0	80	168	76	0	2	2	0	105	255	221	218	39	0	0	27	233	104	0	81	95	0	0	100	119	0	0	74	97	0	0	89	136	0	55	232	73	0	0	9	198	216	223	98	0	2	1	0	20	60	20	0	1	0	
0	0	0	0	3	2	0	0	0	0	5	31	1	0	0	0	1	2	6	142	161	36	0	1	0	0	2	0	88	178	0	3	14	106	101	94	167	228	60	0	5	73	87	72	72	68	36	0	0	0	0	0	0	0	0	0	0	3	3	3	3	3	1	0	
0	0	0	0	0	0	0	0	0	1	0	22	91	0	2	0	0	1	0	39	126	0	3	0	0	2	0	56	89	0	3	0	0	3	0	77	72	0	3	0	0	3	0	125	72	0	3	0	0	1	0	95	21	0	1	0	0	0	0	0	0	0	0	0	
0	0	2	0	0	0	1	0	0	3	0	36	191	123	0	1	2	0	88	221	177	176	80	0	0	63	205	29	0	94	162	0	0	156	81	0	0	106	136	0	0	152	140	2	67	199	43	0	0	29	179	176	140	45	0	2	0	0	0	3	0	0	1	0	
0	1	1	1	1	0	0	0	1	0	24	16	0	1	0	0	0	26	227	191	17	0	5	1	0	58	96	56	97	0	3	0	2	0	54	157	219	146	137	58	3	0	150	237	116	134	135	38	0	0	3	4	0	0	0	0	0	0	1	1	4	4	4	1	
0	0	6	83	119	39	0	2	1	0	26	90	67	141	11	0	0	1	2	2	0	149	34	0	0	0	2	0	54	158	0	2	0	22	124	118	180	46	0	2	0	127	212	183	154	145	110	18	0	9	42	13	0	41	56	3	0	0	0	2	3	0	0	0	
0	0	0	0	0	0	0	0	0	4	171	222	222	163	8	0	0	1	135	93	47	188	135	0	0	2	1	0	12	204	138	0	0	2	0	138	255	195	11	0	1	123	90	132	255	139	0	4	0	79	208	196	211	124	0	2	0	0	0	1	0	0	0	0	
0	1	4	0	0	0	0	0	0	0	1	0	117	65	0	2	0	28	80	12	250	101	0	4	0	119	244	128	252	198	46	0	0	62	142	151	254	95	14	0	0	3	0	76	255	28	0	2	0	5	0	93	222	8	0	1	0	0	0	9	25	0	0	0	
0	0	0	0	0	0	0	0	0	0	2	27	0	31	8	0	1	0	23	127	0	132	7	0	3	0	80	174	129	145	0	3	3	0	75	149	162	74	0	3	0	0	3	0	110	42	0	2	0	0	0	20	143	0	0	0	0	1	0	17	60	0	1	0	
0	0	0	4	2	0	0	0	0	0	0	83	58	0	2	0	0	0	0	32	96	0	1	0	0	0	0	139	129	0	2	0	0	0	0	4	90	11	0	0	0	0	15	0	84	36	0	1	1	0	55	94	82	0	0	0	0	0	1	15	3	0	0	0	
0	0	0	1	0	0	0	0	0	0	0	9	7	10	0	0	0	2	0	136	179	124	0	1	2	0	34	194	38	0	1	0	0	1	40	85	152	27	0	1	0	0	140	119	169	66	0	3	0	0	1	51	43	0	0	0	0	1	0	7	6	0	0	0	
0	1	2	2	1	1	0	0	0	0	0	0	0	0	0	0	0	81	157	133	138	66	0	2	0	11	38	17	25	81	0	2	1	0	10	66	147	160	46	0	0	0	4	57	137	39	29	0	0	2	0	87	40	0	1	0	2	0	46	105	0	4	1	0	
0	0	0	12	32	0	1	0	0	1	0	182	135	0	5	0	2	0	51	199	6	0	1	0	4	0	144	106	49	181	68	0	3	0	140	133	170	117	148	0	3	0	76	255	111	142	82	0	0	0	0	78	140	66	0	1	0	0	1	0	0	0	1	0	
0	0	0	1	0	0	0	0	0	1	0	15	132	57	11	0	0	2	0	59	233	161	27	0	0	1	0	202	130	0	3	0	0	0	0	105	193	17	0	1	0	8	43	122	182	0	0	0	1	0	121	193	25	0	1	0	0	0	0	0	1	0	0	0	
0	0	0	0	2	3	0	0	0	0	4	53	7	0	0	0	1	0	26	211	165	87	0	0	1	0	153	78	40	202	7	0	0	6	84	0	63	141	0	3	0	0	3	0	128	67	0	3	0	2	0	73	148	0	1	0	0	2	0	59	35	0	1	0	
0	0	0	0	0	0	0	0	0	0	0	6	53	70	3	0	0	0	1	94	168	199	0	0	0	0	4	0	115	87	0	3	0	2	0	43	175	2	0	0	0	0	0	165	58	0	2	0	3	0	83	155	0	4	0	0	1	0	35	43	0	1	0	0	
0	0	0	0	0	0	0	0	0	2	0	66	99	68	29	0	1	0	13	130	152	195	2	0	0	0	3	127	165	42	0	2	1	0	0	200	122	0	4	0	3	0	99	125	82	5	0	0	3	0	144	176	83	0	2	0	1	0	17	49	0	0	0	0	
0	0	3	3	1	0	0	0	0	0	0	0	4	11	0	0	0	36	184	185	209	228	24	0	0	4	84	124	255	176	0	2	0	3	0	63	255	67	0	3	0	3	0	169	229	0	0	1	1	0	0	233	139	0	3	0	0	2	0	125	75	0	2	0	
0	0	0	1	1	2	0	0	0	1	0	28	39	0	1	0	0	1	0	123	121	27	0	1	0	0	8	136	215	88	0	3	0	1	0	86	192	10	0	1	0	1	0	25	106	0	2	0	0	2	0	59	115	0	3	0	0	1	0	21	59	0	1	0	
0	0	0	0	0	0	0	0	0	1	0	67	63	57	11	0	1	0	14	172	81	77	18	0	0	0	4	149	93	42	0	1	0	0	0	83	72	139	0	1	0	1	11	0	71	112	0	3	1	0	96	119	124	7	0	1	1	0	26	53	2	0	0	0	
0	0	1	3	0	0	0	0	0	2	1	1	74	115	58	0	1	0	13	173	255	237	103	0	0	18	213	212	41	150	72	0	0	130	187	83	0	42	152	0	5	163	53	35	1	144	136	0	0	67	179	155	191	162	16	0	0	0	2	21	14	0	1	0	
0	0	1	1	0	1	0	0	0	2	0	59	128	12	0	1	1	0	26	113	58	123	9	0	2	0	56	92	47	112	6	0	2	0	57	149	166	82	0	3	2	0	100	14	49	90	0	3	2	0	48	99	104	11	0	1	0	0	0	12	4	0	0	0	
0	0	0	0	1	0	0	0	0	0	2	0	69	110	0	3	0	0	1	0	178	83	0	3	0	2	0	45	200	3	0	1	0	3	0	116	127	0	3	0	1	0	18	198	33	0	1	0	2	0	49	144	0	2	0	0	0	0	0	0	1	0	0	0	
0	0	0	1	3	3	1	0	0	0	15	7	0	0	0	0	3	0	145	228	184	179	31	0	1	0	16	74	192	236	16	0	0	1	0	12	223	85	0	3	0	3	0	155	169	0	3	0	3	0	58	234	27	0	1	0	2	0	47	114	0	1	0	0	
0	0	1	1	0	0	0	0	0	0	0	14	0	65	40	0	1	0	32	126	8	178	27	0	4	0	140	175	143	135	0	4	1	0	34	123	220	31	0	1	0	3	0	78	121	0	3	0	0	2	0	172	71	0	2	0	0	0	1	28	3	0	0	0	
0	0	1	0	0	2	0	0	0	0	5	54	1	0	0	0	2	0	53	95	0	76	13	0	4	0	98	55	105	170	0	1	3	0	70	138	126	83	0	3	0	0	4	0	102	52	0	2	0	0	2	0	107	26	0	1	0	0	0	0	13	2	0	0	
0	0	1	0	0	0	0	0	0	1	0	56	46	41	96	14	2	0	47	227	204	197	204	29	4	0	168	187	2	0	1	0	0	8	47	147	170	48	0	3	0	95	230	127	133	228	19	0	0	4	59	148	197	183	24	0	0	0	0	0	0	0	0	0	
0	0	2	1	0	0	0	0	0	2	0	60	147	94	91	13	2	0	71	172	91	64	21	0	3	0	158	143	3	0	1	0	0	0	0	85	168	25	0	1	0	26	56	0	95	123	0	4	0	6	134	139	165	55	0	2	0	0	5	55	29	0	1	0	
0	1	0	14	101	8	0	0	0	1	0	185	192	0	3	0	3	0	112	199	0	0	1	0	2	0	153	104	152	183	90	0	0	28	235	194	102	177	202	0	0	57	154	206	186	217	75	0	0	0	0	60	90	29	0	1	0	1	3	0	0	0	2	0	
0	1	3	0	0	0	0	0	0	1	0	16	37	19	0	1	0	13	143	147	115	144	33	0	0	145	90	0	0	118	34	0	0	109	118	45	110	222	24	0	0	1	71	86	83	164	12	0	0	1	1	0	18	135	0	1	0	0	3	1	11	90	0	1	
0	0	1	0	2	1	0	0	0	0	4	90	6	0	1	0	2	0	48	211	126	6	0	1	3	0	151	60	83	182	18	0	1	0	44	0	37	193	14	0	0	2	0	34	198	57	0	2	1	0	20	168	48	0	2	0	1	0	14	25	0	3	0	0	
0	0	1	1	11	1	0	0	2	0	41	155	102	4	0	0	0	0	154	42	0	2	1	0	0	25	198	97	78	45	0	0	1	0	43	91	87	164	92	0	0	0	7	0	21	160	80	0	2	0	87	150	138	68	0	1	0	0	0	4	0	0	1	0	
0	0	0	0	0	0	0	0	0	1	0	56	149	52	0	2	2	0	37	166	111	159	0	2	1	0	32	102	54	170	65	0	0	2	0	177	222	105	38	0	3	0	101	158	107	4	0	0	3	0	122	153	105	2	2	0	1	0	12	48	3	0	0	0	
0	0	0	0	0	0	0	0	0	2	0	73	89	18	23	1	1	0	11	221	228	177	107	10	3	0	79	232	23	1	1	0	2	0	65	147	143	19	0	1	0	1	2	0	177	72	0	3	0	32	131	155	160	14	0	1	0	4	60	44	0	0	0	0	
0	0	2	0	1	1	0	0	0	0	0	23	11	0	0	0	2	0	61	165	144	20	0	1	3	0	135	84	188	136	0	4	1	0	27	104	135	102	0	4	0	0	3	0	117	64	0	2	0	0	0	6	134	14	0	1	0	1	0	21	68	0	2	0	
0	1	0	18	5	0	0	0	1	0	108	141	1	0	3	0	0	72	190	1	8	23	0	0	0	141	108	94	176	162	103	0	0	46	242	195	18	0	180	53	2	0	83	201	180	154	137	26	0	2	0	12	27	14	1	0	0	0	2	1	0	0	2	1	
0	0	3	1	0	1	2	0	0	2	0	18	49	21	0	1	2	0	77	225	205	214	74	0	0	85	255	253	166	82	153	16	0	85	246	75	11	0	149	45	0	1	176	89	44	162	184	0	2	0	48	174	171	130	15	0	0	0	1	0	0	0	1	0	
0	0	0	6	14	0	1	0	3	0	80	231	242	108	0	2	2	0	91	94	114	244	33	0	0	0	2	0	30	233	38	0	0	62	188	187	198	207	1	0	0	195	198	119	252	255	81	0	0	36	114	102	131	101	36	0	0	0	0	0	0	0	0	0	
0	0	0	0	1	0	0	0	0	0	2	0	70	61	0	2	0	0	0	1	179	46	0	2	0	2	0	56	151	0	2	0	0	3	0	137	81	0	3	0	1	0	4	176	26	0	1	0	1	0	24	164	0	0	0	0	0	0	4	29	1	0	0	0	
0	0	2	1	0	0	0	0	0	1	0	16	80	38	0	1	2	0	87	170	201	137	0	4	4	0	178	152	126	103	0	4	1	0	26	164	240	29	0	2	0	1	0	21	212	22	0	1	0	2	0	52	236	29	0	2	0	1	0	17	90	5	0	0	
0	0	1	0	1	1	0	0	1	0	20	18	0	25	10	0	3	0	130	59	0	177	32	0	0	22	203	38	109	162	0	3	0	10	106	131	247	83	0	3	0	3	0	79	158	0	3	0	0	3	0	188	89	0	3	0	0	0	0	80	18	0	1	0	
0	0	1	0	0	0	0	0	0	0	0	37	46	64	40	0	2	0	144	223	178	163	74	0	0	0	204	213	86	4	0	0	1	0	9	79	151	221	43	0	0	0	0	0	118	229	33	0	2	0	92	231	204	39	0	2	1	0	97	84	0	2	2	0	
0	0	0	0	0	0	0	0	0	1	0	25	77	89	52	0	1	0	24	215	208	217	161	0	2	0	46	151	0	2	0	0	0	0	6	142	14	0	1	0	0	86	36	78	78	0	3	0	0	71	187	201	185	0	0	1	0	0	4	66	72	4	0	0	
0	2	2	1	0	0	1	0	0	0	0	0	0	1	0	0	0	36	60	31	11	1	19	1	0	156	101	106	101	153	134	0	5	54	0	0	0	148	31	0	0	0	6	0	91	112	0	4	0	2	0	4	133	16	0	1	0	0	0	2	10	0	0	0	
0	0	0	7	78	3	0	0	0	3	0	80	191	0	2	0	1	0	0	194	71	0	3	0	3	0	92	184	8	66	3	0	3	0	84	186	196	255	68	0	3	0	55	255	246	206	32	0	1	0	13	54	70	23	0	1	0	0	0	0	0	1	1	0	
0	0	1	0	0	2	0	0	0	0	0	111	15	0	1	0	2	0	53	151	0	63	9	0	4	0	114	59	39	114	0	4	2	0	151	31	78	142	66	0	2	0	74	134	194	138	13	0	0	0	2	0	97	29	0	1	0	0	2	1	0	3	1	0	
0	0	1	0	3	2	0	0	0	0	4	12	0	0	0	0	4	0	115	234	171	53	0	2	0	11	195	50	108	202	0	1	0	5	28	0	135	142	0	3	0	3	0	75	206	6	0	1	1	0	9	197	56	0	2	0	1	0	36	141	0	2	0	0	
0	0	0	2	7	2	2	0	2	0	38	124	131	26	0	1	0	4	143	55	84	117	26	0	0	18	147	42	70	197	117	0	0	7	171	140	134	68	117	26	0	90	115	0	0	53	132	6	0	25	137	115	106	92	18	0	0	0	5	16	3	0	1	0	
0	0	0	0	0	0	0	0	0	1	0	46	148	149	40	0	1	0	12	193	90	105	80	0	0	0	6	113	63	92	24	0	1	0	0	198	207	115	64	0	3	0	118	237	82	0	3	0	3	0	141	190	36	0	4	0	0	0	12	33	0	1	0	0	
0	0	2	0	0	1	0	0	0	0	0	57	76	7	0	0	3	0	90	129	115	76	0	3	0	12	126	0	45	135	0	3	0	0	126	70	174	140	0	3	1	0	20	87	167	7	0	1	0	1	0	28	172	2	0	0	0	0	0	15	90	4	0	0	
0	0	1	3	3	1	0	0	0	0	0	0	0	7	5	0	1	0	28	116	77	133	34	0	2	0	138	114	233	139	0	3	1	0	46	80	151	45	0	2	0	1	0	22	125	0	1	0	0	2	0	102	62	0	2	0	0	0	3	93	5	0	0	0	
0	1	1	0	0	0	0	0	2	0	79	154	45	0	1	0	0	51	181	107	150	0	0	0	0	96	152	0	0	17	6	0	0	4	138	160	96	202	33	0	0	0	0	49	116	201	10	0	0	1	3	1	0	175	53	0	0	0	0	3	0	27	14	0	
0	0	0	0	1	2	0	0	1	0	52	80	19	0	1	0	3	0	87	210	220	66	0	3	0	0	3	0	108	145	0	4	0	0	5	0	166	75	0	3	0	3	0	76	194	0	0	0	1	0	0	217	108	0	3	0	0	0	9	91	6	0	0	0	
1	0	12	66	26	0	1	0	1	0	25	137	200	37	0	2	0	0	4	0	92	166	0	3	0	0	2	0	49	178	0	2	2	0	63	117	185	163	8	0	1	0	173	221	206	157	54	0	1	0	89	112	8	0	1	0	0	0	0	0	2	4	1	0	
0	0	2	0	0	0	0	0	0	0	6	109	104	77	0	0	2	0	140	255	242	254	60	0	0	41	245	211	34	209	116	0	0	143	146	0	29	235	91	1	0	126	172	61	233	170	29	26	0	10	200	255	169	6	22	17	1	0	17	35	0	1	1	0	
0	36	49	0	1	2	4	0	0	102	115	0	4	1	0	0	0	149	107	0	0	54	90	1	0	150	80	0	27	175	195	54	0	131	147	0	80	238	141	20	0	13	165	192	182	198	145	5	0	0	0	26	14	0	18	2	0	1	2	0	0	2	0	0	
0	0	1	0	68	10	0	0	0	2	0	61	200	5	0	1	0	1	0	157	45	0	2	0	2	0	61	118	85	93	0	0	3	0	154	161	92	184	37	0	3	0	172	213	119	93	0	0	1	0	15	71	32	0	1	0	0	0	0	0	0	2	0	0	
0	0	0	0	0	1	0	0	0	0	0	22	40	6	0	0	1	0	14	127	188	131	0	3	1	0	17	64	151	204	7	0	1	0	0	161	207	91	10	0	0	2	0	132	49	0	2	0	1	0	21	172	6	2	1	0	1	0	15	75	0	0	0	0	
0	1	2	0	0	0	1	1	0	0	2	85	145	108	18	0	0	0	149	255	237	255	162	0	0	43	255	232	88	27	184	37	0	30	254	166	0	0	193	64	0	17	255	109	0	158	180	1	2	0	123	253	158	47	11	0	0	0	0	44	24	0	2	1	
0	0	0	0	0	0	0	0	1	0	22	27	9	24	0	1	3	0	87	48	77	65	0	2	4	0	112	42	108	126	36	0	3	0	60	148	181	107	20	0	0	0	2	0	100	29	0	1	0	0	2	0	117	18	0	0	0	0	0	0	24	1	0	0	
0	0	0	0	0	2	0	0	0	0	3	29	15	0	0	0	1	0	14	148	164	82	0	2	0	0	2	0	66	113	0	3	0	0	1	0	92	19	0	1	0	2	0	56	101	0	2	0	0	0	0	123	30	0	1	0	1	0	32	107	0	2	0	0	
0	0	1	1	0	0	1	0	0	2	0	48	126	105	23	0	1	0	18	197	178	158	160	0	4	0	121	152	0	25	160	1	2	0	176	81	0	101	122	0	0	13	191	19	84	170	20	0	0	0	166	203	159	20	0	1	1	0	15	39	0	1	1	0	
0	0	0	43	19	0	1	0	0	2	0	131	220	48	0	2	0	0	1	0	75	154	0	3	0	1	5	0	105	121	0	3	0	3	0	125	192	0	0	1	0	19	68	142	226	30	0	2	0	27	148	125	124	26	0	1	0	0	0	0	0	0	0	0	
0	0	1	0	1	1	0	0	0	0	1	1	1	8	0	0	2	0	89	17	22	94	0	2	2	0	86	31	106	66	0	3	1	0	19	76	123	17	0	1	0	0	0	11	103	0	0	0	0	0	0	21	80	0	2	0	0	0	0	10	45	0	1	0	
0	0	0	0	1	1	0	0	0	0	3	72	53	0	2	0	3	0	69	203	179	56	0	2	3	0	82	103	0	100	36	0	1	0	27	133	177	165	34	0	1	0	13	231	133	0	1	0	3	0	62	174	12	0	3	0	1	0	18	27	12	0	0	0	
0	0	1	1	0	1	0	0	0	1	0	14	70	13	0	1	1	0	21	111	100	111	0	0	1	0	112	17	114	192	0	1	0	11	136	74	196	56	0	2	1	0	20	84	105	0	2	0	0	1	0	142	36	0	1	0	0	0	10	71	1	0	0	0	
0	0	1	0	22	38	0	1	0	1	0	11	206	104	0	3	0	4	0	150	131	0	3	0	2	0	43	180	2	0	0	0	5	0	119	201	158	152	0	1	4	0	112	201	172	172	0	1	1	0	19	140	117	4	0	0	0	0	0	0	0	2	0	0	
0	0	2	4	2	0	0	0	0	0	0	0	0	12	22	7	1	0	32	86	163	152	105	72	4	0	158	205	34	3	0	1	1	0	31	99	49	5	1	1	0	2	0	57	223	18	0	1	1	0	18	187	66	0	2	0	2	0	43	63	0	2	0	0	
0	0	0	1	4	2	0	0	0	0	4	7	0	0	0	0	4	0	90	234	126	28	0	1	2	0	166	125	161	177	0	3	0	1	58	0	121	128	0	4	0	2	0	47	206	14	0	1	0	1	0	172	94	0	3	0	1	0	28	115	0	2	0	0	
0	0	0	0	0	0	0	0	0	2	0	45	60	0	2	0	0	3	0	88	186	0	3	0	0	3	0	81	193	0	2	0	0	3	0	84	191	0	2	0	0	3	0	73	191	0	2	0	0	2	0	45	160	0	1	0	0	0	0	2	13	0	0	0	
0	0	0	0	0	0	0	0	0	0	1	0	41	105	0	3	0	0	4	0	112	89	0	3	0	0	0	8	144	11	0	1	0	2	0	71	119	0	3	0	0	2	0	158	53	0	2	0	1	0	23	131	0	0	0	0	0	0	2	2	0	0	0	0	
0	0	0	0	0	0	0	0	0	0	0	20	51	26	39	33	3	0	85	183	153	253	208	76	1	0	36	153	153	106	5	7	2	0	25	251	132	0	3	0	1	0	157	90	150	22	0	1	0	18	197	127	161	3	0	1	1	0	88	121	14	0	1	0	
0	0	0	0	0	0	0	0	0	0	2	105	170	118	1	0	2	0	36	191	119	222	29	0	0	0	3	0	77	193	0	0	0	0	0	93	197	42	0	2	0	5	17	198	149	0	3	0	0	57	203	173	196	10	0	1	0	2	29	53	15	0	1	0	
0	0	1	0	0	0	0	0	0	0	1	24	40	100	89	11	2	0	53	228	132	90	29	2	4	0	84	224	109	7	0	1	0	0	77	22	138	107	0	4	0	19	135	0	147	88	0	3	2	0	115	175	138	4	0	1	1	0	13	55	2	0	0	0	
0	0	0	0	1	3	0	0	0	0	0	13	9	0	1	0	1	0	26	210	206	93	0	2	4	0	107	123	18	217	31	0	1	0	18	0	93	175	2	0	0	2	0	81	193	22	0	1	2	0	66	188	15	0	2	0	3	0	106	58	0	3	0	0	
0	1	3	3	2	3	2	0	0	0	0	0	0	0	0	0	0	17	68	76	73	80	41	0	0	168	129	25	22	27	134	2	0	51	65	0	0	90	61	0	0	0	5	0	86	95	0	2	0	3	0	57	91	0	2	0	0	0	0	18	4	1	0	0	
0	0	2	1	0	0	1	0	0	1	0	25	93	33	0	1	2	0	55	206	153	205	34	0	0	0	169	39	0	221	77	0	0	11	195	80	175	194	0	0	2	0	77	175	236	88	0	3	0	2	0	37	209	20	0	1	0	1	0	36	75	0	1	0	
0	0	1	1	0	0	0	0	0	1	0	128	128	0	0	0	3	0	67	177	178	98	0	4	3	0	68	152	156	64	0	2	0	2	0	195	191	0	2	0	2	0	41	147	148	59	0	2	1	0	20	155	182	58	0	2	0	1	0	34	56	2	0	0	
0	0	1	0	0	1	0	0	0	1	0	57	26	0	1	0	1	0	19	190	179	50	0	2	3	0	74	60	95	97	0	3	0	0	0	0	161	28	0	1	0	3	0	85	141	0	3	0	1	0	7	167	32	0	1	0	1	0	29	72	0	2	0	0	
0	0	0	0	0	0	0	0	0	2	0	72	144	88	0	0	1	0	13	184	110	101	0	0	2	0	37	217	98	0	1	0	0	0	0	8	182	82	0	3	1	0	47	5	181	83	0	3	3	0	90	219	195	4	0	1	0	1	0	36	22	0	1	0	
0	0	2	0	0	1	1	0	0	1	0	56	11	0	24	15	3	0	103	150	0	25	186	30	0	53	186	21	0	174	108	0	0	130	220	159	234	176	0	1	0	9	19	45	185	17	0	1	0	2	0	175	92	0	4	0	0	1	1	60	10	0	0	0	
0	0	0	1	29	2	0	0	0	2	0	129	236	54	0	3	0	0	4	31	117	121	0	4	0	1	0	3	185	51	0	2	0	2	0	145	121	0	3	0	3	0	116	255	213	177	13	0	2	0	85	125	83	89	11	0	0	0	0	0	0	0	0	0	
0	0	0	0	0	0	0	0	1	0	41	170	229	133	3	0	4	0	145	255	139	231	70	0	0	12	200	111	0	115	137	0	0	101	218	0	0	158	135	0	0	77	247	130	193	240	30	0	1	0	98	221	203	59	0	2	0	0	0	0	0	0	1	0	
0	0	0	0	0	1	2	0	1	0	14	106	153	66	0	2	4	0	121	201	90	181	29	0	1	0	15	124	193	239	99	0	2	0	48	139	102	191	30	0	0	50	195	61	147	144	0	1	0	116	211	177	116	2	0	0	0	1	28	19	0	2	0	0	
0	0	0	1	0	1	0	0	0	1	0	16	176	38	0	1	0	3	0	163	147	0	2	0	2	0	63	169	0	54	34	0	4	0	132	119	178	255	134	0	3	0	74	242	206	123	9	0	2	0	102	51	0	1	0	0	0	0	2	0	1	3	1	0	
0	0	1	0	1	1	0	0	0	1	0	83	91	0	2	0	2	0	55	88	175	60	0	2	3	0	73	52	119	104	0	4	0	0	5	69	119	78	0	3	0	0	3	0	71	96	0	4	1	0	26	78	126	25	0	1	1	0	19	45	6	0	0	0	
0	0	1	1	0	1	0	0	0	1	0	70	11	51	63	0	2	0	36	225	13	153	107	0	3	0	162	148	29	236	48	0	0	65	255	207	236	220	34	0	0	29	84	88	243	81	0	3	0	3	0	106	221	1	0	0	0	1	2	13	31	0	0	0	
0	1	0	3	4	0	0	0	2	0	61	160	99	12	0	1	0	30	198	45	0	2	0	1	0	90	145	3	98	108	46	0	0	36	218	176	75	36	166	98	2	0	114	193	97	131	145	33	0	1	0	32	86	56	2	0	0	0	2	0	0	0	2	2	
0	0	1	1	0	2	0	0	0	1	0	29	61	0	0	0	1	0	19	180	183	102	0	3	4	0	103	126	122	174	0	3	2	0	36	175	255	78	0	3	0	1	0	27	171	7	0	1	0	3	0	88	168	0	3	0	0	1	0	44	45	0	1	0	
0	0	0	0	0	0	0	0	0	0	0	0	111	13	0	1	0	0	0	4	140	8	0	0	0	1	0	33	129	0	2	0	0	3	0	78	100	0	3	0	0	3	0	132	45	0	2	0	0	0	7	123	5	0	0	0	0	0	1	1	0	0	0	0	
0	0	1	1	0	0	0	0	0	2	0	84	158	193	154	0	1	0	14	182	92	64	34	0	2	0	61	220	22	0	1	0	0	1	0	44	174	97	0	2	0	59	96	73	170	197	0	1	0	98	188	165	119	19	0	1	0	0	0	0	0	0	0	0	
0	0	0	0	2	1	0	0	0	0	0	3	0	51	44	0	0	0	2	0	30	215	47	0	0	1	0	3	201	121	0	3	0	2	0	152	167	0	3	0	3	0	96	198	0	2	1	0	0	0	155	38	0	2	0	0	0	5	14	0	1	0	0	0	
0	0	1	0	22	15	0	1	0	0	0	3	174	46	0	2	0	3	0	102	119	0	3	0	0	0	4	142	36	40	0	1	2	0	67	98	96	159	3	0	3	0	91	161	67	71	0	0	1	0	24	131	109	16	0	1	0	0	0	0	0	1	0	0	
0	0	1	2	0	0	0	0	0	0	1	0	19	77	0	1	2	0	42	111	70	165	0	3	4	0	132	123	102	132	0	4	3	0	161	197	231	59	0	3	0	0	11	34	184	31	0	1	0	1	0	27	185	0	0	0	0	0	0	5	25	0	0	0	
0	0	1	1	0	0	0	0	0	3	0	102	177	151	55	0	1	0	25	181	101	95	14	0	3	0	115	135	0	3	0	0	2	0	44	136	112	18	0	0	0	0	33	3	20	150	12	0	1	0	130	168	175	141	2	0	0	0	1	7	5	0	0	0	
0	0	2	0	1	1	0	0	0	0	0	29	19	0	1	0	2	0	55	120	144	25	0	1	0	0	129	64	151	53	0	2	1	0	45	57	136	19	0	1	0	0	1	0	108	13	0	0	0	0	4	0	110	24	0	1	0	0	2	0	53	22	0	1	
0	0	0	5	3	0	1	0	0	23	185	168	178	59	0	2	0	98	175	24	36	177	28	0	0	0	0	3	0	175	91	0	0	0	5	30	163	255	93	0	0	0	167	239	220	94	34	0	0	8	183	202	64	0	2	0	0	0	0	0	0	3	2	0	
0	0	0	0	0	0	0	0	0	2	0	95	96	0	1	0	0	3	0	179	230	0	0	1	0	3	0	173	231	0	0	1	0	3	0	175	230	0	0	1	0	4	0	134	241	5	0	1	0	3	0	78	229	9	0	1	0	0	0	6	31	0	0	0	
0	0	1	1	0	1	0	0	0	0	0	7	29	2	0	0	1	0	17	103	153	96	0	3	1	0	94	16	83	131	0	3	2	0	97	77	89	27	0	1	0	0	2	14	84	1	0	0	0	2	0	55	111	0	3	0	0	2	0	70	31	0	1	0	
0	0	0	0	0	0	0	0	0	0	0	1	122	35	0	2	0	1	0	9	217	47	0	2	0	2	0	46	205	4	0	1	0	3	0	100	181	0	3	0	0	4	0	167	133	0	4	0	0	3	0	145	113	0	3	0	0	0	0	10	20	0	0	0	
0	0	0	0	0	0	0	0	0	1	0	77	131	50	0	1	1	0	10	155	44	67	2	0	0	2	0	80	91	68	0	0	0	3	0	92	190	30	0	1	1	0	12	142	90	0	1	0	0	0	2	141	120	0	2	0	0	1	0	30	22	0	1	0	
0	1	0	0	0	0	0	0	0	33	109	0	0	10	91	0	0	125	122	0	0	53	159	0	0	193	37	0	0	83	142	0	0	190	121	45	91	184	128	0	0	30	160	186	117	160	105	0	0	0	0	2	0	71	69	0	0	2	4	2	4	1	0	0	
0	0	0	2	0	0	0	0	0	0	0	5	53	133	103	0	0	0	0	157	184	148	91	6	1	0	13	184	24	0	1	0	0	5	0	80	87	0	6	0	0	71	165	11	92	15	0	1	0	2	120	205	196	19	0	1	0	1	0	27	29	0	1	0	
