500	64	10
0	0	0	0	1	0	0	0	1	0	33	39	3	16	0	1	3	0	175	166	86	151	0	4	2	0	205	104	149	165	0	4	3	0	168	218	231	140	0	4	1	0	23	19	193	116	0	4	0	0	3	0	180	92	0	3	0	0	3	0	57	24	0	1	
0	0	1	2	0	0	1	1	0	1	1	2	63	74	9	0	1	0	19	162	169	191	190	3	0	0	161	88	0	93	139	0	0	91	115	0	14	173	32	0	0	129	97	47	178	87	0	3	0	22	131	147	55	0	2	0	0	0	0	0	1	2	0	0	
0	1	3	3	1	0	0	0	0	0	1	0	24	23	0	1	0	23	76	97	223	70	0	3	0	26	136	98	176	12	0	1	0	1	0	25	173	18	0	1	0	2	0	42	209	67	0	2	0	2	0	44	150	0	2	0	0	0	0	9	66	1	0	0	
0	0	0	0	1	1	0	0	1	0	30	24	0	30	10	0	4	0	127	72	0	183	21	0	4	0	129	68	90	136	0	4	1	0	32	128	197	19	0	1	0	3	0	81	116	0	3	0	0	2	0	133	33	0	1	0	0	0	3	47	1	0	0	0	
0	1	0	0	0	2	0	0	0	0	3	19	27	2	0	0	0	71	170	185	182	160	8	0	0	15	21	3	24	204	17	0	0	0	3	0	158	141	0	4	0	2	0	47	204	13	0	1	0	3	0	169	108	0	4	0	0	0	0	130	31	0	1	0	
0	0	3	3	2	1	0	0	0	0	0	0	0	11	11	0	1	0	99	135	144	206	46	0	0	1	44	26	161	62	0	2	1	0	22	148	183	19	0	1	2	0	43	182	35	20	0	1	3	0	92	68	0	2	0	0	0	0	65	5	3	1	0	0	
0	0	4	4	0	0	0	0	0	0	0	0	0	48	37	0	0	1	103	145	184	255	72	0	0	0	105	83	190	105	0	3	0	2	0	58	187	0	1	0	0	2	0	173	80	0	3	0	1	0	13	236	70	0	3	0	0	1	0	72	42	0	1	0	
0	0	0	8	3	0	0	0	3	0	92	173	175	67	0	3	0	0	6	39	192	78	0	3	2	0	30	237	118	0	1	0	1	0	12	77	112	158	27	0	0	4	11	7	59	207	57	0	0	17	137	183	154	43	0	1	0	0	2	3	0	0	1	0	
0	0	0	0	0	0	0	0	2	0	40	163	114	1	0	0	4	0	120	85	4	7	0	0	3	0	103	110	43	11	0	1	1	0	27	87	88	137	15	0	2	0	86	118	23	109	52	0	1	0	9	98	172	137	1	0	0	0	0	0	0	0	0	0	
0	0	1	0	0	0	1	0	0	0	3	83	158	90	0	1	1	0	112	143	81	216	61	0	0	4	25	0	9	190	42	0	0	1	0	75	184	79	0	2	2	0	106	137	8	0	2	0	0	11	211	131	101	81	12	0	0	0	33	55	32	6	0	0	
0	0	0	0	0	0	0	0	2	0	40	158	67	0	1	0	1	0	22	130	150	40	0	2	0	3	0	78	228	33	0	2	0	2	0	132	214	4	0	1	1	0	20	172	180	14	0	1	0	0	0	138	139	0	0	0	0	0	0	0	0	0	0	0	
0	0	0	3	29	0	0	0	0	2	0	83	132	0	29	11	1	0	18	147	6	0	57	23	4	0	117	144	69	65	19	6	0	0	171	129	102	181	139	0	0	20	177	26	35	138	78	0	2	0	54	131	102	37	0	1	0	0	0	0	0	0	2	0	
0	1	0	19	17	0	1	0	1	0	3	200	77	0	3	0	1	0	173	196	23	0	1	0	0	36	235	204	206	119	0	1	0	1	22	15	0	200	71	0	1	0	30	186	144	255	118	0	0	0	4	112	142	69	6	0	0	0	0	0	0	0	0	0	
0	0	0	0	0	0	0	0	1	0	43	152	107	55	20	1	1	0	95	236	148	129	105	10	0	3	0	71	170	6	0	1	0	0	3	0	105	151	0	2	0	80	94	28	32	210	27	0	0	20	131	182	185	96	0	1	0	0	0	0	0	0	0	0	
0	2	0	74	57	0	2	0	2	0	69	130	1	0	3	0	0	7	143	16	0	3	0	0	0	34	109	0	4	4	64	11	0	8	153	25	4	168	198	4	2	0	52	138	173	185	20	0	0	1	0	10	27	0	1	1	0	0	2	1	0	2	2	0	
0	0	2	0	0	2	0	0	0	0	0	47	7	1	6	0	1	0	78	145	0	99	107	0	4	0	127	96	21	227	38	0	1	0	31	114	222	83	0	3	0	3	0	93	123	0	3	0	1	0	25	140	1	1	0	0	1	0	27	47	0	2	0	0	
0	0	0	1	0	0	0	0	0	3	0	76	92	0	3	0	0	2	0	65	143	0	4	0	0	2	0	51	158	0	2	0	0	2	0	53	150	0	3	0	0	2	0	58	181	0	1	0	0	1	0	28	146	0	0	0	0	0	0	0	0	0	0	0	
0	0	2	4	1	0	0	0	0	0	0	0	2	10	0	0	2	0	67	154	187	124	0	4	1	0	64	61	179	81	0	1	0	2	0	127	187	83	18	0	0	1	0	141	34	0	1	0	2	0	60	107	0	6	0	0	2	0	61	33	0	1	0	0	
0	0	0	0	2	0	0	0	0	1	0	88	14	0	1	0	0	0	5	113	48	6	0	0	1	0	22	102	98	45	9	0	1	0	9	159	197	140	4	0	0	1	0	53	159	7	0	1	0	0	0	12	66	0	2	0	0	0	0	2	1	0	0	0	
0	0	2	1	0	0	0	0	0	1	0	14	78	59	0	0	1	0	40	119	93	92	5	0	0	15	150	49	103	134	0	3	0	5	52	17	116	93	0	3	0	1	0	31	153	6	0	1	1	0	13	143	44	0	2	0	1	0	39	57	0	2	0	0	
0	0	0	0	1	1	0	0	0	0	32	78	30	0	1	0	0	4	119	128	171	36	0	2	0	0	4	0	121	66	0	2	0	0	5	0	93	73	0	3	0	0	2	0	59	108	0	4	0	0	4	74	149	57	0	2	1	0	21	85	24	0	1	0	
0	0	3	2	0	0	0	0	0	0	0	0	30	40	0	1	1	0	104	165	183	146	0	3	0	3	85	21	94	67	0	3	0	1	0	52	215	147	89	4	3	0	119	243	96	38	6	0	3	0	93	94	0	3	0	0	1	0	50	10	1	2	0	0	
0	0	0	0	0	0	0	0	0	3	0	92	144	0	2	0	0	3	0	91	198	0	2	0	0	3	0	83	189	0	2	0	0	3	0	76	196	0	1	0	0	3	0	86	233	4	0	1	0	2	0	61	161	0	0	1	0	0	0	0	0	0	0	0	
0	0	0	0	0	2	3	0	2	0	122	95	32	9	0	1	0	20	238	204	194	200	67	2	0	55	226	14	0	83	236	89	0	69	203	0	2	0	178	81	0	2	199	160	166	189	148	9	2	0	57	198	103	7	0	1	0	1	1	0	0	0	3	1	
0	0	0	1	1	2	0	0	0	1	0	15	53	22	17	0	1	0	0	180	116	178	64	0	2	0	38	165	137	148	0	3	0	2	0	176	255	117	0	2	2	0	35	205	72	43	0	1	3	0	168	120	0	3	0	0	0	2	77	7	2	2	0	0	
0	0	0	0	1	0	0	0	0	0	3	0	85	122	0	3	0	0	0	0	189	60	0	2	0	2	0	56	188	0	1	0	0	4	0	119	134	0	4	0	0	2	0	191	94	0	3	0	1	0	18	170	19	0	1	0	0	0	0	0	0	0	0	0	
0	0	0	2	0	0	0	0	0	0	2	0	34	16	0	1	0	2	0	74	243	89	0	4	3	0	89	168	164	90	0	3	1	0	17	31	201	24	0	1	0	3	0	77	173	0	2	0	0	4	0	143	143	0	4	0	0	2	0	57	47	0	1	0	
0	0	10	22	0	1	0	0	0	34	207	208	119	0	2	0	0	26	100	18	207	65	0	3	0	0	3	0	172	105	0	4	1	0	55	111	229	157	91	22	0	46	255	255	167	107	194	95	0	25	117	55	0	1	0	0	0	0	0	0	3	5	2	0	
0	0	0	0	0	0	0	0	0	2	0	56	89	0	3	0	0	3	0	107	122	0	4	0	0	3	0	100	144	0	4	0	0	2	0	63	162	0	3	0	0	2	0	42	181	0	1	0	0	1	0	19	141	0	0	0	0	0	0	0	0	0	0	0	
0	0	0	0	0	1	0	0	0	35	153	133	72	2	0	0	0	26	87	113	224	178	0	2	0	3	99	103	223	124	0	3	0	4	144	167	209	160	9	0	0	0	2	0	32	254	65	0	2	0	36	202	224	188	2	0	0	0	5	51	54	15	0	0	
0	0	0	0	3	0	0	0	0	1	0	100	183	109	0	2	0	0	1	50	8	131	29	0	0	0	0	25	29	122	15	0	0	0	135	131	183	179	0	1	0	29	116	74	151	15	0	1	0	12	150	127	16	0	1	0	0	0	2	0	2	1	0	0	
0	0	1	0	0	1	0	0	1	0	24	116	0	23	39	0	3	0	147	128	0	135	86	0	0	8	215	39	2	182	18	0	2	0	109	204	173	167	0	3	0	2	0	56	244	71	0	3	0	3	0	93	162	0	3	0	0	1	0	26	24	0	1	0	
0	0	0	0	3	0	0	0	0	3	0	74	85	0	3	0	0	4	0	121	106	0	3	0	0	3	0	112	132	0	4	0	0	3	0	83	135	0	4	0	0	3	0	87	170	0	3	0	0	2	0	46	170	4	0	1	0	0	0	0	1	0	0	0	
0	0	0	1	1	0	0	0	0	0	0	13	14	3	62	34	0	1	0	172	203	154	194	87	1	0	23	189	50	10	1	0	0	2	0	139	100	0	4	1	0	25	66	111	212	0	0	1	0	43	200	168	75	0	1	0	0	0	0	0	0	0	0	0	
0	0	0	0	0	0	0	0	0	0	50	70	60	2	0	0	0	12	171	120	158	64	0	3	0	0	3	0	88	105	0	4	0	0	5	0	149	86	0	3	0	1	0	12	194	25	0	1	0	3	0	96	154	0	3	0	0	2	0	50	38	0	1	0	
0	0	1	0	68	12	0	0	0	2	0	55	186	4	0	1	1	0	1	193	63	0	2	0	3	0	121	148	54	83	0	0	3	0	160	215	109	201	67	0	4	0	154	242	119	153	27	0	1	0	36	43	78	21	0	1	0	0	0	0	0	1	1	0	
0	0	1	2	0	0	0	0	0	45	175	169	39	0	1	0	0	79	85	22	132	0	2	0	0	2	0	94	213	36	0	2	0	2	2	143	95	143	19	0	1	0	19	28	0	103	99	0	1	0	27	165	135	175	47	0	0	0	0	4	14	5	0	0	
0	0	2	1	0	1	3	0	0	1	0	7	13	4	0	0	2	0	47	234	206	166	119	0	0	27	224	123	20	158	162	0	0	67	173	0	78	207	4	0	0	1	0	24	212	55	0	2	0	2	0	175	132	0	4	0	1	0	6	158	32	0	1	0	
0	0	0	0	0	0	0	0	0	1	0	26	139	0	0	0	0	1	0	37	191	0	0	0	0	2	0	43	170	0	1	0	0	3	0	72	157	0	3	0	0	4	0	108	179	0	3	0	0	2	0	62	126	0	2	0	0	0	0	0	0	0	0	0	
0	1	4	3	3	2	1	0	0	0	0	0	1	0	33	30	0	12	140	147	141	193	232	66	0	25	219	100	165	220	79	0	4	0	99	249	108	8	0	1	3	0	134	223	70	0	6	0	3	0	153	208	140	0	4	0	2	0	54	131	23	0	1	0	
0	0	1	1	4	0	0	0	0	2	0	73	179	56	0	2	2	0	45	63	47	178	0	0	2	0	131	32	2	178	13	0	0	12	176	0	39	169	0	1	0	9	201	43	166	108	0	4	2	0	81	186	121	0	1	0	0	0	0	0	0	1	0	0	
0	0	1	2	0	0	1	0	0	0	1	0	70	44	0	1	1	0	2	160	176	193	58	0	3	0	160	151	12	220	73	0	2	0	145	168	220	146	0	1	0	2	0	83	204	0	1	0	1	0	4	203	100	0	3	0	1	0	31	99	0	0	0	0	
0	0	0	0	0	0	1	0	1	0	19	116	150	104	0	1	2	0	114	95	15	165	65	0	0	0	3	13	0	105	85	0	0	49	135	119	165	221	41	0	1	175	92	88	175	146	89	0	0	66	139	112	21	0	1	0	0	0	0	0	1	4	1	0	
0	0	0	1	0	0	0	0	0	0	2	0	128	199	29	0	0	4	0	110	200	134	121	0	2	0	31	224	33	91	126	0	0	20	191	107	0	158	75	0	0	138	129	0	119	167	0	0	0	71	170	164	116	4	0	1	0	0	3	1	0	2	1	0	
0	0	0	1	0	0	0	0	0	0	0	6	75	73	7	0	3	0	101	227	131	167	81	0	2	0	60	191	24	154	22	0	0	2	0	132	189	60	0	2	2	0	22	206	139	0	4	0	1	0	178	227	45	0	2	0	0	0	72	46	0	1	0	0	
0	0	0	0	1	2	2	0	0	0	0	0	7	155	28	0	0	0	4	0	131	135	0	3	0	1	0	32	208	18	0	1	0	3	0	160	118	0	3	0	3	0	75	200	0	0	0	0	3	0	133	80	0	6	0	0	0	0	0	1	1	0	0	0	
0	0	2	0	0	0	0	0	0	0	0	54	126	131	24	0	2	0	95	104	55	60	13	0	2	0	160	67	0	1	0	0	1	0	23	138	163	38	0	2	0	0	3	0	147	78	0	3	1	0	11	140	144	0	1	0	0	0	1	45	11	0	0	0	
0	0	0	0	0	0	0	0	1	0	11	101	123	21	0	1	2	0	59	201	112	132	0	4	0	0	4	0	73	117	0	4	0	25	153	134	214	89	19	16	0	60	228	187	112	132	131	33	0	0	12	2	0	0	0	0	0	0	0	2	4	3	2	1	
0	2	0	57	28	0	1	0	1	0	23	149	15	0	3	0	3	0	119	68	0	2	0	0	0	10	133	0	32	120	71	0	0	43	126	4	116	83	125	0	0	14	140	121	172	136	32	0	1	0	36	84	65	13	0	1	0	0	1	0	0	1	1	0	
0	0	0	0	0	0	0	0	1	0	30	128	98	73	2	0	1	0	129	201	170	217	85	0	0	0	28	48	43	205	57	0	0	27	215	230	236	119	0	3	0	0	11	21	189	92	0	3	0	79	159	191	134	5	0	1	0	46	62	19	0	0	0	0	
0	1	4	4	4	2	0	0	0	0	0	0	0	0	0	0	0	34	101	110	186	121	0	2	0	71	188	128	148	178	0	3	0	0	3	0	93	104	0	3	0	1	6	0	136	39	0	1	0	1	0	18	153	2	0	0	0	2	0	58	133	0	3	0	
0	0	0	0	0	1	0	0	0	0	6	7	0	5	69	3	3	0	104	72	0	73	139	0	1	0	152	36	0	163	57	0	0	73	216	106	166	174	0	2	0	116	141	75	205	61	0	2	0	1	0	21	92	0	1	0	0	2	4	2	0	1	0	0	
0	0	2	0	0	1	0	0	0	0	0	57	58	1	0	0	3	0	103	209	223	125	0	3	2	0	197	127	214	134	0	4	2	0	139	253	255	61	0	3	0	0	1	35	229	47	0	2	0	1	1	0	217	111	0	4	0	0	2	0	75	50	0	2	
0	0	0	0	3	4	3	0	0	0	0	0	0	0	0	0	0	2	1	0	99	139	79	4	0	3	0	79	142	48	75	9	0	73	28	82	113	0	4	0	0	82	157	160	44	0	4	0	0	0	26	25	0	1	0	0	0	1	0	1	1	0	0	0	
0	0	0	0	0	0	0	0	0	0	2	0	102	26	0	1	0	0	0	0	168	25	0	1	0	1	0	16	158	3	0	0	0	3	0	71	124	0	3	0	0	3	0	138	66	0	2	0	0	3	0	103	59	0	2	0	0	0	0	1	3	0	0	0	
0	0	0	3	0	32	10	0	0	0	3	0	106	183	9	0	4	13	0	90	208	12	0	1	4	0	31	238	164	121	12	0	4	0	139	252	153	248	51	0	4	0	157	255	170	128	0	0	1	0	20	135	86	0	1	0	0	0	0	0	0	2	1	0	
0	2	4	3	4	2	0	0	0	0	0	0	0	0	0	0	0	48	96	87	100	58	0	2	0	110	135	101	150	140	0	4	0	0	2	0	65	92	0	3	0	3	7	0	100	82	0	3	0	0	3	0	100	52	0	2	0	0	3	0	86	54	0	2	
0	0	1	0	0	3	3	0	0	0	4	77	34	0	1	0	3	0	112	201	163	155	90	0	0	41	199	9	0	212	135	0	0	20	28	0	173	149	0	1	1	0	3	183	142	0	3	0	0	0	184	145	0	4	1	0	0	12	102	7	1	1	0	0	
0	0	0	0	0	0	0	0	0	2	0	72	50	0	2	0	0	4	0	110	130	0	4	0	0	3	0	72	164	0	3	0	0	2	0	44	171	0	1	0	0	1	0	34	162	0	1	0	0	1	0	22	161	3	0	0	0	0	0	0	24	5	0	0	
0	0	0	2	2	0	0	0	0	0	2	0	5	66	34	0	0	3	0	23	182	255	121	0	3	0	61	227	100	197	45	0	0	53	168	74	129	128	0	1	16	197	74	117	128	4	0	0	17	61	59	55	0	2	0	0	0	0	0	0	3	1	0	0	
0	0	0	4	40	1	0	0	0	3	0	65	192	58	0	3	0	1	0	117	49	133	0	1	0	0	5	50	12	135	0	0	2	0	91	119	150	99	0	3	0	13	132	70	216	23	0	1	0	0	97	104	74	19	0	1	0	0	0	0	0	0	0	0	
0	0	0	0	1	0	0	0	0	0	0	2	0	138	29	0	0	0	3	0	95	201	0	0	0	2	0	27	220	58	0	2	0	2	0	170	164	0	3	0	2	0	121	238	33	0	2	0	0	6	185	67	0	3	0	0	0	0	0	1	1	0	0	0	
0	0	2	2	1	2	0	0	0	0	0	0	0	0	0	0	1	0	29	99	83	46	0	1	0	0	137	59	81	159	0	2	0	0	69	52	123	79	0	3	0	1	0	14	126	1	0	0	0	2	0	76	72	0	2	0	0	2	0	62	40	0	1	0	
0	0	0	0	0	0	0	0	0	2	0	105	190	96	0	0	0	3	2	29	18	187	68	0	0	0	2	0	75	175	10	0	0	69	106	164	198	20	0	1	0	179	204	143	146	168	124	0	0	1	1	0	0	40	58	0	0	0	2	5	2	0	0	0	
0	0	0	0	0	0	0	0	2	0	74	106	123	31	0	1	3	0	157	162	119	12	0	1	3	0	151	145	99	117	0	2	0	0	8	3	0	135	40	0	1	0	24	27	0	124	53	0	2	0	43	149	122	141	5	0	0	1	0	23	67	12	0	1	
0	0	0	0	0	0	0	0	1	0	60	70	34	45	7	0	1	0	125	186	146	224	60	0	2	0	40	69	87	193	11	0	3	0	80	187	222	89	0	3	15	15	5	28	189	68	0	3	58	98	100	165	102	0	1	0	0	0	0	0	0	1	0	0	
0	0	1	1	0	0	0	0	0	1	0	20	118	136	21	0	2	0	54	183	102	154	139	0	2	0	36	181	91	169	40	0	2	0	42	180	232	54	0	2	3	0	142	73	160	22	0	1	3	0	129	184	58	0	2	0	1	0	23	28	0	1	0	0	
0	0	0	2	0	0	2	0	0	1	0	9	98	12	0	1	0	2	0	148	108	0	88	19	3	0	103	131	0	87	133	0	0	73	209	36	58	192	18	0	0	82	161	125	236	100	0	2	0	1	0	25	64	0	1	0	0	2	4	2	0	3	0	0	
0	1	2	0	0	0	0	0	0	0	2	0	29	73	0	2	0	39	88	0	109	137	0	4	0	65	179	0	146	123	0	1	0	4	146	170	220	151	0	0	0	0	1	0	165	39	0	2	0	1	5	0	134	80	0	2	0	0	1	0	12	24	0	1	
0	0	0	1	3	3	3	1	0	0	0	1	0	0	0	0	0	2	0	9	89	89	92	35	0	0	1	150	93	51	59	33	0	39	21	95	78	0	3	0	0	54	134	138	61	0	4	1	0	0	18	17	0	0	0	0	0	1	0	1	2	0	0	0	
0	0	0	0	0	0	0	0	0	1	0	155	71	0	2	0	0	2	0	205	142	0	4	0	0	4	0	169	173	0	3	0	0	4	0	159	190	0	2	0	0	4	0	143	205	0	1	0	0	3	0	74	177	0	0	0	0	0	0	0	0	0	0	0	
0	0	0	2	0	13	41	0	0	0	2	0	21	189	115	0	0	2	0	31	208	102	0	3	1	0	12	207	113	23	23	0	3	0	140	237	136	226	159	0	0	64	255	215	151	126	38	0	0	30	139	80	44	5	0	0	0	0	0	0	0	2	2	0	
0	0	0	0	1	0	0	0	0	0	1	0	22	64	0	2	0	0	3	0	94	103	0	3	0	0	0	7	154	17	0	1	0	3	0	97	114	0	3	0	0	0	5	159	20	0	1	0	1	0	27	108	0	2	0	0	0	0	2	11	0	0	0	0	
0	0	0	0	0	0	1	1	0	2	0	94	225	162	16	0	1	0	12	238	134	187	197	2	3	0	144	174	50	8	206	28	0	48	204	9	0	124	156	0	0	140	178	20	166	193	11	0	0	76	188	202	130	5	0	1	0	0	0	0	0	2	1	0	
0	0	1	0	0	0	1	0	1	0	16	104	139	75	0	1	0	0	137	52	123	227	28	0	0	63	114	0	23	125	85	0	0	103	58	0	0	81	101	0	0	90	93	0	1	142	42	0	0	7	133	110	132	92	0	2	0	0	8	58	26	0	1	0	
0	0	1	0	0	0	0	0	0	1	0	46	74	29	0	1	2	0	45	243	170	229	57	0	4	0	113	187	40	203	9	0	1	0	30	58	201	95	0	3	0	2	0	173	159	0	3	0	3	0	127	196	0	2	0	0	1	0	100	45	0	2	0	0	
0	2	0	76	33	0	1	0	3	0	80	177	7	0	2	1	0	9	166	18	0	16	3	0	0	69	134	99	142	146	138	28	0	50	195	196	39	0	107	106	2	0	98	193	170	124	130	14	0	1	0	12	45	40	6	0	0	0	2	0	0	0	2	1	
0	0	0	0	1	1	1	0	0	0	0	1	0	0	0	0	0	1	0	3	32	18	30	1	0	2	0	70	158	127	115	0	0	33	14	144	47	0	2	0	0	88	126	137	29	0	3	0	0	0	0	0	0	0	0	0	0	2	2	3	1	0	0	0	
0	0	2	0	43	39	0	1	0	2	0	66	148	55	0	1	2	0	44	175	3	0	0	0	4	0	110	140	115	84	0	2	4	0	93	223	61	155	4	0	2	0	36	207	99	163	0	0	0	2	0	63	165	53	0	2	0	0	0	0	0	0	0	0	
0	0	0	1	0	0	0	0	0	0	3	0	32	85	24	0	0	5	0	105	255	244	193	0	2	0	62	248	106	133	166	0	0	33	238	79	15	220	40	0	0	185	183	71	217	84	0	3	0	95	191	190	51	0	3	0	0	0	0	0	1	3	0	0	
0	0	0	0	0	0	0	0	1	0	48	116	101	15	0	1	1	0	78	59	160	86	0	3	1	0	0	159	176	10	0	1	0	0	7	33	76	142	15	0	0	1	1	0	7	164	27	0	0	23	108	115	165	73	0	2	0	0	48	61	16	0	1	0	
0	0	3	4	4	0	0	0	0	0	0	1	0	79	82	0	1	0	72	152	146	238	243	28	2	0	159	251	252	171	82	17	2	0	85	244	170	0	2	0	0	94	220	145	165	0	6	1	0	120	211	154	43	0	2	0	0	1	15	2	0	0	0	0	
0	0	0	0	0	0	0	0	0	2	0	108	112	0	2	0	1	0	0	216	215	0	0	1	1	0	0	213	161	0	3	0	0	2	0	187	215	2	0	1	0	3	0	155	245	10	0	1	0	3	0	103	162	1	0	1	0	0	0	1	0	0	0	0	
0	0	1	1	0	1	1	0	0	1	0	94	17	128	27	0	2	0	69	189	58	174	0	2	3	0	159	76	105	127	0	4	0	86	227	42	194	176	126	12	0	106	177	195	213	107	72	1	0	3	0	114	110	0	3	0	0	1	4	5	1	5	3	0	
0	0	1	0	32	13	0	0	0	0	0	2	106	9	0	0	0	2	0	46	79	0	2	0	0	3	0	100	77	5	0	1	0	0	6	106	74	77	0	3	1	0	23	108	78	25	0	1	0	0	0	53	36	0	1	0	0	0	0	0	1	1	0	0	
0	0	0	0	1	0	0	0	0	0	2	0	54	121	0	2	0	0	2	0	184	99	0	3	0	2	0	50	216	13	0	1	0	2	0	186	151	0	3	0	3	0	94	237	21	0	1	0	3	0	141	92	0	3	0	0	0	0	0	0	1	0	0	0	
0	1	0	0	0	0	0	0	0	1	2	2	2	0	0	0	0	18	6	0	0	1	2	0	0	118	98	60	97	72	0	3	4	34	15	50	143	118	40	0	0	0	1	0	71	56	11	0	0	1	1	0	9	8	0	0	0	0	0	0	0	0	1	0	
0	1	4	4	3	1	1	0	0	0	0	0	0	1	7	4	0	30	142	116	150	170	218	58	0	27	219	149	83	208	114	0	1	0	10	194	175	61	0	1	3	0	91	231	117	0	6	0	2	0	168	216	80	0	2	0	0	0	27	40	0	0	0	0	
0	0	0	0	4	0	0	0	0	2	0	63	98	0	2	0	0	2	0	122	23	95	18	0	0	3	0	88	163	65	0	1	0	3	0	112	184	0	1	0	0	1	0	124	145	11	0	0	0	2	0	82	123	0	1	0	0	0	0	1	2	0	0	0	
0	0	3	2	0	0	3	2	0	0	0	2	35	27	0	0	2	0	62	185	162	143	130	32	4	0	157	139	0	87	221	61	2	0	46	203	176	132	27	0	0	3	96	239	56	0	3	1	0	33	255	173	0	4	2	0	0	0	46	16	0	0	0	0	
0	0	1	1	0	0	1	0	0	1	0	18	131	87	0	2	1	0	22	192	148	186	34	0	1	0	145	89	0	138	85	0	0	67	113	0	0	177	51	0	0	105	85	0	136	143	0	2	0	32	158	158	146	1	0	0	1	0	27	59	2	1	1	0	
0	0	0	0	0	0	0	0	0	0	3	0	78	54	0	2	0	0	3	0	149	48	0	2	0	1	0	20	169	7	0	1	0	3	0	91	140	0	3	0	0	1	0	179	68	0	2	0	2	0	44	160	1	0	0	0	0	0	0	0	0	0	0	0	
0	0	1	0	3	11	0	0	0	1	0	35	84	50	0	0	2	0	55	96	5	1	0	0	1	0	23	108	17	0	1	0	0	1	0	32	114	0	0	0	0	0	12	25	112	18	0	1	0	0	0	104	93	0	1	0	0	0	0	4	4	0	0	0	
0	0	0	0	0	0	0	0	0	9	126	88	98	127	90	6	0	40	160	145	116	106	225	20	1	0	33	154	182	185	84	0	2	0	137	211	161	200	3	0	0	2	23	0	87	155	0	3	0	106	182	89	215	64	0	3	0	26	49	62	40	0	1	0	
0	0	1	2	0	0	0	0	0	1	0	18	47	51	92	27	1	0	4	184	244	159	139	38	3	0	150	221	2	0	0	0	1	0	35	171	100	0	6	1	0	0	0	13	197	38	0	2	3	0	79	215	161	8	0	1	1	0	18	95	21	0	1	0	
0	0	0	0	1	0	0	0	0	0	1	0	42	108	0	2	0	0	3	0	170	122	0	4	0	3	0	71	229	24	0	2	1	0	0	205	118	0	4	0	3	0	103	224	11	0	1	0	3	0	143	92	0	3	0	0	0	0	0	1	1	0	0	0	
0	0	0	0	0	0	0	0	0	1	0	61	106	147	43	0	1	0	0	211	174	236	65	0	0	3	0	121	241	63	0	2	2	0	55	179	161	82	0	3	1	0	180	44	102	125	0	4	1	0	149	174	175	15	0	1	1	0	10	61	17	0	1	0	
0	0	0	3	0	0	0	0	0	1	3	0	25	73	42	0	0	0	0	122	162	109	212	29	0	6	149	123	34	165	128	0	0	111	212	64	224	180	0	0	0	23	83	188	195	1	1	1	2	0	61	189	21	0	2	0	1	0	60	35	0	2	0	0	
0	1	0	0	0	3	1	0	0	0	3	3	2	0	0	0	14	13	0	2	0	135	44	0	42	154	128	105	145	181	8	0	0	12	50	47	106	105	0	4	1	0	3	0	98	92	0	3	0	1	5	0	113	63	0	2	0	0	2	0	66	32	0	1	
0	0	0	3	1	2	1	0	0	0	2	0	1	0	0	0	0	4	0	111	217	197	69	0	2	0	124	229	63	136	142	0	0	109	181	12	0	101	111	0	21	206	29	6	89	192	27	0	12	69	60	82	109	35	0	1	0	0	0	0	0	1	1	0	
0	1	2	0	0	2	1	0	0	0	4	48	86	10	0	1	0	27	182	137	120	168	29	0	0	154	89	0	76	210	9	0	0	133	120	94	212	160	0	4	0	6	82	56	131	166	0	1	0	1	3	0	183	155	0	3	0	0	4	0	84	37	0	1	
0	0	0	2	1	1	1	0	0	0	2	1	2	0	21	13	0	3	0	51	26	28	129	9	2	0	40	129	21	149	44	0	0	55	211	135	199	93	0	4	0	42	27	159	151	27	0	1	0	0	7	33	0	0	0	0	0	2	1	0	4	2	0	0	
0	0	0	0	1	1	0	0	2	0	84	166	59	0	2	0	1	0	177	121	195	51	0	2	0	0	10	2	186	69	0	3	3	0	116	227	238	61	0	2	0	0	22	0	101	210	0	0	0	0	0	133	202	87	0	2	0	0	0	42	29	0	1	0	
0	0	0	2	1	1	2	0	0	0	2	2	0	74	76	0	0	1	0	166	76	177	30	0	3	0	95	172	105	151	0	3	0	90	232	178	229	198	27	0	0	45	11	132	123	0	3	0	1	0	15	157	20	0	1	0	0	1	5	4	0	1	0	0	
0	0	0	3	15	2	0	0	1	0	17	91	81	52	0	1	3	0	85	128	78	32	0	1	1	0	37	42	46	102	0	0	0	0	1	1	0	109	14	0	0	11	93	0	73	108	0	2	1	0	87	124	107	10	0	1	0	0	1	8	0	1	0	0	
0	0	0	0	0	0	0	0	0	0	2	0	134	148	0	2	0	2	0	41	255	212	1	0	0	3	0	133	247	139	0	4	3	0	69	188	208	66	0	3	0	0	195	215	117	0	2	0	0	33	203	103	2	0	0	0	0	0	0	0	2	0	0	0	
0	0	0	1	0	2	2	0	0	1	0	25	15	109	34	0	0	0	3	129	135	81	0	1	0	1	0	175	96	0	2	0	2	0	36	167	78	0	2	0	2	0	120	22	128	66	0	3	2	0	86	130	102	19	0	1	0	0	3	11	0	0	0	0	
0	0	3	4	4	4	4	0	0	1	0	0	0	0	0	0	1	0	56	112	116	120	116	12	0	36	242	224	147	206	181	0	0	125	175	0	26	183	22	0	0	6	6	0	187	108	0	4	0	2	0	133	192	0	2	0	0	0	0	143	38	0	1	0	
0	0	1	3	3	2	0	0	0	0	0	0	0	0	13	14	1	0	26	171	173	167	142	31	3	0	87	148	140	79	1	0	2	0	165	147	142	162	0	4	0	34	229	169	162	104	0	3	0	9	17	86	83	0	0	0	0	0	0	0	0	2	0	0	
0	0	0	9	47	5	0	0	0	2	0	21	219	59	0	3	0	1	4	0	118	157	0	4	0	3	21	0	158	115	0	4	0	162	208	239	244	206	139	0	0	134	209	165	38	48	84	0	0	1	12	1	0	0	0	0	0	2	0	3	2	2	3	0	
0	0	0	0	3	3	3	1	0	0	2	0	0	0	0	0	0	0	0	12	86	89	88	54	1	0	88	66	29	49	32	10	1	0	125	70	0	0	0	0	1	0	54	154	9	0	2	0	0	5	91	30	0	1	0	0	0	0	0	0	0	0	0	0	
0	0	3	1	0	0	2	0	0	1	0	5	30	14	0	0	2	0	89	189	175	222	125	0	0	45	228	72	96	255	124	0	0	76	221	142	248	122	0	1	0	3	0	129	166	0	3	0	2	0	52	242	57	0	3	0	3	0	129	118	0	3	0	0	
0	0	1	0	0	0	0	0	3	0	103	204	77	0	2	0	3	0	170	118	8	0	2	0	0	5	197	170	153	50	0	2	0	1	10	0	52	175	34	0	1	0	23	92	0	156	113	0	1	0	7	107	174	152	10	0	0	0	0	0	1	0	0	0	
0	0	0	1	0	0	0	0	0	0	0	0	11	40	45	7	3	0	95	217	194	243	250	38	1	1	4	169	211	238	128	0	1	0	12	170	254	65	0	2	0	72	219	226	195	0	4	1	0	112	247	174	66	0	2	0	0	5	42	13	0	1	0	0	
0	0	2	0	0	0	0	0	0	1	0	62	140	197	34	0	3	0	98	252	154	96	142	0	0	32	238	76	0	78	165	0	0	104	144	0	9	215	94	0	0	79	131	70	215	186	0	0	0	0	146	194	134	9	0	1	0	0	0	0	0	1	1	0	
0	3	3	1	0	0	0	0	0	0	0	5	28	21	2	0	17	151	170	205	178	224	89	0	6	68	82	57	4	210	63	0	0	0	3	0	104	180	0	2	0	4	0	79	241	55	0	2	2	0	125	235	64	0	2	0	0	12	154	33	0	2	0	0	
0	0	0	1	1	0	0	0	0	2	0	52	69	35	0	2	0	0	0	159	117	103	0	4	3	0	82	123	106	81	0	3	4	0	115	119	190	72	0	3	1	0	20	187	204	12	0	1	0	3	0	100	99	0	3	0	0	0	0	29	12	0	0	0	
0	1	0	18	17	0	1	0	0	2	0	51	175	11	0	1	0	1	4	0	141	73	0	4	1	0	41	54	159	109	0	4	0	62	211	168	237	169	153	57	0	49	190	161	66	0	59	33	0	0	17	13	0	1	0	0	0	1	0	1	2	0	2	1	
0	0	0	0	0	0	0	0	2	0	38	203	205	134	8	0	1	0	20	84	99	255	88	0	0	1	1	0	161	194	8	0	1	0	28	200	177	29	20	0	0	46	248	248	177	228	110	0	0	42	193	144	86	24	1	0	0	0	0	0	0	0	1	0	
0	0	1	0	0	0	0	0	0	0	2	65	1	45	71	0	3	0	65	191	0	184	78	0	0	0	199	61	42	174	0	1	0	4	169	176	206	187	0	1	0	2	0	77	253	111	0	0	1	0	7	192	106	0	2	0	1	0	14	43	0	3	0	0	
0	0	0	0	0	2	0	0	0	5	16	12	12	2	0	0	0	54	162	141	158	120	0	1	0	1	3	0	17	148	0	0	0	0	3	0	92	82	0	3	0	1	0	28	174	15	0	1	0	3	0	126	79	0	3	0	0	0	2	93	7	0	0	0	
0	0	2	2	0	0	0	0	0	0	0	3	77	62	1	0	2	0	67	214	182	202	116	0	2	0	96	85	2	197	58	0	0	1	0	6	184	95	0	3	1	0	2	184	105	0	3	0	0	0	188	143	0	4	0	0	0	8	107	19	0	1	0	0	
0	0	3	0	0	0	0	0	0	0	2	0	68	28	0	1	0	10	81	0	150	83	0	3	0	26	173	0	163	80	0	3	0	3	160	145	219	70	0	3	0	0	11	0	143	91	0	3	0	0	5	0	117	108	0	4	0	0	1	0	16	13	0	0	
0	0	0	0	0	0	0	0	0	1	0	90	150	118	33	0	0	1	0	192	239	225	199	0	0	5	0	114	75	119	172	0	1	0	28	151	223	120	12	0	0	142	196	231	160	0	4	0	0	131	190	153	26	0	2	0	0	0	29	10	0	0	0	0	
0	0	0	1	0	0	0	0	0	1	0	31	145	165	70	0	0	2	0	168	137	119	176	6	2	0	50	203	3	0	3	1	4	0	97	252	110	0	3	0	0	9	56	79	218	0	0	0	1	0	127	223	151	0	2	0	0	0	6	55	14	0	1	0	
0	0	2	2	0	0	0	0	0	2	0	10	82	73	9	0	1	0	32	160	79	147	139	0	0	21	174	73	75	218	73	0	0	131	164	99	182	142	0	3	0	66	83	51	157	11	0	1	1	0	24	185	58	0	2	0	1	0	76	67	0	3	0	0	
0	0	0	0	1	1	0	0	2	0	90	102	1	0	0	0	2	0	187	205	165	6	0	0	0	0	188	75	116	32	0	1	3	0	91	219	165	163	16	0	0	0	3	9	0	194	82	0	0	2	0	52	165	201	17	0	0	0	0	15	57	24	0	1	
0	0	0	0	0	0	0	0	1	0	10	119	128	87	12	0	1	0	14	107	82	175	163	0	3	0	89	211	195	205	53	0	0	3	43	48	5	159	50	0	0	128	53	0	40	193	17	0	0	156	129	138	185	62	0	2	0	10	48	44	9	0	1	0	
0	0	0	0	0	0	0	0	0	1	42	73	112	114	10	0	2	0	85	124	52	43	4	0	0	0	155	79	24	24	2	0	0	7	124	112	75	93	112	0	0	0	1	0	4	122	93	0	2	0	107	133	107	66	0	0	1	0	34	53	3	0	2	0	
0	0	0	0	1	0	0	0	0	0	0	0	9	152	18	0	0	0	3	0	98	175	0	2	0	1	0	10	216	81	0	3	0	3	0	116	214	0	0	1	2	0	69	247	93	0	3	0	2	0	150	127	0	2	0	0	0	0	0	0	2	0	0	0	
0	0	0	0	0	1	0	0	0	4	83	6	10	7	0	0	0	29	207	0	92	114	0	3	0	82	160	0	28	162	0	0	0	89	201	83	109	202	53	0	0	4	77	94	154	204	47	4	0	0	3	0	78	127	0	4	0	0	4	1	16	16	0	1	
0	0	1	2	0	2	0	0	0	2	0	11	11	7	56	7	1	0	15	165	31	117	109	0	0	25	174	57	75	126	0	2	0	123	207	72	212	117	23	0	1	0	76	237	113	98	21	0	1	0	14	40	0	1	0	0	0	1	1	0	4	4	1	0	
0	0	2	0	0	2	0	0	0	1	0	38	60	0	0	0	2	0	90	175	148	105	0	2	0	0	196	39	71	159	0	3	2	0	87	140	212	99	0	4	0	0	4	0	130	100	0	4	0	0	6	0	154	103	0	4	0	0	2	0	53	41	0	1	
0	0	0	0	7	88	6	0	0	0	5	0	115	187	0	2	0	3	0	61	206	24	0	1	2	0	42	238	171	182	162	0	0	18	219	250	143	188	141	0	0	133	255	215	163	102	4	0	1	24	36	49	18	0	1	0	0	0	0	0	0	3	1	0	
0	0	0	1	3	32	0	0	0	0	0	0	137	132	0	2	0	3	0	117	151	0	1	0	1	0	11	178	22	0	1	0	2	0	57	207	157	92	0	2	2	0	49	145	36	192	6	0	0	0	4	95	109	69	0	2	0	0	0	0	0	0	0	0	
0	0	0	0	11	3	0	0	0	2	0	151	192	181	57	0	1	4	0	99	53	110	136	0	0	0	0	3	0	174	107	0	6	109	135	128	124	236	46	0	38	217	195	255	201	156	43	0	0	41	71	34	0	1	2	0	0	0	0	0	2	3	0	0	
0	0	0	0	0	0	0	0	0	23	125	171	112	0	1	0	0	41	111	77	176	1	0	0	0	2	0	68	149	0	6	2	0	3	0	154	55	0	2	0	1	0	18	200	99	88	124	54	1	0	6	99	155	135	113	28	0	0	0	0	0	0	0	0	
0	0	0	0	0	1	0	0	2	0	55	168	78	0	1	0	3	0	161	171	195	81	0	3	0	0	5	0	110	155	0	4	0	1	0	32	207	91	0	3	0	89	218	206	229	150	72	5	0	19	46	11	13	107	131	17	0	0	0	0	0	0	0	0	
0	3	0	0	1	3	0	0	0	0	3	5	7	0	0	0	0	126	136	96	142	134	9	0	0	142	155	27	144	159	0	1	2	0	120	234	183	20	0	1	3	0	126	89	25	134	59	0	0	0	9	23	8	101	149	0	0	0	1	0	15	44	12	0	
0	0	2	0	0	0	0	0	0	0	0	14	14	0	1	0	2	0	103	248	170	213	90	0	0	0	155	87	54	212	17	0	0	1	0	4	204	85	0	3	0	3	0	159	156	0	4	0	2	0	54	209	9	0	1	0	3	0	103	102	0	3	0	0	
0	0	1	1	0	0	0	0	0	2	0	69	207	148	25	0	2	0	29	243	89	66	67	0	4	0	108	255	40	0	2	0	4	0	147	210	169	51	0	2	4	0	129	128	47	193	2	0	1	0	6	133	180	158	6	0	0	0	1	0	1	1	0	0	
0	0	1	3	2	0	1	2	0	1	1	0	0	10	4	0	1	0	12	102	151	121	178	49	0	35	184	82	74	151	151	19	0	11	134	132	120	56	0	0	2	0	104	200	96	0	6	1	0	12	167	156	61	0	2	0	0	0	13	17	0	0	0	0	
0	1	0	26	100	21	0	1	2	0	25	223	185	33	0	2	4	0	131	166	0	5	2	0	2	0	195	87	0	3	0	0	3	0	155	175	149	169	57	0	3	0	54	247	252	255	196	0	0	1	0	42	72	72	47	0	0	0	1	0	0	0	0	0	
0	0	0	1	2	62	5	0	0	0	2	0	41	174	0	0	0	1	0	24	190	68	0	2	1	0	0	183	104	5	13	0	3	0	118	232	132	239	52	0	2	0	189	207	140	93	0	1	0	0	10	73	40	0	1	0	0	0	0	0	0	2	0	0	
0	1	0	0	0	3	2	0	1	0	68	94	0	1	1	1	0	49	203	193	237	169	28	0	0	138	106	35	107	94	156	2	0	156	104	0	6	0	146	56	0	60	213	37	2	63	151	0	2	0	96	209	174	153	41	0	0	2	0	16	21	0	2	1	
0	0	1	1	0	1	0	0	0	2	0	52	42	1	44	0	1	0	17	166	11	88	102	0	3	0	105	84	0	152	11	0	0	57	232	95	164	203	115	18	0	86	117	112	183	25	43	8	0	0	0	2	3	0	0	0	0	2	5	2	1	2	1	0	
0	0	1	2	0	0	0	0	0	0	1	0	61	31	0	1	0	0	4	110	113	142	0	1	2	0	119	81	89	162	0	1	0	5	168	125	131	94	0	4	0	0	16	9	147	40	0	2	0	1	0	39	165	0	1	0	0	1	0	24	46	0	1	0	
0	0	1	3	0	0	0	0	0	2	2	0	47	81	11	0	1	0	26	145	130	142	134	0	0	35	165	69	0	146	139	0	0	147	170	89	234	171	4	0	0	32	44	160	155	0	2	0	2	0	75	173	0	2	1	0	0	0	103	42	0	2	0	0	
0	0	0	0	0	0	0	0	0	0	12	45	97	133	21	0	1	0	195	249	182	165	62	0	0	0	198	221	65	0	1	0	0	1	0	43	167	135	0	2	1	0	30	18	109	215	0	0	3	0	58	230	234	67	0	2	0	1	0	23	21	0	1	0	
0	1	0	14	86	18	0	1	0	3	0	72	202	162	17	0	0	2	4	6	0	107	122	0	0	0	0	2	0	149	73	0	0	33	115	146	194	145	0	2	14	217	248	188	167	163	36	0	6	47	26	2	0	49	37	0	0	0	0	2	4	0	0	0	
0	2	4	4	3	3	0	0	0	0	0	0	0	0	0	0	0	67	156	154	148	102	0	1	0	126	247	230	192	205	40	0	0	0	7	0	145	197	4	0	0	1	3	0	68	143	0	3	0	0	2	0	23	172	3	0	0	0	0	0	0	134	22	0	
0	1	4	1	0	0	2	0	0	1	0	8	47	43	2	0	0	12	126	170	133	150	139	0	0	181	115	64	30	133	186	0	0	148	159	159	230	212	20	0	0	4	32	65	192	22	0	1	1	0	2	195	77	0	4	0	0	0	14	37	0	1	0	0	
0	0	0	0	0	2	0	0	0	38	147	157	61	0	2	0	0	49	130	108	212	108	0	3	0	0	1	0	9	146	20	0	0	4	100	154	97	179	116	13	0	11	222	238	255	204	75	0	1	0	42	116	72	7	0	0	0	0	0	0	0	2	3	0	
0	0	0	0	0	0	0	0	1	0	34	108	79	26	0	0	1	0	23	68	81	214	101	0	1	0	21	124	151	150	17	0	0	32	13	15	133	98	0	4	23	185	58	20	158	62	0	2	0	46	88	93	72	0	1	0	0	0	0	0	1	1	0	0	
0	0	1	0	0	0	0	0	0	0	5	37	72	23	0	1	1	0	33	161	152	48	0	2	3	0	113	101	116	32	0	1	0	42	237	176	221	204	36	0	0	35	90	73	205	55	3	0	0	0	0	3	180	33	0	1	0	1	4	1	18	4	0	0	
0	0	0	0	1	2	3	1	0	0	1	1	0	0	0	0	0	1	0	12	37	53	80	28	1	0	27	128	47	78	104	46	0	14	48	127	33	0	1	0	0	62	77	78	100	0	7	2	0	0	21	21	1	0	0	0	0	0	0	0	0	0	0	0	
0	2	3	0	0	0	0	0	0	0	0	8	22	31	8	0	0	39	129	118	85	86	18	0	0	29	114	10	31	48	29	0	0	10	131	99	82	41	103	39	0	28	92	0	0	36	83	12	0	1	0	18	112	95	5	0	0	0	0	14	37	0	2	1	
0	0	1	9	1	0	0	0	2	0	60	139	139	131	8	0	1	0	17	18	96	204	9	0	0	7	175	196	200	132	0	4	0	0	59	25	14	176	6	0	0	35	173	4	138	172	0	3	0	8	142	178	154	23	0	1	0	0	2	6	0	0	0	0	
0	0	0	0	0	0	0	0	0	1	0	71	41	35	1	0	0	2	0	174	234	153	0	0	2	0	34	241	191	14	0	1	1	0	30	85	146	80	0	3	0	3	27	15	166	32	0	1	0	7	160	177	70	0	2	0	1	0	30	20	0	2	0	0	
0	0	2	0	35	49	0	2	0	1	0	12	153	49	0	2	0	1	0	158	91	0	3	0	3	0	83	124	11	93	7	0	4	0	136	138	141	164	42	0	3	0	83	248	117	118	19	0	0	0	0	30	75	20	0	1	0	0	2	0	0	1	1	0	
0	0	0	0	0	1	1	0	1	0	67	177	94	8	0	1	0	0	188	176	138	188	1	0	3	0	127	60	0	172	93	0	1	0	157	32	0	75	157	0	1	0	177	65	0	150	92	0	2	0	60	172	161	101	0	1	0	0	0	5	8	0	1	0	
0	0	1	0	54	9	0	0	0	1	0	26	161	4	1	0	0	3	0	130	92	0	3	0	1	0	31	188	85	120	30	0	4	0	128	219	88	208	70	0	2	0	192	158	121	102	0	1	1	0	17	84	59	0	1	0	0	0	0	0	0	2	0	0	
0	0	1	1	0	1	2	0	0	2	0	152	165	19	0	2	2	0	52	230	101	169	44	0	1	0	193	130	0	57	176	10	0	27	229	37	0	1	182	45	0	17	217	64	3	154	153	0	3	0	80	188	179	115	4	0	0	0	0	3	4	0	1	0	
0	0	0	1	0	0	0	0	0	0	1	0	54	152	84	0	0	4	0	110	255	160	182	17	0	1	0	201	125	37	158	0	1	0	168	153	0	161	91	0	0	114	182	0	144	126	0	2	0	142	195	187	114	0	2	0	0	11	63	35	0	3	0	0	
0	0	0	0	0	0	0	0	0	3	0	92	73	0	3	0	0	3	0	103	88	0	3	0	0	3	0	81	87	0	3	0	0	2	0	63	125	0	3	0	0	2	0	59	154	0	3	0	0	1	0	30	131	0	0	0	0	0	0	0	0	0	0	0	
0	0	0	5	4	0	0	0	3	0	84	185	167	70	0	2	2	0	62	138	46	187	21	0	0	0	0	2	0	165	49	0	1	0	44	99	119	199	4	0	0	63	198	178	235	185	124	0	0	49	179	134	39	3	46	0	0	0	3	1	1	2	0	0	
0	0	0	0	0	0	0	0	0	0	0	0	100	10	0	0	0	0	0	9	149	9	0	0	0	2	0	56	141	0	3	0	0	3	0	108	82	0	3	0	0	1	0	139	28	0	1	0	0	0	12	120	1	0	0	0	0	0	0	1	0	0	0	0	
0	0	0	0	2	0	0	0	1	0	26	48	1	0	0	0	0	38	200	156	138	1	1	0	0	19	38	0	140	45	0	2	2	0	53	118	212	116	24	0	2	0	180	230	118	92	161	44	0	0	27	26	0	0	3	5	0	0	0	0	3	4	1	0	
0	0	1	0	0	1	0	0	0	0	7	44	0	4	7	0	3	0	117	140	0	131	62	0	1	0	178	31	26	183	6	0	1	0	153	159	209	140	0	4	1	0	15	42	137	99	0	4	0	0	5	0	137	83	0	3	0	0	2	0	43	43	0	2	
0	0	3	4	1	1	1	0	0	1	0	0	0	0	0	0	1	0	81	103	32	8	12	1	0	73	193	114	131	186	138	0	0	144	51	0	11	177	32	0	0	3	5	0	100	133	0	4	0	1	0	10	183	33	0	1	0	1	0	16	46	0	0	0	
0	0	0	0	0	0	0	0	1	0	57	127	145	170	5	0	1	0	109	101	199	143	0	2	3	0	72	223	213	40	0	1	3	49	29	58	30	125	99	0	0	171	122	9	38	151	152	0	0	15	118	174	178	119	4	0	0	0	0	1	0	0	1	0	
0	1	1	0	0	1	0	0	2	0	55	23	0	23	68	0	0	14	185	28	0	117	96	0	0	118	109	0	21	152	4	0	0	185	162	117	184	211	93	0	0	21	60	74	198	73	46	0	0	1	0	15	68	0	1	0	0	1	3	2	0	3	2	0	
2	4	1	0	0	1	1	0	0	0	1	12	32	18	0	1	48	144	153	164	161	186	54	0	23	58	27	6	0	187	65	0	0	0	3	0	136	152	0	3	1	4	0	49	170	2	0	0	0	2	0	165	107	34	1	0	0	0	0	143	100	7	0	1	
0	0	0	3	1	0	0	0	0	1	3	0	20	124	84	0	1	1	1	104	141	145	175	0	0	3	142	118	85	196	70	0	0	151	197	87	235	143	0	3	0	75	81	109	168	3	0	1	1	0	29	169	36	0	2	0	1	0	30	31	0	2	0	0	
0	0	1	2	0	0	0	0	0	0	0	8	21	0	0	0	1	0	8	141	110	0	0	0	3	0	139	103	75	133	0	2	2	0	157	104	144	102	0	3	0	0	8	3	129	23	0	1	0	1	0	41	108	0	2	0	0	1	0	38	36	0	1	0	
0	0	0	0	0	1	2	0	0	0	1	2	0	0	0	0	0	1	0	2	14	27	49	10	2	0	39	110	85	93	107	16	0	18	46	142	20	0	1	0	0	65	125	109	22	0	4	1	0	0	0	0	0	0	0	0	0	2	1	2	1	0	0	0	
0	0	1	0	19	20	0	0	0	2	0	35	234	157	0	0	0	2	0	181	186	0	2	0	3	0	51	255	116	1	0	1	4	0	122	255	254	216	14	0	3	0	69	255	255	182	5	0	0	0	1	98	128	16	0	1	0	0	1	0	0	2	1	0	
0	0	0	0	1	0	0	0	0	0	1	0	22	118	0	1	0	0	8	0	126	126	0	4	0	1	0	37	212	32	0	2	0	2	0	182	130	0	4	0	3	0	105	209	2	0	0	0	3	0	146	72	0	2	0	0	0	0	0	1	1	0	0	0	
0	0	1	1	0	0	0	0	0	1	0	40	86	82	14	0	1	0	19	144	105	80	21	0	0	2	148	105	35	12	0	0	0	76	192	128	135	122	4	0	0	4	1	2	0	83	23	0	0	0	0	9	54	97	0	0	0	1	0	8	92	36	0	1	
0	0	0	0	0	0	0	0	0	0	3	108	144	103	0	0	1	0	24	176	77	165	29	0	0	0	1	0	34	153	0	1	0	53	108	87	176	71	0	3	83	133	98	223	185	145	36	0	12	4	2	13	0	39	17	0	0	3	2	0	2	0	0	0	
0	0	0	1	0	0	0	0	0	1	0	26	53	13	0	1	0	0	2	147	182	36	0	2	2	0	51	139	154	21	0	1	2	0	31	187	182	0	0	0	0	2	0	82	190	0	1	0	0	1	0	32	147	0	2	0	0	0	0	10	50	0	1	0	
0	0	0	0	17	54	0	1	0	0	3	0	131	82	0	3	0	3	0	90	157	0	2	0	1	0	22	182	26	15	5	0	4	0	112	172	124	201	33	0	4	0	124	255	150	149	13	0	1	0	20	52	57	13	0	1	0	0	0	0	0	1	1	0	
0	0	0	0	1	0	0	0	0	0	2	0	45	37	0	1	0	0	3	0	135	46	0	2	0	0	0	12	136	2	0	0	0	2	0	56	100	0	3	0	0	3	0	83	57	0	2	0	0	1	0	109	19	0	1	0	0	0	1	11	0	0	0	0	
0	0	0	0	1	0	0	0	0	0	2	0	53	111	0	3	0	0	3	0	156	97	0	3	0	2	0	38	218	21	0	1	0	3	0	145	137	0	3	0	2	0	35	213	25	0	1	0	3	0	120	121	0	3	0	0	0	0	6	1	1	0	0	0	
0	0	0	0	0	0	0	0	0	0	0	0	63	4	0	0	0	0	0	7	158	8	0	0	0	1	0	36	136	0	2	0	0	2	0	65	133	0	4	0	0	3	0	74	110	0	3	0	0	3	0	71	89	0	3	0	0	0	0	7	19	0	0	0	
0	0	3	2	0	0	0	0	0	0	0	0	10	69	120	7	1	0	87	169	135	224	208	2	1	0	192	86	95	206	49	0	3	0	88	242	159	23	0	2	0	7	146	188	79	0	5	0	0	5	167	201	63	0	2	0	1	0	33	36	0	1	0	0	
0	0	0	1	2	1	0	0	0	1	0	28	165	81	0	3	0	2	0	152	99	113	0	2	2	0	44	184	26	132	0	2	2	0	54	123	47	133	0	3	2	0	49	116	127	61	0	2	1	0	8	163	124	0	2	0	0	0	0	3	2	1	0	0	
0	0	0	0	0	0	0	0	2	0	51	143	158	62	15	0	2	0	69	118	103	233	152	0	0	1	7	77	165	175	16	0	2	0	40	169	166	163	0	0	0	37	35	0	36	186	3	0	0	154	163	112	217	101	0	3	0	21	58	66	39	0	1	0	
0	2	2	1	1	1	0	0	0	0	0	0	0	0	1	0	0	48	42	24	31	26	6	0	0	146	207	178	198	159	140	5	0	0	1	10	0	48	87	0	0	1	1	0	31	123	2	0	0	0	2	0	114	54	0	2	0	1	0	23	116	0	2	0	
0	0	0	2	4	3	3	1	0	0	0	0	0	0	0	0	0	2	0	40	118	91	110	47	1	0	15	152	60	34	35	15	0	34	22	100	42	0	1	0	0	36	126	162	87	0	4	1	1	0	14	37	0	0	0	0	0	1	1	0	0	0	0	0	
0	0	2	0	1	3	0	0	0	0	0	26	10	0	0	0	1	0	102	152	177	159	41	0	0	76	204	112	183	203	1	0	0	22	77	16	92	119	0	4	0	0	3	0	151	75	0	3	0	1	6	0	160	83	0	3	0	0	2	0	83	72	0	3	
0	0	0	2	1	0	0	0	0	0	3	0	19	142	102	0	0	4	0	65	187	117	172	3	3	0	90	208	29	16	155	0	0	73	201	30	0	123	117	0	0	195	126	44	136	172	7	0	0	69	130	107	83	9	0	1	0	0	0	0	0	2	1	0	
0	0	1	41	56	3	0	0	0	5	103	88	146	138	0	2	0	4	10	0	0	162	42	0	0	18	100	77	0	136	52	0	5	102	35	119	167	118	0	2	0	145	64	47	174	183	22	0	0	40	121	69	0	77	51	0	0	1	0	0	2	1	0	0	
0	0	0	1	0	0	0	0	0	1	0	12	100	132	14	0	0	0	0	113	183	255	100	0	0	0	8	178	110	92	116	0	3	0	102	174	0	153	67	0	0	52	199	17	91	152	0	1	0	117	192	119	121	13	0	1	0	14	58	23	0	2	0	0	
0	0	2	0	15	64	0	1	0	1	0	3	201	153	0	3	2	0	25	207	136	0	1	0	0	0	180	132	94	118	6	0	0	38	205	98	242	241	30	0	0	5	183	246	226	171	3	0	0	0	1	41	51	9	0	0	0	1	1	0	0	2	1	0	
0	0	0	3	0	23	16	0	0	0	3	0	47	189	37	0	0	3	0	71	195	40	0	2	2	0	49	193	63	36	3	0	1	0	190	205	113	172	103	0	0	12	217	92	8	123	72	0	1	0	44	117	124	61	0	1	0	0	0	0	0	0	1	0	
0	0	2	1	0	0	1	1	0	1	0	22	7	15	7	0	2	0	41	195	141	102	122	20	0	0	142	130	28	0	85	99	0	54	104	0	0	39	118	14	0	82	134	41	114	127	21	0	0	5	99	115	59	1	1	1	0	0	0	0	0	2	1	0	
0	0	0	0	0	0	0	0	0	0	1	0	47	134	0	1	0	0	4	0	98	163	0	3	0	2	0	44	210	41	0	2	1	0	0	189	70	0	2	0	3	0	120	149	0	5	0	0	0	4	160	37	0	1	0	0	0	0	1	1	0	0	0	0	
0	0	12	18	0	1	0	0	1	0	130	38	0	3	1	0	2	0	138	130	74	11	0	1	0	0	5	60	104	148	23	0	0	0	51	17	0	75	130	0	0	4	170	48	25	153	93	0	1	0	55	116	106	75	0	0	0	0	0	0	0	0	1	0	
0	0	2	0	56	36	0	1	0	2	0	54	192	16	0	1	0	1	0	187	69	0	2	0	2	0	64	149	0	22	10	0	4	0	151	164	103	241	70	0	4	0	160	255	186	176	9	0	1	0	28	62	77	19	0	1	0	0	0	0	0	2	1	0	
0	0	0	0	0	0	0	0	0	1	0	47	40	0	1	0	3	0	64	198	151	0	2	0	0	0	5	31	124	0	1	0	0	2	0	49	130	0	3	0	0	3	0	75	139	0	4	0	0	3	0	108	136	0	4	0	0	2	0	49	44	0	1	0	
0	0	2	2	0	1	2	0	0	2	0	4	29	13	0	0	2	0	51	175	128	146	46	0	0	63	172	49	48	249	155	0	0	181	146	99	171	216	23	0	0	51	95	58	180	47	0	2	0	2	0	170	103	0	4	0	0	1	8	40	2	1	0	0	
0	0	0	0	2	2	0	0	0	2	0	52	136	72	8	0	0	3	0	137	107	173	31	0	0	2	0	114	201	43	0	2	2	0	88	93	156	23	0	1	3	0	124	23	123	89	0	3	2	0	40	158	145	21	0	1	0	0	0	3	2	0	0	0	
0	0	2	0	59	57	0	2	0	0	2	0	145	45	0	2	0	3	0	97	116	0	3	0	1	0	26	155	50	172	65	0	1	0	175	189	145	203	54	0	0	2	206	204	129	43	0	1	0	0	7	8	1	0	1	0	0	0	0	0	2	2	0	0	
0	0	2	1	1	2	0	0	0	0	0	9	17	0	0	0	2	0	35	155	176	101	0	2	1	0	157	56	166	96	0	3	1	0	128	132	197	31	0	2	0	0	13	6	148	40	0	2	0	0	3	0	149	55	0	2	0	0	2	0	51	50	0	2	
0	0	1	3	0	1	3	0	0	1	2	0	42	33	0	1	1	0	5	112	188	178	75	0	0	24	186	106	0	191	137	0	0	158	92	0	168	118	0	2	1	11	0	163	127	0	3	0	3	0	99	166	0	3	0	0	1	0	57	29	0	1	0	0	
0	1	0	0	0	1	2	0	0	0	44	50	131	41	0	2	0	63	255	230	196	225	43	0	0	117	206	34	0	159	191	0	0	127	133	0	0	90	210	0	0	82	225	12	0	154	170	0	1	0	122	179	139	179	43	0	0	0	0	41	54	1	0	0	
0	0	0	0	1	1	3	0	0	0	0	3	0	91	81	0	0	0	3	0	47	193	11	0	0	2	0	3	212	89	0	3	1	0	0	177	155	0	3	0	0	4	182	161	0	2	0	0	0	84	139	0	3	1	0	0	0	0	0	2	1	0	0	0	
0	0	1	1	0	0	0	0	0	2	0	94	116	106	20	0	2	0	36	170	70	36	8	0	4	0	115	163	106	89	0	2	0	0	8	8	0	142	21	0	0	6	54	0	9	159	15	0	1	0	106	127	158	95	0	3	0	0	5	58	43	0	1	0	
0	0	0	0	2	17	1	0	0	0	0	0	9	144	7	0	0	0	3	0	101	136	0	3	0	1	0	10	198	43	0	2	0	2	0	153	175	0	3	0	2	0	147	228	26	0	1	0	0	5	131	35	0	2	0	0	0	0	0	1	2	0	0	0	
0	0	1	0	1	0	0	0	0	0	0	3	1	56	6	0	3	0	83	78	55	168	0	2	4	0	101	117	198	103	0	4	1	0	8	163	221	33	0	2	0	2	0	159	85	0	3	0	1	0	20	155	3	1	0	0	0	0	2	13	0	0	0	0	
0	0	0	2	0	0	1	0	0	0	0	0	11	17	0	0	0	0	0	121	128	167	150	0	0	0	8	26	18	173	68	0	0	3	0	34	180	65	0	2	2	0	80	191	53	0	4	0	0	85	169	17	0	3	0	0	0	38	12	0	3	0	0	0	
0	0	0	0	0	0	0	0	0	2	104	154	124	132	19	0	0	24	166	60	134	222	24	0	0	0	12	155	250	63	0	2	1	0	11	68	110	196	4	0	0	11	10	0	76	229	4	0	0	35	171	177	235	81	0	3	0	0	39	65	34	0	1	0	
0	0	0	0	0	1	0	0	0	0	3	0	129	83	0	3	0	1	0	12	225	55	0	2	0	3	0	91	207	0	0	1	0	4	0	156	144	0	4	0	1	0	19	226	49	0	2	0	3	0	74	183	0	0	5	4	0	0	3	1	0	0	1	1	
0	0	0	4	1	0	0	0	1	0	16	158	137	0	1	0	0	1	0	119	149	0	3	0	0	3	0	93	117	0	2	0	0	0	4	0	121	66	0	2	0	11	48	0	171	79	0	3	0	5	105	158	150	0	0	0	0	0	2	10	0	0	0	0	
0	1	1	2	9	0	0	0	1	0	14	155	209	31	0	2	0	6	193	108	187	109	0	4	0	29	85	0	179	109	0	4	0	0	1	21	197	53	0	2	0	110	182	240	194	198	153	0	0	60	49	85	0	49	101	0	0	0	0	0	1	0	0	0	
0	0	0	0	0	17	3	0	15	37	0	0	7	126	5	0	47	90	0	4	14	141	1	0	39	105	0	4	0	131	33	0	0	111	147	100	130	188	73	0	0	10	105	122	41	58	120	0	0	1	0	0	0	12	55	0	0	0	4	4	2	0	0	0	
0	0	0	1	0	20	14	0	0	0	1	1	0	147	34	0	0	0	9	3	40	137	0	3	3	0	102	29	101	66	0	2	0	19	191	114	209	91	0	1	0	11	38	160	97	9	1	0	0	0	0	82	10	0	0	0	0	0	2	0	1	1	0	0	
0	0	0	0	1	0	0	0	0	0	7	47	2	0	0	0	1	0	14	225	50	0	2	0	0	3	0	180	162	0	3	0	0	4	0	108	207	0	1	0	0	1	0	32	166	0	0	0	0	0	0	4	126	9	0	0	0	0	1	0	21	5	0	0	
0	0	0	2	1	0	0	0	0	0	1	0	0	12	30	16	0	0	4	119	126	144	138	29	3	0	96	201	70	3	0	0	2	0	52	83	154	104	0	5	0	31	94	6	128	95	0	3	0	19	132	153	79	0	1	0	0	0	0	0	0	1	0	0	
0	0	0	0	0	2	0	0	0	2	99	161	96	4	0	0	0	34	162	80	179	157	0	1	0	0	6	58	82	212	12	0	2	0	161	181	238	229	14	0	3	0	167	210	134	179	90	0	1	0	21	65	0	88	95	0	0	0	0	0	1	8	15	0	
0	1	0	18	72	0	1	0	0	3	0	125	134	0	3	0	1	0	10	166	13	0	1	0	3	0	66	196	100	61	0	1	4	0	167	204	72	222	53	0	3	0	158	192	97	152	23	0	1	0	12	75	65	7	0	0	0	0	1	0	0	2	1	0	
0	0	0	5	2	2	1	0	1	0	30	169	124	6	0	1	4	0	131	86	108	148	0	0	2	0	160	46	0	137	87	0	0	0	156	26	0	100	98	0	3	0	154	51	1	173	32	0	2	0	51	133	132	58	0	2	0	0	0	9	8	0	1	0	
0	0	0	0	0	0	0	0	0	10	12	1	3	0	0	0	0	77	204	189	199	171	0	0	0	1	28	20	151	168	0	3	0	1	0	5	206	53	0	2	0	3	0	106	169	0	3	0	1	0	0	207	60	0	2	0	1	0	32	137	0	0	0	0	
0	1	0	18	13	0	0	0	1	0	0	140	71	0	3	0	0	1	0	45	63	0	2	0	0	1	0	27	85	0	2	0	0	1	0	21	96	0	2	0	1	0	16	95	149	72	2	0	1	0	22	91	86	26	0	0	0	0	0	0	0	0	0	0	
0	0	2	1	0	0	0	0	0	1	0	30	86	120	20	0	3	0	98	210	119	232	120	0	2	0	65	240	183	137	30	0	2	0	114	134	206	88	0	4	0	12	181	0	158	118	0	4	0	4	200	189	141	8	0	1	1	0	32	55	3	0	0	0	
0	0	0	0	0	0	0	0	0	6	67	49	20	85	26	0	0	18	162	128	187	100	0	2	3	0	114	138	42	126	40	0	1	0	25	34	0	38	102	0	0	0	69	8	0	67	116	0	2	0	82	116	91	115	23	0	0	0	0	36	56	7	0	0	
0	0	2	1	0	0	0	0	0	1	0	15	81	32	0	1	1	0	31	134	154	157	0	3	0	0	185	53	112	163	0	3	0	1	132	148	227	64	0	3	0	1	0	28	186	15	21	0	0	4	0	107	147	0	36	0	0	2	0	71	49	0	15	0	
0	0	1	0	2	2	0	0	1	0	13	54	3	0	0	0	1	0	76	98	104	98	0	2	0	4	27	0	81	84	0	3	0	0	6	39	101	13	0	1	1	0	12	131	157	31	0	1	0	1	0	104	25	0	1	0	0	0	5	45	0	2	0	0	
0	0	1	1	0	0	1	0	0	2	0	26	170	132	0	0	2	0	43	222	214	223	112	0	0	9	213	99	0	44	189	2	0	147	126	0	0	97	173	0	1	196	40	13	103	222	47	0	0	87	150	143	165	42	0	2	0	0	0	0	0	1	1	0	
0	0	10	61	0	0	0	0	3	0	90	126	0	7	2	0	4	0	139	73	0	2	0	0	3	0	175	46	17	125	34	0	4	0	135	151	142	167	157	0	2	0	37	243	179	156	100	0	0	1	0	17	66	54	0	0	0	0	1	1	0	0	2	0	
0	0	0	0	1	0	0	0	0	0	2	0	132	71	0	3	0	0	0	0	207	70	0	3	0	2	0	58	205	0	0	1	0	3	0	159	132	0	4	0	2	0	38	234	33	0	2	0	3	0	86	169	0	1	0	0	0	0	0	0	1	0	0	0	
0	0	4	18	5	0	0	0	1	0	91	108	122	7	0	1	0	0	3	0	127	40	0	1	2	0	85	168	180	18	0	1	1	0	78	83	77	122	0	2	0	0	13	0	9	151	5	0	2	0	73	141	146	79	0	2	0	0	0	12	8	0	0	0	
0	0	0	0	2	3	0	0	0	0	0	162	216	174	27	0	0	1	1	104	28	185	61	0	1	0	46	91	129	179	0	1	0	82	191	101	230	203	0	1	0	156	155	166	131	138	77	0	0	37	146	99	0	68	103	0	0	0	0	0	2	2	4	0	
0	0	0	0	0	0	0	0	0	1	0	27	119	57	0	2	1	0	17	198	156	132	0	4	1	0	29	169	201	48	0	2	0	2	0	76	221	76	0	3	1	0	8	143	113	116	0	4	2	0	39	194	141	21	0	1	0	0	0	38	20	0	1	0	
0	3	5	11	7	0	0	0	0	38	175	146	151	53	0	2	0	1	18	0	146	153	0	4	0	0	3	174	250	135	0	3	0	0	3	67	2	174	50	0	0	73	112	15	133	207	21	0	0	28	193	211	170	28	0	1	0	0	0	0	0	1	1	0	
0	0	0	0	1	0	0	0	0	0	3	0	85	67	0	3	0	0	1	0	182	53	0	2	0	3	0	71	163	0	2	0	0	3	0	146	75	0	3	0	0	0	3	159	17	0	1	0	0	0	0	129	30	0	1	0	0	0	0	1	1	0	0	0	
0	0	0	0	1	1	0	0	0	0	1	3	0	83	56	0	0	0	2	10	16	165	13	0	1	0	41	86	87	113	0	4	4	0	148	127	184	51	0	2	1	0	36	171	164	29	0	1	0	1	0	125	27	0	1	0	0	0	3	5	2	2	0	0	
0	1	2	0	0	0	0	0	0	0	0	0	1	8	2	0	0	25	152	168	164	217	37	0	0	12	47	17	78	192	0	0	0	0	1	0	161	63	0	2	0	3	0	119	127	0	3	0	2	0	72	171	2	0	0	0	2	0	118	49	0	2	0	0	
0	0	2	0	0	0	0	0	0	0	4	14	101	204	169	9	2	0	89	175	20	65	54	2	2	0	184	225	159	60	0	2	0	0	16	18	37	221	39	0	0	42	170	28	126	216	20	0	0	0	171	185	141	33	0	1	0	0	0	0	0	1	1	0	
0	0	1	1	0	0	0	0	0	1	0	27	77	8	0	1	1	0	17	140	190	98	0	4	4	0	124	120	185	77	0	3	3	0	67	175	217	17	0	1	0	3	0	73	132	0	3	0	0	3	0	133	78	0	3	0	0	1	0	63	19	0	1	0	
0	0	1	1	81	13	0	1	0	3	0	94	183	0	0	0	1	0	26	201	23	0	1	0	3	0	135	126	96	89	0	0	2	0	167	209	134	210	60	0	4	0	109	250	175	155	9	0	1	0	12	72	36	0	0	0	0	0	1	0	0	2	1	0	
0	0	1	1	0	1	0	0	0	1	0	18	140	67	6	0	1	0	1	158	113	180	88	0	1	0	32	167	91	86	0	2	0	3	0	161	181	0	2	0	2	0	39	181	157	0	1	0	3	0	82	222	57	0	2	0	0	0	8	28	0	0	0	0	
0	0	0	0	0	1	1	0	0	17	47	0	2	0	0	0	0	16	183	202	194	195	23	0	0	0	13	22	134	232	8	0	0	1	1	0	210	106	0	3	0	3	0	107	219	4	0	1	0	1	0	204	124	0	3	0	0	0	0	81	17	0	1	0	
0	0	2	0	0	0	2	0	0	0	2	29	27	16	0	1	0	1	107	102	138	125	72	0	0	70	99	0	10	0	115	36	0	103	31	0	5	0	100	48	0	93	87	0	0	49	117	0	0	7	100	59	42	98	21	0	0	1	0	0	0	0	1	0	
0	0	0	0	9	4	0	0	0	0	2	111	145	14	15	0	3	0	80	184	10	137	120	0	0	1	0	159	244	146	1	0	3	0	74	163	114	108	0	4	0	16	182	30	161	42	0	1	0	39	129	123	106	0	2	0	0	0	6	12	0	1	0	0	
0	0	0	3	2	1	0	0	0	0	0	148	72	0	2	0	1	0	31	116	106	32	0	1	3	0	72	83	40	119	0	3	3	0	109	45	0	131	23	0	3	0	121	57	0	94	36	0	1	0	31	124	108	76	0	1	0	0	0	6	15	1	0	0	
0	0	2	0	0	0	0	0	0	0	0	77	134	44	0	2	2	0	78	109	55	171	0	0	0	8	150	32	143	162	13	0	1	0	66	177	216	26	56	0	0	0	0	187	61	3	55	0	4	0	103	171	0	9	11	0	1	0	29	21	0	1	0	0	
0	1	3	0	0	0	0	0	1	2	0	34	89	34	0	1	0	12	152	165	172	210	2	0	0	192	119	0	112	232	2	0	2	155	185	166	192	196	4	0	0	5	72	39	37	199	5	0	1	2	2	0	60	225	6	0	0	0	3	0	15	71	0	0	
0	0	2	2	0	0	2	0	0	2	1	0	93	79	0	1	2	0	29	188	161	144	92	0	0	44	173	90	15	11	161	4	0	160	45	0	0	72	167	0	0	109	107	91	132	158	34	0	0	2	55	80	47	3	0	0	0	2	0	0	0	2	2	0	
0	0	0	0	0	0	0	0	0	2	0	56	73	0	2	0	0	3	0	81	116	0	4	0	0	3	0	75	107	0	3	0	0	2	0	47	106	0	3	0	0	1	0	28	136	0	2	0	0	1	0	20	123	0	1	0	0	0	0	0	0	0	0	0	
0	0	0	0	1	0	0	0	0	0	3	0	78	78	0	3	0	0	2	0	159	59	0	2	0	1	0	38	164	0	1	0	0	3	0	128	103	0	3	0	2	0	35	181	4	0	0	0	3	0	93	102	0	3	0	0	0	0	2	1	1	0	0	0	
0	0	0	0	0	0	0	0	1	0	26	193	100	0	1	0	0	0	11	23	156	60	0	2	0	0	4	82	168	37	0	2	1	0	12	204	138	0	3	0	0	0	4	7	194	74	0	3	2	0	47	165	171	41	0	2	0	0	0	7	4	0	0	0	
0	0	0	12	35	3	0	0	0	2	0	121	185	119	14	0	0	2	1	15	0	125	53	0	0	0	6	25	12	155	17	0	0	54	152	103	207	156	0	3	0	172	109	114	125	162	80	0	0	63	117	73	0	27	29	0	0	0	0	0	3	2	0	0	
1	0	38	37	0	3	0	0	3	0	141	71	0	3	1	0	0	4	157	15	0	52	10	0	0	40	145	0	48	181	80	0	0	35	161	0	113	91	88	0	1	0	146	142	173	197	26	0	0	0	2	62	83	32	0	1	0	0	1	0	0	1	1	0	
0	0	0	9	9	0	0	0	2	0	42	152	155	50	0	2	0	0	3	0	164	69	0	3	1	0	7	171	209	14	0	1	1	0	27	83	60	163	3	0	0	0	1	0	36	181	5	0	0	15	119	111	167	53	0	2	0	2	14	16	5	0	1	0	
0	0	2	3	0	0	0	0	0	1	2	0	35	134	99	0	2	0	55	118	148	127	38	0	0	33	242	219	75	0	2	0	0	41	103	78	176	127	0	2	0	0	3	0	82	192	0	2	0	19	97	135	160	32	0	1	0	6	60	50	3	0	0	0	
0	0	0	1	0	1	0	0	0	0	2	3	0	90	44	0	0	0	4	31	0	142	18	0	2	0	80	83	47	123	0	3	0	23	194	36	124	53	0	2	0	8	41	131	154	0	2	0	0	3	0	97	81	0	3	0	0	0	2	7	1	0	0	0	
0	0	1	1	0	0	0	0	0	0	0	0	8	6	0	0	0	0	123	150	200	90	0	4	0	0	24	8	128	106	0	4	0	0	3	0	124	61	0	2	0	1	0	13	153	5	0	0	0	2	0	66	108	0	3	0	0	2	0	77	47	0	2	0	
0	0	0	1	1	2	2	1	0	0	2	1	2	0	0	0	0	2	0	47	144	115	132	41	2	0	63	189	88	38	34	14	1	0	84	92	98	109	0	3	0	54	97	42	123	66	0	3	0	2	65	94	51	0	1	0	0	0	0	0	0	1	0	0	
0	0	0	0	0	1	0	0	0	11	129	161	70	0	2	0	0	165	176	71	189	51	0	2	0	135	139	0	128	222	5	0	0	6	133	199	175	158	133	0	0	0	12	21	0	87	196	0	1	0	60	135	165	217	115	0	0	1	0	19	61	44	0	0	
13	3	2	0	45	33	0	1	8	4	0	45	221	52	0	2	1	0	11	184	74	0	3	0	2	0	167	196	140	91	0	1	0	23	250	205	57	202	72	0	1	0	125	220	143	205	46	0	0	1	0	21	65	32	0	1	0	0	3	0	0	0	1	0	
0	0	0	0	0	0	0	0	0	0	0	128	159	134	8	0	2	0	40	224	99	39	0	0	3	0	81	233	49	0	0	0	2	0	50	189	185	160	3	0	0	13	70	6	47	225	29	0	0	8	148	189	191	84	0	1	0	0	0	4	1	0	0	0	
0	0	0	0	0	3	1	0	0	55	38	13	1	0	0	0	0	101	171	160	163	166	20	0	0	0	1	0	49	208	13	0	0	3	5	0	143	127	0	4	0	2	0	37	194	16	0	1	0	2	0	176	143	0	4	0	0	0	1	97	26	0	1	0	
0	0	0	0	1	0	0	0	0	2	0	53	30	0	1	0	0	3	0	108	100	0	3	0	0	2	0	70	130	0	4	0	0	2	0	64	130	0	3	0	0	3	0	80	100	0	3	0	0	3	0	114	50	0	2	0	0	0	0	28	6	0	0	0	
0	0	0	0	0	0	0	0	1	0	9	80	147	84	29	9	0	0	195	176	39	70	202	20	0	0	66	120	151	185	80	0	0	1	0	124	230	187	0	1	2	0	156	134	82	166	0	3	0	22	208	92	193	43	0	2	0	4	39	62	31	0	1	0	
0	0	2	0	3	0	1	0	1	0	24	155	158	129	15	0	2	0	161	131	0	86	159	0	0	69	189	0	3	0	134	36	0	124	160	0	2	10	170	25	0	76	201	22	37	179	126	0	1	0	124	196	184	95	0	1	0	1	0	3	1	0	2	0	
0	0	1	2	0	0	0	0	0	1	0	6	81	60	0	1	1	0	18	155	115	136	36	0	2	0	166	82	0	157	73	0	2	0	99	136	217	146	2	0	0	3	0	124	152	0	2	0	2	0	51	182	4	1	1	0	2	0	48	54	0	2	0	0	
0	0	1	1	0	0	0	0	0	1	0	41	75	4	0	0	2	0	43	129	126	58	0	2	4	0	128	96	141	111	0	4	1	0	33	91	129	108	0	4	0	0	3	0	120	65	0	2	0	1	0	34	169	5	0	1	0	1	0	34	51	0	1	0	
0	0	0	0	1	1	0	0	0	0	2	0	67	91	0	3	0	0	3	0	140	61	0	2	0	1	0	20	153	0	0	0	0	3	0	84	118	0	3	0	0	2	0	156	46	0	2	0	1	0	16	121	0	0	0	0	0	0	1	1	0	0	0	0	
1	0	34	90	1	1	0	0	1	0	12	111	115	0	1	0	0	1	4	0	89	76	0	3	0	0	3	19	47	147	4	0	0	11	154	113	108	199	103	16	0	18	175	83	126	103	0	5	1	0	10	71	78	5	0	0	0	1	1	0	0	1	0	0	
0	0	0	0	4	1	0	0	1	0	20	104	158	122	0	3	2	0	84	81	123	126	0	4	0	1	0	136	253	81	0	3	1	0	25	113	62	172	0	2	0	18	26	26	155	140	0	3	0	67	197	182	113	1	0	0	0	0	3	1	0	1	0	0	
0	0	2	1	0	0	0	0	0	1	0	15	40	0	0	0	3	0	69	237	189	0	1	0	4	0	142	206	186	18	0	1	1	0	115	176	157	174	0	2	0	0	5	0	113	155	0	3	0	2	0	93	175	8	0	1	0	1	0	76	20	0	1	0	
0	0	1	1	0	0	0	0	0	3	0	96	116	69	45	0	1	0	15	224	235	178	82	0	3	0	69	249	200	91	0	1	2	25	1	12	0	143	81	0	0	174	113	30	84	208	35	0	0	32	177	210	186	52	0	2	0	1	0	0	0	0	1	0	
0	0	0	0	0	0	0	0	0	0	1	0	84	32	0	1	0	1	0	27	246	57	0	3	0	3	0	94	252	22	0	2	1	0	36	181	169	5	0	0	2	0	100	75	150	5	0	0	0	1	0	9	155	12	0	1	0	0	2	2	14	1	0	0	
0	0	2	0	0	3	0	0	0	1	0	43	66	0	1	0	2	0	66	203	156	122	7	0	0	6	202	68	106	228	6	0	1	0	98	157	248	111	0	4	0	1	0	28	207	20	0	1	0	4	0	131	154	0	3	0	0	2	0	66	37	0	1	0	
0	0	0	2	1	2	0	0	0	0	1	2	4	0	0	0	0	2	0	115	147	73	0	2	2	0	71	107	48	111	0	3	0	0	34	0	84	51	0	2	0	0	0	13	120	1	0	0	0	2	0	77	79	0	3	0	0	2	0	89	21	0	1	0	
0	0	0	2	0	0	0	0	0	0	1	0	21	76	0	1	0	0	10	65	61	158	0	3	2	0	50	115	97	125	0	4	4	0	142	170	210	120	0	3	1	0	26	80	179	0	1	0	0	4	0	119	95	0	3	0	0	0	0	30	11	0	0	0	
0	0	0	0	0	2	0	0	1	0	15	81	81	8	0	1	0	24	217	127	150	170	1	0	0	0	165	95	48	189	0	0	1	0	11	194	255	50	0	3	0	2	0	123	210	75	0	3	1	0	15	184	184	51	0	2	0	0	0	90	81	0	1	0	
0	0	0	0	1	0	0	0	0	0	2	0	56	169	0	0	0	0	3	0	173	179	0	3	0	2	0	40	234	46	0	2	0	3	0	166	167	0	3	0	2	0	46	255	70	0	3	0	3	0	78	150	0	1	0	0	0	0	0	0	0	0	0	0	
0	0	0	1	1	2	3	0	0	0	2	0	25	149	106	3	0	1	0	19	171	64	23	13	1	0	1	193	127	0	2	0	3	0	108	132	80	107	0	4	0	6	175	11	97	96	0	3	0	7	149	153	101	0	1	0	0	0	4	9	0	1	0	0	
0	0	1	3	1	1	0	0	0	14	4	0	0	0	0	0	0	88	197	158	185	154	0	1	0	3	50	36	129	205	0	2	0	1	2	0	184	126	0	4	0	3	0	59	236	29	0	2	0	1	0	196	140	0	3	0	1	0	5	158	36	0	1	0	
0	0	0	0	22	3	0	0	0	1	0	22	131	0	0	0	0	3	0	107	77	0	3	0	1	0	21	154	52	26	0	1	3	0	69	166	68	159	14	0	4	0	100	104	11	116	3	0	1	0	11	103	93	17	0	1	0	0	0	0	0	2	0	0	
0	1	3	2	1	0	0	0	0	0	0	0	3	12	5	0	0	85	183	150	148	237	127	0	0	19	62	26	62	247	59	0	0	1	0	0	198	138	0	3	0	4	0	127	211	0	0	1	3	0	53	252	60	0	3	0	3	0	77	157	0	0	0	0	
0	0	0	0	1	0	0	0	0	4	54	89	32	0	1	0	0	22	104	44	97	7	0	0	0	1	0	10	143	41	0	3	2	0	63	172	182	127	32	0	0	36	191	99	0	28	143	43	0	9	16	0	3	0	26	36	0	0	0	3	1	1	2	0	
0	0	0	0	4	0	0	0	0	2	0	82	172	63	0	3	0	2	2	0	91	141	0	4	1	0	39	47	155	127	0	4	0	134	199	210	250	161	12	0	0	127	194	156	26	93	141	0	0	0	11	2	0	27	149	0	0	2	0	3	2	1	1	0	
0	0	2	0	0	0	0	0	0	1	1	0	13	118	0	0	1	0	78	4	29	165	0	1	0	37	158	0	77	125	0	4	0	66	201	132	188	64	0	3	1	0	39	76	168	19	0	1	0	0	0	0	124	19	0	1	0	0	2	2	3	2	0	0	
0	0	0	0	1	0	0	0	0	0	3	0	104	85	0	3	0	0	1	0	207	106	0	4	0	2	0	53	241	27	0	2	0	3	0	130	192	0	2	0	1	0	11	246	139	0	4	0	1	0	24	165	18	0	1	0	0	0	0	0	0	0	0	0	
0	1	1	0	0	0	0	0	0	0	8	21	26	7	0	0	0	37	169	175	197	142	0	3	0	117	166	0	62	162	0	3	0	70	146	0	99	169	0	3	0	0	4	0	149	163	0	4	0	1	4	0	153	127	0	5	0	0	3	0	93	93	0	3	
0	0	2	2	0	0	0	0	0	0	1	1	0	133	22	0	2	0	70	49	39	170	0	1	0	0	210	72	155	116	0	3	0	4	93	174	225	122	8	0	1	0	0	190	68	0	2	0	3	0	70	152	0	4	0	0	0	0	0	0	1	0	0	0	
1	0	25	51	6	0	0	0	0	22	115	119	103	0	2	0	0	3	5	0	125	32	0	1	0	0	13	22	80	82	0	3	0	1	114	84	125	149	0	1	0	1	119	29	86	141	85	0	1	0	31	121	70	0	14	0	0	0	0	0	0	2	0	0	
0	0	0	0	8	1	0	0	2	0	46	142	154	140	6	0	4	0	130	132	92	186	0	0	1	0	4	191	243	87	0	4	1	0	155	109	102	145	0	4	0	50	185	81	203	185	23	0	0	15	158	170	33	35	26	0	0	0	3	1	1	1	0	0	
0	0	0	0	0	0	0	0	0	11	181	183	182	104	0	3	0	48	211	60	149	85	0	2	0	36	248	199	173	166	18	0	2	6	77	48	0	113	173	0	0	143	88	16	43	116	205	0	0	25	139	170	179	170	48	0	0	0	0	0	0	0	0	0	
0	0	0	0	1	1	0	0	1	0	42	51	20	0	1	0	1	0	87	93	136	41	0	3	1	0	22	33	105	118	0	4	0	36	114	88	195	153	115	20	0	73	137	96	53	0	74	63	0	8	59	16	0	2	0	0	0	0	0	1	2	0	2	1	
0	0	3	4	3	0	0	0	0	0	0	0	0	11	3	0	0	14	75	104	178	210	16	0	0	13	214	94	163	132	0	4	3	0	91	40	161	57	0	2	0	1	0	41	193	1	0	0	0	4	0	135	165	0	3	0	0	3	0	102	66	0	2	0	
0	0	1	1	0	0	0	0	0	1	0	17	67	17	0	1	1	0	20	142	99	105	0	2	1	0	15	81	141	126	0	4	0	0	2	0	146	46	0	2	0	2	0	56	133	0	2	0	1	0	5	147	32	0	1	0	1	0	22	70	0	1	0	0	
1	0	16	122	34	0	1	0	3	0	161	199	42	0	2	0	0	12	235	52	0	2	2	1	1	0	198	61	41	73	2	0	4	0	162	227	225	239	156	1	3	0	79	255	76	116	227	10	0	0	5	65	55	72	51	0	0	0	1	0	0	0	0	0	
1	0	20	57	52	0	0	0	2	0	104	132	186	79	0	3	0	0	1	0	170	54	0	2	1	0	20	178	233	120	0	0	1	0	18	47	0	163	76	0	28	150	55	57	112	173	19	0	3	103	146	148	116	24	0	1	0	0	0	0	0	1	1	0	
0	0	1	0	0	0	0	0	0	0	1	76	119	13	0	1	3	0	107	135	42	7	0	0	2	0	141	97	108	85	0	1	2	0	92	93	30	126	0	2	0	1	0	9	122	83	0	3	0	3	0	100	184	0	0	1	0	0	0	11	16	0	0	0	
0	0	0	0	0	0	0	0	1	0	17	88	116	67	0	0	0	13	188	75	61	193	3	0	0	0	98	130	208	68	0	3	0	2	0	152	150	113	0	3	2	0	49	130	73	131	0	4	2	0	30	178	158	25	0	1	0	0	0	37	18	0	1	0	
0	0	0	1	9	0	0	0	1	0	8	101	145	59	0	3	3	0	88	66	110	87	0	3	0	0	3	18	162	14	0	1	0	3	0	122	88	0	3	0	2	0	48	169	49	81	4	0	3	0	71	188	130	64	0	0	0	0	0	3	0	0	0	0	
0	0	2	2	1	0	0	0	0	1	0	17	16	2	6	0	2	0	32	210	178	167	123	0	2	0	60	195	133	19	6	0	1	4	3	0	125	98	0	4	3	136	54	12	155	87	0	3	0	55	139	138	94	0	1	0	0	0	0	0	0	1	0	0	
0	0	0	0	0	1	0	0	1	0	3	177	162	12	0	1	4	0	103	203	176	191	0	0	2	0	182	92	7	220	20	0	0	27	235	23	37	229	17	0	0	8	213	106	196	187	0	2	2	0	50	204	151	17	0	1	0	1	1	0	0	1	0	0	
0	0	2	1	0	1	5	1	0	1	1	1	0	33	143	0	2	0	57	26	0	121	113	0	0	21	178	14	13	173	12	0	0	159	170	19	142	134	0	4	0	58	90	156	234	60	0	2	0	1	0	25	42	0	1	0	0	2	4	2	1	2	0	0	
0	0	0	0	0	0	0	0	1	0	21	149	89	0	0	0	1	0	6	116	221	14	0	1	1	0	4	207	126	0	3	0	1	0	18	177	172	43	0	2	0	0	3	0	125	163	0	4	0	2	0	104	220	69	0	2	0	0	0	48	25	0	1	0	
0	0	2	1	1	0	0	0	0	1	0	32	145	95	18	0	2	0	37	150	99	208	15	0	3	0	138	88	161	64	0	2	2	0	94	233	222	81	0	2	0	0	10	150	107	149	0	4	0	1	0	150	179	26	0	1	0	0	0	2	2	0	0	0	
0	0	0	0	0	0	0	0	0	1	0	100	20	0	1	0	0	3	0	132	43	0	1	0	0	3	0	124	64	0	2	0	0	3	0	85	100	0	3	0	0	1	0	16	157	9	0	1	0	0	3	0	116	51	0	2	0	0	0	0	1	0	0	0	
0	0	1	0	1	1	0	0	0	1	0	34	153	29	5	0	1	0	26	210	118	208	56	0	1	0	15	188	232	80	0	2	1	0	4	172	200	60	0	3	3	0	97	109	123	110	0	4	3	0	69	153	162	14	0	1	0	0	0	12	4	0	0	0	
0	1	0	0	1	0	0	0	1	0	80	184	206	127	1	0	0	70	255	178	18	147	114	0	0	153	217	5	0	61	183	0	0	158	155	0	0	51	224	17	0	52	227	85	32	200	197	0	2	0	65	186	207	184	33	0	0	1	0	0	0	0	1	0	
0	0	1	2	0	0	0	0	0	0	0	3	17	0	0	0	0	0	3	120	207	52	0	2	3	0	66	193	189	42	0	2	1	0	20	142	176	0	0	0	0	1	0	44	127	0	3	0	0	3	0	117	88	0	3	0	0	1	0	114	24	0	1	0	
0	0	1	2	1	0	0	0	0	0	1	0	6	7	0	0	0	8	133	149	199	56	0	2	0	0	14	53	177	2	0	0	0	1	0	33	173	0	1	0	0	1	0	35	161	0	1	0	0	2	0	56	145	0	3	0	0	2	0	46	111	0	2	0	
0	0	0	0	0	0	0	0	2	0	37	130	170	117	0	3	2	0	63	70	113	146	0	4	0	5	0	85	236	115	0	4	0	1	0	55	85	158	0	3	0	101	57	35	192	97	0	3	0	68	188	204	99	0	1	0	0	0	1	0	0	1	0	0	
0	0	0	0	0	0	0	0	0	28	130	18	36	21	0	1	0	21	243	26	162	153	0	4	0	12	211	107	213	153	0	4	2	0	70	171	255	143	0	4	0	1	0	7	243	143	0	4	0	1	0	9	237	127	0	4	0	0	0	0	38	16	0	1	
0	0	2	0	0	2	1	0	0	1	0	33	83	17	0	1	2	0	77	106	66	93	30	0	2	0	143	104	94	191	22	0	1	0	20	57	144	121	0	4	0	0	0	1	150	23	0	1	0	3	0	122	118	0	3	0	0	1	0	66	15	0	0	0	
0	3	3	3	3	2	0	0	0	0	0	0	0	0	0	0	11	78	82	83	77	43	0	0	9	78	77	89	73	156	102	0	0	0	2	0	47	178	44	0	0	5	0	75	183	39	0	2	1	0	8	183	40	0	3	0	0	0	4	12	1	2	0	0	
0	0	0	17	35	39	0	1	0	3	0	110	149	175	24	0	0	2	2	0	4	177	23	0	1	0	29	54	128	143	0	3	0	55	161	200	255	124	0	4	0	125	170	163	39	175	68	0	0	18	103	26	0	57	67	0	0	0	0	1	3	1	0	0	
0	0	1	1	0	0	1	0	0	3	0	98	206	96	0	2	2	0	48	183	31	172	47	0	3	0	149	82	0	96	109	0	0	0	166	29	0	100	121	0	0	11	188	16	36	195	46	0	0	0	153	159	184	74	0	2	0	0	0	10	3	0	1	0	
0	0	0	1	0	0	0	0	0	1	0	18	65	83	54	0	1	2	0	191	221	140	82	0	0	0	10	97	93	51	0	2	2	45	7	0	92	122	0	4	0	150	103	62	210	53	0	2	0	13	135	171	67	0	1	0	0	1	0	0	0	1	0	0	
0	0	2	1	0	0	0	1	0	1	0	20	51	72	22	0	3	0	62	244	253	232	186	34	3	0	178	206	42	4	12	8	3	0	137	156	0	1	0	0	0	2	0	164	205	0	1	1	0	17	129	232	156	0	0	1	0	7	90	68	1	0	0	0	
0	0	0	0	0	1	0	0	0	12	59	18	12	2	0	0	0	9	142	173	181	165	1	0	0	0	2	0	109	166	0	3	0	1	3	0	196	75	0	3	0	3	0	89	181	0	1	0	0	1	0	199	88	0	3	0	0	0	0	81	17	0	0	0	
0	1	0	63	20	0	1	0	2	0	48	173	7	0	2	0	4	0	144	96	0	14	0	0	2	0	164	69	129	170	77	0	3	0	146	108	110	39	158	0	3	0	68	180	132	160	66	0	0	1	0	42	74	22	0	1	0	0	1	0	0	1	2	0	
0	0	1	2	0	0	0	0	0	0	2	0	16	80	0	1	1	0	23	35	41	133	0	3	3	0	120	65	90	83	0	3	2	0	130	137	228	89	0	3	0	3	0	108	133	0	1	0	0	1	0	140	28	0	1	0	0	0	3	25	1	1	0	0	
0	0	0	0	0	0	0	0	1	0	30	4	27	31	0	2	3	0	110	24	30	93	0	3	0	0	87	27	93	155	90	17	0	20	171	108	119	111	35	19	0	95	100	0	68	39	0	2	0	60	18	0	61	13	0	1	0	0	2	0	10	2	0	0	
0	0	0	0	1	1	0	0	0	0	1	0	19	143	6	0	0	0	4	0	112	150	0	4	0	1	0	7	195	40	0	2	0	3	0	118	135	0	3	0	2	0	46	223	22	0	1	0	3	0	85	134	0	2	0	0	0	0	0	0	1	0	0	0	
0	0	0	1	1	0	0	0	3	0	75	83	0	2	0	0	2	0	40	195	10	0	1	0	0	3	0	133	117	0	3	0	0	2	0	46	183	0	0	0	0	0	3	0	145	103	0	3	0	0	1	0	24	133	1	0	0	0	0	0	1	2	1	0	
0	0	0	0	0	0	0	0	1	0	20	172	113	132	38	0	1	0	20	117	57	170	104	0	0	0	3	0	37	161	12	0	0	87	160	169	255	179	0	0	34	233	150	185	76	116	114	0	2	126	119	33	0	60	96	0	0	0	0	1	3	1	0	0	
0	0	1	2	0	0	0	0	0	5	143	179	126	0	1	0	0	24	134	4	154	46	0	2	0	0	6	0	138	54	0	3	0	2	0	59	140	0	1	2	2	0	31	196	52	55	111	73	2	0	33	167	158	150	87	7	0	0	0	0	0	0	0	0	
0	0	2	3	0	0	0	0	0	2	129	158	146	21	0	1	0	2	9	22	166	28	0	1	1	0	2	184	212	52	0	2	0	0	6	64	23	161	41	0	0	61	103	16	2	179	72	0	0	8	114	182	190	156	3	0	0	0	0	2	2	0	0	0	
0	0	0	0	0	0	0	0	0	1	0	24	146	0	0	0	0	2	0	43	197	0	0	0	0	3	0	79	159	0	4	0	0	3	0	91	158	0	4	0	0	3	0	92	160	0	4	0	0	3	0	72	125	0	3	0	0	0	0	0	0	0	0	0	
0	0	2	1	0	0	0	0	0	1	0	25	79	41	0	1	3	0	66	139	63	65	1	0	3	0	78	125	87	161	0	0	0	1	0	18	189	80	0	3	0	1	0	39	160	0	1	0	0	2	0	163	85	0	3	0	0	0	3	74	5	0	0	0	
0	0	0	0	0	0	0	0	0	9	51	58	71	90	34	0	0	109	111	68	90	57	25	0	0	95	134	85	98	71	5	0	0	34	85	9	17	82	134	16	0	3	26	4	1	0	140	51	0	0	72	104	87	150	87	0	0	0	0	4	17	15	0	0	
0	0	0	0	0	0	0	0	0	0	1	0	109	102	0	0	0	0	0	0	222	173	0	3	0	2	0	37	247	67	0	3	0	3	0	130	208	0	0	0	2	0	29	229	64	0	2	0	4	0	108	166	0	3	0	0	0	0	13	16	0	0	0	0	
0	1	0	0	0	0	0	0	1	0	28	90	122	43	0	2	0	40	196	81	86	103	0	3	0	11	51	82	196	35	0	2	0	2	0	58	196	71	0	3	0	2	0	136	77	98	0	3	0	1	0	153	136	52	0	2	0	1	0	27	41	0	1	0	
0	0	1	0	13	33	0	1	0	1	0	12	195	136	0	3	0	1	0	175	120	0	2	0	3	0	97	157	105	127	13	0	0	5	190	188	97	167	134	0	1	0	201	215	89	199	43	0	1	0	30	128	120	32	0	1	0	0	1	0	0	1	1	0	
0	0	0	0	0	0	0	0	0	13	5	0	24	39	0	1	0	93	41	0	56	68	0	3	0	43	105	0	135	86	0	3	1	0	83	104	105	69	0	3	0	0	3	0	39	93	0	3	0	0	2	0	15	146	9	0	0	0	0	0	1	24	1	0	
0	0	0	1	0	0	1	0	0	3	0	71	187	137	1	0	0	4	0	93	255	229	25	0	1	0	115	138	0	148	151	0	0	108	204	4	2	201	123	0	0	145	147	64	216	205	4	0	0	15	183	216	135	12	0	1	0	1	0	0	0	1	1	0	
0	0	0	0	0	2	0	0	1	0	29	28	4	0	0	0	0	1	203	200	166	182	9	0	0	18	195	2	138	182	0	1	0	0	30	13	212	43	0	2	0	1	0	20	197	15	0	1	0	0	1	0	194	106	0	1	0	0	1	0	40	96	0	0	
0	0	0	0	0	0	0	0	0	0	3	0	98	87	0	3	0	0	3	0	186	117	0	4	0	1	0	25	215	31	0	2	0	3	0	134	167	0	3	0	1	0	16	224	56	0	2	0	3	0	79	205	27	0	1	0	0	0	3	4	4	0	0	0	
0	1	2	0	0	0	0	0	0	0	2	16	16	12	0	0	0	20	197	236	239	180	0	1	0	82	159	17	99	196	0	1	0	4	6	0	155	143	0	4	0	2	0	38	231	40	0	2	0	3	0	170	160	0	3	0	0	1	0	135	50	0	2	0	
0	0	0	0	1	1	0	0	2	0	45	128	49	0	1	0	1	0	31	64	146	39	0	2	1	0	18	51	179	105	0	4	0	43	182	183	210	121	76	0	0	42	183	164	51	0	142	63	0	0	17	9	0	0	30	40	0	1	0	1	2	0	1	0	
0	0	0	0	0	0	0	0	0	2	0	72	65	0	2	0	0	3	0	97	150	0	4	0	0	2	0	57	160	0	2	0	0	2	0	70	154	0	3	0	0	4	0	122	118	0	4	0	0	1	0	151	35	0	1	0	0	0	3	24	0	0	0	0	
0	0	1	0	0	0	0	0	0	0	4	94	84	68	0	1	0	0	203	154	74	180	0	2	0	0	95	132	209	54	0	2	0	1	0	164	150	88	0	2	4	0	118	137	60	167	0	3	3	0	86	184	185	58	0	2	0	0	0	48	22	0	1	0	
0	0	0	0	0	2	1	0	0	0	0	6	96	156	119	0	0	4	0	69	130	146	134	0	0	2	0	93	206	91	0	1	0	22	105	167	151	0	4	0	0	109	150	82	156	0	4	0	0	11	145	180	47	0	2	0	0	0	1	2	0	0	0	0	
0	0	0	2	0	0	0	0	0	0	0	4	13	14	18	1	0	1	1	151	207	187	168	22	2	0	38	230	85	4	3	1	0	35	19	14	98	76	0	2	0	81	159	60	107	178	0	2	0	2	86	159	149	55	0	2	0	0	0	0	0	0	0	0	
0	0	0	0	3	0	0	0	0	2	0	79	176	49	0	2	0	4	0	116	168	137	0	2	1	0	0	185	168	8	4	0	4	0	107	176	115	21	0	1	4	0	139	52	124	121	0	4	2	0	38	168	168	36	0	2	0	0	0	3	1	0	0	0	
0	0	0	0	0	0	0	0	0	0	1	0	142	63	0	2	0	5	0	14	253	103	0	4	0	3	0	74	250	33	0	2	0	3	0	158	202	0	1	0	2	0	33	255	96	0	3	0	3	0	65	188	11	0	1	0	0	0	0	0	1	0	0	0	
0	0	5	10	0	1	0	0	0	15	100	96	66	0	1	0	0	20	43	0	95	56	0	2	0	0	1	0	21	120	0	2	0	0	69	90	81	101	0	2	0	15	93	0	115	125	0	2	1	0	64	92	78	18	6	0	0	0	1	11	2	0	0	0	
0	0	0	0	1	0	0	0	0	0	3	0	124	69	0	3	0	0	0	0	192	56	0	2	0	2	0	53	187	0	0	0	0	3	0	146	120	0	4	0	1	0	22	225	42	0	2	0	3	0	66	166	0	0	0	0	0	0	0	0	0	0	0	0	
0	0	0	0	1	0	0	0	0	2	0	132	178	95	0	0	0	3	0	129	65	26	4	0	1	0	13	195	148	52	0	2	2	0	56	89	7	160	7	0	0	12	128	0	45	144	0	0	0	0	109	143	118	28	0	1	0	0	3	9	0	1	0	0	
0	0	3	1	0	0	0	0	0	1	0	47	137	114	0	3	2	0	116	169	178	160	0	4	2	0	96	195	208	41	0	2	2	0	44	207	110	113	0	3	4	0	165	81	57	187	0	2	2	0	43	147	174	58	0	2	0	0	0	6	1	0	0	0	
0	0	1	1	3	1	0	0	0	2	0	87	114	0	1	0	1	0	29	143	117	82	0	2	3	0	86	77	0	133	8	0	4	0	109	59	0	127	9	0	3	0	91	78	69	112	0	3	1	0	11	139	134	11	0	1	0	0	0	3	3	0	0	0	
0	0	0	0	0	0	0	0	0	1	0	55	49	34	40	5	1	0	24	196	167	183	153	14	3	0	104	171	22	1	0	0	0	3	11	74	136	87	0	3	0	103	85	0	119	143	0	3	0	33	150	181	138	8	0	1	0	0	0	0	0	1	0	0	
0	0	0	2	0	0	0	0	0	0	2	0	42	74	0	2	0	0	10	14	69	141	0	4	2	0	66	140	86	137	0	4	4	0	142	193	210	84	0	3	0	0	19	4	164	23	0	1	0	1	0	40	167	0	1	0	0	0	0	13	27	0	1	0	
0	0	3	0	66	51	0	2	0	2	0	21	223	65	0	2	1	0	13	156	79	0	3	0	2	0	168	207	148	165	34	0	0	53	245	194	36	120	167	0	0	23	225	159	53	170	78	0	1	0	16	67	40	10	0	0	0	1	1	0	0	1	2	0	
0	1	0	61	32	0	1	0	1	0	32	122	8	2	1	0	3	0	99	54	0	2	0	0	1	0	131	8	59	82	0	0	1	0	121	57	107	117	62	0	3	0	67	179	176	120	20	0	0	0	0	50	69	14	0	1	0	0	1	0	0	1	1	0	
0	0	1	3	1	1	0	0	0	1	2	2	0	116	58	0	1	0	25	117	15	191	26	0	0	2	171	98	75	160	0	4	0	60	243	87	205	74	0	3	0	6	40	179	203	10	0	1	0	2	0	126	61	0	2	0	0	0	3	1	2	1	0	0	
0	0	0	3	0	29	25	0	0	0	3	0	76	218	96	0	0	2	0	65	180	24	0	1	1	0	26	206	59	0	1	0	4	0	113	226	143	153	0	1	4	0	120	196	122	112	0	2	0	0	2	118	110	2	0	0	0	0	1	0	0	2	0	0	
0	0	1	1	0	0	0	0	0	0	0	26	65	16	0	1	2	0	51	208	210	81	0	3	3	0	72	68	148	71	0	3	0	1	0	12	203	31	0	2	0	3	0	84	177	0	2	0	0	3	0	156	107	0	3	0	0	1	0	57	30	0	1	0	
0	0	2	1	0	0	0	0	0	2	0	56	111	14	0	1	2	0	37	205	255	169	0	3	3	0	181	187	182	118	0	3	1	0	29	205	255	37	0	2	1	0	22	187	218	98	0	4	2	0	29	233	179	14	0	1	0	0	0	39	21	0	1	0	
0	0	0	0	0	0	0	0	0	2	0	108	202	133	11	0	1	3	0	33	73	231	64	0	0	2	0	24	172	198	0	0	74	89	0	80	170	206	44	0	73	209	140	101	130	222	23	0	0	31	115	138	166	57	0	2	1	1	0	0	0	0	0	0	
0	0	0	0	1	0	0	0	0	0	1	0	35	54	0	2	0	0	3	0	119	79	0	3	0	0	0	0	156	22	0	1	0	2	0	67	147	0	2	0	0	3	0	147	62	0	2	0	0	0	1	128	12	0	0	0	0	0	0	9	1	0	0	0	
0	0	0	11	82	0	0	0	0	3	0	114	201	0	2	0	2	0	56	220	26	0	2	0	3	0	184	164	112	117	16	0	0	0	216	219	71	157	164	0	0	0	208	220	93	150	128	0	1	0	28	65	80	57	2	0	0	0	0	0	0	0	2	0	
0	0	0	1	6	1	0	0	1	0	58	136	129	118	13	0	0	0	63	32	0	126	86	0	0	1	2	0	56	161	12	0	0	0	0	96	132	19	0	1	0	9	142	124	16	39	31	0	0	37	180	114	119	101	41	0	0	0	1	3	0	0	0	0	
0	0	1	0	0	0	0	0	0	0	0	85	140	83	6	0	2	0	150	153	83	221	36	0	2	0	183	87	46	176	0	0	1	0	4	197	255	54	0	3	2	0	111	165	145	65	0	3	0	24	219	56	150	69	0	3	0	7	36	42	55	4	0	0	
0	0	0	2	0	0	0	0	0	0	0	4	31	72	74	16	0	2	0	112	208	73	66	18	2	0	69	111	7	1	0	0	3	0	147	120	10	0	3	1	0	0	5	63	147	15	0	1	0	0	32	74	113	0	0	0	1	0	77	83	6	0	0	0	
0	0	2	0	0	0	1	0	0	3	0	114	222	114	0	1	3	0	99	243	132	255	88	0	0	56	250	82	0	120	177	0	0	202	116	0	0	110	186	0	0	154	159	46	103	247	84	0	0	9	138	208	191	79	0	1	0	1	0	0	0	0	1	0	
0	0	2	0	0	0	0	0	0	0	1	95	144	56	0	2	0	0	136	92	35	173	17	0	0	2	168	96	94	78	3	0	0	2	0	155	240	40	0	2	1	0	26	118	36	180	27	0	3	0	74	102	0	129	85	0	0	0	10	16	0	33	14	0	
0	0	22	58	16	0	1	0	1	0	121	163	122	0	2	0	0	1	0	25	170	1	0	0	0	1	0	189	230	46	0	2	0	0	1	41	28	172	18	0	0	48	156	63	138	185	9	0	0	17	136	150	103	16	0	1	0	0	0	0	0	1	0	0	
0	0	0	0	0	0	0	0	0	1	0	40	85	0	2	0	0	3	0	96	110	0	4	0	0	4	0	117	84	0	3	0	0	4	0	120	89	0	3	0	0	3	0	79	147	0	3	0	0	0	0	3	126	16	0	1	0	0	0	0	1	1	0	0	
0	0	0	0	0	0	1	0	1	8	2	6	17	12	0	0	0	141	211	194	201	208	20	0	0	14	48	29	40	211	20	0	0	0	3	0	92	198	0	2	0	1	2	0	204	114	0	4	0	3	0	106	220	2	0	1	0	3	0	121	100	0	3	0	
0	0	0	0	0	1	4	1	2	0	58	127	47	0	1	0	3	0	165	81	12	16	108	116	2	0	63	128	53	163	85	16	0	3	0	166	194	3	0	1	2	0	62	129	137	5	2	1	3	0	75	167	103	0	1	0	0	0	0	27	6	0	0	0	
0	0	1	1	0	0	0	0	0	0	1	0	4	136	15	0	3	0	93	51	27	188	0	0	0	0	186	32	89	129	0	4	0	26	219	170	227	145	0	3	0	0	8	92	194	25	0	0	0	3	0	93	96	0	3	0	0	0	1	3	1	2	0	0	
0	0	1	0	0	0	0	0	1	0	37	74	0	9	0	0	4	0	131	119	41	156	0	3	2	0	198	148	146	200	0	2	3	0	176	252	218	157	0	3	1	0	32	23	145	162	0	4	0	0	4	0	131	158	0	4	0	0	2	0	12	26	0	1	
0	0	2	0	30	8	0	0	0	2	0	101	255	137	0	3	3	0	93	255	105	200	55	0	0	21	237	107	0	114	144	0	0	127	192	0	0	52	213	10	0	99	222	120	135	216	160	0	0	0	86	156	159	110	6	0	0	1	0	0	0	0	1	0	
0	0	1	0	0	0	1	0	0	2	0	72	199	189	45	0	3	0	67	201	92	99	170	0	0	1	179	41	0	9	163	11	0	73	140	0	0	58	157	0	0	114	125	0	80	195	50	0	0	32	183	166	135	38	0	2	0	0	3	3	0	1	2	0	
0	0	0	4	87	19	0	1	0	3	0	123	236	24	0	1	3	0	61	236	35	0	2	0	3	0	174	121	71	139	18	0	0	7	179	165	199	141	167	0	2	0	155	234	79	111	185	0	1	0	18	69	69	91	28	0	0	0	1	0	0	0	0	0	
0	0	0	1	0	33	4	0	0	0	3	0	89	126	0	1	0	1	0	30	179	16	0	1	0	3	0	153	139	0	2	0	3	0	73	160	146	101	0	3	4	0	124	143	151	93	0	3	1	0	27	142	67	0	0	0	0	0	0	0	0	1	0	0	
0	0	1	1	0	3	0	0	0	1	0	95	84	0	1	0	2	0	57	147	21	92	11	0	4	0	126	107	89	223	6	0	1	0	12	111	242	68	0	3	0	3	0	99	168	0	3	0	0	0	0	193	54	0	2	0	0	0	5	34	1	0	0	0	
0	0	0	3	7	0	0	0	1	0	6	138	155	42	0	2	3	0	86	116	51	138	0	4	1	0	22	162	168	44	0	2	1	0	27	167	153	13	0	1	4	0	131	103	92	140	0	4	1	0	30	150	155	66	0	2	0	0	0	0	1	0	0	0	
0	0	0	0	0	0	0	0	0	0	82	85	102	29	0	1	1	0	78	49	86	129	0	4	1	0	19	60	164	185	0	1	0	36	179	173	229	138	125	0	0	54	228	191	67	0	155	68	0	0	60	32	0	0	32	35	0	0	0	1	3	0	0	0	
0	0	1	1	0	2	0	0	0	0	0	13	29	1	1	0	1	0	9	110	111	142	4	0	3	0	78	61	112	128	0	3	3	0	78	133	186	27	0	1	0	0	5	60	111	0	1	0	0	3	0	72	87	0	3	0	0	2	0	75	40	0	1	0	
0	2	0	49	39	0	2	0	1	0	12	222	71	0	4	0	4	0	132	181	0	4	2	0	0	0	196	49	61	224	117	0	0	32	167	45	232	90	171	25	0	0	141	232	215	132	155	6	0	0	6	43	66	50	2	0	0	0	2	0	0	0	2	1	
0	0	3	1	0	0	0	0	0	1	0	29	75	14	0	1	2	0	100	155	218	32	0	2	1	0	44	157	197	38	0	1	0	0	1	58	128	164	0	3	0	1	0	0	178	79	0	3	1	0	14	173	117	0	2	0	1	0	31	80	0	2	0	0	
0	0	2	1	0	0	0	0	0	0	0	6	13	22	24	3	2	0	38	155	171	196	163	22	3	0	150	184	88	3	0	0	0	13	8	44	106	103	0	2	0	110	106	37	115	160	0	3	0	16	125	145	142	30	0	1	0	0	0	0	0	1	0	0	
0	0	0	5	44	1	0	0	0	3	0	87	177	74	0	3	0	3	0	53	44	137	0	1	0	0	0	0	11	140	1	0	0	45	94	8	50	147	0	3	0	96	167	173	216	59	0	3	0	4	93	111	43	0	1	0	0	0	0	0	0	1	0	0	
0	0	0	1	49	3	0	0	0	1	0	40	136	0	2	0	0	2	0	137	62	0	2	0	2	0	62	135	85	174	11	0	3	0	99	139	153	138	32	0	3	0	97	235	162	138	8	0	0	0	6	61	51	9	0	0	0	0	1	0	0	1	1	0	
0	0	0	1	7	0	0	0	1	0	95	143	164	64	0	3	0	0	73	21	79	144	0	4	0	0	3	0	103	129	0	4	0	1	0	12	188	30	0	1	0	0	86	196	184	102	0	0	0	18	197	92	0	113	70	0	0	0	0	0	1	1	4	0	
0	0	1	1	1	1	0	0	0	1	0	42	67	0	1	0	1	0	28	134	100	35	0	1	4	0	105	132	142	89	0	3	1	0	14	110	187	12	0	1	0	1	0	38	120	0	2	0	0	3	0	100	96	0	3	0	0	2	0	56	30	0	1	0	
0	0	0	0	0	0	0	0	0	0	0	96	124	48	0	2	1	0	36	132	27	20	0	1	2	0	54	163	98	95	1	0	0	0	14	68	11	143	29	0	0	0	1	0	76	116	0	1	0	33	80	111	96	8	0	1	0	27	53	11	0	2	0	0	
0	0	1	2	0	0	0	0	0	1	4	0	128	205	13	0	0	2	0	154	232	233	104	0	1	0	154	239	22	68	149	0	0	113	222	16	0	175	104	0	0	187	128	70	209	191	6	0	0	100	220	194	122	7	0	1	0	0	0	0	0	1	1	0	
0	0	0	0	1	0	0	0	0	0	4	22	3	0	0	0	0	10	110	194	90	0	3	0	0	2	1	22	126	0	1	0	0	0	0	8	127	3	0	0	0	0	0	7	124	3	0	0	0	0	1	0	136	14	0	1	0	0	0	1	97	5	0	0	
0	0	2	2	0	12	9	0	0	0	1	3	0	105	54	0	2	0	55	37	0	149	13	0	0	0	164	22	51	136	0	3	0	40	201	104	187	189	0	1	0	0	35	113	201	69	3	0	0	1	0	42	76	0	2	0	0	0	2	2	1	3	0	0	
0	0	0	0	0	0	0	0	1	0	28	136	123	52	0	2	2	0	38	83	50	204	36	0	0	0	0	3	102	162	8	0	2	0	75	191	202	11	0	1	0	1	0	34	178	6	0	0	2	0	57	188	83	0	2	0	1	0	39	37	0	1	0	0	
0	0	0	2	0	0	1	0	0	0	4	0	142	180	7	0	0	4	0	126	219	185	84	0	3	0	104	239	12	100	152	0	0	64	223	37	0	168	114	0	0	156	165	54	184	196	7	0	0	80	210	177	128	14	0	1	0	0	0	0	0	2	1	0	
1	1	0	0	0	0	0	0	0	3	54	95	39	0	1	0	17	140	138	119	242	67	0	3	20	36	0	6	139	147	10	0	0	0	0	3	0	88	133	0	0	30	100	16	24	130	92	0	0	0	89	149	142	90	0	0	0	0	0	1	1	0	1	0	
0	0	0	1	4	28	0	0	0	0	4	0	113	159	0	3	0	2	0	58	206	19	0	1	1	0	14	220	239	117	0	1	3	0	137	230	40	110	58	0	3	0	156	169	64	161	35	0	1	0	26	115	143	66	0	1	0	0	0	0	0	0	0	0	
0	0	0	0	0	0	0	0	0	0	0	57	72	65	44	3	1	0	17	204	137	124	87	8	3	0	71	174	0	0	0	0	1	0	26	103	154	59	0	3	0	11	10	5	131	98	0	4	0	84	165	186	144	4	0	1	0	2	4	1	0	0	0	0	
0	0	0	0	1	1	0	0	0	0	1	0	140	35	0	1	0	1	0	9	182	20	0	1	0	2	0	55	166	0	2	0	0	4	0	135	127	0	4	0	1	0	18	194	31	0	1	0	2	0	56	138	0	2	0	0	0	0	0	0	1	0	0	0	
0	0	0	0	0	0	0	0	0	2	16	0	57	105	0	2	0	5	216	45	112	205	0	3	0	53	249	6	108	198	0	3	0	116	179	0	153	236	88	8	0	136	240	180	213	225	91	8	0	10	44	4	16	74	0	1	0	0	0	0	1	1	4	0	
0	0	1	1	0	1	0	0	0	1	0	21	72	6	0	0	1	0	27	143	75	34	0	0	3	0	70	160	130	152	0	2	0	0	0	24	196	48	0	2	0	3	0	95	121	0	3	0	1	0	23	185	18	0	1	0	1	0	37	76	0	2	0	0	
0	0	0	1	0	1	0	0	0	6	162	187	107	0	2	0	0	8	104	11	151	50	0	2	1	0	19	73	195	62	0	3	1	0	35	142	149	131	16	0	2	0	83	30	7	201	108	0	3	0	89	189	158	102	13	0	0	0	0	5	2	0	0	0	
0	0	0	19	43	10	0	0	0	1	0	118	180	135	0	2	0	1	1	0	15	160	3	0	0	0	32	21	58	132	0	4	0	79	186	193	255	137	0	2	0	122	210	208	121	134	156	8	0	10	95	49	0	0	75	28	0	0	0	0	3	3	0	0	
0	0	0	0	0	0	0	0	0	3	62	103	149	157	80	0	1	0	177	125	85	76	43	0	3	0	175	149	34	0	0	0	2	0	67	119	136	122	0	1	0	16	88	4	0	180	54	0	1	0	91	166	160	182	14	0	0	1	0	26	59	16	0	1	
0	0	2	1	0	0	1	0	0	3	0	47	71	108	41	0	2	0	48	226	68	99	153	0	0	27	219	78	0	26	188	3	0	186	109	0	0	85	183	0	0	125	159	79	142	190	45	0	1	0	76	127	91	14	0	1	0	2	0	0	0	2	2	0	
0	2	2	0	0	0	0	0	0	0	2	58	26	0	1	0	0	36	115	108	116	0	3	0	0	40	15	83	173	71	0	1	0	1	0	50	34	123	1	0	0	1	3	0	48	91	0	3	0	1	0	10	124	25	0	1	0	1	0	45	61	0	2	0	
0	0	1	1	0	2	0	0	0	1	0	48	67	0	0	0	2	0	44	140	31	119	22	0	3	0	102	88	91	172	0	1	0	0	11	55	186	67	0	3	0	2	0	45	156	0	1	0	0	3	0	153	83	0	3	0	0	0	0	87	14	0	0	0	
0	0	0	0	0	0	0	0	0	41	18	0	80	38	0	1	0	125	114	0	142	82	0	3	0	26	173	0	132	107	0	4	4	0	121	187	200	86	0	3	1	0	25	57	104	123	0	4	0	0	2	0	41	157	0	1	0	0	1	3	0	33	4	0	
0	0	1	2	0	0	0	0	0	0	0	11	33	19	52	14	1	0	13	132	106	123	124	23	4	0	107	158	20	0	0	0	1	0	15	38	136	72	0	3	0	98	44	0	160	58	0	2	0	55	129	148	92	0	2	0	0	0	2	2	0	1	0	0	
0	0	0	0	0	0	0	0	0	0	23	60	40	0	1	0	0	0	111	142	205	25	0	1	0	1	0	12	189	34	8	2	2	0	100	195	214	148	100	4	1	1	2	183	87	0	3	0	1	0	18	197	17	0	2	0	1	0	16	82	1	0	0	0	
0	0	0	0	0	0	0	0	0	4	3	0	112	93	0	3	0	5	2	0	176	60	0	2	0	1	0	36	179	1	0	0	0	4	0	122	127	0	4	0	0	1	0	207	96	0	3	0	1	0	25	175	28	0	1	0	0	0	0	0	0	0	0	0	
0	0	2	1	0	1	0	0	0	1	0	30	73	5	0	0	2	0	62	163	149	105	0	2	0	0	200	85	77	206	6	0	0	5	122	102	221	124	0	4	0	1	0	9	207	43	0	2	0	2	0	40	219	16	0	1	0	1	0	17	75	0	0	0	
0	0	0	24	55	9	0	0	0	0	5	90	180	95	0	4	0	0	2	0	154	60	0	2	1	0	5	168	191	92	0	1	0	0	9	59	2	181	26	0	0	116	58	19	150	147	0	1	0	43	124	135	93	2	0	0	0	0	0	0	0	2	0	0	
0	0	0	0	0	1	0	0	0	1	0	129	166	0	1	0	2	0	48	167	135	66	0	2	1	0	26	136	89	135	0	4	0	3	0	147	228	22	0	1	0	0	5	158	172	44	0	2	0	1	0	105	178	52	0	2	0	0	0	2	7	0	0	0	
0	0	1	3	3	2	0	0	0	0	3	1	0	0	0	0	0	3	190	127	135	89	0	3	0	22	148	47	120	139	0	4	0	0	3	0	146	80	0	3	0	2	0	31	178	6	0	1	0	3	0	131	115	0	3	0	0	1	0	127	27	0	1	0	
0	0	1	0	6	14	0	0	0	1	0	51	22	76	0	0	2	0	42	119	0	106	22	0	3	0	93	62	0	99	44	0	2	0	108	17	0	118	41	0	3	0	107	75	53	112	0	0	1	0	16	116	99	14	0	1	0	0	1	0	0	2	0	0	
0	0	0	19	71	0	1	0	0	4	0	148	141	0	5	0	2	0	41	192	6	0	1	0	2	0	167	93	120	162	31	0	0	30	167	124	119	133	126	0	0	11	152	153	122	145	30	0	1	0	26	74	69	11	0	1	0	0	1	0	0	2	1	0	
0	0	0	0	0	2	0	0	0	0	48	90	67	1	0	0	0	0	156	193	219	107	0	3	0	0	1	0	32	169	0	1	0	0	4	0	101	156	0	3	0	1	0	26	229	60	0	3	0	3	0	173	167	0	3	0	0	1	0	68	21	0	1	0	
0	0	2	1	0	1	0	0	0	1	0	18	71	8	0	0	2	0	42	165	97	57	0	1	2	0	165	66	96	155	0	3	1	0	85	113	212	81	0	3	0	0	0	4	173	26	0	1	0	2	0	72	161	0	2	0	0	2	0	54	52	0	2	0	
0	0	0	0	0	0	0	0	0	0	0	0	80	10	0	0	0	1	0	13	166	7	0	0	0	1	0	30	146	0	2	0	0	3	0	95	105	0	3	0	0	1	0	149	33	0	1	0	1	0	19	147	0	1	0	0	0	0	3	23	0	0	0	0	
0	0	0	3	1	1	0	0	0	0	2	0	5	129	10	0	0	0	11	71	81	141	0	3	3	0	94	100	129	51	0	2	0	1	163	134	228	40	0	2	0	1	1	182	78	0	0	0	1	0	30	158	5	0	1	0	0	0	2	2	1	0	0	0	
0	0	3	3	0	0	0	0	0	0	2	0	95	55	0	2	0	0	58	163	231	38	0	2	0	24	161	155	165	0	3	0	0	2	0	142	242	115	4	0	0	1	0	31	206	71	0	0	0	0	1	0	169	39	0	2	0	0	1	0	27	17	0	1	
0	0	0	0	0	0	0	0	0	19	17	0	4	5	0	0	0	107	229	198	218	191	4	0	0	1	35	31	158	219	0	0	0	1	1	0	195	131	0	4	0	3	0	72	235	19	0	1	1	0	13	221	128	0	3	0	2	0	59	159	4	0	0	0	
0	0	0	0	0	0	0	0	0	0	2	0	45	62	0	2	1	0	32	147	102	117	0	4	4	0	101	111	69	96	0	3	3	0	151	29	109	114	0	4	3	0	136	161	213	70	0	3	0	0	12	9	113	47	0	2	0	0	1	0	14	8	0	0	
0	0	0	0	0	0	0	0	1	0	37	78	63	37	0	0	1	0	36	108	142	209	1	0	0	0	3	0	127	149	0	3	0	1	0	30	208	26	0	1	0	1	0	175	111	0	8	0	3	0	129	175	0	3	0	0	2	0	72	36	0	1	0	0	
0	1	0	14	49	8	0	0	0	1	0	115	106	98	0	0	2	0	62	101	0	113	32	0	2	0	45	35	0	128	22	0	0	0	3	9	106	112	0	3	0	43	164	194	157	120	86	0	0	37	120	48	0	7	22	0	0	0	0	0	3	1	0	0	
0	0	1	0	76	27	0	1	0	3	0	91	206	5	0	1	1	0	6	198	65	0	3	0	4	0	120	166	28	44	0	0	0	7	223	225	142	204	103	0	0	7	216	222	59	181	89	0	1	0	13	72	88	45	0	1	0	0	0	0	0	0	1	0	
0	0	1	1	0	2	0	0	0	3	0	151	147	0	1	0	2	0	38	192	187	135	0	3	2	0	174	75	0	162	44	0	0	44	190	0	0	85	131	0	0	28	195	55	35	183	86	0	2	0	60	160	169	91	0	2	0	0	0	0	0	0	1	0	
0	0	0	6	5	0	0	0	2	0	65	151	167	41	0	2	0	0	10	0	194	68	0	3	1	0	0	150	240	100	0	1	1	0	11	97	6	160	51	0	0	14	8	3	101	199	17	0	0	77	161	177	137	27	0	1	0	1	8	3	0	1	1	0	
0	0	0	0	0	0	0	0	0	1	0	32	88	0	2	0	0	1	0	35	129	0	3	0	0	1	0	38	118	0	3	0	0	2	0	51	100	0	3	0	0	2	0	50	100	0	3	0	0	1	0	41	102	0	2	0	0	0	0	0	0	0	0	0	
0	0	1	0	0	0	1	0	0	3	0	50	190	164	0	1	3	0	112	248	109	223	85	0	0	64	221	59	0	110	180	0	0	193	102	0	0	113	156	0	0	153	213	58	113	237	43	0	0	7	109	178	200	66	0	2	0	1	0	0	0	1	1	0	
0	0	2	1	0	0	0	0	0	1	0	41	79	4	0	0	2	0	68	148	143	91	0	3	4	0	142	120	166	120	0	4	1	0	20	94	207	76	0	3	0	0	3	0	158	59	0	2	0	0	4	0	179	58	0	2	0	0	1	0	65	25	0	1	
0	0	2	0	0	0	0	0	0	1	0	85	135	130	85	0	3	0	117	149	72	93	76	0	3	0	131	184	112	20	0	1	3	62	1	19	127	202	11	0	0	145	168	82	94	200	11	0	0	0	66	126	132	44	0	2	0	2	0	0	0	1	1	0	
0	0	0	0	0	0	0	0	0	49	106	81	0	4	0	0	12	117	73	60	2	0	1	0	0	119	125	109	142	99	9	0	0	34	27	0	7	109	123	0	0	1	0	5	1	0	105	15	0	2	0	52	116	147	97	0	0	0	0	1	21	35	3	0	
0	0	0	6	89	7	0	0	0	3	0	99	170	0	2	0	1	0	32	162	15	0	1	0	3	0	140	183	142	111	0	0	0	0	221	178	0	168	101	0	3	0	145	190	117	184	66	0	0	0	3	66	98	45	0	1	0	0	1	0	0	0	1	0	
0	0	0	0	0	2	4	0	0	0	59	75	121	152	46	0	0	10	190	60	42	26	0	0	0	19	201	87	63	1	0	0	0	0	73	110	159	168	13	0	2	0	76	67	0	146	100	0	1	0	50	129	148	173	41	0	0	0	0	0	4	6	0	0	
0	0	7	33	8	0	0	0	2	0	40	182	178	53	0	2	0	2	5	0	89	189	0	2	0	0	6	0	92	178	0	3	0	41	165	181	248	220	80	0	0	137	196	189	164	51	188	34	0	23	114	88	1	0	12	7	0	0	0	0	2	3	1	0	
0	1	2	0	0	0	1	0	0	0	6	56	4	0	0	0	0	8	115	87	0	7	11	0	0	99	48	0	30	76	128	33	0	91	41	32	117	62	102	12	0	11	84	111	110	65	10	0	0	1	0	0	0	0	1	1	0	1	2	1	2	2	0	0	
1	0	28	70	38	0	1	0	2	0	98	142	180	71	0	3	0	1	4	0	51	161	0	2	0	0	1	0	30	167	0	0	0	7	123	120	184	199	9	0	0	45	234	179	199	97	78	0	0	1	108	127	14	0	1	0	0	0	0	0	1	4	1	0	
0	0	0	0	0	0	0	0	0	0	11	40	11	30	0	1	2	0	52	126	55	101	0	4	3	0	99	60	97	71	0	3	3	0	103	138	173	22	0	1	0	0	1	5	112	8	0	0	0	0	0	2	128	11	0	1	0	0	1	0	57	13	0	0	
0	0	4	2	0	0	1	0	0	2	0	9	127	134	2	0	1	0	86	205	144	162	99	0	0	116	240	60	0	42	150	0	1	187	38	0	0	15	167	5	0	127	140	46	31	118	132	0	0	3	78	121	130	90	5	0	0	2	0	0	0	0	1	0	
0	0	0	0	4	4	0	0	0	1	0	23	151	120	14	0	0	2	0	122	58	0	3	0	0	1	0	133	113	17	0	1	0	0	1	0	97	100	0	4	0	8	4	43	159	30	0	1	0	13	129	144	34	0	1	0	0	0	8	3	0	1	0	0	
0	0	0	2	0	0	0	0	0	0	1	0	89	37	0	1	0	3	0	78	242	30	0	2	0	3	0	141	197	0	2	0	0	3	0	94	132	0	4	0	0	3	0	150	80	0	3	0	0	0	0	166	29	0	1	0	0	0	0	27	4	0	0	0	
0	0	0	0	0	0	1	0	1	0	33	129	156	54	0	1	4	0	168	188	109	120	11	0	3	0	91	208	164	198	171	25	3	0	79	255	226	41	3	3	4	0	131	217	101	180	0	2	2	0	38	207	195	132	0	1	0	1	0	23	37	0	0	0	
0	0	1	2	4	3	0	0	0	1	3	3	0	3	8	0	3	0	119	176	78	169	113	0	0	76	197	36	72	203	21	0	0	69	50	0	120	100	0	3	0	1	0	35	176	6	0	0	0	5	0	130	97	0	3	0	0	0	3	138	22	0	1	0	
0	0	1	1	0	0	0	0	0	1	0	24	77	109	141	20	1	0	11	187	191	147	98	12	2	0	49	199	73	0	1	0	4	0	145	182	183	71	0	3	1	0	105	1	104	102	0	4	0	10	167	190	174	22	0	1	1	0	35	64	14	0	1	0	
0	0	0	0	0	0	0	0	0	0	4	78	128	95	13	5	4	0	104	141	15	147	159	1	2	0	62	107	61	129	18	0	0	3	0	161	203	0	0	1	3	0	81	140	128	22	0	0	3	0	88	173	116	0	1	0	0	0	0	45	13	0	0	0	
0	0	1	0	0	1	0	0	1	0	4	119	154	18	0	1	3	0	91	206	209	119	0	3	2	0	187	91	0	211	54	0	0	5	208	51	0	151	96	0	0	1	212	57	0	193	63	0	3	0	98	161	141	121	0	2	0	1	0	39	48	0	1	0	
0	0	2	1	0	1	0	0	0	0	0	18	34	3	0	0	2	0	57	129	127	118	0	3	2	0	136	34	120	143	5	0	2	0	55	132	192	66	52	0	0	2	0	67	112	13	36	0	0	1	0	147	41	0	1	0	1	0	24	108	0	2	1	0	
0	0	2	1	0	0	0	0	0	1	0	36	121	30	0	1	3	0	81	131	33	59	0	1	2	0	47	108	68	32	3	0	0	1	0	85	148	51	0	2	2	0	49	101	0	119	8	0	1	0	24	87	93	68	0	2	0	1	0	21	33	0	0	0	
0	1	2	0	0	0	2	0	0	0	6	80	108	44	0	1	1	0	173	222	122	201	66	0	0	86	205	15	0	45	171	0	0	147	22	0	0	38	180	0	0	155	103	28	88	217	82	0	0	36	167	181	153	45	0	1	0	0	0	0	0	0	2	0	
0	0	1	1	0	0	0	0	0	1	0	23	90	52	0	1	2	0	58	187	126	83	0	2	0	3	173	22	36	144	0	2	1	0	167	146	190	180	0	3	1	0	25	75	164	123	0	4	0	0	3	0	183	61	0	2	0	0	2	0	77	17	0	1	
0	0	0	0	0	0	0	0	0	1	0	28	118	0	1	0	0	2	0	45	141	0	3	0	0	2	0	60	119	0	3	0	0	3	0	88	91	0	3	0	0	3	0	127	61	0	2	0	0	2	0	123	29	0	1	0	0	0	0	0	0	0	0	0	
0	0	0	3	40	7	0	0	0	0	6	81	126	68	0	3	0	0	7	0	49	96	0	4	0	0	2	0	73	72	0	3	2	0	32	138	173	28	0	1	4	0	90	118	178	14	0	1	1	0	35	108	15	0	0	0	0	0	0	0	1	0	0	0	
0	0	1	0	0	0	0	0	1	0	6	89	158	41	0	2	0	0	173	154	122	108	0	5	0	4	47	0	119	71	0	3	0	2	0	78	195	53	69	18	0	25	175	230	188	162	154	58	0	40	157	31	0	1	0	0	0	0	0	0	0	3	4	1	
2	2	0	0	0	0	0	0	0	0	4	19	25	8	0	0	55	161	172	180	222	131	0	4	29	46	21	0	153	157	0	4	0	0	0	0	213	121	0	4	1	2	0	0	213	87	0	3	0	0	0	0	217	135	0	4	0	0	2	0	118	105	0	3	
0	0	0	0	0	0	0	0	0	0	4	82	121	130	3	0	2	0	40	161	193	164	0	1	1	0	25	153	207	71	0	3	0	0	7	17	17	135	0	1	0	48	30	0	81	125	0	3	0	49	179	139	125	13	0	1	1	0	28	52	2	0	0	0	
0	0	0	0	6	1	0	0	0	1	0	32	146	44	0	2	0	1	0	97	51	119	0	1	0	0	11	106	80	80	0	2	0	3	0	140	137	0	2	0	1	0	31	108	101	57	0	2	1	0	23	89	106	70	0	3	0	0	0	7	15	0	0	0	
0	0	0	0	0	0	0	0	0	1	2	0	7	68	0	0	3	0	95	36	26	134	0	2	0	27	178	18	93	93	0	3	0	37	155	143	213	137	13	0	0	0	0	10	144	6	1	1	0	3	0	52	114	0	3	0	0	0	0	12	13	0	1	0	
0	0	1	0	33	22	0	1	0	0	3	0	117	42	0	2	0	1	0	33	139	36	0	1	0	3	0	159	169	151	22	0	2	0	51	187	41	120	6	0	4	0	85	197	149	35	0	2	1	0	14	75	19	0	1	0	0	0	0	0	1	1	0	0	
0	0	3	1	0	0	0	0	0	0	0	5	41	92	92	3	1	0	72	175	191	144	70	0	0	0	189	104	0	1	0	0	1	0	5	103	115	2	2	0	0	65	117	3	119	92	0	3	0	22	123	161	186	81	0	3	0	0	0	4	24	2	0	0	
0	0	0	0	0	1	0	0	0	56	44	0	39	80	0	2	0	145	154	0	41	185	1	0	0	118	141	2	126	245	47	0	0	143	240	181	129	221	129	0	0	40	90	12	0	57	183	0	0	0	0	1	4	0	153	48	0	2	4	1	0	0	6	5	
0	0	3	0	102	39	0	2	0	3	0	75	161	3	0	0	1	0	32	178	18	0	1	0	2	0	140	88	79	73	6	0	0	9	166	181	129	193	126	0	1	0	182	213	118	108	33	0	0	0	4	23	19	0	0	0	0	0	1	0	0	3	2	0	
0	0	0	0	0	0	0	0	0	46	154	152	163	36	0	2	0	33	59	7	111	190	0	0	0	0	2	0	36	190	4	0	0	27	118	158	233	184	0	1	0	114	224	188	146	164	164	0	0	2	40	31	0	12	133	20	0	0	0	0	3	3	0	0	
0	0	2	0	0	0	2	0	0	0	8	31	32	31	0	0	3	0	101	212	128	180	101	0	0	36	133	42	0	13	158	7	0	132	30	0	0	27	144	1	0	138	103	36	79	173	54	0	0	15	129	165	126	33	0	1	0	1	0	0	0	1	2	0	
1	0	0	0	2	2	0	0	0	2	12	8	1	0	0	0	51	165	184	165	182	35	0	2	8	21	19	0	123	161	0	4	0	0	3	0	101	172	0	3	0	1	4	0	161	128	0	4	0	1	0	7	202	43	0	2	0	0	0	0	141	66	0	2	
0	0	0	0	0	0	0	0	0	0	0	0	80	12	0	0	0	0	0	1	162	19	0	1	0	2	0	22	146	0	0	0	0	5	0	59	125	0	3	0	0	3	0	103	91	0	3	0	0	3	0	115	63	0	2	0	0	0	0	16	8	0	0	0	
0	0	0	0	0	1	0	0	0	2	0	88	27	0	1	0	1	0	12	148	12	15	0	1	3	0	104	128	38	104	0	4	1	0	137	107	163	115	0	4	0	0	4	0	99	122	0	4	0	0	3	0	67	98	0	3	0	0	0	0	0	0	0	0	
0	0	0	0	0	0	0	0	0	1	0	54	119	114	39	1	1	0	20	162	12	97	182	12	1	0	23	125	73	142	19	0	1	0	19	223	159	3	0	1	0	3	148	84	112	0	3	0	0	57	183	106	78	0	2	0	0	2	46	48	0	0	0	0	
0	0	0	0	1	0	0	0	0	0	1	0	89	13	0	0	0	1	0	16	147	1	0	0	0	2	0	48	137	0	3	0	0	3	0	79	103	0	3	0	0	4	0	110	102	0	3	0	0	3	0	84	57	0	2	0	0	0	0	0	0	0	0	0	
0	0	0	1	0	0	0	0	0	1	0	24	74	22	0	1	0	0	2	85	96	128	0	2	1	0	33	95	154	55	0	2	1	0	0	146	119	0	3	0	0	3	0	103	59	0	2	0	1	0	25	165	5	0	0	0	1	0	28	72	0	1	0	0	
0	2	0	0	0	0	0	0	1	0	41	128	104	1	2	0	0	119	190	194	217	3	0	1	0	52	107	226	246	151	21	0	1	0	130	103	50	173	153	0	0	0	13	63	0	58	194	1	1	0	14	193	213	221	89	0	0	1	0	20	59	15	0	1	
0	0	0	0	0	0	0	0	1	0	24	83	75	40	6	0	4	0	97	178	125	196	0	0	0	0	0	117	173	39	0	2	0	3	0	152	189	0	1	0	3	0	75	138	115	37	0	1	4	0	102	165	129	6	0	0	1	0	7	113	45	0	2	0	
0	0	0	0	0	0	1	0	1	0	53	88	81	28	0	1	1	0	85	104	108	171	61	0	0	0	0	3	0	136	93	0	0	0	5	0	121	162	0	0	0	1	0	131	167	3	0	1	2	0	148	184	2	1	1	0	0	0	102	47	0	2	0	0	
0	0	0	2	0	0	0	0	0	1	3	1	0	20	12	0	0	2	0	113	42	93	43	0	0	14	132	134	0	114	16	0	0	75	181	118	107	162	0	0	0	0	1	0	61	110	0	3	0	1	6	0	85	62	0	2	0	0	1	0	42	16	0	0	
0	0	0	0	0	0	0	0	0	0	2	0	141	66	0	3	0	1	0	10	213	45	0	2	0	2	0	70	203	0	0	0	3	0	85	244	198	0	0	0	1	0	25	57	179	8	0	1	0	0	1	0	129	45	0	2	0	0	1	2	1	1	0	0	
0	0	0	0	0	0	0	0	0	0	2	0	83	28	0	1	0	0	1	0	126	19	0	1	0	1	0	18	112	0	1	0	0	2	0	61	80	0	3	0	0	3	0	107	38	0	1	0	0	0	0	112	13	0	0	0	0	0	0	2	0	0	0	0	
0	0	0	0	1	2	0	0	0	0	2	0	63	59	0	2	0	0	2	0	126	29	0	1	0	1	0	34	112	0	2	0	0	3	0	83	76	0	3	0	0	2	0	118	28	0	1	0	0	0	10	104	0	1	0	0	0	0	0	0	0	0	0	0	
0	0	1	0	0	0	0	0	0	1	0	22	60	73	23	0	3	0	84	182	122	227	70	0	2	0	65	131	123	99	0	2	1	0	0	210	165	0	4	0	4	0	108	95	108	36	0	1	3	0	77	142	149	20	0	1	0	1	0	96	71	0	2	0	
0	0	1	1	0	2	1	0	0	2	0	44	98	0	23	1	1	0	19	173	36	69	118	0	3	0	118	72	5	152	13	0	2	0	150	33	148	161	14	0	2	0	56	177	167	51	10	0	0	3	0	110	36	0	1	0	0	0	2	18	4	3	0	0	
0	0	0	0	0	0	0	0	0	1	0	39	92	8	75	35	1	0	20	181	132	218	88	0	0	2	0	127	176	88	0	2	1	0	0	169	210	13	0	1	4	0	119	109	114	70	0	2	4	0	110	187	147	2	0	0	0	0	5	57	14	0	1	0	
0	0	0	1	1	0	0	0	0	0	1	0	26	144	10	0	0	1	0	19	178	83	0	2	0	3	0	168	196	0	0	1	2	0	38	204	184	32	0	1	4	0	102	255	108	0	2	0	3	0	95	162	10	0	1	0	0	0	0	0	1	0	0	0	
0	0	0	0	0	0	0	0	0	0	0	12	65	0	1	0	0	1	0	11	160	6	0	0	0	1	0	19	161	1	0	0	0	2	0	54	145	0	3	0	0	2	0	69	127	0	3	0	0	3	0	89	85	0	3	0	0	0	0	13	10	0	0	0	
0	0	0	40	19	0	1	0	1	0	14	94	142	10	0	1	0	2	0	66	150	0	1	0	0	1	0	90	180	59	0	2	0	0	2	0	48	168	0	2	0	4	120	51	125	117	0	3	1	0	59	122	90	4	0	0	0	0	0	0	0	1	0	0	
0	0	0	0	0	0	0	0	0	0	56	105	124	107	0	0	0	0	75	69	146	183	0	0	1	0	67	161	214	26	0	2	0	0	72	64	66	115	0	2	0	62	15	0	29	143	0	2	0	82	174	130	176	67	0	3	0	0	31	66	34	0	1	0	
0	0	0	0	0	2	0	0	0	30	23	0	2	1	0	0	0	75	74	0	20	80	0	1	0	86	121	6	68	145	2	0	0	57	186	146	119	206	74	0	0	0	2	3	0	102	68	0	0	0	0	2	0	27	132	30	0	0	0	0	1	0	21	17	
0	0	0	0	0	0	0	0	0	0	2	0	60	34	0	1	0	0	0	0	147	26	0	1	0	1	0	35	135	0	2	0	0	3	0	72	97	0	3	0	0	3	0	105	63	0	2	0	0	2	0	131	29	0	1	0	0	0	0	19	3	0	0	0	
0	0	0	0	0	0	0	0	0	0	0	11	34	69	28	0	0	0	70	88	102	157	33	0	0	1	0	33	104	3	0	0	0	1	0	7	101	16	0	0	0	0	2	0	96	29	0	1	0	29	33	79	73	0	1	0	0	27	81	51	0	1	0	0	
0	0	0	0	0	0	0	0	1	0	11	100	107	83	21	0	2	0	48	159	49	161	171	0	0	0	0	141	125	105	21	0	2	0	71	202	166	3	0	6	0	18	184	6	74	97	0	11	0	6	107	134	168	95	0	3	0	0	1	29	38	1	0	0	
0	0	1	0	34	18	0	1	0	2	0	78	188	28	0	1	1	0	17	212	40	0	2	0	3	0	112	128	31	109	24	0	2	0	177	167	145	223	88	0	3	0	169	255	182	135	5	0	1	0	32	132	97	3	0	0	0	0	0	0	0	2	1	0	
0	1	3	0	0	0	1	0	0	0	0	6	15	3	0	0	0	30	135	124	135	216	147	0	0	6	64	175	213	134	41	0	2	16	1	25	106	90	0	2	0	104	147	26	0	125	14	0	1	0	82	166	175	117	0	2	0	1	0	0	25	8	0	0	
0	0	0	0	1	1	0	0	2	0	65	122	20	0	1	0	1	0	23	98	159	13	0	1	0	0	3	0	128	47	0	2	3	0	63	208	167	0	2	0	0	0	8	15	139	44	0	2	0	0	3	0	122	55	0	2	0	0	0	6	41	6	0	0	
0	0	0	0	1	1	0	0	1	0	20	123	127	135	0	0	2	0	49	85	87	146	0	2	0	2	0	87	210	104	0	4	0	0	0	22	33	151	0	1	0	65	131	16	62	151	0	3	0	13	107	157	179	49	0	2	0	0	0	1	4	0	0	0	
0	0	2	0	0	1	0	0	0	1	0	49	47	0	1	0	2	0	62	133	142	119	0	3	0	0	167	16	52	150	0	3	2	0	112	141	175	105	0	4	0	1	0	19	164	76	0	3	0	0	5	0	134	97	0	4	0	0	1	0	46	26	0	1	
0	0	0	1	6	0	0	0	0	0	4	64	142	69	0	2	0	2	0	74	185	178	0	1	2	0	49	176	47	158	18	0	0	0	162	48	0	164	27	0	0	27	177	1	67	183	0	0	2	0	71	158	163	55	0	2	0	0	0	5	3	0	0	0	
0	0	0	1	3	1	0	0	0	5	5	0	0	0	0	0	0	40	207	181	151	27	0	1	0	0	43	29	106	140	0	4	0	0	3	0	81	134	0	4	0	0	6	0	145	118	0	4	0	1	0	4	189	41	0	2	0	1	0	29	113	0	1	0	
0	0	0	2	0	0	0	0	0	0	1	0	23	62	2	0	0	1	0	68	142	151	0	1	3	0	71	121	88	78	0	3	3	0	60	128	176	11	0	1	0	3	0	88	76	0	2	0	1	0	15	135	7	0	0	0	1	0	21	52	0	1	0	0	
0	0	1	0	19	25	0	1	0	0	2	0	164	98	0	3	0	2	0	54	184	0	0	0	0	3	0	148	81	0	3	0	1	0	10	204	143	27	0	1	1	0	6	216	255	76	0	4	0	2	0	90	109	0	0	0	0	0	0	0	0	0	0	0	
0	0	2	0	1	1	0	0	0	1	1	0	0	95	9	0	1	0	75	8	49	119	0	3	0	53	115	0	116	39	0	1	0	85	129	122	193	86	81	15	0	2	0	125	97	21	21	0	0	2	0	115	17	0	1	0	0	0	1	2	1	1	1	0	
0	0	0	0	0	0	0	0	0	35	114	160	143	47	0	2	0	106	201	87	154	210	0	0	0	0	3	0	135	135	0	3	0	41	154	214	244	88	14	0	0	33	118	81	147	255	86	0	1	0	6	120	199	115	1	0	0	0	9	61	24	0	1	0	
0	0	0	2	0	0	0	0	0	0	1	0	54	40	0	1	0	0	0	91	165	119	0	4	3	0	80	125	156	78	0	3	3	0	76	181	150	0	3	0	0	3	0	97	72	0	2	0	0	1	0	137	18	0	1	0	0	1	11	66	0	0	0	0	
