500	64	10
0	0	0	9	4	0	0	0	3	0	66	141	152	17	0	1	1	0	26	42	114	6	0	0	0	3	0	160	71	0	2	0	0	2	0	79	203	44	0	2	0	0	5	8	187	63	0	3	3	0	55	203	93	0	2	0	0	0	2	4	0	1	0	0	
0	0	0	1	2	3	3	1	0	0	2	0	0	0	0	0	0	1	0	30	59	83	108	33	3	0	92	159	52	64	48	11	0	8	36	126	38	0	1	0	0	27	95	152	47	0	3	0	1	0	22	25	0	1	0	0	0	1	0	1	1	0	0	0	
0	0	0	3	3	0	1	0	1	0	23	159	200	83	0	3	0	0	210	128	41	225	38	0	0	30	217	36	0	95	146	0	0	11	193	24	0	44	171	0	3	0	169	141	2	201	126	0	2	0	35	189	199	111	0	1	0	0	1	1	2	0	2	0	
0	0	2	0	0	0	1	0	0	1	0	30	123	88	47	20	2	0	90	152	56	81	185	24	1	0	185	63	23	176	65	0	2	0	27	220	186	36	0	2	2	0	83	184	143	0	5	0	0	25	171	64	171	0	1	0	0	5	32	44	28	0	1	0	
0	0	0	8	5	0	0	0	2	0	44	119	90	28	0	1	3	0	123	92	61	19	0	1	1	0	60	82	108	106	0	2	0	0	7	2	0	134	30	0	0	22	141	17	3	143	23	0	0	0	76	137	137	79	0	2	0	0	0	4	7	0	0	0	
0	0	35	65	47	0	0	0	0	10	118	150	177	149	1	0	0	0	0	2	0	182	63	0	0	3	6	0	18	179	19	0	0	1	0	6	189	153	0	4	0	96	197	219	197	206	111	0	0	122	150	37	0	21	40	0	0	0	0	0	2	1	0	0	
0	0	3	1	0	0	0	0	0	0	0	1	8	64	50	16	0	25	137	20	0	207	129	0	2	0	122	179	147	84	2	0	1	0	10	237	148	0	5	1	2	0	51	207	169	6	0	0	0	0	0	53	172	11	0	1	0	0	0	2	16	0	0	0	
0	2	3	3	3	3	1	0	0	0	0	0	0	0	0	0	9	145	183	167	172	173	30	0	1	33	50	53	37	203	100	0	0	0	2	0	51	204	9	0	0	1	5	0	163	138	0	4	0	3	0	99	189	3	0	1	1	0	9	201	51	0	2	0	
0	0	0	0	0	1	1	0	1	0	8	80	75	21	0	1	4	0	96	208	164	172	13	0	2	0	59	162	93	184	25	0	1	0	0	177	251	54	0	3	4	0	138	108	56	115	0	4	2	0	49	149	166	75	0	3	0	1	0	40	118	4	0	0	
0	0	1	1	0	7	33	0	0	1	0	12	127	43	7	1	1	0	0	164	88	0	2	0	3	0	94	118	0	9	37	0	3	0	127	80	86	137	34	0	3	0	83	241	134	172	29	0	0	0	0	52	71	24	0	1	0	0	1	0	0	1	1	0	
0	1	3	0	0	0	0	0	0	0	0	0	20	18	0	0	0	24	126	138	129	175	8	0	0	56	55	0	68	132	0	3	0	0	1	0	161	39	0	2	0	4	0	76	140	0	3	0	0	1	0	158	39	0	1	0	1	0	12	133	7	0	0	0	
0	0	0	0	1	1	0	0	0	0	2	0	110	43	0	2	0	1	0	16	187	16	0	1	0	2	0	70	168	0	2	0	0	3	0	151	109	0	3	0	2	0	27	244	92	0	2	0	2	0	42	136	0	1	0	0	0	0	0	0	0	0	0	0	
0	0	0	0	0	0	0	0	0	0	3	107	129	75	0	1	2	0	45	221	135	168	0	0	0	2	0	43	255	69	0	3	1	0	12	154	161	78	0	3	1	0	160	82	75	127	0	4	0	6	174	131	149	16	0	1	1	0	19	52	6	0	0	0	
0	0	1	2	0	0	0	0	0	1	0	13	106	119	136	21	1	0	7	126	99	88	58	6	4	0	110	220	45	0	1	0	2	0	49	91	159	113	0	4	0	97	148	13	200	124	0	4	0	20	127	166	107	0	0	0	0	0	0	0	0	1	0	0	
0	1	1	0	2	2	0	0	1	0	11	58	34	0	1	0	0	31	177	170	142	18	0	1	0	96	214	77	218	159	0	3	0	12	137	116	109	207	0	0	0	0	2	0	44	232	27	0	0	1	5	1	10	240	86	0	0	0	0	0	0	82	45	0	
0	0	0	15	13	0	0	0	0	20	170	169	184	67	0	3	0	6	40	0	139	102	0	4	0	1	0	28	182	14	0	2	1	0	14	188	117	0	4	0	0	41	242	245	203	210	205	68	0	23	58	18	20	19	76	42	0	0	0	0	0	0	0	0	
0	0	0	0	0	0	0	0	0	0	2	83	122	25	0	1	2	0	91	97	135	84	0	3	0	2	0	58	193	16	0	1	0	1	0	6	118	53	0	2	0	0	17	4	134	70	0	3	2	0	148	197	115	0	1	0	1	0	21	39	0	0	0	0	
0	0	0	11	61	0	1	0	0	3	0	108	107	0	4	0	1	0	35	190	8	0	1	0	4	0	143	95	13	127	52	0	0	26	207	109	150	222	130	0	0	13	208	254	162	139	27	0	1	0	19	66	40	1	0	0	0	1	1	0	0	3	2	0	
0	1	2	0	0	2	1	0	0	1	1	35	67	6	0	0	0	10	175	255	255	157	0	0	0	182	255	99	142	255	36	0	0	196	255	163	236	252	37	0	0	59	165	186	151	253	67	0	0	0	1	0	9	244	115	0	0	2	4	4	0	87	54	0	
0	0	2	1	0	1	2	0	0	1	1	4	0	99	52	0	3	0	73	129	4	184	15	0	0	6	192	38	78	150	21	6	0	74	244	127	199	204	107	0	0	9	77	99	240	85	0	2	0	1	0	22	156	8	0	1	0	0	4	2	0	0	0	0	
0	1	2	0	0	1	1	0	0	2	0	31	73	23	0	1	0	2	149	180	151	210	32	0	0	129	186	26	102	214	119	0	0	119	204	160	57	151	135	0	0	0	12	0	35	216	57	0	0	4	0	133	218	61	0	2	0	1	0	87	41	0	2	0	
0	0	0	0	1	0	0	0	0	0	1	0	36	93	0	2	0	0	4	0	148	133	0	4	0	1	0	28	205	21	0	1	0	4	0	128	149	0	3	0	1	0	13	211	48	0	2	0	2	0	44	183	0	0	0	0	0	0	1	19	0	0	0	0	
0	0	0	3	3	0	0	0	0	2	0	62	167	131	21	0	0	1	0	9	158	245	41	0	1	1	1	196	242	43	0	2	0	0	1	26	136	179	0	2	10	26	50	112	194	48	0	2	57	161	158	119	23	0	1	0	0	0	0	0	1	2	0	0	
0	0	1	2	0	1	0	0	0	1	0	16	102	55	83	0	1	0	18	154	94	148	110	0	4	0	105	161	53	157	0	0	0	1	0	176	229	11	0	1	2	0	50	175	214	68	0	3	3	0	73	181	159	23	0	1	0	0	0	53	22	0	1	0	
0	0	0	8	9	0	0	0	0	0	104	154	147	18	0	1	0	3	192	47	0	7	0	0	2	0	61	189	52	0	1	0	0	2	0	38	175	108	0	1	1	0	68	17	0	212	78	0	2	0	74	160	152	146	27	0	0	0	0	6	12	3	0	0	
0	0	0	0	0	0	0	0	0	10	17	16	30	14	0	0	0	98	174	159	163	211	25	0	0	0	5	0	31	202	13	0	0	0	4	0	123	134	0	4	0	2	0	34	211	34	0	2	0	2	0	186	141	0	3	0	1	0	20	156	13	0	1	0	
0	2	0	50	30	0	1	0	1	0	35	142	10	0	2	0	3	0	129	60	0	9	2	0	0	15	132	0	96	196	136	0	0	59	71	54	176	130	125	0	0	29	129	182	194	101	0	0	1	0	53	75	18	1	1	0	0	1	1	0	0	3	0	0	
0	0	0	2	0	0	0	0	0	0	1	1	49	85	104	57	0	0	0	42	108	106	82	36	3	0	90	203	4	0	1	0	1	0	26	126	135	0	4	2	0	9	81	18	180	14	0	1	0	0	138	197	91	0	2	0	0	0	0	3	0	0	0	0	
0	0	1	3	1	1	0	0	0	5	8	0	0	0	0	0	0	22	160	135	158	78	0	3	1	0	28	27	77	110	0	4	0	0	3	0	125	65	0	2	0	0	0	6	150	11	0	1	0	2	0	59	139	0	3	0	0	2	0	70	65	0	2	0	
0	0	0	1	0	0	0	0	0	0	0	8	30	27	31	10	0	1	0	83	135	150	122	41	3	0	63	199	14	0	1	0	0	1	0	66	167	3	2	1	0	54	109	82	171	0	0	0	0	12	117	117	24	0	1	0	0	0	0	0	1	0	0	0	
0	0	0	0	13	8	0	0	0	0	2	0	156	66	0	3	0	0	0	1	199	47	0	2	0	1	0	38	198	6	0	1	0	3	0	114	154	0	3	0	1	0	0	219	101	0	3	0	1	0	24	146	35	0	2	0	0	0	0	0	0	0	0	0	
0	0	0	5	2	1	2	0	0	0	0	16	16	141	24	0	0	0	4	0	131	175	0	3	0	1	0	19	223	56	0	2	0	3	0	147	184	0	2	0	2	0	48	244	53	0	2	0	3	0	116	188	0	0	0	0	0	0	0	0	1	0	0	0	
0	0	0	0	0	0	0	0	0	0	3	55	2	20	0	0	1	0	21	110	29	106	0	3	2	0	49	68	33	84	0	3	2	0	58	117	119	64	0	3	0	0	8	33	117	58	0	2	0	0	3	0	86	55	0	2	0	0	1	0	15	13	0	0	
0	0	0	1	0	1	3	2	0	1	0	31	133	25	123	18	0	2	0	158	75	149	97	0	0	3	0	153	192	108	0	1	1	0	36	211	134	0	4	0	0	19	197	193	105	0	4	0	0	9	145	178	40	0	2	0	0	0	1	2	0	0	0	0	
0	0	0	0	0	0	0	0	0	1	0	72	96	2	0	0	1	0	34	139	101	105	0	3	1	0	14	123	100	79	0	3	0	2	0	30	222	54	0	3	0	2	0	89	201	47	0	2	0	1	0	186	129	0	2	0	0	0	0	18	6	0	0	0	
0	0	3	1	0	1	1	0	0	0	0	9	69	27	0	1	1	0	73	141	122	167	10	0	0	41	208	73	113	170	1	0	0	7	71	84	224	57	0	2	0	3	0	75	161	0	8	0	0	1	0	193	79	0	3	0	0	0	8	85	5	0	0	0	
0	0	0	0	0	0	0	0	0	52	48	0	3	1	0	0	0	52	132	0	49	88	0	3	0	25	121	0	74	134	0	3	1	0	157	137	122	178	4	0	0	0	17	7	0	139	32	0	0	0	0	3	0	88	49	0	0	0	1	0	0	1	0	0	
0	0	0	0	1	0	0	0	0	0	1	0	24	133	0	0	0	0	3	0	136	130	0	4	0	1	2	35	192	13	0	1	0	5	12	137	139	0	4	0	0	1	0	178	54	0	2	0	1	0	20	149	6	0	0	0	0	0	0	0	1	0	0	0	
0	0	1	0	0	0	0	0	0	3	0	109	195	138	36	0	3	0	80	208	90	161	164	0	0	15	216	61	0	37	162	0	0	126	146	0	0	84	174	0	0	203	101	17	90	226	59	0	0	113	203	198	183	50	0	2	0	0	0	1	0	0	2	0	
0	0	0	0	1	0	0	0	1	0	2	162	203	45	0	2	1	0	13	64	152	107	0	4	0	2	0	82	217	18	0	1	0	1	0	14	138	116	0	4	2	0	100	48	126	122	0	4	3	0	94	196	133	6	0	1	0	0	0	4	1	0	0	0	
0	0	0	0	0	0	0	0	0	0	100	105	67	10	0	1	0	0	42	57	96	162	0	1	0	0	1	0	114	111	0	3	0	2	0	115	144	0	1	0	3	0	67	164	0	1	0	0	3	0	68	149	94	49	0	1	0	0	0	32	42	13	0	0	
0	0	0	2	73	8	0	0	0	2	0	62	155	0	2	0	0	2	0	161	61	0	2	0	1	0	34	167	48	102	3	0	2	0	46	221	135	189	54	0	1	0	10	226	172	104	9	0	0	1	0	31	65	11	0	1	0	0	1	1	0	2	1	0	
0	0	1	2	0	0	0	0	0	0	0	3	60	14	0	1	0	0	5	108	142	85	0	3	4	0	108	132	96	118	0	4	1	0	28	117	201	109	0	4	0	1	0	17	139	8	0	1	0	3	0	94	118	0	4	0	0	1	0	42	35	0	1	0	
0	0	0	2	3	0	0	0	2	0	85	187	149	14	0	1	1	0	46	49	181	46	0	2	0	2	0	24	215	71	0	3	0	0	3	0	74	134	0	4	0	33	109	6	144	113	0	4	0	22	147	181	141	3	0	1	0	0	0	1	0	0	0	0	
0	0	0	0	0	0	0	0	0	1	0	39	108	93	0	1	2	0	32	189	132	181	0	2	0	1	0	86	213	33	0	2	0	2	0	131	193	24	0	1	1	0	30	147	137	72	0	3	2	0	33	207	150	6	0	1	0	0	0	43	21	0	1	0	
0	0	0	0	0	0	0	0	0	6	88	124	93	5	0	0	0	27	114	18	156	55	0	2	0	1	0	61	217	67	0	3	0	0	1	63	97	136	0	4	0	18	21	0	112	116	0	4	0	37	148	162	162	13	0	1	0	0	11	48	6	0	0	0	
0	0	0	1	0	2	0	0	0	1	0	29	49	0	13	0	0	3	0	109	86	100	77	0	1	0	13	144	105	149	0	1	2	0	52	215	165	12	0	1	1	0	19	210	41	0	2	0	3	0	82	116	0	4	0	0	1	0	13	11	0	0	0	0	
0	0	0	7	61	19	0	1	1	0	6	188	177	167	7	0	0	1	7	64	0	173	46	0	0	0	1	0	13	194	24	0	0	38	135	164	198	126	0	3	0	179	217	213	226	101	0	4	0	39	76	5	51	77	0	2	0	0	0	1	2	0	0	0	
0	0	0	0	11	37	0	1	0	0	1	0	149	109	0	3	0	3	0	91	115	0	2	0	0	0	4	140	18	0	1	0	2	0	53	184	168	116	0	3	3	0	71	149	79	129	0	3	1	0	4	126	103	4	0	1	0	0	0	0	0	1	0	0	
0	0	0	4	6	0	0	0	1	0	11	147	189	110	0	2	0	0	10	21	34	203	15	0	0	0	1	0	17	187	13	0	0	10	47	6	111	144	0	3	0	82	255	233	237	53	0	2	0	4	46	40	122	113	0	3	0	0	0	0	0	0	0	0	
0	1	0	0	0	0	0	0	0	2	5	6	21	18	0	0	25	159	187	170	162	226	92	0	2	28	32	13	8	226	69	0	0	0	3	0	148	200	0	1	0	3	0	53	233	39	0	2	0	3	0	177	135	0	4	0	0	0	0	140	59	0	2	0	
0	0	0	2	76	10	0	0	0	3	0	88	175	0	2	0	1	0	5	188	39	0	2	0	3	0	97	171	138	179	13	0	4	0	153	223	69	192	50	0	3	0	92	236	139	136	0	1	0	0	0	61	79	6	0	0	0	0	1	0	0	2	0	0	
0	0	0	0	1	0	0	0	0	14	32	0	1	26	3	0	0	105	129	0	31	155	0	0	0	96	128	0	71	155	0	3	0	12	159	116	168	125	0	4	0	0	8	8	151	99	0	4	0	1	5	0	131	79	0	3	0	0	2	0	45	26	0	1	
0	0	0	0	11	69	0	0	0	0	4	0	108	125	0	3	0	1	0	34	169	5	0	1	0	1	0	142	102	105	13	0	3	0	74	223	127	175	31	0	4	0	118	255	162	61	0	2	1	0	11	65	30	0	1	0	0	0	0	0	0	2	0	0	
0	0	0	0	1	0	0	0	0	0	0	0	2	82	7	0	0	0	3	0	72	126	0	2	0	1	0	24	151	12	0	1	0	2	0	126	69	0	2	0	2	0	47	134	0	3	0	0	3	0	93	60	0	2	0	0	1	0	16	9	0	0	0	0	
0	0	0	2	0	0	0	0	0	0	1	0	47	92	91	4	0	2	0	82	146	98	67	7	3	0	58	240	56	0	2	0	0	8	9	16	162	29	0	1	0	100	132	65	187	48	0	2	0	11	79	102	52	0	1	0	0	0	0	0	0	0	0	0	
0	0	1	1	0	0	0	0	0	2	0	42	90	0	1	0	1	0	25	187	178	0	0	0	0	0	146	40	135	35	0	1	0	86	185	60	184	158	77	0	0	21	90	79	142	115	0	3	0	0	3	0	89	98	0	4	0	1	4	1	14	12	0	0	
0	0	0	2	2	0	0	0	0	0	1	1	0	20	59	17	0	2	0	42	136	149	111	20	2	0	48	230	74	0	2	0	2	0	39	76	156	6	2	1	0	43	76	62	168	0	1	0	0	6	105	144	34	0	1	0	0	0	0	0	1	0	0	0	
0	0	0	0	0	0	0	0	0	1	0	37	89	0	2	0	0	2	0	70	146	0	4	0	0	3	0	80	145	0	4	0	0	2	0	60	154	0	3	0	0	2	0	52	168	0	2	0	0	1	0	33	118	0	1	0	0	0	0	0	0	0	0	0	
0	0	0	0	3	3	0	0	1	0	39	136	170	187	34	0	2	0	59	86	28	202	67	0	1	0	15	125	227	165	0	2	1	0	14	53	76	205	10	0	6	86	13	4	134	183	0	0	0	148	174	188	157	15	0	1	0	0	7	4	0	1	0	0	
0	0	0	0	0	0	0	0	0	46	12	1	40	1	0	0	0	158	76	0	210	33	0	2	0	77	166	0	211	54	0	2	1	0	127	176	247	60	0	3	0	2	0	8	119	159	0	3	0	0	3	0	13	199	24	0	0	0	0	2	0	58	16	0	
0	0	0	0	1	0	0	0	2	0	92	162	174	79	0	2	1	0	38	13	95	169	0	3	1	0	19	156	236	138	0	3	0	0	28	67	17	200	60	0	0	78	150	0	82	211	35	0	0	29	172	201	172	48	0	2	0	0	0	1	0	0	1	0	
0	0	0	0	11	72	0	0	0	0	3	0	126	102	0	2	0	2	0	66	144	0	1	0	0	1	0	192	144	9	0	1	3	0	83	115	61	178	0	0	4	0	99	153	115	114	0	1	1	0	8	81	53	0	0	0	0	0	0	0	0	2	0	0	
0	0	1	2	1	2	3	0	0	0	0	3	0	67	92	0	1	0	16	125	121	196	36	0	1	0	23	155	133	81	0	2	0	1	0	177	151	0	4	0	3	0	109	118	137	8	0	0	2	0	64	154	96	0	2	0	0	0	0	9	1	0	0	0	
0	1	1	0	1	1	0	0	1	0	23	96	35	0	2	0	0	11	169	146	167	29	0	1	0	115	122	19	215	195	0	0	0	81	215	184	96	212	20	0	0	0	24	0	45	162	0	2	0	1	3	0	72	201	0	0	0	0	2	0	11	89	4	0	
0	0	0	0	1	3	0	0	0	0	1	0	40	105	0	2	0	0	3	0	146	83	0	3	0	1	0	36	178	4	0	1	0	4	0	127	126	0	4	0	1	0	2	194	54	0	2	0	2	0	55	155	0	1	0	0	0	0	0	0	1	0	0	0	
0	0	0	0	0	0	0	0	0	4	13	15	36	18	0	0	0	8	117	134	115	159	15	0	0	0	1	0	25	111	0	1	0	0	37	53	135	93	0	3	1	0	50	86	148	3	0	0	0	2	0	57	87	0	3	0	0	2	0	61	35	0	1	0	
0	0	1	0	18	58	0	1	0	0	2	0	158	99	0	3	0	3	0	99	150	0	2	0	1	0	28	185	67	68	0	0	4	0	101	215	153	212	13	0	4	0	102	234	155	92	0	2	0	0	3	68	52	0	0	0	0	0	1	0	0	2	0	0	
0	0	0	0	1	1	0	0	0	0	2	0	50	69	0	2	0	0	3	0	123	41	0	2	0	1	0	31	139	0	1	0	0	3	0	112	71	0	2	0	1	0	37	145	0	0	0	0	3	0	82	53	0	2	0	0	0	0	1	1	0	0	0	0	
0	0	0	2	0	0	0	0	0	0	1	0	20	17	13	1	0	1	0	51	133	158	142	11	3	0	66	234	39	0	4	0	0	0	1	40	170	3	0	1	0	84	89	112	160	0	1	0	0	40	118	93	11	0	1	0	0	0	0	0	1	0	0	0	
0	0	0	0	0	0	0	0	0	1	0	19	77	0	1	0	0	2	0	66	160	0	3	0	0	3	0	86	152	0	4	0	0	3	0	85	145	0	4	0	0	3	0	86	103	0	3	0	0	2	0	55	111	0	2	0	0	0	0	0	19	1	0	0	
0	0	0	1	4	78	7	0	0	0	3	0	131	154	0	2	0	3	0	77	192	3	0	1	1	0	9	208	94	48	5	0	4	0	122	243	148	218	23	0	4	0	134	255	164	96	0	2	0	0	6	74	55	0	0	0	0	0	1	0	0	2	0	0	
0	0	0	0	7	46	2	0	0	0	0	2	137	114	0	0	0	2	0	129	101	0	2	0	2	0	35	189	74	36	0	1	4	0	97	152	67	159	14	0	3	0	89	121	62	136	3	0	1	0	4	114	126	18	0	1	0	0	1	0	0	2	0	0	
0	0	0	0	0	0	0	0	0	1	0	55	84	68	87	0	1	0	19	192	94	217	67	0	0	1	0	134	178	116	0	2	1	0	19	178	185	0	3	0	0	3	181	157	153	0	3	0	0	1	144	181	65	0	2	0	0	0	2	6	0	0	0	0	
0	0	1	0	88	32	0	1	0	2	0	124	130	3	3	1	3	0	82	167	0	1	0	0	1	0	168	46	0	55	100	0	0	15	180	10	0	118	170	10	2	0	137	152	90	142	62	0	0	0	4	75	72	17	0	1	0	0	2	0	0	1	2	0	
0	0	0	0	0	0	0	0	0	0	2	0	113	44	0	2	0	1	0	5	184	27	0	1	0	3	0	82	172	0	3	0	0	4	0	150	146	0	4	0	0	4	0	156	135	0	4	0	0	3	0	103	112	0	3	0	0	0	0	0	0	0	0	0	
0	1	0	1	3	0	0	0	0	1	15	9	0	2	0	0	16	129	124	143	100	0	3	0	6	17	51	181	212	32	0	1	0	6	126	97	75	152	58	0	1	0	7	80	45	168	141	0	0	0	5	91	121	91	4	0	0	0	0	0	0	0	0	0	
0	0	2	1	0	0	0	0	0	1	0	9	72	38	0	1	2	0	45	176	125	121	0	1	1	0	179	62	69	127	0	2	1	0	134	153	213	105	0	4	0	0	8	1	155	66	0	2	0	1	0	16	191	18	0	1	0	0	0	14	63	0	1	0	
0	1	0	23	76	0	1	0	1	0	1	181	112	0	3	0	4	0	103	161	0	3	1	0	4	0	106	196	155	109	0	0	2	0	141	255	181	255	88	0	0	1	0	169	211	231	72	0	0	0	0	8	54	43	0	1	0	0	1	1	0	0	1	0	
0	0	0	0	0	1	0	0	0	11	33	22	19	4	0	0	0	37	168	166	180	156	0	1	0	0	2	0	61	182	0	2	0	1	5	0	127	114	0	4	0	0	0	2	187	37	0	2	0	3	0	104	161	0	3	0	0	2	0	127	49	0	2	0	
0	0	0	0	0	0	0	0	0	4	38	93	137	32	0	2	0	193	201	159	161	178	0	3	0	141	211	75	163	146	0	4	1	0	65	218	211	178	54	0	1	0	14	203	12	84	187	0	0	1	0	132	199	192	90	0	0	0	0	0	23	17	0	0	
0	0	2	0	65	25	0	1	0	1	0	41	182	6	0	1	0	3	0	152	73	0	3	0	2	0	59	155	92	171	11	0	4	0	144	213	135	177	31	0	4	0	124	255	166	73	0	1	0	0	5	62	32	0	1	0	0	0	1	0	0	2	0	0	
0	0	1	0	0	0	0	0	1	0	5	143	43	0	2	0	3	0	104	252	64	0	3	0	2	0	167	186	168	99	0	0	2	0	66	206	102	168	66	0	0	4	0	119	71	121	71	0	0	1	0	24	158	120	0	1	0	0	0	0	5	2	0	0	
0	0	1	3	2	1	0	0	0	0	0	2	0	83	22	0	1	0	9	92	80	154	7	0	2	0	43	148	129	72	0	3	0	1	0	186	127	0	4	0	3	0	83	158	119	0	3	0	3	0	73	164	56	0	2	0	0	0	1	9	0	0	0	0	
0	0	0	0	0	0	0	0	1	0	17	77	110	63	0	2	0	7	83	50	108	94	0	2	0	3	33	128	135	8	0	1	1	0	32	55	54	111	38	0	0	37	12	0	0	47	98	0	0	39	91	72	66	123	40	0	0	0	3	35	56	24	0	1	
0	0	0	0	0	0	0	0	1	0	17	86	137	113	3	0	0	6	179	153	97	208	11	0	0	1	18	116	220	52	0	2	0	0	4	74	149	118	0	3	1	0	39	0	115	165	0	4	0	4	198	192	158	16	0	1	0	0	34	41	0	1	0	0	
0	0	0	0	1	0	0	0	0	1	0	73	30	0	1	0	0	4	0	133	140	0	4	0	0	3	0	76	166	0	3	0	0	3	0	76	163	0	3	0	0	2	0	68	162	0	3	0	0	1	0	44	129	0	3	0	0	0	0	6	14	0	0	0	
0	0	1	1	0	0	0	0	0	0	0	2	21	7	0	0	0	56	143	174	215	174	0	1	0	7	28	19	78	188	0	2	0	0	4	0	143	127	0	4	0	1	0	23	210	28	0	1	0	3	0	141	167	0	3	0	0	0	0	147	43	0	1	0	
0	0	2	0	1	1	0	0	0	0	1	17	3	0	0	0	1	0	127	181	195	47	0	2	0	55	164	0	179	139	0	4	0	20	155	84	191	144	0	4	1	0	28	107	163	137	0	4	0	0	2	0	30	151	0	0	0	0	1	5	0	104	25	0	
0	0	0	2	0	0	0	0	0	0	0	4	77	55	0	1	0	1	0	105	127	95	0	1	3	0	72	119	86	61	0	2	2	0	56	132	200	47	0	2	0	1	0	31	150	0	1	0	0	3	0	125	97	0	3	0	0	1	0	74	15	0	0	0	
0	2	1	1	0	0	0	0	0	0	1	0	19	31	0	1	0	108	145	130	164	135	0	4	5	39	13	0	76	128	0	3	0	0	4	0	124	92	0	3	0	1	2	0	162	43	0	2	0	0	1	0	185	50	0	2	0	0	2	0	70	39	0	1	
0	0	0	2	0	0	0	0	0	0	3	0	127	172	0	1	0	2	0	88	255	234	25	0	2	0	52	244	63	173	35	0	4	0	166	119	45	222	6	0	3	0	189	152	207	111	0	3	3	0	93	225	118	0	1	0	0	0	0	0	0	1	0	0	
0	0	0	0	0	0	0	0	2	0	39	201	127	9	0	1	1	0	12	61	236	111	0	4	1	0	14	179	251	48	0	2	1	0	14	69	147	208	15	0	0	4	24	42	160	229	17	0	0	53	187	160	102	14	0	1	0	3	2	0	0	0	0	0	
0	0	1	1	0	0	0	0	0	3	0	71	214	162	16	0	1	0	12	222	122	164	92	0	2	0	170	142	0	140	113	0	0	66	192	0	39	215	26	0	0	125	150	41	211	97	0	3	0	57	206	182	57	0	2	0	0	0	1	0	0	2	0	0	
0	0	0	0	0	0	0	0	0	0	7	83	132	136	7	0	3	0	99	133	190	194	0	0	1	0	16	161	170	0	0	1	1	0	174	204	117	86	0	1	0	0	16	0	79	209	8	0	0	6	115	151	149	53	0	1	0	1	36	17	0	0	0	0	
0	0	0	0	9	8	0	0	1	0	33	135	111	150	43	0	0	0	146	100	14	167	29	0	0	3	0	74	218	62	0	3	0	0	4	45	149	115	0	3	0	48	139	0	126	142	0	4	0	55	168	162	138	10	0	1	0	0	3	6	0	1	0	0	
0	0	0	0	0	1	0	0	2	0	56	30	0	49	61	0	1	0	173	46	0	134	59	0	0	51	166	57	126	215	94	11	0	105	248	147	160	214	88	9	0	102	91	0	95	174	0	3	0	0	1	0	37	88	0	1	0	2	3	0	0	0	0	0	
0	0	0	0	0	0	0	0	0	9	13	0	18	10	0	0	0	39	165	157	184	175	0	2	0	0	12	4	108	148	0	4	0	1	0	0	181	56	0	2	0	3	0	87	176	0	3	0	1	0	1	211	91	0	3	0	2	0	37	139	0	1	0	0	
0	0	0	0	0	0	0	0	8	36	0	0	5	70	0	0	17	138	0	0	19	159	1	0	8	150	9	0	0	150	32	0	0	154	149	141	132	199	58	0	0	4	33	38	26	173	67	0	0	1	0	4	0	129	67	0	0	0	1	2	0	14	9	0	
0	0	1	2	0	0	0	0	0	0	1	0	59	47	0	1	0	0	0	121	161	140	0	3	3	0	129	156	154	130	0	4	2	0	125	103	164	57	0	2	0	2	0	41	157	0	1	0	0	4	0	133	106	0	3	0	0	2	0	59	33	0	1	0	
0	0	0	0	0	1	0	0	0	0	0	17	22	0	0	0	0	0	5	147	158	66	0	3	2	0	52	111	76	102	0	4	3	0	80	60	95	68	0	2	1	0	17	1	134	33	0	1	0	0	0	5	139	7	0	0	0	0	0	11	97	0	0	0	
0	0	3	1	0	0	0	0	0	1	0	36	138	124	18	0	0	0	119	188	90	192	54	0	0	25	127	4	106	112	0	1	1	0	19	169	224	55	0	2	0	5	56	0	100	135	0	4	0	48	180	115	175	40	0	2	0	1	40	70	24	0	1	0	
0	0	0	1	26	1	0	0	0	2	0	57	132	0	2	0	0	3	0	124	74	0	3	0	0	0	0	163	54	30	0	0	2	0	43	207	122	155	0	1	3	0	65	239	152	46	0	2	0	0	4	110	60	0	1	0	0	0	0	0	1	2	0	0	
0	0	1	2	0	0	0	0	0	1	0	8	144	227	88	0	1	1	0	178	179	143	177	0	1	0	164	187	0	91	183	0	0	70	214	2	0	208	107	0	0	113	220	74	187	188	0	0	0	22	178	207	107	6	0	1	0	0	0	0	0	2	1	0	
0	1	1	0	0	1	0	0	2	0	38	173	170	8	1	2	0	16	159	34	66	141	0	1	0	77	138	69	165	175	96	28	0	46	202	143	67	0	111	110	0	66	146	0	17	88	114	10	0	8	134	141	125	78	5	0	0	0	0	2	0	0	2	1	
0	0	0	0	0	0	0	0	1	0	23	149	183	203	41	0	1	0	16	62	20	166	115	0	0	3	3	0	0	190	54	0	0	1	0	0	150	137	0	2	8	90	154	227	215	17	0	1	23	174	132	81	141	152	0	0	0	0	0	0	0	3	0	0	
0	0	0	1	0	1	3	0	0	0	0	2	45	142	56	0	0	2	0	58	171	129	0	0	0	2	0	171	134	0	0	1	1	0	16	143	157	39	0	2	3	0	89	109	98	66	0	2	2	0	35	182	81	0	1	0	0	0	0	0	1	1	0	0	
0	0	1	2	0	0	0	0	0	1	2	0	96	231	77	0	1	0	8	187	203	196	152	0	0	13	216	180	0	142	128	0	0	134	185	0	29	221	61	0	0	178	174	76	231	128	0	3	0	45	200	205	79	0	2	0	0	0	0	0	0	1	0	0	
0	0	0	0	0	0	0	0	0	0	0	73	14	0	0	0	1	0	29	163	0	0	0	0	3	0	76	114	20	22	0	1	2	0	48	164	147	64	0	3	0	0	2	24	108	74	0	3	0	0	4	0	108	54	0	2	0	0	0	0	14	4	0	0	
0	0	0	0	0	0	0	0	0	0	2	0	110	34	0	1	0	1	0	12	192	22	0	1	0	2	0	51	174	0	1	0	0	4	0	123	140	0	4	0	0	2	0	194	95	0	3	0	1	0	14	158	21	0	1	0	0	0	0	0	0	0	0	0	
0	0	0	0	0	0	0	0	1	0	25	155	79	57	19	0	2	0	47	200	83	95	80	6	4	0	106	186	78	79	0	0	3	0	148	222	52	158	118	0	0	0	162	52	7	201	59	0	2	0	39	158	193	96	0	2	0	0	0	5	4	0	1	0	
0	0	2	1	0	0	1	0	0	2	0	34	210	114	0	2	2	0	46	226	180	223	35	0	0	0	197	108	0	153	93	0	0	90	173	0	0	171	76	0	0	94	204	56	161	166	0	1	0	7	155	202	105	7	0	1	0	0	0	0	0	1	0	0	
0	0	0	0	0	0	0	0	0	4	89	142	120	102	15	0	0	12	129	127	169	228	12	0	0	1	0	4	223	175	0	3	0	0	1	0	48	184	4	0	0	11	58	0	130	171	0	2	0	14	198	218	157	20	0	1	1	0	16	38	0	0	0	0	
0	0	0	1	0	5	1	0	0	0	3	0	87	143	0	2	0	0	0	0	187	72	0	3	0	2	0	65	215	3	0	1	0	3	0	154	161	0	3	0	1	0	14	234	77	0	3	0	2	0	57	161	0	0	0	0	0	0	0	0	1	0	0	0	
0	1	1	0	0	1	2	0	1	0	34	129	138	29	0	1	0	45	218	221	158	202	29	0	0	135	112	0	0	147	154	0	0	181	88	0	0	106	187	0	0	122	172	0	6	206	96	0	0	2	147	188	199	139	0	1	0	2	0	29	26	0	2	0	
0	0	1	3	0	0	0	0	0	1	3	0	81	218	95	0	0	1	0	139	243	116	199	34	0	0	188	211	18	15	208	35	0	117	194	0	0	172	131	0	0	147	194	97	184	145	0	1	0	22	168	169	53	0	2	0	0	0	0	0	0	3	1	0	
1	3	1	0	1	1	0	0	0	0	1	30	19	0	1	0	16	111	134	127	154	22	0	1	43	78	12	0	117	105	0	4	0	0	4	0	119	126	0	4	1	3	4	0	110	92	0	3	0	0	3	0	125	50	0	2	0	0	1	0	109	23	0	1	
0	0	0	0	0	1	0	0	0	0	2	0	79	131	0	3	0	0	3	0	183	99	0	3	0	1	0	32	212	20	0	1	0	4	0	135	164	0	3	0	1	0	0	226	121	0	3	0	1	0	15	191	70	0	2	0	0	0	0	0	0	0	0	0	
0	0	0	0	0	0	0	0	1	0	4	105	127	103	51	0	4	0	93	217	188	107	186	37	4	0	118	142	0	90	150	0	2	0	55	161	100	155	9	0	0	3	129	249	134	0	2	1	0	27	209	220	73	0	4	0	1	0	26	51	4	0	0	0	
0	0	1	1	0	0	1	0	0	1	0	14	130	205	37	0	1	0	18	223	152	167	162	0	2	0	175	168	0	52	187	0	0	78	202	2	0	124	152	0	0	109	203	48	163	204	19	0	0	12	170	208	108	11	0	1	0	0	0	0	0	1	1	0	
0	0	0	0	0	0	0	0	0	1	0	59	118	94	12	0	1	0	36	123	0	122	92	0	1	0	37	126	25	153	12	0	0	3	0	134	214	35	0	2	1	0	88	95	139	18	0	1	1	0	122	105	143	29	0	1	0	0	1	55	32	0	1	0	
0	0	1	0	1	1	0	0	0	1	1	6	0	86	49	0	2	0	53	98	29	157	0	0	0	0	184	81	154	106	0	1	0	36	174	173	215	150	85	0	0	3	0	142	94	0	4	0	0	0	2	188	40	0	2	0	0	0	2	26	1	0	0	0	
0	0	0	0	0	1	0	0	0	0	0	80	100	21	65	3	1	0	36	131	123	194	74	0	0	2	0	132	183	18	0	1	1	0	4	147	160	12	0	1	3	0	75	82	125	53	0	2	3	0	61	172	119	0	1	0	0	0	6	53	6	0	0	0	
0	0	0	0	0	0	0	0	0	0	8	27	65	25	0	1	0	8	153	178	207	111	0	4	0	0	14	0	130	112	0	4	0	0	0	0	188	46	0	2	0	3	0	91	179	0	2	0	0	1	0	201	84	0	3	0	0	0	7	83	8	0	0	0	
0	0	0	0	1	1	1	0	2	0	44	197	194	69	0	2	3	0	79	153	20	137	20	0	0	0	0	1	0	176	43	0	0	17	136	85	128	148	0	2	0	82	124	103	255	55	0	3	0	6	105	165	47	13	0	0	0	0	7	3	0	0	0	0	
0	0	1	2	0	0	0	0	0	0	0	5	55	61	4	0	1	0	12	135	90	101	25	0	3	0	133	119	89	103	0	3	1	0	56	81	161	80	0	3	0	0	0	9	149	13	0	1	0	3	0	113	113	0	3	0	0	2	0	57	26	0	1	0	
0	0	42	65	14	0	1	0	0	60	135	102	148	35	0	2	0	15	9	0	60	137	0	2	0	0	0	0	10	153	4	0	1	0	50	93	102	121	0	3	0	1	161	99	180	171	60	0	2	0	47	120	43	17	67	0	0	0	0	0	1	2	0	0	
0	0	0	0	2	2	0	0	1	0	23	141	185	174	23	0	1	0	24	92	17	183	71	0	0	0	2	0	54	196	7	0	0	17	109	116	199	53	0	2	0	173	244	217	197	84	0	3	0	74	123	1	66	129	0	3	0	0	0	1	2	0	0	0	
0	0	0	2	2	0	0	0	2	0	83	203	178	41	0	2	3	0	157	120	69	188	0	2	0	0	2	0	153	141	0	3	0	2	0	119	182	0	0	1	2	0	97	255	98	46	25	0	0	8	182	157	178	157	27	0	0	0	0	0	0	0	0	0	
0	0	0	3	0	0	0	0	0	0	4	0	80	187	24	0	0	2	0	92	208	212	32	0	3	0	98	227	4	154	77	0	0	29	214	39	0	187	66	0	0	90	212	24	154	154	0	1	0	14	178	204	95	2	0	0	0	0	0	0	0	2	0	0	
0	0	1	1	0	1	1	0	0	2	0	39	210	78	0	2	1	0	10	205	181	201	14	0	3	0	94	130	0	199	53	0	3	0	154	67	1	193	17	0	4	0	159	111	124	148	0	3	2	0	40	200	142	6	0	1	0	0	0	1	0	1	0	0	
0	0	1	0	19	89	1	0	0	0	2	0	149	110	0	3	0	3	0	129	115	0	3	0	2	0	53	192	93	201	85	0	4	0	158	220	129	192	78	0	3	0	185	248	139	98	0	1	1	0	33	76	27	0	1	0	0	0	0	0	0	3	0	0	
0	0	0	0	0	0	0	0	0	0	2	84	129	59	0	2	3	0	87	108	151	71	0	3	0	2	0	117	174	0	1	0	0	0	3	46	90	75	0	3	0	12	26	0	62	122	0	4	0	30	130	113	152	34	0	2	1	0	36	58	11	0	1	0	
0	0	0	0	0	0	0	0	1	0	41	53	0	0	0	0	1	0	33	142	76	0	4	0	0	2	0	114	54	0	2	0	0	41	174	191	76	62	28	3	0	39	69	57	95	133	140	21	0	0	0	0	0	0	0	0	0	1	3	3	4	4	2	0	
0	0	0	0	0	2	0	0	0	1	0	63	75	0	0	0	2	0	57	162	144	101	0	3	3	0	87	131	0	154	1	0	1	0	10	152	127	137	0	3	0	1	0	5	185	66	0	3	0	3	0	104	142	0	2	0	0	1	0	67	20	0	1	0	
0	0	1	0	21	78	0	1	0	0	1	0	170	97	0	2	0	3	0	135	145	0	3	0	2	0	66	178	2	93	43	0	1	0	178	105	150	254	97	0	0	0	188	246	195	97	0	0	1	0	30	79	28	0	1	0	0	0	1	0	0	3	0	0	
0	0	0	0	0	0	0	0	0	3	0	80	203	78	0	2	0	4	0	107	154	51	0	1	0	2	0	78	130	0	4	0	0	10	4	34	167	0	1	0	0	37	152	66	196	14	0	1	1	0	38	144	184	17	0	1	0	0	0	0	0	0	0	0	
0	0	0	89	55	0	0	0	0	1	0	98	187	102	0	3	0	0	2	0	42	179	0	1	0	2	4	0	116	161	0	3	0	1	0	98	214	23	0	1	0	137	206	221	217	101	0	3	0	70	53	0	15	17	0	0	0	0	0	0	0	0	0	0	
0	0	1	0	93	41	0	2	0	3	0	82	166	10	0	1	1	0	10	170	24	0	2	0	3	0	87	124	12	20	0	0	3	0	153	166	103	167	34	0	3	0	116	157	97	163	28	0	0	0	0	56	92	29	0	1	0	0	1	0	0	1	1	0	
0	0	0	0	0	0	0	0	1	0	81	146	166	139	2	0	1	0	70	70	66	219	16	0	0	1	2	0	155	143	0	4	0	1	8	141	173	0	1	0	0	118	235	225	200	109	77	13	0	49	53	0	64	152	114	3	0	0	0	0	0	0	0	0	
0	0	0	0	0	0	0	0	0	1	0	27	77	0	2	0	0	1	0	42	101	0	3	0	0	2	0	62	102	0	3	0	0	3	0	95	87	0	3	0	0	3	0	119	72	0	3	0	0	2	0	79	54	0	2	0	0	0	0	0	0	0	0	0	
0	0	2	1	0	0	0	0	0	1	0	41	84	49	0	0	2	0	64	177	68	125	51	0	0	4	196	42	33	140	4	0	1	0	104	140	233	73	0	3	0	3	0	99	171	0	2	0	1	0	14	223	57	0	2	0	1	0	17	85	3	0	0	0	
0	0	0	0	5	1	0	0	1	0	8	112	164	82	0	3	0	0	10	36	54	130	0	3	0	0	5	0	105	89	0	3	0	1	0	21	150	8	0	1	3	0	110	227	147	7	0	1	3	0	160	133	34	29	0	1	0	0	0	0	0	0	0	0	
0	0	1	2	0	0	0	0	0	1	0	7	66	74	11	0	1	0	24	152	92	140	88	0	3	0	161	95	66	160	12	0	2	0	70	117	221	50	0	2	0	3	0	129	109	0	4	0	3	0	79	181	0	2	0	0	2	0	60	40	0	1	0	0	
0	0	0	0	1	0	0	0	0	2	0	82	212	60	0	3	1	0	22	209	44	0	0	0	1	0	24	214	168	128	10	0	0	1	0	22	124	229	16	0	2	0	105	93	195	81	0	3	2	0	48	206	105	0	3	0	0	0	0	0	0	2	0	0	
0	0	1	0	0	1	1	0	0	0	0	99	149	25	0	1	4	0	92	194	183	193	1	0	3	0	162	88	0	130	61	0	1	0	184	51	0	101	81	0	3	0	158	73	0	153	52	0	2	0	61	164	147	112	0	1	0	1	0	44	40	0	1	0	
0	0	0	0	1	3	0	0	1	0	10	171	186	59	0	3	4	0	105	154	8	5	0	0	4	0	86	216	122	11	0	1	0	0	0	9	106	154	0	1	2	0	63	57	8	210	27	0	2	0	40	161	187	117	0	1	0	0	0	1	3	0	0	0	
0	0	0	0	0	0	0	0	0	0	1	0	111	26	0	1	0	1	0	15	183	11	0	1	0	2	0	59	193	0	1	0	0	3	0	71	149	0	3	0	0	3	0	99	138	0	4	0	0	3	0	103	69	0	2	0	0	0	0	0	0	0	0	0	
0	0	1	0	0	1	1	0	0	0	1	140	142	49	0	2	3	0	87	138	4	133	19	0	2	0	142	40	0	74	77	0	0	11	141	6	0	33	98	0	1	0	147	25	0	89	77	0	2	0	70	137	122	77	0	0	0	0	0	9	11	0	1	0	
0	0	0	0	2	0	0	0	0	2	0	61	172	59	0	2	1	0	11	195	85	103	0	3	0	0	7	22	35	118	0	3	1	0	40	112	159	82	0	3	2	0	141	160	200	21	0	1	1	0	52	41	73	62	0	2	0	0	0	0	1	0	0	0	
0	2	1	0	0	0	0	0	0	0	3	62	89	22	0	1	0	86	198	163	214	162	0	4	0	60	35	0	145	132	0	4	0	1	141	205	241	207	84	0	0	10	53	90	215	30	15	0	0	3	0	75	181	0	2	0	0	1	0	23	50	0	2	0	
0	0	0	0	0	0	0	0	0	1	0	72	131	37	0	2	1	0	35	118	133	98	0	4	1	0	12	119	191	57	0	3	0	0	8	29	81	102	0	4	0	0	5	0	87	90	0	3	3	0	80	130	154	34	0	2	1	0	16	58	23	0	1	0	
0	0	0	0	0	0	0	0	0	0	7	0	21	8	0	0	0	18	115	0	98	31	0	1	0	48	143	13	125	33	0	1	0	20	93	87	177	126	12	0	0	0	3	0	102	43	0	1	0	1	6	0	106	47	0	2	0	0	1	0	48	23	0	1	
0	0	0	0	0	0	0	0	0	0	2	0	45	87	0	3	0	0	15	68	95	79	0	3	2	0	50	86	98	56	0	0	4	0	105	153	169	130	11	0	2	0	81	86	157	24	0	1	0	0	1	0	108	11	0	0	0	0	2	3	0	1	0	0	
0	0	0	0	0	0	0	0	0	2	0	83	60	0	2	0	0	3	0	102	151	0	3	0	0	2	0	63	161	0	3	0	0	3	0	107	154	0	4	0	0	4	0	140	119	0	4	0	0	3	0	122	84	0	3	0	0	0	0	12	6	0	0	0	
0	0	1	1	0	0	0	0	0	1	0	19	18	11	106	45	0	0	1	138	133	146	100	8	3	0	124	211	19	0	1	0	0	0	24	74	136	0	6	0	0	56	90	15	134	0	2	0	0	6	133	184	82	0	3	0	0	0	6	52	6	0	0	0	
0	0	0	0	0	0	0	0	0	0	13	1	1	82	7	0	0	23	178	9	2	185	23	0	0	125	159	0	18	191	18	0	0	145	201	120	180	204	5	0	0	1	74	102	126	176	0	3	0	0	3	0	119	116	0	4	0	0	3	2	21	8	0	0	
0	0	2	0	47	35	0	1	0	0	0	10	142	21	0	1	0	3	0	105	84	0	3	0	1	0	21	130	11	26	0	0	3	0	78	119	89	133	14	0	4	0	84	215	129	80	0	0	1	0	10	78	47	1	0	0	0	0	0	0	0	2	0	0	
0	0	1	1	0	0	0	0	0	1	0	15	59	2	0	0	1	0	18	127	157	39	0	2	4	0	130	134	173	122	0	2	0	3	87	176	140	136	6	0	0	0	2	13	77	113	0	3	0	1	0	26	133	13	0	1	0	1	0	47	27	0	1	0	
0	0	1	1	0	0	0	0	0	1	0	28	103	65	0	2	1	0	31	121	100	128	0	3	2	0	45	139	128	16	0	1	0	1	0	159	139	0	0	0	2	0	49	83	93	60	0	2	1	0	33	147	140	17	0	1	0	0	0	49	30	0	1	0	
0	0	1	0	0	0	0	0	1	0	29	96	88	51	0	1	3	0	116	74	13	10	1	0	1	0	92	87	99	39	0	2	0	0	1	0	14	120	5	0	1	0	20	6	0	116	8	0	3	0	98	50	62	98	0	3	1	0	18	31	33	11	0	0	
0	0	0	2	0	0	0	0	0	0	0	8	63	11	0	1	0	3	2	93	143	72	0	3	2	0	68	81	100	81	0	3	2	0	43	125	165	15	0	1	0	0	0	15	113	3	0	0	0	0	0	19	119	0	1	0	0	0	0	9	39	0	1	0	
0	0	0	0	0	0	0	0	2	0	53	156	111	1	0	0	1	0	60	86	183	77	0	3	1	0	26	52	154	26	0	1	2	0	60	141	155	54	0	2	0	0	6	0	58	135	0	3	3	0	74	164	148	52	0	2	0	0	5	54	26	0	1	0	
0	0	1	2	0	1	0	0	0	1	0	27	187	50	0	2	1	0	5	172	206	115	0	3	4	0	120	119	13	130	0	1	0	0	171	27	12	133	0	1	0	0	159	20	104	89	0	3	2	0	67	173	101	0	0	0	0	0	0	5	1	1	0	0	
0	0	0	0	0	0	0	0	2	0	58	118	75	12	0	1	4	0	99	155	46	19	0	1	1	0	18	87	80	113	4	0	0	0	0	3	0	121	33	0	0	0	15	0	34	138	0	0	3	0	70	112	123	29	0	1	1	0	12	57	12	0	1	0	
0	0	0	0	0	0	0	0	0	0	0	11	83	0	0	0	0	1	0	40	178	0	1	0	0	3	0	70	159	0	3	0	0	2	0	70	136	0	4	0	0	3	0	80	137	0	4	0	0	3	0	83	133	0	4	0	0	0	0	11	19	0	1	0	
0	3	4	2	2	2	2	0	0	0	0	0	0	0	0	0	5	79	163	162	169	180	68	0	2	211	170	32	37	196	76	0	0	125	36	0	37	194	5	0	0	0	6	0	125	171	0	4	0	1	5	0	148	188	0	3	0	0	1	0	28	100	1	0	
0	0	0	0	0	0	0	0	1	0	11	136	47	0	1	0	3	0	80	123	157	12	0	1	0	0	0	80	210	56	0	2	0	0	6	48	63	121	0	3	0	0	19	0	93	97	0	3	3	0	100	144	138	15	0	1	0	0	2	58	30	0	1	0	
0	0	0	1	0	0	0	0	0	2	0	58	107	0	1	0	0	0	5	123	159	53	0	2	1	0	12	147	179	50	0	2	0	1	0	21	136	67	0	3	0	0	3	0	124	55	0	2	2	0	31	151	143	3	0	0	0	0	2	57	21	0	1	0	
0	0	0	1	0	1	0	0	0	0	1	0	24	92	0	2	0	0	4	10	62	116	0	4	1	0	29	78	83	75	0	3	3	0	109	113	147	81	0	3	1	0	59	126	193	18	0	1	0	2	0	48	84	0	3	0	0	0	2	3	2	1	0	0	
0	1	0	30	57	3	0	0	2	0	36	154	132	45	0	2	4	0	143	74	0	3	1	0	4	0	130	110	129	90	0	0	3	0	88	210	21	102	79	0	1	0	13	176	125	41	133	0	0	1	0	18	130	122	37	0	0	0	1	1	0	0	0	0	
0	0	0	3	0	0	1	1	0	0	0	1	14	45	134	16	0	0	0	108	155	144	66	0	2	0	55	202	98	0	3	0	0	7	0	13	145	5	2	0	0	106	102	10	153	2	0	0	0	9	142	170	91	0	2	0	0	0	2	8	0	0	0	0	
0	1	1	0	0	0	0	0	0	1	0	0	6	82	8	0	0	34	50	0	53	128	0	3	0	139	102	0	91	170	90	14	0	110	179	110	218	162	44	0	0	0	103	103	157	34	0	1	0	2	0	13	121	2	2	0	0	0	3	8	16	0	0	0	
0	0	1	0	36	49	0	2	0	0	2	0	148	61	0	2	0	2	0	60	142	0	2	0	0	0	0	143	62	77	7	0	3	0	62	183	126	156	12	0	4	0	126	247	123	33	0	1	1	0	24	69	20	0	1	0	0	0	0	0	0	1	0	0	
0	0	1	0	1	0	0	0	0	0	0	91	17	10	0	0	2	0	49	138	59	119	0	3	4	0	150	148	147	57	0	2	1	0	81	126	230	105	0	3	0	1	0	30	149	13	0	0	0	2	0	72	125	0	3	0	0	0	0	10	13	0	0	0	
0	0	0	3	3	1	0	0	0	0	1	1	0	37	14	0	0	0	7	111	69	160	10	0	3	0	88	153	177	95	0	3	2	0	76	26	115	25	0	1	0	2	0	47	135	0	3	0	0	3	0	106	72	0	3	0	0	1	0	58	15	0	0	0	
0	0	1	0	0	0	0	0	1	0	4	137	196	47	0	2	2	0	163	168	101	127	0	4	0	24	216	16	14	186	43	0	0	28	203	13	0	114	147	0	2	0	165	182	6	153	115	0	1	0	4	127	201	175	18	0	0	0	2	0	2	1	0	0	
0	0	2	0	0	0	0	0	0	1	0	37	120	40	0	2	2	0	100	120	152	155	0	3	2	0	107	141	179	23	0	1	0	0	0	110	158	67	0	3	1	0	28	127	88	103	0	4	0	1	0	131	176	31	0	2	0	1	0	26	48	0	0	0	
0	0	0	0	0	0	0	0	0	1	0	35	88	0	2	0	0	1	0	44	147	0	3	0	0	1	0	43	144	0	3	0	0	1	0	42	145	0	3	0	0	2	0	50	145	0	3	0	0	1	0	25	97	0	1	0	0	0	0	0	1	0	0	0	
0	0	0	2	0	0	0	0	0	0	0	5	58	19	1	0	0	0	0	91	120	99	1	0	2	0	62	77	102	93	4	0	2	0	38	135	158	28	12	0	0	1	0	43	103	0	3	0	0	2	0	64	87	0	3	0	0	1	0	29	38	0	1	0	
0	0	0	0	0	0	0	0	1	0	24	80	89	55	0	0	4	0	162	183	68	43	0	0	0	0	172	146	100	8	0	1	0	2	19	2	76	104	0	3	0	0	1	0	28	135	0	2	1	0	18	67	147	73	0	3	0	0	3	94	89	0	1	0	
0	0	1	0	0	1	0	0	0	1	0	79	143	31	0	1	3	0	85	190	129	175	0	2	0	0	163	22	14	181	15	0	0	35	159	0	7	125	8	0	0	19	154	0	48	147	0	2	3	0	114	137	149	49	0	2	0	0	3	54	23	0	1	0	
0	0	0	0	0	0	0	0	0	1	0	34	155	6	0	1	0	1	0	33	214	12	0	1	0	2	0	56	196	0	0	0	0	3	0	100	215	0	1	0	0	4	0	135	188	0	3	0	0	3	0	100	105	0	3	0	0	0	0	0	0	0	0	0	
0	0	0	0	0	0	0	0	0	1	0	32	116	0	2	0	0	2	0	46	154	0	2	0	0	1	0	42	150	0	2	0	0	2	0	59	150	0	3	0	0	3	0	135	104	0	3	0	0	1	0	141	38	0	1	0	0	0	0	0	1	0	0	0	
0	0	0	0	1	1	1	0	1	0	4	125	199	94	0	2	4	0	130	161	42	204	25	0	2	0	177	57	0	148	77	0	2	0	189	112	0	140	87	0	4	0	110	255	77	177	58	0	0	0	3	93	186	94	0	1	0	0	0	0	0	0	0	0	
0	0	0	0	3	3	0	0	0	1	0	11	133	108	0	2	0	2	0	63	121	94	0	3	0	0	3	0	95	49	0	2	0	3	56	165	146	0	2	0	0	30	171	115	135	35	0	1	0	0	13	0	93	48	0	2	0	0	0	2	2	0	0	0	
0	0	0	0	0	1	0	0	0	0	10	55	20	0	0	0	0	0	2	113	178	132	0	2	0	0	3	0	90	145	0	3	0	1	0	30	188	25	0	1	0	2	0	146	88	0	3	0	2	0	49	160	0	2	0	0	1	0	28	42	0	1	0	0	
0	0	0	0	0	0	0	0	1	0	17	113	62	49	0	0	1	0	25	94	129	164	0	2	1	0	18	59	164	28	0	1	2	0	62	105	131	38	0	2	0	10	16	0	100	59	0	2	0	26	136	111	137	14	0	1	1	0	11	59	29	0	1	0	
0	1	4	3	3	4	2	0	0	0	0	0	0	0	0	0	0	23	139	174	189	165	40	0	0	58	99	80	57	171	95	0	0	0	1	0	41	112	3	0	0	3	0	54	149	22	0	1	1	0	31	127	13	0	1	0	2	0	134	40	0	3	0	0	
0	0	1	1	1	0	0	0	0	0	2	0	43	90	0	3	1	0	25	36	77	97	0	4	3	0	93	46	93	64	0	1	1	0	172	140	183	130	2	0	0	12	55	61	153	11	0	1	0	2	0	59	66	0	3	0	0	0	3	0	1	1	0	0	
0	0	0	0	6	26	0	0	0	0	0	0	145	105	0	3	0	3	0	136	138	0	2	0	2	0	30	208	80	37	0	1	3	0	70	220	159	176	0	0	2	0	53	180	117	128	0	1	0	1	0	105	103	11	0	1	0	0	0	0	0	1	0	0	
0	0	0	2	0	0	0	0	0	0	1	1	29	59	94	16	0	2	0	79	160	134	86	4	2	0	41	225	99	0	2	0	1	0	37	40	136	57	0	2	0	97	65	0	148	43	0	2	0	35	152	148	103	0	2	0	1	0	14	24	0	1	0	0	
0	2	0	40	60	0	2	0	2	0	23	222	88	0	5	1	0	5	208	101	0	3	2	0	0	81	152	0	14	152	169	13	0	76	182	0	158	102	150	77	1	0	159	189	214	177	118	14	0	0	0	59	84	58	0	0	0	1	2	0	0	0	2	1	
0	0	0	0	6	34	0	0	0	0	3	0	87	105	0	2	0	2	0	73	136	0	0	0	1	0	33	150	9	48	18	0	3	0	118	49	72	134	40	0	2	0	104	140	143	48	2	0	1	0	14	116	59	0	0	0	0	0	0	0	0	1	0	0	
0	0	1	3	1	0	0	0	0	1	2	0	14	40	0	1	1	0	6	112	195	155	0	4	0	0	151	99	168	134	0	4	0	88	148	76	214	93	0	4	0	45	170	74	107	107	0	4	0	0	4	0	113	108	0	4	0	1	4	0	44	46	0	2	
0	0	0	3	3	1	0	0	0	0	1	1	0	33	11	0	0	1	0	72	90	153	7	0	2	0	39	156	167	83	0	3	3	0	80	60	86	14	0	0	0	2	0	68	107	0	3	0	0	3	0	122	46	0	1	0	0	0	0	56	8	0	0	0	
0	0	0	0	1	1	0	0	1	0	36	54	18	0	0	0	4	0	105	107	90	52	0	2	1	0	21	1	48	106	0	4	0	0	3	0	94	84	0	3	0	0	0	8	161	19	0	1	0	3	0	119	98	0	3	0	0	0	0	72	9	0	0	0	
0	0	1	0	0	0	0	0	0	1	0	38	111	89	1	0	2	0	46	123	31	152	7	0	1	0	22	119	127	80	0	2	0	1	0	126	171	0	0	0	3	0	77	63	102	35	0	1	3	0	88	128	103	0	0	0	0	0	9	58	10	0	0	0	
0	0	0	0	0	0	0	0	0	2	0	57	69	0	2	0	0	2	0	67	96	0	3	0	0	2	0	62	109	0	3	0	0	2	0	66	128	0	3	0	0	2	0	59	151	0	3	0	0	1	0	28	119	0	2	0	0	0	0	0	0	0	0	0	
0	0	0	2	0	0	0	0	0	0	0	3	58	18	0	1	0	0	0	85	107	74	0	3	2	0	65	57	78	57	0	2	3	0	60	116	141	0	1	0	0	2	0	67	76	0	2	0	0	2	0	97	28	0	1	0	0	0	0	39	3	0	0	0	
0	0	2	0	0	0	1	0	1	0	30	124	180	201	40	0	2	0	173	229	93	117	182	0	0	58	208	12	0	0	173	47	0	126	130	0	0	49	193	20	0	137	195	60	148	216	75	0	0	16	185	201	136	26	0	2	0	0	0	0	0	1	3	0	
0	0	0	0	0	0	0	0	0	0	1	0	98	19	0	1	0	1	0	14	165	8	0	1	0	2	0	62	140	0	3	0	0	3	0	107	92	0	3	0	0	2	0	152	44	0	1	0	1	0	18	125	0	0	0	0	0	0	1	1	0	0	0	0	
0	0	0	0	0	0	0	0	0	2	0	60	60	0	2	0	0	3	0	86	133	0	4	0	0	2	0	65	129	0	3	0	0	1	0	43	139	0	3	0	0	1	0	23	174	0	0	0	0	0	0	0	138	25	0	1	0	0	0	0	3	3	0	0	
0	0	0	0	0	0	0	0	0	1	0	31	115	56	0	1	1	0	28	148	62	141	0	1	0	0	1	119	162	30	0	2	0	2	0	71	186	12	0	1	1	0	36	102	112	20	0	1	2	0	51	192	86	0	2	0	0	0	2	41	6	0	0	0	
0	1	3	0	0	0	0	0	0	0	0	55	141	155	33	0	0	10	153	199	120	150	160	0	0	45	149	3	0	89	163	0	0	41	73	0	0	172	67	0	0	92	106	0	134	190	0	0	0	21	159	203	198	22	0	1	0	0	12	41	8	0	1	0	
0	0	1	0	42	32	0	1	0	0	0	5	153	33	0	1	0	3	0	89	96	0	3	0	0	0	7	141	34	54	1	0	3	0	100	99	79	152	22	0	3	0	80	180	134	84	0	1	0	0	0	40	72	16	0	1	0	0	1	0	0	1	0	0	
0	0	0	0	1	3	4	0	0	2	48	100	118	187	97	0	0	26	102	90	110	78	10	0	2	0	38	114	63	34	10	0	0	18	212	145	93	100	135	8	0	23	43	4	1	49	140	6	0	36	113	128	140	100	12	0	0	0	8	14	1	0	1	0	
0	0	0	1	3	0	0	0	0	0	0	2	3	47	1	0	1	0	12	137	121	126	0	2	2	0	63	106	142	20	0	1	1	0	7	57	103	0	3	0	0	3	0	107	58	0	2	0	0	0	1	136	15	0	1	0	0	0	8	57	0	1	0	0	
0	0	1	1	0	2	1	0	0	2	0	0	1	0	1	1	1	0	23	74	74	65	14	0	0	62	103	18	0	26	87	9	0	101	88	6	17	16	111	42	0	3	78	93	88	91	50	0	0	1	0	0	0	0	0	0	0	0	3	2	2	3	2	0	
0	0	0	0	1	0	0	0	0	0	3	0	96	50	0	2	0	0	0	2	162	23	0	1	0	2	0	64	146	0	3	0	0	4	0	127	80	0	3	0	1	0	9	163	18	0	1	0	2	0	65	114	0	3	0	0	0	0	2	1	0	0	0	0	
0	0	0	0	0	0	0	0	11	71	43	78	60	1	0	0	12	143	160	149	253	94	0	4	2	0	81	185	142	15	0	1	3	0	103	228	159	43	0	1	0	1	0	12	65	203	68	0	0	3	0	130	147	183	109	0	0	1	0	19	98	94	7	0	
0	0	1	1	0	0	0	0	0	1	0	40	122	10	0	1	1	0	23	155	174	69	0	3	1	0	23	137	150	10	0	1	0	0	7	62	128	44	0	2	0	2	13	0	116	67	0	3	0	0	130	134	134	3	0	0	1	0	18	63	12	0	1	0	
0	0	1	1	0	0	0	0	0	0	0	8	66	132	115	20	1	0	6	154	156	79	28	4	4	0	118	141	0	3	0	0	1	0	19	147	124	0	2	0	0	0	7	0	181	57	0	2	3	0	113	175	153	15	0	1	1	0	22	54	6	0	0	0	
0	0	0	1	2	1	0	0	0	0	1	0	1	7	0	0	0	2	0	65	160	102	0	3	1	0	22	150	154	76	0	3	1	0	29	50	109	18	0	1	0	1	0	29	126	0	2	0	0	2	0	79	89	0	3	0	0	2	0	75	34	0	1	0	
0	0	1	1	0	0	0	0	0	2	0	66	58	0	2	0	1	0	26	157	11	0	0	0	4	0	115	84	71	95	0	3	3	0	91	153	197	73	0	3	0	0	5	0	111	47	0	2	0	0	4	0	102	45	0	2	0	0	1	0	14	12	0	0	
0	0	0	1	3	1	0	0	0	0	0	3	0	11	2	0	0	2	0	125	115	111	0	0	2	0	65	114	134	76	0	3	1	0	34	35	114	3	0	0	0	3	0	81	90	0	3	0	0	1	0	129	23	0	1	0	0	0	14	95	0	1	0	0	
0	0	0	0	0	2	1	0	0	0	7	2	10	128	5	0	3	0	89	75	28	166	0	2	1	0	162	44	29	167	0	2	0	34	232	157	179	179	0	2	0	1	31	41	100	174	0	3	0	0	2	0	48	103	0	3	0	0	2	2	1	0	0	0	
0	0	1	1	0	1	0	0	0	0	0	13	61	7	0	0	1	0	9	99	133	85	0	3	3	0	85	43	135	65	0	2	2	0	81	121	152	0	1	0	0	1	0	78	83	0	3	0	0	2	0	102	33	0	1	0	0	0	2	50	1	0	0	0	
0	0	0	0	0	0	0	0	0	3	0	78	65	0	2	0	0	3	0	94	148	0	4	0	0	3	0	78	163	0	3	0	0	3	0	78	172	0	3	0	0	3	0	80	192	0	2	0	0	2	0	54	149	0	1	0	0	0	0	0	0	0	0	0	
0	0	0	0	0	0	0	0	0	1	0	31	99	108	13	0	1	0	16	124	70	155	13	0	0	0	5	74	151	50	0	2	0	6	3	24	85	68	0	3	0	101	41	0	77	63	0	2	0	38	132	97	103	1	0	0	1	0	31	52	4	0	0	0	
0	0	0	2	32	1	0	0	0	3	0	80	156	0	2	0	0	2	0	168	61	0	2	0	2	0	42	206	78	23	0	1	3	0	74	230	186	152	0	3	2	0	33	183	127	140	0	3	0	2	0	77	143	19	0	1	0	0	1	0	0	1	0	0	
0	0	1	0	32	41	0	2	0	0	1	0	118	36	0	1	0	2	0	86	92	0	2	0	1	0	29	122	14	57	8	0	3	0	95	61	80	126	45	0	2	0	100	157	121	63	3	0	1	0	17	67	29	2	0	0	0	0	0	0	0	1	0	0	
0	1	3	3	2	2	0	0	0	0	0	0	0	0	0	0	0	48	129	60	65	106	16	0	0	59	115	67	35	96	28	0	0	31	98	0	0	81	19	0	0	14	69	0	0	95	26	0	0	0	1	3	0	90	49	0	0	0	0	3	0	90	55	0	
0	0	0	1	1	7	0	0	0	0	1	0	118	85	0	2	0	2	0	110	113	97	5	0	2	0	56	126	0	115	22	0	1	0	119	33	0	111	20	0	0	12	134	0	43	118	0	1	2	0	79	133	101	15	0	1	0	0	0	12	3	0	0	0	
0	0	0	0	0	3	1	0	0	24	24	0	3	0	0	0	0	176	186	0	0	156	151	0	0	190	206	5	97	255	131	0	0	152	255	220	251	240	25	0	0	19	91	28	187	207	0	1	0	0	2	0	171	182	0	1	0	1	4	0	11	13	0	0	
0	0	1	0	23	18	0	0	0	1	0	57	194	36	0	2	3	0	104	227	174	151	5	0	1	0	21	14	8	204	22	0	0	0	2	0	118	170	0	0	1	96	142	167	238	34	0	2	14	142	166	134	117	52	0	2	0	0	0	0	0	0	0	0	
1	0	59	23	0	2	1	0	0	19	144	8	0	1	1	0	0	80	85	0	0	21	12	0	0	89	72	0	19	161	146	0	0	56	154	0	32	86	154	5	2	0	111	152	107	199	52	0	0	1	0	49	85	25	0	1	0	0	2	0	0	1	2	0	
0	0	1	0	24	31	0	1	0	0	3	0	103	49	0	2	0	1	0	42	109	0	1	0	0	1	0	98	60	10	0	1	2	0	38	141	84	90	0	2	2	0	44	194	68	47	0	1	0	0	0	55	39	0	0	0	0	0	0	0	0	1	0	0	
0	0	0	0	0	0	0	0	1	0	13	88	130	120	15	0	4	0	94	169	22	187	48	0	0	2	0	104	182	57	0	2	1	0	18	127	154	53	0	2	3	0	120	55	15	101	0	2	2	0	121	162	132	36	0	2	0	0	3	45	28	0	0	0	
0	0	0	1	0	0	0	0	0	0	1	2	0	91	16	0	0	1	0	60	22	109	0	0	1	0	32	75	64	54	0	2	2	0	126	107	149	54	0	2	0	10	36	113	79	0	0	0	0	0	2	68	3	0	0	0	0	0	3	4	2	0	0	0	
0	0	0	4	4	1	0	0	2	0	40	131	106	0	1	0	0	0	152	29	92	104	0	3	0	30	127	0	1	132	39	0	0	19	143	2	0	37	114	0	3	0	97	115	0	52	108	0	0	1	0	86	132	121	17	0	0	0	2	0	9	6	0	0	
0	0	1	1	0	0	0	0	0	1	0	51	104	35	0	0	2	0	52	103	73	145	0	2	2	0	65	96	90	37	0	1	0	3	0	164	139	0	3	0	1	0	19	92	119	14	0	0	1	0	12	157	109	0	1	0	0	1	0	43	18	0	1	0	
1	0	16	78	0	1	0	0	3	0	144	135	0	4	2	0	0	38	173	0	3	5	0	0	0	56	123	0	160	176	48	0	0	22	137	87	109	41	149	0	3	0	105	220	134	122	109	0	0	0	6	67	82	75	5	0	0	0	2	0	0	0	1	0	
0	0	0	1	0	1	0	0	0	0	1	0	3	89	3	0	0	0	17	71	30	109	0	3	2	0	65	88	61	81	0	2	1	0	147	133	177	111	0	1	0	15	63	61	125	0	2	0	0	2	0	70	44	0	2	0	0	0	2	1	1	0	0	0	
0	0	2	1	2	2	0	0	0	1	0	9	8	0	0	0	2	0	71	167	151	40	0	2	0	17	200	50	195	194	0	2	0	13	162	160	133	123	0	3	0	0	13	0	106	98	0	4	0	1	4	0	134	37	0	1	0	0	2	0	83	13	0	0	
0	0	0	3	0	36	8	0	0	0	0	1	58	134	65	0	0	0	0	136	117	0	8	0	1	0	12	128	156	28	0	1	0	0	37	0	103	90	0	3	0	0	165	77	149	70	0	3	1	0	36	145	93	0	0	0	0	0	0	0	0	0	0	0	
0	0	0	0	2	1	2	1	0	0	0	2	0	53	107	0	0	0	2	0	33	158	29	0	0	1	0	7	149	41	0	2	0	2	0	145	87	0	4	0	3	0	95	158	0	3	0	0	2	0	162	70	0	2	0	0	0	0	0	2	0	0	0	0	
0	0	0	1	3	2	0	0	0	0	0	5	133	79	0	3	0	2	0	122	91	125	0	1	2	0	63	125	0	140	4	0	3	0	132	17	31	108	0	2	0	17	138	8	104	36	0	1	1	0	95	155	60	0	2	0	0	0	1	4	0	1	0	0	
0	0	0	6	9	0	1	0	0	0	5	100	112	37	0	2	3	0	90	87	20	148	12	0	0	2	129	15	0	77	98	0	0	34	130	0	0	28	114	0	0	17	138	5	0	85	96	0	2	0	75	133	119	102	5	0	0	0	0	10	11	0	1	0	
0	0	2	1	0	0	0	0	0	2	0	45	110	108	20	0	2	0	65	182	45	146	42	0	2	0	86	57	58	121	0	2	0	2	0	92	166	102	0	3	0	38	56	0	37	123	0	2	0	14	174	149	146	25	0	1	1	0	33	69	20	0	1	0	
0	1	1	0	2	1	0	0	0	0	4	27	5	0	0	0	0	20	134	171	151	6	0	1	0	12	26	0	128	118	0	4	0	0	3	0	98	117	0	4	0	1	0	6	179	29	0	1	0	3	0	82	122	0	3	0	0	2	0	71	59	0	2	0	
0	0	0	2	0	1	0	0	0	0	0	5	61	10	0	0	0	1	0	100	141	88	0	3	2	0	60	89	101	128	0	4	3	0	141	121	176	29	0	1	1	0	46	65	114	0	2	0	0	3	0	100	85	0	3	0	0	1	0	56	15	0	0	0	
0	1	0	22	108	17	0	1	1	0	12	168	80	1	0	0	4	0	121	110	0	4	0	0	3	0	159	53	0	11	0	0	4	0	151	67	49	203	13	0	2	0	36	163	200	224	26	0	0	1	0	18	71	32	0	1	0	0	2	1	0	0	0	0	
0	0	0	0	0	0	0	0	0	0	2	0	96	82	0	3	0	2	0	48	169	106	0	3	0	1	2	0	60	61	0	2	1	0	22	88	130	2	0	0	0	28	117	148	146	0	3	0	0	13	84	57	87	0	1	0	0	0	0	0	0	0	0	0	
0	0	1	0	0	0	0	0	0	1	0	57	134	84	0	1	3	0	106	140	105	163	0	3	4	0	141	83	102	165	44	0	2	0	47	248	230	141	45	0	4	0	143	160	167	19	0	1	2	0	58	167	173	46	0	2	0	1	0	42	40	0	1	0	
0	0	0	0	0	0	0	0	0	0	1	0	55	20	0	1	0	0	0	0	150	21	0	1	0	1	0	46	123	0	3	0	0	3	0	89	69	0	2	0	0	0	0	124	17	0	1	0	1	0	37	114	0	2	0	0	0	0	9	16	0	0	0	0	
0	1	2	0	0	0	1	1	0	0	2	25	39	20	1	0	0	6	154	137	131	120	93	30	0	3	111	123	74	60	116	25	1	0	2	115	235	216	74	16	0	24	190	172	166	66	0	2	0	44	141	70	22	0	3	1	0	0	0	0	1	2	0	0	
0	0	0	0	1	4	0	0	0	0	1	0	40	65	0	2	0	0	3	0	96	50	0	2	0	0	0	9	122	3	0	0	0	2	0	68	100	0	3	0	0	1	0	125	30	0	1	0	1	0	22	97	0	1	0	0	0	0	1	1	0	0	0	0	
0	0	0	0	0	0	0	0	0	1	0	27	43	0	1	0	0	2	0	69	134	0	4	0	0	3	0	71	121	0	3	0	0	3	0	108	94	0	3	0	0	3	0	90	78	0	3	0	0	3	0	90	59	0	2	0	0	0	0	14	7	0	0	0	
0	0	0	2	2	0	0	0	0	0	0	0	0	33	86	14	0	1	0	50	131	135	86	3	2	0	49	203	82	0	2	0	0	1	0	40	107	0	6	0	0	55	27	69	86	0	3	0	0	45	144	138	12	0	1	0	0	0	2	4	0	0	0	0	
0	0	0	2	2	0	0	0	1	0	95	155	136	17	0	1	0	26	112	39	197	27	0	1	0	0	0	0	96	132	0	1	0	0	0	3	0	154	58	0	0	8	102	10	65	182	26	0	1	0	112	176	150	39	0	2	0	0	0	6	1	0	1	0	
0	0	1	1	0	0	0	0	0	1	0	4	69	45	0	1	1	0	14	139	92	137	12	0	1	0	109	37	26	140	0	1	0	9	121	70	186	53	0	2	1	0	33	96	146	0	1	0	0	3	0	91	85	0	3	0	0	1	0	62	14	0	0	0	
0	0	0	0	0	1	0	0	0	8	33	34	29	2	0	0	0	35	150	119	133	107	0	2	0	0	3	0	74	125	0	3	0	1	5	0	138	46	0	2	0	1	0	29	134	0	1	0	0	3	0	82	106	0	3	0	0	2	0	69	104	0	2	0	
0	0	1	1	0	15	15	0	0	0	2	3	0	92	79	0	3	1	13	20	0	119	23	0	2	0	97	26	63	115	0	3	0	69	165	8	192	88	0	3	0	117	118	202	87	21	41	0	0	0	0	48	2	11	38	0	0	2	4	0	2	0	0	0	
0	0	0	0	0	0	0	0	1	0	29	140	106	14	0	1	1	0	18	95	243	73	0	3	0	3	0	138	107	0	1	0	0	2	0	95	103	0	0	0	0	10	31	0	116	104	0	4	0	10	118	171	163	38	0	2	0	0	0	38	11	0	0	0	
0	0	2	3	0	1	0	0	0	1	0	0	103	74	0	2	1	0	33	174	255	149	0	2	0	29	221	107	13	209	35	0	0	26	59	29	153	136	0	1	0	129	214	181	232	114	0	3	0	11	21	0	4	181	42	0	0	0	0	3	0	28	16	0	
0	0	0	0	1	2	0	0	0	0	5	7	2	0	0	0	0	46	242	233	220	84	0	3	0	27	147	78	237	144	0	4	0	1	0	7	220	65	0	3	0	3	0	39	242	39	0	2	0	2	0	56	249	32	0	2	0	2	0	47	152	1	0	0	
0	0	2	1	0	0	0	0	0	1	0	23	114	111	5	0	2	0	59	179	136	175	45	0	1	0	189	90	0	83	96	0	0	47	172	10	0	120	94	0	0	32	155	0	12	153	17	0	3	0	132	159	165	94	0	3	0	0	6	57	41	0	1	0	
0	0	2	1	39	12	0	0	0	1	2	0	83	108	0	2	2	0	45	171	115	102	44	0	0	27	162	56	14	36	108	0	0	98	93	0	0	14	145	2	0	39	163	52	42	118	87	0	2	0	53	120	98	58	0	0	0	1	1	0	0	0	1	0	
0	0	1	1	0	0	0	0	0	0	0	11	0	109	35	0	1	0	25	124	9	154	11	0	3	0	111	59	62	155	0	3	0	25	202	79	178	103	0	2	0	21	47	96	149	0	3	0	0	3	0	80	59	0	2	0	0	1	3	1	1	0	0	0	
0	0	0	0	0	1	1	0	2	0	70	120	142	61	0	2	4	0	158	135	31	202	43	0	2	0	36	188	88	184	51	0	0	1	0	155	255	78	0	3	3	0	154	129	107	119	0	4	2	0	179	181	141	30	0	1	1	0	17	62	15	0	1	0	
0	0	2	1	0	0	0	0	0	0	0	2	0	127	42	0	2	0	63	34	1	149	7	0	2	0	161	39	42	109	0	3	0	15	173	0	115	120	0	1	0	30	158	133	195	67	0	1	0	2	0	58	84	0	3	0	0	0	1	2	2	2	0	0	
0	0	0	8	6	0	0	0	0	1	0	64	125	22	0	1	0	1	0	4	144	39	0	2	2	0	34	204	122	0	2	0	0	0	8	20	128	56	0	2	0	4	27	0	140	64	0	2	0	0	84	125	111	0	1	0	0	0	4	14	1	1	0	0	
0	0	0	2	0	0	0	0	0	0	1	0	173	95	0	3	0	2	0	141	207	151	0	2	2	0	60	162	3	127	1	0	3	0	138	53	25	142	0	2	1	0	164	45	143	58	0	2	3	0	79	187	87	0	2	0	0	0	0	2	0	1	0	0	
0	12	43	32	19	1	0	0	0	23	180	167	121	81	3	0	0	0	5	1	4	185	48	0	0	2	0	19	185	136	0	1	2	0	63	188	132	1	24	0	0	47	255	212	166	204	111	0	0	22	115	86	81	24	0	0	0	0	0	0	0	0	1	0	
0	0	1	1	0	0	0	0	0	1	0	20	81	15	0	1	1	0	14	141	127	111	0	4	3	0	103	55	71	114	0	3	3	0	77	152	194	27	0	1	0	0	0	71	149	0	1	0	0	3	0	87	100	0	3	0	0	1	0	53	29	0	1	0	
0	0	0	0	0	0	0	0	0	38	78	52	6	1	0	0	25	98	66	122	110	0	4	0	2	0	42	141	145	65	0	0	0	2	2	0	6	113	77	0	1	0	49	16	0	71	117	0	2	0	72	124	113	108	8	0	0	0	0	3	7	0	0	0	
0	0	0	6	43	0	1	0	0	2	0	65	102	0	3	0	0	2	0	133	43	0	4	0	1	0	36	128	0	121	75	0	4	0	108	63	104	141	23	0	3	0	67	176	187	49	0	1	0	0	0	61	22	0	2	0	0	0	1	0	1	2	0	0	
0	0	1	0	0	0	0	0	0	0	1	64	128	150	23	0	3	0	69	255	229	255	98	0	2	0	190	187	0	221	96	0	0	13	242	52	43	247	36	0	0	17	239	119	229	146	0	4	1	0	150	255	132	2	0	0	0	0	4	21	0	1	0	0	
0	0	1	1	0	1	0	0	0	0	0	50	56	5	0	0	2	0	43	104	94	98	0	4	4	0	106	45	120	90	0	3	3	0	80	147	171	12	0	1	0	0	0	26	127	0	0	0	0	2	0	64	114	0	3	0	0	1	0	39	34	0	1	0	
0	0	0	0	0	1	0	0	0	1	0	57	80	3	0	0	1	0	19	134	173	142	0	3	0	0	4	0	140	118	0	4	0	1	0	39	187	9	0	1	0	1	0	167	74	0	2	0	3	0	99	166	0	3	0	0	2	0	66	33	0	1	0	0	
0	0	0	1	0	0	0	0	0	0	2	0	83	52	0	2	0	2	0	57	200	58	0	3	0	1	0	3	100	24	0	1	1	0	13	133	116	0	3	0	0	0	153	151	116	1	0	0	0	2	31	0	97	19	0	1	0	0	0	2	1	0	0	0	
0	0	0	1	0	0	0	0	0	0	0	0	93	87	98	25	0	3	0	74	164	84	61	16	0	4	0	165	96	0	2	0	0	1	0	9	149	63	0	3	0	36	100	87	165	51	0	2	0	24	135	148	50	0	1	0	0	0	0	0	1	1	0	0	
0	0	1	0	24	11	0	0	0	1	0	31	193	91	0	3	0	2	0	101	90	108	0	3	0	0	3	0	91	68	0	3	1	0	18	100	174	0	0	0	0	48	132	152	170	32	0	2	0	22	117	38	45	39	0	1	0	0	0	1	2	0	0	0	
0	0	2	0	0	0	0	0	0	1	0	73	155	95	9	0	0	0	57	137	85	221	79	0	1	0	146	119	75	142	6	0	0	2	0	163	213	0	0	1	1	0	10	152	184	30	0	1	1	0	28	204	148	4	0	0	0	1	0	40	29	0	1	0	
0	0	0	0	0	0	0	0	0	0	0	0	124	21	0	1	0	1	0	15	187	14	0	1	0	2	0	58	179	0	2	0	0	3	0	105	148	0	4	0	0	3	0	167	75	0	3	0	0	0	6	131	10	0	0	0	0	0	0	0	1	0	0	0	
0	0	2	0	0	10	5	0	1	0	17	148	124	113	23	0	3	0	122	134	0	2	0	0	1	0	102	126	120	30	0	1	0	0	8	36	46	147	30	0	1	0	166	60	21	162	47	0	2	0	92	156	131	40	0	1	0	0	0	9	1	1	1	0	
0	0	1	3	2	0	0	0	0	0	1	0	0	9	0	0	1	0	18	78	101	126	0	3	3	0	84	145	111	97	0	4	2	0	98	11	83	53	0	2	0	0	0	7	133	6	0	0	0	2	0	55	112	0	3	0	0	2	0	60	47	0	2	0	
0	0	0	2	1	0	0	0	0	0	3	0	34	23	0	1	0	1	0	39	137	78	0	3	1	0	102	132	74	72	0	3	0	4	66	108	169	19	0	1	0	1	0	19	114	0	1	0	0	1	0	35	83	0	2	0	0	0	0	14	29	0	1	0	
0	0	1	1	0	0	0	0	0	1	0	7	64	23	0	1	1	0	16	106	103	137	0	3	1	0	120	45	105	95	0	3	0	0	97	108	153	2	0	0	0	2	0	59	86	0	3	0	0	3	0	121	41	0	1	0	0	0	0	55	6	0	0	0	
0	0	0	0	0	0	0	0	1	0	78	136	104	0	0	0	0	16	109	6	135	46	0	2	0	0	0	7	152	14	0	1	0	2	0	105	81	1	42	13	3	0	77	228	128	123	112	62	1	0	27	46	22	0	0	0	0	0	0	0	0	1	3	1	
0	0	1	2	2	1	0	0	0	0	0	0	0	0	108	38	1	0	15	111	132	131	128	11	3	0	117	179	24	18	0	0	0	3	0	100	72	0	5	1	0	15	16	51	105	0	3	0	0	14	155	150	63	0	2	0	1	0	37	47	0	0	0	0	
0	0	1	0	0	0	0	0	1	0	14	99	89	6	0	1	2	0	112	48	0	1	0	0	1	0	109	86	71	8	0	0	0	0	6	33	92	98	0	3	0	0	3	0	44	113	0	3	0	0	4	82	135	37	0	2	0	1	0	34	33	0	1	0	
0	0	0	0	1	0	0	0	0	0	1	0	39	76	0	3	0	0	3	0	119	85	0	3	0	1	0	18	164	8	0	1	0	3	0	101	105	0	3	0	1	0	30	164	10	0	1	0	3	0	98	66	0	2	0	0	0	0	2	1	1	0	0	0	
0	0	1	1	0	0	0	0	2	0	132	139	7	2	1	0	1	1	0	181	103	0	4	0	0	73	200	214	191	107	2	0	0	34	64	4	0	159	103	0	0	0	7	41	48	212	67	0	1	0	31	198	191	77	0	2	0	0	0	1	1	0	1	0	
0	0	0	0	1	1	0	0	0	0	1	0	42	72	0	3	0	0	3	0	115	64	0	2	0	1	0	16	148	3	0	0	0	3	0	99	105	0	3	0	0	0	4	151	18	0	1	0	2	0	64	91	0	3	0	0	0	0	4	2	0	0	0	0	
0	0	1	0	0	0	0	0	1	0	18	61	59	76	34	0	2	0	129	136	71	65	29	0	0	30	189	97	96	19	0	1	0	75	67	0	47	129	2	0	0	0	0	3	0	119	52	0	0	0	51	38	74	130	6	0	1	0	46	102	96	17	0	1	
0	0	1	2	0	0	0	0	0	0	1	0	24	10	0	0	0	0	8	82	114	108	0	2	1	0	102	50	99	121	0	3	0	8	136	92	168	37	0	2	0	0	1	40	103	0	2	0	0	2	0	96	43	0	1	0	0	0	13	82	0	1	0	0	
0	1	0	0	0	1	1	0	1	0	23	111	141	62	0	2	0	40	221	72	55	199	21	0	0	13	126	171	186	123	17	0	2	0	60	167	128	84	0	3	3	0	147	50	25	167	0	2	2	0	75	166	190	88	0	3	0	0	0	29	32	0	0	0	
0	0	0	0	1	26	1	0	0	0	2	0	74	119	18	0	0	1	0	18	146	18	23	0	0	3	0	93	70	0	2	0	0	0	5	151	115	61	0	2	2	0	53	204	100	23	0	1	2	0	39	101	17	0	1	0	0	0	0	0	0	1	0	0	
0	0	2	2	0	1	0	0	0	1	0	20	64	23	0	1	2	0	36	151	213	157	0	1	0	0	170	80	216	116	0	3	0	21	187	149	248	74	0	3	1	0	20	7	171	64	0	2	0	0	3	0	171	66	0	3	0	0	3	0	55	34	0	1	
0	0	1	2	0	1	0	0	0	0	1	0	108	35	0	1	0	0	2	136	248	156	0	3	3	0	97	115	68	168	3	0	0	2	147	20	18	123	5	0	0	22	154	0	69	114	0	3	2	0	126	145	136	13	0	1	0	0	8	51	9	0	0	0	
0	0	1	1	0	4	2	0	0	0	0	7	18	100	10	0	3	0	65	115	170	54	0	2	1	0	23	166	69	0	2	0	1	0	16	121	88	0	1	0	2	0	63	52	100	27	0	1	1	0	21	122	87	0	0	0	0	0	0	9	4	0	0	0	
0	0	0	0	0	0	0	0	0	1	0	22	104	0	2	0	0	1	0	34	138	0	2	0	0	3	0	71	128	0	3	0	0	3	0	92	103	0	3	0	0	3	0	128	64	0	2	0	0	2	0	103	22	0	1	0	0	0	0	1	0	0	0	0	
0	0	2	2	0	0	0	0	0	1	0	9	17	46	0	1	1	0	24	132	66	118	0	2	0	6	202	94	31	128	0	3	0	15	90	98	160	122	0	3	0	0	2	0	70	98	0	4	0	0	6	0	86	93	0	3	0	0	1	0	15	9	0	0	
0	0	1	1	0	0	0	0	0	1	0	31	100	79	0	0	1	0	31	112	37	146	9	0	3	0	88	83	87	68	0	2	0	1	0	138	193	0	0	0	0	2	0	95	146	35	0	2	0	1	0	125	130	0	0	0	0	1	0	22	21	0	1	0	
0	0	1	0	12	45	0	0	0	1	0	6	166	113	0	1	0	1	0	154	108	0	2	0	3	0	63	201	112	27	0	1	4	0	125	103	22	171	2	0	3	0	84	150	83	168	0	1	0	0	0	80	144	38	0	2	0	0	1	0	0	1	0	0	
0	0	0	2	1	1	0	0	0	0	1	0	9	103	0	0	0	0	6	42	46	108	0	3	1	0	41	103	86	56	0	2	3	0	115	139	169	29	0	1	0	3	29	101	93	0	2	0	0	1	0	79	14	0	0	0	0	0	2	1	2	0	0	0	
0	0	0	2	0	0	0	0	0	0	1	3	35	0	0	0	0	0	0	103	140	0	2	0	0	0	95	92	85	3	0	0	0	10	124	69	144	26	0	1	0	0	2	0	76	48	0	2	0	0	3	0	55	84	0	3	0	0	0	0	8	29	0	1	
0	0	0	0	3	3	0	0	0	0	2	0	87	46	0	2	0	1	0	36	132	0	1	0	0	2	0	111	47	30	2	0	1	0	22	130	86	132	18	0	1	0	2	179	150	38	0	1	0	0	1	74	13	0	0	0	0	0	0	0	0	1	0	0	
0	0	0	3	0	18	57	4	0	0	3	0	82	169	103	1	0	2	0	115	172	17	0	1	3	0	79	147	2	3	3	0	1	0	164	111	146	134	4	0	2	0	191	186	98	161	4	0	2	0	42	134	109	13	0	1	0	0	0	0	0	1	0	0	
0	0	1	1	0	0	0	0	0	1	0	35	90	76	16	0	1	0	24	111	74	164	21	0	3	0	72	108	130	46	0	2	2	0	27	204	83	0	3	0	3	0	76	64	109	6	0	0	3	0	81	127	75	0	2	0	0	0	8	45	3	0	0	0	
0	0	1	26	2	0	2	0	3	0	103	142	64	15	0	1	0	42	174	11	69	138	95	0	0	117	99	0	0	21	188	19	0	112	155	0	3	0	166	45	0	4	182	149	93	175	118	0	1	0	9	101	121	52	0	1	0	1	2	0	0	0	2	0	
0	0	0	0	0	0	0	0	0	1	0	53	121	49	8	0	2	0	42	144	26	173	22	0	1	0	17	123	148	83	0	3	0	4	0	101	235	10	0	1	0	1	0	132	154	42	0	2	1	0	17	178	138	6	0	1	0	0	0	44	25	0	1	0	
0	0	0	0	0	0	0	0	0	0	10	0	20	33	0	1	0	12	170	0	98	133	0	4	0	75	184	0	150	196	27	0	0	95	207	135	211	129	0	1	0	2	15	0	170	71	0	3	0	0	2	0	182	53	0	2	0	0	1	0	58	10	0	0	
0	0	0	1	2	0	0	0	0	2	0	60	162	13	0	1	1	0	15	147	120	88	0	3	1	0	20	29	91	77	0	3	1	0	24	103	172	4	0	1	0	12	146	152	168	38	0	2	0	0	78	31	68	67	0	2	0	0	0	1	2	0	0	0	
0	0	1	0	1	1	0	0	0	0	0	67	89	0	1	0	3	0	72	59	89	64	0	2	3	0	67	89	91	73	0	3	0	2	0	140	162	0	2	0	1	0	30	59	96	54	0	2	1	0	27	95	122	20	0	1	0	1	0	34	33	0	1	0	
0	0	1	0	39	11	0	0	0	0	1	0	122	16	0	0	0	1	0	37	103	0	2	0	0	3	0	102	65	54	17	0	1	0	20	126	87	50	4	0	1	0	17	194	119	12	0	1	0	1	0	40	23	0	1	0	0	0	0	0	0	1	0	0	
0	0	2	2	0	0	0	0	0	0	0	0	34	90	35	0	2	0	48	175	160	67	165	30	2	0	144	93	38	24	129	8	2	0	145	42	83	123	17	0	4	0	97	177	53	3	1	1	0	0	133	121	0	6	1	0	0	7	104	28	0	1	0	0	
0	0	0	2	0	0	0	0	0	0	0	0	114	22	0	1	0	2	0	68	192	87	0	4	0	1	0	79	118	26	0	1	0	0	4	101	135	14	0	1	0	0	8	0	119	32	0	1	2	0	46	120	66	0	1	0	0	0	1	12	1	0	0	0	
0	0	0	0	0	0	0	0	0	0	6	14	19	4	0	0	2	0	41	46	72	13	0	0	2	0	39	82	131	16	0	1	1	0	10	57	93	9	0	0	0	0	0	0	78	6	0	0	0	0	0	2	91	5	0	0	0	0	0	1	37	0	0	0	
0	0	0	0	7	4	0	0	0	1	0	26	130	80	0	2	0	1	0	17	52	96	0	2	0	0	5	0	67	40	0	2	2	0	60	145	153	0	1	0	2	0	105	91	95	47	0	2	0	0	6	0	50	44	0	2	0	0	0	2	1	0	0	0	
0	0	1	1	0	0	0	0	0	0	1	5	8	49	0	1	1	0	21	69	40	92	0	3	3	0	75	51	76	99	0	3	3	0	106	109	165	34	0	1	1	0	7	94	121	0	3	0	0	2	0	82	48	0	2	0	0	0	0	20	3	0	0	0	
0	0	1	1	0	0	0	0	0	1	0	22	51	0	1	0	1	0	9	108	126	20	0	1	3	0	71	58	117	63	0	2	3	0	74	130	164	6	0	1	0	0	0	87	104	0	3	0	0	2	0	62	80	0	3	0	0	1	0	29	36	0	1	0	
0	0	2	2	0	0	0	0	0	5	17	24	153	155	97	0	0	23	198	164	91	155	200	0	1	0	88	232	141	127	30	0	2	0	70	168	233	68	0	3	0	49	180	0	85	152	0	3	0	18	176	206	185	52	0	2	0	0	6	39	19	0	0	0	
0	0	1	0	25	35	0	1	0	1	0	41	164	140	3	0	0	2	0	80	62	115	4	0	0	0	3	0	77	93	0	3	0	7	82	70	134	15	0	1	0	95	118	194	179	70	18	0	0	45	112	50	23	91	28	0	0	0	0	0	0	0	0	0	
0	0	0	1	1	0	0	0	0	0	3	0	124	114	0	2	0	1	0	24	198	86	0	3	0	3	0	120	157	0	0	0	0	3	0	157	108	0	3	0	2	0	29	181	155	0	1	0	3	0	60	154	25	0	1	0	0	0	0	0	0	0	0	0	
0	0	0	1	1	2	2	0	0	0	0	5	0	87	29	0	0	2	0	66	71	103	6	0	1	0	15	100	94	85	25	0	3	0	99	140	144	56	2	0	0	4	96	155	57	0	1	0	0	0	15	78	0	2	0	0	0	0	2	1	2	0	0	0	
0	0	1	1	0	1	0	0	0	1	0	41	50	0	1	0	1	0	9	125	120	50	0	2	3	0	118	77	13	103	0	2	1	0	101	11	70	86	0	2	0	2	0	79	180	72	3	0	0	1	0	108	48	0	2	0	0	0	3	43	1	1	0	0	
0	0	0	1	1	0	0	0	0	0	3	0	66	141	0	2	0	1	0	19	171	183	4	0	0	1	0	153	86	111	3	0	3	0	83	111	56	100	0	3	1	0	153	52	137	22	0	1	1	0	127	153	47	0	2	0	0	0	3	4	0	1	0	0	
0	0	1	1	0	1	0	0	0	1	0	37	70	0	0	0	1	0	23	163	146	65	0	3	3	0	104	51	59	109	0	4	2	0	90	42	159	48	0	2	2	0	45	151	147	15	0	1	0	0	1	0	95	14	0	0	0	0	2	0	45	6	0	0	
0	0	0	2	1	1	1	0	0	0	2	0	15	16	0	1	0	1	0	56	107	152	40	0	2	0	55	119	42	158	20	0	1	0	147	81	154	90	0	3	1	0	39	45	111	11	0	0	0	2	0	67	91	0	3	0	0	2	0	83	27	0	1	0	
0	0	0	1	1	0	0	0	0	2	0	50	71	0	2	0	0	2	0	48	134	0	3	0	0	2	0	50	124	0	3	0	0	3	0	92	91	0	3	0	0	4	0	127	74	0	3	0	0	2	0	86	31	0	1	0	0	0	0	0	0	0	0	0	
0	0	0	1	1	1	4	0	0	0	2	0	34	160	46	0	0	2	0	39	142	124	42	0	1	0	16	147	16	66	44	0	3	0	118	61	0	112	14	0	0	19	130	0	84	72	0	2	0	0	111	127	63	0	1	0	0	0	6	10	0	2	0	0	
0	2	4	4	2	0	1	0	0	0	0	0	1	12	1	0	4	65	109	135	153	190	102	0	25	133	113	80	13	131	143	0	0	0	2	0	58	203	23	0	0	5	0	26	209	48	0	2	0	1	0	173	98	0	4	0	1	0	16	143	7	0	0	0	
0	0	0	0	0	0	0	0	0	0	0	0	99	151	0	1	0	1	0	25	203	134	0	2	0	1	0	95	179	17	0	1	0	1	10	0	90	68	0	2	0	4	128	9	124	41	0	2	2	0	90	156	71	0	2	0	0	0	1	7	0	0	0	0	
0	0	0	0	0	0	0	0	0	9	93	133	136	50	0	2	0	53	231	143	206	206	0	1	0	0	25	60	228	122	0	4	0	25	232	255	213	186	14	0	0	35	159	39	45	225	43	0	3	0	116	212	235	132	0	2	0	0	9	34	23	0	0	0	
0	0	0	0	0	0	0	0	0	1	0	9	117	20	0	1	0	2	0	65	220	79	0	3	0	0	0	40	124	33	0	1	1	0	8	121	148	22	0	1	0	0	5	0	98	58	0	2	3	0	63	137	122	10	0	1	0	0	8	53	12	0	0	0	
0	0	0	0	11	27	0	1	0	0	3	0	117	76	0	2	0	1	0	26	122	0	1	0	0	3	0	102	98	0	3	0	1	0	12	170	126	48	0	2	1	0	25	159	128	71	0	3	0	1	0	96	73	0	1	0	0	0	0	0	0	1	0	0	
0	0	1	1	0	0	0	0	0	1	0	12	42	39	83	28	0	0	2	104	93	138	107	8	3	0	105	210	26	0	1	0	1	0	17	56	151	0	4	1	0	0	8	0	151	15	0	4	3	0	97	175	122	0	2	2	0	0	4	56	14	0	1	0	
0	0	0	0	0	0	0	0	1	0	57	31	20	42	61	40	0	19	187	160	159	160	145	65	0	17	196	27	0	1	0	0	3	0	109	213	25	0	5	2	0	2	0	86	203	29	0	2	1	0	29	85	218	117	0	4	1	0	12	89	82	15	0	1	
0	0	0	1	0	0	0	0	0	1	0	32	117	43	0	1	0	0	2	112	63	135	0	2	0	1	0	100	120	46	0	2	0	3	0	104	153	0	2	0	1	0	22	118	112	0	1	0	2	0	47	169	44	0	2	0	0	0	5	30	0	0	0	0	
0	0	0	1	4	1	0	0	3	0	81	85	75	21	0	1	4	0	137	65	40	96	0	3	4	0	134	62	0	134	10	0	3	0	83	96	0	106	34	0	1	0	30	169	10	124	50	0	0	2	0	63	173	138	5	0	0	0	1	0	3	2	0	0	
0	0	0	1	0	1	0	0	0	0	1	3	0	103	26	0	0	0	3	95	12	128	6	0	2	0	66	92	77	129	0	4	0	3	178	124	171	52	0	2	0	27	49	117	109	0	3	0	0	2	0	82	31	0	1	0	0	1	2	1	1	0	0	0	
0	0	0	0	0	0	0	0	0	0	0	12	76	0	1	0	0	1	0	35	120	0	3	0	0	1	0	27	114	0	2	0	0	1	0	31	112	0	3	0	0	2	0	52	136	0	3	0	0	1	0	34	91	0	2	0	0	0	0	0	0	0	0	0	
0	0	0	3	2	0	0	0	0	0	1	0	1	10	0	0	0	1	0	60	100	102	0	3	2	0	48	156	143	70	0	3	2	0	82	23	87	34	0	1	0	1	0	17	120	0	1	0	0	2	0	80	82	0	3	0	0	2	0	73	20	0	1	0	
0	0	0	0	0	0	0	0	2	0	81	96	50	44	2	0	3	0	163	167	143	101	0	0	2	0	112	116	134	87	0	0	4	0	135	180	33	153	64	0	1	0	25	13	0	146	64	0	1	0	32	88	145	115	0	1	1	0	20	62	46	0	0	0	
0	0	1	0	20	14	0	1	0	0	0	7	117	22	0	1	0	2	0	96	66	0	2	0	1	0	37	111	5	91	15	0	3	0	96	53	108	104	8	0	2	0	76	179	151	17	0	1	0	0	4	95	13	0	1	0	0	0	1	0	1	1	0	0	
0	0	2	0	0	1	0	0	0	0	0	43	86	23	0	1	1	0	149	201	218	158	0	3	0	4	211	212	223	188	0	3	0	0	13	16	198	156	0	4	0	1	0	8	231	76	0	3	0	2	0	35	254	65	0	3	0	0	0	0	91	41	0	1	
0	0	0	0	0	0	0	0	0	0	1	0	105	132	0	1	0	1	0	23	115	123	0	2	0	0	7	46	60	40	0	2	2	0	79	148	176	0	1	0	1	0	122	109	125	10	0	0	0	0	2	16	102	0	0	0	0	0	0	3	3	0	0	0	
0	0	0	0	0	0	0	0	0	1	0	90	114	60	1	0	0	0	4	140	79	44	0	0	2	0	44	175	95	88	0	1	1	0	16	37	0	99	32	0	1	0	61	9	0	110	26	0	2	0	89	101	107	82	0	2	0	0	3	53	39	0	0	0	
0	0	0	0	5	26	0	0	0	0	1	0	93	169	9	0	0	1	0	21	79	122	11	0	0	0	1	0	36	84	0	2	0	0	67	98	112	3	0	0	0	32	148	188	126	0	4	0	0	1	59	27	59	0	0	0	0	0	0	1	0	0	0	0	
0	0	1	2	0	1	1	0	0	0	2	0	18	21	0	0	1	0	6	101	92	108	41	0	1	0	107	49	10	155	52	0	0	16	122	44	131	85	0	3	1	0	46	42	102	20	0	1	0	2	0	76	73	0	2	0	0	0	2	91	8	0	0	0	
0	0	0	1	2	1	0	0	0	0	0	1	0	33	3	0	0	3	0	91	146	121	0	2	1	0	28	131	129	53	0	2	1	0	10	48	111	0	1	0	0	3	0	114	70	0	2	0	1	0	30	136	0	0	0	0	1	0	34	46	0	1	0	0	
0	0	1	2	0	0	0	0	2	0	76	154	11	0	1	0	0	9	102	146	23	0	2	0	2	0	77	181	87	20	0	1	0	0	10	10	63	124	32	0	1	0	14	14	0	96	109	0	2	0	64	125	109	102	7	0	0	0	0	6	5	0	0	0	
0	0	0	3	2	1	0	0	0	0	1	0	0	7	0	0	0	0	4	84	78	120	0	2	3	0	92	168	173	72	0	3	1	0	57	32	107	0	0	0	0	3	0	88	76	0	2	0	0	0	3	120	11	0	0	0	0	0	13	73	0	1	0	0	
1	0	14	53	3	0	0	0	1	0	18	179	103	0	4	0	0	2	0	65	146	0	4	1	0	5	0	94	123	14	20	0	1	0	0	179	218	157	180	29	0	52	231	165	12	0	47	25	0	59	91	0	0	1	0	0	0	0	0	2	2	0	2	1	
0	0	0	2	0	0	0	0	0	0	2	0	90	151	0	0	0	3	0	104	123	100	67	0	2	0	55	138	0	57	90	0	0	14	155	26	0	121	59	0	0	101	112	0	77	67	0	1	0	40	149	119	43	0	2	0	0	0	7	4	0	2	0	0	
0	0	1	1	8	5	0	0	0	2	0	57	158	17	0	1	1	0	13	210	155	81	0	1	1	0	46	92	0	108	49	0	0	71	44	0	0	81	80	0	0	77	102	0	0	140	41	0	0	0	78	113	138	99	0	1	0	1	0	7	11	0	1	0	
0	0	0	3	4	3	0	0	0	0	0	0	1	0	67	22	0	0	7	81	116	126	127	5	3	0	96	180	51	47	1	0	0	2	0	104	48	0	4	1	0	47	2	76	74	0	3	0	0	53	138	134	22	0	1	0	1	0	26	22	0	1	0	0	
0	0	2	0	1	2	0	0	0	0	1	31	12	0	0	0	2	0	87	125	96	74	3	0	2	0	135	96	196	135	0	4	1	0	27	54	122	46	0	2	0	0	0	0	128	10	0	0	0	2	0	55	131	0	3	0	0	2	0	57	59	0	2	0	
0	0	0	0	1	3	0	0	0	0	1	0	31	100	0	2	0	0	4	0	132	81	0	3	0	1	0	43	157	0	0	0	0	3	0	140	82	0	3	0	2	0	66	160	0	2	0	0	2	0	115	48	0	2	0	0	0	0	2	1	0	0	0	0	
0	0	1	0	0	0	0	0	1	0	11	87	95	144	36	0	2	0	117	133	98	90	16	0	0	31	182	52	66	32	0	0	0	19	126	118	115	156	99	0	0	1	8	1	0	51	104	0	2	0	124	160	132	174	32	0	0	0	3	49	65	16	0	1	
0	0	0	2	1	0	0	0	0	0	2	0	28	13	33	10	0	1	0	56	94	128	98	6	2	0	51	206	103	0	2	0	0	0	11	12	143	8	0	1	0	65	43	42	103	0	2	0	0	31	137	64	6	0	1	0	0	0	0	0	1	0	0	0	
0	0	2	0	65	25	0	1	0	2	0	66	161	7	2	0	1	0	7	183	40	0	2	0	3	0	116	134	1	116	100	0	0	0	189	56	151	198	156	0	3	0	120	208	224	123	9	0	0	0	6	76	42	1	0	0	0	0	1	0	0	3	1	0	
0	0	0	0	0	3	0	0	0	1	0	7	86	84	0	2	0	2	0	57	171	91	0	3	0	2	0	56	131	76	0	3	0	0	1	0	27	117	0	2	0	52	41	0	91	49	0	2	0	28	124	108	26	0	1	0	0	0	7	7	0	2	0	0	
0	0	0	0	0	0	0	0	1	0	90	204	54	0	2	0	0	7	137	95	164	0	1	0	0	3	0	113	218	11	0	1	1	0	9	145	199	151	0	3	1	0	40	15	48	187	0	1	3	0	70	179	165	73	0	3	0	0	0	7	8	0	0	0	
0	2	2	0	0	0	1	0	0	0	0	53	95	60	1	0	0	21	190	197	101	255	124	0	0	195	255	118	0	156	222	0	0	164	255	78	0	155	193	0	0	12	236	169	39	231	56	0	2	0	53	187	173	59	0	2	0	1	1	1	2	0	2	0	
0	0	0	0	0	0	0	0	1	0	12	95	65	3	0	0	0	0	8	26	80	83	0	3	0	0	1	0	78	62	0	2	0	2	0	44	81	0	2	0	0	1	0	75	103	0	3	0	0	5	64	65	33	0	1	0	0	7	15	0	0	0	0	0	
0	0	0	0	0	0	0	0	0	1	0	149	150	0	2	0	0	2	0	200	221	0	0	1	0	3	0	173	233	2	0	1	0	1	0	199	210	0	0	1	0	2	0	190	249	19	0	1	0	3	0	128	178	0	0	0	0	0	0	0	0	0	0	0	
0	0	0	1	1	0	0	0	0	14	148	177	209	99	0	1	0	104	156	14	111	247	16	0	0	5	0	70	226	114	0	3	0	6	165	191	53	0	1	0	0	70	255	138	87	73	81	14	0	5	88	128	196	220	152	16	0	0	0	0	0	0	0	0	
0	0	0	0	1	2	0	0	0	2	19	35	17	0	0	0	0	23	115	105	191	78	0	3	0	0	3	0	175	131	0	4	0	1	34	109	243	154	96	30	0	37	211	186	55	28	19	2	0	2	7	0	0	0	0	0	0	0	0	3	3	1	1	0	
0	0	0	0	1	1	0	0	1	0	28	72	17	0	1	0	1	0	44	97	123	9	0	1	0	0	3	0	103	53	0	2	0	0	2	1	119	16	0	1	0	1	0	40	113	0	3	0	0	2	0	106	52	0	2	0	0	0	0	50	8	0	0	0	
1	3	3	0	0	0	0	0	0	0	0	4	18	3	0	0	16	85	132	107	128	198	4	0	47	126	49	0	148	165	0	2	0	2	0	77	200	129	22	0	1	4	4	21	43	226	60	0	2	0	68	187	167	55	0	2	0	0	5	10	0	0	1	0	
0	0	0	0	0	0	0	0	0	0	0	6	81	2	0	0	0	1	0	32	141	0	1	0	0	3	0	77	119	0	3	0	0	3	0	108	83	0	3	0	0	3	0	80	83	0	3	0	0	3	0	74	66	0	2	0	0	0	0	12	4	0	0	0	
0	0	0	0	1	0	0	0	0	0	51	29	0	45	21	0	0	8	253	113	113	230	12	0	0	34	255	112	197	210	53	5	0	128	255	197	245	184	205	30	0	60	90	63	255	43	0	2	0	1	0	29	165	27	0	1	0	2	4	0	0	0	1	0	
0	1	4	3	2	1	0	0	5	3	0	0	0	0	0	0	60	155	135	92	66	27	0	1	0	20	64	101	114	163	62	0	0	0	0	2	0	127	43	0	0	1	4	0	49	113	0	3	0	0	3	0	131	58	0	2	0	0	1	0	83	50	0	1	
0	0	0	3	4	3	2	2	0	0	1	0	0	0	0	0	0	1	0	63	100	92	98	53	3	0	89	200	28	40	21	11	2	0	57	145	73	0	0	0	0	8	72	124	180	5	0	1	0	0	34	41	0	0	0	0	0	0	0	0	2	1	0	0	
0	0	1	0	2	1	0	0	1	0	14	70	0	24	71	0	2	0	126	185	126	150	72	0	0	13	189	115	140	23	0	1	0	1	5	0	85	117	0	2	0	1	33	0	25	154	0	1	2	0	98	143	158	64	0	3	0	0	3	55	34	0	1	0	
0	0	0	18	36	0	0	0	2	11	0	179	134	0	4	0	4	5	20	234	47	0	2	0	4	0	85	243	18	7	7	0	4	0	93	255	134	183	168	0	2	0	42	255	162	181	59	0	0	0	0	85	98	20	0	1	0	0	0	0	0	1	2	0	
0	0	0	0	0	0	0	0	0	3	0	84	164	0	1	0	0	4	0	133	248	11	0	1	0	4	0	125	225	0	0	1	0	4	0	140	221	0	0	0	0	4	0	148	221	0	1	0	0	3	0	103	182	0	0	0	0	0	0	0	0	0	0	0	
0	0	0	0	0	0	0	0	0	1	18	33	21	19	8	0	1	123	151	103	190	228	24	0	0	12	0	15	243	115	0	4	0	3	0	103	255	33	0	2	0	4	0	133	224	0	0	1	0	2	0	198	186	0	3	0	0	1	0	158	84	0	3	0	
0	0	4	2	0	3	1	0	0	1	1	0	35	7	0	0	0	0	137	165	183	97	5	0	0	96	173	0	18	240	67	0	0	77	170	65	117	167	0	0	1	0	56	86	106	140	0	3	0	1	1	0	9	161	14	0	0	0	2	5	0	57	15	0	
0	1	0	0	0	0	2	0	0	0	72	146	152	29	0	1	0	117	245	57	83	142	178	13	0	71	243	79	41	206	110	0	2	0	70	250	255	79	0	3	4	0	118	255	253	141	0	4	3	0	67	246	212	41	0	2	0	0	0	31	19	0	1	0	
0	0	0	2	0	6	1	0	0	0	2	0	125	146	0	0	0	2	0	146	176	3	0	1	3	0	69	195	0	0	1	0	4	0	121	137	114	33	0	1	3	0	78	116	47	209	19	0	0	0	0	73	140	148	8	0	0	0	1	0	5	2	0	0	
0	0	1	0	0	0	1	0	1	0	13	87	146	155	36	0	3	0	165	255	187	200	178	0	0	0	216	194	0	83	228	1	0	34	244	73	0	155	160	0	0	125	209	0	123	182	11	0	0	106	223	142	127	8	0	1	0	2	49	30	0	3	1	0	
0	0	0	0	10	17	0	1	0	0	1	0	135	66	0	3	0	3	0	78	114	0	2	0	0	1	0	170	93	14	0	1	1	0	26	167	155	114	0	4	2	0	41	129	132	48	0	2	0	0	0	113	94	0	2	0	0	0	0	0	0	1	0	0	
0	0	0	1	1	0	0	0	0	0	2	0	87	119	0	1	0	1	0	14	242	158	0	3	0	4	0	115	255	33	0	2	0	3	0	176	214	0	1	0	1	0	12	245	127	0	3	0	2	0	41	233	35	0	2	0	1	0	13	36	0	0	0	0	
0	1	0	3	4	2	0	0	0	7	14	0	0	1	1	0	0	167	234	169	157	63	0	2	0	185	224	130	230	213	3	0	0	89	80	8	228	255	183	0	0	1	0	20	154	244	83	0	0	2	3	0	12	176	38	0	0	0	0	1	3	6	0	0	
0	0	1	0	1	2	0	0	0	1	0	44	48	0	2	0	1	0	13	222	116	36	0	1	4	0	86	232	207	207	36	0	0	0	1	87	238	43	1	0	0	4	0	127	168	0	3	0	0	0	0	175	46	3	28	0	0	0	11	73	0	15	37	0	
0	0	0	1	1	0	0	0	0	0	1	0	65	28	0	1	0	1	0	15	198	28	0	1	0	3	0	65	200	0	0	1	0	3	0	100	144	0	4	0	0	4	0	155	115	0	3	0	0	3	0	140	77	0	3	0	0	0	0	11	10	0	0	0	
0	2	4	1	0	0	0	0	0	0	0	1	18	19	19	0	0	53	109	114	86	195	158	0	0	77	81	0	97	195	12	0	0	2	0	42	233	40	0	2	1	0	8	218	114	0	4	0	4	0	119	217	0	0	0	0	1	0	33	26	0	1	0	0	
1	4	4	2	2	1	1	0	0	0	0	0	0	2	1	0	23	141	171	209	204	216	73	0	26	195	194	156	163	255	82	0	0	0	3	0	104	249	26	0	1	3	0	11	236	164	0	3	0	4	0	94	255	50	0	2	0	3	0	83	130	0	1	0	
0	0	1	2	0	0	0	0	0	1	1	3	43	40	11	0	0	1	0	153	226	116	207	37	0	0	170	221	0	17	212	34	0	103	212	106	31	158	143	0	0	160	181	9	174	135	0	0	0	43	153	110	52	0	2	0	0	0	0	0	0	3	1	0	
0	0	1	0	0	0	0	0	1	0	17	84	71	94	43	0	3	0	138	175	120	79	27	0	0	0	122	116	111	137	14	0	2	2	0	3	0	84	78	0	27	136	68	24	27	143	52	0	0	51	138	150	152	83	0	1	0	0	0	0	0	0	0	0	
0	0	0	1	0	0	0	0	0	0	0	0	109	160	90	0	0	3	0	87	255	249	68	0	0	2	0	178	255	175	0	2	2	0	34	235	255	107	0	3	2	0	158	255	239	29	0	2	1	0	174	255	168	0	2	0	1	0	13	49	18	0	1	0	
0	0	1	2	0	0	0	0	0	0	1	0	25	16	0	0	1	0	15	99	104	146	6	0	0	0	136	42	61	165	0	2	0	5	123	89	205	66	0	3	0	0	1	26	138	0	0	0	0	3	0	65	110	0	3	0	0	2	0	69	54	0	2	0	
0	0	1	1	0	2	1	0	0	1	0	62	41	0	1	0	2	0	33	245	72	158	79	0	0	0	196	187	76	255	40	0	0	92	254	133	231	165	0	2	0	14	15	5	233	73	0	3	0	2	0	46	222	24	0	1	0	1	0	20	61	0	0	0	
0	0	0	1	0	0	0	0	0	2	0	75	144	52	0	0	0	1	0	150	99	100	16	0	3	0	84	150	32	8	0	0	3	0	86	146	103	136	0	2	0	0	1	0	112	147	0	2	0	4	78	149	130	5	0	1	0	7	55	17	0	2	0	0	
0	0	3	3	0	2	3	0	0	1	0	1	12	3	0	0	2	0	81	172	136	173	90	0	0	58	255	139	29	244	92	0	0	171	169	0	201	187	0	2	0	15	0	108	255	57	0	3	0	1	0	192	152	0	3	0	0	1	0	14	10	0	0	0	
0	1	1	0	0	0	0	0	0	21	84	0	0	41	38	0	0	20	127	0	0	95	70	0	0	37	138	0	0	125	70	10	0	40	156	57	118	193	80	12	1	0	77	117	100	149	0	2	0	0	0	0	6	58	0	1	0	0	3	4	2	0	0	0	
0	0	1	1	0	0	0	0	0	1	0	59	149	114	30	0	2	0	44	232	166	255	136	0	2	0	55	228	195	192	12	0	2	0	46	252	208	5	0	1	0	24	231	191	226	58	0	2	0	39	241	220	143	11	0	1	1	0	31	31	0	0	0	0	
0	0	0	7	2	0	0	0	2	0	87	173	96	0	1	0	1	0	57	48	139	1	1	0	2	0	33	224	160	0	2	0	1	0	23	44	25	98	40	0	0	0	41	13	2	144	67	0	2	0	92	155	115	59	0	1	0	0	0	3	4	0	0	0	
0	0	1	0	0	0	1	0	0	1	0	41	86	22	0	1	3	0	74	213	82	188	62	0	3	0	89	174	144	228	25	0	0	2	0	45	243	84	0	3	0	1	0	192	151	0	3	0	3	0	138	198	0	1	1	0	0	1	108	36	0	2	0	0	
0	0	0	3	1	0	0	0	0	5	123	174	151	15	0	1	0	8	95	79	214	108	0	4	0	14	183	219	181	198	45	0	0	3	30	5	0	93	158	0	0	43	137	21	38	177	134	0	0	20	150	177	198	142	10	0	0	0	0	0	1	0	0	0	
0	0	0	18	21	0	1	0	0	3	0	148	98	0	3	0	1	0	12	214	42	0	2	0	2	0	52	210	0	0	1	0	2	0	56	186	47	161	26	0	2	0	34	244	255	158	0	0	0	0	0	110	91	0	0	0	0	0	0	0	0	2	0	0	
0	0	1	0	0	0	0	0	0	0	3	104	97	41	0	1	3	0	65	107	6	73	22	0	3	0	90	36	15	92	5	0	2	0	35	157	125	76	0	2	1	0	38	98	0	83	7	0	1	0	19	107	79	50	0	1	0	1	0	27	33	0	0	0	
0	0	1	0	0	0	0	0	0	0	6	78	108	95	4	0	3	0	159	184	169	245	41	0	3	0	174	168	176	59	0	1	3	0	72	255	100	0	3	0	1	0	21	217	152	144	0	0	0	0	0	156	170	176	3	0	0	0	0	9	62	12	0	1	
0	0	5	1	0	0	0	0	0	82	179	123	24	0	2	0	0	36	23	199	175	0	3	0	0	1	0	61	154	130	4	0	0	3	20	3	0	89	87	0	1	0	113	149	66	56	120	0	0	0	0	56	130	193	100	0	0	0	1	0	0	0	0	0	
0	0	0	0	5	1	0	0	0	0	4	105	154	124	0	0	0	0	10	62	6	192	55	0	0	1	1	0	0	174	39	0	1	0	46	105	182	224	22	0	0	86	182	80	176	48	11	0	0	71	147	111	32	0	1	0	0	0	10	6	0	3	0	0	
0	0	0	0	0	0	0	0	0	0	2	0	86	68	0	2	0	0	4	0	149	136	0	4	0	1	0	16	196	42	0	2	0	3	0	146	134	0	3	0	1	0	15	195	27	0	1	0	2	0	39	191	2	0	0	0	0	0	3	33	3	0	0	0	
0	0	0	0	0	0	0	0	0	1	0	46	26	7	0	0	1	0	9	176	112	142	0	3	3	0	97	171	118	174	0	3	0	0	192	146	191	177	0	1	0	1	16	0	175	53	0	2	0	1	0	19	194	16	0	1	0	0	0	13	76	0	0	0	
0	2	1	0	1	2	0	0	0	0	0	12	13	0	0	0	0	68	161	142	171	106	0	2	0	29	30	0	28	178	2	0	0	0	2	0	64	167	0	2	0	1	1	0	171	71	0	3	0	2	0	157	135	0	3	0	0	0	4	142	30	0	1	0	
0	0	0	0	31	11	0	0	0	1	0	11	208	37	0	2	0	3	0	73	196	0	1	0	0	4	0	141	191	25	0	1	1	0	9	191	214	173	0	3	2	0	43	248	182	37	0	2	1	0	22	148	52	0	2	0	0	0	0	0	1	2	0	0	
0	0	0	0	0	0	0	0	0	2	0	62	158	9	0	1	0	1	0	10	169	81	0	3	0	2	0	119	178	0	0	1	0	1	0	67	142	0	0	0	0	5	39	98	120	0	2	0	0	0	127	134	10	0	1	0	0	0	0	0	2	0	0	0	
0	0	2	1	1	7	1	0	0	1	0	29	163	181	71	0	2	0	39	212	84	54	121	0	1	0	180	75	55	241	106	0	0	10	171	74	188	57	0	2	0	3	183	255	100	0	5	0	0	48	210	147	62	0	1	0	0	0	0	0	0	0	0	0	
0	0	0	0	0	0	0	0	0	16	83	66	3	2	0	0	28	167	114	208	61	0	3	0	7	11	107	211	192	105	0	1	0	7	75	14	5	168	93	0	0	0	0	42	21	157	122	0	0	1	0	105	177	138	8	0	0	0	0	0	0	0	1	0	
0	0	0	1	0	3	0	0	0	1	0	19	189	83	0	3	0	3	0	145	170	0	2	0	1	0	15	202	63	27	1	0	3	0	59	239	231	217	3	0	4	0	81	255	206	89	0	3	3	0	72	110	12	0	1	0	0	0	0	0	0	2	0	0	
0	0	0	0	1	3	0	0	0	3	29	20	3	0	0	0	0	9	154	179	177	95	0	2	0	0	2	0	81	213	0	0	0	0	4	0	167	136	0	3	0	2	0	65	211	8	0	1	0	4	0	161	135	0	4	0	0	2	0	90	59	0	2	0	
0	0	1	0	18	18	0	1	0	1	0	13	199	48	0	2	0	3	0	162	154	0	2	0	2	0	36	208	13	0	1	0	3	0	82	163	87	167	0	0	2	0	43	218	222	65	0	2	0	2	0	70	85	0	1	0	0	0	1	0	0	2	0	0	
0	0	0	13	12	0	0	0	0	3	0	100	208	14	0	1	0	0	1	2	108	145	0	3	0	0	6	0	107	136	0	4	0	2	0	74	199	14	0	1	2	0	99	255	143	4	0	1	1	0	82	121	92	18	0	1	0	0	0	0	0	0	0	0	
0	2	4	1	0	0	0	0	0	0	0	2	23	6	0	0	0	67	170	118	160	226	65	0	6	189	143	0	68	255	50	0	1	4	0	0	199	173	0	2	0	3	0	58	255	52	0	2	0	3	0	173	188	0	2	0	0	1	0	99	55	0	2	0	
0	0	0	0	0	0	0	0	1	0	22	117	107	83	0	1	1	0	19	65	107	129	0	1	0	1	0	111	112	8	0	1	0	0	10	118	76	146	19	0	0	0	0	3	68	129	6	0	0	36	99	119	94	16	0	1	0	26	47	8	0	2	0	0	
0	0	0	0	0	0	0	0	0	0	0	0	168	110	0	3	0	2	0	46	255	84	0	4	0	4	0	111	255	27	0	2	0	3	0	180	215	0	0	1	6	3	0	221	193	0	2	0	1	1	0	174	115	0	2	0	0	0	0	0	0	0	0	0	
0	0	0	0	0	1	0	0	0	1	0	43	40	13	0	0	1	0	11	160	84	130	31	0	3	0	82	99	0	150	10	0	3	0	98	44	110	101	0	3	0	2	0	71	214	20	0	1	0	3	0	75	145	0	4	0	0	1	0	43	63	0	2	0	
0	0	4	2	0	0	0	0	0	0	0	0	4	6	7	0	0	1	97	138	138	205	63	0	0	81	186	2	68	201	6	0	0	11	8	0	191	78	0	3	0	3	0	88	175	0	2	0	2	0	41	230	44	0	2	0	3	0	90	112	0	3	0	0	
0	0	0	1	0	3	1	0	0	1	0	8	159	85	0	3	0	0	0	132	55	45	50	0	1	0	29	188	73	134	19	0	0	2	0	174	247	18	0	1	1	0	22	209	233	68	0	3	1	0	6	148	140	14	0	1	0	0	0	0	0	0	0	0	
0	0	0	0	0	0	2	1	1	0	20	74	74	33	1	0	2	0	177	255	216	244	149	0	1	0	185	229	2	78	227	5	0	0	214	109	0	146	155	0	0	4	230	67	76	238	27	0	0	0	200	211	212	60	0	2	2	0	50	122	28	0	2	0	
0	3	3	1	1	2	0	0	0	0	0	0	0	0	0	0	0	61	116	113	128	100	7	0	45	102	16	4	2	104	17	0	36	80	19	54	73	143	13	0	0	23	62	69	17	97	26	0	0	0	0	3	0	90	57	0	0	1	2	3	0	26	65	0	
0	0	0	0	0	0	0	0	1	0	40	157	112	31	0	0	0	0	19	33	169	168	0	3	0	1	1	0	158	105	0	3	1	0	24	166	226	74	65	2	0	88	219	199	148	151	111	0	0	16	15	0	0	0	0	0	0	0	0	2	4	4	3	0	
0	0	3	5	19	1	0	0	0	0	2	0	126	130	0	2	1	0	106	170	173	31	0	1	0	0	114	122	70	99	17	0	0	2	3	2	0	160	82	0	0	91	128	68	172	153	6	0	0	36	119	125	78	2	0	0	0	0	0	0	0	2	1	0	
0	0	0	0	0	0	0	0	0	22	137	111	24	0	1	0	0	23	98	110	213	22	1	4	0	2	0	87	150	0	2	0	0	7	157	230	61	25	23	5	0	36	158	116	148	170	176	47	0	0	0	0	0	2	3	0	0	1	4	4	3	1	0	0	
0	0	1	2	0	0	0	0	0	0	0	9	70	16	0	1	0	0	3	119	126	72	0	3	3	0	86	69	74	121	0	4	3	0	113	111	211	64	0	3	1	0	25	140	142	0	3	0	0	3	0	102	61	0	2	0	0	1	0	52	37	0	1	0	
0	0	2	1	0	0	1	0	0	1	0	24	120	139	23	0	3	0	71	253	155	152	187	0	1	0	209	169	0	48	198	0	0	0	215	118	0	147	131	0	0	0	211	62	124	152	0	0	1	0	179	193	109	2	1	1	1	0	17	30	0	3	1	0	
0	0	1	1	0	0	0	0	0	1	0	13	106	17	0	1	1	0	7	166	217	17	0	1	3	0	54	211	125	0	1	0	0	1	0	194	125	0	4	0	0	0	6	139	157	16	0	1	0	0	0	155	181	12	0	1	0	1	0	16	29	0	1	0	
0	0	0	0	0	1	0	0	0	0	3	0	122	123	0	3	0	1	0	10	237	108	0	4	0	2	0	40	247	53	0	3	0	4	0	117	216	0	0	1	1	0	16	224	93	0	3	0	3	0	101	163	0	2	0	0	0	0	4	0	1	0	0	0	
0	0	0	0	0	0	0	0	0	1	0	86	31	0	1	0	0	3	0	155	94	0	3	0	0	3	0	92	111	0	4	0	0	3	0	91	134	0	4	0	0	3	0	99	145	0	4	0	0	3	0	92	108	0	3	0	0	0	0	9	7	0	0	0	
0	0	2	0	14	24	0	1	0	2	0	52	184	37	0	2	1	0	13	208	147	15	5	0	4	0	131	255	145	226	86	0	0	0	203	104	0	201	105	0	0	11	237	116	142	147	0	0	0	0	107	146	60	3	0	0	0	0	0	0	0	2	1	0	
0	0	1	15	7	0	2	0	0	2	0	38	137	107	10	0	2	0	68	125	3	119	146	0	0	15	199	54	0	9	168	15	0	98	130	0	0	85	134	0	0	81	148	0	44	186	26	0	0	4	155	176	173	61	0	2	0	0	0	7	4	0	1	0	
0	0	0	0	2	1	0	0	0	0	0	1	0	2	8	1	0	0	2	0	122	161	95	9	0	4	0	96	153	9	0	0	0	3	0	153	123	0	4	0	0	52	106	141	94	0	2	0	0	32	85	28	0	1	0	0	0	0	0	0	2	0	0	0	
0	0	0	0	35	8	0	0	0	2	0	67	175	6	0	1	0	0	1	142	23	0	1	0	2	0	37	142	88	24	0	1	2	0	35	185	129	104	0	2	0	1	0	77	61	139	0	1	0	1	0	11	129	66	0	2	0	0	0	1	0	0	0	0	
0	0	0	5	1	0	0	0	0	0	0	17	93	31	0	1	0	2	0	36	251	53	0	3	0	3	0	103	210	0	1	0	0	3	0	176	151	0	4	0	1	0	2	215	68	0	3	0	2	0	37	163	3	0	0	0	0	0	1	0	0	0	0	0	
0	0	4	3	2	1	0	0	0	0	0	0	0	0	0	0	0	11	111	111	136	99	0	3	0	10	62	28	99	97	0	3	0	0	3	0	119	41	0	2	0	1	1	4	127	7	0	0	0	1	0	24	121	0	2	0	0	2	0	59	103	0	3	0	
0	0	0	0	1	0	0	0	1	0	26	70	3	0	0	0	2	0	30	201	153	0	5	1	0	3	0	84	179	0	2	0	0	21	108	237	168	115	96	17	0	68	140	76	62	64	64	15	0	0	0	0	0	0	0	0	0	2	4	3	3	2	2	1	
0	0	2	1	0	1	0	0	0	2	0	3	19	7	0	0	1	0	69	121	127	112	0	1	0	138	129	5	0	149	154	0	0	157	48	0	78	184	114	0	0	38	126	121	82	104	42	0	0	0	0	2	0	82	20	0	0	2	1	1	1	10	10	0	
0	0	1	0	0	0	0	0	0	1	0	28	106	122	30	0	3	0	59	255	115	72	212	31	2	0	190	192	4	0	198	52	0	13	243	113	0	63	159	0	0	41	220	18	49	185	43	0	0	17	205	166	152	38	0	2	1	0	26	55	4	0	2	0	
0	0	2	3	0	0	0	0	0	0	0	1	5	54	86	15	1	0	52	149	175	141	104	20	0	0	206	226	47	0	2	0	1	0	11	91	169	7	2	1	0	0	6	0	153	49	0	2	2	0	35	137	168	5	0	1	0	1	0	86	57	0	2	0	
0	0	0	0	0	0	0	0	0	3	0	82	165	47	0	2	0	1	0	26	204	166	0	3	0	3	2	0	183	116	0	3	1	0	15	153	255	166	58	0	3	111	230	218	137	116	37	0	16	143	60	0	1	0	0	0	0	0	0	1	4	4	1	0	
0	0	0	0	0	0	0	0	0	1	0	49	131	98	3	0	1	0	15	177	50	149	53	0	1	0	4	187	153	141	11	0	2	0	132	120	187	71	0	3	0	52	163	0	75	120	0	4	0	12	138	128	161	56	0	2	1	0	12	65	28	0	1	0	
0	0	3	2	0	0	0	0	0	0	125	144	126	57	1	0	0	0	8	2	92	222	22	0	1	0	25	163	235	101	0	3	2	2	13	46	100	168	0	3	0	94	122	13	193	105	0	3	0	46	171	208	120	0	1	0	0	0	0	1	0	2	0	0	
0	0	0	0	1	0	0	0	0	1	0	96	166	104	0	0	1	0	19	180	132	199	10	0	1	0	8	201	238	29	0	2	4	0	121	151	69	109	0	2	3	0	148	53	35	198	6	0	2	0	72	177	175	58	0	2	0	0	0	7	3	0	0	0	
0	0	0	0	0	0	0	0	0	0	12	50	0	29	27	0	4	0	109	182	0	177	100	0	0	1	197	63	0	218	61	0	0	74	236	115	164	236	25	0	0	25	106	70	121	180	0	3	0	0	4	0	149	105	0	4	0	1	4	2	89	21	0	1	
0	0	0	0	0	0	0	0	0	0	0	139	109	8	1	0	0	1	2	148	92	38	0	6	0	2	0	102	100	64	147	57	0	28	126	105	184	123	44	0	0	61	188	30	77	71	0	3	1	0	39	110	113	24	0	1	0	1	0	0	0	0	0	0	
0	0	2	2	0	0	0	0	0	1	0	4	37	48	61	6	1	0	17	170	199	215	253	86	0	9	207	156	144	123	30	11	2	0	174	238	91	6	0	1	0	26	204	171	54	0	4	1	0	25	206	192	108	0	3	0	1	0	45	119	10	0	1	0	
0	0	0	0	0	0	0	0	0	2	0	85	146	21	0	2	0	2	0	79	219	165	0	3	1	0	110	195	189	217	78	24	0	49	216	97	207	217	189	54	0	55	196	151	205	26	0	1	0	1	73	118	33	0	3	1	0	0	0	0	1	1	0	0	
0	0	0	0	0	0	0	0	0	0	114	125	86	40	0	1	0	1	43	32	138	194	0	1	0	2	0	144	232	34	0	2	5	41	13	10	21	62	20	0	37	148	197	138	71	184	79	0	1	0	35	98	125	105	9	0	0	2	0	0	0	0	0	0	
0	0	0	0	2	0	0	0	0	0	0	2	0	101	58	0	0	0	3	0	99	177	12	0	0	2	0	37	196	19	0	1	0	1	0	166	79	0	4	0	3	0	70	161	0	3	0	0	4	0	112	145	0	3	0	0	1	0	13	46	2	0	0	0	
0	0	0	0	0	3	0	0	0	0	0	46	67	0	0	0	3	0	86	228	169	139	0	0	3	0	176	102	49	186	0	1	0	3	152	7	148	93	0	3	0	2	0	37	201	12	0	1	0	3	0	136	134	0	3	0	0	1	0	77	19	0	1	0	
0	0	0	0	1	1	0	0	0	9	161	173	37	0	2	0	0	63	130	51	170	10	1	2	0	8	14	0	152	94	0	3	3	0	76	201	183	220	128	18	4	0	137	109	114	98	112	68	1	0	4	151	194	14	0	1	0	0	0	1	1	1	4	1	
0	0	1	0	0	0	0	0	0	0	11	66	5	18	4	0	4	0	111	182	21	174	2	0	2	0	191	100	105	226	31	0	0	0	109	147	235	71	4	0	0	2	0	124	132	0	3	0	1	0	20	220	39	0	2	0	1	0	13	100	15	0	1	0	
0	0	2	1	0	0	0	0	0	1	0	12	33	21	0	1	2	0	47	143	208	119	0	4	0	5	138	2	139	125	0	4	0	36	134	54	179	41	0	2	0	0	82	94	115	20	0	1	0	0	1	0	108	12	0	0	0	0	3	1	47	5	0	0	
0	0	0	0	0	0	0	0	0	0	1	0	136	39	0	2	0	0	2	0	192	48	0	2	0	1	0	27	215	19	0	1	0	3	0	82	176	0	2	0	1	0	5	208	67	0	2	0	2	0	49	142	0	2	0	0	0	0	0	0	1	0	0	0	
0	0	3	0	0	0	0	0	0	1	0	20	66	91	8	0	1	0	98	177	156	197	5	0	0	2	211	83	60	145	0	3	1	0	28	130	233	63	0	3	0	3	0	90	195	144	0	3	1	0	10	208	181	100	0	2	0	0	0	31	37	0	0	0	
0	1	0	0	0	1	1	0	0	0	10	10	27	14	0	0	0	52	203	105	89	154	68	0	0	33	48	0	9	186	45	0	0	0	2	0	163	113	0	3	0	3	0	79	185	0	1	0	2	0	39	213	33	0	2	0	3	0	109	106	0	3	0	0	
0	0	0	0	8	30	0	1	0	0	1	0	111	93	0	2	0	2	0	78	97	0	2	0	0	0	8	120	8	1	0	0	2	0	58	72	83	108	0	1	2	0	57	104	37	115	0	0	0	0	0	94	91	17	0	1	0	0	0	0	0	0	0	0	
0	0	0	0	0	0	0	0	1	0	26	50	0	24	11	0	4	0	105	173	0	208	34	0	4	0	160	136	86	205	0	0	0	40	248	176	231	155	0	4	0	33	85	2	194	55	0	2	0	1	0	31	180	2	0	0	0	2	0	17	53	0	1	0	
0	0	0	0	2	1	0	0	0	2	63	43	2	0	0	0	0	1	66	130	151	32	0	2	0	0	3	0	125	51	0	2	0	0	3	0	136	13	0	0	0	0	0	9	139	4	0	0	0	0	0	7	143	7	0	0	0	0	1	0	47	10	0	0	
0	0	2	1	0	0	0	0	0	1	0	32	98	140	86	0	3	0	65	202	88	159	198	0	4	0	129	135	73	232	71	0	2	0	45	255	220	42	0	2	0	26	199	142	160	0	3	0	0	51	210	127	157	3	0	0	1	0	37	62	8	0	0	0	
0	0	0	3	2	1	1	0	0	0	1	123	113	7	0	1	2	0	60	96	62	186	0	0	3	0	101	56	0	149	74	0	1	0	126	19	0	64	79	0	0	14	132	0	48	129	12	0	2	0	89	135	94	14	0	1	0	0	1	11	0	1	1	0	
0	0	0	0	3	4	0	0	0	2	0	58	185	196	88	0	0	0	0	4	52	229	89	0	1	0	18	94	219	138	0	1	3	0	76	216	193	54	0	2	0	91	126	30	167	133	0	4	0	78	205	203	146	11	0	1	0	0	0	0	0	0	0	0	
0	0	1	0	0	2	1	0	3	0	66	208	113	2	0	0	3	0	151	108	125	154	0	1	0	30	174	1	0	153	91	0	0	57	147	0	0	66	143	0	0	16	197	38	7	155	88	0	2	0	79	174	162	100	0	1	0	0	0	3	4	0	2	0	
0	0	2	0	0	1	0	0	0	1	0	39	96	38	0	1	3	0	96	178	127	194	8	0	0	6	204	94	131	176	3	0	0	0	117	126	235	88	0	4	0	2	0	57	221	16	0	1	0	4	0	170	175	0	3	0	0	1	0	58	52	0	1	0	
0	0	1	1	1	0	0	0	0	2	0	93	145	16	0	1	1	0	28	72	87	46	0	2	4	0	104	125	156	66	0	2	2	0	39	160	130	115	20	0	0	3	0	100	130	121	2	0	0	3	0	99	158	22	0	1	0	0	0	0	0	1	0	0	
0	1	0	9	112	34	0	1	0	3	0	100	187	4	0	1	0	1	0	201	79	0	4	0	1	0	19	199	21	0	1	0	3	0	71	230	195	189	15	0	4	0	119	255	255	134	0	1	1	0	14	70	41	0	1	0	0	0	0	0	0	2	0	0	
0	0	1	2	0	1	0	0	0	0	0	5	21	0	0	0	1	0	16	166	191	95	0	3	3	0	133	97	167	124	0	4	3	0	110	190	227	64	0	3	0	0	9	46	145	18	0	1	0	1	0	39	137	0	2	0	0	1	0	46	92	0	2	0	
0	0	0	0	0	4	2	0	1	0	52	36	0	0	0	0	0	0	217	220	148	149	70	0	0	30	249	70	21	246	73	0	0	112	223	0	115	188	0	2	0	39	52	0	206	96	0	3	0	1	0	21	236	42	0	2	0	2	0	10	91	8	0	0	
0	0	0	1	1	0	0	0	0	0	105	190	164	10	0	1	0	12	126	13	142	100	0	4	0	1	0	62	160	33	0	2	1	0	2	194	186	16	0	1	1	0	93	14	92	193	0	0	2	0	76	160	160	95	0	2	0	0	0	5	9	0	0	0	
0	1	2	0	0	0	1	0	0	0	0	37	81	78	8	0	0	41	197	255	212	193	154	0	0	81	255	241	155	95	216	0	0	32	249	114	6	198	137	0	0	65	241	3	97	238	27	0	0	33	226	174	215	58	0	2	1	0	75	120	13	0	2	0	
0	1	3	0	0	0	0	0	0	1	0	37	133	169	70	0	0	7	116	254	214	148	241	35	0	51	255	167	0	52	250	38	0	64	228	21	6	207	149	0	0	127	209	31	215	207	6	0	0	31	225	251	145	12	0	1	1	0	27	38	0	1	1	0	
0	0	0	2	0	1	0	0	0	0	1	1	77	43	0	1	0	1	0	149	180	166	16	0	3	0	95	173	51	163	2	0	4	0	95	221	247	118	0	4	0	1	0	87	233	22	0	1	0	4	0	113	197	0	2	0	0	1	0	50	63	0	2	0	
0	0	0	0	0	2	1	0	0	1	146	153	92	3	0	0	3	0	153	255	228	163	0	0	0	4	206	255	33	173	101	0	0	19	235	184	122	193	140	0	2	0	171	185	227	250	42	0	1	0	14	166	198	54	0	2	0	0	1	0	0	0	1	0	
0	0	0	0	24	6	0	0	0	1	0	26	190	18	0	1	0	4	0	120	152	0	3	0	0	1	0	180	53	0	2	0	2	0	60	192	178	197	0	1	3	0	61	255	255	100	0	3	1	0	6	121	63	0	1	0	0	0	0	0	0	2	0	0	
0	0	0	0	0	2	1	0	1	0	25	155	123	9	0	1	3	0	170	214	215	158	7	0	0	0	211	117	0	72	53	0	0	0	176	42	0	36	74	0	3	0	130	90	0	104	88	0	1	0	19	176	169	163	8	0	0	1	0	15	65	18	0	1	
0	0	2	0	0	0	0	0	0	0	0	72	152	133	19	0	2	0	131	255	206	238	125	0	0	10	231	249	25	211	147	0	2	0	204	181	103	255	40	0	0	22	247	178	240	124	0	3	0	1	180	255	111	0	3	0	1	0	14	24	0	2	0	0	
0	1	0	16	53	0	1	0	0	1	0	10	152	10	0	1	0	0	6	0	131	64	0	2	0	0	4	0	125	76	0	3	2	0	112	100	186	68	0	3	2	0	159	223	178	33	0	1	1	0	25	58	2	0	0	0	0	0	0	0	2	2	0	0	
0	0	0	0	23	5	0	0	0	1	0	23	213	35	0	2	0	3	0	109	156	0	3	0	0	3	0	169	107	13	0	1	1	0	9	216	255	136	0	4	1	0	21	245	210	21	0	1	0	0	0	101	43	0	2	0	0	0	0	0	2	1	0	0	
0	0	0	10	6	0	0	0	1	0	24	138	71	0	2	0	1	0	7	126	91	0	2	0	0	4	0	119	134	0	3	0	0	0	4	72	96	57	0	2	1	0	30	76	19	111	0	2	1	0	12	110	103	27	0	1	0	0	0	10	8	0	0	0	
0	0	0	0	0	0	0	0	0	0	0	0	88	20	0	1	0	1	0	2	217	57	0	2	0	1	0	27	211	17	0	1	0	2	0	58	176	0	2	0	0	4	0	120	158	0	4	0	0	2	0	167	80	0	3	0	0	0	0	28	4	0	0	0	
0	0	0	1	0	0	0	0	0	0	4	1	8	20	37	8	1	0	75	177	142	146	179	31	3	0	73	109	0	3	3	0	3	0	103	156	82	0	1	0	0	86	38	0	122	62	0	2	0	44	136	102	134	27	0	1	0	0	12	50	19	0	1	0	
0	0	2	0	0	0	0	0	0	1	0	26	66	88	60	0	2	0	81	243	255	160	162	22	1	0	201	255	106	0	146	30	2	0	186	230	3	101	178	0	1	0	196	126	173	199	21	0	0	0	201	224	114	6	0	1	1	0	91	55	0	3	2	0	
0	0	2	19	20	4	0	0	3	0	96	81	67	20	0	1	2	0	105	101	85	31	0	1	3	0	102	148	26	85	15	0	0	0	2	3	0	20	40	0	1	0	14	13	0	6	72	1	1	0	30	140	137	133	73	0	0	0	0	7	14	7	0	0	
0	0	0	0	0	0	0	0	0	1	0	10	95	84	27	3	0	4	0	101	202	117	115	14	0	3	0	142	81	0	3	0	0	26	0	50	146	0	3	1	0	117	160	38	200	40	0	2	0	7	89	103	70	1	0	0	0	0	0	0	0	0	0	0	
0	0	0	16	77	0	0	0	0	3	0	151	181	0	2	0	2	0	60	170	0	2	2	0	3	0	151	63	0	9	0	0	0	7	158	11	181	192	26	0	3	0	103	164	206	232	50	0	0	0	1	65	72	16	0	1	0	0	2	0	0	0	1	0	
0	0	0	1	4	3	3	1	0	0	0	1	0	0	0	0	0	1	0	31	107	86	74	32	0	1	0	145	118	89	97	46	3	0	68	135	0	3	0	0	0	0	116	168	22	0	4	2	1	0	62	95	3	0	0	0	0	0	0	0	0	0	0	0	
0	0	0	0	0	0	0	0	1	0	12	94	136	92	0	1	3	0	72	167	9	34	0	0	3	0	84	198	107	27	0	1	3	0	74	145	101	145	0	4	0	0	3	0	75	158	0	3	0	0	1	132	195	61	0	3	0	0	0	37	47	0	1	0	
0	0	0	0	0	0	0	0	0	0	0	0	86	73	0	2	0	0	2	0	177	92	0	3	0	1	0	38	183	5	0	1	0	3	0	148	93	0	3	0	2	0	44	178	0	1	0	0	3	0	114	77	0	3	0	0	0	0	20	4	0	0	0	0	
0	1	0	0	3	1	0	0	0	1	27	16	0	1	0	0	0	71	154	143	118	21	0	1	0	28	8	0	66	154	8	0	0	0	2	0	6	154	16	0	0	1	3	0	113	99	0	3	0	2	0	71	128	0	2	0	0	2	0	84	47	0	2	0	
0	0	1	0	0	0	0	0	0	2	0	139	224	191	26	0	3	0	97	235	59	227	133	0	2	0	183	102	0	207	131	0	0	62	216	0	85	255	67	0	0	121	238	149	254	134	0	1	0	32	206	203	62	0	1	0	0	0	0	0	0	2	1	0	
0	0	1	0	3	1	0	0	0	2	0	108	171	19	0	1	2	0	65	148	4	0	0	0	3	0	101	171	125	94	0	0	0	0	0	6	6	129	50	0	1	0	20	66	2	139	24	0	1	0	12	144	162	78	0	2	0	0	0	3	4	0	0	0	
0	0	0	0	0	0	0	0	0	0	2	0	63	52	0	2	0	0	3	0	153	73	0	3	0	1	0	14	169	8	0	1	0	2	0	68	137	0	3	0	0	3	0	140	75	0	3	0	0	1	0	130	20	0	1	0	0	0	2	19	0	0	0	0	
0	0	1	0	0	0	0	0	0	0	5	3	25	15	0	1	3	0	130	43	116	63	0	2	0	9	220	109	168	55	0	2	0	11	75	141	243	66	0	3	0	0	3	0	158	60	0	2	0	0	6	0	156	67	0	3	0	0	2	0	55	49	0	2	
0	0	0	2	0	0	0	0	0	0	0	3	141	94	0	2	0	3	0	122	239	190	20	0	2	0	56	243	162	196	46	0	3	0	179	108	25	210	9	0	0	25	192	10	154	116	0	3	0	46	185	148	138	0	0	0	0	0	43	50	0	2	0	0	
1	0	23	57	30	0	0	0	2	0	57	129	137	95	0	2	0	0	2	0	41	160	0	2	0	1	1	6	154	61	0	2	0	0	0	130	78	0	3	0	0	6	179	189	111	164	82	0	0	33	147	78	30	18	8	0	0	0	0	0	0	0	0	0	
0	0	0	0	0	0	0	0	0	1	0	33	98	43	0	1	1	0	7	209	154	120	3	0	3	0	113	142	25	192	14	0	4	0	147	186	220	173	0	3	1	0	19	81	236	88	0	4	0	3	0	68	218	6	0	1	0	1	0	44	63	0	2	0	
0	1	0	0	3	2	0	0	1	0	43	63	0	6	16	0	0	35	239	91	49	224	120	0	0	32	177	117	228	111	5	0	1	0	15	220	206	0	1	0	0	0	6	138	189	86	0	3	0	2	0	153	255	91	0	4	0	1	0	23	87	4	0	0	
0	0	2	1	0	0	0	0	0	0	1	0	21	39	0	1	3	0	95	113	92	165	0	4	3	0	192	83	91	186	0	0	2	0	101	152	219	139	10	0	0	2	0	56	199	0	0	1	0	3	0	99	139	0	5	0	0	1	0	49	50	0	1	0	
0	0	0	1	1	0	0	0	0	0	3	0	61	10	0	0	0	1	0	32	162	0	0	0	1	0	32	154	165	44	14	0	1	0	168	154	174	85	7	0	0	1	12	0	128	25	0	1	0	0	2	0	118	33	0	1	0	0	1	0	13	6	0	0	
0	0	0	1	1	0	0	0	0	0	1	0	5	18	8	1	0	2	0	47	229	168	134	43	1	0	12	207	98	0	4	1	1	0	22	161	59	0	1	0	0	52	138	49	226	61	0	3	0	1	93	144	98	7	0	1	0	0	0	0	0	0	0	0	
0	0	0	0	0	0	0	0	0	0	2	0	119	32	0	1	0	1	0	19	214	31	0	2	0	3	0	72	191	0	1	0	0	4	0	124	129	0	4	0	0	3	0	176	103	0	3	0	0	2	0	124	102	0	2	0	0	0	0	0	0	0	0	0	
0	0	2	0	0	1	0	0	1	3	0	43	88	13	0	1	7	16	146	161	169	138	0	3	0	17	205	8	55	183	0	1	2	0	111	175	250	142	0	3	0	2	0	50	228	25	0	2	0	4	0	108	199	0	2	0	0	2	0	63	80	0	1	0	
