500	64	10
0	0	0	0	0	0	0	0	0	1	0	27	104	0	2	0	0	2	0	58	145	0	3	0	0	3	0	89	139	0	4	0	0	3	0	93	142	0	4	0	0	2	0	58	181	0	1	0	0	1	0	24	148	0	0	0	0	0	0	0	0	0	0	0	
0	0	0	0	1	0	0	0	0	0	2	0	61	50	0	2	0	0	3	0	137	53	0	2	0	1	0	33	160	0	0	0	0	3	0	131	96	0	3	0	1	0	22	180	9	0	1	0	2	0	54	108	0	3	0	0	0	0	0	1	1	0	0	0	
0	0	2	1	0	1	0	0	0	1	0	43	74	3	0	0	2	0	51	191	212	119	0	3	3	0	171	53	112	187	0	3	3	0	165	232	241	69	0	3	1	0	20	89	191	12	0	1	0	3	0	87	190	0	2	0	0	1	0	55	62	0	2	0	
0	0	0	1	0	1	0	0	0	0	1	2	0	11	56	0	0	3	0	83	46	73	99	0	1	0	9	153	49	148	9	0	1	0	168	219	211	78	0	3	0	17	82	84	130	0	3	0	0	2	0	119	34	0	1	0	0	0	4	24	1	0	0	0	
0	0	2	0	0	1	0	0	0	0	5	61	32	0	1	0	2	0	150	255	241	63	0	3	0	30	237	235	255	103	0	4	0	7	170	201	255	94	0	4	0	0	0	7	233	100	0	4	0	1	4	0	200	137	0	4	0	0	2	0	60	48	0	1	
0	0	0	2	0	1	0	0	0	0	1	0	78	180	74	0	0	2	0	70	152	195	124	0	0	1	0	146	190	138	0	0	2	0	28	241	134	0	2	0	2	0	158	162	127	0	3	0	0	6	175	161	67	0	2	0	0	0	1	2	0	0	0	0	
0	0	0	0	1	0	0	0	0	1	0	149	48	0	2	0	0	3	0	173	113	0	4	0	0	4	0	148	145	0	4	0	0	4	0	117	162	0	3	0	0	3	0	63	228	35	0	2	0	1	0	13	163	35	0	2	0	0	0	0	0	0	0	0	
0	0	0	1	0	3	1	0	0	0	1	0	94	135	0	0	0	2	0	59	185	133	0	1	0	4	0	103	233	103	0	2	2	0	42	197	166	2	0	0	2	0	169	132	135	4	0	0	0	0	144	171	42	0	2	0	0	0	1	1	0	0	0	0	
0	0	0	0	0	0	0	0	0	1	0	84	24	0	1	0	0	3	0	166	74	0	3	0	0	4	0	125	102	0	3	0	0	3	0	91	145	0	4	0	0	2	0	45	179	0	0	0	0	0	0	0	120	27	0	1	0	0	0	0	5	5	0	0	
0	0	0	0	1	0	0	0	0	0	0	0	9	132	9	0	0	0	3	0	91	196	0	1	0	1	0	14	204	51	0	2	0	3	0	149	152	0	3	0	2	0	48	213	20	0	1	0	4	0	105	106	0	3	0	0	0	0	0	1	1	0	0	0	
0	0	0	0	0	0	0	0	2	0	74	75	113	57	0	2	1	0	54	92	185	42	0	2	1	0	9	153	158	12	0	1	0	0	4	0	71	147	0	2	4	0	113	75	0	138	0	0	2	0	57	128	126	109	0	3	0	1	0	22	52	3	0	0	
0	0	1	0	28	38	0	1	0	2	0	95	233	210	38	0	0	2	0	137	68	152	87	0	0	1	1	0	20	197	22	0	0	6	129	199	234	126	0	3	0	159	235	221	233	76	0	3	10	128	139	80	18	45	0	2	0	0	0	0	1	0	0	0	
0	0	1	0	0	2	0	0	2	0	39	134	42	0	2	0	0	0	157	118	120	85	0	2	0	36	124	0	0	115	55	0	0	45	119	0	0	39	112	0	0	24	162	5	0	51	123	0	2	0	87	113	67	118	28	0	0	1	0	30	44	10	0	0	
0	0	0	2	0	0	0	0	0	0	2	0	51	31	0	1	0	2	0	90	218	125	0	4	2	0	71	119	139	135	0	4	4	0	143	158	219	64	0	3	1	0	15	156	165	0	3	0	0	1	0	162	53	0	2	0	1	0	20	81	0	1	0	0	
0	0	0	0	0	0	0	0	0	11	81	108	37	0	1	0	0	18	63	72	149	0	2	1	0	1	0	37	135	0	1	0	2	0	59	221	106	62	59	22	0	2	150	145	100	115	135	54	0	0	0	0	0	0	0	0	0	0	2	4	4	4	3	1	
0	0	0	0	0	1	0	0	0	1	0	32	155	165	10	0	0	2	0	114	123	176	21	0	0	1	3	116	204	83	0	3	0	0	3	39	106	97	0	3	0	24	104	26	156	89	0	3	0	7	178	193	74	0	1	0	0	0	0	1	0	1	0	0	
0	0	2	0	2	1	0	0	0	0	0	27	7	0	0	0	2	0	105	149	133	6	0	1	2	0	142	121	188	30	0	1	0	0	6	17	157	49	0	2	0	0	3	0	161	51	0	2	0	0	3	0	157	56	0	2	0	0	2	0	110	34	0	1	
0	0	0	1	1	0	0	0	0	0	2	0	59	200	72	0	0	2	0	52	133	220	127	0	0	5	0	116	149	198	32	0	1	0	9	152	255	55	0	3	0	48	192	187	120	0	5	0	0	126	107	90	70	0	2	0	1	0	6	16	0	0	0	0	
0	0	2	1	0	0	0	1	0	1	0	20	53	81	53	0	2	0	78	188	186	74	171	106	0	0	168	29	0	69	164	50	3	0	97	199	180	148	25	0	0	11	124	146	175	5	0	2	0	56	157	90	145	7	0	0	1	0	62	90	11	0	1	0	
0	0	1	2	0	0	0	0	0	1	1	1	72	50	0	1	1	0	17	170	182	198	11	0	0	0	150	86	33	215	14	0	0	24	211	148	240	132	0	4	1	0	26	92	193	15	0	1	1	0	4	171	62	0	2	0	1	0	41	87	0	2	0	0	
0	0	0	51	37	0	1	0	3	0	79	151	157	38	0	2	1	0	46	1	68	122	0	4	0	0	6	6	52	126	0	4	0	5	117	110	171	76	0	3	0	17	141	112	203	124	57	6	1	0	38	80	0	66	115	5	0	0	1	0	1	0	0	0	
0	0	0	1	0	0	0	0	0	1	0	13	135	115	0	1	0	1	0	159	170	196	8	0	1	0	25	127	53	216	9	0	1	0	3	198	229	79	0	2	3	0	124	213	102	0	3	0	0	35	183	97	130	0	3	0	0	10	35	56	26	0	1	0	
0	0	0	0	0	1	0	0	1	0	21	82	17	0	1	0	1	0	30	121	190	46	0	2	0	1	0	31	169	44	0	2	0	2	0	160	154	0	3	0	0	1	0	37	156	0	1	0	0	3	0	93	133	0	3	0	0	2	0	61	30	0	1	0	
0	0	0	0	2	23	0	0	0	2	0	73	205	205	10	0	0	3	0	95	82	139	55	0	0	1	1	0	10	164	20	0	0	10	110	150	221	158	0	4	0	164	204	243	159	86	9	0	0	109	125	74	0	2	1	0	0	0	0	0	3	2	0	0	
0	0	1	1	0	0	0	0	0	1	0	29	44	0	1	0	1	0	11	149	156	19	0	1	1	0	39	137	124	39	0	1	0	1	0	99	192	11	0	1	0	1	0	24	143	0	1	0	0	3	0	97	121	0	3	0	0	1	0	75	24	0	1	0	
0	0	0	0	2	1	0	0	0	1	0	21	179	95	0	3	0	3	0	111	149	168	0	3	0	0	13	126	115	120	0	4	0	0	0	202	203	1	0	1	3	0	68	172	156	0	0	0	3	0	124	156	73	0	2	0	0	0	1	11	1	0	0	0	
0	0	1	0	0	1	2	0	0	0	15	27	0	2	0	0	2	0	95	51	0	20	50	9	0	35	100	0	39	84	97	67	0	76	60	16	143	57	45	7	0	23	87	96	94	30	3	0	0	0	6	4	0	0	1	1	0	1	1	1	3	1	0	0	
0	0	2	0	34	46	0	2	0	1	0	16	177	56	0	2	0	0	0	166	74	0	2	0	3	0	91	124	62	113	0	2	3	0	151	105	183	146	0	3	3	0	85	240	191	40	0	2	0	0	0	58	38	0	1	0	0	0	1	0	1	1	0	0	
0	0	3	2	0	0	1	0	0	1	1	0	44	153	5	0	1	0	77	176	228	245	60	0	0	81	231	65	43	93	129	0	0	174	75	0	0	101	115	0	0	144	149	0	33	196	42	0	0	12	142	164	156	71	0	2	0	1	0	9	3	0	1	0	
0	0	0	2	2	0	0	0	0	0	0	0	0	7	43	11	0	2	0	100	187	180	152	21	1	0	16	218	120	10	0	0	3	0	69	143	140	10	0	1	0	56	64	91	127	0	0	0	0	52	146	102	13	0	1	0	0	0	0	0	1	0	0	0	
0	0	0	0	0	0	0	0	0	26	68	94	96	31	0	1	22	185	152	152	255	81	0	4	3	2	7	194	255	165	16	0	0	0	4	26	15	163	131	0	1	0	47	85	120	218	110	0	0	1	155	176	150	109	6	0	0	0	0	0	0	0	1	0	
0	0	0	0	0	33	13	0	0	1	0	27	179	255	86	0	0	4	0	155	199	174	97	0	1	0	11	90	23	174	58	0	0	20	201	255	254	169	0	2	0	155	255	229	217	216	79	0	0	98	106	22	2	126	70	0	0	0	0	0	1	0	0	0	
0	0	2	2	1	0	0	0	0	0	1	0	13	29	0	1	2	0	53	40	140	148	0	4	3	0	76	146	210	117	0	4	0	0	4	0	127	63	0	2	0	2	0	49	160	0	1	0	1	0	10	158	50	0	2	0	1	0	30	59	0	2	0	0	
0	0	1	0	31	33	0	1	0	0	2	0	151	56	0	2	0	3	0	110	113	0	3	0	2	0	39	165	94	119	0	1	3	0	141	184	152	158	0	2	3	0	168	249	159	43	0	2	1	0	18	55	18	0	1	0	0	0	1	0	1	2	0	0	
0	0	0	2	0	0	0	0	0	1	0	12	141	195	68	0	0	2	0	166	143	35	44	0	3	0	91	181	20	6	0	0	2	0	171	200	161	159	1	0	0	4	200	93	107	169	0	1	3	0	100	189	152	23	0	1	0	0	0	1	0	1	0	0	
0	0	0	0	6	24	0	0	0	1	0	10	173	200	9	0	0	2	0	157	115	121	62	0	0	1	0	55	8	165	45	0	1	0	99	173	247	151	0	3	0	53	223	162	187	132	0	3	0	18	115	72	4	75	0	0	0	0	0	0	2	0	0	0	
0	0	1	1	0	1	0	0	0	1	0	70	128	8	0	1	2	0	38	201	185	180	0	0	4	0	96	175	92	224	0	0	1	0	9	220	246	55	0	2	2	0	38	242	210	0	0	1	2	0	39	236	204	1	0	1	0	1	0	28	30	0	1	0	
0	0	0	1	4	69	3	0	0	0	3	0	96	157	0	2	0	2	0	61	169	5	0	1	1	0	10	180	117	36	0	1	3	0	79	235	195	150	0	4	4	0	99	251	196	87	0	3	1	0	25	42	33	0	0	0	0	0	0	0	0	1	0	0	
0	0	2	0	0	0	0	0	0	1	0	47	127	93	50	0	3	0	120	237	203	255	99	0	2	0	127	238	241	107	0	3	1	0	0	206	248	20	0	1	3	0	111	243	247	59	0	3	4	0	133	255	192	27	0	2	1	0	13	40	7	0	0	0	
0	0	1	1	0	0	1	0	0	2	0	25	167	193	49	0	1	0	8	204	201	255	152	0	2	0	172	180	0	104	185	0	0	90	203	2	0	123	148	0	0	191	146	75	195	209	16	0	0	95	210	185	109	11	0	1	0	0	0	0	0	1	1	0	
0	0	0	2	0	0	0	0	0	0	0	3	8	74	10	0	0	0	0	122	177	138	0	1	4	0	91	246	132	4	0	1	2	0	70	95	109	51	0	2	2	0	49	23	151	44	0	2	2	0	51	198	107	0	1	0	0	0	2	33	2	0	0	0	
0	0	0	1	0	0	0	0	0	1	1	8	100	208	145	0	0	2	0	162	215	113	83	0	3	0	100	255	143	22	0	1	1	0	147	141	156	164	0	3	0	4	35	55	178	111	0	3	0	32	203	198	106	0	3	1	0	1	0	0	0	1	1	0	
0	0	0	0	7	3	0	0	1	0	33	100	83	116	12	0	2	0	59	96	20	159	8	0	0	2	0	129	169	16	0	1	2	0	37	114	133	21	0	1	3	0	103	44	62	129	0	3	1	0	25	127	144	70	0	2	0	0	0	5	9	0	0	0	
0	0	0	0	0	0	0	0	0	1	0	75	166	54	0	2	0	1	0	113	184	143	0	4	1	0	53	116	214	97	0	3	0	3	211	198	211	116	0	4	0	0	10	0	168	129	0	4	0	63	61	130	130	0	0	0	0	36	59	45	1	1	0	0	
0	1	0	0	0	0	0	0	1	0	32	92	165	81	0	1	0	46	250	213	134	190	31	0	0	67	232	63	37	191	87	0	0	2	208	255	241	226	106	0	0	31	224	44	0	35	174	0	1	0	155	177	124	191	116	0	1	0	11	60	65	29	0	0	
0	0	1	0	0	0	0	0	0	0	3	95	121	123	5	0	0	4	147	111	118	206	0	1	0	5	6	48	222	41	0	2	1	0	113	158	153	120	0	1	0	1	17	0	73	205	0	1	16	59	13	70	179	55	0	2	14	47	23	54	26	0	1	0	
0	0	2	2	0	0	0	0	0	3	0	110	195	76	60	8	2	0	58	185	118	173	126	0	1	0	203	171	0	0	1	0	1	0	36	131	198	89	0	2	0	0	119	32	65	244	43	0	2	0	56	171	186	85	1	0	0	0	0	0	2	0	0	0	
0	0	1	0	11	43	0	0	0	1	0	22	174	107	0	2	1	0	0	197	126	0	3	0	3	0	134	171	0	3	0	0	0	0	205	99	77	171	53	0	3	0	118	255	135	188	31	0	1	0	26	137	86	20	0	1	0	0	1	0	0	1	1	0	
0	0	0	0	0	0	0	0	0	2	0	77	42	0	1	0	0	3	0	109	70	0	3	0	0	3	0	104	95	0	3	0	0	2	0	68	119	0	3	0	0	1	0	16	148	1	0	0	0	0	1	0	106	14	0	0	0	0	0	0	0	0	0	0	
0	0	0	0	0	0	0	0	0	0	63	102	99	132	7	0	0	4	100	40	135	211	0	0	0	1	0	97	234	38	0	2	0	6	130	133	120	162	0	0	0	0	3	0	126	192	0	1	10	131	105	153	153	12	0	1	1	49	66	34	0	2	0	0	
0	0	2	3	0	1	2	0	0	1	1	0	6	4	0	0	2	0	28	186	244	222	76	0	0	2	206	213	106	68	177	3	0	137	97	0	0	97	146	0	4	176	68	74	153	168	17	0	0	46	134	120	54	0	1	0	0	0	0	0	0	2	1	0	
0	2	2	0	0	0	0	0	1	0	7	74	59	17	8	0	0	43	194	251	170	246	97	0	0	93	192	19	99	255	50	0	0	2	0	143	255	72	0	3	10	178	218	174	200	117	0	1	1	39	25	0	88	199	0	0	0	0	0	3	1	0	0	0	
0	0	0	0	0	0	0	0	0	2	0	47	175	9	0	1	0	3	0	82	233	0	0	1	0	3	0	82	222	0	0	0	0	3	0	92	223	0	0	0	0	4	0	132	238	2	0	1	0	3	0	93	174	0	0	1	0	0	0	0	0	0	0	0	
0	0	1	1	0	1	0	0	0	2	0	37	49	1	16	2	1	0	11	219	205	153	215	8	0	28	210	172	40	210	137	0	0	74	132	0	161	177	0	1	0	2	0	139	202	4	0	1	3	0	111	249	26	0	2	0	1	0	77	64	0	2	0	0	
0	0	2	1	0	0	0	0	0	1	0	39	34	0	1	0	2	0	48	161	87	0	3	0	3	0	146	126	99	62	0	2	1	0	22	62	122	113	0	4	0	0	3	0	129	52	0	2	0	1	0	24	152	0	0	0	0	0	0	13	44	0	1	0	
0	0	0	4	0	69	70	0	0	0	4	0	63	224	47	0	0	2	0	70	212	46	0	2	2	0	48	236	149	115	33	0	1	0	187	217	229	251	35	0	0	5	204	255	203	99	0	2	1	0	20	70	23	0	1	0	0	0	0	0	1	3	0	0	
0	0	2	0	0	0	1	0	0	0	0	59	133	111	15	0	1	0	158	173	46	118	128	0	0	44	197	6	0	16	132	0	0	90	124	0	0	66	113	0	0	85	141	0	48	172	23	0	0	10	154	151	152	37	0	1	0	0	8	54	11	0	1	0	
0	0	0	1	4	1	0	0	0	0	1	2	0	1	21	5	0	1	0	23	113	118	112	16	0	0	7	157	110	10	0	0	1	0	35	110	104	69	0	3	0	52	75	15	118	44	0	2	0	25	83	93	37	0	1	0	0	0	0	0	1	1	0	0	
0	0	0	0	0	0	0	0	0	1	0	64	145	23	0	1	0	2	0	87	199	21	0	1	0	0	0	189	96	0	2	0	0	0	1	32	153	83	0	3	0	0	3	0	118	91	0	3	1	0	6	124	134	0	0	0	1	0	16	55	6	0	0	0	
0	0	1	2	0	0	0	0	0	1	0	6	71	55	0	1	0	2	3	124	85	193	37	0	2	0	99	72	69	197	1	0	0	0	152	90	205	102	0	3	0	1	0	60	149	0	0	0	0	0	0	175	43	0	2	0	0	0	12	71	0	1	0	0	
0	0	0	1	0	0	0	0	0	0	0	5	115	96	0	0	0	1	0	116	209	163	72	0	2	0	51	96	4	65	81	0	2	0	105	23	0	103	22	0	0	3	132	0	68	73	0	2	2	0	114	147	92	1	1	0	0	0	9	45	5	0	0	0	
0	0	1	2	0	0	0	0	0	0	0	5	91	130	42	0	0	0	0	123	64	194	118	0	3	0	92	129	67	185	16	0	2	0	49	216	194	15	0	1	0	5	125	45	142	52	0	2	0	96	162	81	104	3	0	0	0	16	45	22	0	0	0	0	
0	0	0	0	0	0	0	0	0	0	4	65	101	123	0	1	4	0	106	163	87	108	0	0	4	0	122	69	16	31	0	1	4	0	99	147	153	152	19	0	4	0	120	187	0	131	53	0	1	0	29	85	144	105	0	1	0	0	0	0	7	0	0	0	
0	0	0	2	0	0	0	0	0	0	3	0	127	187	8	0	0	3	0	107	219	210	67	0	3	0	77	244	11	151	84	0	0	10	204	101	0	202	43	0	0	78	186	0	118	143	0	2	0	21	166	145	88	0	1	0	0	0	0	0	0	2	0	0	
0	0	1	4	3	4	2	0	0	1	1	0	0	0	0	0	1	0	10	133	188	149	44	0	0	0	180	254	239	255	230	25	0	118	255	181	206	255	166	13	0	98	255	255	237	126	5	0	0	0	42	76	27	0	3	1	0	1	0	0	0	3	1	0	
0	0	0	2	1	0	0	0	0	0	2	0	37	47	0	1	0	2	0	70	138	193	26	0	2	0	65	135	91	173	0	0	3	0	111	129	211	37	0	2	0	3	0	138	122	0	3	0	2	0	57	190	3	0	0	0	2	0	61	50	0	2	0	0	
0	0	0	0	0	1	0	0	1	0	67	105	77	0	2	0	1	0	15	192	172	13	0	1	1	0	20	117	65	127	11	0	0	0	3	3	0	102	40	0	0	19	49	0	0	126	29	0	0	28	89	55	115	90	0	1	1	0	31	56	24	0	1	0	
0	0	1	2	0	0	1	0	0	1	0	8	75	168	7	0	1	0	15	189	165	195	97	0	0	0	199	139	0	72	174	0	0	102	177	0	0	180	126	0	0	187	76	63	188	148	2	0	0	117	208	158	60	0	2	0	0	0	1	0	0	2	1	0	
0	0	0	0	0	0	0	0	0	1	0	25	29	0	1	0	0	2	0	139	132	0	2	0	0	0	15	120	148	52	0	2	0	0	3	158	225	48	0	2	0	1	0	28	158	11	0	1	0	0	0	4	123	5	0	0	0	0	0	1	31	2	0	0	
0	0	0	0	1	0	0	0	0	0	2	0	39	187	29	0	0	0	3	0	181	144	0	3	0	2	0	52	224	23	0	1	1	0	8	202	108	0	3	0	2	0	174	175	0	2	0	0	0	20	191	34	0	2	0	0	0	1	0	1	0	0	0	0	
0	1	4	1	0	1	1	0	1	1	0	12	38	24	0	1	0	21	122	147	198	212	32	0	19	194	99	3	0	159	122	0	4	152	134	84	89	211	74	0	0	8	61	75	66	179	17	0	1	2	0	0	4	171	19	0	0	0	2	2	7	54	2	0	
0	0	1	0	31	22	0	1	0	1	0	88	226	210	20	0	0	0	5	149	43	193	113	0	0	1	2	0	35	232	52	0	1	0	100	219	233	105	0	2	0	83	255	234	245	57	0	3	0	77	140	14	85	54	0	2	0	0	0	0	0	0	0	0	
0	0	2	0	1	1	0	0	0	1	0	87	61	27	32	0	2	0	132	136	98	173	33	0	2	0	138	167	186	11	0	1	1	0	26	182	141	50	0	2	3	0	83	55	70	147	0	4	3	0	69	162	172	37	0	2	0	0	2	57	22	0	1	0	
0	0	0	0	0	0	0	0	0	1	0	43	160	181	71	0	0	1	0	37	60	198	124	0	2	0	49	138	160	162	15	0	3	0	103	142	206	118	0	4	9	95	41	100	169	42	0	1	14	158	162	101	11	0	1	0	0	0	0	0	1	2	0	0	
0	1	2	0	0	0	0	0	0	0	0	44	140	123	14	0	0	4	179	193	67	101	144	0	0	79	207	0	0	2	149	15	0	119	106	0	0	45	137	0	0	81	156	0	23	168	43	0	0	0	152	189	171	70	0	2	0	0	4	52	17	0	1	0	
0	0	0	1	0	1	0	0	0	0	1	2	1	13	43	0	0	3	0	117	64	115	104	0	2	0	53	186	24	176	22	0	0	9	194	176	169	110	0	3	0	6	0	62	181	0	0	0	1	0	11	161	33	0	2	0	1	0	26	75	0	2	4	0	
0	0	0	5	1	0	0	0	2	0	40	156	119	0	1	0	1	0	24	5	127	53	0	2	0	0	3	0	110	38	0	1	1	0	18	63	131	0	1	0	3	0	75	207	168	24	0	1	1	0	24	61	38	102	27	0	0	0	0	0	0	2	6	0	
0	0	0	1	0	0	0	0	0	0	1	4	21	32	85	35	0	3	0	102	166	153	118	29	2	0	68	245	120	6	0	1	2	0	139	111	152	134	0	5	0	47	117	23	182	91	0	3	0	14	130	172	112	0	0	0	0	0	0	0	0	1	0	0	
0	0	1	0	0	1	0	0	0	0	6	75	5	17	15	0	2	0	65	83	0	115	10	0	4	0	104	38	54	84	0	2	3	0	88	95	116	99	23	0	0	0	1	91	161	28	0	1	0	0	0	9	93	0	1	0	0	0	0	2	13	2	0	0	
0	0	0	2	0	80	22	0	0	0	3	0	81	161	0	1	0	1	0	29	199	36	0	2	0	0	0	164	78	0	3	0	3	0	82	168	143	139	0	3	4	0	96	221	215	91	0	3	0	0	4	73	32	0	1	0	0	0	0	0	0	2	0	0	
0	0	0	3	1	2	0	0	0	0	1	0	1	0	0	0	0	0	3	84	125	60	0	2	3	0	98	106	98	78	0	2	2	0	74	98	135	0	0	0	0	1	0	43	83	0	2	0	0	2	0	57	65	0	2	0	0	1	0	36	54	0	2	0	
0	0	3	3	0	0	0	0	0	1	0	0	8	16	5	0	0	0	86	138	159	224	83	0	0	92	194	48	35	195	26	0	0	25	18	0	138	118	0	4	0	2	0	44	180	9	0	1	0	4	0	162	98	0	3	0	0	0	1	136	28	0	1	0	
0	0	1	0	0	0	0	0	0	1	0	27	72	98	83	29	2	0	49	162	97	107	100	55	4	0	130	174	64	1	0	0	2	0	123	121	168	65	0	4	0	9	15	13	177	34	0	2	0	17	149	175	77	0	2	0	0	0	18	12	0	1	0	0	
0	0	1	1	0	0	0	0	0	1	0	15	78	61	45	0	1	0	29	164	105	213	158	0	4	0	97	136	68	155	8	0	1	0	0	197	234	13	0	1	2	0	53	116	179	60	0	2	4	0	141	168	116	3	0	0	2	0	64	87	0	0	0	0	
0	0	3	1	0	0	1	0	0	1	0	0	12	47	2	0	2	0	74	211	181	255	77	0	0	79	226	55	97	255	81	0	0	147	220	119	235	123	0	2	0	11	116	94	208	28	0	1	0	0	3	0	181	140	0	2	0	1	6	0	37	107	3	0	
0	0	2	3	0	0	0	0	0	0	0	0	47	48	0	1	2	0	38	140	171	219	19	0	0	2	212	187	169	203	3	0	0	7	125	70	168	100	0	3	0	2	0	68	174	0	1	0	1	0	15	210	45	0	2	0	1	0	19	78	0	1	0	0	
0	0	0	2	1	0	0	0	3	0	93	168	76	0	2	0	1	0	92	122	162	0	1	0	2	0	54	127	134	122	0	2	0	0	0	1	0	158	34	0	0	27	49	0	35	160	13	0	0	11	110	139	149	43	0	2	0	0	0	8	5	0	1	0	
0	0	1	1	0	0	1	0	0	2	0	14	149	210	36	0	1	0	20	217	169	214	96	0	0	1	199	123	0	64	169	0	0	109	165	0	0	140	126	0	0	181	100	32	159	178	10	0	0	66	196	171	102	3	1	1	0	0	1	0	0	2	1	0	
0	0	0	0	0	0	0	0	1	0	61	37	67	51	0	1	0	28	123	0	59	94	0	3	0	21	130	106	162	91	7	0	3	0	123	84	2	43	96	0	1	0	109	11	0	56	79	0	2	0	84	104	103	95	2	0	0	0	4	47	34	0	1	0	
0	0	0	0	1	1	0	0	0	0	0	2	0	69	74	0	0	0	2	0	34	240	56	0	0	0	3	0	174	149	0	3	0	3	0	142	167	0	3	0	3	0	96	190	3	1	1	0	0	30	213	41	0	2	0	0	0	13	28	0	2	0	0	0	
0	0	0	0	0	0	0	0	1	0	23	93	105	100	43	0	0	7	114	75	10	135	87	0	0	2	5	2	98	84	0	1	1	0	7	102	39	0	2	0	2	0	80	68	26	34	0	0	0	15	176	112	104	95	11	0	0	3	34	5	0	0	0	0	
0	0	2	0	1	1	0	0	0	1	0	52	197	140	0	1	3	0	118	222	48	181	60	0	1	0	65	29	3	198	49	0	2	0	46	167	228	95	0	2	0	39	232	192	224	69	0	3	0	40	165	49	47	131	0	2	0	0	0	0	1	0	0	0	
0	0	0	13	30	0	1	0	0	1	0	122	154	52	0	2	2	0	52	109	11	123	0	1	0	0	11	13	2	120	3	0	0	16	100	93	138	99	0	3	0	66	137	80	205	101	0	3	0	0	66	106	16	72	1	0	0	0	0	0	2	1	0	0	
0	0	0	0	0	0	0	0	0	1	0	58	147	82	0	1	0	1	0	115	182	219	5	0	2	0	81	152	220	83	0	3	1	0	73	71	140	154	0	3	1	4	0	17	177	127	0	3	35	173	160	148	91	0	0	0	6	45	15	0	0	2	0	0	
0	0	0	0	0	0	0	0	0	2	0	66	74	0	2	0	0	3	0	97	200	0	2	0	0	2	0	58	215	4	0	1	0	2	0	59	156	0	3	0	0	2	0	55	199	0	0	0	0	2	0	52	185	0	0	0	0	0	0	8	18	0	0	0	
0	0	0	2	1	1	0	0	0	0	0	10	21	62	43	0	0	4	0	103	110	150	40	0	2	0	68	161	78	147	0	4	0	60	200	175	187	38	0	2	0	20	0	122	136	0	3	0	1	0	31	136	3	0	0	0	1	0	18	24	0	1	0	0	
0	0	0	2	0	0	2	0	2	0	49	137	43	40	1	0	2	0	53	169	108	108	97	0	0	0	1	144	16	65	122	0	0	2	0	111	197	105	9	0	0	8	100	137	151	0	3	0	0	40	151	104	30	0	2	0	0	0	6	6	0	0	0	0	
0	0	0	1	0	0	0	0	0	1	0	23	133	159	119	9	0	1	0	173	144	20	22	1	2	0	36	206	169	58	0	2	0	0	2	0	79	182	0	2	0	62	179	181	200	45	0	2	0	31	186	133	25	0	1	0	0	0	0	0	1	2	0	0	
0	0	0	1	2	0	0	0	0	0	4	0	79	35	0	1	0	1	0	14	172	51	0	2	1	0	47	126	157	29	0	1	0	78	208	145	181	131	41	0	0	5	0	44	171	42	8	0	0	1	0	16	122	0	0	0	0	0	1	1	0	2	0	0	
0	0	1	0	14	87	0	0	0	0	3	0	155	151	0	3	0	3	0	114	159	0	1	0	2	0	43	222	100	23	0	1	2	0	145	149	145	176	0	1	0	5	184	211	187	99	0	2	1	0	43	85	33	0	1	0	0	0	0	0	0	2	0	0	
0	0	0	0	0	0	0	0	0	2	0	64	110	44	0	1	0	0	1	100	24	12	0	0	1	0	29	85	0	1	0	0	0	0	0	60	111	46	0	2	0	0	7	7	44	74	0	3	0	0	9	101	110	19	0	1	0	1	0	23	32	0	1	0	
0	0	1	4	2	0	0	0	0	0	1	0	1	9	9	0	1	0	30	114	131	222	90	0	1	0	180	167	73	199	12	0	0	2	41	0	166	68	0	3	0	3	0	131	144	0	4	0	2	0	54	177	5	0	1	0	3	0	89	51	0	2	0	0	
0	0	0	0	0	0	0	0	1	0	21	87	44	0	0	0	2	0	48	164	219	117	0	3	1	0	32	139	224	175	0	2	1	0	17	174	207	110	0	1	0	0	1	169	34	0	1	0	4	0	98	186	0	6	0	0	2	0	52	68	0	2	0	0	
0	0	1	3	0	0	0	0	0	0	1	0	37	52	73	0	1	0	18	149	152	241	74	0	4	0	132	104	99	133	0	1	3	0	75	231	142	0	2	0	1	0	87	133	165	0	2	0	0	38	166	125	103	0	2	0	0	1	40	53	0	0	0	0	
1	0	66	84	1	0	0	0	2	0	62	145	107	0	2	0	0	0	0	0	143	24	0	1	2	0	48	73	128	32	0	1	2	0	47	230	158	1	0	1	1	0	38	217	165	112	43	0	1	0	53	58	31	88	56	0	0	0	0	0	0	0	0	0	
0	0	2	1	0	0	0	0	0	1	0	16	76	27	0	1	2	0	39	134	140	136	0	4	0	3	192	121	189	62	0	2	0	5	54	151	127	0	3	0	1	0	19	148	3	19	36	0	2	0	59	61	0	45	115	0	0	0	0	1	0	12	42	0	
0	1	0	12	60	28	0	1	0	0	3	155	155	145	23	0	0	0	9	39	0	84	87	0	0	0	1	0	12	168	43	0	0	0	99	156	202	82	0	3	0	80	255	195	124	119	7	0	0	55	101	2	0	59	25	0	0	0	0	2	4	0	0	0	
0	0	0	2	0	1	0	0	0	0	2	0	88	211	112	0	0	3	0	138	177	155	92	0	3	0	96	187	0	119	99	0	0	17	192	17	33	190	59	0	0	136	133	101	189	55	0	2	0	138	192	116	12	0	2	0	0	0	4	0	1	2	0	0	
0	0	0	0	0	0	0	0	0	0	0	6	76	2	0	0	0	2	0	51	184	0	1	0	0	3	0	82	145	0	4	0	0	3	0	107	104	0	3	0	0	4	0	124	77	0	3	0	0	3	0	110	76	0	3	0	0	1	0	14	13	0	0	0	
0	0	0	0	1	0	0	0	0	0	0	2	0	76	69	0	0	0	2	0	43	243	45	0	0	0	4	0	178	132	0	3	0	4	0	111	204	1	0	1	2	0	64	217	25	0	1	0	0	29	205	51	0	3	0	0	0	14	32	0	2	0	0	0	
0	0	0	0	0	0	0	0	0	0	11	39	11	0	0	0	0	24	113	130	149	0	3	1	0	3	0	81	68	0	2	0	3	0	99	181	39	67	65	25	1	0	35	101	103	111	101	29	0	0	0	0	0	0	0	0	0	0	1	4	3	4	4	1	
0	0	1	2	0	0	0	0	0	0	0	5	121	69	0	1	1	0	36	182	182	197	4	0	2	0	46	91	124	82	0	2	0	37	164	220	145	0	33	11	0	117	193	60	151	184	164	21	0	0	0	0	5	27	5	0	0	0	3	3	2	0	1	1	
0	0	1	0	0	0	0	0	0	2	0	74	179	69	0	3	2	0	51	141	93	120	0	4	0	0	19	0	124	83	0	3	0	2	0	97	188	164	36	0	2	0	123	203	1	62	87	0	0	14	179	35	0	2	1	0	0	0	0	2	1	2	1	0	
0	0	0	0	0	0	0	0	0	1	0	18	90	138	39	0	0	2	0	95	115	242	100	0	2	0	35	110	173	159	0	0	4	0	97	143	116	191	0	1	48	115	0	19	168	129	0	2	21	162	165	151	65	0	1	0	0	18	28	0	0	2	0	0	
0	0	2	0	0	0	0	0	0	1	0	57	84	30	0	1	3	0	94	194	171	92	0	2	3	0	116	174	0	0	1	0	0	2	0	141	191	0	0	1	0	0	3	0	169	86	0	3	0	1	0	97	182	21	0	1	1	0	17	119	36	0	1	0	
0	0	0	2	1	1	0	0	0	0	2	2	0	6	93	7	0	3	0	62	51	85	163	0	2	0	48	150	62	179	19	0	0	22	221	182	187	73	0	3	0	27	36	192	111	0	4	0	3	0	95	123	0	3	0	0	0	0	34	9	0	0	0	0	
0	0	0	0	0	0	0	0	0	2	0	78	18	0	1	0	0	3	0	136	48	0	2	0	0	3	0	127	68	0	2	0	0	3	0	100	91	0	3	0	0	3	0	70	182	0	1	0	0	1	0	29	121	0	1	0	0	0	0	0	0	0	0	0	
0	0	0	1	3	1	0	0	0	0	1	1	0	0	10	8	0	1	0	23	119	117	113	27	1	0	16	189	161	64	0	1	1	0	18	64	154	87	0	4	0	52	189	143	103	0	0	0	0	13	106	55	0	1	0	0	0	0	0	0	3	0	0	0	
0	0	3	1	0	1	1	0	0	2	0	25	85	13	0	1	1	0	82	170	178	92	0	2	0	91	248	125	155	243	133	0	0	76	164	113	78	225	60	0	0	0	2	0	158	127	0	3	0	4	0	86	195	0	2	0	0	1	0	35	46	0	1	0	
0	0	0	3	0	72	42	0	0	0	3	0	43	201	21	0	0	1	0	17	184	59	0	2	1	0	9	193	182	81	13	0	3	0	141	250	55	175	58	0	1	0	196	229	138	120	0	0	1	0	23	68	69	4	0	0	0	0	0	0	0	2	0	0	
0	1	0	0	0	0	0	0	1	0	23	130	166	130	17	0	0	101	237	126	100	238	94	0	0	68	180	124	164	109	1	0	3	0	73	227	189	66	0	2	3	0	175	85	6	197	11	0	2	0	61	171	193	165	0	1	0	1	0	25	63	16	0	1	
0	0	2	4	3	2	0	0	0	0	0	0	0	1	14	1	1	0	40	134	149	204	173	0	2	0	118	101	89	245	44	0	0	2	0	35	195	55	0	2	2	0	27	210	75	0	4	0	0	4	198	100	0	5	0	0	0	63	140	0	3	0	0	0	
0	0	0	0	0	0	0	0	2	0	44	136	131	29	0	1	2	0	70	76	121	164	0	2	0	2	0	120	182	46	0	1	0	1	0	54	160	24	0	1	0	7	54	0	67	132	0	4	0	2	122	136	177	78	0	3	0	0	0	43	47	0	0	0	
0	0	2	1	0	0	0	0	0	0	0	14	40	87	123	49	2	0	89	161	128	122	168	85	3	0	144	149	21	139	77	0	1	0	9	190	213	44	0	3	0	17	152	82	192	30	0	1	0	57	175	136	85	0	0	0	0	0	30	12	0	0	0	0	
0	0	0	2	29	2	0	0	0	2	0	116	236	22	0	1	0	0	4	133	186	12	0	1	0	2	0	68	140	0	5	0	0	2	0	156	48	0	2	0	3	0	70	196	77	140	60	0	2	0	39	136	113	72	15	0	0	0	0	0	0	0	0	0	
0	0	0	3	0	0	0	0	0	0	1	0	24	69	36	0	0	0	0	100	144	206	96	0	4	0	136	197	157	159	0	1	2	0	74	135	212	25	0	1	1	0	5	163	59	0	2	0	2	0	160	112	0	4	0	0	0	5	79	6	1	0	0	0	
0	0	0	1	1	0	0	0	0	0	2	0	83	19	0	1	0	2	0	59	155	0	0	0	1	0	4	169	97	122	0	3	2	0	46	168	155	78	0	3	0	2	0	65	187	0	0	1	0	2	0	67	71	0	2	0	0	0	0	12	6	0	0	0	
0	0	0	2	0	0	0	0	0	0	2	0	50	36	0	1	0	1	0	118	198	164	0	3	3	0	106	126	137	143	0	4	1	0	182	147	200	57	0	2	0	0	21	39	147	5	0	0	0	3	0	98	108	0	3	0	0	1	0	60	13	0	0	0	
0	0	2	0	9	3	0	0	0	0	2	126	167	178	48	0	2	0	115	120	0	81	171	0	0	17	68	0	0	42	169	0	0	10	89	119	135	226	91	0	0	117	177	63	179	97	0	2	0	28	150	146	44	0	3	0	0	0	1	1	1	3	0	0	
0	0	2	1	0	0	0	0	0	1	0	12	157	78	0	3	2	0	49	135	174	100	0	4	4	0	116	165	134	14	0	1	0	1	0	172	199	48	0	2	3	0	72	94	131	96	0	3	2	0	55	150	113	0	1	0	0	0	0	12	1	0	0	0	
0	0	0	0	1	3	0	0	0	7	16	2	0	0	0	0	0	55	147	140	141	176	35	0	0	0	6	0	133	187	0	0	0	1	0	9	204	40	0	2	0	3	0	82	151	0	3	0	0	3	0	142	72	0	2	0	0	2	0	81	35	0	1	0	
0	0	0	0	18	11	0	0	0	0	3	0	122	48	0	2	0	1	0	34	148	0	1	0	0	2	0	130	102	0	1	0	2	0	49	186	132	83	0	3	4	0	103	239	141	30	0	2	1	0	14	78	12	0	0	0	0	0	0	0	1	1	0	0	
0	1	1	0	0	0	0	0	1	0	38	99	150	37	0	2	0	46	155	170	203	10	0	1	0	12	70	228	189	29	0	1	1	0	21	23	87	179	0	0	1	0	27	25	0	166	21	0	1	0	27	164	224	151	0	2	0	1	0	16	54	7	0	0	
0	0	1	2	0	0	0	0	0	1	0	15	48	111	158	26	1	0	3	151	169	123	45	0	3	0	148	238	154	36	0	2	1	0	72	37	87	171	0	3	0	95	74	52	179	72	0	2	0	66	186	163	66	0	1	0	0	0	0	0	1	2	0	0	
0	0	0	6	19	0	0	0	1	0	8	125	179	81	0	2	0	0	10	43	29	164	0	1	1	0	38	21	88	108	0	3	0	25	157	168	210	7	22	14	0	119	150	144	194	139	129	12	0	25	115	51	1	38	8	0	0	0	0	0	2	0	1	1	
0	0	0	3	0	0	0	0	0	0	2	0	46	50	0	1	0	1	0	124	140	194	17	0	3	0	92	131	58	164	0	0	3	0	166	149	211	78	0	3	0	0	15	52	170	10	17	3	0	3	0	123	107	0	36	4	0	1	0	78	18	0	0	0	
0	1	2	0	1	1	0	0	1	0	23	60	5	1	0	0	0	0	171	127	139	22	1	0	0	78	247	147	230	172	37	0	0	13	65	52	195	99	0	3	0	0	4	0	130	122	0	4	0	1	6	0	83	186	0	2	0	0	1	0	18	71	0	1	
1	0	1	0	36	29	0	1	4	4	0	92	195	168	23	0	0	2	0	43	9	165	47	0	0	1	3	0	103	150	0	3	0	18	117	220	229	9	0	1	0	165	217	122	166	163	36	0	0	111	80	0	32	127	11	0	0	0	0	2	1	0	0	0	
0	0	0	1	3	0	0	0	0	56	81	15	0	1	0	0	0	55	151	186	87	0	4	0	0	1	0	16	171	27	0	1	0	3	1	5	156	75	84	14	2	0	54	192	184	103	43	1	1	0	42	53	0	1	0	0	0	0	0	0	1	3	2	0	
0	0	0	0	0	0	0	0	0	0	0	64	135	108	0	1	0	0	6	93	195	142	0	3	1	0	14	137	214	122	0	2	0	0	13	29	31	177	18	0	0	38	22	0	152	98	6	2	0	87	183	162	119	0	1	0	0	0	51	39	0	2	1	0	
0	0	1	0	30	10	0	0	0	1	0	33	130	20	0	1	0	0	0	124	26	0	2	0	1	0	31	108	0	8	0	0	2	0	43	130	78	71	15	0	1	0	14	180	24	90	47	0	0	1	0	42	98	67	0	0	0	0	0	0	0	0	0	0	
0	0	0	2	1	1	0	0	0	0	2	2	0	36	59	0	0	2	0	60	62	123	65	0	2	0	49	138	67	136	0	2	0	7	155	146	169	26	0	1	0	5	0	121	84	0	3	0	2	0	77	103	0	3	0	0	1	0	28	9	0	0	0	0	
0	0	1	1	0	0	0	0	0	2	0	72	106	40	0	2	1	0	23	205	164	125	0	4	3	0	150	116	123	121	0	4	0	119	255	164	221	212	68	0	0	110	130	50	197	241	95	0	0	0	3	0	178	107	0	4	0	3	5	0	16	11	0	0	
0	0	0	0	0	0	0	0	0	1	0	78	150	95	0	0	0	1	0	39	121	199	4	0	2	0	63	134	208	87	0	3	2	0	56	85	114	127	0	4	0	54	9	0	119	137	0	3	0	102	144	140	110	1	0	0	0	5	58	25	0	2	0	0	
0	0	1	0	0	0	0	0	0	0	15	119	0	0	0	0	2	0	53	146	0	7	1	0	2	0	150	79	0	130	36	0	0	44	225	117	97	169	21	0	0	23	39	26	42	159	28	0	0	0	0	3	0	111	45	0	0	1	2	1	2	1	0	0	
0	0	1	0	0	0	0	0	0	0	0	98	141	66	0	1	4	0	113	156	106	191	1	0	3	0	102	174	206	91	0	3	2	0	40	184	133	144	0	4	0	7	165	17	88	147	0	4	0	14	148	127	166	19	0	1	1	0	33	65	8	0	0	0	
0	0	1	0	21	46	0	1	0	0	1	0	123	54	0	2	0	2	0	75	116	0	2	0	0	0	6	125	24	7	0	0	2	0	58	126	102	123	0	2	3	0	61	161	110	101	0	2	0	1	0	55	64	1	0	0	0	0	0	0	0	1	0	0	
0	0	0	2	0	0	0	0	0	1	0	18	77	84	77	27	0	3	0	129	133	83	64	18	1	0	16	187	136	73	0	0	0	27	53	25	67	185	17	0	0	56	249	226	185	62	0	2	0	0	41	58	9	0	0	0	0	1	0	0	1	2	0	0	
0	0	1	1	0	2	0	0	0	1	0	31	117	0	0	0	1	0	22	217	201	105	0	0	3	0	107	134	0	91	61	0	1	0	150	30	0	74	70	0	0	12	115	0	25	140	15	0	1	0	92	118	121	31	0	1	1	0	11	56	11	0	1	0	
0	0	0	0	2	1	0	0	0	3	0	0	3	97	8	0	0	7	3	0	80	189	0	0	0	0	0	0	182	51	0	2	0	4	0	113	119	0	3	0	1	0	23	176	13	0	1	0	3	0	96	99	0	3	0	0	1	0	20	8	0	0	0	0	
0	1	3	3	2	3	0	0	0	0	0	0	0	0	0	0	0	23	140	139	128	121	12	0	0	8	52	42	22	164	20	0	0	0	3	0	91	130	0	3	0	1	0	8	148	17	0	1	0	3	0	82	97	0	3	0	0	1	0	123	23	0	1	0	
0	0	0	1	0	0	0	0	0	0	2	0	39	114	95	9	0	3	0	51	182	52	27	4	1	0	19	208	162	105	5	0	0	20	22	23	15	170	12	0	0	109	202	129	162	51	0	2	0	0	93	114	22	0	1	0	0	1	0	0	1	2	0	0	
0	0	2	0	0	0	3	0	0	0	2	58	11	0	0	2	2	0	114	213	16	0	91	47	0	59	183	0	55	189	128	0	0	39	180	128	233	162	0	1	1	0	15	137	165	0	1	1	0	2	0	140	49	0	2	0	0	0	1	0	1	1	0	0	
0	0	1	0	13	7	0	0	0	1	0	0	183	73	0	2	1	0	8	166	172	201	21	0	1	0	18	37	56	179	0	0	0	1	0	18	184	57	0	2	0	107	200	220	196	151	132	0	0	97	119	29	8	25	21	0	0	0	0	0	0	0	0	0	
0	0	0	8	24	0	1	0	0	3	0	86	92	0	3	0	0	0	3	128	13	0	0	0	2	0	56	101	16	130	7	0	3	0	97	57	111	131	0	0	4	0	94	119	171	33	0	2	2	0	34	118	56	0	2	0	0	0	0	0	1	1	0	0	
0	0	0	0	0	0	0	0	0	1	0	45	131	137	36	0	0	1	0	29	137	235	74	0	2	0	35	145	237	96	0	3	2	0	52	118	133	183	0	0	0	1	0	25	157	144	0	2	9	160	167	142	81	1	0	0	0	47	28	0	1	2	0	0	
0	0	0	0	0	3	1	0	0	11	137	94	20	0	1	0	0	36	125	107	180	134	6	0	0	0	0	56	170	228	23	0	4	0	132	249	118	14	0	1	1	0	46	88	197	98	0	3	2	0	41	130	190	56	0	2	0	0	4	62	33	0	1	0	
0	0	1	3	0	0	0	0	0	1	2	0	23	55	74	8	1	0	7	135	217	187	154	30	1	0	177	201	1	147	88	0	0	88	192	0	44	196	37	0	0	143	152	102	201	61	0	3	0	80	205	126	19	0	2	0	0	0	0	0	1	2	0	0	
1	0	71	8	0	1	1	0	0	15	123	0	3	1	0	0	0	44	106	0	1	21	16	0	0	74	112	0	66	198	154	0	0	54	151	23	170	122	144	0	2	0	139	229	199	192	43	0	0	0	4	17	7	4	0	0	0	0	2	0	0	1	2	0	
0	0	0	0	1	0	0	0	0	0	0	3	0	136	80	0	0	0	3	0	51	214	17	0	0	1	0	6	207	93	0	3	1	0	5	191	156	0	2	0	0	0	193	160	0	2	0	0	0	88	130	0	2	1	0	0	0	4	1	2	1	0	0	0	
0	0	0	0	0	0	0	0	0	0	0	35	45	0	0	0	2	0	33	119	118	0	1	0	1	0	19	116	131	25	0	1	0	0	1	0	118	23	0	1	0	1	0	30	99	0	2	0	0	3	0	77	80	0	3	0	0	1	0	39	36	0	1	0	
0	0	2	1	1	0	0	0	0	0	0	12	9	0	0	0	2	0	78	154	130	10	0	0	1	0	39	52	131	3	0	0	0	40	126	169	144	77	26	0	0	80	98	0	25	76	140	25	0	0	0	0	0	0	2	2	0	2	3	0	1	3	1	0	
0	0	10	4	0	0	0	0	0	5	120	134	23	0	1	0	0	4	0	115	76	0	3	0	2	0	45	192	124	55	0	2	1	0	17	29	32	163	20	0	0	0	4	0	56	140	0	0	2	0	57	131	124	18	0	1	0	0	2	14	2	1	1	0	
0	0	0	0	1	0	0	0	0	0	0	0	3	122	17	0	0	0	4	0	114	145	0	3	0	1	0	29	184	16	0	1	0	1	0	166	98	0	5	0	3	0	82	163	0	8	1	0	2	0	123	37	0	1	0	0	0	0	3	2	1	0	0	0	
0	0	0	1	14	4	0	0	0	1	0	90	115	33	0	2	1	0	34	110	0	4	0	0	1	0	24	132	16	0	1	0	0	2	0	55	151	35	0	2	0	0	1	0	42	137	0	2	0	0	4	66	111	71	0	2	0	0	1	16	12	0	0	0	
0	0	0	0	4	1	0	0	0	0	1	113	186	148	0	1	0	0	1	47	151	141	0	2	1	0	51	160	212	67	0	3	2	0	90	64	49	158	0	3	0	90	52	41	209	107	0	2	0	81	160	165	84	0	2	0	0	0	6	3	0	1	0	0	
0	0	1	0	0	0	0	0	0	0	0	0	30	6	0	0	3	0	100	49	140	45	0	2	4	0	144	129	174	43	0	2	1	0	27	93	197	25	0	1	0	0	2	0	141	34	0	1	0	0	5	0	137	79	0	3	0	0	2	0	47	49	0	2	
0	0	0	0	1	0	0	0	0	0	2	117	210	143	8	0	2	0	59	177	31	208	50	0	0	0	2	0	90	137	0	1	0	16	56	147	238	42	0	1	1	201	255	195	169	253	105	0	0	74	58	1	0	105	92	0	0	0	0	2	3	0	0	0	
0	0	0	0	1	0	0	0	0	0	0	2	0	94	56	0	0	0	3	0	74	235	30	0	0	1	0	14	200	48	0	2	0	3	0	162	156	0	4	0	2	0	52	220	15	0	1	0	4	0	114	119	0	4	0	0	0	0	11	12	0	0	0	0	
0	0	0	2	0	29	61	0	0	0	1	0	22	173	55	0	0	0	0	4	150	58	0	2	0	2	0	135	124	0	5	0	3	0	71	190	162	151	0	2	4	0	135	221	149	42	0	2	1	0	25	76	18	0	1	0	0	0	0	0	1	2	0	0	
0	0	0	2	5	0	0	0	0	0	4	83	149	59	0	2	0	0	0	56	130	18	0	1	0	2	0	39	128	1	0	0	0	0	4	0	82	75	0	3	0	2	5	0	108	69	0	3	0	4	96	124	102	1	0	0	0	0	9	12	0	0	0	0	
0	0	1	2	0	0	0	0	0	0	0	5	71	111	102	16	1	0	1	133	125	37	25	4	3	0	153	226	105	54	0	1	1	0	55	24	124	164	0	4	0	54	90	101	156	25	0	1	0	65	159	100	14	0	1	0	0	0	0	0	2	1	0	0	
0	0	0	0	2	7	0	0	0	0	4	65	147	90	0	2	3	0	66	138	29	0	1	0	4	0	107	186	148	56	0	2	3	0	117	64	16	161	11	0	2	0	75	40	11	159	23	0	2	0	45	157	173	80	0	2	0	0	0	2	3	0	0	0	
0	0	0	0	0	1	0	0	3	3	0	68	163	198	54	0	2	2	1	0	34	203	46	0	2	0	35	150	212	129	0	4	12	25	45	99	106	173	0	2	49	123	0	49	174	62	0	2	0	108	151	118	32	0	1	0	0	4	6	0	1	2	0	0	
0	0	1	4	0	2	0	0	0	1	1	0	3	2	12	0	1	0	25	120	135	162	127	0	0	18	172	106	97	216	26	0	0	27	155	84	141	113	0	3	0	0	0	18	150	11	0	0	0	3	0	138	81	0	3	0	0	0	4	120	9	0	0	0	
0	0	0	3	0	29	15	0	0	0	4	0	87	230	63	0	0	3	0	121	201	117	81	0	3	0	89	231	7	124	108	0	0	47	243	35	58	245	45	0	0	110	203	132	223	87	0	3	0	44	151	128	24	0	2	0	0	0	0	0	1	2	0	0	
1	2	4	2	0	1	1	0	0	0	0	0	13	10	0	0	87	196	154	182	221	200	8	0	39	90	90	70	140	211	2	0	0	0	2	0	198	132	0	4	1	6	0	55	250	47	0	2	0	3	0	75	236	9	0	1	0	1	0	21	162	19	0	1	
0	0	1	4	3	1	0	0	0	0	0	0	0	7	10	0	1	0	35	112	111	195	55	0	1	0	138	84	90	147	0	2	0	2	9	0	148	30	0	1	0	3	0	112	119	0	3	0	1	0	32	142	6	0	0	0	2	0	82	39	0	1	0	0	
0	0	0	1	1	3	0	0	0	0	2	0	111	24	0	1	0	3	0	92	152	74	1	0	2	0	54	132	85	100	0	3	0	0	175	35	148	73	0	2	1	0	68	155	183	31	0	1	0	1	0	16	47	0	1	0	0	0	2	1	2	2	0	0	
0	0	0	1	0	1	0	0	0	0	2	1	0	8	85	2	0	2	0	29	0	75	118	0	2	0	58	166	0	137	28	0	0	30	193	134	127	101	0	3	0	25	21	26	172	7	0	0	0	2	0	106	58	0	2	0	0	0	3	28	1	1	0	0	
0	0	1	0	0	0	0	0	0	0	1	14	6	0	0	0	0	10	95	137	100	0	3	0	0	4	12	120	86	1	0	0	1	0	22	91	94	90	0	3	0	0	3	0	65	63	0	2	0	0	0	14	108	5	0	0	0	1	0	43	51	0	2	0	
0	0	0	0	12	69	0	1	0	0	3	0	122	124	0	3	0	3	0	78	151	0	1	0	1	0	21	166	41	28	0	1	3	0	119	79	105	213	10	0	3	0	143	182	167	138	7	0	1	0	33	84	34	0	0	0	0	0	0	0	0	3	1	0	
0	0	2	0	2	1	0	0	0	0	0	21	6	0	0	0	2	0	86	147	132	10	0	1	0	21	163	53	233	51	0	2	0	0	100	98	128	95	0	4	0	0	3	0	91	104	0	4	0	0	6	0	121	99	0	4	0	0	3	0	93	53	0	2	
0	0	0	2	0	1	0	0	0	0	1	5	12	24	70	0	0	1	0	103	54	99	71	0	2	0	96	123	26	125	0	1	0	35	178	93	170	42	0	2	0	7	0	42	129	0	2	0	0	0	1	104	27	0	1	0	0	0	6	19	0	1	0	0	
0	0	39	30	0	1	0	0	0	26	246	87	0	7	2	0	0	85	212	0	0	0	0	0	0	143	209	0	71	136	40	0	0	83	255	192	240	255	232	31	0	2	89	237	253	253	204	14	0	1	0	14	57	53	12	0	0	0	3	0	0	0	1	1	
0	0	0	3	0	1	1	0	0	0	4	0	48	167	131	0	0	3	0	111	185	149	106	0	2	0	128	176	1	138	48	0	0	85	172	0	50	154	1	0	0	160	92	92	238	43	0	2	0	52	187	147	36	0	2	0	0	0	2	0	0	1	0	0	
0	0	0	1	0	2	0	0	0	0	0	9	72	1	0	0	0	3	0	93	104	62	35	0	1	0	8	148	44	159	2	0	3	0	104	185	171	82	0	3	1	0	29	25	165	15	0	1	0	2	0	54	79	0	2	0	0	0	0	11	6	0	0	0	
0	0	0	1	2	0	0	0	0	0	1	1	1	12	19	7	0	1	0	20	102	109	99	27	1	0	10	162	120	35	0	1	1	0	22	68	112	109	0	4	0	34	123	106	135	16	0	1	0	8	89	72	8	0	1	0	0	0	0	0	2	1	0	0	
0	0	2	0	2	1	0	0	0	0	5	66	11	0	0	0	2	0	78	168	153	31	0	2	1	0	151	32	187	54	0	2	2	0	90	136	182	21	0	1	0	0	2	0	148	37	0	1	0	0	4	0	154	51	0	2	0	0	1	0	59	24	0	1	
0	0	0	2	1	0	1	0	0	0	2	0	16	24	0	1	0	2	0	71	129	133	26	0	2	0	72	125	25	163	50	0	0	2	170	84	164	117	0	3	0	1	33	63	130	1	0	0	0	2	0	116	56	0	2	0	1	0	22	81	0	2	0	0	
0	0	11	17	0	0	0	0	0	35	93	78	65	0	1	0	0	18	3	68	116	0	2	0	1	0	10	103	98	21	0	1	0	1	1	0	26	109	8	0	0	0	26	3	0	75	69	0	1	0	59	73	45	100	40	0	0	0	1	12	14	13	0	0	
0	0	0	2	1	0	0	0	0	0	2	0	24	59	1	0	0	1	0	61	118	135	44	0	2	0	65	125	75	159	10	0	3	0	128	116	163	86	0	3	0	2	0	49	121	0	2	0	0	1	0	127	36	0	1	0	0	0	12	56	0	1	0	0	
0	0	0	2	1	0	0	0	0	0	4	0	59	163	15	0	0	2	0	78	195	229	35	0	2	0	60	160	53	168	0	1	3	0	170	42	74	125	0	3	2	0	172	91	162	26	0	1	3	0	97	199	44	0	2	0	0	0	0	0	1	1	0	0	
0	0	2	1	0	1	1	0	0	1	0	16	94	30	56	45	2	0	61	149	88	115	139	19	0	20	175	18	34	123	20	0	0	11	100	154	203	44	0	3	3	0	64	161	168	31	0	1	4	0	100	174	77	0	2	0	0	0	8	39	1	0	0	0	
0	0	2	1	0	0	0	0	0	0	0	10	17	0	0	0	2	0	37	155	184	70	0	3	4	0	126	74	135	50	0	2	2	0	53	169	182	2	0	1	0	1	0	34	140	0	2	0	0	2	0	65	138	0	3	0	0	2	0	62	61	0	2	0	
0	0	0	0	7	1	0	0	0	2	0	88	180	122	0	3	0	1	0	24	140	105	0	3	0	0	1	120	204	87	0	3	0	0	4	16	25	134	0	2	1	6	2	0	90	112	0	3	2	129	117	129	135	8	0	1	0	8	15	14	3	0	0	0	
0	0	0	0	0	0	0	0	1	0	15	63	28	20	0	1	1	0	19	160	250	101	0	4	1	0	19	142	237	141	8	0	1	0	0	147	198	142	19	0	0	3	0	131	67	0	2	0	0	0	0	195	55	0	2	0	0	0	2	61	9	0	0	0	
0	0	0	0	0	0	0	0	0	0	2	0	51	61	0	2	0	0	3	0	156	71	0	3	0	1	0	29	181	5	0	1	0	3	0	108	135	0	3	0	1	0	9	170	26	0	1	0	3	0	92	98	0	3	0	0	0	0	28	6	0	0	0	0	
0	1	2	3	3	2	0	0	0	0	0	0	0	0	0	0	0	17	59	77	77	51	6	0	0	42	42	21	12	36	71	0	0	12	40	52	74	103	100	5	0	50	113	102	99	35	27	6	0	0	10	7	0	0	0	0	0	1	0	0	3	1	1	0	
0	0	0	3	3	0	0	0	0	0	1	0	0	7	1	0	0	1	0	62	158	195	8	0	3	0	77	168	137	154	0	3	1	0	17	9	175	49	0	2	0	3	0	97	149	0	3	0	1	0	19	172	21	0	1	0	3	0	74	87	0	3	0	0	
0	0	0	13	31	0	1	0	0	2	0	158	158	0	4	0	3	0	82	164	0	1	1	0	0	0	177	30	58	156	19	0	0	14	164	40	130	106	87	0	3	0	108	214	167	186	94	0	0	0	0	74	154	84	0	1	0	0	2	0	0	0	0	0	
0	0	0	2	0	2	3	0	0	0	1	3	0	93	46	0	0	0	0	43	11	148	13	0	2	0	40	139	62	124	0	3	4	0	144	192	185	43	0	2	1	0	27	77	144	0	2	0	0	2	0	72	57	0	2	0	0	0	2	4	1	0	0	0	
0	0	0	0	0	0	0	0	1	0	55	115	104	38	0	1	1	0	87	19	157	127	0	4	0	2	0	83	183	9	0	1	1	0	108	173	13	0	6	12	0	9	221	89	64	107	114	54	1	0	43	97	81	42	8	0	0	0	0	0	0	0	0	1	
0	0	1	2	3	2	0	0	0	0	0	0	0	6	6	0	1	0	16	61	50	160	47	0	2	0	117	136	172	150	0	3	0	0	6	0	128	34	0	1	0	2	0	72	120	0	3	0	1	0	5	149	26	0	1	0	2	0	57	94	0	3	0	0	
0	0	0	43	4	3	2	0	1	0	28	150	0	1	0	0	4	0	98	95	0	124	63	0	2	0	128	84	140	83	147	0	0	0	173	162	0	86	90	0	3	0	151	172	119	143	0	0	0	0	2	70	67	1	1	0	0	0	1	0	0	2	1	0	
0	0	0	0	1	3	1	0	0	2	45	0	13	107	2	0	0	21	105	0	112	87	0	3	0	3	0	28	137	0	0	0	0	3	0	107	113	32	0	1	0	0	0	190	179	98	0	3	0	1	0	124	89	0	0	0	0	0	0	0	0	1	0	0	
0	0	0	2	0	6	7	0	0	0	1	0	65	136	21	0	0	2	0	99	159	21	0	1	2	0	37	236	66	0	3	0	3	0	69	136	125	35	0	1	2	0	58	154	140	56	0	2	0	0	0	147	170	8	0	1	0	0	0	3	3	0	0	0	
0	0	1	1	0	0	0	1	0	1	0	28	80	78	104	59	0	0	0	136	91	71	31	2	3	0	86	209	111	43	0	2	1	0	25	37	69	142	0	3	0	11	130	130	158	47	0	2	1	0	115	164	48	0	1	0	0	0	0	0	1	2	0	0	
0	0	0	0	0	0	0	0	1	0	40	95	94	74	1	0	0	0	36	15	77	127	2	0	0	0	3	83	79	6	0	0	3	0	68	165	55	0	1	0	0	15	3	0	91	90	0	3	0	49	87	62	97	68	0	2	0	0	23	52	28	0	0	0	
0	0	0	2	1	0	0	0	0	0	2	0	16	71	50	0	0	3	0	67	166	168	136	4	3	0	89	168	0	78	71	0	0	41	167	0	24	177	31	0	0	140	115	79	167	55	0	2	0	47	153	101	12	0	1	0	0	0	0	0	1	2	0	0	
0	1	0	27	46	0	1	0	0	3	0	120	90	0	3	0	1	0	17	161	7	0	1	0	2	0	64	154	0	6	0	0	4	0	100	141	59	185	96	0	1	0	14	203	213	184	71	0	0	1	0	22	67	37	0	1	0	0	1	1	0	1	2	0	
0	0	0	2	0	39	15	0	0	0	3	0	61	190	38	0	0	1	0	26	164	19	0	1	1	0	9	163	64	1	1	0	2	0	125	111	82	158	28	0	0	0	145	185	143	95	6	0	1	0	28	112	45	0	0	0	0	0	0	0	0	2	0	0	
0	0	0	0	0	0	0	0	0	1	0	40	76	0	2	0	0	2	0	52	119	0	3	0	0	2	0	51	131	0	3	0	0	2	0	50	111	0	3	0	0	2	0	49	131	0	3	0	0	1	0	16	101	0	1	0	0	0	0	0	0	0	0	0	
0	0	0	2	0	25	17	0	0	0	2	0	20	187	58	0	0	1	0	6	165	70	0	2	0	1	0	139	92	0	2	0	2	0	99	141	124	103	0	3	1	0	181	182	150	91	0	3	2	0	54	134	55	0	1	0	0	0	0	0	0	1	0	0	
0	2	1	0	0	0	0	0	0	0	4	44	149	100	0	2	0	91	231	250	145	29	0	1	0	96	222	238	209	149	23	0	0	0	5	15	48	227	118	0	0	15	51	24	123	231	67	0	0	6	196	234	205	66	0	2	1	0	25	32	0	1	1	0	
0	0	2	0	0	0	0	0	0	1	0	68	95	0	1	0	2	0	91	163	143	39	0	2	1	0	44	1	126	41	0	2	0	0	58	162	174	8	20	17	0	45	207	70	71	134	127	55	0	3	3	0	0	0	0	0	0	0	1	3	2	1	1	1	
0	0	0	5	1	0	0	0	0	14	141	145	160	53	0	2	0	58	172	0	90	176	0	1	0	7	39	0	9	164	15	0	0	0	1	15	120	168	0	3	2	0	142	255	239	206	82	0	0	0	164	184	24	30	60	0	0	0	0	0	0	0	0	0	
0	0	1	2	0	0	0	0	0	0	4	0	74	202	40	0	0	1	0	141	156	185	97	0	1	0	143	155	0	136	92	0	0	61	182	0	57	188	1	0	0	128	108	67	198	37	0	2	0	57	190	156	40	0	2	0	0	0	5	1	1	2	0	0	
0	0	1	1	1	1	0	0	0	0	0	13	15	0	0	0	1	0	23	179	194	45	0	2	4	0	107	48	91	113	0	4	3	0	82	140	191	56	0	2	0	0	5	85	152	33	0	1	0	0	2	0	117	14	0	0	0	0	0	7	88	2	0	0	
0	0	0	3	0	78	27	0	0	0	4	0	70	175	14	0	0	2	0	53	181	17	0	1	2	0	36	180	89	107	31	0	0	1	161	100	82	160	123	0	0	14	188	190	154	101	9	0	1	0	44	87	32	0	0	0	0	0	0	0	0	3	1	0	
0	0	0	0	38	47	0	0	0	2	0	91	182	182	73	0	0	3	0	109	13	103	110	0	0	0	1	3	0	175	72	0	0	86	171	129	145	140	0	1	0	165	189	190	251	135	36	0	0	28	129	68	9	92	41	0	0	0	0	0	0	0	0	0	
0	0	0	0	0	0	0	0	0	2	0	47	144	116	0	0	0	1	0	18	137	175	0	1	2	0	41	139	218	86	0	2	1	0	40	55	39	192	9	0	0	45	6	0	124	105	0	3	0	107	130	142	91	0	0	0	0	7	52	14	0	3	0	0	
0	1	0	41	29	0	1	0	0	1	0	151	38	0	3	0	3	0	70	125	0	3	0	0	2	0	137	34	15	116	56	0	1	0	147	23	133	89	122	0	3	0	98	167	197	165	68	0	0	0	0	46	67	26	0	1	0	0	1	0	0	0	2	0	
0	0	2	1	0	0	0	0	0	0	0	1	46	42	0	1	2	0	57	134	168	144	0	4	1	0	44	11	123	87	0	3	0	2	0	49	151	0	1	0	0	1	0	153	48	0	8	2	3	0	84	134	0	0	25	7	2	0	71	27	0	0	4	1	
0	0	0	1	1	0	0	0	0	0	1	0	6	67	13	0	0	2	0	41	131	76	0	0	1	0	21	163	164	34	0	2	2	0	54	28	70	107	0	4	0	0	0	5	107	26	0	1	1	0	62	115	45	0	1	0	1	0	28	28	0	2	0	0	
0	0	1	3	3	4	0	0	0	2	1	0	0	0	9	1	1	0	26	68	62	129	166	0	0	30	211	204	130	235	83	0	0	165	131	0	105	155	0	2	1	14	0	37	205	21	0	1	0	0	0	174	80	0	3	0	2	0	45	103	0	2	0	0	
0	0	0	0	0	0	0	0	0	3	79	60	0	0	0	0	0	6	81	153	91	0	3	0	0	2	0	161	72	0	2	0	0	1	0	71	148	5	0	1	0	0	4	0	119	95	0	3	0	1	0	14	153	44	0	2	0	1	0	47	65	0	1	0	
0	0	0	2	0	1	0	0	0	0	1	2	8	1	80	9	0	4	0	94	103	71	155	0	2	0	48	150	22	179	38	0	0	33	239	96	130	111	0	3	0	45	51	164	169	0	3	0	1	0	28	148	14	0	1	0	0	0	24	26	0	1	0	0	
0	0	0	2	4	2	0	0	0	2	0	80	26	0	1	0	0	1	0	144	84	93	41	0	1	0	10	162	90	23	4	0	1	0	20	129	118	88	0	3	1	0	20	0	43	131	0	3	2	0	60	110	103	61	0	2	0	0	0	13	13	0	0	0	
0	0	0	2	1	1	2	0	0	0	1	3	0	70	119	0	0	2	0	38	27	165	32	0	1	0	33	155	111	131	0	4	0	6	202	157	182	60	0	2	0	20	88	183	124	0	3	0	1	0	14	125	8	0	0	0	0	0	6	5	1	0	0	0	
0	1	0	1	1	0	0	0	2	0	66	184	101	102	0	2	0	55	193	23	33	177	0	0	0	56	202	31	115	114	0	3	2	0	31	207	235	64	0	2	1	0	115	139	26	213	73	0	0	1	144	152	145	126	27	0	0	0	0	5	8	0	0	0	
0	0	0	0	0	0	0	0	0	1	0	66	132	46	0	2	0	1	0	34	153	120	0	4	1	0	24	130	180	10	0	1	1	0	27	50	96	96	0	3	0	26	28	0	126	70	0	3	0	37	134	125	82	0	1	0	1	0	43	38	0	2	0	0	
0	1	0	1	1	0	0	0	1	0	61	156	167	19	0	1	0	58	173	36	24	3	8	1	0	61	156	4	0	100	105	0	2	0	81	174	146	142	10	0	0	4	0	72	249	30	0	2	0	1	0	16	202	113	0	3	0	0	0	0	0	3	0	0	
0	0	0	2	1	1	0	0	0	0	1	0	12	4	0	0	0	2	0	47	187	179	0	0	1	0	21	187	168	140	0	1	3	0	68	183	188	16	0	1	0	3	0	88	100	0	3	0	1	0	18	144	10	0	0	0	2	0	60	69	0	2	0	0	
0	2	0	55	28	0	1	0	0	3	0	141	45	0	2	0	0	1	0	131	22	0	1	0	0	0	11	135	3	12	0	0	1	0	26	122	97	143	0	2	0	0	0	180	157	152	16	0	0	0	0	15	0	31	9	0	0	0	0	1	2	1	0	0	
0	0	0	0	2	4	0	0	0	1	0	77	159	162	22	0	3	0	63	182	31	168	48	0	0	1	5	0	66	145	0	2	1	0	24	103	155	21	0	1	0	32	225	255	185	159	80	0	0	96	184	21	39	56	3	0	0	0	0	0	0	0	0	0	
0	0	0	0	8	1	0	0	0	1	39	85	198	68	0	3	0	9	112	100	199	48	0	2	0	0	1	0	143	18	0	0	0	0	0	12	117	0	0	0	0	0	52	123	206	135	51	0	1	0	95	138	100	58	13	0	0	0	0	0	0	0	0	0	
0	0	0	2	0	0	0	0	0	0	0	1	61	142	27	0	0	1	0	96	196	190	17	0	1	0	18	198	159	5	0	1	0	0	1	146	184	31	0	1	3	0	102	82	137	39	0	2	2	0	133	150	63	0	2	0	1	0	22	27	0	1	0	0	
0	0	0	0	10	24	0	1	0	0	2	0	171	136	0	4	0	3	0	96	209	8	0	1	1	0	10	195	96	28	0	1	3	0	74	253	165	184	10	0	4	0	98	241	135	134	0	1	1	0	14	133	88	8	0	1	0	0	0	0	0	2	0	0	
0	0	0	2	1	0	0	0	0	0	1	0	22	48	0	0	0	2	0	61	142	173	0	1	2	0	47	173	150	93	0	3	2	0	42	149	166	7	0	1	0	2	0	66	100	0	3	0	0	0	0	138	36	0	1	0	0	0	10	56	0	1	0	0	
0	0	1	0	0	0	0	0	0	0	0	110	198	66	0	3	4	0	132	171	102	149	0	3	0	1	127	5	42	157	0	3	0	0	2	4	137	75	0	3	2	0	152	255	235	157	38	0	2	0	143	149	37	29	4	0	0	0	0	0	0	0	0	0	
0	0	0	2	0	28	7	0	0	0	2	0	50	137	0	0	0	1	0	24	156	27	0	1	0	0	0	131	53	0	2	0	3	0	73	125	91	147	1	0	4	0	93	227	156	72	0	1	0	0	5	81	19	0	0	0	0	0	0	0	0	2	0	0	
0	0	1	0	0	1	0	0	0	2	0	82	124	2	0	0	3	0	75	232	255	148	0	4	4	0	176	182	207	110	0	3	2	0	59	230	248	59	0	3	2	0	46	192	189	93	0	4	2	0	32	237	193	9	0	1	0	0	0	40	18	0	1	0	
0	0	0	2	0	0	0	0	0	1	4	0	81	226	99	0	0	3	0	145	203	147	163	0	1	0	131	203	5	111	137	0	0	86	211	0	28	211	29	0	0	180	95	94	193	60	0	2	0	119	210	153	39	0	2	0	0	0	1	0	1	2	0	0	
0	0	0	0	1	1	0	0	0	0	0	0	104	15	0	1	0	1	0	22	137	0	1	0	0	2	0	47	111	0	3	0	0	2	0	67	85	0	3	0	0	3	0	107	98	0	3	0	0	3	0	90	67	0	2	0	0	0	0	0	0	0	0	0	
0	0	1	2	0	0	0	0	0	0	2	0	43	75	10	0	1	0	6	137	115	165	71	0	3	0	131	111	46	159	16	0	2	0	123	139	223	45	0	2	0	0	0	141	87	0	3	0	2	0	113	117	0	3	0	0	0	0	67	8	0	0	0	0	
0	0	0	0	0	0	0	0	0	0	0	77	118	29	0	1	4	0	78	255	230	194	2	0	3	0	53	228	235	187	0	1	0	1	0	19	215	113	0	4	2	0	48	227	227	16	0	1	1	0	28	170	236	81	0	3	0	0	0	0	29	16	0	1	
0	0	0	2	1	0	0	0	0	0	2	0	21	84	82	14	0	2	0	57	135	63	32	4	2	0	62	227	116	40	0	1	2	0	57	44	78	144	0	3	0	24	118	108	124	21	0	1	0	15	106	64	2	0	0	0	0	0	0	0	2	1	0	0	
0	0	0	0	0	0	0	0	0	13	73	62	1	3	0	0	0	132	211	225	43	0	2	0	0	1	25	215	151	64	0	1	0	0	7	30	64	220	22	0	0	0	2	0	26	226	29	0	0	2	0	39	195	183	0	2	0	1	0	25	120	37	0	2	
0	0	0	0	0	0	0	0	0	1	0	19	110	125	14	0	0	1	0	24	108	203	35	0	1	0	87	158	203	91	0	3	1	0	109	72	86	157	0	3	0	1	0	40	153	82	0	2	4	122	152	130	35	0	1	0	0	47	24	0	1	2	0	0	
0	0	2	42	38	0	0	0	1	0	48	86	119	87	0	2	0	0	1	0	8	140	6	0	0	0	4	0	23	129	0	1	0	0	0	0	114	53	0	2	0	9	73	191	159	66	0	1	0	39	139	121	81	42	0	1	0	0	0	0	0	0	0	0	
0	0	1	2	0	0	0	0	0	0	0	0	45	60	102	0	1	0	6	132	112	166	78	0	1	0	7	168	185	88	0	1	1	0	31	105	163	88	0	3	0	11	144	56	130	69	0	2	0	18	131	110	47	0	1	0	0	0	7	3	0	2	0	0	
0	0	0	0	0	0	0	0	0	1	0	25	51	0	2	0	0	1	0	44	118	0	3	0	0	1	0	40	99	0	3	0	0	2	0	54	80	0	3	0	0	3	0	98	72	0	3	0	0	2	0	90	30	0	1	0	0	0	0	9	2	0	0	0	
0	0	1	1	0	0	0	0	0	1	0	13	110	105	3	0	1	0	13	154	89	156	14	0	1	0	24	137	108	71	0	2	0	2	0	62	203	34	0	2	1	0	26	94	115	62	0	2	3	0	75	160	72	0	1	0	1	0	17	34	0	1	0	0	
0	0	0	0	0	0	0	0	0	9	97	7	2	4	2	0	0	20	198	16	0	130	73	0	0	43	214	95	75	211	105	0	0	122	255	230	226	255	75	0	0	135	119	0	0	157	43	0	0	2	1	3	0	120	135	0	0	1	2	1	0	9	19	0	
0	0	0	3	1	0	0	0	0	0	1	0	2	12	2	0	0	0	0	89	136	165	0	0	2	0	58	124	96	99	0	3	0	0	9	9	134	17	0	1	0	2	0	62	102	0	3	0	0	2	0	119	38	0	1	0	0	0	12	97	0	1	0	0	
0	0	2	0	0	0	2	0	1	0	27	102	0	53	76	0	2	0	153	107	0	139	65	0	0	81	149	0	18	162	6	0	0	175	146	50	114	187	40	0	0	30	79	77	197	122	27	0	0	0	0	10	132	5	0	0	0	2	3	3	1	3	1	0	
0	0	0	0	1	0	0	0	0	0	0	0	1	92	12	0	0	0	2	0	65	171	0	2	0	0	1	0	167	51	0	2	0	3	0	110	118	0	3	0	2	0	53	153	0	1	0	0	0	4	152	34	0	1	0	0	0	7	26	0	1	0	0	0	
0	0	1	1	0	1	0	0	0	1	0	26	27	0	11	0	0	0	0	148	37	87	82	0	2	0	100	76	1	144	7	0	0	0	161	103	158	127	0	4	1	0	27	32	114	59	0	2	0	1	0	19	131	0	0	0	0	1	0	27	49	0	1	0	
0	0	0	2	0	1	0	0	0	0	2	1	0	17	74	0	0	0	4	42	0	102	107	0	1	0	114	144	26	140	5	0	0	42	137	132	210	35	0	2	0	4	0	77	104	0	3	0	1	0	25	120	4	0	0	0	1	0	15	20	0	1	0	0	
0	0	0	0	0	2	0	0	1	0	26	57	54	0	1	0	2	0	73	118	157	85	0	3	0	0	3	0	151	103	0	3	0	2	0	76	195	0	0	1	0	1	0	179	64	0	2	0	3	0	76	122	0	4	0	0	1	0	47	20	0	0	0	0	
0	0	0	2	2	0	0	0	0	0	2	0	10	168	66	0	0	2	0	30	192	177	119	0	1	0	23	214	73	103	98	0	2	0	167	113	10	189	20	0	0	87	198	58	179	55	0	2	0	96	204	161	53	0	2	0	0	0	3	0	0	2	0	0	
0	0	0	2	0	0	0	0	0	0	2	0	57	98	0	0	0	0	0	98	197	163	52	0	2	0	92	91	0	53	80	0	0	4	132	11	0	72	60	0	0	7	134	1	10	98	8	0	2	0	104	112	125	52	0	2	0	0	6	58	24	0	1	0	
0	0	0	1	1	0	0	0	0	0	1	2	0	36	23	0	0	2	0	43	97	140	28	0	1	0	16	170	108	115	0	3	2	0	140	160	177	42	0	2	0	4	7	62	101	0	2	0	1	0	12	127	13	0	1	0	1	0	34	46	0	2	0	0	
0	0	1	0	14	11	1	0	1	0	10	118	107	89	4	0	0	0	116	63	0	60	92	4	0	7	155	83	133	122	24	0	3	0	55	239	179	4	0	1	3	0	72	166	89	112	0	3	0	1	0	130	155	41	0	2	0	0	0	1	7	0	0	0	
0	0	0	0	0	0	0	0	0	1	0	50	122	70	0	1	1	0	29	185	85	148	0	1	0	2	0	103	215	27	0	2	0	0	2	87	175	55	0	2	2	0	95	90	129	24	0	1	0	7	161	132	41	0	2	0	0	0	37	14	0	1	0	0	
0	0	0	0	0	0	0	0	0	0	1	0	50	12	0	0	0	0	0	0	114	7	0	0	0	1	0	26	97	0	2	0	0	2	0	66	78	0	3	0	0	3	0	81	45	0	2	0	0	2	0	86	28	0	1	0	0	0	0	11	3	0	0	0	
0	0	1	1	0	6	7	0	0	1	0	27	131	140	77	0	1	0	29	178	80	6	0	0	2	0	58	161	122	136	25	0	0	0	1	0	0	174	52	0	0	74	135	139	222	100	0	2	0	24	187	186	56	0	2	0	0	0	0	0	0	2	0	0	
0	0	0	0	0	0	0	0	0	0	4	24	33	64	65	0	2	0	48	179	137	159	109	0	3	0	82	119	2	0	1	0	3	0	81	224	132	4	3	0	0	0	6	0	116	50	0	2	1	0	120	140	164	5	0	1	2	0	55	115	18	0	1	0	
0	0	0	3	51	12	0	1	0	2	0	61	199	141	3	0	0	0	3	1	21	181	13	0	1	2	0	0	142	87	0	3	1	0	44	193	171	0	1	0	0	163	224	97	113	182	25	0	9	80	16	0	0	91	58	0	0	0	1	4	3	0	0	0	
0	0	0	0	0	0	0	0	0	2	0	72	84	0	3	0	0	2	0	60	118	0	3	0	0	2	0	63	123	0	3	0	0	3	0	71	105	0	3	0	0	2	0	57	125	0	3	0	0	1	0	15	125	3	0	0	0	0	0	0	3	1	0	0	
0	0	0	0	0	0	0	0	0	0	4	59	78	34	0	1	2	0	39	119	148	149	0	4	1	0	26	104	177	25	0	1	2	0	67	98	114	87	0	3	0	0	3	0	77	114	0	4	0	0	6	87	142	10	0	1	1	0	43	104	12	0	1	0	
0	0	0	0	0	0	0	0	0	18	77	85	14	0	1	0	0	16	27	123	28	0	2	0	2	0	38	113	90	47	0	1	0	1	1	1	3	91	33	0	0	0	8	15	0	77	58	0	1	0	13	63	84	73	0	0	0	1	0	22	40	0	0	0	
0	0	0	3	0	0	0	0	0	0	2	0	44	73	6	0	0	0	0	127	146	145	52	0	3	0	101	132	66	134	0	0	0	0	184	140	209	45	0	2	0	1	11	99	103	0	2	0	1	0	21	131	9	0	0	0	2	0	44	44	0	2	0	0	
0	0	0	0	0	0	0	0	3	0	112	179	109	50	0	1	0	11	231	75	16	43	0	0	0	29	201	33	25	13	1	0	0	6	125	147	110	88	56	0	1	0	13	27	0	53	131	0	1	0	31	139	155	200	101	0	0	0	0	0	2	3	0	0	
0	0	0	3	0	25	26	0	0	0	3	0	43	188	51	0	0	2	0	57	206	170	0	0	2	0	36	209	30	154	33	0	1	0	146	50	78	159	0	1	0	79	210	143	172	18	0	1	0	42	132	81	4	0	1	0	0	0	0	0	2	1	0	0	
0	0	0	0	1	2	2	1	0	0	0	2	0	0	0	0	0	0	1	0	26	53	61	31	0	2	0	100	145	92	82	44	3	0	76	116	0	1	0	0	1	0	143	85	0	6	3	2	0	6	58	14	0	0	0	0	0	0	0	0	0	0	0	0	
0	0	1	3	4	1	0	0	0	0	0	0	0	4	5	0	1	0	11	84	121	200	64	0	2	0	133	133	94	182	2	0	0	0	14	0	140	63	0	2	0	3	0	94	128	0	3	0	2	0	47	147	0	1	0	0	2	0	108	56	0	2	0	0	
0	1	0	18	16	0	1	0	0	1	0	34	122	0	1	0	0	1	0	15	158	3	0	0	0	2	0	52	155	0	3	0	0	3	0	106	109	0	3	0	0	4	0	143	110	0	1	0	0	2	0	69	103	0	1	0	0	0	0	0	0	0	0	0	
0	0	2	0	0	0	0	0	0	1	0	32	95	37	0	1	2	0	75	173	95	159	0	1	1	0	32	0	77	97	0	3	1	0	52	175	221	42	1	6	0	87	214	151	53	135	140	18	0	36	57	4	0	1	7	0	0	0	0	2	3	2	0	0	
0	0	3	0	81	49	0	2	0	2	0	96	177	25	0	1	2	0	60	181	2	0	1	0	3	0	156	94	138	95	0	1	0	2	188	200	71	204	68	0	3	0	121	222	112	181	35	0	0	0	0	55	84	20	0	1	0	0	2	0	0	1	1	0	
0	0	0	0	2	0	0	0	0	0	0	0	9	110	7	0	0	0	3	0	106	166	0	2	0	2	0	41	204	26	0	1	0	1	0	184	74	0	3	0	3	0	92	153	0	3	0	0	0	0	153	30	0	1	0	0	0	5	21	0	1	0	0	0	
0	0	1	1	0	0	0	0	0	1	0	25	92	140	28	0	1	0	13	219	131	97	121	0	4	0	107	189	0	24	115	0	0	0	175	40	0	25	109	0	0	35	184	0	0	91	87	0	0	4	142	119	95	95	4	0	0	0	5	49	33	0	1	0	
0	0	0	2	1	1	1	0	0	0	1	0	8	10	0	0	0	1	0	34	139	190	26	0	1	0	27	132	128	192	12	0	4	0	132	168	185	74	0	3	1	0	21	63	113	0	2	0	0	1	0	110	42	0	1	0	1	0	30	72	0	2	0	0	
0	1	0	22	56	3	0	0	2	0	54	183	116	20	0	1	0	1	184	58	0	2	0	0	0	59	131	4	149	179	59	0	0	45	155	139	60	48	160	0	2	0	158	213	38	135	83	0	0	0	0	77	147	78	0	1	0	0	1	0	0	0	1	0	
0	0	0	0	1	0	0	0	0	0	2	0	51	61	0	2	0	0	4	0	138	138	0	4	0	1	0	17	199	38	0	2	0	3	0	140	120	0	3	0	1	0	34	170	5	0	0	0	3	0	110	69	0	2	0	0	0	0	21	4	0	0	0	0	
0	0	0	0	0	0	0	0	0	1	0	33	118	0	2	0	0	1	0	44	139	0	3	0	0	2	0	68	128	0	3	0	0	3	0	106	106	0	3	0	0	3	0	145	67	0	2	0	0	2	0	126	45	0	2	0	0	0	0	0	0	0	0	0	
0	0	0	1	0	0	0	0	0	0	0	12	38	63	61	4	0	3	0	102	164	88	49	5	2	0	31	185	113	99	0	2	0	6	7	9	87	139	0	2	0	83	187	183	161	11	0	1	0	4	55	38	0	1	0	0	0	0	0	0	2	1	0	0	
0	2	5	0	0	0	0	0	0	14	172	200	171	68	0	1	0	0	23	35	91	245	26	0	0	0	3	0	151	208	0	0	0	2	0	90	227	28	0	2	3	0	85	255	155	75	8	0	3	0	115	195	157	136	11	0	0	0	0	0	0	0	0	0	
0	0	0	0	2	0	0	0	0	0	0	0	15	88	0	1	0	0	3	0	117	118	0	3	0	1	0	38	158	0	0	0	0	3	0	145	74	0	2	0	2	0	49	128	0	2	0	0	1	0	116	34	0	1	0	0	0	4	24	0	1	0	0	0	
0	0	1	0	0	0	0	0	0	0	5	72	180	169	0	1	2	0	146	159	198	147	0	3	0	3	7	58	205	10	0	1	1	0	13	212	104	0	19	2	0	3	192	255	178	187	115	0	0	64	200	84	86	82	11	0	0	0	0	0	0	0	1	0	
0	0	3	3	0	0	0	0	0	0	0	0	2	11	2	0	0	2	75	137	160	194	10	0	0	9	112	28	92	145	0	3	0	1	0	18	168	22	0	1	0	3	0	136	86	0	3	0	2	0	62	135	0	3	0	0	2	0	81	35	0	1	0	0	
0	0	1	2	0	1	0	0	0	0	0	6	19	0	0	0	1	0	8	120	218	94	0	3	4	0	121	202	205	114	0	4	2	0	59	79	111	91	0	3	0	0	3	0	150	53	0	2	0	0	2	1	177	33	0	1	0	0	0	3	108	7	0	0	
0	0	0	1	1	1	0	0	0	0	1	1	1	0	49	11	0	2	0	48	43	54	132	0	1	0	40	143	31	125	15	0	0	54	152	101	133	46	0	2	0	14	0	73	95	0	3	0	1	0	33	101	0	1	0	0	1	0	42	25	0	1	0	0	
0	0	2	2	0	0	0	0	0	1	0	7	87	133	96	5	2	0	31	197	145	122	221	51	0	9	203	96	0	11	170	19	0	123	142	0	0	168	128	0	0	140	60	20	164	150	0	1	0	83	187	175	76	0	3	0	0	0	11	4	0	3	1	0	
0	0	0	1	0	0	0	0	0	0	0	12	97	92	12	0	0	0	0	143	84	184	64	0	0	0	4	146	150	68	0	1	0	1	0	127	195	23	0	1	2	0	105	65	117	45	0	2	0	18	136	98	65	0	1	0	0	1	35	18	0	1	0	0	
0	0	0	0	2	1	0	0	1	0	58	75	9	0	0	0	0	18	116	79	140	12	0	1	0	13	122	0	164	63	0	2	2	0	57	117	151	83	0	3	0	0	2	0	57	103	0	4	0	0	4	0	50	150	0	2	0	0	0	0	10	67	0	0	
0	0	0	2	0	43	70	0	0	1	3	0	18	162	58	0	0	1	0	4	132	60	0	2	0	0	0	134	106	0	2	0	3	0	101	172	90	142	0	2	3	0	150	210	134	72	0	2	1	0	15	62	35	0	0	0	0	0	0	0	0	2	0	0	
0	0	0	0	0	1	0	0	0	0	0	85	76	0	1	0	2	0	55	110	154	76	0	3	0	2	4	0	83	116	0	4	1	0	7	90	198	164	84	11	0	63	224	229	79	29	61	11	0	47	77	6	0	0	0	0	0	0	0	1	3	1	2	0	
0	0	0	0	1	0	0	0	0	0	0	0	12	86	0	0	0	0	3	0	70	162	0	3	0	0	1	0	173	64	0	3	0	3	0	124	116	0	3	0	2	0	62	153	0	2	0	0	0	0	125	26	0	1	0	0	0	5	21	0	1	0	0	0	
0	0	1	1	0	0	0	0	0	1	0	48	136	18	0	1	1	0	21	106	98	79	0	3	2	0	46	160	87	50	0	2	3	0	63	111	118	0	0	0	3	0	83	27	55	45	0	2	1	0	29	113	108	31	0	1	0	1	0	29	41	0	1	0	
0	0	0	0	0	2	0	0	0	0	0	0	93	191	62	0	0	2	0	65	131	87	131	0	1	2	0	0	0	145	61	0	0	3	78	103	137	67	0	2	11	154	174	212	101	0	5	0	28	151	57	25	74	0	2	0	0	0	0	1	0	0	0	0	
0	1	1	0	0	0	1	0	1	0	30	69	80	49	0	1	0	26	99	12	2	91	29	0	0	86	80	0	0	43	67	0	0	40	74	0	0	27	72	0	0	7	99	6	0	27	61	0	2	0	49	89	43	88	32	0	0	1	0	24	54	30	0	1	
0	0	0	0	1	0	0	0	0	0	0	0	14	98	2	0	0	0	3	0	79	174	0	3	0	0	2	0	176	73	0	3	0	3	0	120	157	0	3	0	2	0	53	175	10	0	1	0	0	1	147	39	0	2	0	0	0	6	23	0	2	0	0	0	
0	2	1	0	0	0	0	0	0	0	32	6	1	7	1	0	0	81	127	0	0	136	28	0	0	122	155	72	89	186	14	0	0	0	40	37	99	147	0	4	0	1	4	0	131	83	0	3	0	1	0	6	171	21	0	1	0	0	0	9	56	0	0	0	
0	0	0	2	0	34	6	0	0	0	3	0	65	191	20	0	0	2	0	59	182	22	0	1	1	0	10	177	41	0	1	0	3	0	100	181	96	191	14	0	4	0	156	220	152	123	0	0	2	0	68	143	62	1	0	0	0	0	0	0	0	2	0	0	
0	2	1	1	3	2	0	0	0	0	0	0	0	0	0	0	0	118	135	131	126	51	0	2	0	31	19	10	81	147	0	3	0	0	3	0	77	117	0	4	0	1	4	0	137	72	0	3	0	0	2	0	149	42	0	2	0	0	3	0	121	42	0	2	
0	0	0	0	6	6	0	0	0	1	0	36	143	99	0	0	0	0	6	160	57	147	7	0	0	2	0	123	186	40	0	2	1	0	3	114	194	27	0	1	0	0	118	98	116	8	0	1	0	11	137	113	32	0	1	0	0	0	7	8	0	1	0	0	
0	0	0	3	0	1	0	0	2	0	100	177	130	16	0	1	3	0	171	93	143	179	0	2	1	0	25	156	222	168	14	0	1	0	4	187	228	69	0	2	3	0	88	158	34	227	27	0	2	0	41	166	149	112	4	0	0	0	0	6	4	0	0	0	
0	0	2	1	0	1	0	0	0	1	0	18	109	93	40	9	2	0	56	125	48	157	113	0	3	0	95	122	62	130	7	0	1	0	1	200	172	0	1	1	0	0	122	77	136	0	1	0	0	14	134	112	68	0	2	0	1	0	33	39	0	1	0	0	
0	0	0	1	2	0	0	0	0	2	0	67	172	48	0	2	0	2	0	119	59	67	0	1	1	0	13	172	58	0	1	0	2	0	56	159	136	58	0	2	2	0	58	98	87	84	0	3	1	0	11	134	150	24	0	1	0	0	0	7	6	0	0	0	
0	0	1	2	0	0	0	0	0	1	3	0	135	153	0	0	1	0	6	177	232	226	46	0	1	0	161	203	0	160	94	0	0	77	221	2	36	228	40	0	0	136	147	64	246	109	0	3	0	41	200	204	96	0	1	0	0	0	0	0	0	2	0	0	
0	0	0	0	0	0	0	0	1	0	42	21	0	107	67	0	0	16	196	29	0	185	58	0	0	46	163	0	33	188	4	0	0	64	193	39	105	201	0	1	0	16	134	155	194	129	0	3	0	0	2	0	61	67	0	3	0	1	4	3	2	1	0	0	
0	0	0	0	1	0	0	0	0	0	2	0	66	115	0	3	0	0	4	0	154	98	0	3	0	1	0	22	188	15	0	1	0	3	0	116	132	0	3	0	1	0	9	206	41	0	2	0	2	0	39	156	0	0	0	0	0	0	0	0	0	0	0	0	
0	1	2	0	0	0	0	0	0	0	2	0	30	152	0	0	0	60	114	0	60	185	0	3	0	92	167	0	75	190	0	2	0	87	244	159	207	206	0	0	0	5	37	0	97	175	0	3	0	0	3	0	72	116	0	3	0	0	2	1	0	0	0	0	
0	1	2	0	0	0	0	0	1	0	10	120	130	83	0	0	0	17	212	221	156	212	17	0	0	34	109	0	63	169	0	1	1	0	12	122	238	241	100	1	0	15	210	255	154	89	122	14	0	45	244	99	0	1	0	0	0	5	21	0	3	4	4	0	
0	2	3	3	2	4	1	0	0	0	0	0	0	0	1	0	0	52	85	61	44	98	38	0	0	39	92	102	137	200	39	1	1	0	84	93	169	42	29	7	0	6	0	76	88	0	3	0	0	2	0	120	29	0	2	0	0	0	0	17	2	0	0	0	
0	0	1	0	0	0	0	0	0	0	0	87	116	14	0	1	0	3	177	234	255	190	0	1	0	1	65	162	238	59	0	2	2	0	29	188	189	99	0	2	0	1	18	13	116	184	0	2	0	0	189	236	175	31	0	2	0	0	38	31	0	0	0	0	
0	0	0	2	0	22	13	0	0	0	2	0	45	176	24	0	0	1	0	12	140	36	0	1	0	2	0	148	171	23	0	1	3	0	68	143	141	98	0	4	3	0	142	80	86	12	0	1	2	0	51	140	39	0	1	0	0	0	0	0	1	1	0	0	
0	0	2	0	0	1	1	0	0	1	0	1	0	41	114	0	1	0	47	10	0	126	84	0	0	52	146	0	39	197	23	0	0	181	199	156	221	195	97	0	0	49	64	102	145	0	2	0	0	3	0	95	44	0	3	0	0	2	3	4	1	1	0	0	
0	0	0	2	0	1	0	0	0	0	1	0	126	60	0	2	0	0	0	113	97	102	0	1	3	0	77	109	0	94	48	0	2	0	121	32	0	76	55	0	2	0	134	22	29	120	6	0	2	0	48	142	108	21	0	1	0	0	0	8	4	0	1	0	
0	0	0	1	0	0	0	0	0	0	0	1	14	12	0	0	2	0	29	197	223	213	13	0	0	0	12	35	112	186	0	2	0	1	0	21	188	42	0	2	0	2	0	158	101	0	3	0	3	0	80	185	0	3	0	0	3	0	112	105	0	3	0	0	
0	0	1	0	30	40	2	0	0	2	0	68	135	73	14	0	1	0	23	124	4	0	0	0	3	0	110	67	65	42	0	1	2	0	158	139	94	166	17	0	3	0	147	93	65	121	0	0	1	0	19	116	93	7	0	1	0	0	1	0	0	2	0	0	
0	0	1	2	0	0	0	0	0	1	0	15	104	119	2	0	1	0	22	175	95	172	128	0	4	0	127	78	47	166	29	0	1	0	28	192	179	11	0	1	2	0	35	183	142	0	3	0	4	0	86	206	90	0	2	0	0	0	6	38	2	0	0	0	
0	0	0	1	2	4	2	0	0	10	120	60	0	2	0	0	0	83	255	221	34	125	48	0	0	88	255	245	195	255	117	0	0	16	207	255	249	255	109	0	2	0	73	174	167	255	157	0	0	1	1	1	0	175	206	0	0	0	3	4	0	14	22	0	
0	0	3	1	0	0	1	0	0	1	0	10	71	66	0	0	1	0	93	181	130	157	48	0	0	52	231	72	14	140	84	0	0	13	112	140	235	142	0	3	0	1	0	31	179	8	47	5	0	4	0	130	114	0	16	1	0	1	0	73	23	0	30	1	
0	0	1	1	0	0	0	0	0	2	0	68	114	83	16	0	1	0	13	49	62	82	16	0	3	0	74	98	0	3	0	0	3	0	79	94	0	4	0	0	2	0	32	156	149	100	0	1	0	0	0	3	49	154	1	0	0	0	1	0	13	27	0	1	
0	0	1	3	0	0	0	0	0	1	3	0	89	227	53	0	0	2	0	151	240	171	143	0	1	0	172	244	21	158	128	0	0	99	219	0	95	234	14	0	0	153	149	143	252	59	0	2	0	40	222	212	52	0	3	0	0	0	0	0	1	2	0	0	
0	0	0	0	1	0	0	0	0	3	0	96	60	0	2	0	0	3	0	107	115	0	4	0	0	2	0	67	167	0	2	0	0	2	0	48	170	0	1	0	0	2	0	41	193	2	0	1	0	1	0	15	159	16	0	1	0	0	0	0	0	0	0	0	
0	0	0	0	1	0	0	0	0	0	1	0	28	77	0	2	0	0	3	0	129	189	0	2	0	1	0	20	230	77	0	3	0	3	0	142	186	0	2	0	1	0	20	223	55	0	2	0	3	0	79	163	0	3	0	0	0	0	8	14	0	0	0	0	
0	0	2	1	1	1	0	0	0	0	0	23	16	0	1	0	2	0	50	162	169	44	0	2	4	0	141	98	190	71	0	3	2	0	59	170	218	133	0	4	0	0	3	0	92	137	0	4	0	0	5	0	143	86	0	3	0	0	1	0	106	25	0	1	
0	0	0	0	0	0	0	0	0	1	0	29	176	205	55	0	2	0	27	250	162	140	132	0	0	0	13	48	0	144	94	0	0	0	10	43	183	241	20	0	0	104	243	255	194	108	25	0	0	152	232	118	1	0	0	0	0	0	0	0	2	4	1	0	
0	0	0	1	1	0	0	0	0	0	1	0	37	32	0	1	0	1	0	19	139	97	0	3	0	3	0	107	155	61	0	3	0	2	0	80	206	17	0	1	0	3	0	89	67	0	2	0	1	0	28	140	2	0	0	0	2	0	43	44	0	1	0	0	
0	0	0	0	0	0	0	0	1	0	18	112	113	116	35	0	3	0	49	254	255	251	50	0	3	0	78	255	255	103	0	3	2	0	48	148	157	210	10	0	6	108	8	38	179	186	0	0	0	176	245	224	147	14	0	1	0	16	52	12	0	2	0	0	
0	0	0	0	0	1	0	0	0	0	9	16	8	0	0	0	0	5	146	172	187	88	0	3	0	1	9	0	142	110	0	4	0	1	0	15	183	22	0	1	0	3	0	95	138	0	3	0	0	3	0	148	60	0	2	0	0	0	1	106	10	0	0	0	
0	0	0	2	0	1	1	0	0	0	2	0	2	0	30	16	0	0	4	37	0	14	169	32	2	0	94	144	3	184	89	0	0	85	255	172	230	113	0	3	0	45	60	145	144	0	3	0	0	0	3	102	7	0	0	0	0	2	4	1	2	1	0	0	
0	0	0	7	1	0	0	0	3	0	76	176	104	0	1	0	2	0	67	17	132	36	0	1	0	2	0	63	201	14	0	1	0	2	0	63	128	111	0	3	1	0	30	0	104	126	0	4	2	0	60	167	143	12	0	1	0	0	0	2	1	0	0	0	
0	0	0	0	0	0	1	0	0	0	3	16	16	12	0	0	2	0	29	233	244	244	53	0	0	0	4	29	156	224	15	0	0	3	0	38	217	46	0	2	1	0	17	236	117	0	4	0	0	17	193	136	0	3	0	0	0	91	150	0	3	0	0	0	
0	0	1	0	0	0	0	0	0	1	0	54	134	130	12	0	4	0	105	170	150	107	0	2	1	0	33	140	219	34	0	2	0	4	0	109	141	162	6	0	0	0	6	149	111	102	0	2	1	0	20	210	146	4	0	1	0	0	0	32	9	0	0	0	
0	0	1	0	0	0	1	0	0	1	0	75	132	102	5	0	3	0	74	218	147	159	171	2	3	0	78	144	38	198	92	0	1	0	23	220	237	60	0	2	0	34	210	142	149	0	3	0	0	82	232	155	84	0	1	0	0	3	32	20	0	1	0	0	
0	0	2	1	0	0	0	0	0	2	0	81	219	82	0	3	2	0	56	202	149	160	0	4	3	0	172	51	118	130	0	3	0	2	10	25	199	24	0	1	2	0	53	223	224	163	48	0	1	0	170	120	34	48	12	0	0	0	0	0	0	0	0	0	
0	0	1	3	0	1	0	0	0	0	0	0	14	10	0	0	1	0	15	137	173	191	21	0	4	0	130	120	87	165	0	0	3	0	73	191	245	56	0	3	0	2	0	166	108	0	3	0	3	0	87	168	0	3	0	0	3	0	106	48	0	2	0	0	
0	0	1	0	22	6	0	0	0	2	0	64	115	0	1	0	1	0	28	153	15	50	12	0	3	0	130	58	79	154	49	0	0	5	131	74	88	92	26	0	3	0	120	149	124	92	0	2	1	0	21	123	80	0	0	0	0	0	1	0	0	1	0	0	
0	0	2	1	0	0	1	0	0	1	0	5	153	159	0	0	2	0	30	217	179	187	90	0	0	1	196	119	0	63	109	0	0	99	150	0	0	163	85	0	0	108	93	31	159	183	14	0	0	18	169	205	108	0	0	0	0	0	1	0	0	2	1	0	
0	0	0	0	0	0	0	0	1	0	116	201	62	0	2	0	0	55	204	150	177	0	2	0	0	21	20	46	164	0	4	0	0	3	0	104	79	0	3	0	0	2	0	188	132	123	86	0	0	0	0	162	212	199	96	0	0	0	0	0	0	0	0	0	
0	0	0	0	0	0	0	0	0	0	3	0	82	98	0	3	0	0	3	0	173	95	0	3	0	2	0	42	212	13	0	1	0	3	0	167	159	0	3	0	3	0	79	213	9	0	1	0	3	0	108	99	0	3	0	0	0	0	0	1	1	0	0	0	
0	0	0	0	0	0	0	0	0	17	76	125	129	27	0	1	4	143	67	4	181	108	0	4	4	25	0	83	225	34	0	2	0	4	160	183	162	191	32	0	0	9	57	0	8	214	67	0	1	0	150	134	158	101	0	1	1	0	24	61	24	0	1	0	
0	0	0	0	0	0	0	0	0	0	2	87	204	53	0	2	4	0	132	255	185	142	0	2	1	0	38	22	36	141	0	3	1	0	52	98	202	160	0	2	0	54	254	255	200	172	161	18	0	34	194	121	6	0	17	8	0	0	0	0	2	2	0	0	
0	1	1	0	0	0	0	0	0	1	0	32	153	169	19	0	0	3	198	229	59	147	125	0	0	101	201	41	0	100	148	0	0	128	96	0	0	126	109	0	0	84	191	26	77	208	31	0	0	0	121	181	163	47	0	2	0	1	0	0	0	0	1	0	
0	0	0	0	0	0	0	0	1	0	15	176	168	127	5	0	1	0	18	189	255	192	1	0	4	0	81	245	255	122	0	2	1	0	18	28	19	193	44	0	53	144	57	82	170	175	7	0	13	138	191	207	134	5	0	1	0	0	0	0	0	2	1	0	
0	0	1	2	0	0	0	0	0	0	0	4	3	2	26	19	1	0	18	195	230	206	218	113	1	0	172	135	47	46	16	1	0	13	236	126	0	0	0	1	1	0	13	195	163	0	4	0	0	9	151	213	137	0	3	0	0	3	61	53	2	0	0	0	
0	0	0	0	0	0	0	0	1	0	49	71	87	51	0	1	3	0	161	252	221	224	33	0	0	0	8	6	15	214	49	0	0	2	0	21	224	155	0	2	2	0	75	252	145	0	0	1	0	38	255	119	0	4	0	0	0	24	92	1	3	1	0	0	
0	0	0	1	0	0	0	0	0	0	6	92	0	0	0	0	0	1	0	127	25	0	1	0	0	3	0	103	58	0	2	0	0	3	0	74	78	0	3	0	0	2	0	54	135	0	3	0	0	0	0	0	125	31	0	1	0	0	0	0	3	3	0	0	
0	0	0	3	0	0	0	0	0	0	1	0	64	78	0	2	0	0	0	116	156	37	6	0	2	0	51	186	24	142	46	0	0	2	0	134	209	51	0	1	1	0	10	202	119	0	4	0	2	0	47	190	22	0	1	0	0	0	3	19	0	0	0	0	
0	1	1	0	0	0	0	0	1	0	48	114	108	29	0	1	0	15	180	73	45	111	0	3	0	10	20	0	117	114	0	4	0	1	0	39	107	124	0	0	0	0	1	0	22	130	0	1	0	22	64	82	136	52	0	2	0	10	49	62	36	0	1	0	
0	0	1	2	0	0	0	0	0	0	0	0	55	94	16	0	1	0	19	141	147	139	38	0	3	0	148	111	14	129	15	0	2	0	86	135	214	178	0	1	0	2	0	40	189	12	0	1	1	0	21	207	87	0	3	0	2	0	48	87	0	2	0	0	
0	0	0	0	0	0	0	0	1	0	70	131	125	14	0	1	0	9	116	39	135	91	0	4	0	0	0	0	157	40	0	2	0	2	0	115	107	0	23	12	2	0	116	218	116	129	117	72	0	0	126	102	29	3	0	0	0	0	0	0	0	0	2	1	
0	0	0	0	0	0	0	0	0	0	3	0	79	66	0	2	0	0	3	0	143	52	0	2	0	1	0	29	151	0	1	0	0	3	0	111	96	0	3	0	1	0	18	177	16	0	1	0	2	0	60	108	0	3	0	0	0	0	0	0	0	0	0	0	
0	0	1	0	0	3	0	0	0	0	2	68	44	0	1	0	3	0	94	111	99	91	10	0	0	0	141	0	102	244	12	0	0	38	140	64	142	150	16	0	0	4	131	118	22	138	4	0	0	0	2	0	42	172	0	1	0	0	3	0	20	73	0	0	
0	0	0	1	0	0	0	0	0	0	0	3	157	43	0	2	0	2	0	46	255	57	0	3	0	4	0	106	242	7	0	1	0	2	0	193	175	0	2	0	2	0	28	254	77	0	3	0	3	0	98	188	6	0	1	0	0	0	5	1	0	0	0	0	
0	0	1	1	0	0	0	0	0	1	0	96	46	0	1	0	1	0	12	246	149	0	4	0	1	0	20	228	206	0	0	1	0	4	0	147	223	66	0	2	0	4	0	166	125	73	4	0	0	4	0	166	115	0	4	0	0	1	0	29	21	0	0	0	
0	1	0	0	0	0	0	0	0	0	3	17	59	46	0	1	0	33	232	245	253	228	13	0	0	14	110	61	79	239	20	0	0	0	1	0	181	195	0	1	0	3	0	115	255	49	0	2	3	0	99	255	104	0	3	0	0	0	107	98	0	1	0	0	
0	0	0	0	1	2	0	0	0	0	1	25	0	61	39	0	1	0	29	164	9	157	27	0	4	0	108	100	94	138	0	2	3	0	104	169	222	84	0	1	0	3	0	154	160	0	2	0	1	0	15	191	24	0	1	0	0	0	4	22	1	1	0	0	
0	0	0	2	1	1	0	0	0	0	1	2	0	27	33	0	0	1	0	56	19	164	59	0	1	0	16	144	144	101	0	3	4	0	83	242	206	18	0	1	1	0	5	165	46	0	1	0	2	0	44	130	0	3	0	0	1	0	29	44	0	1	0	0	
0	0	0	0	0	1	2	0	0	0	38	85	95	34	1	10	0	38	199	82	76	51	105	29	0	0	121	93	33	124	36	0	0	3	0	126	242	74	0	4	1	0	33	131	0	148	42	0	2	0	42	82	81	146	13	0	0	0	0	94	95	13	0	1	
0	0	0	1	1	2	0	0	0	2	0	41	182	48	0	2	0	0	0	157	101	137	2	0	1	0	15	149	172	102	0	2	0	1	0	187	189	0	0	1	3	0	87	152	136	44	0	2	2	0	40	178	104	0	1	0	0	0	0	3	0	0	0	0	
0	0	10	4	0	0	0	0	20	117	135	150	52	0	2	0	32	69	0	48	179	0	2	0	2	0	73	175	193	113	4	0	2	0	29	40	0	115	121	0	1	0	52	35	15	144	104	0	2	0	97	164	156	111	0	0	0	0	0	0	0	0	1	0	
0	0	0	0	1	0	0	0	0	0	2	0	56	45	0	2	0	0	3	0	166	78	0	3	0	2	0	59	187	0	0	0	0	2	0	171	72	0	2	0	2	0	58	144	0	3	0	0	3	0	67	74	0	2	0	0	0	0	8	15	0	0	0	0	
0	0	3	1	0	2	0	0	0	1	0	10	11	0	0	0	1	0	70	133	186	65	4	0	0	49	159	0	87	247	32	0	0	18	136	120	199	156	0	3	0	0	6	15	174	30	0	1	0	4	0	84	132	0	3	0	0	2	0	58	42	0	1	0	
0	0	0	1	1	0	0	0	0	0	1	0	15	87	92	8	0	1	0	10	163	159	110	15	1	0	8	213	190	0	1	0	0	0	4	51	163	83	0	4	0	81	151	136	167	25	0	1	0	15	73	63	9	0	0	0	0	0	0	0	1	1	0	0	
0	0	0	0	0	0	0	0	0	1	0	23	67	0	1	0	0	3	0	67	191	0	1	0	0	3	0	74	174	0	2	0	0	3	0	74	161	0	3	0	0	3	0	76	181	0	2	0	0	2	0	55	149	0	2	0	0	0	0	4	14	0	0	0	
0	0	2	3	0	1	2	0	0	2	1	2	24	6	0	0	2	0	50	143	154	163	61	0	0	55	218	70	0	172	87	0	0	133	67	0	128	123	11	7	0	2	0	84	136	0	18	4	1	0	40	166	6	0	1	0	3	0	78	53	0	2	0	0	
0	0	0	0	0	2	0	0	0	5	22	31	13	0	0	0	0	60	133	111	139	91	0	1	0	0	1	0	6	163	15	0	0	0	5	0	73	102	0	2	0	2	0	61	148	3	0	1	2	0	46	162	21	0	1	0	3	0	106	55	0	3	0	0	
0	0	0	0	0	0	0	0	1	0	49	137	155	140	52	0	0	34	252	184	88	112	187	1	0	13	45	4	0	105	148	0	0	0	0	0	132	212	5	0	0	28	167	230	222	204	86	0	0	111	251	106	0	32	88	0	0	20	12	0	1	0	0	0	
0	0	1	1	0	1	0	0	0	0	0	15	30	0	0	0	1	0	27	125	143	70	0	2	2	0	109	20	47	128	0	3	3	0	100	129	179	71	0	3	0	0	11	24	104	42	0	2	0	0	3	0	111	26	0	1	0	0	2	0	77	26	0	1	
0	0	1	0	0	7	2	0	0	0	0	71	171	168	99	0	3	0	109	164	51	100	127	0	2	0	158	59	94	174	23	0	3	0	70	250	236	54	0	3	3	0	175	146	147	150	0	4	1	0	159	196	138	27	0	1	0	0	0	3	0	0	0	0	
0	1	1	0	0	0	0	0	1	0	43	125	75	0	1	0	0	46	157	34	161	29	0	1	0	25	51	127	186	87	0	1	1	0	27	47	0	126	54	0	0	0	14	30	0	92	96	0	2	0	33	170	103	155	25	0	0	1	0	27	68	21	0	1	
0	0	4	0	54	33	0	1	0	2	0	26	229	79	0	3	2	0	50	223	120	0	1	0	0	0	206	139	171	134	0	0	0	64	201	179	186	231	81	0	0	31	190	253	204	190	42	0	0	0	3	52	46	5	0	0	0	1	2	0	0	2	1	0	
0	1	0	56	63	0	1	0	0	1	0	23	150	38	0	2	0	0	6	0	130	88	0	3	0	0	1	0	164	42	0	2	1	0	33	123	166	0	2	0	0	3	204	230	149	33	0	1	0	0	42	11	22	43	0	1	0	0	0	1	1	0	0	0	
0	0	0	0	0	0	0	0	0	0	0	127	187	156	54	0	1	0	11	152	180	255	103	0	0	3	0	34	237	220	13	0	0	2	0	25	108	234	80	0	37	201	177	169	194	189	16	0	5	106	187	178	101	11	0	1	0	0	0	0	0	1	1	0	
0	0	2	0	1	1	0	0	0	0	1	57	36	0	1	0	2	0	105	158	122	23	0	1	0	0	143	0	43	109	0	3	3	0	104	104	120	122	0	3	1	0	11	69	86	100	0	4	0	0	5	0	107	100	0	4	0	0	2	0	44	33	0	1	
0	0	1	0	0	2	0	0	0	1	0	25	61	0	0	0	3	0	83	217	221	165	2	0	2	0	38	119	200	126	0	1	3	0	70	226	197	76	0	3	0	0	2	0	50	152	0	3	2	0	41	128	183	57	0	2	1	0	33	123	44	0	1	0	
0	0	2	1	0	1	0	0	0	1	0	44	78	4	0	0	3	0	77	201	178	105	0	4	3	0	169	60	50	148	0	4	0	6	195	18	87	107	0	4	0	3	64	0	97	102	0	4	0	0	4	0	124	111	0	4	0	0	4	0	55	29	0	1	
0	1	1	0	0	0	1	1	0	0	0	12	53	86	54	0	0	12	199	238	181	172	227	27	0	5	126	223	120	153	137	15	1	0	4	176	255	89	0	2	1	0	158	123	158	51	0	3	0	46	227	163	142	5	0	1	0	10	111	62	0	1	0	0	
0	0	2	0	1	2	0	0	0	0	9	29	1	1	1	0	0	0	123	131	83	98	19	0	0	88	126	28	170	148	0	3	0	47	132	80	81	97	0	4	0	0	3	0	90	71	0	3	0	2	7	0	114	75	0	3	0	0	2	0	51	40	0	2	
0	0	1	4	0	63	17	0	0	0	4	0	112	209	10	0	0	2	0	144	189	11	0	1	3	0	135	193	33	45	3	0	0	76	174	104	212	245	46	0	0	78	222	231	214	139	9	0	0	1	61	58	25	0	0	0	0	1	0	0	0	3	1	0	
0	0	0	0	0	0	0	0	0	2	0	49	117	0	2	0	0	2	0	48	152	0	3	0	0	2	0	59	155	0	3	0	0	3	0	82	163	0	3	0	0	3	0	76	193	0	2	0	0	1	0	32	126	0	1	0	0	0	0	0	0	0	0	0	
0	0	2	2	0	0	0	0	0	1	1	0	35	84	24	0	2	0	33	171	144	188	95	0	0	9	164	50	3	106	4	0	0	16	168	139	220	98	0	2	1	0	0	177	107	0	2	0	2	0	112	133	0	3	0	0	0	0	86	14	0	0	0	0	
0	0	0	0	0	0	0	0	0	0	0	47	30	98	79	0	3	0	81	221	120	58	28	0	2	0	179	194	88	65	0	0	3	14	2	7	23	131	94	0	14	162	142	69	46	144	100	0	0	9	60	122	152	84	0	1	0	0	0	0	0	0	1	0	
0	0	0	0	0	0	0	0	0	0	2	0	62	123	0	3	0	0	4	0	157	156	0	4	0	1	0	26	231	51	0	2	0	3	0	142	182	0	2	0	2	0	24	241	71	0	3	0	2	0	57	156	0	0	0	0	0	0	0	0	1	0	0	0	
0	0	0	0	0	0	0	0	0	0	0	46	111	156	103	0	1	0	26	217	95	60	31	0	3	0	66	172	40	51	0	0	2	0	42	201	151	208	15	0	1	0	34	27	91	156	0	2	4	0	155	231	152	15	0	1	1	0	21	43	2	1	0	0	
0	0	0	0	0	0	0	0	0	0	0	49	40	27	0	0	0	2	0	124	241	224	11	0	0	0	2	0	206	154	0	1	0	3	0	126	209	6	0	1	3	0	89	237	29	0	2	0	0	17	236	75	0	4	0	0	0	20	88	0	1	0	0	0	
0	0	1	0	0	0	0	0	0	0	2	4	0	73	19	0	1	0	32	28	0	119	8	0	0	0	122	44	56	113	0	3	0	67	147	72	168	66	0	3	0	16	4	5	135	9	0	0	0	1	0	42	108	0	2	0	0	1	0	1	1	0	0	0	
0	0	0	0	0	0	0	0	0	2	0	88	170	78	0	2	0	2	0	133	129	164	15	0	0	0	2	0	42	179	5	0	0	4	101	205	243	190	97	1	0	113	255	228	54	0	78	18	0	40	105	15	0	1	0	0	0	0	0	1	2	0	3	1	
0	0	0	1	0	0	0	0	0	0	1	0	31	93	40	0	0	3	0	79	142	70	6	0	1	0	18	191	96	0	0	0	1	0	39	68	86	92	0	3	0	0	0	0	120	59	0	2	2	0	45	149	77	0	1	0	1	0	20	33	0	2	0	0	
0	0	0	0	1	0	0	0	0	0	0	0	4	106	9	0	0	0	4	0	102	187	0	2	0	2	0	29	225	59	0	2	1	0	0	186	100	0	3	0	3	0	148	189	0	4	0	0	0	8	162	27	0	1	0	0	0	0	0	1	0	0	0	0	
0	0	0	0	1	0	0	0	0	0	2	0	74	131	0	2	0	0	4	0	148	159	0	4	0	1	0	30	212	30	0	2	0	3	0	157	146	0	3	0	2	0	55	224	18	0	1	0	2	0	64	139	0	1	0	0	0	0	0	0	1	0	0	0	
0	0	0	0	3	4	4	1	0	0	0	2	0	0	0	0	0	0	1	0	68	132	146	18	0	2	0	96	198	117	83	8	0	3	0	191	182	0	2	0	0	84	161	184	122	0	5	0	0	12	62	42	0	0	0	0	0	0	0	0	2	0	0	0	
0	0	0	0	1	0	0	0	1	0	22	111	166	117	4	0	3	0	85	140	0	187	64	0	1	0	7	184	197	114	0	1	3	0	95	139	154	56	0	2	0	5	184	18	33	147	0	2	1	0	105	170	142	66	0	2	0	0	0	8	10	0	0	0	
0	0	0	0	1	1	0	0	0	0	0	4	0	94	63	0	0	0	2	0	37	223	40	0	0	1	0	2	204	127	0	4	0	1	0	174	171	0	1	0	3	0	124	194	0	3	0	0	2	0	152	78	0	3	0	0	0	0	0	1	1	0	0	0	
0	0	2	1	0	0	1	0	0	2	0	76	222	123	0	1	2	0	38	247	224	222	52	0	1	0	186	149	0	153	135	0	0	66	217	9	0	206	101	0	0	112	223	84	196	176	0	1	0	5	153	198	116	8	0	1	0	0	0	0	0	1	1	0	
0	0	0	0	0	1	2	0	0	0	0	0	7	8	0	0	0	1	1	0	134	217	83	0	0	2	3	0	87	231	78	0	28	126	2	0	106	213	0	0	6	139	174	166	183	70	0	2	0	0	22	29	11	0	0	0	1	2	0	0	1	2	0	0	
0	0	1	1	0	3	0	0	0	0	3	35	3	0	0	0	2	0	57	116	2	113	2	0	0	9	149	63	150	190	0	0	0	17	131	113	178	30	0	1	0	0	0	14	125	0	0	0	0	2	0	32	98	0	2	0	0	1	0	16	28	0	1	0	
0	0	0	0	0	0	0	0	0	1	0	42	143	94	0	2	0	2	0	164	255	208	0	0	0	2	2	96	206	102	10	3	0	47	199	255	227	184	192	20	0	114	255	193	147	137	62	0	0	2	9	1	0	0	0	0	0	0	0	1	4	4	3	0	
0	0	0	0	1	0	0	0	0	0	1	0	42	70	0	3	0	0	2	0	104	43	0	2	0	1	0	33	132	0	1	0	0	3	0	110	77	0	3	0	0	0	0	127	14	0	0	0	0	0	12	105	0	1	0	0	0	0	0	2	1	0	0	0	
0	0	0	0	0	0	0	0	0	1	0	28	64	58	12	0	2	0	42	233	249	255	123	0	1	0	7	111	221	169	32	0	0	38	159	254	194	78	13	0	22	229	255	185	162	170	18	0	9	54	16	0	0	0	0	0	0	0	0	2	3	3	1	0	
0	0	0	1	0	0	0	0	0	0	2	0	91	95	0	1	0	2	0	55	192	22	0	1	0	3	0	159	64	0	2	0	0	3	0	122	103	0	2	0	0	0	0	0	157	26	0	1	0	2	0	109	172	5	0	1	0	1	0	32	33	0	1	0	
0	0	0	0	0	0	0	0	0	1	0	13	158	184	18	0	0	3	0	14	165	255	100	0	0	0	13	124	200	203	38	0	4	41	21	127	203	90	0	4	21	187	55	72	199	48	0	2	0	109	217	200	68	0	2	0	0	0	0	0	1	1	0	0	
0	1	0	0	0	1	2	0	2	0	81	188	121	15	0	1	0	29	233	105	133	208	44	0	0	147	191	0	0	72	174	0	0	134	181	0	2	0	181	42	0	19	216	201	110	189	150	0	1	0	15	114	173	116	0	0	0	1	1	0	0	0	2	1	
0	0	2	3	0	1	4	0	0	2	2	0	28	73	42	0	1	0	17	158	248	175	133	7	0	37	232	188	43	4	161	9	0	184	103	0	0	117	173	0	0	184	207	185	195	207	38	0	0	15	75	80	38	0	1	0	0	0	0	0	0	1	2	0	
0	0	0	4	8	0	0	0	0	0	0	128	168	41	0	2	1	0	17	163	211	119	0	4	0	1	0	112	245	96	0	4	2	0	66	150	229	163	5	0	0	4	174	193	169	144	119	0	1	0	143	160	12	0	7	0	0	0	2	2	1	4	0	0	
0	0	1	2	2	0	0	0	0	1	0	13	194	39	0	2	0	2	0	176	194	0	0	1	3	0	135	208	42	172	107	0	0	69	191	30	217	228	174	0	0	176	178	176	243	128	30	0	0	44	103	61	12	0	0	0	0	0	0	0	0	3	2	0	
0	0	0	0	0	0	0	0	0	0	6	47	2	88	0	0	1	0	38	124	3	123	0	1	3	0	84	96	4	104	0	2	3	0	159	120	85	111	0	4	1	0	68	101	139	97	0	4	0	0	3	0	73	65	0	2	0	0	3	4	2	0	0	0	
0	0	3	3	0	1	0	0	0	1	0	0	0	7	138	16	2	0	70	103	0	103	169	0	0	42	227	84	37	242	54	0	0	99	208	121	246	179	5	0	0	3	47	222	159	0	2	0	1	0	15	157	19	0	2	0	0	0	3	0	2	1	0	0	
0	0	0	0	1	0	0	0	0	0	1	0	81	21	0	1	0	0	0	8	164	15	0	1	0	2	0	60	160	0	2	0	0	3	0	108	123	0	4	0	0	3	0	167	86	0	3	0	0	3	0	129	49	0	2	0	0	0	0	6	5	0	0	0	
0	0	1	1	0	0	0	0	0	1	0	4	140	58	0	1	1	0	7	185	219	241	136	0	1	0	37	163	210	225	38	0	1	0	143	167	181	180	0	3	0	86	46	52	180	139	0	2	0	97	203	178	95	0	1	0	0	0	1	0	0	1	0	0	
0	1	1	0	0	2	0	0	0	0	5	22	14	1	0	0	0	74	211	195	205	103	0	2	0	28	59	0	80	168	0	3	0	0	4	0	154	123	0	4	0	2	0	17	213	35	0	2	0	3	0	114	163	0	3	0	0	2	0	100	42	0	1	0	
0	0	0	0	0	0	0	0	0	0	7	15	16	12	7	0	4	0	133	255	232	232	201	7	1	0	34	62	99	255	138	0	0	3	0	31	228	175	0	0	2	0	65	245	180	3	2	2	0	56	255	137	0	1	9	2	0	83	129	0	4	1	0	0	
0	0	0	2	1	0	0	0	0	0	4	0	48	23	0	1	0	2	0	33	206	33	0	2	0	0	68	190	190	42	36	0	0	23	148	143	190	125	80	0	0	1	0	23	151	0	0	0	0	1	0	36	137	0	4	0	0	0	0	5	16	0	0	0	
0	0	0	4	0	55	13	0	0	0	4	0	62	212	15	0	0	2	0	81	222	66	0	3	3	0	93	208	54	54	11	0	0	26	173	76	201	255	49	0	0	54	197	214	227	85	2	0	1	0	54	87	42	0	0	0	0	0	0	0	0	3	0	0	
0	0	1	2	0	0	0	0	0	0	0	0	35	21	0	1	0	0	0	131	173	10	0	1	3	0	74	86	0	1	0	0	1	0	20	95	63	2	0	0	0	0	0	1	120	20	0	1	0	0	0	17	104	0	0	0	0	1	0	27	39	0	1	0	
0	0	3	4	0	0	0	0	0	0	0	0	7	28	15	0	1	0	47	134	176	189	96	0	0	19	232	146	54	86	4	0	0	7	120	139	225	139	0	2	0	2	0	46	171	3	0	1	1	0	22	202	58	0	2	0	2	0	55	101	0	3	0	0	
0	0	0	2	0	0	0	0	0	116	188	177	128	12	0	1	0	37	41	0	137	81	0	3	1	0	27	154	225	43	0	2	0	0	45	132	95	135	57	0	0	12	137	63	3	122	124	0	2	0	40	171	194	157	14	0	0	0	0	0	1	0	0	0	
0	0	0	3	1	0	0	0	0	1	3	0	18	138	89	0	0	3	0	83	240	255	171	0	1	0	149	249	86	92	155	0	0	110	208	19	0	189	88	0	0	188	164	106	218	202	9	0	0	73	160	168	125	10	0	1	0	0	0	0	0	1	1	0	
0	0	7	55	0	1	3	0	3	0	69	127	0	4	0	0	2	0	135	30	0	29	92	7	0	42	143	0	24	126	142	30	0	101	81	0	87	116	68	0	0	86	132	67	105	102	13	0	0	0	65	76	29	0	2	0	0	0	0	0	0	2	1	0	
0	0	1	1	0	1	1	0	0	2	0	40	90	0	9	3	1	0	8	196	118	0	140	10	0	27	233	228	69	196	157	0	0	30	146	168	246	218	27	0	0	1	0	27	208	34	0	2	0	1	0	160	87	0	4	0	0	0	5	35	1	1	0	0	
0	0	1	58	4	0	0	0	2	0	40	125	0	2	2	0	3	0	103	61	0	20	0	0	1	0	118	22	107	133	80	0	1	0	113	70	81	0	105	15	3	0	67	144	117	59	73	3	0	0	0	46	69	37	4	0	0	0	1	0	0	0	1	0	
0	0	0	0	2	0	0	0	0	0	0	5	0	117	60	0	0	0	3	0	85	184	7	0	0	2	0	41	195	20	0	1	1	0	0	185	79	0	3	0	3	0	112	152	0	4	0	0	1	0	143	46	0	2	0	0	0	1	1	1	0	0	0	0	
0	0	0	0	11	1	0	0	0	0	4	76	107	32	0	1	3	0	100	84	49	51	0	2	1	0	10	95	191	17	0	1	0	1	0	108	59	71	0	2	1	0	24	128	58	96	0	3	1	0	7	139	114	10	0	1	0	0	0	3	2	0	0	0	
0	0	0	1	2	2	1	0	0	0	1	1	2	0	71	12	0	1	0	37	64	72	161	0	1	0	11	141	122	164	27	0	4	0	99	235	217	135	0	1	2	0	58	205	38	0	3	0	1	0	163	50	0	2	0	0	0	2	28	2	2	0	0	0	
0	0	0	0	1	0	0	0	0	0	0	3	0	140	70	0	0	0	3	0	75	204	9	0	0	1	0	27	217	50	0	2	0	1	0	180	108	0	4	0	3	0	126	182	0	3	0	0	3	0	139	83	0	3	0	0	0	0	0	2	0	0	0	0	
0	0	1	3	0	0	1	0	0	0	3	0	80	206	114	0	1	0	3	159	198	103	153	0	2	0	160	161	0	32	171	0	0	75	181	0	0	147	122	0	0	174	82	43	166	181	7	0	0	103	158	146	78	0	1	0	0	0	0	0	0	2	1	0	
0	0	1	0	0	0	2	0	2	0	34	199	211	84	0	2	1	0	186	221	92	238	79	0	0	64	247	155	0	63	191	0	0	150	147	0	0	67	211	9	0	125	240	112	157	253	99	0	0	8	150	213	163	54	0	2	0	1	0	0	0	0	2	0	
0	0	0	2	0	72	12	0	0	0	4	0	105	180	0	0	0	3	0	73	200	24	0	1	2	0	46	188	87	150	0	0	0	9	162	39	171	199	0	0	0	39	179	139	222	88	0	3	1	0	43	86	21	0	1	0	0	0	0	0	0	2	0	0	
0	0	0	6	7	0	0	0	2	0	52	134	110	56	0	2	1	0	22	64	173	75	0	3	0	1	0	53	118	118	0	0	5	79	0	3	0	118	54	0	0	96	72	0	11	148	37	0	0	7	100	129	131	67	0	2	0	2	0	9	4	0	1	0	
0	0	0	0	1	1	0	0	0	0	0	3	0	47	97	0	0	0	2	0	8	222	98	0	0	1	0	16	213	192	2	0	1	0	1	200	162	0	1	1	3	0	146	172	0	4	1	0	0	35	214	25	0	2	0	0	0	15	25	0	1	0	0	0	
0	0	0	0	0	0	0	0	0	2	0	67	34	0	1	0	0	4	0	117	131	0	4	0	0	3	0	103	127	0	4	0	0	3	0	108	149	0	4	0	0	3	0	106	134	0	4	0	0	3	0	104	87	0	3	0	0	0	0	15	5	0	0	0	
0	0	1	2	0	0	0	0	0	0	0	5	74	148	103	0	0	0	5	182	194	169	183	0	0	0	6	40	22	180	43	0	0	19	86	87	208	102	0	4	0	187	255	223	149	109	0	0	0	111	116	12	0	12	0	0	0	0	0	1	4	0	0	0	
0	0	0	0	0	2	2	0	1	0	51	185	100	0	3	0	0	23	221	90	58	49	42	0	0	1	76	165	172	160	49	0	1	0	15	181	192	75	0	3	4	0	106	130	24	181	0	1	2	0	34	162	173	73	0	2	0	0	0	5	4	0	0	0	
0	0	1	0	19	65	0	1	0	1	0	1	182	120	0	3	0	0	0	173	131	0	2	0	2	0	152	133	61	161	24	0	0	64	149	87	177	218	70	0	0	57	184	218	185	145	3	0	1	0	49	77	39	0	0	0	0	0	0	0	0	2	1	0	
0	0	2	2	0	0	1	0	0	1	1	0	15	9	0	0	1	0	30	117	128	191	49	0	0	44	221	82	61	216	45	0	0	23	167	133	212	176	0	1	0	2	0	71	142	5	0	1	2	0	68	155	6	0	1	0	1	0	89	26	0	2	0	0	
0	0	0	4	2	0	0	0	0	0	1	0	2	15	1	0	1	0	5	109	198	204	54	0	1	0	131	131	55	147	29	0	0	2	154	71	142	142	0	2	1	0	4	170	197	0	0	1	1	0	7	159	30	0	1	0	1	0	30	104	0	3	0	0	
0	0	2	0	0	0	0	0	0	0	8	16	0	56	36	0	1	0	150	80	0	159	72	0	0	115	154	2	0	143	70	0	26	235	193	151	160	222	67	0	5	33	30	10	1	120	124	0	0	0	0	3	0	89	126	0	0	2	1	1	0	10	7	0	
0	0	1	0	1	1	0	0	0	0	0	40	44	0	1	0	3	0	137	231	185	59	0	3	0	1	31	0	126	74	0	3	0	1	0	137	199	88	111	12	0	57	201	213	140	109	69	8	0	43	60	0	0	0	0	0	0	0	0	1	3	4	3	0	
0	0	1	2	0	0	0	0	0	0	0	7	19	0	0	0	0	0	4	108	178	90	0	4	3	0	77	66	117	87	0	3	3	0	82	127	175	17	0	1	0	0	0	59	136	0	0	0	0	1	0	24	122	0	2	0	0	0	0	18	91	0	1	0	
0	0	3	1	0	0	0	0	0	0	0	7	41	28	2	0	1	0	118	195	168	239	42	0	0	3	93	72	159	107	0	1	0	1	81	227	141	46	65	16	0	54	243	201	159	196	182	51	0	4	4	0	0	0	0	0	0	0	0	0	2	2	3	1	
0	0	0	0	0	0	0	0	0	0	10	43	69	19	0	1	0	3	136	136	196	76	0	3	0	1	4	0	156	30	0	1	0	2	0	47	161	0	1	0	0	3	0	111	84	0	3	0	0	3	0	157	95	0	2	0	0	1	0	88	59	0	2	0	
0	0	0	1	0	0	0	0	0	0	0	0	49	75	0	1	0	0	0	153	244	255	108	0	1	1	7	163	247	173	45	0	1	0	24	154	168	122	0	2	20	84	20	0	52	190	6	0	15	149	177	157	163	44	0	2	0	0	5	7	0	0	0	0	
0	0	0	0	0	0	0	0	0	0	1	0	51	13	0	0	0	0	0	0	101	7	0	0	0	1	0	30	85	0	2	0	0	2	0	69	58	0	2	0	0	3	0	88	32	0	1	0	0	2	0	66	21	0	1	0	0	0	0	0	0	0	0	0	
0	0	1	4	1	0	0	0	0	2	1	0	1	93	66	0	1	0	14	123	213	229	175	0	0	53	210	184	49	63	171	0	0	175	49	0	5	197	101	0	2	190	152	170	220	120	0	1	0	41	108	90	26	0	2	0	0	0	0	0	0	3	1	0	
0	0	0	0	1	0	0	0	0	1	23	10	0	8	0	0	0	75	213	190	199	204	15	0	0	202	128	24	85	213	31	0	0	135	137	0	48	211	7	0	0	0	2	0	70	158	0	3	0	2	4	0	64	186	0	0	0	0	1	0	10	171	80	0	
0	0	0	0	0	0	0	0	1	0	9	75	63	15	0	1	1	0	22	183	211	184	0	0	0	0	3	0	59	200	0	0	0	2	0	28	205	65	0	2	1	0	15	200	83	0	2	0	1	0	177	107	0	4	0	0	0	13	91	1	2	0	0	0	
1	0	37	82	0	1	0	0	0	0	183	86	0	4	3	1	0	51	218	6	1	0	0	0	0	76	216	2	0	43	57	9	0	23	240	107	139	181	255	108	2	0	138	255	238	178	163	23	0	0	0	42	68	43	0	0	0	0	2	0	0	0	2	1	
0	0	1	0	0	0	0	0	0	0	0	8	83	158	8	0	2	0	43	202	212	156	117	0	1	0	25	56	0	77	112	0	0	47	141	123	156	207	26	0	0	127	119	131	211	148	85	10	0	34	160	108	4	0	2	0	0	0	0	0	2	3	0	0	
0	1	0	24	49	6	0	0	1	0	32	110	102	91	0	2	0	0	10	3	8	114	0	1	0	1	2	0	39	93	0	2	1	0	21	55	149	50	0	2	0	22	168	186	130	141	39	0	0	22	125	36	0	18	9	0	0	0	0	0	4	1	0	0	
0	0	1	2	0	0	0	0	0	0	1	0	58	57	0	1	0	0	0	129	152	103	10	0	4	0	103	117	24	64	0	2	3	0	100	158	224	60	0	2	0	3	0	129	139	0	3	0	1	0	29	172	6	0	0	0	1	0	21	52	0	1	0	0	
0	0	0	7	5	0	0	0	2	0	86	165	145	41	0	2	0	0	16	2	58	122	0	3	0	0	3	0	77	99	0	3	0	1	0	22	147	18	0	1	1	0	21	154	68	24	1	0	3	0	80	173	117	72	0	1	0	0	0	3	2	0	0	0	
0	0	0	0	0	1	1	0	1	0	4	99	174	52	0	2	2	0	37	197	131	187	24	0	0	0	1	0	6	166	23	0	0	11	76	95	202	185	30	6	0	132	255	246	150	118	113	12	0	69	149	36	0	1	0	0	0	0	0	0	4	4	3	0	
0	0	0	0	0	0	0	0	0	15	119	55	71	49	0	1	0	10	102	205	235	77	0	3	3	0	75	252	113	0	0	0	2	0	60	98	130	179	13	0	0	0	2	0	46	209	25	0	3	0	71	181	161	51	0	2	0	0	8	34	2	0	0	0	
0	0	0	0	0	0	0	0	0	0	0	35	97	22	2	0	1	0	4	170	203	250	137	0	1	2	5	94	187	213	55	0	1	0	16	124	201	157	0	4	31	125	51	74	185	53	0	2	5	119	192	213	59	0	2	0	0	0	0	1	1	2	0	0	
0	1	0	0	0	0	0	0	1	0	62	145	159	55	0	1	0	41	244	167	129	255	63	0	0	66	232	30	173	208	30	0	2	0	119	255	241	51	0	2	3	0	74	227	149	247	44	0	1	0	27	166	149	202	24	0	0	1	0	14	57	15	0	1	
0	0	0	2	0	2	1	1	0	0	1	2	4	0	113	46	0	3	0	116	47	103	150	0	2	0	49	161	131	131	0	0	0	12	217	223	246	79	0	4	0	0	176	161	28	22	0	1	1	0	98	16	0	1	0	0	0	0	0	2	2	1	0	0	
0	0	0	0	0	0	6	3	0	1	0	49	98	116	108	14	1	0	20	159	59	36	5	0	1	0	135	109	18	6	0	0	0	81	166	93	100	113	36	0	0	61	20	0	0	137	73	0	0	50	105	107	133	80	0	1	0	0	1	12	2	0	0	0	
0	0	0	2	1	0	0	0	0	0	4	0	4	135	104	0	0	2	0	54	211	240	142	0	1	0	120	212	64	88	115	0	0	66	178	0	19	206	44	0	0	142	85	53	234	130	0	3	0	77	198	180	76	0	2	0	0	0	1	0	0	2	0	0	
0	1	0	0	0	0	0	0	1	0	37	145	122	23	0	1	0	51	245	143	185	121	0	4	0	93	138	0	194	180	0	2	0	12	142	166	145	149	87	0	1	0	31	146	0	133	105	0	2	0	49	184	167	126	1	0	0	0	2	25	23	0	1	0	
0	0	0	3	1	0	0	0	0	0	3	0	77	145	48	0	0	2	0	89	241	230	169	0	3	0	126	227	40	151	128	0	0	17	189	18	5	219	42	0	0	94	172	56	225	167	0	1	0	61	210	192	113	4	0	0	0	0	0	0	0	2	0	0	
0	0	1	1	0	0	0	0	0	1	0	38	40	64	93	17	2	0	47	149	86	91	76	5	0	3	170	97	67	34	0	1	0	3	45	52	47	113	52	0	0	81	29	0	3	134	53	0	0	34	114	105	134	68	0	1	0	0	3	18	6	0	1	0	
0	0	1	1	0	0	1	0	0	1	0	40	101	86	7	9	2	0	53	150	87	146	187	54	4	0	116	63	18	152	61	0	1	0	24	209	206	27	0	2	1	0	143	184	164	2	2	0	0	5	178	125	24	0	1	0	0	0	0	0	1	0	0	0	
1	0	27	17	0	4	2	0	4	0	99	66	0	2	1	0	0	0	144	29	4	89	45	0	0	37	139	32	137	111	109	12	0	10	188	138	8	0	113	39	2	0	122	160	99	100	125	0	0	1	0	23	86	68	7	0	0	0	3	1	0	0	1	0	
0	0	0	0	0	0	1	0	0	1	2	0	1	3	5	0	0	29	220	231	220	218	186	1	0	5	89	129	183	255	161	0	0	1	0	13	210	133	0	0	2	0	33	232	151	0	3	1	0	46	249	189	1	2	1	0	0	91	177	12	0	1	0	0	
0	0	0	1	0	1	0	0	0	1	0	13	195	134	0	3	0	3	0	140	190	6	0	1	1	0	10	224	65	0	3	0	2	0	40	237	49	0	1	0	2	0	27	240	233	40	0	2	0	1	0	151	199	48	0	2	0	0	0	1	2	0	0	0	
0	0	0	1	0	0	0	0	0	0	0	1	71	146	69	0	0	2	0	111	127	84	183	26	0	0	7	153	90	135	88	0	0	0	103	218	161	6	0	1	0	100	128	22	119	0	5	0	0	104	141	143	88	0	2	0	0	0	52	52	0	0	0	0	
0	0	0	0	0	0	0	0	0	4	2	0	45	18	0	1	1	143	21	0	180	103	0	4	0	190	77	0	177	168	0	3	0	102	169	155	218	189	0	2	0	0	2	0	63	184	0	2	0	3	3	0	12	193	22	0	0	0	0	1	0	60	13	0	
0	0	0	2	0	0	0	0	1	4	3	0	63	174	12	0	0	3	0	109	223	205	48	0	3	0	114	222	17	141	72	0	0	37	194	19	0	181	54	0	0	111	115	0	150	143	0	2	0	54	184	174	122	4	0	1	0	0	4	3	0	2	0	0	
0	0	0	0	2	1	0	0	0	7	35	29	3	3	3	0	0	21	136	174	150	2	0	1	0	56	143	154	242	173	82	0	0	41	94	96	202	129	70	5	0	0	0	0	180	35	0	2	0	3	0	52	161	0	4	0	0	2	0	66	64	0	2	0	
0	0	0	3	1	0	0	0	0	0	2	0	9	64	20	0	0	1	0	82	154	169	44	0	2	0	76	141	81	153	2	0	3	0	153	163	235	76	0	3	1	0	13	206	80	0	2	0	3	0	112	117	0	5	0	0	1	0	76	14	0	0	0	0	
0	0	1	0	0	0	0	0	0	1	0	17	72	16	0	1	2	0	69	139	136	113	0	3	0	0	20	0	60	88	0	3	0	0	2	0	136	35	0	1	0	2	0	52	118	0	2	0	0	3	0	141	52	0	2	0	0	0	0	63	7	0	0	0	
0	0	1	2	0	5	1	0	0	1	0	8	99	166	93	0	1	0	18	150	126	194	120	0	1	0	22	208	216	108	0	1	3	0	81	188	135	66	0	3	0	39	213	28	114	106	0	4	0	19	157	160	126	1	0	0	0	0	3	4	0	1	0	0	
0	0	0	4	55	27	0	1	1	0	6	114	114	118	28	0	3	0	78	122	0	83	75	0	0	1	0	2	0	134	30	0	2	0	64	144	195	103	0	4	0	42	179	118	153	127	90	0	0	29	132	61	0	8	5	0	0	0	0	0	4	1	0	0	
0	0	1	2	0	0	1	0	0	0	1	0	26	23	0	0	1	0	16	143	141	167	47	0	2	0	132	71	0	151	59	0	1	0	131	84	139	156	0	0	1	0	6	84	197	16	0	1	0	3	0	132	77	0	3	0	0	0	2	81	5	0	0	0	
0	0	0	1	1	0	0	0	1	0	47	45	0	0	0	0	2	0	112	113	45	0	2	0	0	2	0	78	75	0	3	0	0	2	0	57	105	0	3	0	0	0	0	9	152	12	0	1	0	0	3	0	101	103	0	3	0	0	0	0	6	27	0	0	
0	0	0	2	1	0	0	0	0	21	9	0	36	210	77	0	0	41	2	66	242	245	147	0	3	0	73	246	66	167	130	0	0	10	214	76	108	233	16	0	0	91	188	149	227	28	0	1	0	54	217	181	20	0	2	0	0	0	0	0	2	2	0	0	
0	0	0	0	0	1	0	0	0	1	0	62	117	1	0	0	0	2	0	98	182	0	3	0	0	1	0	138	65	133	29	0	1	0	149	228	128	180	0	1	0	13	129	69	224	76	0	3	0	2	0	55	122	0	1	0	0	1	1	22	10	0	0	0	
0	0	0	0	4	4	0	0	0	3	0	95	193	168	21	0	0	0	1	14	44	211	42	0	0	3	2	0	168	136	0	4	2	0	45	217	247	166	63	0	0	119	255	236	161	129	54	0	24	205	110	7	0	0	0	0	0	0	0	0	3	5	2	0	
0	0	1	1	0	0	0	0	0	1	0	30	121	122	7	0	2	0	53	152	84	167	28	0	4	0	130	71	38	112	0	2	1	0	23	178	174	0	0	1	1	0	15	117	150	62	0	2	1	0	26	155	166	59	0	2	0	1	0	39	40	0	1	0	
0	0	2	2	0	1	0	0	0	1	0	3	13	32	47	0	2	0	37	178	189	169	168	0	0	31	223	82	0	22	172	6	0	127	107	0	0	120	177	0	0	169	59	72	177	161	12	0	0	92	177	146	68	0	1	0	0	0	0	0	0	2	1	0	
0	0	0	0	0	0	0	0	1	0	65	144	107	3	0	0	0	8	160	136	193	13	0	1	0	0	195	246	200	111	1	0	0	0	63	57	0	150	103	0	0	2	49	4	0	122	126	0	1	0	135	184	188	183	19	0	0	0	2	53	42	2	0	0	
0	0	0	0	1	0	0	0	0	0	2	0	68	118	0	3	0	0	4	0	160	103	0	3	0	2	0	45	197	7	0	1	0	3	0	162	106	0	3	0	3	0	63	203	3	0	0	0	3	0	127	81	0	3	0	0	0	0	2	1	1	0	0	0	
0	0	1	1	0	0	1	0	0	2	0	55	145	43	0	1	1	0	24	228	93	129	39	0	4	0	137	153	0	129	86	0	3	0	164	63	0	125	50	0	2	0	162	29	37	132	0	1	3	0	107	154	119	18	0	1	0	0	2	49	15	0	1	0	
0	0	0	47	119	30	0	1	1	0	14	143	146	154	0	2	0	1	4	0	9	152	4	0	0	0	2	0	61	140	0	3	0	27	147	189	244	120	0	4	0	132	255	242	101	143	49	0	0	15	63	21	0	12	18	0	0	0	0	0	3	2	0	0	
0	0	0	0	1	2	0	0	0	0	3	49	0	0	0	0	1	0	30	85	1	50	0	1	1	0	30	96	133	100	0	3	0	0	1	15	95	28	0	1	0	0	0	5	85	1	0	0	0	1	0	33	93	0	2	0	0	0	0	6	25	0	0	0	
0	0	0	3	2	0	0	0	3	0	79	182	166	133	9	0	0	0	10	20	31	194	66	0	2	0	40	206	243	156	0	1	2	0	43	82	100	161	0	3	0	37	40	22	160	135	0	3	13	178	206	174	113	5	0	1	1	1	0	0	0	1	0	0	
0	1	0	23	50	2	0	0	3	0	91	196	193	92	0	3	1	0	65	34	10	135	0	0	0	0	4	1	0	134	14	0	0	20	171	148	112	104	0	3	0	19	142	173	255	100	32	0	1	0	41	78	40	116	31	0	0	0	0	0	0	0	0	0	
0	0	1	0	0	1	1	0	0	0	4	11	0	0	31	23	2	0	64	77	0	17	166	28	0	34	220	85	0	134	92	0	0	72	133	136	173	194	0	1	0	1	0	15	187	47	0	1	0	4	0	100	86	0	3	0	0	0	0	10	3	2	0	0	
0	0	0	0	0	0	0	0	1	0	83	132	91	11	0	0	1	0	28	38	153	101	0	4	0	18	92	96	161	202	3	0	0	183	100	0	140	222	70	0	0	107	136	142	185	83	141	0	0	0	21	64	26	1	52	0	0	3	0	0	1	1	0	0	
0	0	1	1	1	0	0	0	0	0	1	4	2	0	20	13	0	0	0	136	165	158	148	52	2	0	146	218	74	12	3	0	0	15	125	98	142	0	1	1	0	5	3	0	153	22	0	1	0	39	154	145	125	0	2	0	1	0	39	60	9	0	0	0	
0	0	0	0	0	0	0	0	0	2	0	50	65	0	2	0	0	2	0	69	122	0	3	0	0	3	0	86	127	0	4	0	0	3	0	107	96	0	3	0	0	4	0	130	111	0	4	0	0	3	0	111	60	0	2	0	0	0	0	0	0	0	0	0	
0	0	2	0	30	87	0	1	0	1	0	20	191	100	0	3	1	0	2	190	97	0	2	0	4	0	135	138	2	91	0	0	0	23	193	16	172	248	31	0	0	27	183	167	237	128	7	0	1	0	31	90	33	0	0	0	0	1	1	0	0	2	1	0	
0	0	0	0	0	0	0	0	0	0	11	45	42	0	1	0	4	0	90	244	242	28	0	2	1	0	11	217	146	0	0	0	1	0	0	202	144	0	1	0	0	1	0	7	217	70	0	3	0	0	0	141	201	15	0	1	1	0	9	105	23	0	1	0	
0	0	1	2	0	1	0	0	0	1	0	4	34	12	0	1	1	0	19	161	151	147	7	0	0	0	167	97	6	148	2	0	0	18	76	0	126	77	0	3	0	2	0	69	129	0	1	0	1	0	31	160	15	0	1	0	3	0	92	76	0	3	0	0	
