500	64	10
0	6	14	0	0	0	0	0	0	42	89	76	13	0	0	0	0	1	0	39	86	0	2	0	0	2	0	27	109	16	0	1	0	0	1	0	24	89	0	1	0	0	16	10	0	98	9	0	1	0	40	84	97	58	0	1	0	0	0	4	14	0	0	0	
0	0	3	2	0	0	0	0	0	0	0	0	12	11	0	0	2	0	110	202	220	175	0	2	0	6	138	54	123	129	0	4	0	0	0	0	176	42	0	2	0	3	0	75	155	0	3	0	0	2	0	167	60	0	2	0	1	0	16	113	0	0	0	0	
0	0	2	0	0	0	0	0	0	0	0	44	98	111	0	0	0	1	125	98	151	155	0	3	0	9	21	56	190	17	0	1	1	0	23	148	25	0	2	3	0	1	207	149	112	157	140	71	0	0	71	92	60	33	19	2	0	0	0	0	0	0	0	0	
0	0	0	0	0	0	1	1	0	1	0	41	128	96	18	0	2	0	44	192	95	104	115	22	1	0	20	173	20	13	174	38	1	1	5	143	234	185	75	0	0	52	170	173	180	0	0	1	0	91	184	137	43	0	4	0	0	0	8	2	0	1	0	0	
0	0	2	0	0	0	0	0	0	0	0	56	73	18	0	1	3	0	100	124	79	151	0	2	0	2	158	0	89	136	0	3	1	0	155	37	129	47	0	2	2	0	49	144	181	32	0	2	0	0	4	0	101	91	0	3	0	0	3	0	28	57	0	1	
0	0	1	0	27	67	0	2	0	0	1	0	174	110	0	3	0	3	0	118	145	0	2	0	2	0	46	224	184	84	0	3	4	0	129	255	110	187	32	0	2	0	59	238	181	174	17	0	0	0	0	46	26	6	0	0	0	0	2	1	0	1	1	0	
0	0	0	2	0	0	0	0	0	71	164	174	111	0	2	0	0	11	22	53	180	0	2	0	0	2	0	63	154	0	3	0	0	4	0	123	81	0	34	0	1	0	11	194	154	192	175	18	1	0	19	188	142	39	2	3	0	0	0	0	0	0	0	0	
0	0	0	3	0	33	17	0	0	0	4	0	81	222	32	0	0	3	0	99	235	55	0	5	2	0	58	227	39	0	3	0	0	3	207	70	0	3	0	0	0	11	219	175	199	216	26	0	1	0	29	113	149	117	16	0	0	0	0	0	0	0	0	0	
0	0	1	1	0	0	0	0	0	0	1	1	0	89	14	0	1	0	17	12	55	181	0	1	4	0	132	97	136	115	0	4	0	0	170	191	234	58	0	2	0	4	0	76	174	0	2	0	0	4	0	126	105	0	3	0	0	1	0	19	12	0	0	0	
0	1	1	0	0	0	0	0	1	0	32	125	162	131	12	0	0	23	199	109	77	194	169	0	0	14	209	93	0	198	99	0	2	0	34	191	221	135	0	2	0	2	0	159	255	33	0	2	4	0	107	255	161	8	0	1	1	0	20	35	1	0	0	0	
0	0	0	0	0	0	0	0	0	1	0	115	33	0	1	0	0	4	0	134	116	0	4	0	0	3	0	89	169	0	3	0	0	2	0	57	183	0	1	0	0	2	0	58	183	0	1	0	0	2	0	56	121	0	2	0	0	0	0	0	0	0	0	0	
0	0	2	3	0	0	0	0	0	2	2	0	33	104	57	0	2	0	31	163	184	194	171	0	0	54	213	114	0	26	177	0	0	201	127	0	0	54	164	0	0	111	237	165	117	191	71	0	1	0	32	113	131	53	0	1	0	3	0	0	0	1	2	0	
0	1	0	24	16	0	1	0	1	0	12	152	136	4	0	1	2	0	101	56	17	13	0	0	0	1	162	31	0	2	1	0	2	0	51	138	107	25	0	1	2	0	87	116	102	177	61	0	0	0	3	54	78	120	48	0	0	0	0	0	0	0	0	0	
0	0	0	0	2	0	0	0	0	0	0	4	0	114	141	0	0	0	3	0	47	254	103	0	0	2	0	23	232	184	0	0	1	0	10	207	186	4	0	1	0	2	204	203	4	0	1	0	0	99	170	10	0	2	0	0	0	3	0	2	1	0	0	0	
0	0	0	0	1	0	0	0	0	1	0	64	20	74	18	0	0	0	0	186	142	212	17	0	3	0	89	199	155	178	0	3	4	0	121	234	230	137	0	4	1	0	3	147	253	37	0	2	0	4	0	113	152	0	3	0	0	0	0	31	14	0	0	0	
0	0	0	0	0	0	0	0	1	0	9	82	73	13	0	1	2	0	36	178	246	137	0	4	0	0	3	0	169	95	0	3	0	2	0	48	200	5	0	1	0	3	0	162	115	0	3	0	3	0	95	196	3	0	1	0	1	0	87	39	0	1	0	0	
0	1	0	46	104	8	0	1	0	1	0	30	102	74	0	3	0	0	4	0	50	94	0	3	0	0	3	0	94	65	0	2	0	1	56	132	193	64	23	4	0	97	205	162	61	55	52	2	0	23	65	17	0	1	0	0	0	0	0	1	2	2	2	0	
0	0	0	0	0	0	0	0	0	0	3	0	97	66	0	2	0	0	3	0	173	84	0	3	0	1	0	31	207	20	0	1	0	3	0	135	150	0	3	0	11	0	38	218	24	0	1	0	3	0	81	131	0	3	0	0	0	0	1	0	1	0	0	0	
0	0	0	0	0	0	0	0	0	0	2	0	66	27	0	1	0	1	0	21	176	9	0	1	0	3	0	86	138	0	3	0	0	4	0	133	86	0	3	0	0	3	0	143	51	0	2	0	0	1	0	124	19	0	1	0	0	0	0	11	1	0	0	0	
0	2	1	0	2	3	0	0	0	0	3	18	2	0	0	0	0	57	212	222	209	101	0	1	0	36	76	17	118	221	3	0	0	0	3	0	119	163	0	3	0	3	0	35	224	37	0	2	1	0	15	215	114	0	3	0	2	0	44	172	3	0	0	0	
0	0	2	0	0	0	0	0	0	0	5	101	21	10	4	0	3	0	103	121	0	153	27	0	0	22	189	7	23	162	0	0	0	3	115	145	168	126	0	4	0	1	0	6	171	46	0	2	0	3	0	91	145	0	3	0	0	1	0	25	17	0	0	0	
0	0	0	0	0	0	0	0	0	0	0	9	64	57	7	0	2	2	0	15	108	210	54	0	1	0	22	140	180	115	0	2	45	43	4	14	144	75	0	3	34	131	152	153	129	4	0	0	0	0	23	18	60	14	0	0	2	2	0	0	1	0	0	0	
0	0	0	2	0	1	1	0	0	0	3	0	43	14	0	1	0	1	0	97	104	64	60	0	1	0	122	95	0	174	50	0	0	1	139	78	141	100	0	3	0	1	0	44	171	5	0	0	0	3	0	70	105	0	3	0	0	1	0	30	47	0	1	0	
0	0	2	3	0	0	1	0	0	5	16	6	172	215	36	0	1	0	2	185	197	235	125	0	3	0	148	191	0	94	163	0	0	78	196	2	0	109	113	0	0	180	158	39	102	194	28	0	0	68	205	185	138	34	0	1	0	0	0	0	0	1	1	0	
0	0	2	1	0	0	1	0	0	2	0	39	129	102	0	0	2	0	53	181	217	250	52	0	0	9	164	121	200	142	93	0	0	23	207	202	39	159	58	0	0	73	59	11	134	160	0	2	0	151	163	165	139	4	0	0	0	8	66	39	0	2	0	0	
0	0	0	2	4	1	0	0	1	0	8	79	49	0	1	0	3	0	73	253	238	87	0	3	0	1	1	0	177	151	0	4	1	0	47	199	255	136	0	2	0	70	255	163	72	223	80	0	0	33	50	0	0	65	42	0	0	0	0	3	4	1	0	0	
0	0	1	2	0	2	1	0	0	1	2	1	114	170	25	0	0	0	0	146	97	63	129	0	0	30	185	111	0	12	96	0	0	76	174	0	0	75	73	0	0	38	160	7	42	152	17	0	2	0	90	160	153	38	0	2	0	1	0	4	3	0	1	0	
0	0	0	0	0	1	0	0	2	0	78	153	58	0	1	0	0	24	235	230	246	57	0	2	0	50	89	0	227	82	0	4	2	0	77	228	255	187	25	0	0	53	255	181	44	206	189	0	0	50	119	5	0	56	206	0	0	0	0	2	0	16	32	0	
0	0	1	1	0	0	0	0	0	1	0	39	92	97	14	0	2	0	59	130	27	156	50	0	2	0	67	95	100	94	0	1	1	0	14	238	122	0	4	0	2	0	169	93	102	14	0	0	2	0	90	109	142	24	0	1	0	0	0	48	38	0	1	0	
0	0	0	1	0	0	1	0	0	1	1	4	138	87	0	2	0	5	0	106	255	254	67	0	2	0	97	255	111	86	163	0	0	82	213	52	0	32	161	0	0	209	154	42	76	161	103	0	0	74	180	184	161	60	0	1	0	0	0	0	0	0	1	0	
0	1	2	0	1	0	0	0	0	0	8	29	5	0	0	0	0	12	129	103	54	0	1	0	0	27	146	69	157	49	0	2	1	0	37	57	74	90	0	3	0	0	3	0	63	88	0	3	0	0	4	0	80	101	0	4	0	0	3	0	77	65	0	2	
0	0	0	0	0	0	0	0	1	0	21	116	219	201	33	0	0	2	204	255	179	246	131	0	0	2	34	15	0	189	134	0	0	9	98	163	163	251	124	0	0	187	255	238	249	239	181	0	0	112	174	170	80	16	34	0	0	0	0	0	0	0	0	0	
0	1	0	8	1	1	2	0	0	15	80	84	159	34	0	2	0	109	183	0	89	212	42	0	0	156	94	0	0	76	168	0	0	138	152	0	2	2	190	41	0	27	224	111	39	128	183	6	2	0	40	175	173	146	22	0	0	1	1	0	0	0	1	1	
0	0	2	0	0	0	0	0	1	0	12	94	123	166	64	0	2	0	151	255	203	220	62	0	0	10	214	255	165	35	0	1	1	0	9	72	189	228	24	0	2	47	27	0	65	253	68	0	1	147	214	223	236	116	0	1	0	0	19	39	13	0	1	0	
0	0	0	0	0	0	0	0	0	0	0	3	125	27	0	1	0	2	0	61	168	0	2	0	0	3	0	101	131	0	4	0	0	4	0	144	78	0	3	0	0	4	0	160	129	0	3	0	0	3	0	124	102	0	3	0	0	0	0	0	0	0	0	0	
0	0	0	1	1	0	0	0	0	1	2	2	0	138	49	0	0	0	6	9	46	219	20	0	0	5	188	194	199	121	0	4	0	42	190	163	255	160	0	1	0	3	0	85	179	13	4	0	0	3	0	118	82	0	3	0	0	0	0	2	0	1	0	0	
0	0	0	0	0	1	0	0	0	2	43	88	90	16	0	1	0	44	129	69	108	145	0	1	0	15	50	0	3	168	19	0	0	86	99	96	132	123	0	3	0	111	67	108	201	135	118	32	0	20	96	77	1	25	77	10	0	0	0	0	2	1	0	0	
0	0	0	0	1	0	0	0	0	0	0	0	8	126	6	0	0	0	3	0	91	137	0	3	0	1	0	22	175	18	0	1	0	2	0	161	101	0	3	0	3	0	106	173	0	2	0	0	0	0	137	30	0	1	0	0	0	0	0	2	0	0	0	0	
0	0	0	0	4	37	2	0	0	0	1	0	114	116	0	1	0	2	0	73	74	0	1	0	1	0	22	85	0	8	0	0	1	0	26	107	86	131	54	0	1	0	58	152	119	53	12	0	0	1	71	10	0	0	0	0	0	0	0	1	1	2	0	0	
0	0	1	0	36	72	0	2	0	0	4	0	123	72	0	3	0	2	0	60	154	0	1	0	1	0	8	145	28	0	1	0	4	0	98	202	199	121	0	4	4	0	105	255	203	68	0	3	0	0	2	15	6	0	0	0	0	0	0	0	1	2	0	0	
0	0	0	0	0	5	1	0	0	3	9	0	114	159	23	0	0	111	239	178	182	7	4	0	0	31	146	248	157	0	0	1	1	0	17	183	148	200	61	0	2	0	60	198	0	205	117	0	1	0	9	131	172	112	0	0	0	0	0	0	5	0	1	0	
0	0	1	1	0	1	1	0	0	1	0	41	85	154	39	0	1	0	15	215	205	93	1	0	2	0	48	219	204	48	0	2	0	6	43	0	82	158	0	3	0	60	140	24	187	107	0	3	0	20	166	184	108	0	1	0	0	0	0	0	0	1	0	0	
0	1	4	1	0	0	1	0	0	1	0	13	79	53	0	1	0	18	119	215	244	253	85	0	0	149	110	83	21	65	168	0	0	162	31	0	0	42	173	0	0	55	184	52	0	151	141	0	2	0	57	163	178	148	5	0	0	2	0	2	8	0	1	0	
0	0	0	0	0	0	0	0	0	0	0	0	108	47	0	2	0	1	0	15	248	76	0	3	0	3	0	74	215	9	0	1	0	3	0	166	109	0	3	0	2	0	37	199	8	0	1	0	4	0	116	128	0	4	0	0	1	0	22	15	0	0	0	0	
0	0	0	3	9	0	0	0	1	0	23	155	153	52	0	2	4	0	133	82	11	158	0	2	4	0	113	110	107	130	0	3	1	0	11	202	231	41	0	2	3	0	78	164	71	188	0	1	1	0	17	147	174	118	0	0	0	0	0	0	5	0	0	0	
0	0	0	0	0	0	0	0	1	0	23	135	198	84	0	3	2	0	122	148	140	152	0	4	0	0	66	34	143	68	0	3	0	70	209	255	224	27	0	1	0	125	175	56	137	237	148	15	0	3	3	0	0	47	145	25	0	0	2	4	3	0	0	0	
0	0	0	0	0	0	0	0	1	0	16	102	65	32	0	1	4	0	99	126	153	43	0	1	4	0	93	153	129	0	1	0	1	0	3	183	220	146	56	0	0	3	0	74	223	52	5	0	0	3	0	77	193	0	0	1	0	1	0	14	21	0	1	0	
0	0	0	1	0	0	0	0	0	3	0	57	204	106	20	0	0	4	0	139	255	255	112	0	2	0	132	247	91	112	147	0	0	85	215	26	0	94	139	0	0	186	165	51	143	208	33	0	0	82	200	206	151	24	0	1	0	0	0	0	0	1	1	0	
0	0	1	0	0	1	0	0	0	3	0	127	145	0	1	0	3	0	73	150	218	85	0	3	0	28	200	32	201	163	0	4	0	25	155	156	155	152	0	3	1	0	43	0	73	167	0	3	2	0	69	148	184	83	0	3	0	0	0	7	6	0	0	0	
0	0	1	1	0	0	0	0	0	1	0	45	137	69	0	2	3	0	63	239	191	201	6	0	2	0	42	29	39	164	0	1	0	4	18	51	226	115	0	3	9	196	255	213	188	235	89	0	17	118	57	2	0	32	29	0	0	0	0	1	2	0	0	0	
0	0	0	0	4	2	0	0	1	0	30	130	157	110	0	1	2	0	70	66	0	114	89	0	0	0	1	2	0	152	86	0	0	0	1	0	123	165	0	1	0	4	48	193	195	0	0	1	0	63	194	140	97	24	0	1	0	1	1	0	0	0	0	0	
0	0	0	0	0	0	0	0	1	0	32	110	124	120	6	0	4	0	83	238	251	254	41	0	2	0	34	207	255	138	0	1	1	0	30	115	136	196	29	0	0	45	10	0	73	208	21	0	0	148	216	207	188	45	0	2	0	5	44	43	0	1	1	0	
0	0	0	0	0	0	0	0	1	0	9	107	123	11	0	1	3	0	88	180	120	77	0	2	2	0	28	192	58	133	52	0	0	3	0	119	255	69	0	2	1	0	26	143	113	120	0	3	1	0	9	142	155	110	0	3	0	1	0	17	36	0	0	0	
0	0	1	3	1	2	0	0	0	1	2	0	0	3	119	22	0	0	4	78	3	159	167	0	0	15	199	164	93	173	4	0	0	112	229	177	250	132	0	3	0	9	0	149	190	69	0	1	1	0	20	121	9	0	1	0	0	0	1	0	3	3	0	0	
0	0	2	2	0	0	0	0	0	2	1	2	74	142	73	0	1	0	29	176	148	49	182	1	0	54	222	102	0	24	165	0	0	194	68	0	0	136	122	0	0	164	136	87	171	189	9	0	0	16	134	171	99	13	0	1	0	1	0	0	0	1	1	0	
0	0	3	4	0	1	3	0	0	0	0	0	3	6	0	0	2	0	80	153	99	153	184	19	1	0	50	198	136	148	116	1	1	0	39	134	205	44	0	2	0	74	133	34	111	3	3	0	0	108	141	94	34	0	1	0	0	0	31	14	0	1	0	0	
0	0	0	0	0	0	0	0	1	0	29	78	26	0	1	0	1	0	19	110	139	0	3	0	0	0	0	13	131	0	0	0	0	0	0	11	119	1	0	0	0	0	0	9	119	1	0	0	0	0	0	9	119	0	0	0	0	0	0	4	43	0	0	0	
0	0	0	0	2	0	0	0	0	0	0	134	198	93	0	2	0	0	8	63	102	187	0	1	4	0	46	197	202	17	0	1	0	0	9	31	160	132	0	3	48	60	24	0	60	176	0	3	49	133	157	165	173	66	0	2	0	0	0	7	3	0	0	0	
0	0	0	0	2	1	0	0	2	0	59	45	0	9	1	0	1	0	170	45	29	185	10	0	0	11	156	15	211	201	0	1	1	0	179	230	224	121	0	4	1	0	43	51	133	77	0	3	0	0	1	0	159	24	0	1	0	0	2	3	25	3	0	0	
0	0	1	0	0	0	1	1	0	1	0	28	60	48	8	0	3	0	117	254	174	228	180	0	1	0	36	219	179	199	153	6	2	0	51	206	255	64	0	3	0	37	172	107	194	0	2	1	0	136	184	163	71	0	2	0	0	25	94	54	0	2	0	0	
0	0	1	0	0	0	0	0	1	0	6	102	151	104	1	0	0	0	198	146	157	217	0	0	1	0	160	156	166	117	0	3	0	3	0	161	255	46	0	2	2	0	34	208	222	147	0	4	4	0	108	252	150	19	0	1	0	0	14	20	0	0	0	0	
0	0	2	0	0	0	0	0	1	0	9	113	120	131	30	0	3	0	119	152	37	53	10	0	0	10	222	189	162	42	0	2	0	0	20	54	152	203	0	1	0	8	26	0	89	199	0	1	0	58	205	122	186	57	0	2	0	3	44	69	22	0	1	0	
0	1	1	0	0	1	0	0	0	0	0	22	10	0	0	0	0	23	177	173	176	40	0	2	0	72	221	0	135	125	0	4	0	23	111	0	131	137	0	4	0	0	4	0	132	133	0	4	0	1	7	0	128	99	0	4	0	0	3	0	97	77	0	3	
0	0	0	0	2	1	0	0	1	0	22	151	198	130	0	2	3	0	96	92	24	151	0	0	0	2	0	39	196	105	0	4	0	0	3	129	113	134	0	2	0	21	15	0	81	115	0	3	0	71	170	163	144	18	0	1	0	0	9	5	0	1	0	0	
0	0	0	0	1	1	1	0	0	0	1	2	0	0	0	0	0	1	0	2	17	25	27	8	1	0	12	132	124	102	84	21	0	14	43	158	102	0	3	0	0	24	98	74	22	0	3	1	0	0	0	0	0	0	0	0	0	1	2	3	1	0	0	0	
0	0	1	0	37	54	0	2	0	0	2	0	158	71	0	3	0	2	0	72	151	0	2	0	0	0	0	144	30	0	1	0	3	0	76	167	162	107	0	3	4	0	145	255	234	60	0	3	1	0	31	59	8	0	0	0	0	0	0	0	1	2	0	0	
0	0	1	0	1	1	0	0	1	0	13	73	34	0	1	0	0	0	171	177	175	40	0	2	0	7	197	9	136	134	0	4	3	0	71	186	248	118	0	4	0	1	1	9	136	135	0	4	0	0	4	0	60	170	0	2	0	0	0	0	8	69	2	0	
0	0	0	0	0	4	0	0	1	0	18	40	125	100	0	3	4	0	92	211	89	3	0	0	3	0	75	231	182	113	0	1	0	0	7	46	73	201	21	0	1	0	26	88	51	163	6	0	1	0	14	178	192	42	0	2	0	0	0	0	0	1	0	0	
0	0	1	1	6	5	0	0	0	0	1	0	179	159	0	3	0	1	0	152	243	53	0	2	3	0	52	255	166	0	2	0	4	0	114	172	101	184	0	0	4	0	101	191	182	226	7	0	0	0	0	103	158	29	0	1	0	0	1	0	0	1	0	0	
0	0	2	1	0	2	0	0	0	0	0	10	23	1	0	0	2	0	47	146	170	124	0	3	3	0	170	139	131	161	0	3	1	0	49	135	205	51	0	2	0	0	0	8	142	7	0	0	0	2	0	61	134	0	3	0	0	2	0	75	69	0	2	0	
0	0	2	0	50	26	0	1	0	0	0	2	174	34	0	1	0	2	0	128	96	0	3	0	2	0	53	203	119	83	0	2	4	0	132	214	71	172	37	0	2	0	59	190	114	141	24	0	0	1	0	38	83	18	0	1	0	0	1	1	0	1	1	0	
0	0	0	0	0	0	1	0	0	0	0	102	147	36	0	0	1	0	17	207	116	197	143	0	0	4	0	140	170	173	78	0	2	0	72	168	215	84	0	3	0	39	144	0	122	88	0	3	0	66	170	112	128	7	0	1	0	0	54	57	2	0	0	0	
0	0	1	0	0	0	0	0	0	0	5	18	62	80	98	62	2	0	118	98	80	73	81	48	0	0	176	173	79	0	1	0	0	0	2	22	161	86	0	5	0	28	77	0	55	119	0	3	0	3	112	139	165	53	0	2	0	0	2	22	8	0	0	0	
0	0	0	1	1	0	0	0	0	0	3	0	117	92	0	3	0	1	0	19	217	48	0	2	0	4	0	117	161	0	3	0	1	0	2	196	50	0	2	0	4	0	106	157	0	36	0	1	2	0	69	29	25	149	2	0	0	0	0	2	0	5	2	0	
0	1	1	3	3	0	1	0	1	0	32	102	115	50	0	2	0	0	166	111	29	150	41	0	0	80	110	0	0	16	110	0	0	100	84	0	5	0	118	8	0	31	163	25	0	64	104	0	2	0	53	144	126	103	14	0	0	1	0	4	11	0	1	0	
0	2	4	4	3	3	3	0	0	0	0	0	0	0	0	0	0	61	160	159	170	183	165	10	0	62	116	101	48	164	176	0	0	0	2	0	68	173	11	0	0	4	0	80	196	25	0	2	2	0	92	174	19	0	2	0	0	40	217	22	0	3	0	0	
0	0	0	0	0	0	0	0	0	2	0	72	156	154	70	0	0	0	0	148	84	64	43	0	1	0	23	186	19	0	1	0	2	0	53	224	151	50	0	2	0	1	53	40	112	176	0	3	0	3	111	173	181	48	0	2	0	0	1	7	0	0	0	0	
0	0	2	0	0	1	3	0	0	0	0	16	31	11	0	0	2	0	93	159	154	159	103	2	0	3	210	151	40	116	173	15	1	0	53	134	244	186	13	0	0	2	0	93	161	0	2	1	2	0	86	166	8	0	2	0	0	1	120	22	0	2	0	0	
0	0	2	0	0	0	1	1	0	2	0	30	71	64	5	0	3	0	94	216	169	126	147	3	0	50	187	46	0	0	147	60	0	139	76	0	0	30	138	16	0	144	81	3	75	178	48	0	0	52	146	163	128	27	0	2	0	0	1	2	0	1	2	0	
0	0	0	0	0	0	0	0	0	0	0	3	67	42	0	0	0	0	0	1	73	189	56	0	1	2	7	73	116	111	9	0	1	0	10	70	168	109	0	4	41	95	86	87	132	49	0	2	10	54	69	58	16	0	1	0	0	0	0	0	1	2	0	0	
0	0	1	0	0	0	0	0	0	0	3	31	33	3	0	0	2	0	104	131	102	24	0	1	0	15	128	0	116	81	0	3	1	0	92	127	174	71	0	3	0	0	4	0	95	48	0	2	0	0	4	0	127	28	0	1	0	0	0	0	89	8	0	0	
0	0	1	2	0	2	0	0	0	2	0	8	12	0	67	18	1	0	9	134	30	87	156	0	0	33	223	193	61	170	12	0	0	82	107	147	255	133	0	2	0	2	0	144	147	75	1	0	2	0	59	121	0	2	0	0	0	0	9	6	2	3	0	0	
0	0	1	0	0	0	0	0	2	0	58	33	0	97	6	0	0	4	132	10	32	156	0	1	0	39	155	0	64	131	0	3	0	1	164	174	186	201	12	0	0	0	4	32	161	141	0	4	0	0	4	0	81	99	0	3	0	0	0	2	3	0	0	0	
0	0	0	0	2	0	0	0	0	0	0	1	0	87	13	0	0	0	3	0	81	176	0	1	0	1	0	7	193	43	0	2	0	3	0	112	105	0	3	0	1	0	29	152	1	1	0	0	4	0	111	93	0	3	0	0	1	0	26	14	0	0	0	0	
0	0	0	3	1	0	0	0	0	0	2	0	3	7	0	0	0	0	2	98	203	151	0	3	2	0	101	82	70	151	0	3	0	2	132	0	111	83	0	3	1	0	68	110	170	39	0	2	0	0	2	0	107	24	0	1	0	0	3	0	69	7	0	0	
0	0	3	3	3	5	2	0	0	0	0	0	0	0	0	0	0	0	125	197	178	127	58	0	0	10	120	78	103	255	100	0	0	0	1	0	135	112	0	1	1	0	1	161	130	0	3	0	0	1	159	115	0	4	0	0	0	112	123	0	4	0	0	0	
0	0	0	0	0	0	0	0	0	51	112	113	109	9	0	0	0	143	131	39	74	11	0	1	0	57	125	126	141	141	51	0	0	4	156	83	10	26	136	14	1	0	23	65	6	0	131	41	0	0	4	117	178	187	134	0	0	0	1	0	24	52	7	0	
0	0	0	0	0	0	0	0	0	2	0	54	162	128	17	0	0	1	0	39	59	167	82	0	0	0	2	27	70	151	18	0	3	0	76	190	197	24	0	1	1	0	13	83	162	0	1	0	0	43	182	172	37	0	2	0	0	19	42	0	0	0	0	0	
0	0	0	2	0	0	0	0	0	0	1	0	101	73	0	2	0	2	0	81	212	120	0	4	1	0	15	140	153	37	0	2	0	1	0	169	96	0	2	0	1	0	16	203	58	0	2	0	2	0	47	204	34	0	2	0	0	0	5	23	0	0	0	0	
0	0	1	3	0	1	0	0	0	0	1	0	21	12	0	0	0	0	4	101	175	163	1	0	4	0	155	196	68	204	39	0	2	0	79	128	210	165	0	2	0	1	0	24	176	25	0	1	1	0	2	178	81	0	3	0	2	0	60	123	0	3	0	0	
0	0	0	10	43	0	1	0	0	2	0	71	64	0	2	0	0	1	0	102	15	0	0	0	0	0	9	93	0	1	0	0	1	0	16	118	85	57	0	2	0	0	1	126	123	74	0	3	0	1	0	29	63	3	0	0	0	0	0	0	0	1	0	0	
0	0	0	2	0	41	52	0	0	0	2	0	34	171	36	0	0	1	0	19	177	51	0	2	1	0	5	155	61	0	3	0	2	0	135	164	143	95	0	2	1	0	184	255	255	145	0	3	1	0	26	68	36	2	0	0	0	0	0	0	0	1	0	0	
0	0	0	0	0	0	0	0	0	2	0	46	113	0	2	0	0	3	0	76	162	0	3	0	0	3	0	101	166	0	3	0	0	4	0	159	143	0	4	0	0	4	0	164	104	0	3	0	0	3	0	97	74	0	2	0	0	0	0	0	0	0	0	0	
0	0	1	0	0	2	1	0	0	0	1	6	15	3	0	0	0	44	200	206	221	169	13	0	0	11	54	27	48	235	52	0	0	1	0	16	206	131	0	2	1	0	1	216	141	0	2	0	2	0	156	157	0	4	1	0	0	19	141	7	0	1	0	0	
0	0	0	3	16	4	0	0	1	0	18	123	108	125	29	0	2	0	122	59	0	37	41	0	0	13	93	0	20	14	0	1	0	10	82	24	130	107	19	0	2	0	96	115	78	103	52	0	1	0	19	135	178	76	0	1	0	0	0	4	2	0	0	0	
0	0	2	0	0	1	0	0	0	0	7	32	0	29	82	0	3	0	99	124	0	161	135	0	0	19	232	132	106	211	18	0	0	15	110	139	255	134	0	3	0	2	0	72	189	0	1	0	0	2	0	196	87	0	3	0	0	0	1	30	3	0	0	0	
0	0	0	2	1	0	0	0	0	0	1	0	9	58	0	1	0	2	0	75	103	84	0	3	1	0	35	129	112	31	0	1	3	0	58	190	165	0	0	0	0	0	0	61	108	0	3	0	0	2	0	51	93	0	3	0	0	0	0	10	16	0	0	0	
0	0	2	0	0	2	0	0	0	0	0	13	19	0	0	0	2	0	103	213	226	116	0	2	0	12	233	211	188	235	15	0	1	0	85	150	253	159	0	1	0	3	0	71	211	11	0	1	1	0	3	207	79	0	3	0	2	0	34	179	14	0	1	0	
0	0	0	9	40	6	0	0	0	2	0	29	227	193	15	0	0	2	3	0	8	139	147	0	1	1	0	21	0	142	101	0	0	26	125	154	221	237	54	0	31	202	102	137	176	20	3	0	27	128	118	96	9	0	1	0	0	0	0	0	2	2	0	0	
0	1	0	0	0	0	0	0	1	0	23	61	56	1	0	0	0	78	244	206	225	54	0	2	0	35	42	43	234	66	0	3	0	2	0	54	198	135	0	2	0	1	3	0	15	191	15	0	0	1	0	2	150	163	0	2	0	1	0	42	125	24	0	1	
0	0	0	0	0	0	0	0	0	1	0	13	162	24	0	1	0	2	0	32	232	29	0	2	0	2	0	62	206	0	0	0	0	3	0	94	202	0	1	0	0	3	0	168	188	0	3	0	0	3	0	138	111	0	3	0	0	0	0	0	0	0	0	0	
0	0	0	3	0	6	27	0	0	1	4	0	27	188	157	0	0	2	0	103	214	250	81	0	0	0	159	209	21	143	94	0	0	140	151	0	0	193	72	0	0	171	165	103	189	196	1	0	0	20	124	162	115	13	0	1	0	0	0	0	0	1	1	0	
0	0	0	1	0	0	0	0	0	1	0	16	190	144	0	2	0	1	0	165	126	197	19	0	3	0	77	157	0	141	77	0	2	0	146	52	0	148	69	0	0	9	170	6	97	144	0	1	2	0	120	165	105	3	0	0	0	0	2	9	0	2	1	0	
0	1	3	0	0	0	0	0	0	0	0	27	60	79	9	0	0	11	142	159	131	186	47	0	0	63	214	31	0	40	9	0	0	2	115	179	220	204	0	0	0	1	0	15	213	72	0	3	0	3	0	146	139	0	3	0	0	0	0	74	12	0	0	0	
0	0	0	1	0	0	0	0	0	0	1	0	129	95	0	0	0	3	0	100	129	123	10	0	1	0	27	134	28	129	0	2	3	0	104	44	88	109	0	3	0	4	143	48	140	9	0	1	0	0	145	158	33	0	1	0	0	0	3	3	1	1	0	0	
0	0	1	3	0	76	44	0	0	1	2	0	131	209	29	0	1	0	3	171	173	8	0	1	1	0	154	155	34	23	0	0	0	28	213	193	255	255	81	0	1	0	117	255	219	207	83	0	0	1	0	44	33	0	1	0	0	0	3	0	0	1	2	0	
0	0	2	2	0	0	0	0	0	1	1	0	5	45	67	21	1	0	26	183	168	144	116	28	0	41	229	96	0	1	0	0	0	13	106	151	53	0	5	1	0	1	0	35	176	0	0	0	1	0	38	136	125	0	2	0	1	0	31	76	4	0	0	0	
0	0	3	1	0	0	0	0	0	2	0	9	108	224	121	0	1	0	63	228	233	243	131	0	0	58	255	160	0	128	166	0	0	180	163	0	0	106	186	0	0	139	243	127	104	238	123	0	0	2	103	203	215	129	5	0	0	1	0	0	0	0	1	0	
0	0	0	0	0	0	0	0	0	25	8	0	0	11	22	0	0	157	64	0	0	106	123	0	0	208	105	0	12	179	175	0	0	137	248	216	216	255	188	0	0	1	42	62	20	84	143	0	0	1	0	0	0	2	6	0	0	0	2	3	2	1	0	0	
0	0	1	2	0	31	8	0	0	1	0	9	151	215	17	0	1	0	8	198	156	18	0	1	4	0	129	176	0	2	0	0	4	0	160	235	238	195	12	0	4	0	129	255	251	221	20	0	1	0	26	106	35	9	0	0	0	0	0	0	0	1	1	0	
0	0	0	0	0	1	0	0	0	4	24	20	14	0	0	0	0	8	97	121	154	57	0	2	0	0	3	0	97	65	0	2	0	1	1	4	131	10	0	0	0	1	0	24	113	0	2	0	0	2	0	54	135	0	3	0	0	2	0	47	87	0	2	0	
0	0	0	0	0	0	0	0	0	0	3	0	101	95	0	3	0	1	0	14	232	74	0	3	0	2	0	61	214	5	0	1	0	3	0	154	163	0	3	0	3	0	77	255	49	0	2	0	2	0	57	165	2	0	0	0	0	0	0	0	1	0	0	0	
0	0	0	23	5	1	0	0	2	0	41	219	53	0	3	0	3	0	144	121	147	102	0	2	0	18	165	3	0	139	70	0	0	40	149	0	0	49	129	0	0	6	180	84	55	166	70	0	2	0	44	131	129	51	0	1	0	0	1	0	0	0	1	0	
0	0	0	2	0	0	0	0	0	0	1	0	142	155	0	1	0	3	0	116	255	199	6	0	2	0	36	226	104	184	1	0	3	0	161	91	134	146	0	4	0	4	203	169	232	36	0	2	2	0	129	222	60	0	2	0	0	0	0	0	1	1	0	0	
0	0	0	0	2	0	0	0	0	0	55	53	0	1	0	0	0	4	152	219	109	0	2	0	0	2	0	35	227	24	0	1	0	1	1	0	195	56	0	2	0	0	4	0	147	78	0	3	0	0	0	0	166	34	0	1	0	0	0	13	73	0	0	0	
0	0	0	0	0	0	0	0	1	0	6	96	175	21	0	1	4	0	91	172	29	2	1	0	3	0	166	212	133	19	0	1	1	0	88	84	113	161	0	0	0	2	8	0	35	204	14	0	0	3	120	162	195	86	0	3	0	0	0	4	3	0	0	0	
0	1	2	0	0	1	1	0	0	0	2	56	92	29	0	1	0	2	130	126	91	161	11	0	0	38	199	29	0	199	92	0	1	0	56	105	166	159	0	2	0	0	1	0	153	44	0	2	0	3	0	148	157	0	4	0	0	0	0	85	32	0	1	0	
0	0	2	1	0	0	3	1	0	1	0	32	97	116	24	0	3	0	89	191	92	117	164	20	3	0	111	164	121	201	122	9	2	0	33	215	212	37	0	2	0	24	175	33	125	83	0	3	0	59	157	117	135	10	0	1	0	4	49	32	0	0	0	0	
0	0	2	1	0	2	0	0	0	1	0	24	48	4	0	0	2	0	67	237	255	123	0	2	3	0	122	238	234	227	10	0	0	0	4	0	116	200	0	1	0	2	0	33	232	68	0	3	1	0	13	237	143	0	3	0	1	0	12	86	9	0	0	0	
0	0	0	0	0	0	0	0	2	0	39	159	109	25	0	1	2	0	41	161	224	201	0	0	0	0	4	0	107	220	0	0	0	4	0	63	255	142	0	4	2	0	61	252	159	12	0	1	0	114	216	81	0	1	0	0	2	56	31	0	4	1	0	0	
0	0	0	0	0	1	1	0	1	0	103	55	0	2	0	1	0	22	171	47	0	16	27	0	0	81	130	0	99	130	142	91	0	84	133	52	174	78	146	43	0	4	156	180	161	98	17	0	0	0	8	20	0	0	1	1	0	1	2	0	1	3	1	0	
0	0	0	2	6	0	0	0	0	4	0	119	246	135	8	0	1	4	0	53	178	255	47	0	1	0	3	0	89	232	7	0	7	158	207	207	255	189	0	0	92	255	236	206	224	253	42	0	29	50	6	0	7	68	20	0	0	0	0	1	0	0	0	0	
0	0	0	1	1	0	0	0	0	0	5	2	1	10	1	0	3	0	152	224	210	171	0	2	0	0	42	59	145	76	0	3	0	1	0	30	202	90	0	3	0	2	0	122	189	54	0	2	0	4	0	113	91	0	3	0	0	2	0	76	38	0	1	0	
0	0	0	0	0	0	0	0	0	0	0	1	83	124	93	0	0	2	0	58	159	48	26	0	0	4	0	171	84	0	3	0	0	1	0	32	139	2	0	0	4	90	67	89	143	1	0	0	0	61	109	86	24	0	1	0	0	0	0	0	1	0	0	0	
0	0	0	2	9	0	0	0	1	0	56	112	113	78	0	1	0	3	47	10	0	113	25	0	0	0	14	50	9	108	19	0	0	56	82	62	177	88	0	3	0	115	98	82	69	120	14	0	0	5	24	7	0	87	127	0	0	0	0	1	3	1	2	0	
0	0	0	0	1	0	0	0	0	0	0	1	0	104	23	0	0	0	3	0	134	200	0	0	0	2	0	73	214	14	0	1	1	0	2	195	61	0	3	0	3	0	93	142	0	4	0	0	3	0	129	63	0	2	0	0	1	0	15	17	0	0	0	0	
0	0	3	12	1	0	0	0	0	0	85	119	83	0	1	0	0	1	10	0	109	48	0	2	1	0	31	82	134	20	0	1	1	0	31	99	118	17	0	1	0	0	3	0	127	85	0	3	1	0	59	125	111	0	0	0	0	0	11	12	0	0	0	0	
0	0	0	3	0	0	0	0	0	0	4	0	50	184	101	0	0	2	0	115	232	212	18	0	1	0	149	192	21	173	48	0	0	113	172	1	0	150	82	0	0	174	111	8	94	187	16	0	0	31	184	197	163	36	0	2	0	0	0	1	0	1	1	0	
0	0	0	0	0	0	0	0	0	5	59	121	81	0	2	0	0	56	228	255	182	0	3	0	1	0	159	255	179	62	2	0	2	0	62	118	112	216	154	0	0	0	1	0	39	197	136	0	3	0	56	210	179	74	0	1	1	0	14	55	6	0	2	0	
0	0	0	0	1	0	0	0	0	0	2	0	117	37	0	1	0	0	0	6	173	20	0	1	0	2	0	47	160	0	2	0	0	3	0	125	112	0	3	0	1	0	3	196	39	0	2	0	1	0	32	137	0	0	0	0	0	0	0	0	1	0	0	0	
0	0	0	5	16	0	0	0	0	3	0	131	124	0	3	0	1	0	17	183	19	0	2	0	2	0	44	193	51	22	0	1	2	0	29	229	177	159	32	0	0	2	0	142	79	123	48	0	0	1	0	20	130	69	0	1	0	0	0	1	0	0	0	0	
0	0	0	3	13	0	1	0	0	2	0	55	205	20	0	1	0	1	0	171	136	148	0	0	4	0	110	159	0	130	57	0	0	5	176	26	0	74	108	0	0	7	164	56	61	163	53	0	2	0	44	132	124	43	0	1	0	0	1	0	0	0	1	0	
0	0	1	3	0	33	10	0	0	0	3	0	126	223	16	0	0	2	0	141	234	39	0	2	3	0	122	232	65	52	8	0	0	22	235	210	207	246	29	0	0	47	255	247	203	157	2	0	1	0	105	141	71	8	0	1	0	0	0	0	0	2	1	0	
0	0	1	0	1	0	0	0	0	0	3	29	4	1	0	0	3	0	104	169	82	0	2	0	3	0	140	95	88	67	0	1	1	0	14	91	153	134	0	4	0	0	3	0	87	109	0	4	0	0	5	0	126	79	0	3	0	0	2	0	79	34	0	1	
0	0	2	0	1	1	0	0	0	1	0	26	12	0	0	0	3	0	73	165	131	6	0	1	0	13	162	33	222	79	0	3	0	6	145	137	183	56	0	2	0	0	7	0	132	47	0	2	0	0	4	0	136	44	0	2	0	0	2	0	90	37	0	1	
0	0	1	0	1	1	0	0	1	0	18	31	0	26	12	0	3	0	128	64	0	184	30	0	0	39	218	105	133	140	0	4	0	44	160	110	237	165	15	0	0	2	0	58	151	22	15	0	0	4	0	132	64	0	2	0	0	0	0	53	7	0	1	0	
0	2	0	59	57	0	2	0	0	0	0	189	77	0	4	0	3	0	93	153	0	2	0	0	4	0	136	71	47	109	27	0	4	0	124	155	55	78	130	0	2	0	54	222	127	164	68	0	0	1	0	29	79	38	0	1	0	0	1	0	0	0	1	0	
0	0	1	1	0	0	0	0	0	1	0	43	126	161	35	0	1	0	24	199	81	24	6	0	4	0	65	209	133	28	0	1	0	0	0	0	46	142	0	0	36	35	17	15	69	171	0	0	43	119	118	128	144	36	0	2	0	0	0	0	0	0	0	0	
0	1	1	0	0	0	0	0	1	0	18	100	53	4	89	7	0	7	151	231	231	13	125	14	0	108	119	36	154	20	141	9	0	209	83	0	11	117	99	0	0	82	206	203	202	209	72	0	0	5	44	79	57	2	9	0	0	1	1	0	0	1	0	0	
0	0	1	0	2	3	0	0	1	0	10	68	9	0	0	0	3	0	137	241	193	68	0	2	1	0	34	0	119	187	0	3	0	0	4	0	135	111	0	4	0	2	0	36	201	13	0	1	0	2	0	172	115	0	3	0	1	0	12	100	12	0	0	0	
0	0	0	0	0	0	0	0	0	5	97	152	123	2	0	1	0	65	175	91	216	23	0	2	0	10	0	123	164	0	3	0	2	0	34	228	75	18	46	16	1	0	167	232	191	199	223	94	0	0	14	11	12	11	9	5	0	0	0	0	0	0	0	0	
0	0	1	2	0	0	2	0	0	1	1	0	172	146	0	3	1	0	14	206	205	190	104	0	1	0	185	181	2	9	157	19	0	85	183	0	2	0	161	42	0	141	136	41	74	168	136	0	0	38	176	177	160	82	1	0	0	0	0	0	0	0	2	0	
0	0	0	1	5	0	0	0	1	0	9	93	142	39	0	2	2	0	66	60	134	28	0	1	0	2	0	100	76	0	2	0	1	0	20	187	105	6	0	1	2	0	46	14	85	116	0	3	2	0	56	125	118	58	0	2	0	0	0	6	10	0	0	0	
0	0	0	0	1	0	0	0	0	0	119	135	9	0	1	0	0	5	130	189	140	0	6	1	0	2	0	56	173	0	1	0	0	29	161	251	215	136	88	17	0	42	150	105	112	164	216	70	0	0	0	0	0	0	0	0	0	1	4	4	4	4	1	0	
0	0	1	0	0	0	0	0	0	1	0	73	143	108	0	1	2	0	30	184	145	69	0	0	3	0	118	135	118	50	0	2	1	0	88	66	34	145	11	0	0	26	106	0	0	108	21	0	1	0	116	161	123	70	0	2	0	0	0	39	38	0	0	0	
0	0	0	0	1	0	0	0	0	0	1	0	26	87	0	1	0	0	4	0	120	196	0	2	0	2	0	33	242	84	0	3	0	1	0	190	160	0	2	0	2	0	51	183	0	1	0	0	3	0	78	117	0	4	0	0	0	0	8	25	0	0	0	0	
0	0	0	0	0	0	0	0	2	0	42	52	8	2	0	0	4	0	134	125	138	33	0	1	4	0	126	179	226	167	0	1	3	0	77	236	255	127	0	3	0	0	2	0	205	101	0	4	0	0	4	0	174	136	0	4	0	0	1	0	28	24	0	1	
0	0	2	0	0	1	1	0	0	0	0	20	27	8	0	0	1	0	89	154	106	112	42	0	0	0	163	45	0	81	25	0	2	0	49	137	208	140	0	3	0	3	0	96	157	0	1	0	2	0	43	154	4	0	1	0	2	0	62	62	0	3	0	0	
0	4	4	4	4	4	0	0	0	0	0	0	0	0	0	0	46	138	105	121	118	99	13	0	0	177	192	88	123	217	25	0	0	27	54	0	65	172	0	3	1	1	4	0	74	183	0	3	0	1	5	0	96	165	0	3	0	0	4	0	132	113	0	4	
0	0	1	2	0	0	0	0	0	1	3	0	49	168	186	26	1	0	8	177	229	143	127	25	0	0	190	189	10	0	1	0	0	126	169	0	20	10	2	1	0	99	227	233	255	190	0	1	1	0	84	138	151	108	0	1	0	1	0	0	0	0	0	0	
0	0	0	1	0	0	0	0	0	1	0	102	17	0	1	0	0	3	0	128	66	0	2	0	0	3	0	92	88	0	3	0	0	2	0	64	117	0	3	0	0	1	0	34	135	0	2	0	0	0	0	3	120	23	0	1	0	0	0	0	3	1	0	0	
0	0	0	0	0	0	1	0	0	1	0	55	72	18	0	1	0	3	0	162	255	232	39	0	0	0	4	0	79	246	30	0	0	2	0	14	212	158	0	3	2	0	42	239	182	8	0	1	0	22	241	146	0	1	1	0	0	23	94	2	2	2	0	0	
0	0	0	1	0	0	0	0	0	2	0	43	167	20	0	1	0	1	0	127	118	98	0	4	0	0	1	151	173	30	0	2	0	3	0	76	169	47	0	2	0	0	11	111	75	83	0	3	0	0	2	133	131	8	0	1	0	0	0	5	4	0	0	0	
0	0	3	3	0	2	0	0	0	2	0	0	32	16	104	4	1	0	41	182	170	122	192	0	0	105	255	177	65	217	27	0	0	157	243	214	241	172	0	0	0	1	0	185	235	181	27	0	2	0	74	196	24	0	1	0	0	0	28	15	0	2	1	0	
0	0	0	0	1	1	0	0	0	0	55	77	14	0	1	0	0	32	221	180	169	13	0	1	0	48	183	0	146	153	0	3	0	0	181	197	233	187	0	3	1	0	19	103	83	174	4	0	0	0	1	1	0	169	35	0	0	0	1	6	0	65	26	0	
0	0	2	3	0	0	1	0	0	0	0	0	33	67	4	0	2	0	36	159	128	166	33	0	2	0	53	188	177	151	50	0	1	0	7	125	176	43	0	2	3	0	94	90	94	13	0	0	0	7	127	119	55	0	2	0	1	0	88	55	0	2	0	0	
0	1	0	22	33	0	1	0	1	0	21	180	76	0	2	0	2	0	160	92	0	3	1	0	0	19	143	0	52	57	0	1	2	0	120	158	159	157	64	0	2	0	46	236	60	139	112	0	0	1	0	24	112	127	6	0	0	0	2	1	0	0	0	0	
0	0	0	0	0	0	2	0	0	0	4	28	33	10	0	0	4	0	140	248	166	176	66	0	1	0	53	201	68	130	225	11	0	1	0	150	255	187	52	0	0	11	162	122	153	25	0	1	0	114	169	114	96	0	3	0	0	18	65	45	0	0	0	0	
0	0	0	3	4	0	0	0	1	0	7	113	142	11	0	1	2	0	48	129	117	14	0	1	0	1	0	147	153	0	2	0	0	2	0	110	151	56	0	2	1	0	25	110	44	131	0	3	0	0	3	108	132	31	0	1	0	0	0	5	5	0	0	0	
0	0	0	1	4	4	4	1	0	0	1	1	0	0	0	0	0	1	0	31	106	109	123	24	2	0	41	184	103	80	60	10	2	0	58	170	72	0	3	0	0	80	107	129	47	0	4	0	0	7	49	21	0	1	0	0	0	0	0	1	1	0	0	0	
0	0	1	1	0	1	0	0	0	1	0	74	18	0	1	0	1	0	16	167	12	4	1	0	4	0	101	116	0	114	20	0	2	0	53	150	157	195	2	0	0	0	3	0	129	90	0	3	0	0	0	11	111	1	0	0	0	0	0	3	12	0	0	0	
0	0	2	1	0	0	2	0	0	2	0	2	118	193	8	0	2	0	52	216	226	115	57	0	0	31	220	88	7	12	196	27	0	123	89	0	0	43	185	10	0	142	112	44	111	223	83	0	0	59	183	196	175	70	0	2	0	0	0	0	0	0	2	0	
0	0	0	0	0	0	0	0	1	0	73	156	107	0	0	0	1	0	177	255	167	0	2	0	0	0	157	255	155	5	0	1	0	2	5	26	175	190	0	0	0	0	1	0	27	212	22	0	3	0	73	215	215	105	0	1	1	0	13	55	24	0	1	0	
0	0	0	0	0	0	0	0	0	0	1	0	128	27	0	1	0	0	0	0	183	36	0	2	0	1	0	22	168	3	0	0	0	2	0	64	164	0	3	0	0	3	0	133	111	0	4	0	0	1	0	125	37	0	1	0	0	0	0	0	1	0	0	0	
0	0	0	0	0	0	0	0	0	3	0	88	60	0	2	0	0	2	0	53	132	0	3	0	0	1	0	40	143	0	3	0	0	1	0	43	131	0	3	0	0	1	0	35	142	0	2	0	0	0	0	3	124	13	0	1	0	0	0	0	2	1	0	0	
0	0	0	0	0	0	0	0	0	3	0	86	190	55	0	2	1	0	10	170	99	135	0	1	1	0	19	45	16	116	0	1	0	35	160	153	202	213	86	0	0	53	160	24	144	26	8	0	2	0	92	180	48	0	2	0	0	1	1	3	1	1	0	0	
0	0	0	0	0	0	0	0	1	0	31	123	119	31	0	1	1	0	107	55	119	143	0	4	0	1	0	75	145	27	0	1	2	0	43	224	161	3	0	1	0	0	3	0	80	138	0	3	2	0	40	116	145	98	0	3	1	0	9	61	52	1	0	0	
0	0	0	0	0	0	0	0	0	26	47	88	44	0	1	0	14	191	187	157	205	24	0	1	6	21	0	100	241	65	0	2	2	0	41	173	105	173	56	0	1	0	15	19	0	136	96	0	2	0	38	202	199	155	0	0	0	1	0	65	116	9	0	1	
0	0	0	0	0	2	0	0	0	8	129	162	130	15	0	1	0	77	255	94	131	150	0	2	0	72	219	15	68	219	18	0	2	0	171	255	218	246	68	0	3	0	185	100	0	107	181	0	3	0	122	182	93	180	87	0	0	0	4	57	67	53	2	0	
0	0	0	0	0	0	0	0	0	0	9	75	0	24	1	0	1	0	37	148	0	136	1	0	3	0	88	109	74	149	0	3	2	0	166	184	211	106	0	4	0	1	14	0	125	50	0	2	0	0	0	4	150	14	0	1	0	0	0	5	21	0	0	0	
0	1	2	0	0	0	1	0	1	0	16	191	205	135	10	0	0	11	182	108	57	239	127	0	0	160	160	0	0	121	185	0	0	207	130	0	0	107	196	0	0	116	241	74	113	213	91	0	0	5	149	201	165	50	0	2	0	1	0	0	0	0	2	0	
0	0	0	3	2	0	2	0	0	0	1	1	0	79	100	0	0	1	0	75	162	155	26	0	2	0	55	240	126	3	0	1	1	0	19	55	116	129	0	2	0	11	46	3	91	122	0	2	0	6	152	181	127	10	0	1	0	0	1	2	0	1	0	0	
0	3	3	3	3	3	0	0	0	0	0	0	0	2	10	0	13	83	72	71	66	140	93	0	14	63	62	60	54	161	14	0	0	0	3	0	99	74	0	3	0	4	0	39	145	0	1	0	0	1	0	134	51	0	2	0	2	0	43	96	0	2	0	0	
0	0	1	0	78	16	0	1	0	2	0	62	164	0	2	0	1	0	6	176	41	0	2	0	4	0	109	120	0	77	44	0	0	3	157	17	161	255	127	0	0	15	208	205	234	142	18	0	1	0	57	74	7	0	0	0	0	0	0	0	0	3	1	0	
0	0	0	1	24	9	0	0	1	0	20	167	238	147	0	3	1	0	31	94	169	186	0	3	0	2	0	19	230	61	0	3	1	0	0	181	167	0	2	0	0	14	204	255	214	156	0	0	0	5	86	134	150	64	0	2	0	0	0	0	0	0	0	0	
0	0	0	0	0	1	0	0	1	0	21	77	58	0	0	0	3	0	89	201	219	90	0	3	0	0	3	0	89	135	0	4	0	0	2	0	166	53	0	2	0	3	0	124	134	0	3	0	3	0	74	187	3	0	1	0	2	0	65	52	0	2	0	0	
0	0	0	0	4	2	1	0	0	2	0	124	199	147	11	0	1	0	30	194	17	160	128	0	0	21	32	9	0	60	186	0	0	153	132	0	1	193	165	0	0	113	240	97	203	214	18	0	0	10	138	224	136	11	0	1	0	1	0	0	0	1	1	0	
0	1	3	0	0	0	2	0	0	2	0	79	155	114	3	0	0	2	136	144	44	171	144	0	0	98	154	0	0	52	252	42	0	152	82	0	0	28	210	31	0	146	182	60	122	183	77	0	0	23	145	151	104	26	0	2	0	0	0	0	0	0	2	0	
0	1	4	1	1	0	0	0	0	0	0	0	1	7	1	0	0	13	143	179	186	205	11	0	0	119	192	13	137	176	0	2	0	87	71	0	182	79	0	3	0	1	0	40	216	14	0	1	0	5	0	94	236	3	0	1	0	2	0	60	136	0	1	0	
0	0	0	0	0	0	0	0	0	0	0	0	144	28	0	1	0	1	0	26	216	23	0	1	0	2	0	44	192	0	0	0	0	3	0	89	160	0	3	0	0	4	0	153	118	0	4	0	0	3	0	118	90	0	3	0	0	0	0	0	0	0	0	0	
0	0	0	5	9	0	0	0	0	0	5	93	49	0	1	0	3	0	65	66	0	4	0	0	1	0	23	99	40	0	0	0	0	1	0	18	81	66	0	0	0	0	1	0	7	104	4	0	0	0	3	60	97	38	0	2	0	0	0	13	7	0	0	0	
0	0	1	1	0	0	0	0	0	3	0	105	185	149	14	0	1	0	14	223	111	157	50	0	4	0	110	150	0	126	35	0	0	44	175	126	116	225	97	0	0	113	149	0	133	123	56	12	0	4	121	148	95	0	1	0	0	0	2	10	0	3	3	0	
0	0	0	2	0	0	0	0	0	6	121	198	97	0	1	0	0	63	99	35	191	1	0	0	1	0	3	149	220	31	0	2	0	0	11	63	53	160	15	0	1	0	34	15	0	177	54	0	3	0	77	166	159	125	0	1	0	0	0	9	11	1	0	0	
0	0	0	0	0	0	0	0	0	61	156	148	137	32	0	1	0	125	120	28	162	126	0	4	1	0	9	103	225	127	5	0	1	0	27	125	49	90	154	0	0	1	104	8	0	80	141	0	3	0	139	213	187	138	4	0	0	0	4	57	44	0	2	0	
0	0	0	0	0	0	0	0	1	0	39	108	112	115	30	0	0	13	157	54	34	64	164	14	0	0	137	60	0	99	91	0	1	0	13	170	176	109	0	1	2	0	120	134	153	57	0	2	1	0	140	104	142	84	0	3	0	0	0	38	47	0	0	0	
0	0	2	0	0	1	0	0	2	0	59	73	0	14	101	5	2	0	170	108	0	82	176	0	0	52	171	0	0	159	95	0	0	108	213	166	127	219	25	0	0	16	97	100	128	206	3	0	0	0	3	0	71	176	0	2	0	1	5	0	28	25	0	1	
0	0	2	52	14	0	1	0	2	0	73	131	111	0	1	0	0	0	23	0	120	31	0	1	0	0	8	14	108	38	0	1	2	0	79	133	194	9	0	1	3	0	117	145	130	105	0	0	1	0	18	35	0	86	24	0	0	0	0	0	3	0	0	0	
0	0	1	3	0	14	24	0	0	0	3	0	22	168	70	0	0	0	0	121	189	83	0	2	2	0	159	213	57	11	1	0	0	5	115	95	117	187	11	0	1	0	117	61	96	135	0	1	2	0	69	161	108	7	0	1	0	0	0	0	0	1	0	0	
0	0	1	0	2	4	2	0	2	0	35	131	44	0	2	0	1	0	190	129	96	185	70	0	0	35	237	173	201	82	47	0	1	0	82	242	201	27	0	2	1	0	31	178	138	170	0	3	0	2	0	121	215	145	0	3	0	0	0	0	28	9	0	0	
0	0	0	5	136	18	0	1	0	3	0	94	191	0	2	0	1	0	12	206	44	0	2	0	3	0	118	137	4	134	64	0	0	12	210	124	232	255	105	0	0	34	229	244	208	91	0	0	0	2	16	15	1	0	1	0	0	0	0	0	1	4	0	0	
0	0	1	1	0	0	0	0	0	1	0	69	98	87	0	3	1	0	20	182	137	95	0	4	3	0	130	128	146	64	0	2	0	32	240	187	224	229	97	0	0	13	44	0	186	137	32	0	0	0	2	0	138	63	0	2	0	0	2	1	0	2	2	0	
0	0	1	0	0	0	0	0	0	0	1	16	19	0	0	0	1	0	142	186	195	63	0	3	0	0	35	0	115	80	0	3	0	0	2	0	137	39	0	1	0	1	0	22	159	0	0	0	0	3	0	113	98	0	3	0	0	1	0	118	19	0	1	0	
0	0	0	0	3	33	3	0	0	0	2	0	86	87	0	1	0	1	0	36	107	0	1	0	0	0	0	160	81	0	3	0	1	0	40	109	111	23	0	1	3	0	81	96	95	5	0	0	1	0	33	108	22	0	1	0	0	0	0	0	1	0	0	0	
0	0	1	1	0	2	2	0	0	1	0	32	176	180	6	0	1	0	28	192	45	171	115	0	4	0	161	161	116	162	32	0	2	0	66	245	255	52	0	3	3	0	78	196	117	154	0	3	3	0	83	209	161	59	0	2	0	0	0	2	5	0	0	0	
0	2	3	4	2	0	0	0	0	0	0	0	0	5	9	0	10	60	74	111	103	186	96	0	18	81	62	48	50	182	15	0	0	1	0	11	183	63	0	2	1	1	10	180	94	0	3	0	4	0	111	164	0	5	0	0	1	0	16	19	0	0	0	0	
0	0	2	1	0	1	1	0	0	2	0	9	82	77	0	1	3	0	64	191	197	249	60	0	0	58	185	45	15	71	164	0	0	175	56	0	0	87	197	0	0	176	133	121	169	207	67	0	0	17	109	131	84	8	0	1	0	0	0	0	0	2	3	0	
0	0	0	0	0	0	0	0	0	0	94	152	99	0	0	0	0	15	130	50	118	64	0	3	0	0	2	0	111	58	0	2	0	3	0	109	165	0	2	0	0	0	1	152	21	0	1	0	0	0	0	132	135	91	0	0	0	1	0	24	57	12	0	1	
0	0	0	0	0	0	0	0	0	2	0	44	164	0	0	0	0	3	0	70	209	0	0	0	0	3	0	86	155	0	3	0	0	4	0	127	141	0	4	0	0	1	0	206	101	0	3	0	0	0	0	181	69	0	3	0	0	0	0	0	0	0	0	0	
0	0	1	0	9	35	3	0	0	0	3	62	86	104	84	0	0	6	84	67	0	43	105	0	0	1	6	0	0	123	35	0	0	17	44	44	115	65	0	2	5	125	92	160	129	84	41	0	0	57	73	10	0	36	39	0	0	0	0	1	3	0	0	0	
0	0	1	0	0	1	0	0	0	1	0	142	90	0	0	0	3	0	63	248	192	105	0	3	1	0	34	34	6	118	0	1	1	0	9	104	136	188	31	0	4	0	124	213	192	101	20	0	3	0	85	193	52	0	2	0	0	0	0	1	1	4	1	0	
0	0	0	0	0	1	0	0	0	17	116	119	126	23	0	1	0	54	127	99	172	71	0	3	0	0	1	0	130	53	0	2	0	14	174	193	168	93	4	0	0	5	26	5	0	125	95	0	0	3	99	94	122	140	34	0	0	0	10	50	39	6	0	0	
0	0	0	0	0	0	0	0	2	0	67	146	103	20	0	1	2	0	65	129	239	95	0	4	0	2	0	138	247	73	0	3	0	0	0	42	28	162	21	0	0	17	74	0	52	170	9	0	0	4	185	215	176	40	0	2	1	0	15	42	1	1	1	0	
0	0	0	13	6	0	0	0	0	0	127	135	130	43	0	2	0	4	91	0	76	147	0	4	0	1	0	90	213	92	0	4	0	0	0	78	48	155	18	0	0	10	59	0	40	198	18	0	0	11	142	167	160	53	0	2	0	0	0	6	1	0	0	0	
0	0	0	0	0	1	0	0	1	0	28	34	0	15	72	0	4	0	113	95	0	99	160	0	0	0	155	35	0	167	84	0	0	59	239	157	170	179	1	0	0	40	151	100	183	111	0	3	0	0	1	0	162	45	0	2	0	1	4	6	27	1	0	0	
0	0	0	0	0	0	0	0	0	1	0	32	95	65	16	0	0	0	8	111	19	34	98	0	0	1	0	88	10	50	26	0	0	3	0	98	103	0	3	0	0	6	36	74	70	0	4	0	0	41	97	85	20	0	1	0	0	0	29	23	0	1	0	0	
0	0	1	1	0	17	13	0	0	1	0	27	60	175	37	0	1	0	26	201	191	62	0	1	3	0	157	242	166	17	0	1	0	0	17	31	131	176	0	3	0	65	125	67	178	97	0	3	0	14	138	158	73	0	1	0	0	0	0	0	0	2	0	0	
0	0	0	0	0	3	3	0	0	19	151	90	0	3	0	0	0	8	196	114	0	113	140	0	1	0	191	37	86	221	175	0	0	45	212	29	144	142	68	0	0	17	192	161	179	143	2	0	2	0	71	201	143	18	0	1	0	0	0	0	0	1	0	0	
0	0	0	0	73	9	0	0	0	3	0	103	198	0	1	0	1	0	14	171	33	0	1	0	3	0	121	59	69	221	73	0	0	12	169	105	178	167	134	0	0	21	216	242	222	168	26	0	1	0	29	60	32	10	0	0	0	0	0	0	0	1	1	0	
0	0	0	1	0	0	0	0	0	0	0	10	57	9	0	0	0	0	3	61	118	30	0	1	2	0	38	113	123	10	0	1	0	0	1	54	131	6	0	0	0	1	0	35	85	0	2	0	0	3	0	84	48	0	2	0	0	1	0	36	11	0	0	0	
0	0	2	1	0	1	0	0	0	0	0	2	21	7	0	0	3	0	96	209	201	175	0	0	1	0	51	49	32	177	0	0	0	0	3	0	140	99	0	3	0	2	0	61	185	0	0	0	0	1	0	144	52	0	2	0	2	0	55	102	0	3	0	0	
0	0	2	0	0	0	0	0	0	3	0	79	14	33	2	0	3	0	76	144	0	162	14	0	0	75	220	59	36	171	7	0	4	147	140	129	130	167	0	1	0	0	1	0	7	187	44	0	0	2	4	4	0	194	58	0	0	0	0	0	0	17	4	0	
0	0	1	1	0	1	2	0	0	1	0	5	113	84	0	2	0	0	0	98	176	196	77	0	4	0	118	152	143	143	18	0	4	0	92	255	144	0	3	0	4	0	150	123	161	31	0	1	3	0	124	200	110	2	0	0	0	0	4	49	9	0	0	0	
0	0	1	0	0	0	0	0	0	0	0	8	46	40	4	0	0	19	196	226	220	238	40	0	0	0	60	53	65	241	105	3	0	68	143	172	240	232	109	7	0	50	143	126	246	68	0	3	0	3	0	110	189	0	5	1	0	2	2	16	36	0	1	0	
0	0	2	2	0	1	0	0	0	0	0	11	34	5	0	0	2	0	39	130	163	131	0	3	4	0	127	185	100	89	0	3	0	0	8	55	184	73	0	3	0	0	0	6	144	19	0	1	0	1	0	123	76	0	2	0	2	0	54	136	0	0	0	0	
0	0	0	13	68	0	0	0	0	0	0	130	120	0	2	0	3	0	87	135	0	3	2	0	3	0	144	89	74	34	0	0	4	0	111	201	59	152	110	0	1	0	9	155	103	121	153	0	0	1	0	13	88	79	7	0	0	0	1	2	0	0	1	0	
0	0	2	0	0	1	2	0	0	3	0	46	202	126	0	2	2	0	108	244	214	246	55	0	0	70	255	72	2	120	187	0	0	208	120	0	0	129	219	0	0	199	177	153	225	255	78	0	0	53	213	215	156	37	0	1	0	0	0	0	0	0	2	0	
0	0	1	0	0	1	0	0	0	1	0	124	194	3	0	1	3	0	82	137	169	58	0	2	2	0	106	15	49	118	0	3	0	15	117	0	19	153	1	0	1	0	151	27	56	164	0	1	2	0	49	154	150	53	0	2	0	0	0	6	3	0	0	0	
0	0	1	0	1	1	0	0	0	0	1	16	11	0	0	0	0	33	201	240	205	28	0	1	0	6	58	34	188	121	0	3	0	0	1	0	193	112	0	2	0	1	0	8	186	94	0	0	0	1	0	33	177	58	3	0	0	1	0	30	102	0	2	0	
0	0	0	1	0	0	0	0	0	0	1	0	20	8	0	0	0	2	0	59	157	60	0	2	1	0	12	90	44	46	0	2	1	0	35	94	141	43	0	2	0	1	0	84	122	0	3	0	0	2	0	55	53	0	2	0	0	1	0	42	28	0	1	0	
0	1	0	9	28	0	1	0	1	0	4	135	255	101	0	2	2	0	171	210	119	243	62	0	0	103	187	0	0	155	177	0	0	209	84	0	0	128	211	0	0	173	255	214	232	255	119	0	0	13	95	141	107	43	0	0	0	1	0	0	0	0	2	0	
0	0	0	0	1	0	0	0	0	0	1	0	36	78	0	2	0	0	3	0	155	111	0	3	0	2	0	53	198	3	0	1	0	4	0	131	126	0	3	0	1	0	3	189	47	0	2	0	2	0	37	170	0	0	0	0	0	0	2	14	0	0	0	0	
0	3	4	2	1	3	0	0	0	0	0	5	6	0	0	0	0	92	175	199	230	71	0	2	0	81	134	74	123	205	0	1	0	0	3	0	82	167	0	3	0	3	8	0	164	94	0	3	0	2	0	48	192	5	0	1	0	3	0	82	105	0	3	0	
0	0	0	0	0	0	0	0	0	9	117	118	14	0	1	0	0	15	42	93	69	0	2	0	0	3	0	120	57	0	2	0	0	2	0	92	144	30	0	1	0	0	3	0	76	113	0	4	0	1	0	13	153	51	0	2	0	0	0	13	39	0	1	0	
0	0	2	1	0	2	0	0	0	1	0	54	73	1	100	8	2	0	41	195	91	147	149	0	1	0	168	44	133	167	0	0	1	0	139	241	178	0	4	0	3	0	68	185	118	54	0	2	1	0	26	166	155	36	0	2	0	1	0	33	42	0	1	0	
0	0	3	3	4	1	0	0	0	0	0	0	0	9	3	0	1	0	117	169	133	186	16	0	0	43	212	37	197	139	0	4	0	11	11	11	215	53	0	2	0	3	0	99	166	0	3	0	0	4	0	165	122	0	4	0	0	1	0	138	59	0	2	0	
0	0	0	8	4	0	0	0	0	109	145	149	151	19	0	1	2	56	30	0	154	41	0	1	1	0	8	193	193	14	0	1	1	1	7	72	94	131	23	0	3	0	87	100	0	133	83	0	2	0	32	154	202	157	8	0	0	0	0	0	1	1	0	0	
0	0	0	0	15	8	0	0	0	2	0	65	114	12	0	1	0	3	0	125	109	56	55	1	0	2	0	111	194	113	0	1	3	0	83	126	7	103	0	2	4	0	121	70	90	69	0	2	2	0	30	156	102	0	1	0	0	0	0	3	1	1	0	0	
0	0	1	1	0	0	1	0	0	2	0	39	211	158	14	0	1	0	9	219	194	132	101	0	4	0	117	208	0	39	130	0	0	6	209	53	0	168	118	0	0	21	220	162	229	204	9	0	0	3	175	228	135	16	0	1	0	0	0	0	0	1	1	0	
0	0	1	3	1	1	0	0	0	1	2	2	0	101	56	0	1	0	17	101	42	178	17	0	0	18	198	118	124	172	3	0	0	80	248	168	231	159	29	0	0	6	9	111	151	0	3	0	0	2	0	168	67	0	3	0	0	0	2	30	4	0	0	0	
0	0	1	1	0	0	0	0	0	1	0	35	200	118	0	2	2	0	26	236	212	170	0	1	4	0	130	175	0	147	52	0	0	3	185	37	0	86	128	0	0	23	204	85	56	181	132	0	0	0	137	223	189	138	15	0	0	0	0	0	0	0	1	0	
0	0	0	1	0	0	0	0	0	0	1	4	105	15	0	1	0	5	0	86	233	51	0	3	2	0	64	120	88	109	8	0	0	66	246	139	177	168	16	0	0	50	77	16	109	102	0	4	0	0	2	0	69	122	0	3	0	2	3	0	5	15	0	0	
0	0	2	2	0	32	5	0	0	2	0	46	192	235	30	0	1	0	20	179	136	20	0	1	3	0	170	231	85	77	7	0	1	0	43	61	85	213	63	0	0	55	104	65	101	204	32	0	0	26	141	166	139	29	0	1	0	0	0	0	0	1	1	0	
0	0	0	0	0	1	0	0	6	57	72	75	28	0	1	0	33	127	62	74	166	46	0	2	0	0	38	89	185	25	0	1	0	2	94	87	93	127	15	0	1	0	33	111	18	119	132	0	0	1	1	57	131	142	63	0	0	0	0	0	0	0	0	0	
0	0	2	2	0	0	0	0	0	1	0	5	78	160	62	0	1	0	21	175	177	149	49	0	0	0	215	227	90	44	0	2	0	0	65	126	163	205	13	0	0	10	30	0	15	197	22	0	0	11	158	184	223	113	0	3	1	0	17	63	27	0	1	0	
0	0	0	0	0	0	0	0	1	0	31	107	121	75	0	1	4	0	157	140	21	156	86	0	4	0	99	243	145	86	43	0	0	12	158	51	163	55	0	2	0	20	166	0	27	163	10	0	2	0	93	166	110	170	27	0	0	1	0	28	71	33	0	1	
0	0	0	0	0	0	0	0	1	0	117	203	113	2	0	0	0	4	74	82	195	38	0	2	3	0	58	253	210	12	0	1	0	1	25	51	120	140	0	0	0	18	139	23	12	179	34	0	2	0	59	180	165	78	0	1	0	0	0	3	2	0	0	0	
0	0	2	0	0	0	0	0	0	0	0	7	53	8	0	0	0	10	130	156	211	29	0	2	0	3	21	0	165	32	0	1	1	0	27	141	225	46	0	2	1	0	7	80	185	1	0	0	0	2	0	64	156	0	3	0	0	1	0	34	55	0	2	0	
0	0	2	0	0	2	3	0	0	1	0	33	125	24	0	1	3	0	99	193	155	131	82	0	2	0	192	116	124	224	91	0	3	0	148	255	226	27	0	2	3	0	172	113	76	114	0	1	3	0	130	165	114	100	0	1	0	0	0	34	57	8	0	0	
0	0	0	0	0	0	0	0	0	2	121	160	66	0	2	0	0	6	43	41	174	14	0	1	0	0	15	16	134	34	0	2	0	15	179	173	229	114	103	122	0	10	162	144	75	64	116	47	0	0	11	11	0	0	0	0	0	1	1	1	3	3	4	2	
0	0	1	1	0	2	0	0	0	2	0	45	175	114	0	2	2	0	50	190	68	156	82	0	3	0	72	208	201	145	0	1	1	0	26	216	176	111	0	2	4	0	110	132	47	141	0	1	2	0	48	185	179	35	0	2	0	0	0	3	1	0	0	0	
0	0	1	0	55	13	0	0	0	2	0	48	112	0	1	0	0	1	0	129	30	0	1	0	2	0	43	120	15	16	0	1	2	0	48	174	114	97	0	2	1	0	10	184	108	91	0	2	0	1	0	26	77	10	0	1	0	0	1	1	0	1	0	0	
0	0	0	0	0	0	0	0	0	1	0	17	99	1	0	0	0	1	0	32	215	15	0	1	0	2	0	37	200	7	0	1	0	3	0	105	140	0	4	0	0	4	0	150	118	0	4	0	0	0	2	173	33	0	9	2	0	0	3	34	2	0	7	2	
0	0	2	0	0	0	0	0	0	3	0	46	145	151	34	0	2	0	94	162	93	98	138	0	0	67	147	3	0	36	133	0	0	151	27	0	0	147	77	0	0	159	39	0	94	135	0	2	0	59	148	124	142	5	0	0	1	0	38	60	3	1	1	0	
0	0	2	0	0	2	0	0	0	1	0	79	130	2	0	1	3	0	106	148	144	133	0	2	2	0	170	68	131	97	0	2	2	0	40	237	182	0	2	0	1	0	15	142	123	117	0	3	1	0	10	171	171	66	0	2	0	1	0	28	44	0	1	0	
0	1	0	22	75	0	1	0	0	3	0	95	85	0	1	0	0	0	0	121	11	0	0	0	1	0	23	123	0	2	0	0	2	0	39	120	103	108	0	2	1	0	27	185	137	88	0	3	0	0	0	56	55	1	0	0	0	0	0	0	0	2	0	0	
0	0	0	0	0	2	1	0	0	1	43	7	1	1	0	0	0	35	192	2	0	103	39	0	0	57	248	133	53	175	34	0	0	14	148	178	212	186	0	2	0	0	2	0	48	144	0	3	0	1	6	0	59	112	0	3	0	0	1	0	17	67	0	1	
0	0	0	1	1	0	0	0	0	0	1	167	200	69	0	2	0	0	2	5	171	166	0	4	1	0	29	144	198	29	0	2	3	0	55	231	186	49	0	1	0	9	58	30	211	193	0	2	2	0	111	210	159	30	0	1	0	0	0	1	0	0	0	0	
0	0	1	1	0	1	0	0	0	1	0	13	73	19	0	1	2	0	33	191	202	138	0	3	3	0	186	196	81	87	0	1	1	0	87	140	164	79	0	3	0	0	2	0	49	150	0	3	0	0	6	0	126	148	0	4	0	0	2	0	61	44	0	2	
0	0	0	0	6	1	0	0	3	0	108	219	177	134	6	0	2	0	81	118	7	193	91	0	1	0	33	19	0	177	80	0	0	61	227	202	161	243	107	0	0	140	180	41	215	211	86	0	0	19	175	203	158	14	0	1	0	0	0	2	0	2	3	0	
0	0	0	10	75	0	0	0	0	2	0	63	147	0	3	0	0	0	0	175	48	0	1	0	3	0	98	170	143	197	30	0	2	0	131	188	201	217	46	0	3	0	164	255	209	87	0	2	1	0	27	59	20	0	1	0	0	0	0	0	1	3	0	0	
0	0	0	2	1	0	0	0	0	0	2	0	16	71	6	0	0	2	0	39	179	147	13	0	2	0	32	176	120	103	0	3	3	0	88	189	200	65	0	2	0	3	0	145	148	0	3	0	1	0	11	168	21	0	1	0	1	0	15	54	0	1	0	0	
0	0	0	0	1	0	0	0	0	0	2	0	57	56	0	2	0	0	1	0	183	90	0	3	0	2	0	43	172	0	1	0	0	4	0	129	115	0	3	0	1	0	4	196	40	0	1	0	1	0	32	86	0	1	0	0	0	0	10	7	0	0	0	0	
0	1	1	0	0	0	0	0	1	0	20	108	141	126	24	0	0	39	173	95	23	107	132	0	0	151	140	37	68	95	77	0	0	51	234	184	130	196	28	0	0	4	140	14	0	163	100	0	1	0	135	133	151	166	17	0	0	0	4	49	61	10	0	1	
0	0	0	2	0	3	1	0	0	0	1	2	26	0	24	36	0	0	0	115	120	85	160	36	3	0	67	104	145	160	18	0	4	0	125	242	99	0	2	2	0	32	179	133	104	0	4	0	0	19	162	121	30	0	1	0	0	0	0	0	0	0	0	0	
0	0	2	1	0	1	0	0	0	1	0	32	8	19	20	0	2	0	48	159	0	132	58	0	3	0	155	74	45	168	0	1	3	0	108	164	206	72	0	3	0	1	0	16	145	6	0	0	0	3	0	74	147	0	3	0	0	1	0	29	42	0	1	0	
0	0	1	2	0	0	1	0	0	1	2	0	150	217	35	0	1	0	9	194	207	207	89	0	0	0	191	180	0	106	148	0	0	102	183	0	8	217	109	0	0	147	122	82	231	155	0	0	0	61	214	213	97	0	2	0	0	0	0	0	0	2	1	0	
0	0	1	0	0	1	2	0	0	1	0	50	153	78	0	12	3	0	64	207	60	157	179	84	3	0	98	219	168	185	75	0	2	0	39	220	248	161	0	4	0	6	219	195	193	83	0	2	0	9	156	154	36	0	1	0	0	0	0	0	1	2	0	0	
0	0	0	0	0	0	1	0	1	0	0	153	182	52	0	1	3	0	62	234	147	206	61	0	0	0	0	4	0	130	68	0	0	0	66	119	137	219	30	0	0	100	249	196	249	121	9	0	0	48	167	177	63	0	2	0	0	0	1	4	0	4	1	0	
0	0	1	2	0	0	0	0	0	0	0	5	74	47	0	1	2	0	26	193	196	162	8	0	4	0	118	185	10	160	15	0	3	0	56	255	251	114	0	4	0	0	4	59	179	75	0	3	0	2	0	81	182	5	0	1	0	1	0	96	36	0	1	0	
0	0	2	0	0	1	0	0	0	0	0	13	19	0	0	0	0	7	161	211	230	69	0	3	0	4	59	14	123	123	0	4	0	0	3	0	135	80	0	3	0	0	2	1	175	31	0	1	0	2	0	55	167	0	2	0	0	3	0	86	90	0	3	0	
0	0	3	0	16	49	6	0	0	2	0	96	168	129	20	0	2	0	107	178	19	0	2	0	0	67	176	0	52	116	23	0	0	132	94	71	151	76	164	12	0	73	207	201	49	70	138	6	1	0	62	115	123	55	2	0	0	1	0	0	0	0	2	0	
0	0	0	0	0	0	0	0	0	60	132	149	113	23	0	1	0	104	154	75	199	108	0	4	1	0	1	127	228	55	0	1	1	0	21	134	118	172	81	0	2	0	95	26	0	115	113	0	3	0	102	211	179	149	0	0	0	0	0	50	53	0	0	0	
0	0	0	0	0	0	0	0	0	0	4	16	74	84	0	2	2	0	29	154	247	115	0	3	0	1	0	31	181	18	0	0	1	0	14	148	236	94	0	1	4	0	84	241	26	0	1	0	3	0	91	158	0	5	0	0	1	0	17	18	0	1	0	0	
0	0	0	0	0	1	0	0	0	0	1	35	0	61	41	0	1	0	20	169	0	160	49	0	3	0	107	110	36	144	0	3	3	0	157	213	218	76	0	3	0	0	12	42	160	8	0	0	0	2	0	47	145	0	2	0	0	0	0	12	21	0	1	0	
0	0	2	0	0	0	0	0	0	0	4	0	19	52	0	2	0	6	99	0	62	104	0	4	0	19	162	0	66	115	0	4	1	0	128	169	182	87	0	4	0	0	2	0	102	90	0	3	0	0	4	0	68	126	0	3	0	0	0	0	5	20	0	0	
0	0	0	0	0	0	0	0	0	1	0	20	89	0	0	0	0	1	0	33	181	0	0	0	0	2	0	54	147	0	2	0	0	3	0	107	94	0	3	0	0	4	0	133	63	0	2	0	0	0	0	135	19	0	1	0	0	0	2	25	0	0	0	0	
0	0	2	3	0	1	2	0	0	1	1	0	10	8	0	0	1	0	59	155	163	148	37	0	0	55	158	46	0	180	92	0	0	93	133	18	136	186	0	1	0	0	83	129	203	72	0	3	0	1	0	12	160	11	0	0	0	1	0	24	96	0	1	0	
0	0	0	0	0	0	0	0	0	3	0	121	181	34	0	2	1	0	10	176	136	149	0	1	0	0	6	61	62	163	26	0	2	0	124	167	164	213	107	0	0	4	162	34	124	38	0	1	2	0	111	188	59	0	2	0	0	0	0	0	1	1	0	0	
0	0	2	1	0	0	0	0	0	0	0	14	22	0	0	0	0	21	156	158	187	57	0	3	0	4	39	0	130	83	0	2	0	1	0	74	219	100	0	1	0	0	0	129	184	0	1	0	0	1	0	42	162	0	2	0	0	1	0	21	103	0	0	0	
0	0	1	3	0	0	0	0	0	0	2	0	81	167	1	0	0	0	0	122	228	89	0	2	4	0	92	255	150	3	0	1	1	0	21	35	142	161	0	3	0	7	137	42	122	135	0	3	2	0	120	226	152	8	0	1	0	0	0	0	0	1	0	0	
0	0	0	12	16	0	1	0	0	1	0	16	103	0	0	0	1	0	22	73	151	26	0	1	1	0	15	75	141	58	0	2	0	0	1	0	34	143	0	2	1	0	43	70	134	60	0	2	1	0	100	110	24	0	1	0	0	0	0	0	1	2	0	0	
0	0	3	3	0	1	1	0	0	0	0	0	11	4	0	0	2	0	50	183	244	204	22	0	0	29	221	133	77	216	48	0	0	64	227	162	196	154	0	1	0	1	32	55	72	151	0	3	0	0	3	0	115	112	0	3	0	0	2	1	129	22	0	1	
0	0	1	0	27	21	0	1	0	1	0	30	122	22	0	1	0	1	0	108	26	0	1	0	1	0	16	144	36	0	1	0	1	0	15	125	103	45	0	2	0	1	0	90	86	84	0	3	0	1	0	15	105	31	0	1	0	0	0	1	0	0	0	0	
0	0	1	2	0	1	1	0	0	1	0	9	115	78	0	2	1	0	18	172	158	144	24	0	3	0	83	174	137	158	14	0	3	0	64	255	191	0	1	0	4	0	149	123	118	32	0	1	3	0	110	210	120	5	0	1	0	0	1	48	18	0	1	0	
0	0	0	0	0	0	0	0	1	0	26	151	136	143	114	30	3	0	81	145	33	49	29	7	3	0	167	157	125	43	0	2	1	0	58	50	83	191	8	0	0	2	2	0	24	183	7	0	0	38	139	109	198	97	0	3	0	0	47	71	38	0	1	0	
0	0	2	1	1	3	0	0	0	1	0	11	14	0	0	0	3	0	77	197	203	100	0	2	0	3	168	34	65	98	0	2	0	0	140	168	179	137	0	2	0	0	3	17	42	151	0	2	0	0	4	0	102	93	0	3	0	0	1	0	117	22	0	1	
1	0	35	26	0	4	1	0	4	0	155	87	0	3	1	0	0	0	200	59	0	55	15	0	0	6	187	47	161	255	142	0	0	1	191	207	197	173	126	0	3	0	143	255	191	149	6	0	0	0	6	40	44	3	1	0	0	0	0	0	0	2	1	0	
0	0	2	1	0	0	0	0	0	1	0	16	128	103	0	2	2	0	39	205	179	84	0	2	0	15	230	242	106	11	0	1	0	10	45	59	135	170	7	0	2	0	61	26	0	162	25	0	3	0	93	220	202	90	0	3	0	0	0	42	29	0	1	0	
0	0	1	0	1	1	0	0	0	2	0	53	184	47	0	2	1	0	14	190	64	1	0	0	4	0	118	108	0	4	0	0	4	0	133	164	129	60	0	2	2	0	41	165	60	170	24	0	0	1	0	43	113	121	8	0	0	0	1	0	1	3	0	0	
0	1	1	0	0	0	1	0	0	0	12	5	0	58	117	0	0	15	163	14	0	161	92	0	0	111	183	22	48	172	12	0	0	151	226	207	226	176	0	2	0	0	19	0	151	119	0	4	0	0	2	0	140	62	0	2	0	0	1	1	0	0	0	0	
0	0	2	1	0	0	2	0	0	2	0	27	164	119	2	0	2	0	44	165	74	140	146	0	0	20	195	46	0	0	181	54	0	132	116	0	0	80	157	0	0	147	119	54	147	168	27	0	0	53	173	171	96	0	1	1	0	0	0	0	0	2	2	0	
0	2	2	0	0	0	0	0	0	1	0	20	126	87	0	2	0	103	192	134	206	159	0	4	0	67	67	64	223	93	0	4	0	2	0	154	219	149	9	0	0	31	79	0	43	200	27	0	0	4	177	209	171	66	0	1	1	0	18	54	12	0	1	0	
0	0	1	2	0	1	1	0	0	1	1	5	9	0	42	24	1	0	10	163	52	12	158	19	0	13	164	92	0	157	71	0	0	117	223	90	171	165	0	1	0	7	29	23	168	25	0	1	0	2	0	58	118	0	3	0	0	1	0	14	9	0	0	0	
0	0	0	0	0	0	0	0	0	0	93	147	132	88	0	0	0	7	147	134	197	204	0	1	0	4	0	133	255	94	0	3	0	1	0	50	128	184	17	0	0	72	72	2	0	150	79	0	0	41	177	213	206	148	5	0	0	0	1	34	39	4	0	0	
0	0	0	3	2	0	0	0	2	0	83	165	127	0	1	0	1	0	105	54	153	9	0	0	0	2	0	49	134	0	5	0	0	3	0	126	151	0	1	0	3	0	80	221	111	165	86	0	3	0	137	77	0	40	46	0	0	0	0	1	3	0	0	0	
0	0	1	0	0	0	0	0	0	0	8	6	0	10	75	1	0	0	196	79	0	58	184	0	0	104	195	3	0	142	115	0	0	195	223	157	149	218	43	0	0	24	81	115	150	216	10	0	0	0	3	0	72	162	0	1	0	1	3	3	8	8	0	0	
0	0	1	1	0	0	0	0	0	1	0	44	35	0	1	0	1	0	22	162	31	0	1	0	4	0	118	120	120	80	2	0	2	0	48	156	213	79	0	1	0	1	0	28	123	0	2	0	0	2	0	56	109	0	3	0	0	1	0	33	40	0	1	0	
0	0	0	0	0	1	1	0	0	0	3	18	15	1	0	0	0	0	175	248	230	210	44	0	0	0	43	28	105	237	18	0	0	1	0	0	203	97	0	3	0	3	0	149	172	0	2	0	3	0	86	220	13	0	1	0	3	0	114	88	0	3	0	0	
0	0	0	0	0	0	0	0	0	1	0	115	153	43	0	2	0	0	0	55	165	181	0	3	1	0	5	83	161	75	0	2	2	0	27	229	161	0	2	0	0	1	0	9	211	46	0	2	0	19	143	185	143	5	0	1	0	6	43	32	1	0	0	0	
0	0	2	0	0	0	0	0	0	0	5	72	86	35	0	1	1	0	147	132	94	162	28	0	0	66	132	0	9	54	7	0	0	55	172	120	219	179	0	2	0	2	86	92	100	112	0	4	0	0	4	0	133	117	0	4	0	0	5	0	62	49	0	2	
0	1	0	5	6	1	2	0	1	0	13	190	123	0	2	1	2	0	171	177	145	180	25	0	0	82	225	7	0	140	193	0	0	78	230	14	0	18	193	18	0	6	192	234	137	144	177	0	0	0	5	73	151	163	36	0	0	1	1	0	0	0	1	0	
0	0	2	1	0	0	0	0	0	2	0	66	209	164	0	0	2	0	54	243	97	189	80	0	3	0	191	138	0	106	112	0	0	6	182	25	0	199	84	0	0	18	214	114	177	213	6	0	2	0	99	228	175	24	0	1	0	0	0	0	0	1	1	0	
0	1	2	0	32	13	0	0	1	0	8	150	201	19	0	2	0	0	190	162	1	28	8	0	0	98	173	0	131	213	131	0	0	129	126	119	139	0	191	28	0	41	223	234	92	168	136	0	1	0	39	133	160	103	4	0	0	1	1	0	0	0	2	0	
0	0	0	0	0	0	0	0	0	2	0	144	125	0	3	0	0	3	0	180	198	0	2	0	0	4	0	109	236	5	0	1	0	3	0	107	174	0	3	0	0	3	0	169	208	0	0	1	0	2	0	135	162	0	0	0	0	0	0	0	0	0	0	0	
0	0	0	0	0	0	0	0	0	0	80	149	71	0	2	0	0	16	123	111	139	0	4	0	0	2	0	153	225	94	0	2	0	0	9	112	25	150	34	0	0	0	11	4	5	144	17	0	3	0	61	188	190	78	0	3	0	0	0	33	42	0	1	0	
0	0	1	2	0	1	0	0	0	1	0	11	68	6	0	0	1	0	25	161	183	126	0	3	4	0	162	187	73	45	0	1	3	0	135	199	206	64	0	3	0	0	4	0	119	85	0	3	0	0	3	0	177	58	0	2	0	0	1	0	79	17	0	1	
0	0	0	1	0	0	0	0	0	0	0	13	57	100	34	0	0	1	0	84	36	120	31	0	2	0	42	71	37	79	0	1	4	0	92	145	114	13	0	1	3	0	93	104	89	0	3	0	2	0	56	114	55	0	2	0	0	0	0	12	1	0	0	0	
0	0	0	0	0	0	0	0	0	1	0	22	153	2	0	0	0	3	0	84	214	0	0	1	0	3	0	104	208	0	1	0	0	3	0	158	175	0	2	0	1	0	4	234	89	0	3	0	1	0	21	187	36	0	2	0	0	0	0	0	0	0	0	0	
0	0	0	0	0	0	0	0	1	0	17	82	50	1	0	0	2	0	42	87	191	73	0	3	0	2	0	91	135	0	0	0	1	0	7	180	106	12	0	1	0	1	0	6	193	53	0	2	1	0	1	147	94	0	2	0	1	0	23	68	0	2	0	0	
0	2	0	49	54	0	2	0	1	0	0	201	184	1	0	1	1	0	30	162	135	128	0	3	0	0	0	0	5	145	8	0	1	0	79	179	218	255	76	0	0	36	254	223	253	124	2	1	0	7	65	67	62	3	0	0	0	0	0	0	0	2	1	0	
0	0	0	0	2	8	0	0	0	1	0	28	153	90	0	2	0	4	0	116	105	0	2	0	1	0	18	195	158	69	0	3	1	0	18	73	47	112	0	3	2	0	48	129	165	65	0	3	2	0	29	178	70	0	2	0	0	0	0	0	0	1	0	0	
0	1	3	0	1	1	0	0	0	0	0	9	3	0	0	0	0	31	185	218	185	15	0	1	0	20	105	36	148	120	0	4	0	0	2	0	63	155	0	3	0	1	7	0	99	147	0	4	0	1	0	2	197	55	0	2	0	1	0	34	104	0	2	0	
0	0	4	1	0	0	1	0	0	1	0	4	75	58	0	1	0	0	78	193	153	208	96	0	0	129	255	246	108	180	145	0	0	64	112	56	75	249	65	0	0	1	0	0	212	155	0	2	0	6	0	136	215	3	0	1	0	1	0	49	39	0	2	0	
0	0	2	3	0	1	0	0	0	0	1	0	21	7	0	0	1	0	22	173	235	140	0	3	3	0	180	174	40	167	8	0	1	0	181	203	235	129	0	4	0	0	9	25	166	97	0	4	0	1	0	0	177	39	0	2	0	1	0	24	141	0	0	0	
0	0	1	1	0	2	0	0	0	1	0	43	95	13	0	1	2	0	45	195	172	165	0	0	4	0	96	181	81	223	14	0	1	0	6	151	252	171	0	3	0	2	0	48	206	42	0	2	2	0	43	215	56	0	2	0	2	0	51	67	0	3	0	0	
0	0	0	0	0	0	0	0	0	0	2	0	86	32	0	1	0	0	1	0	184	50	0	2	0	1	0	32	206	12	0	1	0	2	0	73	140	0	3	0	0	3	0	131	62	0	2	0	0	0	0	128	29	0	1	0	0	0	4	22	0	0	0	0	
0	0	0	0	0	0	0	0	1	0	31	93	93	8	0	1	0	0	18	6	75	90	0	3	0	0	0	16	72	43	0	2	0	1	0	115	136	0	2	0	0	0	3	0	120	55	0	2	0	1	41	74	95	17	0	1	0	0	33	47	5	0	0	0	
0	0	2	1	0	0	0	0	0	2	0	30	210	79	0	3	2	0	34	224	177	135	0	2	3	0	177	137	0	182	28	0	0	33	190	3	6	207	33	0	0	37	198	62	193	192	0	1	1	0	100	207	167	23	0	1	0	0	0	0	0	1	0	0	
0	0	2	0	0	1	3	0	0	2	0	42	45	2	0	1	1	0	112	177	211	147	71	0	0	80	144	15	69	5	148	45	0	134	56	0	5	0	125	60	0	89	159	47	52	137	114	0	1	0	97	156	138	73	0	0	0	1	0	0	0	0	2	0	
0	1	0	41	36	0	2	0	0	3	0	152	130	0	4	0	2	0	36	239	50	0	5	0	4	0	134	165	16	209	107	0	1	0	199	71	151	255	143	0	3	0	155	251	251	216	41	0	1	0	18	82	62	12	0	1	0	0	0	0	0	1	2	0	
0	0	1	0	11	44	0	0	0	0	0	5	141	121	0	0	0	3	0	130	111	0	3	0	2	0	40	152	0	5	0	0	3	0	69	194	62	2	0	0	1	0	11	176	230	110	0	4	0	1	0	16	117	68	0	2	0	0	1	2	0	0	0	0	
0	0	0	1	0	1	1	0	0	0	0	0	149	45	0	1	0	4	0	97	250	173	18	0	0	0	2	69	73	92	36	0	1	0	164	177	176	205	63	0	1	0	164	95	109	24	8	0	3	0	59	202	84	0	2	0	0	0	0	0	0	1	0	0	
0	0	1	4	3	0	0	0	0	0	1	0	0	0	5	1	1	0	7	109	184	183	165	56	4	0	164	223	58	35	16	4	2	0	70	169	141	0	2	0	0	52	136	178	185	0	1	1	0	12	123	111	7	0	1	0	0	0	0	0	1	0	0	0	
0	0	0	0	0	0	0	0	0	0	13	18	0	36	175	11	4	0	144	131	0	130	161	0	0	0	145	48	5	216	46	0	0	62	200	123	226	199	0	1	0	50	175	157	155	58	0	2	0	1	0	17	135	5	0	0	0	2	4	2	4	3	0	0	
0	1	1	0	0	3	0	0	0	1	0	57	202	141	0	2	0	37	219	225	60	3	2	0	0	70	242	229	179	43	0	2	0	0	0	0	99	204	29	0	1	0	91	83	51	225	111	0	2	0	102	203	197	141	14	0	0	0	0	0	0	0	0	0	
0	0	1	0	24	11	0	0	0	2	0	35	255	130	0	4	0	0	0	178	183	185	5	0	3	0	133	183	0	189	41	0	0	20	182	12	51	186	6	0	0	70	230	182	252	91	0	3	0	21	141	161	50	0	2	0	0	0	0	0	0	2	0	0	
0	0	2	1	0	3	1	0	0	1	0	17	29	0	0	0	2	0	85	144	137	145	10	0	0	39	140	0	142	202	0	0	0	35	146	87	190	91	0	4	1	0	35	18	138	47	0	2	0	2	0	45	159	0	1	0	0	2	0	73	72	0	2	0	
0	0	0	0	0	0	0	0	0	0	38	103	133	81	0	2	0	4	165	159	212	159	0	4	0	3	0	49	249	109	0	3	0	2	0	60	140	168	0	1	0	40	110	0	77	165	0	2	0	15	185	238	191	17	0	1	0	0	2	43	21	0	1	0	
0	0	2	0	1	1	0	0	0	0	3	46	10	0	0	0	2	0	115	253	161	1	0	1	0	0	188	91	222	74	0	3	2	0	74	141	141	124	0	3	0	0	4	18	20	153	0	0	0	0	3	0	34	183	0	0	0	0	1	0	23	73	0	1	
0	0	1	0	0	1	0	0	1	0	18	140	0	30	117	0	4	0	117	164	0	127	172	0	0	29	217	35	15	221	60	0	0	106	255	215	240	193	0	1	0	45	118	135	245	49	0	2	0	2	0	62	161	0	1	0	0	2	5	2	0	1	0	0	
0	1	1	0	2	0	0	0	0	0	2	11	1	0	0	0	0	34	159	181	129	0	1	0	0	11	15	33	196	2	0	0	0	1	0	133	156	0	6	1	1	0	15	182	166	143	143	46	0	0	0	0	5	12	9	2	0	0	1	2	0	0	0	0	
0	1	0	40	31	0	1	0	0	3	0	123	78	0	2	0	0	0	0	167	28	0	1	0	2	0	54	134	29	52	0	1	4	0	88	130	240	162	0	4	2	0	37	214	254	58	0	3	0	1	0	51	52	0	1	0	0	0	1	0	0	1	0	0	
0	0	0	0	0	0	0	0	0	6	120	175	181	128	0	0	0	21	117	40	70	206	4	0	0	0	0	0	189	101	0	3	0	2	0	161	132	0	2	0	3	0	117	206	59	121	49	0	3	0	140	195	158	82	5	0	0	0	0	0	0	0	0	0	
0	0	1	0	68	16	0	1	0	2	0	39	193	14	0	1	0	4	0	134	102	0	3	0	1	0	15	173	35	31	0	1	2	0	61	153	155	206	0	1	1	0	13	210	255	133	0	2	0	1	0	43	49	0	0	0	0	0	0	0	0	2	0	0	
0	0	0	0	0	3	1	0	0	2	0	97	130	0	3	0	0	2	0	181	98	46	17	0	0	3	0	65	228	149	8	0	0	2	0	144	216	0	0	1	3	0	58	255	97	0	4	0	3	0	103	127	0	1	0	0	0	0	0	0	1	0	0	0	
0	0	2	0	0	0	0	0	0	2	0	74	225	69	0	3	0	0	157	240	106	10	0	1	0	4	217	232	82	18	0	1	0	1	0	48	148	205	41	0	0	3	105	56	68	242	85	0	2	0	103	217	213	112	0	1	0	0	0	0	0	0	0	0	
0	0	0	2	4	4	1	0	0	0	1	1	0	0	3	3	0	1	0	38	100	122	114	27	1	0	32	165	100	61	10	0	3	0	116	140	5	0	1	0	0	36	77	124	180	2	0	0	0	5	49	72	20	0	1	0	0	0	0	0	0	0	0	0	
0	1	0	36	50	0	1	0	0	3	0	159	135	0	4	0	1	0	17	224	46	0	2	0	4	0	94	170	0	90	8	0	4	0	142	114	176	255	36	0	4	0	90	249	255	165	4	0	0	0	1	64	48	0	0	0	0	0	1	0	0	2	1	0	
0	0	0	0	0	0	0	0	0	1	0	51	69	32	3	0	2	0	36	185	193	142	12	0	0	1	0	182	115	0	2	0	1	0	3	173	130	0	2	0	1	0	26	119	118	23	0	1	0	1	0	126	179	29	0	1	0	2	0	45	102	0	0	0	
0	0	3	3	3	3	0	0	0	0	0	0	0	0	0	0	0	6	172	203	177	160	15	0	0	0	92	107	83	209	21	0	0	0	3	0	99	137	0	3	0	1	1	11	200	43	0	2	0	3	0	120	138	0	3	0	1	0	6	170	31	0	1	0	
0	0	2	0	0	0	1	0	0	2	0	81	168	72	0	2	3	0	113	210	200	241	27	0	0	28	200	22	0	193	103	0	0	99	154	0	0	67	165	0	0	63	182	0	0	81	154	0	2	0	136	181	160	159	22	0	0	0	2	54	50	2	0	0	
0	0	0	0	0	0	0	0	0	1	0	33	82	0	1	0	0	3	0	72	200	0	1	0	0	3	0	97	181	0	3	0	0	3	0	105	166	0	4	0	0	3	0	105	150	0	4	0	0	3	0	100	142	0	3	0	0	1	0	15	17	0	1	0	
0	3	3	3	2	1	2	0	0	0	0	0	0	0	0	0	0	107	144	127	151	148	137	0	0	168	151	27	13	106	136	0	0	5	10	0	21	167	17	0	0	2	3	0	132	88	0	3	0	2	0	47	145	0	2	0	0	4	0	127	102	0	3	0	
0	0	0	0	0	0	0	0	0	0	53	4	24	89	0	1	0	25	208	7	41	175	0	2	0	94	188	0	65	176	0	1	0	59	224	208	228	180	0	2	0	0	24	27	110	144	0	4	0	1	4	0	122	128	0	4	0	0	2	0	13	15	0	1	
0	0	0	0	0	1	1	0	0	2	0	63	171	24	0	1	1	0	18	164	143	144	18	0	3	0	90	96	0	134	57	0	3	0	137	56	0	140	39	0	3	0	162	40	65	146	0	2	2	0	63	167	142	19	0	1	0	0	0	9	4	1	0	0	
0	0	0	0	0	0	0	0	0	3	92	14	0	31	43	0	0	12	193	28	0	102	112	0	0	86	164	0	0	141	71	0	0	137	240	141	138	218	28	0	0	17	73	84	92	185	10	0	0	0	2	0	55	159	0	3	0	1	4	0	17	23	0	1	
0	0	1	0	0	1	0	0	0	0	0	72	65	0	1	0	3	0	96	212	144	36	0	2	1	0	114	12	20	120	0	2	2	0	96	53	96	148	0	3	1	0	25	94	185	82	0	3	0	0	3	0	139	44	0	2	0	0	2	0	44	8	0	0	
0	0	0	1	0	0	0	0	0	2	0	37	155	80	0	2	0	4	0	112	243	166	18	0	0	2	0	63	30	113	35	0	0	20	152	101	128	184	0	0	0	34	215	181	230	40	0	2	2	0	85	185	55	0	2	0	0	0	0	1	1	2	0	0	
0	0	2	0	0	0	0	0	0	0	1	31	66	71	15	0	0	0	150	191	128	92	25	0	0	12	193	129	127	89	6	0	0	26	20	0	4	80	130	5	0	75	185	90	18	21	180	35	0	0	56	110	111	154	68	0	0	1	0	0	0	0	0	0	
0	1	0	27	45	0	1	0	0	3	0	104	140	0	4	0	0	2	0	167	54	0	2	0	2	0	38	185	113	60	0	2	4	0	108	214	199	195	5	0	4	0	112	255	219	124	0	1	1	0	13	72	52	4	0	0	0	0	0	0	0	1	0	0	
0	0	0	0	1	1	0	0	0	0	11	41	0	63	20	0	4	0	102	112	0	175	12	0	4	0	113	123	140	128	0	4	1	0	25	147	231	29	0	2	0	2	0	56	169	0	2	0	0	3	0	120	138	0	4	0	0	0	0	13	13	0	0	0	
0	0	1	0	0	0	0	0	0	2	0	109	92	14	0	1	3	0	80	243	181	84	0	6	2	0	54	49	68	46	0	2	0	2	74	95	197	135	109	70	0	8	188	225	170	101	121	52	2	0	91	145	6	0	1	0	0	0	2	3	2	4	4	2	
0	0	1	0	0	0	0	0	0	1	0	34	77	40	1	0	4	0	90	255	255	225	9	0	3	0	63	184	246	165	0	2	0	3	0	78	255	42	0	2	3	0	76	253	243	27	0	2	4	0	132	255	159	0	1	0	1	0	29	86	7	0	1	0	
0	2	1	0	2	3	0	0	0	0	13	28	6	0	0	0	0	54	211	186	162	60	0	2	0	130	118	0	111	211	0	0	0	39	190	212	219	208	5	0	1	0	32	42	81	152	0	3	0	1	4	0	107	151	0	4	0	0	4	0	71	96	0	3	
0	0	0	4	7	0	0	0	0	2	0	57	114	0	3	0	0	3	0	91	155	0	4	0	0	4	0	125	162	0	4	0	0	4	0	160	139	0	4	0	0	4	0	163	141	0	4	0	0	2	0	77	79	0	2	0	0	0	0	0	0	0	0	0	
0	0	0	0	0	0	0	0	0	3	0	97	115	0	3	0	0	3	0	72	192	0	1	0	0	3	0	71	170	0	2	0	0	4	0	139	171	0	4	0	0	1	0	207	114	0	4	0	0	0	0	166	38	0	1	0	0	0	0	0	1	0	0	0	
0	0	1	0	0	1	0	0	0	0	20	8	0	27	95	0	0	4	146	18	0	80	98	0	0	47	172	105	107	204	102	0	0	141	212	71	86	190	30	0	0	62	27	0	68	185	0	1	0	0	4	0	76	141	0	2	0	3	1	0	0	0	0	0	
0	0	1	3	0	0	0	0	0	0	0	0	32	129	48	0	1	0	21	168	226	203	65	0	3	0	169	255	155	0	2	0	1	0	36	77	204	102	0	3	0	18	91	0	171	151	0	4	0	0	131	228	226	31	0	2	0	0	1	47	19	0	1	0	
0	0	0	0	1	0	0	0	0	0	1	0	39	49	0	2	0	0	3	0	139	58	0	2	0	1	0	24	155	0	0	0	0	3	0	107	113	0	3	0	0	2	0	154	42	0	1	0	0	0	2	133	11	0	0	0	0	0	0	13	1	0	0	0	
0	0	0	0	0	0	0	0	0	31	135	139	90	12	0	1	0	61	190	166	255	91	0	4	1	0	3	184	253	53	0	3	0	2	0	60	157	140	6	0	3	0	72	89	0	181	93	0	2	0	29	183	223	174	14	0	0	0	0	5	45	7	0	0	
0	0	1	0	0	0	0	0	0	1	0	36	98	147	47	0	3	0	66	231	159	130	32	0	4	0	107	169	43	2	0	0	3	0	162	209	203	114	0	4	0	2	86	0	112	127	0	4	0	2	139	173	168	16	0	1	1	0	23	53	7	0	0	0	
0	0	0	0	0	0	0	0	0	1	0	16	158	16	0	1	0	2	0	36	247	49	0	2	0	2	0	55	171	0	1	0	0	3	0	138	215	0	1	0	0	1	0	219	126	0	4	0	0	1	0	168	71	0	3	0	0	0	0	0	0	0	0	0	
0	0	2	1	0	0	0	0	0	1	0	14	110	22	0	1	2	0	75	154	216	37	0	2	0	0	33	23	145	2	0	0	2	0	58	148	196	134	37	0	1	0	45	176	94	18	5	0	0	0	0	142	16	0	1	0	0	0	4	21	1	1	0	0	
0	0	0	0	0	1	0	0	1	0	16	15	0	58	72	0	4	0	115	91	0	195	95	0	3	0	166	125	70	188	0	0	0	0	193	225	245	68	0	3	0	1	2	72	182	0	1	0	0	4	0	137	121	0	4	0	0	1	0	29	17	0	0	0	
0	0	0	1	0	2	0	0	0	1	0	22	115	0	1	0	0	3	0	72	123	32	6	0	0	1	0	128	85	132	0	2	2	0	116	184	167	71	0	3	0	2	77	67	153	0	1	0	0	2	0	53	65	0	2	0	0	0	3	1	1	0	0	0	
0	0	1	0	0	3	1	0	0	1	0	24	44	0	16	28	1	0	20	163	114	93	212	72	3	0	121	119	178	190	57	0	2	0	157	255	108	0	2	1	0	58	239	171	119	0	6	0	0	8	114	166	68	0	2	0	0	0	0	0	0	0	0	0	
0	0	0	2	0	0	0	0	0	0	0	0	83	171	124	0	0	2	0	127	187	120	52	0	0	5	0	172	101	0	3	0	0	2	0	67	200	7	0	1	0	71	45	49	224	35	0	2	0	70	155	171	119	0	1	0	0	0	0	0	0	0	0	0	
0	1	0	37	41	0	1	0	0	4	0	135	85	0	3	0	1	0	11	158	11	4	1	0	4	0	112	139	33	187	6	0	3	0	136	47	183	247	10	0	3	0	84	183	255	173	0	1	0	0	2	71	65	9	0	1	0	0	1	0	0	1	0	0	
0	1	0	39	9	0	0	0	2	0	56	211	19	0	2	0	4	0	153	160	0	10	0	0	0	0	219	132	178	197	13	0	1	0	181	255	248	255	103	0	2	0	44	210	241	251	81	0	0	0	1	5	56	43	0	1	0	0	2	1	0	0	0	0	
0	0	0	0	0	1	0	0	0	29	193	163	75	0	0	0	0	10	65	99	228	96	0	4	1	0	20	199	229	49	0	2	0	0	6	84	168	66	0	2	3	0	87	91	82	214	15	0	1	0	20	150	214	143	6	0	0	0	0	0	0	0	0	0	
0	0	0	0	0	0	0	0	0	1	0	37	116	0	1	0	0	2	0	53	169	0	2	0	0	2	0	68	148	0	3	0	0	3	0	72	136	0	4	0	0	2	0	64	183	0	2	0	0	1	0	28	148	0	0	0	0	0	0	0	0	0	0	0	
0	0	0	0	0	1	0	0	0	0	11	23	20	0	0	0	0	21	209	202	191	74	0	3	0	5	37	1	55	128	0	3	0	0	4	0	121	105	0	4	0	1	0	12	184	28	0	1	0	4	0	112	176	0	3	0	0	3	0	113	78	0	2	0	
0	0	0	0	0	0	0	0	0	2	0	105	155	0	1	0	0	2	0	198	220	0	0	0	0	2	0	186	255	35	0	2	0	3	0	159	255	77	0	4	0	2	0	178	255	79	0	4	0	1	0	151	147	16	0	1	0	0	0	0	0	0	0	0	
0	0	0	1	0	0	0	0	0	1	0	8	178	184	22	0	0	4	0	122	241	166	113	0	3	0	89	242	36	28	148	0	0	6	203	64	0	148	131	0	0	71	236	152	212	218	33	0	0	32	204	220	117	14	0	1	0	0	0	0	0	1	1	0	
0	2	0	56	51	0	2	0	1	0	31	149	17	0	2	0	4	0	131	97	0	3	0	0	0	1	169	36	101	215	89	0	0	0	182	194	84	138	190	0	3	0	69	217	127	152	53	0	0	1	0	33	83	21	0	1	0	0	2	0	0	1	2	0	
0	0	2	1	0	20	11	0	0	2	0	56	159	204	35	0	2	0	79	193	92	17	0	1	3	0	152	222	100	66	8	0	0	48	78	10	36	157	114	0	0	26	191	181	109	192	89	0	1	0	3	114	171	94	0	1	0	1	2	0	0	0	1	0	
0	0	0	0	0	0	0	0	0	7	24	23	14	4	0	0	0	70	90	124	139	169	5	0	0	1	3	0	86	144	0	3	0	1	3	0	162	36	0	1	0	2	0	45	146	0	2	0	0	2	0	71	142	0	4	0	0	2	0	50	100	0	3	0	
0	0	0	16	9	0	0	0	0	3	0	169	81	0	3	0	1	0	28	201	21	9	2	0	2	0	169	125	44	221	40	0	3	0	131	82	147	221	64	0	2	0	31	176	242	186	1	0	0	2	0	55	142	32	0	2	0	0	1	1	0	1	1	0	
0	0	0	5	3	0	0	0	1	0	13	144	154	51	0	2	0	0	6	0	127	108	0	4	1	0	25	146	182	2	0	1	0	0	110	121	131	142	0	1	1	0	47	2	74	157	0	2	3	0	69	164	135	14	0	1	0	0	0	3	1	1	0	0	
0	0	0	0	0	1	0	0	0	0	0	2	11	0	0	0	0	22	207	215	222	72	0	3	0	1	75	45	129	123	0	4	0	0	3	0	173	84	0	3	0	1	0	28	194	16	0	1	0	4	0	121	128	0	3	0	0	2	0	102	47	0	2	0	
0	0	0	1	0	1	0	0	0	1	0	48	25	14	1	0	0	0	0	93	40	107	0	2	1	0	37	70	64	75	0	3	3	0	89	132	165	88	0	1	0	0	11	20	138	33	0	0	0	0	0	13	93	0	1	0	0	0	1	1	1	1	0	0	
0	0	0	0	0	0	0	0	0	0	3	0	117	65	0	2	0	1	0	10	194	32	0	1	0	2	0	38	197	3	0	1	0	3	0	126	168	0	3	0	0	1	0	205	100	0	3	0	0	0	2	162	36	0	1	0	0	0	0	0	1	0	0	0	
0	0	0	0	0	0	0	0	0	2	48	36	21	21	46	12	0	33	118	67	80	66	68	7	0	45	97	55	92	72	3	0	0	37	132	33	7	65	77	0	0	3	7	7	0	38	86	0	1	0	17	85	25	110	42	0	0	1	0	53	87	38	0	1	
0	0	0	0	0	0	0	0	1	0	18	142	98	16	0	1	0	0	6	110	238	108	0	4	0	3	0	90	254	35	0	2	0	1	0	12	109	73	0	2	0	9	112	4	29	156	0	1	2	0	80	169	208	82	0	3	0	1	0	31	35	0	1	0	
1	2	0	0	1	2	0	0	0	0	37	55	9	0	1	0	1	131	174	160	198	27	0	2	7	45	10	0	155	147	0	4	0	0	5	0	121	176	0	4	0	3	0	8	220	85	0	3	0	3	0	159	169	0	2	0	0	0	0	71	12	0	0	0	
0	0	3	2	0	4	1	0	0	1	0	10	25	0	11	16	2	0	53	192	194	125	201	99	0	12	206	169	225	200	49	0	0	7	200	247	60	0	2	1	3	0	168	180	122	28	0	1	2	0	68	126	201	74	0	3	0	1	0	51	59	0	0	0	
0	0	0	1	0	0	0	0	0	1	0	56	17	63	17	0	0	1	0	140	59	144	0	0	2	0	70	90	62	105	0	4	3	0	128	90	158	78	0	3	1	0	16	88	188	21	0	1	0	0	0	1	129	9	0	0	0	0	1	4	13	0	0	0	
0	0	0	0	0	0	0	0	0	4	141	202	191	157	18	0	0	25	222	157	96	178	106	0	0	0	0	4	0	116	142	0	0	28	132	150	131	240	92	0	0	74	255	251	255	194	114	0	0	10	167	204	89	0	1	0	0	0	0	0	0	3	2	0	
0	2	2	0	1	3	0	0	0	0	0	0	0	0	0	0	0	56	121	118	118	77	0	0	0	25	25	7	9	141	15	0	0	0	2	0	50	113	0	3	0	1	2	0	131	40	0	2	0	2	0	62	93	0	2	0	0	2	0	106	27	0	1	0	
0	1	0	40	29	0	1	0	0	3	0	149	97	0	4	0	1	0	17	202	33	0	1	0	3	0	82	181	176	150	0	2	4	0	114	248	159	178	3	0	4	0	90	255	223	105	0	3	0	0	1	60	50	0	0	0	0	0	0	0	0	1	0	0	
0	0	2	0	0	0	0	0	0	2	0	100	33	0	3	0	3	0	91	156	8	0	1	0	0	34	153	9	0	35	121	0	0	109	134	124	117	155	108	0	0	19	73	42	5	162	44	0	0	0	0	0	7	100	0	0	0	1	3	1	2	12	0	0	
0	0	1	0	15	8	0	0	0	1	0	1	198	128	0	2	0	1	0	30	181	145	48	0	0	0	10	6	0	85	102	0	0	25	203	118	98	199	27	0	0	17	172	115	128	40	0	1	1	0	75	117	27	0	1	0	0	0	0	0	0	1	0	0	
0	0	0	2	0	0	0	0	0	0	0	7	68	40	0	1	0	0	0	121	78	131	9	0	3	0	81	122	21	131	0	0	1	0	33	55	120	73	0	3	0	1	0	24	145	4	0	0	0	1	0	144	74	0	2	0	1	0	15	78	0	1	0	0	
0	0	0	4	57	2	0	0	0	2	0	46	158	0	2	0	0	3	0	145	97	0	3	0	2	0	37	178	17	64	4	0	4	0	122	80	151	252	19	0	3	0	97	217	242	127	0	2	0	0	2	67	30	0	0	0	0	0	1	0	0	2	0	0	
0	0	0	46	14	0	0	0	3	0	77	162	109	0	2	0	0	0	85	0	121	27	0	1	1	0	17	41	126	70	0	3	1	0	144	149	208	216	62	0	0	8	132	105	130	43	155	7	2	0	89	112	6	0	8	3	0	0	0	0	1	2	1	0	
0	0	2	0	0	1	0	0	0	0	10	80	0	21	97	0	2	0	144	217	0	86	184	0	0	70	240	40	0	165	91	0	0	184	255	122	144	219	10	0	0	40	74	94	254	119	0	3	0	1	0	9	172	25	0	1	0	2	3	3	8	1	0	0	
0	0	1	0	11	89	45	0	0	1	0	19	126	76	13	0	0	1	0	115	45	0	1	0	2	0	62	106	0	4	1	0	4	0	122	85	109	214	41	0	4	0	96	232	171	129	3	0	1	0	12	73	28	0	1	0	0	0	0	0	0	3	0	0	
0	0	0	2	23	1	1	0	0	2	0	67	216	29	0	1	0	3	0	141	226	143	15	0	0	0	8	33	0	115	87	0	3	0	150	224	174	199	30	0	3	0	173	208	239	98	0	3	1	0	34	141	40	0	2	0	0	0	0	0	1	3	0	0	
0	2	0	0	2	0	0	0	0	0	31	27	0	2	0	0	0	87	130	118	77	0	2	0	0	129	75	18	187	87	0	3	0	28	128	92	69	166	0	1	0	0	0	0	2	173	20	0	0	1	4	4	0	159	30	0	0	0	0	2	0	103	29	0	
0	0	0	0	2	3	0	0	0	0	48	32	0	1	0	0	1	0	169	209	164	83	0	1	0	0	6	9	57	190	8	0	0	0	3	0	58	157	0	2	0	1	0	5	182	62	0	2	0	1	0	166	109	0	2	0	0	0	3	89	10	0	0	0	
0	0	2	1	0	0	0	0	0	2	0	61	99	29	0	1	2	0	50	187	153	88	0	3	0	2	181	46	137	43	16	0	0	36	203	62	190	164	142	0	0	0	93	205	233	145	18	0	0	3	0	86	108	0	3	0	0	0	2	9	7	3	1	0	
0	0	1	0	0	1	2	0	0	1	0	57	191	84	0	3	2	0	58	182	44	81	57	0	4	0	103	139	114	227	56	0	3	0	71	255	219	29	0	2	4	0	139	157	110	83	0	3	1	0	28	162	177	53	0	2	0	0	0	1	4	0	0	0	
0	0	1	0	0	0	0	0	0	0	6	3	22	19	0	1	3	0	69	34	47	50	0	2	2	0	154	102	153	62	0	3	0	2	114	109	166	51	0	2	0	0	3	0	81	35	0	1	0	0	6	0	91	45	0	2	0	0	0	0	12	5	0	0	
0	0	0	0	0	2	0	0	1	0	28	73	52	0	1	0	2	0	138	203	187	112	0	2	0	0	3	0	68	155	0	3	0	0	2	0	177	55	0	2	0	3	0	109	145	0	3	0	2	0	81	202	18	0	1	0	2	0	89	55	0	2	0	0	
0	0	2	1	0	0	0	0	0	2	0	31	70	8	0	1	2	0	54	127	134	150	0	3	0	11	149	6	66	174	0	3	0	72	92	6	185	104	0	4	0	35	156	104	93	76	0	3	0	0	18	0	76	119	0	4	0	1	1	0	23	71	0	1	
0	1	2	0	0	0	0	0	0	0	2	33	118	151	71	0	0	4	144	219	165	195	219	4	0	89	141	36	29	102	116	0	0	156	95	0	7	118	72	0	0	126	138	0	33	190	19	0	0	13	163	146	189	64	0	2	1	0	12	65	26	0	1	0	
0	0	0	0	0	0	0	0	0	2	0	78	101	0	3	0	0	3	0	99	191	0	2	0	0	2	0	53	192	0	0	0	0	3	0	70	197	0	1	0	0	3	0	89	208	0	1	0	0	3	0	91	145	0	2	0	0	0	0	0	0	0	0	0	
0	0	0	0	0	0	0	0	0	0	2	0	98	35	0	1	0	0	2	0	135	36	0	1	0	1	0	28	154	0	0	0	0	3	0	119	87	0	3	0	1	0	21	173	10	0	1	0	3	0	68	97	0	3	0	0	0	0	0	1	1	0	0	0	
0	0	29	31	0	1	0	0	0	87	151	133	101	0	1	0	0	29	12	0	118	81	0	3	0	0	6	0	67	127	0	4	0	1	1	0	169	101	0	3	3	0	108	231	178	152	133	11	2	0	84	82	0	4	20	2	0	0	0	0	2	1	0	0	
0	0	1	1	0	0	0	0	0	2	0	51	126	6	0	1	1	0	0	169	229	111	0	6	1	0	141	126	136	37	0	1	0	4	37	98	41	0	56	49	3	0	91	122	1	123	148	35	3	0	76	169	134	53	0	1	0	0	0	9	3	0	2	2	
0	0	0	0	1	0	0	0	1	0	16	118	14	0	1	0	3	0	48	255	89	0	3	0	1	0	0	216	181	0	3	0	0	3	0	171	228	4	0	1	0	3	0	102	243	14	0	1	0	1	0	26	229	51	0	2	0	0	0	1	31	5	0	0	
0	0	0	0	0	0	0	0	1	0	26	129	140	138	7	0	0	0	0	63	231	168	0	0	1	0	22	203	107	0	0	0	1	0	14	117	154	170	0	0	3	11	0	0	98	158	0	1	0	21	138	157	131	16	0	1	0	13	54	12	0	2	0	0	
0	0	0	0	0	0	0	0	0	1	0	39	85	0	1	0	0	3	0	92	196	0	2	0	0	3	0	100	177	0	3	0	0	3	0	105	154	0	4	0	0	4	0	157	127	0	4	0	0	3	0	160	79	0	3	0	0	0	0	18	4	0	0	0	
0	0	2	2	0	1	0	0	0	0	1	0	0	11	9	0	2	0	49	94	0	126	27	0	0	3	148	25	57	181	36	0	0	13	159	115	157	102	7	0	0	0	6	30	118	0	0	0	0	3	0	85	67	0	3	0	0	0	0	86	11	0	0	0	
0	0	2	0	0	0	0	0	0	1	0	18	61	95	22	0	1	0	65	96	44	117	18	0	0	4	27	9	85	33	0	1	1	0	25	139	92	3	0	0	0	3	8	0	71	66	0	3	0	18	77	61	96	10	0	1	1	0	18	45	15	0	1	0	
0	0	0	2	0	2	2	0	0	0	2	0	35	10	0	7	0	2	0	85	187	117	126	78	2	0	69	119	0	27	27	0	0	7	179	85	103	24	0	2	0	4	24	114	177	22	0	1	0	2	92	91	9	0	1	0	0	8	38	0	2	1	0	0	
0	0	0	1	10	0	0	0	0	2	0	125	172	150	0	1	0	3	0	133	158	168	0	2	0	4	0	86	255	35	0	2	1	0	24	168	185	64	0	3	0	4	201	78	156	97	0	4	0	7	143	156	107	0	1	0	0	0	3	10	0	1	0	0	
0	0	0	0	11	32	0	1	0	0	1	0	128	60	0	2	0	3	0	82	126	0	2	0	0	0	6	145	14	0	1	0	2	0	68	92	113	160	0	2	3	0	56	193	211	51	0	2	0	0	0	108	28	0	1	0	0	0	0	0	2	2	0	0	
0	0	0	0	0	0	0	0	0	1	0	22	89	0	1	0	0	3	0	81	182	0	2	0	0	3	0	100	125	0	3	0	0	3	0	96	86	0	3	0	0	3	0	99	171	0	3	0	0	3	0	93	149	0	3	0	0	0	0	11	13	0	0	0	
0	0	3	4	2	2	1	0	0	0	0	0	0	0	0	0	0	9	130	124	120	166	88	0	0	0	54	81	58	178	42	0	0	0	0	1	149	52	0	2	0	3	0	118	89	0	4	0	1	0	18	138	2	1	0	0	3	0	85	92	0	3	0	0	
0	3	4	3	2	4	1	0	0	0	0	0	0	0	0	0	16	114	132	158	177	129	26	0	2	59	65	49	31	150	68	0	0	0	2	0	42	182	2	0	0	2	4	0	177	99	0	3	0	3	0	77	178	0	2	0	0	3	0	75	135	0	3	0	
0	0	2	1	0	0	1	0	0	1	0	3	37	61	10	0	2	0	54	149	187	241	133	0	0	11	157	103	107	127	160	16	0	73	128	31	0	118	79	0	0	103	79	0	21	153	14	0	0	41	154	97	151	48	0	2	1	0	48	124	38	0	2	0	
0	0	0	0	24	6	0	0	0	0	3	0	157	81	0	3	0	0	4	0	127	81	0	3	0	2	0	36	215	55	0	2	0	1	0	182	243	95	0	3	2	0	37	255	97	0	3	0	1	0	21	112	5	0	0	0	0	0	0	0	1	0	0	0	
0	0	0	0	1	0	0	0	0	0	1	0	18	103	3	0	0	0	3	0	122	102	0	2	0	1	0	19	150	4	0	0	0	3	0	111	84	0	3	0	1	0	25	129	0	0	0	0	3	0	84	71	0	2	0	0	1	0	15	8	0	0	0	0	
0	0	0	0	0	0	0	0	0	4	4	13	27	1	0	0	0	62	148	128	184	86	0	3	0	1	11	0	110	107	0	4	0	0	3	0	142	59	0	2	0	1	0	6	159	15	0	1	0	2	0	75	135	0	3	0	0	3	0	90	55	0	2	0	
0	0	0	2	1	12	1	0	0	0	3	0	38	160	21	0	0	1	0	52	156	211	78	0	2	0	95	137	101	110	2	0	1	0	20	62	75	24	9	0	0	32	188	166	98	113	92	0	0	87	115	33	3	0	2	0	0	0	0	0	1	2	1	0	
0	0	0	0	0	0	0	0	0	1	0	102	46	0	2	0	0	2	0	151	102	0	3	0	0	3	0	91	144	0	4	0	0	4	0	128	161	0	4	0	0	3	0	110	162	0	4	0	0	2	0	61	167	0	2	0	0	0	0	4	23	0	0	0	
0	0	0	11	6	0	0	0	0	2	0	67	154	148	6	0	0	1	0	16	158	153	0	0	1	0	7	190	95	0	1	0	0	0	4	58	121	145	0	2	0	1	29	37	125	93	0	2	26	124	123	111	41	0	1	0	3	9	0	0	0	2	0	0	
0	0	1	0	19	24	0	1	0	0	0	4	117	102	0	2	0	3	0	86	64	0	2	0	0	0	9	97	4	1	0	0	1	0	33	144	94	63	0	2	2	0	52	132	62	99	0	3	1	0	8	102	90	4	0	0	0	0	0	0	0	1	0	0	
0	0	1	1	1	1	0	0	0	1	0	17	7	49	5	0	2	0	46	106	35	124	0	2	0	0	183	79	139	146	7	0	0	1	82	132	171	25	5	0	0	2	0	71	83	0	20	5	0	0	2	132	21	0	71	15	0	0	9	50	0	1	0	0	
0	0	1	0	0	1	1	0	0	0	5	120	182	63	0	2	3	0	114	107	50	215	39	0	0	24	152	2	0	112	126	0	0	78	99	0	0	85	106	0	0	116	77	0	71	145	16	0	0	50	167	131	104	19	0	1	0	0	5	6	0	2	1	0	
0	0	0	1	1	2	0	0	0	0	0	10	43	0	7	2	0	3	0	97	127	135	168	26	1	0	31	140	52	41	12	2	3	0	139	76	0	2	0	0	2	0	60	188	20	0	2	0	0	11	116	78	0	1	0	0	0	23	50	0	1	0	0	0	
0	0	0	0	1	1	0	0	1	0	23	102	25	0	1	0	0	0	2	38	168	35	0	2	0	1	0	64	107	7	0	1	1	0	22	183	98	0	0	0	0	0	4	0	115	53	0	2	0	1	0	27	119	3	0	0	0	1	0	21	33	0	1	0	
0	0	0	2	2	2	1	0	0	5	15	0	0	0	0	0	0	8	145	150	109	182	96	0	0	0	11	15	76	170	26	0	0	1	0	21	140	15	0	1	0	0	1	150	51	0	3	0	3	0	111	95	0	4	0	0	0	5	125	12	0	0	0	0	
0	0	1	1	0	0	0	0	0	1	0	41	42	0	1	0	1	0	33	111	140	54	0	2	3	0	137	64	145	65	0	3	2	0	59	125	170	67	0	3	0	0	4	0	112	71	0	3	0	0	5	0	103	117	0	4	0	0	1	0	27	49	0	2	
0	0	0	0	0	0	2	0	0	0	0	91	90	19	0	0	1	0	7	163	38	70	66	0	0	3	0	88	65	31	158	0	1	0	27	166	174	120	51	0	0	18	71	70	74	0	3	0	0	8	111	128	40	0	4	0	1	0	25	57	1	0	0	0	
0	0	0	0	0	0	1	0	0	7	144	215	210	84	0	2	0	20	140	100	143	238	46	0	0	1	0	1	0	190	60	0	0	0	1	0	102	174	0	0	0	69	149	186	250	73	6	0	0	96	237	202	165	105	21	0	0	0	0	0	0	0	0	0	
0	0	0	2	0	0	1	0	0	0	0	0	26	23	0	1	0	2	0	72	105	126	58	0	1	0	25	159	53	162	57	0	0	2	0	129	172	23	0	1	2	0	62	131	1	0	1	0	0	12	134	12	0	2	0	0	0	47	63	0	3	0	0	0	
0	0	1	0	0	2	0	0	0	0	4	53	7	0	0	0	3	0	92	170	0	34	7	0	4	0	138	111	105	196	3	0	3	0	82	184	208	134	0	4	0	0	4	0	126	102	0	4	0	0	4	0	155	52	0	2	0	0	1	0	58	17	0	1	
0	0	2	2	0	0	0	1	0	1	0	4	34	43	23	0	2	0	32	172	176	122	184	38	0	7	151	137	104	211	181	12	0	90	145	0	76	186	6	0	0	140	58	48	180	30	0	2	0	121	195	163	30	0	2	0	0	13	48	6	0	2	0	0	
0	0	1	1	0	0	0	0	0	1	0	49	65	0	0	0	2	0	50	154	168	47	0	2	3	0	155	132	178	86	0	2	0	0	13	117	77	161	0	2	0	0	3	0	123	110	0	3	1	0	7	108	151	0	0	0	1	0	21	102	9	0	1	0	
0	0	0	0	1	1	0	0	0	0	0	2	0	78	37	0	0	0	2	0	37	149	6	0	0	0	0	5	136	39	0	2	0	3	0	129	93	0	3	0	2	0	55	139	0	2	0	0	0	0	120	25	0	1	0	0	0	3	20	0	1	0	0	0	
0	0	0	0	0	0	0	0	1	0	48	98	101	39	0	1	0	14	122	0	94	87	0	3	0	4	0	53	161	119	0	0	0	1	0	37	16	136	27	0	0	4	44	0	48	119	0	2	1	0	127	118	120	22	0	1	0	0	8	49	13	0	1	0	
0	0	1	2	2	7	0	0	0	2	7	0	84	64	0	2	0	1	0	124	200	97	23	0	2	0	112	141	80	193	47	0	0	0	5	45	123	37	0	1	3	0	92	114	0	26	27	0	3	0	109	135	116	68	14	0	0	0	0	14	4	0	0	0	
0	0	2	26	19	3	0	0	1	0	5	195	248	135	0	3	0	0	3	9	177	146	0	4	0	2	0	34	201	27	0	1	1	0	18	196	70	0	3	0	3	0	172	241	156	219	50	0	2	0	90	149	130	81	16	0	0	0	0	0	0	0	0	0	
0	0	0	0	0	1	1	0	1	0	22	67	13	2	0	0	1	0	18	115	183	242	80	0	0	2	0	51	178	116	22	0	0	4	0	120	157	11	0	1	0	1	0	8	193	91	0	3	0	30	103	144	69	0	1	0	0	63	74	7	0	1	0	0	
0	0	0	0	0	0	0	0	0	0	14	17	0	66	15	0	3	0	102	67	0	147	6	0	0	19	197	53	55	130	0	3	0	81	201	128	202	122	0	4	0	1	4	0	126	109	0	4	0	0	6	0	118	104	0	4	0	0	1	0	21	18	0	1	
0	0	1	0	0	1	0	0	0	0	0	66	25	11	31	0	3	0	82	160	0	113	56	0	0	2	151	10	33	175	24	0	0	13	165	129	185	141	42	0	0	0	9	30	150	22	0	1	0	2	0	43	124	0	8	30	0	1	0	37	33	0	2	3	
0	0	1	2	0	0	0	0	0	1	0	6	52	49	0	1	1	0	27	130	89	123	39	0	0	2	136	40	0	155	58	0	0	71	102	0	147	87	0	0	0	35	126	127	179	0	0	0	0	0	5	76	95	0	4	0	0	2	0	35	35	0	1	0	
0	0	0	1	1	1	2	0	0	0	1	1	4	0	0	0	0	1	0	38	145	102	117	49	2	0	37	135	15	14	22	3	2	0	51	122	79	5	0	0	0	9	46	128	163	7	0	1	0	21	79	42	0	0	0	0	0	0	0	0	2	1	0	0	
0	1	1	0	2	1	0	0	0	0	2	16	4	0	0	0	0	0	179	237	168	11	0	1	0	58	193	19	213	85	0	3	0	17	188	220	255	153	0	4	1	0	38	115	86	196	0	0	0	1	1	0	3	198	26	0	0	0	2	5	0	103	25	0	
0	0	0	2	0	38	12	0	0	5	6	0	68	139	15	0	0	5	0	49	151	9	0	1	1	0	26	160	22	0	2	0	3	0	115	54	85	143	0	0	0	15	161	189	194	62	0	2	1	0	55	125	7	0	1	0	0	0	0	0	0	2	0	0	
0	0	1	0	0	0	0	0	0	2	3	0	47	91	0	3	0	0	14	0	60	138	0	4	0	52	171	26	117	127	0	4	0	108	148	89	179	87	0	3	0	0	3	0	143	68	0	3	0	2	6	0	132	40	0	2	0	0	0	0	0	0	0	0	
0	0	0	0	1	1	0	0	0	0	0	2	0	64	18	0	0	0	1	0	24	136	0	0	0	0	3	0	113	60	0	2	0	2	0	68	109	0	2	0	1	0	32	131	8	0	0	0	2	0	105	38	0	1	0	0	0	0	18	4	0	0	0	0	
0	0	1	0	1	0	0	0	0	0	1	10	7	0	0	0	2	0	102	141	117	0	1	0	0	0	11	14	128	0	0	0	2	0	33	153	203	103	12	0	1	0	6	83	125	52	6	0	0	1	0	24	84	0	2	0	0	0	0	6	48	0	1	0	
0	0	0	0	4	9	0	0	0	0	0	0	90	45	0	1	0	2	0	48	109	0	3	0	0	1	0	114	30	5	1	0	1	0	25	124	140	111	0	3	1	0	17	170	104	2	0	0	1	0	34	67	0	3	0	0	0	0	0	1	4	0	0	0	
0	2	0	0	1	0	0	0	0	0	16	28	2	0	0	0	0	70	133	117	92	0	5	0	0	33	8	15	153	9	0	1	2	0	32	160	194	126	83	0	2	0	43	175	76	0	111	26	0	0	0	4	2	0	0	0	0	0	1	2	1	0	3	0	
0	1	1	0	0	0	0	0	0	1	0	11	32	37	17	0	0	26	192	232	234	223	196	0	0	138	162	111	54	153	210	0	0	205	94	0	0	76	155	0	0	204	141	0	14	202	79	0	0	43	185	175	203	119	0	2	1	0	18	81	55	0	1	0	
0	0	1	0	0	0	0	0	0	0	5	34	31	3	0	0	0	14	152	128	164	129	0	3	0	1	10	0	78	149	0	4	0	23	99	82	177	109	0	4	0	11	69	47	160	71	0	3	0	0	3	0	143	69	0	3	0	0	4	0	94	17	0	1	
0	0	0	0	1	3	0	0	0	0	1	0	36	123	0	1	0	0	4	0	145	115	0	4	0	1	0	23	190	15	0	1	0	3	0	140	118	0	3	0	1	0	22	188	14	0	1	0	2	0	56	139	0	3	0	0	0	0	0	0	0	0	0	0	
0	0	1	4	2	0	0	0	0	0	0	0	0	2	7	1	1	0	25	93	156	176	134	9	3	0	162	201	74	15	9	0	0	32	69	125	197	51	0	2	0	39	160	147	211	64	0	3	0	0	5	63	44	0	1	0	0	2	2	0	0	1	0	0	
0	0	0	0	0	0	0	0	0	4	100	138	102	10	0	1	0	6	65	89	226	113	0	6	0	2	0	92	177	10	0	1	3	0	95	184	9	0	67	88	1	0	201	162	142	173	143	48	0	0	26	87	95	29	0	1	0	0	0	0	0	0	3	2	
0	0	0	0	0	0	0	0	0	0	25	48	73	17	0	1	1	0	124	149	211	53	0	2	0	0	0	1	165	44	0	1	2	0	89	181	228	88	0	2	1	0	32	90	139	0	3	0	0	3	0	71	176	0	2	0	0	1	0	31	71	0	1	0	
0	0	1	3	1	0	0	0	0	0	2	0	28	29	0	1	1	0	13	78	121	23	0	1	3	0	110	175	150	93	101	2	2	0	104	182	104	37	12	0	0	0	6	111	2	0	0	0	1	0	41	102	0	4	0	0	1	0	16	31	0	1	0	0	
0	0	0	0	2	0	0	0	1	0	18	138	176	40	0	2	2	0	50	55	65	96	0	3	0	0	1	0	28	72	0	2	2	0	100	142	131	44	0	2	0	19	95	71	226	101	0	2	1	0	105	120	16	53	1	0	0	0	2	1	1	0	0	0	
0	0	3	4	2	3	0	0	0	0	0	0	0	0	0	0	0	66	172	114	110	116	4	0	0	5	54	49	53	166	0	0	0	0	3	0	132	66	0	2	0	2	0	52	139	0	2	0	0	2	0	134	56	0	2	0	1	0	37	110	0	2	0	0	
0	0	0	0	0	0	0	0	0	0	1	0	66	14	0	1	0	0	1	0	165	36	0	1	0	1	0	12	164	8	0	0	0	2	0	55	162	0	2	0	0	3	0	108	109	0	3	0	0	3	0	119	42	0	1	0	0	0	0	14	4	0	0	0	
0	0	0	1	1	0	0	0	0	0	0	2	10	11	1	0	0	2	0	39	126	67	0	2	0	0	0	108	127	109	29	0	1	0	24	152	146	34	4	0	0	2	0	62	88	0	3	0	0	2	0	98	26	0	1	0	0	0	8	61	0	1	0	0	
0	0	0	18	20	0	1	0	0	3	0	120	84	0	2	0	0	0	0	137	15	0	1	0	1	0	19	183	107	15	0	1	3	0	58	177	128	108	0	3	1	0	22	162	75	137	0	2	0	2	0	50	142	39	0	2	0	0	1	1	0	0	0	0	
0	0	1	1	1	0	0	0	0	0	0	1	5	34	0	0	0	0	14	47	55	78	0	2	2	0	64	103	138	63	0	1	1	0	9	110	98	0	2	0	0	2	0	80	25	0	1	0	0	0	13	92	0	1	0	0	1	0	14	35	0	1	0	0	
0	0	1	0	1	1	0	0	0	1	0	148	214	56	0	3	2	0	56	175	65	167	0	1	4	0	106	164	0	144	33	0	4	0	107	141	0	169	35	0	4	0	106	172	133	187	0	1	1	0	16	164	158	20	0	1	0	0	0	0	0	1	0	0	
0	0	1	0	0	0	0	0	0	0	4	14	0	33	8	0	2	0	59	70	3	102	0	1	1	0	120	14	61	134	62	15	0	20	148	89	166	67	19	1	0	1	14	51	95	0	2	0	0	2	0	91	41	0	2	0	0	0	1	44	2	0	0	0	
0	0	1	0	0	0	0	0	0	0	4	0	34	79	0	2	3	0	123	49	118	135	0	4	1	0	194	67	183	127	0	2	2	0	104	209	223	50	0	2	0	3	0	71	162	0	3	0	0	3	0	113	149	0	3	0	0	1	0	25	17	0	1	0	
0	0	0	2	0	0	0	0	0	0	1	0	60	84	85	2	0	3	0	107	203	63	135	10	2	0	51	167	0	63	106	0	0	7	162	58	1	176	23	0	0	23	144	0	137	91	0	2	0	52	171	136	74	0	2	0	0	2	53	41	0	3	0	0	
0	0	1	0	1	1	0	0	0	0	3	46	19	0	0	0	3	0	87	163	153	34	0	1	3	0	154	42	95	99	0	3	3	0	117	119	148	127	0	4	0	0	9	29	121	99	0	4	0	1	0	5	175	32	0	1	0	1	0	26	76	0	1	0	
0	0	0	0	0	0	0	0	1	0	94	94	75	31	0	1	1	0	31	62	194	111	0	3	0	3	0	71	147	0	0	0	0	1	0	17	71	133	16	0	0	0	1	0	66	140	7	0	0	3	128	137	101	16	0	1	0	6	44	7	0	2	1	0	
0	0	1	2	0	0	0	0	0	0	0	0	12	9	0	0	1	0	14	87	118	132	0	1	3	0	100	79	0	132	25	0	1	0	26	105	0	49	41	0	0	3	0	80	57	0	3	0	0	1	0	66	73	0	3	0	1	0	6	102	26	0	1	0	
0	0	0	1	0	0	0	0	0	2	51	10	82	123	53	0	1	0	142	130	83	26	152	13	3	0	76	155	0	93	127	0	0	1	0	162	188	94	6	0	0	4	92	130	151	0	4	0	0	75	183	149	65	0	2	0	0	10	56	34	0	1	0	0	
0	1	3	2	0	0	0	0	0	1	0	1	14	12	0	0	0	8	135	198	254	181	0	2	0	146	255	240	220	253	55	0	0	208	255	195	48	248	79	0	0	66	94	12	0	205	119	0	0	0	0	2	0	202	159	0	0	2	4	2	0	153	64	0	
0	2	5	3	4	5	4	0	0	0	0	0	0	0	0	0	0	50	125	88	97	110	110	11	0	24	97	88	78	229	141	0	0	0	0	5	132	77	0	1	0	1	0	124	96	0	4	1	2	0	74	120	0	4	0	0	0	16	151	13	0	1	0	0	
0	1	0	0	0	0	0	0	0	2	3	0	33	44	0	1	0	170	63	0	106	220	0	0	0	215	143	91	187	249	72	0	0	155	191	141	160	253	80	0	0	0	1	0	24	235	47	0	0	1	4	0	21	247	72	0	0	0	0	0	1	92	23	0	
0	0	0	0	0	0	0	0	0	0	0	1	0	0	0	0	0	0	1	1	3	8	16	6	0	0	1	69	80	82	70	25	2	0	66	80	0	1	0	0	0	10	84	83	0	1	2	1	0	8	18	1	0	0	0	0	0	0	0	1	0	0	0	0	
0	0	0	0	0	0	0	0	0	0	5	8	91	39	0	1	2	0	52	118	96	56	0	2	3	0	76	90	103	96	5	0	4	0	126	158	187	111	0	0	1	0	37	30	103	87	0	3	0	0	1	0	35	130	0	1	0	0	2	2	0	3	0	0	
0	0	0	4	1	0	1	1	0	37	45	0	8	46	24	0	0	49	222	149	141	148	203	25	2	0	133	201	146	96	141	1	0	23	29	9	198	229	29	0	0	35	154	189	52	158	88	0	0	64	170	153	132	123	6	0	0	0	0	6	6	0	0	0	
0	0	0	4	1	0	0	0	0	2	0	76	160	90	0	2	0	1	0	6	110	148	0	2	0	3	0	55	190	37	0	2	0	0	3	0	85	125	0	4	0	39	27	34	162	45	0	2	0	42	152	168	58	0	2	0	0	0	1	1	0	1	0	0	
0	0	0	0	1	1	0	0	0	2	0	136	68	0	2	0	0	0	3	183	60	7	0	0	2	0	41	160	151	112	0	4	0	0	0	43	121	19	8	0	1	0	19	115	71	120	61	0	3	0	61	146	94	29	0	1	0	0	0	6	1	0	1	0	
0	0	2	3	1	0	0	0	0	0	0	0	1	6	0	0	2	0	84	184	202	143	0	3	1	0	54	61	205	84	0	3	0	2	0	38	191	5	0	1	0	3	0	115	142	0	4	0	0	3	0	159	98	0	3	0	0	2	0	124	49	0	2	0	
0	0	0	0	0	0	0	0	0	0	1	0	75	21	0	1	0	0	0	0	163	26	0	1	0	1	0	20	117	0	1	0	0	2	0	50	104	0	3	0	0	3	0	72	73	0	3	0	0	3	0	102	50	0	2	0	0	0	0	17	3	0	0	0	
0	0	0	0	0	0	0	0	1	0	7	118	97	0	0	0	2	0	55	85	152	44	0	2	0	0	4	97	202	16	0	1	1	0	11	94	123	134	0	3	0	0	3	0	74	154	0	4	2	0	41	159	155	32	0	1	0	0	3	40	13	0	1	0	
0	0	0	1	4	2	0	0	0	0	25	5	0	0	0	0	1	0	94	140	122	49	0	1	0	0	0	7	97	165	0	2	0	0	1	4	127	34	0	1	0	3	0	89	97	0	3	0	0	0	6	142	13	0	0	0	1	0	27	93	0	2	0	0	
0	0	0	3	1	0	0	0	0	0	0	0	4	3	0	0	0	1	0	81	212	53	0	2	2	0	36	213	229	135	0	4	1	0	24	150	191	103	0	3	0	1	0	11	165	21	0	1	0	3	0	97	103	0	3	0	0	2	0	51	32	0	1	0	
0	0	0	0	0	0	0	0	0	0	1	94	138	141	35	0	0	0	8	37	148	255	39	0	0	2	0	98	159	20	0	1	1	5	0	161	144	44	0	1	0	0	1	0	186	159	0	3	7	112	164	159	103	2	0	0	5	58	48	4	0	1	0	0	
1	0	23	70	44	0	0	0	2	0	94	124	162	99	0	3	0	2	3	0	44	169	0	2	0	0	2	0	56	147	0	3	0	85	151	68	149	89	0	3	0	112	195	211	216	168	102	7	0	0	78	63	0	26	25	1	0	1	0	0	0	0	0	0	
0	0	0	2	1	0	0	0	0	0	0	0	0	15	38	20	0	1	0	33	77	109	72	15	0	1	0	142	22	0	1	0	0	1	0	102	141	1	2	1	0	7	44	100	73	0	1	0	0	19	74	31	0	1	0	0	0	0	0	0	2	0	0	0	
0	0	1	0	0	0	0	0	1	0	50	17	9	43	0	1	0	6	142	2	36	93	0	3	0	83	112	0	74	122	0	4	0	55	122	98	145	140	0	3	0	0	2	0	49	111	0	3	0	2	4	0	61	101	0	4	0	0	0	0	10	17	0	1	
0	0	0	1	0	0	0	0	0	0	0	9	18	38	48	15	0	3	0	129	178	132	117	37	1	0	33	134	0	1	0	0	2	0	61	145	56	0	5	1	0	2	0	61	145	0	2	0	0	20	102	119	29	0	1	0	0	13	46	4	0	0	0	0	
0	0	1	2	0	1	0	0	2	0	126	171	157	44	0	2	0	0	38	7	85	177	0	1	0	1	0	17	26	200	25	0	1	0	121	198	212	229	41	0	0	11	204	102	212	81	0	2	2	0	85	193	114	0	1	0	0	0	0	0	0	2	0	0	
0	0	0	2	0	1	0	0	0	0	0	0	20	3	0	0	0	1	0	95	167	94	0	3	2	0	50	139	112	107	0	3	1	0	14	112	178	0	0	1	0	3	0	87	73	0	2	0	0	0	2	127	13	0	0	0	1	0	22	83	0	2	0	0	
0	0	0	1	0	1	0	0	0	0	3	3	10	2	0	0	3	0	79	172	146	117	0	3	4	0	152	96	28	145	0	3	2	0	132	24	35	121	0	3	0	0	3	0	70	112	0	4	0	0	5	0	108	82	0	3	0	0	2	0	84	35	0	1	
0	0	0	0	1	0	0	0	0	0	1	0	20	76	0	1	0	0	3	0	87	106	0	4	0	0	1	0	139	31	0	1	0	2	0	61	123	0	3	0	0	1	0	133	38	0	1	0	2	0	46	111	0	3	0	0	1	0	15	17	0	0	0	0	
0	0	2	1	0	1	3	0	0	1	0	15	16	0	3	19	2	0	47	129	10	4	124	82	0	5	182	72	87	153	71	0	0	4	71	146	198	43	0	3	2	0	58	190	32	0	4	0	2	0	115	92	1	2	0	0	0	0	0	0	0	0	0	0	
0	0	0	3	3	0	0	0	0	1	0	97	25	0	1	0	2	0	48	224	177	98	0	4	3	0	133	64	81	124	0	3	0	2	0	40	132	6	12	19	2	0	34	145	44	89	134	32	3	0	106	149	97	55	6	0	0	0	3	3	1	0	1	1	
1	4	4	4	4	3	0	0	0	0	0	0	0	0	0	0	26	139	145	126	134	166	23	0	23	105	82	71	117	224	12	0	0	0	3	0	130	128	0	4	1	4	0	12	196	32	0	1	0	2	0	67	175	0	2	0	0	3	0	107	142	0	3	0	
0	0	0	0	1	0	0	0	0	0	1	0	43	66	0	2	0	0	3	0	157	74	0	3	0	0	0	14	135	1	0	0	0	4	0	99	98	0	3	0	0	0	17	151	13	0	1	0	3	0	78	80	0	3	0	0	1	0	19	9	0	0	0	0	
0	0	0	1	2	34	3	0	0	0	3	0	87	162	0	1	0	1	0	30	165	12	0	1	0	3	0	156	208	14	0	1	2	0	35	220	214	45	0	2	4	0	100	227	112	0	2	0	2	0	48	116	3	0	0	0	0	0	0	0	2	0	0	0	
0	0	0	0	0	0	0	0	1	0	15	121	113	155	31	0	0	0	9	53	158	196	9	0	1	5	0	119	151	6	0	1	0	1	0	60	111	136	14	0	34	79	50	66	103	193	45	0	9	90	111	112	86	38	0	1	0	0	0	0	0	0	0	0	
0	1	2	0	0	2	0	0	1	0	7	81	74	0	0	0	0	26	171	131	171	106	0	3	0	129	123	0	109	199	0	1	0	41	170	166	244	131	0	4	0	0	13	0	163	117	0	4	0	1	4	0	159	123	0	4	0	0	2	0	47	49	0	2	
0	0	0	0	0	0	1	1	0	56	80	94	106	105	28	0	0	62	249	112	28	70	135	24	1	0	31	129	70	0	148	50	0	1	4	45	193	205	71	0	0	21	188	100	29	146	42	0	0	12	129	118	113	121	12	0	0	0	0	28	30	2	0	0	
0	0	0	0	0	0	0	0	0	4	69	97	87	8	0	1	0	52	101	1	104	63	0	2	0	2	0	32	118	4	0	0	0	0	1	165	160	56	0	2	0	0	1	0	11	136	2	0	0	0	8	106	78	95	0	2	0	0	1	39	47	10	0	0	
0	0	0	2	2	36	2	0	0	0	4	0	97	151	0	1	0	2	0	68	173	10	0	1	2	0	51	168	12	0	1	0	0	0	132	30	128	174	1	0	0	30	153	164	223	64	0	1	2	0	75	75	0	1	0	0	0	0	0	0	1	2	0	0	
