500	64	10
0	0	1	0	3	1	0	0	0	0	6	8	0	0	0	0	3	0	110	126	123	20	0	1	2	0	107	10	131	50	0	2	0	0	7	0	109	31	0	1	0	0	2	0	104	15	0	0	0	0	1	0	115	11	0	0	0	0	1	0	87	12	0	0	
0	0	0	1	0	0	1	0	0	0	0	4	103	145	17	0	0	2	0	168	146	112	102	0	2	0	60	149	0	21	99	0	1	0	115	26	0	52	89	0	0	29	93	0	34	138	28	0	0	27	158	136	125	35	0	1	0	0	50	36	0	1	1	0	
0	0	0	0	0	0	0	0	0	1	0	44	21	0	1	0	0	3	0	113	42	0	1	0	0	3	0	103	76	0	3	0	0	2	0	49	125	0	3	0	0	0	1	0	131	17	0	1	0	0	2	0	86	20	0	1	0	0	0	0	9	2	0	0	
0	3	0	25	57	6	0	0	0	5	0	99	231	130	0	0	0	0	1	0	51	194	17	0	1	0	29	177	250	129	0	4	0	5	18	59	13	129	18	0	0	130	94	42	92	186	23	0	0	44	147	145	152	62	0	2	0	0	0	0	0	0	0	0	
0	0	1	1	0	0	0	0	0	0	0	10	49	48	0	0	1	0	16	157	130	164	150	0	1	0	16	23	7	134	59	0	0	2	0	36	161	49	0	2	2	0	42	175	37	0	3	0	0	18	190	52	0	3	0	0	0	36	104	42	20	0	1	0	
0	0	0	0	0	0	0	0	3	0	83	207	148	25	0	1	0	0	11	43	204	127	0	4	1	0	20	215	234	25	0	2	0	0	10	54	132	61	0	2	3	0	149	96	38	149	0	2	2	0	47	177	217	110	0	3	0	0	0	0	0	0	0	0	
0	0	0	1	1	1	0	0	0	1	0	37	111	0	1	0	0	3	0	133	68	15	5	0	1	0	38	137	6	133	0	0	3	0	86	165	163	150	0	3	0	0	5	49	175	19	0	1	0	2	0	56	63	0	2	0	0	0	0	4	2	1	0	0	
0	0	0	10	19	0	1	0	0	3	0	138	233	69	0	2	3	0	87	166	41	179	21	0	0	0	173	44	0	95	95	0	0	31	140	0	0	76	124	0	0	15	160	87	123	218	55	0	2	0	75	162	157	59	0	2	0	0	0	0	0	1	1	0	
0	1	1	0	0	0	1	1	1	0	30	125	87	78	21	0	0	0	178	129	134	103	159	14	0	71	150	0	6	0	150	63	0	136	77	0	0	35	169	12	0	135	79	0	66	181	60	0	0	54	186	172	161	32	0	2	1	0	17	29	0	1	2	0	
0	1	0	26	54	24	0	0	0	3	0	120	122	142	41	0	0	2	2	3	0	54	115	0	0	0	3	20	0	59	124	0	0	104	153	136	121	158	60	0	0	140	172	93	246	166	0	3	0	14	124	130	56	34	0	1	0	0	0	0	0	2	0	0	
0	0	1	0	2	0	0	0	1	0	25	75	0	4	0	0	3	0	83	90	52	17	0	0	4	0	124	77	144	72	4	0	2	0	65	144	174	60	2	0	0	0	1	0	132	23	0	1	0	0	5	0	93	64	0	2	0	0	0	0	0	1	0	0	
0	1	0	22	14	0	1	0	1	0	29	191	40	0	2	0	2	0	140	81	0	20	15	0	0	41	156	0	84	218	152	0	0	77	61	22	148	18	103	21	0	63	60	62	38	70	112	0	0	24	111	102	110	73	8	0	0	0	0	0	0	0	1	0	
0	0	2	0	0	1	0	0	0	0	1	53	59	3	0	0	2	0	100	91	76	88	0	2	0	10	100	0	30	114	0	2	0	3	111	10	96	93	0	3	2	0	43	98	115	71	0	3	0	0	2	0	56	81	0	3	0	0	3	0	29	29	0	1	
0	0	0	2	1	0	0	0	0	0	1	0	6	1	0	0	0	2	0	78	190	9	0	1	1	0	32	89	89	95	0	3	1	0	62	51	54	59	0	2	1	0	27	57	82	2	0	0	0	2	0	56	56	0	2	0	0	0	0	54	7	0	0	0	
0	0	0	0	0	0	0	0	0	0	2	0	65	113	0	3	0	0	3	0	138	92	0	3	0	1	0	23	171	8	0	1	0	3	0	101	116	0	3	0	0	0	0	192	61	0	2	0	1	0	21	155	8	0	1	0	0	0	0	0	1	0	0	0	
0	0	0	0	0	1	0	0	0	1	0	31	136	43	0	2	0	2	0	102	91	70	3	0	1	0	18	47	0	61	11	0	1	0	12	109	10	0	0	0	2	0	34	96	48	0	1	0	2	0	37	90	110	0	1	0	0	0	0	41	30	0	1	0	
0	0	0	0	0	0	0	0	1	0	22	208	130	0	0	0	4	0	112	218	202	22	0	1	4	0	131	112	51	11	0	0	4	0	131	151	161	151	0	2	2	0	42	239	255	193	0	2	0	2	0	75	200	69	0	3	0	0	1	0	0	0	0	0	
0	0	0	1	0	0	0	0	0	0	0	3	7	13	8	0	0	3	0	59	167	167	112	0	1	0	25	214	142	9	1	1	5	8	36	63	64	58	0	2	0	146	75	0	74	81	0	3	0	28	122	98	115	26	0	1	0	0	0	0	0	0	0	0	
0	1	2	0	0	2	1	0	0	0	1	27	25	4	0	0	0	4	143	179	154	146	18	0	0	57	192	0	23	186	25	0	0	0	131	165	215	131	0	4	0	0	3	6	143	121	0	4	0	0	6	0	127	144	0	4	0	0	3	0	82	72	0	3	
0	0	0	2	0	0	0	0	0	0	1	0	101	92	1	0	0	3	0	113	255	225	25	0	1	0	15	230	182	31	0	1	2	0	34	229	34	0	2	0	2	0	50	160	119	11	0	1	2	0	42	160	174	35	0	2	0	0	0	51	49	0	0	0	
0	0	0	0	0	0	0	0	0	0	2	78	64	31	19	0	2	0	59	71	74	124	3	0	1	0	9	108	107	3	0	0	0	1	0	132	121	0	0	0	2	0	49	74	81	54	0	2	2	0	45	126	88	5	0	0	0	0	1	48	15	0	1	0	
0	1	0	28	61	0	2	0	0	2	0	166	88	0	3	0	3	0	100	147	0	2	7	0	0	18	180	19	0	124	190	14	0	97	90	0	129	161	128	34	0	95	154	123	232	129	95	0	0	5	77	90	63	23	0	0	0	0	0	0	0	0	2	0	
0	0	0	0	1	1	0	0	0	23	67	48	30	0	1	0	0	67	244	184	198	24	0	3	0	4	13	11	191	31	0	1	0	2	0	154	95	0	66	61	0	0	0	192	175	176	180	44	0	1	0	18	88	56	1	0	0	0	0	1	0	0	2	2	
0	0	0	1	0	0	0	0	0	0	0	7	120	94	1	0	0	2	0	105	153	119	29	0	1	0	18	116	13	87	14	0	2	0	46	170	71	26	0	1	2	0	78	123	25	0	1	0	1	0	84	114	47	0	2	0	1	0	15	48	0	0	0	0	
0	0	2	0	53	31	0	1	0	1	0	16	176	30	0	1	0	2	0	136	72	0	2	0	2	0	49	170	81	177	24	0	4	0	133	184	164	195	3	0	4	0	120	226	140	27	0	1	1	0	10	58	11	0	1	0	0	0	0	0	2	2	0	0	
0	0	0	2	0	1	0	0	0	0	1	0	12	2	0	0	0	2	0	108	189	41	0	1	1	0	38	100	60	136	0	2	2	0	57	98	136	78	0	3	0	0	3	28	117	11	0	0	0	2	0	48	87	0	2	0	0	2	0	63	29	0	1	0	
0	0	0	0	0	0	0	0	1	0	32	125	91	4	0	0	2	0	86	101	183	34	0	2	0	3	0	95	194	5	0	1	0	1	0	28	108	148	0	3	0	0	17	0	102	137	0	4	3	0	80	163	155	17	0	1	0	0	6	43	8	0	0	0	
0	1	3	0	0	1	2	0	0	1	0	12	20	7	0	0	0	12	137	175	175	174	34	0	0	106	142	3	0	159	96	0	0	104	22	0	81	195	27	0	0	50	143	76	71	131	0	2	0	1	22	0	97	86	0	3	0	1	2	0	82	28	0	1	
0	0	3	2	4	3	0	0	0	1	1	0	0	1	1	0	2	0	86	153	99	134	47	0	0	24	176	39	49	170	26	0	0	77	121	0	20	141	0	0	0	8	12	0	69	121	0	4	0	0	4	0	111	91	0	3	0	1	3	0	105	39	0	1	
0	1	1	3	3	3	1	0	0	0	6	1	0	0	3	0	0	11	185	131	67	103	123	0	0	112	134	46	72	93	112	0	0	118	37	0	0	124	48	0	0	2	4	0	77	160	0	2	0	2	0	32	170	25	0	1	0	3	0	66	72	0	3	0	
0	1	0	46	49	0	2	0	0	0	0	172	54	0	2	0	2	0	53	170	0	2	0	0	4	0	101	126	41	80	0	2	3	0	88	143	131	193	0	1	1	0	12	181	193	134	0	2	0	1	0	17	76	17	0	1	0	0	1	1	0	1	0	0	
0	0	1	0	17	13	0	0	0	0	2	0	53	61	0	2	0	0	3	0	92	40	0	1	0	0	0	14	125	1	0	0	0	3	0	90	97	0	3	0	2	0	46	151	0	1	0	0	2	0	65	56	0	2	0	0	0	0	0	0	0	0	0	0	
0	0	0	2	0	0	0	0	0	0	12	0	59	136	13	0	4	0	112	195	227	192	0	0	2	0	28	232	205	24	0	1	0	2	0	188	198	0	2	0	3	0	77	140	169	92	0	3	4	0	86	197	177	59	0	2	0	0	0	40	18	0	1	0	
0	0	0	107	108	14	0	1	0	0	7	93	125	151	27	0	0	0	0	3	0	83	131	0	0	4	30	18	0	39	91	0	0	124	177	144	171	204	55	0	0	119	180	186	227	118	11	0	0	7	73	63	9	0	0	0	0	1	0	0	1	4	1	0	
0	0	0	0	0	1	0	0	0	30	103	134	26	0	2	0	0	174	143	175	195	0	1	1	3	0	100	228	208	193	21	0	1	0	27	35	0	133	136	0	3	0	100	82	0	113	166	0	3	0	79	190	193	223	74	0	0	0	0	10	56	22	0	1	
0	0	0	0	1	2	0	0	0	0	3	0	79	62	0	2	0	0	2	0	140	35	0	1	0	1	0	30	163	0	0	0	0	3	0	116	112	0	3	0	1	0	16	201	33	0	1	0	3	0	85	115	0	3	0	0	0	0	3	1	0	0	0	0	
0	0	2	0	0	1	0	0	0	1	0	47	111	34	0	2	2	0	73	102	42	98	0	1	0	15	104	0	14	122	3	0	0	25	92	23	131	65	0	3	1	0	71	67	141	36	0	1	0	0	0	7	130	10	0	1	0	0	2	3	12	0	0	0	
0	0	0	0	1	1	0	0	0	0	2	0	59	72	0	3	0	0	3	0	104	54	0	2	0	0	0	12	145	5	0	0	0	3	0	102	105	0	3	0	1	0	32	169	8	0	1	0	3	0	88	67	0	2	0	0	0	0	2	1	1	0	0	0	
0	0	0	0	0	0	0	0	0	2	0	77	123	57	0	1	0	0	3	172	101	52	0	1	3	0	93	217	78	130	45	0	1	0	113	39	0	156	24	0	0	0	1	0	129	99	0	3	3	0	60	170	97	0	2	0	1	0	16	34	0	2	0	0	
0	0	0	0	1	0	0	0	0	0	3	0	76	99	0	3	0	0	3	0	139	67	0	2	0	1	0	39	163	0	1	0	0	3	0	122	99	0	3	0	2	0	38	176	5	0	0	0	3	0	93	67	0	2	0	0	0	0	2	1	1	0	0	0	
0	0	3	50	9	0	0	0	1	0	92	186	114	0	3	0	0	7	37	15	172	5	0	0	0	0	0	5	143	9	0	0	1	0	22	83	151	0	2	0	4	0	141	255	175	171	37	0	2	0	54	89	0	69	57	0	0	0	0	0	2	0	0	0	
1	0	26	41	18	0	0	0	2	0	161	217	216	110	0	2	0	0	5	5	31	174	22	0	0	5	36	27	0	114	37	0	0	130	196	155	187	206	52	3	0	123	203	182	221	193	197	25	0	4	113	98	4	2	9	0	0	1	0	0	1	2	0	0	
0	0	0	0	1	0	0	0	0	20	60	69	27	0	1	0	0	46	69	54	105	16	0	1	0	0	2	0	95	31	0	1	0	3	0	86	96	0	2	0	1	0	8	91	87	69	0	2	0	0	1	0	75	72	0	2	0	1	0	23	65	0	0	0	
0	0	0	0	0	0	0	0	0	2	0	106	157	53	0	2	1	0	26	167	140	149	0	3	1	0	38	92	118	115	0	4	0	2	0	167	193	0	0	1	3	0	85	170	109	0	0	0	3	0	84	168	151	4	0	0	0	0	0	11	3	0	0	0	
0	0	0	0	1	0	0	0	0	1	0	66	45	52	0	0	0	0	1	183	205	176	0	3	3	0	55	235	255	111	0	4	3	0	157	251	224	59	0	3	0	0	184	111	178	19	0	1	0	2	0	69	167	0	2	0	0	0	0	15	22	0	1	0	
0	0	0	4	17	0	1	0	0	3	0	69	214	33	0	2	0	1	0	182	118	128	2	0	2	0	60	184	0	138	40	0	4	0	133	102	0	173	29	0	4	0	141	175	202	138	0	3	1	0	28	155	77	0	1	0	0	0	0	0	0	1	0	0	
0	1	1	0	1	1	0	0	0	13	4	0	2	3	0	0	0	145	48	0	66	131	0	3	0	211	223	208	249	230	14	0	0	87	177	158	90	190	65	0	0	0	0	2	0	179	71	0	0	2	3	7	0	134	111	0	0	0	0	1	0	16	46	0	
0	0	0	0	0	0	0	0	0	1	0	158	218	144	3	0	1	0	23	132	37	70	8	0	1	0	18	162	75	4	0	0	0	1	0	33	92	62	0	2	0	20	147	63	30	118	0	1	2	0	68	198	217	113	0	3	0	0	0	0	0	0	0	0	
0	0	0	4	6	0	0	0	1	0	15	106	140	31	0	1	1	0	14	62	183	34	0	2	0	3	0	103	178	106	3	0	0	0	4	0	63	213	1	0	0	12	0	22	207	63	0	3	0	38	103	174	80	0	3	0	0	0	11	8	0	2	0	0	
0	0	1	3	3	2	0	0	0	0	5	0	0	0	0	0	0	0	151	94	78	144	7	0	0	25	156	108	183	177	0	1	0	18	77	0	83	112	0	4	0	0	2	0	152	42	0	2	0	2	0	40	143	0	2	0	0	2	0	60	78	0	2	0	
0	0	0	8	3	0	0	0	2	0	40	160	98	0	0	0	1	0	14	16	119	7	0	0	0	0	0	139	176	10	0	1	0	0	6	23	62	112	0	3	1	0	52	11	56	88	0	2	3	0	93	152	119	10	0	1	0	0	0	4	0	1	0	0	
0	0	3	0	64	27	0	1	0	3	0	65	192	18	0	1	2	0	37	190	37	0	2	0	0	0	177	54	24	173	50	0	0	66	96	0	155	101	123	0	0	40	140	142	183	107	71	0	1	0	50	72	56	16	0	0	0	1	0	0	0	0	2	0	
0	0	0	0	0	0	1	0	0	1	0	92	119	57	1	0	1	0	19	168	74	115	82	0	2	0	63	129	0	4	19	0	1	0	18	139	134	34	0	1	0	0	3	0	104	92	0	3	1	0	59	109	127	9	0	1	0	0	12	59	20	0	1	0	
0	0	0	0	0	0	0	0	0	0	3	131	167	113	5	0	2	0	36	165	124	163	21	0	2	0	45	100	9	1	0	0	2	0	40	146	126	76	0	3	0	16	46	0	45	106	0	3	0	8	153	152	181	57	0	3	1	0	21	64	33	0	0	0	
0	0	0	0	0	0	0	0	0	29	123	107	133	70	0	2	0	18	52	36	182	64	0	2	0	3	0	104	116	0	3	0	0	1	0	21	119	63	0	2	0	6	30	0	22	143	0	1	0	5	133	108	137	79	0	2	1	0	13	65	42	0	0	0	
0	0	0	7	2	0	0	0	1	0	5	150	151	33	0	2	0	0	2	7	99	173	0	1	1	0	24	185	226	69	0	1	0	0	0	16	80	30	0	1	0	11	80	13	50	104	0	3	0	3	140	175	171	73	0	3	0	0	0	1	2	0	0	0	
0	0	0	5	7	0	0	0	0	1	0	31	97	0	2	0	0	2	0	55	117	0	3	0	0	3	0	97	110	0	3	0	0	3	0	89	78	0	1	0	0	3	0	99	167	0	0	1	0	2	0	47	53	0	2	0	0	0	0	0	1	1	0	0	
0	0	0	0	4	3	0	0	0	1	0	10	155	94	3	0	0	3	0	102	75	31	54	0	0	0	0	89	6	71	27	0	0	2	0	123	127	19	0	1	2	0	31	147	70	0	2	0	2	0	37	142	92	0	0	0	0	0	0	11	4	0	0	0	
0	0	2	0	0	1	0	0	0	0	0	11	23	0	0	0	0	0	72	88	123	46	0	2	0	40	94	0	89	101	0	4	0	10	97	99	111	90	0	3	1	0	14	32	9	100	0	1	0	0	1	1	0	110	16	0	0	0	1	4	0	87	33	0	
0	0	0	0	0	0	0	0	0	0	1	0	67	13	0	0	0	0	0	0	123	9	0	0	0	1	0	28	113	0	2	0	0	3	0	74	87	0	3	0	0	2	0	125	36	0	1	0	1	0	14	96	0	1	0	0	0	0	1	1	0	0	0	0	
0	0	2	2	0	0	0	0	0	2	0	59	88	0	2	0	1	0	37	210	181	0	2	0	1	0	92	105	140	0	2	0	0	2	0	53	138	0	3	0	0	2	0	50	152	0	2	0	0	2	0	109	209	7	0	1	0	0	0	26	28	0	0	0	
0	0	0	4	9	1	0	0	2	0	32	169	166	87	0	2	0	0	15	24	26	155	15	0	0	1	0	9	222	169	0	2	0	44	11	0	32	86	0	0	0	91	192	66	60	147	0	0	1	0	95	199	203	85	0	3	0	1	0	0	0	0	0	0	
0	0	0	0	0	1	0	0	2	0	56	190	193	23	0	1	0	2	111	67	155	177	0	3	0	1	2	0	179	144	0	3	1	0	2	180	164	0	11	3	3	0	167	184	45	119	113	1	2	0	88	169	165	99	10	0	0	0	0	4	1	0	1	0	
0	1	0	12	19	0	1	0	0	2	0	178	102	0	4	0	3	0	152	172	0	48	16	0	0	54	218	2	126	255	122	0	0	103	60	18	191	32	148	28	0	61	151	156	205	183	163	2	1	0	85	114	140	57	0	1	0	1	0	0	0	0	2	1	
0	0	1	1	0	1	1	0	0	1	1	48	9	1	3	0	1	0	26	154	0	38	98	0	0	11	179	119	29	166	83	0	23	175	132	101	112	200	33	0	3	8	0	0	4	125	6	0	0	0	6	0	56	139	0	3	0	1	1	0	25	42	0	1	
0	0	1	1	0	2	0	0	0	2	0	35	167	113	4	0	1	0	9	211	122	89	62	0	4	0	132	132	0	26	86	0	0	11	152	11	0	83	103	0	0	25	136	12	115	135	0	0	2	0	106	208	136	9	0	1	0	0	1	2	0	2	1	0	
0	1	2	0	0	0	0	0	0	1	0	67	115	37	0	2	0	0	137	145	59	99	0	0	0	106	172	0	14	121	5	0	0	83	213	162	173	194	32	0	0	0	51	41	14	219	53	0	0	1	1	0	0	168	36	0	0	0	2	2	0	17	6	0	
0	0	1	1	0	1	0	0	0	1	2	0	0	11	57	0	2	0	44	78	0	55	99	0	0	3	198	116	0	108	58	0	0	32	159	116	117	157	4	0	0	0	3	0	136	102	0	3	0	1	3	4	121	15	0	1	0	0	0	4	19	0	0	0	
0	0	1	4	3	3	2	0	0	4	5	0	0	0	0	0	0	57	151	86	95	82	66	0	0	4	42	51	35	141	111	0	0	0	0	0	111	89	0	1	1	0	4	126	73	0	3	0	1	0	96	67	0	4	0	0	0	14	86	0	3	0	0	0	
0	0	0	1	1	3	0	0	0	1	0	8	162	78	27	0	0	2	0	127	78	35	79	0	0	0	12	95	59	125	15	0	1	0	23	191	141	14	0	1	4	0	96	129	91	0	2	0	1	0	25	140	140	0	0	0	0	0	0	5	4	0	0	0	
0	0	3	5	4	4	4	1	0	0	0	0	0	0	0	0	1	0	89	123	118	119	109	39	3	0	167	184	74	82	69	24	1	0	187	162	113	43	0	2	0	1	64	75	186	106	0	5	1	0	17	120	70	0	1	0	0	0	2	0	0	1	0	0	
0	0	1	2	0	1	0	0	0	0	0	6	24	0	0	0	1	0	2	149	143	9	0	1	3	0	85	67	61	114	0	3	2	0	87	70	145	63	0	2	0	0	1	29	115	0	0	0	0	2	0	92	62	0	2	0	0	0	4	77	3	0	0	0	
0	1	0	17	19	0	1	0	0	2	0	59	141	88	50	0	0	1	0	36	118	38	37	0	1	0	97	178	67	0	2	0	1	0	73	94	113	100	2	0	0	8	48	8	42	168	23	0	0	6	112	122	105	28	0	1	0	0	0	0	0	0	0	0	
0	0	1	0	0	0	0	0	0	0	14	55	0	37	14	0	3	0	87	137	0	120	39	0	1	0	140	36	0	130	10	0	0	32	203	109	81	127	0	3	0	3	13	46	191	83	0	3	0	0	1	0	113	17	0	1	0	0	0	3	23	0	0	0	
0	0	1	0	0	0	0	0	1	0	28	122	79	36	0	1	4	0	139	129	149	78	0	3	3	0	163	147	130	115	0	1	2	0	101	138	0	148	26	0	1	0	31	30	0	139	41	0	2	0	44	151	143	158	4	0	0	1	0	30	63	11	0	1	
0	0	0	1	1	1	0	0	0	0	2	4	0	0	0	0	3	0	66	195	23	29	5	0	4	0	133	158	36	157	11	0	2	0	59	21	37	118	0	3	0	0	3	0	125	61	0	2	0	0	0	17	128	0	0	0	0	1	0	35	72	0	2	0	
0	0	0	6	34	2	0	0	0	2	0	124	213	8	0	1	2	0	32	222	36	0	1	0	4	0	110	161	87	173	0	0	4	0	111	160	219	220	0	0	3	0	62	246	255	120	0	4	0	1	0	95	131	5	0	1	0	0	1	0	0	1	0	0	
0	0	0	3	46	56	10	0	0	2	0	40	156	127	97	0	0	2	0	2	0	17	115	0	0	0	27	61	17	36	86	0	0	71	126	104	137	166	32	0	0	154	88	50	157	158	0	1	0	31	142	109	32	0	1	0	0	0	0	0	0	1	0	0	
0	0	0	1	0	0	0	0	0	1	0	6	156	30	0	1	0	3	0	98	216	0	0	1	0	3	0	184	161	0	3	0	0	3	0	181	131	0	4	0	0	3	0	183	162	0	2	0	0	2	0	59	156	14	0	1	0	0	0	0	0	0	0	0	
0	0	1	1	1	3	1	0	0	0	2	0	0	0	0	0	3	0	134	65	0	88	37	0	0	29	171	136	144	187	18	0	0	27	47	0	47	98	0	3	0	0	4	0	105	38	0	1	0	2	0	21	119	0	1	0	0	1	0	41	102	0	2	0	
0	0	1	1	0	0	0	0	0	1	0	22	112	103	0	0	1	0	12	141	42	154	46	0	2	0	55	102	75	119	0	1	0	0	0	187	227	51	0	2	2	0	60	174	121	0	2	0	3	0	135	167	82	0	2	0	1	0	15	52	6	0	0	0	
0	0	0	0	1	2	0	0	0	0	2	0	46	69	0	3	0	0	3	0	104	49	0	2	0	0	0	7	126	4	0	0	0	2	0	60	87	0	3	0	0	2	0	116	36	0	1	0	0	0	0	127	20	0	1	0	0	0	0	0	1	0	0	0	
0	0	0	1	1	1	0	0	0	1	0	33	11	7	0	0	0	0	10	119	50	89	0	2	2	0	46	113	120	56	0	2	1	0	3	139	177	0	1	0	0	2	0	65	97	0	3	0	0	3	0	110	59	0	2	0	0	1	0	38	12	0	0	0	
0	0	0	1	4	0	0	0	0	2	0	48	158	100	32	0	1	0	13	110	19	129	25	0	1	0	28	106	57	91	0	2	1	0	0	195	159	0	1	0	3	0	140	128	126	0	1	0	2	0	61	160	118	0	2	0	0	0	0	3	3	0	0	0	
0	0	0	0	11	25	0	1	0	0	2	0	115	86	0	2	0	2	0	48	98	0	1	0	0	1	0	118	30	0	1	0	1	0	22	135	139	9	0	0	2	0	40	138	106	2	0	0	0	0	1	100	38	0	1	0	0	0	0	0	1	0	0	0	
0	1	0	41	116	62	0	2	1	0	10	112	68	156	4	0	0	0	2	6	0	126	43	0	0	0	7	9	0	132	27	0	0	5	129	164	140	99	0	3	0	38	192	186	207	130	30	0	0	0	70	43	0	42	40	0	0	0	0	0	2	0	0	0	
0	0	1	0	0	0	0	0	0	0	0	67	52	0	0	0	3	0	93	116	98	44	0	2	2	0	45	91	158	42	0	2	0	0	2	0	98	28	0	1	0	0	3	0	107	26	0	1	0	0	3	0	133	63	0	2	0	0	2	0	53	36	0	1	
0	0	0	0	1	1	0	0	0	0	2	0	71	53	0	2	0	0	2	0	127	35	0	1	0	1	0	27	126	0	1	0	0	3	0	91	69	0	2	0	1	0	24	129	1	0	0	0	3	0	69	62	0	2	0	0	0	0	1	2	0	0	0	0	
0	0	0	0	2	0	0	0	0	1	0	85	23	0	1	0	0	0	2	140	129	22	0	1	1	0	15	193	184	6	0	1	1	0	19	205	151	0	2	0	0	0	0	10	144	5	0	0	0	0	0	10	174	17	0	1	0	0	0	2	25	1	0	0	
0	0	1	2	1	2	1	0	0	0	9	5	0	0	0	0	2	0	145	147	24	61	42	0	0	53	124	38	112	180	35	0	0	33	32	0	38	105	0	2	0	0	3	0	117	49	0	2	0	3	0	49	106	0	2	0	0	3	0	82	60	0	2	0	
0	1	2	0	0	0	0	0	1	0	18	99	98	105	123	32	0	16	173	105	90	85	64	11	0	37	177	70	0	0	0	0	0	0	1	87	145	32	0	2	0	45	90	0	27	129	2	0	0	0	105	149	127	146	5	0	0	1	0	28	68	19	0	1	
0	0	1	2	0	2	1	0	0	0	6	2	0	0	0	0	1	0	162	116	0	37	22	0	0	44	121	81	124	171	41	0	0	46	36	0	8	109	4	0	0	0	4	0	65	82	0	3	0	1	0	1	106	14	0	1	0	1	0	29	68	0	2	0	
0	0	0	1	1	0	0	0	0	1	0	29	160	80	0	1	0	2	0	110	59	33	0	0	1	0	19	137	5	0	0	0	0	1	0	33	103	9	0	1	0	0	11	0	113	62	0	2	1	0	8	121	137	6	0	1	0	0	0	8	4	0	0	0	
0	0	0	6	6	0	0	0	2	0	50	160	162	63	0	2	1	0	26	13	28	157	0	0	0	3	0	31	204	105	0	4	0	0	0	0	60	118	0	3	0	62	78	0	61	82	0	3	0	35	162	149	122	6	0	1	0	0	2	12	3	0	0	0	
0	0	0	1	1	1	0	0	0	0	0	16	14	0	0	0	0	0	0	118	182	17	0	1	2	0	55	47	87	59	0	2	1	0	31	145	141	14	0	1	0	1	0	32	104	0	1	0	0	1	0	38	68	0	2	0	0	2	0	52	40	0	1	0	
0	0	0	16	14	0	0	0	1	0	25	157	196	41	0	2	1	0	19	5	94	148	0	3	0	6	76	8	30	140	0	2	0	100	181	163	170	95	0	4	0	77	154	180	197	156	99	4	0	0	15	11	0	8	17	0	0	2	1	0	3	1	0	0	
0	0	0	0	0	0	0	0	0	39	205	213	124	0	1	0	0	21	80	54	179	32	0	1	0	1	0	86	239	97	0	3	1	0	23	188	97	167	40	0	0	14	98	17	0	138	57	0	1	0	147	168	156	119	0	2	0	0	0	9	11	0	0	0	
0	0	1	2	0	0	1	0	0	2	0	29	184	160	12	0	1	0	15	196	145	128	150	0	0	0	172	88	0	32	162	0	0	111	109	0	0	54	150	0	0	180	48	9	56	170	48	0	0	92	195	176	166	57	0	2	0	0	3	5	0	1	1	0	
0	0	0	1	0	0	0	0	0	2	0	47	90	0	3	0	0	3	0	100	92	0	3	0	0	3	0	96	73	0	3	0	0	3	0	100	80	0	3	0	0	3	0	97	95	0	3	0	0	2	0	49	92	0	3	0	0	0	0	0	2	0	0	0	
0	0	0	1	0	1	0	0	0	0	1	2	0	24	56	0	0	0	6	109	0	92	59	0	3	0	83	99	0	119	1	0	0	7	171	119	111	89	0	3	0	5	11	10	167	83	0	2	0	0	0	18	107	0	1	0	0	0	0	7	20	0	0	0	
0	0	0	0	1	1	0	0	0	5	99	136	51	0	1	0	0	37	129	65	188	49	0	2	0	0	4	0	104	123	0	4	1	0	26	88	159	137	0	4	2	0	49	131	203	174	0	0	0	0	4	0	146	92	0	3	0	0	2	1	27	14	0	1	
0	1	0	25	44	0	2	0	0	1	0	115	50	0	2	0	3	0	70	109	0	11	3	0	1	0	101	17	17	164	73	0	0	21	131	3	138	131	82	0	0	0	112	185	187	93	10	0	0	1	0	23	17	0	1	0	0	0	2	0	1	3	1	0	
0	0	0	0	0	2	0	0	0	37	116	42	14	1	1	0	0	56	205	219	239	117	0	3	1	0	15	126	255	223	15	0	0	4	201	255	245	255	89	0	0	2	14	139	255	92	10	0	0	4	0	126	221	1	0	1	0	0	0	18	28	0	2	0	
0	0	1	0	51	10	0	0	0	1	0	31	123	1	1	0	0	1	0	116	37	0	1	0	2	0	46	99	25	132	23	0	3	0	88	67	98	134	54	0	3	0	92	195	139	75	2	0	0	0	7	63	42	0	0	0	0	0	0	0	0	1	0	0	
0	0	0	0	0	0	0	0	0	1	0	26	46	0	1	0	0	1	0	25	101	0	2	0	0	1	0	18	108	0	1	0	0	1	0	23	94	0	2	0	0	1	0	31	88	0	2	0	0	2	0	48	83	0	3	0	0	0	0	8	14	0	0	0	
0	0	0	0	6	3	0	0	0	1	0	22	147	85	0	2	0	1	0	70	100	123	0	3	0	0	2	129	135	18	0	1	1	0	13	215	65	0	2	0	3	0	63	154	154	31	0	1	0	0	3	92	172	42	0	2	0	0	0	2	6	0	0	0	
0	1	0	19	55	0	1	0	0	3	0	94	74	0	2	0	0	0	0	120	13	0	0	0	1	0	24	98	19	51	0	0	2	0	50	133	95	144	48	0	2	0	39	207	89	114	10	0	0	0	1	49	64	16	0	1	0	0	0	0	0	2	1	0	
0	0	0	1	4	1	0	0	0	1	0	23	163	145	5	0	0	3	0	86	43	11	6	0	0	0	1	149	128	57	0	2	0	8	2	35	55	130	0	1	0	86	125	0	40	93	0	2	0	3	109	155	155	21	0	1	0	0	0	2	3	0	0	0	
0	1	1	0	0	0	1	1	2	0	43	167	108	48	7	0	0	9	188	77	105	178	156	0	0	76	159	0	6	0	165	55	0	132	88	0	2	2	187	51	0	149	145	71	120	197	119	0	0	40	162	148	120	54	0	1	0	0	0	0	0	0	2	0	
0	0	1	3	0	1	1	0	0	1	1	0	21	24	0	0	1	0	32	129	147	165	32	0	0	16	131	37	0	138	51	0	0	74	151	60	137	112	0	3	0	3	100	79	108	29	0	1	0	1	0	30	101	0	2	0	0	2	0	64	51	0	2	0	
0	0	0	0	2	2	0	0	0	0	2	0	70	32	0	1	0	0	0	6	125	6	0	0	0	1	0	45	107	0	3	0	0	3	0	88	69	0	2	0	0	0	1	133	15	0	1	0	1	0	34	95	0	2	0	0	0	0	1	2	0	0	0	0	
0	0	0	2	0	1	0	0	0	0	2	0	84	163	11	0	0	2	0	90	120	141	15	0	2	0	50	112	68	81	0	2	1	0	24	195	101	0	1	0	3	0	67	176	104	0	3	0	3	0	59	177	89	0	2	0	0	0	0	9	3	0	0	0	
0	0	1	3	0	0	0	0	0	0	1	0	52	46	0	1	0	1	0	112	252	148	0	3	3	0	73	254	246	136	0	4	2	0	32	163	250	70	0	3	0	3	0	122	173	0	2	0	1	0	22	220	38	0	2	0	1	0	13	70	0	0	0	0	
0	0	0	2	20	2	0	0	0	2	0	18	126	117	18	0	1	0	9	3	0	52	95	0	0	56	134	117	2	41	108	0	34	94	0	71	165	133	26	0	25	108	104	119	192	52	0	2	0	17	42	16	18	12	0	0	1	1	0	0	2	0	0	0	
2	0	75	21	0	2	1	0	3	0	122	52	0	2	0	0	3	0	135	42	0	42	29	0	0	7	154	4	100	185	135	0	0	42	151	82	206	159	91	0	0	18	187	206	216	169	11	0	0	0	8	12	1	3	2	0	0	1	1	0	0	0	0	0	
0	0	0	2	1	0	0	0	0	0	1	0	16	43	44	7	0	4	0	55	139	127	103	12	0	0	0	183	69	0	2	0	0	59	24	23	119	23	0	1	0	85	142	26	129	30	0	1	0	0	79	136	73	0	1	0	0	1	0	0	0	0	0	0	
0	0	0	0	1	0	0	0	0	3	103	81	41	0	1	0	1	0	94	94	73	9	0	0	0	2	0	100	155	0	2	0	0	1	0	80	115	52	0	2	0	0	5	111	23	110	0	1	0	2	0	89	115	114	6	0	0	0	0	1	51	20	0	1	
0	0	0	0	1	0	0	0	0	0	2	0	67	77	0	3	0	0	3	0	150	71	0	3	0	1	0	21	170	7	0	1	0	3	0	119	104	0	3	0	1	0	32	159	4	0	0	0	3	0	86	80	0	3	0	0	0	0	2	2	1	0	0	0	
0	0	0	1	0	1	0	0	0	0	0	15	91	0	1	0	0	3	0	114	111	0	3	0	1	0	28	146	41	117	0	2	3	0	161	169	165	122	0	4	1	0	79	108	142	121	0	4	0	0	1	0	24	56	0	2	0	0	3	4	3	0	0	0	
0	0	1	1	0	1	1	0	0	2	0	39	217	116	0	2	0	0	1	163	96	170	69	0	3	0	109	111	0	89	109	0	0	27	155	6	0	95	70	0	0	87	111	2	96	136	1	0	0	51	180	150	106	12	0	1	0	0	5	1	0	1	1	0	
0	0	2	2	0	0	1	0	0	0	1	0	96	107	8	0	2	0	31	182	186	68	103	0	2	0	153	80	84	0	106	44	0	46	146	0	0	10	135	28	0	67	132	0	42	143	53	0	0	14	158	152	140	42	0	2	1	0	19	42	3	0	2	0	
0	0	0	1	2	0	0	0	0	3	0	90	172	121	44	0	0	3	0	128	32	68	69	0	1	0	12	147	127	35	0	2	2	42	2	0	32	114	0	0	0	134	149	14	0	92	2	0	0	3	123	168	145	58	0	2	0	1	0	6	11	0	0	0	
1	0	40	53	0	2	1	0	2	0	155	58	0	2	2	1	0	26	138	0	0	44	114	0	0	66	109	0	0	126	104	0	0	60	155	0	0	154	49	0	1	0	129	178	143	192	53	0	0	0	0	27	11	26	27	0	0	0	2	0	1	1	0	0	
0	0	1	1	5	2	0	0	0	2	0	37	183	101	0	2	0	0	1	164	71	128	31	0	3	0	104	89	0	99	70	0	0	25	118	0	0	83	71	0	0	67	80	0	41	139	22	0	0	21	141	157	151	51	0	2	0	0	0	3	0	0	1	0	
0	0	0	0	33	12	0	0	0	1	0	15	236	84	0	3	0	2	0	16	255	150	0	4	0	2	0	84	255	85	0	3	0	6	107	244	255	157	89	19	0	80	255	250	232	155	106	16	0	5	59	61	12	1	0	0	0	0	0	0	0	2	4	1	
0	0	0	2	9	2	0	0	0	1	0	133	176	132	4	0	0	1	1	6	0	141	28	0	2	0	36	150	223	133	0	3	0	23	17	56	102	110	0	2	0	86	195	33	7	124	1	0	1	0	96	198	183	70	0	2	0	1	0	1	3	0	0	0	
0	0	0	0	2	0	0	0	0	28	86	56	3	0	0	0	0	52	88	110	109	0	0	0	0	0	3	0	102	57	0	2	0	2	6	0	91	69	0	3	0	0	3	0	111	73	0	1	0	0	0	4	148	69	0	0	0	0	0	13	51	0	1	0	
0	0	1	1	0	2	2	0	0	0	1	2	0	57	34	0	2	0	46	39	0	94	14	0	0	0	137	24	10	99	0	1	0	46	143	69	92	78	0	3	0	2	2	11	122	45	0	2	0	0	2	0	64	5	0	0	0	0	0	1	3	0	0	0	
0	0	0	1	0	0	0	0	0	0	1	0	55	140	117	0	0	2	0	70	229	224	203	0	0	4	0	98	240	147	29	0	2	0	66	197	191	3	0	1	0	62	187	155	139	0	5	0	0	95	249	181	24	0	1	0	0	5	39	9	0	0	0	0	
0	0	0	0	1	3	0	0	0	0	13	29	13	0	0	0	0	6	175	208	184	102	0	1	0	1	7	0	65	200	5	0	0	7	85	166	207	95	0	2	0	15	146	202	152	0	2	0	0	0	3	0	112	74	0	3	0	1	6	0	50	57	0	2	
0	0	0	0	0	0	0	0	0	0	75	162	158	17	0	1	0	34	186	57	184	58	0	2	0	2	0	32	178	10	0	1	0	3	0	153	114	0	28	0	2	0	65	240	198	156	120	0	2	0	135	66	70	130	14	0	0	0	0	0	0	0	0	0	
0	0	1	1	0	2	0	0	0	1	0	32	64	0	0	0	2	0	37	145	133	90	0	0	2	0	94	22	2	178	26	0	2	0	95	124	148	126	0	3	1	0	16	44	124	36	0	1	0	1	0	29	115	0	2	0	0	1	0	28	31	0	1	0	
0	0	0	0	0	0	0	0	0	1	0	114	225	107	0	3	1	0	31	150	203	159	0	4	0	2	0	60	229	39	0	2	1	0	15	222	97	0	3	0	4	0	126	243	99	165	71	0	2	0	58	189	166	83	7	0	0	0	0	0	0	0	0	0	
0	0	0	9	19	0	1	0	0	2	0	108	69	0	3	0	3	0	68	125	0	33	5	0	0	1	125	14	109	184	80	0	0	24	110	86	106	39	87	0	2	0	109	214	120	83	4	0	1	0	25	45	1	1	1	0	0	0	2	0	0	2	1	0	
0	0	1	7	1	2	0	0	3	0	68	109	0	2	0	0	0	0	151	26	34	66	0	2	0	1	153	0	95	116	0	4	3	0	91	154	209	87	0	3	0	0	4	68	205	80	0	3	0	0	4	0	88	91	0	3	0	0	0	3	1	1	0	0	
0	0	1	0	34	41	0	0	0	1	0	10	137	149	78	0	0	1	0	0	0	1	100	7	0	8	53	53	10	0	109	14	0	159	127	73	78	115	117	0	0	132	148	103	196	197	7	0	0	3	62	85	41	30	4	0	0	2	0	0	0	0	0	0	
0	0	0	0	7	36	0	0	0	0	0	45	131	77	0	1	2	0	61	152	13	0	1	0	3	0	79	68	9	9	0	0	4	0	114	165	125	118	0	0	2	0	62	91	49	169	39	0	0	0	1	0	95	99	0	1	0	0	2	3	0	0	0	0	
0	0	0	1	1	0	4	2	0	0	2	0	98	111	98	8	0	3	0	44	170	16	3	0	1	0	2	165	132	105	9	0	0	44	17	7	0	78	50	0	0	93	180	37	28	105	19	0	1	0	87	163	162	56	0	2	0	1	0	0	0	1	0	0	
0	0	4	3	0	0	0	0	0	28	169	179	137	8	0	1	0	6	18	22	214	65	0	3	0	2	0	60	190	3	2	1	0	1	0	181	79	0	3	0	2	0	33	198	46	78	74	11	0	0	0	150	197	144	129	30	0	0	0	0	0	0	0	0	
0	0	0	2	0	0	0	0	0	0	2	0	87	201	62	0	0	3	0	107	145	74	93	0	3	0	68	150	0	7	70	0	0	4	130	21	0	51	104	0	0	59	162	0	26	131	35	0	0	20	159	150	134	36	0	1	0	0	0	5	2	1	1	0	
0	0	0	0	0	1	0	0	1	0	7	128	95	0	0	0	2	0	30	205	200	115	0	4	1	0	3	165	230	206	2	0	0	0	1	0	79	185	0	1	0	1	0	22	192	102	0	3	0	8	177	200	114	0	1	0	0	2	44	9	0	2	0	0	
0	0	0	17	64	0	1	0	0	2	0	121	70	0	4	0	3	0	83	128	0	2	0	0	0	8	121	9	0	108	112	0	0	61	85	0	98	103	131	2	0	33	142	147	157	55	35	0	1	0	21	71	59	16	0	0	0	1	1	0	0	0	2	0	
0	0	1	1	0	1	0	0	0	0	0	8	28	2	0	0	2	0	34	115	105	66	0	2	3	0	94	77	9	86	0	2	3	0	86	30	26	64	0	2	0	0	2	0	58	52	0	2	0	0	3	0	84	27	0	1	0	0	1	0	72	7	0	0	
0	0	1	2	0	2	0	0	0	0	0	1	23	4	0	0	1	0	26	130	164	171	14	0	0	6	142	70	95	172	0	1	0	23	147	81	164	59	0	2	0	0	1	17	139	4	0	0	0	3	0	103	97	0	3	0	0	2	0	100	23	0	1	0	
0	0	0	0	0	0	0	0	1	0	32	108	112	38	0	1	2	0	65	40	56	119	0	3	0	0	0	79	173	36	0	2	0	0	4	45	107	58	0	2	0	0	10	6	45	113	0	3	3	0	60	167	143	53	0	2	0	0	5	54	18	0	1	0	
0	1	1	0	0	2	0	0	3	0	71	219	91	0	1	0	0	0	209	134	191	155	0	2	0	34	231	24	1	208	64	0	0	24	228	42	0	155	134	0	2	0	190	158	0	201	92	0	2	0	34	188	170	101	0	0	0	0	0	1	2	0	1	0	
0	0	0	0	0	0	0	0	0	0	77	185	186	33	0	2	0	5	144	78	148	185	0	3	0	0	3	0	169	153	0	4	0	1	0	150	219	8	0	1	3	0	147	208	63	88	3	0	2	0	50	160	189	91	0	2	0	0	0	0	1	0	0	0	
0	0	0	0	0	0	0	0	0	1	0	16	168	14	0	1	0	2	0	41	222	15	0	1	0	2	0	57	225	12	0	1	0	3	0	76	237	11	0	1	0	3	0	139	230	1	0	1	0	1	0	156	101	0	2	0	0	0	0	0	0	0	0	0	
0	0	1	0	0	0	2	0	0	1	0	30	59	17	0	0	1	0	20	226	244	201	117	0	4	0	123	178	0	17	47	4	1	0	28	138	108	0	1	0	0	0	0	7	158	12	0	1	0	1	79	147	119	0	2	0	1	0	95	114	7	0	1	0	
0	0	0	0	0	0	0	0	1	0	136	220	123	0	2	0	0	1	85	107	230	17	0	1	0	3	0	102	197	0	3	3	1	0	121	255	156	0	3	0	0	12	219	167	184	164	79	88	0	0	3	1	0	99	189	84	0	0	0	3	2	0	0	0	
0	0	0	0	75	16	0	1	0	2	0	73	110	0	2	0	0	0	3	130	12	0	0	0	2	0	49	104	38	83	15	0	3	0	86	145	37	84	110	0	3	0	74	137	46	110	30	0	0	0	0	58	66	14	0	1	0	0	1	0	0	1	1	0	
0	1	1	0	0	0	0	0	0	87	162	74	4	2	0	0	0	9	23	164	97	0	4	0	2	0	38	219	189	33	0	1	0	0	12	5	50	161	1	0	0	1	0	58	67	182	19	0	0	2	0	118	231	98	0	3	0	0	0	0	0	0	0	0	
0	1	0	0	0	0	0	0	0	5	12	0	0	28	6	0	0	64	59	0	0	135	34	0	0	110	32	0	18	146	9	0	0	63	130	81	114	126	0	3	0	0	21	6	50	102	0	3	0	1	3	0	66	102	0	4	0	0	2	0	24	30	0	1	
0	0	0	0	1	0	0	0	2	0	58	37	15	18	0	1	4	0	135	75	105	90	0	3	4	0	144	166	198	88	0	3	2	0	59	128	218	69	0	3	0	0	1	0	174	38	0	2	0	0	0	8	189	32	0	1	0	0	0	0	29	4	0	0	
0	0	1	0	14	26	0	1	0	1	0	28	203	95	0	3	0	1	0	186	113	0	3	0	3	0	78	171	0	14	6	0	4	0	158	189	150	237	40	0	4	0	164	176	196	137	0	2	2	0	42	149	78	0	1	0	0	0	0	0	0	2	0	0	
0	0	0	0	0	0	0	0	1	0	22	146	163	156	162	49	4	0	112	208	95	118	131	41	4	0	169	216	37	0	1	0	2	0	73	178	207	115	0	3	0	3	122	39	105	203	0	0	2	0	130	249	246	79	0	2	0	0	0	41	36	0	0	0	
0	0	2	3	0	0	1	0	0	2	0	25	170	109	0	0	2	0	28	192	192	193	144	0	0	9	224	149	0	92	238	17	0	116	223	0	120	255	139	0	0	93	247	207	241	98	0	0	0	0	95	123	17	0	2	0	0	1	0	0	1	4	0	0	
0	0	14	50	0	1	0	0	2	0	45	157	0	3	1	0	4	0	113	174	0	3	0	0	2	0	193	125	146	176	24	0	3	0	156	255	87	160	81	0	2	0	34	230	160	178	31	0	0	1	0	29	77	10	0	1	0	0	2	1	0	1	1	0	
0	0	1	1	0	9	1	0	0	1	0	17	71	114	79	0	1	0	20	96	22	52	90	0	0	3	92	17	0	101	39	0	0	6	62	12	52	88	0	2	0	57	105	169	172	17	0	1	0	58	125	67	10	1	0	0	0	1	7	0	0	0	0	0	
0	0	2	0	1	2	0	0	0	0	0	15	8	0	0	0	3	0	134	245	178	51	0	2	2	0	138	117	58	158	0	3	0	0	3	0	88	150	0	4	0	0	3	0	178	70	0	3	0	2	0	68	190	0	1	0	0	3	0	79	92	0	3	0	
0	0	0	0	0	0	0	0	0	1	0	30	141	76	0	0	0	3	0	105	82	157	43	0	0	2	0	84	73	83	0	1	0	2	0	157	131	0	0	1	3	0	111	162	46	0	2	0	2	0	98	123	44	0	2	0	0	0	7	46	2	0	0	0	
0	0	0	4	2	0	0	0	2	0	87	155	48	13	0	1	0	38	249	70	154	47	0	2	0	6	106	205	237	30	0	2	0	1	0	165	90	144	23	0	1	0	12	180	52	170	47	0	0	2	0	63	212	142	0	0	0	0	0	0	0	0	0	0	
0	0	7	5	0	1	0	0	2	0	69	150	53	0	1	0	0	1	0	13	190	53	0	2	1	0	21	107	81	5	0	0	3	0	64	203	99	17	0	1	0	1	0	28	95	192	17	0	0	1	0	71	116	113	5	0	0	0	0	1	9	0	0	0	
0	0	1	1	0	0	0	0	0	1	0	57	45	0	1	0	2	0	40	172	149	15	0	1	2	0	40	154	186	30	0	1	0	2	0	55	183	0	0	0	0	1	0	35	156	0	2	0	0	3	0	74	147	0	4	0	0	1	0	37	58	0	2	0	
0	0	0	1	6	0	0	0	0	1	0	81	103	7	0	1	2	0	42	76	46	55	0	2	1	0	26	125	148	70	0	3	1	0	19	115	124	67	0	3	2	0	53	51	0	98	0	1	1	0	15	111	98	45	0	1	0	0	0	6	13	0	0	0	
0	0	1	0	0	2	1	0	1	0	24	194	110	2	0	0	4	0	138	169	139	186	2	0	0	0	207	65	0	173	98	0	0	13	213	35	0	151	109	0	2	0	173	165	63	224	21	0	1	0	11	166	195	45	0	2	0	0	1	0	0	1	1	0	
0	0	1	0	0	0	0	0	1	0	30	136	72	32	5	0	0	2	149	90	132	143	105	0	0	23	166	0	44	154	33	0	2	0	92	192	162	27	0	1	2	0	43	138	144	26	0	1	0	0	132	2	121	73	0	3	0	4	23	3	38	5	0	0	
0	0	0	0	0	0	0	0	0	1	0	22	168	16	0	1	0	3	0	70	255	31	0	2	0	4	0	105	244	13	0	1	0	3	0	101	235	6	0	1	0	4	0	138	201	0	2	0	0	3	0	144	130	0	3	0	0	0	0	0	0	0	0	0	
0	1	3	0	0	2	2	0	0	1	0	18	27	1	0	0	0	19	113	117	110	125	45	0	1	127	64	0	0	102	93	0	13	42	0	0	44	142	1	0	0	2	0	12	150	36	0	2	1	3	0	123	69	0	3	0	0	0	11	102	1	1	0	0	
0	0	0	0	1	0	0	0	0	29	133	94	10	0	1	0	0	51	245	225	152	0	2	0	0	1	1	26	207	16	0	2	0	1	0	156	161	0	2	0	3	0	126	255	186	58	120	59	1	0	16	29	80	130	127	25	0	0	0	0	0	0	0	0	
0	0	0	2	81	15	0	1	0	2	0	96	121	0	1	0	1	0	25	138	0	0	1	0	3	0	84	85	81	88	9	0	4	0	93	214	24	52	92	0	1	0	14	174	114	90	66	0	0	0	0	7	76	57	0	0	0	0	1	2	0	0	1	0	
0	6	5	0	2	1	0	0	0	90	172	90	8	0	1	0	0	1	27	85	151	35	0	1	0	1	0	101	238	47	0	2	0	0	5	133	192	125	0	1	1	0	11	130	78	214	19	0	1	0	4	186	213	91	0	1	0	0	0	0	0	0	0	0	
0	0	0	0	0	2	0	0	2	0	43	109	40	0	1	0	3	0	84	97	99	104	10	0	0	0	7	57	102	119	0	2	0	2	0	100	154	0	1	0	1	0	37	103	82	29	0	1	1	0	9	111	127	9	0	1	0	1	0	23	29	0	1	0	
0	0	0	0	1	0	0	0	1	0	38	60	0	57	1	0	4	0	123	103	57	170	0	2	1	0	201	69	132	130	0	3	0	0	173	198	234	179	0	1	0	0	3	19	214	52	0	2	0	2	0	33	201	13	0	1	0	0	0	7	25	0	0	0	
0	0	0	0	0	0	0	0	0	36	116	112	65	8	0	0	0	44	48	7	142	80	0	3	2	0	35	174	140	2	0	0	1	0	35	94	110	78	0	2	0	0	0	0	4	143	10	0	0	2	0	86	172	109	0	1	0	1	0	22	54	7	0	0	
0	0	0	0	0	0	0	0	1	0	37	65	67	70	51	13	4	0	94	255	206	194	191	39	4	0	96	220	0	0	1	0	4	0	128	254	101	1	1	1	1	0	33	82	185	100	0	4	2	0	53	170	224	99	0	4	1	0	25	142	94	0	0	0	
0	0	1	3	2	3	3	1	0	1	1	1	2	0	0	0	1	0	8	142	208	183	187	60	0	26	224	238	105	85	70	19	0	44	203	202	138	0	1	0	0	5	55	29	198	30	0	2	1	0	141	216	174	8	0	1	0	0	1	25	5	0	0	0	
0	1	0	69	27	0	1	0	0	0	0	191	45	0	3	0	2	0	38	200	7	0	1	0	4	0	91	206	121	171	16	0	4	0	98	255	128	173	121	0	3	0	62	255	131	172	82	0	0	0	0	52	97	50	0	1	0	0	1	0	0	0	1	0	
0	0	0	11	5	0	0	0	2	0	67	126	117	20	0	1	0	0	47	15	153	76	0	3	1	0	0	190	194	117	0	1	0	2	4	22	0	133	34	0	0	15	97	2	17	168	17	0	2	0	74	151	163	83	0	2	0	0	0	7	7	0	0	0	
0	0	0	0	0	3	0	0	1	0	21	90	30	0	1	0	1	0	193	189	154	75	0	0	1	0	107	30	8	170	9	0	0	0	2	0	80	169	0	3	0	0	4	0	185	83	0	3	0	3	0	72	210	0	0	0	0	1	0	43	73	0	1	0	
0	0	0	2	0	0	0	0	0	0	2	0	46	109	29	0	0	0	0	111	97	48	7	0	2	0	77	167	88	1	0	0	1	0	62	0	92	56	0	2	1	0	39	3	94	56	0	2	3	0	71	112	121	10	0	1	0	0	0	50	25	0	1	0	
0	0	1	0	0	0	0	0	2	0	33	146	65	60	2	0	0	0	188	123	162	187	0	1	0	26	250	61	150	51	0	2	2	0	86	209	223	38	0	1	0	2	0	65	187	150	91	0	0	1	0	10	169	215	106	0	0	0	1	0	29	47	0	0	
0	0	2	0	0	3	0	0	0	0	0	55	50	0	1	0	3	0	101	196	190	109	3	0	0	16	167	0	36	223	16	0	0	6	178	124	161	130	0	3	1	0	32	117	212	59	0	3	0	0	2	0	171	39	0	1	0	0	2	2	72	15	0	1	
0	0	2	0	0	1	0	0	0	1	0	65	66	0	1	0	3	0	90	138	150	55	0	2	3	0	138	92	145	138	0	4	0	0	1	46	195	56	0	2	0	1	0	11	178	16	0	1	0	2	0	48	166	0	2	0	0	1	0	20	64	0	1	0	
0	0	0	0	0	0	0	0	0	4	14	22	47	42	5	0	0	59	206	172	200	247	41	0	0	6	26	0	103	216	3	0	0	1	0	17	220	82	0	3	0	4	0	146	190	0	3	0	2	0	31	243	93	0	3	0	1	0	29	96	0	0	0	0	
0	0	1	0	0	0	1	0	1	0	7	93	143	42	0	1	3	0	133	244	206	239	42	0	0	6	227	71	0	138	113	0	0	61	249	32	0	91	175	0	0	45	253	64	0	177	121	0	2	0	142	230	160	116	7	0	0	0	2	35	19	0	2	0	
0	0	0	2	1	0	0	0	0	0	3	0	21	134	114	0	0	2	0	44	180	173	167	0	2	0	43	187	56	146	39	0	1	0	176	48	144	104	0	3	0	66	141	138	119	0	4	0	0	72	232	140	0	3	0	0	0	1	36	5	1	0	0	0	
0	0	0	0	0	0	0	0	0	0	0	2	167	38	0	2	0	2	0	51	245	29	0	2	0	3	0	98	224	1	0	1	0	4	0	153	213	0	1	0	0	2	0	189	200	0	2	0	0	2	0	162	105	0	3	0	0	0	0	0	0	0	0	0	
0	0	0	0	0	1	0	0	2	0	72	133	50	0	1	0	2	0	115	84	175	46	0	5	0	0	3	0	77	122	0	4	2	0	56	119	207	195	119	78	0	11	184	138	141	11	58	57	0	1	94	85	4	0	0	0	0	0	0	0	2	1	2	2	
0	0	0	0	1	0	0	0	0	1	55	81	7	0	0	0	0	63	210	154	165	0	0	1	0	13	7	74	198	0	2	0	1	0	22	229	66	0	5	6	3	0	81	254	152	125	151	63	0	0	4	36	75	66	20	1	0	0	0	0	0	0	0	0	
0	0	48	50	0	1	0	0	1	0	107	155	116	0	0	0	0	0	2	0	118	106	0	3	0	0	2	0	41	146	0	2	2	0	86	90	113	118	0	3	3	0	165	250	247	82	0	3	1	0	34	73	33	78	0	1	0	0	0	0	0	0	0	0	
0	0	11	4	0	0	0	0	0	17	136	144	59	0	1	0	0	3	0	22	203	41	0	2	0	2	0	149	241	27	0	2	0	0	0	59	115	160	10	0	3	0	68	152	14	199	30	0	1	0	20	145	216	128	0	1	0	0	0	0	1	0	0	0	
0	2	3	0	0	1	0	0	0	57	193	173	88	0	1	0	0	6	15	34	203	84	0	3	1	0	45	119	242	141	0	3	2	0	103	128	56	201	88	0	0	13	32	0	72	215	53	0	0	15	137	167	158	56	0	2	0	0	0	1	0	0	1	0	
0	0	0	0	1	0	0	0	1	0	34	46	0	10	0	0	4	0	142	61	102	81	0	3	4	0	121	202	227	160	0	0	0	1	0	105	200	53	15	0	0	3	0	106	154	0	4	0	0	3	0	115	131	0	4	0	0	0	0	6	21	0	0	0	
0	0	0	5	5	0	0	0	1	0	9	154	135	102	1	0	0	0	8	31	52	170	3	0	0	2	0	49	138	27	0	1	1	0	26	147	6	0	1	0	0	0	12	96	182	40	0	2	0	13	143	114	105	12	0	1	0	0	8	12	0	0	0	0	
0	0	0	0	0	0	0	0	0	2	0	72	127	27	17	7	1	0	25	210	178	197	167	30	4	0	122	191	0	11	8	0	3	0	81	208	99	0	1	1	2	0	42	41	162	45	0	2	3	0	68	224	179	12	0	1	0	0	0	42	19	0	1	0	
0	0	0	0	0	0	0	0	0	2	0	56	94	0	3	0	0	2	0	63	141	0	3	0	0	2	0	61	136	0	3	0	0	2	0	59	140	0	3	0	0	1	0	39	160	0	2	0	0	1	0	29	136	0	1	0	0	0	0	0	1	0	0	0	
1	0	38	56	0	2	0	0	4	0	143	137	0	7	2	0	4	0	156	105	0	4	0	0	3	0	182	89	0	175	73	0	0	0	220	57	120	207	184	2	1	0	185	193	203	120	159	0	1	0	18	85	73	64	27	0	0	0	1	0	0	0	0	0	
0	0	0	0	0	0	0	0	0	0	1	0	63	20	0	1	0	0	2	0	105	33	0	1	0	0	0	9	107	1	0	0	0	2	0	65	90	0	3	0	0	2	0	100	38	0	1	0	0	1	0	89	12	0	0	0	0	0	0	13	2	0	0	0	
0	0	0	0	1	2	0	0	1	0	20	80	23	0	1	0	2	0	159	181	154	51	0	1	0	0	21	0	95	179	0	2	0	0	1	0	184	73	0	3	0	3	0	84	189	0	1	0	0	4	0	160	100	0	3	0	0	1	0	60	35	0	1	0	
0	0	0	2	3	0	0	0	2	0	100	199	138	0	1	0	1	0	185	54	0	4	1	0	2	0	183	142	95	17	0	1	2	0	80	129	123	172	12	0	0	0	2	12	3	197	65	0	1	0	7	157	174	127	4	0	0	0	0	1	0	0	0	0	
0	1	0	0	1	1	0	0	2	0	75	103	0	116	26	0	0	40	243	126	67	205	8	0	0	41	225	104	209	88	0	3	2	0	66	246	230	42	0	2	2	0	51	187	39	197	17	0	0	1	0	143	208	179	7	0	0	0	0	4	54	23	0	1	
0	0	0	3	8	0	0	0	1	0	23	106	128	44	0	2	1	0	21	14	79	97	0	3	0	0	11	50	160	34	0	2	3	0	131	198	153	65	0	2	0	0	17	0	60	157	0	3	1	0	23	99	146	36	0	2	0	0	1	11	3	0	0	0	
0	0	1	0	2	0	0	0	0	0	5	27	1	0	0	0	2	0	147	184	93	0	1	0	2	0	134	153	214	44	0	2	0	0	7	24	160	34	0	1	0	0	1	0	169	27	0	1	0	0	0	1	169	25	0	1	0	0	0	0	118	21	0	1	
0	0	1	0	0	0	0	0	1	0	24	29	28	39	0	1	4	0	151	124	157	134	0	4	3	0	186	170	219	162	0	3	1	0	31	149	255	80	0	3	0	2	0	26	241	43	0	2	0	1	0	31	242	43	0	2	0	0	0	2	74	12	0	1	
0	0	2	0	2	3	0	0	0	0	0	12	2	0	0	0	3	0	85	237	166	59	0	2	1	0	203	107	94	160	0	3	2	0	201	69	71	134	0	4	1	0	50	5	100	103	0	4	0	0	3	0	149	57	0	2	0	0	4	0	108	25	0	1	
0	0	0	0	5	5	0	0	3	0	73	176	167	57	0	2	4	0	119	131	0	5	1	0	4	0	139	183	50	10	0	0	2	0	60	107	117	152	16	0	1	0	27	38	27	207	34	0	2	0	29	180	178	65	0	2	0	0	0	1	1	0	0	0	
0	0	1	1	1	1	0	0	0	0	0	15	10	0	0	0	1	0	18	181	148	12	0	1	4	0	120	128	121	72	0	2	1	0	35	26	123	18	0	1	0	1	0	20	138	0	1	0	0	1	0	45	131	0	3	0	0	2	0	59	78	0	2	0	
0	0	1	3	1	0	0	0	0	0	2	0	41	137	19	0	1	0	12	164	220	251	87	0	0	0	174	237	190	192	14	0	1	0	152	152	218	71	0	3	1	0	7	209	223	6	0	1	0	3	0	160	252	35	0	2	0	0	0	17	41	0	0	0	
0	0	1	0	0	1	0	0	0	1	0	62	53	0	1	0	2	0	53	225	176	19	0	1	4	0	142	168	106	88	0	3	2	0	55	40	141	47	0	2	0	1	0	15	167	6	0	0	0	2	0	58	162	0	2	0	0	1	0	32	63	0	1	0	
0	0	0	0	0	0	0	0	0	0	49	128	110	25	0	1	0	19	134	32	87	102	0	4	0	1	0	69	197	33	0	2	1	0	9	95	90	86	0	1	0	1	1	0	0	151	23	0	0	12	123	91	133	95	0	1	0	0	35	44	13	0	0	0	
0	0	2	4	0	0	0	0	0	0	99	189	97	0	2	0	0	4	8	43	196	7	0	1	2	0	35	203	230	27	0	2	0	0	15	36	117	116	0	3	0	7	152	4	61	190	0	1	2	0	131	191	201	65	0	3	0	0	0	5	3	0	0	0	
0	0	2	0	3	3	1	1	0	3	0	92	142	115	25	0	3	0	73	162	28	51	154	6	0	17	173	18	0	0	127	40	0	114	95	0	0	22	147	2	0	112	137	0	9	145	81	0	0	2	128	155	130	74	0	2	0	1	0	8	3	0	2	0	
0	0	1	0	0	0	1	0	1	0	23	186	187	44	0	2	2	0	187	171	88	227	43	0	0	41	244	53	0	124	179	0	0	97	247	16	0	58	167	0	0	2	205	117	54	220	121	0	3	0	60	199	208	101	0	1	0	1	1	0	0	0	1	0	
0	0	0	0	0	1	1	0	0	25	22	11	15	5	0	0	0	80	126	156	149	194	28	0	0	0	2	0	66	182	0	0	0	3	2	0	171	54	0	2	0	2	0	60	158	0	3	0	0	3	0	104	138	0	4	0	0	1	0	36	130	2	0	0	
0	0	4	5	0	0	0	0	0	13	143	139	79	0	2	0	0	7	30	77	161	0	1	0	1	0	6	148	198	15	0	1	0	0	2	0	64	136	0	0	2	0	55	82	54	175	7	0	2	0	29	165	181	36	0	2	0	0	0	0	1	0	0	0	
0	0	0	4	30	0	0	0	0	2	0	43	181	0	0	0	0	4	0	127	98	0	3	0	0	2	0	169	174	50	0	2	1	0	17	204	148	141	0	4	1	0	2	179	184	98	0	4	0	2	0	68	126	1	0	0	0	0	0	0	0	0	0	0	
0	0	0	0	0	0	0	0	0	1	0	27	119	0	1	0	0	2	0	66	185	0	2	0	0	3	0	77	195	0	1	0	0	3	0	111	175	0	3	0	0	4	0	163	136	0	4	0	0	1	0	165	84	0	3	0	0	0	0	1	0	0	0	0	
0	0	0	0	0	0	0	0	0	1	0	22	112	40	0	2	0	1	0	70	143	116	0	4	0	0	5	0	114	72	0	3	0	0	0	11	123	5	0	0	0	10	75	178	137	4	0	1	0	12	113	96	13	7	0	0	1	0	20	9	0	0	0	0	
0	0	2	0	0	0	0	0	0	0	0	116	115	7	0	1	3	0	141	154	202	65	0	3	2	0	128	211	130	0	3	0	1	0	20	188	148	49	0	2	1	0	38	150	45	154	0	3	0	2	0	113	198	136	0	3	0	0	0	7	48	8	0	0	
0	0	0	0	2	2	0	0	0	2	0	47	164	116	0	2	0	3	0	122	58	95	19	0	0	3	0	108	198	125	16	0	3	0	70	218	192	5	0	1	1	0	157	115	154	0	3	0	2	0	84	176	56	0	2	0	0	0	0	1	0	0	0	0	
0	0	1	0	0	0	0	0	0	0	0	68	58	0	0	0	3	0	73	186	138	107	0	3	3	0	99	54	93	114	0	4	0	1	0	12	175	20	0	1	0	3	0	98	120	0	3	0	0	0	0	196	55	0	2	0	1	0	10	93	7	0	0	0	
0	0	2	0	2	1	0	0	0	2	0	56	161	77	0	0	3	0	92	255	214	33	0	1	3	0	183	193	115	232	48	0	3	0	194	102	0	110	158	0	3	0	139	215	52	170	114	0	1	0	3	135	203	126	6	0	0	0	1	0	0	0	0	0	
0	0	3	81	12	0	1	0	1	0	14	203	24	0	2	0	1	0	18	198	17	0	1	0	2	0	51	211	49	198	51	0	3	0	89	189	107	247	107	0	3	0	61	239	243	199	19	0	0	1	0	52	77	19	0	1	0	0	1	0	0	1	1	0	
0	0	0	1	6	0	0	0	0	0	0	76	132	69	0	2	0	0	12	34	40	127	0	3	0	2	0	43	173	52	0	2	0	1	0	11	127	101	0	3	0	38	120	0	85	116	0	4	0	7	127	146	111	7	0	1	0	0	0	6	0	0	0	0	
0	0	1	0	0	0	0	0	1	0	29	77	5	27	0	1	3	0	80	144	51	155	0	3	4	0	148	142	155	136	0	4	3	0	133	186	216	72	0	3	0	0	0	4	196	41	0	2	0	1	0	23	195	14	0	1	0	0	0	1	26	3	0	0	
0	0	0	0	1	0	0	0	0	0	2	0	89	35	0	1	0	1	0	6	197	36	0	2	0	2	0	54	154	0	2	0	0	4	0	120	93	0	3	0	0	1	0	156	38	0	1	0	0	0	0	167	24	0	1	0	0	0	0	20	5	0	0	0	
0	0	1	0	0	0	0	0	1	0	17	79	72	36	14	3	2	0	164	210	187	176	181	49	0	27	250	119	3	0	12	6	1	0	66	153	196	54	0	2	0	0	13	0	123	154	0	4	3	0	65	203	225	54	0	2	0	0	2	104	72	0	1	0	
0	0	1	0	0	0	0	0	1	0	29	106	101	88	8	0	3	0	114	159	74	197	124	0	0	17	149	0	122	83	116	0	0	41	114	86	118	53	98	0	0	22	200	151	29	155	20	0	2	0	168	190	133	43	0	2	0	0	1	42	11	0	1	0	
0	0	2	67	5	0	0	0	1	0	20	183	14	0	1	0	3	0	68	195	0	1	1	0	4	0	117	133	18	49	0	1	3	0	190	98	159	255	41	0	2	0	68	215	245	213	40	0	0	1	0	14	65	19	0	1	0	0	2	1	0	1	1	0	
0	2	0	0	3	1	0	0	1	0	19	11	0	1	0	0	0	63	112	0	127	170	0	0	19	184	68	143	157	189	13	0	2	81	118	50	11	183	12	0	0	0	0	0	4	157	17	0	0	3	4	5	0	148	66	0	0	0	0	3	0	80	73	0	
0	0	1	0	0	1	2	0	0	1	0	108	103	15	0	1	3	0	103	253	185	202	68	0	0	0	210	92	0	84	222	11	0	23	204	13	0	28	205	17	0	23	211	13	9	158	124	0	0	0	177	202	181	110	0	1	1	0	10	61	26	0	2	0	
0	0	0	0	0	0	0	0	0	45	69	55	29	2	0	0	0	86	81	76	167	93	0	3	1	0	19	166	161	29	0	1	0	2	6	21	49	107	96	0	0	0	5	45	81	137	93	0	0	3	100	115	67	13	0	1	0	1	3	0	0	1	2	0	
0	1	1	0	1	2	0	0	1	0	33	146	68	0	2	0	0	33	239	253	187	42	0	2	0	30	217	105	63	185	0	2	0	0	3	0	55	144	0	3	1	0	37	98	189	114	0	3	2	0	52	197	178	151	159	69	0	0	0	0	0	0	22	14	
0	0	2	3	0	0	0	0	0	0	0	1	12	2	0	0	2	0	42	133	192	73	0	3	1	0	26	26	144	57	0	2	0	2	0	44	139	0	1	0	0	2	0	129	49	0	2	0	1	0	21	149	0	1	0	0	1	0	21	97	0	1	0	0	
0	0	0	9	25	0	0	0	0	3	0	92	165	0	4	0	0	3	0	181	118	0	2	0	2	0	25	229	239	199	26	0	4	0	78	255	145	148	108	0	4	0	108	255	142	163	29	0	1	0	14	125	151	46	0	2	0	0	0	0	0	1	1	0	
0	0	1	4	1	0	0	0	0	2	1	0	8	46	43	1	1	0	18	128	161	147	144	18	0	67	199	102	18	0	1	0	0	78	163	124	130	78	2	0	2	0	50	70	113	203	18	0	2	0	52	147	117	35	0	1	0	0	0	0	0	0	0	0	
0	1	1	0	0	0	0	0	1	0	40	78	24	29	0	0	0	32	205	154	117	204	4	0	0	99	229	0	100	166	0	3	1	0	93	173	239	65	0	3	0	4	0	112	157	88	0	3	0	3	0	114	164	149	0	1	0	1	0	14	126	35	0	2	
0	0	1	1	0	1	1	0	0	2	0	57	75	0	10	2	1	0	31	165	20	30	160	3	1	0	140	59	0	118	96	0	0	88	157	0	25	166	10	0	0	21	162	149	181	114	0	1	0	0	6	9	98	18	0	1	0	1	2	0	10	6	0	0	
0	0	0	0	1	1	0	0	1	0	117	101	22	0	1	0	1	0	65	109	185	42	0	2	0	2	0	109	219	22	0	1	0	1	0	58	182	75	0	2	0	0	4	0	62	179	0	2	0	1	0	157	228	75	0	3	0	1	0	22	43	0	0	0	
0	0	0	2	31	2	0	0	0	0	0	1	187	85	0	3	0	0	4	0	99	130	0	4	1	0	7	103	188	78	0	3	4	0	118	169	229	47	0	2	4	0	134	176	243	95	0	4	2	0	42	131	39	25	0	1	0	0	1	0	0	0	0	0	
0	0	0	25	24	0	1	0	3	0	131	245	204	50	0	2	2	0	79	68	99	164	0	4	0	1	5	0	172	136	0	4	0	1	0	57	200	28	0	2	0	36	191	255	188	79	95	0	0	27	97	65	82	137	114	0	0	0	0	0	0	0	0	0	
0	0	0	0	1	1	0	0	2	0	60	109	18	0	1	0	1	0	50	74	158	15	0	1	0	0	3	0	143	56	0	2	1	0	94	146	205	111	0	1	0	8	63	44	159	8	0	0	0	2	0	48	126	0	3	0	0	1	0	14	16	0	1	0	
0	0	0	0	0	0	0	0	1	0	15	141	82	59	0	1	4	0	147	160	62	191	0	1	3	0	128	133	128	119	0	3	0	2	0	157	255	94	0	1	1	0	17	172	31	154	30	0	2	0	48	188	167	132	0	1	0	1	0	23	49	3	0	0	
0	0	0	0	1	0	0	0	1	0	13	150	215	145	0	1	1	2	0	149	231	120	0	2	0	3	0	74	182	13	0	1	5	15	1	0	92	131	0	4	16	143	55	50	177	153	0	4	0	60	176	160	125	25	0	1	0	0	0	0	0	0	0	0	
0	0	0	0	1	1	0	0	0	1	0	30	42	0	1	0	0	4	0	153	237	7	0	1	0	4	0	131	196	0	1	1	0	4	0	126	157	0	4	0	0	4	0	128	158	0	4	0	0	4	0	127	134	0	4	0	0	1	0	42	39	0	1	0	
0	0	0	0	0	0	0	0	0	2	0	85	54	0	2	0	0	3	0	76	108	0	3	0	0	2	0	67	150	0	3	0	0	2	0	67	183	0	2	0	0	1	0	31	197	7	0	1	0	0	0	1	135	18	0	1	0	0	0	0	0	0	0	0	
0	0	1	2	1	1	0	0	0	1	0	30	72	0	2	0	0	0	0	144	203	3	2	0	0	2	0	178	214	1	3	0	0	4	0	152	155	0	4	0	0	4	0	154	124	0	4	0	0	4	0	146	94	0	3	0	0	1	0	24	11	0	0	0	
0	0	1	0	1	4	0	0	0	2	0	65	215	68	0	5	2	0	37	233	62	55	192	7	1	0	189	121	26	235	85	0	0	29	245	207	255	125	0	3	0	8	78	158	248	104	20	0	0	2	0	50	209	85	0	1	0	0	4	3	0	0	0	0	
0	0	1	1	0	2	0	0	0	0	1	5	13	0	0	0	0	0	0	165	248	91	0	3	2	0	122	215	162	195	0	2	3	0	141	95	71	124	0	3	0	0	4	0	142	68	0	3	0	0	1	0	174	34	0	1	0	0	0	5	106	5	0	0	
0	0	0	0	0	0	0	0	0	0	46	89	64	2	0	0	0	3	70	90	149	81	0	3	0	0	3	0	109	84	0	3	0	1	1	12	187	29	0	1	0	3	0	126	122	0	3	0	2	0	44	176	9	0	1	0	2	0	43	40	0	1	0	0	
0	0	0	0	0	1	0	0	0	1	119	209	93	0	2	0	0	14	248	211	191	40	0	2	0	1	74	12	137	110	0	4	0	3	0	57	243	25	0	2	3	0	93	239	217	166	81	1	2	0	80	98	5	51	186	36	0	0	0	0	0	0	0	0	
0	0	3	0	0	0	0	1	0	0	0	21	32	33	18	0	0	5	151	183	152	148	145	82	0	17	220	32	0	1	2	8	2	0	105	192	62	0	2	0	0	2	0	50	204	6	0	1	0	2	0	143	151	0	2	0	1	0	17	137	17	0	1	0	
0	0	3	5	0	1	0	0	1	0	5	171	85	0	2	0	1	0	18	205	224	45	0	2	4	0	122	144	34	123	0	2	0	0	209	93	0	183	62	0	3	0	113	204	40	226	62	0	0	4	4	110	195	86	0	2	0	1	2	0	0	0	1	0	
1	0	25	23	0	2	0	0	3	0	82	86	0	3	0	0	3	0	81	80	0	20	0	1	3	0	66	183	212	188	7	0	2	0	26	231	95	169	20	0	0	2	0	137	247	124	0	3	0	0	0	12	49	2	0	0	0	0	0	1	0	2	0	0	
0	0	1	0	0	0	0	0	0	0	0	21	25	5	0	0	3	0	70	191	175	129	0	3	4	0	161	111	60	127	0	4	1	0	20	2	162	95	0	3	0	0	0	1	163	24	0	1	0	1	0	15	187	14	0	1	0	1	0	13	141	9	0	1	
0	1	0	0	1	0	0	0	1	0	29	101	30	0	3	0	0	119	255	255	168	0	2	0	0	73	155	241	246	125	119	7	3	0	129	255	246	255	241	32	0	2	40	190	255	172	58	0	0	3	0	93	214	13	0	1	0	0	2	3	11	2	3	0	
0	0	0	0	0	0	0	0	0	0	2	0	84	47	0	2	0	0	0	0	195	56	0	2	0	2	0	47	213	8	0	1	0	4	0	121	202	0	2	0	0	3	0	170	125	0	4	0	0	1	0	171	47	0	2	0	0	0	1	21	0	0	0	0	
0	0	0	0	0	0	0	0	0	2	3	0	15	61	0	1	0	72	78	0	38	150	0	2	0	127	63	0	22	151	0	1	0	135	91	71	110	180	5	0	0	22	84	79	64	153	13	0	0	0	0	1	0	116	16	0	0	1	3	3	1	17	3	0	
0	1	0	57	11	0	0	0	0	1	0	157	30	0	1	0	0	0	1	175	22	0	1	0	1	0	22	215	105	58	6	0	2	0	46	255	247	208	6	0	2	0	39	253	237	97	0	3	0	0	1	60	35	0	1	0	0	0	0	0	0	2	0	0	
0	0	0	6	3	0	0	0	2	0	86	168	115	8	0	1	1	0	37	89	172	17	0	1	0	3	0	79	176	47	0	2	2	0	37	146	0	117	24	0	4	0	131	82	0	136	63	0	2	0	81	126	119	93	0	0	0	0	0	8	7	0	0	0	
0	0	1	0	0	0	1	0	2	0	48	142	130	53	0	2	1	0	187	172	207	232	48	0	0	29	237	50	0	139	195	0	0	73	254	39	0	132	228	4	0	25	237	40	1	207	89	0	1	0	174	197	199	133	0	2	0	0	5	56	48	0	2	0	
0	0	1	3	3	0	0	0	1	0	5	153	168	28	0	1	0	0	114	99	161	84	0	3	0	1	18	137	243	27	0	2	2	0	33	170	82	132	10	0	4	0	150	122	0	164	90	0	2	0	37	132	152	136	16	0	0	0	0	2	6	0	0	0	
0	0	0	0	1	0	0	0	0	0	4	48	35	63	0	2	2	0	47	127	67	124	0	4	4	0	103	149	151	111	0	4	2	0	42	132	231	91	0	3	0	0	1	0	165	29	0	1	0	1	0	34	171	0	0	0	0	0	0	5	22	0	0	0	
0	0	1	1	0	1	0	0	0	1	0	15	63	4	0	0	1	0	20	104	154	69	0	3	3	0	93	26	130	109	0	4	2	0	83	84	139	30	0	1	0	0	6	49	113	3	0	0	0	0	0	5	115	3	0	0	0	0	0	8	53	0	0	0	
0	1	0	67	14	0	0	0	1	0	16	196	22	0	2	0	2	0	57	201	0	0	0	0	3	0	96	197	42	132	37	0	4	0	95	194	180	255	127	0	2	0	39	243	239	200	48	0	0	1	0	43	75	25	0	1	0	0	1	0	0	1	2	0	
0	0	1	0	27	12	0	0	0	1	0	29	159	68	0	3	0	2	0	120	42	0	0	0	0	0	14	124	0	0	0	0	1	0	18	183	159	22	0	1	1	0	22	152	98	99	0	4	0	1	0	84	62	35	0	2	0	0	0	0	0	0	0	0	
0	0	0	0	0	0	0	0	0	0	3	7	46	34	0	1	1	0	32	132	125	74	0	3	2	0	47	172	158	51	0	2	1	0	17	195	251	65	0	3	0	2	0	61	160	0	2	0	0	3	0	105	133	0	4	0	0	1	0	17	15	0	0	0	
0	1	0	54	32	0	1	0	1	0	2	209	80	0	3	0	3	0	95	187	0	1	0	0	4	0	161	184	173	144	2	0	3	0	169	255	137	222	84	0	3	0	96	255	226	187	24	0	0	0	3	57	53	5	0	0	0	0	1	0	0	2	1	0	
0	0	0	0	0	0	0	0	2	0	65	103	0	32	14	0	3	0	96	165	0	139	76	0	3	0	138	120	0	205	27	0	0	16	246	193	130	255	84	0	0	6	148	185	237	178	14	0	0	0	2	0	154	76	0	3	0	1	3	0	0	2	1	0	
0	0	0	0	0	0	0	0	2	0	100	235	168	3	0	1	0	1	61	96	234	104	0	4	0	0	4	0	141	149	0	4	0	1	1	0	205	121	0	4	3	0	91	231	255	116	0	1	3	0	71	213	163	171	47	0	0	0	0	0	0	0	0	0	
0	0	2	1	0	0	0	0	0	2	0	62	118	37	5	0	3	0	56	224	217	206	141	9	3	0	183	194	2	0	12	2	1	0	103	190	206	69	0	3	0	0	1	0	181	119	0	4	3	0	87	233	217	19	0	1	1	0	10	55	28	0	1	0	
0	0	0	0	0	0	0	0	0	1	0	16	32	0	1	0	0	1	0	39	168	0	1	0	0	1	0	31	171	0	0	0	0	2	0	48	120	0	3	0	0	2	0	55	84	0	3	0	0	2	0	64	95	0	3	0	0	0	0	14	30	0	1	0	
0	1	2	0	0	0	0	0	1	0	7	87	164	141	0	2	0	16	199	114	133	201	0	2	0	32	240	119	211	85	0	3	2	0	54	213	255	125	0	3	0	0	7	188	115	211	36	0	0	2	0	104	214	147	10	0	0	0	0	0	0	0	0	0	
0	0	0	0	1	0	0	0	0	2	0	83	43	0	1	0	0	4	0	133	114	0	4	0	0	2	0	68	167	0	3	0	0	2	0	50	179	0	1	0	0	1	0	20	152	0	0	0	0	0	1	0	155	31	0	1	0	0	0	0	25	6	0	0	
0	0	2	1	0	2	1	0	0	2	0	86	190	14	0	1	2	0	58	237	247	156	0	0	1	0	208	167	12	244	73	0	0	0	220	112	0	183	142	0	1	0	204	169	27	216	45	0	1	0	29	152	184	110	0	2	0	0	0	0	3	1	1	0	
0	0	0	0	0	3	0	0	0	0	0	99	112	0	0	0	4	0	102	166	66	111	12	0	2	0	64	166	101	153	0	0	0	3	0	156	250	22	0	2	1	0	11	144	55	143	0	1	0	0	0	125	111	148	3	0	0	0	0	4	49	23	0	1	
0	1	0	56	22	0	1	0	0	1	0	198	70	0	3	0	2	0	41	230	28	0	1	0	4	0	100	248	161	111	2	0	4	0	120	255	230	230	30	0	3	0	68	255	250	133	0	0	0	0	0	54	70	4	0	0	0	0	1	0	0	2	0	0	
0	0	3	0	0	0	0	0	0	2	0	0	2	14	8	0	2	0	124	215	194	251	141	0	0	104	239	75	75	220	43	0	0	117	128	190	224	246	50	0	2	0	46	138	216	90	25	0	0	2	2	171	50	0	2	0	1	0	37	110	0	6	1	0	
0	0	0	0	0	0	0	0	1	0	109	200	106	0	2	0	0	0	210	232	195	32	0	2	1	0	39	17	182	63	0	3	0	2	0	57	218	15	0	1	0	26	185	248	207	117	89	10	0	32	160	92	63	102	163	59	0	0	0	0	0	0	0	0	
0	0	0	1	0	0	0	0	0	1	0	15	104	0	1	0	0	2	0	44	161	0	2	0	0	3	0	95	175	0	3	0	0	4	0	130	127	0	4	0	0	1	0	194	67	0	3	0	0	0	0	146	35	0	1	0	0	0	0	0	0	0	0	0	
0	11	56	23	0	1	0	0	0	81	163	171	146	2	0	1	0	4	0	0	195	72	0	3	0	3	0	99	255	45	0	2	0	24	16	2	119	168	19	0	0	90	207	123	87	223	108	0	1	0	45	132	160	108	13	0	0	0	0	0	0	0	0	0	
0	0	31	22	0	1	0	0	0	1	182	211	137	4	0	0	0	1	2	4	121	116	0	3	1	0	58	32	0	114	13	0	0	18	175	144	36	122	18	0	0	13	120	118	240	206	52	0	1	0	36	124	96	6	1	0	0	0	1	0	0	0	0	0	
0	0	0	0	1	0	0	0	0	57	172	132	8	0	1	0	0	36	112	141	162	0	0	0	1	0	0	172	235	24	0	2	0	1	6	30	113	154	0	2	0	1	0	41	28	178	9	0	0	3	0	115	236	160	0	1	0	0	0	8	49	10	0	0	
0	0	3	3	4	4	3	0	0	1	0	0	0	0	0	0	1	0	98	180	141	186	83	0	0	74	211	147	203	87	219	39	0	159	107	0	17	53	174	6	0	93	223	153	172	213	47	0	0	0	57	95	72	10	0	1	0	2	0	0	0	1	2	0	
0	0	0	20	10	0	0	0	0	3	0	163	88	0	4	0	0	1	0	199	78	0	2	0	2	0	24	228	223	164	2	0	2	0	38	252	255	233	17	0	0	1	0	166	246	120	0	3	0	1	0	32	48	2	0	0	0	0	1	1	0	1	0	0	
0	0	0	0	0	0	0	0	1	0	13	87	74	22	0	1	4	0	92	184	25	130	5	0	1	0	19	138	63	113	0	0	0	3	0	109	203	1	0	1	1	0	22	79	92	86	0	3	0	0	8	79	121	100	0	3	0	0	0	11	45	4	0	0	
0	0	1	0	0	1	3	0	1	0	10	78	54	2	0	0	3	0	160	241	185	204	148	12	3	0	167	239	118	46	55	6	1	0	11	58	188	77	0	3	0	8	37	0	175	112	0	4	0	14	181	206	230	28	0	2	2	0	60	137	37	0	1	0	
0	0	0	0	1	1	0	0	0	59	130	74	10	0	1	0	0	26	95	112	158	19	0	1	0	0	3	0	101	97	0	4	0	1	0	0	157	63	0	2	0	12	142	194	204	145	103	12	0	12	102	44	3	17	12	1	0	0	0	0	0	0	0	0	
0	0	0	0	0	0	0	0	0	1	4	2	141	21	0	1	0	2	0	42	223	16	0	1	0	3	0	106	190	0	2	0	0	4	0	141	143	0	4	0	0	3	0	181	113	0	4	0	0	2	0	141	69	0	2	0	0	0	0	0	0	0	0	0	
0	0	0	1	0	0	0	0	0	2	0	53	42	0	2	0	0	2	0	154	61	102	0	0	3	0	72	129	32	154	0	3	1	0	187	164	178	117	0	4	0	2	37	24	168	59	0	2	0	0	0	5	118	11	0	1	0	0	0	7	20	0	0	0	
0	0	0	0	0	0	0	0	2	0	38	153	135	27	0	1	0	5	216	111	194	116	0	4	1	0	181	183	177	99	0	4	1	0	10	154	255	77	0	3	0	3	0	55	194	185	9	0	0	1	0	33	224	178	0	4	0	0	1	0	34	27	0	1	
0	0	2	0	74	30	0	1	0	2	0	43	155	22	0	1	1	0	7	176	40	0	2	0	4	0	111	121	21	144	55	0	4	0	146	83	135	202	96	0	3	0	97	191	217	134	0	1	0	0	0	65	74	5	0	0	0	0	1	0	0	2	1	0	
0	0	0	0	0	0	0	0	1	0	12	132	156	135	26	0	4	0	101	203	135	148	25	0	4	0	156	145	0	3	0	0	2	0	78	181	202	94	0	2	2	0	58	26	116	198	0	2	6	0	45	195	231	73	0	3	1	1	0	20	32	0	1	0	
0	0	0	0	0	0	0	0	1	0	23	143	151	56	0	2	1	0	20	46	37	161	32	0	0	23	44	0	0	148	33	0	0	136	158	174	191	73	0	3	1	86	103	124	135	129	58	0	0	0	1	0	0	30	43	0	0	2	1	4	3	0	0	0	
0	0	1	0	2	3	0	0	1	0	15	83	21	0	1	0	3	0	145	138	88	61	0	1	2	0	188	116	181	126	0	4	2	0	62	97	197	56	0	2	0	1	0	19	206	26	0	1	0	2	0	71	217	0	0	1	0	1	0	32	81	0	1	0	
0	0	1	0	8	56	5	0	0	0	1	0	139	135	6	0	0	2	0	159	129	0	3	0	3	0	88	190	12	11	0	0	3	0	172	91	60	171	54	0	2	0	184	90	53	193	48	0	2	0	40	133	111	24	0	1	0	0	0	0	0	1	1	0	
0	0	1	0	0	0	0	0	0	0	4	0	53	87	0	1	3	0	116	51	102	204	0	0	0	6	229	77	182	106	0	4	0	2	130	177	251	134	0	2	0	3	0	130	137	0	3	0	0	1	0	191	58	0	2	0	0	0	0	30	5	0	0	0	
0	0	1	0	1	2	0	0	0	0	4	7	1	2	2	0	3	0	97	49	7	105	0	0	0	16	171	28	112	200	35	0	0	13	138	127	181	116	16	0	0	0	2	0	141	30	0	1	0	2	0	37	149	0	3	0	0	1	0	28	53	0	2	0	
0	0	3	0	0	1	2	0	2	0	33	193	130	18	0	2	1	0	146	155	125	234	51	0	0	48	227	14	0	220	185	0	0	40	244	68	0	173	222	4	0	12	247	129	64	248	85	0	2	0	93	205	210	84	0	2	0	0	0	0	0	0	2	0	
0	0	0	20	2	0	0	0	0	1	0	135	183	34	0	2	0	2	2	0	108	192	0	0	0	0	0	0	8	168	13	0	3	33	25	19	150	179	8	0	21	218	249	208	188	177	72	0	0	27	58	16	0	0	0	0	0	0	0	0	3	3	1	0	
0	1	2	0	0	2	0	0	0	0	0	67	68	0	1	0	0	5	169	204	182	130	0	1	0	44	255	65	0	217	35	0	0	4	27	0	57	216	7	0	0	0	2	0	185	149	0	4	0	3	0	59	249	38	0	2	0	1	0	29	84	0	1	0	
0	0	0	0	0	0	0	0	0	0	0	1	97	6	0	0	0	0	0	14	120	0	0	0	0	1	0	43	107	0	3	0	0	3	0	77	85	0	3	0	0	3	0	98	68	0	2	0	0	2	0	65	58	0	2	0	0	0	0	0	0	0	0	0	
0	0	1	0	0	0	0	0	0	2	0	86	144	57	1	1	2	0	61	213	154	218	122	0	3	0	184	179	0	7	8	0	2	0	139	234	154	23	0	1	2	0	104	48	190	96	0	4	3	0	78	207	194	14	0	1	0	1	0	37	26	0	1	0	
0	0	0	1	0	0	0	0	0	0	0	11	75	130	32	0	0	0	1	101	138	123	19	0	1	0	8	181	57	0	1	0	3	0	66	163	68	0	3	0	1	0	124	7	123	39	0	1	2	0	98	106	115	16	0	1	1	0	10	56	14	0	1	0	
0	0	2	1	0	1	0	0	0	1	0	79	103	0	1	0	2	0	57	144	207	88	0	3	3	0	190	61	101	110	0	4	1	0	46	153	197	36	0	2	0	3	0	90	126	141	0	2	0	2	0	38	199	100	0	3	0	0	0	0	37	11	0	0	
0	0	1	3	0	0	0	0	0	0	1	0	17	8	0	0	0	0	0	115	235	141	0	3	3	0	123	217	225	147	0	4	3	0	182	219	225	67	0	3	0	0	8	53	175	2	0	1	0	3	0	107	165	0	4	0	0	2	0	82	82	0	2	0	
0	0	1	0	0	1	0	0	1	0	10	142	112	0	1	0	4	0	140	143	128	114	0	3	4	0	162	99	113	83	0	2	1	0	9	187	202	0	0	1	0	3	0	93	178	84	0	3	0	1	0	16	187	110	0	4	0	0	1	0	26	17	0	1	
0	0	0	0	0	0	0	0	1	0	22	20	27	35	0	1	3	0	100	63	82	102	0	4	2	0	156	20	89	104	0	4	0	27	220	156	204	94	0	4	0	7	33	12	144	154	0	4	0	0	2	0	59	150	0	3	0	0	2	0	5	14	0	0	
0	0	1	0	0	1	0	0	0	0	147	181	84	0	1	0	0	2	27	24	176	68	0	3	0	7	0	109	221	48	0	2	0	11	0	69	174	103	0	2	1	0	36	55	34	200	12	0	1	0	21	183	192	107	0	2	0	0	0	1	1	0	0	0	
0	2	0	61	67	0	2	0	1	0	11	149	27	0	2	0	3	0	82	92	0	6	0	0	2	0	109	26	110	155	27	0	2	0	118	132	109	106	45	0	3	0	95	235	111	114	0	2	0	0	2	16	32	9	0	0	0	0	1	0	0	1	0	0	
0	0	2	0	2	2	0	0	0	0	0	9	4	0	0	0	3	0	102	241	208	57	0	2	3	0	165	104	160	151	0	4	1	0	32	3	159	78	0	3	0	3	0	72	195	0	0	0	0	2	0	180	94	0	3	0	0	0	2	144	25	0	1	0	
0	0	0	0	0	0	0	0	0	2	0	70	30	0	1	0	0	3	0	82	55	0	2	0	0	3	0	83	90	0	3	0	0	2	0	55	106	0	3	0	0	1	0	43	100	0	3	0	0	2	0	49	68	0	2	0	0	0	0	3	1	0	0	0	
0	0	1	0	0	0	0	0	0	2	0	94	112	0	1	0	3	0	77	182	144	56	0	2	4	0	135	105	128	75	0	3	1	0	22	207	181	0	1	0	0	3	0	108	162	41	0	2	0	2	0	57	209	71	0	3	0	0	0	4	44	3	0	0	
0	1	0	20	40	0	1	0	1	0	9	170	83	0	2	0	4	0	124	146	0	4	0	0	2	0	59	182	154	48	0	2	0	0	1	0	92	193	0	0	2	0	60	60	145	136	0	3	2	0	46	140	104	5	0	1	0	0	0	0	0	1	0	0	
0	0	1	0	1	0	0	0	0	0	0	60	17	0	1	0	3	0	86	222	137	0	1	0	4	0	149	89	125	121	0	3	2	0	44	168	232	59	0	3	0	1	0	32	185	1	0	0	0	1	0	46	199	0	0	0	0	0	0	11	69	0	0	0	
0	0	1	1	0	1	0	0	0	1	0	100	21	26	14	0	1	0	27	211	13	158	53	0	4	0	134	114	1	186	9	0	4	0	142	165	162	168	0	3	1	0	10	71	217	63	0	3	0	2	0	41	167	1	0	0	0	0	0	14	23	0	1	0	
0	0	0	0	1	1	0	0	0	22	162	190	36	0	2	0	0	72	255	129	139	18	0	1	0	23	78	0	140	114	0	4	0	0	0	0	175	52	0	2	1	0	14	142	249	109	42	5	3	0	79	186	92	152	190	38	0	0	0	0	0	0	0	0	
0	1	1	0	0	0	2	0	2	0	40	179	188	36	0	2	0	14	230	171	85	193	89	0	0	119	229	6	0	71	230	12	0	137	169	0	0	73	249	31	0	76	194	0	53	242	107	0	0	6	122	137	192	112	0	2	0	0	0	9	2	0	2	0	
0	0	0	13	24	0	1	0	0	3	0	119	116	0	4	0	1	0	0	208	63	0	3	0	2	0	29	221	113	72	0	0	2	0	45	255	192	224	52	0	1	0	13	222	198	181	22	0	0	2	0	44	130	19	0	1	0	0	1	1	0	1	1	0	
0	1	1	0	1	0	1	0	1	0	5	114	199	148	21	0	0	11	204	230	64	92	143	0	0	128	187	0	0	4	172	27	0	154	114	0	0	20	203	29	0	77	139	32	76	212	168	0	0	0	96	162	197	135	10	0	0	1	0	0	0	0	1	0	
0	0	0	12	21	0	0	0	2	0	37	231	195	15	0	1	1	0	35	117	140	75	0	3	0	1	4	0	136	82	0	3	0	0	37	75	194	30	0	4	0	76	255	254	206	182	158	12	0	37	120	60	2	25	14	0	0	0	0	0	0	0	0	0	
0	0	2	1	0	1	0	0	0	0	0	12	10	1	0	0	2	0	62	125	93	76	0	3	0	2	139	7	162	99	0	4	0	0	124	139	171	60	0	3	0	0	12	4	98	46	0	2	0	0	2	0	126	14	0	0	0	0	0	2	78	2	0	0	
0	0	0	0	0	0	0	0	1	0	26	133	130	61	13	0	4	0	103	203	102	152	79	0	4	0	140	152	0	4	0	0	3	0	86	225	186	85	0	2	0	1	8	34	180	160	0	4	3	0	136	217	180	21	0	1	1	0	22	27	0	1	0	0	
0	0	0	0	0	0	0	0	0	2	52	55	80	36	0	1	0	3	58	118	189	66	0	3	0	2	0	97	117	0	1	0	0	0	7	0	87	76	0	3	0	0	3	0	74	68	0	3	0	23	73	41	108	10	0	1	0	7	83	75	17	0	1	0	
0	0	0	0	0	1	0	0	0	21	137	112	25	0	1	0	0	18	82	127	210	75	0	3	1	0	8	76	240	105	0	4	2	0	51	192	191	179	16	0	0	0	8	29	33	228	37	0	1	0	16	197	242	115	0	2	0	0	0	15	34	0	0	0	
0	1	1	0	0	0	0	0	0	0	13	35	54	16	0	1	0	26	222	244	251	62	0	3	0	39	81	18	146	16	0	1	0	1	0	77	227	174	31	0	0	2	0	178	206	154	28	0	0	3	0	123	79	0	3	0	0	1	0	46	9	2	1	0	
0	0	0	0	1	0	0	0	0	1	0	12	142	9	0	1	0	3	0	75	218	0	0	1	0	3	0	101	209	0	1	0	0	4	0	125	168	0	3	0	0	2	0	185	154	0	4	0	0	0	0	181	93	0	3	0	0	0	0	0	0	0	0	0	
0	0	1	1	0	0	0	0	0	1	0	22	65	1	0	0	1	0	19	102	69	11	0	1	3	0	87	106	115	98	0	4	0	0	12	31	113	63	0	2	0	0	0	8	124	7	0	0	0	2	0	67	103	0	3	0	0	1	0	21	40	0	1	0	
0	0	1	0	0	2	0	0	1	0	10	83	64	0	0	0	0	0	199	207	194	159	0	1	0	4	145	36	23	206	10	0	0	0	3	0	94	198	0	1	0	1	0	15	217	80	0	3	0	3	0	154	189	0	2	0	0	1	0	89	45	0	1	0	
0	0	0	13	11	0	0	0	0	4	95	120	127	79	0	1	0	11	34	0	0	142	39	0	1	0	29	77	131	110	0	0	1	0	79	124	146	113	66	0	0	102	16	0	0	43	143	3	0	87	128	104	109	113	24	0	0	0	5	9	7	1	0	0	
0	0	0	1	0	0	0	0	0	1	163	221	98	0	2	0	0	1	39	50	201	22	0	1	0	2	0	127	238	23	0	1	0	1	0	97	163	164	15	0	1	0	63	75	75	238	64	0	3	0	112	231	184	79	0	1	0	0	0	0	0	0	0	0	
0	0	1	1	0	0	0	0	0	2	0	30	171	88	0	3	1	0	13	169	158	158	0	3	4	0	124	123	0	170	13	0	0	0	158	25	0	165	19	0	0	5	185	24	59	164	0	0	2	0	106	171	159	32	0	2	0	0	0	6	3	0	0	0	
0	0	0	0	0	0	0	0	1	0	16	75	48	0	0	0	0	21	193	165	203	109	0	4	0	47	224	0	124	192	0	3	2	0	134	175	172	192	1	0	0	0	0	28	33	181	18	0	0	0	3	0	9	221	49	0	0	0	0	0	4	98	21	0	
0	1	1	0	0	0	1	0	1	0	10	60	74	43	0	1	0	26	162	109	66	121	55	0	0	32	205	50	0	106	64	0	0	0	176	165	170	192	99	0	1	0	30	43	69	165	54	0	0	2	0	33	164	44	0	2	0	1	0	49	49	0	3	0	
0	0	0	0	0	0	0	0	0	2	0	57	123	0	3	0	0	3	0	100	223	0	0	1	0	3	0	98	236	5	0	1	0	3	0	76	226	5	0	1	0	3	0	68	229	7	0	1	0	3	0	99	169	0	0	0	0	0	0	0	0	0	0	0	
0	1	2	0	0	0	2	0	1	0	11	118	138	52	0	1	0	2	170	164	93	180	71	0	0	69	211	0	0	74	159	0	0	86	162	0	0	71	157	0	0	42	171	13	0	155	92	0	2	0	96	179	193	141	0	0	0	1	0	14	30	0	1	0	
0	0	1	0	0	1	0	0	0	0	1	78	64	0	1	0	3	0	96	161	136	74	0	3	0	6	186	36	135	102	0	4	1	0	84	126	175	82	0	3	0	0	4	0	127	111	0	4	0	0	6	0	107	127	0	4	0	0	1	0	36	69	0	1	
2	2	4	4	1	0	0	0	0	0	0	0	7	4	0	0	139	213	146	145	229	109	0	4	90	143	144	83	197	147	0	4	0	0	3	0	187	190	0	2	3	4	8	0	135	244	9	0	0	0	3	0	96	253	13	0	0	0	1	0	26	170	14	0	
0	0	1	0	0	2	0	0	0	1	0	54	75	0	0	0	2	0	54	168	144	82	0	2	3	0	168	60	56	142	0	3	2	0	60	148	195	107	0	4	0	0	3	0	164	80	0	3	0	0	5	0	183	83	0	3	0	0	1	0	67	34	0	1	
0	1	1	0	0	0	1	0	1	0	26	172	212	65	0	2	0	43	253	124	110	250	49	0	0	136	238	112	0	131	192	0	0	156	106	0	0	69	235	15	0	138	196	42	45	206	161	0	0	14	160	215	201	124	2	0	0	0	0	0	0	0	1	0	
0	2	0	56	37	0	1	0	0	2	0	175	73	0	3	0	1	0	21	205	22	0	1	0	2	0	53	180	66	150	15	0	3	0	54	232	173	202	53	0	1	0	22	238	234	135	0	1	0	1	0	52	71	8	0	1	0	0	0	0	0	2	0	0	
0	0	0	0	0	0	0	0	1	0	16	106	209	80	0	3	2	0	187	211	178	56	0	2	3	0	176	215	173	56	0	2	2	0	207	147	71	215	38	0	3	0	163	170	41	206	67	0	1	0	9	129	201	132	0	0	0	0	1	0	0	0	0	0	
0	0	1	0	0	0	0	0	1	0	8	131	136	71	2	0	3	0	94	220	101	200	87	0	4	0	159	125	0	93	110	0	4	0	158	122	0	118	77	0	3	0	144	172	10	187	13	0	2	0	30	218	213	96	0	3	0	1	0	30	47	0	1	0	
0	0	0	2	0	1	0	0	0	0	1	0	16	3	0	0	0	1	0	69	163	97	0	3	3	0	85	113	142	88	0	3	1	0	56	51	113	8	0	0	0	2	0	63	85	0	3	0	1	0	17	141	19	0	1	0	2	0	55	78	0	2	0	0	
0	0	1	0	0	0	0	0	0	0	0	68	77	2	0	0	3	0	75	200	181	80	0	3	4	0	128	140	120	114	0	4	1	0	20	101	188	52	0	2	0	0	1	0	171	40	0	2	0	1	0	29	205	19	0	1	0	1	0	28	75	0	1	0	
0	0	1	0	1	1	0	0	0	1	0	42	35	0	1	0	3	0	73	220	186	20	0	1	4	0	122	72	164	101	0	4	2	0	52	185	233	43	0	2	0	1	0	45	199	6	0	1	0	3	0	90	159	0	3	0	0	2	0	67	48	0	2	0	
0	0	0	1	1	0	0	0	0	0	2	0	49	67	0	2	0	0	8	119	170	101	0	4	2	0	60	196	207	71	0	2	4	0	94	251	240	107	0	2	1	0	0	149	180	0	3	0	0	4	0	120	133	0	4	0	0	0	0	21	13	0	0	0	
0	0	0	0	12	30	0	1	0	0	2	0	107	64	0	2	0	2	0	58	101	0	1	0	0	0	7	124	117	146	5	0	2	0	52	143	91	94	2	0	3	0	68	194	126	33	0	2	0	0	2	94	56	0	2	0	0	0	0	0	1	1	0	0	
0	0	0	7	1	0	0	0	2	0	55	171	87	0	1	0	1	0	12	27	148	11	0	0	0	2	0	146	133	0	2	0	0	0	1	28	100	6	0	0	1	0	41	98	90	64	0	2	0	2	0	108	177	34	0	2	0	0	0	1	3	0	0	0	
0	1	1	0	0	1	0	0	1	0	31	111	127	22	0	1	0	42	174	73	113	154	0	1	0	78	153	0	1	131	14	0	0	0	14	1	8	160	76	0	0	2	0	48	186	158	4	1	0	1	0	184	220	28	0	2	0	0	0	13	29	0	1	0	
0	0	1	0	0	2	0	0	0	0	0	58	49	0	1	0	3	0	158	182	156	115	0	2	2	0	153	61	61	168	0	3	0	0	2	0	168	107	0	4	0	2	0	64	215	9	0	1	0	3	0	185	117	0	3	0	0	0	0	77	19	0	1	0	
0	0	0	2	0	0	0	0	0	0	3	0	61	126	1	0	0	2	0	69	255	165	0	2	2	0	64	252	233	25	0	2	3	0	108	249	220	19	0	1	0	1	0	183	250	40	0	2	1	0	0	218	181	0	1	0	0	1	0	29	19	0	1	0	
0	0	1	0	0	0	1	0	1	0	3	157	217	135	0	2	4	0	130	224	30	167	59	0	0	0	222	98	0	129	125	0	0	39	229	29	0	131	131	0	0	21	235	88	54	184	34	0	1	0	102	207	182	82	0	2	0	0	0	0	0	0	1	0	
0	0	0	0	2	1	0	0	1	0	37	80	3	0	0	0	0	0	4	92	148	32	0	2	0	0	3	0	89	97	0	4	0	0	0	10	145	18	0	1	0	2	0	121	84	0	3	0	2	0	68	105	0	2	0	0	1	0	27	11	0	0	0	0	
0	0	0	0	0	0	0	0	0	1	0	85	34	23	13	0	1	0	1	214	71	178	41	0	2	0	53	192	100	206	0	0	4	0	150	236	223	132	0	3	2	0	92	206	222	12	0	1	0	3	0	109	139	0	4	0	0	0	0	19	14	0	0	0	
0	0	0	0	0	0	0	0	0	2	97	93	105	97	0	1	0	18	203	92	105	67	0	2	0	28	212	160	155	123	17	0	0	13	130	79	0	121	113	0	0	0	1	0	16	191	67	0	2	0	98	144	209	93	0	3	1	0	17	60	29	0	1	0	
0	0	1	1	0	0	0	0	0	1	0	32	149	99	81	0	1	0	5	192	203	187	100	0	4	0	117	243	23	0	1	0	2	0	37	150	207	49	0	2	0	0	26	0	165	117	0	4	3	0	122	219	190	35	0	2	1	0	14	49	2	0	0	0	
0	0	0	0	0	1	0	0	0	0	5	43	0	5	0	0	1	0	28	65	0	72	0	0	2	0	50	41	61	63	0	2	1	0	34	94	93	30	0	1	0	0	1	0	61	9	0	0	0	0	0	1	80	4	0	0	0	0	0	0	18	2	0	0	
0	0	1	0	0	0	0	0	0	1	0	88	209	161	8	0	4	0	97	255	82	188	96	0	0	3	231	164	0	161	116	0	0	16	239	44	0	219	114	0	0	2	226	132	109	239	26	0	2	0	48	196	220	69	0	3	0	0	0	0	0	1	1	0	
0	0	1	1	0	0	0	0	0	2	0	75	89	0	1	0	1	0	34	105	132	46	0	2	3	0	73	105	129	43	0	2	1	0	13	85	146	51	0	2	0	0	4	0	102	60	0	2	1	0	20	124	139	16	0	1	0	0	1	53	40	0	1	0	
0	0	1	1	0	2	0	0	0	1	0	24	82	8	0	1	1	0	25	173	163	139	0	1	4	0	97	186	141	190	0	1	1	0	9	70	233	72	0	3	0	3	0	75	193	0	1	0	1	0	0	193	100	0	3	0	1	0	13	102	11	0	0	0	
0	0	0	3	1	0	0	0	0	0	1	0	1	0	8	8	0	0	2	92	159	116	113	40	3	0	135	106	0	11	2	0	2	0	67	112	52	0	0	1	0	30	57	112	182	17	0	1	0	16	87	62	8	0	0	0	0	0	0	0	1	0	0	0	
0	0	0	0	1	1	0	0	0	12	102	127	43	0	1	0	0	72	255	236	214	23	0	1	0	25	197	94	197	55	0	3	0	1	0	38	229	32	0	2	0	1	0	175	253	184	129	18	1	0	12	121	56	22	155	121	0	0	0	0	0	0	11	22	
0	0	0	0	1	0	0	0	0	0	28	4	1	1	0	0	2	0	127	37	130	38	0	2	4	0	130	79	162	54	0	2	3	0	60	180	194	21	0	1	0	0	0	53	160	5	0	0	0	0	3	0	122	47	0	2	0	0	1	0	40	36	0	1	
0	0	1	0	0	0	0	0	1	0	12	136	65	0	1	0	4	0	131	238	202	1	0	0	0	0	197	194	162	0	2	0	3	0	111	238	237	113	0	2	0	2	0	95	255	211	3	0	0	1	0	20	219	130	0	1	0	0	0	1	16	0	0	0	
0	2	1	0	0	0	0	0	0	0	10	44	64	33	0	1	0	70	113	51	116	87	0	2	0	24	58	118	77	31	1	0	0	23	145	92	46	84	83	0	0	10	10	0	0	64	95	0	1	0	20	42	98	89	0	0	1	0	27	93	51	0	1	0	
0	0	0	0	2	0	0	0	0	1	0	40	102	0	3	0	0	3	0	102	183	0	2	0	0	4	0	142	207	0	1	0	0	4	0	141	191	0	2	0	0	4	0	142	229	0	0	1	0	3	0	102	149	0	1	0	0	0	0	0	0	0	0	0	
0	0	0	0	0	0	0	0	0	0	6	64	100	100	0	1	2	0	42	195	128	61	0	1	2	0	40	183	151	23	0	1	0	0	4	0	99	77	0	3	1	0	37	33	130	79	0	3	2	0	35	219	170	0	1	0	0	1	0	28	21	0	1	0	
0	0	0	0	0	0	0	0	1	0	32	29	11	93	0	0	4	0	166	130	19	183	0	1	0	0	227	94	54	195	0	1	0	5	198	215	220	195	0	2	0	0	13	0	163	156	0	4	0	0	1	0	186	71	0	3	0	0	1	1	24	5	0	0	
0	0	1	1	0	1	0	0	0	0	0	7	19	0	0	0	1	0	6	117	113	16	0	1	2	0	57	66	98	66	0	3	2	0	34	160	147	57	0	3	0	0	2	0	67	58	0	2	0	0	3	0	81	41	0	2	0	0	2	0	62	23	0	1	
0	0	0	0	0	0	0	0	0	37	220	191	43	0	1	0	0	13	65	134	182	0	3	0	0	0	0	188	181	1	0	1	0	1	0	30	129	161	13	0	1	0	18	89	34	214	48	0	1	0	8	182	220	115	0	1	0	0	0	0	0	0	0	0	
0	0	0	0	1	0	0	0	0	1	0	40	17	0	0	0	0	1	0	126	97	42	0	2	1	0	37	118	100	16	0	1	1	0	17	156	175	49	0	1	0	3	0	97	114	25	0	1	0	2	0	117	24	0	1	0	0	0	0	39	5	1	0	0	
0	0	1	0	1	4	4	3	0	0	1	13	1	0	0	0	1	0	10	189	167	146	143	82	4	0	146	165	3	68	105	86	3	0	99	179	107	0	1	0	0	9	82	103	198	2	3	3	0	0	104	143	34	0	1	0	0	0	0	0	0	0	0	0	
0	0	1	0	25	23	0	1	0	1	0	9	168	39	0	2	0	3	0	107	93	0	3	0	1	0	14	132	64	77	0	2	2	0	54	120	57	176	0	3	2	0	38	148	153	91	0	3	0	1	0	89	97	0	0	0	0	0	0	0	0	1	0	0	
0	0	1	0	29	20	0	1	0	2	0	73	199	157	0	0	0	1	0	56	43	162	11	0	0	0	3	0	74	76	0	2	1	0	24	143	170	16	2	0	1	0	179	222	204	142	0	1	0	0	108	49	45	37	0	1	0	0	0	1	1	0	0	0	
0	0	0	0	0	1	0	0	0	0	2	22	98	87	0	3	2	0	49	155	90	11	0	1	3	0	84	124	55	25	0	1	1	0	39	60	73	124	0	3	2	0	108	13	81	104	0	3	2	0	50	163	121	5	0	1	0	0	0	6	1	0	0	0	
0	0	0	2	0	0	0	0	0	0	0	5	72	24	0	1	0	2	0	121	236	113	0	4	2	0	44	205	157	136	0	4	1	0	10	181	249	43	0	2	0	4	0	120	147	0	3	0	0	0	0	188	44	0	2	0	0	0	4	76	8	0	0	0	
0	0	0	0	0	0	0	0	0	1	0	30	94	31	0	1	0	0	7	79	169	53	0	2	0	2	0	99	167	25	0	1	0	0	5	20	97	104	0	4	0	1	0	44	156	7	0	1	2	0	62	164	28	0	1	0	1	0	34	14	0	1	0	0	
0	0	1	1	0	1	0	0	0	2	0	89	39	11	63	0	2	0	37	195	0	105	169	0	2	0	182	144	15	211	62	0	0	26	226	169	233	169	0	2	0	4	2	52	214	26	0	1	0	1	0	188	103	0	3	0	0	0	3	33	4	0	0	0	
0	0	0	0	0	0	0	0	0	66	184	199	174	76	0	1	0	80	85	27	60	216	66	0	0	0	0	97	186	166	8	0	24	39	0	118	191	170	37	0	25	180	76	22	51	201	117	0	0	66	155	160	154	105	1	0	0	0	0	0	0	0	1	0	
0	0	0	3	0	1	1	0	0	0	2	0	165	73	0	2	0	2	0	85	245	215	15	0	3	0	115	200	0	180	157	0	0	18	228	62	0	179	93	0	0	31	231	113	205	173	4	0	1	0	102	221	100	0	2	0	0	0	0	0	0	2	1	0	
0	0	1	0	0	0	2	0	0	1	0	17	27	5	0	0	3	0	62	203	193	208	116	0	0	97	225	73	0	29	185	51	0	151	239	6	0	17	190	29	0	159	164	0	0	115	157	0	0	51	35	0	34	222	46	0	0	0	2	0	46	73	0	2	
0	0	0	0	3	0	0	0	1	0	28	143	179	70	0	2	3	0	58	191	101	148	0	3	0	0	4	0	101	113	0	3	2	0	74	180	234	30	0	3	0	19	184	183	185	151	114	20	0	4	163	126	0	92	55	0	0	0	0	0	2	0	0	0	
0	0	0	6	34	0	0	0	0	2	0	115	108	0	2	0	2	0	40	150	0	1	0	0	4	0	110	65	34	67	0	1	4	0	123	75	121	175	29	0	2	0	37	143	104	138	11	0	0	1	0	37	121	40	0	2	0	0	1	1	0	1	0	0	
0	0	1	1	0	0	0	0	0	1	0	33	66	0	0	0	1	0	16	199	240	22	0	1	4	0	102	141	163	66	0	3	2	0	42	180	227	67	0	3	0	2	0	43	195	4	0	1	0	2	0	161	121	0	3	0	0	0	1	83	15	0	1	0	
0	0	0	0	1	1	0	0	0	5	46	73	11	0	1	0	0	20	135	131	102	11	0	1	0	0	3	0	76	89	0	3	0	0	7	0	128	84	0	3	0	1	0	36	184	6	0	1	0	3	0	150	87	0	3	0	0	0	0	52	5	0	0	0	
0	0	0	0	1	0	0	0	0	0	2	0	40	184	13	0	0	0	2	0	172	206	0	0	0	2	0	56	255	67	0	3	1	0	0	191	215	3	0	1	4	0	96	255	69	0	3	0	3	0	119	154	0	2	0	0	0	0	0	0	2	0	0	0	
0	0	3	14	3	0	0	0	1	0	16	138	149	13	0	1	0	0	5	0	112	104	0	5	0	0	3	29	148	102	0	3	3	0	61	178	207	141	137	33	2	0	133	177	46	0	34	17	2	0	139	95	0	4	0	0	0	0	0	1	1	0	1	1	
0	0	0	0	11	32	0	1	0	1	0	2	202	133	0	4	0	3	0	120	215	3	0	1	1	0	21	229	137	12	0	1	3	0	79	245	241	193	0	1	3	0	72	255	254	124	0	3	0	1	0	92	121	6	0	1	0	0	1	0	0	1	0	0	
0	0	0	2	0	0	0	0	0	0	2	0	88	29	0	1	0	1	0	84	207	72	0	3	2	0	106	84	91	102	0	4	0	15	181	125	149	95	0	4	0	1	3	0	101	111	0	4	0	0	2	0	65	92	0	3	0	0	1	0	12	11	0	0	
0	0	0	1	3	0	0	0	0	0	1	2	0	24	132	33	0	1	0	24	151	235	193	27	1	0	26	182	136	50	0	0	3	0	58	253	76	0	5	1	0	25	71	176	167	0	4	0	0	9	195	220	34	0	2	0	1	0	16	28	0	1	0	0	
0	0	0	0	0	0	0	0	0	2	0	67	60	0	2	0	0	3	0	77	103	0	3	0	0	2	0	56	107	0	3	0	0	1	0	40	132	0	3	0	0	1	0	13	150	4	0	0	0	0	1	0	111	22	0	1	0	0	0	0	0	0	0	0	
0	0	0	0	0	0	0	0	0	1	0	57	157	57	0	2	1	0	10	163	198	158	0	4	0	2	0	119	200	82	0	3	0	4	0	125	199	0	0	0	1	0	28	150	112	52	0	2	1	0	30	180	159	27	0	1	0	1	0	33	27	0	1	0	
0	0	3	3	1	0	0	0	0	0	0	0	1	6	0	0	1	0	101	97	127	131	0	2	0	39	152	24	68	106	0	4	0	6	8	0	120	46	0	2	0	1	0	36	128	0	2	0	0	3	0	103	56	0	2	0	0	0	0	95	10	0	0	0	
0	0	1	2	0	0	0	0	0	0	0	3	10	0	0	0	1	0	0	149	228	37	0	2	4	0	93	208	191	114	0	4	1	0	21	143	230	59	0	3	0	1	0	18	176	12	0	1	0	2	0	131	94	0	3	0	1	0	12	117	4	0	0	0	
0	0	1	0	0	0	0	0	1	0	6	126	124	101	7	0	3	0	97	122	33	38	8	0	3	0	96	58	0	2	0	0	1	0	7	135	84	0	0	0	0	0	3	34	100	97	0	1	0	0	0	68	124	189	23	0	0	0	1	0	33	44	0	0	
0	0	1	1	1	2	0	0	0	1	0	38	24	15	31	0	1	0	0	184	58	185	84	0	3	0	128	111	123	178	0	3	2	0	175	211	231	69	0	3	1	0	1	201	74	0	2	0	3	0	86	164	0	2	0	0	2	0	62	57	0	2	0	0	
0	0	0	0	0	0	0	0	0	45	85	87	92	15	0	1	0	11	71	66	193	75	0	3	0	2	0	45	172	1	0	1	3	0	58	228	220	169	141	12	1	0	17	204	48	18	20	0	2	0	40	159	0	1	0	0	0	0	7	19	0	1	1	0	
0	0	0	0	0	0	0	0	0	2	0	91	210	152	0	0	1	0	4	208	152	171	6	0	0	1	4	0	86	111	0	3	1	0	22	82	192	19	0	1	0	28	241	235	156	173	2	0	0	25	98	28	0	116	30	0	0	0	0	1	3	0	0	0	
0	0	0	1	0	23	8	0	0	0	1	0	21	145	7	0	0	0	2	0	131	73	0	3	0	2	0	76	110	0	3	0	1	0	8	155	83	0	1	0	3	0	88	103	130	0	0	0	2	0	57	103	29	0	1	0	0	0	0	0	0	0	0	0	
0	0	0	1	0	0	0	0	0	1	0	34	67	110	159	44	0	2	0	155	231	157	139	44	0	0	3	144	198	20	0	1	0	0	14	0	173	83	0	4	0	17	177	50	195	28	0	1	0	51	255	235	137	0	2	0	0	0	38	38	0	1	0	0	
0	0	1	0	0	0	0	0	0	0	3	65	50	0	1	0	2	0	86	89	108	35	0	1	1	0	123	4	117	36	0	1	2	0	62	119	165	32	0	1	0	0	2	0	106	42	0	2	0	0	5	0	114	51	0	2	0	0	1	0	46	23	0	1	
0	0	1	1	0	1	3	0	0	1	0	31	87	9	0	1	1	0	20	227	203	139	79	0	2	0	165	172	0	5	177	38	0	56	172	0	0	94	170	10	0	134	104	53	171	140	17	0	0	94	193	138	47	0	2	1	0	1	9	0	0	3	1	0	
0	0	1	1	0	2	0	0	0	2	0	36	12	0	2	0	2	0	49	198	25	51	0	1	0	12	199	67	22	184	50	4	0	133	221	131	188	220	136	16	0	49	80	20	83	171	0	3	0	0	1	0	42	92	0	2	0	2	3	1	0	0	0	0	
0	0	0	0	1	2	0	0	0	0	0	0	151	46	0	2	0	1	0	14	198	22	0	1	0	1	0	25	194	8	0	1	0	2	0	63	173	0	2	0	0	3	0	155	149	0	3	0	0	0	0	154	32	0	1	0	0	0	0	0	1	0	0	0	
0	0	2	1	0	1	0	0	0	1	0	23	33	5	0	0	2	0	56	125	120	144	0	1	0	5	167	81	186	138	0	3	0	0	70	62	154	41	0	2	0	1	0	16	134	0	0	0	0	3	0	78	102	0	3	0	0	2	0	67	52	0	2	0	
0	0	2	0	3	2	0	0	0	1	0	87	172	142	2	0	3	0	121	195	13	167	32	0	0	0	151	20	62	171	0	0	0	2	0	51	184	22	0	1	0	7	129	236	202	72	0	1	0	16	197	60	46	128	4	0	0	0	0	0	0	0	0	0	
0	0	2	0	0	1	0	0	0	0	4	73	110	24	0	1	0	0	130	93	13	94	34	0	0	0	187	114	90	93	0	1	1	0	7	137	237	18	0	1	0	4	0	89	162	108	0	4	0	3	0	102	176	55	0	3	0	0	0	6	38	0	0	0	
0	0	1	0	0	0	0	0	0	1	0	40	78	140	36	0	3	0	83	185	122	205	26	0	2	0	56	90	211	101	0	3	2	0	69	176	89	163	11	0	0	0	8	0	50	155	0	1	0	27	183	136	170	44	0	2	0	4	53	61	14	0	1	0	
0	0	0	0	0	0	0	0	0	2	0	154	110	0	3	0	0	3	0	156	172	0	4	0	0	4	0	152	171	0	4	0	0	4	0	160	193	0	1	0	0	4	0	125	255	21	0	2	0	3	0	84	143	0	1	0	0	0	0	0	0	0	0	0	
0	0	0	1	1	0	0	0	0	0	2	0	39	18	0	1	0	2	0	38	226	41	0	2	2	0	34	150	166	58	17	0	1	0	156	169	190	165	45	0	0	4	3	56	154	0	2	0	0	3	0	96	90	0	4	0	0	2	0	54	24	0	1	0	
0	0	0	8	22	0	1	0	0	3	0	112	123	0	4	0	1	0	8	193	41	0	2	0	3	0	77	162	67	142	4	0	4	0	110	211	172	195	10	0	4	0	89	255	219	67	0	2	1	0	4	115	71	0	1	0	0	0	0	0	1	2	0	0	
0	0	0	0	0	0	0	0	0	0	3	43	109	119	23	0	2	0	58	197	57	28	3	0	3	0	64	207	95	152	67	0	3	0	122	154	13	87	121	0	0	0	13	3	9	163	61	0	0	3	164	164	138	88	0	1	0	2	45	23	0	1	1	0	
0	0	0	0	0	0	0	0	0	2	0	57	148	0	1	0	0	4	0	128	193	0	2	0	0	4	0	127	180	0	3	0	0	4	0	132	180	0	3	0	0	3	0	85	217	5	0	1	0	1	0	4	192	63	0	3	0	0	0	1	1	2	0	0	
0	0	0	10	58	0	1	0	0	3	0	91	120	0	5	0	0	2	0	155	42	0	2	0	2	0	65	134	53	113	84	0	2	0	148	135	150	68	149	0	3	0	114	236	138	112	27	0	1	0	17	36	0	1	1	0	0	0	1	1	2	3	1	0	
0	1	4	3	1	0	0	0	0	0	0	0	3	4	0	0	0	77	121	107	175	106	0	4	0	11	55	33	119	102	0	4	0	0	4	0	121	71	0	3	0	0	5	0	130	52	0	2	0	0	2	0	155	33	0	1	0	0	1	0	95	23	0	1	
0	0	0	0	3	1	0	0	0	0	1	9	0	1	0	0	3	0	57	205	137	135	0	1	1	0	16	52	131	115	0	4	0	0	3	0	138	50	0	2	0	1	0	39	157	0	1	0	0	3	0	144	92	0	3	0	0	0	0	112	17	0	1	0	
0	0	0	0	0	1	0	0	1	0	14	73	115	5	0	0	0	2	192	173	123	24	0	1	0	7	218	194	149	190	40	0	0	10	192	55	0	118	134	0	0	0	39	25	1	169	106	0	1	0	28	183	176	113	1	0	0	1	0	28	23	0	1	0	
0	0	2	1	0	0	0	0	0	2	0	39	192	110	0	3	2	0	57	139	148	129	0	4	0	2	201	53	113	69	0	3	0	0	64	173	199	106	0	2	1	0	13	176	32	157	15	0	0	0	3	79	147	126	0	1	0	0	0	0	4	2	0	0	
0	0	1	0	31	22	0	1	0	1	0	27	147	40	0	2	0	1	0	124	36	0	1	0	2	0	38	143	77	45	0	1	3	0	72	162	30	131	3	0	3	0	83	144	86	81	0	2	1	0	25	107	57	0	0	0	0	0	0	0	0	2	0	0	
0	0	1	1	0	1	0	0	0	0	0	10	27	0	0	0	1	0	16	126	134	73	0	3	4	0	126	94	109	100	0	4	2	0	90	122	186	38	0	2	0	0	0	8	143	6	0	0	0	2	0	71	122	0	3	0	0	2	0	73	60	0	2	0	
0	0	0	3	6	0	0	0	2	0	38	141	152	24	0	1	2	0	57	26	81	88	0	3	0	0	3	0	111	62	0	2	0	1	0	41	141	0	1	0	2	0	36	231	181	7	0	1	2	0	68	95	77	94	0	3	0	0	0	0	1	3	0	0	
0	0	2	0	1	0	2	1	0	1	0	137	207	121	7	0	3	0	132	219	26	112	148	5	0	35	207	72	0	0	142	63	0	124	123	0	0	32	185	24	0	151	110	18	108	194	77	0	0	50	179	165	125	27	0	2	0	0	0	0	0	1	2	0	
0	0	0	0	0	0	0	0	0	0	0	4	62	1	0	0	0	1	0	41	159	0	1	0	0	3	0	77	111	0	3	0	0	4	0	118	88	0	3	0	0	3	0	125	55	0	2	0	0	2	0	119	27	0	1	0	0	0	0	17	5	0	0	0	
0	0	0	0	1	1	0	0	0	1	0	14	144	6	0	0	0	2	0	23	172	0	0	0	0	4	0	28	181	2	0	0	0	2	0	65	175	0	2	0	0	3	0	91	160	0	4	0	0	3	0	107	88	0	3	0	0	0	0	0	0	0	0	0	
0	0	1	0	2	5	0	0	1	0	16	153	174	82	0	1	1	0	25	223	85	0	1	0	4	0	132	183	140	86	0	3	0	18	45	10	63	177	0	3	0	59	129	19	150	173	0	4	1	0	62	169	188	43	0	2	0	1	0	0	0	0	0	0	
0	0	0	0	1	2	0	0	1	0	32	96	131	156	17	0	0	29	182	87	10	158	39	0	0	12	20	0	26	153	0	0	0	0	2	0	127	102	0	4	0	16	129	206	200	160	53	0	0	114	210	93	0	60	84	0	0	2	0	0	1	0	0	0	
0	0	0	0	0	1	0	0	1	0	34	93	43	0	1	0	0	4	184	110	153	54	0	2	0	0	21	29	170	50	0	2	2	0	32	124	142	112	0	1	0	0	1	1	0	151	29	0	0	1	0	28	115	133	0	0	0	2	0	60	97	7	0	1	
0	0	2	2	0	0	0	0	0	1	0	13	81	122	12	0	2	0	62	163	87	178	9	0	2	0	63	54	160	131	0	4	2	0	47	159	120	157	0	1	0	0	3	0	82	124	0	3	0	68	133	114	147	13	0	1	0	13	58	47	4	0	0	0	
0	0	1	0	0	0	1	0	1	0	11	128	188	98	6	0	2	0	166	212	147	255	96	0	0	50	226	25	0	120	173	0	0	93	231	9	0	167	187	0	0	46	255	163	171	241	65	0	1	0	95	206	166	23	0	1	0	0	0	0	0	0	2	0	
0	0	1	0	54	18	0	1	0	1	0	19	154	7	0	0	0	3	0	108	88	0	3	0	1	0	22	157	76	105	70	0	3	0	113	173	135	97	107	0	3	0	104	237	124	69	2	0	1	0	16	39	0	1	1	0	0	0	1	0	2	3	0	0	
0	1	0	25	35	0	1	0	1	0	26	97	109	21	0	1	0	0	14	0	54	50	0	2	0	0	3	0	82	49	0	2	1	0	7	64	118	3	0	0	3	0	73	170	121	0	3	0	1	0	22	35	67	73	0	0	0	0	0	0	0	0	0	0	
0	0	0	0	0	0	0	0	0	0	1	19	12	13	2	0	2	0	37	192	169	164	0	1	0	0	6	0	79	121	0	4	0	0	1	0	147	44	0	2	0	3	0	89	128	0	2	0	1	0	23	162	17	0	1	0	3	0	74	81	0	3	0	0	
0	0	0	1	0	26	3	0	0	0	3	0	85	138	0	1	0	1	0	26	183	19	0	1	0	2	0	155	114	0	4	0	2	0	40	199	176	27	0	1	3	0	78	204	164	12	0	1	1	0	14	121	29	0	1	0	0	0	0	0	1	1	0	0	
0	0	0	1	0	1	0	0	0	1	0	11	160	185	18	0	0	0	0	127	133	145	0	2	1	0	24	151	144	60	0	2	0	1	0	116	158	121	3	0	0	7	132	60	17	148	2	0	0	26	148	97	125	38	0	2	0	0	6	16	2	0	0	0	
0	0	0	0	0	0	0	0	1	0	26	72	86	25	0	1	1	0	110	11	78	134	0	2	1	0	28	128	73	9	0	1	2	0	37	89	91	5	0	0	2	0	78	17	37	87	0	1	1	0	34	70	51	114	1	0	0	0	0	19	49	17	0	1	
0	0	1	0	0	0	2	0	0	0	1	44	167	124	0	1	0	7	164	255	127	112	91	0	2	0	162	150	0	0	150	37	0	41	182	7	0	11	184	48	0	128	137	50	132	184	105	0	0	44	147	144	87	16	0	1	0	0	0	0	0	0	3	0	
1	0	18	63	0	1	0	0	3	0	125	150	0	4	1	0	0	0	170	26	0	1	0	0	0	5	170	15	33	74	21	0	3	0	126	181	116	99	158	0	1	0	16	215	119	132	98	0	0	1	0	14	88	57	0	0	0	0	1	1	0	0	1	0	
0	0	0	0	1	3	0	0	0	0	1	0	120	54	0	2	0	1	0	28	200	6	0	1	0	1	0	29	191	1	0	0	0	2	0	58	183	0	1	0	0	3	0	150	106	0	3	0	1	0	13	160	16	0	1	0	0	0	0	0	1	0	0	0	
0	0	0	2	1	0	0	0	0	0	2	0	33	208	77	0	0	2	0	36	235	219	42	0	3	0	92	239	189	10	0	1	4	0	84	255	81	0	5	0	3	0	66	255	189	0	0	1	1	0	24	199	191	7	0	1	0	0	0	0	0	0	0	0	
0	0	1	2	0	0	0	0	0	1	0	8	114	131	25	0	1	0	6	168	104	115	70	0	0	0	6	27	0	141	25	0	0	6	50	99	195	144	0	4	0	154	205	173	107	114	124	0	0	31	39	10	0	3	4	0	0	0	0	1	4	2	0	0	
1	0	0	0	0	0	0	0	0	4	25	50	66	8	0	0	35	160	153	114	127	145	0	3	9	16	0	0	117	103	0	2	0	3	0	91	202	0	0	1	0	1	2	0	75	186	16	0	0	0	4	102	158	129	12	0	1	0	15	125	46	0	1	0	
0	0	1	0	0	0	0	0	0	0	0	104	118	124	23	0	3	0	92	187	34	168	49	0	1	0	23	12	120	191	0	0	0	13	139	177	114	168	16	0	0	16	62	0	45	147	0	2	0	125	160	102	169	48	0	2	0	24	51	49	15	0	1	0	
0	0	0	0	0	0	0	0	0	2	0	43	72	0	2	0	0	3	0	80	166	0	3	0	0	3	0	75	161	0	3	0	0	3	0	78	160	0	3	0	0	2	0	67	115	0	3	0	0	2	0	50	97	0	3	0	0	0	0	11	13	0	0	0	
0	0	2	4	4	0	0	0	0	0	0	0	0	10	2	0	0	1	139	123	148	157	0	1	0	0	52	62	166	111	0	4	0	0	0	5	177	27	0	1	0	3	0	105	141	0	3	0	1	0	7	181	37	0	1	0	2	0	45	113	0	2	0	0	
0	0	0	39	22	0	1	0	3	0	50	255	104	0	4	0	4	0	166	189	11	35	0	0	3	0	193	187	184	255	40	0	4	0	138	255	250	246	35	0	2	0	48	248	255	192	0	1	0	1	0	84	155	59	0	2	0	0	1	0	0	1	0	0	
0	0	0	1	0	0	1	0	0	1	0	26	126	73	0	1	0	3	0	103	196	136	78	0	2	0	85	132	23	102	64	0	4	0	131	188	187	87	0	3	0	11	120	0	79	110	0	4	0	12	132	90	136	25	0	1	1	0	22	64	14	0	1	0	
0	0	1	0	0	1	1	0	0	0	0	58	94	18	0	1	3	0	90	196	153	161	3	1	2	0	57	165	87	206	58	0	0	4	0	125	252	28	0	2	1	0	21	165	171	47	0	2	1	0	30	188	181	45	0	2	0	1	0	68	72	0	1	0	
0	1	2	2	0	1	0	0	0	1	0	10	35	4	0	0	0	26	35	128	113	128	0	1	0	45	172	55	58	165	0	1	0	12	149	101	151	104	0	4	0	0	5	0	130	48	0	2	0	2	0	35	155	0	1	0	0	2	0	60	85	0	3	0	
0	1	1	0	2	2	0	0	0	0	11	16	0	0	0	0	0	19	145	137	87	69	0	2	0	110	106	0	85	156	0	3	0	31	134	103	133	127	0	4	0	0	3	33	109	118	0	4	0	1	3	0	40	138	0	2	0	0	1	0	14	116	0	0	
0	0	0	0	1	0	0	0	0	0	3	0	91	69	0	2	0	0	3	0	160	98	0	4	0	1	0	19	190	22	0	1	0	3	0	99	143	0	3	0	0	2	0	183	72	0	3	0	0	0	0	167	41	0	2	0	0	0	0	0	0	0	0	0	
0	0	2	3	0	0	0	0	0	0	1	0	105	118	14	0	2	0	36	171	157	234	114	0	3	0	165	147	101	155	29	0	4	0	86	255	140	0	1	0	1	0	152	147	183	0	2	0	0	3	189	188	135	0	1	0	1	0	25	47	0	0	0	0	
0	0	2	1	0	0	0	0	0	1	0	17	76	124	17	0	2	0	35	159	88	211	39	0	3	0	168	97	95	114	0	3	2	0	62	211	175	139	6	0	2	0	63	96	19	193	19	0	4	0	90	175	139	51	0	2	0	0	10	36	0	0	0	0	
0	0	2	1	0	0	0	0	0	1	0	19	83	33	0	1	2	0	49	134	101	104	0	3	0	15	146	9	82	121	0	3	0	51	159	93	162	82	0	3	0	0	39	6	90	71	0	3	0	0	4	0	104	80	0	3	0	0	3	0	36	47	0	2	
0	0	0	1	71	11	0	0	0	2	0	71	138	0	4	0	0	3	0	145	54	0	3	0	2	0	49	155	75	118	89	0	3	0	137	150	129	79	138	0	3	0	111	231	169	122	12	0	0	0	5	46	5	0	1	0	0	0	1	0	0	3	1	0	
0	0	0	0	0	0	0	0	1	0	8	99	177	187	26	0	1	0	191	201	62	219	59	0	0	3	40	1	150	152	0	1	1	0	15	187	131	0	1	0	0	2	222	196	34	127	78	0	0	0	109	166	190	182	39	0	0	0	0	0	0	0	0	0	
0	0	1	2	0	0	0	0	0	0	4	0	10	12	0	0	1	0	131	151	154	156	0	2	0	0	25	33	33	151	0	1	0	0	3	0	127	102	0	3	0	2	0	41	173	3	0	1	1	0	0	174	75	0	3	0	2	0	61	115	0	3	0	0	
0	0	0	4	18	1	0	0	0	3	0	126	151	0	3	0	2	0	35	205	64	54	0	0	4	0	108	251	209	180	36	0	4	0	145	223	0	72	84	0	4	0	115	197	106	209	40	0	0	0	0	101	140	33	0	1	0	0	1	0	0	1	1	0	
0	0	0	0	0	2	0	0	0	0	2	0	78	107	0	3	0	0	3	0	171	66	0	3	0	1	0	16	175	14	0	1	0	3	0	95	145	0	3	0	0	1	0	186	57	0	2	0	2	0	37	153	0	0	0	0	0	0	0	1	1	0	0	0	
0	0	0	0	0	0	0	0	0	0	0	0	64	6	0	0	0	1	0	16	151	1	0	0	0	1	0	43	129	0	3	0	0	3	0	82	113	0	3	0	0	3	0	93	79	0	3	0	0	3	0	87	67	0	2	0	0	0	0	11	8	0	0	0	
0	0	0	0	0	0	0	0	0	0	0	0	119	20	0	1	0	1	0	19	187	8	0	1	0	2	0	53	177	0	1	0	0	3	0	95	143	0	4	0	0	3	0	164	88	0	3	0	0	0	4	143	22	0	1	0	0	0	0	0	0	0	0	0	
0	0	1	0	38	39	0	1	0	0	0	10	107	18	0	1	0	2	0	68	60	0	2	0	0	1	0	115	79	22	0	1	1	0	30	114	75	107	0	3	1	0	35	113	84	50	0	2	0	0	0	58	43	0	1	0	0	0	0	0	0	1	0	0	
0	0	0	2	0	0	0	0	0	0	2	0	17	63	0	1	0	1	0	65	83	89	0	4	1	0	64	108	86	160	0	0	0	17	171	120	175	62	0	0	0	3	0	62	108	0	3	0	0	2	0	108	42	0	1	0	0	0	0	19	2	0	0	0	
0	0	0	2	1	0	0	0	0	0	1	0	1	8	1	0	2	0	45	156	148	168	0	0	1	0	19	144	105	133	0	4	0	0	6	61	160	46	0	2	0	2	0	51	167	0	2	0	0	3	0	149	92	0	3	0	0	1	0	117	21	0	1	0	
0	0	0	0	6	41	9	0	0	2	0	46	140	179	79	0	0	1	0	14	33	145	35	0	0	3	76	125	206	122	0	4	0	4	104	70	45	136	0	2	4	98	50	0	100	136	0	3	7	130	138	123	120	19	0	1	0	0	0	0	0	0	0	0	
0	3	3	1	2	3	0	0	0	0	0	0	0	1	2	0	28	137	67	39	36	159	92	0	0	83	148	145	242	142	0	0	0	1	0	14	204	27	0	1	0	4	0	45	156	0	3	0	0	2	0	55	189	3	0	1	0	1	0	8	131	23	0	1	
0	0	1	1	0	0	0	0	0	0	0	0	10	13	0	0	0	17	164	142	171	190	1	0	0	5	37	3	85	148	0	4	0	0	3	0	145	82	0	3	0	1	0	30	178	7	0	1	0	1	0	167	96	0	3	0	2	0	45	128	0	1	0	0	
0	0	0	0	0	0	0	0	0	2	0	60	25	0	1	0	0	4	0	130	84	0	3	0	0	3	0	80	132	0	4	0	0	1	0	42	147	0	2	0	0	0	0	1	153	16	0	1	0	0	1	0	130	25	0	1	0	0	0	0	11	2	0	0	
0	0	0	3	3	0	0	0	0	0	4	2	0	2	4	0	2	0	170	170	132	203	49	0	1	0	45	65	85	180	0	0	0	0	1	0	151	69	0	3	0	2	0	123	138	0	3	0	3	0	94	176	0	1	0	0	3	0	138	70	0	3	0	0	
0	0	2	1	0	3	1	0	0	0	0	7	16	0	0	0	2	0	51	147	128	103	34	0	1	0	165	64	138	213	12	0	2	0	126	128	206	42	0	2	0	3	0	96	111	0	4	0	1	0	6	169	27	0	1	0	1	0	24	89	0	2	0	0	
0	0	3	1	0	0	0	0	0	1	0	21	87	148	61	0	1	0	83	144	88	221	71	0	0	19	215	69	52	135	0	1	2	0	52	210	190	153	2	0	0	14	181	56	0	162	28	0	0	9	122	111	131	139	0	1	0	0	0	14	48	12	0	1	
0	0	0	2	0	4	9	0	0	0	0	9	88	132	92	0	0	2	0	114	114	0	1	0	2	0	53	200	137	72	0	3	2	0	93	38	33	118	0	3	0	46	105	0	87	101	0	3	0	26	115	131	140	13	0	1	0	0	0	11	5	0	0	0	
0	0	2	1	0	1	0	0	0	1	0	12	33	5	1	0	2	0	42	135	87	165	51	0	0	11	162	56	84	204	10	0	0	40	168	86	142	109	0	3	0	0	1	3	150	21	0	1	0	3	0	94	119	0	3	0	0	3	0	110	49	0	2	0	
0	0	0	3	0	1	0	0	0	3	104	151	119	9	0	1	0	19	62	0	106	119	0	3	0	0	1	0	31	150	0	2	0	1	3	0	110	89	0	3	1	0	35	155	223	53	0	1	3	0	138	149	36	122	61	0	0	0	1	0	0	0	0	0	
0	0	0	0	2	3	0	0	0	1	0	84	134	171	57	0	2	0	49	143	35	165	22	0	1	0	5	19	177	99	0	4	0	2	130	155	147	110	0	3	7	7	7	0	62	139	0	3	56	142	131	120	145	36	0	2	0	6	14	14	2	0	0	0	
0	0	1	2	0	1	2	1	0	0	0	7	11	0	0	0	0	0	0	140	157	107	113	71	3	0	106	124	0	16	24	12	1	0	105	138	75	0	3	0	0	1	0	40	130	0	4	0	0	5	89	137	56	0	2	0	1	0	34	33	0	1	0	0	
0	1	0	28	125	0	0	0	0	4	0	130	93	0	5	0	2	0	44	174	0	0	0	0	1	0	156	58	81	129	103	1	0	93	127	106	121	60	156	4	0	40	184	218	117	126	29	0	0	0	12	21	22	0	1	0	0	1	1	0	0	2	2	0	
0	0	1	1	0	0	0	0	0	2	0	42	132	114	35	0	1	0	30	157	78	57	24	0	1	0	20	152	27	0	1	0	0	2	0	50	161	0	1	0	0	0	6	0	137	29	0	1	2	0	47	157	157	1	0	1	0	0	1	35	12	0	0	0	
0	0	0	2	0	0	1	0	0	1	1	4	140	164	32	0	0	4	0	152	150	46	144	0	2	0	122	146	0	0	140	13	0	94	142	0	0	62	143	0	3	180	37	42	117	145	21	0	0	91	144	129	71	4	0	1	0	0	0	0	0	2	1	0	
0	0	2	0	1	0	0	0	0	2	0	77	171	136	23	0	3	0	89	131	10	98	176	0	0	19	178	15	0	13	176	13	0	105	131	0	0	88	123	0	0	126	138	0	106	135	6	0	0	22	165	135	88	4	0	1	0	0	3	2	0	2	1	0	
0	0	0	0	0	0	0	0	0	1	0	45	84	106	36	0	2	0	48	148	82	180	45	0	0	0	50	57	129	150	0	2	2	0	96	134	96	156	0	0	55	153	86	46	118	88	0	3	2	28	75	94	60	0	1	0	0	0	0	0	0	2	0	0	
0	1	3	0	0	2	1	0	0	0	0	7	24	4	0	0	0	23	157	163	175	148	7	0	0	9	91	44	0	173	49	0	0	0	3	0	83	191	2	0	0	2	0	40	192	30	0	2	0	1	0	184	77	0	3	0	1	0	15	145	10	0	0	0	
0	0	0	1	1	39	1	0	0	0	4	0	70	136	0	2	0	2	0	39	167	14	0	1	1	0	28	160	93	85	0	1	3	0	147	115	153	52	0	1	3	0	95	235	161	73	0	1	0	0	10	39	1	1	0	0	0	0	2	0	0	1	0	0	
0	0	0	0	0	0	0	0	0	0	2	0	141	56	0	2	0	0	0	0	203	56	0	2	0	1	0	33	208	15	0	1	0	3	0	96	172	0	3	0	0	3	0	174	116	0	4	0	0	0	0	172	51	0	2	0	0	0	0	0	0	0	0	0	
0	0	0	1	1	0	0	0	0	0	3	0	32	81	0	0	0	4	0	38	174	153	0	3	1	0	36	111	108	101	49	0	0	75	207	100	175	144	64	0	0	36	11	134	117	0	2	0	0	0	7	126	11	0	2	0	0	0	9	23	0	1	0	0	
0	0	0	1	1	0	0	0	0	0	2	0	90	70	0	2	0	1	0	9	227	93	0	4	0	3	0	97	218	0	0	1	0	3	0	171	128	0	4	0	1	0	13	216	44	0	2	0	0	0	7	147	12	0	1	0	0	0	0	18	2	0	0	0	
0	0	2	1	0	0	0	0	0	1	0	22	114	135	19	0	2	0	38	219	137	152	105	0	1	0	182	103	95	141	20	0	2	0	91	248	248	139	0	2	2	0	129	111	32	192	14	0	0	4	174	128	150	89	0	2	1	0	15	69	29	0	1	0	
0	0	0	32	5	0	0	0	2	0	39	212	38	0	2	0	2	0	58	117	0	3	0	0	2	0	48	92	6	24	0	1	1	0	29	124	151	141	0	0	0	1	0	157	196	110	0	1	0	1	0	34	109	16	0	1	0	0	0	1	0	1	0	0	
0	0	0	0	0	2	0	0	0	1	0	48	115	168	41	0	0	1	0	90	83	149	17	0	0	3	0	71	183	158	0	3	0	0	0	19	40	180	3	0	0	130	69	0	121	111	0	3	0	124	147	135	104	4	0	0	0	0	9	5	0	1	0	0	
0	0	1	0	1	4	1	0	1	0	6	90	90	0	2	1	1	0	165	255	220	127	7	0	0	36	237	96	47	157	158	0	0	32	244	44	0	0	197	62	2	0	142	211	23	38	174	12	1	0	3	156	221	143	24	0	0	0	2	0	23	13	0	1	
0	0	0	0	1	0	0	0	0	0	1	0	20	119	0	1	0	0	3	0	79	150	0	3	0	0	2	0	174	56	0	2	0	3	0	86	152	0	2	0	2	0	45	192	27	0	1	0	2	0	127	70	0	2	0	0	0	0	0	1	1	0	0	0	
0	0	1	0	0	3	0	0	0	0	3	66	3	0	0	0	2	0	40	164	1	60	0	0	3	0	151	83	35	168	0	3	2	0	97	114	111	111	0	4	0	1	0	23	155	130	0	4	0	0	3	0	31	124	0	2	0	0	0	2	2	14	0	0	
0	0	0	1	1	0	0	0	0	0	3	0	91	71	0	3	0	0	0	0	175	54	0	2	0	3	0	89	173	0	2	0	0	3	0	158	85	0	3	0	1	0	19	191	19	0	1	0	3	0	73	118	0	3	0	0	0	0	2	1	0	0	0	0	
0	0	2	2	2	0	0	0	0	0	0	0	0	0	0	0	2	0	65	111	104	2	1	0	1	0	38	102	112	0	1	3	2	0	84	129	44	74	74	55	2	0	80	99	69	35	10	0	0	0	0	0	0	0	0	0	0	0	2	3	3	1	0	0	
0	0	0	2	0	0	0	0	0	0	2	0	24	108	60	0	0	2	0	99	159	68	9	0	3	0	65	234	172	102	0	2	2	0	64	65	0	162	68	0	3	56	82	51	86	148	34	0	12	108	133	112	70	9	0	0	0	0	0	0	0	1	1	0	
0	0	0	0	1	0	0	0	0	1	0	132	193	31	0	2	3	0	73	158	164	70	0	3	3	0	63	201	152	4	0	0	0	1	0	190	234	27	0	2	0	2	0	147	184	194	0	0	0	2	0	68	173	111	0	1	0	0	0	0	6	1	0	0	
0	0	1	3	0	0	0	0	0	2	2	0	46	85	30	0	1	0	4	131	122	137	148	0	0	52	166	113	45	173	60	0	0	143	210	115	218	165	0	3	0	2	26	35	169	26	0	1	0	1	0	161	87	0	3	0	1	0	21	89	0	1	0	0	
0	0	0	0	0	0	0	0	0	1	0	83	101	12	0	1	0	0	2	40	176	68	0	3	0	1	0	73	112	0	0	0	0	0	4	155	21	0	1	0	0	2	0	78	141	0	1	0	0	2	0	49	155	0	1	0	0	1	0	23	20	0	1	0	
0	0	0	0	0	0	1	0	0	2	0	39	213	180	14	0	0	5	0	101	238	182	113	0	2	0	50	201	32	24	169	0	0	39	220	57	0	138	154	0	0	161	122	8	141	176	12	0	0	99	169	152	93	7	0	1	0	0	5	0	0	2	1	0	
