500	64	10
0	0	1	0	14	40	0	1	0	1	0	4	160	92	0	2	0	2	0	156	121	0	3	0	2	0	63	171	1	22	0	0	4	0	135	148	118	211	53	0	3	0	137	136	97	187	19	0	1	0	19	102	97	28	0	1	0	0	1	0	0	1	1	0	
0	0	3	1	0	1	2	0	0	2	0	5	39	19	0	1	2	0	59	220	255	241	55	0	0	52	234	123	29	164	191	0	0	184	91	0	0	166	184	0	0	171	202	138	223	230	30	0	0	21	143	169	101	13	0	1	0	0	0	0	0	1	2	0	
0	0	0	0	1	0	0	0	2	0	52	121	0	0	0	0	2	0	36	219	84	0	3	0	0	3	0	108	170	0	3	0	0	2	0	67	193	0	1	0	0	1	0	21	209	26	0	1	0	0	0	3	162	24	0	1	0	0	0	1	16	0	0	0	
0	0	0	0	0	0	0	0	0	0	3	0	114	128	0	3	0	1	0	9	238	169	0	4	0	3	0	118	255	71	0	3	1	0	14	236	218	5	0	1	3	0	117	255	72	0	3	0	3	0	144	188	9	0	1	0	0	0	0	0	1	0	0	0	
0	0	3	3	2	2	0	0	0	0	0	0	0	0	2	2	1	0	71	164	136	135	133	41	0	55	177	63	20	18	9	0	0	30	127	116	113	20	0	1	1	0	32	19	136	81	0	3	2	0	62	143	108	11	0	1	0	0	0	1	0	0	0	0	
0	0	0	0	0	0	1	0	1	0	10	83	125	69	0	1	1	0	171	230	167	238	58	0	1	0	52	44	11	224	78	0	0	72	207	218	255	255	139	1	0	122	250	218	204	78	22	0	0	12	101	63	2	0	0	0	0	1	0	0	1	4	1	0	
0	0	0	1	3	0	0	0	0	2	0	84	147	18	0	1	1	0	21	135	62	101	0	3	2	0	45	81	78	106	0	3	1	0	20	149	216	27	0	1	1	0	9	195	139	120	0	4	0	1	0	93	155	60	0	2	0	0	0	2	7	0	0	0	
0	0	0	0	0	0	0	0	1	0	146	214	166	69	0	2	0	2	92	155	255	162	0	4	2	0	48	226	255	177	0	1	0	2	139	86	67	243	71	0	0	3	204	103	100	255	65	0	2	0	69	214	218	95	0	1	0	0	0	0	0	0	0	0	
0	0	1	1	3	1	1	0	0	2	0	41	154	91	5	0	1	0	23	175	31	71	77	0	3	0	167	98	0	22	125	0	0	36	176	2	0	56	145	0	0	35	148	15	104	199	49	0	2	0	80	169	146	40	0	1	0	0	1	1	0	1	2	0	
0	0	1	3	0	0	0	0	0	1	3	2	0	85	48	0	1	0	23	76	0	212	52	0	0	3	175	138	95	206	0	1	0	52	231	189	244	85	0	3	0	3	0	170	191	0	1	0	1	0	19	205	41	0	2	0	0	0	8	26	0	1	0	0	
0	0	1	0	0	1	0	0	0	1	0	48	56	0	1	0	2	0	58	158	147	48	0	2	3	0	86	133	147	74	0	3	0	0	1	137	201	6	0	1	0	1	0	16	143	1	0	0	0	1	0	45	143	0	3	0	0	1	0	17	45	0	1	0	
0	0	0	2	3	3	4	1	0	0	1	0	0	0	0	0	0	1	0	51	77	88	150	63	3	0	90	241	141	123	92	20	0	2	2	148	91	0	3	0	0	64	87	138	170	0	6	1	0	11	136	132	10	0	1	0	0	0	0	0	0	0	0	0	
0	0	0	0	0	0	0	0	2	0	67	224	178	6	0	1	0	7	221	146	193	79	0	3	0	6	29	0	202	60	0	3	0	2	0	126	250	31	0	2	0	6	203	255	226	231	130	1	0	14	196	82	5	49	126	13	0	0	0	0	0	0	0	0	
0	2	0	20	97	3	0	0	2	0	28	214	174	0	5	0	0	9	222	153	0	1	0	0	0	103	234	29	102	136	79	0	0	98	255	237	242	255	223	11	0	14	186	255	244	255	156	0	0	0	0	37	79	58	4	0	0	1	2	0	0	0	1	0	
0	0	0	0	1	1	0	0	2	0	43	112	5	0	0	0	1	0	13	173	151	0	1	0	0	0	3	0	111	70	0	3	0	0	3	0	157	79	0	3	0	3	0	114	197	0	0	1	1	0	15	197	39	0	2	0	0	0	5	18	0	1	0	0	
0	3	4	4	0	1	2	0	0	0	0	0	6	6	0	0	13	78	101	175	224	225	83	0	30	209	194	168	195	255	105	0	0	2	0	7	218	188	0	2	2	0	11	198	232	36	0	2	4	0	144	242	33	0	2	0	0	0	28	16	0	2	0	0	
0	0	0	0	1	1	0	0	0	1	94	62	3	0	0	0	1	0	41	108	186	56	0	2	1	0	11	92	108	28	0	1	2	0	53	171	73	0	1	0	0	0	2	0	133	68	0	3	0	1	0	34	142	29	0	1	0	1	0	32	32	0	1	0	
0	0	0	0	0	0	0	0	1	0	46	141	166	94	0	1	3	0	171	255	159	249	71	0	2	0	35	202	188	240	68	0	0	3	0	148	255	195	0	1	3	0	108	241	223	205	0	1	3	0	159	255	240	115	0	2	1	0	11	49	40	1	0	0	
0	0	1	0	0	0	0	0	0	1	0	53	113	28	0	1	3	0	69	117	15	1	0	0	3	0	104	127	53	17	0	1	0	0	0	64	117	171	10	0	0	0	2	0	60	131	0	2	0	0	0	47	143	22	0	1	0	0	0	39	30	0	1	0	
0	0	2	0	0	0	0	0	0	1	0	21	83	82	19	0	3	0	87	205	127	228	96	0	0	0	224	107	69	180	0	1	2	0	122	210	255	157	0	3	0	3	0	113	242	26	0	2	2	0	26	242	100	0	3	0	1	0	36	86	0	2	0	0	
0	0	0	0	0	0	0	0	0	2	0	45	109	0	2	0	0	2	0	62	176	0	2	0	0	3	0	75	178	0	2	0	0	3	0	86	184	0	2	0	0	3	0	88	190	0	2	0	0	2	0	51	120	0	2	0	0	0	0	0	0	0	0	0	
0	0	0	0	0	0	0	0	0	0	1	0	147	63	0	2	0	2	0	39	255	85	0	4	0	4	0	109	255	39	0	2	0	1	0	205	191	0	2	0	2	0	47	255	72	0	3	0	3	0	76	167	0	0	0	0	0	0	0	0	1	0	0	0	
0	0	0	0	0	0	0	0	1	0	15	79	53	93	0	1	0	1	167	72	138	106	0	3	1	0	59	114	170	13	0	1	0	3	0	101	142	80	0	2	1	0	26	127	0	139	9	0	0	0	0	89	144	102	0	1	0	0	0	2	12	1	0	0	
0	1	2	0	0	0	1	0	0	1	1	66	112	70	2	0	1	0	156	255	243	255	89	0	0	107	255	49	30	228	200	0	0	204	129	0	0	201	203	0	0	213	191	123	237	216	28	0	0	53	185	210	112	9	0	1	0	0	0	0	0	1	2	0	
0	0	0	14	30	0	1	0	0	1	0	119	103	0	2	0	2	0	62	134	0	3	0	0	4	0	105	68	38	140	44	0	4	0	85	118	88	75	87	0	2	0	42	225	95	123	19	0	0	2	0	70	139	35	0	1	0	0	1	1	0	1	1	0	
0	0	0	1	0	1	0	0	1	0	22	24	0	24	87	0	4	0	140	176	0	111	194	0	0	53	255	121	0	220	133	0	0	193	254	217	161	241	36	0	0	30	18	61	246	180	0	2	0	1	0	14	190	43	0	2	0	2	1	3	8	0	0	0	
0	0	0	1	3	1	0	0	0	0	1	2	0	1	51	30	0	1	0	13	94	140	106	18	1	0	15	133	94	14	0	1	3	0	81	139	0	4	3	1	0	2	0	123	52	0	2	0	1	0	16	134	21	0	1	0	1	0	37	52	0	2	0	0	
0	0	2	0	0	0	0	0	0	1	0	24	33	40	56	22	3	0	88	244	240	221	184	56	1	0	152	255	213	21	0	1	0	80	140	9	218	128	0	5	0	28	222	164	227	168	0	3	2	0	63	166	110	9	0	1	0	1	1	0	0	0	0	0	
0	0	1	0	1	0	0	0	0	0	11	23	7	105	6	0	3	0	96	88	74	176	0	3	0	0	188	74	170	117	0	4	0	45	224	213	252	219	16	0	0	5	15	7	204	105	0	1	0	0	3	0	132	127	0	2	0	0	1	0	7	25	0	0	
0	9	0	68	55	0	2	0	2	0	52	242	64	0	4	0	1	0	203	147	0	3	1	1	0	54	254	66	81	125	23	0	0	64	255	248	209	238	226	19	0	23	165	251	218	217	168	15	0	0	0	28	49	21	0	0	0	1	3	0	0	0	3	1	
0	0	2	0	0	0	0	0	0	1	0	95	132	67	0	1	1	0	107	163	64	158	14	0	0	0	192	76	71	104	0	2	1	0	12	187	221	13	0	1	0	0	17	105	88	154	0	2	1	0	18	151	152	136	0	2	0	1	0	32	57	1	0	0	
0	0	2	0	73	59	0	2	0	3	0	87	255	84	0	3	2	0	30	239	87	0	3	0	4	0	145	172	0	33	1	0	1	0	206	225	219	255	80	0	2	0	181	255	245	238	59	0	1	0	22	78	66	12	0	0	0	0	0	0	0	1	2	0	
0	0	0	0	0	0	0	0	0	6	78	143	139	32	0	1	0	89	181	45	148	152	0	4	0	8	0	74	237	86	0	3	0	1	0	50	96	162	0	0	0	74	39	0	26	174	3	0	0	51	154	143	189	92	0	3	0	0	5	39	22	0	0	0	
0	0	0	0	0	0	0	0	2	0	154	225	213	117	0	2	1	0	39	61	204	205	0	1	2	0	49	188	255	139	0	4	2	0	87	156	145	241	51	0	0	123	122	67	137	255	106	0	0	93	220	231	197	76	5	0	0	0	0	0	0	0	0	0	
0	0	0	1	0	0	0	0	0	2	0	42	182	32	0	2	0	0	2	47	109	134	0	0	2	0	103	121	0	93	48	0	0	42	125	0	0	80	64	0	0	67	117	0	34	139	16	0	0	6	106	129	123	34	0	1	0	0	1	13	3	0	1	0	
0	0	1	4	1	2	0	0	0	1	2	1	0	38	89	0	1	0	21	130	8	187	148	0	0	0	169	176	100	227	5	0	0	115	255	150	215	118	0	4	0	38	49	218	192	0	1	0	1	0	20	220	51	0	2	0	0	1	7	31	2	1	0	0	
0	0	0	3	0	0	0	0	0	0	1	0	42	14	0	1	0	1	0	73	216	73	0	3	3	0	72	182	179	30	0	1	3	0	64	126	165	31	0	1	0	0	1	0	132	20	0	1	0	0	3	0	146	39	0	1	0	0	1	0	59	13	0	0	
0	0	0	3	0	0	0	0	0	1	3	2	0	76	73	0	0	0	6	69	0	196	93	0	0	0	153	146	75	205	0	0	0	97	255	165	218	87	0	3	0	19	7	185	163	0	3	0	0	1	0	168	53	0	2	0	0	1	1	25	5	0	0	0	
0	1	0	25	57	8	0	0	0	2	0	58	143	120	7	0	0	0	3	5	0	125	102	0	1	1	1	0	26	216	65	0	0	3	52	107	228	106	0	3	4	180	255	215	138	64	0	0	3	102	82	3	0	43	16	0	0	0	0	1	4	0	0	0	
0	0	0	0	0	2	0	0	1	0	56	141	216	150	0	1	0	1	164	156	205	174	0	2	0	0	2	0	31	219	17	0	0	4	141	200	195	244	84	0	0	60	234	125	243	127	43	0	0	12	161	183	56	0	2	0	0	0	1	1	0	4	2	0	
0	0	0	4	8	0	0	0	1	0	14	85	98	9	0	0	2	0	41	65	140	13	0	1	0	1	0	108	117	70	0	2	0	0	0	1	0	118	16	0	0	5	120	18	4	130	10	0	1	0	58	119	128	67	0	2	0	0	0	5	9	0	0	0	
0	0	1	0	0	0	1	0	0	1	0	99	160	90	0	0	3	0	99	239	227	242	77	0	4	0	114	225	193	33	15	0	1	0	16	234	243	36	0	2	3	0	81	179	167	170	0	4	3	0	71	221	213	108	0	3	0	0	5	53	46	0	0	0	
0	0	2	1	0	2	0	0	0	1	0	4	19	1	0	0	1	0	59	120	131	73	0	2	0	42	85	0	0	95	24	0	0	29	144	103	107	119	13	0	1	0	38	84	34	74	1	0	0	0	0	0	6	82	0	0	0	0	2	2	5	37	0	0	
0	0	0	1	0	0	0	0	0	0	0	0	167	53	0	2	0	1	0	25	244	53	0	3	0	3	0	88	255	32	0	2	0	1	0	189	219	3	0	1	3	0	57	255	126	0	4	0	3	0	73	203	37	0	2	0	0	0	0	0	0	0	0	0	
0	0	0	0	0	2	1	0	0	1	1	19	11	0	1	0	2	0	34	104	100	87	6	0	0	23	82	61	12	71	87	0	0	121	111	99	150	179	72	0	0	27	72	63	25	43	107	0	0	0	0	0	0	0	0	0	0	1	3	3	2	2	1	0	
0	1	1	0	0	0	1	0	1	0	9	146	137	60	0	0	0	10	192	252	248	255	96	0	0	114	255	51	36	226	185	0	0	217	180	0	0	136	225	0	0	205	240	164	207	255	130	0	0	28	130	186	175	74	0	1	0	0	0	0	0	0	2	0	
0	0	0	0	0	0	0	0	0	0	51	80	48	31	0	1	1	0	140	163	218	199	0	2	0	0	0	0	201	141	0	3	0	3	0	72	229	21	0	1	0	2	0	175	160	0	3	0	1	0	20	245	77	0	3	0	1	0	14	88	7	0	0	0	
0	1	0	19	46	0	1	0	1	0	18	219	148	0	6	0	3	0	168	224	16	0	1	0	0	32	246	238	218	197	77	0	0	122	255	139	113	228	241	24	0	68	174	204	223	242	141	3	0	0	1	14	39	30	0	0	0	3	3	0	0	0	2	1	
0	0	0	7	6	0	0	0	0	1	0	110	131	13	0	1	0	0	3	0	113	43	0	2	1	0	5	127	146	0	1	0	1	0	12	73	102	34	0	1	0	2	36	0	106	40	0	1	1	0	68	123	93	0	1	0	0	0	1	11	2	0	0	0	
0	0	1	1	0	1	0	0	0	1	1	1	0	14	82	0	1	0	14	11	0	110	163	0	0	12	206	100	13	208	32	0	0	145	209	170	229	135	0	4	0	16	0	57	221	12	0	1	0	1	0	34	63	0	1	0	0	1	0	0	1	1	0	0	
0	0	0	3	4	1	0	0	5	24	6	0	0	1	1	0	43	156	201	178	100	13	0	1	0	2	38	77	162	181	21	0	0	1	0	2	0	189	87	0	0	1	0	83	207	149	13	0	2	0	45	175	59	0	1	0	0	0	3	2	0	3	1	0	
0	0	2	1	0	0	0	0	0	1	0	20	90	66	7	0	2	0	50	192	159	186	37	0	3	0	171	194	123	178	0	0	1	0	38	122	255	139	0	3	0	2	0	90	224	17	0	1	1	0	19	246	99	0	3	0	1	0	16	86	7	0	0	0	
0	0	0	0	0	0	0	0	0	2	0	68	121	0	2	0	0	4	0	124	145	0	4	0	0	3	0	93	132	0	4	0	0	3	0	84	132	0	4	0	0	2	0	42	171	0	0	0	0	0	0	0	160	65	0	2	0	0	0	0	0	0	0	0	
0	4	3	0	0	0	1	0	0	0	0	5	19	17	1	0	0	123	196	222	231	241	133	0	0	125	124	53	40	239	146	0	0	0	1	0	165	243	25	0	0	5	0	127	255	65	0	3	3	0	103	255	69	0	3	0	2	0	108	145	0	2	0	0	
0	1	3	1	0	0	0	0	0	0	0	4	19	3	0	0	0	56	147	156	179	161	0	2	0	11	44	8	129	140	0	4	0	1	0	4	200	46	0	2	0	3	0	60	185	0	1	0	0	4	0	131	119	0	4	0	0	2	0	105	48	0	2	0	
0	0	0	6	18	2	0	0	2	0	41	215	243	130	0	2	1	0	28	57	90	244	23	0	0	0	2	8	92	222	7	0	0	57	206	249	255	190	24	10	0	137	255	245	164	179	166	22	0	14	67	38	0	0	0	0	0	0	0	0	3	2	1	1	
0	1	0	32	53	0	0	0	3	0	94	196	182	92	0	3	2	0	66	22	72	150	0	4	0	2	0	7	197	83	0	3	1	0	19	193	131	0	2	0	0	67	236	238	145	76	47	2	0	39	46	14	92	152	84	0	0	0	0	0	0	0	0	0	
0	0	0	0	0	0	0	0	2	0	146	202	136	52	0	0	0	1	35	110	219	247	31	0	3	0	62	206	238	243	37	0	0	82	32	46	14	186	159	0	0	193	143	42	114	244	115	0	0	29	164	200	178	81	2	0	0	0	0	0	0	0	1	0	
0	0	1	1	0	1	0	0	0	1	0	26	24	0	2	0	1	0	23	217	44	93	107	0	1	0	201	137	19	213	47	0	1	0	145	212	250	115	0	4	0	1	0	71	214	10	0	1	0	4	0	143	122	0	3	0	0	1	0	78	28	0	1	0	
0	0	0	0	0	1	0	0	0	10	55	45	39	6	0	1	0	27	176	220	255	167	0	2	2	0	24	217	255	66	2	15	0	33	10	25	167	159	30	21	0	144	177	71	147	255	72	6	0	15	146	169	154	65	0	1	0	0	0	0	0	0	0	0	
0	0	0	0	0	0	0	0	0	4	92	103	33	0	1	0	0	14	96	68	140	19	0	1	0	1	0	20	148	10	0	1	0	0	0	134	60	0	2	2	4	0	133	188	70	97	83	46	1	0	41	77	75	46	17	0	0	0	0	0	0	0	0	0	
0	0	2	1	0	0	1	0	0	2	0	15	77	38	0	1	2	0	78	236	254	244	43	0	0	41	248	164	150	255	64	0	0	73	255	211	255	206	2	0	0	5	76	73	250	84	0	3	0	4	0	131	229	2	0	1	0	2	0	81	74	0	1	0	
0	0	0	0	0	0	0	0	0	1	0	29	112	0	2	0	0	2	0	69	166	0	3	0	0	3	0	102	131	0	4	0	0	4	0	129	98	0	3	0	0	3	0	162	64	0	2	0	0	2	0	123	51	0	2	0	0	0	0	0	0	0	0	0	
0	0	0	0	0	0	0	0	1	0	14	140	232	158	14	0	3	0	87	249	132	251	106	0	0	0	6	0	53	230	29	0	0	44	169	179	222	225	27	0	0	174	255	255	225	213	103	0	0	89	219	147	9	0	1	0	0	0	0	0	0	0	1	0	
0	0	4	2	0	0	0	0	0	0	0	0	1	11	3	0	0	8	97	104	117	162	4	0	0	3	61	11	101	98	0	3	0	1	0	21	151	7	0	1	0	3	0	109	97	0	3	0	0	3	0	140	41	0	1	0	0	1	0	103	17	0	1	0	
0	0	2	0	0	0	2	0	0	1	1	113	163	72	0	2	2	0	139	235	136	255	107	0	0	68	249	52	0	79	248	32	0	155	176	0	0	109	231	23	0	137	246	189	236	235	58	0	0	11	94	113	94	15	0	1	0	0	0	0	0	1	2	0	
0	0	0	4	2	0	0	0	0	69	131	0	2	76	144	30	0	54	225	75	155	188	69	0	4	0	128	255	193	0	0	1	0	14	211	98	166	137	0	1	0	18	210	89	122	243	19	0	2	0	59	211	196	121	0	0	0	1	1	0	0	0	0	0	
0	0	3	1	0	0	0	0	0	0	0	10	62	22	0	1	2	0	59	185	216	97	0	4	0	7	211	68	69	182	5	0	0	3	147	165	251	154	0	3	0	0	0	14	216	56	0	2	0	4	0	95	220	0	0	0	0	2	0	61	66	0	1	0	
0	0	1	2	0	0	0	0	0	0	0	5	67	122	5	0	1	0	12	180	159	85	0	0	1	0	18	206	102	0	2	0	0	1	0	4	173	47	0	2	1	0	23	4	138	19	0	1	3	0	98	180	69	0	2	0	1	0	16	47	0	1	0	0	
0	0	0	0	0	0	0	0	1	0	24	119	184	217	70	0	3	0	144	203	141	255	65	0	1	0	25	150	244	189	0	2	0	85	88	131	99	219	96	0	0	167	192	44	75	246	80	0	0	26	157	220	205	100	0	1	0	0	0	0	0	0	1	0	
0	0	0	0	1	0	0	0	0	0	2	0	50	77	0	2	0	0	3	0	164	129	0	3	0	2	0	46	194	7	0	1	0	3	0	163	134	0	3	0	1	0	26	209	29	0	1	0	2	0	53	180	0	1	0	0	0	0	4	15	0	0	0	0	
0	0	0	0	1	0	0	0	1	0	127	207	198	69	0	2	0	3	104	117	235	108	0	3	3	0	62	239	249	64	0	2	0	19	65	23	85	253	57	0	0	88	204	52	151	246	38	0	0	21	172	227	185	55	0	2	0	0	0	0	0	1	1	0	
0	0	1	0	0	0	0	0	0	0	0	113	86	52	33	0	3	0	70	141	152	213	29	0	2	0	49	168	193	29	0	2	1	0	16	242	78	0	4	0	2	0	32	219	121	0	1	0	1	0	14	177	197	18	0	1	0	1	0	28	35	0	1	0	
0	0	2	2	0	0	0	0	0	0	0	3	21	6	0	0	2	0	52	171	174	147	0	2	4	0	171	157	62	215	31	0	2	0	49	132	226	176	0	1	0	1	0	18	223	58	0	3	0	3	0	129	174	0	3	0	0	2	0	117	49	0	2	0	
0	0	2	0	1	1	0	0	0	0	3	65	35	0	1	0	0	0	106	90	140	19	0	1	0	42	130	0	179	46	0	2	0	3	100	108	204	39	0	2	0	0	5	0	111	79	0	3	0	0	5	0	92	99	0	4	0	0	1	0	21	35	0	1	
0	0	0	0	0	0	0	0	0	0	2	0	76	92	0	2	0	0	2	0	196	236	7	0	0	2	0	45	255	117	0	2	0	2	0	164	224	1	0	1	3	0	51	255	124	0	3	0	4	0	143	210	0	0	0	0	1	0	23	23	0	1	0	0	
0	1	1	0	0	0	1	1	0	1	0	82	151	148	48	0	0	0	173	197	86	81	184	25	0	63	255	62	0	0	173	78	0	81	223	0	1	0	187	52	0	46	219	14	4	170	156	0	1	0	137	208	208	146	8	0	0	1	0	34	36	0	1	0	
0	0	0	3	3	0	0	0	0	0	0	0	0	2	3	0	0	2	0	56	160	202	146	10	3	0	61	255	142	18	19	1	0	20	9	25	176	70	0	2	0	103	130	80	214	91	0	3	0	5	94	120	45	0	1	0	0	0	0	0	0	1	0	0	
0	0	2	0	0	2	0	0	0	0	1	77	65	0	1	0	3	0	106	151	155	112	0	3	0	5	171	0	127	169	0	4	1	0	117	123	190	54	0	2	0	0	0	91	174	0	1	0	0	1	0	19	152	2	0	0	0	0	1	0	70	10	0	0	
0	0	0	0	35	9	0	0	0	0	1	155	253	165	0	1	0	0	4	52	24	207	76	0	0	0	2	0	9	214	68	0	0	13	185	216	248	226	18	0	0	79	255	255	193	151	50	0	0	45	155	77	0	1	0	0	0	0	0	0	2	4	1	0	
0	0	0	7	41	1	0	0	0	0	0	2	92	51	0	2	0	1	4	0	38	74	0	3	0	0	2	0	72	47	0	2	0	54	70	37	85	0	0	0	0	36	115	138	97	24	0	1	0	0	1	0	32	57	0	0	0	1	2	2	0	0	0	0	
0	0	0	0	0	0	0	0	2	0	49	212	184	135	5	0	0	2	6	52	201	236	13	0	3	0	66	222	255	123	0	4	0	90	38	61	105	249	37	0	0	202	135	25	147	249	26	0	0	63	186	219	199	67	0	2	0	0	0	0	0	0	1	0	
0	0	0	0	1	0	0	0	0	0	1	0	21	79	0	0	0	0	2	0	109	57	0	2	0	1	0	30	117	0	1	0	0	3	0	104	52	0	2	0	0	0	10	111	1	0	0	0	0	0	11	92	0	1	0	0	0	0	0	21	1	0	0	0	
0	0	0	0	1	0	0	0	0	0	2	0	64	182	9	0	0	0	3	0	170	215	0	0	0	3	0	69	255	78	0	3	1	0	0	204	218	0	0	1	4	0	104	255	79	0	3	0	3	0	130	160	0	1	0	0	0	0	0	0	2	0	0	0	
0	1	1	0	0	1	0	0	1	0	31	69	43	5	0	0	0	10	130	64	79	101	0	2	0	107	126	0	0	157	43	0	0	33	168	141	151	193	71	0	0	0	29	39	50	135	10	0	0	1	0	3	0	137	55	0	0	0	1	3	0	42	26	0	
0	0	0	8	16	0	0	0	0	2	0	169	141	0	5	0	3	0	120	216	9	0	1	0	0	34	226	42	20	116	151	2	0	134	210	141	249	255	197	0	0	46	182	232	205	149	32	0	0	0	1	3	5	0	1	0	0	2	3	0	0	3	2	0	
0	0	0	0	0	0	0	0	0	0	0	116	195	75	0	3	1	0	21	198	52	0	0	0	1	0	11	193	179	35	0	2	0	0	1	0	76	181	0	1	0	3	42	17	108	155	0	2	1	0	114	186	161	27	0	1	0	0	0	2	0	1	0	0	
0	1	4	1	0	0	0	0	0	0	0	0	12	9	1	0	0	16	162	209	199	225	125	0	0	23	148	76	49	244	74	0	0	0	1	0	188	175	0	2	0	4	0	112	244	27	0	2	2	0	49	255	92	0	4	0	3	0	91	173	10	0	1	0	
0	2	0	0	0	0	0	0	0	0	13	13	7	9	0	0	0	116	222	137	142	171	0	1	0	203	100	0	23	208	21	0	0	144	60	0	42	219	11	0	0	4	5	0	54	198	0	1	0	1	2	0	53	207	0	0	0	0	1	0	20	140	9	0	
0	0	0	0	1	0	0	0	3	0	120	199	197	188	43	0	1	0	39	79	144	255	79	0	1	0	30	192	253	228	21	0	0	147	114	10	6	199	142	0	0	135	201	36	98	247	84	0	0	12	159	214	200	107	0	0	0	1	0	0	0	0	1	0	
0	1	0	23	42	0	1	0	0	2	0	136	56	0	4	0	3	0	75	135	0	3	0	0	3	0	134	43	23	159	81	0	2	0	137	71	126	87	134	0	3	0	71	232	122	130	65	0	0	0	0	40	68	36	0	1	0	0	1	0	0	0	2	0	
0	2	4	4	3	2	1	0	0	0	0	0	0	0	0	0	0	58	117	135	167	196	158	0	0	141	224	243	156	232	130	0	0	0	0	0	148	208	4	0	0	3	0	135	253	41	0	2	2	0	26	218	119	0	2	0	0	0	0	0	0	1	0	0	
0	0	2	1	0	0	0	0	0	2	0	50	105	19	8	0	2	0	58	195	74	158	46	0	0	25	194	32	14	173	5	0	0	49	208	135	166	156	0	3	0	0	54	41	128	103	0	4	0	0	4	0	122	116	0	4	0	0	3	0	10	25	0	1	
0	0	2	0	0	0	1	0	0	1	0	54	159	85	0	1	3	0	100	244	169	234	70	0	4	0	152	192	103	210	45	0	2	0	24	234	255	55	0	3	2	0	147	210	234	48	0	2	0	0	207	233	184	16	0	1	1	0	18	55	13	0	1	0	
0	0	0	0	3	1	0	0	0	2	0	66	176	50	0	2	0	3	0	95	114	149	0	3	1	0	9	138	69	143	0	3	2	0	54	128	88	86	0	3	3	0	76	136	136	24	0	1	2	0	31	191	69	0	2	0	0	0	0	1	1	0	0	0	
0	0	0	1	0	2	0	0	0	0	3	1	0	4	94	8	0	0	0	13	0	91	173	0	1	0	105	127	9	204	34	0	0	65	240	160	188	105	0	4	0	10	0	113	188	0	2	0	0	2	0	157	54	0	2	0	0	0	1	24	3	0	0	0	
0	0	0	2	0	0	2	0	0	0	1	0	84	95	0	0	0	2	0	96	252	183	66	6	0	0	15	171	12	74	104	13	0	1	0	148	80	0	3	0	0	66	8	37	176	0	4	1	0	86	151	130	105	0	2	0	1	0	47	50	0	0	0	0	
0	0	2	3	1	3	1	0	0	2	1	0	1	0	1	0	2	0	47	186	217	76	1	0	0	63	227	216	200	255	148	0	0	147	163	0	0	105	231	6	0	27	209	192	168	200	108	0	1	0	16	81	97	35	0	1	0	1	1	0	0	0	2	0	
0	0	0	0	0	0	0	0	0	9	131	134	72	0	0	0	0	13	66	175	192	0	2	0	0	1	0	163	204	18	0	1	0	1	4	0	133	149	0	4	1	0	20	0	151	128	0	4	3	0	95	216	161	3	0	1	0	0	4	41	7	0	0	0	
0	0	0	0	0	1	0	0	2	0	68	149	106	6	0	1	2	0	106	161	205	139	0	4	0	0	2	0	166	180	0	3	1	0	140	231	255	139	20	6	0	62	255	242	160	174	181	51	0	20	108	41	0	1	1	0	0	0	0	0	3	3	0	0	
0	1	2	0	0	2	0	0	0	1	0	38	61	0	0	0	0	7	156	243	243	111	0	2	0	12	218	254	161	219	10	0	1	0	20	23	138	237	4	0	0	3	0	51	255	142	0	3	2	0	22	239	220	16	0	1	0	0	0	82	45	0	2	0	
0	0	2	1	0	1	0	0	0	2	0	9	1	12	40	0	1	0	13	216	74	100	177	0	0	22	216	231	48	225	76	0	0	180	212	183	227	186	0	1	0	34	0	98	237	27	0	2	1	0	0	208	83	0	3	0	0	0	13	81	3	1	0	0	
0	0	0	0	0	0	0	0	0	1	0	64	157	55	0	2	1	0	20	238	167	81	0	2	3	0	72	249	94	15	0	1	3	0	64	220	109	147	4	0	1	0	32	159	0	138	18	0	0	1	0	107	167	124	0	2	0	0	0	8	43	4	0	0	
0	0	2	0	0	0	0	0	0	3	0	83	229	153	4	0	2	0	74	243	222	255	93	0	0	34	251	183	4	227	173	0	0	141	250	18	0	221	193	0	0	177	255	181	229	255	98	0	0	44	160	183	162	42	0	1	0	0	0	0	0	0	2	0	
0	0	0	0	0	0	0	0	0	1	0	15	102	0	1	0	0	1	0	36	136	0	3	0	0	2	0	54	140	0	3	0	0	2	0	59	141	0	3	0	0	3	0	75	155	0	4	0	0	1	0	34	128	0	1	0	0	0	0	0	0	0	0	0	
0	0	0	0	0	1	0	0	1	0	18	152	91	0	0	0	2	0	38	158	232	126	0	11	0	0	4	0	132	200	0	10	0	2	149	230	255	217	104	14	0	11	227	255	197	113	82	1	2	0	75	123	16	0	1	0	0	0	0	0	2	5	3	0	
0	0	0	0	0	0	0	0	1	0	29	79	29	0	1	0	0	14	180	255	127	0	3	0	2	0	59	255	145	22	0	1	1	0	32	114	190	234	21	0	0	0	3	0	61	241	20	0	0	1	0	64	227	127	0	3	0	2	0	66	77	0	1	0	
0	0	0	2	1	1	0	0	0	0	2	1	0	42	62	0	0	0	0	121	29	184	77	0	2	0	171	143	133	160	0	3	0	0	114	201	203	8	0	1	1	0	7	204	60	0	2	0	3	0	84	134	0	4	0	0	1	0	15	11	0	0	0	0	
0	0	0	0	1	4	1	0	0	0	0	0	8	92	5	0	0	0	3	0	89	66	0	2	0	1	0	21	136	3	0	0	0	3	0	118	75	0	2	0	1	0	34	140	0	1	0	0	3	0	74	70	0	2	0	0	0	0	0	2	0	0	0	0	
0	0	0	0	0	0	1	0	3	18	13	2	0	0	0	0	31	219	249	229	212	218	108	0	1	29	76	95	113	255	122	0	0	0	3	0	139	240	13	0	0	4	0	77	255	83	0	3	1	0	11	235	161	0	3	0	2	0	30	184	28	0	1	0	
0	0	0	0	0	0	0	0	0	1	0	27	66	0	1	0	0	1	0	21	126	0	1	0	0	2	0	50	118	0	3	0	0	3	0	76	91	0	3	0	0	3	0	77	67	0	2	0	0	2	0	60	52	0	2	0	0	0	0	4	2	0	0	0	
0	0	0	0	0	0	1	0	0	0	1	101	169	67	0	1	4	0	132	240	171	255	85	0	4	0	145	204	147	181	46	0	1	0	13	208	255	117	0	4	2	0	28	217	255	137	0	3	4	0	120	255	153	13	0	1	1	0	16	37	0	0	0	0	
0	3	1	0	0	0	0	0	1	0	18	89	125	119	45	0	0	75	161	106	78	86	38	0	16	210	134	64	31	1	0	0	0	27	55	87	126	162	37	0	1	0	35	17	0	124	131	0	2	0	49	161	161	154	18	0	0	0	0	9	21	0	0	0	
0	0	2	2	0	0	2	0	0	2	0	22	86	21	0	0	2	0	50	217	240	250	82	0	0	35	245	124	0	177	207	0	0	139	218	0	0	129	247	22	0	120	252	208	232	205	70	0	0	4	51	96	57	3	0	1	0	0	0	0	0	2	3	0	
0	0	0	0	0	0	0	0	2	0	60	185	205	72	0	3	3	0	141	98	151	121	0	4	0	0	5	0	145	67	0	3	0	2	0	94	109	0	2	0	3	0	90	248	158	198	153	2	1	0	141	140	96	114	66	0	0	0	0	0	0	0	0	0	
0	1	0	0	0	0	1	0	0	1	10	50	80	40	4	0	0	107	241	229	219	255	114	0	0	48	62	9	38	251	89	0	0	0	2	0	178	225	0	0	0	4	0	91	255	89	0	3	3	0	82	255	138	0	3	0	1	0	43	122	31	0	1	0	
0	0	0	0	0	0	0	0	0	3	0	123	89	0	3	0	0	4	0	162	145	0	4	0	0	4	0	140	172	0	3	0	0	4	0	163	189	0	2	0	0	4	0	139	241	5	0	1	0	3	0	91	143	0	2	0	0	0	0	0	0	0	0	0	
0	0	2	0	0	1	3	0	0	1	0	24	11	1	0	0	2	0	116	250	228	231	100	0	0	37	250	106	37	157	255	37	0	139	211	0	0	107	255	28	0	88	254	204	244	239	92	0	0	0	84	142	108	18	0	1	0	1	0	0	0	0	3	0	
0	0	0	0	0	0	0	0	1	0	14	80	70	82	9	0	2	0	59	38	53	129	4	0	0	0	30	101	96	2	0	0	0	12	98	119	96	71	0	0	0	0	13	4	0	134	35	0	2	0	85	86	95	88	0	0	0	0	7	46	40	2	0	0	
0	0	1	2	90	19	0	1	0	3	0	97	239	26	0	2	2	0	52	225	37	0	2	0	1	0	189	152	81	93	22	0	0	35	250	191	112	175	245	39	0	26	223	205	149	162	107	1	1	0	17	66	66	14	0	1	0	1	1	0	0	1	3	0	
0	0	0	0	0	0	0	0	0	0	10	0	33	71	0	1	0	5	196	27	64	204	0	1	0	66	208	0	47	217	22	1	0	133	233	136	185	249	153	17	0	37	100	66	36	215	35	0	0	0	0	1	0	165	57	0	0	2	4	3	0	8	8	0	
0	0	2	0	0	0	0	0	0	1	0	51	99	35	0	1	2	0	111	181	149	177	0	1	0	0	214	123	135	193	0	1	2	0	60	158	253	135	0	4	0	2	0	43	232	36	0	2	0	3	0	168	221	0	0	0	0	1	0	81	64	0	1	0	
0	0	0	0	1	0	0	0	0	0	2	0	53	46	0	2	0	0	3	0	133	63	0	2	0	1	0	14	155	5	0	0	0	2	0	55	130	0	3	0	0	3	0	106	82	0	3	0	0	1	0	128	22	0	1	0	0	0	2	21	0	0	0	0	
0	0	0	0	0	0	0	0	0	33	192	207	145	34	0	1	0	20	91	97	251	114	0	4	1	0	7	182	255	162	0	0	0	0	1	42	25	208	110	0	0	128	148	43	21	197	133	0	0	29	131	192	209	154	13	0	0	0	0	0	0	0	1	0	
0	0	1	44	10	0	0	0	1	0	1	146	144	0	2	0	0	0	2	0	167	49	0	2	0	0	4	0	140	57	0	2	2	0	37	159	216	53	0	0	4	0	101	239	166	106	4	0	2	0	42	97	0	1	0	0	0	0	0	0	3	2	0	0	
0	1	0	24	15	0	1	0	3	0	81	255	199	13	0	1	1	0	47	54	182	131	0	4	1	0	33	53	188	121	0	4	0	12	225	232	255	205	80	4	0	37	237	207	201	116	114	5	1	0	98	147	24	0	1	0	0	0	0	0	1	5	4	0	
0	0	2	0	0	0	0	0	0	1	0	43	93	74	4	0	0	0	77	111	29	146	30	0	0	3	19	0	24	129	0	1	0	12	52	98	185	55	0	2	0	107	130	120	121	116	27	1	0	22	43	8	0	44	78	5	0	0	0	2	4	0	0	0	
0	0	1	3	0	2	0	0	0	2	2	0	0	11	103	4	1	0	12	118	0	136	179	0	0	31	214	169	53	225	23	0	0	171	190	162	254	119	0	4	1	17	0	141	188	0	2	0	1	0	15	207	39	0	2	0	0	0	3	24	1	1	0	0	
0	0	0	0	0	1	1	2	0	0	16	58	0	0	121	22	4	0	135	175	0	97	184	0	0	19	202	32	10	222	66	0	0	142	239	149	239	179	0	2	0	60	155	186	253	39	0	2	0	3	0	85	135	0	2	0	0	2	4	2	0	1	0	0	
0	0	1	0	0	0	0	0	1	0	12	108	143	129	92	5	0	0	188	189	127	166	102	9	1	0	185	116	72	163	0	0	1	0	2	188	255	131	0	4	2	0	45	197	200	175	0	3	4	0	94	241	192	76	0	3	0	0	3	49	30	0	1	0	
0	0	0	0	0	0	0	0	0	2	0	51	84	85	38	0	0	0	2	0	143	188	16	0	0	4	13	28	153	19	0	1	0	6	122	210	183	102	0	0	2	0	50	157	0	7	0	0	1	0	27	153	97	7	0	0	0	1	0	34	42	0	1	0	
0	0	3	0	73	50	0	2	0	2	0	34	230	55	0	2	1	0	3	207	120	0	4	0	4	0	129	204	46	58	22	0	0	1	217	228	156	196	220	10	0	0	190	251	172	191	139	0	0	0	9	63	67	26	0	0	0	0	0	0	0	0	3	0	
0	0	0	0	0	0	1	0	0	6	26	17	26	5	0	0	0	27	125	138	173	195	56	0	0	0	2	0	77	198	21	0	0	3	0	46	184	30	0	2	1	0	15	165	39	0	3	0	1	0	181	84	0	4	0	0	0	22	150	11	0	1	0	0	
0	0	3	0	0	1	2	0	0	2	0	40	89	30	0	2	2	0	132	235	198	244	72	0	0	79	236	47	0	122	240	17	0	156	160	0	0	102	234	27	0	61	226	198	202	198	41	0	1	0	21	77	53	1	0	1	0	2	1	0	0	2	2	0	
0	0	2	1	0	0	0	0	0	0	0	0	10	4	0	0	0	10	107	111	193	115	0	4	0	9	36	0	132	119	0	4	0	0	0	0	137	21	0	1	0	3	0	74	92	0	3	0	0	0	3	146	19	0	1	0	1	0	33	91	0	2	0	0	
0	0	0	0	0	0	0	0	0	0	3	0	99	159	0	2	0	0	4	0	176	170	0	3	0	3	0	68	229	27	0	2	1	0	3	210	108	0	3	0	3	0	137	235	5	0	1	0	0	1	175	98	0	1	0	0	0	0	0	0	0	0	0	0	
0	0	0	0	0	0	1	0	0	0	0	45	86	37	0	1	2	0	59	156	82	217	98	0	2	0	47	136	114	155	32	0	1	0	1	227	167	0	2	0	3	0	102	139	103	0	4	0	4	0	137	185	117	0	3	0	1	0	17	109	21	0	1	0	
0	0	3	0	0	2	2	0	0	2	0	64	61	0	2	0	1	0	142	237	248	198	35	0	0	101	241	23	86	255	187	0	0	194	120	0	0	186	207	0	0	163	232	174	224	207	37	0	0	11	97	125	72	1	0	0	0	1	0	0	0	2	2	0	
0	31	18	0	1	2	0	0	0	80	197	133	25	0	1	0	1	0	32	117	179	68	0	2	0	0	3	0	82	202	0	2	0	12	14	25	189	123	0	3	0	72	211	223	247	118	20	0	0	0	29	28	30	126	63	0	0	0	0	0	0	0	0	0	
0	0	2	0	87	24	0	1	0	4	0	113	255	40	0	2	2	0	44	241	73	0	3	0	0	3	209	232	111	134	59	0	0	89	255	206	231	255	174	0	0	78	255	230	245	219	72	0	1	0	40	85	66	9	0	1	0	1	0	0	0	1	2	0	
0	0	0	0	0	0	1	0	0	0	5	34	77	41	0	1	1	0	154	183	140	191	55	0	1	0	26	11	0	173	71	0	0	0	3	0	151	160	0	2	0	0	0	142	167	0	0	1	2	0	143	156	1	1	1	0	0	2	74	10	0	1	0	0	
1	3	1	0	0	0	1	0	0	0	0	10	18	15	1	0	35	191	211	236	237	249	103	0	22	105	96	52	88	255	75	0	0	0	1	0	186	188	0	2	1	7	0	84	255	66	0	3	2	0	42	255	156	0	3	0	2	0	40	148	19	0	1	0	
0	0	0	1	0	0	0	0	0	1	0	7	158	24	0	1	0	2	0	43	192	0	0	0	0	3	0	105	162	0	3	0	0	4	0	141	124	0	4	0	0	4	0	122	160	0	2	0	0	1	0	26	180	45	0	2	0	0	0	0	0	0	0	0	
0	0	0	0	0	0	0	0	0	0	4	126	195	51	0	2	0	0	5	99	145	209	11	0	0	2	15	0	44	214	9	0	0	38	221	203	239	253	142	26	0	66	246	216	217	77	99	33	0	2	109	127	15	0	1	0	0	0	0	0	1	4	4	1	
0	1	1	0	1	0	0	0	1	0	18	118	45	0	2	0	0	39	178	133	174	0	2	1	0	32	38	36	165	0	3	0	0	4	0	121	222	0	19	41	1	0	31	195	146	172	164	70	1	0	38	86	0	34	33	0	0	0	0	0	3	0	0	1	
0	0	2	0	0	1	0	0	0	0	0	55	86	10	0	1	0	0	145	181	170	151	0	1	0	33	242	115	148	231	19	0	0	0	92	150	206	219	0	0	0	1	0	2	206	129	0	3	0	4	0	152	202	0	1	0	0	1	0	63	65	0	2	0	
0	0	1	1	0	0	1	0	3	0	96	200	166	105	0	0	0	13	189	53	24	159	79	0	0	47	171	0	0	64	141	0	0	68	166	0	0	36	169	0	0	27	216	61	12	147	153	0	2	0	78	167	172	137	13	0	0	0	0	0	1	0	1	0	
0	0	1	0	0	1	0	0	0	10	6	0	3	1	0	0	0	118	214	210	220	175	2	0	0	11	57	46	153	227	0	0	0	1	0	15	232	161	0	4	0	5	0	132	255	41	0	2	0	1	0	203	133	0	3	0	1	0	7	174	48	0	2	0	
0	0	0	0	0	0	0	0	1	0	88	140	112	29	0	1	1	0	45	45	141	174	0	3	0	3	0	114	213	35	0	2	0	1	0	32	121	68	0	2	0	0	3	0	94	153	0	4	0	0	107	177	198	25	0	1	1	0	34	52	11	0	0	0	
0	1	1	0	0	0	1	0	1	0	9	74	96	57	0	0	0	40	212	200	168	238	32	0	0	87	255	141	122	255	63	0	1	0	86	156	206	252	27	0	0	0	4	0	137	224	0	0	0	3	0	84	255	63	0	3	0	2	0	55	106	1	0	0	
0	0	0	18	5	3	2	0	0	1	0	132	21	0	1	0	3	0	75	182	14	112	31	0	2	0	178	95	147	184	156	0	0	26	187	152	127	130	70	0	0	23	209	225	180	104	0	1	0	0	54	123	64	0	3	0	0	0	0	0	0	3	0	0	
0	0	2	4	4	3	0	0	0	0	0	0	0	0	17	11	1	0	50	134	175	172	193	53	0	8	216	255	123	74	16	0	0	1	5	127	125	0	2	0	0	55	105	89	222	12	0	1	0	3	121	166	63	0	1	0	0	0	0	0	0	0	0	0	
0	1	0	0	0	2	2	0	2	0	109	93	25	193	38	0	0	54	174	0	194	131	0	3	0	85	174	111	210	0	0	1	1	0	55	225	173	159	19	0	1	0	15	208	63	226	47	0	1	0	6	149	179	78	0	2	0	0	0	1	4	0	1	0	
0	0	2	1	0	0	0	0	0	2	0	68	127	22	0	1	2	0	61	203	219	227	10	0	4	0	159	137	186	86	0	1	2	0	49	243	217	23	0	2	1	0	22	196	236	132	0	4	2	0	35	223	210	50	0	2	0	0	0	47	28	0	1	0	
0	0	0	2	1	0	0	0	0	1	3	0	30	49	0	1	0	1	0	57	169	78	0	3	0	31	153	136	124	77	0	1	0	78	144	95	176	140	71	0	0	0	2	0	135	26	0	1	0	2	2	10	131	5	0	0	0	0	0	4	20	0	0	0	
0	0	3	0	0	2	0	0	0	0	0	49	72	2	0	0	1	0	115	174	232	70	0	2	0	41	226	85	170	235	12	0	0	6	98	175	255	123	0	3	0	2	0	55	233	23	0	1	0	4	0	169	165	0	3	0	0	1	0	73	49	0	1	0	
0	1	1	0	1	2	0	0	1	0	36	70	12	0	1	0	0	52	179	76	136	106	0	3	0	121	182	0	80	176	0	3	0	8	150	162	179	175	0	3	0	0	0	15	44	170	8	0	0	1	3	0	1	214	55	0	0	0	0	1	0	64	16	0	
0	0	0	0	42	20	0	1	0	3	0	83	255	69	0	3	1	0	7	218	96	0	3	0	4	0	106	202	60	67	0	1	2	0	188	217	197	255	60	0	1	0	196	238	186	230	44	0	1	0	25	121	124	22	0	1	0	0	0	0	0	1	1	0	
0	0	0	0	0	0	0	0	1	0	18	84	91	43	1	0	0	37	247	183	136	197	57	0	0	1	119	152	117	198	37	0	0	2	0	189	255	40	0	2	2	0	58	157	93	133	0	3	1	0	19	167	163	162	0	3	0	1	0	33	132	30	0	1	
0	2	0	37	88	0	1	0	1	0	21	235	145	0	5	0	2	0	173	174	0	1	0	0	0	50	249	113	129	155	81	0	0	90	255	198	151	245	208	0	0	17	203	227	197	221	101	0	0	0	7	63	52	11	0	0	0	1	1	0	0	0	2	0	
0	0	0	0	0	0	0	0	0	0	4	11	55	11	0	0	1	0	35	102	111	26	0	1	3	0	71	80	122	25	0	1	3	0	89	144	183	33	0	2	0	0	0	74	125	0	3	0	0	1	0	36	142	0	1	0	0	0	0	5	19	0	0	0	
0	0	0	0	0	0	0	0	2	0	73	203	214	183	17	0	1	0	56	105	48	230	91	0	0	0	1	0	4	230	82	0	0	7	136	189	220	212	7	0	0	109	254	232	237	205	120	2	0	64	210	112	5	18	23	0	0	0	0	0	0	0	0	0	
0	0	2	0	0	1	0	0	0	0	4	69	56	0	1	0	3	0	98	94	99	59	0	2	0	11	132	0	14	119	5	0	0	12	119	0	95	103	0	1	2	0	83	92	166	50	0	2	0	0	4	24	84	78	0	3	0	0	2	0	15	42	0	1	
0	1	1	0	0	0	0	0	1	0	19	168	201	29	0	2	0	20	221	137	167	194	0	1	0	24	218	106	176	122	0	3	1	0	11	205	255	109	0	3	1	0	21	218	185	214	5	0	1	0	12	163	200	95	0	0	0	0	0	1	2	0	0	0	
0	0	2	0	0	1	0	0	0	1	0	47	45	0	0	0	3	0	87	255	252	58	0	3	0	12	225	143	249	82	0	4	0	13	216	203	255	101	0	4	2	0	83	172	186	171	0	4	0	0	3	0	93	208	0	1	0	0	3	0	18	71	0	0	
0	0	0	1	1	0	0	0	0	0	3	0	85	136	0	3	0	1	0	1	219	145	0	4	0	3	0	112	229	23	0	2	1	0	4	233	125	0	4	0	4	0	96	241	22	0	1	0	3	0	118	126	0	3	0	0	0	0	0	0	1	0	0	0	
0	0	2	0	1	2	0	0	0	0	2	26	3	0	0	0	3	0	83	178	86	90	7	0	0	3	133	5	182	133	0	3	0	2	139	99	179	66	0	3	1	0	24	25	128	51	0	2	0	0	1	0	145	20	0	1	0	0	0	11	100	0	0	0	
0	3	4	4	3	1	2	0	0	0	0	0	0	0	0	0	0	113	140	150	176	208	113	0	0	100	182	165	163	255	101	0	0	1	0	0	197	142	0	3	0	4	0	161	202	6	0	1	4	0	136	239	9	0	1	0	2	0	76	106	0	1	0	0	
0	0	0	0	0	0	0	0	3	0	55	224	168	21	0	1	2	0	44	90	170	148	0	4	0	0	1	0	31	154	0	1	0	0	109	176	188	157	0	3	0	9	223	171	222	171	55	0	2	0	103	187	64	0	12	0	0	0	0	1	1	2	0	0	
0	0	0	1	2	2	4	1	0	0	2	1	0	0	0	0	0	1	0	14	38	61	117	44	3	0	64	247	205	119	84	19	0	19	56	87	188	19	0	1	0	38	138	131	173	23	0	2	0	0	12	35	11	0	0	0	0	1	1	0	1	1	0	0	
0	0	0	18	26	0	1	0	0	1	0	4	132	74	0	2	0	0	2	138	174	161	0	2	0	1	0	128	150	7	0	1	0	0	2	0	53	128	0	1	0	54	117	80	148	188	0	0	0	4	100	148	107	23	0	1	0	0	0	0	0	0	0	0	
0	0	0	1	3	3	4	1	0	0	2	2	0	0	0	0	0	1	0	11	82	67	118	34	2	0	71	178	150	150	160	41	2	0	109	223	103	0	2	0	0	39	109	177	212	4	3	2	0	2	35	46	8	0	0	0	0	0	0	0	1	0	0	0	
0	0	0	11	52	0	0	0	0	0	1	0	121	51	0	2	0	0	4	0	55	111	0	3	0	0	1	0	28	105	0	2	1	0	43	83	178	138	0	2	0	13	144	128	123	39	5	0	0	1	47	52	4	0	0	0	0	0	0	0	2	2	0	0	
0	4	4	3	3	1	1	0	0	0	0	0	0	0	0	0	0	97	168	193	189	214	135	0	0	138	189	149	157	255	159	0	0	0	3	0	137	236	9	0	0	5	0	76	255	79	0	3	1	0	19	246	135	0	3	0	1	0	16	126	22	0	1	0	
0	1	2	0	0	0	0	0	0	0	1	23	55	11	0	0	0	31	176	225	255	54	0	3	0	63	255	207	239	56	0	3	0	0	43	9	167	88	0	3	0	1	4	0	129	173	0	3	0	0	5	0	170	227	0	0	0	0	1	0	70	57	0	1	
0	0	0	0	0	0	0	0	0	7	105	159	126	108	13	0	0	16	145	152	219	250	31	0	1	0	8	145	230	232	30	0	2	117	19	33	0	156	186	0	0	191	172	74	125	222	138	0	0	9	99	156	149	85	0	0	0	1	0	0	0	0	1	0	
0	0	1	1	0	0	0	0	0	0	0	0	20	8	0	0	2	0	106	149	164	145	0	3	0	0	19	8	98	128	0	4	0	0	0	0	177	33	0	1	0	2	0	73	157	0	3	0	0	1	0	169	58	0	2	0	1	0	11	111	4	0	0	0	
0	0	0	2	4	3	1	0	0	0	2	0	0	0	0	0	0	2	0	62	145	148	183	66	2	0	148	241	101	43	44	7	0	0	59	107	169	46	0	2	0	53	106	86	204	64	0	3	0	6	71	90	34	0	1	0	0	0	0	0	1	1	0	0	
0	0	1	0	19	12	0	0	0	1	0	15	123	13	0	1	0	3	0	107	62	0	2	0	0	0	10	133	122	80	0	3	1	0	28	140	109	88	0	3	2	0	36	129	157	48	0	2	0	0	3	108	89	0	1	0	0	0	0	0	0	1	0	0	
0	1	3	0	0	1	2	0	0	1	0	30	30	4	0	0	0	2	160	251	246	231	67	0	0	125	219	48	61	230	198	0	0	210	75	0	0	128	222	0	0	156	234	133	171	255	96	0	0	5	125	188	168	58	0	1	0	1	0	0	0	0	2	0	
0	0	0	1	2	2	2	2	0	0	2	0	0	0	0	0	0	0	0	34	63	60	59	44	2	0	96	120	86	58	31	20	2	0	98	104	23	0	1	0	1	0	21	88	179	17	0	2	1	0	50	65	27	0	0	0	0	0	0	0	0	0	0	0	
0	0	0	0	0	0	0	0	0	1	0	18	171	18	0	1	0	3	0	66	245	20	0	1	0	5	0	123	227	3	0	1	0	5	0	207	167	0	4	0	2	0	27	253	94	0	3	0	1	0	19	205	111	0	3	0	0	0	0	0	2	0	0	0	
0	0	0	0	0	0	0	0	1	54	72	55	40	1	0	0	29	133	107	170	203	0	2	0	3	0	63	251	96	0	3	0	3	0	66	198	190	155	38	0	0	0	1	0	20	204	153	0	0	0	2	0	150	205	58	0	0	0	0	0	13	6	0	0	
0	0	0	0	0	0	0	0	0	0	2	0	96	67	0	2	0	1	0	8	247	113	0	4	0	3	0	70	237	20	0	1	0	3	0	153	184	0	2	0	2	0	23	239	75	0	3	0	4	0	135	185	0	1	0	0	1	0	27	18	0	1	0	0	
0	0	1	1	0	0	0	0	0	0	4	53	0	20	30	0	2	0	46	103	0	86	59	0	1	0	141	89	30	98	26	0	0	66	198	135	156	171	13	0	0	13	8	0	1	124	10	0	0	0	1	3	4	100	4	0	0	1	1	0	2	16	0	0	
0	0	0	0	0	0	0	0	1	0	22	109	163	122	34	0	2	0	160	206	135	254	138	0	1	0	16	58	149	221	41	0	0	36	23	163	221	203	0	0	0	180	146	0	46	244	34	0	0	49	212	199	220	147	0	0	1	0	12	59	37	1	0	0	
0	0	0	3	0	0	0	0	0	3	0	84	84	0	2	0	0	2	0	49	178	0	1	0	0	2	0	59	193	0	1	0	0	3	0	91	200	0	1	0	0	3	0	102	224	0	0	1	0	1	0	34	145	0	0	0	0	0	0	0	0	0	0	0	
0	0	0	0	0	0	0	0	1	0	39	135	144	51	0	1	3	0	181	136	128	216	14	0	2	0	61	172	193	45	0	2	0	2	0	174	250	73	0	3	3	0	65	196	174	121	0	4	4	0	98	240	127	2	0	0	0	0	10	28	0	0	0	0	
0	0	0	0	0	0	0	0	0	0	1	13	73	61	0	2	1	0	19	219	188	30	0	2	1	0	28	131	0	0	0	0	0	1	0	71	62	0	2	0	0	0	1	0	123	25	0	1	1	0	11	108	137	11	0	1	0	0	0	43	16	0	1	0	
0	0	2	1	0	0	0	0	0	2	1	2	0	52	80	0	1	0	31	24	0	151	137	0	0	41	242	95	0	223	49	0	0	117	141	179	216	180	0	1	0	2	0	53	232	30	0	2	0	4	0	141	115	0	4	0	0	1	0	28	8	0	0	0	
0	0	0	0	0	0	0	0	0	48	127	133	192	169	4	0	0	107	146	59	75	217	9	0	0	1	0	2	196	118	0	3	1	0	8	178	142	0	2	0	0	20	193	251	150	169	83	0	0	102	172	56	46	75	106	0	0	0	0	0	0	0	0	0	
0	0	2	2	0	1	1	0	0	1	0	14	70	22	0	1	2	0	51	192	213	192	17	0	0	8	222	78	15	242	81	0	0	0	141	193	244	184	0	1	0	2	0	63	252	54	0	2	0	3	0	170	164	0	3	0	0	0	0	87	30	0	1	0	
0	0	0	0	2	1	0	0	0	0	1	0	82	9	0	0	0	0	0	12	109	0	1	0	0	1	0	33	111	0	3	0	0	2	0	69	97	0	3	0	0	3	0	99	79	0	3	0	0	2	0	76	45	0	2	0	0	0	0	0	0	0	0	0	
0	0	0	2	0	1	0	0	0	0	2	2	0	43	87	0	0	1	0	58	0	157	172	0	2	0	97	182	29	221	47	0	0	118	255	173	210	165	0	4	0	88	49	151	241	22	0	1	0	2	0	130	100	0	2	0	0	3	3	9	1	1	0	0	
0	0	0	1	39	6	1	0	0	1	0	38	121	0	2	0	0	3	0	118	61	54	49	0	2	0	49	133	100	107	99	0	3	0	113	122	63	43	78	0	2	0	121	155	155	94	2	0	1	0	25	76	63	5	0	0	0	0	0	0	0	2	0	0	
0	0	0	2	4	3	0	0	0	0	3	0	0	0	4	4	0	2	0	44	155	162	177	57	2	0	115	223	83	55	23	1	0	36	129	129	132	7	0	1	0	55	163	84	221	34	0	2	1	0	66	131	43	0	1	0	0	1	0	0	0	0	0	0	
0	0	2	0	7	1	0	0	0	0	0	100	79	0	1	0	2	0	82	70	72	83	0	3	0	3	133	85	174	21	0	1	0	2	0	144	129	83	0	0	0	0	1	169	24	126	13	0	0	0	0	138	117	52	0	1	0	0	0	2	9	0	0	0	
0	0	0	1	1	0	0	0	0	0	3	0	116	138	0	1	0	1	0	3	219	219	0	0	0	3	0	104	255	74	0	3	1	0	21	231	135	0	1	0	3	0	149	255	124	0	3	0	0	2	183	191	53	0	2	0	0	0	0	0	0	0	0	0	
0	0	2	0	0	0	0	0	0	0	6	70	109	92	0	1	1	0	135	166	130	67	0	1	1	0	113	171	118	9	0	1	0	0	1	14	144	160	0	3	1	0	69	0	124	152	0	3	3	0	113	184	153	5	0	1	1	0	10	54	4	0	0	0	
0	0	1	0	1	1	0	0	0	2	0	58	177	196	29	0	2	0	32	195	175	147	43	0	4	0	91	216	201	42	0	2	1	0	20	242	227	14	0	1	3	0	140	217	217	23	0	1	2	0	156	208	90	0	2	0	0	0	0	0	0	0	0	0	
0	0	1	0	0	2	5	0	2	0	112	138	163	142	44	0	0	10	157	48	18	17	0	0	0	39	207	141	71	0	1	0	0	3	20	57	158	120	0	2	0	1	1	0	21	207	38	0	0	34	113	151	193	128	6	0	0	0	6	12	2	0	0	0	
0	0	3	0	85	43	0	2	0	3	0	99	254	57	0	3	3	0	77	251	59	0	2	0	0	6	225	114	6	119	75	4	0	66	251	175	226	226	255	90	0	37	242	255	245	206	174	29	0	0	31	49	73	38	0	0	0	1	0	0	0	0	2	2	
0	0	0	0	0	1	0	0	0	1	0	40	36	0	0	0	0	0	67	85	80	65	0	2	2	0	119	74	42	72	0	2	2	0	64	59	146	37	0	1	0	3	0	96	211	69	0	2	0	3	0	98	54	0	2	0	0	1	0	37	12	0	0	0	
0	0	2	1	0	0	0	0	0	1	0	23	133	154	39	0	2	0	69	198	107	157	151	0	4	0	139	168	88	199	49	0	1	0	5	211	255	73	0	3	3	0	123	158	167	135	0	4	3	0	148	206	193	43	0	2	0	0	6	57	26	0	1	0	
0	0	0	0	0	0	0	0	1	0	32	128	189	214	71	0	3	0	107	176	121	255	76	0	0	3	0	34	217	97	0	2	2	0	53	219	85	10	17	0	0	65	255	210	167	195	46	0	0	84	210	136	86	12	0	1	0	0	0	0	0	1	1	0	
0	0	2	1	0	0	0	0	0	1	0	21	86	78	8	0	2	0	82	192	112	188	85	0	0	0	199	97	30	206	57	0	2	0	78	175	255	169	0	2	0	3	0	86	240	26	0	2	1	0	17	235	100	0	3	0	1	0	24	98	2	1	0	0	
0	0	0	0	0	0	0	0	0	2	0	61	67	0	2	0	0	3	0	107	159	0	4	0	0	3	0	72	168	0	3	0	0	2	0	65	190	0	1	0	0	2	0	51	190	0	1	0	0	1	0	37	174	0	0	0	0	0	0	0	23	2	0	0	
0	0	1	1	0	0	0	0	0	1	0	19	121	210	48	0	1	0	11	223	174	144	168	0	4	0	126	181	0	123	150	0	0	7	225	64	12	230	60	0	0	56	255	121	216	134	0	2	0	8	171	218	90	0	2	0	0	0	0	0	0	2	0	0	
0	0	0	0	1	0	0	0	0	0	3	0	113	51	0	2	0	0	1	0	200	66	0	3	0	2	0	49	221	11	0	1	0	3	0	114	176	0	2	0	0	2	0	193	95	0	3	0	0	1	0	155	55	0	2	0	0	0	0	0	0	0	0	0	
0	0	0	0	0	0	0	0	0	0	2	0	148	62	0	2	0	1	0	22	222	38	0	2	0	3	0	97	194	0	2	0	0	2	0	185	112	0	3	0	2	0	32	224	31	0	1	0	3	0	69	140	0	2	0	0	0	0	0	0	0	0	0	0	
0	0	0	0	0	0	0	0	2	0	60	50	0	2	0	0	4	0	134	86	0	3	0	0	3	0	156	40	76	150	0	3	3	0	107	165	171	191	0	0	0	0	2	62	32	175	17	0	0	0	1	2	0	142	36	0	0	0	0	3	0	12	6	0	
0	1	1	1	23	2	0	0	1	0	4	159	224	17	0	1	0	0	171	210	207	7	0	1	0	12	43	138	142	0	4	0	2	0	33	226	18	62	114	0	0	0	185	255	169	225	98	0	0	12	78	51	156	100	0	0	0	0	0	0	0	0	1	0	
0	0	0	4	9	0	0	0	0	25	134	140	173	113	0	3	0	22	86	0	102	121	0	3	0	1	0	19	157	17	0	1	0	3	0	142	75	0	14	3	3	0	65	174	0	111	116	0	2	0	44	178	154	119	13	0	0	0	0	5	5	0	1	0	
0	0	0	0	0	0	0	0	0	1	0	70	188	134	0	3	0	3	0	131	255	111	0	4	1	0	5	181	243	163	0	1	0	4	71	16	41	228	13	0	0	13	234	110	178	176	0	2	2	0	126	235	151	11	0	1	0	0	0	0	0	1	0	0	
0	0	1	0	0	1	1	0	1	0	19	88	97	31	0	1	0	16	219	164	136	221	40	0	0	3	143	134	76	161	28	0	0	2	0	147	255	112	0	3	2	0	54	117	43	142	0	3	3	0	83	167	159	79	0	3	0	0	2	105	78	0	1	0	
0	0	2	3	0	1	1	0	0	0	3	0	42	159	0	0	2	0	54	53	118	157	0	4	4	0	164	105	155	117	1	2	0	20	232	206	231	227	121	0	0	42	139	113	206	14	0	0	0	2	0	45	118	0	2	0	0	1	4	2	0	1	0	0	
0	0	7	9	0	0	0	0	0	23	136	147	46	0	2	0	0	17	0	96	100	0	4	0	1	0	9	176	132	23	0	1	0	1	1	12	50	143	23	0	1	0	23	111	1	154	32	0	1	0	13	131	153	66	0	2	0	0	0	4	7	0	1	0	
0	0	1	1	0	0	0	0	0	1	0	14	26	63	100	63	2	0	35	210	213	201	164	69	1	0	197	194	32	0	1	0	1	0	127	191	205	71	0	5	0	6	156	113	181	181	0	3	0	0	147	232	188	62	0	2	0	0	0	1	0	0	0	0	
0	0	1	1	0	0	0	0	0	2	0	82	35	0	1	0	1	0	19	155	6	0	0	0	3	0	71	150	35	115	0	2	0	0	4	71	153	139	0	4	0	0	3	0	109	72	0	3	0	0	1	0	121	16	0	1	0	0	0	1	19	1	0	0	
0	0	0	1	28	3	0	0	0	2	0	55	190	0	0	0	0	3	0	174	104	0	3	0	2	0	46	196	111	166	14	0	4	0	117	244	214	223	22	0	4	0	125	255	214	63	0	2	1	0	7	99	23	0	1	0	0	0	0	0	1	2	0	0	
0	0	0	1	1	1	0	0	0	1	0	21	107	12	3	0	0	3	0	133	198	173	7	0	3	0	74	201	153	121	0	4	0	11	217	229	215	25	0	1	0	6	21	55	253	56	0	3	0	3	0	79	199	0	0	1	0	1	0	17	26	0	1	0	
0	0	1	4	1	0	0	0	0	1	2	0	4	4	0	0	1	0	4	135	229	114	0	4	0	8	199	191	206	105	0	4	0	31	112	10	196	39	0	2	0	2	0	52	190	0	0	0	0	4	0	103	169	0	4	0	0	2	0	70	89	0	3	0	
0	0	0	6	50	15	0	1	0	1	0	31	142	109	0	2	0	0	2	0	10	121	0	1	0	1	4	0	82	90	0	3	1	0	18	146	170	3	0	1	0	19	220	133	113	94	0	2	0	34	76	0	8	98	14	0	0	0	0	3	2	0	0	0	
0	0	1	0	0	1	1	0	0	1	0	66	166	46	19	70	3	0	59	210	112	203	169	64	3	0	91	185	91	179	39	0	2	0	28	246	239	21	0	3	1	0	187	116	201	117	0	4	1	0	165	202	181	45	0	2	0	0	9	47	7	0	0	0	
0	1	3	2	0	0	0	0	0	0	0	0	10	9	0	0	0	20	81	100	131	140	0	3	0	11	39	4	78	75	0	2	0	1	0	21	131	1	0	0	0	3	0	117	70	0	2	0	1	0	31	127	0	1	0	0	1	0	34	73	0	2	0	0	
0	0	1	3	0	1	0	0	0	1	1	0	54	26	0	1	1	0	13	152	250	196	0	0	0	1	171	140	206	185	0	2	0	70	246	175	251	75	0	3	0	18	106	62	191	32	0	1	0	2	0	52	186	0	1	0	0	2	0	29	66	0	1	0	
0	0	0	1	1	0	0	0	0	0	2	0	58	58	0	2	0	1	0	20	154	17	0	1	0	3	0	81	98	0	3	0	0	3	0	123	70	0	2	0	0	3	0	110	91	0	3	0	0	1	0	25	133	24	0	1	0	0	1	0	22	12	0	0	
0	0	1	1	0	0	0	0	0	1	0	28	192	147	35	0	0	2	0	178	190	84	121	0	3	0	72	255	28	94	139	0	2	0	196	190	1	205	64	0	0	24	255	171	205	135	0	2	0	8	181	204	80	0	2	0	0	0	0	0	0	2	0	0	
0	0	1	0	2	0	0	0	0	0	0	119	191	89	0	2	4	0	98	161	20	161	15	0	2	0	142	46	0	148	61	0	1	0	162	43	0	153	61	0	4	0	117	141	30	167	4	0	1	0	5	151	178	56	0	2	0	0	0	1	1	0	0	0	
0	0	0	0	1	0	0	0	0	0	2	0	60	63	0	2	0	0	2	0	184	91	0	3	0	2	0	51	208	8	0	1	0	3	0	151	127	0	3	0	1	0	21	208	30	0	1	0	3	0	95	130	0	3	0	0	1	0	15	9	0	0	0	0	
0	0	0	0	0	0	0	0	0	2	72	85	135	40	0	2	0	5	20	113	131	9	0	1	0	3	0	98	94	0	0	0	0	0	1	0	63	113	2	0	0	1	22	3	0	136	31	0	0	24	142	73	115	93	0	1	0	0	24	55	30	0	0	0	
0	0	2	0	22	11	0	0	0	2	0	71	244	101	0	4	3	0	83	255	250	47	0	3	2	0	34	229	165	0	3	0	2	0	81	255	219	34	22	7	0	75	255	98	185	255	186	10	0	81	88	0	13	73	21	0	0	0	0	3	1	0	0	0	
0	0	0	0	0	0	0	0	0	0	1	0	89	35	0	1	0	1	0	1	208	57	0	2	0	1	0	27	198	10	0	1	0	3	0	81	165	0	3	0	0	4	0	134	119	0	4	0	0	3	0	170	85	0	3	0	0	0	0	27	11	0	0	0	
0	0	0	0	0	0	0	0	0	2	0	101	218	128	0	2	0	2	0	95	251	156	0	3	3	0	78	222	252	97	0	4	1	0	45	26	99	214	0	1	0	15	146	77	201	156	0	2	1	0	158	205	107	4	0	1	0	0	0	0	0	1	0	0	
0	1	3	0	0	3	1	0	0	0	0	15	25	2	0	0	0	7	141	180	162	149	35	0	0	135	150	0	41	250	58	0	0	78	190	92	189	161	0	2	1	0	47	69	164	95	0	4	0	1	4	0	103	122	0	4	0	0	3	0	38	96	0	2	
0	0	0	3	1	0	0	0	0	0	2	0	26	143	0	0	0	0	6	81	139	149	0	4	3	0	79	190	194	91	0	1	0	0	203	236	230	218	89	0	0	16	86	137	173	0	7	0	0	2	0	70	91	0	3	0	0	0	4	1	1	1	0	0	
0	0	1	0	4	4	0	0	0	2	0	77	181	136	0	0	1	0	29	205	34	49	16	0	4	0	113	114	0	3	0	0	4	0	139	86	40	63	0	0	2	0	47	226	185	203	28	0	0	1	0	84	158	97	0	0	0	0	1	0	1	1	0	0	
0	0	1	1	0	0	0	0	0	2	0	38	97	105	68	21	2	0	32	213	170	167	156	48	0	0	197	160	35	5	0	0	0	6	176	175	202	155	0	4	0	50	113	29	155	184	0	3	0	32	210	227	169	19	0	1	0	0	5	10	0	0	0	0	
0	2	0	0	0	2	0	0	0	0	16	79	53	0	0	0	0	91	202	142	185	130	0	1	0	156	103	0	7	210	41	0	0	69	208	76	91	193	13	0	1	0	76	148	186	192	0	2	0	1	0	1	0	154	99	0	0	0	3	5	0	22	89	1	
0	0	0	1	29	5	0	0	1	8	0	48	209	9	0	1	0	3	0	176	132	0	11	0	3	0	60	213	116	238	112	0	3	0	175	217	194	248	72	0	1	0	195	255	239	146	0	1	2	0	66	150	84	1	0	0	0	0	0	0	0	2	1	0	
0	0	0	0	0	0	0	0	0	3	88	113	124	64	0	1	0	57	170	22	16	174	46	0	0	1	97	105	130	109	1	0	1	0	27	197	165	29	0	1	4	0	111	76	17	152	0	1	2	0	61	136	138	108	0	2	0	0	0	50	53	1	0	0	
0	0	0	4	1	0	0	0	0	0	2	0	6	11	0	0	0	0	0	133	201	183	0	0	1	0	161	179	98	161	0	2	0	5	62	0	142	94	0	3	0	1	0	19	175	12	0	1	0	3	0	92	129	0	4	0	0	2	0	68	58	0	2	0	
0	0	2	0	0	0	0	0	0	0	0	51	132	38	0	2	0	0	168	105	162	91	0	3	1	0	87	162	164	4	0	1	1	0	18	167	112	121	0	0	4	0	121	96	0	168	17	0	3	0	94	156	125	69	0	2	0	0	3	58	27	0	1	0	
0	0	1	0	0	0	0	0	0	1	0	81	164	121	5	0	4	0	104	206	62	209	106	0	3	0	79	192	126	139	9	0	1	0	20	245	217	2	0	1	0	5	179	114	207	28	0	1	0	14	201	189	127	0	0	0	1	0	29	46	0	0	0	0	
0	0	0	0	0	0	0	0	0	1	0	31	91	0	1	0	0	2	0	65	190	0	1	0	0	2	0	64	154	0	3	0	0	2	0	73	151	0	4	0	0	3	0	98	131	0	4	0	0	3	0	77	144	0	3	0	0	0	0	10	31	0	0	0	
0	0	1	1	0	0	1	0	0	2	0	29	200	142	4	0	1	0	2	205	206	218	99	0	2	0	150	205	0	189	128	0	0	62	248	27	49	245	43	0	0	136	216	103	255	113	0	2	0	71	220	206	73	0	2	0	0	0	0	0	0	2	0	0	
0	0	0	10	20	0	0	0	0	0	0	23	116	0	1	0	0	2	0	51	107	0	3	0	1	0	35	179	73	0	2	0	1	0	42	142	110	71	0	2	1	0	38	91	43	121	0	3	0	0	1	90	108	20	0	1	0	0	0	0	0	0	0	0	
0	0	0	0	1	0	0	0	0	0	3	0	109	114	0	3	0	0	1	0	212	116	0	4	0	2	0	48	239	32	0	2	0	4	0	134	195	0	2	0	1	0	2	226	107	0	3	0	1	0	23	168	20	0	1	0	0	0	0	0	1	0	0	0	
0	1	0	0	0	0	1	0	0	3	5	13	24	13	0	0	6	138	177	201	209	244	73	0	4	21	25	7	111	241	34	0	0	2	0	33	231	58	0	2	1	2	0	179	115	0	4	0	3	0	78	216	0	1	0	0	2	0	34	168	30	0	1	0	
0	0	2	0	25	5	0	0	0	2	0	65	247	103	0	4	3	0	90	252	255	81	0	3	1	0	27	162	185	0	1	0	2	0	68	255	99	0	42	0	0	48	244	202	227	194	147	0	0	20	36	3	130	151	20	0	0	0	0	1	0	0	0	0	
0	0	0	0	0	0	0	0	0	2	0	51	68	0	1	0	0	1	0	24	75	115	0	0	0	0	2	0	55	80	0	2	1	0	14	101	161	17	0	1	1	0	7	127	88	10	0	1	1	0	29	105	0	1	0	0	1	0	14	18	0	1	0	0	
0	0	0	0	0	0	0	0	0	1	0	61	174	171	0	0	1	0	13	178	255	178	0	2	1	0	3	140	255	137	0	4	2	0	132	199	98	230	14	0	0	38	242	80	143	223	4	0	1	0	147	228	169	35	0	1	0	0	0	0	0	1	0	0	
0	1	12	14	6	0	0	0	0	4	119	139	149	70	0	2	0	0	4	0	132	165	0	4	0	2	0	27	231	64	0	3	1	0	4	199	129	0	3	0	2	0	184	172	0	35	8	0	0	5	140	151	148	122	5	0	0	0	0	6	9	0	0	0	
0	0	2	2	1	1	0	0	0	0	1	1	0	101	51	0	2	0	75	90	25	230	31	0	1	0	202	96	110	182	0	3	0	73	255	201	238	227	144	8	0	83	138	85	223	45	9	1	0	1	0	35	164	0	1	0	0	2	3	7	18	0	1	0	
0	0	0	0	2	0	0	0	0	0	1	1	5	27	0	0	0	0	1	0	128	146	0	4	1	0	15	142	234	51	0	2	3	0	96	121	133	5	0	0	0	3	0	89	98	0	3	0	0	1	0	144	31	0	1	0	0	0	3	47	1	0	0	0	
0	0	1	4	4	3	1	0	0	0	1	0	0	0	2	4	1	0	26	139	134	156	170	62	1	0	180	196	170	89	20	2	0	9	167	123	106	182	1	0	0	42	179	129	176	135	0	2	0	2	63	119	62	0	0	0	0	0	0	0	0	2	0	0	
0	1	2	0	0	0	0	0	1	0	28	39	0	28	88	0	0	0	155	62	0	69	144	0	0	101	103	0	0	126	122	0	29	213	131	138	137	209	58	0	3	49	59	9	61	152	0	3	0	0	2	0	44	85	0	2	0	2	2	1	0	0	0	0	
0	0	0	3	33	4	0	0	1	4	0	57	205	5	0	1	1	3	0	186	109	0	3	0	3	0	70	196	70	213	53	0	4	0	159	158	220	255	38	0	3	0	162	255	250	107	0	2	1	0	29	121	48	0	1	0	0	0	0	0	0	2	0	0	
0	0	1	1	0	1	1	0	0	0	5	78	2	0	0	0	2	0	64	155	0	33	113	0	1	0	152	49	0	127	86	0	0	55	200	102	113	200	24	0	0	7	107	103	91	168	0	1	0	0	2	0	54	112	0	3	0	0	4	3	8	11	0	0	
0	0	1	3	0	1	0	0	0	1	2	1	4	0	0	0	1	0	0	139	245	133	0	2	0	20	204	230	192	196	0	2	0	47	153	0	151	146	0	4	0	1	0	1	221	74	0	3	0	3	0	57	222	10	0	1	0	2	0	57	113	0	2	0	
0	0	0	1	0	0	0	0	0	0	1	2	86	12	0	1	0	2	0	65	224	17	0	1	1	0	29	141	144	24	0	1	3	0	140	168	201	81	0	3	0	0	5	43	166	32	0	1	0	1	0	27	116	0	2	0	0	0	0	5	17	0	0	0	
0	0	1	1	0	0	0	0	0	1	0	25	119	137	28	0	1	0	24	209	117	177	165	0	2	0	40	208	109	153	27	0	1	0	12	222	246	25	0	2	3	0	151	109	181	114	0	4	3	0	149	186	188	54	0	2	1	0	12	61	17	0	1	0	
0	0	0	0	2	0	0	0	0	0	2	0	71	58	0	2	0	0	3	0	116	71	0	3	0	1	0	12	141	9	0	1	0	3	0	86	108	0	3	0	0	2	0	151	55	0	2	0	0	0	7	129	8	0	0	0	0	0	0	0	1	0	0	0	
0	0	2	2	0	1	0	0	0	1	0	6	72	23	0	1	1	0	26	165	179	166	0	2	2	0	183	161	179	134	0	3	0	0	156	189	226	21	0	1	0	3	0	75	160	0	3	0	0	4	0	141	101	0	3	0	0	1	0	48	18	0	1	0	
0	0	0	0	0	0	0	0	0	0	0	10	55	67	10	0	0	1	0	146	119	81	18	0	0	0	7	161	11	0	1	0	1	0	13	192	158	15	0	1	0	1	0	11	179	25	0	1	0	0	0	99	69	0	2	0	1	0	17	47	0	1	0	0	
0	0	1	0	27	8	0	0	0	2	0	39	200	20	0	1	0	3	0	168	117	0	3	0	2	0	45	197	30	107	16	0	4	0	119	175	181	255	51	0	4	0	83	255	250	164	1	0	0	0	2	88	48	7	0	0	0	0	1	0	0	2	1	0	
0	0	2	0	26	8	0	0	0	2	0	83	236	53	0	2	3	0	70	172	23	3	0	0	0	0	165	59	84	93	0	0	0	21	189	108	30	115	91	0	1	0	195	159	37	147	82	0	1	0	24	138	156	91	0	1	0	0	0	0	0	0	1	0	
0	0	0	8	24	0	1	0	0	3	0	104	138	0	4	0	1	0	1	194	54	37	7	0	3	0	80	163	118	252	26	0	4	0	133	171	241	185	0	0	4	0	98	255	180	24	0	1	0	0	1	87	15	0	1	0	0	0	1	0	2	2	0	0	
0	0	1	0	0	0	0	0	0	0	8	31	10	47	0	1	3	0	72	81	30	108	0	3	2	0	132	44	98	149	0	3	0	0	125	123	165	85	0	2	0	0	4	0	102	59	0	2	0	0	4	0	127	67	0	2	0	0	1	0	19	12	0	0	
0	0	1	0	26	11	0	0	0	2	0	45	246	72	0	3	0	3	0	88	255	38	0	2	3	0	89	212	206	126	0	4	2	0	149	34	96	187	0	3	2	0	194	197	227	80	0	3	2	0	55	164	70	0	1	0	0	0	0	0	0	1	0	0	
0	0	0	0	1	1	0	0	0	4	103	108	15	0	1	0	0	66	169	141	191	9	0	1	0	3	0	5	191	34	0	1	0	2	0	57	169	0	8	12	0	1	0	199	129	72	147	38	0	0	0	92	126	90	24	0	0	0	0	0	0	0	0	1	
0	0	1	3	1	0	0	0	0	0	2	0	18	157	11	0	1	0	16	118	96	178	0	3	3	0	98	166	141	128	0	3	1	0	195	223	228	196	35	0	0	2	50	115	198	4	0	0	0	2	0	44	126	0	2	0	0	0	3	2	0	1	0	0	
0	0	0	3	0	0	0	0	0	0	0	0	8	1	0	0	0	1	0	123	231	32	0	2	3	0	61	255	235	25	0	2	1	0	15	48	172	25	0	1	0	1	0	17	161	4	0	0	0	1	0	46	171	0	1	0	0	1	0	39	123	0	1	0	
0	0	1	1	0	0	0	0	0	0	0	0	146	170	0	0	1	0	14	192	196	216	17	0	1	0	19	61	83	172	0	2	0	1	93	187	246	53	0	3	0	98	187	212	250	100	0	3	0	94	181	47	60	151	0	1	0	0	0	0	0	0	0	0	
0	0	1	0	0	0	2	0	0	0	0	126	100	157	101	0	3	0	85	219	139	78	13	0	3	0	150	206	137	33	0	2	0	0	2	35	134	172	0	2	0	25	57	29	132	195	0	1	0	19	154	207	190	34	0	2	0	0	0	0	0	0	0	0	
0	0	0	0	0	0	0	0	0	0	0	54	69	22	83	0	4	0	123	203	189	243	90	0	4	0	112	175	172	113	0	2	1	0	20	252	164	0	5	0	3	0	145	144	205	28	0	1	3	0	123	206	174	11	0	1	0	0	4	51	11	0	0	0	
0	0	0	2	2	0	0	0	0	0	1	0	3	17	18	3	0	3	0	47	171	125	114	40	2	0	45	194	49	0	2	0	0	15	22	44	98	26	0	1	0	40	119	80	165	23	0	1	1	0	52	100	30	0	1	0	0	1	0	0	1	1	0	0	
0	0	0	0	1	0	0	0	0	0	7	0	85	51	0	2	0	0	1	0	210	80	0	3	0	2	0	58	213	6	0	1	0	4	0	151	145	0	4	0	1	0	0	210	68	0	3	0	2	0	48	201	4	0	1	0	0	0	10	23	0	0	0	0	
0	0	2	3	0	0	0	0	0	0	0	0	13	17	0	0	1	0	37	134	172	143	0	3	0	0	187	68	93	98	0	4	0	2	34	0	126	48	0	2	0	0	0	11	145	6	0	0	0	2	0	59	138	0	3	0	0	2	0	72	61	0	2	0	
0	0	0	1	0	0	0	0	0	1	0	15	114	147	17	0	0	3	0	141	236	176	65	0	1	0	19	250	81	121	66	0	4	0	105	214	45	207	11	0	4	0	145	231	214	104	0	3	3	0	79	229	69	0	1	0	0	0	7	21	0	2	0	0	
2	4	4	4	3	4	0	0	0	0	0	0	0	0	0	0	60	159	154	179	191	126	8	0	46	152	127	125	81	209	73	0	0	0	1	0	6	189	31	0	2	4	6	0	43	198	4	0	0	0	2	0	58	178	0	2	0	0	2	0	48	140	0	3	
0	0	0	6	85	8	0	0	0	3	0	99	185	0	2	0	1	0	0	194	55	0	2	0	3	0	77	169	38	134	23	0	4	0	138	188	191	244	44	0	4	0	115	255	228	111	0	1	0	0	9	59	30	0	0	0	0	0	0	0	0	2	0	0	
0	0	0	0	0	0	0	0	0	0	4	97	140	51	0	2	0	0	0	115	207	68	0	3	1	0	1	185	165	0	0	1	0	0	1	0	103	131	0	3	0	0	15	0	46	143	0	3	3	0	110	145	166	56	0	2	0	0	4	57	29	0	1	0	
0	0	1	1	0	0	0	0	0	0	2	0	29	139	0	1	1	0	31	15	90	153	0	4	3	0	165	101	153	96	0	2	0	45	241	202	237	173	25	0	0	19	23	94	163	0	3	0	0	3	0	93	84	0	3	0	0	1	2	0	0	0	0	0	
0	0	1	0	0	1	0	0	1	0	10	69	69	0	0	0	0	11	190	167	170	83	0	3	0	7	179	17	127	131	0	4	2	0	40	211	110	0	2	0	0	4	0	126	188	37	0	1	0	2	0	40	169	169	7	0	0	0	1	0	70	77	0	1	
0	0	2	2	0	0	0	0	0	2	0	13	130	79	0	1	2	0	29	204	146	242	83	0	0	8	204	89	89	232	19	0	0	88	234	157	255	139	0	4	0	24	146	104	208	71	0	3	0	1	0	21	192	18	0	1	0	1	3	8	21	0	0	0	
0	0	0	0	0	0	0	0	1	0	125	184	114	2	0	0	0	2	48	16	184	33	0	1	1	0	3	135	236	34	0	2	1	0	13	106	98	170	0	1	0	0	36	5	89	148	0	2	2	0	115	181	161	22	0	1	0	0	0	0	0	1	0	0	
0	0	1	2	0	0	0	0	0	1	1	5	42	40	0	1	1	0	9	187	255	179	0	3	0	10	207	192	166	155	0	4	0	41	136	0	198	82	0	3	0	2	0	47	215	9	0	1	0	4	0	118	167	0	3	0	0	1	0	45	52	0	1	0	
0	0	1	1	0	0	0	0	0	1	0	27	136	94	0	2	1	0	5	160	243	123	0	4	1	0	24	232	107	0	2	0	0	0	0	198	180	13	0	1	2	0	49	137	121	131	0	4	1	0	28	175	139	57	0	2	0	1	0	32	37	0	1	0	
0	0	1	0	36	23	0	1	0	2	0	74	255	116	0	4	3	0	59	242	238	28	0	2	1	0	3	179	139	0	4	0	2	0	67	215	0	80	76	0	0	28	228	235	154	221	49	0	0	52	94	40	152	68	0	2	0	0	0	0	0	0	1	0	
0	0	1	1	8	12	0	0	0	3	0	73	168	76	0	0	1	0	10	151	33	0	1	0	4	0	117	142	25	66	10	0	2	0	40	115	77	218	38	0	1	0	112	17	107	141	0	2	2	0	137	177	93	4	0	0	0	0	0	2	0	2	0	0	
0	0	0	0	0	0	0	0	0	0	2	4	86	206	54	0	0	3	0	58	252	233	20	0	2	0	64	208	255	89	0	3	1	0	161	128	190	112	0	4	0	62	204	104	225	66	0	3	0	10	173	237	103	0	2	0	0	0	0	0	0	1	0	0	
0	0	0	2	0	1	0	0	0	1	0	11	175	86	0	3	0	2	0	135	98	101	11	0	2	0	62	148	0	98	52	0	4	0	127	67	0	116	49	0	3	0	144	51	16	148	5	0	3	0	61	167	130	40	0	2	0	0	0	9	4	0	1	0	
0	0	0	0	0	0	0	0	0	1	0	30	138	193	24	0	0	3	0	76	238	226	12	0	2	0	42	162	255	89	0	3	3	0	102	131	156	185	0	3	0	67	44	36	198	161	0	3	0	109	201	196	122	5	0	1	0	0	0	0	0	1	0	0	
0	0	0	1	0	1	0	0	0	1	0	19	84	23	0	1	0	1	0	126	105	97	0	2	2	0	57	122	54	143	0	3	1	0	9	115	202	25	0	1	0	2	0	56	118	0	3	0	0	3	0	127	63	0	2	0	0	1	0	59	18	0	1	0	
0	0	1	3	0	0	0	0	0	0	2	0	51	46	0	1	1	0	6	132	196	223	12	0	1	0	160	151	175	206	0	0	0	24	227	195	230	149	0	4	0	0	29	12	157	73	0	3	0	1	0	16	186	13	0	1	0	0	0	13	67	0	0	0	
0	0	2	1	0	1	2	0	0	2	0	6	35	13	0	0	2	0	61	155	117	170	70	0	0	56	147	26	0	83	202	0	0	133	18	0	0	45	134	0	0	134	56	19	51	119	36	0	0	35	120	125	97	26	0	1	0	0	0	0	0	1	2	0	
0	0	0	0	0	0	0	0	0	1	0	33	191	120	0	3	0	3	0	80	255	134	0	4	1	0	41	159	255	75	0	3	2	0	122	84	193	130	0	4	3	0	121	77	205	55	0	2	3	0	125	223	104	0	1	0	0	0	0	0	0	0	0	0	
0	0	0	0	1	0	0	0	21	82	66	80	18	0	1	0	23	103	49	104	159	0	1	0	0	1	0	42	147	0	2	0	1	5	0	39	177	92	0	1	0	0	1	0	3	182	39	0	0	1	0	31	138	149	3	0	0	2	0	43	111	9	0	1	
0	0	0	0	0	0	0	0	0	1	0	94	208	98	0	3	0	2	0	107	253	111	0	4	2	0	24	180	255	68	0	3	0	5	82	81	218	147	0	4	0	40	200	61	231	66	0	3	0	3	157	207	78	0	2	0	0	0	0	0	0	1	0	0	
0	0	0	0	0	0	0	0	1	0	15	111	107	20	0	1	1	0	36	129	13	7	0	0	2	0	54	180	90	2	0	0	1	0	22	42	108	93	0	2	0	0	1	0	24	138	0	2	2	0	52	121	122	59	0	2	0	0	6	47	20	0	1	0	
0	0	2	2	0	0	0	0	0	1	0	3	56	30	13	0	1	0	23	193	226	252	91	0	0	7	204	121	120	255	27	0	0	101	255	136	240	207	0	0	0	50	196	136	181	152	0	4	0	0	2	0	200	92	0	3	0	1	4	0	75	22	0	1	
0	0	0	5	4	2	3	0	1	0	17	118	7	0	0	0	3	0	126	177	122	160	93	0	0	11	173	32	34	31	167	35	0	50	151	0	0	29	153	3	0	13	193	55	23	185	68	0	2	0	65	160	179	90	0	2	0	0	0	1	2	0	1	0	
0	0	0	1	1	0	0	0	0	0	2	0	88	79	0	2	0	1	0	0	221	102	0	4	0	3	0	80	247	27	0	2	0	3	0	154	163	0	3	0	1	0	11	225	62	0	2	0	4	0	115	183	0	1	0	0	1	0	28	18	0	0	0	0	
0	0	0	0	1	0	0	0	2	54	30	25	4	0	0	0	0	103	158	176	152	0	0	0	0	1	0	13	199	23	0	1	0	4	0	15	183	16	0	1	0	1	0	19	174	3	0	0	0	0	2	0	172	135	0	3	0	0	2	0	47	61	0	2	
0	0	0	1	0	1	1	0	0	0	0	10	35	0	1	0	0	3	0	100	219	167	147	37	2	0	35	225	187	81	17	3	1	0	109	124	116	129	0	4	0	38	215	176	190	71	0	3	0	0	26	78	42	0	1	0	0	0	0	0	0	1	0	0	
0	0	3	0	0	0	0	0	0	2	0	47	50	2	0	0	2	0	121	217	222	77	0	3	0	68	232	46	223	176	0	2	0	79	241	191	146	224	24	0	0	0	71	45	1	228	60	0	0	0	0	0	4	206	41	0	0	0	3	1	4	59	3	0	
0	0	1	0	31	7	0	0	0	1	0	111	241	35	0	3	4	0	133	255	243	33	0	2	2	0	90	231	183	0	58	74	2	0	34	255	129	0	194	80	0	24	225	174	232	246	142	0	0	38	109	0	42	50	0	1	0	0	0	3	0	0	2	1	
0	0	0	0	0	0	0	0	0	42	9	0	7	30	0	1	17	122	0	0	9	104	0	1	4	119	77	45	18	131	28	0	0	13	59	73	68	134	38	0	0	1	0	3	0	78	69	0	0	1	2	5	0	82	75	0	0	0	0	1	0	14	13	0	
0	0	0	0	0	0	0	0	0	1	0	109	179	207	29	0	0	1	0	114	227	206	8	0	0	0	12	141	255	127	0	3	0	4	129	110	97	209	0	0	0	13	244	94	155	171	0	3	2	0	88	219	160	19	0	1	0	0	0	0	0	1	0	0	
0	0	1	1	0	0	0	0	0	1	0	41	54	0	0	0	2	0	48	104	144	63	0	2	3	0	107	34	114	43	0	2	1	0	33	93	159	6	0	0	0	0	1	0	131	19	0	1	0	0	4	0	113	57	0	2	0	0	1	0	33	45	0	2	
0	0	0	1	0	0	0	0	0	0	0	0	123	65	0	2	0	2	0	54	255	110	0	4	0	3	0	150	255	50	0	3	0	2	0	179	228	14	0	1	0	1	0	207	128	0	4	0	1	0	17	220	52	0	2	0	0	0	6	30	0	0	0	0	
0	0	1	1	0	2	2	0	0	1	0	20	0	29	79	0	1	0	28	113	0	123	57	0	1	0	109	23	43	117	0	2	0	38	148	69	181	33	0	1	0	4	54	73	147	0	1	0	0	1	0	38	99	0	2	0	0	0	3	2	1	0	0	0	
0	0	0	10	27	0	1	0	0	3	0	134	143	0	7	0	3	0	81	241	34	0	2	0	1	0	194	183	25	130	136	13	2	0	170	93	168	220	196	3	0	10	207	203	248	162	22	0	1	0	95	152	62	0	1	1	0	0	0	0	0	2	2	0	
0	0	2	1	1	0	1	0	0	0	0	120	22	0	1	0	3	0	116	144	0	5	13	0	0	38	172	6	0	115	131	0	0	90	174	76	138	212	86	0	0	11	98	109	15	157	72	0	0	0	0	3	0	111	109	0	0	1	4	4	1	0	4	0	
0	0	1	3	0	0	0	0	0	2	2	0	19	54	0	0	0	0	0	140	255	219	7	0	0	34	213	236	177	208	0	1	0	46	141	38	175	171	0	5	0	1	0	28	219	36	0	2	0	5	0	123	170	0	3	0	0	2	0	59	39	0	1	0	
0	0	2	1	0	1	0	0	1	0	16	167	60	0	3	0	3	0	75	230	178	23	0	1	3	0	173	84	13	74	18	0	0	4	186	33	0	146	97	0	3	0	141	75	48	240	47	0	1	0	22	150	206	98	0	1	0	0	1	2	2	0	1	0	
0	0	0	0	0	0	0	0	0	0	0	72	174	174	0	0	1	0	18	171	255	152	0	3	7	0	51	183	234	110	0	4	2	0	69	112	89	163	0	4	0	131	127	0	187	113	0	4	0	61	187	195	129	0	0	0	0	0	0	4	0	1	0	0	
0	0	0	0	0	0	0	0	0	0	0	0	135	31	0	1	0	1	0	15	222	36	0	2	0	3	0	91	219	0	0	1	0	4	0	144	164	0	4	0	0	4	0	147	160	0	4	0	0	3	0	111	121	0	3	0	0	0	0	0	0	0	0	0	
0	0	1	3	1	0	0	0	0	1	1	0	3	6	0	0	1	0	14	162	222	128	0	4	0	19	223	191	201	129	0	4	0	24	76	15	228	60	0	3	0	3	0	86	207	0	0	1	0	4	0	162	112	0	3	0	0	0	0	131	27	0	1	0	
0	0	0	2	8	1	0	0	0	0	0	103	143	34	0	2	3	0	72	156	18	128	0	0	4	0	106	88	0	98	50	0	4	0	106	126	0	64	87	0	2	0	45	187	0	102	84	0	0	1	0	82	158	84	0	1	0	0	1	0	8	2	0	0	
0	0	0	0	0	0	0	0	0	1	0	49	163	104	0	2	2	0	25	235	131	76	0	1	1	0	16	223	230	100	0	3	2	0	65	161	202	140	0	4	3	0	171	50	154	149	0	4	2	0	58	166	156	10	0	1	0	0	0	1	0	1	0	0	
0	0	1	2	0	0	0	0	0	1	0	9	117	89	0	0	1	0	19	151	116	145	10	0	3	0	87	192	62	34	0	1	0	3	0	148	224	62	0	3	2	0	50	120	93	123	0	4	3	0	85	128	136	17	0	1	0	0	5	33	12	0	0	0	
0	0	1	1	1	1	0	0	0	0	1	1	1	19	3	0	1	0	24	8	50	146	0	2	1	0	187	98	156	117	9	13	0	51	224	204	236	194	146	36	0	6	0	126	100	0	4	0	0	2	0	71	23	0	2	1	0	0	1	0	1	0	0	0	
0	0	3	1	0	0	0	0	0	1	0	15	57	90	95	40	1	0	90	137	151	91	29	5	0	20	200	22	0	1	0	0	2	0	70	135	81	23	0	0	0	12	67	37	138	221	28	0	0	3	111	115	84	47	0	0	0	0	0	0	0	0	0	0	
0	0	1	2	0	0	0	0	0	0	1	5	60	182	114	0	1	0	15	205	212	121	187	0	4	0	132	250	4	118	175	0	0	15	243	113	36	243	71	0	0	74	255	177	245	117	0	2	0	39	198	148	39	0	2	0	0	0	0	0	0	3	0	0	
0	0	0	3	27	0	0	0	0	2	0	132	124	0	40	0	2	0	65	172	0	45	112	0	4	0	148	74	0	72	127	0	0	2	160	22	0	136	85	0	1	0	176	88	112	172	0	0	2	0	61	155	110	14	0	1	0	0	0	0	0	1	1	0	
0	1	3	0	0	0	0	0	0	1	0	37	112	20	0	2	0	11	162	234	244	30	0	2	0	36	97	178	122	0	21	39	3	0	65	255	64	0	135	104	0	48	229	147	234	204	179	0	0	39	72	0	61	94	14	0	0	0	0	3	0	0	1	1	
0	0	0	2	1	0	0	0	0	0	2	0	110	43	0	2	0	1	0	57	210	17	0	1	0	0	0	131	172	0	2	0	0	1	0	37	112	0	3	0	0	1	0	103	177	42	0	2	1	0	8	147	105	5	0	1	0	0	0	0	0	0	0	0	
0	0	1	1	1	1	0	0	0	0	1	2	0	118	40	0	1	0	26	147	39	190	6	0	4	0	129	119	115	119	0	4	0	26	237	199	235	194	14	0	0	46	111	110	180	44	12	0	0	2	0	66	102	0	3	0	0	1	4	1	1	3	0	0	
0	0	1	1	0	3	0	0	0	2	0	42	150	142	62	0	1	0	8	191	149	18	148	3	3	0	127	85	0	28	149	0	0	33	151	0	0	142	74	0	0	103	113	5	153	123	0	2	0	27	143	163	87	0	2	0	0	0	7	4	0	2	0	0	
0	0	1	0	0	0	0	0	0	2	0	60	198	154	0	1	1	0	4	220	156	188	21	0	4	0	91	212	29	203	13	0	3	0	174	89	105	176	0	3	0	7	211	152	219	42	0	2	0	0	160	204	55	0	2	0	0	0	0	0	1	1	0	0	
0	0	1	1	0	0	0	0	0	1	0	22	149	114	3	0	0	1	0	183	127	133	76	0	3	0	77	170	0	73	81	0	2	0	191	87	0	111	58	0	0	7	195	19	66	142	0	1	2	0	87	157	158	23	0	1	0	0	0	43	12	0	1	0	
0	0	0	3	1	2	0	0	0	1	2	1	5	0	0	0	0	2	0	112	234	114	0	2	0	14	161	168	99	180	0	1	0	35	94	0	89	132	0	4	0	0	3	0	160	63	0	2	0	2	0	30	175	1	0	0	0	1	0	38	95	0	2	0	
0	0	2	1	0	1	0	0	0	1	0	30	62	2	1	0	2	0	47	133	85	149	6	0	4	0	105	110	167	103	0	3	1	0	12	101	182	20	0	1	0	2	0	51	146	0	3	0	0	3	0	126	85	0	3	0	0	1	0	53	16	0	0	0	
0	0	1	1	0	0	0	0	0	1	0	20	106	115	30	0	2	0	55	191	118	226	112	0	3	0	76	184	131	103	0	1	1	0	2	223	210	0	1	1	3	0	139	113	170	79	0	3	3	0	137	184	182	38	0	2	0	0	3	59	27	0	1	0	
0	0	1	0	1	0	0	0	0	0	5	59	5	78	2	0	2	0	61	92	54	157	0	3	2	0	123	20	167	94	0	3	0	13	116	74	210	28	0	2	0	0	116	109	137	9	0	0	0	1	0	26	141	0	1	0	0	0	1	8	20	0	0	0	
0	0	0	1	0	0	0	0	0	1	0	18	189	171	0	0	0	2	0	181	151	177	55	0	3	0	83	220	0	193	62	0	1	0	196	81	39	224	12	0	0	31	230	110	226	112	0	3	0	13	185	224	105	0	2	0	0	0	0	0	0	2	0	0	
0	0	0	1	3	63	7	0	0	0	2	0	148	143	0	1	0	2	0	133	138	0	2	0	3	0	80	145	14	86	17	0	0	0	176	129	105	156	99	0	1	0	190	238	114	122	37	0	1	0	18	63	41	6	0	0	0	0	1	0	0	1	2	0	
0	0	0	2	1	0	0	0	0	0	2	0	2	7	0	0	0	2	0	119	236	166	0	2	3	0	121	237	175	168	0	3	2	0	107	36	150	102	0	4	0	1	0	22	204	21	0	1	0	3	0	113	163	0	3	0	0	3	0	103	76	0	2	0	
0	0	0	4	9	0	0	0	1	0	27	141	155	40	0	2	2	0	92	27	113	69	0	2	1	0	12	160	142	0	2	0	1	0	10	83	118	115	4	0	0	0	24	3	0	165	61	0	2	0	80	134	126	89	0	0	0	0	0	11	4	0	0	0	
0	0	1	0	0	0	0	0	0	2	0	96	217	71	0	2	2	0	44	234	145	218	15	0	4	0	154	156	0	223	53	0	0	18	226	40	19	231	31	0	0	56	238	96	205	167	0	2	0	18	179	222	140	9	0	1	0	0	0	0	0	1	0	0	
0	0	0	0	0	0	0	0	2	0	88	134	28	0	1	0	0	0	18	92	182	0	0	0	0	1	0	172	139	0	2	0	0	2	0	94	157	0	2	0	0	0	7	0	153	48	0	2	1	0	12	134	170	21	0	1	0	1	0	21	24	0	1	0	
0	0	0	17	13	0	0	0	0	2	0	164	75	0	3	0	1	0	14	187	24	13	0	0	3	0	77	167	137	210	25	0	4	0	130	217	113	191	26	0	4	0	164	253	194	98	0	3	2	0	44	121	42	0	1	0	0	0	0	0	0	2	0	0	
0	0	0	2	6	0	0	0	0	2	0	65	145	35	0	2	0	2	2	2	37	131	0	1	0	0	0	13	17	139	19	0	0	35	93	83	162	186	84	11	0	111	107	88	112	12	4	4	0	8	56	51	3	1	1	0	0	0	0	0	2	1	0	0	
0	0	2	1	0	0	0	0	0	2	0	33	156	77	22	0	3	0	65	242	146	205	173	0	0	27	229	58	62	255	118	0	0	161	139	93	234	247	72	0	0	144	243	177	58	218	33	0	0	9	36	0	58	181	0	1	0	1	0	1	9	14	0	0	
0	0	0	1	0	0	0	0	0	0	0	9	42	41	47	41	0	1	0	153	146	96	80	40	0	3	0	134	59	0	2	0	0	7	9	35	153	3	2	2	0	27	110	21	166	22	0	1	1	0	95	136	48	0	1	0	0	0	0	0	0	0	0	0	
0	0	0	0	0	0	0	0	0	0	1	11	119	192	7	0	0	3	0	146	255	135	0	3	1	0	19	193	255	93	0	4	0	0	175	114	104	191	0	3	0	26	217	77	215	99	0	3	2	0	125	235	95	0	2	0	0	0	0	0	0	2	0	0	
0	0	0	1	1	0	0	0	1	0	37	22	0	1	0	0	3	0	81	197	23	0	1	1	0	4	0	113	121	0	4	0	1	0	48	173	194	135	134	97	0	4	151	118	26	24	8	12	0	0	0	0	0	0	0	0	0	0	3	3	2	1	0	0	
0	0	0	0	6	21	0	0	0	1	0	3	158	210	4	0	0	4	0	159	232	229	16	0	0	0	3	18	163	138	0	4	0	28	170	212	232	23	0	1	0	157	255	209	214	164	0	2	0	86	130	6	25	84	0	1	0	0	0	1	1	0	0	0	
0	0	0	0	0	0	0	0	0	36	93	115	96	9	0	1	0	76	63	66	207	33	0	2	1	0	24	141	179	60	0	2	0	1	4	0	17	147	6	0	0	1	23	3	0	150	33	0	1	0	106	151	144	145	0	0	0	0	0	40	60	7	0	0	
0	0	1	2	0	0	0	0	0	0	0	1	1	86	10	0	1	0	22	38	53	162	0	2	4	0	114	150	150	131	13	0	0	7	206	206	203	149	82	0	0	22	57	86	126	0	4	0	0	3	0	107	78	0	5	0	0	1	1	12	7	0	0	0	
0	0	0	0	13	8	0	0	0	2	0	95	138	88	0	0	0	0	7	145	9	2	1	0	0	0	6	124	3	0	0	0	0	2	0	134	120	6	0	1	0	1	0	16	163	95	0	4	2	0	41	128	115	21	0	1	0	0	4	5	0	0	0	0	
0	0	0	0	0	4	0	0	0	1	0	55	159	160	85	0	2	0	54	213	56	177	157	0	2	0	40	193	167	130	0	1	1	0	0	204	241	19	0	2	2	0	165	147	201	109	0	4	1	0	158	192	138	13	0	1	0	0	0	4	0	0	0	0	
0	0	1	1	0	0	0	0	0	0	2	125	163	48	0	2	3	0	99	110	121	100	0	3	3	0	121	128	210	143	0	1	2	0	39	195	29	122	56	0	4	0	119	78	9	172	16	0	2	0	55	155	154	51	0	2	0	0	0	3	2	0	1	0	
0	1	0	25	15	0	2	0	0	3	0	176	101	0	3	0	1	0	11	215	46	59	41	0	4	0	102	188	123	236	136	0	1	0	178	195	197	203	61	0	0	4	213	255	234	99	0	2	1	0	39	130	57	0	3	0	0	0	0	0	1	3	0	0	
0	0	0	0	1	0	0	0	0	0	2	0	59	119	0	1	0	0	2	0	178	127	0	3	0	1	0	21	229	35	0	2	0	3	0	114	179	0	2	0	0	0	0	195	76	0	3	0	2	0	60	177	0	1	0	0	1	0	13	19	0	1	0	0	
0	0	1	1	0	1	1	0	0	2	0	84	180	26	0	1	2	0	28	225	219	231	41	0	4	0	134	189	0	173	114	0	1	0	200	84	0	217	63	0	0	0	216	148	198	187	0	0	2	0	126	227	148	12	0	1	0	0	0	0	0	2	1	0	
0	0	0	0	0	0	0	0	0	0	11	15	15	12	0	0	0	15	216	249	248	214	15	0	1	0	205	209	168	255	22	0	1	0	33	11	155	213	0	1	0	2	0	43	243	86	0	3	0	3	0	133	224	3	0	1	0	2	0	119	99	0	3	0	
0	0	2	1	1	1	0	0	0	1	0	33	16	0	32	22	2	0	40	203	187	183	202	57	0	10	230	214	216	150	8	0	0	9	76	81	65	220	56	0	0	71	149	70	152	192	15	0	0	13	145	200	131	16	0	1	0	0	0	0	0	1	1	0	
0	0	0	2	4	0	0	0	1	0	21	150	156	20	0	1	0	0	15	14	102	91	0	3	0	0	3	0	153	64	0	2	0	2	0	92	123	0	2	0	2	0	74	153	70	103	0	2	3	0	118	150	122	25	0	1	0	0	0	5	0	0	0	0	
0	0	2	3	0	0	0	0	0	0	1	0	29	48	0	1	2	0	55	189	244	149	0	4	3	0	141	152	194	83	0	3	0	1	0	24	198	17	0	1	0	4	0	114	158	0	3	0	0	1	0	189	67	0	2	0	0	0	4	77	6	0	0	0	
0	0	0	0	2	0	0	0	27	53	21	3	0	0	0	0	20	77	109	103	95	9	0	1	0	1	0	12	129	13	0	1	1	5	0	119	107	0	1	0	0	1	0	29	77	107	8	0	0	0	0	3	0	88	59	0	0	0	0	2	0	49	12	0	
0	0	2	1	0	0	2	3	0	2	0	37	139	156	173	51	2	0	59	195	131	101	37	0	0	9	227	222	129	24	0	1	0	12	89	83	153	220	5	0	0	66	182	31	136	217	4	0	0	11	168	221	172	38	0	2	0	0	0	0	0	1	0	0	
0	1	0	0	0	1	1	0	0	11	110	146	129	22	0	1	0	177	195	54	114	223	101	0	0	110	179	173	229	157	0	1	1	0	23	180	92	173	66	0	3	0	78	184	0	87	151	0	1	0	3	148	193	209	76	0	0	0	0	0	45	41	0	1	
0	0	0	0	0	0	0	0	0	0	2	0	68	91	0	2	0	0	3	0	176	153	0	4	0	1	0	19	232	65	0	3	0	3	0	105	210	0	0	1	1	0	0	215	112	0	3	0	2	0	49	222	18	0	1	0	0	0	7	25	0	0	0	0	
0	0	0	0	0	0	0	0	0	0	0	13	79	0	1	0	0	1	0	23	137	0	1	0	0	1	0	36	131	0	3	0	0	1	0	42	110	0	3	0	0	3	0	82	134	0	4	0	0	2	0	52	87	0	3	0	0	0	0	0	0	0	0	0	
0	0	0	1	0	0	0	0	0	0	1	3	92	140	10	0	0	1	0	188	219	203	100	0	3	0	78	255	20	155	112	0	3	0	192	152	28	234	31	0	0	9	236	182	226	121	0	3	1	0	179	214	104	0	2	0	0	0	18	5	0	2	0	0	
0	1	3	0	1	2	0	0	0	0	0	24	23	0	1	0	0	10	101	105	129	47	0	2	0	89	212	71	115	200	6	0	0	4	54	95	66	106	46	0	0	0	0	1	0	142	46	0	0	1	3	0	125	91	0	2	0	2	0	39	95	0	1	0	
0	0	2	0	0	0	0	0	0	1	0	53	154	113	5	1	3	0	110	222	133	226	164	0	3	0	177	165	113	205	32	0	2	0	48	255	235	25	0	2	3	0	126	223	239	45	0	2	3	0	174	250	160	9	0	1	1	0	18	43	2	0	0	0	
0	0	1	0	0	0	0	0	0	0	0	37	100	119	12	0	3	0	64	180	93	73	8	0	3	0	131	65	0	2	0	0	3	0	115	138	83	23	0	1	0	0	7	67	116	140	0	3	0	1	0	34	153	73	0	3	0	1	0	27	44	0	1	0	
0	0	0	0	1	0	0	0	0	0	1	0	38	115	0	0	0	0	3	0	159	186	0	2	0	1	0	30	236	58	0	3	0	3	0	153	186	0	2	0	1	0	15	234	68	0	3	0	3	0	64	184	0	0	0	0	0	0	10	13	0	0	0	0	
0	0	0	0	1	0	0	0	0	0	0	0	15	50	0	1	0	0	3	0	102	115	0	4	0	0	0	3	157	24	0	1	0	3	0	80	140	0	3	0	0	2	0	150	57	0	2	0	1	0	24	120	0	1	0	0	0	0	7	12	0	0	0	0	
0	0	0	6	72	3	0	0	0	3	0	76	187	0	2	0	0	1	0	185	72	0	3	0	3	0	79	169	61	157	29	0	4	0	152	186	163	215	82	0	3	0	144	255	210	151	3	0	0	0	8	65	67	10	0	1	0	0	1	0	0	2	1	0	
0	0	1	0	1	4	0	0	0	0	0	62	101	51	0	2	2	0	65	106	12	1	0	0	3	0	132	108	50	2	0	0	1	0	13	55	113	79	0	3	0	0	1	0	20	97	0	2	1	0	13	69	110	64	0	2	0	0	0	9	15	0	0	0	
0	0	1	3	0	0	0	0	0	2	2	0	5	9	0	0	0	0	0	132	247	198	6	0	0	46	219	224	132	208	5	0	0	99	146	0	88	187	0	2	0	0	4	0	155	123	0	4	0	3	0	18	213	36	0	2	0	1	0	33	134	0	1	0	
0	0	2	0	0	2	0	0	0	0	1	65	64	2	0	0	3	0	117	168	141	87	0	3	0	19	176	0	41	207	7	0	1	0	139	115	175	192	0	1	1	0	12	59	99	119	0	3	0	0	5	0	143	77	0	3	0	0	2	0	71	28	0	1	
0	0	2	1	3	1	0	0	0	1	0	15	181	50	0	2	2	0	41	217	253	34	0	2	2	0	25	174	174	0	2	0	0	7	115	251	139	0	16	8	0	128	255	122	214	221	175	20	0	28	25	0	16	81	34	0	0	0	0	4	1	0	0	0	
0	0	0	0	0	0	0	0	0	6	17	42	61	12	0	1	0	51	246	216	253	108	0	4	0	3	37	0	180	82	0	3	1	0	17	83	236	196	28	0	3	0	62	255	209	37	0	1	0	4	0	154	170	0	4	0	0	1	0	39	40	0	1	0	
0	0	2	2	0	0	0	0	0	1	0	1	67	48	0	1	1	0	26	184	186	204	11	0	1	0	182	109	109	204	0	0	0	17	216	175	254	121	0	4	1	0	57	67	189	50	0	2	0	3	0	70	182	0	2	0	0	1	0	39	53	0	2	0	
0	0	0	0	1	0	0	0	0	0	1	0	40	42	0	2	0	0	3	0	128	49	0	2	0	1	0	21	131	0	1	0	0	3	0	79	109	0	3	0	0	3	0	116	54	0	2	0	0	0	0	119	12	0	0	0	0	0	2	14	0	0	0	0	
0	0	2	1	0	2	0	0	0	2	0	32	35	0	1	0	2	0	31	230	245	97	0	3	0	19	222	153	145	168	0	4	0	38	100	0	161	99	0	4	0	1	0	15	206	29	0	1	0	4	0	84	181	0	2	0	0	1	0	46	55	0	1	0	
0	0	1	1	0	0	0	0	0	1	0	27	67	10	0	1	1	0	34	104	82	80	0	3	3	0	95	67	96	52	0	2	1	0	24	80	151	20	0	1	0	0	1	0	129	14	0	1	0	0	1	0	140	15	0	1	0	0	1	0	53	11	0	0	
0	0	3	1	0	0	0	0	0	2	0	13	78	44	7	0	2	0	85	200	189	255	78	0	0	71	213	54	158	245	22	0	0	124	220	180	246	180	0	2	0	14	122	43	158	128	0	4	0	1	0	1	208	57	0	2	0	1	3	7	76	9	0	0	
0	0	0	0	0	0	0	0	0	1	0	14	112	0	0	0	0	1	0	30	152	0	1	0	0	2	0	63	125	0	3	0	0	3	0	106	96	0	3	0	0	3	0	131	67	0	2	0	0	0	3	124	12	0	1	0	0	0	0	1	0	0	0	0	
0	0	0	4	1	0	0	0	0	0	1	0	0	17	46	42	1	0	5	125	189	187	165	85	3	0	125	181	41	4	0	0	0	4	199	163	159	52	0	5	2	0	142	132	183	109	0	4	2	0	79	179	111	2	0	0	0	0	0	0	0	0	0	0	
2	0	67	169	54	0	2	0	0	0	14	59	164	2	0	0	0	0	2	0	153	29	0	1	0	2	0	56	180	0	1	1	1	0	32	182	54	0	2	0	0	36	217	215	160	175	175	52	0	7	15	19	31	28	28	7	0	0	0	0	0	0	0	0	
0	0	0	1	1	2	0	0	0	2	0	64	132	0	3	0	0	2	0	167	103	12	0	1	2	0	36	192	162	195	0	0	3	0	65	253	225	156	0	2	3	0	51	249	143	14	0	1	2	0	44	96	0	3	0	0	0	0	0	0	3	1	0	0	
0	0	1	0	21	27	0	1	0	0	2	0	189	154	0	4	0	3	0	96	236	26	0	2	1	0	1	220	134	0	3	0	3	0	65	255	250	150	0	3	2	0	34	232	255	131	0	3	0	1	0	52	95	0	0	0	0	0	1	1	0	2	0	0	
0	0	1	2	3	3	1	0	0	0	0	7	2	0	6	8	1	0	30	138	132	167	154	41	4	0	144	199	75	48	20	0	0	1	94	116	186	27	0	2	0	39	233	138	189	42	0	2	1	0	54	129	50	0	1	0	0	0	0	0	0	0	0	0	
0	0	0	0	0	0	0	0	0	1	0	66	156	100	6	0	0	2	0	183	158	141	25	0	0	3	0	83	230	72	0	2	1	0	13	193	194	32	0	2	4	0	135	183	181	61	0	2	3	0	146	238	110	0	2	0	0	0	12	27	0	1	0	0	
0	0	0	0	28	6	0	0	0	1	0	108	244	51	0	3	3	0	71	232	244	42	0	3	0	2	0	116	191	0	1	0	2	0	26	240	79	0	46	28	0	11	205	249	215	173	214	33	0	30	118	16	125	161	42	0	0	0	0	0	0	0	0	1	
0	0	0	0	11	30	0	1	0	0	2	0	144	82	0	2	0	3	0	87	120	0	2	0	1	0	22	181	65	35	0	0	4	0	113	170	92	155	2	0	3	0	131	97	115	63	0	2	2	0	36	129	52	0	1	0	0	0	0	0	0	1	0	0	
0	0	1	0	21	8	0	0	0	2	0	44	162	0	0	0	0	2	0	161	84	21	5	0	1	0	36	172	101	218	66	0	3	0	77	225	174	179	46	0	3	0	62	255	184	60	0	2	0	0	10	75	0	1	1	0	0	0	0	0	2	3	0	0	
0	1	1	0	0	0	1	0	2	0	56	110	97	124	24	0	0	17	223	202	78	153	168	0	0	58	159	0	0	77	206	0	0	93	136	0	0	99	179	0	0	72	184	0	17	205	68	0	1	0	149	163	177	108	0	2	0	0	2	59	41	0	2	0	
0	0	0	0	0	0	0	0	0	0	2	0	87	54	0	2	0	1	1	0	217	92	0	4	0	2	0	33	232	33	0	2	0	3	0	112	201	0	2	0	0	3	0	176	131	0	4	0	1	0	10	203	41	0	2	0	0	0	5	30	0	0	0	0	
0	1	0	60	37	0	1	0	0	3	0	152	58	0	2	0	1	0	24	198	14	0	2	0	3	0	74	173	95	53	0	2	4	0	88	251	106	174	50	0	2	0	33	230	86	173	60	0	0	1	0	35	97	39	0	1	0	0	0	0	0	0	1	0	
0	0	1	3	0	0	0	0	0	1	3	0	43	43	0	1	1	0	0	138	236	179	0	3	0	21	204	159	110	161	0	4	0	61	117	0	164	95	0	4	0	1	0	10	194	28	0	1	0	4	0	65	193	0	1	0	0	1	0	33	60	0	1	0	
0	0	0	0	0	0	0	0	0	0	0	107	89	5	0	0	0	1	0	23	184	75	0	3	1	0	14	146	88	1	0	0	1	0	10	151	82	0	2	0	0	0	1	0	167	68	0	3	1	0	13	120	148	18	0	1	1	0	18	57	7	0	0	0	
0	0	1	1	0	0	2	3	0	2	0	40	193	206	196	62	1	0	9	193	97	42	34	3	4	0	144	190	38	9	0	0	2	0	136	175	190	214	28	0	0	58	223	119	154	233	28	0	0	5	130	199	165	45	0	2	0	0	0	0	0	0	1	0	
0	0	2	1	0	1	2	0	0	2	0	15	144	118	0	2	2	0	55	203	159	193	68	0	0	10	213	114	0	26	143	2	0	99	116	0	7	0	139	16	0	127	105	0	0	104	127	0	0	34	182	139	149	126	7	0	1	0	11	46	23	0	2	0	
0	0	2	1	0	0	3	1	0	2	0	37	178	213	149	0	2	0	63	211	141	44	20	0	1	0	203	230	113	16	0	1	0	3	70	84	185	184	0	2	0	86	210	81	151	194	0	1	0	21	195	232	155	20	0	1	0	0	0	0	0	0	0	0	
0	0	0	3	0	35	33	0	0	0	2	0	104	167	104	6	0	3	0	123	175	4	2	2	2	0	53	178	2	0	2	0	3	0	168	170	157	96	0	2	2	0	193	236	152	159	0	3	1	0	35	125	115	21	0	1	0	0	0	0	0	0	0	0	
0	0	1	3	0	0	0	0	0	3	1	0	56	53	0	1	1	0	10	151	255	190	0	2	0	76	235	154	129	184	0	3	3	170	91	0	179	113	0	4	0	1	0	27	217	29	0	2	0	5	0	122	186	0	2	0	0	2	0	65	57	0	2	0	
0	0	1	0	0	0	0	0	0	1	0	86	104	12	0	1	4	0	101	137	130	68	0	3	2	0	43	168	130	0	2	0	0	4	0	127	175	4	0	1	0	2	0	98	116	76	0	3	0	3	0	64	183	67	0	3	0	0	0	3	42	3	0	0	
0	0	0	0	0	0	0	0	0	2	0	45	196	140	0	3	0	3	0	64	240	139	0	4	2	0	38	198	245	55	0	3	0	0	43	35	154	155	0	4	0	87	223	79	218	77	0	3	0	28	191	206	65	0	2	0	0	0	0	0	0	1	0	0	
0	1	1	0	0	2	0	0	2	0	47	185	49	0	1	0	0	25	136	51	105	122	0	1	0	109	62	0	0	145	89	0	1	112	8	4	0	48	154	0	0	118	43	0	0	49	122	0	0	21	122	105	87	108	23	0	0	0	2	15	11	1	0	0	
0	0	2	1	0	0	0	0	0	1	0	12	70	101	140	61	2	0	52	184	178	162	103	22	0	0	209	140	34	1	0	0	0	0	126	166	196	183	9	0	0	38	219	145	143	232	20	0	0	6	76	159	147	40	0	1	0	0	0	0	0	0	0	0	
0	0	0	0	0	0	0	0	0	0	0	0	147	43	0	2	0	1	0	30	221	28	0	2	0	3	0	103	181	0	3	0	0	4	0	139	162	0	3	0	0	4	0	172	133	0	4	0	0	3	0	103	111	0	3	0	0	0	0	0	0	0	0	0	
0	0	0	1	0	0	0	0	0	0	0	3	128	155	26	0	0	3	0	141	226	206	132	0	3	0	59	250	22	143	143	0	2	0	187	131	10	239	62	0	0	25	246	150	231	153	0	2	0	21	225	214	103	0	1	0	0	0	27	3	0	2	0	0	
0	0	0	0	0	0	0	0	0	11	119	134	55	0	1	0	0	8	76	69	225	46	0	2	0	2	0	84	233	17	0	1	0	0	4	135	136	120	7	0	0	0	0	0	103	190	1	0	0	21	151	189	161	18	0	1	0	4	46	13	0	1	0	0	
0	0	0	0	1	0	0	0	0	0	2	0	59	91	0	2	0	0	1	0	197	125	0	4	0	2	0	61	229	15	0	1	0	4	0	151	165	0	3	0	1	0	3	211	62	0	2	0	2	0	41	199	4	0	1	0	0	0	6	24	0	0	0	0	
0	0	2	1	0	0	0	0	0	2	0	60	127	144	120	9	2	0	45	101	49	70	44	0	2	0	193	185	0	0	1	0	1	0	49	144	192	71	0	2	0	13	5	0	102	161	0	4	0	56	142	157	182	47	0	2	0	0	44	51	7	0	0	0	
0	0	0	0	0	0	0	0	0	0	1	0	92	52	0	2	0	1	0	16	249	99	0	4	0	3	0	72	239	17	0	1	0	2	0	181	161	0	3	0	2	0	53	238	35	0	2	0	4	0	137	152	0	3	0	0	1	0	16	10	0	0	0	0	
0	0	0	0	0	1	0	0	0	0	0	105	121	8	0	1	1	0	12	87	186	143	0	3	0	0	2	0	54	164	0	3	2	0	40	185	227	157	0	2	4	0	113	186	189	113	15	0	4	0	107	167	3	0	1	0	0	0	4	3	1	4	0	0	
0	0	0	0	0	0	0	0	0	2	0	48	211	120	0	3	0	2	0	52	245	95	0	3	2	0	38	193	222	67	0	3	0	0	23	2	148	113	0	4	0	63	162	77	221	28	0	2	0	23	191	184	51	0	2	0	0	0	0	0	1	1	0	0	
0	0	0	0	0	0	0	0	0	2	0	73	180	2	0	1	0	1	0	21	246	78	0	3	1	0	8	141	229	34	0	2	2	0	23	208	233	17	0	1	2	0	42	196	190	4	0	1	3	0	103	183	6	0	1	0	0	0	0	0	1	1	0	0	
0	0	1	0	1	5	0	0	0	1	0	58	170	141	6	0	3	0	71	207	58	145	47	0	3	0	79	196	161	120	0	1	1	0	4	207	248	35	0	2	4	0	137	164	203	99	0	4	3	0	113	207	117	0	0	0	0	0	0	2	0	0	0	0	
0	0	1	2	17	0	0	0	0	3	0	84	144	0	3	0	1	0	21	163	20	0	1	0	0	0	195	189	105	75	1	0	0	12	146	153	172	249	45	0	0	0	0	1	102	186	18	0	0	1	1	17	113	28	0	1	0	0	0	0	0	1	1	0	
0	0	0	0	0	0	0	0	0	0	0	0	111	29	0	1	0	1	0	14	232	46	0	2	0	3	0	74	216	0	0	1	0	4	0	148	162	0	3	0	1	0	4	213	72	0	3	0	3	0	62	194	0	0	0	0	0	0	8	17	0	0	0	0	
0	0	0	0	1	0	0	0	12	71	102	89	19	0	1	0	20	135	126	164	161	0	2	0	0	0	0	126	234	46	0	2	1	3	21	1	59	191	40	0	2	0	143	134	83	209	122	0	1	0	19	73	79	69	15	0	0	0	0	0	0	0	0	0	
0	0	0	3	1	0	2	0	0	1	2	0	11	8	0	0	0	1	0	109	210	216	81	0	0	16	185	208	67	63	186	0	0	160	119	0	4	160	98	0	0	180	121	95	200	126	0	1	0	27	139	110	31	0	2	0	0	1	0	0	0	3	0	0	
0	0	1	1	0	1	0	0	0	2	0	59	147	6	0	1	1	0	32	137	95	85	0	2	3	0	111	46	0	108	18	0	0	15	101	0	0	107	22	0	0	34	120	0	35	123	0	1	1	0	105	117	128	37	0	2	0	0	1	14	5	0	0	0	
0	0	0	0	2	0	1	0	0	0	1	0	4	154	48	0	0	0	3	0	150	186	0	1	0	3	0	81	227	19	0	1	1	0	0	215	132	0	4	0	3	0	81	248	33	0	2	0	3	0	144	126	0	3	0	0	0	0	0	0	1	0	0	0	
0	0	0	0	0	0	0	0	0	51	49	0	4	68	4	0	0	146	75	0	26	144	0	1	0	134	88	0	36	148	2	0	0	45	196	52	55	214	28	0	2	0	55	144	116	160	64	0	0	1	0	2	0	51	163	0	0	0	2	3	3	1	32	6	
0	0	0	0	0	0	0	0	0	7	128	199	216	103	0	0	0	11	92	67	87	236	44	0	0	0	1	0	12	227	51	0	0	0	10	4	151	196	3	0	0	43	229	245	255	95	0	3	0	46	210	121	138	89	0	2	0	0	0	0	0	0	0	0	
0	0	0	0	1	6	0	0	3	0	93	163	137	86	0	2	4	0	125	124	0	4	0	0	4	0	120	188	64	11	0	1	0	0	2	41	104	171	6	0	2	0	66	52	74	213	14	0	3	0	64	183	143	30	0	1	0	0	0	1	0	0	0	0	
0	0	0	0	1	0	0	0	2	0	34	159	184	71	0	2	3	0	64	158	189	130	0	4	0	3	0	113	235	138	0	2	0	0	1	0	22	213	19	0	0	115	119	19	105	203	3	0	0	48	172	203	172	40	0	2	0	0	0	1	0	1	0	0	
0	2	4	3	2	0	0	0	0	0	0	0	1	2	0	0	0	35	129	190	118	0	3	0	25	209	155	221	244	61	0	2	2	14	0	21	114	248	68	0	0	3	0	90	232	255	114	0	0	2	0	25	85	67	5	0	0	0	0	0	0	0	0	0	
0	0	2	1	0	0	0	0	0	1	1	1	0	107	20	0	2	0	55	63	31	187	0	0	0	11	213	43	111	136	0	3	0	16	184	171	223	205	101	0	0	2	0	111	183	0	3	0	0	3	0	139	65	0	3	0	0	0	0	0	1	1	0	0	
0	1	2	0	0	0	0	0	0	0	0	44	78	38	0	1	0	29	135	88	82	92	0	3	0	38	25	5	116	29	0	1	2	0	68	154	120	103	41	0	0	3	91	19	0	67	85	0	0	0	0	21	51	114	13	0	0	0	3	68	86	17	0	1	
0	0	1	1	0	0	0	0	0	0	0	10	26	24	47	8	0	0	6	35	101	156	153	19	2	0	128	191	39	0	2	0	0	1	0	35	173	8	0	1	0	73	163	141	168	0	0	0	0	13	63	66	15	0	1	0	0	0	0	0	1	0	0	0	
0	0	0	0	0	1	0	0	1	0	20	55	8	1	1	0	1	0	23	128	150	114	0	3	0	0	1	0	168	129	24	0	1	0	13	195	183	97	37	0	2	0	43	157	0	1	0	0	4	0	158	103	0	7	1	0	1	0	68	17	0	1	0	0	
0	0	2	0	74	14	0	1	0	3	0	119	145	0	3	0	3	0	108	177	0	0	0	0	0	11	212	38	39	132	41	0	0	32	216	46	148	155	164	0	2	0	149	200	125	157	69	0	0	0	3	67	85	27	0	1	0	0	1	0	0	0	2	0	
0	0	2	3	0	0	0	0	0	0	0	0	60	79	44	1	2	0	40	155	141	133	86	0	0	0	184	65	0	1	0	0	1	0	142	154	38	0	4	0	0	0	0	67	193	16	0	1	0	2	0	77	162	1	0	0	0	2	0	85	43	0	1	0	
0	0	0	0	0	2	1	0	0	2	2	7	17	2	0	0	0	68	180	156	191	156	4	0	0	4	29	8	36	187	5	0	0	0	3	0	90	162	0	4	0	1	0	7	203	67	0	2	0	3	0	148	176	0	2	0	0	1	0	144	59	0	2	0	
0	0	0	0	0	0	0	0	0	1	0	42	122	0	2	0	0	3	0	75	166	0	3	0	0	3	0	102	155	0	4	0	0	4	0	142	128	0	4	0	0	4	0	172	115	0	3	0	0	3	0	111	124	0	3	0	0	0	0	0	0	0	0	0	
0	0	0	0	0	1	0	0	0	1	0	60	140	53	0	2	4	0	101	202	69	205	18	0	2	0	50	187	152	138	2	0	0	3	0	170	233	6	0	1	1	0	27	162	175	96	0	3	1	0	16	190	201	47	0	2	0	1	0	40	35	0	1	0	
0	1	2	0	0	2	0	0	1	0	10	75	47	0	1	0	0	12	167	121	169	146	0	1	0	115	176	30	241	171	0	3	0	35	153	122	182	163	0	4	0	0	4	0	125	184	0	3	0	1	6	0	134	168	0	4	0	0	2	0	48	40	0	1	
0	0	2	2	0	0	0	0	0	1	0	12	68	23	0	1	1	0	32	112	131	142	0	3	3	0	167	119	183	101	0	4	2	0	77	129	204	24	0	1	0	2	0	57	165	0	2	0	0	4	0	136	120	0	4	0	0	2	0	66	37	0	1	0	
0	0	2	0	1	0	0	0	0	0	0	93	163	40	0	2	3	0	115	147	154	96	0	3	2	0	101	122	200	6	0	1	0	0	0	0	157	100	0	3	0	11	47	13	76	182	0	3	0	42	152	151	179	80	0	2	0	0	0	0	2	0	0	0	
0	0	0	3	1	0	1	0	0	0	2	0	18	76	21	0	0	2	0	114	210	182	154	0	1	0	145	155	37	61	161	0	0	101	132	0	27	174	46	0	0	174	84	90	166	46	0	2	0	64	165	102	10	0	2	0	0	0	0	0	2	2	0	0	
0	0	0	2	7	0	1	0	3	0	90	215	173	141	0	0	3	0	90	112	0	220	93	0	0	0	0	1	0	202	92	0	2	0	59	123	139	223	16	0	0	7	220	254	255	154	8	0	0	4	167	199	75	0	2	0	0	0	0	1	0	3	0	0	
0	0	0	0	1	1	0	0	0	0	0	2	0	46	111	7	0	0	2	0	44	217	63	0	0	2	2	2	203	95	0	3	0	3	0	161	152	0	4	0	3	0	99	207	3	0	1	0	0	4	197	53	0	2	0	0	0	6	26	0	1	0	0	0	
0	1	1	0	0	1	2	0	1	0	41	126	79	18	0	1	0	48	172	165	206	199	46	0	0	126	89	44	30	49	136	0	0	108	110	0	8	0	152	27	0	48	204	14	0	93	160	0	2	0	105	187	152	147	16	0	0	2	0	36	53	2	1	1	
0	0	0	0	0	0	0	0	0	2	0	51	162	159	18	0	0	3	0	29	28	138	117	0	0	0	0	1	0	164	56	0	0	71	150	172	206	111	0	3	18	208	200	181	172	110	0	3	0	39	56	6	5	19	0	0	0	0	0	2	3	0	0	0	
0	0	0	0	0	2	0	0	3	0	124	183	73	0	2	0	0	13	167	69	185	92	0	3	0	28	170	0	28	178	4	0	0	7	179	24	0	130	55	0	3	0	129	162	0	137	90	0	0	0	2	129	160	127	9	0	0	0	1	0	0	0	0	0	
0	0	0	0	2	4	0	0	0	0	0	108	172	178	36	0	0	0	0	110	121	196	44	0	1	5	0	54	208	116	0	4	0	0	3	0	98	149	0	4	70	143	18	51	211	62	0	3	18	145	186	166	76	0	1	0	0	0	3	1	0	1	0	0	
0	0	0	1	1	4	8	0	0	0	2	0	10	130	58	0	0	2	0	20	145	49	0	2	2	0	38	140	55	87	7	0	0	24	165	15	114	68	0	2	0	18	120	137	180	70	42	0	0	0	0	82	79	22	2	0	0	1	2	0	0	0	0	0	
0	0	1	2	0	2	1	0	0	1	1	3	1	13	114	3	1	0	11	133	10	126	108	0	0	0	154	70	52	205	11	0	0	51	233	144	220	133	24	0	0	4	13	141	177	0	3	0	0	1	0	139	56	0	3	0	0	0	2	2	0	0	0	0	
0	0	0	12	3	0	0	0	2	0	73	130	97	0	3	0	2	0	70	131	128	0	2	1	1	0	29	142	129	119	38	0	0	0	0	1	0	13	148	23	0	63	41	5	26	95	139	8	0	58	151	149	136	77	6	0	0	0	2	7	0	0	1	1	
0	0	0	1	3	2	3	0	0	0	1	1	0	0	0	0	0	1	0	10	109	121	108	13	1	0	23	201	81	22	49	4	0	21	15	68	137	0	2	0	0	95	144	112	109	0	3	0	0	0	34	38	0	0	0	0	0	0	0	0	2	0	0	0	
0	0	5	15	0	1	1	0	1	0	33	111	0	3	0	0	3	0	68	131	0	12	21	0	4	0	138	82	0	151	158	0	1	0	162	13	94	208	82	0	3	0	133	128	208	127	1	0	0	0	6	69	96	0	2	0	0	0	1	0	0	3	1	0	
0	0	0	3	0	33	23	0	0	0	4	0	81	182	24	0	0	2	0	97	182	11	0	1	3	0	72	231	98	70	1	0	1	0	201	225	112	207	80	0	0	0	217	198	70	175	43	0	2	0	35	145	120	30	0	1	0	0	0	0	0	0	1	0	
0	0	0	0	0	0	0	0	2	0	75	60	1	39	0	0	3	0	170	92	35	195	0	1	0	7	201	89	148	176	0	3	1	0	165	193	229	149	0	4	0	0	4	0	203	91	0	3	0	1	0	25	196	17	0	1	0	0	0	1	16	1	0	0	
0	0	0	0	0	0	0	0	0	5	67	62	71	55	0	0	0	2	121	145	102	188	3	0	0	0	3	0	117	122	0	3	0	2	0	32	204	18	0	1	0	3	0	158	138	0	4	0	3	0	69	216	13	0	1	0	2	0	55	61	0	2	0	0	
0	1	0	19	21	0	1	0	0	3	0	163	112	0	3	0	1	0	10	224	56	0	2	0	2	0	41	227	109	40	0	2	2	0	45	243	255	174	0	3	1	0	14	215	255	122	0	4	0	1	0	24	107	22	0	1	0	0	1	1	0	1	0	0	
0	0	1	2	0	1	0	0	0	0	0	2	9	22	89	0	1	0	20	138	139	70	186	12	3	0	73	151	73	215	78	0	2	0	44	236	180	42	0	1	0	8	155	157	111	0	6	0	0	12	182	174	36	0	1	0	1	0	38	31	0	1	0	0	
0	0	0	0	0	0	0	0	0	2	0	65	136	0	3	0	0	4	0	118	145	0	4	0	0	4	0	146	89	0	3	0	0	4	0	164	89	0	3	0	0	4	0	140	113	0	2	0	0	2	0	50	165	10	0	1	0	0	0	0	0	0	0	0	
0	0	2	1	0	0	0	0	0	0	0	9	53	63	4	0	2	0	53	131	107	163	30	0	4	0	128	128	170	122	0	4	0	0	2	58	191	18	0	1	0	4	0	132	108	0	3	0	1	0	26	189	11	0	1	0	1	0	21	76	0	1	0	0	
0	0	2	0	1	1	0	0	0	0	4	34	11	0	0	0	3	0	94	140	121	12	0	1	2	0	141	52	135	52	0	2	1	0	26	125	197	35	0	2	0	0	2	0	137	34	0	1	0	0	2	0	159	27	0	1	0	0	0	3	110	8	0	0	
0	0	0	1	4	1	1	1	0	0	2	2	0	5	6	0	0	2	0	8	117	204	175	12	2	0	54	189	120	87	185	11	0	44	178	31	9	144	53	0	0	138	159	92	170	59	0	2	0	33	141	74	1	0	2	0	0	0	0	0	2	2	0	0	
0	0	0	0	0	0	0	0	3	0	99	50	0	38	12	0	0	4	192	34	0	188	39	0	0	63	188	0	65	248	122	0	0	85	198	118	247	158	21	0	0	17	163	125	182	64	0	3	0	0	3	0	91	66	0	2	0	1	4	4	1	1	0	0	
0	0	0	0	2	1	3	0	0	0	0	3	0	79	121	0	0	0	3	0	62	196	23	0	0	2	0	15	221	66	0	3	0	2	0	143	195	0	1	0	0	1	141	236	33	0	2	0	0	32	194	40	0	2	0	0	0	0	0	1	1	0	0	0	
0	0	0	0	11	10	0	0	0	0	3	0	119	47	0	2	0	1	0	33	153	0	1	0	0	3	0	106	94	0	3	0	1	0	21	196	122	0	1	0	1	0	13	198	151	0	0	0	0	1	0	98	57	0	2	0	0	0	0	0	0	0	0	0	
0	0	0	0	0	0	0	0	0	1	0	100	168	163	31	0	0	0	0	46	34	150	134	0	0	3	3	0	15	201	45	0	0	0	0	43	175	103	0	3	2	113	206	224	228	45	0	2	20	178	107	0	66	53	0	1	0	0	0	0	0	0	0	0	
0	0	0	0	3	0	1	0	0	2	0	79	175	145	15	0	0	0	7	125	0	111	125	0	0	1	124	185	104	58	139	0	0	102	117	0	139	194	58	0	0	151	82	0	160	206	0	2	0	34	156	160	109	58	0	1	0	0	5	5	0	1	0	0	
0	0	0	0	0	0	0	0	0	4	62	148	162	110	21	0	0	107	213	145	78	201	134	0	0	10	66	108	176	187	18	0	2	0	75	150	159	191	9	0	0	55	99	0	15	220	39	0	0	39	202	185	211	152	0	2	0	0	3	55	52	1	0	0	
0	1	1	0	0	0	1	0	1	0	30	66	97	93	13	0	0	1	162	95	12	68	98	0	0	70	101	0	4	0	103	10	0	81	79	0	8	0	93	14	0	42	117	0	0	11	100	0	1	0	73	105	59	97	50	0	0	1	0	23	54	30	0	1	
0	0	3	0	0	2	0	0	0	1	1	4	0	19	78	0	2	0	96	82	0	138	79	0	0	61	196	0	69	217	69	0	0	57	195	139	226	172	48	0	0	2	0	148	155	0	3	0	1	0	18	200	33	0	3	0	0	0	11	32	0	1	0	0	
0	0	1	0	0	0	0	0	0	1	0	85	113	0	0	0	3	0	88	213	208	113	0	4	0	0	211	189	145	113	0	4	0	1	90	161	255	96	0	3	0	4	0	132	152	178	7	0	0	3	0	105	255	143	0	1	0	0	0	8	43	4	0	0	
0	0	0	1	4	4	3	0	0	0	1	1	0	0	0	0	0	1	0	21	119	105	121	39	1	0	10	204	140	54	41	0	0	12	16	61	125	0	2	0	0	40	137	95	149	0	2	0	1	0	31	75	19	0	1	0	0	0	0	0	0	0	0	0	
0	0	1	0	0	0	0	0	0	0	7	19	16	34	65	39	3	0	125	156	139	122	76	23	0	11	139	2	0	0	0	0	0	21	159	97	99	26	0	2	1	0	34	37	107	142	0	3	0	0	30	88	135	34	0	1	0	0	82	86	10	0	1	0	
0	0	0	3	0	25	21	0	0	0	6	0	35	178	33	0	0	2	0	48	200	52	0	2	1	0	19	194	85	16	0	0	4	0	148	199	116	208	37	0	4	0	157	207	63	149	14	0	1	0	17	116	96	19	0	1	0	0	0	0	0	1	1	0	
0	0	0	1	0	9	34	0	0	0	2	3	0	161	146	0	0	2	0	3	165	183	8	0	2	0	30	195	255	102	0	2	0	27	230	157	80	243	53	0	0	183	224	131	174	147	6	0	0	66	138	114	50	0	0	0	0	0	0	0	0	2	1	0	
0	1	1	0	0	0	0	0	0	0	1	8	18	13	0	0	0	59	159	124	138	195	1	0	0	17	28	0	51	174	0	1	0	0	3	0	141	115	0	4	0	2	0	32	200	16	0	1	0	2	0	161	119	0	3	0	1	0	15	155	18	0	1	0	
3	4	4	2	1	3	0	0	0	0	0	0	2	0	0	0	78	114	137	155	170	118	0	0	60	90	66	43	23	186	26	0	0	0	0	0	11	153	4	0	2	3	5	0	77	151	0	3	0	1	0	6	190	45	0	2	0	1	0	32	92	0	1	0	
0	0	0	0	0	1	0	0	0	0	0	79	106	63	63	0	3	0	68	201	0	169	105	0	1	0	9	159	148	144	0	0	1	0	7	207	175	0	2	0	0	3	141	138	133	0	4	0	0	10	154	171	96	0	3	0	1	0	22	54	1	0	0	0	
0	0	0	0	0	0	0	0	1	0	31	101	123	110	14	0	1	0	118	137	77	239	88	0	0	1	2	0	127	190	14	0	1	0	16	177	154	0	0	1	0	0	190	178	32	30	0	0	0	70	249	176	157	66	0	2	0	6	26	0	0	0	0	0	
0	0	0	2	0	1	0	0	0	0	0	0	26	6	0	0	0	0	0	95	134	117	0	2	3	0	75	149	127	155	0	3	2	0	56	116	186	48	0	2	0	1	0	40	148	0	2	0	0	3	0	117	83	0	3	0	0	0	2	104	10	0	0	0	
0	0	5	4	0	0	0	0	2	0	42	160	43	0	2	0	0	1	0	51	154	1	0	0	0	0	2	0	133	38	0	1	2	0	97	150	155	1	0	0	1	0	53	120	155	82	0	1	0	0	1	0	5	138	49	0	0	0	2	5	2	1	1	0	
0	0	1	2	0	0	0	0	0	0	0	2	17	13	3	0	1	0	21	150	144	190	12	0	4	0	144	97	46	151	0	3	1	0	28	0	136	67	0	2	0	2	0	50	167	0	1	0	0	2	0	159	79	0	3	0	1	0	22	110	0	1	0	0	
0	0	2	0	68	34	0	1	0	2	0	56	163	11	0	1	1	0	3	173	35	0	2	0	3	0	70	125	11	45	0	0	4	0	113	201	137	189	104	0	3	0	81	243	123	155	52	0	0	0	0	41	85	27	0	1	0	0	1	0	0	1	2	0	
0	0	0	1	1	1	0	0	0	0	0	12	6	61	4	0	0	2	0	100	62	114	0	2	2	0	62	152	131	92	0	3	2	0	43	141	182	34	0	1	0	3	0	99	76	0	3	0	0	0	10	141	8	0	0	0	0	0	4	19	0	0	0	0	
0	0	0	0	0	2	1	0	0	18	99	6	0	1	0	0	0	59	183	47	0	36	18	0	3	0	173	58	0	158	35	0	3	0	114	156	69	170	0	1	0	1	0	72	184	145	0	4	0	0	3	0	56	134	0	3	0	0	0	2	7	19	0	0	
0	3	3	0	0	0	0	0	0	0	0	1	13	11	0	0	0	69	153	165	135	192	25	0	0	36	55	17	31	190	8	0	0	0	3	0	122	116	0	4	0	2	0	11	184	25	0	1	0	3	0	121	143	0	3	0	0	1	0	138	43	0	1	0	
0	0	1	0	1	0	0	0	0	2	0	59	171	80	0	2	1	0	18	183	24	4	2	0	3	0	70	190	106	35	0	1	3	0	72	212	125	170	0	1	1	0	20	168	22	184	14	0	0	2	0	94	187	106	0	2	0	0	1	0	4	1	0	0	
0	2	1	0	0	0	0	0	0	0	0	7	22	3	0	0	0	76	170	139	199	117	0	4	0	21	35	0	150	110	0	4	0	0	1	0	188	49	0	2	0	2	0	32	191	6	0	1	0	4	0	114	141	0	3	0	0	3	0	100	58	0	2	0	
0	0	0	0	0	0	0	0	0	0	0	0	117	14	0	1	0	1	0	16	161	4	0	0	0	2	0	59	158	0	3	0	0	2	0	66	139	0	3	0	0	3	0	84	139	0	4	0	0	3	0	81	108	0	3	0	0	0	0	0	0	0	0	0	
0	0	0	0	0	0	0	0	0	1	0	83	147	99	0	0	2	0	54	166	59	192	17	0	0	2	2	25	156	145	0	3	0	2	0	83	179	147	0	4	0	44	26	0	117	139	0	4	0	72	161	150	185	31	0	2	1	0	28	64	12	0	1	0	
0	0	1	1	1	1	0	0	0	0	0	1	0	22	11	0	1	0	24	33	14	120	5	0	3	0	99	35	82	74	0	3	3	0	75	130	148	7	0	0	0	1	0	78	97	0	3	0	0	3	0	77	46	0	1	0	0	1	0	24	11	0	0	0	
0	0	1	2	0	0	0	0	0	1	0	5	63	20	0	1	1	0	21	137	99	58	0	1	2	0	162	100	119	120	0	4	1	0	112	104	163	69	0	3	0	1	0	15	160	7	0	0	0	3	0	88	125	0	3	0	0	1	0	42	30	0	1	0	
0	0	6	2	0	0	0	0	0	17	127	128	45	0	2	0	0	5	6	22	140	14	0	1	0	0	2	0	123	34	0	1	0	1	0	26	142	0	0	0	0	3	0	136	100	38	41	0	1	0	13	183	114	63	12	0	0	0	1	1	0	0	0	0	
0	0	1	2	0	0	0	0	0	0	0	1	7	107	89	0	2	0	38	133	116	241	88	0	1	0	27	193	176	58	0	2	1	0	26	172	174	1	1	0	4	0	139	61	145	43	0	2	2	0	64	157	144	0	0	0	0	0	0	43	13	0	0	0	
1	0	13	31	0	1	0	0	1	0	18	91	67	0	1	0	0	0	1	0	90	56	0	2	0	0	4	0	52	83	0	3	0	0	0	5	133	33	0	1	2	0	27	190	140	95	0	1	1	0	36	82	0	21	2	0	0	0	0	0	3	1	0	0	
0	0	1	1	0	5	0	0	0	1	0	9	57	147	40	0	1	0	11	135	26	143	78	0	1	0	30	175	139	102	0	1	2	0	70	205	77	0	2	0	0	20	116	89	103	0	4	0	1	0	89	171	57	0	2	0	0	0	2	8	0	0	0	0	
0	0	0	3	3	3	1	0	0	1	1	0	0	0	1	1	1	0	18	131	96	77	23	0	0	25	129	94	29	54	120	29	0	107	34	0	2	0	100	36	0	47	79	55	74	107	48	0	0	0	12	30	25	3	0	1	0	2	0	0	0	1	2	0	
0	0	0	0	0	0	0	0	0	0	4	39	80	97	0	1	2	0	34	143	122	198	7	0	0	0	7	85	167	104	0	1	1	0	11	88	188	71	0	3	0	19	35	0	166	74	0	3	0	29	175	182	140	0	0	0	1	0	26	46	0	1	0	0	
0	0	2	0	0	0	0	0	0	0	0	13	56	43	0	0	0	0	49	81	94	73	0	2	0	2	96	61	45	3	0	0	0	1	0	85	133	16	0	1	0	0	9	38	42	57	0	2	1	0	38	51	42	19	0	1	1	0	23	27	30	0	0	0	
0	0	0	0	1	2	0	0	0	0	2	0	65	110	0	3	0	1	0	0	209	84	0	3	0	3	0	80	215	0	0	1	0	3	0	164	159	0	4	0	2	0	33	243	69	0	3	0	3	0	119	161	0	1	0	0	0	0	1	0	1	0	0	0	
