500	64	10
0	0	1	1	0	2	0	0	0	2	0	87	157	0	2	0	2	0	57	127	140	102	0	3	0	0	139	27	0	172	50	0	0	26	115	0	0	113	88	0	0	15	151	0	52	140	2	0	2	0	95	144	108	20	0	1	0	0	0	10	1	1	1	0	
0	0	0	2	0	0	0	0	0	0	2	3	0	109	48	0	0	0	11	75	7	168	17	0	2	0	133	180	92	165	5	7	0	80	226	175	237	185	130	7	0	12	0	103	171	0	2	0	0	2	0	142	55	0	3	0	0	0	1	0	1	1	0	0	
0	0	1	0	0	0	0	0	0	0	9	76	17	16	0	1	2	0	57	128	92	99	0	4	0	2	182	58	117	116	0	4	0	42	178	128	205	95	0	3	0	0	4	0	115	100	0	4	0	0	5	0	94	94	0	3	0	0	1	0	11	12	0	0	
0	0	1	4	3	3	1	0	0	9	8	0	0	0	0	0	0	37	153	123	134	154	32	0	1	0	28	60	35	174	40	0	0	0	3	0	87	112	0	3	0	2	0	37	198	14	0	1	0	2	0	146	85	0	3	0	1	0	19	115	0	1	0	0	
0	0	1	1	0	0	0	0	0	2	0	45	184	45	0	2	2	0	37	164	182	29	0	1	1	0	19	44	145	3	1	0	0	2	0	56	126	0	3	0	0	2	0	99	141	73	27	0	0	18	106	109	86	52	9	0	0	4	8	0	0	0	0	0	
0	0	0	1	0	1	0	0	0	1	0	3	191	122	0	3	0	3	0	131	217	197	5	0	2	0	43	200	43	229	34	0	3	0	167	103	97	248	22	0	0	45	250	213	255	85	0	3	0	18	189	175	50	0	1	0	0	0	0	0	0	1	0	0	
1	0	20	72	0	1	0	0	3	0	99	178	0	5	2	0	0	0	203	69	0	2	0	0	0	10	211	37	0	78	47	0	1	0	193	126	156	170	193	12	2	0	51	220	243	197	158	0	0	1	0	1	54	81	8	0	0	0	2	1	0	0	1	0	
0	0	0	3	3	0	0	0	0	5	149	153	154	34	0	2	0	5	39	47	210	50	0	2	0	0	3	170	217	87	0	2	0	0	2	2	20	183	8	0	0	86	110	26	123	174	0	1	0	32	157	199	164	29	0	1	0	0	0	0	0	1	0	0	
0	0	1	0	1	0	0	0	1	0	3	115	48	0	2	0	2	0	74	81	94	2	0	0	2	0	106	74	163	65	0	2	1	0	8	124	73	85	0	2	0	0	3	78	34	80	0	3	0	0	14	78	53	66	0	3	0	0	0	16	20	10	0	0	
0	0	1	2	0	0	0	0	0	0	1	0	54	27	0	1	0	0	2	105	166	112	0	4	3	0	110	120	137	145	0	4	3	0	95	120	176	88	0	3	0	0	1	0	149	34	0	1	0	2	0	67	161	0	3	0	0	1	0	40	47	0	1	0	
0	0	3	1	0	1	0	0	0	0	0	2	13	5	0	0	2	0	83	193	195	161	0	0	0	7	231	151	173	165	0	2	1	0	90	140	254	107	0	4	0	2	0	54	232	21	0	1	0	3	0	158	152	0	3	0	0	1	0	100	34	0	1	0	
0	0	0	0	8	61	0	0	0	0	3	0	93	133	0	3	0	1	0	38	162	9	0	1	0	1	0	151	79	67	7	0	3	0	66	171	175	213	18	0	4	0	129	255	190	49	0	2	1	0	14	62	12	0	1	0	0	0	0	0	1	2	0	0	
0	0	1	0	42	8	0	0	0	0	2	0	91	22	0	1	0	0	0	5	99	3	0	0	0	0	0	62	67	0	2	0	3	0	91	199	66	0	2	0	2	0	84	55	98	65	0	0	0	0	0	0	11	52	6	0	0	0	2	2	1	0	0	0	
0	0	0	0	0	0	0	0	0	2	0	44	139	91	0	0	0	0	3	166	38	132	85	0	0	0	5	138	62	167	25	0	0	4	0	142	206	28	0	2	2	0	67	247	86	0	4	0	0	5	219	191	18	0	1	0	0	1	40	15	0	1	0	0	
0	0	1	0	17	14	0	0	0	0	1	0	196	95	0	3	0	3	0	102	153	0	2	0	1	0	12	193	104	137	58	0	3	0	83	247	152	238	74	0	5	0	114	255	182	76	0	2	2	0	44	138	36	0	2	0	0	0	0	0	1	3	0	0	
0	0	0	0	1	3	0	0	1	0	13	50	0	0	0	0	4	0	108	202	133	135	4	0	1	0	49	16	38	197	7	0	0	0	3	0	132	119	0	4	0	2	0	47	191	5	0	1	1	0	0	173	77	0	3	0	1	0	11	87	4	0	0	0	
0	0	0	0	0	0	0	0	2	0	77	149	123	39	0	1	0	27	165	24	88	74	0	2	0	42	159	106	155	142	21	0	0	7	173	121	17	114	135	0	0	0	3	72	0	48	145	0	0	3	0	104	162	197	70	0	0	0	0	3	57	42	0	1	
0	0	1	1	0	0	0	0	0	1	0	23	53	0	0	0	1	0	23	130	178	35	0	2	3	0	144	107	205	121	0	3	2	0	71	110	193	53	0	2	0	2	0	47	150	0	2	0	0	2	0	163	72	0	2	0	0	0	2	71	6	0	0	0	
0	0	1	0	15	28	0	1	0	2	0	38	189	62	0	2	1	0	12	203	76	0	3	0	3	0	131	124	0	13	0	0	3	0	178	88	152	166	9	0	3	0	85	231	171	209	29	0	0	1	0	69	143	55	0	1	0	0	1	0	0	0	0	0	
0	0	0	0	1	0	0	0	0	0	1	0	27	178	16	0	0	0	4	0	130	199	0	1	0	2	0	40	231	44	0	2	1	0	0	194	146	0	3	0	2	0	133	220	4	0	1	0	0	6	183	72	0	2	0	0	0	0	0	1	1	0	0	0	
0	0	0	0	0	0	0	0	0	1	42	66	59	9	0	1	0	14	131	63	63	11	0	1	1	0	91	10	0	1	0	0	2	0	86	125	107	48	0	2	0	0	11	12	11	120	9	0	0	0	1	0	1	120	14	0	0	0	2	0	30	57	0	2	
0	0	0	3	4	3	0	0	0	0	1	0	0	0	2	1	0	2	0	99	152	149	156	54	3	0	82	249	176	35	18	1	0	2	23	44	210	15	0	1	0	39	172	196	173	0	1	1	1	0	63	77	3	0	0	0	0	0	0	0	1	0	0	0	
0	0	0	0	0	0	0	0	0	1	0	73	21	0	1	0	1	0	26	122	0	1	0	0	0	0	4	111	10	0	0	0	0	3	0	97	67	0	2	0	0	1	0	25	120	0	1	0	0	0	2	0	101	58	0	2	0	0	0	0	13	23	0	1	
0	0	0	0	6	6	0	0	0	0	0	3	163	193	53	0	0	3	3	7	2	194	108	0	0	0	2	0	81	226	18	0	0	75	159	202	216	27	0	1	20	232	253	151	191	68	0	2	5	51	25	0	54	44	0	2	0	0	0	3	1	0	0	0	
0	0	0	42	43	0	1	0	0	0	3	94	152	64	0	2	0	1	1	0	19	138	0	1	0	0	20	0	46	137	0	2	0	43	109	113	141	34	0	2	0	92	92	166	189	58	0	1	0	13	89	21	70	78	0	2	0	0	0	0	0	0	0	0	
0	0	1	0	23	5	0	0	0	1	0	29	191	15	0	1	0	2	0	179	115	0	3	0	3	0	104	172	64	78	16	0	0	1	187	145	255	132	110	18	2	0	145	255	173	27	5	6	1	0	27	62	0	2	1	0	0	0	1	0	2	2	0	0	
0	1	0	59	13	0	1	0	2	0	48	154	0	3	1	0	3	0	153	77	0	7	14	0	0	27	168	4	0	106	186	34	0	37	176	0	70	199	158	25	1	0	156	163	197	202	32	0	0	0	5	61	61	25	0	2	0	0	2	0	0	1	2	0	
0	0	0	0	0	0	0	0	0	3	88	145	126	23	0	1	0	8	105	62	134	167	0	3	0	3	0	86	218	158	0	2	0	1	0	74	47	155	10	0	0	30	24	0	78	154	0	3	0	87	192	166	167	29	0	2	0	0	36	53	3	0	0	0	
0	0	2	0	0	0	0	0	0	0	9	69	2	50	32	0	2	0	117	237	0	204	104	0	0	40	247	63	0	206	73	0	0	142	209	53	173	255	66	0	0	63	196	198	173	228	22	0	0	0	5	0	50	202	0	0	0	2	2	0	11	66	1	0	
0	0	3	1	0	0	0	0	0	1	1	1	0	111	18	0	2	0	59	15	28	183	0	0	0	20	208	63	126	154	0	3	0	153	195	122	223	152	97	0	1	18	0	81	170	0	3	0	0	3	0	99	74	0	3	0	0	1	0	0	1	0	0	0	
0	0	0	0	0	0	0	0	0	0	0	4	118	60	0	2	0	2	0	49	115	122	9	0	0	3	0	93	185	51	0	0	1	0	20	194	109	0	3	0	2	0	54	96	73	0	2	0	1	0	5	164	89	0	3	0	0	1	0	30	14	0	0	0	
0	0	0	3	1	1	1	0	0	0	4	0	73	76	0	3	0	2	0	70	238	206	20	0	15	0	53	242	52	182	89	0	5	0	198	86	32	241	40	0	0	25	195	129	234	113	0	3	0	5	129	169	69	0	1	0	0	0	0	0	0	2	0	0	
0	0	0	6	12	0	0	0	0	2	0	70	137	0	3	0	0	4	0	132	101	0	3	0	0	1	0	195	175	13	0	1	2	0	48	136	170	59	0	2	2	0	53	157	164	35	0	1	0	1	0	106	96	0	1	0	0	0	0	0	0	0	0	0	
0	0	2	2	0	1	0	0	0	0	2	1	0	136	37	0	1	0	40	67	10	202	18	0	1	0	185	105	90	161	0	4	0	98	249	170	240	207	81	0	0	33	10	126	150	5	15	0	0	1	0	160	48	0	2	0	0	1	2	0	2	1	0	0	
0	0	0	0	0	0	0	0	0	1	0	35	97	0	1	0	0	4	0	121	244	9	0	1	0	4	0	132	197	0	2	0	0	3	0	148	126	0	4	0	1	0	13	196	143	0	2	0	1	0	10	184	115	0	3	0	0	1	0	28	13	0	0	0	
0	0	0	0	0	0	0	0	0	0	3	0	106	113	0	3	0	0	3	0	190	114	0	4	0	2	0	41	215	18	0	1	1	6	0	148	157	0	3	0	2	0	44	247	50	0	2	0	3	0	103	155	0	0	0	0	0	0	0	0	1	0	0	0	
1	0	20	47	0	0	0	0	1	0	20	141	84	0	3	0	0	3	0	116	101	0	3	1	2	0	41	170	1	1	2	0	4	0	127	72	0	1	5	20	4	0	115	114	18	50	89	54	1	0	6	99	121	96	25	0	0	0	0	0	0	0	0	1	
0	0	0	2	0	18	15	0	0	0	1	0	5	178	47	0	0	1	0	7	173	109	0	2	1	0	3	163	119	0	1	0	3	0	129	185	198	187	0	2	3	0	151	255	208	72	0	2	1	0	26	89	3	0	0	0	0	0	1	0	1	3	0	0	
0	0	3	2	0	1	4	0	0	0	0	0	14	5	0	0	0	1	62	118	119	125	112	13	0	105	188	46	53	149	115	5	0	12	61	183	189	32	0	2	3	0	103	121	135	65	0	3	1	0	21	82	70	0	0	0	0	0	0	0	0	0	0	0	
0	0	0	2	3	4	3	0	0	0	2	0	0	0	0	3	0	0	0	45	81	104	152	120	1	0	126	251	145	89	54	10	0	7	110	85	152	0	0	0	0	7	122	186	148	0	4	1	0	0	87	111	8	0	1	0	0	0	0	0	1	0	0	0	
0	0	0	2	1	0	0	0	0	0	1	0	2	7	0	0	0	1	0	40	122	131	0	2	2	0	68	111	123	85	0	3	2	0	120	79	86	45	0	2	0	0	3	0	96	22	0	1	0	0	0	9	109	0	0	0	0	1	0	19	81	0	2	0	
0	0	0	0	2	2	0	0	0	0	3	0	81	60	0	2	0	0	3	0	132	44	0	2	0	1	0	23	181	8	0	1	0	3	0	108	134	0	3	0	0	1	0	182	52	0	2	0	0	0	9	126	4	0	0	0	0	0	0	0	1	0	0	0	
0	0	1	2	13	38	0	0	0	3	0	104	81	115	26	0	3	0	95	192	0	95	119	0	0	27	200	34	0	31	152	0	0	164	77	0	0	68	153	0	0	126	155	113	125	186	57	0	0	3	72	93	71	10	0	1	0	1	0	0	0	1	2	0	
0	0	0	35	28	1	0	0	1	0	7	182	228	123	0	3	0	0	7	4	56	160	0	2	0	1	3	0	80	92	0	3	1	0	63	191	244	222	67	0	0	44	255	231	79	122	168	0	0	51	127	11	0	2	7	0	0	0	0	1	3	3	0	0	
0	0	0	0	0	0	0	0	0	0	10	1	40	55	0	2	3	0	88	91	40	116	0	4	0	24	141	0	43	111	0	3	0	34	151	116	174	136	0	3	0	0	16	29	32	127	0	2	0	0	1	0	0	132	13	0	0	0	1	2	0	16	3	0	
0	0	0	0	10	57	0	1	0	0	3	0	130	128	0	3	0	3	0	102	174	0	1	0	1	0	31	182	36	141	57	0	3	0	117	112	219	255	50	0	0	3	187	235	212	43	0	2	0	0	51	83	13	0	2	0	0	0	0	0	2	2	0	0	
0	1	1	0	0	2	1	0	1	0	15	173	142	0	0	1	0	8	177	98	159	159	0	1	0	68	180	0	10	232	80	0	0	69	123	0	0	183	154	0	0	7	180	50	26	224	139	0	2	0	59	181	162	103	4	0	0	1	0	2	1	0	1	0	
0	0	1	0	35	43	0	2	0	0	2	0	163	69	0	2	0	3	0	108	131	0	3	0	2	0	47	177	51	139	28	0	1	0	148	108	240	238	22	0	0	30	222	225	217	41	0	2	0	7	74	72	8	0	1	0	0	0	0	0	2	2	0	0	
0	0	1	2	0	0	0	0	0	0	1	0	51	52	0	1	1	0	4	160	149	147	43	0	2	0	169	124	19	188	19	0	2	0	103	141	237	137	0	2	0	3	0	125	196	0	1	0	0	2	0	163	63	0	2	0	0	1	0	51	15	0	0	0	
0	0	1	1	5	3	0	0	0	0	2	4	0	0	0	0	4	0	109	217	118	65	0	2	2	0	136	109	197	143	0	4	0	0	7	0	121	86	0	3	0	1	0	29	175	4	0	1	0	3	0	132	98	0	3	0	0	1	0	108	18	0	1	0	
0	0	0	0	1	0	0	0	0	2	0	47	87	0	2	0	0	3	0	78	128	0	4	0	0	2	0	55	136	0	3	0	0	2	0	57	166	0	2	0	0	2	0	50	167	0	2	0	0	1	0	34	129	0	1	0	0	0	0	1	0	0	0	0	
0	0	1	1	0	0	0	0	0	2	0	84	178	163	31	0	1	0	33	160	8	59	109	0	2	0	50	139	15	164	62	0	1	0	1	193	216	78	0	2	0	19	149	201	81	0	5	0	0	104	187	138	14	0	1	0	0	3	6	6	0	0	0	0	
0	0	0	0	0	0	0	0	0	0	0	54	96	50	0	1	2	0	46	103	14	88	2	0	2	0	53	69	20	62	0	1	0	0	0	138	138	41	0	2	1	0	32	78	20	87	0	3	1	0	14	102	83	25	0	1	0	1	0	28	21	0	1	0	
0	0	1	1	0	0	0	0	0	1	0	19	95	128	96	0	1	0	8	160	90	166	131	0	2	0	53	112	81	158	2	0	1	0	22	233	158	7	0	1	0	1	131	163	77	0	4	0	0	72	112	95	90	0	3	0	0	18	34	53	6	0	0	0	
0	0	0	0	1	0	0	0	0	0	2	0	55	68	0	3	0	0	3	0	123	59	0	2	0	1	0	26	141	0	1	0	0	3	0	107	90	0	3	0	0	0	6	144	14	0	0	0	1	0	22	120	0	0	0	0	0	0	0	3	1	0	0	0	
0	0	0	0	1	0	0	0	0	0	3	0	110	51	0	2	0	0	0	0	193	53	0	2	0	2	0	58	175	0	2	0	0	3	0	143	104	0	3	0	1	0	24	189	16	0	1	0	2	0	59	133	0	3	0	0	0	0	0	0	0	0	0	0	
0	1	3	0	0	2	0	0	0	1	1	28	28	2	2	0	0	20	147	152	156	97	0	2	0	142	77	0	5	165	138	0	11	147	18	58	143	173	152	0	0	57	132	114	40	90	68	0	0	0	0	0	7	134	9	0	0	2	3	0	27	109	0	1	
0	0	0	1	0	0	0	0	0	1	0	17	122	143	62	0	0	1	0	137	93	69	114	3	1	0	19	151	36	140	7	0	0	4	0	126	235	43	0	2	2	0	38	176	160	0	1	0	3	0	153	221	84	0	2	0	0	0	21	36	2	0	0	0	
0	0	0	0	0	0	0	0	1	0	17	4	37	27	0	1	4	0	110	50	22	75	0	2	4	0	120	103	101	105	0	3	3	0	54	224	192	112	0	4	0	0	2	0	46	115	0	3	0	0	2	0	36	79	0	2	0	0	0	0	3	5	0	0	
0	0	0	0	0	0	0	0	1	0	7	160	184	97	0	1	0	0	4	48	149	222	9	0	0	3	0	62	244	208	9	0	0	20	12	5	7	176	35	0	0	135	216	48	140	161	0	2	0	20	185	223	165	20	0	1	0	0	0	0	0	1	0	0	
0	0	0	2	4	8	0	0	2	0	67	120	139	122	0	0	3	0	146	139	5	4	1	0	2	0	44	211	47	0	1	0	0	2	0	54	168	126	8	0	0	0	95	15	5	205	73	0	2	0	81	168	166	101	0	0	0	0	0	7	6	0	0	0	
0	0	1	0	3	4	0	0	0	0	7	42	0	0	0	0	3	0	78	227	143	113	6	0	2	0	57	35	76	180	0	0	0	0	3	0	123	75	0	3	0	2	0	52	162	0	1	0	0	1	0	163	52	0	2	0	0	0	13	78	0	1	0	0	
0	0	0	0	0	2	1	0	1	0	18	72	37	3	0	0	1	0	34	95	70	122	25	0	0	0	1	0	40	163	19	0	0	2	0	67	172	31	0	2	2	0	42	153	11	0	2	0	3	0	126	50	0	3	0	0	1	0	39	7	0	0	0	0	
0	0	0	0	0	0	0	0	0	0	2	0	112	43	0	2	0	0	0	3	186	34	0	2	0	2	0	55	193	0	0	0	0	3	0	155	127	0	4	0	1	0	25	215	27	0	1	0	2	0	53	144	0	2	0	0	0	0	0	0	1	0	0	0	
0	0	0	4	50	11	0	0	0	2	0	144	194	64	0	2	3	0	64	188	0	6	2	0	4	0	130	125	0	4	0	0	4	0	115	163	97	164	71	0	1	0	11	217	221	198	118	0	0	1	0	23	106	84	5	0	0	0	1	1	0	0	1	0	
0	0	0	0	1	0	0	0	2	0	69	196	198	199	39	0	3	0	106	135	14	138	132	0	0	1	0	2	0	150	86	0	1	0	74	127	165	232	19	0	0	109	255	255	216	203	140	0	0	149	215	116	6	3	15	0	0	0	0	0	1	1	0	0	
0	0	1	2	0	0	0	0	0	1	0	15	69	78	0	1	1	0	27	119	124	132	0	3	1	0	31	160	100	27	0	1	0	4	0	110	193	0	1	0	0	0	3	97	121	26	0	1	1	0	24	173	79	0	1	0	0	0	3	38	6	0	0	0	
0	0	0	2	4	4	1	0	0	0	14	2	0	0	0	0	1	0	157	198	162	149	48	0	0	0	15	60	103	240	47	0	0	0	2	0	147	118	0	3	0	2	0	139	178	0	2	0	3	0	110	191	10	0	1	0	0	0	140	33	0	2	0	0	
0	0	0	0	1	3	0	0	0	16	100	1	3	0	0	0	0	7	178	12	20	127	0	0	3	0	120	169	163	197	0	2	0	0	2	72	161	133	0	4	0	0	5	0	154	99	0	3	0	2	0	118	176	0	0	1	0	0	0	48	13	0	0	0	
0	0	1	2	0	0	0	0	0	1	0	5	131	163	59	0	1	0	16	183	162	199	204	0	1	0	183	168	0	121	189	0	0	121	173	0	114	255	64	0	0	192	210	222	251	91	0	2	0	69	158	101	17	0	2	0	0	0	0	0	0	3	0	0	
0	0	0	1	1	0	0	0	0	1	0	33	25	22	0	0	0	1	0	127	107	103	0	3	2	0	61	136	125	81	0	3	1	0	12	107	206	34	0	2	0	1	0	27	150	0	0	0	0	2	0	74	121	0	3	0	0	1	0	27	56	0	1	0	
0	0	1	0	2	4	1	0	0	0	0	57	12	0	0	0	3	0	72	255	186	158	29	0	2	0	48	35	119	228	15	0	0	1	0	15	198	52	0	2	0	1	0	174	111	0	4	0	4	0	103	195	0	2	0	0	2	0	70	44	0	2	0	0	
0	0	1	0	0	0	1	1	0	1	0	37	182	184	19	0	3	0	56	255	155	127	173	0	0	0	204	150	0	17	203	26	0	79	230	10	0	129	139	0	0	75	203	39	171	210	12	0	0	3	147	205	182	39	0	2	0	0	0	0	0	1	1	0	
0	0	2	0	0	0	2	0	0	3	0	89	221	75	0	2	3	0	95	251	156	235	74	0	0	29	233	77	0	112	191	0	0	115	174	0	0	108	212	0	0	115	219	113	196	255	86	0	0	48	208	219	132	35	0	1	0	0	0	0	0	0	2	0	
0	0	1	0	0	0	0	0	0	0	0	80	123	82	0	0	3	0	118	105	29	211	46	0	3	0	123	117	157	65	0	0	1	0	23	181	148	64	0	2	2	0	52	89	7	166	0	0	1	0	11	126	147	75	0	2	0	1	0	29	42	0	1	0	
0	0	0	0	1	0	0	0	0	0	1	0	10	162	37	0	0	0	4	0	142	214	0	0	0	2	0	35	232	59	0	2	0	1	0	183	161	0	3	0	3	0	76	238	25	0	1	0	4	0	112	133	0	3	0	0	0	0	2	0	1	0	0	0	
0	0	0	0	0	0	0	0	0	3	0	88	233	61	0	3	1	0	5	150	148	93	0	4	3	0	58	211	211	129	0	3	2	0	120	128	57	126	48	0	1	0	151	45	0	141	46	0	2	0	40	161	164	75	0	1	0	0	0	1	2	0	1	0	
0	0	0	1	3	4	3	0	0	0	2	1	0	0	0	3	0	1	0	11	81	114	136	104	2	0	29	196	182	83	44	6	0	8	127	169	178	0	1	0	0	4	159	203	78	0	3	0	0	0	0	0	0	0	0	0	0	0	2	1	3	0	0	0	
0	1	2	0	0	0	1	0	1	0	16	118	148	53	0	2	0	0	147	131	75	147	35	0	0	71	118	0	0	83	108	0	0	116	74	0	0	89	106	0	0	89	160	1	0	151	45	0	1	0	116	161	153	110	0	2	0	1	0	28	38	0	1	0	
0	0	0	2	0	0	2	0	0	1	3	0	46	72	0	0	0	4	0	124	240	204	104	0	0	2	144	196	33	35	189	0	0	119	142	0	31	191	109	0	0	184	182	184	185	88	0	1	0	44	73	31	2	0	2	0	0	0	0	0	2	3	0	0	
0	0	0	0	0	0	0	0	0	13	129	157	138	101	0	0	0	81	172	94	20	159	79	0	0	22	161	81	101	144	21	0	3	0	97	216	197	116	0	3	3	0	150	51	0	177	15	0	2	0	65	155	158	148	0	0	0	1	0	42	57	3	0	0	
0	0	0	1	4	3	3	1	0	0	0	1	0	0	0	0	0	2	0	14	93	140	152	54	1	0	13	196	182	48	44	15	0	25	36	31	181	19	0	1	0	49	215	216	123	0	4	1	1	0	33	55	0	0	0	0	0	1	0	0	2	0	0	0	
0	0	1	1	0	1	0	0	0	1	0	11	55	6	0	0	1	0	21	64	95	78	0	3	2	0	106	35	115	110	0	3	1	0	62	86	127	21	0	1	0	1	0	17	91	0	1	0	0	2	0	75	67	0	2	0	0	1	0	47	13	0	0	0	
0	0	0	0	0	0	0	0	1	0	6	163	176	157	22	0	1	0	20	143	31	143	126	0	1	1	0	3	0	156	109	0	0	0	17	44	170	181	0	1	14	191	255	227	217	210	27	0	18	144	90	16	0	115	55	0	0	0	0	0	1	0	0	0	
0	1	0	47	57	0	1	0	0	0	3	110	24	0	0	0	2	0	42	106	0	3	0	0	2	0	49	86	74	42	0	2	1	0	31	139	131	103	0	3	1	0	3	183	183	54	0	2	0	1	0	34	71	1	0	0	0	0	0	1	0	1	0	0	
0	0	0	1	0	0	0	0	0	1	0	4	118	156	68	0	0	1	0	137	121	75	62	0	0	0	11	169	67	145	5	0	1	0	5	205	224	50	0	2	0	0	146	249	77	0	3	0	0	38	218	150	9	0	0	0	0	2	40	12	0	0	0	0	
0	0	0	0	0	0	0	0	0	19	60	0	3	54	5	0	0	54	135	0	32	142	0	1	0	108	97	0	41	159	0	0	0	102	156	115	142	205	34	0	0	19	115	73	9	148	31	0	0	0	0	3	0	111	37	0	0	1	4	3	0	5	1	0	
0	0	0	2	0	2	2	0	0	1	0	7	77	16	0	1	0	3	0	120	255	188	24	0	0	9	163	204	46	95	154	0	0	132	132	0	0	61	185	0	0	177	135	123	168	175	52	0	0	53	125	100	59	6	0	0	0	0	0	0	0	2	2	0	
0	0	0	0	0	1	0	0	2	0	86	165	97	0	2	0	1	0	72	37	174	64	0	4	0	1	1	0	172	51	0	2	1	0	1	167	195	66	109	63	0	3	180	225	167	132	84	21	0	5	37	4	0	0	0	0	0	0	0	1	3	4	3	1	
0	0	1	1	1	1	0	0	0	1	2	1	5	121	13	0	1	0	26	11	90	120	0	3	0	9	195	139	191	72	19	3	0	74	144	177	185	127	89	0	0	0	1	176	39	0	2	0	2	0	53	125	0	6	2	0	0	0	0	0	1	0	0	0	
0	0	0	0	0	0	0	0	1	0	8	83	124	55	0	1	2	0	90	86	79	156	0	2	0	2	0	43	185	32	0	2	0	1	0	33	133	75	0	3	0	0	2	0	84	90	0	3	0	43	107	137	117	2	0	0	0	8	54	33	0	1	0	0	
0	0	1	2	0	1	0	0	0	0	0	5	73	34	0	1	1	0	5	153	148	168	15	0	4	0	105	115	34	177	2	0	4	0	94	193	231	57	0	2	0	3	0	149	132	0	4	0	1	0	24	191	21	0	1	0	1	0	26	59	0	2	0	0	
0	0	0	3	1	0	0	0	1	0	14	75	1	14	1	0	2	0	78	37	4	74	0	1	1	0	98	5	27	116	0	0	3	0	93	99	126	141	0	3	0	0	9	61	64	92	0	3	0	0	1	0	20	76	0	2	0	0	0	3	1	1	0	0	
0	0	0	0	0	2	0	0	0	1	0	13	174	107	0	3	0	3	0	104	135	0	2	0	0	3	0	64	189	75	0	2	0	1	0	111	245	71	0	3	4	0	103	186	180	32	0	2	3	0	79	192	85	0	2	0	0	0	0	1	0	0	0	0	
0	0	1	1	0	0	0	0	0	1	0	12	27	2	0	0	1	0	19	185	194	88	0	4	0	1	196	115	94	139	0	4	0	57	252	160	220	161	0	3	0	4	23	24	90	120	0	4	0	0	3	0	95	114	0	4	0	0	4	0	69	73	0	3	
0	0	0	0	0	1	1	0	0	16	61	64	45	4	0	0	0	42	153	121	148	178	12	0	0	2	0	81	196	225	23	0	3	5	0	55	14	103	128	0	34	195	93	35	80	173	47	0	0	71	150	156	128	48	0	1	0	0	0	0	0	1	1	0	
0	0	1	0	4	0	1	0	0	0	3	141	172	93	0	1	2	0	134	130	0	136	64	0	0	66	138	0	0	58	112	0	0	127	69	0	0	45	118	0	0	111	135	1	5	147	87	0	0	11	143	159	147	99	1	0	0	1	0	5	3	0	1	0	
0	0	0	0	0	1	0	0	0	0	3	0	96	112	0	3	0	0	2	0	178	79	0	3	0	2	0	68	204	3	0	1	0	1	0	200	103	0	3	0	3	0	81	212	2	0	1	0	3	0	105	93	0	3	0	0	0	0	1	1	1	0	0	0	
0	0	0	3	3	1	0	0	0	0	0	0	0	0	7	13	0	1	0	68	118	104	84	36	2	0	60	124	25	11	1	0	2	0	41	105	30	5	0	1	0	8	66	92	176	38	0	2	0	0	53	80	30	0	1	0	0	0	0	0	0	0	0	0	
0	0	0	0	0	0	0	0	0	0	2	94	139	142	99	6	3	0	101	138	39	118	210	6	3	0	106	77	60	173	48	0	3	0	66	251	161	17	0	1	0	50	159	131	100	0	5	0	0	112	203	149	37	0	1	0	0	5	53	19	0	1	0	0	
0	0	0	4	7	0	0	0	1	0	25	104	70	14	0	1	4	0	124	143	136	13	0	1	1	0	5	169	189	87	0	2	0	1	0	130	23	151	26	0	0	2	0	135	31	129	21	0	0	2	0	62	166	92	0	2	0	0	0	0	10	2	0	0	
0	0	0	0	17	26	0	1	0	3	0	80	198	140	33	0	0	4	0	85	38	88	75	0	1	0	0	0	8	117	10	0	0	51	129	196	219	181	3	0	24	219	209	164	30	129	139	0	15	75	29	0	0	21	60	0	0	0	0	3	3	2	0	0	
0	0	0	0	0	1	0	0	3	0	129	238	192	32	0	2	2	0	110	106	158	168	0	2	0	2	4	0	126	220	0	0	0	2	0	59	255	128	0	4	0	65	206	247	255	243	52	0	0	52	228	152	69	58	17	0	0	0	0	0	0	0	0	0	
0	0	1	1	0	0	0	0	0	1	0	15	79	12	0	1	1	0	20	116	153	83	0	3	3	0	146	99	127	160	0	4	3	0	93	162	202	86	0	3	0	1	0	23	146	4	0	0	0	2	0	159	82	0	3	0	0	0	9	89	6	0	0	0	
0	0	0	1	1	11	3	0	0	1	0	29	143	136	60	0	0	2	0	121	115	0	3	0	2	0	46	125	0	2	0	0	3	0	101	157	115	35	0	2	0	1	4	25	152	84	0	3	0	7	128	121	62	0	1	0	0	1	8	1	0	1	0	0	
0	0	0	2	0	0	0	0	0	0	0	2	73	40	0	1	0	1	0	107	156	132	0	3	3	0	81	170	64	171	2	0	2	0	57	161	224	95	0	3	0	2	0	58	122	0	1	0	1	0	10	177	35	0	1	0	1	0	23	62	0	2	0	0	
0	0	0	3	18	0	0	0	0	3	0	94	171	0	2	0	1	0	8	213	67	0	2	0	3	0	82	170	75	78	0	1	4	0	109	215	198	194	6	0	4	0	80	255	221	95	0	3	0	0	2	104	93	0	0	0	0	0	0	0	0	2	0	0	
0	0	0	1	0	0	0	0	0	0	2	0	51	111	105	0	0	4	0	52	212	208	140	0	2	0	26	225	208	39	0	2	0	42	95	70	99	136	0	4	0	199	238	102	174	71	0	3	0	33	121	141	81	0	1	0	0	0	0	0	0	1	0	0	
0	0	0	2	0	0	0	0	0	1	0	80	13	0	0	0	0	3	0	98	64	0	2	0	0	2	0	59	100	0	3	0	0	1	0	44	116	0	3	0	0	1	0	35	133	0	2	0	0	0	0	6	87	0	0	0	0	0	0	0	0	0	0	0	
0	0	0	2	0	0	0	0	0	0	2	0	28	62	0	2	0	0	13	81	58	120	0	4	3	0	98	142	92	99	0	2	1	0	141	132	200	136	30	0	0	2	0	49	154	0	2	0	0	3	0	131	81	0	3	0	0	0	0	24	6	0	0	0	
0	0	1	4	3	0	0	0	0	0	0	0	0	8	3	0	1	0	35	111	162	223	37	0	1	0	55	78	131	176	0	1	1	0	28	104	204	46	0	2	1	0	14	213	94	0	2	0	3	0	75	142	0	3	0	0	3	0	89	42	0	2	0	0	
0	0	1	0	9	13	0	0	0	2	0	74	134	93	14	0	2	0	42	153	2	110	13	0	1	0	24	140	142	85	0	2	0	1	0	179	182	0	1	0	3	0	96	117	151	29	0	1	3	0	96	170	82	0	2	0	0	0	1	9	0	0	0	0	
0	0	1	0	38	49	0	0	0	2	0	113	224	83	0	0	2	0	48	243	49	0	2	0	4	0	153	195	41	99	28	0	0	11	218	245	225	255	97	0	0	26	238	255	248	167	14	0	2	0	54	145	73	1	0	0	0	0	0	0	0	2	1	0	
0	1	0	14	63	43	0	0	0	3	0	89	133	149	55	0	0	1	4	7	0	141	71	0	0	1	2	0	53	186	4	0	0	14	102	156	236	70	0	3	0	154	255	156	104	186	17	0	0	45	38	0	0	104	35	0	0	0	0	3	4	0	0	0	
0	6	59	26	0	1	0	0	0	21	133	187	110	0	2	0	0	1	0	20	195	50	0	2	0	1	10	0	122	110	0	4	0	2	0	43	197	33	18	0	0	0	121	254	220	149	64	0	0	5	133	119	73	27	0	1	0	0	0	0	0	0	2	0	
0	0	0	1	4	4	3	1	0	0	0	1	0	0	0	0	0	2	0	28	90	92	129	46	0	0	0	168	192	70	42	7	0	31	75	33	163	51	0	2	0	31	210	217	176	7	0	1	0	0	13	40	3	0	0	0	0	1	1	0	1	1	0	0	
0	0	0	0	0	0	0	0	0	39	81	86	39	13	6	0	0	103	105	17	63	116	12	0	0	0	97	49	63	69	0	2	0	2	0	109	151	0	2	0	0	2	0	91	98	64	0	2	0	1	0	85	110	152	0	0	0	0	0	7	56	26	0	0	
0	0	0	0	1	3	0	0	0	4	26	22	3	0	0	0	0	18	183	193	174	109	0	0	0	0	5	0	72	205	0	0	0	0	4	0	135	107	0	3	0	1	0	20	192	18	0	1	0	3	0	122	142	0	3	0	0	2	0	135	54	0	2	0	
0	0	0	0	0	0	0	0	0	1	0	31	102	0	2	0	0	2	0	70	156	0	3	0	0	3	0	83	158	0	3	0	0	3	0	104	163	0	4	0	0	3	0	74	166	0	3	0	0	1	0	35	133	0	1	0	0	0	0	0	0	0	0	0	
0	0	0	1	1	0	0	0	0	0	3	0	132	93	0	3	0	0	0	0	219	95	0	4	0	2	0	55	239	25	0	2	0	3	0	158	175	0	3	0	2	0	39	237	50	0	2	0	3	0	93	147	0	2	0	0	0	0	0	1	1	0	0	0	
0	0	2	1	0	1	0	0	0	0	0	7	31	4	0	0	2	0	45	158	136	87	0	3	2	0	155	24	54	167	0	3	2	0	140	135	200	155	0	4	1	0	21	86	123	112	0	4	0	0	4	0	113	83	0	3	0	0	3	0	71	22	0	1	
0	0	2	1	0	0	0	0	0	0	3	0	71	92	0	3	2	0	65	14	109	118	0	4	1	0	169	28	131	61	0	1	0	69	224	166	224	181	118	0	0	21	0	129	148	15	6	0	0	2	0	134	48	0	2	0	0	1	2	3	1	2	0	0	
0	0	1	0	4	2	0	0	0	0	2	107	162	78	0	2	3	0	92	165	22	121	0	2	4	0	100	192	193	85	0	4	2	0	131	136	74	103	0	2	1	0	134	18	67	139	0	3	2	0	44	179	174	33	0	2	0	0	0	1	0	0	0	0	
0	1	10	1	0	0	0	0	0	3	110	138	112	55	0	1	0	0	1	0	89	194	3	0	1	3	0	123	239	78	0	3	0	0	5	66	20	156	19	0	21	70	14	0	79	183	5	0	17	138	153	147	130	29	0	1	0	0	2	3	0	1	0	0	
0	0	1	0	2	0	1	0	0	1	0	99	96	106	0	0	2	0	67	130	0	100	87	0	0	1	158	26	0	20	120	0	0	49	144	0	0	51	125	0	0	24	163	5	26	168	56	0	2	0	107	145	139	52	0	2	0	0	0	5	2	0	1	0	
0	0	1	0	0	1	0	0	0	1	0	51	62	0	0	0	2	0	61	170	179	43	0	1	4	0	103	144	153	193	0	1	0	0	5	59	207	89	0	3	0	2	0	45	184	1	0	1	0	2	0	175	96	0	3	0	0	0	2	87	9	0	0	0	
0	0	0	2	0	0	0	0	0	0	1	0	65	26	0	1	0	2	0	88	105	132	4	0	2	0	48	107	72	166	0	1	4	0	87	143	167	24	0	1	0	1	0	127	91	0	3	0	0	1	0	117	25	0	1	0	0	0	8	62	0	0	0	0	
0	0	0	0	0	2	1	0	1	0	35	70	12	0	0	0	3	0	121	190	152	175	14	0	0	0	4	0	101	190	0	0	0	1	0	23	208	36	0	2	0	3	0	162	130	0	4	0	3	0	73	208	3	0	0	0	2	0	64	63	0	2	0	0	
0	0	0	0	1	1	0	0	0	0	30	11	0	5	2	0	2	0	149	36	0	152	26	0	0	29	172	87	176	192	0	0	0	24	156	92	116	99	0	3	0	0	3	0	138	64	0	2	0	1	4	0	158	31	0	1	0	0	0	0	64	7	0	0	
0	0	0	1	0	0	0	0	0	0	0	0	162	46	0	2	0	1	0	27	224	32	0	2	0	3	0	95	201	0	1	0	0	3	0	179	129	0	4	0	2	0	34	232	36	0	2	0	3	0	66	162	0	1	0	0	0	0	0	0	1	0	0	0	
0	0	0	0	0	0	0	0	2	0	62	158	154	109	0	1	4	0	121	211	105	100	1	0	0	17	234	80	0	2	1	0	0	6	78	171	192	91	0	1	0	0	4	159	37	160	85	0	0	1	0	150	195	198	102	0	0	0	0	1	38	44	0	0	
0	0	0	0	0	0	0	0	1	0	7	118	208	99	0	2	3	0	74	202	65	190	22	0	1	3	2	0	41	188	2	0	0	1	17	63	207	82	0	3	10	165	244	209	215	74	0	1	28	140	58	0	23	169	55	0	0	0	0	1	0	2	4	0	
0	0	2	20	36	26	0	1	1	0	28	179	215	208	0	0	0	2	0	17	205	145	0	3	1	0	9	166	140	0	2	0	0	0	77	49	0	1	0	0	0	38	191	88	114	155	114	0	0	14	146	161	157	145	58	0	0	0	0	0	0	0	0	0	
0	0	0	3	0	78	26	0	0	0	4	0	113	197	7	0	0	3	0	102	212	19	0	1	3	0	62	206	27	0	2	0	0	10	200	145	227	186	0	1	0	25	233	255	227	87	0	1	1	0	45	69	9	0	0	0	0	0	0	0	1	3	0	0	
0	0	2	0	1	2	0	0	0	0	4	68	22	0	1	0	1	0	114	158	215	58	0	2	0	54	111	0	177	110	0	4	0	47	133	70	166	64	0	3	1	0	57	47	84	62	0	2	0	0	3	0	72	139	12	0	0	0	3	0	18	65	0	1	
0	0	1	1	0	0	2	0	0	1	0	24	110	191	35	0	1	0	9	216	246	255	107	0	3	0	112	233	7	153	195	0	0	46	229	33	0	206	161	0	0	161	216	115	232	225	29	0	0	86	210	220	128	12	0	1	0	0	0	0	0	1	1	0	
0	0	2	1	0	0	0	0	0	1	0	49	94	55	39	0	2	0	58	202	155	194	211	11	3	0	129	183	146	142	21	0	2	0	33	204	198	28	0	1	1	0	148	100	138	12	0	0	0	19	192	173	62	0	2	0	0	1	35	21	0	1	0	0	
0	0	0	0	1	3	1	0	0	0	61	27	0	0	0	0	1	0	152	228	198	165	27	0	0	0	2	15	125	251	33	0	0	1	1	3	206	109	0	3	1	0	0	193	167	0	2	0	4	0	97	241	19	0	1	0	2	0	65	72	0	2	0	0	
0	0	2	0	0	0	0	0	0	1	0	27	42	59	96	30	2	0	131	201	66	102	58	5	1	0	59	146	125	3	0	1	0	27	52	0	107	148	0	3	0	67	169	50	106	169	0	1	0	1	66	117	111	16	0	1	0	0	0	0	0	0	0	0	
0	0	1	0	0	1	0	0	0	0	0	166	151	0	2	0	3	0	77	237	219	88	0	3	3	0	170	134	49	190	0	0	0	8	212	41	0	210	32	0	0	23	234	59	77	233	21	0	1	0	87	193	197	78	0	2	0	0	0	1	0	0	0	0	
0	2	1	0	0	0	0	0	0	0	12	27	9	0	0	0	0	113	136	211	127	0	5	0	1	37	68	205	62	17	1	0	3	0	63	163	135	196	135	0	0	0	7	129	115	200	134	0	0	0	2	99	81	27	0	0	0	0	0	0	0	0	1	0	
0	0	0	1	0	0	0	0	0	1	0	31	156	0	0	0	0	2	0	47	208	3	0	1	0	3	0	104	190	0	2	0	0	4	0	149	134	0	4	0	0	1	0	193	86	0	3	0	1	0	9	169	25	0	1	0	0	0	0	0	0	0	0	0	
1	0	34	22	0	1	0	0	2	0	62	161	20	0	1	0	0	3	0	76	114	0	6	1	1	0	9	123	152	0	1	0	2	0	105	110	179	126	92	31	3	0	87	119	82	0	58	33	1	0	16	130	27	0	1	0	0	0	1	0	1	0	2	1	
0	0	6	55	55	2	0	0	0	21	185	146	135	113	0	1	0	23	69	0	0	147	61	0	0	0	0	3	0	101	112	0	0	1	99	146	27	152	83	0	0	118	180	74	243	174	0	2	0	67	72	31	151	64	0	3	0	0	1	0	0	1	0	0	
0	0	1	0	0	0	0	0	0	1	0	46	86	118	9	0	3	0	82	202	169	177	0	1	2	0	48	196	174	8	0	1	0	1	0	127	184	46	0	2	3	0	70	145	168	44	0	2	3	0	71	233	88	0	2	0	0	0	11	19	0	1	0	0	
0	0	0	0	0	0	0	0	10	94	118	130	117	40	0	1	17	101	79	43	82	215	13	0	0	0	4	68	192	165	0	1	2	0	23	152	118	150	45	0	0	0	12	3	0	152	107	0	2	0	108	143	147	149	11	0	1	0	11	64	39	0	1	0	
0	0	0	0	0	0	0	0	2	0	122	161	137	172	128	1	0	7	212	87	41	43	36	2	0	16	216	73	50	50	6	0	0	21	206	174	138	140	169	32	0	26	168	43	0	44	214	54	0	24	135	165	192	208	96	0	0	0	0	1	3	0	0	0	
0	0	0	7	72	1	0	0	0	3	0	92	158	0	2	0	0	1	0	168	39	0	2	0	2	0	34	196	143	53	0	2	3	0	86	198	89	189	8	0	4	0	122	195	127	159	0	0	1	0	15	77	60	5	0	0	0	0	0	0	0	1	0	0	
0	0	1	1	0	2	0	0	0	1	0	27	72	0	0	0	2	0	37	139	96	101	0	2	3	0	155	71	135	124	0	4	2	0	98	128	167	52	0	2	0	0	1	0	123	19	0	1	0	2	0	53	142	0	2	0	0	1	0	37	43	0	1	0	
0	0	0	0	0	2	0	0	0	27	79	58	27	0	0	0	0	32	128	97	150	88	0	2	0	0	2	0	49	174	0	2	0	1	7	0	123	140	0	4	0	1	0	15	206	37	0	2	0	3	0	140	149	0	3	0	0	1	0	79	24	0	1	0	
0	0	0	1	0	0	0	0	0	1	0	22	170	68	0	2	0	2	0	104	87	130	0	2	1	0	29	104	0	119	6	0	3	0	66	76	0	135	1	0	4	0	100	78	82	81	0	3	2	0	47	181	102	0	0	0	0	0	0	5	2	1	0	0	
0	0	0	0	0	1	0	0	0	0	0	123	77	49	38	0	3	0	91	147	0	135	44	0	3	0	86	105	75	163	0	1	0	1	0	183	233	19	0	1	3	0	117	178	181	24	0	1	2	0	131	173	108	1	0	0	0	0	0	6	0	0	0	0	
0	0	0	1	0	1	0	0	0	1	0	13	116	160	78	0	0	0	0	146	84	12	25	0	0	0	3	107	41	22	0	1	0	0	0	61	180	42	0	2	0	6	126	144	136	13	0	1	0	38	186	104	15	0	1	0	0	0	0	0	1	1	0	0	
0	0	0	0	0	0	0	0	0	0	3	0	88	147	0	2	0	0	2	0	196	181	0	2	0	2	0	45	247	77	0	3	1	0	0	185	149	0	3	0	3	0	124	236	30	0	2	0	0	1	173	78	0	2	0	0	0	1	3	0	1	0	0	0	
0	0	0	0	0	0	0	0	1	0	46	126	141	37	0	2	0	15	139	56	101	118	0	3	2	0	93	65	55	194	46	0	1	0	9	203	224	15	0	1	1	0	14	155	152	55	0	2	1	0	21	125	85	86	0	3	0	1	0	18	20	5	0	0	
0	0	1	43	35	0	1	0	2	0	143	172	166	78	0	3	0	3	53	0	24	181	15	0	1	0	12	82	17	152	65	0	0	52	167	117	147	190	43	0	1	166	39	0	169	195	0	2	1	100	70	97	123	78	0	2	0	0	0	0	0	1	0	0	
0	0	1	0	0	0	1	0	0	1	0	69	157	89	2	0	2	0	37	244	111	104	114	0	4	0	156	191	0	42	152	0	3	0	179	184	0	67	98	0	4	0	124	235	33	132	16	0	2	0	35	213	215	52	0	2	0	0	0	13	29	0	1	0	
0	0	0	0	0	0	0	0	0	56	140	132	106	7	0	1	0	31	60	19	112	107	0	4	0	1	0	21	157	56	0	2	2	0	80	212	194	6	0	1	1	0	28	4	74	154	0	3	2	0	41	133	145	91	0	2	0	0	4	51	36	0	0	0	
0	0	0	0	0	0	0	0	0	0	0	115	17	0	1	0	0	1	0	194	64	0	2	0	0	4	0	168	103	0	3	0	0	4	0	143	142	0	4	0	0	3	0	77	202	0	1	0	0	1	0	5	156	48	0	2	0	0	0	0	2	4	0	0	
0	0	6	16	0	2	0	0	1	0	17	126	0	1	0	0	1	0	28	124	2	75	0	1	3	0	82	73	40	128	0	3	4	0	117	72	99	152	3	0	1	0	26	159	226	114	0	2	0	1	0	22	85	0	1	0	0	0	1	1	0	2	0	0	
1	4	3	3	2	1	0	0	0	0	0	0	0	1	1	0	36	97	90	77	51	11	0	1	16	63	86	88	102	171	40	0	0	0	1	0	31	170	15	0	1	2	6	0	139	67	0	3	0	0	3	0	96	90	0	1	0	0	0	0	6	23	0	0	
0	0	0	0	2	2	0	0	0	23	79	40	5	0	0	0	0	35	125	144	159	53	0	2	0	0	2	0	70	153	0	3	0	1	7	0	100	118	0	4	0	0	1	0	176	57	0	2	0	2	0	89	143	0	3	0	0	1	0	78	27	0	1	0	
0	0	0	7	26	0	0	0	0	3	0	111	164	0	2	0	1	0	22	138	0	1	1	0	3	0	68	181	145	125	0	0	4	0	119	112	10	110	72	0	3	0	88	133	16	94	73	0	0	0	3	63	114	76	0	1	0	0	1	0	0	0	1	0	
0	0	0	0	0	6	17	0	0	0	1	60	5	69	72	0	2	0	54	142	26	123	4	0	0	0	1	115	188	18	0	1	0	2	0	110	162	34	0	2	3	0	75	122	99	65	0	2	2	0	40	124	72	0	1	0	0	0	0	0	0	0	0	0	
0	0	0	0	0	0	0	0	1	0	5	97	162	197	19	0	1	0	14	134	183	225	20	0	0	2	0	14	202	69	0	3	1	0	26	202	83	14	76	18	0	0	203	202	131	143	37	0	0	13	164	157	63	0	0	0	0	0	0	0	0	2	2	0	
0	0	1	3	0	0	0	0	0	1	1	0	23	21	0	1	1	0	23	121	130	181	28	0	0	26	135	107	138	157	6	0	0	132	155	85	174	165	0	3	0	16	54	1	130	76	0	3	0	2	0	59	154	0	1	0	0	2	0	101	30	0	1	0	
0	0	0	8	6	0	1	0	0	0	10	95	159	85	0	2	0	12	148	5	1	180	68	0	0	68	165	0	0	67	154	0	0	87	147	0	0	14	162	6	0	24	189	45	1	62	145	0	2	0	56	148	141	131	30	0	0	1	1	0	2	0	1	0	
0	0	0	3	0	12	18	0	0	0	3	0	39	167	83	0	0	3	0	100	166	203	84	0	3	0	102	169	0	127	80	0	0	52	168	0	70	188	3	0	0	149	145	130	189	40	0	2	0	50	159	94	3	0	1	0	0	0	0	0	1	2	0	0	
0	0	1	0	0	0	0	0	0	1	0	28	57	0	0	0	2	0	49	92	111	33	0	1	0	6	78	0	73	49	0	2	0	1	4	0	119	55	0	1	0	2	0	75	161	22	0	1	0	3	0	93	57	0	2	0	0	1	0	49	11	0	0	0	
0	0	0	0	1	1	0	0	0	0	0	2	0	96	45	0	0	0	2	0	25	227	42	0	0	0	1	0	189	137	0	3	0	3	0	135	193	0	0	1	3	0	65	228	20	0	1	0	1	0	177	79	0	3	0	0	0	3	31	1	1	0	0	0	
0	0	1	1	1	2	0	0	0	0	0	8	5	0	0	0	2	0	54	197	134	180	18	0	2	0	62	50	103	185	0	1	0	1	0	17	212	44	0	2	0	3	0	136	137	0	4	0	1	0	30	204	20	0	1	0	2	0	50	116	0	2	0	0	
0	0	0	0	1	0	1	0	1	0	91	192	195	120	0	0	0	2	107	54	15	199	87	0	0	0	0	45	0	148	126	0	0	18	181	183	160	184	58	0	0	114	128	0	215	188	0	2	0	50	165	156	97	61	0	1	0	0	6	4	0	1	0	0	
0	0	1	0	0	2	0	0	0	2	0	150	123	0	3	0	2	0	33	197	198	95	0	3	4	0	109	142	32	203	9	0	4	0	149	117	0	153	56	0	4	0	153	120	61	220	28	0	2	0	56	190	206	81	0	2	0	0	0	1	1	0	0	0	
0	0	0	0	0	0	0	0	0	12	109	130	77	2	0	0	0	12	71	39	153	109	0	4	0	2	0	95	186	23	0	1	0	2	0	73	187	30	0	2	0	0	7	0	93	111	0	4	1	0	11	146	175	53	0	2	0	1	0	32	45	0	1	0	
0	0	1	0	0	0	1	0	1	0	20	93	73	28	0	1	0	1	97	41	47	113	36	0	0	36	90	0	0	33	100	0	0	52	71	0	0	29	96	0	0	29	97	0	0	87	69	0	1	0	65	96	90	94	0	0	0	1	0	27	41	1	0	0	
0	0	1	0	0	0	0	0	0	0	14	73	1	73	1	0	3	0	101	108	34	174	0	2	0	1	162	1	129	107	0	4	1	0	169	96	200	66	0	3	1	0	27	168	192	0	1	0	0	2	0	63	136	0	3	0	0	0	0	18	19	0	1	0	
0	0	0	3	4	1	0	0	2	0	33	119	80	0	7	0	0	9	144	10	46	114	44	0	0	3	116	123	97	40	0	0	2	0	54	147	109	52	0	2	3	0	75	69	0	153	41	0	0	0	0	101	122	119	14	0	0	0	0	0	13	6	0	0	
0	0	1	0	0	6	0	0	1	0	10	69	131	101	0	2	3	0	133	141	61	2	0	0	3	0	129	137	113	132	33	0	1	0	12	101	59	118	107	0	0	10	89	1	0	162	74	0	0	4	135	113	145	131	0	0	0	0	2	15	12	0	0	0	
0	0	0	0	1	1	0	0	0	0	0	54	24	0	1	0	2	0	45	205	146	6	0	1	4	0	104	155	207	57	0	2	2	0	35	132	186	85	0	3	0	0	3	0	150	82	0	3	0	0	2	0	196	56	0	2	0	0	0	2	89	16	0	1	
0	1	0	43	33	0	1	0	0	3	0	115	54	0	2	0	1	0	19	113	0	8	0	0	3	0	70	66	82	188	11	0	3	0	101	112	139	139	0	1	3	0	88	223	110	19	0	1	1	0	12	49	4	0	1	0	0	0	1	0	2	1	0	0	
0	0	1	1	1	1	0	0	0	0	0	0	0	0	0	0	0	10	25	28	38	14	0	0	0	105	115	72	67	113	0	1	0	65	37	4	82	173	76	0	0	3	5	5	128	72	0	2	0	1	2	0	46	40	0	1	0	0	0	1	1	1	0	0	
0	0	0	0	0	1	0	0	0	3	77	91	78	18	0	1	0	3	106	122	148	172	6	0	0	0	1	0	21	190	12	0	0	0	7	0	158	104	0	3	0	3	0	81	171	0	1	0	2	0	42	210	28	0	1	0	2	0	60	88	0	2	0	0	
1	4	4	4	3	3	0	0	0	0	0	0	0	0	0	0	25	130	133	160	192	161	8	0	42	151	158	107	185	194	0	1	0	1	0	0	221	135	0	4	1	5	0	12	242	91	0	3	0	1	0	20	234	56	0	3	0	1	0	16	197	26	0	1	
0	0	1	0	26	22	0	1	0	1	0	45	114	15	39	2	1	0	13	94	6	85	53	0	1	0	15	108	126	64	0	2	0	3	0	180	135	0	5	0	2	0	45	171	125	1	0	0	1	0	18	124	62	0	1	0	0	0	0	0	0	0	0	0	
1	3	3	3	3	0	0	0	0	0	0	0	0	9	4	0	53	177	164	153	179	218	42	0	12	51	80	60	215	109	0	2	0	1	0	9	206	37	0	2	0	4	0	46	227	20	0	1	0	2	0	38	234	30	0	2	0	0	0	4	126	28	0	1	
0	0	2	0	0	0	0	0	0	0	0	36	75	66	1	0	1	0	80	104	44	128	38	0	0	27	184	70	89	208	22	0	0	0	37	47	197	136	0	3	0	2	0	109	141	0	1	0	3	0	86	155	0	2	1	0	1	0	74	25	0	1	0	0	
0	0	1	1	0	0	0	0	0	2	0	60	153	80	0	1	0	0	0	201	111	140	38	0	3	0	112	117	0	110	73	0	0	28	160	4	0	155	45	0	0	64	140	0	83	156	0	2	0	5	127	157	175	20	0	1	0	0	6	52	16	0	1	0	
0	0	0	0	0	0	0	0	0	0	0	3	139	17	0	1	0	0	0	1	179	31	0	1	0	1	0	23	179	10	0	1	0	3	0	82	155	0	4	0	0	3	0	161	92	0	3	0	1	0	18	145	7	0	0	0	0	0	2	2	0	0	0	0	
0	0	0	0	0	2	1	0	0	1	0	92	89	5	2	1	1	0	26	130	67	161	94	0	1	0	10	173	127	73	11	0	2	0	53	184	81	0	3	0	1	0	116	29	128	2	1	0	1	0	87	101	97	0	1	0	0	0	7	44	8	0	0	0	
0	1	0	0	3	0	1	0	2	0	56	167	195	111	0	2	0	54	209	59	12	206	94	0	0	39	31	0	0	150	129	0	2	0	78	147	149	255	122	0	0	100	146	40	185	162	81	0	0	109	133	164	127	0	1	0	0	0	14	8	0	3	2	0	
0	0	0	0	0	0	1	0	0	2	0	56	166	99	0	1	0	0	5	142	182	196	53	0	3	0	83	113	0	73	119	0	1	0	162	41	0	88	123	0	0	27	187	0	14	173	39	0	0	1	157	163	165	59	0	2	0	0	9	57	18	0	2	0	
0	0	0	3	55	2	0	0	0	2	0	57	152	0	2	0	0	2	0	137	44	0	2	0	2	0	48	132	112	142	2	0	4	0	113	214	141	196	10	0	4	0	147	193	119	54	0	2	1	0	29	67	24	0	1	0	0	0	0	0	1	2	0	0	
0	0	0	0	0	0	0	0	0	44	149	135	54	0	1	0	0	41	80	74	198	31	0	1	0	0	0	150	206	4	0	1	0	1	5	42	135	106	0	3	1	0	18	28	18	166	0	0	1	0	5	141	196	108	0	3	0	0	0	9	47	4	0	0	
0	0	0	2	0	23	10	0	0	1	0	34	109	124	8	0	0	0	6	127	64	1	0	0	3	0	67	148	74	67	0	1	1	0	16	52	40	165	5	0	0	46	81	32	122	98	0	2	0	13	106	131	70	0	0	0	0	0	0	0	0	2	0	0	
0	0	0	0	0	0	0	0	0	0	2	0	131	41	0	2	0	1	0	25	180	8	0	1	0	2	0	66	155	0	3	0	0	3	0	98	121	0	3	0	0	3	0	159	68	0	2	0	0	1	0	140	35	0	1	0	0	0	0	0	0	0	0	0	
0	0	0	0	0	0	0	0	1	0	18	88	117	98	0	0	0	1	99	67	100	168	0	1	1	0	8	138	190	17	0	1	1	0	27	94	101	110	0	0	0	0	1	0	16	167	12	0	0	1	101	138	151	55	0	2	1	0	35	56	8	0	0	0	
0	0	2	0	0	0	0	0	0	1	0	45	64	0	0	0	3	0	75	148	167	61	0	3	0	0	166	12	136	51	0	2	2	0	131	139	217	41	0	2	1	0	15	64	179	44	0	2	0	1	0	8	160	10	0	1	0	0	0	14	58	0	1	0	
0	0	1	2	0	0	1	1	0	1	1	2	88	95	7	0	1	0	16	164	142	80	144	3	0	2	177	96	0	0	156	55	0	110	119	0	0	67	159	7	0	147	122	55	135	146	33	0	0	28	110	109	76	3	0	1	0	0	0	0	0	2	2	0	
0	0	0	0	0	0	0	0	2	0	56	23	6	13	0	0	4	0	104	36	42	89	0	3	3	0	79	111	134	89	0	3	1	0	14	59	100	64	0	3	0	0	3	0	71	88	0	3	0	0	3	0	99	81	0	3	0	0	0	0	24	8	0	0	
0	1	0	26	46	0	1	0	1	0	26	188	193	106	0	2	1	0	39	61	0	189	44	0	0	0	1	11	0	124	88	0	0	7	135	151	91	165	48	0	0	81	178	90	255	109	0	3	0	28	133	85	69	43	0	2	0	0	0	0	0	1	0	0	
0	0	0	0	0	0	0	0	0	2	0	47	75	0	2	0	0	4	0	132	185	0	3	0	0	3	0	111	162	0	3	0	0	4	0	136	110	0	3	0	0	4	0	136	94	0	3	0	0	3	0	82	193	2	0	1	0	0	0	4	23	0	0	0	
0	0	1	1	1	2	1	0	0	0	0	9	2	113	15	0	1	0	19	128	106	116	0	2	2	0	35	188	151	11	2	1	1	0	1	231	110	0	4	0	3	0	83	134	144	16	0	1	3	0	64	156	99	0	0	0	0	0	0	9	2	0	0	0	
0	0	1	0	0	0	2	0	0	2	0	88	226	146	0	2	3	0	71	241	181	214	81	0	0	0	201	92	0	40	212	13	0	68	211	0	0	89	193	0	0	58	238	55	120	229	45	0	0	1	140	218	162	33	0	2	0	0	0	0	0	0	1	0	
0	0	3	1	0	0	0	0	0	0	0	3	22	2	0	0	0	12	73	109	181	86	0	3	0	81	97	0	116	91	0	3	0	1	1	0	151	28	0	1	0	2	0	41	151	0	2	0	0	3	0	112	97	0	3	0	0	2	0	115	30	0	1	0	
0	0	0	0	0	0	0	0	0	1	0	78	122	80	90	38	1	0	2	159	98	88	128	35	4	0	141	134	0	3	0	0	2	0	69	167	99	0	5	1	0	1	0	5	185	42	0	2	0	30	110	145	127	3	0	1	0	4	59	42	0	0	0	0	
0	0	0	9	29	0	1	0	0	3	0	141	255	34	0	2	3	0	79	201	209	194	0	0	1	0	206	96	48	217	99	0	0	52	212	0	82	169	174	0	0	73	232	86	182	245	84	0	0	0	95	168	141	43	0	1	0	0	0	0	0	0	2	0	
0	0	0	0	0	0	0	0	5	19	14	13	19	8	0	0	62	156	152	145	191	123	0	4	1	1	7	0	120	133	0	4	0	0	3	0	162	113	0	4	0	1	1	0	197	75	0	3	0	1	0	0	208	54	0	2	0	0	0	4	148	33	0	1	
0	0	0	4	1	0	0	0	0	2	0	109	104	5	0	1	0	0	2	0	118	120	0	4	0	1	0	45	127	19	0	1	1	0	0	164	112	0	1	0	0	0	10	0	132	51	0	2	2	0	54	79	84	0	0	0	0	0	3	14	2	0	0	0	
0	0	0	3	1	1	2	1	0	0	0	0	0	0	0	0	0	1	0	73	120	114	128	48	1	0	27	168	22	5	28	8	0	9	2	35	130	0	0	0	0	45	102	107	110	0	2	0	0	0	53	52	2	0	0	0	0	0	0	0	1	0	0	0	
0	0	1	0	51	21	0	1	0	1	0	22	125	7	0	0	0	2	0	103	53	0	2	0	1	0	37	103	8	118	28	0	3	0	68	150	209	211	24	0	2	0	42	206	76	1	0	0	1	0	24	41	0	3	1	0	0	0	0	0	2	1	0	0	
0	0	1	0	0	1	2	0	0	0	14	100	0	2	0	0	3	0	80	125	0	22	86	0	3	0	118	45	0	136	98	0	2	0	125	61	148	140	0	2	2	0	65	97	130	68	0	3	0	0	2	0	57	42	0	2	0	0	2	4	1	1	0	0	
0	0	12	12	0	1	0	0	3	0	80	54	5	59	0	1	3	0	111	22	57	125	0	3	0	4	119	0	72	83	25	0	0	48	105	0	111	142	42	0	0	34	134	104	187	75	0	1	0	0	10	38	82	8	0	1	0	1	1	0	0	1	0	0	
0	0	0	0	0	3	0	0	0	1	0	98	165	7	22	15	4	0	104	154	17	138	158	24	3	0	66	164	166	125	3	0	0	2	0	162	222	52	0	4	3	0	112	141	124	126	0	4	3	0	123	172	114	4	0	1	0	0	0	1	0	0	0	0	
0	0	0	1	2	0	0	0	0	1	0	15	100	0	0	0	0	0	0	2	98	2	0	0	0	1	0	23	93	0	2	0	0	2	0	63	89	0	3	0	0	3	0	108	46	0	2	0	0	0	0	86	9	0	0	0	0	0	1	3	0	0	0	0	
0	6	26	0	3	4	1	0	0	50	247	69	0	2	1	1	0	87	255	79	35	92	20	0	0	120	162	18	248	221	180	8	0	54	173	58	176	62	229	21	2	0	133	202	238	255	128	0	0	1	0	89	129	69	0	0	0	0	2	0	0	0	2	0	
0	0	1	0	16	9	0	0	0	0	10	9	65	75	0	3	1	0	25	109	35	107	0	3	2	0	66	87	27	98	0	3	0	26	170	15	56	116	0	0	0	14	87	110	166	143	23	0	0	0	0	8	79	7	0	0	0	1	4	1	0	0	0	0	
0	0	0	0	1	1	0	0	0	0	1	0	37	100	0	2	0	0	3	0	129	91	0	3	0	1	0	20	181	9	0	1	0	3	0	97	128	0	3	0	0	0	0	175	41	0	1	0	1	0	31	105	0	1	0	0	0	0	0	1	1	0	0	0	
0	1	10	2	2	2	0	0	0	24	75	0	2	0	0	0	0	2	90	78	47	33	1	0	0	0	3	20	80	139	7	0	0	2	0	40	132	85	0	1	0	0	5	105	0	94	11	0	0	0	0	60	57	53	0	1	0	0	0	0	0	0	0	0	
0	0	0	0	0	0	0	0	1	0	7	117	119	12	0	1	1	0	12	177	241	57	0	3	0	3	0	77	242	16	0	1	0	3	0	121	238	89	0	3	1	0	2	206	109	144	0	2	0	2	0	164	181	59	0	2	0	1	0	21	20	0	0	0	
0	0	0	14	72	0	1	0	0	2	0	61	84	0	3	0	0	2	0	107	36	0	1	0	1	0	32	92	0	2	0	0	3	0	71	80	71	65	0	1	1	0	16	189	212	112	0	2	0	0	0	10	2	0	0	0	0	0	1	0	2	3	0	0	
0	1	0	13	10	0	0	0	2	0	78	135	113	25	0	1	0	49	142	0	98	57	0	2	0	102	36	46	172	124	77	1	0	115	12	106	49	0	163	39	0	93	129	132	193	152	87	0	0	0	51	69	50	21	0	0	0	1	0	0	0	0	2	0	
0	0	0	0	0	1	0	0	0	7	65	59	37	0	0	0	0	5	50	46	124	77	0	3	0	0	4	0	105	95	0	3	0	1	0	7	137	16	0	1	0	2	0	52	105	0	3	0	0	3	0	123	70	0	2	0	0	1	0	67	19	0	1	0	
0	0	0	0	0	0	0	0	0	2	0	73	43	0	2	0	0	4	0	111	89	0	3	0	0	3	0	72	94	0	3	0	0	1	0	37	130	0	3	0	0	1	0	17	150	1	0	0	0	0	0	0	123	16	0	1	0	0	0	0	0	0	0	0	
0	12	9	0	0	1	1	0	0	51	123	93	80	11	0	1	0	0	36	43	76	119	9	0	0	0	0	3	0	74	66	0	0	0	0	42	46	105	35	0	3	0	117	178	197	159	0	2	1	0	112	78	10	73	4	0	0	0	0	0	0	0	0	0	
0	0	0	0	0	0	0	0	0	0	2	0	57	36	0	1	0	0	3	0	140	50	0	2	0	0	0	10	161	9	0	1	0	2	0	56	152	0	2	0	0	3	0	124	86	0	3	0	0	2	0	113	23	0	1	0	0	0	0	6	3	0	0	0	
0	3	10	7	6	2	0	0	0	14	53	39	14	45	22	0	0	0	0	12	35	133	38	0	1	0	12	126	152	78	0	2	1	0	43	22	0	99	18	0	0	5	138	5	11	148	24	0	1	0	85	107	121	50	0	1	0	0	1	12	4	0	0	0	
0	0	0	0	1	1	0	0	1	0	37	90	25	0	1	0	0	14	180	61	107	23	0	1	0	8	55	0	133	44	0	1	0	1	0	91	100	0	6	7	2	0	49	169	61	90	106	43	0	0	0	31	71	55	8	0	0	0	0	0	0	0	0	1	
0	0	2	0	1	1	0	0	0	0	0	13	8	0	0	0	1	0	144	225	221	51	0	2	0	20	205	171	222	125	0	4	0	0	3	0	180	80	0	3	0	0	3	0	180	57	0	2	0	0	1	0	170	36	0	1	0	0	0	4	136	19	0	1	
0	0	0	0	2	0	0	0	0	0	2	115	167	26	0	1	1	0	20	78	155	52	0	2	0	2	0	52	136	2	2	0	2	0	53	227	35	0	4	9	0	31	191	104	155	89	83	50	0	18	31	0	20	73	49	0	0	0	1	4	1	0	0	1	
0	0	0	0	1	0	0	0	0	0	3	0	110	55	0	2	0	0	0	1	187	40	0	2	0	1	0	38	188	0	0	0	0	3	0	102	152	0	3	0	0	1	0	177	57	0	2	0	1	0	32	131	0	1	0	0	0	0	2	2	1	0	0	0	
0	1	0	0	0	0	0	0	1	0	18	70	134	123	13	0	0	43	228	196	185	249	43	0	0	41	65	0	158	141	0	1	1	0	21	176	94	0	58	35	0	35	241	188	119	197	161	19	0	54	205	194	156	60	1	0	0	0	0	0	0	0	2	1	
0	0	0	0	0	1	1	0	1	0	23	137	146	34	0	1	1	0	36	83	114	204	7	0	0	1	1	2	0	171	57	0	1	0	22	44	15	157	26	0	0	24	162	117	193	146	0	3	0	65	148	12	58	47	9	0	0	0	34	26	0	0	0	0	
0	1	1	0	0	0	0	0	0	0	0	10	15	7	0	0	0	72	149	155	178	202	6	0	0	14	31	0	139	172	0	3	0	1	0	3	210	69	0	3	0	3	0	62	195	0	0	0	0	4	0	128	147	0	4	0	0	3	0	98	68	0	2	0	
0	0	0	0	0	0	0	0	0	1	0	30	115	5	0	1	0	3	0	59	235	16	0	1	0	3	0	69	206	0	0	1	0	4	0	142	172	0	4	0	0	2	0	181	121	0	3	0	1	0	12	177	29	0	1	0	0	0	4	29	3	0	0	0	
0	0	0	1	0	0	0	0	0	0	0	13	53	0	0	0	0	3	0	99	202	0	2	0	1	0	20	200	156	0	2	0	3	0	72	97	109	0	2	0	0	1	0	30	99	0	2	0	0	2	0	57	113	0	3	0	0	1	0	21	45	0	1	0	
0	0	0	0	2	1	0	0	0	25	74	63	1	0	0	0	0	50	86	128	127	0	2	0	0	0	0	55	224	76	0	3	2	0	100	96	187	211	57	0	0	1	137	97	72	37	151	12	1	0	35	59	1	0	1	1	0	0	0	0	1	2	2	0	
0	0	0	0	0	0	0	0	0	2	0	70	138	0	2	0	0	3	0	100	169	0	3	0	0	3	0	96	183	0	3	0	0	3	0	97	169	0	3	0	0	3	0	98	189	0	2	0	0	2	0	63	147	0	2	0	0	0	0	0	0	0	0	0	
0	0	3	3	3	1	0	0	0	0	0	0	0	0	0	0	1	0	64	163	154	11	0	1	0	1	161	194	255	96	0	4	0	0	2	0	160	101	0	4	0	0	5	0	101	63	0	2	0	0	4	0	134	77	0	3	0	0	3	0	123	51	0	2	
1	0	36	38	0	1	0	0	0	47	140	117	67	0	2	0	0	22	8	14	123	0	1	0	0	0	1	0	118	8	0	1	0	0	5	98	189	86	0	1	3	0	85	126	96	84	115	1	1	0	27	111	33	0	37	9	0	0	0	0	0	2	0	0	
0	2	0	60	62	0	2	0	0	3	0	119	64	0	2	0	1	0	14	137	4	0	1	0	3	0	77	136	0	7	0	0	4	0	95	153	140	220	72	0	2	0	49	186	158	141	29	0	0	0	0	10	21	0	0	0	0	0	2	1	0	3	1	0	
0	0	0	0	0	0	0	0	0	32	28	0	23	72	6	0	0	135	45	0	61	219	7	0	0	109	153	79	203	155	0	3	0	10	112	120	120	121	0	4	0	1	3	0	91	175	0	3	0	1	6	0	65	188	0	1	0	0	0	0	6	60	5	0	
0	0	0	3	22	1	0	0	0	0	3	0	111	40	0	2	0	2	0	70	101	120	0	3	1	0	31	141	12	143	19	0	2	0	124	38	0	154	36	0	2	0	161	97	79	102	0	1	2	0	36	134	70	0	0	0	0	0	0	0	0	1	0	0	
0	0	0	0	0	0	0	0	0	1	1	0	8	16	1	0	0	18	89	103	89	122	11	0	0	0	2	0	19	41	0	1	0	0	14	40	118	76	45	0	0	0	7	115	93	46	22	0	1	0	21	58	0	1	0	0	2	0	53	29	0	3	1	0	
0	0	0	0	0	0	0	0	0	0	0	10	92	3	0	0	0	1	0	11	182	17	0	1	0	1	0	25	160	0	0	0	0	3	0	81	111	0	3	0	0	3	0	137	51	0	2	0	1	0	15	149	5	0	0	0	0	0	8	26	0	0	0	0	
0	0	1	0	1	1	0	0	1	0	29	25	5	0	0	0	3	0	171	195	196	49	0	2	0	4	213	254	255	89	0	4	3	0	84	188	219	92	0	4	0	0	3	0	171	100	0	4	0	0	4	0	188	104	0	4	0	0	2	0	82	46	0	2	
0	0	0	0	0	0	0	0	0	49	113	94	61	0	0	0	0	13	68	67	143	99	0	4	0	0	0	69	182	47	0	2	1	0	22	95	133	111	0	3	2	0	59	8	30	163	0	1	3	0	73	139	105	50	0	2	0	0	1	54	25	0	1	0	
0	0	0	0	0	1	1	0	1	0	12	58	53	13	0	1	2	0	41	67	48	135	34	0	1	0	38	71	13	81	105	0	0	100	144	49	83	215	109	0	0	90	124	58	105	93	74	12	0	0	27	46	19	0	0	0	0	1	0	0	0	3	3	0	
0	0	0	16	19	0	1	0	0	3	0	102	57	0	2	0	1	0	4	150	67	0	3	0	2	0	71	29	137	101	0	2	0	20	67	0	4	169	82	0	0	40	113	1	9	85	93	0	0	2	98	76	53	29	0	0	0	0	0	0	0	0	2	0	
0	0	0	0	0	0	0	0	0	0	0	20	34	6	0	0	1	0	32	155	134	113	0	3	1	0	41	95	81	87	0	3	0	0	2	12	159	31	0	1	0	1	0	38	136	0	2	0	0	3	0	108	87	0	3	0	0	2	0	92	31	0	1	0	
0	0	0	0	0	1	1	0	1	0	32	149	113	29	0	1	2	0	82	81	58	158	13	0	0	1	0	3	0	113	58	0	1	0	55	94	18	69	23	0	0	51	136	0	113	135	0	3	0	28	131	95	75	29	0	1	0	0	6	11	0	0	0	0	
0	0	0	3	0	0	0	0	0	0	1	0	6	21	27	3	0	0	0	108	156	128	109	7	3	0	112	137	0	1	0	0	2	0	51	127	50	0	4	0	0	2	0	68	119	0	3	0	1	0	25	153	26	0	1	0	2	0	104	61	0	2	0	0	
0	0	0	0	3	14	0	0	0	0	0	7	58	78	0	2	0	0	7	63	62	12	0	1	1	0	26	86	26	3	0	0	0	0	3	19	31	51	1	0	2	0	64	70	18	98	0	0	1	0	17	102	72	11	0	1	0	0	0	0	0	1	0	0	
0	0	0	0	0	0	0	0	0	63	39	0	28	45	0	2	0	83	147	0	82	114	0	4	0	7	192	25	60	130	0	4	2	0	66	173	161	161	0	3	0	1	0	21	106	178	0	1	0	0	2	1	0	152	20	0	0	0	0	2	1	14	3	0	
0	0	1	2	2	1	0	0	0	1	26	0	0	0	0	0	1	0	109	67	44	18	0	1	1	0	15	61	84	106	0	3	0	0	2	0	50	88	0	3	0	0	3	0	113	31	0	1	0	2	0	61	95	0	2	0	0	1	0	49	21	0	1	0	
0	0	0	0	0	0	0	0	0	0	1	114	219	131	0	0	3	0	86	154	50	223	101	0	0	1	1	0	17	226	91	0	0	2	92	100	200	170	0	0	0	103	255	254	246	42	0	2	0	69	183	63	128	112	0	3	0	0	0	0	0	3	0	0	
0	0	0	0	7	4	0	0	0	2	0	75	132	88	0	1	0	0	2	117	21	77	5	0	1	0	30	34	0	40	2	0	0	13	73	47	111	59	0	2	0	22	87	0	152	47	0	2	1	0	95	98	65	18	0	1	0	0	1	2	2	1	0	0	
0	1	1	0	0	0	0	0	0	0	0	13	35	52	58	11	0	39	205	233	239	241	229	43	0	25	243	130	13	20	16	0	3	0	124	233	158	12	0	1	0	0	18	45	219	123	0	4	3	0	133	192	200	59	0	2	1	0	21	55	8	1	0	0	
0	0	1	1	0	0	0	0	0	0	0	4	28	8	0	0	1	0	8	99	123	62	0	2	2	0	106	61	89	53	0	2	1	0	20	20	97	75	0	3	0	0	1	0	105	19	0	1	0	1	0	46	101	0	2	0	0	2	0	72	46	0	2	0	
0	0	0	38	13	0	0	0	3	0	110	220	172	26	0	1	1	0	44	0	158	81	0	3	0	3	0	81	186	0	0	0	1	0	7	192	50	0	2	0	4	0	97	230	127	122	13	0	2	0	39	139	149	154	27	0	0	0	0	0	0	0	0	0	
0	0	0	0	1	2	0	0	0	0	3	0	77	106	0	3	0	0	3	0	145	78	0	3	0	1	0	17	164	7	0	1	0	3	0	87	137	0	3	0	0	2	0	164	58	0	2	0	1	0	29	143	0	0	0	0	0	0	2	2	0	0	0	0	
0	0	2	2	0	1	0	1	0	9	139	17	0	10	22	0	0	71	153	0	0	158	199	16	0	111	76	0	57	102	129	26	0	128	39	0	153	166	77	0	0	82	159	127	195	69	0	1	0	0	60	99	51	0	4	0	0	1	0	0	2	3	0	0	
0	0	3	0	1	0	0	0	0	1	0	2	1	10	2	0	0	1	90	151	206	212	14	0	0	127	177	138	192	222	15	0	0	100	140	54	41	184	0	0	0	0	3	0	91	145	0	4	0	2	6	0	167	93	0	3	0	1	0	10	174	51	0	2	
0	0	0	0	0	1	0	0	0	10	27	11	3	0	0	0	41	180	192	189	204	107	0	3	11	19	2	0	146	131	0	4	0	0	2	51	203	124	0	4	1	0	4	46	207	93	0	4	0	0	0	0	209	73	0	3	0	0	0	2	140	32	0	1	
0	0	0	0	8	11	0	0	0	0	3	0	79	76	0	3	0	1	0	18	182	95	0	4	0	1	0	126	93	127	0	3	3	0	89	119	79	137	0	4	4	0	147	145	161	38	0	2	2	0	74	142	39	0	1	0	0	0	0	0	1	1	0	0	
0	0	0	0	0	0	0	0	0	0	0	56	40	0	1	0	1	0	15	185	182	4	0	1	0	0	0	33	143	11	0	1	0	1	0	21	139	0	1	0	0	2	0	71	116	0	3	0	0	4	0	122	82	0	3	0	0	1	0	53	29	0	1	0	
0	0	0	5	89	10	0	0	0	2	0	76	140	0	2	0	1	0	26	140	5	4	0	0	3	0	105	65	94	159	26	0	0	4	155	146	120	175	78	0	2	0	111	242	146	42	0	1	0	1	0	37	33	0	1	0	0	0	2	0	1	2	0	0	
0	0	2	3	0	0	0	0	0	0	0	0	1	1	0	0	2	0	71	122	191	125	0	3	1	0	44	24	152	101	0	3	0	1	0	8	187	27	0	1	0	2	0	62	162	0	3	0	0	4	0	114	124	0	4	0	0	2	0	78	56	0	2	0	
0	0	1	2	0	4	1	0	0	1	0	6	182	88	0	4	1	0	9	166	160	161	23	0	3	0	154	135	0	76	171	3	0	46	177	0	0	0	190	51	0	90	168	0	38	128	105	0	0	18	152	161	129	68	0	1	0	0	1	5	0	0	2	0	
0	0	0	2	0	0	0	0	0	2	0	101	42	0	1	0	0	3	0	125	54	0	2	0	0	3	0	105	62	0	2	0	0	3	0	76	124	0	4	0	0	1	0	18	166	8	0	1	0	0	2	0	122	34	0	1	0	0	0	0	0	0	0	0	
0	0	2	0	63	54	0	2	0	1	0	7	185	58	0	2	0	2	0	149	87	0	3	0	3	0	74	153	110	104	1	0	3	0	151	173	107	200	68	0	2	0	127	240	163	73	4	0	0	0	0	31	51	0	1	0	0	0	2	0	0	3	0	0	
0	0	0	0	1	1	0	0	0	49	176	130	34	0	1	0	0	34	74	98	178	30	0	2	0	0	3	0	76	77	0	3	0	1	6	52	174	132	41	18	4	0	108	255	187	161	188	66	2	0	60	106	0	0	0	0	0	0	0	0	2	4	2	1	
0	0	0	4	0	17	27	0	0	0	3	0	92	220	156	0	0	2	0	117	187	99	156	0	2	0	137	178	0	84	144	0	0	87	159	0	0	188	87	0	0	211	139	53	193	162	0	1	0	52	150	145	89	0	1	0	0	0	0	0	0	2	0	0	
0	0	0	0	0	0	0	0	0	2	0	66	17	0	1	0	0	3	0	87	37	0	1	0	0	3	0	82	57	0	2	0	0	2	0	57	65	0	2	0	0	1	0	33	102	0	2	0	0	0	1	0	76	16	0	1	0	0	0	0	2	1	0	0	
0	0	0	6	1	0	0	0	0	23	165	150	133	42	0	2	0	10	48	0	65	191	2	0	0	0	1	0	33	187	2	0	1	0	64	128	218	100	0	4	0	86	164	98	195	132	0	4	0	67	118	16	78	131	0	3	0	0	0	0	4	0	0	0	
0	0	1	0	1	0	2	0	0	0	4	15	3	71	13	0	3	0	105	191	58	144	145	0	3	0	145	159	12	65	160	0	4	0	128	107	72	145	9	0	3	0	91	223	94	4	0	1	4	0	166	185	0	5	1	0	1	0	35	64	0	2	0	0	
0	0	1	0	13	12	0	0	0	1	1	1	203	99	0	4	0	1	0	143	198	135	0	4	2	0	120	107	24	204	8	0	0	77	138	0	19	212	22	0	0	151	130	22	146	183	0	0	0	35	124	140	124	12	0	1	0	0	0	0	0	1	0	0	
0	0	1	0	0	2	0	0	1	0	26	127	0	1	0	0	3	0	108	121	0	95	15	0	0	4	154	16	11	173	11	0	0	64	180	83	167	203	128	42	0	27	114	61	176	66	0	5	0	0	2	0	116	32	0	1	0	1	4	3	1	1	0	0	
0	0	2	0	81	28	0	1	0	3	0	111	177	10	0	1	3	0	68	165	0	0	0	0	0	1	145	37	79	75	12	0	0	14	180	165	115	209	89	0	4	0	108	255	208	109	0	1	0	0	2	65	83	15	0	1	0	0	1	0	0	0	0	0	
0	0	0	3	2	0	0	0	0	9	47	0	0	23	10	0	0	34	245	160	131	156	43	0	0	13	204	255	152	0	0	1	0	0	8	22	138	128	0	3	0	1	1	0	9	159	7	0	0	0	0	38	131	149	0	1	0	0	0	84	105	22	0	1	
0	0	0	0	1	0	0	0	0	0	2	0	58	93	0	3	0	0	3	0	127	71	0	3	0	0	0	12	141	6	0	0	0	2	0	75	89	0	3	0	1	0	16	149	14	0	1	0	3	0	81	81	0	2	0	0	0	0	4	2	1	0	0	0	
0	0	0	0	5	1	0	0	0	0	2	82	153	75	0	3	2	0	40	117	134	88	0	3	2	0	83	169	173	2	0	1	0	0	2	0	84	103	0	3	0	102	71	0	44	150	0	2	0	25	102	115	152	52	0	2	0	0	0	2	4	0	0	0	
0	0	1	3	4	2	0	0	0	0	1	0	0	0	12	42	1	0	20	94	108	77	95	72	2	0	134	118	47	17	2	0	1	0	87	114	105	18	0	3	0	5	45	5	141	43	0	2	0	13	128	93	67	0	1	0	0	0	3	3	0	1	0	0	
0	0	1	0	0	0	0	0	0	1	0	17	58	0	1	0	0	28	96	17	154	0	1	0	0	32	133	0	147	35	0	1	2	0	125	111	197	120	0	3	1	0	22	66	93	123	0	4	0	0	1	0	11	151	8	0	0	0	1	3	0	25	5	0	
0	0	2	0	0	0	2	0	0	1	0	53	119	50	0	1	1	0	65	106	56	12	72	24	1	0	148	65	0	87	130	0	1	0	6	109	166	136	1	0	1	0	11	145	182	2	1	1	2	0	158	127	43	0	2	0	0	0	30	23	0	0	0	0	
0	0	1	2	0	1	2	0	0	1	0	8	113	57	0	2	1	0	8	155	228	204	106	3	3	0	125	187	0	33	25	0	0	0	9	113	164	1	0	1	0	25	1	3	185	36	0	1	0	106	160	157	70	0	1	0	0	9	54	18	0	1	0	0	
0	0	2	1	0	0	2	0	0	1	0	0	0	2	0	0	1	0	57	27	0	3	76	13	0	57	123	2	0	95	106	0	0	78	135	65	87	165	6	0	1	0	39	83	173	47	0	2	0	1	0	0	9	1	0	0	0	0	2	3	1	1	0	0	
0	1	4	3	3	1	0	0	0	0	0	0	0	0	0	0	0	21	110	152	159	27	0	1	0	13	73	56	109	129	0	4	0	0	3	0	72	111	0	4	0	0	6	0	116	66	0	2	0	0	0	6	122	12	0	1	0	1	0	36	64	0	2	0	
0	0	0	0	0	0	0	0	0	1	54	43	43	49	18	0	0	3	58	30	35	166	91	0	0	1	1	72	138	60	0	2	19	26	3	48	33	129	23	0	8	118	52	0	8	150	56	0	0	21	101	119	111	54	0	1	0	1	0	0	0	0	0	0	
0	0	1	1	4	5	0	0	0	1	0	33	152	142	5	0	1	0	12	171	56	120	16	0	3	0	91	113	0	5	0	0	4	0	105	123	67	10	0	1	4	0	122	197	115	153	9	0	0	0	2	97	132	120	8	0	0	0	0	0	6	1	0	0	
0	0	2	0	22	5	0	0	0	0	3	0	174	102	0	4	2	0	53	176	148	177	0	3	2	0	186	163	33	222	11	0	0	24	237	32	31	226	14	0	0	1	207	121	63	255	38	0	1	0	23	126	133	125	7	0	0	0	1	0	0	0	0	0	
0	0	6	2	1	2	0	0	0	44	175	163	37	0	2	0	0	28	28	68	191	28	0	1	0	0	2	0	67	176	0	0	2	0	55	165	74	157	49	0	3	0	84	136	153	243	35	0	0	0	3	129	183	130	0	1	0	0	0	2	7	0	0	0	
0	0	1	0	0	0	0	0	0	0	0	125	57	0	2	0	3	0	77	207	171	0	1	0	0	0	17	23	193	17	0	1	0	2	0	41	197	3	0	1	0	3	0	69	219	1	0	1	0	3	0	63	213	5	1	0	0	0	0	6	26	0	3	0	
0	0	0	1	0	0	0	0	0	1	0	22	76	26	0	1	0	0	2	65	162	88	0	3	2	0	41	87	138	27	0	1	3	0	97	120	86	7	0	0	0	0	14	25	100	0	2	0	0	1	0	30	159	0	0	0	0	0	0	12	69	0	0	0	
0	0	0	0	1	0	0	0	1	0	37	36	0	47	5	0	4	0	107	46	45	102	10	0	0	6	108	0	106	31	0	0	0	8	158	87	158	86	41	0	2	0	44	174	133	22	52	0	0	3	0	85	41	0	8	0	0	0	1	20	6	0	0	0	
0	0	1	0	0	2	1	0	1	0	11	139	90	2	0	1	0	4	145	126	131	143	24	0	0	65	103	0	0	72	143	0	0	106	60	0	5	5	116	3	0	73	145	0	0	84	86	0	1	0	99	145	130	107	10	0	0	1	0	10	13	0	1	0	
0	0	2	0	0	0	0	0	0	1	0	90	103	33	11	0	2	0	85	132	37	119	12	0	0	0	203	95	80	90	0	2	1	0	29	172	247	61	0	3	0	0	9	102	109	103	0	4	1	0	27	175	150	23	0	1	0	1	0	39	23	0	1	0	
0	0	0	0	5	40	10	0	0	1	0	40	103	70	13	0	0	0	0	122	20	0	1	0	0	1	0	57	70	0	2	0	0	0	2	0	108	31	0	1	0	0	25	18	154	35	0	1	1	0	67	115	99	0	1	0	0	0	0	0	0	0	0	0	
0	0	0	0	1	1	0	0	0	1	0	62	17	24	22	0	2	0	38	153	7	101	10	0	1	0	2	119	180	46	0	2	0	1	0	20	206	24	0	1	0	3	0	118	190	1	0	1	0	1	0	174	74	0	2	0	0	0	1	17	0	0	0	0	
0	0	0	0	0	1	0	0	1	0	32	114	96	11	2	0	4	0	110	200	53	212	64	0	0	0	0	146	192	133	0	1	1	0	8	143	222	27	0	2	3	0	169	98	140	66	0	2	2	0	115	187	152	0	0	0	0	0	0	35	16	0	1	0	
0	0	1	1	0	0	0	0	0	0	3	42	0	47	21	0	1	0	37	106	0	116	5	0	2	0	82	41	19	104	0	2	2	0	132	91	133	98	0	2	2	0	52	90	108	35	0	1	0	0	1	0	89	10	0	0	0	0	2	4	25	1	0	0	
0	1	0	59	36	0	1	0	2	0	35	139	8	0	1	0	3	0	107	59	0	3	1	0	2	0	114	25	9	10	0	0	3	0	84	158	97	110	17	0	0	0	1	141	96	116	118	0	0	0	0	2	54	75	20	0	0	0	1	2	0	0	0	0	
0	0	0	0	0	1	6	0	0	1	0	25	77	97	42	0	0	3	0	95	108	21	0	1	1	0	25	94	0	2	1	0	1	0	1	145	96	0	2	0	0	0	13	8	162	18	0	1	1	0	44	133	91	0	1	0	0	0	0	11	3	0	0	0	
0	0	0	3	1	0	0	0	2	0	122	203	184	54	0	2	0	0	21	0	89	200	0	1	1	0	14	56	86	170	0	2	1	0	163	201	255	101	0	4	0	36	204	136	163	200	115	4	0	0	159	139	0	29	51	0	0	0	0	0	3	1	0	0	
0	1	3	1	0	0	0	0	1	2	0	0	46	57	0	1	0	20	72	71	128	224	14	0	14	195	160	2	25	194	10	0	76	128	0	0	47	178	0	1	0	0	6	0	122	137	0	4	0	3	3	0	155	71	0	3	0	0	0	0	76	14	0	1	
0	0	1	0	0	0	2	1	0	0	0	81	125	21	0	1	4	0	96	229	158	78	20	24	3	0	97	124	0	152	238	79	2	0	68	224	213	148	41	0	0	54	240	220	70	0	2	0	0	4	120	214	45	0	4	0	0	0	2	19	2	0	0	0	
0	0	0	1	0	0	0	0	0	1	0	33	95	94	90	0	0	3	0	108	126	75	32	0	1	0	21	175	92	106	7	0	0	0	11	92	18	125	45	0	5	52	0	0	37	131	0	0	3	117	84	95	125	26	0	1	0	19	61	53	9	0	1	0	
0	0	0	18	58	11	0	1	1	0	79	123	121	117	0	3	0	1	49	0	58	121	0	4	0	0	1	0	153	52	0	2	0	2	0	103	113	0	2	0	2	0	138	217	89	132	112	0	0	0	110	95	69	56	34	0	0	0	0	0	0	0	0	0	
0	0	0	0	0	0	0	0	0	0	0	9	69	31	0	1	1	0	7	136	176	109	0	4	0	0	5	0	100	72	0	3	0	1	0	27	158	3	0	0	0	3	0	132	83	0	3	0	2	0	66	157	0	2	0	0	2	0	56	38	0	1	0	0	
0	0	0	3	1	0	0	0	0	2	4	0	32	59	0	2	0	1	0	55	195	94	0	3	0	37	150	120	132	47	0	1	0	83	174	107	192	153	65	0	0	0	1	0	139	22	0	1	0	3	0	26	136	0	1	0	0	0	0	7	20	0	1	0	
0	0	0	0	7	3	0	0	0	1	0	29	96	30	12	0	0	3	0	107	68	76	8	0	0	3	0	70	187	32	0	1	0	1	0	85	162	16	0	1	2	0	57	68	92	49	0	2	2	0	36	118	71	0	1	0	0	0	0	10	1	0	0	0	
0	0	0	0	0	0	0	0	0	0	1	0	112	27	0	1	0	0	0	8	168	14	0	1	0	2	0	53	151	0	3	0	0	3	0	91	114	0	3	0	0	4	0	136	80	0	3	0	0	3	0	119	55	0	2	0	0	0	0	0	0	0	0	0	
0	0	0	0	0	0	0	0	1	0	27	76	109	49	0	2	1	0	44	22	104	117	0	4	1	0	8	121	159	5	0	1	2	0	48	100	138	52	0	2	0	0	3	0	96	128	0	4	2	0	61	111	122	23	0	1	1	0	37	58	5	0	0	0	
0	0	0	2	0	0	0	0	0	1	0	9	115	53	0	2	0	0	0	118	152	94	0	4	0	1	0	107	138	15	0	1	0	3	0	108	151	0	4	0	0	0	9	106	118	11	0	0	1	0	9	131	118	1	0	0	0	1	0	30	26	0	1	0	
0	0	0	1	0	1	0	0	0	0	0	8	0	54	25	0	0	0	5	103	10	132	13	0	3	0	107	67	34	121	0	3	4	0	121	143	152	81	0	3	0	0	4	45	147	23	0	1	0	0	0	7	132	5	0	0	0	0	0	5	20	0	0	0	
0	0	0	0	0	0	0	0	2	0	59	126	135	103	1	0	4	0	116	180	76	60	3	0	4	0	109	99	0	2	0	0	2	0	44	144	148	77	0	2	0	20	43	0	21	195	14	0	0	2	98	129	181	151	0	1	0	0	0	36	52	5	0	0	
0	0	2	1	0	0	0	0	0	1	0	30	75	98	19	0	2	0	43	131	76	174	37	0	4	0	118	86	86	90	0	2	1	0	17	243	133	0	3	0	2	0	56	121	143	11	0	1	4	0	92	146	129	8	0	1	0	0	4	63	21	0	1	0	
0	0	2	1	0	0	0	0	0	2	0	62	207	129	0	0	3	0	61	202	158	206	15	0	0	0	185	70	0	140	118	0	0	42	179	0	0	172	84	0	0	18	200	48	108	187	0	0	3	0	79	215	156	17	0	1	0	0	0	1	0	1	1	0	
0	0	0	1	0	0	0	0	0	0	0	4	116	52	0	2	0	2	0	110	254	109	0	4	0	1	0	170	178	18	0	1	0	4	0	150	143	0	4	0	1	0	0	214	125	0	3	0	1	0	23	203	27	0	1	0	0	0	4	24	0	0	0	0	
0	0	1	0	0	1	0	0	1	0	29	114	5	3	9	0	2	0	151	94	0	91	61	0	0	11	170	5	13	179	25	0	2	0	155	149	184	179	0	2	1	0	19	25	103	102	0	4	0	0	1	0	162	35	0	1	0	0	0	6	33	0	0	0	
0	0	1	0	0	0	0	0	1	0	13	133	112	12	0	1	3	0	130	104	98	28	0	1	0	9	200	112	139	131	0	1	0	0	47	102	42	169	21	0	1	0	29	8	42	167	1	0	3	0	67	205	179	40	0	2	0	0	0	38	17	0	1	0	
0	0	2	1	0	0	3	2	0	2	0	31	45	1	0	0	3	0	74	226	198	163	189	79	0	35	195	33	0	12	82	62	0	52	197	157	99	0	0	0	1	0	30	42	200	59	0	4	4	0	104	212	142	7	0	1	1	0	37	107	8	0	1	0	
0	0	0	0	6	1	0	0	0	2	0	51	172	75	0	3	0	2	0	92	49	123	0	1	1	0	36	106	52	118	0	1	0	7	136	34	169	95	0	3	0	1	120	73	186	52	0	2	1	0	24	65	82	25	0	1	0	0	1	0	0	0	0	0	
0	1	0	0	0	0	1	0	0	13	77	107	141	83	0	1	0	155	255	166	128	190	64	0	0	186	86	0	15	170	119	0	0	73	228	244	253	255	63	0	2	0	200	127	26	63	152	3	3	0	133	89	0	52	143	0	0	0	6	33	2	27	20	0	
0	0	1	1	0	0	0	0	0	0	0	5	25	2	0	0	1	0	5	126	195	131	0	4	3	0	146	134	178	116	0	4	2	0	110	113	167	65	0	3	0	0	2	0	125	30	0	1	0	1	0	32	156	0	1	0	0	2	0	57	79	0	2	0	
0	0	0	0	0	2	0	0	1	0	30	66	34	0	1	0	0	0	111	166	140	121	0	1	0	86	83	0	2	108	85	0	8	125	0	2	2	1	128	8	0	98	73	0	0	34	130	2	0	5	80	95	98	103	33	0	0	2	0	3	7	0	1	0	
0	0	3	1	0	0	0	0	0	1	0	14	54	2	0	0	1	0	85	124	144	32	0	1	1	0	63	15	88	37	0	1	0	0	0	0	111	8	0	0	0	1	0	44	106	0	3	0	0	3	0	113	58	0	2	0	0	0	0	63	7	0	0	0	
0	0	0	1	0	0	0	0	0	2	0	46	99	0	0	0	0	0	0	154	63	0	1	0	3	0	74	128	127	26	0	1	2	0	57	168	228	118	0	2	0	0	3	0	118	48	0	2	0	0	5	0	93	76	0	3	0	0	0	0	11	16	0	1	
0	0	0	0	0	0	0	0	0	0	3	0	100	46	0	2	0	0	0	5	165	18	0	1	0	2	0	61	142	0	3	0	0	4	0	125	89	0	3	0	0	0	6	152	15	0	1	0	2	0	46	110	0	2	0	0	0	0	3	2	0	0	0	0	
0	0	0	0	0	0	0	0	0	0	0	2	161	77	0	3	0	3	0	74	244	75	0	3	0	3	0	137	183	0	2	0	2	0	65	122	126	36	0	1	3	0	145	32	125	56	0	2	2	0	68	160	117	0	0	0	0	0	0	9	3	0	0	0	
0	1	1	0	0	0	0	0	0	0	5	52	73	36	0	1	0	35	175	126	163	149	0	4	0	13	17	30	143	23	0	1	0	1	0	165	187	39	0	2	0	0	3	0	68	156	0	3	2	0	44	121	143	68	0	2	1	0	21	123	44	0	1	0	
0	0	0	0	0	0	0	0	0	0	8	0	50	27	0	1	2	0	105	17	89	47	0	2	2	0	148	21	94	54	0	2	2	0	59	129	187	115	0	3	0	0	1	0	153	55	0	1	0	0	0	13	125	1	0	0	0	0	0	5	20	0	0	0	
0	0	0	1	7	1	0	0	0	1	0	81	84	26	28	0	1	0	34	131	0	115	23	0	1	0	10	128	122	67	0	2	0	3	0	89	202	14	0	1	2	0	47	114	101	31	0	1	3	0	90	133	52	0	1	0	0	0	1	8	0	0	0	0	
0	0	2	1	0	0	0	0	0	1	0	23	79	38	0	1	3	0	71	229	254	210	0	0	0	2	213	78	183	195	0	3	0	13	227	209	255	86	0	3	1	0	79	138	223	50	0	2	0	1	0	25	252	96	0	3	0	0	0	17	86	6	0	0	
0	0	0	0	0	0	0	0	0	0	3	0	76	51	0	2	0	0	2	0	125	30	0	1	0	1	0	24	118	0	1	0	0	2	0	68	79	0	3	0	0	3	0	118	42	0	1	0	0	0	0	113	15	0	1	0	0	0	0	0	0	0	0	0	
0	0	0	2	0	1	0	0	0	1	2	0	0	7	11	0	0	0	8	69	0	105	67	0	0	34	141	79	9	130	4	0	0	103	172	84	165	163	76	14	0	0	0	29	145	22	33	5	0	2	0	37	77	0	2	0	0	0	0	0	1	1	1	0	
0	0	0	0	16	7	0	0	0	0	4	0	133	123	0	4	0	2	0	56	216	162	2	0	1	0	12	158	46	140	9	0	3	0	112	54	70	153	0	3	0	0	160	115	179	27	0	1	2	0	95	149	23	0	1	0	0	0	0	0	1	1	0	0	
0	0	0	0	0	0	0	0	1	0	26	23	27	52	0	2	4	0	123	86	72	97	0	3	2	0	176	92	169	127	0	3	0	0	154	160	209	95	0	2	0	0	0	7	157	8	0	0	0	1	0	33	170	0	0	0	0	0	0	3	25	0	0	0	
0	0	2	3	0	0	0	0	0	1	1	0	20	12	0	0	1	0	32	131	175	157	0	1	0	63	218	77	5	152	12	0	0	87	62	0	43	140	0	2	0	0	4	0	115	101	0	3	0	3	0	40	162	5	0	1	0	3	0	93	64	0	2	0	
0	0	0	1	0	0	0	0	0	2	0	84	55	0	2	0	0	3	0	104	103	0	3	0	0	2	0	67	102	0	3	0	0	2	0	47	137	0	2	0	0	1	0	15	168	4	0	0	0	0	0	0	105	11	0	0	0	0	0	0	0	0	0	0	
0	0	0	1	0	12	20	0	0	1	0	34	116	111	33	0	0	0	0	102	31	0	1	0	2	0	36	162	119	47	0	2	0	0	16	41	36	127	0	1	0	21	103	7	51	135	0	0	0	0	69	120	98	22	0	1	0	0	0	0	0	0	0	0	
0	0	0	2	1	0	0	0	0	0	2	0	8	2	0	0	0	3	0	69	220	40	0	2	3	0	82	189	168	42	0	2	2	0	110	52	120	14	0	0	0	1	0	35	156	0	1	0	0	1	0	50	145	0	3	0	0	0	0	10	73	0	1	0	
0	0	0	2	0	1	0	0	0	0	1	0	27	11	0	0	0	0	2	82	111	108	0	1	1	0	94	90	103	174	0	1	0	0	121	74	133	92	0	3	0	0	0	0	116	16	0	1	0	2	0	64	80	0	2	0	0	0	0	76	11	0	0	0	
0	13	5	0	0	0	0	0	0	87	200	110	18	0	1	0	0	1	49	163	188	0	2	0	0	2	0	156	112	0	4	0	3	0	71	197	0	0	0	0	3	0	75	214	173	187	191	35	0	0	2	38	72	82	74	10	0	0	0	0	0	0	0	0	
0	0	1	0	30	36	0	1	0	0	2	0	100	35	0	1	0	1	0	39	83	0	2	0	0	1	0	83	103	127	0	0	1	0	26	124	78	122	0	1	3	0	65	182	56	20	0	1	0	0	8	61	11	0	1	0	0	0	0	0	1	1	0	0	
0	0	3	2	0	0	0	0	0	1	0	5	34	17	0	0	2	0	64	166	232	127	0	4	0	73	168	25	11	137	80	0	0	135	116	0	2	1	158	31	0	21	145	159	133	136	150	17	0	0	0	10	29	33	10	0	0	1	3	0	0	0	2	1	
0	0	1	1	0	0	0	0	0	1	0	10	75	23	0	1	1	0	14	79	103	95	0	3	3	0	121	103	127	92	0	3	1	0	44	76	152	24	0	1	0	2	0	46	86	0	2	0	1	0	9	147	25	0	1	0	1	0	29	64	0	1	0	0	
0	0	0	1	2	1	0	0	0	2	0	118	161	16	0	1	1	0	22	159	78	139	0	2	3	0	80	113	0	165	11	0	3	0	84	75	0	163	6	0	3	0	84	129	84	140	0	4	1	0	3	149	172	25	0	1	0	0	0	2	2	0	0	0	
0	0	1	1	0	1	0	0	0	0	1	1	1	8	69	1	1	0	23	148	0	81	168	0	4	0	135	173	20	211	69	0	0	83	252	191	242	226	142	0	0	178	69	84	148	0	7	0	1	6	0	106	29	0	1	0	0	1	3	3	2	1	0	0	
0	0	0	0	0	0	0	0	0	5	52	81	95	145	39	0	0	81	186	121	92	37	5	0	0	95	163	126	128	25	0	1	0	2	1	0	67	176	33	0	0	40	145	87	16	146	144	0	0	7	70	130	170	140	38	0	0	0	0	0	0	0	0	0	
0	0	0	0	0	0	0	0	0	0	4	53	76	6	0	0	2	0	73	120	157	53	0	2	0	0	4	0	127	44	0	2	0	1	0	29	166	0	0	0	0	8	0	113	106	0	3	0	1	0	21	183	12	0	1	0	1	0	21	64	0	1	0	0	
0	0	0	0	1	0	0	0	0	3	0	96	49	0	2	0	0	3	0	106	99	0	3	0	0	3	0	85	120	0	4	0	0	2	0	71	130	0	4	0	0	2	0	44	167	0	1	0	0	0	0	5	151	23	0	1	0	0	0	0	0	0	0	0	
0	0	1	4	1	0	0	0	0	2	1	0	6	13	0	0	1	0	26	106	160	193	15	0	0	87	179	88	20	160	20	0	0	75	30	0	54	152	0	3	0	0	5	0	143	80	0	3	0	4	0	52	168	0	1	0	0	2	0	81	57	0	2	0	
0	0	0	0	0	0	0	0	1	0	25	62	59	13	0	1	2	0	88	144	212	115	0	4	0	2	0	62	188	12	0	1	0	1	0	179	244	56	0	3	0	0	0	4	194	50	0	2	0	3	0	126	129	0	3	0	0	1	0	63	15	0	0	0	
0	0	0	2	0	0	0	0	0	0	1	0	53	49	0	1	0	2	0	89	145	160	7	0	3	0	67	154	147	117	0	2	3	0	59	184	177	3	0	1	0	2	0	124	46	0	2	0	2	0	46	134	0	3	0	0	1	0	34	45	0	1	0	0	
0	1	1	0	1	1	0	0	0	0	14	32	12	0	0	0	0	37	110	80	105	40	0	2	0	22	19	0	116	44	0	3	1	0	3	137	91	0	5	0	2	0	47	130	89	109	99	31	0	0	0	0	0	0	8	7	0	0	1	4	2	1	0	0	
0	0	1	2	0	1	0	0	0	1	0	11	79	18	0	1	1	0	15	132	132	117	0	3	3	0	133	96	136	164	0	3	2	0	111	90	150	90	0	3	0	0	1	0	157	30	0	1	0	2	0	61	142	0	2	0	0	1	0	35	35	0	1	0	
0	0	7	8	0	0	0	0	0	18	149	144	77	0	2	0	0	6	0	66	125	0	3	0	3	0	94	216	185	83	0	1	0	0	15	11	40	172	70	0	0	23	23	0	0	117	89	0	0	35	172	113	133	138	4	0	0	0	5	15	13	1	0	0	
0	0	0	0	0	3	1	0	0	2	0	42	155	118	2	0	0	3	0	121	126	13	0	1	1	0	7	193	141	75	0	2	1	0	18	76	17	133	7	0	0	21	147	0	68	155	0	1	1	0	108	165	143	33	0	2	0	0	0	8	1	1	0	0	
0	0	0	2	0	1	2	0	0	0	2	0	57	145	130	0	0	2	0	106	140	48	35	0	2	0	63	139	0	1	0	0	3	0	142	135	136	50	0	2	2	0	151	55	63	135	0	3	2	0	61	142	139	46	0	2	0	0	0	11	8	0	0	0	
0	0	0	2	0	0	0	0	0	0	0	3	96	122	7	0	0	1	0	134	114	137	11	0	1	0	11	148	93	54	0	2	0	4	0	132	175	0	3	0	1	0	30	147	117	0	2	0	4	0	117	174	52	0	2	0	1	0	18	30	0	0	0	0	
0	0	0	0	0	0	0	0	0	0	0	3	48	0	0	0	0	0	0	14	115	0	1	0	0	1	0	21	120	0	1	0	0	2	0	55	133	0	3	0	0	3	0	74	87	0	3	0	0	2	0	71	48	0	2	0	0	0	0	5	2	0	0	0	
0	0	0	0	0	0	0	0	0	0	5	45	60	62	5	0	3	0	71	134	120	218	13	0	0	1	0	25	137	55	0	2	2	0	44	225	140	2	0	1	0	0	14	4	99	94	0	3	1	0	27	51	144	54	0	2	2	0	39	119	53	0	1	0	
0	0	0	0	0	1	0	0	1	0	29	79	72	3	0	0	2	0	102	150	147	107	0	3	0	0	2	0	49	149	0	3	0	0	4	0	189	107	0	4	0	2	0	146	176	0	1	0	3	0	120	191	3	0	1	0	1	0	63	26	0	2	0	0	
0	0	1	0	1	0	0	0	0	0	2	9	6	86	4	0	2	0	64	86	59	131	0	3	2	0	141	21	138	118	0	0	3	0	109	151	206	77	0	1	0	1	0	94	162	0	3	0	0	3	0	89	98	0	3	0	0	0	0	21	11	0	0	0	
0	0	0	0	0	0	0	0	0	0	27	64	46	0	1	0	1	0	67	107	175	31	0	1	0	0	1	0	158	29	0	1	0	1	0	49	153	0	2	0	0	3	0	111	99	0	3	0	0	1	0	150	27	0	1	0	0	0	5	60	1	0	0	0	
0	0	1	1	0	1	1	0	0	2	0	43	40	140	28	0	1	0	28	211	114	170	0	1	2	0	169	79	100	127	0	4	0	56	188	0	169	166	84	0	0	28	178	204	248	175	57	0	0	0	0	49	156	1	0	0	0	1	2	0	0	3	2	0	
0	0	1	0	0	0	0	0	0	2	0	97	143	60	2	0	3	0	66	210	120	211	57	0	1	0	197	222	173	76	0	1	0	1	103	68	73	186	5	0	0	0	69	14	0	176	86	0	2	0	101	180	190	170	17	0	0	0	0	14	37	5	0	0	
0	0	0	0	0	0	0	0	0	67	94	88	76	54	0	1	0	112	162	114	248	181	0	2	1	0	0	150	183	7	0	1	2	0	33	197	191	113	3	0	0	0	1	0	18	229	60	0	0	2	0	134	201	203	19	0	0	2	0	58	131	32	0	1	
0	1	1	0	0	1	0	0	0	0	5	2	0	14	47	2	0	45	208	45	0	154	192	0	0	157	202	0	11	236	96	0	0	141	227	67	165	247	21	0	0	16	152	167	190	188	0	2	0	0	4	0	118	142	0	4	0	1	4	0	20	42	0	1	
0	0	0	0	0	0	0	0	0	8	94	129	82	0	1	0	0	45	156	69	158	34	0	2	0	0	2	0	134	33	0	1	0	1	0	70	220	149	155	68	0	4	179	220	102	66	48	13	0	15	92	9	0	1	0	0	0	0	0	1	4	3	2	0	
0	0	0	0	0	2	0	0	2	0	31	162	145	5	0	0	0	0	200	147	103	134	0	2	0	7	192	30	0	113	57	0	0	12	160	9	0	85	110	0	1	0	130	50	1	188	64	0	1	0	21	124	172	130	0	0	0	0	1	1	4	0	1	0	
0	0	2	1	0	0	2	0	0	3	0	40	158	102	0	0	1	0	37	220	255	254	145	0	0	44	246	177	37	75	220	0	0	189	151	0	0	191	184	0	0	207	176	117	212	236	38	0	0	42	179	180	121	22	0	1	0	0	0	0	0	1	2	0	
0	0	2	0	0	2	1	0	0	0	1	172	133	5	0	1	1	0	123	167	167	119	0	0	0	63	126	0	0	124	82	0	0	96	67	0	0	91	95	0	0	55	172	39	15	162	38	0	2	0	59	161	168	72	0	2	0	1	0	1	4	0	1	0	
0	0	0	1	2	0	0	0	0	0	2	0	28	200	43	0	0	0	3	0	170	235	10	0	0	3	0	77	255	90	0	3	2	0	39	241	199	11	0	1	0	0	206	250	37	0	2	0	0	0	173	98	0	3	0	0	0	0	0	0	1	0	0	0	
0	0	3	4	3	2	0	0	0	0	0	0	0	0	0	0	0	3	85	145	170	58	0	2	0	14	141	83	119	124	0	4	0	0	4	0	108	111	0	4	0	0	6	0	155	52	0	2	0	0	0	2	116	7	0	0	0	1	0	19	96	0	1	0	
0	0	0	0	12	30	0	0	0	2	0	95	219	224	10	0	0	3	0	123	253	184	0	1	0	1	6	46	223	77	0	3	0	76	240	255	126	0	16	0	0	166	249	148	212	222	97	0	0	32	36	0	116	124	2	0	0	0	1	3	0	0	0	0	
0	0	0	1	0	0	0	0	0	2	0	40	136	79	0	1	0	1	0	130	58	25	2	0	0	0	8	144	12	0	1	0	0	0	3	148	117	20	0	1	0	2	0	96	97	71	0	3	0	2	0	41	206	47	0	2	0	0	0	0	32	6	0	0	
0	0	0	0	0	0	0	0	1	0	76	66	73	114	16	0	2	0	82	146	221	242	24	0	0	3	0	69	245	202	0	0	1	0	19	205	166	213	10	0	0	18	23	23	171	122	0	2	0	44	208	214	114	0	2	0	1	0	37	33	0	3	0	0	
0	0	0	92	84	0	1	0	0	0	2	69	203	79	0	3	0	2	7	0	88	162	0	3	0	0	3	0	117	137	0	4	0	31	111	128	231	76	15	0	0	131	255	214	124	127	67	0	0	24	45	4	0	0	0	0	0	0	0	1	4	3	2	0	
0	0	0	3	1	1	2	0	0	0	2	0	2	0	24	39	0	0	1	116	35	7	150	50	2	0	111	137	21	176	62	0	0	46	244	135	224	204	1	1	0	10	59	228	94	0	2	0	2	0	73	59	0	3	0	0	0	1	8	1	3	1	0	0	
0	0	0	0	0	0	0	0	0	65	153	105	0	1	0	0	0	49	60	172	24	0	1	0	0	1	0	183	140	7	0	1	0	2	4	34	133	161	0	0	0	0	1	0	6	206	35	0	0	3	0	115	178	106	0	1	0	1	0	32	43	0	1	0	
0	0	0	0	2	3	3	0	0	0	1	3	0	0	0	0	0	0	2	0	87	126	73	13	1	0	18	110	86	80	56	3	3	0	114	167	110	7	0	0	0	51	127	93	36	8	1	0	0	21	60	28	0	0	0	0	0	0	0	0	1	0	0	0	
0	0	0	0	0	0	0	0	0	0	2	0	98	44	0	2	0	0	0	0	170	27	0	1	0	1	0	42	150	0	2	0	0	3	0	93	115	0	3	0	0	4	0	126	85	0	3	0	0	3	0	116	58	0	2	0	0	0	0	0	0	0	0	0	
0	0	0	3	0	25	35	0	0	64	85	0	36	159	109	0	0	22	24	109	173	34	0	2	1	0	148	151	0	30	73	0	0	74	124	0	93	249	165	0	0	80	195	192	255	178	5	0	1	0	88	154	87	6	0	1	0	0	0	0	0	2	1	0	
0	0	0	0	0	0	0	0	0	0	2	0	67	63	0	2	0	0	2	0	195	103	0	3	0	2	0	37	216	18	0	1	0	3	0	143	154	0	3	0	0	0	0	197	52	0	2	0	2	0	40	152	0	1	0	0	0	0	5	11	0	0	0	0	
0	0	2	4	3	4	1	0	0	0	0	0	0	0	2	1	2	0	59	176	158	146	170	9	3	0	127	142	127	236	54	0	0	1	0	97	154	17	0	1	2	0	142	203	15	0	3	0	0	102	206	9	0	1	8	7	0	69	34	0	2	0	3	2	
0	0	0	0	1	2	0	0	2	0	66	224	92	0	3	0	0	19	215	210	244	57	0	2	0	103	189	0	72	240	58	0	0	108	170	0	0	102	183	0	0	47	242	80	42	169	183	0	2	0	98	211	195	167	29	0	0	0	0	0	1	0	1	0	
0	0	0	0	0	2	1	0	0	0	1	0	111	185	29	0	0	2	0	54	182	38	11	0	0	3	0	70	215	52	2	0	1	0	79	103	131	132	0	4	0	61	221	82	154	77	0	2	0	68	180	86	25	0	1	0	0	0	0	0	1	2	0	0	
0	0	0	0	0	0	0	0	0	2	0	53	40	0	1	0	0	3	0	100	93	0	3	0	0	3	0	91	93	0	3	0	0	3	0	93	118	0	4	0	0	2	0	68	117	0	3	0	0	1	0	39	94	0	3	0	0	0	0	2	10	0	0	0	
0	0	0	3	1	0	0	0	0	0	3	0	12	44	55	0	0	3	0	73	135	192	193	47	2	0	105	172	18	33	115	13	0	69	180	3	21	141	78	0	0	146	132	112	203	53	0	2	0	30	145	135	32	0	3	0	0	0	0	0	1	2	0	0	
0	0	2	1	0	2	0	0	0	1	0	13	16	0	0	0	2	0	50	204	222	86	0	2	1	0	202	103	202	182	0	3	2	0	135	206	239	108	0	4	0	0	2	7	183	88	0	3	0	1	0	18	221	40	0	2	0	1	0	17	108	0	0	0	
0	0	0	0	1	1	2	0	0	0	0	4	0	101	139	0	0	0	4	0	43	234	45	0	0	3	0	29	222	104	0	2	2	0	28	232	191	0	1	0	0	41	236	200	20	0	1	0	0	66	203	19	0	2	0	0	0	0	0	2	2	0	0	0	
0	0	0	0	0	0	0	0	0	0	0	73	139	80	0	2	2	0	28	220	54	181	31	0	1	0	0	182	138	167	23	0	0	3	0	170	222	9	0	1	1	0	24	217	194	0	1	0	1	0	22	220	184	0	1	0	0	1	0	29	27	0	1	0	
0	0	1	0	14	18	1	0	0	2	0	43	221	149	143	0	0	2	0	32	82	145	122	0	0	1	1	0	123	156	0	1	0	13	129	230	180	41	79	1	0	196	255	240	188	118	20	0	0	91	55	10	39	4	0	0	0	0	0	0	0	2	1	0	
0	0	0	0	0	0	0	0	0	0	2	0	81	36	0	1	0	0	1	0	175	43	0	2	0	2	0	49	169	0	1	0	0	3	0	99	118	0	3	0	0	4	0	149	74	0	3	0	0	3	0	134	49	0	2	0	0	0	0	20	5	0	0	0	
0	0	0	0	0	0	0	0	0	0	39	47	43	113	84	0	0	2	116	116	116	243	83	0	0	1	0	39	178	209	10	0	3	0	67	209	91	156	10	0	0	2	28	67	173	58	0	2	0	139	211	180	71	0	2	0	0	29	52	9	0	2	0	0	
0	0	1	0	2	3	0	0	0	2	0	83	176	167	15	0	2	0	49	230	46	159	90	0	2	0	166	87	0	132	105	0	0	18	192	12	0	179	71	0	0	10	211	72	110	201	0	0	2	0	65	193	167	33	0	2	0	0	0	0	0	1	0	0	
0	0	0	2	0	1	2	0	0	0	2	0	5	0	8	18	0	1	0	74	56	0	126	42	0	0	139	178	51	161	91	0	0	55	139	48	180	70	0	2	0	0	0	141	74	0	3	0	2	0	56	66	0	3	0	0	0	0	0	0	2	0	0	0	
0	0	0	1	2	1	0	0	0	0	1	0	7	7	0	0	0	1	0	8	168	163	0	2	0	0	0	143	212	140	0	3	1	0	12	119	179	20	0	1	0	2	0	68	105	0	3	0	0	0	3	150	26	0	1	0	2	0	50	94	0	2	0	0	
0	0	3	3	1	4	2	0	0	0	0	0	0	0	5	13	2	0	51	190	194	114	194	77	0	12	222	164	85	138	91	0	0	9	32	0	97	78	0	3	0	0	0	159	129	0	5	0	0	1	136	115	0	1	0	0	0	44	146	1	1	1	0	0	
0	0	0	0	1	0	0	0	0	0	2	0	57	30	0	1	0	0	0	3	162	23	0	1	0	2	0	64	145	0	3	0	0	3	0	112	80	0	3	0	0	3	0	123	37	0	1	0	0	3	0	95	44	0	1	0	0	0	0	12	14	0	0	0	
0	0	0	0	0	0	0	0	0	1	0	9	99	119	139	55	0	3	0	89	122	93	75	3	0	4	0	115	151	47	4	0	0	1	0	158	242	11	0	1	0	18	181	255	123	0	2	0	0	53	183	73	0	0	0	0	0	0	0	0	2	0	0	0	
0	0	0	0	0	0	0	0	0	0	3	22	57	11	0	0	0	1	165	228	255	122	0	4	0	0	13	24	220	93	0	3	0	13	161	189	249	218	110	0	0	0	61	251	157	24	19	0	3	0	71	234	30	0	2	0	1	0	39	64	0	3	1	0	
0	0	0	1	3	0	1	0	0	0	1	1	0	26	8	0	0	1	0	19	94	159	145	0	2	0	47	191	145	180	71	0	1	0	31	101	178	66	0	2	1	0	62	141	44	0	3	0	0	94	133	7	0	3	0	0	1	38	3	1	2	0	0	0	
0	0	1	0	27	12	0	0	0	1	0	16	199	40	0	2	0	3	0	152	169	0	3	0	3	0	60	253	227	49	0	2	4	0	172	133	83	162	0	4	4	0	156	200	180	139	0	4	1	0	18	114	131	13	0	1	0	0	1	0	0	1	0	0	
0	0	0	2	0	0	0	0	0	0	3	0	61	105	18	0	0	4	0	102	255	238	154	0	3	0	114	201	36	71	175	0	0	76	185	1	6	189	84	0	0	193	63	81	213	111	0	1	0	158	199	171	48	0	2	0	0	12	18	0	1	3	0	0	
0	0	1	1	0	0	1	0	0	2	0	32	163	128	0	1	1	0	9	171	57	174	79	0	4	0	115	126	0	63	137	0	0	2	164	23	0	101	110	0	0	26	205	77	155	191	14	0	0	0	135	197	121	14	0	1	0	0	0	0	0	1	1	0	
0	0	0	0	1	0	0	0	0	0	0	0	9	158	19	0	0	0	4	0	79	196	0	0	0	1	0	11	212	76	0	3	1	0	0	179	168	0	2	0	3	0	148	226	3	0	1	0	0	3	187	86	0	3	0	0	0	0	0	1	1	0	0	0	
0	0	4	50	16	0	1	0	1	0	22	124	114	0	2	0	0	0	1	0	114	13	0	0	0	0	0	14	125	5	0	0	2	0	46	154	184	93	2	0	2	0	105	141	25	84	33	0	2	0	67	67	0	1	0	0	0	0	0	1	1	1	0	0	
0	0	0	2	0	0	0	0	0	0	1	0	75	143	76	0	0	3	0	118	237	255	127	0	0	3	0	57	151	167	0	0	0	2	12	95	192	26	0	1	16	150	202	255	92	0	4	0	2	114	91	44	168	72	0	2	0	0	0	0	22	22	0	1	
0	0	1	4	2	0	0	0	0	0	1	0	4	21	2	1	1	0	24	112	149	103	0	3	0	16	231	143	195	98	60	12	0	8	133	174	237	177	90	4	0	1	0	18	195	29	0	1	0	1	0	13	159	12	1	1	0	0	0	14	66	0	1	0	
0	0	0	0	0	0	0	0	0	1	47	63	57	74	44	0	0	3	131	140	198	255	91	0	2	0	47	151	207	106	0	3	2	0	70	114	0	147	53	0	0	0	1	0	110	175	8	0	0	111	150	170	117	6	0	1	0	31	119	74	0	3	1	0	
0	0	0	2	0	0	0	0	1	0	44	22	25	115	128	58	3	0	144	141	159	94	33	15	3	0	176	138	0	1	0	0	3	0	81	165	11	0	2	0	0	2	0	88	200	45	0	2	0	6	108	124	196	67	0	3	0	1	51	67	17	0	1	0	
0	0	1	3	0	0	2	0	0	1	2	4	11	1	3	8	1	0	6	110	50	0	124	83	0	1	173	197	68	136	117	0	0	50	179	85	201	129	3	0	0	1	0	138	89	0	4	0	1	0	23	94	0	3	1	0	0	0	0	0	2	0	0	0	
0	0	1	1	0	2	0	0	0	1	0	14	146	134	0	2	2	0	110	54	73	19	0	1	3	0	104	141	75	15	0	1	0	0	0	42	96	117	0	3	0	13	23	2	155	114	0	3	0	7	103	176	123	1	0	0	0	0	2	3	0	1	0	0	
0	0	0	2	3	0	4	0	0	0	2	2	0	99	95	0	0	2	0	33	112	130	10	0	2	0	80	178	95	88	163	21	0	92	170	125	118	109	170	11	0	68	228	232	150	83	9	0	1	0	37	45	7	0	1	1	0	2	1	0	0	3	1	0	
0	0	0	0	0	0	0	0	0	9	26	18	14	1	0	0	0	21	115	123	151	49	0	2	0	0	3	6	118	61	0	1	0	1	0	98	202	114	17	0	0	1	0	38	114	0	3	0	0	2	0	62	109	0	4	0	0	1	0	25	93	0	2	0	
0	0	0	2	4	3	4	1	0	1	2	0	0	0	0	0	0	0	0	45	118	67	110	58	0	21	191	182	107	223	185	24	0	51	122	0	96	127	6	0	1	0	22	172	108	0	3	2	0	31	221	65	0	4	1	0	0	30	56	0	3	0	0	0	
0	1	0	32	70	0	1	0	0	2	0	162	128	0	4	0	2	0	54	154	0	2	0	0	4	0	124	193	157	161	44	0	3	0	175	133	0	149	169	0	3	0	105	158	108	176	56	0	0	0	2	61	76	22	0	1	0	0	1	0	0	1	2	0	
0	0	0	2	0	0	0	0	0	0	0	6	101	162	20	0	0	3	0	117	183	168	54	0	2	0	60	222	32	156	20	0	0	2	200	48	95	164	0	4	0	65	179	93	227	40	0	2	0	36	194	190	48	0	2	0	0	0	2	0	1	2	0	0	
0	0	0	0	0	0	0	0	0	9	84	144	156	129	0	0	0	136	251	221	231	89	0	1	0	32	196	255	94	0	5	0	2	0	45	255	201	51	0	2	1	0	14	217	246	244	46	0	0	2	0	72	212	242	69	0	0	0	1	0	5	22	0	0	
0	0	0	2	4	0	0	0	0	0	0	0	0	12	25	11	0	1	0	35	163	201	165	53	0	4	0	128	218	20	0	1	1	0	3	189	78	0	4	1	0	2	141	205	65	0	3	0	0	45	220	116	2	0	0	0	0	3	9	0	0	0	0	0	
0	0	0	2	0	0	1	0	0	0	3	0	84	139	15	0	0	2	0	124	194	123	126	0	3	0	89	163	0	29	138	0	0	1	173	31	0	140	73	0	0	56	149	0	137	113	0	2	0	28	188	169	98	0	2	0	1	0	41	36	0	3	0	0	
0	0	0	3	3	3	0	0	0	0	1	0	0	0	10	1	0	1	0	123	86	114	121	0	3	0	101	174	107	208	19	0	2	0	68	18	118	66	0	2	0	3	0	109	123	0	3	0	2	0	65	172	2	0	0	0	3	0	97	47	0	2	0	0	
0	0	0	0	0	0	0	0	0	0	6	77	53	6	0	0	0	0	3	109	232	80	0	3	2	0	34	176	132	0	0	0	2	0	52	132	126	64	0	3	0	0	3	0	106	97	0	4	0	1	0	113	176	11	0	1	0	0	0	79	25	0	1	0	
0	0	0	0	2	1	0	0	0	1	0	17	159	203	77	0	0	3	0	85	118	142	30	0	0	4	0	80	201	35	0	2	1	0	21	179	150	0	4	0	0	14	172	142	139	0	1	0	0	59	195	129	41	0	1	0	0	0	0	0	0	0	0	0	
0	0	0	2	2	0	0	0	1	0	13	136	161	32	0	1	1	0	11	71	213	51	0	2	0	3	0	21	147	161	0	0	0	0	1	0	23	179	5	0	0	77	56	0	144	117	0	3	0	79	173	146	105	2	0	0	0	0	7	7	0	2	0	0	
0	0	0	3	0	0	0	0	0	0	6	0	33	57	1	0	0	0	12	96	138	228	44	0	4	0	103	143	98	177	0	0	2	0	59	144	222	43	0	2	0	3	0	98	114	0	3	0	2	0	51	176	8	0	0	0	2	0	60	47	0	2	0	0	
0	0	0	0	2	3	0	0	0	0	4	26	120	47	0	2	3	0	78	199	153	7	0	1	3	0	82	190	120	92	0	3	1	0	26	54	13	137	0	1	2	0	41	25	43	151	0	1	2	0	46	147	140	35	0	2	0	0	0	5	3	0	0	0	
0	0	0	0	2	1	2	0	0	0	0	3	0	77	132	0	0	0	3	0	55	207	31	0	0	1	0	20	225	70	0	3	0	2	0	167	141	0	4	0	3	0	125	249	29	0	2	0	1	0	154	62	0	2	0	0	0	0	0	1	1	0	0	0	
0	1	0	21	25	0	0	0	0	1	0	196	130	0	5	0	2	0	39	232	36	0	2	0	4	0	166	187	0	43	31	0	4	0	186	164	33	255	151	0	3	0	92	255	205	236	32	0	0	0	0	101	133	38	0	1	0	0	1	0	0	0	1	0	
0	0	0	2	0	2	0	0	0	0	2	2	7	0	46	11	0	3	0	105	41	66	155	0	2	0	121	204	76	202	43	0	0	92	204	160	229	164	97	0	0	33	21	142	42	0	2	0	2	0	103	82	0	4	2	0	0	6	41	0	2	0	0	0	
0	0	0	0	2	1	1	0	2	0	71	32	0	8	0	0	3	0	127	28	92	160	11	0	3	0	129	84	139	89	61	0	4	0	89	204	68	116	28	0	1	0	12	202	198	76	0	3	0	1	0	37	124	0	1	0	0	0	1	1	0	2	0	0	
0	0	0	1	1	0	0	0	0	0	3	0	61	189	164	24	0	1	0	7	174	152	95	0	1	0	14	208	199	0	0	1	2	0	53	123	89	76	0	3	0	104	134	35	131	60	0	2	0	23	147	185	92	0	1	0	0	0	0	0	0	0	0	0	
0	0	0	0	0	0	0	0	0	0	0	5	84	4	0	0	0	1	0	18	182	6	0	1	0	2	0	46	163	0	2	0	0	2	0	55	143	0	3	0	0	3	0	90	142	0	4	0	0	3	0	115	87	0	3	0	0	0	0	17	8	0	0	0	
0	0	0	0	1	0	0	0	0	0	1	0	9	176	48	0	0	0	4	0	95	255	42	0	0	2	0	38	244	148	0	3	1	0	10	217	216	12	0	1	4	0	133	255	62	0	3	0	3	0	161	152	0	3	0	0	0	0	0	0	1	0	0	0	
0	0	0	10	14	0	0	0	0	1	0	180	104	0	3	0	3	0	76	203	1	0	1	0	4	0	136	199	211	102	0	2	4	0	165	134	60	195	41	0	3	0	97	218	95	219	48	0	0	1	0	93	175	90	0	1	0	0	1	0	0	0	0	0	
0	0	3	0	69	52	0	2	0	3	0	63	229	40	0	2	2	0	28	233	73	14	13	0	2	0	176	122	43	255	77	0	0	47	226	87	232	255	69	0	0	43	240	255	251	152	0	0	0	0	30	71	38	0	1	0	0	1	0	0	0	2	1	0	
0	0	1	3	0	0	2	0	0	0	1	0	46	57	17	30	1	0	3	145	134	121	168	41	3	0	99	147	31	173	112	0	4	0	89	196	106	50	0	1	0	3	142	219	50	0	4	0	0	37	147	29	173	16	0	1	0	0	29	1	32	15	0	1	
0	1	3	0	2	1	0	0	0	0	0	8	4	1	11	0	0	15	173	206	188	196	167	0	0	165	179	17	76	227	53	0	0	62	12	0	124	85	0	2	0	3	0	103	205	2	0	1	1	0	17	241	92	0	3	0	1	0	30	152	7	0	0	0	
0	0	0	0	0	0	0	0	0	0	0	8	98	2	0	0	0	1	0	26	172	0	0	0	0	2	0	54	155	0	3	0	0	3	0	91	148	0	4	0	0	3	0	106	95	0	3	0	0	3	0	75	72	0	2	0	0	0	0	1	4	0	0	0	
0	0	0	0	0	0	0	0	0	57	96	103	135	36	0	2	0	117	159	87	180	47	0	2	0	2	0	90	244	55	0	2	3	0	65	217	83	119	0	2	1	0	21	22	0	116	13	0	2	0	72	190	187	174	14	0	0	0	5	46	65	27	0	1	
0	0	0	0	0	0	0	0	0	1	0	20	60	0	1	0	0	1	0	32	141	0	2	0	0	1	0	29	137	0	2	0	0	1	0	30	133	0	2	0	0	1	0	35	117	0	3	0	0	2	0	55	108	0	3	0	0	0	0	13	20	0	1	0	
0	0	0	0	1	0	0	0	0	2	4	0	4	97	77	0	1	1	1	0	167	255	112	0	0	40	83	16	193	142	0	1	26	134	189	247	197	20	10	0	25	169	138	72	157	155	38	0	0	2	1	0	0	1	0	0	1	1	3	4	2	1	1	0	
0	0	1	0	0	0	0	0	0	1	0	18	78	118	128	25	1	0	16	137	152	93	74	19	0	0	134	20	0	1	0	0	3	0	114	124	0	5	3	1	0	2	0	140	99	0	3	0	0	19	153	171	108	0	3	0	0	0	52	47	0	0	0	0	
0	0	0	2	3	0	2	1	0	0	3	1	0	13	2	0	0	1	0	22	150	227	174	20	1	0	64	198	201	229	210	12	0	4	218	248	232	111	0	1	1	0	51	220	110	0	3	1	0	17	194	92	0	4	1	0	0	38	125	0	1	1	0	0	
0	0	0	0	0	0	0	0	0	2	0	118	84	0	2	0	0	2	0	192	158	0	4	0	0	4	0	163	164	0	4	0	0	4	0	154	184	0	3	0	0	4	0	119	255	56	0	3	0	2	0	57	194	31	0	2	0	0	0	0	0	0	0	0	
0	0	0	1	0	0	0	0	0	0	4	0	29	198	125	0	0	1	0	15	137	211	164	0	2	0	87	129	0	62	126	0	0	31	181	47	85	232	48	0	0	146	222	226	202	69	0	1	0	94	180	82	0	1	1	0	0	0	0	0	2	3	0	0	
0	0	0	6	5	0	0	0	0	82	156	150	135	109	16	0	0	121	77	15	0	126	141	0	0	0	0	2	0	58	177	0	0	15	128	144	57	146	132	0	0	106	206	48	199	255	49	0	0	34	134	174	143	66	76	0	0	0	5	7	0	0	1	0	
0	0	0	1	3	4	1	0	0	0	1	2	0	0	3	2	0	1	0	12	128	115	110	14	0	1	4	170	225	79	17	0	1	0	13	82	119	9	0	0	0	58	101	52	65	0	1	0	0	21	100	67	4	0	0	0	0	0	0	0	1	0	0	0	
0	0	3	15	0	3	2	0	2	0	51	102	0	3	0	0	4	0	127	73	0	115	60	0	0	0	150	3	119	140	102	0	0	19	143	25	122	76	67	0	0	1	134	101	174	86	0	1	2	0	42	126	57	1	1	0	0	0	1	0	0	2	0	0	
0	0	0	4	0	14	84	40	0	0	3	0	54	125	75	17	0	0	0	92	132	47	25	0	2	0	153	248	153	221	215	5	0	61	255	250	246	237	112	0	0	70	255	247	201	100	0	1	0	5	52	52	2	0	1	0	0	0	0	0	1	3	0	0	
0	0	1	1	3	1	0	0	0	2	0	85	182	114	0	0	1	0	21	186	36	121	43	0	3	0	86	187	0	135	62	0	4	0	138	107	3	204	21	0	4	0	149	157	179	134	0	4	2	0	31	199	160	11	0	1	0	0	0	0	0	1	0	0	
0	0	3	3	0	0	0	0	0	0	0	0	12	5	14	1	2	0	86	157	168	234	141	0	1	0	111	61	69	184	15	0	0	3	0	53	183	17	0	1	2	0	57	218	37	0	3	0	0	23	196	52	0	3	0	0	0	74	94	0	4	0	0	0	
0	1	0	77	38	0	1	0	2	0	51	181	15	0	3	0	3	0	146	72	0	3	0	0	0	17	172	0	57	171	103	0	0	11	184	67	163	73	182	13	3	0	101	241	192	158	72	0	0	1	0	54	86	35	0	1	0	0	2	0	0	0	2	0	
0	0	0	0	0	0	0	0	0	0	0	3	30	51	16	0	1	4	0	73	161	221	43	0	0	2	0	34	180	145	0	3	40	40	0	77	129	123	0	3	36	127	111	25	126	73	0	3	0	0	69	136	111	0	1	0	2	2	0	0	0	1	0	0	
0	0	1	1	0	0	0	0	0	1	0	21	51	0	1	0	0	0	4	117	103	28	0	1	2	0	56	138	167	48	0	2	1	0	14	119	162	18	0	1	0	0	0	1	133	9	0	0	0	1	0	30	156	0	1	0	0	0	0	13	43	0	1	0	
0	0	0	2	0	1	1	0	0	0	2	0	64	51	0	1	0	1	0	137	130	191	165	0	3	0	116	151	59	216	68	0	3	0	169	217	254	80	0	3	1	0	0	133	193	0	2	0	2	0	24	219	67	0	2	0	1	0	27	86	0	1	0	0	
0	0	0	0	4	4	0	0	0	1	0	14	134	106	0	1	0	3	0	115	78	29	0	0	1	0	19	138	0	0	0	0	2	0	52	178	82	20	0	1	3	0	71	154	66	59	0	2	1	0	11	134	128	7	0	1	0	0	0	5	6	0	0	0	
0	0	1	3	0	0	0	0	0	0	2	0	42	55	2	0	1	0	5	118	108	201	76	0	1	0	161	102	108	174	5	0	0	0	134	196	227	24	0	2	1	0	0	202	77	0	3	0	3	0	84	191	0	3	0	0	2	0	45	53	0	2	0	0	
1	0	20	67	51	3	0	0	2	0	83	133	147	132	0	0	0	0	0	1	0	168	29	0	0	0	5	0	83	146	0	1	0	2	0	82	142	4	0	1	0	0	154	228	86	74	36	0	0	9	141	136	108	87	33	0	0	0	0	0	0	0	0	0	
0	0	2	1	0	0	0	0	0	1	0	34	133	58	7	0	2	0	75	167	108	201	47	0	1	0	32	63	157	146	0	1	1	0	17	157	199	109	0	4	0	1	0	7	124	42	0	1	34	126	116	162	75	0	2	0	0	34	61	28	0	2	0	0	
0	1	1	0	0	0	1	0	1	0	15	107	120	75	0	0	0	37	167	110	35	78	57	0	0	45	186	26	88	197	76	0	2	0	48	224	243	27	0	2	1	0	28	215	101	103	0	3	1	0	21	170	120	82	0	3	0	1	0	27	56	3	0	0	
0	0	0	11	16	2	0	0	2	0	60	138	85	79	31	0	4	0	109	106	0	157	117	0	0	1	0	143	230	106	0	1	2	0	30	174	169	70	0	3	1	0	188	182	160	58	0	2	0	4	175	146	22	0	1	0	0	0	0	0	1	1	0	0	
0	2	0	0	1	2	0	0	0	0	8	18	5	0	0	0	0	143	237	217	227	63	0	3	0	106	88	7	167	170	0	4	0	0	4	0	139	161	0	4	0	3	5	0	198	104	0	4	0	2	0	33	247	49	0	2	0	1	0	35	149	10	0	1	
0	1	1	0	1	0	0	0	0	5	4	0	11	167	29	0	0	0	3	0	159	185	0	1	0	3	0	72	250	47	0	2	1	0	14	224	114	0	3	0	3	0	158	213	0	2	0	0	1	0	155	87	0	2	0	0	0	0	0	1	1	0	0	0	
0	1	2	0	0	2	2	0	0	0	3	117	146	14	0	1	1	0	165	184	167	222	47	0	0	94	198	0	0	118	197	1	0	158	118	0	0	64	239	30	0	129	210	112	181	228	71	0	0	10	125	157	119	25	0	1	0	0	0	0	0	1	3	0	
0	0	0	0	0	0	0	0	0	1	0	25	87	131	73	0	0	1	0	141	139	226	115	0	0	2	0	0	149	153	0	0	0	2	95	188	102	0	0	0	0	156	240	186	99	130	54	0	0	76	21	18	109	82	19	0	0	0	1	2	0	0	0	0	
0	0	1	0	3	7	0	0	0	1	0	35	123	49	0	2	2	0	48	105	9	0	1	0	4	0	102	112	65	33	0	1	3	0	82	111	54	136	21	0	0	0	16	39	24	146	12	0	1	0	13	134	134	34	0	2	0	0	0	3	2	0	1	0	
0	0	0	0	0	0	0	0	1	0	22	87	113	117	90	0	2	0	89	128	51	173	110	0	0	0	0	61	181	125	0	2	0	0	171	205	130	88	0	4	0	2	46	0	120	48	0	2	0	18	143	190	100	0	2	0	0	4	36	41	2	0	0	0	
0	1	3	0	0	0	1	0	0	1	0	58	130	110	1	0	0	2	144	153	89	231	121	0	0	94	135	0	0	20	158	9	0	128	36	0	4	2	173	28	0	138	57	0	0	115	87	0	0	66	185	114	160	109	0	1	1	0	30	71	33	0	3	0	
0	0	0	1	1	0	0	0	0	0	1	0	16	43	10	0	0	2	0	8	141	134	51	0	0	0	0	165	192	85	0	1	9	18	30	159	154	171	0	2	13	135	117	90	139	13	0	1	0	6	38	29	4	0	0	0	1	1	0	0	2	1	0	0	
0	0	0	1	1	36	4	0	0	0	2	0	50	134	0	1	0	0	0	4	155	33	0	1	0	2	0	134	90	0	3	0	1	0	20	197	88	0	2	0	4	0	96	125	138	13	0	1	2	0	37	111	48	0	1	0	0	0	0	0	0	0	0	0	
0	0	0	0	3	1	0	0	0	0	3	2	0	24	18	0	0	2	0	3	75	215	161	0	1	0	73	157	84	184	141	0	0	131	203	68	121	167	4	0	0	183	196	147	82	9	0	1	0	4	24	4	0	2	1	0	0	1	0	2	3	1	0	0	
0	0	1	23	1	3	1	0	1	0	34	116	0	2	0	0	3	0	99	78	9	130	36	0	3	0	124	47	110	110	81	0	0	5	129	73	92	100	43	0	2	0	112	173	164	83	0	2	1	0	16	115	73	0	2	0	0	0	1	0	0	2	0	0	
0	0	0	2	0	1	1	0	0	0	3	0	101	167	0	0	0	2	0	118	242	93	9	0	2	0	144	255	200	245	89	0	0	3	104	48	129	204	9	0	0	115	106	83	200	19	0	1	0	32	197	221	62	0	3	0	0	0	0	0	1	1	0	0	
0	0	2	0	3	2	0	0	0	1	0	28	124	117	0	1	2	0	58	114	3	108	53	0	0	22	132	7	0	82	79	0	0	74	83	0	0	119	35	0	0	70	70	0	87	92	0	2	0	16	113	117	71	0	1	0	0	0	6	11	0	2	0	0	
0	0	0	3	1	0	2	0	0	0	2	0	1	1	3	6	0	1	0	101	35	0	86	34	0	0	151	210	24	164	94	0	0	40	153	103	242	174	38	0	0	2	0	131	96	0	2	0	0	0	6	62	3	2	2	0	0	0	0	0	2	0	0	0	
0	0	0	0	0	0	0	0	1	0	10	121	99	5	0	1	1	0	18	152	191	105	0	4	0	0	0	2	188	75	0	3	0	0	0	125	137	46	0	2	3	0	86	61	66	75	0	3	3	0	110	128	121	10	0	1	1	0	9	61	15	0	1	0	
0	0	0	1	2	0	0	0	0	0	2	0	5	51	25	0	0	3	0	15	130	114	168	0	1	0	34	70	13	125	111	0	0	72	200	101	146	158	3	0	0	133	191	142	85	0	1	0	0	0	0	0	0	2	1	0	0	1	2	4	3	0	0	0	
0	0	2	0	0	1	0	0	0	0	6	89	118	64	0	2	3	0	106	121	39	181	11	0	3	0	146	51	0	133	39	0	2	0	131	36	0	154	31	0	3	0	110	98	19	169	0	1	1	0	12	144	180	95	0	3	0	0	0	12	45	2	0	0	
0	0	0	1	0	0	0	0	0	0	1	0	19	57	3	0	0	3	0	85	239	255	60	0	1	3	0	147	255	201	13	0	1	0	21	141	112	157	0	1	88	64	0	23	162	79	0	2	30	122	127	136	55	0	1	0	0	31	84	6	0	2	0	0	
0	0	1	1	0	1	0	0	0	3	0	62	195	17	0	1	1	0	8	195	237	161	0	2	4	0	129	176	18	220	26	0	4	0	158	91	23	223	16	0	4	0	97	194	162	182	0	2	1	0	8	176	202	22	0	1	0	0	0	0	0	1	0	0	
0	0	0	2	0	1	1	0	0	0	2	4	7	0	10	6	0	1	0	102	33	6	116	15	1	0	133	229	91	176	74	0	0	11	117	46	161	122	0	3	0	1	0	27	82	0	0	0	0	0	7	129	31	0	1	0	2	0	48	70	0	2	0	0	
0	0	0	0	0	0	0	0	0	0	4	86	88	0	1	0	2	0	88	224	182	7	0	1	0	3	0	89	253	23	0	2	1	0	9	149	164	83	0	2	2	0	56	158	0	170	19	0	0	0	0	97	176	138	2	0	0	0	0	0	43	12	0	0	
0	0	2	1	0	0	0	0	0	0	0	0	4	8	0	0	3	0	92	219	209	181	1	0	0	7	211	97	78	166	0	1	0	8	80	0	91	118	0	4	0	0	0	3	177	40	0	2	0	3	0	88	194	0	2	0	0	3	0	79	72	0	2	0	
0	0	0	5	54	44	0	0	1	0	13	130	104	56	0	0	3	0	107	83	0	2	0	0	2	0	142	26	0	1	0	0	3	0	108	130	85	51	0	1	1	0	1	192	241	195	32	0	0	1	0	10	85	95	10	0	0	0	1	1	0	0	0	0	
0	1	2	0	0	0	0	0	0	0	10	35	48	37	0	1	1	0	169	226	224	166	0	3	0	67	194	0	78	120	0	4	0	15	21	0	143	61	0	2	0	2	0	52	242	72	0	2	0	4	0	159	182	0	0	1	0	1	0	74	23	0	1	0	
0	0	0	2	0	0	1	0	0	0	2	0	101	93	0	1	0	3	0	101	213	156	44	0	2	0	46	226	87	94	81	0	3	0	137	55	76	155	11	0	0	2	145	2	111	76	0	2	1	0	148	161	99	0	2	0	1	0	22	45	0	2	0	0	
0	0	1	2	0	0	0	0	0	1	0	7	80	30	0	1	1	0	20	190	212	207	10	0	2	0	163	125	111	208	0	0	0	16	224	201	255	117	0	4	0	1	59	52	190	53	0	2	0	1	0	26	170	4	0	0	0	1	0	36	72	0	2	0	
0	0	0	0	0	0	0	0	0	1	0	18	76	0	1	0	0	1	0	37	145	0	2	0	0	1	0	34	127	0	3	0	0	2	0	48	137	0	3	0	0	2	0	62	145	0	4	0	0	2	0	46	123	0	3	0	0	0	0	5	13	0	0	0	
0	0	1	1	0	1	0	0	0	2	0	67	14	0	45	6	2	0	52	130	0	48	125	0	0	19	200	163	105	180	67	0	0	106	186	95	151	192	1	0	0	7	4	0	146	53	0	2	0	2	0	54	176	0	2	0	0	1	0	15	20	0	1	0	
1	0	28	35	0	2	0	0	3	0	71	93	0	4	0	0	1	0	38	75	0	12	0	0	1	0	31	92	101	94	0	1	1	0	14	154	80	71	14	0	0	1	0	149	153	70	0	2	0	0	0	12	63	7	0	0	0	0	0	1	0	1	0	0	
0	0	0	0	0	0	0	0	0	0	5	58	90	137	20	0	2	0	36	157	241	175	0	0	0	2	0	110	255	64	0	3	1	0	28	179	92	78	0	3	0	0	3	0	105	52	0	2	0	31	177	198	143	0	1	0	0	4	56	53	3	0	0	0	
0	0	2	4	3	3	2	0	0	1	0	0	0	0	0	0	1	0	40	145	162	157	113	7	0	87	253	148	54	47	36	4	0	40	109	142	129	2	0	1	0	0	2	0	127	166	0	3	0	1	5	43	155	126	0	3	0	0	0	73	71	0	0	0	
0	0	4	4	4	4	1	0	0	0	0	0	0	0	0	0	0	4	101	120	141	183	76	0	0	0	143	147	158	218	20	0	0	0	3	0	141	83	0	3	0	3	0	73	163	0	3	0	1	0	3	193	58	0	2	0	2	0	53	150	0	3	0	0	
0	1	0	5	3	0	0	0	0	4	103	143	84	0	2	0	0	124	107	3	112	0	1	0	0	39	33	174	220	128	9	0	3	0	115	161	0	112	105	0	2	0	56	45	0	148	97	0	3	0	71	178	186	151	9	0	0	0	0	2	3	0	1	0	
0	0	0	1	2	69	4	0	0	0	4	0	92	120	0	2	0	3	0	79	174	0	0	1	2	0	47	203	68	151	13	0	0	0	160	60	205	218	2	0	0	12	185	216	216	32	0	2	1	0	50	86	11	0	1	0	0	0	0	0	2	2	0	0	
0	0	0	0	0	0	0	0	0	1	0	33	150	82	0	2	0	3	0	96	178	176	0	1	0	3	0	71	224	89	0	3	0	2	0	184	161	0	2	0	3	0	50	250	90	0	3	0	3	0	60	234	76	0	3	0	0	0	2	32	3	0	0	0	
0	0	0	0	13	5	0	0	0	2	0	87	235	48	0	2	0	0	2	185	218	9	0	1	0	0	0	155	54	0	2	0	0	0	156	159	0	16	21	1	0	72	241	200	210	203	216	76	0	28	45	14	42	25	23	12	0	0	1	0	0	0	0	0	
