500	64	10
0	0	2	2	0	3	1	0	0	1	0	18	10	0	1	0	2	0	34	205	33	96	20	0	1	0	195	146	16	232	59	0	0	105	255	164	186	245	145	7	0	41	67	23	44	206	13	0	0	0	1	0	10	105	12	0	0	2	3	1	1	0	0	0	
0	0	0	0	1	1	0	0	0	41	58	0	9	84	0	0	0	105	162	0	34	191	6	0	0	83	188	5	64	214	4	0	0	9	205	255	248	236	29	0	1	0	17	59	171	188	0	3	0	1	4	0	95	115	0	4	0	0	1	2	11	12	0	0	
0	0	2	0	2	0	0	0	0	24	166	93	4	0	0	0	0	9	31	98	117	0	2	0	0	0	2	0	128	35	0	1	0	0	5	0	95	60	0	2	1	0	12	159	196	35	0	2	0	0	6	94	108	99	7	0	0	0	0	0	0	8	1	0	
0	0	0	0	0	1	3	1	1	0	29	122	61	0	2	8	0	12	227	228	109	0	128	135	0	8	188	61	83	226	173	17	3	0	65	255	245	67	0	1	3	0	91	186	127	66	0	4	1	0	10	159	202	51	0	2	0	0	0	7	10	0	0	0	
0	0	0	0	0	0	0	0	0	1	0	19	82	127	120	18	0	1	0	169	163	115	87	13	3	0	98	144	7	9	0	0	0	24	232	194	186	179	3	0	0	8	90	55	5	143	2	0	1	0	29	154	161	62	0	2	0	1	0	12	34	0	0	0	
0	0	0	3	23	1	0	0	0	3	0	82	234	29	0	2	1	0	13	226	156	89	0	2	4	0	134	221	10	152	9	0	0	0	213	70	22	197	5	0	2	0	171	162	229	147	0	3	2	0	41	155	88	3	0	0	0	0	0	0	0	1	0	0	
0	1	0	0	0	0	0	0	0	1	35	96	115	0	2	0	0	157	120	145	118	0	1	0	0	58	124	199	116	114	37	0	2	0	61	110	12	77	151	5	3	0	84	118	0	25	151	3	0	0	3	123	120	133	43	0	0	0	0	11	44	11	0	1	
0	0	0	11	17	0	1	0	0	3	0	124	182	0	2	0	1	0	10	238	116	0	4	0	3	0	71	255	184	36	0	2	4	0	106	227	141	175	4	0	2	0	49	208	160	232	17	0	0	2	0	87	177	75	0	2	0	0	1	0	0	0	0	0	
0	0	1	0	22	9	0	0	0	1	0	13	156	14	0	1	0	3	0	99	105	0	3	0	0	0	0	149	28	0	1	0	1	0	4	191	172	42	0	2	0	0	6	133	138	111	0	4	0	2	0	54	131	19	0	1	0	0	0	0	0	0	0	0	
0	0	0	0	0	0	0	0	0	18	27	0	4	1	0	0	0	55	193	0	103	107	0	3	0	7	196	25	134	140	0	4	3	0	78	206	216	97	0	4	0	1	0	9	184	106	0	4	0	0	6	0	136	90	0	3	0	0	1	0	45	26	0	1	
0	0	1	1	0	0	0	0	0	2	0	42	132	59	0	0	1	0	13	207	255	253	68	0	3	0	138	131	9	118	75	0	2	0	191	133	0	171	74	0	3	0	171	207	166	194	0	0	2	0	52	241	212	23	0	1	0	0	0	25	9	0	1	0	
0	0	0	0	0	3	2	0	2	0	47	146	30	0	1	0	4	0	120	232	97	80	101	0	2	0	47	124	154	255	99	0	1	0	10	222	224	28	0	1	3	0	90	174	122	43	0	1	2	0	35	203	216	26	0	2	0	1	0	30	31	0	1	0	
0	0	2	0	0	0	0	0	0	1	0	120	178	88	20	0	2	0	135	218	144	84	16	0	0	49	155	0	2	0	1	0	0	40	178	69	13	0	1	0	1	0	58	148	171	167	66	0	0	1	1	0	108	213	150	0	0	0	3	3	0	0	0	0	
0	0	0	0	0	0	0	0	0	1	0	30	66	0	2	0	0	2	0	64	173	0	2	0	0	2	0	67	170	0	2	0	0	3	0	82	170	0	3	0	0	3	0	91	145	0	4	0	0	2	0	55	138	0	2	0	0	0	0	3	31	1	0	0	
0	0	0	0	0	0	0	0	1	0	57	83	80	16	0	1	2	0	139	195	241	95	0	4	0	0	0	0	197	54	0	2	1	0	12	70	249	89	0	3	2	0	66	181	243	56	0	2	0	3	0	83	224	0	0	1	0	1	0	28	63	0	0	0	
0	0	0	0	0	0	0	0	0	70	204	118	48	3	0	0	0	11	104	174	255	109	0	4	0	3	0	124	255	111	0	4	0	0	0	18	10	125	42	0	0	39	101	52	88	196	47	0	0	23	155	211	184	59	0	2	0	0	0	0	0	0	1	0	
0	0	0	0	0	0	0	0	0	0	0	10	77	0	0	0	0	1	0	15	152	2	0	0	0	1	0	32	133	0	2	0	0	3	0	77	108	0	3	0	0	3	0	123	55	0	2	0	0	0	11	131	3	0	0	0	0	0	4	15	0	0	0	0	
0	0	0	0	0	1	0	0	0	63	92	0	0	28	4	0	0	101	214	0	11	205	43	0	0	113	216	0	30	243	47	0	0	56	236	194	176	246	29	0	1	0	36	114	222	195	0	2	0	1	3	0	200	126	0	4	0	0	2	2	37	19	0	1	
0	0	0	0	2	2	0	0	1	0	70	22	0	0	0	0	3	0	141	37	29	53	0	2	2	0	57	101	184	95	0	4	0	0	2	13	133	53	0	2	0	0	3	0	137	22	0	1	0	0	1	0	141	56	0	2	0	0	1	0	22	13	0	0	
0	0	1	1	0	0	0	0	0	1	0	15	184	91	0	3	1	0	12	198	255	163	0	3	2	0	159	231	74	199	16	0	0	56	249	38	27	237	28	0	0	61	253	189	247	203	0	0	1	0	106	217	173	31	0	1	0	0	0	0	0	1	0	0	
0	2	1	0	0	0	0	0	1	0	14	84	52	0	1	0	0	67	157	153	172	1	0	0	0	24	8	0	135	42	0	1	0	0	103	177	216	201	118	1	0	11	132	127	161	20	6	0	0	2	0	65	125	0	3	0	0	2	0	44	41	0	2	0	
0	0	0	0	0	0	0	0	0	0	0	0	112	36	0	1	0	2	0	49	255	69	0	3	0	4	0	123	214	0	0	0	0	2	0	185	206	0	1	0	0	1	0	211	132	0	3	0	0	2	0	196	85	0	3	0	0	1	0	28	16	0	1	0	
0	0	0	0	0	0	0	0	0	1	0	36	113	0	2	0	0	2	0	64	142	0	3	0	0	3	0	92	136	0	4	0	0	3	0	101	113	0	4	0	0	4	0	140	83	0	3	0	0	2	0	114	49	0	2	0	0	0	0	0	0	0	0	0	
0	0	1	0	0	1	0	0	1	0	13	79	56	0	0	0	0	0	171	152	186	79	0	3	0	2	193	61	68	145	0	3	2	0	47	181	236	202	0	0	0	0	3	0	173	129	0	3	0	1	0	44	188	2	0	1	0	1	0	23	56	0	1	0	
0	0	0	0	1	0	0	0	0	1	0	99	25	0	1	0	0	3	0	174	113	0	3	0	0	4	0	130	136	0	4	0	0	4	0	133	164	0	4	0	0	4	0	124	170	0	4	0	0	2	0	53	150	0	2	0	0	0	0	4	17	0	0	0	
0	0	0	1	2	0	0	0	0	8	13	0	0	0	0	0	0	48	229	210	144	0	3	1	0	2	42	186	100	0	2	0	2	0	34	193	21	24	42	17	1	0	8	173	229	216	194	44	0	0	0	1	20	21	4	0	0	0	1	1	0	0	1	1	
0	0	2	0	0	1	4	1	0	1	0	73	122	5	0	1	2	0	135	181	91	40	93	35	1	0	95	146	102	161	97	11	0	2	0	132	234	15	0	1	3	0	69	172	142	0	5	1	4	0	106	217	40	0	2	0	0	0	11	31	0	1	0	0	
0	0	0	0	0	0	0	0	2	0	59	138	96	15	0	1	4	0	85	221	255	92	0	4	1	0	15	199	251	40	0	2	1	0	18	123	167	153	0	1	0	0	11	29	39	171	10	0	2	0	36	216	255	141	0	3	0	0	0	11	46	11	0	1	
0	1	0	0	0	0	0	0	1	0	51	88	12	0	0	0	0	58	185	179	117	0	4	0	0	40	13	143	205	22	0	1	1	0	18	102	116	211	27	0	0	1	1	3	0	119	91	0	1	0	16	24	21	163	53	0	1	0	36	68	80	82	0	1	
0	0	2	4	4	2	0	0	0	0	0	0	0	0	0	0	3	0	107	172	142	53	0	2	3	0	107	193	218	141	0	4	0	0	3	0	90	95	0	3	0	0	2	1	161	27	0	1	0	3	0	81	133	0	3	0	0	3	0	113	58	0	2	0	
0	0	1	1	0	0	0	0	0	1	0	23	37	0	1	0	0	1	0	189	194	0	2	0	3	0	68	255	243	40	0	2	1	0	24	164	228	33	0	2	0	1	0	10	176	14	0	1	0	0	0	9	171	23	0	1	0	0	1	0	46	29	0	1	
0	0	0	0	1	0	0	0	0	0	1	0	44	78	0	2	0	0	0	0	205	123	0	4	0	2	0	63	249	31	0	2	0	2	0	180	177	0	3	0	2	0	42	246	57	0	2	0	4	0	107	150	0	2	0	0	1	0	15	10	0	0	0	0	
0	0	2	3	3	4	1	0	0	8	11	0	0	0	0	0	0	31	156	75	59	109	34	0	1	0	39	116	141	182	2	0	0	0	2	89	205	124	0	1	0	2	0	43	152	0	2	0	0	3	0	90	123	0	4	0	0	2	0	59	91	0	3	0	
0	0	0	0	0	0	0	0	0	2	100	149	141	77	0	1	0	58	255	233	255	195	0	2	0	12	36	99	246	77	0	3	2	0	44	235	63	0	2	0	4	0	106	255	145	81	29	0	0	0	0	114	231	255	160	0	0	0	0	0	6	43	26	0	
0	1	0	4	9	0	0	0	1	0	31	129	113	96	19	0	0	3	132	31	0	33	10	0	0	20	161	110	69	0	0	0	3	0	85	57	44	98	16	0	2	0	61	77	0	75	115	0	0	0	5	84	120	119	30	0	0	0	1	0	7	5	0	0	
0	0	0	0	0	1	0	0	0	0	6	4	18	7	0	0	0	1	199	232	245	150	0	2	0	0	69	76	61	177	0	0	0	0	3	0	93	161	0	3	0	0	2	1	203	72	0	3	0	3	0	108	172	0	2	0	0	3	0	106	62	0	2	0	
0	0	0	1	0	0	0	0	0	0	4	0	69	140	24	0	0	0	0	0	127	214	16	0	1	0	67	168	90	6	0	1	0	46	207	161	72	30	0	1	0	2	0	5	200	91	0	4	1	0	9	119	75	0	1	0	0	0	11	30	0	1	0	0	
0	0	0	0	0	0	0	0	0	73	189	226	105	0	2	0	0	87	168	126	189	0	3	0	0	3	0	111	166	0	2	0	2	0	54	240	74	67	86	4	4	0	131	255	250	251	211	22	1	0	18	78	66	17	1	0	0	0	0	0	0	0	0	0	
0	0	1	2	0	1	0	0	0	0	0	6	33	7	0	0	1	0	11	108	111	104	0	1	3	0	78	175	14	98	4	0	1	0	2	90	102	1	2	0	0	2	0	49	84	0	3	0	0	3	0	81	72	0	3	0	0	2	0	80	33	0	1	0	
0	1	1	0	0	1	2	0	1	0	37	65	2	1	0	0	0	23	208	223	44	1	173	59	0	60	219	34	29	217	172	13	1	0	94	188	226	122	0	2	0	4	0	115	217	35	0	3	0	2	0	175	231	66	0	3	0	1	0	64	98	0	0	0	
0	0	0	0	3	2	0	0	0	1	0	2	151	142	0	1	0	1	0	61	76	147	43	0	3	0	94	215	30	129	48	0	0	19	175	18	19	174	10	0	0	61	160	6	165	93	0	3	0	13	147	180	93	0	1	0	0	0	0	0	0	2	0	0	
0	0	0	0	1	3	0	0	0	4	6	0	0	0	0	0	0	108	252	220	226	112	0	2	0	36	97	92	100	188	12	0	0	0	2	0	38	199	7	0	0	2	5	0	182	140	0	4	0	3	0	96	223	7	0	1	0	3	0	92	92	0	3	0	
0	0	1	1	2	0	0	0	0	0	0	4	2	5	0	0	1	0	29	122	105	117	0	2	2	0	139	121	38	121	0	1	0	1	16	0	84	80	0	3	0	0	0	10	138	10	0	1	0	3	0	98	84	0	2	0	0	0	1	101	10	0	0	0	
0	0	2	2	0	0	1	0	0	1	1	0	71	118	4	0	1	0	15	188	237	239	147	0	0	16	215	234	34	39	223	23	0	122	239	30	60	199	208	11	0	137	255	237	255	210	47	0	0	17	101	106	45	1	0	1	0	0	0	0	0	2	2	0	
0	0	0	0	0	1	0	0	0	20	93	69	59	6	0	0	0	13	121	160	181	135	0	3	0	0	2	0	61	159	0	2	0	2	0	56	165	29	26	21	2	0	128	255	159	125	90	16	1	0	56	96	63	15	0	1	0	0	0	0	0	0	2	1	
0	0	0	0	0	0	0	0	0	0	2	0	116	51	0	2	0	1	0	3	208	51	0	2	0	2	0	51	206	2	0	1	0	3	0	120	181	0	3	0	0	3	0	174	108	0	3	0	0	2	0	128	42	0	1	0	0	0	0	0	1	0	0	0	
0	1	1	0	0	2	1	0	2	0	57	213	163	3	1	1	0	3	208	254	255	175	1	0	0	70	202	14	25	177	137	0	0	94	196	0	0	58	214	2	0	27	230	114	85	233	164	0	2	0	65	212	228	145	9	0	0	1	0	0	0	0	1	0	
0	0	1	2	1	1	0	0	0	0	0	3	7	0	0	0	1	0	7	181	193	3	0	1	4	0	97	244	228	74	0	3	2	0	42	187	238	100	0	4	0	0	4	0	112	84	0	3	0	0	1	1	170	30	0	1	0	1	0	19	124	0	0	0	
0	0	2	0	56	16	0	1	0	2	0	52	162	0	0	0	0	0	0	154	45	0	2	0	3	0	90	170	65	35	0	1	4	0	143	140	103	204	12	0	3	0	80	143	98	147	13	0	0	1	0	48	76	11	0	1	0	0	2	1	0	2	1	0	
0	0	0	7	62	1	0	0	0	3	0	83	175	0	2	0	0	0	0	188	63	0	3	0	3	0	73	207	72	76	0	0	4	0	149	255	252	251	36	0	3	0	127	255	255	199	16	0	0	0	3	56	53	11	0	1	0	0	1	0	0	1	1	0	
0	0	1	3	3	3	0	0	4	10	0	0	0	0	0	0	116	145	136	130	143	108	0	1	14	4	19	31	89	188	0	0	0	0	3	0	91	141	0	4	1	0	4	0	104	118	0	4	0	0	3	0	90	198	0	0	0	0	1	0	18	93	4	0	
0	0	1	0	0	1	0	0	0	0	2	63	1	67	18	0	2	0	46	149	14	155	0	0	0	0	195	175	159	120	0	4	0	16	176	194	247	71	0	3	0	1	0	20	178	9	0	1	0	4	0	100	136	0	3	0	0	1	0	23	16	0	0	0	
0	0	0	5	31	0	0	0	0	2	0	111	242	26	0	1	2	0	29	248	119	0	2	0	4	0	116	241	122	178	35	0	1	0	195	255	244	255	91	0	3	0	152	255	255	206	23	0	1	0	9	97	145	25	0	1	0	0	1	0	0	1	1	0	
0	0	2	2	0	0	0	0	0	1	0	9	70	12	0	1	1	0	29	158	208	64	0	3	2	0	185	113	126	152	0	4	2	0	119	177	235	73	0	3	0	2	0	42	153	0	1	0	0	3	0	139	71	0	2	0	0	0	0	62	8	0	0	0	
0	0	0	1	1	47	13	0	0	0	2	0	74	121	13	0	0	1	0	22	139	5	0	0	0	3	0	105	79	0	3	0	0	0	0	159	136	14	0	1	2	0	50	164	130	23	0	1	0	0	0	103	81	0	2	0	0	0	0	0	0	0	0	0	
0	0	0	0	0	0	0	0	0	116	218	170	95	7	0	1	0	34	100	110	227	103	0	4	0	2	0	86	209	33	0	2	3	0	119	228	36	0	8	1	4	0	161	230	184	231	222	28	1	0	9	77	95	88	81	11	0	0	0	0	0	0	0	0	
0	0	0	5	2	0	0	0	0	0	0	111	104	14	8	0	0	3	0	72	186	177	49	0	1	0	21	191	119	147	0	3	0	5	188	73	108	153	22	7	0	88	252	165	233	175	93	6	0	9	45	39	114	20	0	1	0	0	0	0	0	2	3	0	
0	0	0	0	0	0	0	0	0	1	0	24	129	0	0	0	0	1	0	32	216	15	0	1	0	3	0	92	237	9	0	1	0	3	0	163	200	0	2	0	1	0	8	243	114	0	4	0	0	0	0	155	46	0	2	0	0	0	0	0	0	0	0	0	
1	4	4	4	4	3	0	0	0	0	0	0	0	0	0	0	38	174	118	137	144	92	0	0	22	141	161	87	113	244	25	0	0	0	3	0	86	209	0	0	1	4	6	0	201	142	0	4	0	1	0	11	213	50	0	2	0	1	0	19	180	4	0	0	
0	1	2	0	0	0	0	0	1	0	165	212	95	0	1	0	2	0	55	164	250	43	0	2	0	3	0	121	219	11	1	1	3	0	73	245	38	0	2	0	3	0	76	240	131	121	106	0	0	1	0	81	175	222	187	0	0	0	1	0	0	0	0	0	
0	0	0	2	1	0	0	0	0	0	82	122	115	73	0	1	0	9	92	20	0	127	65	0	0	0	2	0	60	154	22	0	1	0	5	134	168	29	0	1	0	13	208	225	106	115	88	2	0	61	157	7	0	0	64	45	0	0	0	0	2	1	0	1	
0	2	0	0	0	0	0	0	0	82	158	65	36	0	0	0	0	4	128	255	238	32	0	2	1	0	0	194	186	10	0	1	0	0	0	0	83	126	7	0	0	1	124	148	70	158	93	0	1	0	33	116	195	219	53	0	0	0	0	0	0	0	0	0	
0	2	4	4	4	1	0	0	0	0	0	0	0	0	0	0	0	87	160	137	115	28	0	1	0	84	170	62	121	183	4	0	0	11	23	0	14	178	11	0	0	0	4	0	86	151	0	3	0	1	4	0	162	65	0	2	0	0	1	0	151	27	0	1	
0	0	0	0	0	0	0	0	0	6	75	57	57	23	0	1	0	0	159	226	233	201	0	0	0	0	2	0	94	182	0	2	0	0	5	0	179	98	0	4	0	3	0	91	215	6	0	1	2	0	25	243	93	0	3	0	1	0	28	95	0	0	0	0	
0	0	0	1	0	0	0	0	0	1	0	17	62	5	0	0	0	0	3	111	125	72	0	3	1	0	26	159	151	25	0	1	0	2	0	109	119	0	3	0	0	3	0	95	46	0	1	0	0	0	0	122	15	0	0	0	0	1	0	53	12	0	0	0	
0	0	2	2	0	0	1	0	0	3	0	37	124	91	1	0	2	0	33	201	255	193	101	0	0	48	243	207	69	41	171	0	0	188	149	0	0	143	172	0	0	146	169	132	200	245	51	0	0	17	115	139	125	43	0	1	0	1	0	0	0	1	2	0	
0	0	0	29	53	17	0	1	1	0	6	136	141	154	26	0	0	0	4	5	0	155	67	0	0	2	0	4	139	138	0	1	1	0	59	178	91	0	0	0	0	73	255	219	162	194	126	2	0	53	117	58	42	23	51	8	0	0	0	0	0	0	0	0	
0	2	1	0	0	0	0	0	0	46	196	147	73	3	0	0	0	1	104	155	251	92	0	4	0	2	0	86	241	46	0	2	2	0	42	240	67	0	2	0	3	0	81	213	61	130	142	2	1	0	5	171	232	187	74	0	0	0	0	0	0	0	0	0	
0	0	0	0	0	0	0	0	0	2	0	47	29	0	1	0	0	3	0	93	87	0	3	0	0	3	0	85	92	0	3	0	0	2	0	69	107	0	3	0	0	2	0	51	98	0	3	0	0	1	0	41	92	0	3	0	0	0	0	7	15	0	0	0	
0	0	0	0	0	0	0	0	0	2	0	61	93	0	3	0	0	2	0	56	164	0	2	0	0	1	0	32	170	0	0	0	0	3	0	59	174	0	2	0	0	5	0	86	162	0	4	0	0	2	0	103	105	0	3	0	0	0	0	3	0	0	0	0	
0	0	1	1	0	0	0	0	0	1	0	15	58	82	79	35	1	0	23	153	109	60	27	6	3	0	95	87	0	3	0	0	2	0	52	113	13	0	1	0	0	4	10	34	126	106	0	2	0	0	89	134	128	53	0	2	0	0	1	7	0	0	0	0	
0	0	0	0	0	0	0	0	0	77	149	110	64	6	0	0	0	64	173	229	255	55	0	3	1	0	3	189	244	99	0	1	0	2	1	14	0	143	113	0	0	0	28	1	26	198	115	0	3	0	141	218	245	171	2	0	1	0	16	59	33	0	1	0	
0	0	7	10	0	1	0	0	3	0	84	133	0	4	1	0	4	0	120	141	32	30	0	1	4	0	141	227	157	173	43	0	4	0	128	205	6	169	153	0	2	0	40	242	255	243	66	0	0	1	0	60	105	17	0	1	0	0	1	0	0	1	2	0	
0	0	0	0	0	0	0	0	0	5	41	2	2	11	1	0	0	13	177	11	0	152	24	0	0	25	219	54	52	169	8	0	0	4	161	252	255	149	0	4	0	0	5	19	174	122	0	4	0	1	5	0	155	68	0	3	0	0	2	0	56	27	0	1	
0	0	2	0	1	0	0	0	0	0	0	3	3	5	0	0	2	0	85	63	66	91	0	3	0	27	134	0	194	78	0	3	0	14	117	103	126	58	0	3	0	0	17	0	90	59	0	2	0	0	4	0	104	43	0	2	0	0	2	0	88	14	0	0	
0	0	0	0	1	1	0	0	0	0	8	17	9	0	0	0	4	0	113	255	233	58	0	3	1	0	24	56	114	134	0	4	0	0	3	0	98	113	0	4	0	0	0	9	191	41	0	2	0	3	0	117	161	0	3	0	0	3	0	111	52	0	2	0	
0	1	0	24	20	0	1	0	0	1	0	78	21	0	0	0	1	0	21	88	0	2	0	0	2	0	42	69	23	99	0	1	2	0	55	51	135	170	0	3	1	0	23	109	175	53	0	2	0	1	0	46	42	0	1	0	0	0	1	0	1	2	0	0	
0	2	1	0	1	0	0	0	0	0	3	43	14	0	1	0	0	84	223	215	141	0	2	0	0	48	60	26	149	0	0	0	0	2	0	159	92	0	7	2	0	2	0	196	216	200	164	13	0	1	0	15	52	54	22	0	0	0	0	0	0	0	0	0	
0	0	0	0	0	0	0	0	0	0	3	42	44	88	0	2	0	0	13	158	82	148	0	4	3	0	82	118	75	119	0	4	0	4	202	171	201	130	0	3	0	30	158	125	218	107	0	3	0	0	2	0	159	42	0	2	0	1	4	4	21	2	0	0	
0	0	2	1	0	0	0	0	0	0	0	52	68	51	30	0	1	0	24	224	240	200	95	0	1	0	193	255	100	0	2	0	1	0	82	99	155	49	0	2	0	7	25	0	152	87	0	3	1	0	147	243	211	10	0	1	1	0	21	110	22	0	1	0	
0	0	0	0	0	0	0	0	0	2	0	74	141	78	0	0	0	2	0	57	214	180	0	2	0	2	0	65	152	22	0	1	0	3	0	160	134	11	0	1	0	2	0	40	233	97	0	4	0	1	153	163	98	4	0	0	0	0	35	19	0	1	0	0	
0	0	3	3	0	0	0	0	0	0	0	0	15	28	50	2	1	0	76	185	225	255	191	2	0	6	223	170	232	183	6	0	2	0	103	246	179	0	1	1	2	0	44	219	171	12	0	1	3	0	69	226	187	17	0	1	1	0	11	122	49	0	2	0	
0	0	1	0	1	2	0	0	0	0	4	79	26	0	1	0	3	0	111	201	176	57	0	2	3	0	168	119	213	154	0	4	2	0	38	159	185	143	0	4	0	0	4	0	119	115	0	4	0	0	2	0	202	56	0	2	0	0	0	1	71	13	0	1	
0	0	0	0	1	0	0	0	0	0	2	0	103	44	0	2	0	0	0	0	197	52	0	2	0	2	0	60	212	3	0	1	0	3	0	166	151	0	3	0	2	0	35	235	42	0	2	0	2	0	58	156	0	1	0	0	0	0	0	0	1	0	0	0	
0	0	0	0	0	0	0	0	0	0	2	30	6	25	0	1	1	0	20	121	37	121	0	3	2	0	40	169	105	119	0	4	0	1	0	90	215	52	0	2	0	1	0	13	154	6	0	0	0	3	0	94	108	0	3	0	0	2	0	64	28	0	1	0	
0	0	1	0	17	14	0	1	0	2	0	33	239	120	0	4	0	1	0	196	189	8	0	1	3	0	67	255	137	30	0	1	0	20	240	240	240	235	19	0	0	0	148	252	238	241	22	0	1	0	10	132	152	53	0	1	0	1	2	0	0	0	0	0	
0	0	0	1	0	0	0	0	0	0	0	4	47	2	0	0	0	2	0	40	193	3	0	1	0	3	0	83	157	0	3	0	0	3	0	100	116	0	4	0	0	4	0	132	76	0	3	0	0	3	0	93	52	0	2	0	0	1	0	19	20	0	1	0	
0	0	4	2	2	3	1	0	0	0	0	0	1	0	21	56	0	5	119	206	81	60	225	160	0	13	235	182	228	168	51	3	2	0	70	236	115	0	1	1	1	0	21	200	105	0	5	0	1	0	18	221	155	0	3	0	0	1	0	78	48	0	2	0	
0	0	1	0	0	0	0	0	1	0	24	95	0	55	24	0	3	0	161	123	0	158	62	0	0	28	204	25	22	173	33	0	0	27	174	157	194	177	0	3	0	0	4	0	141	113	0	4	0	2	0	11	198	31	0	1	0	0	0	5	25	0	0	0	
0	0	0	0	0	0	0	0	0	0	0	49	77	50	21	0	1	0	23	235	255	242	92	0	4	0	108	255	205	30	0	1	2	0	61	84	144	90	0	3	0	3	1	0	182	78	0	3	0	31	183	249	165	0	2	0	0	0	106	101	8	0	1	0	
0	0	1	1	2	35	6	0	0	0	1	1	147	178	12	0	0	2	0	147	157	0	2	0	3	0	97	251	173	42	0	2	4	0	172	98	107	125	0	4	3	0	173	160	196	65	0	3	2	0	41	154	79	0	1	0	0	0	0	0	0	1	0	0	
0	0	1	0	78	23	0	1	0	3	0	131	234	17	0	1	2	0	53	206	21	0	2	0	4	0	139	194	131	86	0	1	0	0	200	252	189	240	54	0	2	0	147	255	201	253	73	0	0	0	4	54	81	67	2	0	0	0	1	0	0	0	0	0	
0	1	0	0	0	0	0	0	2	0	84	129	15	1	0	0	0	47	169	74	181	3	0	0	0	33	148	105	205	41	0	2	1	0	38	51	62	140	0	3	0	1	1	2	0	135	32	0	0	0	0	92	129	160	26	0	0	0	0	0	36	42	0	1	
0	0	2	1	0	0	1	0	0	2	0	23	200	119	0	2	2	0	49	232	255	255	68	0	0	23	234	210	62	106	173	0	0	152	169	0	0	120	199	0	0	195	184	130	220	243	68	0	0	82	234	212	144	32	0	1	0	0	0	0	0	1	2	0	
0	0	6	91	29	0	1	0	3	0	100	98	4	0	1	0	0	0	133	15	0	0	1	0	0	9	122	1	11	28	4	0	2	0	125	41	101	115	133	2	2	0	40	137	65	74	116	0	0	1	0	25	66	62	8	0	0	0	1	1	0	0	1	0	
0	0	0	0	0	0	1	0	1	0	22	124	144	84	5	0	4	0	149	222	197	255	178	0	4	0	129	186	187	196	78	0	4	0	108	255	184	0	1	0	0	0	184	60	175	92	0	3	2	0	121	223	238	76	0	3	0	1	0	34	49	2	0	0	
0	0	0	0	0	0	0	0	0	14	100	120	127	90	0	1	0	11	178	73	48	39	0	1	0	0	175	116	102	68	2	0	1	0	130	142	87	154	126	0	0	0	0	3	0	112	156	0	1	0	17	151	170	182	21	0	0	0	2	40	40	2	0	0	
0	0	3	2	0	2	0	0	0	0	0	2	19	3	0	0	2	0	65	203	229	122	0	2	0	5	198	70	26	171	4	0	0	0	162	179	204	155	0	3	0	1	0	86	231	41	0	2	1	0	5	154	62	0	2	0	2	0	53	107	0	4	0	0	
0	0	2	1	0	0	0	0	0	1	0	36	38	0	0	0	2	0	66	113	111	45	0	2	0	9	136	1	175	71	0	3	0	8	128	124	161	64	0	3	1	0	24	10	93	52	0	2	0	0	2	0	119	29	0	1	0	0	1	1	51	3	0	0	
0	0	1	0	0	2	1	0	0	0	12	65	0	1	0	0	3	0	87	132	0	76	47	0	4	0	118	220	103	164	9	0	1	0	16	107	224	85	0	3	0	1	0	10	159	14	0	1	0	2	0	62	111	0	3	0	0	0	0	10	11	0	0	0	
0	0	1	1	0	0	0	0	0	0	1	7	33	55	0	1	1	0	26	166	112	143	0	4	4	0	141	144	141	206	10	0	3	0	122	220	243	102	0	0	0	3	0	102	207	0	1	0	0	4	0	143	131	0	4	0	0	0	0	22	11	0	0	0	
0	0	1	1	0	1	0	0	0	1	0	54	62	0	1	0	2	0	38	175	218	76	0	3	4	0	108	113	40	67	0	2	2	0	41	200	221	72	0	3	0	1	0	13	197	38	0	2	0	3	0	107	110	0	3	0	0	1	0	61	20	0	0	0	
0	0	0	0	33	7	0	0	0	2	0	124	223	21	0	1	2	0	45	234	38	0	3	0	4	0	131	152	12	37	0	0	4	0	145	221	154	188	122	0	3	0	72	213	8	144	170	0	0	1	0	96	128	133	27	0	0	0	1	0	0	0	0	0	
0	0	0	0	0	0	0	0	3	0	128	205	136	62	0	0	2	0	93	173	232	210	0	0	0	2	0	48	193	71	0	2	2	0	61	211	43	0	2	0	2	0	194	218	110	158	47	0	2	0	95	222	227	228	50	0	0	0	0	0	0	0	0	0	
0	0	2	2	1	1	0	0	0	0	0	4	10	0	0	0	1	0	27	161	136	0	0	0	3	0	176	164	202	154	0	3	2	0	132	157	190	83	0	3	0	0	0	3	166	24	0	1	0	2	0	43	157	0	2	0	0	1	0	29	74	0	2	0	
0	0	2	0	53	45	0	2	0	1	0	26	197	42	0	2	0	1	0	169	81	0	3	0	2	0	58	206	64	23	0	1	4	0	121	255	221	222	27	0	1	0	37	217	237	242	36	0	0	1	0	17	78	38	0	1	0	0	1	1	0	0	1	0	
0	0	1	0	0	0	0	0	1	0	16	125	153	83	0	2	3	0	118	111	39	34	0	1	2	0	135	103	95	65	6	0	1	0	16	50	39	61	76	0	0	7	19	0	0	14	109	0	0	11	101	120	87	137	55	0	0	0	0	33	64	29	0	1	
0	0	1	1	0	0	1	0	0	2	0	33	214	135	0	2	2	0	32	236	191	231	74	0	2	0	193	186	0	116	166	0	0	38	210	15	0	174	134	0	0	54	231	55	167	193	0	0	0	0	157	224	126	6	0	1	0	0	0	0	0	1	1	0	
0	0	0	0	0	0	0	0	0	0	0	10	17	14	6	0	0	2	0	148	170	65	19	0	2	0	38	74	0	1	0	0	3	0	68	66	0	3	1	0	0	0	3	77	64	0	0	0	0	0	0	0	98	10	0	0	0	1	0	39	70	0	1	0	
0	0	0	0	1	1	1	0	0	0	0	0	7	155	33	0	0	0	3	0	139	183	0	2	0	1	0	11	202	49	0	2	0	3	0	137	156	0	3	0	2	0	48	238	42	0	2	0	3	0	114	171	0	1	0	0	0	0	0	1	1	0	0	0	
0	0	1	0	0	1	0	0	1	0	25	17	0	2	1	0	0	0	139	24	0	93	57	0	0	44	159	71	79	172	34	0	0	103	194	83	67	191	22	0	0	35	22	0	5	145	10	0	0	0	2	0	18	134	0	1	0	2	1	0	2	52	2	0	
0	0	0	0	0	0	0	0	0	0	4	0	56	209	115	0	1	2	3	0	106	232	119	0	1	0	32	35	31	178	35	0	15	173	250	249	255	103	0	4	26	208	226	128	137	158	0	3	0	0	3	0	28	151	0	0	1	1	0	3	2	0	0	0	
0	0	0	3	2	1	0	0	0	0	3	0	45	149	0	1	0	1	0	94	197	201	24	0	3	0	93	241	89	201	33	0	1	0	204	66	78	196	0	0	0	22	236	145	218	62	0	2	2	0	126	206	37	0	2	0	0	0	0	0	0	1	0	0	
0	0	0	0	0	0	0	0	0	1	0	19	133	119	7	0	2	5	0	69	215	235	41	0	0	3	0	87	235	185	1	0	76	84	0	51	72	201	73	0	110	207	66	88	136	151	20	0	0	90	149	106	54	2	0	0	1	0	0	0	0	2	1	0	
0	0	1	0	0	0	0	0	2	0	51	34	0	48	0	1	2	0	127	24	31	131	0	2	0	38	140	0	55	141	0	3	0	22	160	134	173	142	0	3	0	0	11	18	89	137	0	3	0	1	4	0	76	116	0	4	0	0	1	0	15	22	0	1	
0	0	0	3	1	0	0	0	0	0	2	0	5	37	0	0	0	0	6	102	54	156	0	2	2	0	153	176	165	115	0	1	0	110	252	139	205	142	148	21	0	57	41	111	124	0	9	4	0	1	0	139	44	0	2	0	0	2	3	0	1	0	0	0	
0	0	0	40	24	0	2	0	3	0	72	228	35	0	1	0	2	0	185	125	0	6	9	0	0	1	229	87	37	213	209	18	0	1	233	87	53	255	126	0	2	0	169	212	178	184	1	0	1	0	7	109	109	7	0	1	0	0	1	0	0	1	1	0	
0	0	0	0	4	3	1	0	0	0	0	2	0	0	0	0	0	3	1	5	102	130	78	0	0	3	0	85	195	43	12	0	0	72	73	84	179	51	0	2	0	55	105	123	87	0	1	0	0	0	0	0	0	0	0	0	0	2	4	3	3	0	0	0	
0	0	1	0	2	1	0	0	0	0	0	63	23	0	1	0	3	0	66	172	133	33	0	1	3	0	87	159	192	49	0	2	0	0	1	120	177	0	0	0	0	1	0	17	144	0	0	0	0	2	0	50	158	0	2	0	0	1	0	30	49	0	1	0	
0	0	2	0	39	48	0	2	0	0	1	0	171	58	0	2	0	3	0	129	150	0	3	0	3	0	63	192	10	12	0	0	4	0	106	172	184	222	3	0	1	0	20	183	255	140	0	1	0	0	0	13	37	0	1	0	0	0	1	2	0	2	0	0	
0	0	1	1	1	1	0	0	0	1	0	36	42	0	1	0	2	0	39	186	169	32	0	2	4	0	131	83	66	80	0	3	2	0	135	27	64	77	0	3	0	0	5	0	70	126	0	4	0	0	3	0	80	135	0	4	0	0	1	0	29	54	0	2	
0	0	1	2	1	3	1	0	0	0	0	3	9	0	0	0	1	0	12	189	192	165	44	0	3	0	150	178	67	229	27	0	0	0	65	1	127	69	0	2	0	1	0	32	176	0	0	0	0	0	0	187	103	0	3	0	1	0	26	166	14	0	1	0	
0	0	0	6	8	0	0	0	0	3	0	84	85	0	3	0	0	4	0	141	83	0	3	0	0	4	0	139	106	0	3	0	0	4	0	115	124	0	4	0	0	4	0	114	162	0	2	0	0	1	0	39	117	2	0	0	0	0	0	0	0	0	0	0	
0	0	0	1	0	0	0	0	0	0	0	6	107	139	60	0	0	3	0	126	199	255	113	0	0	4	0	148	224	158	3	0	2	0	81	235	197	5	0	1	0	23	216	237	97	0	4	0	0	41	249	177	13	0	1	0	0	3	39	10	0	0	0	0	
0	0	3	3	0	0	0	0	0	0	0	2	17	0	0	0	0	0	68	128	183	37	0	2	0	0	76	58	134	34	0	1	0	0	0	3	143	9	0	0	0	1	0	22	121	0	1	0	0	0	0	15	119	0	1	0	0	0	0	7	97	1	0	0	
0	0	2	3	0	1	0	0	0	0	0	2	23	3	0	0	2	0	33	174	190	186	10	0	0	0	199	112	111	226	5	0	0	1	141	167	228	100	0	4	0	0	6	1	155	58	0	2	0	3	0	66	172	0	1	0	0	2	0	67	87	0	3	0	
0	0	3	1	0	0	0	0	0	0	152	158	39	0	1	0	0	2	7	64	182	0	0	0	0	0	1	125	210	31	0	2	0	0	2	25	64	155	0	2	0	10	98	0	104	157	0	2	2	0	94	173	129	15	0	1	0	0	1	7	0	1	0	0	
0	1	2	0	0	0	2	0	0	0	4	104	231	114	0	2	0	0	175	246	124	236	128	0	0	114	229	25	0	91	235	14	0	159	160	0	6	197	143	0	0	147	233	109	223	201	7	0	0	30	193	212	102	5	1	1	0	0	0	0	0	1	1	0	
0	1	0	0	2	0	1	1	1	0	68	49	0	117	106	0	0	33	255	123	100	154	165	30	0	134	187	23	139	0	148	63	0	157	97	0	28	0	162	43	0	97	199	9	0	67	184	0	0	0	141	205	187	176	40	0	0	1	0	33	59	12	0	1	
0	0	0	0	0	0	0	0	0	0	3	0	93	176	0	1	0	0	0	4	220	95	0	3	0	3	0	99	181	0	2	0	1	0	0	190	73	0	2	0	3	0	100	238	12	0	1	0	3	0	110	176	0	0	0	0	0	0	0	0	0	0	0	0	
0	0	1	1	0	1	0	0	0	26	171	203	116	0	0	0	0	18	47	37	225	62	0	3	0	1	0	29	217	43	0	2	0	0	0	196	105	0	3	0	4	0	98	212	23	85	82	0	2	0	54	201	200	166	49	0	0	0	0	0	1	0	0	0	
0	0	0	0	1	0	0	0	0	0	2	1	8	53	20	0	0	1	3	0	113	255	41	0	0	0	35	63	117	190	7	0	0	129	173	189	236	212	59	0	0	155	183	114	15	66	166	0	0	2	12	1	0	2	36	3	0	1	0	3	2	1	0	0	
0	1	3	3	1	0	0	0	0	0	0	0	0	2	2	0	0	27	74	84	29	0	1	0	0	144	224	211	170	133	53	0	0	0	1	0	0	41	157	0	0	0	0	3	0	115	105	0	0	0	2	0	38	109	0	0	0	0	0	0	2	2	1	0	
0	0	0	1	0	0	0	0	0	1	0	0	87	121	31	0	10	12	0	131	201	156	129	0	54	73	0	28	80	217	48	0	32	144	0	0	20	209	94	0	0	174	177	138	178	124	9	0	0	7	65	69	31	0	0	0	0	1	0	0	0	3	1	0	
0	0	0	0	0	0	0	0	0	0	0	18	27	0	0	0	2	0	49	127	175	84	0	3	0	0	9	0	134	79	0	3	0	1	0	17	166	9	0	1	0	3	0	86	113	0	3	0	0	3	0	148	51	0	2	0	0	1	0	96	20	0	1	0	
0	0	1	1	0	1	0	0	0	3	0	30	1	76	66	0	1	0	22	164	17	181	75	0	0	22	213	186	139	164	0	2	0	210	228	139	229	230	111	0	0	63	13	41	202	47	16	0	0	2	0	73	75	0	2	0	0	3	1	0	1	2	1	0	
0	0	3	1	0	3	0	0	0	0	0	14	26	0	0	0	1	0	82	157	197	149	0	0	0	34	223	138	210	202	0	0	0	4	50	61	203	67	0	3	0	2	0	65	181	0	1	0	1	0	10	208	64	0	2	0	1	0	33	117	0	2	0	0	
0	0	0	1	3	0	0	0	0	0	0	1	0	20	68	10	0	3	0	21	135	147	98	7	0	3	0	153	204	9	0	1	0	57	61	90	175	61	0	3	0	38	151	155	126	0	0	0	0	0	10	53	6	0	0	0	0	2	2	0	2	1	0	0	
0	0	3	3	2	2	0	0	0	0	0	0	0	0	0	0	0	18	122	69	62	58	0	1	0	60	92	57	77	117	0	0	0	74	39	0	8	98	0	0	0	3	2	0	21	82	0	2	0	0	2	0	53	91	0	3	0	0	3	0	72	61	0	2	
0	0	0	3	76	5	0	0	0	2	0	70	183	0	1	0	1	0	7	195	55	0	3	0	3	0	128	148	0	6	0	0	2	0	191	138	186	227	46	0	3	0	123	255	253	202	29	0	1	0	10	72	45	1	0	0	0	0	1	0	0	2	1	0	
0	0	0	3	31	1	0	0	0	0	1	0	141	72	0	3	0	0	2	0	25	135	0	1	0	0	6	71	37	103	0	1	2	0	101	155	227	120	0	3	0	26	144	87	120	74	6	0	0	2	103	90	3	0	0	0	0	0	0	0	3	3	0	0	
0	0	2	3	0	1	1	0	0	0	1	0	2	4	3	0	2	0	51	201	193	226	114	0	0	0	210	141	103	206	27	0	0	18	124	0	168	71	0	3	0	2	0	70	170	0	3	0	0	1	0	185	82	0	3	0	1	0	10	156	17	0	1	0	
0	0	0	0	0	0	0	0	0	18	102	106	118	105	9	0	0	14	62	44	18	191	106	0	0	0	1	0	12	194	42	0	0	0	67	57	185	100	0	3	4	0	137	255	198	7	0	1	0	29	181	66	0	3	0	0	0	18	36	0	1	0	0	0	
0	0	0	1	0	0	0	0	0	0	1	0	89	142	19	0	0	3	0	80	234	250	52	0	0	4	0	123	227	177	12	0	2	0	60	232	203	9	0	1	0	21	220	247	105	0	5	0	0	0	193	213	29	0	1	0	1	0	23	15	0	1	0	0	
0	0	16	1	1	3	0	0	1	0	130	20	0	1	0	0	2	0	144	23	16	76	0	0	3	0	118	41	89	150	23	0	3	0	70	158	89	69	67	0	0	1	0	167	175	131	50	0	0	1	0	15	129	84	0	0	0	0	0	2	0	0	0	0	
0	0	3	1	0	0	0	0	0	1	0	24	80	54	0	1	1	0	68	158	162	235	35	0	0	55	205	79	168	202	7	0	0	47	197	150	232	93	0	3	0	2	0	40	193	10	0	1	0	0	0	210	151	0	3	0	1	0	12	83	8	0	0	0	
0	0	0	0	1	0	0	0	0	0	1	0	71	15	0	1	0	0	0	10	156	11	0	1	0	2	0	48	121	0	3	0	0	3	0	89	86	0	3	0	0	3	0	107	44	0	1	0	0	3	0	96	39	0	1	0	0	0	0	12	7	0	0	0	
0	0	2	1	0	0	1	0	0	2	0	33	150	74	0	2	2	0	56	239	251	226	129	0	0	29	220	105	15	24	197	20	0	145	141	0	0	80	187	0	0	136	186	0	55	233	68	0	0	13	181	217	222	108	0	2	0	0	3	46	24	0	2	0	
0	0	0	0	6	1	0	0	0	2	0	46	122	41	0	2	0	0	0	100	50	48	0	2	0	1	0	96	59	35	0	1	0	3	0	103	171	0	0	1	0	0	8	111	119	11	0	1	1	0	27	55	82	26	0	1	0	0	0	3	6	0	0	0	
0	0	0	0	0	0	0	0	0	0	1	0	23	164	16	0	0	0	4	0	142	165	0	3	0	1	0	17	210	45	0	2	0	2	0	145	161	0	3	0	3	0	81	239	26	0	1	0	3	0	156	130	0	3	0	0	0	0	0	0	1	0	0	0	
0	1	0	22	65	0	1	0	0	2	0	108	132	0	3	0	0	1	0	39	94	0	3	0	0	2	0	58	95	0	3	0	0	3	0	87	71	0	3	0	1	0	29	180	111	71	9	0	1	0	20	47	55	70	6	0	0	0	0	0	0	0	0	0	
0	0	0	0	0	0	0	0	0	1	0	7	132	162	6	0	0	5	0	82	241	177	54	0	0	0	0	10	7	147	47	0	0	39	106	114	198	177	0	2	81	255	251	195	115	192	49	0	25	60	13	1	0	61	42	0	0	0	0	2	4	1	0	0	
0	3	2	0	1	1	0	0	0	0	10	35	0	5	45	1	0	57	182	184	98	78	135	0	0	210	117	0	0	177	58	0	0	71	180	160	153	206	4	0	1	0	13	54	188	105	0	4	0	4	0	25	239	98	0	2	0	1	0	25	114	33	0	1	
0	0	1	0	0	0	0	0	1	0	3	108	176	66	0	2	5	0	116	209	109	193	3	0	1	0	16	62	181	201	3	0	54	104	0	164	175	202	80	0	69	198	166	158	161	173	20	0	0	0	9	39	50	12	0	1	1	1	0	0	0	1	1	0	
0	0	0	0	19	34	0	1	0	0	3	0	99	57	0	2	0	2	0	50	103	0	1	0	1	0	9	154	37	0	1	0	2	0	62	126	111	50	0	2	0	3	43	14	115	58	0	2	0	5	51	60	54	0	1	0	0	0	0	0	0	1	0	0	
0	0	0	3	0	0	0	0	0	0	2	4	0	103	72	0	0	0	9	74	0	167	29	0	3	0	97	223	90	201	16	0	0	72	227	100	225	187	37	0	0	31	21	55	164	0	0	1	0	2	0	140	65	0	3	0	0	1	2	0	1	1	0	0	
0	0	0	0	0	0	0	0	0	1	0	19	88	0	1	0	0	1	0	24	137	0	1	0	0	1	0	34	123	0	3	0	0	2	0	55	100	0	3	0	0	3	0	76	106	0	3	0	0	2	0	57	96	0	3	0	0	0	0	0	1	0	0	0	
0	0	0	0	2	4	2	0	0	0	0	1	1	0	0	0	0	1	2	0	31	101	112	17	0	9	0	31	196	83	20	0	0	85	53	93	194	31	0	2	0	12	101	113	76	5	0	0	0	0	0	0	0	0	0	0	0	1	3	2	3	0	0	0	
0	0	1	0	0	0	0	0	0	7	1	43	97	20	0	1	0	92	188	145	64	0	1	0	0	33	149	96	122	119	8	0	0	1	0	3	0	99	100	0	0	3	5	1	0	99	101	0	0	12	106	84	131	125	3	0	1	0	30	60	24	0	1	0	
0	0	2	0	58	84	0	3	0	1	0	7	184	50	0	2	0	2	0	147	122	0	3	0	3	0	85	192	29	103	42	0	1	0	199	238	195	252	96	0	3	0	125	234	194	129	8	0	0	0	4	3	1	0	0	0	0	0	1	0	0	3	1	0	
0	0	0	0	0	0	0	0	0	0	0	75	13	0	0	0	0	1	0	197	70	0	3	0	0	4	0	137	121	0	4	0	0	3	0	72	129	0	4	0	0	2	0	51	162	0	2	0	0	1	0	25	179	0	0	0	0	0	0	2	28	1	0	0	
0	0	0	3	2	1	0	0	0	0	2	0	0	5	5	0	0	1	0	116	186	227	108	0	1	0	168	210	138	204	21	0	0	15	157	53	183	40	0	2	0	3	0	166	94	0	4	0	3	0	117	173	0	3	0	0	2	0	133	63	0	2	0	0	
0	0	0	0	0	1	1	0	1	0	63	150	135	41	0	1	0	25	247	164	75	152	51	0	1	0	199	178	58	205	71	0	0	21	216	244	239	191	52	0	0	43	202	10	0	76	148	0	2	0	115	125	125	228	62	0	0	0	7	62	68	33	0	1	
0	0	0	1	0	0	0	0	0	0	1	0	54	145	129	11	0	2	0	43	205	196	218	7	0	5	0	115	236	209	75	0	2	0	58	236	206	26	0	1	0	73	195	185	139	0	5	0	0	124	243	190	39	0	2	0	0	5	50	18	0	1	0	0	
0	0	0	2	4	0	0	0	0	3	0	111	131	0	0	0	0	2	0	80	178	29	0	1	0	3	0	73	206	0	0	1	0	2	0	171	163	0	3	0	2	0	48	168	127	0	2	0	1	0	9	155	104	0	3	0	0	0	0	4	1	0	0	0	
0	0	1	2	0	0	0	0	0	2	0	6	78	79	8	0	1	0	28	153	91	186	98	0	0	32	170	65	49	213	45	0	0	99	205	113	231	119	0	3	0	1	17	31	168	9	0	0	0	3	0	147	132	0	4	0	0	1	0	73	34	0	1	0	
0	0	1	0	0	1	0	0	0	0	0	16	4	0	0	1	1	0	127	224	156	133	89	36	1	0	46	131	6	12	6	1	0	2	0	86	60	0	2	0	0	7	0	68	118	0	4	0	0	0	79	199	68	0	3	0	1	0	16	48	1	0	0	0	
0	0	1	1	0	0	1	0	0	2	0	15	175	181	9	0	2	0	24	219	136	154	124	0	0	13	209	114	0	40	167	0	0	144	124	0	0	38	194	0	6	174	22	2	63	198	130	0	0	100	169	155	164	71	0	1	0	0	9	8	0	0	1	0	
0	0	0	0	0	0	0	0	0	3	84	100	149	58	0	2	0	5	56	155	175	29	0	2	1	0	13	162	106	57	3	0	0	2	5	3	25	172	69	0	3	6	0	0	47	158	17	0	9	122	113	117	146	44	0	2	0	26	63	20	0	1	1	0	
0	0	1	2	0	1	3	2	0	2	0	23	13	13	144	11	1	0	14	176	18	109	112	0	0	9	173	84	45	171	0	0	0	125	234	139	240	173	131	19	0	16	6	165	102	0	31	3	1	0	14	162	12	0	1	0	0	1	1	0	2	1	1	0	
0	0	0	0	1	0	0	0	0	2	0	0	0	0	1	0	0	1	8	14	26	17	4	0	0	110	104	64	70	44	88	5	0	91	48	0	0	49	82	0	0	2	6	0	77	81	0	0	0	2	0	2	20	0	1	0	0	0	0	0	0	2	0	0	
0	0	1	2	0	0	0	0	0	1	2	0	95	185	99	0	1	0	16	161	175	144	204	0	0	15	191	129	0	91	162	0	0	145	110	0	0	191	115	0	0	192	142	94	171	178	10	0	0	26	129	144	99	5	0	1	0	0	0	0	0	2	1	0	
0	2	0	51	54	0	2	0	0	2	0	41	194	30	0	2	0	1	4	0	84	162	0	3	0	0	4	0	35	168	0	1	0	7	118	128	147	125	0	3	0	53	195	209	154	0	0	1	0	1	57	30	0	2	0	0	0	0	0	0	3	1	0	0	
0	0	0	0	1	0	0	0	0	0	1	0	26	147	0	0	0	0	4	0	117	139	0	3	0	1	0	18	182	22	0	1	0	3	0	114	136	0	4	0	1	0	38	215	37	0	2	0	2	0	141	82	0	2	0	0	0	0	0	0	1	0	0	0	
0	0	1	0	1	1	0	0	1	0	17	69	25	0	1	0	0	1	168	78	123	41	0	2	0	10	136	109	186	24	0	1	1	0	2	87	255	60	0	3	0	1	0	12	211	45	0	2	0	1	0	29	195	3	0	0	0	1	0	13	88	2	0	0	
0	0	3	4	4	3	0	0	0	1	0	0	0	2	9	0	1	0	80	174	89	138	185	0	0	83	255	164	170	252	61	0	0	108	153	0	99	155	0	4	0	0	0	0	178	56	0	2	0	3	0	91	175	0	2	0	0	3	0	130	72	0	2	0	
0	0	1	0	1	2	0	0	0	0	5	67	41	0	1	0	2	0	100	85	68	89	0	2	0	18	125	0	78	118	0	4	1	0	92	95	110	68	0	3	0	0	6	2	54	85	0	3	0	0	2	0	33	119	0	2	0	0	0	1	0	48	5	0	
0	0	2	2	0	0	2	0	0	1	0	6	26	13	0	0	2	0	48	184	151	217	86	0	0	1	174	58	61	246	93	0	0	27	217	165	239	161	0	2	0	0	50	64	181	28	0	1	0	3	0	140	130	0	4	0	0	0	0	154	39	0	1	0	
0	0	0	4	44	0	0	0	0	2	0	47	132	0	2	0	0	3	0	119	64	0	2	0	1	0	11	177	54	0	0	0	3	0	59	195	153	125	0	3	2	0	39	194	150	104	0	3	0	0	0	66	62	0	1	0	0	0	0	0	0	2	0	0	
0	0	0	1	3	3	3	1	0	0	0	1	0	0	0	0	0	2	0	19	64	69	109	26	0	3	0	146	183	79	63	8	0	43	12	63	146	8	0	0	0	68	126	95	104	2	2	1	0	0	26	34	0	0	0	0	0	2	0	0	2	0	0	0	
0	0	0	7	33	0	0	0	0	3	0	112	110	0	3	0	1	0	24	170	4	0	1	0	3	0	80	112	0	82	20	0	4	0	112	62	38	168	82	0	3	0	82	114	117	165	33	0	0	0	1	81	109	42	0	1	0	0	1	0	0	1	1	0	
0	0	0	0	1	0	0	0	0	0	1	0	38	173	5	0	0	0	3	0	158	169	0	2	0	1	0	32	215	30	0	2	0	2	0	162	93	0	3	0	2	0	109	214	8	0	1	0	0	2	174	55	0	2	0	0	0	0	0	1	1	0	0	0	
0	1	1	0	0	0	0	0	0	0	5	108	137	18	0	1	0	35	209	228	215	199	0	1	0	67	255	131	181	126	0	3	2	0	83	252	243	174	24	0	1	0	26	218	62	233	78	0	0	3	0	142	246	170	8	0	0	0	0	11	52	11	0	1	
0	0	1	1	0	1	0	0	0	1	0	12	0	21	32	0	1	0	21	142	0	137	68	0	1	0	167	173	70	207	16	0	0	12	140	107	215	142	33	0	0	3	0	84	128	0	2	0	2	0	51	184	14	0	2	0	2	0	47	53	0	2	0	0	
1	0	12	44	0	1	0	0	3	0	79	177	131	5	0	1	2	0	101	17	110	155	0	2	0	0	2	0	19	178	7	0	0	5	135	122	126	200	6	0	0	3	191	146	234	132	0	1	1	0	27	123	79	0	1	0	0	0	1	0	0	2	0	0	
0	0	0	0	0	0	0	0	0	0	2	0	87	156	0	0	0	4	0	37	200	203	13	0	0	0	2	0	99	113	0	2	0	73	216	206	224	54	0	2	0	135	230	94	49	183	11	0	0	3	3	1	0	126	37	0	0	0	1	3	2	1	0	0	
0	1	0	64	48	0	1	0	0	1	0	28	150	59	0	2	0	0	4	0	73	150	0	3	0	1	0	20	160	44	0	2	1	0	30	139	40	0	3	0	0	16	212	130	107	85	0	0	0	6	68	69	39	2	0	0	0	0	0	0	0	0	0	0	
0	0	0	1	0	0	0	0	0	0	1	0	64	207	76	0	0	2	0	61	184	196	117	0	0	4	0	86	212	131	13	0	2	0	74	198	169	0	1	0	0	66	188	136	119	0	5	0	0	74	198	128	11	0	1	0	0	0	2	0	0	0	0	0	
0	0	0	0	0	0	0	0	0	0	0	63	49	12	4	0	2	0	39	96	70	149	17	0	0	0	10	0	57	90	0	2	0	0	0	78	153	12	0	0	1	0	42	166	121	67	2	0	2	0	55	90	0	2	0	0	1	0	34	21	0	2	0	0	
0	0	0	3	0	0	0	0	0	0	3	0	35	64	0	0	0	1	0	110	166	230	64	0	2	0	136	169	60	212	32	0	0	0	204	166	216	114	0	4	0	0	4	57	182	9	0	1	0	0	0	182	80	0	3	0	1	0	16	95	3	0	0	0	
0	0	1	0	0	3	2	0	1	0	2	163	129	0	4	1	2	0	157	255	251	147	17	0	0	13	235	84	27	156	200	9	0	107	185	0	0	71	254	44	0	128	249	165	228	242	104	0	0	10	146	180	101	18	0	1	0	0	0	0	0	0	3	0	
0	0	1	0	0	1	0	0	0	1	1	4	0	44	24	0	2	0	69	108	0	169	32	0	0	3	181	33	71	148	18	14	0	99	226	134	212	177	160	16	0	18	0	120	129	0	5	0	1	0	7	158	23	0	2	1	0	1	2	2	1	1	0	0	
0	0	1	1	4	1	1	0	0	1	0	37	139	94	0	2	1	0	14	126	4	146	55	0	3	0	82	76	0	70	84	0	2	0	127	27	0	82	70	0	0	6	138	1	43	112	8	0	1	0	125	127	102	13	0	1	0	0	3	13	1	1	1	0	
0	0	0	3	1	0	0	0	0	0	1	0	31	80	6	0	2	4	0	74	166	186	63	0	0	2	0	127	167	185	45	0	52	73	0	79	132	166	19	0	21	114	131	90	141	81	0	2	1	0	52	85	23	0	1	0	1	3	0	0	0	2	0	0	
0	0	1	1	0	0	0	0	0	1	0	48	134	38	0	1	2	0	45	136	123	143	0	2	1	0	17	125	145	52	0	2	1	0	4	120	148	46	0	2	3	0	69	70	27	106	0	3	1	0	26	93	117	56	0	2	0	1	0	24	45	0	0	0	
0	0	0	0	1	1	0	0	0	0	2	0	48	158	0	0	0	0	3	0	154	104	0	3	0	1	0	31	175	7	0	1	0	4	0	118	129	0	3	0	1	0	4	187	48	0	2	0	2	0	58	163	0	1	0	0	0	0	0	0	1	0	0	0	
0	1	3	3	2	0	0	0	0	0	0	0	0	11	7	0	0	24	78	84	118	190	30	0	0	18	83	44	70	133	0	2	1	0	11	90	196	104	0	3	0	1	0	59	152	0	2	0	0	3	0	113	86	0	3	0	0	2	0	95	31	0	1	0	
0	0	1	2	1	2	0	0	0	0	0	1	0	5	10	0	0	0	0	168	180	200	117	0	4	0	98	170	126	137	0	1	1	0	22	32	152	10	0	1	0	3	0	115	95	0	3	0	2	0	40	182	6	0	0	0	3	0	106	103	0	3	0	0	
0	1	0	17	17	0	1	0	0	2	0	142	53	0	4	0	3	0	72	143	0	3	0	0	3	0	133	63	0	87	54	0	3	0	137	65	124	175	143	0	3	0	84	244	180	116	26	0	0	0	10	72	23	6	0	0	0	0	1	0	0	2	2	0	
0	0	0	1	0	0	0	0	0	0	0	0	79	125	108	14	0	3	0	94	130	90	204	26	0	3	0	157	152	128	13	0	0	3	112	211	148	0	2	1	0	128	120	49	136	0	4	0	0	100	159	167	86	0	3	0	0	0	30	30	0	0	0	0	
0	0	0	2	1	0	0	0	0	0	3	0	39	20	0	1	0	3	0	58	227	63	0	3	2	0	64	125	145	50	5	1	0	23	218	136	204	157	60	0	0	17	91	85	156	10	0	1	0	0	0	0	126	10	0	0	0	1	4	2	36	4	0	0	
0	0	0	0	0	0	0	0	0	0	2	0	36	166	83	0	0	3	2	0	147	171	96	0	0	0	6	0	11	149	23	0	1	92	133	161	180	67	0	3	29	217	156	140	131	100	0	0	0	27	34	1	0	75	29	0	0	0	0	2	3	0	0	0	
0	0	2	0	27	11	0	0	0	2	0	57	172	25	0	1	1	0	28	191	30	0	1	0	4	0	138	106	77	147	12	0	1	0	164	89	120	130	81	0	3	0	139	180	144	138	13	0	1	0	24	132	116	18	0	1	0	0	1	0	0	1	1	0	
0	0	1	1	0	0	0	0	0	1	0	42	83	50	4	0	0	1	0	168	163	153	0	2	3	0	85	201	167	151	0	2	0	1	209	189	209	202	72	0	0	13	79	95	119	0	11	0	1	0	7	196	38	0	1	0	0	0	9	34	1	1	1	0	
0	0	1	0	21	79	0	0	0	0	1	0	153	96	0	2	0	3	0	130	135	0	3	0	2	0	40	178	7	1	0	0	4	0	120	198	129	178	10	0	4	0	111	230	160	148	0	0	0	0	2	67	74	3	0	0	0	0	0	0	0	2	0	0	
0	0	1	0	0	0	0	0	0	1	0	14	15	105	14	0	1	0	35	169	112	146	0	3	2	0	134	63	120	141	80	1	0	75	245	170	221	139	122	0	0	59	66	148	110	0	3	0	1	0	16	174	17	0	4	0	0	1	9	22	0	0	0	0	
0	0	0	2	0	0	0	0	0	0	2	0	37	10	0	0	0	1	0	63	142	52	0	2	3	0	108	113	71	60	0	2	2	0	107	146	173	45	0	2	0	0	3	0	91	34	0	1	0	0	5	0	102	36	0	1	0	0	1	0	32	12	0	0	
0	0	0	0	0	0	0	0	0	1	0	37	183	134	0	0	1	0	0	161	225	236	22	0	0	4	0	74	221	140	0	3	2	1	2	172	212	153	0	4	57	174	56	53	187	84	0	3	2	88	189	185	75	0	2	0	0	0	0	0	0	2	0	0	
0	0	0	1	0	6	21	0	0	0	1	0	12	121	53	0	0	1	0	16	135	57	0	1	0	1	0	91	43	0	3	0	2	0	39	128	146	40	0	2	3	0	64	105	93	2	0	0	2	0	57	96	5	0	1	0	0	0	0	0	1	0	0	0	
0	0	0	0	0	0	0	0	0	1	0	36	156	142	5	0	1	4	0	161	151	156	53	0	0	3	0	82	219	227	52	0	59	73	0	144	120	133	71	0	17	157	109	14	86	152	0	0	0	11	108	153	112	10	0	1	1	2	0	0	0	1	0	0	
0	0	1	2	0	0	0	0	0	0	0	2	63	183	83	0	1	0	0	164	255	160	18	0	4	0	102	222	49	0	0	0	4	0	125	180	0	1	2	0	3	0	114	177	173	35	0	2	1	0	26	87	182	142	0	3	0	0	0	0	2	1	0	0	
0	1	0	26	63	0	1	0	0	4	0	115	148	0	4	0	2	0	37	176	12	0	1	0	3	0	134	74	50	93	24	0	0	33	182	125	131	215	127	0	0	8	178	206	126	120	8	0	0	0	10	57	27	0	0	0	0	1	2	0	0	3	1	0	
0	1	4	3	3	3	3	0	0	0	0	0	0	0	0	0	0	25	85	87	93	77	112	48	0	51	201	68	89	164	78	0	1	0	48	161	195	66	0	2	3	0	80	95	103	145	0	3	2	0	58	147	93	13	0	1	0	0	0	1	0	0	0	0	
0	0	3	0	0	0	1	0	0	2	0	29	95	52	0	1	2	0	108	179	118	212	53	0	0	71	170	0	23	213	56	0	0	64	186	115	224	161	0	2	1	0	52	62	178	48	0	2	0	4	0	118	155	0	3	0	0	1	0	90	38	0	1	0	
0	0	1	1	0	0	0	0	0	2	0	32	193	133	21	0	0	1	0	178	202	160	168	0	4	0	109	227	0	91	137	0	0	4	213	77	10	222	67	0	0	59	238	90	234	129	0	3	0	8	144	200	98	0	1	0	0	0	0	0	0	2	0	0	
0	0	2	1	0	0	0	0	0	1	0	32	91	53	0	1	3	0	90	159	122	221	13	0	0	44	177	0	104	201	0	1	0	42	175	126	214	103	0	4	0	0	9	26	160	20	0	1	0	3	0	166	121	0	4	0	0	0	2	89	16	0	0	0	
0	0	0	0	0	0	0	0	0	58	110	36	0	2	0	0	0	19	88	216	76	0	3	0	1	0	15	224	103	13	1	0	1	0	19	130	117	233	74	0	0	0	3	0	90	243	30	0	0	2	0	61	205	52	0	2	0	1	0	22	18	0	1	0	
0	0	0	0	2	3	1	0	0	1	0	2	1	0	0	0	0	0	3	0	78	108	99	21	0	18	0	61	207	81	10	2	0	108	39	44	98	101	0	3	0	50	121	92	87	26	0	1	0	0	0	0	0	0	0	0	0	2	2	0	3	1	0	0	
0	0	0	0	0	0	0	0	0	0	3	0	89	44	0	2	0	0	2	0	139	39	0	2	0	1	0	13	140	1	0	0	0	2	0	61	135	0	3	0	0	3	0	118	87	0	3	0	0	2	0	119	30	0	1	0	0	0	0	1	0	0	0	0	
0	0	0	0	0	0	0	0	0	0	2	0	66	149	57	0	0	1	1	1	209	255	79	0	0	3	0	84	255	98	0	3	2	0	112	180	169	2	1	0	0	82	149	71	146	0	2	0	0	115	182	135	31	0	1	0	0	5	36	3	0	0	0	0	
0	0	2	2	0	0	0	0	0	1	1	0	50	109	87	3	2	0	35	178	151	78	40	5	0	0	197	114	0	41	4	0	0	80	236	112	132	246	62	0	0	16	82	27	48	220	22	0	0	1	0	68	202	81	0	3	0	0	5	54	26	0	1	0	
0	0	0	0	9	79	1	0	0	0	4	0	122	135	0	2	0	3	0	102	188	0	0	1	2	0	34	180	88	41	0	1	4	0	156	208	122	212	74	0	3	0	112	245	134	146	31	0	1	0	11	53	35	8	0	0	0	0	2	0	0	2	1	0	
0	1	1	0	1	2	0	0	1	0	25	73	33	0	1	0	0	26	151	79	106	52	0	2	0	93	83	0	79	158	0	3	0	34	104	101	196	140	0	3	1	0	42	87	51	104	0	3	0	1	2	0	39	124	0	3	0	0	2	0	15	56	0	1	
0	0	2	1	0	0	0	0	0	0	0	1	9	9	14	0	2	0	45	208	176	236	138	0	3	0	181	132	121	150	0	2	1	0	60	59	187	9	0	1	0	3	0	146	95	0	4	0	3	0	70	184	0	0	0	0	3	0	118	86	0	3	0	0	
0	0	0	2	0	0	0	0	0	3	0	95	74	0	2	0	0	3	0	99	157	0	4	0	0	3	0	99	162	0	4	0	0	2	0	71	156	0	3	0	0	2	0	47	158	0	2	0	0	1	0	10	149	22	0	1	0	0	0	0	2	1	0	0	
0	0	1	2	0	0	0	0	0	1	1	3	60	122	15	0	1	0	16	182	255	231	30	0	1	0	185	161	72	171	18	0	0	54	170	0	35	190	3	0	0	90	145	0	119	134	0	4	0	14	169	177	168	15	0	1	1	0	12	61	11	0	1	0	
0	0	0	0	0	0	0	0	0	1	0	76	134	22	0	1	1	0	13	196	214	107	0	4	0	3	0	132	224	23	0	2	0	2	0	151	221	4	0	1	2	0	57	146	144	31	0	1	3	0	73	213	161	1	0	0	0	0	0	50	22	0	1	0	
0	0	2	0	58	28	0	1	0	1	0	12	176	28	0	1	0	2	0	143	88	0	3	0	2	0	69	131	18	22	0	1	4	0	143	191	150	216	43	0	2	0	37	215	138	97	7	0	0	1	0	36	22	0	0	0	0	0	2	1	0	3	0	0	
0	1	0	30	31	0	1	0	1	0	20	147	26	0	2	0	0	0	145	61	0	2	0	0	0	51	110	0	2	7	6	0	0	48	130	73	50	121	178	78	1	0	105	182	77	73	66	10	0	1	0	0	0	0	0	0	0	0	3	2	0	1	3	0	
0	0	0	1	0	0	0	0	0	0	0	6	82	146	47	0	0	2	0	110	192	241	51	0	0	2	0	147	186	79	0	3	1	0	0	195	165	0	3	0	0	2	151	186	61	0	3	0	0	58	241	154	24	0	1	0	0	4	42	13	0	1	0	0	
0	0	0	2	2	0	0	0	0	1	0	0	0	6	7	0	0	0	10	55	83	163	51	0	0	77	129	92	55	134	2	0	0	15	4	0	122	41	0	2	0	2	0	111	85	0	3	0	2	0	47	121	0	2	0	0	2	0	91	32	0	1	0	0	
0	0	0	0	0	0	1	0	0	0	2	0	77	198	60	0	0	4	0	41	188	172	76	0	0	0	10	37	8	139	34	0	0	153	184	187	224	71	0	3	0	104	155	109	150	112	0	3	0	0	1	0	18	126	0	0	0	3	3	3	3	1	0	0	
0	0	0	0	0	0	0	0	1	0	23	119	115	30	0	1	4	0	108	134	65	27	0	1	3	0	66	152	110	115	6	0	0	2	11	8	0	84	83	0	0	19	155	10	0	88	87	0	2	0	97	118	94	105	5	0	0	0	0	49	46	0	1	0	
0	0	1	0	27	15	0	1	0	1	0	11	173	32	0	1	0	1	0	125	77	0	2	0	2	0	66	115	5	51	0	1	4	0	114	125	165	221	25	0	2	0	50	231	201	150	4	0	0	0	2	64	12	7	0	0	0	0	2	1	0	1	1	0	
0	0	6	10	7	0	0	0	0	11	44	27	87	36	0	1	0	1	6	0	62	95	0	4	3	0	108	167	121	39	0	2	1	0	9	105	163	40	0	1	0	11	12	0	93	145	0	4	0	14	84	118	121	18	0	1	0	0	6	12	0	0	0	0	
0	0	0	0	0	0	0	0	0	1	0	27	145	160	0	0	1	0	18	198	150	197	28	0	2	2	8	59	152	185	0	0	2	0	47	221	175	211	16	0	74	94	1	38	74	154	0	0	42	183	150	161	148	25	0	1	0	1	11	6	0	1	0	0	
0	0	0	0	0	0	0	0	0	1	0	26	103	0	2	0	0	2	0	50	166	0	2	0	0	3	0	77	190	0	1	0	0	3	0	100	181	0	3	0	0	2	0	67	174	0	2	0	0	1	0	30	108	0	2	0	0	0	0	0	0	0	0	0	
0	0	2	1	0	1	2	0	0	0	0	1	22	5	0	0	2	0	66	143	169	223	60	0	0	26	160	0	106	231	50	0	0	23	185	175	250	72	0	3	1	0	33	110	147	0	3	0	1	0	7	177	49	0	2	0	2	0	37	169	7	0	0	0	
0	0	0	0	0	0	0	0	0	0	0	2	81	6	0	0	0	0	0	2	179	29	0	1	0	1	0	20	179	7	0	1	0	2	0	57	159	0	2	0	0	3	0	105	115	0	4	0	0	3	0	134	59	0	2	0	0	0	0	18	6	0	0	0	
0	0	0	0	0	0	0	0	0	0	0	1	63	136	37	0	0	3	0	76	178	223	29	0	0	3	0	99	229	100	0	3	3	0	60	210	161	0	2	0	1	0	150	150	97	0	3	0	0	1	182	137	10	0	1	0	0	0	31	5	0	0	0	0	
0	1	3	1	0	3	3	0	0	0	0	3	8	0	0	0	0	33	181	197	235	186	55	0	0	123	243	77	51	159	242	20	0	126	175	0	0	170	228	12	0	46	253	163	209	235	50	0	1	0	91	226	121	13	0	1	0	1	0	2	0	1	2	0	
0	2	6	0	88	44	0	2	0	1	0	34	150	5	0	1	0	0	0	149	42	0	2	0	3	0	89	117	84	45	0	1	4	0	115	204	186	186	0	1	2	0	30	220	203	107	0	2	0	0	0	9	23	0	0	0	0	0	1	1	0	2	0	0	
0	0	0	0	0	0	0	0	0	4	104	144	155	57	0	2	0	112	193	30	104	186	0	1	0	71	167	152	186	136	0	4	1	0	16	214	230	165	11	0	3	0	83	163	0	178	72	0	3	0	75	184	136	160	13	0	0	0	0	50	36	1	0	0	
0	0	0	0	0	0	0	0	0	0	3	0	81	105	0	3	0	0	3	0	170	80	0	3	0	1	0	44	171	0	0	0	0	4	0	135	95	0	3	0	2	0	64	170	1	0	0	0	3	0	116	85	0	3	0	0	0	0	0	2	1	0	0	0	
0	0	0	51	23	0	1	0	3	0	81	163	137	1	0	0	1	0	127	15	132	25	0	1	0	0	2	10	148	7	0	0	0	2	0	68	162	0	3	0	2	0	60	200	179	69	1	1	2	0	107	76	22	131	61	0	0	0	0	1	2	0	0	0	
0	0	1	4	4	3	0	0	0	0	1	0	0	3	9	0	2	0	40	154	111	184	140	0	3	0	172	169	127	186	5	0	1	0	106	10	126	49	0	2	0	2	0	57	138	0	3	0	0	1	0	159	62	0	2	0	1	0	12	152	13	0	1	0	
0	0	1	0	0	2	1	0	1	0	14	189	85	0	1	0	4	0	108	161	154	153	6	0	1	0	157	41	0	143	97	0	0	14	178	13	0	116	81	0	0	1	172	40	73	168	5	0	2	0	56	164	146	28	0	1	0	0	0	1	0	1	1	0	
0	0	0	2	1	0	0	0	0	0	1	5	6	90	38	0	0	3	0	117	145	161	4	0	2	0	82	166	114	124	4	3	0	26	241	194	216	204	105	0	0	10	27	75	187	0	0	1	0	3	0	145	105	0	4	0	0	1	0	32	11	0	0	0	
0	0	2	0	0	0	0	0	0	1	0	31	65	59	38	2	1	0	54	100	38	30	27	4	0	4	95	54	22	0	0	0	0	0	1	16	86	61	0	2	0	12	6	0	8	115	2	0	0	35	62	57	66	90	0	0	0	0	1	13	18	3	0	0	
0	0	0	0	0	0	0	0	0	0	1	0	59	127	7	0	0	1	0	31	215	238	29	0	0	3	0	81	224	117	0	0	2	0	60	212	149	0	2	0	0	18	161	117	121	0	4	0	0	34	207	151	38	0	1	0	0	2	44	12	0	0	0	0	
0	1	2	0	0	1	0	0	0	0	0	55	64	6	0	0	0	4	159	173	157	110	0	3	0	56	166	0	30	207	13	0	0	19	154	64	192	184	0	2	2	0	55	135	222	113	0	4	0	0	4	0	153	98	0	3	0	0	3	0	62	36	0	1	
0	0	0	0	0	0	0	0	0	0	0	1	60	121	39	0	0	3	0	78	241	255	85	0	0	4	0	90	245	168	13	0	2	0	27	204	164	0	1	0	0	7	184	155	126	0	5	0	0	14	199	188	60	0	2	0	1	0	35	45	0	1	0	0	
0	0	0	0	0	0	0	0	2	0	41	142	120	5	0	1	3	0	70	166	229	29	0	1	0	0	0	177	201	3	0	1	1	0	5	136	168	166	9	0	0	0	2	0	45	224	29	0	3	0	57	193	198	82	0	2	0	0	6	38	9	0	1	0	
0	0	2	2	0	0	0	0	0	1	1	0	51	60	0	0	2	0	48	179	149	224	65	0	0	47	182	43	22	220	39	0	0	110	189	97	231	132	0	3	0	7	58	86	198	13	0	1	0	2	0	173	114	0	4	0	0	1	1	93	24	0	1	0	
0	0	2	1	0	0	0	0	0	1	0	26	69	12	0	1	2	0	43	146	165	210	9	0	0	12	200	93	178	130	0	2	0	15	181	154	184	70	0	3	0	0	5	0	123	99	0	4	0	1	4	0	76	191	0	1	0	0	1	0	15	83	2	0	
0	0	0	1	0	0	0	0	0	1	0	10	166	178	0	0	0	2	0	190	236	215	63	0	3	0	114	210	10	108	76	0	0	23	205	36	0	162	75	0	0	107	190	1	147	204	9	0	0	40	195	185	150	25	0	1	0	0	1	3	0	1	1	0	
0	0	0	2	0	68	27	0	0	0	2	0	93	113	0	0	0	2	0	62	127	0	1	0	0	0	0	145	27	0	1	0	3	0	105	163	102	89	0	1	3	0	92	125	92	118	0	1	0	0	1	65	58	3	0	0	0	0	1	0	0	1	0	0	
0	0	0	0	0	2	9	0	1	2	1	0	59	152	50	0	0	1	3	0	100	210	30	0	25	59	0	0	129	161	0	2	22	184	27	0	92	172	0	1	0	77	165	66	136	73	0	2	1	0	72	101	44	0	1	0	0	1	0	0	0	2	0	0	
0	0	0	14	49	0	1	0	0	2	0	79	95	0	3	0	0	1	0	148	53	0	3	0	1	0	10	157	60	14	0	1	2	0	41	210	99	164	54	0	1	0	10	176	102	156	57	0	0	1	0	32	88	31	0	1	0	0	0	0	0	0	1	0	
0	0	0	0	0	0	0	0	0	1	0	34	191	166	21	0	0	5	0	71	113	188	44	0	0	1	0	63	159	82	0	2	1	72	6	145	217	30	0	2	0	164	81	52	160	0	0	0	0	27	177	140	39	0	1	0	0	1	2	1	0	0	0	0	
0	0	0	0	0	0	0	0	0	8	159	185	161	37	0	1	0	11	148	151	242	150	0	4	1	0	16	197	255	112	0	1	2	0	53	164	131	255	108	0	3	0	170	160	159	233	54	0	3	0	80	227	194	38	0	2	0	0	0	0	0	1	2	0	
0	0	3	0	0	0	0	0	0	1	0	39	93	50	3	0	1	0	121	175	143	255	65	0	0	70	163	0	69	227	13	0	0	82	172	116	236	104	0	3	0	9	93	73	177	19	0	1	0	3	0	142	132	0	3	0	0	2	0	89	40	0	1	0	
0	0	0	0	0	0	0	0	0	0	6	64	101	117	33	0	1	0	11	225	222	121	48	0	1	0	6	203	37	0	2	0	1	0	4	210	81	0	4	0	0	2	0	41	231	134	0	2	1	0	53	137	191	104	0	2	0	0	15	51	12	0	1	0	
0	0	2	1	0	0	0	0	0	2	0	35	172	169	0	0	2	0	38	239	156	212	40	0	1	0	191	116	0	196	44	0	0	44	186	0	2	197	39	0	0	75	196	0	152	171	0	2	0	9	154	188	155	18	0	1	0	0	1	4	0	1	0	0	
0	0	2	1	0	0	0	0	0	0	0	0	7	10	1	0	0	0	112	152	165	178	1	0	0	0	30	9	112	105	0	3	0	1	0	8	188	26	0	1	0	3	0	107	123	0	3	0	1	0	15	185	31	0	1	0	2	0	47	125	0	2	0	0	
0	0	0	3	0	0	2	0	0	1	2	0	43	76	3	0	1	0	2	126	147	202	132	0	0	8	146	99	7	214	157	0	0	52	185	83	240	140	0	1	0	2	84	165	165	0	2	0	1	0	14	175	32	0	2	0	1	0	25	86	0	1	0	0	
0	0	0	1	3	1	1	0	0	2	0	56	200	47	0	2	1	0	11	162	53	106	8	0	0	1	0	133	120	67	24	0	2	0	38	133	202	130	0	1	4	0	122	69	84	88	0	3	2	0	35	157	119	2	0	0	0	0	0	6	3	0	0	0	
0	0	0	0	0	0	0	0	0	0	10	1	25	90	0	2	4	0	118	99	74	125	0	4	2	0	168	47	142	74	45	12	0	69	241	149	213	152	90	4	0	23	19	48	167	0	1	0	0	4	0	141	104	0	6	0	0	2	0	32	17	0	1	0	
0	0	0	1	1	1	0	0	0	1	0	4	160	85	0	3	0	3	0	129	119	0	2	0	0	0	0	181	93	40	0	1	2	0	31	205	164	162	0	3	2	0	46	149	117	82	0	3	0	2	0	140	166	0	0	0	0	0	0	1	1	1	0	0	
0	0	0	0	1	2	0	0	0	0	2	0	66	85	0	3	0	0	0	6	171	29	0	1	0	1	0	63	130	0	3	0	0	3	0	136	70	0	2	0	1	0	17	171	8	0	0	0	2	0	47	130	0	2	0	0	0	0	0	1	0	0	0	0	
0	0	0	1	2	56	3	0	0	0	2	0	87	91	0	2	0	1	0	84	79	0	1	0	2	0	39	150	53	7	0	0	2	0	52	97	123	98	0	4	1	0	33	71	104	69	0	3	1	0	20	90	53	0	1	0	0	0	0	0	0	1	0	0	
0	0	0	2	0	0	0	0	0	0	1	0	113	110	0	1	0	1	0	123	233	195	0	1	3	0	108	159	22	190	1	0	0	0	175	31	62	172	0	3	0	9	157	19	191	92	0	3	3	0	134	241	124	0	1	0	0	0	8	32	0	1	0	0	
0	0	1	0	0	0	1	0	0	1	0	13	116	121	7	0	3	0	67	207	78	129	90	0	3	0	168	80	0	51	104	0	0	9	177	21	0	65	96	0	0	36	172	0	18	154	32	0	0	13	168	127	128	55	0	2	1	0	25	63	9	0	1	0	
0	0	0	0	0	0	0	0	0	2	0	74	216	186	28	0	1	4	0	112	170	206	36	0	0	4	0	53	243	224	26	0	35	30	0	28	65	186	86	0	106	164	14	23	115	168	9	0	14	141	161	169	127	14	0	1	0	0	1	2	0	2	1	0	
0	0	1	2	0	2	0	0	0	0	0	7	18	0	0	0	0	0	3	119	173	104	0	3	4	0	123	167	178	124	0	4	2	0	61	85	166	54	0	2	0	1	0	26	157	0	0	0	0	3	0	128	109	0	3	0	0	1	0	120	26	0	1	0	
0	0	0	3	1	1	0	0	0	0	2	0	1	6	3	0	0	0	0	150	195	234	64	0	3	0	136	184	155	169	7	0	1	0	96	50	164	11	0	0	0	4	0	119	122	0	5	0	2	0	51	187	11	0	1	0	3	0	103	113	0	3	0	0	
0	0	0	9	36	0	1	0	0	2	0	56	78	0	3	0	0	1	0	115	19	0	1	0	2	0	46	104	5	80	12	0	4	0	93	109	85	132	85	0	1	0	23	174	160	80	19	0	0	1	0	19	48	1	0	0	0	0	1	1	0	2	1	0	
0	0	0	0	2	3	2	0	0	0	0	1	0	0	0	0	0	0	1	1	46	83	92	13	0	9	0	86	151	31	22	0	0	92	36	85	148	0	0	0	0	25	110	78	34	0	2	0	0	0	0	0	0	0	0	0	0	1	1	2	2	0	0	0	
0	0	0	0	0	0	0	0	0	46	115	129	141	26	0	1	0	24	152	192	101	17	0	1	1	0	53	143	61	0	2	0	0	2	0	12	113	131	13	0	0	0	1	1	0	52	156	5	0	8	126	93	103	130	93	0	1	0	28	63	53	23	0	0	
0	0	0	1	0	0	0	0	0	0	1	6	97	139	36	0	0	3	0	93	175	225	130	0	0	4	0	110	230	104	0	3	2	0	32	218	187	0	2	0	2	0	182	127	129	0	1	0	3	0	113	213	122	0	3	0	0	0	3	41	6	0	0	0	
0	0	0	0	0	0	1	0	1	0	98	165	116	41	0	0	0	5	152	158	180	255	62	0	0	1	0	0	178	233	28	0	1	0	1	190	236	30	0	2	2	0	149	253	98	136	43	0	1	0	159	225	222	155	5	0	0	0	0	25	24	0	0	0	
0	0	0	2	0	0	0	0	0	0	1	0	8	9	4	0	0	2	0	126	216	238	78	0	2	0	43	212	145	147	0	0	1	0	34	80	150	17	0	1	0	3	0	111	112	0	4	0	1	0	28	178	13	0	1	0	2	0	65	125	0	3	0	0	
0	0	1	0	0	2	0	0	0	1	0	64	119	2	4	0	2	0	60	209	163	189	77	0	4	0	137	149	151	128	0	1	2	0	27	234	195	17	0	1	4	0	105	153	64	158	0	4	1	0	32	147	172	97	0	3	0	1	0	18	40	0	0	0	
0	0	1	3	4	3	0	0	0	0	1	0	0	2	10	0	1	0	11	166	124	163	161	0	3	0	151	175	87	221	40	0	0	20	179	2	107	95	0	3	0	3	0	29	168	5	0	0	0	2	0	163	100	0	3	0	1	0	5	173	46	0	2	0	
0	0	1	0	0	2	0	0	2	0	59	154	58	9	0	0	3	0	157	255	217	152	0	2	0	0	216	161	0	220	55	0	1	0	216	108	0	223	78	0	4	0	129	178	87	249	31	0	1	0	4	149	213	86	0	2	0	0	1	0	0	0	1	0	
0	0	0	0	0	0	0	0	0	0	1	0	101	194	54	0	0	2	0	45	182	191	44	0	0	3	0	76	216	51	0	2	1	0	17	179	149	0	3	0	3	0	140	157	146	0	1	0	0	0	168	152	27	0	1	0	0	0	0	0	0	0	0	0	
1	0	31	13	0	1	0	0	1	0	45	114	9	0	1	0	0	1	0	54	133	9	0	1	0	0	3	0	67	91	0	3	1	0	13	39	105	58	0	2	2	0	127	156	160	59	0	2	1	0	46	28	16	63	0	1	0	0	0	0	3	0	0	0	
0	0	0	0	0	0	0	0	0	2	0	25	178	161	1	0	0	2	0	53	143	178	12	0	0	10	91	80	95	107	0	3	0	146	160	150	255	51	0	3	0	95	184	105	75	151	0	2	0	1	12	0	1	143	18	0	0	1	0	3	2	1	0	0	
0	1	3	2	1	0	2	2	0	0	1	0	0	82	150	20	0	41	94	22	194	196	48	0	0	34	227	245	89	0	2	0	3	0	175	195	131	19	0	1	3	0	127	155	192	221	6	0	1	0	1	153	207	160	6	0	0	0	2	0	0	0	0	0	
0	0	3	1	0	1	0	0	0	0	0	15	30	4	0	0	2	0	93	160	173	205	5	0	0	14	180	59	183	182	0	1	1	0	70	159	231	45	0	2	0	2	0	70	140	0	2	0	1	0	24	210	41	0	2	0	2	0	66	133	0	3	0	0	
0	0	0	0	0	0	0	0	0	0	5	3	7	6	0	0	3	0	89	207	215	118	0	4	0	0	16	29	162	85	0	3	0	1	0	23	168	7	0	1	0	3	0	125	112	0	3	0	1	0	29	169	9	0	1	0	2	0	58	60	0	2	0	0	
0	0	1	3	3	2	0	0	0	0	1	0	0	5	8	0	2	0	32	182	64	172	116	0	2	0	162	174	153	218	16	0	0	6	93	0	141	44	0	2	0	2	0	67	156	0	3	0	1	0	17	196	38	0	1	0	1	0	25	148	6	0	0	0	
0	0	0	0	0	0	0	0	0	0	2	0	72	67	0	3	0	0	3	0	136	69	0	3	0	0	0	10	149	7	0	0	0	3	0	74	121	0	3	0	0	3	0	143	71	0	3	0	0	0	0	138	25	0	1	0	0	0	0	0	1	0	0	0	
0	0	0	1	0	20	13	0	0	0	0	1	0	157	38	0	0	0	3	0	67	146	0	3	0	0	1	0	144	35	0	1	0	2	0	120	104	0	3	0	3	0	105	212	0	0	0	0	2	0	113	69	0	2	0	0	0	0	0	0	0	0	0	0	
0	0	0	0	0	0	0	0	0	3	0	88	58	0	2	0	0	3	0	80	102	0	3	0	0	3	0	76	120	0	3	0	0	3	0	85	121	0	4	0	0	2	0	57	164	0	2	0	0	0	0	0	126	58	0	2	0	0	0	0	3	7	0	0	
0	0	0	0	0	0	0	0	0	0	1	0	96	198	36	0	0	6	0	78	201	179	80	0	0	0	1	0	54	141	15	0	0	74	172	161	231	69	0	3	20	226	216	105	71	180	41	0	5	56	11	1	0	80	72	0	0	0	2	4	4	2	0	0	
0	0	0	0	0	1	0	0	0	50	127	120	51	0	1	0	17	161	166	158	234	37	0	2	0	0	0	127	233	32	0	2	2	0	39	178	149	199	35	0	0	0	1	0	4	225	87	0	1	0	30	137	197	142	0	0	1	0	10	60	42	0	1	0	
0	0	0	11	129	9	0	1	0	3	0	103	111	0	3	0	2	0	39	150	0	0	1	0	2	0	128	55	63	63	0	0	0	21	133	66	51	183	97	0	0	0	139	189	144	142	37	0	0	0	5	25	31	3	0	0	0	0	1	0	0	2	2	0	
0	0	0	1	28	1	0	0	0	2	0	54	139	0	2	0	0	1	0	148	43	0	2	0	2	0	44	145	0	4	0	0	3	0	85	108	40	96	0	0	2	0	54	148	44	171	0	0	0	1	0	57	115	39	0	2	0	0	1	0	0	0	0	0	
0	0	0	2	1	0	0	0	0	0	1	3	0	75	34	0	0	0	4	29	16	140	7	0	2	0	54	156	140	125	0	4	0	9	190	123	180	111	0	1	0	32	62	60	104	0	2	0	1	0	23	153	13	0	1	0	0	0	18	23	0	1	0	0	
0	0	0	0	0	0	0	0	0	0	17	2	55	23	0	1	3	0	136	27	109	66	0	2	0	25	211	73	162	108	0	4	0	16	141	146	224	79	0	3	0	0	3	0	146	66	0	2	0	1	6	0	74	174	75	0	0	0	0	0	0	43	19	0	
0	0	0	2	0	0	0	0	0	0	1	0	45	122	6	0	0	4	0	95	191	189	14	0	0	1	0	52	75	95	0	2	0	53	153	175	204	48	0	2	0	132	210	99	62	134	0	1	0	1	1	0	14	118	1	0	0	1	1	1	14	22	0	1	
0	0	0	0	0	0	0	0	0	0	1	6	87	148	21	0	1	0	4	189	225	206	11	0	0	3	0	129	247	26	0	2	2	0	39	164	159	41	0	2	2	0	180	51	124	68	0	2	2	0	142	190	141	0	1	0	0	0	8	57	13	0	1	0	
0	0	0	0	0	0	0	0	0	0	1	0	17	62	13	0	1	3	0	11	132	194	63	0	0	1	0	16	169	164	1	0	51	83	0	19	103	138	0	1	11	93	132	94	116	67	0	2	1	0	25	61	27	0	0	0	1	3	0	0	0	2	0	0	
0	0	0	0	1	0	0	0	0	0	0	0	63	7	0	0	0	0	0	7	134	5	0	0	0	1	0	31	136	0	2	0	0	2	0	64	96	0	3	0	0	3	0	92	67	0	2	0	0	2	0	83	27	0	1	0	0	0	0	8	2	0	0	0	
0	0	1	0	34	42	0	2	0	0	4	0	142	86	0	3	0	2	0	68	146	0	1	0	0	0	0	194	94	29	0	1	2	0	46	249	232	193	0	2	2	0	36	234	207	115	0	3	0	0	3	36	4	1	0	0	0	0	0	0	0	1	0	0	
0	0	0	1	3	0	0	0	0	2	4	0	17	96	0	1	0	1	0	6	141	140	0	3	0	58	167	161	171	84	0	3	0	75	150	119	179	171	65	0	0	0	3	0	134	72	7	0	0	2	6	0	120	30	0	1	0	0	0	0	0	1	1	0	
0	0	2	0	50	29	0	1	0	1	0	20	170	18	0	1	0	0	0	156	88	0	3	0	3	0	97	147	2	54	5	0	4	0	135	184	163	230	37	0	3	0	85	244	181	108	0	2	1	0	17	32	3	3	0	0	0	0	0	1	0	2	0	0	
0	0	1	1	0	0	0	0	0	0	0	7	65	16	0	1	1	0	27	180	255	94	0	4	4	0	97	251	235	90	0	4	1	0	13	47	183	44	0	2	0	1	0	32	187	4	0	1	0	3	0	106	182	0	3	0	0	1	0	38	46	0	1	0	
0	0	1	0	0	0	2	0	0	2	0	35	138	112	3	0	3	0	65	253	253	230	119	0	2	0	155	141	38	23	180	21	0	66	164	0	0	57	185	1	0	90	103	0	80	199	52	0	0	42	194	161	156	29	0	1	0	1	51	41	0	1	2	0	
1	0	14	23	0	3	2	0	2	0	131	51	0	2	1	0	0	13	138	28	96	125	48	0	0	15	156	161	64	35	139	7	2	0	193	116	0	15	140	9	4	0	104	179	65	151	63	0	1	0	11	122	86	30	0	1	0	0	1	0	0	1	2	0	
0	0	0	0	0	0	0	0	0	0	3	0	97	203	26	0	0	3	0	15	166	144	100	0	0	0	2	7	0	125	51	0	0	98	124	115	152	153	0	0	42	194	108	141	142	145	8	0	2	66	85	27	0	98	65	0	0	0	0	0	4	1	0	0	
0	0	0	1	2	1	0	0	0	4	6	0	0	0	0	0	0	98	220	186	191	163	0	0	0	13	40	25	120	179	0	2	1	0	14	23	157	176	53	7	2	0	77	168	217	47	9	1	0	3	0	104	161	0	3	0	0	3	0	101	76	0	3	0	
0	0	0	0	0	0	0	0	0	0	0	7	84	151	90	0	0	2	0	62	179	234	84	0	0	3	0	86	230	72	0	2	3	0	79	178	177	20	0	1	0	30	171	56	172	13	0	1	0	50	207	146	57	0	2	0	0	1	39	10	0	1	0	0	
0	0	1	0	0	1	1	0	0	1	0	153	161	4	0	1	3	0	63	255	205	178	13	0	4	0	116	156	0	133	94	0	4	0	128	111	0	99	133	0	4	0	140	144	16	205	57	0	1	0	25	168	189	75	0	2	0	0	0	1	2	0	1	0	
0	0	0	0	1	2	1	0	0	0	0	0	13	145	9	0	0	0	3	0	102	120	0	3	0	1	0	14	171	23	0	1	0	4	0	124	112	0	4	0	1	0	23	182	21	0	1	0	3	0	75	164	0	1	0	0	0	0	0	0	0	0	0	0	
0	0	1	0	0	0	1	0	0	1	0	119	220	129	1	0	3	0	136	199	73	192	119	0	0	37	214	24	0	44	194	1	0	98	158	0	0	39	208	7	0	71	210	17	26	162	129	0	1	0	117	189	160	72	0	1	0	0	0	4	2	0	2	0	
0	0	1	0	78	55	0	2	0	1	0	16	167	36	0	1	0	2	0	114	57	0	2	0	3	0	69	118	43	110	26	0	0	3	155	111	101	153	103	0	0	2	122	205	130	141	34	0	0	0	0	38	16	0	0	0	0	0	2	0	0	2	2	0	
0	0	1	1	6	1	1	0	0	1	0	35	131	70	0	1	2	0	39	102	0	109	45	0	3	0	104	46	0	65	84	0	0	7	122	8	0	87	61	0	0	16	125	0	19	131	9	0	2	0	94	109	117	41	0	2	0	0	2	16	4	0	1	0	
0	0	0	0	1	0	0	0	0	0	0	1	0	146	30	0	0	0	3	0	85	151	0	2	0	1	0	13	174	29	0	1	0	3	0	129	113	0	4	0	2	0	57	194	6	0	0	0	3	0	99	104	0	3	0	0	0	0	0	0	0	0	0	0	
0	0	0	4	1	0	0	0	3	0	79	195	111	0	3	0	1	0	50	124	117	0	4	0	1	0	0	200	135	11	0	1	0	0	1	19	98	160	21	0	1	0	17	47	0	169	55	0	1	0	15	138	169	104	0	2	0	0	0	2	6	0	0	0	
0	0	1	2	0	0	0	0	0	0	3	0	120	210	22	0	1	0	3	154	194	195	96	0	2	0	153	144	0	128	133	0	0	91	156	0	0	189	89	0	0	181	135	13	139	216	9	0	0	44	169	202	172	32	0	1	0	0	0	0	0	1	1	0	
0	0	0	0	0	0	0	0	0	3	0	86	105	0	3	0	0	4	0	116	112	0	4	0	0	3	0	91	141	0	4	0	0	2	0	70	158	0	3	0	0	2	0	53	184	0	1	0	0	1	0	28	141	0	0	0	0	0	0	0	0	0	0	0	
0	0	0	0	1	2	1	0	0	0	0	2	0	107	35	0	0	0	7	0	42	129	0	1	0	7	122	0	95	33	0	1	0	39	193	112	172	131	72	0	0	5	20	168	94	27	7	0	1	0	18	103	0	1	0	0	0	0	2	2	2	1	0	0	
0	0	1	0	1	0	0	0	0	2	0	129	193	61	0	2	3	0	79	199	130	189	0	3	3	0	170	88	51	212	12	0	1	0	203	75	0	217	60	0	2	0	194	127	92	227	17	0	2	0	44	198	206	68	0	2	0	0	0	0	0	1	1	0	
0	0	0	1	0	0	1	0	0	1	0	9	118	179	80	0	0	3	0	138	160	174	93	0	0	1	0	102	96	129	15	0	3	10	1	158	231	58	0	3	19	175	15	0	156	62	0	2	0	105	152	131	80	0	1	0	0	0	9	2	0	0	0	0	
0	0	0	0	0	0	0	0	1	0	20	154	51	0	2	0	2	0	85	93	103	0	3	0	0	2	0	58	194	61	0	2	0	0	1	0	24	128	0	2	1	0	26	57	117	82	0	2	3	0	66	194	82	0	0	0	0	0	0	0	0	1	0	0	
0	0	0	0	1	0	0	0	0	0	2	0	67	92	0	3	0	0	2	0	144	53	0	2	0	1	0	33	156	0	1	0	0	4	0	123	97	0	3	0	2	0	50	183	7	0	1	0	4	0	108	116	0	3	0	0	0	0	0	1	1	0	0	0	
0	0	1	2	0	0	0	0	3	0	83	50	0	2	0	0	1	0	30	121	0	1	0	0	0	3	0	120	51	0	2	0	0	2	0	52	139	0	2	0	0	0	1	0	145	42	0	2	0	0	2	0	56	82	0	3	0	0	0	0	1	1	0	0	
0	0	1	0	32	36	0	1	0	0	0	0	144	56	0	2	0	2	0	133	97	0	3	0	2	0	53	153	28	68	7	0	3	0	138	154	127	213	62	0	3	0	176	244	155	131	5	0	1	0	30	54	20	1	0	0	0	0	1	0	0	2	1	0	
0	0	1	0	21	17	0	1	0	1	0	40	141	18	0	1	1	0	1	189	66	0	2	0	3	0	69	193	141	81	0	2	4	0	121	76	0	141	26	0	4	0	105	129	57	134	10	0	1	0	7	116	113	24	0	1	0	0	0	0	0	1	0	0	
0	0	0	0	1	0	0	0	0	0	1	0	25	124	5	0	0	0	4	0	106	196	0	1	0	1	0	22	198	52	0	2	0	3	0	143	140	0	3	0	2	0	43	199	26	0	1	0	1	0	191	112	0	3	0	0	0	2	28	2	0	0	0	0	
0	0	1	2	0	0	0	0	0	64	203	194	110	0	1	0	0	35	58	26	215	61	0	3	0	1	0	22	217	42	0	2	0	4	0	157	156	0	3	0	2	0	31	236	88	58	15	0	1	0	14	172	194	178	119	0	0	0	0	0	0	0	3	0	
0	0	1	2	0	3	1	0	0	0	0	8	23	0	0	0	1	0	14	145	139	170	27	0	3	0	132	105	96	234	19	0	3	0	129	152	218	82	0	3	0	2	0	42	153	0	1	0	1	0	7	182	57	0	2	0	1	0	35	132	0	2	0	0	
0	0	0	0	0	0	0	0	0	2	0	50	62	0	2	0	0	3	0	85	151	0	4	0	0	3	0	87	140	0	4	0	0	3	0	93	97	0	3	0	0	3	0	89	88	0	3	0	0	3	0	84	86	0	3	0	0	0	0	13	14	0	1	0	
0	1	3	0	0	2	2	0	0	2	0	58	55	1	0	0	0	12	160	202	200	170	24	0	0	132	157	0	0	85	190	0	0	182	42	0	0	152	160	0	0	68	174	139	195	179	9	0	1	0	25	80	58	1	0	0	0	2	1	0	0	2	1	0	
0	0	0	0	0	0	0	0	0	2	0	75	22	0	1	0	0	3	0	74	61	0	2	0	0	2	0	44	90	0	3	0	0	1	0	20	105	0	2	0	0	0	0	1	117	7	0	0	0	0	2	0	83	27	0	1	0	0	0	0	1	1	0	0	
0	0	0	0	2	0	0	0	0	0	0	0	0	127	59	0	0	0	4	0	90	255	52	0	0	2	0	29	245	101	0	3	0	2	0	182	178	0	3	0	3	0	97	233	28	0	2	0	0	13	212	68	0	3	0	0	0	9	31	0	2	0	0	0	
0	2	1	0	0	0	0	0	1	0	18	79	94	69	0	0	0	73	229	226	133	194	57	0	34	244	78	0	24	181	126	0	26	222	195	169	197	255	77	0	0	53	141	66	0	208	89	0	1	1	1	0	14	238	75	0	0	2	4	2	5	45	7	0	
0	0	0	0	0	5	0	0	0	1	0	39	142	176	74	0	0	2	0	92	72	149	142	0	0	2	0	24	142	160	7	0	2	0	89	188	85	0	1	0	0	97	255	157	64	3	1	0	0	151	92	65	89	1	0	0	0	0	0	0	0	0	0	0	
0	0	0	0	0	0	0	0	0	1	0	23	176	112	0	2	0	2	0	48	86	139	18	0	2	0	71	22	7	155	9	0	0	18	147	0	107	134	0	4	0	30	156	70	205	16	0	1	2	0	94	211	63	0	2	0	0	0	1	2	1	1	0	0	
0	0	0	0	0	0	0	0	1	0	17	56	71	93	35	0	0	4	143	126	107	228	78	0	1	4	4	106	179	179	13	0	1	0	9	98	39	161	20	0	25	95	8	0	156	112	0	3	5	126	159	164	108	0	1	0	0	0	8	6	0	2	0	0	
0	0	0	7	31	0	0	0	2	0	59	137	167	74	0	3	1	0	38	1	78	127	0	4	0	3	0	6	172	42	0	2	1	0	14	191	118	0	3	0	0	77	207	162	132	157	48	0	0	74	45	0	0	35	17	0	0	0	0	3	1	0	0	0	
0	0	0	3	0	2	0	0	0	1	2	0	1	2	88	12	0	0	0	114	30	96	153	0	0	5	168	153	70	200	13	0	0	87	177	121	241	160	119	11	0	0	0	152	93	0	2	0	3	0	140	136	0	4	0	0	0	0	36	8	0	0	0	0	
0	1	2	0	0	0	2	0	0	0	0	6	19	9	0	0	0	30	114	118	108	109	73	1	0	46	24	0	3	3	108	44	0	8	63	73	88	147	157	16	0	126	147	54	86	89	8	0	0	21	69	71	30	0	1	1	0	0	0	0	0	2	1	0	
0	0	0	2	0	0	0	0	0	0	0	4	20	30	29	0	0	1	0	119	129	123	108	0	3	0	93	222	106	23	0	1	0	5	6	0	89	156	0	3	0	128	137	129	162	48	0	2	0	16	51	42	6	0	0	0	0	0	0	0	2	2	0	0	
0	0	1	0	2	2	0	0	0	1	0	36	17	0	2	0	3	0	73	193	97	74	42	0	0	11	121	27	23	17	1	0	0	11	120	45	29	3	0	0	1	0	18	62	84	104	0	1	0	0	1	0	18	126	0	1	0	0	1	0	21	42	0	1	
0	0	2	0	34	7	0	0	0	3	0	95	183	3	2	2	2	0	75	180	11	0	1	0	0	32	172	23	113	136	135	20	0	87	121	142	163	120	219	57	0	19	153	207	151	113	27	0	0	0	3	7	3	0	1	1	0	1	2	0	1	4	2	0	
0	0	0	0	3	3	0	0	0	0	9	4	0	0	0	0	1	0	162	140	105	63	0	1	0	3	176	29	21	140	15	0	0	1	28	0	15	128	0	0	0	0	3	0	89	94	0	3	0	0	0	8	139	13	0	1	0	1	0	35	74	0	2	0	
0	2	4	4	4	3	1	0	0	0	0	0	0	0	0	0	0	75	157	151	147	178	198	18	0	54	123	92	161	255	95	0	0	2	0	48	226	72	0	3	2	0	32	238	95	0	5	0	0	9	221	115	0	5	0	0	0	19	94	0	2	0	0	0	
0	0	0	0	3	23	0	0	0	0	2	0	76	108	0	2	0	1	0	27	123	2	0	0	0	3	0	139	123	0	3	0	1	0	29	136	101	37	0	1	2	0	48	151	122	31	0	1	0	1	0	104	84	0	1	0	0	0	0	0	0	0	0	0	
0	0	1	1	0	0	0	0	0	1	0	14	96	138	39	0	3	0	62	163	97	136	183	0	3	0	86	147	85	165	50	0	2	0	26	212	219	27	0	1	4	0	156	134	151	30	0	1	3	0	153	210	92	0	2	0	1	0	20	25	0	1	0	0	
1	3	3	1	0	2	0	0	0	0	0	0	7	2	0	0	25	190	182	195	230	142	0	1	14	126	109	57	193	227	1	0	0	1	0	4	236	157	0	4	1	6	0	53	255	73	0	3	0	4	0	107	255	25	0	2	0	2	0	61	165	9	0	1	
0	0	3	1	0	0	1	0	0	1	0	8	51	78	6	0	2	0	76	145	73	137	121	0	0	85	152	0	2	175	182	0	0	54	127	113	250	190	4	0	0	1	0	174	188	0	0	1	1	0	134	187	7	0	2	0	0	4	116	27	0	2	0	0	
0	0	0	1	4	3	1	0	1	0	27	111	0	2	0	0	2	0	42	190	123	161	43	0	2	0	53	189	43	54	16	0	1	0	18	164	90	0	2	0	0	0	10	61	181	66	0	3	0	0	0	116	177	32	0	2	0	0	0	0	3	0	0	0	
0	0	0	3	0	0	0	0	0	1	3	0	28	171	115	0	0	2	0	115	206	194	141	0	1	0	159	188	10	63	170	0	0	126	138	0	9	198	145	0	0	189	154	146	241	167	5	0	0	49	168	165	83	0	2	0	0	0	0	0	0	3	1	0	
0	0	0	0	0	1	0	0	0	0	101	141	57	0	1	0	0	66	190	76	185	108	0	2	0	92	135	47	149	187	0	1	0	4	202	205	159	162	52	0	3	0	150	83	0	102	123	0	2	0	39	178	178	178	39	0	0	1	0	12	38	6	0	0	
0	0	0	0	1	0	0	0	0	0	0	3	0	126	67	0	0	0	4	0	59	233	26	0	0	1	0	7	216	102	0	3	1	0	1	192	167	0	2	0	2	0	179	235	11	0	1	0	0	6	169	56	0	2	0	0	0	0	0	1	1	0	0	0	
0	0	0	0	0	0	0	0	0	1	86	106	68	2	0	0	0	2	21	19	132	28	0	1	1	0	10	153	123	4	0	1	0	0	4	23	58	99	0	0	0	0	2	4	0	92	22	0	1	0	15	96	81	91	0	0	0	0	0	16	53	14	0	1	
0	0	1	0	22	66	13	0	0	2	0	54	196	174	130	0	0	1	0	18	0	90	124	0	0	2	0	0	112	212	22	0	1	0	75	215	211	57	0	2	0	130	255	236	190	123	0	1	0	96	78	13	3	0	0	0	0	0	0	0	0	1	0	0	
0	0	0	0	0	1	0	0	0	5	46	10	44	0	0	0	0	15	164	14	191	50	0	2	0	6	130	0	117	64	0	2	3	0	135	63	96	91	0	3	1	0	28	132	176	111	0	4	0	0	2	0	28	139	0	1	0	0	1	2	2	66	4	0	
0	0	0	0	0	0	0	0	0	0	2	121	173	206	47	0	0	0	4	97	140	226	42	0	1	0	17	174	246	133	0	3	0	0	2	48	40	178	8	0	81	189	122	66	181	141	0	3	15	64	145	190	129	3	0	1	0	0	0	0	0	1	0	0	
0	0	0	0	1	0	0	0	0	0	1	0	20	125	6	0	0	0	4	0	130	182	0	0	0	2	0	62	177	0	0	1	1	0	1	173	47	0	2	0	3	0	85	145	0	4	0	0	4	0	121	87	0	3	0	0	1	0	14	11	0	0	0	0	
0	0	1	1	0	2	0	0	0	2	0	10	7	0	48	12	2	0	40	175	0	69	215	14	0	45	229	177	95	237	73	0	0	114	152	196	235	186	114	0	2	0	50	189	38	0	8	0	0	28	246	78	0	5	0	0	0	6	52	4	1	0	0	0	
0	2	4	2	2	0	0	0	0	0	0	0	0	0	0	0	0	65	132	136	131	4	0	0	0	69	77	19	109	56	0	2	0	0	3	0	98	85	0	3	0	2	6	0	97	79	0	3	0	0	3	0	106	69	0	3	0	0	3	0	106	37	0	1	
0	0	0	1	0	0	0	0	0	0	0	4	23	44	40	0	0	2	0	146	190	171	106	0	2	0	63	240	178	76	0	2	2	0	58	39	29	168	2	0	0	104	62	58	170	79	0	2	0	64	173	155	66	0	1	0	0	0	0	0	0	2	0	0	
0	0	2	0	0	0	0	0	0	2	1	37	13	41	0	0	2	0	95	141	13	169	4	0	0	116	180	18	35	168	6	0	23	182	159	152	153	180	0	0	0	0	1	0	8	175	14	0	0	1	1	0	11	179	13	0	0	0	0	0	5	64	1	0	
0	0	5	0	60	48	0	2	0	3	0	70	222	55	0	2	2	0	95	211	33	0	3	0	0	50	209	64	121	69	0	0	0	95	135	178	168	236	149	0	0	46	221	250	197	225	144	0	1	0	13	66	70	18	0	1	0	1	0	0	0	0	2	0	
0	0	0	1	2	0	0	0	0	6	123	155	161	40	0	2	0	30	97	0	63	114	0	3	0	0	1	42	25	101	0	1	2	0	94	146	179	117	0	3	2	0	124	12	127	216	4	0	2	0	41	160	93	57	25	0	0	0	0	6	3	0	0	0	
0	1	5	4	3	2	1	0	0	0	0	0	0	0	1	1	0	34	135	142	163	186	217	73	0	44	172	118	96	229	131	2	0	1	0	7	163	92	0	2	1	0	8	189	114	0	5	1	1	0	184	205	0	3	0	0	0	9	119	24	0	1	0	0	
0	0	0	0	13	43	0	0	0	0	0	1	127	95	0	0	0	3	0	89	102	0	3	0	1	0	17	139	20	7	0	0	3	0	75	167	104	123	0	2	3	0	86	139	106	100	0	2	1	0	23	108	74	0	0	0	0	0	0	0	0	1	0	0	
0	0	0	0	0	0	0	0	0	1	0	57	145	123	10	0	3	0	83	189	69	201	52	0	2	0	42	158	140	112	0	2	0	1	0	191	226	13	0	1	4	0	143	109	113	60	0	2	3	0	106	193	142	3	0	1	0	0	4	49	8	0	0	0	
0	1	0	4	1	1	0	0	2	0	66	142	101	0	0	0	0	37	111	0	122	84	0	3	0	14	15	0	34	115	0	2	1	0	8	75	132	108	0	3	1	0	120	64	182	142	0	1	1	0	91	124	59	37	15	0	0	0	3	12	0	0	0	0	
0	0	3	1	0	0	1	0	0	0	0	10	77	55	0	1	1	0	64	135	131	224	79	0	0	0	197	152	143	239	38	0	1	0	26	53	204	110	0	3	0	3	0	95	170	0	1	0	1	0	20	223	44	0	2	0	0	0	3	97	33	0	1	0	
0	0	3	0	0	0	0	0	0	1	0	36	83	84	75	18	1	0	111	155	75	107	93	14	0	12	196	110	95	24	0	1	0	0	6	0	69	131	0	4	0	18	14	0	108	124	0	4	0	49	135	132	165	10	0	1	0	0	74	95	7	0	1	0	
0	0	1	3	0	0	0	0	0	2	2	0	58	170	51	0	1	0	7	153	188	184	127	0	0	29	207	143	0	80	184	0	0	191	121	0	6	212	124	0	2	195	76	114	233	157	1	0	0	79	209	187	79	0	2	0	0	0	0	0	0	3	1	0	
0	0	1	0	26	9	0	0	0	1	0	24	160	10	0	1	0	3	0	135	132	0	2	0	1	0	21	223	206	74	0	3	4	0	109	149	51	126	0	4	4	0	141	111	133	113	0	4	1	0	21	140	116	6	0	1	0	0	0	0	0	0	0	0	
0	0	0	0	2	0	0	0	0	0	0	0	1	168	57	0	0	0	4	0	103	243	20	0	0	2	0	32	248	101	0	4	1	0	9	217	185	0	1	0	3	0	139	240	21	0	1	0	1	0	173	103	0	4	0	0	0	0	0	1	1	0	0	0	
0	0	0	0	0	0	0	0	0	0	0	13	44	0	1	0	0	2	0	43	175	0	1	0	0	2	0	71	142	0	3	0	0	3	0	93	102	0	3	0	0	3	0	132	51	0	2	0	0	0	3	121	7	0	0	0	0	0	3	41	0	0	0	0	
0	0	0	0	0	0	0	0	0	3	0	72	203	176	76	0	0	2	0	33	62	169	191	0	0	1	0	58	147	175	34	0	0	6	150	229	145	66	20	0	0	159	255	214	181	200	140	0	0	125	104	29	9	0	2	0	0	0	0	0	0	2	1	0	
0	1	0	0	0	0	0	0	0	0	15	38	75	113	3	0	0	70	184	136	175	177	0	3	0	16	15	0	115	131	0	3	3	0	58	171	229	141	10	0	2	0	35	245	239	19	0	1	0	2	0	98	214	10	0	1	0	0	0	4	21	0	0	0	
0	0	2	2	0	0	0	0	0	0	0	4	17	9	0	0	2	0	51	178	193	235	34	0	3	0	51	153	222	141	0	1	1	0	4	134	198	176	0	1	57	119	88	134	185	102	0	1	18	100	129	111	27	0	1	0	0	0	0	0	1	3	0	0	
1	0	14	46	0	0	0	0	3	0	78	209	115	0	1	0	0	0	6	12	187	28	0	1	0	2	0	131	149	0	5	1	3	0	103	154	0	1	0	0	3	0	165	107	59	74	110	58	1	0	36	133	149	135	88	15	0	0	0	0	0	0	0	0	
0	0	3	0	24	5	0	0	0	2	0	73	188	14	0	1	2	0	114	208	52	3	1	0	0	65	203	145	165	147	70	0	0	126	160	219	72	120	229	15	0	37	200	226	209	191	76	0	0	0	1	8	6	0	0	0	0	2	1	0	0	2	3	0	
0	0	0	0	0	0	1	0	0	0	0	41	93	43	0	1	3	0	75	139	83	178	61	0	2	0	55	109	24	133	26	0	0	3	0	140	206	6	0	1	1	0	41	87	86	48	0	1	2	0	36	136	124	42	0	2	0	1	0	72	96	0	1	0	
0	0	3	4	2	4	4	1	0	0	0	0	0	0	0	0	0	0	105	173	182	154	156	18	1	0	105	101	142	255	164	13	0	3	0	71	204	74	0	2	1	0	111	206	41	0	4	1	0	107	214	13	0	4	0	0	0	63	55	0	4	0	0	0	
0	0	0	1	0	1	2	0	0	1	0	5	140	211	122	0	0	3	0	76	218	46	12	0	0	4	0	148	69	0	2	0	0	3	0	101	167	5	0	1	0	11	31	72	228	44	0	2	0	117	181	144	53	0	1	0	0	5	1	0	0	0	0	0	
0	0	0	0	0	0	0	0	0	0	6	75	110	167	19	0	3	0	110	186	102	218	15	0	1	0	5	129	182	66	0	2	1	0	29	178	200	20	0	1	0	0	215	137	158	80	0	3	0	10	166	182	99	0	1	0	0	0	0	0	0	0	0	0	
0	0	1	1	0	1	0	0	0	2	0	45	144	19	0	1	0	0	9	131	95	96	0	2	3	0	81	102	0	109	40	0	3	0	125	42	0	113	50	0	3	0	130	44	36	114	0	0	2	0	46	156	116	19	0	1	0	0	0	6	2	1	0	0	
0	0	1	0	0	2	2	0	0	0	0	61	88	21	0	1	3	0	113	154	100	172	36	0	0	1	197	77	85	244	96	0	1	0	94	163	209	199	0	0	0	1	0	18	202	57	0	2	0	2	0	188	145	0	4	0	0	0	5	91	14	0	0	0	
0	0	1	0	26	7	0	0	0	3	0	76	237	29	0	2	1	0	1	206	136	0	2	0	4	0	132	185	0	21	8	0	0	0	201	56	63	255	108	0	0	1	205	171	237	233	28	0	2	0	60	126	71	27	0	1	0	0	0	0	0	1	1	0	
0	0	0	0	0	0	0	0	0	1	0	42	126	126	7	0	2	0	35	177	112	191	0	0	1	0	22	126	148	96	0	3	0	3	0	135	233	27	0	2	3	0	77	155	156	46	0	2	4	0	101	222	102	0	2	0	0	0	9	36	0	0	0	0	
0	0	0	0	0	0	0	0	1	0	10	101	89	1	0	0	1	0	13	123	122	71	0	3	0	3	0	95	180	20	0	1	0	4	0	126	130	0	4	0	1	0	4	172	105	0	3	0	1	0	2	188	107	0	3	0	0	1	0	36	13	0	0	0	
0	0	0	0	1	0	0	0	0	0	3	0	122	78	0	3	0	0	0	2	201	51	0	2	0	3	0	74	175	0	4	0	0	3	0	166	87	12	10	0	2	0	40	198	7	5	2	0	3	0	72	138	0	3	0	0	0	0	0	1	1	0	0	0	
0	0	0	0	0	0	0	0	0	2	0	54	25	0	1	0	0	3	0	109	74	0	3	0	0	3	0	96	99	0	3	0	0	3	0	80	101	0	3	0	0	2	0	61	102	0	3	0	0	2	0	55	80	0	3	0	0	0	0	11	10	0	0	0	
0	0	0	1	0	0	0	0	0	0	3	0	32	159	38	0	0	4	0	125	226	241	69	0	2	0	142	220	33	55	157	0	0	97	178	9	0	72	181	0	0	196	58	45	145	212	51	0	0	79	172	163	117	17	0	1	0	0	0	0	0	1	2	0	
0	0	1	2	0	0	0	0	0	1	0	3	128	162	51	0	1	0	13	189	185	135	181	0	0	5	201	215	0	125	121	0	0	30	255	94	45	210	10	0	0	41	240	56	202	64	0	3	0	15	207	196	90	0	3	0	1	0	25	26	0	2	0	0	
0	3	4	3	2	3	2	0	0	0	0	0	0	0	0	0	2	71	115	132	146	153	69	0	11	110	95	44	32	209	83	0	0	0	2	0	167	128	0	3	1	4	0	130	164	0	1	0	3	0	141	159	0	3	1	0	0	0	72	13	0	1	0	0	
0	16	11	0	0	1	1	0	0	145	121	0	25	9	0	0	0	164	136	86	255	221	26	0	0	119	163	205	166	205	146	0	0	32	241	255	64	57	208	1	3	0	121	255	251	255	172	0	0	2	0	71	140	95	19	0	0	0	1	0	0	0	1	0	
0	0	0	1	0	0	0	0	0	0	2	1	54	113	129	18	0	3	0	89	214	98	82	9	2	0	89	238	178	42	0	2	2	0	93	32	72	133	0	4	0	80	121	108	197	60	0	3	0	50	126	121	62	0	1	0	0	0	0	0	0	1	0	0	
0	0	0	0	0	1	2	0	1	0	92	150	94	12	0	1	2	0	71	206	219	238	81	0	0	3	0	135	211	91	51	0	0	0	0	8	173	26	0	1	0	2	1	5	218	105	0	4	0	9	129	227	226	56	0	3	0	0	20	49	14	0	0	0	
0	0	0	0	1	0	0	0	0	0	1	0	17	172	31	0	0	0	4	0	126	207	0	0	0	2	0	32	232	53	0	2	0	1	0	184	157	0	3	0	1	0	165	230	10	0	1	0	0	35	205	52	0	2	0	0	0	0	0	1	1	0	0	0	
0	0	0	0	0	2	0	0	0	0	1	70	52	0	1	0	3	0	74	121	79	44	2	0	2	0	42	58	78	128	0	1	0	3	0	128	153	0	1	0	0	1	0	72	58	35	0	1	0	2	0	47	98	61	0	2	0	0	0	0	76	46	0	1	
0	0	0	0	0	0	1	0	1	0	42	136	167	100	0	0	1	0	199	186	73	173	114	0	2	0	121	188	130	188	68	0	1	0	15	203	255	106	0	4	1	0	179	186	212	62	0	2	1	0	184	231	108	0	2	0	1	0	21	26	0	2	0	0	
0	1	0	0	0	1	1	0	1	0	68	111	129	46	0	2	0	56	220	66	50	177	37	0	0	141	157	0	0	64	153	0	0	32	162	0	5	0	135	21	3	0	161	96	0	31	174	12	1	0	29	173	165	185	79	0	0	0	0	2	54	25	0	1	
0	0	2	0	73	20	0	1	0	3	0	64	184	5	1	1	1	0	14	194	47	0	2	0	1	0	163	117	87	129	53	0	0	90	186	178	155	114	219	40	0	100	208	236	173	149	93	0	0	1	45	63	52	21	0	1	0	1	0	0	0	0	3	0	
0	0	0	0	0	0	0	0	0	0	0	7	109	3	0	0	0	1	0	30	138	0	2	0	0	1	0	44	115	0	3	0	0	2	0	68	105	0	3	0	0	3	0	78	122	0	4	0	0	1	0	38	114	0	2	0	0	0	0	0	0	0	0	0	
0	0	0	2	0	2	1	0	0	1	2	0	4	0	34	23	0	2	0	99	72	52	181	29	0	2	148	155	111	200	29	0	0	31	145	208	198	60	0	3	3	0	109	151	0	0	2	0	2	0	131	50	0	5	0	0	0	0	0	4	1	0	0	0	
0	1	0	0	0	3	0	0	1	0	40	73	16	0	1	0	0	73	192	142	78	112	2	0	0	109	120	0	52	215	6	0	0	25	170	148	198	177	0	2	1	0	9	71	55	161	14	0	0	1	2	2	0	160	43	0	0	0	0	4	0	59	34	0	
0	0	0	0	1	0	0	0	0	0	0	3	0	95	115	0	0	0	3	0	37	241	64	0	0	1	0	5	214	134	0	3	1	0	0	188	166	0	2	0	1	0	172	192	0	2	1	0	0	42	170	14	0	1	0	0	0	2	1	2	1	0	0	0	
0	1	0	0	0	0	1	0	2	0	86	219	91	4	1	1	0	35	219	168	255	230	50	0	0	124	172	17	66	79	190	10	0	155	163	0	7	0	150	63	0	75	237	69	17	40	165	24	1	0	101	200	183	185	65	0	0	1	0	0	4	2	0	1	
0	1	2	0	0	1	2	0	0	0	0	39	90	50	0	1	0	4	121	156	118	218	73	0	0	48	188	42	45	255	134	0	1	0	76	142	240	169	0	0	0	3	0	122	191	4	0	1	4	0	102	231	18	0	2	0	2	0	58	52	0	3	0	0	
0	0	1	0	25	4	0	0	0	3	0	117	157	4	0	1	1	0	34	171	5	0	1	0	4	0	99	157	115	65	0	1	4	0	108	250	158	193	0	1	2	0	54	215	182	112	0	3	0	2	0	76	136	6	0	1	0	0	1	1	0	1	0	0	
0	0	0	0	0	0	0	0	1	0	15	86	133	151	29	0	2	0	33	204	255	214	20	0	2	0	26	201	244	188	7	0	1	0	17	61	119	209	4	0	13	21	15	117	232	49	0	2	57	209	202	160	32	0	2	0	2	30	14	0	1	2	0	0	
0	0	0	1	0	1	0	0	0	1	0	26	93	0	1	0	0	3	0	142	91	6	4	0	2	0	47	145	0	132	3	0	3	0	77	146	92	142	0	3	0	0	4	94	215	68	0	3	0	0	2	0	98	21	0	1	0	0	1	3	14	3	0	0	
0	0	0	0	2	1	0	0	2	0	86	170	188	161	41	0	4	0	158	179	19	202	136	0	0	1	0	142	254	192	11	0	2	0	54	198	183	150	0	1	0	20	249	166	131	227	8	0	0	10	176	203	185	51	0	2	0	0	0	1	0	0	0	0	
0	0	3	9	0	1	0	0	1	0	8	129	74	0	2	0	0	0	0	0	125	72	0	3	0	1	0	43	118	62	0	3	0	2	0	95	155	0	0	0	0	0	10	0	108	94	0	3	2	0	50	138	125	16	0	1	0	0	0	11	3	0	0	0	
0	0	1	1	0	2	1	0	0	1	2	2	3	0	45	17	1	0	1	170	31	70	205	16	0	16	197	152	77	228	45	0	0	101	240	186	247	219	138	7	0	1	9	215	92	11	50	5	2	0	61	146	0	1	0	0	0	0	1	0	2	1	2	0	
0	1	0	0	0	0	0	0	0	0	95	150	158	132	19	0	0	54	213	57	67	70	15	0	0	70	200	139	88	0	1	0	1	0	17	58	150	161	4	0	0	5	14	0	3	202	54	0	0	6	135	164	208	161	2	0	1	0	21	66	41	3	0	0	
0	0	1	1	0	2	0	0	0	2	0	10	12	1	77	11	1	0	8	202	57	107	210	2	0	15	212	132	95	245	30	0	0	120	247	196	242	212	110	0	1	1	65	246	72	0	14	0	3	0	105	123	0	2	0	0	0	1	1	1	2	0	0	0	
0	1	0	0	0	0	1	0	0	5	66	117	136	108	23	0	0	143	133	75	48	89	165	0	4	41	0	2	0	48	174	0	0	0	1	0	19	186	55	0	0	19	111	127	178	70	0	2	0	72	196	174	171	43	0	1	0	0	0	0	41	26	0	1	
0	0	1	3	4	4	3	0	0	0	0	0	0	0	0	0	0	3	25	68	104	132	108	0	0	156	202	159	121	249	129	0	0	37	12	0	156	158	0	1	0	2	0	161	193	0	1	1	3	0	72	209	7	0	1	0	2	0	62	83	0	4	0	0	
0	0	0	0	0	0	0	0	0	0	1	0	120	101	0	3	0	2	0	55	245	83	0	3	0	1	1	12	152	17	0	1	0	1	0	37	147	0	2	0	0	9	61	160	192	7	0	1	0	21	116	150	104	1	0	1	0	0	0	0	0	0	0	0	
0	0	1	1	0	0	0	0	0	3	0	103	237	172	31	0	1	0	21	233	155	180	137	0	2	0	167	169	0	138	137	0	0	67	219	1	32	232	45	0	0	170	121	32	229	137	0	3	0	124	192	171	103	0	1	0	0	0	4	1	0	1	0	0	
0	0	0	0	0	0	0	0	1	0	19	142	117	30	0	1	4	0	103	183	84	80	0	1	4	0	119	139	7	1	1	0	3	0	84	172	173	109	0	3	0	0	1	0	35	184	0	0	0	1	0	55	171	118	0	2	0	1	0	40	47	0	0	0	
0	0	0	0	1	0	0	0	0	0	1	0	29	160	7	0	0	0	4	0	136	192	0	2	0	2	0	48	228	44	0	2	0	1	0	188	150	0	3	0	3	0	87	255	67	0	3	0	3	0	136	141	0	1	0	0	0	0	0	0	0	0	0	0	
0	0	0	3	3	1	0	0	0	12	36	0	0	0	0	0	0	95	224	126	75	25	0	1	0	21	44	39	180	86	0	3	0	2	0	38	192	159	5	0	0	2	2	3	178	114	0	0	0	0	4	0	126	65	0	2	0	0	1	0	42	25	0	1	
0	0	2	0	0	1	1	0	0	1	0	28	83	21	0	1	3	0	84	184	130	191	42	7	0	0	188	54	114	229	38	11	1	0	143	176	251	84	16	24	0	2	0	108	172	0	23	14	2	0	36	222	48	0	16	10	2	0	40	69	0	2	0	0	
0	1	2	0	0	4	1	0	0	0	1	17	11	0	0	0	0	9	154	130	126	158	24	0	0	111	125	0	50	255	55	0	0	73	161	53	155	176	0	1	1	0	80	120	212	33	0	2	0	3	0	40	172	0	1	0	0	1	0	41	81	0	2	0	
0	0	0	0	8	31	7	0	0	2	0	87	162	157	121	0	0	2	0	89	13	143	118	0	1	1	3	0	91	200	1	0	0	7	150	254	216	20	0	1	15	206	255	131	133	121	0	1	25	117	31	0	11	42	0	0	0	0	0	3	2	0	0	0	
0	0	1	2	0	1	2	0	0	5	21	0	1	1	0	0	0	29	195	115	123	146	50	0	0	15	207	43	0	106	95	0	3	0	164	93	0	151	44	0	2	0	54	47	19	171	0	0	0	0	4	0	112	127	0	4	0	0	3	0	68	27	0	1	
0	1	0	0	0	0	0	0	1	0	24	117	148	146	93	0	0	52	249	153	48	185	174	0	0	31	144	147	203	170	7	0	1	0	0	166	213	132	0	3	0	0	175	143	81	178	0	2	0	25	230	175	177	42	0	2	0	0	36	48	5	0	0	0	
1	0	17	61	11	0	1	0	0	17	143	107	152	32	0	1	0	37	52	0	63	144	0	2	2	0	88	152	126	178	14	0	0	39	154	0	37	232	56	0	0	44	157	44	153	163	130	0	1	0	98	151	74	0	5	0	0	0	0	0	0	3	0	0	
0	1	4	4	3	0	3	2	0	0	0	0	1	7	0	0	0	18	100	144	153	188	175	40	0	34	165	106	103	215	176	23	0	2	0	54	215	76	0	1	2	0	51	236	63	0	5	1	0	7	217	87	0	5	0	0	0	31	136	2	1	0	0	0	
0	0	0	5	68	3	0	0	0	3	0	132	157	0	4	0	3	0	78	210	4	0	1	0	1	0	184	67	84	200	67	0	0	22	214	139	166	217	133	0	1	0	160	255	192	178	22	0	0	0	1	43	84	19	0	1	0	0	2	0	0	1	1	0	
0	0	0	0	0	0	0	0	0	1	0	25	124	112	1	0	1	0	16	178	127	214	29	0	1	0	31	148	134	133	0	2	1	0	0	207	218	3	0	1	3	0	109	149	156	95	0	3	4	0	123	199	163	18	0	1	0	0	8	50	9	0	0	0	
1	2	0	0	0	0	0	0	0	0	80	137	109	11	0	1	3	152	202	96	175	53	0	2	24	83	0	13	181	80	0	0	1	0	18	208	138	175	120	0	0	6	89	66	45	190	76	0	1	0	108	169	191	76	0	2	0	0	0	10	1	0	2	0	
0	0	0	0	11	54	15	0	0	2	0	46	160	129	129	0	0	2	1	7	0	84	125	0	1	0	9	49	46	174	24	0	0	36	153	191	255	122	0	3	0	191	180	166	57	120	116	0	0	103	114	22	0	0	8	1	0	0	0	1	3	2	0	0	
0	0	0	2	0	0	0	0	0	0	2	0	130	23	0	1	0	2	0	94	252	61	0	3	3	0	91	180	148	96	3	0	0	18	237	181	206	185	59	0	0	8	44	26	190	61	0	3	0	0	2	0	111	36	0	1	0	0	2	2	0	0	0	0	
0	0	1	1	0	0	0	0	0	2	0	71	145	137	99	1	1	0	30	200	103	104	139	17	0	0	184	244	150	33	0	2	0	55	190	33	48	164	0	2	0	9	1	31	178	140	0	3	0	92	205	196	120	4	0	1	0	10	29	3	0	1	0	0	
0	0	0	0	0	0	0	0	1	0	14	56	140	95	0	0	4	0	96	218	90	203	16	0	1	0	14	136	149	123	0	2	0	3	0	140	250	25	0	2	3	0	75	170	67	133	0	4	3	0	76	177	159	77	0	3	0	1	0	40	53	0	0	0	
0	0	2	1	0	0	0	0	0	1	0	13	77	34	0	1	2	0	59	180	163	198	3	0	1	0	180	80	172	218	6	0	1	0	98	156	248	59	0	3	0	2	0	138	142	0	2	0	2	0	102	235	20	0	1	0	0	4	110	45	0	2	0	0	
0	0	1	1	0	1	0	0	0	0	0	33	1	23	9	0	2	0	60	101	0	124	8	0	4	0	109	103	91	99	0	3	0	0	0	79	183	20	0	1	0	2	0	61	86	0	3	0	0	3	0	109	44	0	1	0	0	1	0	40	10	0	0	0	
0	0	0	5	0	71	46	0	0	0	4	0	92	221	41	0	0	4	0	98	205	30	0	2	3	0	118	229	85	67	15	0	0	33	192	180	152	228	136	0	0	39	178	141	173	168	26	0	1	0	48	92	62	6	0	0	0	0	0	0	0	2	2	0	
0	2	2	0	0	0	0	0	0	0	0	6	10	1	0	0	0	88	195	174	225	94	0	4	0	38	52	73	238	52	0	2	0	1	0	189	102	0	5	1	0	1	4	180	191	194	150	11	0	0	0	9	32	31	14	0	0	0	0	0	0	0	0	0	
0	1	0	19	9	0	1	0	0	0	3	0	18	36	0	1	0	2	0	32	192	200	18	0	2	0	54	220	63	96	140	0	0	26	198	40	16	184	90	0	0	58	187	125	171	65	0	2	0	0	65	66	2	0	2	0	0	0	0	0	2	3	0	0	
0	0	2	4	4	3	0	0	0	1	0	0	0	0	1	0	1	0	40	123	141	79	2	0	0	61	171	102	116	124	69	0	0	125	91	0	5	0	95	39	0	17	146	134	80	73	99	11	0	0	3	32	55	44	9	0	0	1	2	0	0	0	1	1	
0	0	2	0	18	5	0	0	0	3	0	61	167	0	0	1	2	0	38	178	31	38	27	0	0	13	171	88	153	171	148	18	0	113	68	102	105	34	179	31	0	88	149	158	219	156	48	0	0	0	63	96	41	1	0	1	0	1	0	0	0	2	2	0	
0	0	0	0	0	1	0	0	0	0	96	21	0	5	4	0	0	25	212	25	0	116	50	0	0	103	153	0	3	201	48	0	0	42	206	89	134	228	17	0	1	0	51	111	171	173	0	3	0	1	3	0	164	93	0	3	0	0	3	2	26	9	0	0	
0	0	2	1	0	0	0	0	0	2	1	1	5	26	38	4	2	0	57	165	144	171	167	16	0	81	255	201	166	67	0	2	0	68	84	46	75	171	1	0	0	1	0	3	142	104	0	3	0	35	201	191	112	0	0	0	0	4	47	19	0	2	0	0	
0	0	0	0	0	1	0	0	1	0	77	134	71	0	0	0	0	44	128	37	130	88	0	3	0	23	36	0	144	101	0	4	0	3	0	85	160	0	0	0	2	0	40	176	1	4	3	0	2	0	33	166	127	133	47	0	0	1	0	16	36	4	0	0	
0	0	2	1	0	0	0	0	0	2	0	47	86	95	65	0	2	0	54	206	159	151	116	3	0	66	255	207	157	141	20	0	0	53	93	39	0	124	141	0	0	0	1	0	77	211	47	0	0	18	136	189	190	46	0	2	0	18	134	80	0	1	2	0	
0	0	5	4	0	0	0	0	0	0	88	79	34	1	1	0	0	1	105	40	41	2	0	0	0	0	125	79	57	95	7	0	0	0	0	2	0	68	67	0	0	0	9	72	0	70	70	0	0	1	0	74	102	91	6	0	0	0	0	0	10	2	0	0	
1	4	2	0	0	0	0	0	0	0	0	21	48	29	1	0	14	133	184	164	170	201	5	0	21	103	42	64	207	171	0	0	0	2	0	88	105	179	128	0	1	2	1	19	116	170	31	0	0	81	196	178	108	10	0	1	0	44	63	2	0	2	2	0	
0	0	1	1	0	0	0	0	0	2	0	56	190	22	0	1	1	0	22	211	219	72	0	3	1	0	35	93	172	63	0	2	0	1	0	13	177	17	0	1	1	0	22	177	170	1	1	1	2	0	67	147	167	90	0	3	0	0	0	0	0	0	0	0	
0	0	0	0	0	0	0	0	0	4	39	66	63	79	47	0	0	64	210	155	170	255	105	0	0	9	73	144	243	157	0	0	0	16	197	201	125	171	149	0	0	0	1	0	32	199	130	0	0	15	143	184	200	79	0	1	0	18	128	84	6	0	2	0	
0	0	0	0	0	0	0	0	0	11	81	63	28	0	0	0	0	8	96	118	169	106	0	4	0	0	3	0	146	78	0	3	0	2	0	43	181	0	0	0	0	4	0	136	103	0	3	0	0	2	0	157	92	4	0	1	0	1	0	71	78	0	0	0	
0	0	0	0	0	0	0	0	0	4	28	63	75	43	0	0	0	171	185	171	255	157	0	3	3	27	76	201	252	193	69	0	2	0	88	116	14	82	190	0	0	0	1	0	67	195	74	0	0	133	175	188	163	57	0	1	0	78	95	33	0	1	2	0	
0	1	1	0	2	4	0	0	0	0	4	7	0	0	0	0	0	31	212	225	189	103	5	0	0	10	45	34	82	243	61	0	0	59	162	191	201	240	72	2	0	72	193	173	117	146	152	10	0	0	0	0	0	0	0	0	0	2	3	4	4	3	2	1	
0	0	0	0	0	0	0	0	0	1	0	12	114	135	19	0	1	0	10	177	122	217	37	0	0	0	0	142	185	86	0	3	0	2	0	147	231	33	0	2	3	0	102	143	121	88	0	3	4	0	105	197	157	8	0	1	0	0	5	52	8	0	0	0	
0	0	0	2	0	1	0	0	0	0	0	1	20	3	0	0	0	1	0	108	202	93	0	4	4	0	90	229	205	103	0	4	1	0	39	71	143	67	0	3	0	0	0	5	158	17	0	1	0	3	0	108	129	0	3	0	0	2	0	109	59	0	2	0	
0	0	0	0	1	0	0	0	0	0	0	0	6	156	30	0	0	0	4	0	107	185	0	2	0	1	0	18	219	53	0	2	0	3	0	146	143	0	3	0	3	0	80	201	5	0	1	0	3	0	142	90	0	3	0	0	0	0	0	1	1	0	0	0	
0	0	0	1	0	0	0	0	0	0	0	1	89	81	0	1	0	2	0	69	110	53	0	1	0	3	0	100	171	96	24	0	0	0	1	147	126	0	3	0	2	0	57	73	108	9	0	0	2	0	45	103	66	0	2	0	0	0	2	31	4	0	0	0	
0	0	0	2	2	2	0	0	0	7	3	1	2	0	65	22	0	55	0	58	72	90	149	2	1	0	62	135	112	159	2	0	0	0	168	178	206	138	0	1	2	0	36	200	30	3	3	0	3	0	101	72	0	2	0	0	0	0	5	2	1	0	0	0	
0	0	0	0	0	0	0	0	0	3	0	85	62	0	2	0	0	3	0	97	105	0	3	0	0	3	0	82	111	0	3	0	0	3	0	101	113	0	4	0	0	4	0	117	97	0	3	0	0	2	0	70	72	0	2	0	0	0	0	0	1	0	0	0	
0	0	0	3	1	0	0	0	0	0	3	0	32	126	39	0	0	2	0	105	182	102	164	5	1	0	146	177	8	22	169	0	0	114	133	0	0	148	122	0	0	190	90	110	174	150	3	0	0	66	133	111	55	1	1	0	0	0	0	0	0	2	1	0	
0	0	1	0	28	7	0	0	0	1	0	25	141	3	0	0	0	3	0	120	78	0	3	0	1	0	20	139	1	1	0	0	3	0	66	157	78	99	8	0	3	0	87	101	61	127	3	0	1	0	8	79	91	13	0	1	0	0	0	0	0	1	0	0	
0	0	1	0	10	99	13	0	0	1	1	0	158	131	0	1	0	2	0	119	98	0	2	0	3	0	115	167	99	128	16	0	0	32	249	144	28	167	84	0	0	58	224	136	125	138	2	0	0	0	52	84	48	1	0	0	0	0	0	0	0	2	1	0	
0	0	0	11	27	0	2	0	0	2	0	67	77	30	0	1	2	0	71	110	39	174	15	0	1	0	170	63	0	93	102	0	0	24	179	0	15	139	49	0	0	1	182	181	198	110	0	2	1	0	28	77	18	0	2	0	0	0	0	0	0	2	0	0	
0	0	0	0	2	0	0	0	0	0	0	4	0	130	121	0	0	0	4	0	78	240	38	0	0	3	0	47	234	64	0	2	1	0	20	206	119	0	4	0	0	0	198	227	5	0	1	0	0	26	183	86	0	0	0	0	0	0	0	0	0	0	0	0	
0	0	0	0	0	0	0	0	0	2	0	87	48	0	2	0	0	4	0	172	157	0	4	0	0	4	0	118	201	0	2	0	0	3	0	77	225	2	0	1	0	2	0	56	231	16	0	1	0	1	0	12	199	36	0	2	0	0	1	0	26	10	0	0	
0	0	0	3	1	0	1	0	0	1	3	0	44	119	23	0	1	0	2	100	214	192	145	0	0	20	185	148	5	28	159	0	0	161	96	0	27	177	151	0	0	160	136	160	191	116	5	0	0	21	98	72	4	0	1	0	0	0	0	0	1	4	1	0	
0	0	1	2	1	0	0	0	0	0	0	0	7	3	0	0	3	0	127	191	200	98	0	4	3	0	130	78	83	138	0	4	2	0	72	9	62	121	0	4	0	0	6	0	104	85	0	3	0	0	4	0	128	69	0	3	0	0	2	0	85	25	0	1	
0	0	3	1	0	1	2	0	0	2	0	23	135	48	0	2	2	0	100	209	145	193	63	0	0	67	221	41	0	37	174	0	0	144	84	0	0	111	173	0	0	117	149	85	188	173	15	0	0	7	122	141	67	2	0	1	0	1	0	0	0	2	1	0	
0	1	3	0	0	0	0	0	0	0	0	21	44	76	17	0	0	8	97	132	94	90	16	0	0	47	173	109	75	1	0	0	0	0	17	10	87	106	0	2	0	0	1	0	22	158	5	0	2	0	78	97	141	45	0	1	1	0	41	95	13	0	1	0	
0	0	1	0	15	82	0	0	0	0	2	0	136	101	0	2	0	1	0	127	96	0	2	0	2	0	123	152	97	145	41	0	0	54	246	149	75	67	162	0	0	42	247	113	64	151	66	0	1	0	37	84	80	17	0	1	0	1	0	0	0	1	2	0	
0	0	2	1	0	0	0	0	0	0	3	0	65	26	0	1	1	0	38	18	107	23	0	1	0	3	149	77	146	39	0	1	0	21	121	66	121	20	0	1	0	0	2	0	95	31	0	1	0	1	6	0	83	57	0	2	0	0	0	0	10	11	0	0	
0	0	1	0	30	33	0	1	1	0	20	170	192	165	21	0	1	0	25	82	0	156	93	0	1	3	0	38	172	172	8	0	2	0	104	213	88	0	0	0	1	156	255	198	150	176	64	0	12	139	82	45	42	43	15	0	0	0	0	0	0	0	0	0	
0	0	1	0	20	18	0	1	0	0	0	3	139	32	0	1	0	2	0	68	94	0	3	0	0	3	0	126	43	0	1	0	0	0	6	128	82	61	0	2	0	0	5	165	213	55	0	2	0	2	0	68	101	0	1	0	0	0	0	0	0	1	0	0	
0	0	0	0	1	0	0	0	0	0	1	0	26	192	42	0	0	0	4	0	152	255	30	0	0	2	0	53	255	117	0	3	1	0	3	208	196	0	0	1	4	0	130	255	41	0	2	0	2	0	161	120	0	3	0	0	0	0	1	0	1	0	0	0	
0	0	0	2	0	2	0	0	0	0	0	14	79	0	0	0	0	1	0	131	79	74	29	0	3	0	102	121	32	140	0	0	2	0	60	109	204	65	0	3	0	2	0	126	97	0	1	0	1	0	19	168	8	0	1	0	0	0	3	26	3	0	0	0	
0	0	0	0	1	0	0	0	0	0	2	0	65	144	0	3	0	0	3	0	188	169	0	4	0	3	0	72	254	44	0	2	1	0	0	216	161	0	3	0	3	0	119	246	20	0	1	0	3	0	167	126	0	3	0	0	0	0	0	0	1	0	0	0	
0	3	4	0	0	1	0	0	0	0	0	1	13	1	0	0	0	68	145	187	223	99	0	3	0	77	138	27	139	119	0	4	0	0	3	0	173	62	0	2	0	3	3	3	181	32	0	1	0	1	0	14	180	11	0	1	0	0	0	5	108	6	0	0	
0	0	0	0	0	0	0	0	1	0	21	107	121	120	12	0	1	0	22	120	179	232	16	0	1	0	53	141	245	93	0	3	2	0	114	116	102	134	0	3	0	1	0	8	181	131	0	4	0	21	200	217	125	3	0	1	0	4	50	21	0	1	0	0	
0	0	3	2	1	0	0	0	0	0	0	0	0	1	0	0	0	0	75	94	39	0	2	0	0	61	95	4	26	11	9	0	0	40	87	7	26	91	76	0	1	0	39	54	47	5	92	31	0	0	0	0	0	0	10	12	0	0	2	2	2	0	1	0	
0	0	0	0	0	0	0	0	0	0	0	44	106	109	9	0	1	0	21	164	93	134	99	0	0	1	0	2	67	169	65	0	1	0	75	168	134	43	21	10	0	90	255	189	136	152	118	13	0	59	95	53	31	6	0	0	0	0	0	0	0	0	2	1	
0	0	1	1	2	0	0	0	0	0	1	7	3	0	0	0	2	0	47	185	100	0	1	0	3	0	140	71	109	41	0	1	0	1	55	0	96	47	0	2	0	0	2	0	96	22	0	1	0	0	2	0	126	9	0	0	0	0	0	8	83	0	0	0	
0	0	0	0	0	1	0	0	0	0	8	69	135	62	0	2	0	6	212	167	136	197	9	0	2	0	111	150	81	173	3	0	0	3	0	92	255	102	0	4	1	0	2	170	83	148	16	0	2	0	38	231	179	174	10	0	0	0	0	37	59	8	0	0	
0	0	2	3	3	3	1	0	0	1	0	0	0	0	0	0	0	5	43	65	78	79	29	0	0	142	87	47	37	27	95	10	0	100	61	0	0	18	106	0	0	10	30	1	0	103	59	0	0	1	1	0	38	92	0	1	0	0	2	0	12	8	0	0	
0	0	2	0	0	0	0	0	0	0	0	35	120	121	9	0	1	0	128	177	114	210	53	0	0	1	184	25	53	171	7	0	2	0	60	213	200	19	0	1	2	0	50	186	165	27	0	1	4	0	108	198	173	33	0	2	0	0	4	58	29	0	1	0	
0	1	2	2	1	0	0	0	0	6	2	0	1	1	0	0	0	98	146	115	169	86	0	3	0	121	93	0	96	95	0	4	0	57	59	35	130	145	22	0	1	0	9	57	120	172	16	0	0	1	2	0	24	137	0	2	0	0	1	0	17	93	0	1	
0	1	3	1	0	0	0	0	0	0	0	0	15	16	3	0	0	36	172	170	157	220	150	0	0	15	70	22	37	189	33	0	0	1	0	6	184	72	0	3	1	0	1	189	113	0	4	0	1	0	158	130	0	3	0	0	0	15	133	2	1	0	0	0	
0	0	0	0	0	1	2	0	0	43	123	126	107	29	0	1	0	22	47	27	70	179	60	0	0	28	82	0	0	45	157	0	0	122	38	0	0	9	156	7	0	164	102	65	71	163	122	0	0	31	104	116	105	61	1	0	0	0	0	0	0	0	1	0	
0	0	1	2	0	2	1	0	0	1	2	0	82	169	23	0	1	0	15	156	120	227	138	0	0	14	161	78	0	93	186	0	0	128	83	0	0	36	182	0	0	178	35	11	83	185	61	0	0	95	177	169	144	31	0	1	0	0	5	5	0	1	2	0	
0	0	0	0	0	0	0	0	1	0	34	84	62	96	41	0	4	0	125	105	78	101	39	0	4	0	132	119	0	2	0	0	1	0	12	142	171	58	0	2	0	0	63	0	112	142	0	4	3	0	95	154	140	24	0	1	0	0	4	45	6	0	0	0	
0	0	0	0	0	0	0	0	0	0	0	27	67	47	9	0	1	0	14	116	85	180	98	0	1	2	7	36	124	127	0	0	2	0	36	129	187	110	0	4	20	77	42	92	144	21	0	1	15	139	144	104	13	0	1	0	0	0	0	0	2	1	0	0	
0	0	0	0	0	0	0	0	0	3	28	0	43	35	0	1	0	30	133	0	81	133	0	4	0	88	100	0	80	136	0	4	0	79	144	52	161	134	0	3	0	0	61	80	33	126	4	0	0	1	0	2	0	132	45	0	0	0	2	4	0	15	14	0	
0	0	1	0	18	114	20	0	0	1	0	13	180	115	0	0	0	2	0	166	106	0	4	0	3	0	114	153	27	25	0	1	0	24	233	157	129	202	90	0	0	37	252	168	126	191	75	0	0	0	32	78	67	10	0	1	0	0	0	0	0	1	2	0	
0	0	0	8	9	0	0	0	2	0	59	136	134	47	0	2	0	5	86	11	23	137	0	0	0	1	0	21	33	120	8	0	2	0	75	99	154	146	0	3	0	16	117	33	93	141	41	0	0	3	106	103	6	56	76	0	0	0	3	1	1	2	0	0	
0	0	0	0	0	0	0	0	0	0	0	87	163	152	12	0	4	0	100	162	21	179	103	0	3	0	96	144	82	181	34	0	1	0	2	189	207	173	6	0	1	0	176	143	53	183	15	0	0	1	166	169	157	36	0	2	0	0	1	8	1	1	1	0	
