500	64	10
0	0	2	1	0	0	0	0	0	1	0	10	73	71	5	0	2	0	39	150	88	148	51	0	0	1	153	43	0	126	55	0	0	78	120	0	87	198	11	0	0	26	139	116	124	135	0	3	0	0	3	0	94	96	0	3	0	1	3	0	52	39	0	1	
0	0	0	2	0	0	0	0	0	0	3	0	97	162	0	1	0	3	0	72	190	162	46	0	1	0	19	188	29	133	24	0	4	0	115	99	53	141	0	3	4	0	136	93	158	35	0	1	3	0	70	201	64	0	2	0	0	0	0	2	1	1	0	0	
0	0	1	0	0	1	0	0	0	0	3	59	84	17	0	1	0	6	154	97	107	119	0	3	1	0	130	56	61	102	0	2	1	0	3	148	156	0	1	0	0	3	0	85	164	31	0	2	0	0	4	110	43	126	0	2	0	0	3	48	3	49	0	0	
0	0	1	1	0	0	0	0	0	1	0	18	98	127	23	0	1	0	15	157	69	201	45	0	2	0	43	135	101	102	0	2	0	1	0	202	134	0	3	0	3	0	85	155	120	0	3	0	3	0	120	153	94	0	2	0	0	0	8	50	3	0	0	0	
0	0	0	2	1	0	0	0	0	2	0	60	94	0	3	0	0	3	0	89	185	0	2	0	0	3	0	100	222	0	0	1	0	3	0	101	190	0	2	0	0	4	0	106	185	0	3	0	0	3	0	76	144	0	2	0	0	0	0	0	0	0	0	0	
0	0	0	0	0	0	0	0	1	0	22	57	78	134	65	0	1	0	64	103	137	225	52	0	1	0	2	120	153	11	0	1	1	0	38	143	155	46	0	2	7	19	0	0	151	81	0	3	18	145	120	148	97	0	1	0	0	20	44	14	0	1	0	0	
0	0	0	0	0	1	1	0	3	0	117	148	113	43	0	1	0	0	103	33	36	151	36	0	0	0	0	3	0	78	96	0	0	4	75	100	59	135	59	0	0	104	159	93	222	185	0	1	0	49	93	80	18	93	38	0	0	0	0	0	0	1	1	0	
0	0	0	2	1	0	0	0	0	0	1	1	1	3	20	4	0	1	0	36	94	111	95	9	2	0	43	168	37	1	1	0	0	0	11	37	114	39	0	2	0	59	119	76	110	22	0	1	0	6	23	23	6	0	0	0	0	0	0	0	1	1	0	0	
0	0	3	2	0	0	0	0	0	0	0	0	7	11	0	0	0	8	139	179	222	200	0	0	0	4	69	58	192	175	0	2	0	1	0	25	220	49	0	2	0	4	0	126	161	0	3	0	1	0	29	197	24	0	1	0	2	0	50	113	0	3	0	0	
0	0	0	1	0	1	0	0	0	0	1	6	0	31	65	0	0	2	0	110	29	118	58	0	2	0	72	117	43	160	0	1	0	17	205	140	199	116	15	0	0	12	12	115	95	0	3	0	1	0	32	139	0	3	1	0	0	0	15	20	0	1	0	0	
0	0	3	4	0	0	0	0	0	0	0	5	91	8	0	0	0	0	85	152	220	13	0	1	1	0	96	162	158	0	3	0	1	0	3	140	212	23	0	2	1	0	9	135	209	16	0	1	0	1	0	16	180	9	0	1	0	0	0	6	30	2	0	0	
0	1	0	0	4	4	0	0	0	4	0	48	125	143	13	0	0	2	0	149	105	159	5	0	0	3	0	93	228	34	0	2	1	0	16	143	171	15	0	1	3	0	133	71	146	38	0	1	2	0	101	147	100	0	8	0	0	0	3	13	0	0	0	0	
0	1	0	8	53	15	0	1	1	0	30	165	118	124	13	0	1	0	164	69	0	103	98	0	0	77	136	0	0	33	150	0	0	141	62	0	0	127	198	8	0	68	171	146	224	249	49	0	0	0	31	86	108	24	0	2	0	2	0	0	0	1	2	0	
0	0	0	0	0	0	0	0	0	0	2	34	74	127	18	0	1	0	107	136	206	183	0	0	2	0	52	187	205	10	0	1	1	0	39	86	119	140	0	0	0	70	16	0	21	194	15	0	0	101	167	137	175	70	0	2	1	0	27	53	11	0	0	0	
0	1	2	0	0	1	1	0	0	0	0	45	84	33	0	1	0	1	151	229	142	204	62	0	0	54	179	0	57	208	83	0	0	6	161	159	172	23	0	1	1	0	8	228	162	3	1	1	0	3	0	149	213	100	0	4	0	1	0	28	113	25	0	1	
0	0	0	2	0	0	0	0	0	0	3	0	40	118	68	1	0	4	0	121	205	119	176	55	3	0	95	197	15	0	159	41	0	67	203	14	0	127	141	0	0	156	116	35	137	125	6	0	0	86	198	168	54	0	3	0	0	0	2	0	0	3	1	0	
0	0	4	11	15	0	2	0	3	0	126	121	92	108	0	2	0	24	205	38	5	221	103	0	0	109	137	0	0	61	215	12	0	113	140	0	0	68	211	13	0	36	234	192	212	255	91	0	2	0	62	162	109	47	0	1	0	1	0	0	0	0	2	0	
0	0	0	2	6	0	0	0	1	0	24	155	167	64	0	2	2	0	52	81	13	181	19	0	0	0	1	0	17	150	4	0	0	3	99	116	178	171	66	20	0	61	125	158	165	81	86	15	0	28	162	87	0	1	0	0	0	0	6	1	2	4	3	1	
0	0	0	0	1	0	0	0	2	0	55	57	14	47	0	2	3	0	82	121	61	110	0	4	3	0	80	101	100	95	0	3	3	0	88	165	197	84	0	3	1	0	18	58	129	105	0	4	0	0	2	0	50	127	0	3	0	0	1	3	4	21	0	0	
0	0	0	0	1	2	2	0	0	0	0	3	0	64	108	0	0	0	2	0	21	192	42	0	0	2	0	5	175	99	0	3	1	0	0	166	102	0	3	0	0	9	167	104	0	4	0	0	0	104	130	0	4	0	0	0	0	2	0	2	0	0	0	0	
0	0	1	1	0	3	0	0	0	1	0	45	46	0	1	0	2	0	34	136	117	82	12	0	3	0	102	43	125	178	0	1	2	0	60	111	123	82	0	3	0	0	1	8	152	20	0	1	0	3	0	78	129	0	3	0	0	1	0	36	45	0	1	0	
0	0	0	2	1	0	1	0	0	0	3	0	50	98	11	0	0	3	0	78	221	201	135	0	3	0	80	178	23	0	135	11	0	42	190	25	0	61	95	0	0	157	64	0	38	145	14	0	7	160	27	68	139	38	0	2	0	18	26	37	14	0	1	0	
0	0	2	0	0	0	0	0	0	1	0	56	84	6	0	0	3	0	73	154	128	87	0	3	2	0	166	50	104	125	0	4	2	0	85	161	175	130	0	4	0	0	3	0	136	73	0	3	0	0	0	13	176	13	0	1	0	0	0	9	69	0	0	0	
0	0	0	0	0	0	0	0	0	1	0	31	152	98	0	1	1	0	16	153	67	141	22	0	0	1	1	0	24	137	0	0	0	11	62	88	187	175	57	0	0	112	138	205	92	64	90	0	2	33	44	20	0	1	0	0	0	0	0	1	3	3	3	0	
0	0	1	1	0	2	1	0	0	2	0	115	118	5	0	1	2	0	33	221	146	159	31	0	3	0	155	116	0	127	116	0	0	0	194	45	0	161	100	0	0	14	206	36	120	182	2	0	2	0	128	190	132	12	0	1	0	0	0	3	0	2	1	0	
0	0	1	2	1	0	0	0	0	1	2	0	0	0	2	1	1	0	6	108	118	136	141	23	0	2	173	159	37	6	13	1	0	7	59	46	124	55	0	2	0	24	43	35	137	57	0	2	0	54	110	97	44	0	1	0	0	0	0	0	0	1	0	0	
0	0	2	6	0	0	0	0	1	0	118	114	11	43	0	1	0	61	171	0	89	121	0	3	0	7	146	130	166	44	0	1	0	1	0	141	177	136	65	0	0	4	0	109	69	83	152	0	0	1	0	35	160	156	19	0	0	0	0	0	4	1	0	0	
0	0	0	0	0	0	0	0	1	0	32	96	105	101	4	0	3	0	71	204	24	146	33	0	0	2	0	55	190	153	0	0	0	1	0	69	174	151	2	0	0	3	124	102	43	177	12	0	0	47	177	127	146	36	0	1	0	2	39	30	0	0	0	0	
0	0	0	1	7	1	0	0	0	1	0	7	138	83	0	2	0	0	0	64	42	134	20	0	0	0	5	118	58	129	8	0	2	0	35	176	139	10	0	1	0	6	148	41	102	0	1	0	0	5	119	138	64	0	2	0	0	0	3	14	1	0	0	0	
0	0	0	0	0	0	0	0	1	0	17	97	119	122	27	0	2	0	156	99	23	197	55	0	3	0	115	96	101	119	0	3	0	0	0	190	226	14	0	1	3	0	84	92	97	103	0	4	4	0	95	139	137	53	0	2	0	0	2	50	25	0	1	0	
0	0	1	0	0	0	0	0	0	1	0	69	128	30	0	1	2	0	55	156	28	46	0	1	4	0	129	64	55	47	0	1	2	0	154	165	130	182	23	0	3	0	136	117	0	124	114	0	0	0	2	3	0	51	129	0	0	0	1	2	0	5	27	0	
0	0	0	0	0	0	0	0	0	1	0	57	90	62	56	8	1	0	5	169	145	183	177	21	3	0	117	147	33	9	0	0	0	0	182	145	129	123	0	4	0	33	73	0	90	143	0	4	0	87	170	141	150	20	0	1	0	0	4	9	2	0	0	0	
0	0	1	2	7	0	0	0	2	0	42	100	148	41	0	2	2	0	110	46	145	43	0	2	2	0	77	204	208	22	0	1	1	0	21	136	84	156	0	3	3	0	92	100	42	145	0	3	2	0	47	159	118	27	0	1	0	0	0	7	2	0	0	0	
0	0	0	0	0	0	0	0	3	0	82	171	148	131	7	0	1	0	31	82	189	197	0	1	1	0	62	149	211	27	0	2	1	0	92	117	156	136	0	1	0	22	56	0	15	199	18	0	0	98	199	54	151	136	0	2	0	0	44	57	55	6	0	0	
0	0	0	0	0	0	0	0	0	0	17	84	114	25	0	1	0	21	158	163	214	35	0	2	1	0	45	126	30	0	2	0	3	0	89	165	91	55	0	0	0	1	0	25	56	139	113	0	0	2	0	52	103	120	94	0	0	0	0	3	49	32	0	1	
0	0	2	1	0	0	0	0	0	2	0	16	176	191	67	0	2	0	27	217	147	57	213	39	0	6	210	126	0	0	195	57	0	131	167	0	0	126	159	0	0	155	173	69	170	162	9	0	0	43	177	170	90	0	2	1	0	0	0	0	0	2	1	0	
0	0	1	0	10	35	0	1	0	1	0	18	142	106	0	2	1	0	14	157	57	0	3	0	2	0	121	74	0	34	1	0	0	18	155	90	83	115	113	0	0	0	171	111	21	60	141	5	1	0	14	93	108	76	12	0	0	0	1	0	0	0	1	0	
0	0	0	1	0	1	0	0	0	0	0	9	13	0	67	25	0	1	0	156	40	28	185	15	3	0	90	119	0	175	54	0	0	22	217	125	196	173	5	0	0	21	34	119	141	0	2	0	1	0	13	180	22	0	1	0	0	0	15	38	0	1	0	0	
0	0	1	0	0	2	0	0	0	0	2	68	6	0	0	0	1	0	39	85	2	38	0	1	4	0	110	135	146	113	0	4	2	0	58	156	200	63	0	3	0	0	1	0	125	17	0	1	0	1	0	27	89	0	2	0	0	0	0	6	10	0	0	0	
0	0	1	1	0	1	0	0	0	2	0	35	14	16	94	3	1	0	16	167	9	133	87	0	0	0	175	81	73	192	9	0	0	73	187	147	202	66	9	0	0	5	2	147	45	0	2	0	3	0	88	151	0	6	0	0	1	0	23	16	0	0	0	0	
0	0	0	0	0	0	0	0	1	0	52	111	139	89	0	2	0	2	198	96	43	29	0	1	2	0	93	178	32	134	48	0	0	2	0	78	255	116	0	3	0	3	0	115	147	154	0	2	0	2	0	140	198	115	0	2	0	0	0	11	35	0	0	0	
0	0	0	0	0	2	1	0	0	0	0	0	4	126	20	0	0	0	2	0	62	161	0	3	0	0	1	0	151	50	0	2	0	3	0	106	120	0	3	0	2	0	40	190	4	0	0	0	3	0	102	105	0	2	0	0	0	0	3	0	0	0	0	0	
0	0	0	11	48	9	0	0	1	0	10	93	135	105	0	3	0	0	6	0	42	130	0	3	0	0	14	32	113	78	0	3	1	0	82	152	196	0	1	0	0	19	153	125	149	95	0	2	0	0	92	46	2	90	5	0	0	0	0	1	3	0	0	0	
0	0	2	0	57	46	0	2	0	1	0	30	183	20	0	1	0	3	0	149	91	0	3	0	3	0	77	143	4	148	73	0	0	0	161	34	127	163	94	0	0	6	150	167	179	79	7	0	1	0	18	73	29	1	0	0	0	0	1	0	0	2	1	0	
0	0	1	1	1	0	0	0	0	1	0	35	30	0	1	0	2	0	27	226	119	0	2	0	3	0	141	153	213	49	0	2	1	0	167	108	117	79	0	3	0	0	12	0	108	73	0	3	0	0	4	0	137	77	0	3	0	0	2	0	59	34	0	1	
0	0	0	0	1	0	0	0	0	0	8	0	26	80	0	2	0	0	10	0	121	104	0	3	0	0	0	4	159	19	0	1	0	3	0	85	119	0	3	0	1	0	10	156	21	0	1	0	3	0	83	101	0	3	0	0	1	0	16	10	0	0	0	0	
0	0	0	1	0	33	6	0	0	0	2	0	57	144	0	0	0	1	0	19	164	28	0	1	0	3	0	151	90	0	3	0	2	0	47	150	107	36	0	1	4	0	100	53	130	48	0	2	1	0	14	91	87	0	1	0	0	0	0	0	0	0	0	0	
0	0	0	0	0	0	0	0	1	0	48	102	115	113	8	0	2	0	89	125	122	197	0	0	0	1	0	63	187	31	0	2	1	0	34	127	112	114	0	0	0	0	1	0	26	169	4	0	0	73	114	112	142	57	0	2	0	28	67	48	8	0	0	0	
0	0	0	5	0	0	0	0	0	1	0	101	110	0	0	0	0	0	3	0	154	83	0	3	2	0	30	159	136	1	0	1	1	0	12	92	147	6	0	1	0	0	6	0	142	66	0	3	1	0	20	149	112	0	0	0	0	0	0	8	2	0	0	0	
0	0	0	2	1	0	1	0	0	0	3	0	59	136	0	1	0	2	0	44	179	182	80	0	1	0	10	176	40	43	116	0	2	0	142	94	0	128	46	0	0	43	160	0	95	109	0	1	0	21	145	129	99	0	1	0	0	0	7	12	0	2	0	0	
0	0	0	7	53	0	0	0	0	1	0	96	73	0	2	0	2	0	64	106	0	3	0	0	0	0	121	5	53	148	23	0	0	22	116	0	103	84	63	0	0	5	122	91	139	89	8	0	1	0	20	73	53	7	0	0	0	0	1	0	0	1	1	0	
0	0	0	0	0	0	0	0	1	0	37	75	87	34	0	0	2	0	97	149	152	202	3	0	0	0	0	1	123	90	0	2	0	0	119	245	105	0	2	0	0	4	64	49	157	34	0	1	0	1	5	29	177	37	0	2	0	6	61	113	65	0	2	0	
0	0	0	0	3	1	0	0	0	2	35	2	0	0	0	0	0	5	154	10	88	23	0	1	2	0	113	46	139	42	0	1	1	0	25	115	176	44	0	2	0	0	3	0	95	65	0	3	0	0	2	0	30	124	0	1	0	0	0	1	0	54	9	0	
0	0	2	0	40	38	0	1	0	1	0	10	176	39	0	1	0	2	0	145	99	0	3	0	3	0	95	154	0	76	28	0	0	13	160	8	83	211	110	0	0	35	158	96	217	110	18	0	1	0	56	82	62	9	0	1	0	0	0	0	0	1	1	0	
0	1	0	30	56	3	0	0	3	0	87	194	170	99	0	2	1	0	88	20	49	161	0	2	0	2	0	32	181	39	0	2	1	0	24	170	40	0	7	0	0	8	208	159	124	201	91	0	0	16	139	131	114	60	5	0	0	0	0	0	0	0	0	0	
0	0	1	1	0	2	1	0	0	1	0	30	78	16	0	1	1	0	35	133	74	171	18	0	4	0	112	57	12	197	27	0	2	0	84	111	202	62	0	2	0	2	0	121	99	0	3	0	2	0	81	125	0	2	0	0	1	0	76	18	0	1	0	0	
0	0	1	1	2	0	0	0	0	60	75	0	3	1	0	0	0	24	197	43	28	0	1	0	3	0	120	189	181	11	0	1	0	1	2	110	209	140	0	4	0	0	2	0	2	187	54	0	0	0	0	6	0	75	159	0	0	0	0	0	0	3	39	6	
0	0	0	0	1	1	0	0	0	0	0	65	160	24	0	1	2	0	32	145	170	123	0	4	0	0	21	41	146	49	0	2	0	0	106	135	149	61	0	2	0	7	3	0	90	139	0	3	0	89	125	126	108	10	0	1	0	1	12	6	0	1	0	0	
0	0	8	36	1	0	0	0	3	0	66	232	15	1	2	0	4	0	161	161	0	3	0	0	0	0	205	100	127	135	12	0	0	1	200	209	195	222	112	0	3	0	97	255	158	220	100	0	0	1	0	55	155	117	1	0	0	0	2	0	0	0	0	0	
0	0	0	0	0	1	2	0	0	1	21	20	16	6	0	0	0	3	129	171	166	166	46	0	0	0	0	6	0	162	90	0	0	0	5	0	82	156	0	1	0	2	0	71	178	15	0	1	2	0	85	175	21	0	2	0	0	7	144	25	0	2	0	0	
0	0	0	0	0	0	0	0	0	1	0	119	114	0	0	0	0	1	0	46	192	63	0	3	0	0	3	0	150	73	0	3	0	2	0	41	205	13	0	1	0	3	0	162	134	0	4	0	0	0	3	181	30	0	1	0	0	0	1	15	1	0	0	0	
0	0	2	1	0	2	0	0	0	3	0	61	22	0	64	19	2	0	59	151	0	53	157	2	0	67	219	57	55	219	57	0	0	77	133	116	220	98	26	0	0	1	0	130	83	0	2	0	3	0	94	155	0	5	1	0	1	0	17	20	1	0	0	0	
0	0	0	0	0	0	0	0	2	0	59	158	118	6	0	1	2	0	182	87	96	23	0	1	2	0	174	147	159	84	0	2	2	0	75	143	29	168	44	0	0	0	0	0	0	174	55	0	1	0	14	95	160	105	0	2	1	0	12	59	19	0	1	0	
0	0	1	4	2	0	0	0	0	1	1	0	0	6	7	0	1	0	14	123	117	171	163	0	0	24	175	87	47	170	84	0	0	21	148	83	195	113	0	3	0	1	0	119	120	0	3	0	1	0	116	132	0	3	0	0	0	40	135	1	1	1	0	0	
0	0	0	0	0	1	1	0	0	26	77	103	99	29	0	1	0	124	125	93	118	181	42	0	0	0	0	3	0	162	100	0	0	42	150	100	131	167	0	1	0	101	218	223	236	169	70	0	0	0	62	62	0	48	59	0	0	0	0	0	0	0	0	0	
0	0	1	3	4	2	0	0	0	0	0	0	0	15	55	0	1	0	32	97	95	80	34	0	0	4	135	99	198	100	0	2	0	6	7	55	103	16	39	0	2	0	38	156	12	0	1	0	2	0	135	45	0	2	0	0	0	2	25	1	1	0	0	0	
0	0	0	0	0	1	2	0	0	2	57	94	91	41	0	1	0	133	236	127	125	110	136	17	0	90	234	44	5	183	122	0	2	0	84	219	239	125	0	3	0	4	0	118	239	74	0	3	0	3	0	138	229	178	0	2	0	1	0	18	94	32	0	1	
0	0	0	3	0	0	0	0	0	0	3	0	41	122	75	0	0	3	0	114	159	101	206	26	3	0	99	158	0	14	144	11	0	42	177	0	18	172	70	0	0	153	98	48	170	61	0	2	0	96	194	132	23	0	3	0	0	1	9	0	1	2	0	0	
0	0	0	0	0	0	0	0	0	0	0	12	120	1	0	0	0	1	0	30	159	0	1	0	0	3	0	70	143	0	1	1	0	4	0	123	175	5	0	1	0	1	0	205	116	0	3	0	0	0	0	134	23	0	1	0	0	0	0	0	1	0	0	0	
0	0	1	1	0	0	0	0	0	1	0	19	77	71	1	0	1	0	31	150	64	161	106	0	4	0	103	130	2	145	50	0	0	0	6	63	213	80	0	3	0	2	0	110	113	0	3	0	2	0	112	149	0	2	0	0	0	0	105	30	0	1	0	0	
0	0	0	2	0	0	0	0	0	32	117	0	1	0	0	0	0	2	193	146	0	3	0	0	1	0	11	214	73	0	2	0	0	4	0	87	201	0	0	1	0	0	2	0	182	125	0	3	0	0	2	0	45	199	4	0	0	0	0	0	2	31	3	0	
0	0	0	2	0	1	0	0	0	0	1	7	0	43	45	0	0	2	0	109	45	133	36	0	3	0	105	194	128	174	15	0	0	0	129	128	194	75	37	0	0	3	0	121	90	0	3	0	1	0	29	162	3	3	2	0	1	0	14	26	0	1	0	0	
0	0	0	1	1	0	0	0	0	3	0	79	60	0	2	0	0	3	0	89	97	0	2	0	0	3	0	93	123	67	0	3	2	0	54	173	154	60	0	2	1	0	27	110	192	40	0	2	0	0	3	0	90	56	0	2	0	0	1	4	1	0	0	0	
0	0	1	2	0	0	0	0	0	0	0	1	105	87	0	1	1	0	12	139	158	250	49	0	1	0	17	163	55	131	3	0	0	3	0	95	248	50	0	3	2	0	69	147	172	66	0	3	2	0	155	169	88	0	1	0	1	0	21	40	0	1	0	0	
0	0	2	1	0	0	0	0	0	0	1	0	18	45	0	2	2	0	53	21	63	99	0	4	2	0	162	73	119	86	0	3	0	33	138	107	200	63	0	2	0	1	2	0	128	30	0	1	0	0	5	0	132	46	0	2	0	0	1	0	16	8	0	0	
0	0	0	0	0	0	0	0	0	1	0	44	179	78	0	0	0	1	0	125	129	195	11	0	0	0	18	58	165	63	0	2	2	0	96	144	164	89	0	3	0	80	35	0	120	138	0	4	0	69	167	150	125	8	0	1	0	0	6	3	0	1	0	0	
0	0	2	2	0	0	0	0	0	1	0	3	65	85	18	0	2	0	34	167	118	77	115	0	0	5	173	49	0	49	24	0	0	14	170	112	183	180	0	2	0	0	7	40	170	39	0	2	0	1	0	124	70	0	2	0	1	0	15	83	0	1	0	0	
0	0	0	0	2	6	0	0	0	1	0	61	165	158	24	0	1	0	11	168	57	118	89	0	0	0	0	0	2	162	28	0	0	15	81	68	155	142	0	3	0	155	114	203	168	133	89	0	0	111	134	77	0	1	2	0	0	4	13	0	3	2	0	0	
0	0	0	0	9	5	0	0	0	0	0	76	143	137	11	0	1	0	38	117	0	130	63	0	0	0	0	2	0	139	34	0	1	0	56	97	104	172	0	0	0	77	144	88	210	80	2	0	0	23	121	123	34	0	1	0	0	0	4	3	0	3	0	0	
0	0	0	0	0	0	0	0	0	4	67	68	58	28	1	0	0	3	78	101	92	191	32	0	0	0	2	0	54	156	0	1	0	2	0	17	181	40	0	2	1	0	1	162	82	0	3	0	1	0	158	104	0	4	0	0	0	11	91	5	1	0	0	0	
0	0	0	0	0	0	0	0	0	1	0	20	115	10	0	1	0	2	0	50	255	71	0	3	0	3	0	75	239	17	0	1	0	4	0	131	218	0	1	0	0	1	0	210	184	0	3	0	0	1	0	189	104	0	3	0	0	0	0	14	6	0	0	0	
0	0	0	0	0	0	0	0	0	3	26	27	31	22	2	0	0	16	151	136	118	203	45	0	0	0	2	0	48	174	2	0	0	1	1	3	185	62	0	2	0	3	0	145	127	0	3	0	3	0	84	170	0	2	0	0	1	0	150	51	0	2	0	0	
0	0	0	1	0	0	0	0	0	1	0	4	119	223	49	0	0	1	1	148	213	200	7	0	0	3	0	150	226	26	0	2	1	0	125	188	184	58	0	2	0	70	220	61	161	25	0	1	0	32	163	157	60	0	2	0	0	0	3	2	0	1	0	0	
0	0	2	1	0	0	0	0	0	1	0	22	79	78	7	0	2	0	47	144	70	151	82	0	2	0	152	58	0	135	35	0	2	0	57	125	189	120	0	3	0	2	0	52	164	2	0	0	1	0	15	174	51	0	2	0	2	0	50	71	0	2	0	0	
0	0	1	2	0	1	0	0	0	1	0	13	66	5	0	0	1	0	12	173	216	51	0	2	4	0	133	111	67	123	0	4	3	0	118	145	168	108	0	4	0	0	3	28	194	58	0	2	0	2	0	62	170	0	0	0	0	2	0	53	42	0	1	0	
0	0	0	2	2	2	2	0	0	0	1	1	0	0	0	0	0	2	0	45	114	114	102	11	2	0	52	188	87	18	15	2	1	0	28	59	84	113	0	3	0	50	98	62	118	81	0	2	0	21	50	46	22	0	0	0	0	0	0	0	1	2	0	0	
0	0	1	0	0	0	0	0	0	1	0	45	151	114	3	0	1	0	13	208	136	149	56	0	2	0	44	226	171	149	32	0	0	3	174	196	247	120	0	3	0	43	173	0	27	172	2	0	0	1	157	180	176	104	0	2	0	0	0	40	47	1	0	0	
0	0	0	0	0	0	0	0	0	1	13	7	20	20	4	0	0	2	124	136	115	199	47	0	0	0	4	0	61	157	0	0	0	1	0	21	190	37	0	2	0	1	0	163	86	0	3	0	2	0	132	124	0	3	0	0	0	30	138	3	1	0	0	0	
0	0	1	1	1	1	0	0	0	0	0	5	0	41	11	0	1	0	15	92	49	126	0	0	3	0	112	66	123	42	0	1	2	0	67	138	150	0	1	0	0	1	0	36	125	0	2	0	0	1	0	30	136	0	2	0	0	0	0	8	48	0	1	0	
0	0	0	0	7	84	5	0	0	0	3	0	102	144	0	2	0	1	0	35	171	10	0	1	0	2	0	134	61	0	1	0	2	0	60	128	154	137	0	2	0	0	133	140	128	101	0	2	0	6	41	36	36	10	0	0	0	0	1	1	0	1	0	0	
0	1	1	0	0	0	0	0	0	0	6	34	74	25	0	1	0	22	199	224	216	216	13	0	0	107	255	46	112	197	0	1	0	57	225	200	221	205	0	0	0	0	20	2	149	200	0	3	0	1	4	0	189	161	0	4	0	0	2	0	74	31	0	1	
0	0	0	2	1	1	0	0	0	0	2	2	0	35	71	0	0	2	0	81	78	133	71	0	2	0	77	180	109	180	5	0	0	24	200	172	222	148	57	0	0	6	0	138	106	0	3	0	3	0	68	161	0	5	2	0	1	0	21	19	0	1	0	0	
0	0	1	0	0	0	0	0	0	23	21	0	30	5	0	0	0	76	131	0	113	35	0	1	0	9	179	30	152	56	0	2	3	0	74	176	208	87	0	4	0	1	2	0	46	169	0	0	0	0	2	3	0	170	59	0	0	0	0	2	0	53	28	0	
0	0	0	0	0	0	0	0	0	1	0	63	122	112	42	0	2	0	52	155	0	117	109	0	0	0	10	119	79	131	18	0	1	0	2	113	219	42	0	2	0	45	121	67	136	34	0	1	0	124	130	99	64	0	2	0	0	11	48	15	0	1	0	0	
0	1	0	0	0	0	0	0	1	0	55	101	100	6	0	1	0	32	211	62	139	62	0	2	0	116	160	137	137	32	0	2	0	27	56	101	179	129	40	0	0	0	0	14	117	28	152	29	0	1	5	0	76	132	134	19	0	0	0	1	0	21	10	0	
0	0	1	2	0	0	0	1	0	0	0	3	48	79	29	0	1	0	20	117	94	69	130	30	3	0	94	152	47	58	13	19	0	2	0	50	208	57	0	2	1	0	9	137	68	0	3	1	0	6	153	66	0	3	0	0	0	24	64	0	3	0	0	0	
0	0	0	7	32	1	1	0	0	2	0	101	79	0	2	0	1	0	32	139	1	71	17	0	3	0	69	79	92	130	65	0	4	0	97	105	88	20	73	0	3	0	51	191	92	93	26	0	0	0	0	96	131	31	0	1	0	0	1	0	0	1	1	0	
0	0	0	0	10	27	0	1	0	0	3	0	117	74	0	2	0	3	0	84	125	0	3	0	1	0	29	156	25	185	62	0	2	0	122	68	113	162	42	0	0	5	142	169	198	58	0	2	1	0	57	131	35	0	1	0	0	0	0	0	0	2	0	0	
0	0	1	0	65	44	0	1	0	2	0	52	106	9	0	1	0	0	1	103	9	0	1	0	1	0	40	105	11	5	0	0	2	0	49	109	59	84	6	0	1	0	26	121	41	142	48	0	0	1	0	27	73	39	0	1	0	0	1	1	0	0	0	0	
0	0	1	2	0	0	0	0	0	0	0	4	51	63	6	0	1	0	16	118	76	138	35	0	3	0	126	65	52	114	0	2	2	0	55	103	197	28	0	1	0	3	0	91	83	0	3	0	1	0	21	152	2	0	0	0	0	0	13	58	0	1	0	0	
0	0	1	1	0	0	0	0	0	1	0	25	32	28	11	0	0	0	0	164	80	149	11	0	3	0	120	107	40	178	0	2	4	0	158	186	206	136	0	3	1	0	31	56	160	44	0	2	0	0	1	0	164	34	0	1	0	0	2	2	64	11	0	0	
0	0	0	2	1	1	0	0	0	0	2	1	0	33	81	0	0	1	0	98	11	138	60	0	1	0	126	123	62	180	0	1	0	32	188	108	204	75	0	1	0	3	0	85	119	0	3	0	0	2	0	128	27	0	1	0	0	0	0	17	2	0	0	0	
1	0	15	52	6	0	0	0	1	0	21	97	131	24	0	1	0	0	2	0	61	138	0	2	2	0	36	125	39	145	0	1	1	0	95	91	205	75	0	3	0	1	137	117	213	18	0	1	2	0	69	95	22	18	0	1	0	0	0	0	0	0	0	0	
0	0	0	0	1	0	0	0	0	0	0	0	7	147	18	0	0	0	3	0	81	157	0	2	0	1	0	12	166	27	0	1	0	2	0	138	96	0	3	0	3	0	83	159	0	3	0	0	3	0	124	83	0	3	0	0	0	0	1	1	0	0	0	0	
0	0	1	0	0	0	0	0	0	0	4	63	46	0	1	0	2	0	81	85	81	15	0	1	0	5	90	0	21	61	0	1	1	0	77	78	112	83	0	3	0	0	3	34	136	33	0	1	0	0	1	2	107	5	0	0	0	0	0	5	38	0	0	0	
0	0	0	0	2	2	0	0	0	2	0	50	168	147	13	0	0	0	0	155	57	138	58	0	0	1	3	1	24	142	3	0	1	0	54	130	223	173	18	0	0	64	146	149	86	30	27	0	0	68	151	68	0	1	0	0	0	0	3	0	2	2	1	0	
0	1	0	0	1	0	1	0	1	0	43	149	175	138	15	0	0	38	243	168	77	196	154	0	0	148	239	169	159	83	218	15	0	139	255	161	0	55	227	16	0	56	243	55	56	208	182	0	1	0	100	204	219	200	39	0	0	1	0	0	0	0	1	1	
0	0	0	2	1	0	0	0	0	0	3	0	71	199	19	0	0	2	0	64	175	152	88	0	1	0	29	186	11	68	81	0	3	0	147	83	0	144	24	0	0	9	175	35	125	74	0	2	1	0	139	188	77	0	2	0	0	0	2	3	0	2	0	0	
0	0	0	0	0	0	0	0	1	0	42	122	119	61	0	2	1	0	47	65	175	121	0	3	1	0	18	121	50	0	1	0	2	0	54	165	46	6	0	0	0	1	0	29	164	145	0	3	0	3	83	103	124	45	0	2	0	0	46	44	5	0	0	0	
0	0	1	0	19	73	0	1	0	0	3	0	132	99	0	3	0	2	0	95	121	0	5	0	2	0	56	148	19	189	69	0	2	0	140	56	215	159	4	0	0	9	170	193	153	0	0	1	1	0	47	52	0	2	1	0	0	0	0	0	2	1	0	0	
0	0	0	0	0	2	1	0	0	16	88	7	0	1	0	0	0	53	238	12	26	184	23	0	0	73	244	141	213	241	24	0	0	10	140	160	228	161	0	4	0	1	0	0	226	120	0	4	0	2	0	13	227	75	0	3	0	0	0	0	23	7	0	0	
0	0	0	0	2	0	0	0	0	0	0	1	0	92	25	0	0	0	3	0	101	173	0	1	0	1	0	18	197	29	0	1	0	3	0	148	111	0	4	0	2	0	62	176	0	2	0	0	3	0	143	63	0	2	0	0	0	0	24	4	0	0	0	0	
0	0	0	0	36	11	0	0	0	0	2	117	183	124	0	3	2	0	45	66	49	150	0	3	0	0	3	0	129	94	0	3	2	0	40	234	179	2	0	1	4	0	123	255	166	51	33	0	2	0	64	60	84	141	29	0	0	0	0	0	0	0	0	0	
0	0	0	0	1	0	0	0	0	0	1	0	36	133	0	2	0	0	4	0	129	118	0	4	0	1	0	37	196	10	0	1	0	1	0	164	87	0	3	0	3	0	93	185	0	2	0	0	2	0	152	90	0	2	0	0	0	0	1	0	0	0	0	0	
0	0	0	0	1	0	0	0	0	0	0	85	126	0	0	0	2	0	58	153	114	27	0	1	0	1	0	112	170	0	0	0	0	2	0	82	123	45	0	2	1	0	27	119	137	38	0	1	1	0	14	152	88	0	2	0	0	0	0	7	2	0	0	0	
0	0	2	0	19	28	0	1	0	1	0	5	160	62	0	2	1	0	3	150	93	0	2	0	1	0	157	93	0	139	115	0	0	86	143	0	144	150	118	0	0	53	160	201	196	83	8	0	1	0	23	129	42	0	2	0	0	1	1	0	0	2	1	0	
0	0	0	0	0	2	0	0	2	21	24	35	18	0	0	0	5	94	128	139	162	74	0	2	0	0	2	0	42	148	0	3	0	2	5	0	109	120	0	4	0	0	0	0	168	35	0	1	0	2	0	55	145	0	3	0	0	2	0	73	66	0	2	0	
0	0	1	2	0	2	1	0	0	1	0	11	7	0	26	26	1	0	16	155	10	39	152	29	0	11	190	91	0	199	82	0	0	48	201	131	206	183	48	0	0	2	0	70	183	4	0	1	0	1	0	172	45	0	4	0	0	0	8	44	0	1	0	0	
0	0	1	0	0	0	0	0	3	0	81	167	45	0	1	0	4	0	89	255	51	0	2	0	3	0	73	255	99	2	0	0	1	0	7	96	176	165	0	1	0	0	3	0	122	243	8	0	0	2	0	104	213	86	0	3	0	0	0	0	0	0	0	0	
0	0	0	0	5	3	0	0	0	2	0	68	119	111	0	1	0	2	0	128	115	121	0	1	0	3	0	83	226	16	0	1	2	0	73	132	105	68	0	3	0	12	171	19	130	35	0	1	0	5	105	124	62	0	1	0	0	0	7	9	0	1	0	0	
0	0	0	0	0	0	0	0	0	1	0	25	49	0	2	0	0	1	0	41	134	0	3	0	0	1	0	30	121	0	2	0	0	2	0	45	102	0	3	0	0	2	0	58	107	0	3	0	0	2	0	61	71	0	2	0	0	0	0	7	5	0	0	0	
0	0	1	2	0	0	0	0	0	0	0	4	49	78	35	0	1	0	15	116	81	77	67	0	4	0	101	116	28	118	0	0	1	0	15	73	195	77	0	3	0	2	0	81	114	0	2	0	2	0	45	160	8	0	1	0	2	0	51	41	0	2	0	0	
0	0	0	3	12	0	0	0	0	2	0	59	115	0	3	0	0	3	0	89	121	0	4	0	0	3	0	86	139	0	4	0	0	3	0	91	147	0	4	0	0	2	0	55	193	1	0	1	0	0	0	2	120	31	0	1	0	0	0	1	0	0	0	0	
0	0	0	0	16	23	0	1	0	0	5	0	129	114	0	4	0	2	0	51	155	7	0	1	1	0	20	179	24	80	36	0	3	0	124	66	47	197	63	0	0	0	150	103	201	88	1	0	2	0	44	138	77	0	0	0	0	0	0	0	0	2	1	0	
0	0	0	0	0	0	0	0	2	0	43	154	128	42	0	1	2	0	84	66	70	138	0	2	0	1	0	76	187	43	0	2	1	0	11	125	138	82	0	1	0	0	3	1	0	115	19	0	0	2	124	130	133	109	0	1	0	0	17	51	39	2	0	0	
0	0	1	2	0	2	1	0	0	1	2	0	3	0	37	17	1	0	16	106	0	38	147	9	0	17	157	85	29	199	49	0	0	102	176	127	207	85	6	0	1	0	2	171	55	0	2	0	0	0	11	61	0	3	1	0	0	0	0	0	1	0	0	0	
0	0	0	2	3	13	5	0	2	0	36	154	155	139	20	0	0	5	159	48	0	2	0	0	0	1	91	134	104	0	1	0	0	13	8	0	128	113	0	3	0	46	145	45	17	152	3	0	1	0	53	125	161	128	0	0	0	1	0	0	8	4	0	0	
0	0	0	1	6	24	0	1	0	0	3	0	94	109	0	3	0	2	0	88	144	0	0	0	3	0	66	143	0	95	56	0	0	0	163	34	124	210	68	0	0	0	120	191	169	36	0	1	0	0	0	76	11	0	2	0	0	0	2	0	3	2	0	0	
0	0	1	0	0	2	0	0	2	0	28	196	132	0	3	0	1	0	178	111	179	146	0	2	0	50	151	0	19	234	91	0	0	58	163	0	0	29	115	14	0	2	197	123	10	20	152	33	1	0	22	166	180	193	93	0	0	1	1	0	5	3	0	1	
0	0	1	2	0	0	0	0	0	0	0	10	54	61	36	5	0	0	0	115	99	65	76	25	3	0	126	154	46	19	0	1	1	0	58	70	66	153	27	0	0	26	122	150	144	98	1	0	0	4	43	53	23	1	0	0	0	0	0	0	0	2	0	0	
0	0	0	1	0	0	0	0	0	0	0	5	47	0	0	0	0	2	0	69	130	0	3	0	0	3	0	100	69	0	2	0	0	3	0	93	78	0	3	0	0	2	0	67	77	0	3	0	0	2	0	60	73	0	3	0	0	1	0	17	27	0	1	0	
0	0	1	2	0	0	1	0	0	1	0	6	150	121	0	0	1	1	0	168	142	191	139	0	2	0	157	144	0	27	173	1	0	97	169	0	10	139	108	0	0	185	105	83	155	94	0	1	0	91	169	99	14	0	2	0	0	0	0	0	1	3	0	0	
0	0	0	1	2	0	0	0	0	1	0	24	96	0	1	0	0	1	0	15	132	0	0	0	0	1	0	33	149	0	1	0	0	3	0	73	137	0	4	0	0	3	0	135	76	0	3	0	0	1	0	121	28	0	1	0	0	0	0	0	0	0	0	0	
0	0	0	0	0	0	0	0	0	1	0	57	144	156	39	0	1	0	13	178	92	98	131	0	0	0	1	0	7	159	36	0	0	58	125	133	207	163	0	2	42	173	109	179	113	113	43	0	7	114	131	17	0	1	0	0	0	0	0	1	4	3	1	0	
0	0	0	0	0	0	0	0	1	0	7	87	129	85	0	1	1	0	35	81	69	164	0	2	0	1	0	5	136	41	0	2	0	2	0	114	82	0	2	0	2	0	64	120	0	4	0	0	4	0	90	172	136	69	0	2	0	0	1	48	45	7	0	0	
0	0	1	1	0	0	0	0	0	1	0	19	192	162	19	0	0	1	0	174	132	159	117	0	3	0	120	123	0	51	116	0	0	41	157	0	0	138	46	0	0	127	97	20	151	97	0	3	0	55	173	144	70	0	1	0	0	0	3	0	0	2	0	0	
0	0	0	1	0	35	5	0	0	0	2	0	54	136	15	0	0	1	0	23	122	5	0	1	0	2	0	96	55	0	2	0	0	0	10	101	0	1	0	0	1	0	15	142	81	7	0	0	1	0	3	101	150	17	0	1	0	0	0	0	0	0	0	0	
0	0	1	1	0	0	0	0	0	1	0	7	3	8	49	28	1	0	14	172	162	151	150	52	1	0	147	90	0	3	0	0	0	11	184	129	123	24	0	3	0	7	6	0	160	68	0	3	0	53	137	130	118	0	1	0	0	0	56	61	0	0	0	0	
0	1	0	0	0	0	0	0	0	2	17	0	8	86	6	0	0	100	122	0	68	162	0	3	0	173	104	0	100	138	0	4	0	57	180	176	206	191	21	0	0	0	2	0	147	130	0	2	0	2	4	0	60	146	0	3	0	0	0	1	3	16	0	0	
0	0	2	0	43	27	0	1	0	1	0	21	162	25	0	1	0	1	0	153	76	0	2	0	3	0	70	130	14	150	10	0	4	0	124	60	141	192	0	0	3	0	78	194	203	20	0	1	0	1	0	53	43	0	1	0	0	0	1	0	1	1	0	0	
0	0	0	0	0	0	0	0	1	0	16	82	65	4	0	0	3	0	65	161	208	80	0	3	0	0	3	3	174	73	0	3	2	0	31	221	215	37	0	2	0	3	0	126	109	0	3	0	0	3	0	159	68	0	2	0	0	1	0	50	16	0	1	0	
0	0	1	1	0	0	0	0	0	0	0	3	18	30	18	0	1	0	11	125	109	110	121	34	3	0	146	190	91	19	0	1	0	0	31	0	70	156	0	2	0	22	97	137	211	104	0	3	0	9	79	147	86	0	1	0	0	0	0	0	0	1	0	0	
0	0	0	3	1	0	0	0	0	24	158	147	138	36	0	2	0	14	61	0	95	173	0	3	0	0	1	0	180	128	0	4	0	2	0	141	145	0	2	0	1	0	144	234	108	121	106	20	0	43	215	143	89	65	29	3	0	0	0	0	0	0	0	0	
0	0	2	1	0	0	1	0	0	2	0	40	163	122	4	0	2	0	49	208	166	186	133	0	0	8	206	68	0	27	180	4	0	96	163	0	0	90	148	0	0	143	118	0	56	193	36	0	0	49	205	182	166	44	0	2	1	0	22	50	7	0	2	0	
0	0	0	0	0	2	1	0	1	0	31	97	120	31	0	1	4	0	123	214	120	167	33	0	0	1	0	123	247	137	11	0	1	0	32	153	169	85	0	3	2	0	157	46	116	98	0	3	0	0	152	147	152	2	0	0	1	0	19	62	9	0	0	0	
0	0	0	0	1	0	0	0	0	0	1	0	28	76	0	0	0	0	4	0	140	121	0	4	0	1	0	22	195	23	0	1	0	3	0	125	133	0	3	0	1	0	12	189	28	0	1	0	2	0	40	159	0	1	0	0	0	0	6	16	0	0	0	0	
0	0	0	3	1	0	0	0	0	0	1	0	12	62	18	0	0	1	0	80	201	224	101	0	2	0	35	242	255	186	17	0	0	2	0	100	243	60	0	2	1	0	23	205	65	0	3	0	1	0	184	108	0	5	0	0	0	6	75	5	1	0	0	0	
0	0	0	1	0	0	0	0	0	0	0	5	92	72	0	1	0	2	0	150	114	143	24	0	0	0	6	20	26	127	0	0	0	44	102	139	218	136	38	3	1	169	127	159	50	77	69	0	0	50	69	10	0	1	0	0	0	0	0	1	2	3	3	0	
0	0	0	1	1	0	0	0	2	0	38	165	131	17	0	1	4	0	135	65	61	150	0	2	3	0	98	191	201	144	0	3	1	0	24	170	61	145	42	0	4	0	101	121	0	152	37	0	1	0	19	143	166	76	0	2	0	0	0	2	5	0	0	0	
0	0	0	0	1	0	0	0	0	0	3	0	103	98	0	4	0	1	1	0	199	73	0	3	0	3	0	78	196	0	0	1	2	10	0	177	85	0	3	0	2	0	28	205	17	0	1	0	1	0	25	154	5	0	0	0	0	0	0	2	1	0	0	0	
0	0	0	0	0	0	0	0	0	0	1	33	60	18	0	1	1	0	45	30	122	60	0	2	0	2	0	88	146	4	0	1	0	0	0	78	147	32	0	1	0	1	0	21	120	0	0	0	1	0	3	120	45	0	2	0	1	0	30	57	0	2	0	0	
0	1	2	0	0	0	0	0	0	0	0	0	14	20	0	0	0	44	166	154	131	186	81	0	0	16	44	15	0	167	47	0	0	0	2	0	133	118	0	3	0	3	0	107	156	0	2	0	2	0	91	164	3	1	1	0	0	2	143	30	0	2	0	0	
0	0	0	5	14	4	0	0	2	0	45	153	140	132	16	0	3	0	135	51	0	165	48	0	2	0	68	114	114	97	0	2	1	0	19	211	206	45	0	2	3	0	98	120	24	169	0	1	3	0	65	176	154	78	0	1	0	0	0	7	7	0	0	0	
0	0	0	0	1	1	0	0	0	1	0	44	166	64	0	3	2	0	36	179	29	145	27	0	1	0	17	148	68	150	4	0	0	3	0	122	251	29	0	2	3	0	85	162	144	55	0	2	3	0	86	133	126	25	0	1	0	0	0	14	7	0	0	0	
0	0	1	0	0	0	0	0	0	0	3	106	86	5	0	1	2	0	149	114	167	74	0	3	2	0	158	104	149	24	0	1	1	0	0	172	214	0	0	1	0	4	0	86	222	102	0	3	0	2	0	53	223	114	0	4	0	0	0	0	35	9	0	0	
0	0	0	0	1	2	0	0	0	0	1	0	37	128	0	1	0	0	3	0	162	102	0	3	0	2	0	44	188	5	0	1	0	3	0	147	115	0	3	0	1	0	20	198	24	0	1	0	2	0	56	122	0	2	0	0	0	0	0	0	0	0	0	0	
0	0	7	53	21	0	1	0	0	0	105	102	121	39	0	2	0	5	15	0	35	117	0	3	0	3	31	45	39	114	0	1	0	88	101	66	130	187	90	6	0	114	71	24	118	40	54	17	0	14	100	97	31	0	1	0	0	1	0	0	1	1	2	1	
0	0	0	2	0	1	0	0	0	0	0	12	31	8	92	15	0	2	0	131	67	95	69	0	2	0	83	113	39	200	58	2	0	15	209	140	202	70	22	0	0	10	29	129	88	0	2	0	1	0	37	131	0	3	1	0	1	0	21	20	0	1	0	0	
0	0	0	0	0	1	3	0	2	0	37	152	157	27	0	1	3	0	177	142	147	116	78	4	3	0	114	173	31	176	105	0	0	3	0	134	255	107	0	3	2	0	38	157	165	125	0	4	2	0	42	190	204	76	0	3	0	1	0	29	42	0	1	0	
0	0	0	0	0	0	0	0	0	1	0	86	180	98	8	0	3	0	80	140	76	203	18	0	3	3	19	73	205	79	0	3	2	0	60	128	88	152	2	0	28	44	0	0	104	151	0	1	19	144	149	150	103	8	0	1	0	4	12	3	0	2	0	0	
0	0	1	1	0	0	1	0	0	2	0	54	202	154	0	1	2	0	51	205	64	194	57	0	3	0	162	86	0	100	127	0	0	26	184	7	0	139	69	0	0	33	206	28	113	163	0	1	2	0	97	191	139	13	0	1	0	0	0	0	0	1	0	0	
0	0	0	0	0	0	0	0	0	1	0	10	124	107	2	0	3	3	0	99	107	123	68	0	1	1	1	2	0	117	44	0	1	0	35	62	125	174	0	1	0	45	157	170	166	16	2	0	0	25	124	70	2	0	0	0	0	0	0	0	2	2	0	0	
0	0	1	0	0	0	0	0	0	0	0	17	30	6	0	0	2	0	135	163	179	147	0	3	1	0	136	27	100	121	0	4	0	0	2	0	172	41	0	2	0	1	0	30	184	4	0	1	0	2	0	43	168	0	1	0	0	0	0	9	126	8	0	0	
0	0	0	1	0	1	1	0	0	0	0	12	24	2	1	0	0	0	8	107	90	104	29	2	1	0	16	127	121	50	13	2	0	3	0	100	183	0	3	0	1	0	20	106	120	24	0	0	1	0	20	131	69	0	1	0	0	0	0	9	2	0	7	0	
0	1	1	0	0	2	0	0	0	0	12	64	56	0	1	0	0	40	129	59	71	95	0	2	0	92	50	0	81	151	0	3	0	43	93	47	137	85	0	3	0	0	35	3	61	72	0	3	0	1	3	0	74	92	0	3	0	0	2	0	34	48	0	2	
0	0	2	1	0	1	0	0	0	1	0	21	174	128	0	0	2	0	38	178	53	124	49	0	1	0	33	37	0	136	40	0	0	0	23	39	123	163	0	2	0	95	145	157	204	68	0	0	0	98	133	100	10	0	1	0	0	0	13	2	1	3	0	0	
0	0	2	0	66	24	0	1	0	0	3	0	74	59	0	2	0	0	3	0	48	68	0	3	0	0	3	0	76	51	0	2	2	0	56	110	181	14	0	1	2	0	107	115	106	54	0	2	0	0	9	24	0	0	0	0	0	0	0	0	3	1	0	0	
0	1	1	0	0	0	0	0	0	0	2	16	31	56	44	0	0	14	138	153	116	213	122	0	0	9	29	0	47	184	16	0	0	2	0	35	208	50	0	2	1	0	21	202	75	0	3	0	0	0	203	156	0	4	0	0	0	12	92	5	1	0	0	0	
0	0	2	0	0	2	0	0	0	0	0	59	54	0	39	9	2	0	112	180	84	93	162	0	0	15	200	9	63	181	9	0	1	0	115	160	168	27	0	2	0	1	0	182	172	0	2	0	2	0	38	196	156	16	0	1	0	0	3	90	55	0	1	0	
0	0	1	2	0	0	0	0	0	0	0	3	54	79	8	0	1	0	4	122	89	116	79	0	4	0	92	163	90	85	16	0	1	0	22	87	194	42	0	2	0	1	0	132	81	0	3	0	2	0	124	114	0	3	0	0	0	6	71	3	1	0	0	0	
0	0	2	1	0	0	0	0	0	1	0	23	99	122	17	0	2	0	72	166	110	61	9	0	4	0	144	151	13	0	1	0	1	0	9	101	158	58	0	2	0	0	3	0	150	103	0	4	2	0	55	187	153	0	0	1	1	0	14	53	3	0	0	0	
0	0	0	0	0	0	0	0	0	0	0	16	37	31	9	0	1	0	1	99	136	210	38	0	0	4	0	103	187	34	0	1	27	17	0	5	79	104	0	2	55	120	54	43	108	118	0	3	0	45	102	109	77	5	0	0	0	0	0	0	0	1	0	0	
0	0	2	16	0	1	0	0	2	0	39	138	0	3	1	0	3	0	75	138	0	24	0	0	3	0	90	122	130	184	37	0	2	0	49	238	62	123	77	0	1	0	9	195	114	161	5	0	0	1	0	42	139	28	0	1	0	0	1	1	0	1	0	0	
0	0	1	2	0	0	1	0	0	0	0	6	34	32	2	0	1	0	17	117	89	114	114	0	3	0	78	138	67	69	77	7	1	0	11	63	208	64	0	3	0	2	0	115	109	0	3	0	3	0	111	139	0	2	0	0	0	2	126	17	0	1	0	0	
0	0	0	0	0	1	0	0	1	0	72	128	73	0	0	0	1	0	46	45	158	100	0	4	0	1	0	25	170	60	0	3	0	3	0	152	202	33	0	1	0	0	4	0	121	156	0	4	1	0	10	160	162	14	0	1	0	0	0	43	15	0	1	0	
0	0	0	2	0	0	0	0	0	0	3	0	62	130	0	2	0	3	0	93	209	186	13	0	3	0	68	204	9	120	35	0	0	7	182	44	0	163	14	0	0	51	159	0	135	128	0	3	0	5	122	154	121	4	0	1	0	0	1	7	0	1	0	0	
0	0	10	12	0	0	0	0	0	15	209	238	159	13	0	1	0	19	109	82	255	86	0	3	0	1	0	9	236	84	0	4	1	0	24	184	255	164	7	0	0	0	195	255	183	214	201	11	0	0	107	117	8	13	74	14	0	0	0	0	2	1	0	0	
0	0	0	0	0	0	0	0	0	0	2	0	133	37	0	1	0	1	0	20	197	13	0	1	0	2	0	69	162	0	2	0	0	4	0	128	116	0	4	0	1	0	1	191	56	0	2	0	2	0	46	131	0	2	0	0	0	0	0	0	1	0	0	0	
0	0	2	8	0	0	0	0	1	0	14	154	153	61	0	0	0	0	2	0	42	219	36	0	0	1	0	114	163	115	0	1	0	3	0	143	130	0	3	0	0	21	94	56	171	0	2	0	0	6	109	186	114	0	2	0	0	0	0	3	1	0	0	0	
0	0	0	9	38	0	0	0	0	3	0	108	213	49	0	2	0	0	2	21	73	118	0	4	0	0	3	0	97	107	0	4	1	0	44	128	237	84	0	3	0	12	201	230	148	155	52	0	0	0	85	67	0	43	63	0	0	0	0	0	3	2	0	0	
0	0	0	0	0	0	0	0	1	0	10	106	122	86	1	0	1	0	16	131	19	34	2	0	2	0	42	153	63	13	0	1	2	0	58	122	108	123	0	2	0	0	4	0	4	146	10	0	2	0	56	101	125	97	0	2	0	0	6	57	43	0	0	0	
0	0	0	3	1	0	0	0	2	0	44	175	135	22	0	1	1	0	12	39	163	81	0	3	1	0	19	197	221	88	0	3	0	0	4	9	20	143	0	1	0	30	46	6	143	126	0	3	0	43	184	183	144	10	0	1	0	0	2	3	0	1	0	0	
0	0	1	1	1	1	0	0	0	1	0	33	7	21	6	0	2	0	38	134	21	99	0	1	4	0	118	55	91	108	0	0	2	0	37	146	195	69	0	0	0	3	0	110	72	0	2	0	0	1	0	122	18	0	1	0	0	1	0	49	29	0	1	0	
0	0	0	0	0	0	0	0	0	0	1	4	0	69	23	0	1	0	32	80	0	149	14	0	3	0	81	68	44	120	0	3	3	0	103	134	167	40	0	2	0	1	0	25	136	0	1	0	0	2	0	97	66	0	2	0	0	0	0	25	4	0	0	0	
0	0	0	4	1	0	3	0	0	0	2	0	7	4	0	12	0	0	0	127	140	0	115	103	0	0	167	187	64	154	154	0	0	11	222	170	232	189	4	0	1	0	9	177	167	0	2	1	2	0	73	150	12	0	2	0	0	0	28	4	1	1	0	0	
0	0	0	0	0	0	3	0	0	0	0	1	15	97	113	0	0	2	0	72	157	136	24	0	0	2	0	121	46	0	2	0	0	3	0	26	113	0	2	0	0	31	110	3	116	16	0	0	1	0	88	169	93	0	2	0	0	0	0	6	1	0	0	0	
0	0	2	0	1	0	0	0	0	0	0	17	9	0	0	0	3	0	82	193	121	0	0	0	0	7	153	0	90	77	0	2	0	0	114	125	175	150	0	3	0	0	8	52	22	122	15	0	0	0	1	3	0	102	66	0	0	0	0	3	0	35	64	0	
0	0	0	0	55	6	0	0	0	1	0	22	144	0	0	0	0	3	0	94	85	0	3	0	1	0	10	152	9	31	1	0	3	0	76	69	97	160	0	3	3	0	73	157	165	29	0	1	0	0	0	55	23	0	1	0	0	0	0	0	2	2	0	0	
0	0	1	1	0	0	0	0	0	1	0	9	81	116	22	0	1	0	27	176	164	78	2	0	1	0	27	182	36	0	1	0	0	1	0	32	150	40	0	2	0	0	3	0	107	98	0	4	1	0	92	118	142	14	0	1	1	0	31	54	9	0	0	0	
0	0	0	0	0	0	0	0	0	0	21	29	28	6	0	0	2	0	133	184	188	167	0	2	0	0	4	0	145	126	0	4	0	1	0	34	200	17	0	1	0	3	0	154	107	0	3	0	2	0	56	183	0	1	0	0	3	0	87	78	0	3	0	0	
0	0	2	1	0	0	0	0	0	1	0	17	60	19	0	1	2	0	63	110	110	65	0	3	0	12	150	39	140	44	0	2	0	1	106	77	131	51	0	2	0	0	3	0	110	34	0	1	0	0	5	0	123	52	0	2	0	0	2	0	55	41	0	1	
0	0	0	1	0	1	0	0	0	1	0	5	132	60	0	2	0	3	0	101	123	109	14	0	0	3	0	98	107	134	3	0	0	1	0	168	166	1	0	1	3	0	75	179	97	0	4	0	4	0	85	194	53	0	2	0	0	0	6	38	0	0	0	0	
0	0	0	0	0	0	0	0	0	0	5	68	74	9	0	0	2	0	50	97	121	137	0	3	1	0	20	79	156	43	0	2	2	0	76	127	151	20	0	1	0	0	1	0	145	26	0	1	1	0	31	132	120	0	2	0	2	0	39	118	11	0	1	0	
0	0	0	1	0	0	0	0	0	1	0	19	82	19	0	1	0	0	0	122	113	149	0	1	1	0	15	117	124	108	0	2	0	2	0	79	186	0	1	0	0	3	0	112	91	0	3	0	1	0	23	150	4	0	0	0	1	0	31	53	0	2	0	0	
0	0	0	0	0	1	0	0	0	0	38	0	28	36	0	1	0	3	111	0	38	103	0	3	0	46	90	0	27	137	13	0	0	124	102	58	102	173	40	0	0	58	75	40	55	105	0	3	0	0	1	0	27	123	0	2	0	2	3	1	5	17	0	0	
0	0	0	2	0	0	0	0	0	0	3	0	84	206	62	0	0	1	0	129	178	168	133	0	3	0	117	178	0	105	86	0	0	19	167	4	16	188	24	0	0	52	153	63	199	100	0	3	0	11	164	205	72	0	2	0	0	0	0	0	0	2	0	0	
0	0	1	0	3	4	0	0	0	1	0	63	127	126	0	0	3	0	92	137	143	124	0	0	4	0	113	169	102	0	2	0	1	0	2	222	140	0	2	0	1	0	10	190	173	107	0	4	0	2	0	97	178	81	0	3	0	0	0	1	9	0	0	0	
0	0	0	0	1	0	0	0	0	0	2	0	60	63	0	2	0	0	1	0	190	80	0	3	0	2	0	48	189	0	0	1	0	3	0	139	103	0	3	0	2	0	32	205	17	0	1	0	3	0	89	135	0	3	0	0	1	0	19	13	0	0	0	0	
0	0	1	1	0	0	0	0	0	1	0	19	132	154	86	0	0	1	1	209	210	56	215	44	2	0	155	185	10	0	181	57	0	89	209	8	0	92	171	0	0	156	102	14	138	191	35	0	0	108	220	180	122	11	0	1	0	5	44	7	0	2	2	0	
0	0	1	0	31	19	0	1	0	1	0	18	228	156	0	3	0	0	1	0	25	143	0	0	0	0	3	64	129	142	0	3	2	0	101	175	255	159	0	2	0	24	191	171	87	85	30	0	0	0	110	81	0	4	2	0	0	0	0	0	2	1	0	0	
0	0	0	7	4	0	0	0	0	8	139	169	155	40	0	2	0	64	131	0	143	76	0	3	0	2	0	65	143	0	2	0	1	0	13	156	19	0	15	5	3	0	84	118	0	67	140	5	2	0	52	163	138	138	44	0	0	0	0	8	5	0	0	0	
0	1	0	31	39	0	0	0	0	1	0	119	189	92	0	2	0	1	0	0	67	146	0	2	0	2	0	54	222	118	0	3	0	29	11	0	39	135	0	2	0	105	152	74	188	83	0	3	0	7	127	149	57	0	1	0	0	0	0	0	0	2	0	0	
0	0	0	0	2	0	0	0	0	0	24	25	0	0	0	0	0	37	157	81	66	0	0	0	0	8	113	69	232	42	0	2	2	0	36	123	146	67	0	3	0	0	5	0	115	67	0	3	0	0	5	0	119	76	0	3	0	0	2	0	44	67	0	2	
0	0	1	0	0	1	0	0	1	0	16	61	0	57	38	0	4	0	122	162	0	174	54	0	2	0	191	49	42	196	0	0	3	0	165	177	210	134	0	3	1	0	0	147	203	0	1	0	0	0	1	155	53	0	2	0	0	0	10	30	0	1	0	0	
0	0	0	0	0	9	2	0	0	2	0	64	145	128	13	0	1	0	15	184	143	74	0	2	0	0	11	43	43	132	32	0	0	1	0	3	0	70	70	0	0	120	126	28	0	116	40	0	0	17	115	160	165	98	0	2	0	0	0	2	8	0	1	0	
0	0	0	0	2	1	0	0	0	0	0	2	0	21	89	12	0	2	0	50	190	194	107	0	0	3	0	89	171	22	0	1	0	9	0	61	97	0	5	0	0	82	120	40	156	0	2	0	0	1	109	178	103	0	2	0	0	0	0	13	2	0	0	0	
0	0	3	1	0	0	0	0	0	0	0	3	17	2	0	0	0	0	88	113	172	62	0	3	0	2	49	4	97	53	0	2	0	0	0	3	124	7	0	0	0	1	0	32	106	0	2	0	0	3	0	88	64	0	2	0	0	2	0	83	23	0	1	0	
0	0	2	0	48	78	0	2	0	0	1	0	180	97	0	3	0	3	0	132	171	0	2	0	1	0	24	216	27	76	42	0	4	0	123	108	73	255	49	0	4	0	149	188	230	102	0	2	1	0	25	94	56	0	1	0	0	0	0	0	0	3	0	0	
0	0	1	13	6	0	0	0	0	12	116	127	136	46	0	2	0	12	40	0	67	140	0	3	0	0	2	0	132	58	0	2	0	3	0	86	118	0	2	0	2	0	39	165	19	76	53	0	3	0	68	161	114	84	11	0	0	0	0	1	0	0	0	0	
0	0	0	0	0	0	0	0	0	1	15	5	2	0	0	0	0	9	189	202	215	175	0	0	0	0	22	20	185	146	0	3	0	1	0	35	190	16	0	1	0	3	0	134	116	0	4	0	1	0	27	203	19	0	1	0	3	0	70	92	0	2	0	0	
0	0	0	0	0	0	0	0	0	0	0	12	18	0	0	0	2	0	41	157	143	36	0	2	1	0	20	75	106	47	0	2	0	0	0	15	129	2	0	0	0	2	0	57	108	0	3	0	0	3	0	112	59	0	2	0	0	1	0	103	20	0	1	0	
0	0	0	0	0	7	2	0	0	1	0	8	156	143	0	1	0	3	0	118	88	66	3	0	0	3	0	110	154	71	0	1	0	2	0	138	180	0	2	0	3	0	70	183	136	0	2	0	3	0	69	182	49	0	2	0	0	0	0	4	0	0	0	0	
0	0	0	0	0	0	0	0	0	2	0	53	61	0	2	0	0	3	0	78	93	0	3	0	0	2	0	54	87	0	3	0	0	2	0	67	84	0	3	0	0	3	0	97	76	0	3	0	0	2	0	75	56	0	2	0	0	0	0	0	0	0	0	0	
0	0	1	2	0	0	0	0	0	0	1	0	127	220	44	0	0	1	0	180	187	180	85	0	3	0	115	207	0	163	58	0	0	24	218	24	60	205	0	0	0	66	202	59	220	88	0	3	0	3	154	206	83	0	2	0	0	0	0	0	0	2	0	0	
0	0	0	0	1	3	0	0	0	1	23	18	3	0	1	0	0	60	178	140	155	78	0	2	0	8	4	16	102	194	20	1	0	2	0	65	225	154	88	0	0	3	0	103	110	0	3	0	2	0	34	171	4	2	3	0	2	0	41	66	0	2	0	0	
0	0	0	1	5	0	0	0	0	2	0	86	177	92	0	1	0	0	0	10	66	193	4	0	0	3	0	86	221	67	0	3	0	0	1	0	39	104	0	3	0	34	95	1	129	105	0	3	0	10	153	187	111	0	0	0	0	0	1	4	0	1	0	0	
0	0	1	0	2	5	0	0	0	4	119	81	90	19	0	1	2	0	126	65	38	41	0	0	2	0	40	141	95	120	77	0	0	80	19	7	0	34	128	0	0	79	113	0	0	104	79	0	1	0	82	119	117	94	0	0	0	1	0	9	11	0	1	0	
0	0	0	0	0	1	0	0	0	0	1	4	0	17	36	0	1	0	7	174	7	139	116	0	3	0	100	175	43	215	9	0	2	0	55	161	234	105	0	3	0	3	0	102	183	0	1	0	2	0	35	196	29	0	1	0	2	0	42	52	0	2	0	0	
0	0	0	0	0	0	0	0	3	0	68	136	0	19	0	1	4	0	100	163	62	166	0	3	4	0	133	133	63	186	0	3	3	0	146	55	71	178	0	3	4	0	154	199	182	195	4	0	1	0	46	34	49	88	0	3	0	0	0	0	0	0	0	0	
0	0	0	2	2	0	0	0	0	0	0	0	5	60	90	18	0	2	0	59	174	159	92	10	0	5	0	147	96	0	3	0	0	3	0	101	104	0	7	0	0	39	38	87	130	0	4	0	0	31	182	174	35	0	2	0	0	0	9	9	0	0	0	0	
0	0	0	10	46	18	0	1	0	1	0	22	245	135	0	4	0	0	1	0	152	121	0	3	0	3	3	3	1	166	21	0	0	0	3	0	80	182	0	1	24	135	72	114	226	55	0	3	0	61	128	147	42	0	2	0	0	0	0	0	1	2	0	0	
0	0	0	0	3	25	0	0	0	0	3	0	91	127	0	3	0	1	0	25	161	15	0	1	0	3	0	120	116	87	3	0	1	0	30	186	163	147	0	1	3	0	65	250	143	18	0	1	0	0	7	81	9	0	1	0	0	0	0	0	1	1	0	0	
0	0	0	0	0	1	0	0	0	0	35	6	2	8	2	0	0	6	153	9	0	136	22	0	0	29	198	68	120	191	1	0	0	7	102	99	148	155	0	4	0	0	4	0	105	130	0	4	0	0	7	0	100	136	0	4	0	0	1	0	29	57	0	2	
0	0	0	0	0	0	0	0	0	0	2	9	13	8	0	0	0	0	154	204	216	149	0	3	0	0	33	13	142	118	0	4	0	1	0	12	179	22	0	1	0	4	0	110	140	0	3	0	1	0	24	169	21	0	1	0	3	0	89	100	0	3	0	0	
0	0	0	0	0	0	0	0	0	0	101	126	118	14	0	1	0	2	47	27	170	24	0	1	0	3	0	85	135	0	3	1	1	0	14	143	20	0	2	0	2	0	168	160	104	134	127	59	0	2	111	94	48	12	14	18	0	0	0	0	0	0	0	0	
0	0	1	0	2	3	1	0	0	2	0	63	199	34	0	9	1	0	21	195	63	7	109	14	2	0	38	163	42	164	66	0	1	0	1	213	189	29	0	2	4	0	100	212	122	0	6	0	2	0	59	201	85	0	2	0	0	0	0	2	0	0	0	0	
0	0	0	0	0	0	0	0	0	2	0	49	83	0	2	0	0	2	0	51	105	0	3	0	0	2	0	63	114	0	3	0	0	3	0	92	114	0	4	0	0	3	0	116	71	0	3	0	0	3	0	108	36	0	1	0	0	0	0	0	1	0	0	0	
0	0	1	1	0	0	0	0	0	1	0	19	90	44	0	1	1	0	11	129	113	125	10	1	3	0	86	134	111	102	0	3	1	0	6	112	192	3	8	0	0	2	0	135	54	0	15	0	3	0	75	140	0	5	25	0	2	0	51	29	0	1	0	0	
0	2	4	3	2	3	0	0	0	0	0	0	0	0	0	0	0	64	121	150	163	114	4	0	0	38	69	53	54	192	8	0	0	0	3	0	119	102	0	3	0	3	0	34	177	3	0	1	0	3	0	116	99	0	3	0	0	3	0	140	55	0	2	0	
0	0	1	0	21	12	0	0	0	0	0	0	161	31	0	1	0	2	0	71	136	0	3	0	0	2	0	148	46	0	2	0	1	0	17	155	83	117	0	3	0	0	3	140	221	63	0	3	0	0	0	3	62	2	0	0	0	0	0	2	1	2	0	0	
0	0	0	2	0	0	0	0	0	2	0	71	52	0	2	0	0	2	0	63	80	0	3	0	0	2	0	63	86	0	3	0	0	3	0	73	92	0	3	0	0	3	0	76	89	0	3	0	0	2	0	60	58	0	2	0	0	0	0	0	0	0	0	0	
0	0	0	2	0	1	0	0	0	1	0	28	218	91	0	3	0	3	0	125	233	191	4	0	2	0	37	210	33	187	25	0	4	0	147	139	23	197	3	0	0	0	219	109	186	110	0	3	0	5	178	206	105	0	1	0	0	0	0	0	0	2	0	0	
0	0	1	1	0	1	0	0	0	1	0	31	80	17	0	1	2	0	50	135	100	112	0	2	1	0	134	8	50	158	0	3	2	0	141	80	154	99	0	3	1	0	19	76	169	13	0	1	0	1	0	17	143	1	0	0	0	0	0	12	52	0	1	0	
0	0	0	0	3	0	0	0	1	0	17	127	169	86	0	2	3	0	86	111	83	163	0	3	0	4	0	34	224	86	0	3	0	0	1	0	63	163	0	3	3	86	10	12	161	111	0	3	0	107	162	153	99	0	0	0	0	0	9	4	0	2	0	0	
0	0	0	0	1	0	0	0	0	1	0	31	82	0	2	0	0	2	0	62	90	0	3	0	0	3	0	79	91	0	3	0	0	3	0	70	130	0	3	0	0	1	0	23	152	0	0	0	0	0	0	8	113	3	0	0	0	0	0	0	1	0	0	0	
0	0	0	1	0	0	0	0	0	0	1	0	0	40	6	0	1	0	13	129	22	178	10	0	3	0	85	147	75	138	0	4	3	0	64	149	203	103	0	4	0	2	0	64	178	0	1	0	0	2	0	133	69	0	2	0	0	0	0	75	10	0	0	0	
0	0	0	0	0	1	0	0	0	3	21	14	13	0	0	0	0	2	141	180	184	151	0	1	0	0	6	0	121	168	0	3	0	1	0	6	216	66	0	3	0	3	0	86	199	0	1	0	0	4	0	132	97	0	3	0	0	2	0	58	41	0	1	0	
0	0	0	0	0	0	0	0	0	0	1	0	96	35	0	1	0	1	0	8	197	34	0	2	0	2	0	51	193	0	0	0	0	4	0	119	145	0	3	0	0	0	0	188	59	0	2	0	3	0	65	157	0	2	0	0	1	0	16	15	0	0	0	0	
0	0	3	0	0	0	0	0	0	2	0	42	85	60	0	0	1	0	105	134	74	109	0	0	0	80	131	0	58	113	0	2	0	111	112	91	187	127	0	4	0	14	96	34	103	75	7	0	0	0	2	0	144	121	30	0	0	1	5	0	62	57	0	1	
0	0	1	2	1	1	0	0	0	0	0	0	1	81	8	0	1	0	14	107	40	165	0	1	4	0	109	144	111	124	0	4	3	0	79	180	224	69	0	2	0	2	0	71	161	0	2	0	0	2	0	142	66	0	2	0	0	0	1	26	2	0	0	0	
0	0	1	0	0	0	0	0	0	0	3	6	0	94	18	0	2	0	42	62	0	133	14	0	1	0	156	45	30	138	0	2	0	2	143	135	177	95	0	4	0	0	6	1	132	50	0	2	0	0	4	0	121	27	0	1	0	0	0	0	0	0	0	0	
0	0	0	1	0	1	1	0	0	0	2	0	164	134	0	3	0	3	0	77	255	200	0	0	1	0	20	221	108	206	27	0	3	0	156	164	21	231	20	0	0	16	248	99	171	179	0	2	0	7	152	195	157	22	0	1	0	0	0	0	0	1	0	0	
0	1	0	19	31	0	1	0	1	0	27	186	202	38	0	2	3	0	162	95	67	122	0	4	0	0	22	0	79	119	0	4	0	0	6	48	184	47	0	2	4	0	92	255	221	161	49	0	2	0	48	117	11	78	35	0	0	0	0	0	0	0	0	0	
0	0	0	1	0	0	0	0	0	0	0	3	124	176	9	0	0	3	0	111	126	63	8	0	0	1	0	130	49	91	11	0	0	1	0	174	141	19	0	1	3	0	86	232	33	0	2	0	3	0	137	159	9	0	1	0	0	0	1	3	0	0	0	0	
0	1	0	25	56	4	0	0	2	0	69	157	120	125	1	0	2	0	54	36	0	107	92	0	0	5	40	37	0	64	129	0	0	123	113	127	104	123	66	0	0	150	91	44	188	240	67	0	0	10	100	126	62	24	44	0	0	1	0	0	0	0	0	0	
0	0	2	0	47	42	0	2	0	1	0	19	161	27	0	1	0	3	0	130	83	0	3	0	2	0	49	154	0	66	16	0	3	0	149	61	135	230	8	0	3	0	117	198	182	38	0	2	0	0	0	49	11	0	1	0	0	0	1	0	3	2	0	0	
0	2	4	3	2	2	0	0	0	0	0	0	0	0	0	0	4	42	94	124	163	42	0	2	36	124	104	24	99	123	0	4	0	0	2	0	58	111	0	4	0	3	7	0	95	99	0	4	0	0	4	0	107	97	0	4	0	0	3	0	92	66	0	3	
0	0	0	2	0	16	3	0	0	0	3	0	49	221	43	0	0	2	0	44	207	167	87	0	1	0	11	218	80	139	96	0	6	0	161	170	10	182	20	0	0	47	251	100	174	102	0	3	0	23	135	146	78	0	1	0	0	0	0	0	0	1	0	0	
0	0	1	1	0	1	0	0	0	2	0	33	185	199	43	0	1	0	8	205	93	92	146	0	2	0	178	168	0	69	176	0	0	45	229	22	0	190	85	0	0	52	211	83	215	139	0	2	0	2	165	203	78	0	3	0	0	0	0	0	0	2	0	0	
0	0	1	0	0	0	0	0	0	0	0	0	17	20	1	0	2	0	55	187	134	200	23	0	1	0	24	26	62	152	0	2	0	0	0	0	177	52	0	2	0	3	0	108	132	0	3	0	1	0	33	172	9	0	0	0	3	0	88	90	0	3	0	0	
0	2	4	3	3	4	1	0	0	0	0	0	0	0	0	0	0	43	145	178	164	129	24	0	0	181	148	57	63	236	76	0	4	31	2	0	62	208	11	0	0	1	3	1	200	80	0	3	0	5	0	102	182	0	2	0	0	2	0	169	52	0	2	0	
0	0	0	0	0	8	2	0	0	0	2	0	99	140	38	0	0	1	0	19	179	21	12	0	0	2	0	54	222	162	27	0	3	0	103	171	208	52	0	2	0	12	173	59	184	5	0	0	1	0	109	188	75	0	2	0	0	0	2	6	0	0	0	0	
0	0	0	0	0	0	0	0	0	0	6	11	33	13	0	1	1	0	61	109	180	16	0	1	0	0	4	19	140	4	0	0	2	0	74	149	211	72	0	2	0	1	0	16	140	2	0	0	0	0	0	12	120	0	0	0	0	0	0	6	33	0	1	0	
0	0	2	0	0	0	0	0	0	0	1	7	21	6	0	0	2	0	142	234	203	176	0	1	0	1	133	64	104	197	0	2	0	1	0	0	208	97	0	3	0	4	0	130	199	0	1	0	2	0	60	228	41	0	2	0	3	0	127	110	0	3	0	0	
0	0	1	0	0	0	0	0	0	0	3	76	126	95	0	2	3	0	116	142	121	194	6	0	1	0	175	211	246	108	0	1	0	4	159	107	95	159	62	0	0	31	130	0	0	144	125	0	0	5	157	160	159	116	0	0	1	0	21	51	18	0	1	0	
0	0	0	0	0	0	0	0	1	0	51	79	69	35	0	1	2	0	79	144	148	218	18	0	0	0	3	0	102	196	0	0	0	2	0	51	236	40	0	2	1	0	0	209	123	0	3	0	2	0	139	140	0	3	0	0	0	8	85	9	0	1	0	0	
0	0	2	1	0	1	1	0	0	2	0	25	93	27	0	1	2	0	46	185	111	173	24	0	0	9	170	38	24	179	13	0	0	55	185	95	213	133	0	4	0	0	63	57	102	82	0	3	0	0	4	0	131	107	0	2	0	0	4	0	46	76	0	1	
0	0	1	1	0	0	0	0	0	1	0	37	91	28	0	1	2	0	49	172	110	159	5	0	4	0	107	151	89	142	0	2	1	0	0	138	246	31	0	2	0	3	0	146	115	0	3	0	2	0	58	184	1	1	0	0	2	0	52	51	0	2	0	0	
0	0	0	0	1	1	0	0	0	7	111	136	67	0	2	0	0	20	109	224	166	0	2	0	3	0	59	209	196	154	0	1	1	0	27	31	0	144	38	0	0	3	18	0	20	147	10	0	1	0	136	182	168	67	0	3	0	0	7	55	25	0	1	0	
0	0	0	2	0	0	0	0	0	0	4	0	105	194	20	0	0	3	0	81	255	252	44	0	3	0	70	239	71	208	72	0	0	9	213	85	0	227	61	0	0	88	238	18	151	198	2	0	0	30	182	204	144	13	0	1	0	0	0	1	0	2	1	0	
0	0	2	1	0	0	0	0	0	1	1	0	17	20	0	1	2	0	73	24	71	80	0	3	0	22	202	79	147	103	7	0	0	76	91	20	184	146	30	0	0	0	2	0	130	33	0	1	0	2	0	18	157	4	1	0	0	1	0	17	69	0	1	0	
0	0	1	0	1	1	0	0	0	1	0	33	3	35	24	0	1	0	25	165	15	191	44	0	4	0	149	113	92	124	0	4	2	0	118	196	246	126	0	0	0	4	0	135	148	6	2	0	2	0	42	182	9	0	1	0	2	0	55	67	0	3	0	0	
0	0	1	0	0	1	0	0	2	0	38	211	150	5	0	1	2	0	167	230	250	165	0	2	0	15	223	34	24	243	70	0	0	16	211	29	0	200	83	0	0	9	235	159	152	215	11	0	2	0	94	232	203	58	0	2	0	0	0	0	0	1	1	0	
0	0	1	1	0	1	0	0	0	1	0	32	83	8	0	1	2	0	31	167	133	105	0	3	3	0	141	55	62	129	0	3	2	0	105	153	219	36	0	2	0	1	0	69	162	0	2	0	0	4	0	123	94	0	3	0	0	1	0	54	15	0	0	0	
0	0	0	1	10	1	0	0	1	0	4	125	161	102	0	2	0	0	4	10	69	161	0	2	1	0	30	159	213	37	0	2	0	0	39	29	82	111	0	3	0	74	101	0	110	113	0	4	0	43	149	154	150	17	0	1	0	0	1	8	1	0	0	0	
0	0	0	1	0	0	0	0	0	1	0	16	87	26	0	1	0	2	0	111	135	92	0	3	1	0	33	102	74	96	0	3	1	0	8	121	197	40	0	2	0	1	0	25	149	0	0	0	0	3	0	96	120	0	3	0	0	2	0	56	27	0	1	0	
0	0	0	0	0	0	0	0	0	35	80	84	83	77	66	9	0	40	189	107	74	72	53	5	0	16	165	21	7	0	0	0	1	0	96	123	118	130	28	0	0	12	11	0	0	33	155	0	0	24	116	83	77	126	88	0	1	0	27	82	91	47	0	1	
0	0	0	3	0	0	0	0	0	0	0	0	9	13	0	0	0	0	0	114	170	159	0	3	1	0	34	149	101	91	0	3	0	0	0	16	156	11	0	1	0	3	0	112	107	0	3	0	1	0	13	165	14	0	1	0	2	0	50	88	0	2	0	0	
0	0	0	0	1	0	0	0	0	0	0	2	3	5	86	95	0	0	4	0	108	197	115	72	0	2	0	124	200	37	0	2	3	0	67	255	183	0	5	3	4	0	165	255	125	0	2	0	3	0	138	175	5	0	1	0	0	0	0	0	2	0	0	0	
0	0	0	1	0	0	0	0	0	0	2	0	164	88	0	3	0	3	0	117	255	176	0	1	2	0	48	220	62	189	15	0	2	0	175	84	21	183	4	0	0	22	204	19	159	86	0	3	1	0	121	180	136	10	0	1	0	0	1	4	0	0	0	0	
0	1	4	2	0	0	0	0	0	0	0	0	15	4	0	0	0	30	113	126	173	85	0	3	0	29	93	5	75	91	0	3	0	1	0	24	152	117	0	3	0	1	3	90	191	41	0	1	0	0	0	1	139	11	0	0	0	0	0	0	110	18	0	1	
0	0	0	2	0	0	0	0	0	0	1	0	23	66	85	11	0	3	0	73	186	158	141	19	0	1	1	146	21	0	1	0	0	1	0	131	38	0	5	1	0	41	0	103	89	0	3	0	0	79	163	143	8	0	1	0	0	0	16	11	0	0	0	0	
0	0	1	3	0	0	0	0	0	0	2	96	7	0	0	0	0	3	0	106	73	0	3	0	0	3	0	75	100	0	3	0	0	3	0	77	142	0	4	0	0	1	0	23	151	0	0	0	0	0	0	5	112	5	0	0	0	0	0	0	0	0	0	0	
0	0	0	0	0	1	0	0	0	1	0	17	174	146	27	0	0	3	0	84	177	19	56	0	0	2	0	34	197	93	0	0	0	0	0	93	244	67	0	2	1	0	173	255	161	0	3	0	1	0	119	199	34	0	1	0	0	0	0	0	1	0	0	0	
0	0	0	37	50	1	0	0	3	0	74	132	117	55	0	2	0	0	10	0	19	104	0	2	0	0	7	50	90	90	0	3	2	0	91	177	216	17	0	1	1	0	162	144	74	111	24	0	1	0	47	26	0	67	86	0	0	0	0	1	3	0	0	0	
0	0	0	3	2	0	0	0	0	0	0	0	0	88	81	0	0	1	0	63	182	181	44	0	1	0	15	220	106	0	1	0	1	0	8	154	12	0	2	0	0	9	0	138	65	0	2	0	0	18	158	218	49	0	2	0	1	0	25	35	0	0	0	0	
0	0	1	0	0	0	0	0	0	0	0	13	35	13	0	0	2	0	37	126	133	176	0	0	0	0	11	0	100	111	0	3	0	1	0	33	166	4	0	1	0	3	0	128	81	0	3	0	1	0	34	158	3	0	0	0	3	0	68	68	0	2	0	0	
0	0	1	0	0	1	0	0	0	1	0	53	76	3	0	0	2	0	50	209	129	131	0	2	3	0	96	136	63	207	0	0	1	0	13	122	247	106	0	3	0	3	0	76	195	0	0	1	0	1	0	181	87	0	3	0	0	0	2	88	23	0	1	0	
0	1	1	0	1	0	0	0	0	0	2	0	51	41	0	2	0	13	27	0	148	88	0	3	0	51	111	7	234	92	0	4	0	7	180	194	126	86	0	4	1	0	22	10	84	96	0	4	0	1	4	0	90	100	0	4	0	0	2	0	13	12	0	0	
0	0	0	0	0	0	0	0	0	2	0	68	141	69	0	1	1	0	9	179	74	204	25	0	0	1	0	114	165	182	1	0	0	3	0	112	242	17	0	1	2	0	72	131	128	8	0	0	3	0	154	175	65	0	2	0	0	0	9	49	5	0	0	0	
0	0	0	0	1	1	0	0	0	0	44	14	1	36	0	0	0	11	187	6	46	124	0	2	0	12	218	144	182	136	0	3	1	0	59	142	215	61	0	2	0	1	0	22	185	10	0	1	0	1	0	27	199	22	0	1	0	0	0	0	74	17	0	1	
0	0	0	0	0	0	0	0	0	1	0	34	127	74	0	1	0	0	4	173	46	123	18	0	0	0	5	126	108	105	0	0	0	4	0	126	191	0	1	0	1	0	30	50	79	1	0	0	3	0	110	144	103	0	2	0	0	0	8	57	12	0	1	0	
0	1	4	3	0	0	0	0	0	0	0	0	6	14	0	0	0	37	118	114	172	164	0	2	0	17	68	31	112	101	0	4	0	0	2	0	147	41	0	2	0	1	0	21	158	1	0	0	0	2	0	59	153	0	2	0	0	1	0	19	142	17	0	1	
0	0	1	1	0	2	1	0	0	0	5	2	4	1	0	0	1	0	181	200	145	146	15	0	0	16	153	61	22	201	25	0	0	0	3	0	146	134	0	4	0	2	0	44	201	16	0	1	1	0	0	182	73	0	3	0	2	0	50	114	0	3	0	0	
0	0	1	0	0	1	0	0	0	0	7	57	44	4	0	0	2	0	71	72	12	15	0	0	2	0	91	7	65	111	0	3	2	0	41	84	83	80	0	2	0	0	1	0	37	66	0	2	0	0	3	0	51	70	0	3	0	0	1	0	19	33	0	1	
0	0	0	1	0	0	0	0	0	0	0	3	17	32	83	38	0	2	0	61	147	126	98	28	1	0	20	126	0	0	0	0	2	0	37	124	0	3	4	1	0	25	8	80	32	0	1	0	0	35	151	116	2	0	0	0	0	0	24	15	0	1	0	0	
0	0	1	2	0	1	1	0	0	1	0	9	183	93	0	3	1	0	9	194	208	225	34	0	1	0	171	155	0	190	161	0	0	102	192	0	0	190	159	0	0	143	142	18	183	190	8	0	0	46	171	184	121	2	0	1	0	0	0	0	0	2	1	0	
0	0	2	0	53	44	0	2	0	0	3	0	144	59	0	2	0	2	0	45	122	0	2	0	0	3	0	112	93	11	0	1	0	0	4	160	185	141	0	4	1	0	21	213	171	66	0	3	0	0	3	65	51	0	0	0	0	0	0	0	0	1	0	0	
0	0	1	0	14	36	0	0	0	1	0	28	192	107	0	2	1	0	11	187	73	0	2	0	4	0	119	199	98	77	0	1	0	0	198	145	37	123	80	0	0	5	177	50	34	181	45	0	1	0	13	94	143	58	0	2	0	0	0	0	0	0	1	0	
0	0	0	1	0	2	5	0	0	0	0	0	66	176	70	0	0	3	0	75	227	55	0	1	0	4	0	130	113	0	4	0	0	3	0	88	128	0	4	0	0	15	50	79	160	0	3	0	0	0	134	183	51	0	2	0	0	0	2	4	0	0	0	0	
0	0	2	3	1	0	0	0	0	0	0	0	133	29	0	1	2	0	68	71	145	40	0	1	2	0	121	129	153	23	0	1	1	0	128	9	104	67	2	0	2	0	67	116	173	130	0	0	0	0	1	12	69	52	0	2	0	0	1	0	0	3	0	0	
0	0	0	0	5	1	0	0	0	2	0	76	185	92	0	3	0	0	0	8	70	119	0	3	0	3	0	55	191	44	0	2	0	2	0	40	166	81	0	3	0	27	54	22	161	54	0	2	0	29	177	181	73	0	2	0	0	0	3	1	0	1	0	0	
0	0	1	0	0	1	0	0	1	0	8	84	51	0	1	0	2	0	161	207	222	94	0	3	1	0	201	154	208	180	0	3	1	0	31	79	202	154	0	4	0	2	0	46	226	47	0	2	3	0	52	252	95	0	3	0	2	0	41	85	0	2	0	0	
0	0	0	0	0	0	0	0	0	1	0	20	121	105	0	1	0	2	0	114	83	143	21	0	0	1	0	118	51	131	21	0	0	3	0	110	223	51	0	2	2	0	69	121	148	12	0	0	3	0	126	153	85	0	1	0	0	0	10	44	2	0	0	0	
0	0	0	0	32	5	0	0	0	3	0	106	191	3	0	0	1	0	0	205	54	0	2	0	2	0	41	182	61	83	9	0	4	0	85	238	146	225	105	0	3	0	81	232	143	195	44	0	0	0	0	85	124	23	0	1	0	0	0	0	0	1	2	0	
0	0	0	0	1	0	0	0	0	0	2	0	109	47	0	2	0	0	0	0	167	32	0	1	0	1	0	40	171	0	1	0	0	4	0	117	122	0	4	0	0	0	0	173	35	0	1	0	2	0	43	115	0	2	0	0	0	0	1	2	0	0	0	0	
0	0	2	0	0	0	0	0	0	1	0	47	80	29	0	1	0	0	151	227	238	243	29	0	0	41	239	53	208	193	0	1	0	24	215	226	255	124	0	4	1	0	48	72	204	182	0	3	0	1	4	0	171	207	0	2	0	0	4	0	53	52	0	1	
0	0	0	0	2	32	1	0	0	0	2	0	58	137	0	2	0	0	0	4	155	34	0	1	0	3	0	105	124	0	2	0	1	0	26	205	209	63	0	3	4	0	79	255	159	14	0	1	1	0	23	72	3	0	0	0	0	0	0	0	1	1	0	0	
0	1	1	0	0	1	0	0	0	0	4	22	34	8	0	0	0	73	147	132	146	135	2	0	0	14	13	0	15	162	7	0	0	0	4	0	117	106	0	3	0	2	0	53	167	3	0	1	0	0	0	153	40	0	1	0	1	0	34	112	0	3	0	0	
0	0	0	1	0	0	0	0	0	0	1	0	91	130	1	0	0	2	0	87	126	135	60	0	0	1	0	132	45	116	26	0	1	0	2	168	152	18	0	1	0	1	90	147	71	0	4	0	0	11	143	122	26	0	1	0	1	0	35	38	0	1	0	0	
0	0	0	0	0	0	1	0	0	0	0	21	45	35	0	0	2	0	34	175	170	193	137	0	0	0	10	13	5	164	112	0	0	68	210	235	250	198	39	0	0	185	244	113	93	131	50	0	0	10	9	0	0	0	0	0	0	0	1	4	4	4	2	0	
0	0	0	1	0	0	2	1	0	0	0	1	5	88	150	8	0	3	0	62	185	160	47	0	0	2	0	154	41	0	1	0	0	2	0	76	124	0	4	0	0	93	36	59	144	0	2	0	0	36	155	148	23	0	1	0	0	0	5	2	0	0	0	0	
0	1	2	0	0	0	0	0	0	0	6	62	26	0	1	0	0	11	167	153	172	59	0	3	0	87	148	0	204	110	0	4	0	14	138	125	152	132	0	4	1	0	19	7	72	153	0	3	0	1	3	0	58	153	0	3	0	0	2	0	26	62	0	2	
0	0	1	2	0	1	1	0	0	0	0	6	38	13	0	1	1	0	8	137	122	150	16	0	4	0	116	99	59	108	15	0	3	0	68	170	209	15	0	1	0	4	0	120	102	0	4	0	1	0	18	166	15	0	1	0	2	0	61	86	0	2	0	0	
0	0	0	0	0	0	0	0	1	0	27	125	123	50	0	2	0	0	169	111	63	145	9	0	0	8	45	0	14	152	11	0	0	1	0	14	148	62	0	2	1	0	4	185	162	53	11	0	4	0	97	208	110	128	38	0	0	0	15	7	0	0	0	0	
0	0	0	0	0	0	0	0	0	1	0	74	208	157	0	0	1	0	7	155	83	176	43	0	0	1	2	0	37	164	1	0	2	0	52	139	233	130	0	4	0	60	209	222	149	183	48	0	0	54	211	86	0	80	41	0	0	0	0	0	3	2	0	0	
0	0	0	0	0	0	0	0	0	2	0	60	29	0	1	0	0	3	0	113	80	0	3	0	0	3	0	77	71	0	3	0	0	2	0	59	98	0	3	0	0	1	0	32	121	0	3	0	0	0	0	2	117	9	0	0	0	0	0	0	19	5	0	0	
0	1	0	18	51	0	0	0	1	0	2	148	224	74	0	3	1	0	18	44	39	163	0	2	0	1	2	0	61	152	0	3	0	0	55	66	173	74	0	3	0	52	236	235	211	173	25	0	0	17	132	101	0	64	22	0	0	0	0	0	2	0	0	0	
0	0	0	0	5	3	0	0	0	0	0	28	79	59	0	2	0	0	5	36	50	59	0	2	0	0	2	0	82	27	0	1	1	0	24	119	86	0	1	0	3	0	58	187	61	0	3	0	0	0	0	39	56	0	2	0	0	0	0	0	1	0	0	0	
0	0	1	1	2	1	1	0	0	1	0	9	153	198	19	0	0	1	0	198	127	185	111	0	3	0	127	206	0	165	111	0	0	15	207	46	2	204	36	0	0	111	206	62	211	139	0	3	0	95	202	218	137	6	0	1	0	0	0	0	0	1	0	0	
0	0	0	1	0	0	0	0	0	0	0	5	27	4	0	0	0	2	0	72	97	52	0	2	0	0	11	122	120	33	0	1	0	0	2	107	138	0	0	0	0	0	0	6	87	0	0	0	0	1	0	23	92	0	2	0	0	1	0	21	61	0	2	0	
0	0	1	1	0	1	0	0	0	0	0	7	23	1	0	0	0	0	0	133	184	149	32	0	3	0	91	94	71	134	31	0	3	0	59	234	170	31	31	0	0	0	0	179	40	0	10	0	3	0	93	118	0	4	0	0	1	0	117	28	0	1	0	0	
0	0	1	0	0	0	0	0	1	0	30	18	31	35	0	1	3	0	109	28	81	49	0	2	0	0	132	0	84	46	0	2	1	0	136	22	102	65	0	2	2	0	53	135	158	74	0	3	0	0	1	0	37	101	0	2	0	0	2	1	3	27	0	0	
0	0	0	0	0	0	0	0	0	1	0	28	192	100	0	2	0	3	0	149	120	152	16	0	0	1	0	32	79	145	0	2	1	0	20	40	154	58	0	2	0	0	196	255	191	1	0	1	0	0	140	88	110	57	0	2	0	0	0	0	0	0	0	0	
0	0	0	0	0	0	0	0	0	1	56	101	142	84	0	2	0	42	255	195	224	190	0	3	0	9	92	93	242	172	0	3	3	0	106	255	178	213	80	0	3	0	77	185	82	244	116	0	2	0	31	211	219	116	8	0	0	1	0	15	12	0	1	0	
0	0	1	1	1	0	0	0	0	0	1	2	0	127	37	0	1	0	33	101	39	161	0	1	4	0	128	91	131	126	0	4	3	0	132	187	234	82	0	3	0	2	0	155	115	0	3	0	1	0	21	142	5	0	0	0	0	0	2	2	1	0	0	0	
0	0	1	1	0	1	0	0	0	1	0	39	49	0	1	0	1	0	15	159	117	17	0	1	4	0	103	110	130	66	0	3	2	0	44	137	202	25	0	1	0	0	0	2	154	14	0	1	0	0	0	10	142	5	0	0	0	0	0	4	56	0	0	0	
0	0	0	0	0	1	0	0	0	5	75	30	11	3	0	0	0	0	126	184	210	169	0	0	0	0	3	0	143	200	0	2	0	1	2	1	211	74	0	3	0	3	0	98	203	0	1	0	0	1	0	198	98	0	3	0	0	0	0	79	15	0	0	0	
0	0	1	8	0	1	0	0	0	1	0	86	53	0	2	0	0	0	0	0	111	23	0	1	0	2	0	39	120	23	0	1	0	1	0	43	111	0	1	0	0	0	6	0	95	63	0	2	1	0	51	64	82	23	0	1	0	0	0	11	6	0	0	0	
0	0	0	1	1	0	0	0	2	0	41	197	168	31	0	2	0	0	14	28	178	109	0	4	0	3	0	75	228	16	0	1	0	0	1	0	143	86	0	3	0	19	101	73	219	56	0	2	0	0	128	218	78	0	2	0	0	0	0	0	1	1	0	0	
0	0	0	0	0	0	0	0	1	0	21	103	53	0	2	0	1	0	96	60	129	0	2	0	0	2	10	109	174	0	1	0	1	0	29	160	99	87	0	3	0	0	4	0	67	94	0	3	0	1	0	38	148	14	0	1	0	1	0	31	29	0	1	0	
0	0	0	0	0	0	0	0	0	1	0	14	182	29	0	1	0	2	0	50	247	32	0	2	0	3	0	82	255	30	0	2	0	4	0	135	226	4	0	1	0	3	0	186	149	0	4	0	1	0	11	182	51	0	2	0	0	0	0	1	0	0	0	0	
0	0	2	1	0	1	0	0	0	1	0	40	70	2	0	0	2	0	51	190	151	103	0	3	1	0	175	48	30	185	0	1	2	0	151	67	164	153	0	4	2	0	39	98	130	123	0	4	0	0	4	0	122	113	0	4	0	0	3	0	63	34	0	1	
0	0	0	0	0	0	0	0	1	0	13	157	195	43	0	2	1	0	29	62	128	128	0	4	0	3	0	73	227	38	0	2	0	1	0	29	143	103	0	4	0	37	135	17	176	92	0	3	0	27	188	211	131	0	2	0	0	0	1	1	0	1	0	0	
0	1	0	0	0	2	0	0	0	0	0	9	20	1	0	0	0	95	206	178	213	117	0	2	0	30	52	12	43	189	0	0	0	0	3	0	114	133	0	4	0	3	0	31	201	22	0	1	1	0	0	183	81	0	3	0	2	0	39	132	0	2	0	0	
0	0	1	0	25	17	0	1	0	1	0	11	183	37	0	2	0	3	0	152	129	0	4	0	3	0	71	181	0	1	0	0	4	0	158	67	61	206	29	0	3	0	77	203	243	178	10	0	0	0	0	101	35	0	1	0	0	0	2	1	0	2	1	0	
0	0	0	1	4	3	2	1	0	0	1	1	0	0	0	0	0	1	0	30	150	149	141	45	1	0	19	175	105	38	31	11	2	0	42	122	0	1	0	0	0	13	7	158	74	0	4	0	0	29	144	96	1	0	0	0	0	1	3	0	0	0	0	0	
0	0	0	1	2	26	1	0	0	0	3	0	95	180	0	2	0	1	0	23	221	54	0	2	0	3	0	162	133	0	3	0	1	0	23	218	207	69	0	3	3	0	51	255	255	73	0	3	1	0	16	128	58	3	0	0	0	0	0	0	0	0	0	0	
0	0	2	0	0	1	3	0	0	0	0	73	78	15	0	1	1	0	157	214	199	214	87	0	0	66	205	4	0	45	202	24	0	137	120	0	6	0	174	55	0	115	196	22	25	139	137	0	0	5	153	184	155	108	2	0	0	1	0	1	0	0	1	0	
0	0	4	44	53	5	0	0	2	0	47	205	217	131	0	2	0	0	5	2	27	189	6	0	0	2	3	0	120	178	0	2	2	0	50	178	255	144	0	1	0	90	255	230	48	115	164	0	0	64	128	11	0	0	92	18	0	0	0	1	3	3	0	0	
0	1	0	66	21	0	1	0	2	0	57	189	15	1	3	0	0	2	198	63	0	2	0	0	0	57	163	0	60	145	67	0	0	40	175	98	163	75	164	26	2	0	112	237	153	121	147	10	0	1	0	19	77	90	14	0	0	0	3	0	0	0	1	1	
0	0	0	0	1	0	0	0	0	0	0	0	10	128	26	0	0	0	4	0	119	254	22	0	0	1	0	30	238	98	0	3	0	3	0	172	193	0	2	0	2	0	56	255	75	0	3	0	4	0	158	176	0	2	0	0	1	0	17	16	0	0	0	0	
0	0	0	0	0	0	1	0	0	5	112	122	90	25	0	1	0	1	30	46	70	163	69	0	0	0	1	0	63	152	31	0	0	2	0	112	142	5	0	1	0	8	6	10	144	6	0	0	0	48	128	101	103	0	1	0	0	0	43	37	0	0	0	0	
0	0	0	0	20	3	0	0	1	0	11	133	192	111	0	3	1	0	26	66	16	173	9	0	0	0	2	0	56	146	0	2	1	0	109	180	251	119	0	4	0	55	244	188	96	126	122	20	0	6	68	30	0	2	19	3	0	0	0	1	3	3	0	0	
0	0	1	0	0	0	0	0	0	0	6	2	38	27	0	1	3	0	93	52	84	64	0	2	0	8	129	23	127	139	94	16	0	73	190	95	130	77	49	9	0	68	45	0	72	34	0	1	0	0	2	0	69	33	0	1	0	2	2	0	7	3	0	0	
0	0	0	1	5	34	0	0	0	0	4	0	111	165	0	3	0	2	0	59	214	25	0	1	1	0	9	223	100	0	3	0	4	0	139	153	0	100	18	0	3	0	115	181	177	153	4	0	0	1	0	56	95	0	1	0	0	0	1	0	0	3	1	0	
0	0	0	0	0	1	0	0	0	1	92	137	102	5	1	0	0	97	140	30	212	106	0	3	0	56	85	197	217	173	91	0	4	0	113	199	22	18	167	1	0	41	40	0	0	124	135	0	0	61	183	129	157	148	15	0	1	0	31	70	38	0	1	0	
0	0	0	2	0	0	1	0	0	0	3	0	163	106	0	3	0	3	0	115	233	231	59	0	3	0	79	240	16	150	132	0	0	4	219	97	0	169	92	0	0	90	228	16	85	211	19	0	0	26	171	200	153	41	0	1	0	0	0	1	0	1	1	0	
0	0	1	0	0	0	0	0	1	0	4	118	158	72	0	1	3	0	148	216	111	217	85	0	3	0	138	153	67	182	31	0	1	0	22	216	255	130	0	3	4	0	165	149	1	205	41	0	2	0	74	185	196	165	6	0	0	1	0	17	55	7	0	0	
0	0	0	47	29	0	1	0	0	1	0	73	148	66	0	2	0	0	3	0	10	149	6	0	0	1	1	6	66	159	0	1	0	0	77	132	232	151	0	1	0	100	183	155	65	70	8	0	0	47	120	41	0	3	0	0	0	0	0	1	2	1	0	0	
0	0	0	1	1	0	0	0	0	0	1	0	6	47	61	0	0	2	0	35	143	179	51	0	1	0	10	109	104	103	0	2	0	0	178	141	186	64	0	1	0	8	78	167	113	78	6	0	0	0	4	139	14	0	1	0	0	0	3	32	10	1	0	0	
0	1	0	18	29	0	0	0	2	0	28	171	197	70	0	3	0	0	9	0	129	116	0	4	0	0	5	12	172	30	0	3	0	12	149	231	226	63	0	1	0	67	255	155	43	156	158	26	0	12	69	12	0	0	87	57	0	0	0	2	3	3	0	0	
0	0	10	36	4	0	0	0	0	3	131	185	176	12	0	1	0	3	17	0	161	134	0	4	0	0	1	0	34	183	0	0	0	0	65	126	122	199	12	0	0	5	218	255	249	239	84	0	1	0	63	145	70	9	7	0	0	0	0	0	0	0	0	0	
0	1	4	2	0	0	0	0	0	0	0	0	14	13	0	0	0	17	144	177	182	213	22	0	0	21	107	40	77	190	0	0	0	0	0	0	186	70	0	3	0	4	0	113	176	0	3	0	2	0	70	214	32	0	1	0	2	0	149	92	0	3	0	0	
0	0	0	2	1	0	0	0	0	1	0	37	96	0	1	0	0	2	0	52	196	0	0	0	0	3	0	65	209	0	0	0	0	2	0	61	190	0	1	0	0	3	0	89	174	0	3	0	0	2	0	48	151	0	1	0	0	0	0	0	2	1	0	0	
0	0	0	0	1	0	0	0	0	0	1	0	126	28	0	1	0	0	0	0	178	39	0	2	0	2	0	48	186	0	0	0	0	4	0	112	153	0	4	0	1	0	1	196	57	0	2	0	2	0	48	138	0	1	0	0	0	0	0	0	1	0	0	0	
0	1	4	1	0	2	1	0	0	0	0	3	13	2	0	0	0	5	120	195	218	190	31	0	0	104	159	20	33	238	67	0	0	86	149	31	156	190	0	0	0	0	144	210	108	107	13	0	0	0	0	1	0	127	23	0	0	0	3	4	0	88	33	0	
0	0	0	0	2	2	0	0	1	6	3	112	181	131	0	0	1	1	7	58	64	188	8	0	0	2	0	97	211	77	0	3	0	1	0	67	144	118	0	4	0	43	52	31	184	75	0	3	0	66	206	184	70	0	1	0	0	0	1	0	0	1	0	0	
0	0	2	0	1	2	0	0	0	0	2	33	12	0	0	0	0	0	105	109	86	50	0	2	0	49	163	47	189	117	0	4	0	4	104	64	122	104	0	4	0	0	3	0	115	56	0	2	0	0	6	0	96	31	0	1	0	0	2	0	79	25	0	1	
0	0	0	0	0	3	0	0	0	0	3	25	22	0	0	0	3	0	97	198	169	121	2	0	0	0	12	0	43	180	0	0	0	1	0	3	182	66	0	3	0	1	0	150	109	0	3	0	2	0	118	140	0	2	0	0	0	19	126	5	1	1	0	0	
0	0	0	0	0	0	0	0	0	0	2	0	49	14	0	0	0	0	1	0	105	11	0	0	1	0	19	76	129	83	19	0	1	0	16	174	156	51	2	0	0	2	0	89	32	0	1	0	0	0	7	94	2	2	0	0	0	0	4	14	0	0	0	0	
0	0	0	1	0	2	0	0	0	0	0	12	7	15	36	0	0	3	0	127	38	129	86	0	1	0	29	140	55	160	0	1	2	0	48	175	194	69	0	3	0	3	0	142	154	0	2	0	2	0	37	152	4	0	0	0	2	0	44	41	0	2	0	0	
0	0	1	0	1	1	0	0	1	0	15	86	0	1	0	0	3	0	109	148	0	31	0	1	4	0	157	184	149	142	0	4	2	0	57	130	192	150	0	4	0	0	3	0	96	148	0	4	0	0	5	0	79	207	0	0	0	0	0	0	8	27	0	0	
0	0	0	0	0	0	0	0	0	1	0	18	127	57	0	2	0	3	0	112	155	112	0	3	0	3	0	120	85	91	0	0	0	3	0	140	169	32	0	1	3	0	51	189	80	0	3	0	3	0	67	188	72	0	3	0	0	0	4	42	3	0	0	0	
0	0	1	0	0	0	0	0	0	0	0	45	78	81	31	0	2	0	58	82	32	91	49	0	2	0	112	146	207	198	10	0	0	28	84	73	122	25	2	0	0	62	68	0	73	31	0	1	0	1	78	70	96	74	0	3	0	0	0	21	50	8	0	0	
0	0	0	1	0	0	0	0	0	0	0	5	73	17	0	1	0	3	0	103	205	94	0	4	0	3	0	128	197	38	0	2	0	2	0	49	183	0	0	0	0	3	0	114	90	0	3	0	1	0	20	165	10	0	0	0	1	0	27	50	0	1	0	0	
0	0	0	2	4	2	2	1	0	0	0	0	0	0	0	0	0	2	0	53	167	154	142	44	0	1	0	192	110	34	30	8	0	28	20	116	100	0	3	0	0	63	165	194	68	0	3	0	0	3	70	51	0	0	0	0	0	0	0	0	1	0	0	0	
0	1	0	34	54	1	0	0	0	2	0	101	196	103	0	3	0	0	3	0	26	161	0	1	0	1	3	0	58	126	0	3	1	0	37	119	219	111	0	4	0	19	224	255	179	186	29	0	0	14	142	97	0	13	7	0	0	0	0	0	2	1	0	0	
0	0	0	0	1	0	0	0	1	0	28	112	13	0	1	0	1	0	8	77	138	0	1	0	0	1	0	55	146	0	1	0	2	0	76	187	140	0	1	0	0	0	18	0	143	40	0	2	0	2	0	69	142	0	0	0	0	1	0	35	17	0	1	0	
0	0	1	1	0	0	0	0	0	1	0	22	77	9	0	1	0	0	6	121	115	56	0	2	2	0	48	139	108	47	0	2	0	0	0	84	203	8	0	1	0	3	0	78	99	0	3	0	1	0	20	147	14	0	1	0	1	0	36	48	0	2	0	0	
0	0	3	3	0	0	0	0	0	1	2	0	42	80	0	2	1	0	55	54	129	119	0	4	0	32	248	94	166	58	0	2	0	18	105	144	233	34	0	2	0	1	0	26	219	28	0	2	0	2	0	30	179	6	0	1	0	0	0	4	15	0	0	0	
0	0	0	3	2	0	0	0	0	0	1	0	2	69	133	25	0	2	0	74	184	191	112	8	2	0	39	154	29	0	0	0	2	0	49	178	11	0	4	0	0	10	0	103	112	0	3	0	0	30	162	148	69	0	2	0	1	0	47	49	0	1	0	0	
0	0	0	0	0	0	0	0	0	0	152	192	84	0	1	0	0	29	167	149	232	49	0	4	0	0	153	212	241	64	0	3	0	76	195	62	255	52	63	67	0	78	233	202	211	231	250	94	0	7	157	111	0	76	62	0	0	0	0	0	1	0	0	1	
0	0	0	1	0	24	7	0	0	0	2	0	37	200	18	0	0	1	0	3	200	92	0	3	0	3	0	141	124	0	3	0	2	0	54	178	157	65	0	3	4	0	125	255	226	29	0	2	2	0	48	146	34	0	1	0	0	0	0	0	1	1	0	0	
0	0	0	0	9	7	0	0	0	0	3	0	131	59	0	2	0	1	0	38	160	0	0	0	0	4	0	123	156	0	0	1	0	0	0	149	173	94	0	4	1	0	14	174	167	37	0	2	0	0	0	111	63	0	2	0	0	0	0	0	1	1	0	0	
0	0	0	1	0	2	1	0	0	1	0	3	156	151	14	12	0	3	0	104	173	35	167	13	0	4	0	129	100	166	96	0	0	1	22	163	242	73	0	3	0	18	216	232	99	0	6	0	1	0	124	182	28	0	1	0	0	0	1	2	1	0	0	0	
0	0	0	2	0	29	4	0	0	0	3	0	75	182	0	0	0	2	0	47	181	30	0	2	0	1	0	206	167	0	3	0	4	0	100	111	113	80	0	3	3	0	91	139	170	58	0	2	0	1	0	104	101	0	1	0	0	0	1	0	0	0	0	0	
0	0	0	1	2	0	0	0	0	0	1	0	10	156	47	0	0	0	1	0	191	172	0	2	0	1	0	156	174	137	0	2	3	0	79	176	66	172	0	3	0	3	163	20	151	73	0	2	1	0	141	169	91	0	1	0	0	0	1	8	0	1	0	0	
0	1	2	1	0	1	0	0	0	0	0	2	13	0	0	0	0	66	182	153	185	33	0	2	0	12	49	5	150	68	0	3	0	0	2	0	181	55	0	2	0	1	2	0	177	35	0	1	0	1	0	14	176	10	0	1	0	1	0	31	125	0	1	0	
0	0	0	2	0	0	0	0	0	0	3	0	60	135	0	1	0	3	0	66	230	229	26	0	2	0	35	218	45	144	45	0	1	0	173	66	14	213	18	0	0	47	219	23	187	139	0	3	0	9	110	179	111	0	0	0	0	0	0	0	0	1	0	0	
0	0	1	0	0	0	1	0	0	91	21	0	17	122	11	0	0	192	141	0	14	241	145	0	0	139	226	0	0	206	188	0	0	64	255	120	82	248	152	0	0	26	191	241	242	255	169	0	0	0	0	15	8	61	97	0	0	1	2	0	0	0	0	0	
0	0	1	1	0	0	1	0	0	1	0	10	80	59	0	0	1	0	21	187	112	161	58	0	2	0	153	88	8	224	78	0	0	11	192	91	232	145	0	0	0	3	20	167	157	0	3	0	1	0	26	172	17	0	1	0	2	0	44	46	0	2	0	0	
0	0	0	0	0	3	0	0	0	0	7	75	28	0	1	0	0	0	9	82	103	94	4	0	0	0	1	0	38	143	1	0	0	0	1	2	133	31	0	1	0	2	0	100	79	0	3	0	2	0	41	121	0	2	0	0	2	0	43	30	0	1	0	0	
0	0	0	0	0	0	0	0	0	0	3	0	86	110	0	3	0	0	3	0	163	81	0	3	0	1	0	24	213	30	0	2	0	3	0	117	177	0	2	0	1	0	22	217	51	0	2	0	3	0	97	95	0	3	0	0	0	0	4	1	1	0	0	0	
0	0	0	0	0	0	0	0	1	0	15	127	119	11	0	1	3	0	138	142	227	55	0	2	3	0	136	138	228	60	0	3	0	0	5	49	151	102	0	4	1	0	39	17	92	137	0	4	3	0	69	184	195	61	0	2	0	1	0	22	37	0	0	0	
0	0	0	0	1	0	0	0	0	0	2	0	68	85	0	3	0	0	2	0	163	64	0	2	0	2	0	52	178	0	1	0	0	3	0	138	106	0	3	0	2	0	37	193	9	0	1	0	3	0	95	92	0	3	0	0	0	0	2	1	1	0	0	0	
0	1	1	0	0	0	1	1	2	0	39	142	158	120	9	0	0	1	194	131	83	189	172	0	0	96	163	0	4	0	169	37	0	157	91	0	0	19	168	12	0	109	168	0	0	162	119	0	0	0	165	191	199	160	3	0	0	0	3	53	34	0	1	0	
0	0	2	1	0	0	1	0	0	2	0	22	179	119	0	3	2	0	50	210	149	197	68	0	0	32	172	35	0	87	141	0	0	135	70	0	0	154	102	0	0	158	73	9	147	174	2	0	0	50	171	172	122	3	0	1	0	0	2	3	0	2	1	0	
0	0	1	0	0	1	3	0	0	0	0	37	117	169	115	0	3	0	61	192	91	32	11	0	4	0	124	151	28	20	0	1	1	0	13	98	112	169	45	0	0	81	35	0	48	192	62	0	0	63	161	164	145	40	0	1	0	0	2	6	0	0	1	0	
0	0	0	0	2	0	0	0	0	0	0	0	7	122	8	0	0	0	4	0	102	176	0	3	0	1	0	28	202	34	0	2	0	2	0	172	102	0	3	0	3	0	75	178	0	3	0	0	3	0	83	95	0	3	0	0	0	0	0	3	0	0	0	0	
0	0	0	0	0	0	0	0	0	0	1	0	97	10	0	0	0	0	0	13	118	0	0	0	0	1	0	32	117	0	3	0	0	2	0	59	96	0	3	0	0	3	0	76	78	0	3	0	0	2	0	61	60	0	2	0	0	0	0	0	0	0	0	0	
0	0	0	0	0	1	0	0	0	1	0	30	103	4	2	1	0	2	2	0	116	94	0	3	0	0	7	36	58	174	65	30	0	36	182	133	181	144	39	11	0	36	166	125	101	4	0	0	0	0	5	13	0	2	2	0	0	1	2	0	3	1	0	0	
0	2	1	0	1	3	0	0	0	0	5	18	12	0	1	0	0	51	178	208	207	88	0	2	0	134	72	130	148	186	42	0	0	126	81	141	86	129	136	0	0	27	174	142	0	106	158	0	0	0	5	7	0	108	148	0	0	1	1	4	0	85	106	0	
0	0	0	2	2	0	0	0	0	22	144	189	205	119	0	2	0	40	118	21	28	205	20	0	3	10	0	0	101	164	0	0	2	6	0	12	200	32	0	2	0	25	59	30	127	217	15	0	0	90	176	190	183	194	54	0	0	0	0	0	1	0	0	0	
0	0	1	0	0	0	0	0	0	0	0	47	85	84	85	19	3	0	59	225	153	166	110	28	3	0	150	69	0	2	0	0	3	0	90	172	151	76	0	4	0	1	0	1	180	106	0	3	0	55	142	156	123	0	1	0	0	14	122	73	0	2	0	0	
0	0	2	2	3	1	0	0	0	0	0	0	0	3	42	26	2	0	56	146	150	156	108	22	2	0	170	152	33	17	0	1	1	0	6	149	114	0	4	1	0	0	1	0	171	34	0	1	0	14	45	86	153	8	0	1	0	6	53	95	23	0	1	0	
0	19	70	40	0	1	0	0	0	61	140	153	116	0	1	0	0	1	0	9	181	25	0	1	0	2	1	144	231	35	0	2	0	1	1	0	72	180	21	0	0	87	121	46	18	172	131	0	0	17	91	131	138	129	25	0	0	0	0	0	0	0	0	0	
0	0	1	0	10	57	0	0	0	0	0	0	134	72	0	2	0	3	0	113	108	0	3	0	0	0	7	153	19	1	0	0	2	0	44	185	144	112	0	3	1	0	27	187	134	92	0	3	0	1	0	38	57	0	0	0	0	0	1	1	0	2	0	0	
0	0	1	0	2	0	0	0	0	0	8	11	9	23	0	1	3	0	109	49	113	147	0	4	1	0	129	107	198	85	0	4	2	0	95	102	99	37	0	1	0	1	0	15	138	0	0	0	0	1	0	48	161	0	1	0	0	0	0	7	76	5	0	0	
0	0	1	1	0	0	0	0	0	0	0	7	76	45	0	1	0	0	10	127	115	153	0	0	3	0	96	75	17	78	0	2	2	0	53	121	174	85	0	3	0	1	0	20	149	10	0	1	0	2	0	112	79	0	2	0	0	0	3	61	4	0	0	0	
0	1	0	0	0	1	1	0	0	74	210	179	130	22	0	1	0	16	78	62	139	219	6	0	0	0	2	0	159	229	3	0	1	0	28	186	249	58	0	3	3	0	73	255	119	88	84	0	0	1	0	100	189	184	59	0	0	0	1	0	0	0	0	0	
0	0	2	1	0	0	3	0	0	1	1	0	20	21	0	1	1	0	52	181	218	174	102	0	0	69	158	59	46	0	160	50	0	140	60	0	4	0	120	45	0	113	134	27	40	130	90	0	0	6	103	132	116	61	0	1	0	1	0	0	0	0	2	0	
0	0	1	2	0	6	2	0	0	2	0	5	83	150	126	0	1	0	29	151	83	97	71	0	0	23	159	59	33	92	14	0	0	111	105	159	106	90	152	5	0	123	102	58	0	72	133	0	0	21	135	118	135	103	11	0	0	0	1	4	1	0	1	0	
0	0	0	0	2	1	0	0	0	0	0	3	0	72	36	0	0	0	3	0	55	198	15	0	0	2	0	29	192	46	0	2	1	0	5	184	71	0	3	0	3	0	137	105	0	5	0	0	0	38	138	0	3	0	0	0	0	7	13	0	0	0	0	0	
0	0	0	0	0	0	0	0	0	1	0	17	155	9	0	1	0	1	0	36	196	4	0	1	0	2	0	63	181	0	1	0	0	3	0	101	190	0	2	0	0	3	0	107	165	0	4	0	0	2	0	70	124	0	3	0	0	0	0	0	0	0	0	0	
0	0	0	0	38	25	0	1	0	0	0	131	167	150	77	0	1	0	33	112	0	22	141	0	0	0	0	2	0	58	82	0	0	91	104	78	89	194	55	0	0	195	191	212	188	85	52	0	0	23	88	48	0	0	0	0	0	1	0	0	2	4	2	0	
0	0	2	1	0	0	1	0	0	1	0	13	125	131	4	0	1	0	33	194	179	170	137	0	4	0	155	225	0	72	172	0	0	11	216	113	0	168	91	0	0	49	238	6	100	180	0	0	0	3	180	234	147	13	0	1	1	0	13	53	9	0	1	0	
0	0	0	0	1	0	0	0	2	0	56	172	188	161	37	0	2	0	49	66	9	180	86	0	0	4	0	0	130	128	0	0	0	1	0	21	199	26	0	1	6	96	70	11	115	179	0	2	0	88	151	170	175	111	0	1	0	0	0	1	1	0	0	0	
0	0	2	2	0	0	0	0	0	1	0	12	53	10	0	0	2	0	46	169	236	177	0	2	0	0	204	130	213	161	0	3	0	0	148	154	213	95	0	4	0	0	3	0	168	91	0	3	0	0	4	0	197	82	0	3	0	0	1	0	62	16	0	1	
0	0	0	2	0	1	0	0	0	0	1	0	0	9	47	0	0	0	0	89	11	89	110	0	3	0	98	102	18	167	11	0	3	0	83	139	171	46	0	2	0	3	0	144	104	0	4	0	1	0	24	106	0	2	0	0	0	0	8	14	0	0	0	0	
0	0	2	7	0	0	0	0	0	13	131	162	130	6	0	1	0	27	55	0	188	47	0	2	1	0	1	145	227	22	0	1	1	0	12	85	101	162	30	0	0	60	158	0	41	200	66	0	0	21	128	172	174	74	0	1	0	0	0	4	0	0	0	0	
0	0	0	0	0	0	0	0	0	0	11	14	8	8	26	15	2	0	26	197	212	174	156	37	3	0	59	208	31	13	3	0	1	0	26	186	57	0	3	1	0	2	0	62	191	0	1	0	0	5	5	117	141	0	2	0	0	31	133	155	19	0	1	0	
0	0	1	1	0	0	0	0	0	30	195	192	194	74	0	2	0	0	109	152	221	117	0	4	2	0	55	174	232	150	3	0	0	3	1	0	0	166	145	0	0	178	100	34	40	139	131	0	0	101	190	192	200	133	7	0	0	0	0	1	0	0	1	0	
0	0	0	2	0	29	4	0	0	0	3	0	97	157	0	1	0	2	0	55	205	22	0	1	1	0	16	191	40	0	2	0	4	0	101	165	62	24	0	1	4	0	109	255	231	105	0	3	2	0	47	112	54	1	0	0	0	0	0	0	0	0	0	0	
0	0	0	0	0	0	0	0	0	13	125	154	88	0	0	0	0	107	113	66	207	16	0	1	0	11	1	165	137	0	2	0	2	0	34	162	150	129	6	0	0	1	0	2	0	151	83	0	1	0	22	127	157	180	31	0	0	0	3	37	45	9	0	0	
0	0	0	0	0	0	0	0	0	0	7	20	26	9	0	0	1	0	27	155	175	179	0	1	0	0	3	0	113	145	0	3	0	2	0	69	168	5	0	1	2	0	31	183	23	0	1	0	1	0	140	55	0	3	0	0	0	8	84	0	1	0	0	0	
0	0	0	2	1	0	0	0	0	1	0	32	113	0	1	0	0	1	0	24	203	13	0	1	0	3	0	69	197	0	1	0	0	4	0	129	189	0	2	0	0	4	0	139	137	0	4	0	0	1	0	36	121	0	1	0	0	0	0	0	0	0	0	0	
0	0	0	0	0	0	0	0	0	0	1	0	73	115	13	0	0	1	0	36	142	29	23	0	0	2	0	49	182	113	49	0	1	0	0	178	138	1	0	1	4	0	110	195	12	0	3	0	3	0	89	171	0	2	0	0	0	0	5	20	0	0	0	0	
0	0	0	0	0	0	0	0	0	0	5	65	75	8	0	1	1	0	33	98	181	67	0	3	0	0	1	0	162	35	0	1	0	1	0	41	161	0	1	0	0	3	0	126	98	0	3	0	1	0	4	209	51	0	2	0	0	0	8	77	4	0	0	0	
0	0	0	2	0	0	2	0	0	1	2	0	20	23	0	0	1	0	2	144	215	179	98	0	0	26	145	93	23	0	146	54	0	140	84	0	0	12	124	13	0	113	145	40	60	138	50	0	0	2	86	119	91	28	0	1	0	1	0	0	0	1	1	0	
0	0	2	0	0	0	0	0	0	0	1	95	108	69	27	0	2	0	133	133	151	196	16	0	0	47	177	0	0	143	81	0	0	98	109	0	0	89	110	0	0	98	144	0	10	166	45	0	0	19	177	143	163	98	0	2	1	0	12	55	19	0	1	0	
0	0	0	0	1	0	0	0	0	0	0	0	9	88	3	0	0	0	3	0	85	181	0	3	0	4	0	14	209	57	0	2	0	6	0	170	125	0	3	0	3	0	104	159	0	3	0	0	1	0	145	27	0	1	0	0	0	1	14	2	0	0	0	0	
0	0	0	0	0	0	0	0	0	1	0	32	64	0	2	0	0	1	0	37	194	0	0	0	0	1	0	26	192	2	0	0	0	1	0	32	153	0	2	0	0	3	0	82	139	0	4	0	0	4	0	117	95	0	3	0	0	0	0	13	7	0	0	0	
0	0	0	0	0	0	0	0	2	0	41	151	144	47	0	2	1	0	45	73	59	181	17	0	0	0	0	4	0	137	72	0	0	33	115	144	165	212	115	10	0	136	218	82	191	82	0	3	0	20	113	137	59	0	3	0	0	0	0	0	0	2	0	0	
0	0	1	0	0	1	0	0	1	0	9	75	49	0	1	0	2	0	129	122	125	63	0	3	0	14	149	0	89	61	0	2	2	0	102	146	181	36	0	2	0	0	5	0	118	43	0	2	0	0	5	0	126	118	0	0	0	0	2	0	43	63	0	1	
0	1	3	0	0	0	0	0	0	0	0	10	49	63	11	0	0	20	166	185	141	183	129	0	0	18	90	10	47	144	27	0	4	10	0	4	187	40	0	2	10	16	0	0	128	79	0	3	0	50	102	126	175	56	0	2	1	44	71	55	21	0	1	0	
0	1	0	0	0	0	0	0	1	0	22	50	80	114	25	0	0	25	143	167	60	36	4	0	1	0	106	71	45	42	0	1	0	10	189	133	79	143	53	0	0	0	35	34	0	107	81	0	1	0	10	124	125	139	6	0	0	1	0	18	64	12	0	1	
0	0	0	2	0	1	1	0	0	0	1	2	3	0	57	13	0	0	0	95	3	43	126	0	3	0	120	117	11	149	21	0	2	0	88	128	152	35	0	2	0	1	0	119	57	0	3	0	2	0	56	81	0	3	0	0	1	0	15	8	0	0	0	0	
0	0	0	0	0	0	0	0	0	0	0	3	74	4	0	0	0	1	0	26	179	0	0	0	0	1	0	38	163	0	1	0	0	3	0	84	161	0	3	0	0	4	0	117	121	0	4	0	0	3	0	83	74	0	3	0	0	0	0	1	2	0	0	0	
0	0	0	3	1	0	0	0	0	0	1	0	0	3	17	22	0	0	0	122	171	156	137	60	3	0	81	149	26	19	1	0	2	0	48	153	8	0	1	2	0	4	0	114	114	0	4	0	0	3	32	129	59	0	2	0	0	1	45	42	0	0	0	0	
0	0	1	1	0	0	0	0	0	1	0	10	106	89	0	2	1	0	25	117	86	120	9	0	3	0	95	102	89	98	0	1	0	1	0	191	164	0	3	0	1	0	17	154	138	32	0	1	1	0	11	136	160	37	0	2	0	1	0	20	28	0	1	0	
0	0	0	3	0	52	27	0	0	0	3	0	62	177	7	0	0	2	0	40	186	36	0	2	1	0	15	182	46	0	2	0	4	0	129	123	124	176	2	0	4	0	109	248	183	109	3	0	1	0	11	70	27	0	0	0	0	0	1	0	0	3	0	0	
0	0	0	0	0	0	0	0	2	0	65	220	171	6	0	1	2	0	72	53	189	100	0	4	0	2	0	136	209	40	0	2	0	2	0	104	236	40	0	2	1	0	72	116	231	124	0	4	0	16	130	152	124	21	0	1	0	1	0	0	0	0	0	0	
0	0	0	2	3	4	1	0	0	6	20	0	0	0	0	0	0	7	149	170	152	118	31	0	0	0	11	39	56	225	40	0	0	1	4	0	154	102	0	3	0	2	0	133	138	0	3	0	1	0	114	130	0	2	0	0	0	42	109	0	2	1	0	0	
0	1	0	15	58	9	0	0	0	2	0	28	188	166	0	1	1	2	2	0	129	166	0	3	0	2	0	28	221	190	26	0	28	129	3	2	0	112	118	0	39	206	117	66	77	199	55	0	0	30	123	145	141	57	0	1	0	0	0	0	0	0	1	0	
0	0	0	0	0	0	0	0	0	0	1	0	98	143	33	0	0	0	2	0	177	161	28	0	0	2	0	42	223	97	0	1	2	0	34	192	158	3	0	0	4	0	143	116	82	0	2	0	3	0	127	175	29	0	1	0	0	0	10	32	0	1	0	0	
0	1	3	1	2	4	0	0	0	0	0	0	0	0	0	0	0	35	171	152	141	145	22	0	0	51	194	6	60	194	9	0	0	0	170	23	72	154	0	4	2	0	78	35	115	91	0	3	0	0	2	0	179	47	0	2	0	0	3	0	159	30	0	1	
0	0	0	0	1	0	0	0	0	0	1	0	31	120	0	2	0	0	4	0	112	137	0	4	0	0	0	8	179	33	0	1	0	4	0	121	135	0	4	0	1	0	29	187	19	0	1	0	3	0	112	77	0	3	0	0	0	0	5	1	1	0	0	0	
0	0	0	1	1	1	0	0	0	2	12	0	1	0	0	0	0	4	161	110	102	152	0	0	1	0	38	1	107	92	0	3	0	1	0	18	137	0	0	0	0	2	0	76	88	0	3	0	0	2	0	125	28	0	1	0	0	0	9	104	1	0	0	0	
0	0	2	0	0	0	0	0	0	2	0	52	194	96	0	2	3	0	97	171	60	197	19	0	0	46	209	17	0	181	51	0	0	75	174	0	0	188	39	0	0	17	219	50	87	189	0	0	2	0	86	186	157	25	0	1	0	0	0	2	1	0	0	0	
0	0	0	0	0	0	0	0	0	0	1	0	116	98	0	2	0	2	0	55	248	68	0	2	0	4	0	136	148	0	3	0	0	4	0	152	139	0	4	0	0	2	0	193	106	0	3	0	0	2	0	168	80	0	3	0	0	1	0	16	11	0	0	0	
0	0	0	0	1	0	0	0	0	0	1	0	38	56	0	2	0	0	3	0	144	67	0	2	0	1	0	27	148	0	1	0	0	3	0	101	93	0	3	0	0	0	7	143	12	0	0	0	2	0	68	85	0	3	0	0	1	0	23	10	0	0	0	0	
0	0	0	0	2	1	0	0	0	2	0	80	164	11	0	1	1	0	3	223	225	13	0	1	1	0	4	193	255	45	0	2	0	3	0	88	255	108	0	4	1	0	6	204	255	134	0	4	2	0	30	204	140	12	0	1	0	0	0	0	0	1	0	0	
0	0	1	0	0	0	0	0	1	0	20	76	53	49	63	19	1	0	59	122	157	126	86	15	0	43	203	14	0	1	0	0	0	10	93	172	125	6	2	1	0	0	3	0	152	102	0	4	0	17	64	88	158	31	0	2	0	11	82	88	25	0	1	0	
0	0	0	0	2	0	0	0	0	2	0	49	196	75	0	3	0	0	0	172	78	146	3	0	3	0	85	134	0	131	21	0	2	0	149	36	8	133	0	0	0	10	165	11	121	74	0	3	1	0	107	168	92	0	1	0	0	0	1	6	0	1	0	0	
0	0	0	0	0	0	0	0	1	0	23	121	124	34	0	2	2	0	95	83	115	123	0	4	0	1	0	19	141	26	0	1	0	4	0	62	152	0	2	0	0	0	3	0	149	67	0	3	0	51	97	122	139	15	0	1	0	29	64	33	2	0	0	0	
0	0	1	0	0	0	0	0	2	0	56	33	0	2	0	0	0	3	166	22	0	2	0	0	0	52	172	0	92	175	23	0	0	23	185	166	65	155	66	0	1	0	16	17	0	82	145	0	0	1	1	1	3	0	96	48	0	0	1	1	0	1	0	0	
0	0	0	2	0	2	0	0	0	0	0	5	16	4	71	1	0	2	0	111	59	100	116	0	3	0	67	153	71	165	0	0	2	0	44	184	188	17	1	1	1	0	11	157	39	0	2	0	3	0	116	76	0	3	0	0	0	0	22	4	1	0	0	0	
0	0	0	0	9	3	0	0	0	1	0	30	117	65	16	0	0	3	0	76	61	124	28	0	0	3	0	81	160	38	0	2	1	0	0	159	92	0	4	0	2	0	87	127	73	0	3	0	2	0	61	134	39	0	2	0	0	0	2	10	0	0	0	0	
0	0	1	2	0	1	0	0	0	0	0	5	3	7	28	0	1	0	24	122	0	82	106	0	1	0	134	45	21	172	14	0	0	24	171	27	132	67	0	2	1	0	45	138	79	0	2	0	0	0	10	81	3	1	0	0	1	0	27	30	0	1	0	0	
0	0	0	1	0	0	0	0	0	0	2	0	73	70	0	2	0	2	0	32	236	63	0	3	0	4	0	119	158	0	3	0	0	3	0	174	93	0	3	0	0	0	0	187	42	0	2	0	0	2	0	183	68	0	3	0	0	1	0	28	16	0	1	0	
0	0	0	3	3	0	0	0	0	2	0	37	171	26	0	1	0	2	0	64	177	108	0	3	1	0	18	163	50	122	0	2	3	0	91	90	23	123	0	3	3	0	153	51	109	76	0	3	3	0	73	171	99	0	1	0	0	0	0	4	0	1	0	0	
2	4	4	4	3	1	0	0	0	0	0	0	0	1	0	0	70	127	113	103	68	10	0	1	63	66	65	85	107	145	6	0	0	0	0	2	0	149	32	0	2	2	3	2	8	162	14	0	0	0	2	0	43	153	0	2	0	0	2	0	50	108	0	3	
0	0	1	1	0	0	1	0	0	2	0	31	133	109	5	0	1	0	9	224	195	179	136	0	2	0	124	180	41	23	164	2	0	73	180	0	0	62	152	0	0	101	149	0	14	191	70	0	0	30	205	153	174	80	0	2	1	0	29	67	21	0	2	0	
0	1	1	0	1	1	0	0	0	0	8	70	30	0	1	0	0	25	162	128	175	25	0	2	0	36	38	0	160	78	0	3	0	1	129	202	236	183	104	6	0	18	212	182	73	10	127	48	1	0	29	29	0	1	0	0	0	0	0	1	2	1	4	1	
0	0	0	2	0	9	41	0	0	0	3	0	80	216	130	0	0	2	0	58	205	62	0	1	1	0	2	183	66	0	3	0	3	0	94	224	176	149	0	3	3	0	181	190	147	103	0	2	2	0	75	139	70	0	1	0	0	0	0	0	1	2	0	0	
0	0	0	0	0	1	0	0	1	0	23	83	33	0	0	0	4	0	86	228	217	180	1	0	2	0	29	185	113	47	0	0	0	0	0	214	78	0	3	0	2	0	49	138	175	67	0	3	2	0	36	162	173	51	0	2	0	1	0	89	49	0	2	0	
0	0	1	2	0	0	0	0	0	0	0	6	71	60	0	0	1	0	10	147	101	29	1	0	2	0	37	179	92	64	0	2	0	0	1	0	179	100	0	3	0	2	0	50	143	0	0	0	1	0	17	154	29	0	1	0	2	0	46	57	0	2	0	0	
0	0	0	0	2	2	0	0	0	1	11	0	0	0	0	0	1	0	112	104	82	60	0	1	0	0	7	5	41	108	0	2	0	0	2	0	76	40	0	2	0	1	0	30	91	0	1	0	0	0	0	102	24	0	1	0	1	0	33	64	0	2	0	0	
0	0	0	0	5	94	18	0	0	0	3	0	145	145	0	0	0	3	0	96	150	0	1	0	1	0	32	161	39	4	0	0	4	0	145	174	142	154	0	1	4	0	163	218	139	110	0	2	1	0	26	63	35	0	0	0	0	0	0	0	0	2	0	0	
0	0	1	0	1	1	0	0	1	0	27	76	0	2	0	0	3	0	97	135	14	37	0	1	4	0	126	82	97	113	0	4	1	0	27	150	212	97	0	4	0	0	2	0	105	128	0	4	0	0	3	0	38	167	0	0	0	0	0	0	0	35	5	0	
0	0	0	1	0	34	8	0	0	0	3	0	96	145	0	0	0	2	0	42	166	7	0	1	0	2	0	140	71	0	2	0	2	0	54	210	158	98	0	3	4	0	127	164	93	103	0	3	1	0	25	116	84	4	0	0	0	0	0	0	0	1	0	0	
0	0	2	14	6	0	0	0	0	29	139	135	148	67	0	1	0	22	19	0	15	178	16	0	0	1	58	89	177	120	0	3	0	3	104	121	124	138	38	0	0	32	53	13	0	143	144	0	0	54	150	156	171	163	30	0	0	0	0	0	2	0	0	0	
0	0	0	1	1	1	2	1	0	0	2	1	0	0	0	0	0	1	0	83	141	134	116	83	2	0	80	82	8	19	19	11	3	0	127	106	0	2	0	0	0	1	0	139	70	0	3	0	0	0	10	119	67	0	2	0	1	0	52	51	0	1	0	0	
0	0	0	3	33	1	0	0	0	2	0	73	126	0	2	0	0	2	0	144	50	0	1	0	1	0	17	170	152	88	0	3	2	0	48	120	44	151	0	3	1	0	31	159	177	68	0	3	0	1	0	92	76	0	2	0	0	0	0	0	1	2	0	0	
0	0	0	1	1	1	0	0	0	0	1	2	0	51	21	0	0	0	10	38	6	150	18	0	3	0	108	88	89	99	0	3	2	0	49	168	165	0	2	0	0	1	0	134	45	0	1	0	2	0	52	86	0	3	0	0	0	0	12	11	0	0	0	0	
0	0	0	0	0	0	0	0	0	0	4	85	82	0	1	0	1	0	2	149	208	0	0	0	0	1	0	35	205	9	0	1	0	1	0	43	192	0	0	0	0	3	0	62	233	13	0	1	0	3	0	91	165	0	2	0	0	0	0	8	7	0	0	0	
0	0	0	2	1	1	0	0	0	0	0	1	0	74	11	0	0	0	3	76	62	142	0	1	2	0	68	99	111	65	0	2	3	0	53	167	141	0	2	0	0	1	0	153	39	0	1	0	1	0	33	86	0	2	0	0	0	0	10	12	0	0	0	0	
0	0	0	0	0	0	0	0	0	0	7	0	51	35	0	1	3	0	72	76	94	61	0	2	4	0	100	81	121	58	0	2	2	0	58	149	193	39	0	2	0	0	0	11	141	23	0	1	0	0	3	0	142	26	0	1	0	0	0	0	22	5	0	0	
0	0	1	1	0	1	0	0	0	1	0	16	0	41	53	0	1	0	21	135	0	136	66	0	2	0	165	74	22	161	0	0	2	0	112	157	195	66	0	3	0	2	0	75	174	0	1	0	0	2	0	89	46	0	1	0	0	0	0	15	3	0	0	0	
0	1	0	0	0	1	0	0	13	175	153	96	77	0	0	0	1	33	77	91	208	184	0	0	0	2	0	49	255	142	0	1	0	3	2	0	104	160	18	0	0	64	151	62	67	238	95	0	0	16	185	215	176	127	15	0	0	0	0	0	0	0	0	0	
0	0	0	2	4	0	0	0	0	2	0	54	187	35	0	2	0	0	6	70	114	130	0	4	3	0	96	123	32	142	0	3	4	0	140	71	87	118	0	4	4	0	118	177	171	42	0	2	1	0	19	196	83	0	2	0	0	0	0	0	0	0	0	0	
0	0	0	0	0	0	0	0	1	0	28	88	53	0	1	0	1	0	50	70	150	13	0	1	0	1	0	49	154	3	0	0	0	0	4	83	131	21	0	1	0	0	0	11	125	0	0	0	0	2	0	99	74	0	2	0	0	0	8	74	4	0	0	0	
0	0	1	1	0	1	0	0	0	0	0	6	25	4	0	0	2	0	32	166	179	167	6	0	1	0	16	15	41	180	1	0	0	0	0	0	151	55	0	2	0	3	0	128	118	0	3	0	2	0	57	169	0	1	0	0	2	0	77	40	0	1	0	0	
0	0	0	2	0	0	0	0	0	2	0	79	51	0	2	0	0	3	0	83	116	0	4	0	0	2	0	68	129	0	3	0	0	2	0	50	114	0	3	0	0	1	0	29	149	0	1	0	0	0	0	6	139	10	0	0	0	0	0	0	0	0	0	0	
0	0	1	1	0	0	0	0	0	1	0	43	80	11	0	1	2	0	50	138	123	126	0	3	3	0	129	27	115	137	0	4	3	0	85	125	210	50	0	2	0	3	0	84	129	0	2	0	1	0	21	144	14	0	1	0	1	0	38	45	0	2	0	0	
0	0	0	0	0	0	0	0	0	37	71	70	51	1	0	0	0	44	103	60	131	97	0	3	0	0	1	80	214	101	0	3	1	0	33	97	44	153	9	0	0	0	1	0	40	136	0	1	0	43	79	90	133	26	0	1	0	28	118	70	3	0	1	0	
0	0	1	0	0	0	0	0	0	0	4	66	20	18	32	19	2	0	137	176	167	177	151	40	2	0	111	159	11	0	1	0	0	2	0	107	155	0	2	2	0	24	52	22	232	68	0	3	0	33	196	199	97	0	0	0	0	0	8	8	0	0	0	0	
0	0	0	0	1	0	0	0	0	0	2	0	60	64	0	2	0	0	2	0	178	84	0	3	0	1	0	38	190	4	0	1	0	4	0	123	149	0	4	0	0	1	0	183	56	0	2	0	0	0	4	152	21	0	1	0	0	1	0	19	11	0	0	0	
0	0	0	0	0	0	0	0	0	0	2	10	12	8	0	0	2	0	67	204	209	176	0	2	0	0	13	11	150	135	0	4	0	1	0	11	193	32	0	1	0	2	0	159	134	0	3	0	2	0	76	160	0	1	0	0	0	0	108	17	0	1	0	0	
0	0	2	0	35	38	0	1	0	2	0	75	143	166	28	0	1	0	35	119	0	108	66	0	4	0	125	95	0	169	23	0	0	4	124	193	210	124	0	3	0	57	95	162	255	90	1	0	0	44	145	83	15	81	27	0	0	0	0	0	0	0	0	0	
0	0	0	1	4	0	0	0	2	0	64	165	176	100	0	2	1	0	34	28	59	169	0	2	0	1	3	0	131	67	0	2	0	0	5	0	160	51	0	2	0	58	92	0	120	161	0	4	0	28	155	179	146	33	0	1	0	0	0	2	0	0	0	0	
0	0	7	3	0	0	0	0	0	3	145	171	122	28	0	1	0	1	0	9	138	235	16	0	0	34	164	184	231	96	0	2	0	0	39	79	134	144	18	0	0	11	42	0	5	201	81	0	0	37	176	151	183	127	4	0	0	0	5	12	3	0	0	0	
0	0	0	0	1	1	0	0	0	0	0	0	14	87	0	1	0	0	3	0	87	104	0	3	0	0	0	9	151	20	0	1	0	2	0	122	89	0	3	0	2	0	50	136	0	2	0	0	2	0	91	30	0	1	0	0	0	0	4	1	0	0	0	0	
0	0	0	2	0	3	9	0	0	0	2	0	42	175	85	0	0	2	0	46	192	63	0	1	1	0	9	165	42	0	2	0	3	0	106	212	20	0	1	0	4	0	137	164	157	0	2	0	2	0	32	162	104	0	2	0	0	0	0	3	1	0	0	0	
0	0	1	2	0	1	0	0	0	0	0	7	0	38	31	0	0	0	0	141	38	128	32	0	3	0	138	126	67	140	0	3	2	0	85	157	184	25	0	1	0	3	0	138	94	0	3	0	2	0	46	144	0	1	0	0	1	0	23	21	0	1	0	0	
0	0	0	0	0	0	0	0	2	0	45	105	128	105	2	0	4	0	96	196	56	185	22	0	0	1	0	157	189	28	0	1	1	0	22	154	168	64	0	3	4	0	115	71	31	150	0	3	4	0	112	176	170	90	0	3	0	0	8	64	49	0	0	0	
0	0	1	1	0	1	0	0	0	0	1	6	0	31	51	0	1	0	32	131	0	139	71	0	2	0	169	66	44	165	0	1	0	0	162	134	188	49	0	2	0	2	0	123	141	0	4	0	0	1	0	130	33	0	1	0	0	0	3	26	0	0	0	0	
0	0	0	0	0	0	0	0	0	0	0	1	161	37	0	2	0	1	0	16	214	29	0	2	0	2	0	60	202	0	0	0	0	4	0	114	173	0	3	0	0	4	0	146	153	0	4	0	0	3	0	124	123	0	3	0	0	0	0	0	0	0	0	0	
0	0	1	0	32	9	0	0	0	0	2	0	129	107	0	3	0	1	0	127	67	152	7	0	2	0	47	155	0	135	15	0	4	0	104	115	0	136	0	0	3	0	69	191	167	72	0	3	0	1	0	116	93	0	2	0	0	0	1	0	0	1	0	0	
0	0	0	0	0	1	1	0	0	0	49	98	133	31	0	1	0	10	218	141	104	204	46	0	2	0	56	154	186	82	0	0	1	0	3	169	193	111	0	2	2	0	62	118	0	175	44	0	2	0	36	156	146	165	13	0	0	1	0	30	65	13	0	1	
0	0	1	2	0	0	0	0	0	0	1	0	50	71	5	0	1	0	4	128	121	172	22	0	3	0	112	81	112	84	0	3	3	0	90	155	198	12	0	1	0	3	0	143	106	0	3	0	2	0	37	154	1	0	0	0	2	0	46	48	0	2	0	0	
0	0	0	1	0	0	0	0	2	0	44	161	189	51	0	2	4	0	126	81	80	167	0	3	3	0	70	135	135	221	9	0	2	0	43	255	191	27	4	0	2	0	186	87	179	117	0	3	2	0	133	157	177	123	0	3	0	0	0	11	7	0	0	0	
0	0	1	1	0	0	0	0	0	1	0	26	83	27	0	1	2	0	46	130	124	135	0	3	3	0	117	67	161	109	0	4	3	0	106	193	253	53	0	2	1	0	9	103	149	0	2	0	0	3	0	105	54	0	2	0	0	0	1	53	5	0	0	0	
0	0	0	0	0	0	0	0	0	0	9	45	3	2	0	0	2	0	60	128	139	57	0	2	4	0	113	111	199	80	0	3	2	0	36	146	228	37	0	2	0	1	0	6	181	25	0	1	0	0	4	0	171	60	0	2	0	0	2	0	59	52	0	2	
0	0	1	0	29	49	0	1	0	1	0	8	164	46	0	2	0	3	0	112	112	0	3	0	0	0	4	154	59	5	0	0	2	0	31	199	189	64	0	3	2	0	36	210	140	28	0	1	0	0	6	69	49	0	1	0	0	0	0	0	0	1	0	0	
0	0	1	0	28	36	0	1	0	0	2	0	61	105	0	4	0	0	4	0	61	77	0	3	0	0	5	0	108	46	0	1	1	0	76	150	181	0	0	0	1	0	127	128	105	114	12	0	1	0	21	23	0	53	21	0	0	0	0	1	3	0	0	0	
0	0	0	0	1	0	0	0	0	0	1	0	21	70	0	1	0	0	3	0	91	146	0	4	0	0	0	0	188	53	0	2	0	3	0	94	161	0	3	0	1	0	11	191	34	0	1	0	3	0	88	101	0	3	0	0	0	0	20	5	0	0	0	0	
0	0	0	0	0	0	0	0	0	0	0	3	65	2	0	0	0	1	0	24	127	0	1	0	0	2	0	55	96	0	3	0	0	3	0	80	54	0	2	0	0	2	0	96	19	0	1	0	0	0	7	78	0	0	0	0	0	0	2	9	0	0	0	0	
0	0	0	0	1	4	1	0	0	1	0	4	136	65	0	2	0	4	0	129	103	0	36	0	0	2	0	62	177	96	30	0	0	1	0	118	196	15	0	1	2	0	51	145	80	48	0	2	1	0	21	159	114	7	0	1	0	0	0	6	3	0	0	0	
0	0	0	3	1	0	0	0	0	0	3	0	47	204	102	0	0	3	0	90	186	195	149	0	3	0	114	255	29	151	141	0	0	79	235	39	70	235	40	0	0	208	201	155	226	83	0	2	0	102	202	131	8	0	1	0	0	0	0	0	1	3	0	0	
0	0	0	0	0	0	0	0	0	0	6	79	124	77	0	1	2	0	126	120	80	161	0	1	0	0	18	0	123	59	0	2	0	2	0	49	156	0	2	0	0	0	1	0	147	29	0	1	0	25	102	128	140	9	0	1	0	10	60	55	9	0	0	0	
0	1	0	0	2	4	1	0	1	0	30	13	0	0	1	1	0	51	252	209	168	127	16	0	0	145	161	40	50	173	189	0	0	158	108	0	2	3	213	54	0	60	228	147	134	189	150	3	1	0	41	135	132	70	4	0	0	1	1	0	0	0	2	1	
0	0	0	0	4	13	2	0	0	2	0	45	171	91	0	1	0	3	0	124	78	42	57	0	0	3	0	121	195	121	21	0	2	0	58	218	145	0	3	0	3	0	166	102	113	0	3	0	2	0	71	178	67	0	2	0	0	0	0	5	1	0	0	0	
0	0	0	0	1	1	0	0	1	0	12	83	7	33	12	0	0	0	0	69	164	194	6	0	0	0	7	2	197	78	0	3	3	0	89	207	221	45	0	2	0	3	0	167	85	0	3	0	0	3	0	125	139	0	2	0	0	0	0	6	23	0	0	0	
0	0	0	0	0	1	1	0	0	1	0	58	126	33	7	8	1	0	26	161	59	101	87	7	1	0	14	163	146	78	0	0	2	0	41	233	79	0	4	0	4	0	129	105	113	0	2	0	3	0	85	167	103	0	2	0	0	0	3	52	9	0	0	0	
0	0	2	1	0	1	0	0	0	1	3	30	1	2	67	6	2	0	69	124	0	50	162	0	0	65	208	74	34	147	93	0	0	148	180	140	143	207	17	0	0	0	3	0	96	126	0	4	0	1	4	0	150	44	0	2	0	0	0	0	11	2	0	0	
0	0	0	1	0	0	0	0	0	0	0	0	71	111	17	0	0	2	0	101	130	117	55	0	0	4	0	114	165	90	5	0	1	0	13	185	158	0	2	0	4	0	131	89	114	15	0	0	3	0	98	155	107	0	1	0	0	0	4	50	9	0	0	0	
1	3	4	3	1	0	0	0	0	0	1	0	31	32	0	1	38	138	101	116	213	130	0	4	9	62	73	27	122	118	0	3	2	0	45	160	214	164	4	0	1	0	17	53	189	37	0	1	0	0	0	0	175	31	0	1	0	0	0	2	80	14	0	1	
0	0	0	0	0	0	0	0	0	1	0	15	101	100	10	0	0	3	0	116	100	91	20	0	0	3	0	105	144	37	0	0	2	0	37	176	112	0	2	0	4	0	111	101	91	0	1	0	3	0	66	180	79	0	3	0	0	0	1	42	5	0	0	0	
