500	64	10
0	0	1	0	0	0	0	0	1	0	22	69	62	116	104	33	3	0	137	102	30	91	44	6	2	0	106	142	109	4	0	0	0	11	7	0	117	99	0	4	0	48	99	0	94	109	0	4	1	0	92	161	160	20	0	1	0	0	1	43	14	0	1	0	
0	0	0	0	0	0	0	0	0	0	2	0	129	53	0	2	0	1	0	12	213	39	0	2	0	3	0	82	181	0	2	0	0	3	0	161	112	0	4	0	2	0	43	239	33	0	2	0	2	0	45	145	0	1	0	0	0	0	0	0	0	0	0	0	
0	0	0	0	0	1	0	0	1	0	17	162	160	30	0	2	4	0	99	107	89	192	0	1	2	0	135	32	2	164	41	0	1	0	127	13	0	134	57	0	2	0	125	41	41	197	14	0	2	0	40	163	176	73	0	2	0	0	0	5	3	0	1	0	
0	0	0	18	5	0	0	0	0	2	0	164	50	0	3	0	1	0	28	199	20	9	0	0	4	0	116	222	174	180	43	0	2	0	192	255	83	172	102	0	1	0	190	255	226	165	11	0	1	0	15	131	82	0	1	0	0	0	0	0	0	3	1	0	
0	0	1	2	0	0	0	0	0	0	0	0	64	27	0	1	1	0	11	145	205	120	0	4	4	0	158	191	177	130	0	4	2	0	110	125	166	90	0	3	0	1	0	20	177	14	0	1	0	3	0	131	136	0	4	0	0	1	0	41	38	0	1	0	
0	0	0	0	0	0	0	0	0	1	0	25	134	96	0	1	0	2	0	149	128	193	18	0	0	3	0	144	188	117	0	1	3	0	79	223	148	0	2	0	0	4	182	39	138	15	0	0	1	0	117	195	156	0	0	0	0	0	5	52	14	0	1	0	
0	1	2	0	0	0	0	0	1	0	3	140	93	0	3	0	0	31	155	162	107	0	5	0	0	22	18	69	109	0	3	0	0	2	0	87	160	69	62	3	0	37	167	163	135	103	124	46	0	15	30	1	0	0	0	0	0	0	0	1	4	4	3	0	
0	0	0	0	0	0	0	0	0	42	123	103	108	108	99	6	0	72	239	133	102	124	111	7	3	0	164	155	117	30	0	1	1	0	154	113	82	157	24	0	0	0	0	3	0	145	67	0	0	76	174	139	172	167	4	0	0	16	57	65	53	6	0	0	
0	0	1	1	0	0	0	0	0	1	0	30	51	0	1	0	1	0	21	172	133	16	0	1	2	0	39	141	177	49	0	2	0	1	0	18	161	8	0	0	0	2	0	64	128	0	3	0	0	3	0	139	50	0	2	0	0	1	0	53	13	0	0	0	
0	0	3	1	0	1	0	0	0	1	0	3	25	26	0	0	1	0	106	177	165	113	0	1	0	79	154	0	46	194	0	0	0	41	148	99	183	150	0	3	1	0	34	62	128	108	0	4	0	1	4	0	93	105	0	4	0	0	2	0	19	12	0	0	
0	0	2	4	1	0	0	0	0	0	1	0	2	23	42	25	1	0	36	133	170	170	140	99	0	3	204	125	23	1	0	0	0	0	116	125	39	0	4	2	0	2	0	54	176	0	1	0	2	0	113	189	75	0	2	0	1	0	44	49	0	1	0	0	
0	0	0	0	0	0	0	0	1	0	74	201	193	89	0	2	0	38	239	123	16	172	24	0	0	7	17	0	60	184	3	0	1	0	4	117	183	43	0	2	3	0	169	254	85	60	72	0	1	0	52	134	170	200	156	0	0	0	0	0	0	0	0	0	
0	0	1	1	0	2	0	0	0	1	0	32	158	23	0	1	1	0	13	180	182	130	2	0	3	0	127	74	0	141	66	0	0	37	140	0	0	132	56	0	0	71	121	0	73	126	0	0	0	9	114	134	102	8	0	0	0	0	3	7	0	2	0	0	
0	0	0	30	38	0	1	0	2	0	129	211	190	67	0	3	0	37	198	12	62	172	0	3	0	1	0	8	185	138	0	4	0	0	78	197	107	0	12	0	0	36	254	210	105	123	210	56	1	0	37	117	161	157	129	42	0	0	0	0	0	0	0	0	
0	0	1	0	0	1	0	0	0	0	0	115	73	0	1	0	2	0	56	222	187	75	0	3	4	0	122	114	29	157	0	2	4	0	117	83	0	152	9	0	4	0	103	123	27	161	0	1	1	0	24	188	182	52	0	2	0	1	0	32	25	0	1	0	
0	0	1	1	0	1	1	0	0	3	0	93	212	42	0	2	1	0	24	212	136	171	11	0	2	0	172	116	0	127	90	0	0	41	184	0	0	89	130	0	0	28	188	46	25	171	116	0	2	0	80	182	175	127	5	0	0	0	0	0	0	0	0	0	
0	0	0	0	0	0	0	0	1	0	32	129	116	14	0	1	3	0	106	170	247	159	0	4	0	2	0	117	246	44	0	2	0	2	0	110	191	148	2	0	2	0	47	63	162	243	15	0	4	0	95	255	164	30	0	1	0	0	4	34	2	0	0	0	
0	0	2	2	0	2	0	0	0	0	0	4	22	2	0	0	2	0	48	176	190	115	0	2	0	1	186	51	17	196	9	0	0	1	138	113	160	134	0	3	1	0	14	39	162	74	0	3	0	1	0	10	173	20	0	1	0	1	0	43	118	0	2	0	
0	0	1	0	82	66	0	1	0	1	0	100	90	33	0	1	2	0	42	118	0	2	2	0	3	0	93	54	0	7	0	0	3	0	116	134	89	109	86	0	3	0	71	168	58	101	98	0	0	1	0	34	80	49	0	0	0	0	0	0	0	0	2	0	
0	0	0	3	51	31	0	1	2	0	43	190	197	183	10	0	1	0	181	90	0	193	37	0	0	1	14	6	174	154	0	2	1	0	77	197	119	0	0	0	0	35	254	222	118	132	100	0	0	3	36	96	144	168	115	0	0	0	0	0	0	0	0	0	
0	0	1	0	1	1	0	0	1	0	27	122	66	0	1	0	0	6	140	81	153	32	0	1	0	6	157	24	162	124	0	4	2	0	53	164	48	131	36	0	0	0	1	3	0	88	95	0	1	0	11	132	159	157	27	0	0	0	5	27	51	25	0	1	
0	0	0	2	1	0	0	0	0	0	1	0	15	69	0	1	0	1	0	54	67	132	0	3	1	0	28	194	176	85	0	3	1	0	5	95	197	12	0	1	0	3	0	103	90	0	3	0	1	0	8	159	17	0	1	0	0	0	5	23	0	0	0	0	
0	1	4	4	2	1	0	0	0	0	0	0	2	2	0	0	0	23	143	153	208	143	0	2	0	57	160	102	165	170	0	3	0	12	3	0	180	91	0	3	0	2	0	35	223	28	0	2	0	4	0	108	189	0	2	0	0	3	0	95	98	0	3	0	
0	0	0	54	10	0	1	0	1	0	6	184	22	0	2	0	3	0	69	155	2	54	5	0	4	0	133	135	162	175	115	0	0	9	178	194	37	99	130	0	0	13	211	227	187	172	12	0	1	0	34	83	44	0	1	0	0	0	0	0	0	2	1	0	
0	0	0	3	5	0	0	0	0	1	0	100	155	35	0	2	0	1	0	59	133	25	0	1	2	0	36	182	45	0	2	0	0	0	7	54	125	35	0	2	0	0	2	0	128	87	0	3	0	14	111	134	95	0	0	0	0	2	15	5	0	0	0	0	
0	0	0	0	0	0	0	0	1	0	21	95	108	141	50	0	4	0	103	218	97	110	32	0	4	0	104	182	89	29	0	1	3	0	84	165	147	148	0	3	0	0	3	0	94	174	0	3	2	0	131	187	188	49	0	2	0	0	41	62	12	0	1	0	
0	0	0	0	0	0	0	0	0	37	138	159	121	0	0	0	0	95	84	72	207	4	0	0	0	2	152	233	219	43	0	1	0	0	17	23	70	191	75	0	0	122	113	16	0	119	166	0	0	23	121	174	196	199	46	0	0	0	0	2	3	0	0	0	
0	1	1	0	38	18	0	1	1	0	8	149	243	153	0	2	0	13	210	141	42	184	0	0	0	17	61	3	183	127	0	4	0	8	113	193	92	0	2	0	0	46	255	169	77	195	222	53	1	0	50	139	163	150	105	22	0	0	0	0	0	0	0	0	
0	0	4	19	15	1	0	0	2	0	58	76	64	7	0	0	2	0	93	31	1	0	0	0	2	0	49	107	121	27	0	1	0	0	1	0	39	115	0	2	0	2	14	0	20	113	0	1	0	0	57	82	99	34	0	1	0	0	0	15	6	0	0	0	
0	0	0	2	4	3	0	0	0	0	9	1	0	0	0	0	0	6	190	181	179	127	0	1	0	1	142	54	90	178	0	0	0	0	30	0	47	149	0	3	0	0	4	0	144	90	0	3	0	1	0	16	184	18	0	1	0	1	0	37	106	0	2	0	
0	0	0	0	0	0	0	0	0	0	2	70	120	73	0	2	2	0	44	101	89	137	0	3	0	1	0	16	128	31	0	1	0	2	0	150	114	0	3	0	0	1	0	23	157	10	0	1	2	0	71	158	73	0	2	0	1	0	47	30	0	1	0	0	
0	1	0	0	0	0	0	0	3	0	95	212	196	35	0	2	0	69	245	68	151	88	0	3	0	85	67	64	246	122	0	2	1	0	15	203	97	180	61	0	2	0	81	84	50	211	70	0	3	0	115	219	216	122	0	1	0	0	0	0	0	0	0	0	
0	0	0	0	0	1	0	0	2	0	45	153	76	0	2	0	1	0	16	68	188	34	0	2	0	0	3	0	165	74	0	3	2	0	44	155	229	51	0	2	1	0	2	143	139	0	4	0	0	2	0	145	45	0	1	0	0	0	0	24	5	0	0	0	
0	0	0	0	0	0	0	0	0	2	0	53	114	0	3	0	0	3	0	108	135	0	4	0	0	3	0	106	127	0	4	0	0	3	0	109	148	0	4	0	0	4	0	148	114	0	4	0	0	2	0	142	75	0	3	0	0	0	0	0	0	0	0	0	
1	1	0	0	0	0	0	0	0	0	5	81	80	66	8	0	58	212	180	138	210	252	21	0	48	111	41	141	178	61	0	2	3	0	155	255	196	103	5	0	2	0	44	45	83	255	68	0	0	2	0	123	214	213	37	0	0	1	0	51	136	39	0	1	
0	0	0	0	0	0	0	0	1	0	29	139	154	59	0	2	0	21	209	136	116	159	0	3	0	15	19	60	207	181	0	1	0	1	0	141	87	142	111	0	14	126	110	97	89	185	94	0	8	131	177	154	146	81	0	1	0	0	0	0	0	0	1	0	
0	1	4	4	4	4	2	0	0	0	0	0	0	0	0	0	0	80	163	119	118	146	53	0	0	50	181	85	87	225	56	0	0	22	137	0	57	170	0	2	0	6	28	0	157	93	0	3	0	1	0	17	201	21	0	1	0	2	0	51	168	0	1	0	
0	1	0	48	20	0	1	0	1	0	1	184	37	0	3	0	2	0	53	178	0	1	0	0	4	0	104	106	4	139	57	0	4	0	120	128	152	198	125	0	3	0	59	242	235	165	32	0	0	1	0	34	59	14	0	1	0	0	1	1	0	1	1	0	
0	0	2	2	0	2	0	0	0	0	0	10	16	0	0	0	1	0	32	183	217	121	0	2	2	0	177	110	130	191	0	0	2	0	112	144	61	144	5	0	0	0	3	0	61	132	0	3	0	1	0	5	163	50	0	2	0	2	0	90	104	0	2	0	
1	0	18	57	0	5	1	0	4	0	107	151	0	4	1	0	3	0	174	84	0	106	37	0	0	8	197	19	122	244	110	0	0	6	190	83	182	148	111	0	3	0	129	245	253	235	29	0	0	0	1	49	77	36	0	1	0	0	2	0	0	0	1	0	
0	1	3	4	4	3	0	0	0	0	0	0	0	0	0	0	0	29	89	119	146	119	0	1	0	64	196	146	224	143	0	4	0	0	3	0	157	57	0	2	0	1	4	0	168	42	0	2	0	0	3	0	147	46	0	2	0	0	3	0	105	87	0	3	
0	1	0	11	111	30	0	1	0	3	0	125	212	133	0	4	0	0	6	80	86	164	0	3	1	0	5	128	217	54	0	2	0	18	197	152	20	4	4	0	0	80	255	186	201	233	52	0	0	1	47	87	67	46	6	0	0	0	0	0	0	0	0	0	
2	4	4	3	0	0	0	0	0	0	1	0	34	27	0	1	52	120	101	113	221	84	0	3	43	85	97	119	194	81	6	0	2	0	53	164	224	142	24	0	1	4	0	12	188	19	0	1	0	0	0	2	218	85	0	3	0	0	1	0	53	25	0	1	
0	0	0	0	0	0	0	0	0	2	0	65	107	0	3	0	0	4	0	110	157	0	4	0	0	4	0	131	153	0	4	0	0	4	0	121	127	0	4	0	0	4	0	149	101	0	3	0	0	3	0	123	76	0	3	0	0	0	0	0	0	0	0	0	
0	0	0	0	0	0	0	0	0	0	1	0	61	24	0	1	0	0	3	0	146	55	0	2	0	1	0	16	132	2	0	0	0	3	0	84	93	0	3	0	0	3	0	127	41	0	1	0	0	0	2	136	12	0	0	0	0	0	1	21	0	0	0	0	
0	0	4	48	11	0	0	0	3	0	95	238	193	10	0	1	0	14	172	0	126	91	0	3	0	20	56	0	145	78	0	3	2	0	44	217	153	0	1	0	4	0	132	255	185	170	188	35	0	0	2	59	121	143	109	8	0	0	1	0	0	0	0	0	
0	0	1	1	0	1	0	0	0	1	0	34	60	0	0	0	2	0	38	122	97	57	0	2	3	0	121	45	82	109	0	3	2	0	62	107	173	36	0	2	0	0	2	0	100	16	0	0	0	0	4	0	94	51	0	2	0	0	1	0	25	31	0	1	
1	0	42	37	0	2	1	0	4	0	129	120	0	5	0	0	0	0	175	49	0	16	12	0	0	31	179	0	68	227	175	0	0	66	158	31	215	177	167	0	0	36	218	237	247	201	52	0	1	0	36	74	53	7	0	1	0	1	0	0	0	1	2	0	
0	0	1	1	0	0	0	0	0	0	0	18	18	4	0	0	1	0	38	82	107	99	0	3	3	0	102	60	153	72	0	3	1	0	28	86	110	35	0	1	0	0	0	1	103	7	0	0	0	2	0	57	88	0	3	0	0	2	0	68	37	0	1	0	
0	0	0	0	0	0	1	0	0	1	0	120	204	42	0	2	3	0	57	232	169	241	61	0	3	0	148	91	0	137	149	0	0	29	164	0	0	79	138	0	0	35	218	87	107	216	61	0	1	0	117	226	187	75	0	1	0	0	0	0	0	0	1	0	
0	0	1	0	0	0	0	0	0	0	0	102	142	28	0	1	3	0	118	130	85	117	0	3	3	0	143	210	220	112	0	4	3	0	116	167	38	117	30	0	3	0	118	51	28	162	32	0	2	0	36	194	165	51	0	2	0	0	0	9	1	0	1	0	
0	0	1	1	0	0	0	0	0	2	0	43	206	125	0	3	2	0	23	233	101	150	14	0	1	0	24	36	52	172	0	0	1	0	6	114	202	38	0	2	2	0	181	208	71	57	0	1	2	0	109	194	215	110	0	3	0	0	0	0	0	0	0	0	
0	0	0	0	0	0	0	0	0	0	0	116	21	0	1	0	0	3	0	156	70	0	2	0	0	3	0	104	116	0	3	0	0	2	0	64	162	0	3	0	0	1	0	6	183	26	0	1	0	0	2	0	112	43	0	2	0	0	0	0	0	0	0	0	
0	0	0	5	37	2	0	0	1	0	0	150	255	69	0	3	4	0	121	212	96	152	0	4	2	0	131	55	161	105	0	3	2	0	45	194	136	0	1	0	0	3	221	234	122	173	95	0	0	0	70	135	161	148	55	0	0	0	0	0	0	0	0	0	
0	0	0	0	3	2	0	0	0	1	0	19	134	66	0	2	0	3	0	71	144	77	0	2	0	1	0	23	161	50	0	2	0	2	0	54	149	0	1	0	1	0	42	174	72	0	3	0	2	0	102	127	2	0	0	0	0	0	2	4	0	0	0	0	
0	0	0	0	1	2	0	0	0	0	6	5	0	0	0	0	3	0	140	219	189	187	24	0	3	0	157	85	59	201	18	0	1	0	51	5	61	148	0	3	0	0	1	0	167	66	0	2	0	3	0	111	180	0	2	0	0	1	0	127	40	0	1	0	
0	2	4	3	2	0	0	0	0	0	0	0	0	0	0	0	0	45	145	189	101	0	5	0	0	127	177	240	188	0	2	0	0	0	0	215	222	126	75	0	0	1	2	130	239	255	124	0	0	0	0	0	15	30	10	0	0	0	0	2	0	0	0	0	
0	0	0	0	0	0	0	0	0	0	3	0	111	91	0	3	0	0	1	0	206	93	0	4	0	2	0	43	218	16	0	1	0	3	0	147	150	0	3	0	1	0	20	224	54	0	2	0	3	0	84	155	0	2	0	0	0	0	1	1	1	0	0	0	
0	0	0	0	0	0	0	0	1	0	34	94	60	24	0	1	2	0	41	122	207	164	0	3	0	0	2	0	148	44	0	2	2	0	30	184	253	93	0	3	1	0	0	136	124	16	0	1	1	0	7	185	34	0	1	0	1	0	15	89	3	1	0	0	
0	1	2	0	0	0	0	0	1	0	5	98	157	72	0	2	0	28	214	197	162	145	0	4	0	77	128	53	220	124	0	4	0	1	0	144	163	181	0	0	0	1	18	0	88	153	0	2	3	0	144	237	205	38	0	2	1	0	23	51	9	0	1	0	
0	2	0	0	0	0	0	0	1	0	30	110	136	25	0	1	0	112	192	72	130	124	0	4	0	57	20	32	207	59	0	3	0	1	0	165	179	148	14	0	2	0	78	89	0	177	41	0	3	0	85	201	174	100	0	2	0	1	0	40	26	0	1	0	
0	0	2	4	3	0	0	0	0	1	1	0	0	8	4	0	0	88	204	179	173	234	88	0	0	99	148	101	95	212	37	0	0	48	41	0	103	148	0	4	0	1	0	24	217	42	0	2	0	4	0	163	149	0	3	0	0	0	4	152	29	0	1	0	
0	1	2	0	0	0	0	0	0	0	1	38	93	130	37	0	0	16	120	103	73	58	13	0	0	81	165	62	61	12	0	1	0	7	18	29	64	134	20	0	0	1	7	3	0	108	84	0	0	0	97	94	100	133	12	0	0	0	9	46	61	14	0	1	
0	0	1	0	0	1	0	0	0	0	4	12	0	33	20	0	3	0	71	151	0	187	65	0	2	0	172	124	70	183	0	1	0	43	237	194	251	98	0	4	0	6	7	53	182	0	0	0	0	3	0	146	110	0	3	0	0	1	0	73	18	0	0	0	
0	0	0	0	0	3	1	0	0	0	9	53	36	0	26	42	0	1	195	168	127	72	219	115	2	0	105	142	158	240	76	0	3	0	66	252	213	23	0	2	0	2	193	28	101	76	0	3	1	0	125	166	204	40	0	2	1	0	12	113	46	0	1	0	
0	0	1	0	2	3	0	0	0	0	1	7	0	0	0	0	3	0	74	241	191	185	38	0	4	0	158	161	80	235	40	0	1	0	76	12	82	166	0	2	0	2	0	34	222	42	0	2	1	0	10	220	127	0	3	0	2	0	52	165	0	1	0	0	
0	0	1	0	0	0	0	0	0	0	0	47	122	39	0	2	3	0	86	211	77	6	0	0	4	0	105	199	55	0	0	0	0	1	0	46	139	146	3	0	0	0	2	0	32	195	17	0	2	0	51	164	152	50	0	2	1	0	19	48	1	0	0	0	
0	0	1	0	0	0	0	0	0	0	1	13	1	77	8	0	1	0	27	133	22	161	0	0	3	0	123	130	117	141	0	4	1	0	137	190	241	101	0	3	0	2	0	67	162	0	2	0	0	2	0	160	73	0	2	0	0	0	0	26	6	0	0	0	
0	0	0	6	9	0	0	0	2	0	64	159	137	26	0	1	1	0	46	30	153	36	0	1	1	0	23	177	236	43	0	2	2	0	54	82	60	177	7	0	0	67	45	0	0	162	68	0	0	32	135	58	65	161	16	0	0	0	7	15	13	4	0	0	
0	0	0	0	0	0	0	0	0	2	0	80	209	83	0	2	2	0	51	145	26	137	18	0	2	0	42	133	84	152	0	0	1	0	0	183	249	67	0	3	4	0	108	124	55	128	0	4	2	0	40	146	166	52	0	2	0	0	0	6	6	0	0	0	
0	0	2	0	12	60	14	0	0	2	0	79	190	130	31	0	3	0	80	186	27	0	1	0	0	11	176	62	149	191	20	0	0	25	183	177	38	99	125	0	0	0	213	142	0	127	119	0	2	0	50	129	103	110	7	0	0	0	1	0	0	0	1	0	
0	0	3	1	0	1	0	0	0	1	0	28	84	15	0	1	2	0	79	199	196	158	0	2	0	8	190	17	45	167	0	2	0	4	175	131	224	126	0	4	1	0	34	102	185	87	0	3	0	1	1	0	164	27	0	1	0	0	0	9	69	2	0	0	
0	0	0	13	31	0	1	0	0	3	0	143	108	0	3	0	3	0	91	177	0	1	2	0	2	0	151	39	10	17	0	0	1	0	162	127	89	159	52	0	3	0	81	187	45	139	88	0	0	1	0	30	101	78	0	0	0	0	2	1	0	0	0	0	
0	1	0	19	51	4	0	0	1	0	18	216	214	106	0	3	3	0	77	171	56	192	0	0	1	0	20	151	230	86	0	2	0	19	200	161	13	0	1	0	0	49	252	148	133	137	51	0	1	0	43	131	160	168	84	0	0	0	0	0	0	0	0	0	
0	0	1	39	20	0	1	0	1	0	27	105	147	40	0	2	0	2	0	52	150	7	0	2	1	0	28	167	27	0	1	0	3	0	122	61	0	24	62	47	0	21	161	81	130	121	83	30	0	0	64	81	21	0	0	0	0	0	0	0	0	2	3	1	
0	0	2	2	0	1	0	0	0	0	0	2	23	4	0	0	2	0	44	173	208	156	0	1	0	2	184	35	64	190	0	1	0	2	177	158	221	77	0	3	1	0	22	85	196	37	0	2	0	2	0	34	179	0	0	0	0	1	0	30	119	0	1	0	
0	0	0	1	1	5	0	0	0	0	2	0	72	93	0	2	0	2	0	46	173	6	0	1	0	3	0	144	73	0	2	0	0	2	0	145	33	0	1	0	0	3	0	142	53	0	2	0	0	2	0	72	118	0	2	0	0	0	0	0	7	1	0	0	
0	0	0	2	4	2	0	0	3	0	100	195	162	192	59	0	4	0	127	114	11	30	7	0	3	0	94	204	170	180	38	0	0	0	1	6	0	90	114	0	0	69	137	54	36	134	90	0	0	48	160	194	195	131	4	0	0	0	0	0	0	0	0	0	
0	0	1	0	2	1	0	0	0	0	5	15	0	0	0	0	3	0	111	209	107	58	0	2	0	4	136	19	115	132	0	4	2	0	100	160	191	104	0	4	0	0	3	12	71	118	0	3	0	0	3	0	41	162	0	2	0	0	0	0	5	76	0	0	
0	0	0	0	0	0	0	0	0	2	0	48	136	0	2	0	0	3	0	101	186	0	3	0	0	3	0	109	154	0	4	0	0	4	0	126	155	0	4	0	0	4	0	157	140	0	4	0	0	1	0	147	63	0	2	0	0	0	1	3	0	0	0	0	
0	0	0	0	1	0	0	0	0	1	0	145	46	0	2	0	0	2	0	145	120	0	3	0	0	3	0	113	164	0	4	0	0	4	0	122	176	0	3	0	0	4	0	109	204	0	2	0	0	2	0	74	171	0	1	0	0	0	0	0	0	0	0	0	
0	0	0	0	0	1	1	0	1	0	26	147	148	178	49	0	2	0	40	200	115	30	2	0	2	0	35	177	174	111	0	3	0	0	0	0	7	157	10	0	0	88	58	35	135	156	0	1	0	127	188	192	152	21	0	1	0	0	0	0	0	1	0	0	
0	0	0	0	0	2	0	0	0	0	23	22	6	5	0	0	0	5	218	70	131	177	0	0	0	79	238	13	200	231	2	0	0	37	138	185	255	161	0	2	0	3	0	131	255	29	0	2	0	5	0	92	211	5	0	1	0	0	1	0	51	15	0	1	
0	1	0	53	20	0	1	0	0	0	0	160	31	0	1	0	2	0	44	151	0	3	0	0	3	0	96	107	0	164	37	0	4	0	145	86	124	249	17	0	3	0	80	217	255	102	0	3	0	0	0	8	49	17	0	1	0	0	1	0	0	1	0	0	
0	1	2	0	0	0	0	0	0	0	3	71	74	9	0	1	0	5	186	191	235	175	0	2	0	123	173	0	160	172	0	3	0	147	195	104	247	122	0	4	0	8	116	133	176	143	0	4	0	0	4	0	119	229	0	0	0	1	5	0	46	91	0	0	
0	0	0	0	0	0	0	0	0	2	0	51	167	80	0	1	0	0	2	173	175	202	20	0	0	0	17	116	68	180	5	0	1	0	7	226	222	25	0	2	4	0	112	151	140	18	0	1	3	0	85	182	182	21	0	1	0	0	0	52	35	0	1	0	
0	0	0	0	0	0	0	0	0	1	0	7	102	46	0	2	0	3	0	97	199	54	0	3	0	1	0	15	146	25	0	1	0	0	0	3	142	14	0	1	0	10	24	53	138	0	3	0	0	0	115	151	38	0	2	0	1	0	20	39	0	1	0	0	
0	0	1	0	0	0	0	0	1	0	22	146	192	165	1	0	2	0	183	189	137	214	4	0	0	4	55	143	238	205	6	0	0	0	0	117	29	145	57	0	0	86	77	58	172	191	7	0	0	153	223	207	127	14	0	1	0	0	0	0	0	1	1	0	
0	0	0	0	0	0	0	0	1	0	104	42	0	28	0	0	0	0	203	48	28	205	4	0	0	19	192	1	150	177	0	3	0	2	181	196	252	113	0	4	1	0	22	34	167	82	0	3	0	1	1	0	200	68	0	3	0	0	1	0	29	9	0	0	
0	0	0	0	0	0	1	0	0	1	0	96	159	184	141	0	1	0	14	197	117	54	21	0	1	0	19	202	166	129	0	0	0	0	4	109	58	129	50	0	0	105	106	50	71	181	47	0	0	114	200	190	179	73	0	1	0	0	0	0	0	0	0	0	
0	0	1	1	0	0	0	0	0	2	0	44	114	24	0	1	2	0	70	54	117	121	0	4	2	0	40	127	158	25	0	1	0	4	0	160	147	0	4	0	1	0	20	134	129	5	0	0	1	0	22	124	117	0	0	0	0	1	0	35	21	0	1	0	
0	0	0	11	74	0	0	0	0	3	0	119	149	0	3	0	1	0	31	187	7	6	2	0	4	0	107	98	120	219	73	0	0	4	138	167	174	186	96	0	0	9	197	244	226	140	0	0	1	0	53	75	30	1	0	0	0	0	0	0	0	2	1	0	
0	2	0	0	0	1	1	0	0	0	18	21	24	7	0	0	0	114	211	175	190	174	8	0	0	190	143	15	114	114	4	0	0	37	162	184	221	169	0	3	0	0	3	0	59	200	0	1	0	2	4	0	44	214	9	0	0	0	0	1	0	111	18	0	
0	0	0	0	1	0	0	0	0	2	0	68	191	118	0	1	1	0	7	188	38	165	44	0	0	0	1	142	137	163	4	0	1	0	19	211	199	2	0	1	4	0	149	130	147	17	0	1	2	0	67	180	150	4	0	1	0	0	0	1	1	0	0	0	
0	0	0	0	0	1	0	0	0	1	0	65	125	33	0	2	2	0	34	174	159	189	0	0	1	0	10	161	124	133	9	0	2	0	53	151	189	42	0	2	4	0	115	70	26	146	0	2	1	0	22	147	142	109	0	3	0	1	0	18	52	5	0	0	
0	0	2	1	0	0	0	0	0	2	0	47	198	115	0	1	3	0	75	226	177	235	35	0	0	7	214	84	0	129	97	0	0	80	161	0	0	147	107	0	0	104	200	94	199	207	5	0	0	18	183	213	153	23	0	1	0	0	0	0	0	1	1	0	
0	0	0	8	4	0	0	0	2	0	49	114	86	0	0	0	1	0	123	9	96	27	0	1	3	0	104	97	101	6	0	0	0	0	0	127	187	31	0	2	0	0	1	121	69	131	0	3	0	1	0	106	137	63	0	2	0	0	0	3	10	0	0	0	
0	0	2	0	0	0	0	0	0	2	0	62	146	165	78	0	3	0	108	255	245	185	174	0	0	39	226	61	14	24	198	18	0	143	124	0	0	53	199	1	0	151	146	51	110	248	108	0	0	71	248	247	233	121	0	1	0	0	19	31	6	0	2	0	
0	0	0	0	5	2	0	0	0	0	0	130	135	14	0	1	2	0	35	184	2	0	0	0	1	0	21	202	173	106	4	0	0	1	0	87	89	186	17	0	1	0	32	22	32	156	0	2	3	0	75	178	163	76	0	3	0	0	0	4	9	0	0	0	
0	0	2	1	2	1	0	0	0	0	0	18	7	0	0	0	3	0	79	194	151	24	0	1	2	0	145	72	202	44	0	2	2	0	62	199	198	15	0	1	0	0	5	0	130	38	0	1	0	0	4	0	148	50	0	2	0	0	2	0	99	36	0	1	
0	1	1	0	0	0	0	0	2	0	53	102	62	144	58	0	0	1	166	200	139	77	168	11	0	77	158	15	15	0	120	45	0	129	121	0	9	0	97	47	0	122	124	0	0	56	149	11	0	33	179	129	132	125	26	0	1	0	23	67	24	0	1	1	
0	0	1	2	0	1	0	0	0	0	0	6	17	0	0	0	1	0	26	183	212	81	0	3	3	0	147	71	131	129	0	3	3	0	125	181	212	19	0	1	1	0	23	87	153	25	0	1	0	0	1	0	163	26	0	1	0	0	1	5	111	11	0	0	
0	0	0	1	4	32	1	0	0	0	2	0	113	156	0	0	0	3	0	82	169	0	0	0	1	0	9	187	38	0	2	0	3	0	71	202	145	44	0	2	4	0	120	145	163	56	0	2	1	0	22	147	87	0	2	0	0	0	0	0	0	1	0	0	
0	1	0	0	0	0	0	0	1	0	53	192	189	50	0	2	0	101	255	117	108	132	0	4	0	90	55	49	218	219	20	0	0	2	0	101	91	129	125	0	0	12	161	78	66	184	71	0	0	1	142	224	211	83	0	2	0	0	0	0	0	0	1	0	
0	0	2	0	0	0	0	0	0	1	0	28	81	157	83	0	0	0	136	196	172	144	34	0	0	6	228	171	40	0	1	0	1	0	36	152	205	167	8	0	0	0	2	0	41	237	25	0	3	0	74	200	221	124	0	1	0	0	9	57	46	0	0	0	
0	0	0	0	0	0	0	0	0	2	0	133	70	0	2	0	0	4	0	155	136	0	4	0	0	3	0	107	159	0	4	0	0	3	0	108	181	0	3	0	0	4	0	134	181	0	3	0	0	3	0	101	113	0	3	0	0	0	0	0	0	0	0	0	
0	1	2	1	3	4	0	0	1	4	0	0	0	0	1	0	43	164	33	46	55	139	124	0	4	121	147	113	82	188	48	0	1	0	82	84	134	181	20	0	1	2	60	108	185	62	46	0	0	3	0	111	85	0	3	0	0	2	0	85	26	0	2	0	
0	0	0	0	0	0	0	0	0	1	0	32	106	0	2	0	0	1	0	29	158	0	1	0	0	1	0	22	157	0	0	0	0	1	0	36	165	0	1	0	0	3	0	93	168	0	3	0	0	3	0	83	107	0	3	0	0	0	0	0	0	0	0	0	
0	0	0	0	0	2	0	0	2	0	41	140	51	0	2	0	3	0	57	156	133	96	0	1	3	0	85	56	0	93	76	0	4	0	111	64	0	25	104	0	4	0	102	67	0	68	97	0	1	0	29	125	91	124	14	0	0	1	0	30	56	8	0	0	
0	0	1	0	0	1	0	0	0	0	1	93	154	49	0	2	3	0	122	217	217	195	0	0	0	10	191	24	6	197	26	0	0	36	150	0	0	163	31	0	0	12	184	10	65	185	0	0	3	0	105	209	179	60	0	2	0	0	4	42	8	0	1	0	
0	0	1	0	39	37	0	1	0	1	0	21	143	22	0	1	0	3	0	132	84	0	3	0	1	0	32	143	45	72	0	1	3	0	83	124	103	161	13	0	3	0	60	216	137	89	0	2	0	0	0	51	66	5	0	0	0	0	1	0	0	2	0	0	
0	0	0	0	0	0	0	0	0	1	0	13	109	7	0	1	0	2	0	36	241	38	0	2	0	2	0	58	197	0	0	1	0	3	0	88	183	0	2	0	0	4	0	124	144	0	4	0	0	4	0	153	113	0	3	0	0	1	0	27	15	0	0	0	
0	0	1	0	0	0	0	0	1	0	26	124	127	57	0	2	0	0	129	88	32	164	16	0	0	69	104	0	27	117	2	0	0	27	141	126	207	79	0	3	0	2	0	148	72	150	50	0	0	3	0	99	128	118	18	0	0	0	0	4	45	11	0	0	
0	0	0	14	43	0	0	0	1	0	17	192	224	99	0	3	1	0	21	49	62	176	0	3	0	0	3	0	98	112	0	3	0	0	115	180	237	68	58	3	0	68	214	194	150	203	64	0	0	22	137	61	0	10	0	0	0	0	0	0	3	1	2	0	
0	0	0	0	0	0	0	0	0	1	0	33	103	0	2	0	0	2	0	47	153	0	2	0	0	2	0	51	165	0	2	0	0	2	0	68	154	0	3	0	0	3	0	76	147	0	4	0	0	2	0	55	123	0	2	0	0	0	0	0	0	0	0	0	
0	0	0	0	0	0	0	0	1	0	32	140	130	7	0	1	2	0	168	209	224	51	0	2	0	1	0	89	255	97	0	3	0	1	0	49	94	195	9	0	0	0	2	0	36	190	9	0	0	5	136	178	203	64	0	3	0	0	27	60	26	0	1	0	
0	0	0	0	0	0	0	0	2	0	62	102	112	98	8	0	1	0	61	23	57	197	13	0	0	1	0	35	137	39	0	2	0	0	0	145	32	0	2	0	0	1	0	75	135	41	0	2	2	0	50	133	173	80	0	3	1	0	12	64	33	0	1	0	
0	0	0	0	0	0	0	0	1	0	44	12	3	35	0	0	0	11	177	3	46	173	0	2	0	52	229	104	183	168	0	4	0	9	89	116	228	106	0	3	0	0	0	0	172	35	0	1	0	2	0	38	218	19	0	1	0	1	0	23	73	0	1	0	
0	0	3	0	1	4	0	0	0	2	0	15	166	84	0	4	2	0	80	212	85	0	1	0	0	66	192	24	87	171	125	10	0	146	99	89	152	75	217	43	0	37	210	243	180	177	85	0	1	0	9	56	65	8	0	0	0	1	1	0	0	1	3	0	
0	0	0	0	0	0	0	0	0	0	0	20	18	30	44	45	1	0	7	211	194	180	170	122	3	0	83	178	0	3	0	0	3	0	157	228	106	0	4	3	1	0	64	39	191	34	0	2	2	0	127	180	183	34	0	2	0	0	0	60	70	0	1	0	
0	0	1	0	0	0	1	0	1	0	4	167	190	90	0	2	4	0	120	204	77	206	53	0	0	8	188	40	0	77	124	0	0	37	150	0	0	64	128	0	0	46	213	72	94	201	48	0	1	0	97	182	166	61	0	2	0	0	0	0	0	1	1	0	
0	0	2	0	50	62	0	2	0	1	13	0	186	75	0	3	0	3	0	118	152	0	3	0	1	0	10	166	23	11	0	0	2	0	48	194	159	218	23	0	2	0	41	251	237	125	0	1	0	0	0	43	36	0	0	0	0	0	0	0	0	2	0	0	
0	0	2	0	0	0	0	0	2	0	111	141	69	3	0	0	1	0	23	61	181	71	0	3	0	2	0	62	163	9	0	1	0	2	0	121	180	77	1	0	0	0	5	0	61	206	21	0	2	0	67	176	166	79	0	1	0	0	3	7	1	0	0	0	
0	0	1	2	0	1	0	0	0	0	0	4	7	0	0	0	2	0	44	212	222	38	0	2	2	0	42	177	216	62	0	3	0	1	0	10	189	23	0	1	0	2	0	50	187	0	1	0	0	3	0	81	170	0	3	0	0	3	0	71	109	0	3	0	
0	0	0	5	9	0	0	0	1	0	15	131	142	68	0	2	3	0	137	65	33	132	0	3	3	0	76	181	141	130	31	0	2	0	108	106	0	51	139	0	1	0	157	26	0	98	139	0	2	0	67	110	87	101	6	0	0	0	0	11	16	1	0	0	
0	0	1	0	0	2	3	0	0	0	0	103	133	4	0	1	3	0	107	178	110	83	91	0	1	0	198	115	93	212	121	0	1	0	44	247	225	14	0	1	2	0	51	178	174	32	0	1	1	0	23	211	155	0	0	0	0	1	0	32	19	0	1	0	
0	0	0	9	9	0	0	0	1	0	27	110	111	27	0	1	3	0	72	73	88	99	0	3	2	0	34	184	162	9	0	1	3	0	93	231	118	119	0	2	3	0	96	183	0	155	22	0	0	1	0	95	133	91	0	0	0	0	1	1	10	1	0	0	
0	0	1	1	0	2	0	0	0	0	0	11	24	0	0	0	1	0	10	135	176	90	0	3	4	0	113	132	149	84	0	3	3	0	65	145	195	37	0	2	0	0	1	0	163	35	0	1	0	0	0	13	164	8	0	0	0	1	0	19	122	0	0	0	
0	0	1	1	0	0	0	0	0	1	7	0	53	4	0	0	1	0	124	48	150	0	0	0	3	0	79	192	179	1	0	1	0	2	0	69	180	0	1	0	0	1	0	16	173	5	0	0	0	1	0	33	161	0	0	0	0	0	0	9	23	0	1	0	
0	1	1	0	0	1	1	0	1	0	14	125	148	25	0	1	0	0	187	158	185	214	22	0	0	51	189	1	0	148	155	0	0	68	171	0	0	82	159	0	0	16	187	23	91	208	54	0	4	0	135	237	170	28	0	1	0	0	14	43	2	0	2	0	
0	0	2	0	47	19	0	1	0	1	0	134	177	31	0	2	3	0	99	195	0	2	3	0	2	0	182	72	0	3	0	0	3	0	162	104	26	98	43	0	2	0	32	207	224	173	181	0	0	1	0	15	75	125	80	0	0	0	2	1	0	0	0	0	
0	0	0	0	0	0	0	0	0	0	1	0	135	30	0	1	0	1	0	17	190	19	0	1	0	2	0	45	155	0	2	0	0	2	0	62	144	0	3	0	0	4	0	118	144	0	4	0	0	3	0	120	59	0	2	0	0	0	0	0	0	0	0	0	
0	0	1	1	1	0	0	0	0	0	0	0	6	12	0	0	0	6	148	177	122	159	13	0	0	2	37	31	51	140	0	2	0	0	2	0	142	63	0	2	0	3	0	78	125	0	2	0	1	0	16	160	13	0	0	0	1	0	22	99	0	1	0	0	
0	0	0	0	0	0	0	0	0	1	0	87	215	71	0	3	1	0	16	214	174	170	0	2	0	0	4	0	89	172	0	3	1	0	12	120	228	82	0	2	4	0	147	255	180	157	24	0	3	0	141	130	0	2	0	0	0	0	0	0	2	1	0	0	
0	0	0	1	0	0	0	0	0	0	3	0	73	37	0	1	0	3	0	50	230	30	0	2	1	0	42	144	163	39	0	1	0	28	205	170	202	102	0	3	0	8	16	0	134	72	0	3	0	0	3	0	99	96	0	3	0	0	1	0	9	15	0	1	
0	0	0	0	0	0	0	0	0	0	3	104	81	0	2	0	3	0	123	255	157	0	3	0	0	2	5	133	229	63	0	2	0	0	1	1	61	195	0	1	0	5	41	0	120	122	0	3	0	1	168	201	144	0	0	0	1	0	18	53	2	1	0	0	
0	0	1	0	0	0	1	0	1	0	28	126	118	34	0	1	0	0	193	206	104	227	51	0	2	0	162	186	107	231	35	0	0	2	0	161	255	112	0	4	3	0	86	246	255	113	0	4	3	0	81	255	214	40	0	2	0	0	0	39	20	0	1	0	
0	0	0	0	0	0	0	0	1	0	39	81	0	17	3	0	4	0	137	117	0	158	8	0	0	0	191	87	107	150	0	3	1	0	54	140	210	93	0	4	0	0	2	0	158	49	0	2	0	1	0	27	182	5	0	1	0	0	0	7	29	0	0	0	
0	0	0	0	0	0	0	0	0	18	27	11	19	2	0	0	0	105	179	154	228	85	0	4	0	0	5	0	158	115	0	4	0	1	2	0	193	78	0	3	0	1	0	15	223	40	0	2	0	1	0	20	212	22	0	1	0	1	0	9	164	33	0	2	
0	0	0	2	0	0	0	0	0	0	1	0	13	26	68	44	0	2	0	52	123	142	121	67	1	0	24	185	15	0	1	0	3	0	69	171	129	0	4	2	0	21	107	34	186	0	0	0	0	0	94	152	33	0	1	0	0	0	0	1	0	0	0	0	
0	0	0	0	0	0	0	0	2	0	39	147	155	185	166	1	4	0	112	236	91	62	48	1	3	0	180	77	0	3	0	0	3	0	93	200	191	168	18	0	1	0	116	65	53	232	63	0	2	0	110	200	192	94	0	1	0	0	0	2	2	0	0	0	
0	0	1	0	22	11	0	0	0	1	0	5	214	105	0	3	0	4	0	124	134	19	0	1	1	0	9	168	30	7	0	0	2	0	39	220	206	156	0	4	2	0	39	255	229	68	0	3	1	0	13	125	52	0	1	0	0	0	0	0	0	1	0	0	
0	0	1	15	36	0	1	0	3	0	77	95	110	87	0	1	0	0	149	29	0	184	51	0	0	45	147	0	0	113	136	0	0	76	124	0	0	25	125	0	0	36	197	75	35	107	100	0	1	0	70	142	130	90	4	0	0	0	0	0	0	0	1	0	
0	0	1	1	0	0	0	0	0	0	0	4	15	3	0	0	3	0	93	201	204	102	0	4	4	0	123	101	146	99	0	4	0	1	0	7	193	34	0	2	0	3	0	80	162	0	3	0	0	2	0	176	88	0	3	0	0	0	5	124	12	0	0	0	
0	1	3	4	2	0	0	0	0	0	0	0	0	6	1	0	0	18	67	94	139	173	6	0	0	78	141	65	55	148	0	1	0	0	3	0	100	91	0	3	0	2	0	33	160	3	0	0	0	2	0	144	80	0	3	0	1	0	12	114	3	0	0	0	
0	0	0	0	0	1	2	0	0	0	0	89	160	70	0	2	3	0	69	199	154	213	137	5	1	0	15	200	234	202	60	0	2	0	76	190	177	140	0	4	2	0	198	62	119	145	0	4	3	0	90	214	162	8	0	1	0	0	1	39	8	0	0	0	
0	1	1	0	0	0	0	0	1	0	27	104	38	0	4	1	0	27	174	115	25	0	2	0	0	130	78	0	107	178	109	8	0	142	79	77	170	0	187	45	0	30	159	213	160	152	99	0	0	0	5	24	53	36	0	0	0	2	2	0	0	0	2	0	
0	0	2	1	0	0	0	0	0	1	0	35	70	3	0	0	2	0	46	128	164	86	0	3	3	0	75	144	176	62	0	3	0	1	0	27	178	16	0	1	0	2	0	58	148	0	3	0	0	4	0	111	169	0	2	0	0	1	0	51	48	0	1	0	
0	0	3	0	0	0	0	0	0	92	173	148	81	0	1	0	0	28	1	102	202	0	1	0	2	0	118	255	141	8	0	1	0	0	46	50	104	165	37	0	2	0	59	55	14	191	123	0	3	0	70	187	167	101	3	0	0	0	0	1	0	0	0	0	
0	0	2	1	0	1	0	0	0	1	0	19	140	80	0	2	2	0	62	179	201	212	2	0	0	0	188	92	0	175	55	0	0	58	143	0	0	169	40	0	0	102	147	0	88	154	0	2	0	16	175	199	182	21	0	1	0	0	8	54	13	0	1	0	
0	0	0	0	0	0	0	0	0	0	1	0	22	23	0	1	2	0	43	103	101	110	0	4	4	0	99	153	158	126	0	4	2	0	60	175	213	26	0	1	0	2	0	62	153	0	3	0	0	3	0	97	143	0	4	0	0	1	0	40	46	0	1	0	
0	0	0	0	0	0	0	0	0	0	0	10	130	6	0	0	0	1	0	28	201	11	0	1	0	3	0	85	184	0	3	0	0	3	0	97	144	0	4	0	0	4	0	139	164	0	0	1	0	3	0	129	144	1	0	1	0	0	0	0	0	0	0	0	
0	0	1	1	15	1	0	0	0	3	0	82	172	0	2	0	2	0	29	212	70	0	1	0	4	0	155	196	183	187	0	1	3	0	150	255	192	223	44	0	3	0	70	254	225	199	8	0	0	1	0	43	134	32	0	1	0	0	1	0	0	0	0	0	
0	0	0	1	31	4	0	0	1	0	3	137	243	90	0	3	3	0	73	142	116	155	0	4	0	1	4	0	126	94	0	3	0	0	7	71	213	18	0	1	0	114	247	227	209	125	0	2	0	59	73	10	20	122	5	0	0	0	0	0	1	0	0	0	
0	0	0	3	1	0	0	0	0	0	1	0	11	56	78	11	0	2	0	73	195	244	179	16	1	0	12	199	192	97	3	0	0	46	157	180	103	0	5	1	0	105	164	10	156	13	0	0	1	0	85	134	141	12	0	1	0	1	0	7	7	0	0	0	
0	0	0	0	0	0	0	0	1	0	17	144	78	0	1	0	1	0	33	138	169	8	0	0	0	0	0	121	186	5	0	1	0	0	10	65	113	148	0	3	0	0	3	0	108	141	0	3	3	0	56	176	152	12	0	1	1	0	21	45	0	1	0	0	
0	0	1	0	0	1	1	0	0	1	0	82	153	50	0	2	3	0	118	167	137	218	7	0	3	0	117	136	85	182	0	1	0	2	0	43	227	45	0	2	0	2	0	137	255	55	0	3	1	0	0	192	217	31	0	2	0	0	0	12	19	0	0	0	
0	0	0	0	0	2	0	0	0	0	3	87	8	0	0	0	1	0	23	176	9	94	5	0	3	0	122	162	59	179	0	1	0	3	168	174	218	119	0	4	0	1	0	0	181	49	0	2	0	3	0	80	156	0	3	0	0	1	0	19	15	0	0	0	
0	0	0	1	2	0	0	0	2	0	94	189	204	76	0	3	0	0	20	31	208	123	0	4	2	0	30	202	205	3	0	1	2	0	45	161	178	113	0	3	0	0	31	41	187	185	0	2	0	1	166	216	135	12	0	1	0	1	2	0	0	0	0	0	
0	0	0	2	0	0	0	0	0	1	0	23	129	133	117	0	0	3	0	133	157	83	53	0	2	0	43	251	105	0	2	0	0	3	31	32	183	71	0	3	0	90	99	0	187	47	0	2	0	25	183	185	125	0	2	0	1	0	28	56	1	0	0	0	
0	0	0	0	0	0	0	0	0	14	140	154	91	34	0	0	0	12	53	94	239	253	49	0	2	0	91	213	255	137	0	1	3	0	123	195	154	216	79	0	0	7	15	0	36	223	55	0	0	82	209	167	211	68	0	2	0	11	55	62	20	0	2	0	
0	0	0	10	87	3	0	0	0	2	0	72	190	0	1	0	0	2	0	176	70	0	2	0	2	0	38	185	64	18	0	1	4	0	112	248	254	136	0	4	3	0	73	255	252	84	0	3	0	0	0	45	57	0	0	0	0	0	1	0	0	1	0	0	
0	1	0	25	69	0	1	0	0	1	0	182	156	0	6	0	3	0	115	204	2	0	1	0	0	14	228	52	25	147	93	0	0	49	207	19	208	197	233	32	0	5	182	210	237	187	82	0	1	0	12	80	70	15	0	1	0	1	1	0	0	0	3	0	
0	0	1	1	1	0	0	0	0	0	6	5	0	1	0	0	4	0	130	229	200	164	0	1	0	2	215	101	146	171	0	3	0	6	80	0	169	82	0	3	0	1	0	35	200	12	0	1	0	4	0	119	163	0	3	0	0	3	0	115	66	0	2	0	
0	0	0	0	0	0	0	0	0	0	0	0	55	8	0	0	0	1	0	19	110	0	1	0	0	2	0	46	74	0	3	0	0	3	0	77	42	0	1	0	0	2	0	94	20	0	1	0	0	2	0	82	23	0	1	0	0	0	0	13	9	0	0	0	
0	0	1	0	0	0	1	0	1	0	20	79	33	42	0	0	3	0	162	153	134	182	154	0	2	0	155	141	17	150	172	0	1	0	0	195	255	124	0	0	3	0	94	142	175	58	0	3	4	0	145	211	143	0	2	0	2	0	39	121	15	0	1	0	
0	0	1	0	0	0	0	0	1	0	13	79	20	15	2	0	3	0	129	108	33	162	2	0	0	0	157	66	171	147	0	4	1	0	51	85	165	72	0	3	0	1	0	10	185	21	0	1	0	1	0	17	198	25	0	1	0	0	1	0	59	17	0	1	
0	0	1	0	0	3	1	0	0	0	1	60	70	2	0	0	2	0	145	163	156	151	3	0	0	20	221	38	108	228	6	0	0	0	124	166	211	138	0	4	0	0	2	0	180	72	0	3	0	3	0	68	200	0	0	1	0	2	0	50	61	0	2	0	
0	2	3	0	0	0	0	0	0	0	2	0	54	31	0	1	0	42	74	0	113	70	0	3	0	42	182	4	163	93	0	4	2	0	143	164	184	62	0	3	0	0	13	0	89	70	0	3	0	0	2	0	63	122	0	2	0	0	1	0	1	23	0	0	
0	0	0	0	1	0	0	0	0	0	2	8	0	1	0	0	4	0	109	236	189	118	0	4	3	0	80	96	139	104	0	4	0	0	3	0	151	50	0	2	0	0	1	3	181	34	0	1	0	2	0	44	179	2	0	1	0	2	0	62	84	0	3	0	
0	0	1	1	0	0	0	0	0	1	0	15	81	132	56	0	2	0	44	162	113	70	16	0	3	0	75	171	0	1	0	0	0	2	0	132	149	0	3	0	0	0	0	0	184	35	0	2	1	0	10	130	159	6	0	1	1	0	14	54	7	0	0	0	
0	0	1	1	0	0	0	0	0	1	0	34	47	45	121	37	1	0	0	195	247	183	139	18	3	0	90	242	219	96	0	3	2	0	73	39	104	147	0	5	0	35	93	3	206	64	0	3	0	23	206	182	95	0	1	0	1	0	31	30	0	2	0	0	
0	0	1	0	0	0	0	0	0	0	7	91	2	70	23	0	3	0	100	124	0	180	21	0	3	0	183	78	29	186	0	1	3	0	159	217	179	146	0	4	1	0	24	66	159	152	0	4	0	0	4	0	147	133	0	4	0	0	2	1	22	10	0	0	
0	0	0	1	3	2	2	1	0	0	1	1	0	0	0	0	0	3	0	81	169	150	155	80	1	0	20	211	91	26	28	13	3	0	90	165	148	0	0	0	0	22	127	51	151	0	3	1	1	0	112	176	41	0	2	0	0	0	1	3	0	0	0	0	
0	1	2	0	0	0	0	0	0	0	6	68	99	102	23	0	0	33	145	106	18	157	62	0	0	41	35	0	85	87	0	2	0	1	0	70	98	0	0	0	2	0	73	96	0	2	1	0	3	0	62	139	108	122	44	0	0	1	0	38	63	19	0	0	
0	0	0	0	1	0	0	0	0	0	3	0	41	75	0	2	0	0	3	0	160	104	0	3	0	1	0	18	178	12	0	1	0	2	0	68	124	0	3	0	0	3	0	130	93	0	3	0	1	0	17	183	18	0	1	0	0	0	8	27	0	0	0	0	
0	0	2	0	1	0	0	0	0	1	0	14	8	0	0	0	1	0	68	141	124	0	2	1	0	52	105	13	132	0	1	0	0	12	0	110	77	0	25	20	2	0	57	198	108	102	116	55	0	0	8	6	3	0	0	0	0	0	0	0	0	1	2	1	
0	0	2	2	0	2	0	0	0	1	0	12	25	0	0	0	2	0	43	184	198	112	0	2	2	0	179	59	81	189	0	3	1	0	160	153	226	108	0	4	0	0	14	29	157	70	0	3	0	0	3	0	172	64	0	2	0	0	0	4	129	20	0	1	
0	0	0	0	0	0	0	0	0	0	0	12	56	7	0	0	2	0	101	165	206	25	0	1	0	0	13	9	165	27	0	1	0	1	0	22	159	0	0	0	0	2	0	66	144	0	4	0	0	2	0	57	201	7	0	1	0	0	0	7	89	9	0	0	
0	0	1	0	1	3	0	0	0	0	2	28	8	0	0	0	3	0	109	200	162	52	0	0	2	0	187	83	194	176	0	3	2	0	93	182	214	68	0	3	0	1	0	9	198	35	0	2	0	3	0	87	168	0	1	0	0	3	0	109	60	0	2	0	
0	3	52	44	10	0	0	0	0	20	136	148	172	62	0	2	0	0	1	0	41	177	7	0	0	1	0	0	0	156	24	0	0	1	99	138	180	201	0	0	0	123	202	140	223	186	83	0	0	65	100	113	39	27	76	0	0	0	0	0	1	2	0	0	
0	0	0	0	0	0	0	0	0	0	14	24	21	8	0	0	0	30	233	205	235	151	0	4	0	43	167	0	149	122	0	4	0	2	6	0	164	63	0	2	0	1	0	34	221	24	0	1	0	4	0	107	197	0	0	0	0	3	0	106	76	0	2	0	
0	3	14	3	1	1	0	0	0	89	122	103	30	0	1	0	2	47	0	23	122	21	0	1	0	0	3	0	53	103	0	3	1	0	8	63	42	95	0	1	2	0	63	72	75	150	0	1	0	0	11	37	93	83	0	0	0	0	0	7	16	0	0	0	
0	0	0	0	1	1	0	0	0	0	3	0	100	76	0	3	0	0	0	2	189	41	0	1	0	2	0	61	181	0	2	0	0	4	0	137	195	0	0	1	1	0	4	202	81	0	2	0	1	0	35	144	0	0	0	0	0	0	0	0	2	0	0	0	
0	0	0	0	0	0	0	0	1	0	45	143	135	38	0	0	0	63	255	90	141	192	0	1	0	16	138	146	193	61	0	3	0	2	0	147	186	139	0	1	3	0	95	136	0	174	30	0	4	0	133	177	167	151	0	0	1	0	9	61	57	9	0	0	
0	0	1	1	0	0	0	0	0	2	0	45	210	56	0	2	1	0	22	194	203	158	0	4	4	0	112	137	38	199	0	1	2	0	181	42	59	190	0	3	0	9	206	97	213	88	0	3	2	0	128	223	97	0	2	0	0	0	0	0	0	1	0	0	
0	0	2	2	0	1	0	0	0	3	0	15	44	0	1	0	1	0	32	145	107	35	0	2	0	72	158	17	39	97	0	3	0	126	155	82	142	195	76	0	1	0	22	51	26	177	77	0	0	2	0	2	0	97	33	0	0	0	1	2	1	0	2	0	
0	0	1	2	0	0	0	0	0	0	1	0	41	52	0	1	1	0	3	134	222	203	3	0	4	0	125	196	157	172	0	0	2	0	68	122	227	57	0	3	0	2	0	54	171	0	2	0	0	2	0	168	105	0	3	0	0	0	0	76	10	0	0	0	
1	3	2	3	3	3	1	0	0	0	0	0	0	0	0	0	33	77	61	84	73	68	11	0	55	188	180	207	243	255	66	0	0	0	4	0	116	247	15	0	1	4	0	29	245	124	0	3	0	2	0	53	194	17	0	1	0	0	0	1	5	1	0	0	
0	0	1	1	0	0	0	0	0	2	0	29	157	199	52	0	1	0	7	190	226	243	164	0	4	0	131	208	0	181	111	0	0	0	215	66	54	227	11	0	0	69	242	109	228	79	0	3	0	28	185	222	88	0	3	0	0	0	0	0	0	2	0	0	
0	0	0	9	2	1	0	0	2	0	60	137	130	12	0	1	0	8	107	0	44	107	1	0	0	15	81	0	0	89	56	0	0	15	87	0	0	53	72	0	0	0	125	35	0	91	61	0	1	0	32	125	113	102	1	0	0	0	0	7	15	1	0	0	
0	0	0	3	2	0	0	0	0	2	11	0	0	9	1	0	0	8	215	187	174	205	11	0	0	2	147	78	107	189	0	1	0	0	1	0	186	73	0	3	0	1	0	38	203	10	0	1	0	4	0	143	165	0	4	0	0	3	0	109	73	0	2	0	
0	0	0	0	1	0	0	0	0	0	2	0	56	32	0	1	0	0	2	0	148	50	0	2	0	2	0	43	173	0	0	0	0	4	0	112	124	0	4	0	0	3	0	153	65	0	2	0	0	3	0	119	37	0	1	0	0	0	0	15	4	0	0	0	
0	0	0	0	0	0	0	0	0	0	2	0	130	46	0	2	0	1	0	12	214	36	0	2	0	2	0	66	179	0	2	0	0	4	0	136	120	0	4	0	1	0	12	220	60	0	2	0	2	0	59	144	0	2	0	0	0	0	0	0	1	0	0	0	
0	0	2	7	0	1	0	0	0	0	2	133	71	0	1	0	0	2	0	34	217	166	0	1	1	0	21	159	79	41	0	1	0	1	0	130	81	0	2	0	0	8	74	21	180	22	0	1	0	0	106	159	112	0	0	0	0	0	0	3	2	0	0	0	
0	0	0	0	0	0	0	0	0	0	1	11	25	18	1	0	4	0	113	220	169	202	13	0	2	0	97	46	67	145	0	3	0	0	3	0	149	65	0	2	0	2	0	51	176	0	1	0	1	0	0	186	75	0	3	0	1	0	29	122	0	1	0	0	
0	1	4	4	4	4	1	0	0	0	0	0	0	0	0	0	0	30	160	156	156	137	15	0	0	24	139	95	148	231	15	0	0	0	4	0	125	140	0	4	0	1	1	14	208	46	0	2	0	3	0	96	182	0	2	0	0	4	0	115	101	0	3	0	
0	0	0	0	0	0	0	0	1	0	18	108	139	34	0	2	0	0	174	134	185	125	0	4	0	2	18	59	226	76	0	3	4	4	6	119	132	136	0	2	3	6	20	0	84	169	0	2	1	0	160	177	206	45	0	2	1	0	23	68	23	0	1	0	
0	0	2	0	0	1	0	0	0	1	0	21	49	3	0	0	3	0	108	225	213	73	0	3	0	27	215	59	185	183	0	3	0	29	210	215	255	136	0	4	1	0	37	55	164	125	0	4	0	1	4	0	129	147	0	4	0	0	2	0	16	54	0	1	
0	1	0	20	85	0	0	0	0	2	0	149	117	0	2	0	2	0	43	209	10	0	1	0	4	0	124	154	4	25	0	1	4	0	123	192	193	196	0	1	1	0	21	224	246	170	0	0	0	1	0	39	72	11	0	1	0	0	1	1	0	1	0	0	
0	0	0	0	0	0	0	0	2	0	37	181	189	54	0	2	2	0	38	101	210	120	0	4	0	3	0	129	255	53	0	3	0	1	0	29	132	200	0	0	1	0	117	121	164	184	0	2	0	0	153	232	169	24	0	1	0	0	0	0	0	0	0	0	
0	0	1	0	1	4	1	0	0	0	6	67	21	0	1	0	4	0	105	255	198	94	30	0	4	0	114	241	216	250	35	0	1	0	0	181	234	43	83	22	3	0	69	249	168	0	6	2	4	0	143	250	50	0	3	0	2	0	57	65	0	2	0	0	
0	0	1	0	0	0	0	0	1	0	14	51	40	0	0	0	1	0	105	35	63	42	0	2	0	10	98	6	133	72	0	3	0	0	113	105	120	90	0	4	0	0	10	0	43	91	0	3	0	0	2	0	37	132	0	2	0	0	1	0	11	56	0	1	
0	0	0	2	0	0	0	0	0	1	1	6	103	149	27	0	0	1	0	141	255	255	63	0	0	2	94	255	123	223	64	0	0	0	197	165	77	218	2	0	3	0	184	148	217	92	0	3	3	0	147	253	113	0	2	0	1	0	18	27	0	2	0	0	
0	0	0	0	0	0	0	0	1	0	14	52	102	87	0	2	2	0	46	125	236	96	0	3	1	0	2	156	202	44	0	1	3	0	73	143	80	172	0	1	0	0	2	0	121	109	0	3	0	45	121	149	127	0	0	0	0	4	53	37	0	1	0	0	
0	0	0	0	0	0	0	0	0	0	0	9	35	42	48	0	1	0	20	211	241	255	153	0	1	0	22	214	227	184	6	0	0	1	0	191	255	30	0	2	3	0	94	240	214	24	0	1	4	0	112	255	174	0	1	0	1	0	10	103	39	0	1	0	
0	0	0	0	0	0	0	0	0	8	47	68	24	0	1	0	2	109	146	141	190	31	0	1	2	7	3	128	242	46	0	2	3	0	98	181	103	128	79	0	0	0	23	5	16	153	184	0	1	0	58	119	154	130	22	0	0	0	0	0	0	0	0	0	
0	0	0	0	0	0	0	0	1	0	35	112	136	46	0	2	3	0	171	255	255	89	0	4	2	0	71	185	255	124	0	3	1	0	19	154	94	210	32	0	2	0	71	86	7	209	24	0	3	0	65	209	189	122	0	3	0	1	0	37	48	0	1	0	
0	0	0	0	1	16	2	0	0	0	0	0	13	112	0	0	0	0	3	0	95	110	0	4	0	1	0	17	169	16	0	1	0	3	0	122	95	0	3	0	2	0	51	200	11	0	1	0	2	0	51	73	0	1	0	0	0	0	0	0	0	0	0	0	
0	0	0	0	0	1	0	0	1	0	17	104	97	8	0	1	4	0	115	255	255	79	0	5	2	0	81	94	187	119	0	4	0	1	0	32	216	54	34	37	0	37	237	255	238	221	173	45	0	25	115	54	15	22	4	0	0	0	0	0	0	0	1	2	
0	0	1	0	0	0	0	0	1	0	33	43	0	5	0	0	3	0	137	76	0	103	19	0	0	108	199	16	21	146	13	0	0	71	100	86	132	184	5	0	0	0	3	0	119	101	0	4	0	2	5	0	164	42	0	2	0	0	0	0	22	2	0	0	
0	0	0	2	0	0	0	0	0	0	3	0	152	79	0	3	0	3	0	103	255	167	0	3	1	0	82	240	255	171	0	3	0	11	208	192	150	181	0	4	3	0	183	207	231	83	0	3	1	0	150	232	121	0	1	0	0	0	0	0	0	1	0	0	
0	0	1	1	0	0	0	0	0	2	0	59	153	33	0	1	2	0	40	163	140	158	0	4	2	0	37	173	167	51	0	2	0	4	0	128	209	0	1	0	0	0	0	159	197	24	0	1	0	0	0	191	163	0	0	1	0	1	0	27	15	0	1	0	
0	0	1	1	0	0	0	0	0	0	0	5	19	1	0	0	1	0	14	175	211	114	0	3	4	0	134	139	160	149	0	4	3	0	118	154	195	106	0	4	0	0	5	0	152	74	0	3	0	1	0	10	205	33	0	2	0	1	0	19	139	4	0	0	
0	1	0	20	72	0	1	0	0	1	0	2	178	64	0	3	0	0	3	0	84	125	0	4	0	0	13	7	96	96	0	3	1	0	133	158	226	62	0	2	1	0	155	176	165	78	0	2	1	0	41	56	0	1	0	0	0	0	0	0	3	3	0	0	
0	0	1	0	0	1	1	0	0	2	0	87	222	77	0	3	3	0	79	255	255	224	33	0	2	0	182	220	35	185	91	0	0	35	230	39	0	171	112	0	0	50	201	51	177	183	7	0	0	28	195	216	150	8	0	1	0	0	0	0	0	2	1	0	
0	0	0	0	1	0	0	0	0	0	1	0	42	31	0	1	0	0	2	0	129	30	0	1	0	1	0	34	125	0	2	0	0	3	0	88	76	0	3	0	0	2	0	105	28	0	1	0	0	2	0	87	25	0	1	0	0	0	0	10	6	0	0	0	
0	1	0	27	70	0	1	0	0	3	0	112	187	0	2	0	1	0	4	219	91	0	3	0	2	0	35	191	65	38	0	1	2	0	46	250	232	190	0	1	2	0	29	229	251	164	0	1	0	1	0	28	73	8	0	1	0	0	0	0	0	1	0	0	
0	0	0	0	0	2	0	0	0	2	0	52	49	0	2	0	0	3	0	121	64	60	6	0	0	0	10	105	74	118	0	3	2	0	55	158	173	37	0	2	2	0	53	128	147	2	0	0	0	1	0	29	122	0	2	0	0	0	0	8	15	0	0	0	
0	0	0	1	0	0	0	0	0	1	0	26	88	0	1	0	0	3	0	86	194	0	2	0	0	3	0	173	177	0	3	0	0	4	0	160	157	0	2	0	0	3	0	177	146	0	3	0	0	2	0	172	74	0	3	0	0	0	0	21	6	0	0	0	
0	0	0	0	1	0	0	0	0	0	0	0	14	25	0	1	0	0	4	0	130	141	0	4	0	2	0	39	196	17	0	1	0	3	0	153	101	0	3	0	1	0	23	158	1	0	0	0	1	0	40	93	0	3	0	0	1	0	15	31	0	1	0	0	
0	0	2	3	4	3	0	0	0	0	0	0	0	0	0	0	1	0	132	135	132	168	15	0	3	0	155	227	220	214	0	0	1	0	41	4	134	124	0	4	0	1	0	0	214	69	0	3	0	2	0	69	187	0	0	0	0	4	0	128	103	0	3	0	
0	0	0	1	2	0	0	0	1	0	11	120	148	40	0	2	1	0	33	63	37	175	0	0	0	1	1	0	96	111	0	1	0	1	0	85	188	57	0	3	0	5	17	1	108	118	0	4	0	58	167	156	116	7	0	1	0	1	6	3	0	0	0	0	
0	0	0	2	2	2	4	2	0	0	1	0	0	0	0	0	0	0	3	35	54	66	115	43	3	0	77	209	151	126	78	19	2	0	108	173	60	0	2	0	0	50	81	135	65	0	5	1	0	11	113	81	0	1	0	0	0	0	0	0	1	0	0	0	
0	0	0	0	0	0	0	0	0	0	96	125	144	91	3	0	0	0	93	103	114	222	37	0	0	3	0	69	178	46	0	1	0	3	0	84	182	82	0	0	0	5	2	0	94	214	10	0	0	117	138	164	151	39	0	2	0	25	39	6	0	0	0	0	
0	0	0	0	0	0	4	2	1	0	54	135	159	46	0	2	0	17	236	139	199	189	122	88	0	0	198	134	142	255	184	107	2	0	41	243	255	143	0	1	3	0	126	162	178	155	0	6	3	0	173	222	163	37	0	1	1	0	16	47	6	0	0	0	
0	0	0	0	0	0	0	0	0	0	2	58	80	81	34	0	2	0	151	142	105	228	197	0	2	0	63	122	120	105	22	0	1	0	0	207	195	0	0	1	3	0	127	77	54	105	0	2	3	0	168	138	129	107	0	3	1	0	40	136	82	1	0	0	
0	0	0	0	0	0	0	0	0	1	0	56	143	42	0	2	0	1	0	151	255	76	0	3	0	2	0	85	224	16	0	1	0	1	0	68	200	70	0	3	1	0	24	93	183	19	0	1	1	0	182	215	43	0	2	0	0	1	34	10	0	1	0	0	
0	0	1	1	0	0	0	0	0	0	1	0	66	98	24	0	1	0	36	134	150	183	119	0	4	0	135	132	109	74	112	0	1	0	159	32	0	139	62	0	0	22	152	0	67	165	0	0	0	0	159	144	155	30	0	1	1	0	24	62	8	0	1	0	
0	0	0	0	0	1	0	0	0	1	21	1	0	9	41	0	0	31	214	25	0	118	125	0	0	34	255	68	67	235	34	0	0	19	195	197	212	155	0	3	0	0	3	0	125	89	0	3	0	1	0	8	208	40	0	2	0	1	0	15	77	0	0	0	
0	0	0	0	1	1	0	0	2	0	94	190	184	161	22	0	1	0	60	60	107	212	24	0	1	51	0	154	211	209	42	0	0	118	21	32	0	81	146	0	0	103	162	26	69	202	77	0	0	4	134	203	210	104	0	1	0	1	0	0	0	0	1	0	
0	0	0	1	1	0	0	0	0	0	4	1	0	8	3	0	0	18	212	218	189	232	61	0	0	22	227	91	100	226	15	0	0	55	86	0	166	132	0	4	0	4	0	65	216	15	0	1	1	0	2	201	85	0	3	0	2	0	50	159	0	1	0	0	
0	0	0	0	2	1	0	0	0	17	61	14	0	0	0	0	0	12	135	160	131	21	0	1	0	0	2	0	86	140	0	4	0	1	6	0	127	111	0	4	0	1	0	31	203	19	0	1	0	3	0	155	103	0	3	0	0	1	0	61	20	0	1	0	
0	0	0	14	66	0	1	0	0	3	0	100	163	0	3	0	1	0	2	186	44	0	2	0	3	0	67	204	153	123	0	3	4	0	129	255	157	202	18	0	4	0	118	255	194	135	0	1	0	0	1	51	65	3	0	0	0	0	1	0	0	2	0	0	
0	2	3	1	0	0	0	0	0	0	0	0	12	10	0	0	0	43	109	125	135	147	2	0	0	28	47	13	24	139	0	1	0	0	2	0	70	105	0	3	0	1	3	0	131	32	0	1	0	2	0	72	125	0	3	0	0	2	0	91	44	0	1	0	
0	0	0	0	0	0	0	0	1	0	50	131	152	74	2	0	3	0	117	140	138	234	25	0	0	1	0	97	201	166	0	1	0	0	9	62	122	198	0	0	0	12	2	2	177	103	0	3	0	150	183	199	123	0	1	0	0	27	64	26	0	3	0	0	
0	1	1	0	0	0	0	0	1	0	17	139	100	0	1	0	0	18	183	93	183	62	0	2	0	25	29	98	188	14	0	1	1	0	3	146	231	94	0	2	0	1	4	0	78	200	0	2	0	2	0	71	197	121	0	3	0	1	0	15	52	3	0	0	
0	0	1	39	60	14	0	1	1	0	10	179	204	180	5	0	0	1	5	11	0	166	84	0	0	1	0	1	0	191	80	0	0	28	100	64	117	192	0	0	9	207	219	251	255	52	0	3	7	118	119	95	88	11	0	0	0	0	0	0	0	1	0	0	
0	0	1	0	0	0	0	0	0	0	7	66	60	3	0	0	3	0	93	78	115	44	0	2	2	0	87	39	135	20	0	1	1	0	16	53	100	21	0	1	0	0	3	0	89	40	0	1	0	0	4	0	97	116	0	3	0	0	1	0	26	51	0	2	
0	0	0	0	0	0	0	0	1	0	5	112	144	19	0	1	2	0	60	156	156	86	0	3	0	2	0	86	205	25	0	1	0	0	1	34	147	75	0	3	0	4	42	0	135	67	0	3	0	1	163	172	128	0	1	0	1	0	11	53	6	0	0	0	
0	0	0	0	0	0	0	0	1	0	37	28	30	43	5	0	2	0	77	103	151	212	2	0	0	0	3	0	146	89	0	3	0	2	0	58	183	0	1	0	0	2	0	158	77	0	2	0	1	0	26	196	11	0	1	0	1	0	14	94	7	0	0	0	
0	0	0	0	0	1	3	0	1	0	12	81	91	21	0	1	3	0	166	191	177	249	120	0	3	0	123	149	149	212	82	5	2	0	27	228	255	61	0	3	0	0	199	82	157	73	0	3	0	17	212	189	173	0	0	0	1	0	66	123	14	0	1	0	
0	0	0	2	3	0	0	0	0	0	3	0	6	36	0	0	0	1	0	30	148	175	0	1	0	0	112	191	125	114	0	3	0	35	203	150	195	69	0	3	0	1	0	29	145	0	0	0	0	3	0	117	80	0	2	0	0	0	0	49	6	0	0	0	
0	0	1	1	0	1	0	0	0	0	0	14	33	4	0	0	2	0	40	186	162	155	1	0	4	0	121	157	80	62	0	0	2	0	46	152	211	16	0	1	0	1	0	29	154	0	1	0	0	3	0	102	138	0	4	0	0	3	0	91	63	0	2	0	
0	0	0	2	0	0	0	0	0	0	0	7	80	105	39	0	0	1	0	100	76	14	5	0	2	0	65	135	0	1	0	0	3	0	70	124	108	0	1	0	0	1	0	17	137	0	0	0	0	0	0	128	57	0	2	0	0	0	3	36	1	0	0	0	
0	0	0	0	0	0	0	0	0	0	6	30	5	31	0	0	2	0	51	103	41	136	0	3	4	0	150	127	132	102	0	4	1	0	69	129	207	34	0	2	0	0	1	0	140	15	0	1	0	1	0	35	155	0	1	0	0	1	0	22	61	0	2	0	
0	0	0	5	15	0	0	0	0	0	84	93	80	81	0	2	0	5	48	19	140	89	0	3	1	0	22	181	167	40	0	1	0	0	5	17	0	135	59	0	0	38	100	0	7	166	43	0	0	1	93	127	134	66	0	2	0	0	0	10	7	0	1	0	
0	0	0	0	0	2	1	0	1	0	4	112	111	8	5	0	3	0	64	193	75	168	174	7	1	0	1	133	185	155	30	2	1	0	18	136	217	50	0	2	4	0	122	118	137	51	0	2	4	0	99	205	90	0	2	0	0	0	11	33	0	1	0	0	
0	0	1	0	0	0	0	0	1	0	28	4	10	69	0	1	0	5	142	11	11	140	1	0	0	103	100	0	6	140	10	0	0	122	133	95	112	190	14	0	0	1	36	35	82	172	0	2	0	1	1	0	35	153	0	2	0	0	1	1	4	21	0	0	
0	0	0	0	0	2	2	1	1	0	17	142	144	9	0	1	3	0	171	155	126	177	149	21	3	0	103	179	137	223	65	11	1	0	19	216	241	73	0	3	3	0	165	119	157	84	0	4	3	0	139	226	118	0	1	0	1	0	12	43	1	0	0	0	
0	0	2	1	0	0	0	0	0	1	0	14	69	172	30	0	3	0	92	209	193	126	7	0	4	0	165	232	57	0	1	0	1	0	24	143	233	109	0	4	1	0	41	39	201	162	0	4	3	0	119	228	174	43	0	2	0	0	0	0	0	0	0	0	
0	0	2	3	3	3	0	0	0	0	0	0	0	0	0	0	3	0	84	198	179	166	23	0	4	0	167	244	109	195	9	0	2	0	90	60	69	123	0	4	0	0	1	0	161	47	0	2	0	2	0	62	199	0	0	0	0	4	0	137	111	0	3	0	
0	0	0	1	0	0	0	0	0	1	0	13	126	5	0	0	0	3	0	99	164	0	3	0	0	3	0	174	145	0	3	0	0	3	0	168	160	0	2	0	0	3	0	106	138	0	4	0	0	1	0	21	139	2	0	0	0	0	0	0	1	0	0	0	
0	0	0	1	1	0	0	0	0	0	3	0	109	102	0	3	0	1	0	4	189	90	0	1	0	3	0	82	188	0	2	0	0	3	0	163	132	0	4	0	2	0	25	232	56	0	2	0	3	0	76	147	0	1	0	0	0	0	0	0	0	0	0	0	
0	0	0	0	0	0	0	0	0	0	79	114	181	84	0	3	0	5	71	18	115	102	0	4	0	1	0	10	154	22	0	1	0	2	0	117	67	0	2	0	2	0	59	185	119	138	47	0	3	0	121	162	115	103	49	0	0	0	3	0	0	0	0	0	
0	0	1	0	18	18	0	1	0	0	4	0	93	178	0	2	0	1	0	155	128	179	34	0	3	0	107	187	54	174	47	0	0	3	184	18	50	186	0	0	0	60	210	106	189	40	0	2	0	19	134	131	32	0	2	0	0	0	0	0	1	2	0	0	
0	0	3	20	0	1	0	0	0	0	0	143	47	0	2	0	0	2	0	47	155	0	1	0	0	0	3	0	131	30	0	1	0	0	3	0	124	41	0	2	2	0	35	140	162	4	0	0	1	0	14	144	68	0	2	0	0	0	0	0	0	0	0	0	
0	2	2	0	0	2	1	0	1	0	8	114	145	13	0	1	0	43	174	121	204	135	12	1	0	114	186	0	118	255	106	0	0	9	107	224	255	126	0	4	2	0	51	189	173	123	0	4	4	0	111	254	157	16	0	1	0	0	11	43	7	0	0	0	
0	0	3	59	31	0	1	0	2	0	93	120	128	20	0	1	0	22	144	0	121	39	0	1	0	3	14	14	127	0	0	0	0	3	0	86	120	0	4	0	2	0	57	219	156	26	4	6	2	0	94	88	38	98	71	26	0	0	0	1	1	0	0	0	
0	0	2	3	1	0	0	0	0	0	0	0	0	8	4	0	3	0	111	204	194	212	24	0	4	0	150	235	185	164	0	3	0	0	13	0	177	68	0	3	0	1	0	17	205	26	0	1	0	3	0	102	171	0	2	0	0	3	0	110	62	0	2	0	
0	0	2	4	2	0	0	0	0	0	0	0	2	5	0	0	2	0	58	169	200	161	0	2	0	0	185	116	199	122	0	4	0	7	110	12	173	31	0	1	0	2	0	70	158	0	3	0	0	4	0	141	109	0	3	0	0	3	0	112	49	0	2	0	
0	0	2	3	0	0	0	0	0	0	0	0	0	9	2	0	3	0	71	189	177	187	6	0	4	0	138	118	108	148	0	4	0	0	14	0	159	51	0	2	0	2	0	50	178	0	1	0	0	3	0	158	109	0	3	0	0	0	5	137	15	0	1	0	
0	2	2	0	0	2	1	0	0	0	0	0	0	0	1	0	0	41	92	102	96	63	14	0	0	23	11	0	0	51	121	0	0	2	53	86	119	149	72	0	0	26	138	108	82	18	0	1	0	0	0	0	0	1	2	0	0	1	2	1	3	1	0	0	
0	0	0	1	0	1	1	0	0	1	0	13	85	22	0	1	0	1	0	136	145	206	32	0	2	0	58	180	90	185	11	0	1	0	10	109	230	42	0	2	0	3	0	104	142	0	4	0	1	0	20	202	33	0	1	0	1	0	34	83	0	2	0	0	
0	0	0	0	0	0	0	0	0	0	2	117	126	73	8	0	3	0	87	236	126	170	144	0	0	1	190	51	0	39	165	0	0	59	161	0	0	87	155	0	0	65	173	0	63	199	41	0	0	8	177	194	173	45	0	2	0	0	12	39	3	0	1	0	
0	0	0	0	0	0	0	0	2	0	55	167	186	157	0	1	4	0	134	255	159	212	9	0	0	0	8	32	131	159	0	3	0	113	194	83	233	153	105	10	0	91	255	255	228	156	119	12	1	0	85	157	36	0	1	0	0	1	0	0	0	4	4	0	
0	1	3	0	0	1	0	0	0	2	0	34	82	11	0	1	0	2	142	201	171	184	0	0	0	112	228	23	152	235	5	0	0	76	195	165	247	185	0	3	1	0	31	10	146	197	0	3	0	2	4	0	148	189	0	3	0	0	2	0	33	44	0	1	
0	0	0	0	0	0	0	0	1	0	62	126	154	81	0	2	2	0	153	228	122	176	7	0	0	1	0	30	141	155	0	2	1	0	15	185	205	190	0	0	0	18	19	0	144	163	0	2	0	73	193	191	185	12	0	1	0	0	31	52	5	0	1	0	
0	0	0	0	0	2	0	0	0	69	144	134	53	0	1	0	0	154	188	173	242	72	0	3	0	0	2	0	122	205	0	1	2	0	102	234	227	235	17	0	1	0	201	251	241	255	135	0	2	0	70	156	54	106	115	0	0	0	0	0	0	0	0	0	
0	0	1	0	0	1	0	0	0	2	0	86	33	0	3	0	1	0	16	182	6	126	49	0	4	0	135	205	105	191	0	0	2	0	73	127	236	54	0	3	0	3	0	93	155	0	3	0	0	1	0	180	53	0	2	0	0	0	0	21	3	0	0	0	
0	0	1	1	0	1	0	0	0	1	1	3	0	68	47	0	2	0	42	71	0	150	28	0	0	7	157	28	26	135	0	2	0	140	206	92	190	160	37	3	0	70	30	3	176	47	7	1	0	1	0	15	109	0	0	0	0	3	2	0	1	1	0	0	
0	0	2	0	52	53	0	2	0	1	0	29	202	36	0	2	0	2	0	173	109	0	3	0	2	0	60	163	0	2	0	0	4	0	113	206	206	69	0	3	3	0	53	236	250	88	0	4	0	1	0	39	58	0	0	0	0	0	1	1	0	1	0	0	
0	0	1	3	0	0	0	0	1	0	143	192	112	1	0	0	0	1	31	23	207	36	0	2	0	2	0	154	127	0	3	0	0	1	0	123	181	27	0	1	0	0	7	1	102	171	0	3	1	0	19	172	166	108	0	2	0	0	0	1	7	1	0	0	
0	0	0	0	1	1	0	0	0	0	3	0	78	108	0	3	0	0	1	0	183	75	0	3	0	2	0	52	196	0	0	0	0	4	0	136	132	0	4	0	1	0	3	207	49	0	2	0	1	0	26	154	8	0	1	0	0	0	0	0	0	0	0	0	
0	0	3	0	0	0	0	0	0	0	0	16	89	135	116	30	0	3	131	135	130	67	43	15	0	0	178	146	0	1	0	0	0	1	0	160	139	0	4	1	0	51	95	0	200	63	0	3	0	17	153	160	195	56	0	2	0	0	0	29	26	0	0	0	
0	0	0	0	0	0	0	0	0	0	2	0	61	89	0	2	0	0	2	0	176	84	0	3	0	2	0	41	190	1	0	1	0	4	0	120	147	0	4	0	0	1	0	185	64	0	2	0	2	0	43	183	1	0	0	0	0	0	13	23	0	1	0	0	
0	0	1	2	0	58	5	0	0	0	1	0	67	88	0	1	1	0	13	89	60	2	0	0	3	0	109	137	40	0	1	0	1	0	44	43	126	75	0	3	0	4	80	26	95	91	0	3	0	0	61	74	62	5	0	0	0	0	0	0	0	1	0	0	
0	0	0	1	0	2	0	0	0	1	0	22	21	0	1	0	0	3	0	118	74	65	0	1	2	0	33	200	124	131	0	3	2	0	37	123	218	74	0	3	0	1	0	10	154	11	0	1	0	3	0	88	117	0	3	0	0	1	0	44	28	0	1	0	
0	0	0	5	16	0	0	0	0	2	0	55	70	0	2	0	0	3	0	95	45	0	1	0	0	1	0	96	54	23	0	1	0	0	0	112	155	74	0	3	0	2	0	56	164	78	0	3	0	0	1	0	23	33	0	1	0	0	0	2	2	0	0	0	
0	0	0	2	1	0	0	0	0	0	2	1	0	4	24	9	0	3	0	56	158	152	155	48	3	0	79	235	88	0	2	0	0	15	50	91	125	0	4	1	0	64	127	144	62	0	2	0	0	0	125	87	0	1	0	0	0	0	0	0	1	0	0	0	
0	0	0	0	0	0	0	0	1	0	93	147	154	189	45	0	0	1	106	65	161	233	22	0	1	0	6	172	156	12	0	1	4	2	12	186	181	73	0	1	14	142	63	14	133	231	16	0	0	33	152	199	183	106	0	1	0	0	0	1	1	0	0	0	
0	0	0	2	4	2	0	0	0	0	1	1	0	0	29	22	0	2	0	46	141	130	155	51	1	0	11	212	116	24	4	0	3	0	93	165	137	0	2	2	0	48	84	87	127	0	2	0	0	18	131	101	7	0	1	0	0	0	0	0	2	0	0	0	
0	0	0	0	0	0	0	0	0	3	0	101	177	55	0	1	0	0	2	202	255	198	0	1	1	0	8	144	229	212	5	0	0	2	132	119	67	240	35	0	0	31	248	255	255	199	4	0	0	0	100	172	162	25	0	1	0	0	0	0	0	1	0	0	
0	0	1	1	0	0	0	0	0	2	0	35	206	80	0	3	1	0	20	197	190	161	0	3	4	0	112	130	0	174	46	0	3	0	153	58	0	151	50	0	3	0	167	80	135	140	0	2	3	0	71	202	141	8	0	1	0	0	0	1	0	1	0	0	
0	0	0	0	0	0	0	0	0	0	3	0	113	89	0	3	0	1	0	8	214	62	0	3	0	3	0	84	192	0	2	0	0	3	0	163	128	0	4	0	0	1	0	217	136	0	4	0	1	0	3	159	47	0	2	0	0	0	0	0	0	0	0	0	
0	0	1	1	0	3	0	0	0	1	0	101	34	0	1	0	2	0	39	164	21	124	9	0	2	0	190	152	99	214	0	0	0	0	74	137	255	92	0	3	0	1	0	22	204	19	0	1	0	3	0	88	135	0	3	0	0	1	0	17	15	0	0	0	
0	0	0	0	0	0	0	0	0	2	0	56	58	0	2	0	0	3	0	85	149	0	4	0	0	2	0	69	156	0	3	0	0	2	0	50	154	0	2	0	0	2	0	57	144	0	3	0	0	2	0	67	138	0	4	0	0	0	0	7	17	0	0	0	
0	0	1	0	0	2	0	0	0	0	3	83	63	1	38	0	3	0	133	179	177	220	179	0	2	0	186	84	178	163	12	0	2	0	75	255	188	0	1	1	3	0	65	149	194	48	0	2	4	0	82	247	164	0	1	0	1	0	8	116	32	0	1	0	
0	0	21	7	0	4	2	0	0	0	157	25	0	1	0	0	0	12	175	6	17	149	43	0	0	31	154	0	132	139	128	0	0	30	159	20	178	129	85	0	1	0	133	186	179	160	91	34	0	0	1	13	3	0	0	0	0	0	2	0	2	3	1	1	
0	0	1	0	0	0	0	0	0	0	0	11	22	7	0	0	3	0	129	228	213	137	0	4	4	0	157	97	134	104	0	3	0	0	7	5	172	26	0	1	0	2	0	71	175	0	2	0	0	3	0	170	98	0	3	0	0	0	2	122	15	0	1	0	
0	0	0	0	0	1	0	0	0	1	0	57	129	29	0	1	0	2	1	20	82	121	0	3	0	0	0	0	13	139	0	1	0	84	87	70	118	161	30	0	0	84	90	67	132	28	21	0	0	2	68	86	12	0	1	0	0	1	0	0	1	2	1	0	
0	0	1	1	1	2	0	0	0	2	0	70	51	11	49	0	0	1	0	178	68	174	87	0	4	0	102	195	136	184	0	2	2	0	178	236	243	80	0	2	0	3	16	137	148	0	3	0	0	0	0	186	51	0	2	0	0	0	4	34	4	0	0	0	
0	0	1	1	0	0	0	0	0	0	0	5	11	0	0	0	3	0	60	186	210	39	0	2	1	0	24	22	173	53	0	2	0	0	0	3	159	16	0	1	0	1	0	29	163	0	0	0	0	2	0	63	115	0	2	0	0	2	0	42	26	0	1	0	
0	0	1	1	0	2	0	0	0	0	0	15	29	0	0	0	2	0	30	168	160	103	0	2	4	0	101	153	113	172	0	3	1	0	30	114	215	52	0	2	0	2	0	46	162	0	1	0	0	2	0	161	83	0	3	0	0	0	9	134	9	0	0	0	
0	0	1	0	1	0	0	0	3	0	89	151	7	0	1	0	1	0	2	163	162	0	2	0	0	2	0	42	189	0	1	0	0	3	0	110	122	0	4	0	0	1	0	181	73	9	15	0	0	1	0	89	143	138	56	0	0	0	0	0	0	0	0	0	
0	0	1	0	2	0	0	0	2	0	29	187	194	70	0	3	2	0	183	118	61	176	0	2	1	0	173	129	74	158	0	5	0	0	7	48	176	60	0	2	3	0	120	249	222	177	167	74	3	0	130	171	6	24	56	37	0	0	0	0	0	0	0	0	
0	0	0	44	27	0	1	0	3	0	80	132	144	19	0	1	1	0	41	0	106	78	0	3	0	0	2	0	105	69	0	2	1	0	81	109	207	95	0	3	0	17	156	98	135	135	74	0	0	0	83	117	6	30	51	0	0	0	0	0	2	2	0	0	
0	0	0	0	0	0	0	0	1	0	11	136	101	0	2	0	2	0	182	215	185	2	0	0	1	0	55	134	203	3	0	1	1	0	27	150	180	123	0	4	0	0	4	0	110	164	0	3	2	0	29	179	170	17	0	1	0	0	8	47	9	0	0	0	
0	0	0	0	0	0	0	0	0	35	88	53	0	2	0	0	2	103	110	170	13	0	1	0	0	0	4	157	142	49	0	2	0	3	4	10	35	152	25	0	0	0	0	3	0	87	95	0	0	0	0	0	25	130	47	0	0	0	0	0	78	58	0	1	
0	0	0	5	85	6	0	0	0	3	0	111	168	0	2	0	2	0	32	213	28	0	2	0	4	0	105	156	33	26	0	1	4	0	111	234	182	159	0	1	2	0	46	246	203	161	1	0	0	1	0	49	71	12	0	1	0	0	1	0	0	1	0	0	
0	0	1	1	0	1	0	0	0	2	0	64	192	26	0	1	1	0	17	146	121	158	0	1	4	0	97	115	0	116	34	0	3	0	133	41	0	129	28	0	2	0	167	84	42	163	0	1	1	0	39	163	159	42	0	2	0	0	0	1	1	0	0	0	
0	0	1	0	1	0	0	0	1	0	10	105	14	18	0	0	3	0	117	111	64	140	0	4	4	0	147	150	183	83	0	3	1	0	7	75	206	23	0	1	0	2	0	55	209	1	0	1	0	3	0	118	152	0	3	0	0	0	0	15	12	0	0	0	
0	0	1	14	1	0	0	0	0	0	128	161	60	0	2	0	0	64	179	0	17	0	3	1	0	72	132	0	23	21	1	0	0	9	178	148	116	109	118	17	3	0	121	190	96	75	186	91	0	1	0	15	63	84	42	0	0	0	2	1	0	0	0	0	
0	0	0	0	0	0	0	0	0	1	0	20	122	0	1	0	0	3	0	71	174	0	2	0	0	3	0	80	144	0	4	0	0	4	0	131	113	0	4	0	0	3	0	161	80	0	3	0	0	1	0	150	54	0	2	0	0	0	0	0	0	0	0	0	
0	0	2	2	0	0	0	0	0	2	0	21	173	168	10	0	1	0	22	197	247	161	121	0	0	24	234	141	13	16	134	0	0	122	145	0	0	20	164	4	0	71	218	89	99	203	117	0	1	0	110	200	200	145	1	0	0	1	0	0	0	0	1	0	
0	1	1	0	0	0	0	0	2	0	49	175	203	205	32	0	0	19	212	255	133	230	73	0	0	65	255	108	44	212	11	0	0	4	28	7	193	75	0	3	0	15	170	254	253	183	168	52	0	56	230	140	78	149	203	25	0	0	0	0	0	0	0	0	
1	0	22	23	0	2	0	0	0	38	142	138	83	0	2	0	0	48	49	0	136	50	0	2	0	0	3	0	72	110	0	5	1	0	37	74	155	206	50	0	0	41	185	100	147	50	131	36	0	6	70	76	18	0	32	48	0	0	0	0	1	2	1	0	
0	0	1	0	0	0	0	0	0	0	4	97	9	6	2	0	3	0	84	165	11	157	4	0	1	0	196	44	73	188	0	3	0	0	157	171	226	174	0	3	0	0	5	41	209	54	0	2	0	3	0	82	135	0	3	0	0	1	0	27	15	0	0	0	
0	1	2	0	0	0	0	0	1	0	8	118	209	109	0	2	0	0	162	93	75	227	19	0	0	84	144	0	0	171	94	0	0	150	82	0	0	63	150	0	0	103	165	5	0	129	131	0	0	6	132	170	166	134	10	0	0	1	0	5	7	0	1	0	
0	0	0	0	1	0	0	0	0	0	3	0	84	72	0	3	0	0	0	0	194	57	0	2	0	2	0	47	203	1	0	1	0	3	0	96	166	0	3	0	0	3	0	177	159	0	4	0	0	0	0	169	49	0	2	0	0	0	0	0	0	0	0	0	
0	0	0	0	2	1	0	0	0	0	0	93	159	0	1	0	3	0	61	197	132	39	0	2	2	0	64	97	14	106	0	2	4	0	107	63	0	105	19	0	4	0	104	68	16	117	0	1	1	0	20	135	137	40	0	2	0	0	0	6	7	0	0	0	
0	0	0	2	1	0	0	0	0	0	2	1	0	10	39	41	0	2	0	60	145	172	180	93	2	0	43	225	68	0	1	0	1	0	154	151	153	0	1	3	0	21	80	35	169	0	1	0	0	2	151	184	48	0	2	0	1	0	30	34	0	1	0	0	
0	0	0	1	0	0	1	0	0	1	0	13	122	74	0	1	0	2	0	160	131	123	44	0	3	0	70	141	0	88	71	0	2	0	140	51	0	122	61	0	0	0	149	7	30	157	2	0	3	0	86	125	144	55	0	2	0	0	0	51	28	0	1	0	
0	0	0	0	0	1	0	0	2	0	76	50	0	63	31	0	2	0	174	72	0	180	53	0	0	38	229	73	91	202	8	0	0	46	174	187	233	153	0	4	0	0	6	53	171	48	0	2	0	3	0	85	173	0	2	0	0	1	0	29	24	0	1	0	
0	0	0	2	0	0	0	0	0	0	3	0	66	167	7	0	0	3	0	71	201	214	30	0	2	0	44	154	63	113	0	3	0	19	156	53	144	123	0	4	0	85	210	107	132	119	0	4	0	9	30	0	23	111	0	0	0	0	0	2	2	3	0	0	
0	0	0	0	0	0	0	0	1	0	8	111	209	77	0	3	4	0	125	246	166	150	0	4	1	0	30	6	136	137	0	4	1	0	10	112	247	61	0	3	2	0	178	255	185	226	60	0	1	0	172	135	0	41	21	0	0	0	0	0	2	0	0	0	
0	0	0	0	0	0	0	0	0	1	0	21	127	0	0	0	0	1	0	17	191	13	0	1	0	1	0	28	165	0	0	0	0	3	0	78	150	0	3	0	0	3	0	109	144	0	4	0	0	3	0	96	96	0	3	0	0	0	0	0	0	0	0	0	
0	0	1	2	0	1	1	0	0	3	0	76	222	53	0	2	1	0	0	165	255	186	0	0	4	0	106	215	9	192	47	0	3	0	184	73	8	203	22	0	0	25	223	98	217	137	0	3	0	0	161	220	97	0	1	0	0	0	0	0	0	1	0	0	
0	1	4	4	1	1	0	0	0	0	0	0	1	2	0	0	0	45	178	163	219	147	0	2	0	19	155	160	158	194	0	2	0	0	4	0	119	152	0	4	0	1	5	0	186	81	0	3	0	1	0	31	210	16	0	1	0	1	0	30	103	0	1	0	
0	0	1	1	0	0	0	0	0	2	0	77	38	12	9	0	1	0	14	184	26	152	28	0	4	0	118	197	129	160	0	2	1	0	44	94	208	57	0	2	0	2	0	48	187	0	0	0	0	4	0	140	114	0	2	0	0	1	0	22	6	0	0	0	
0	0	2	0	48	43	0	2	0	2	0	54	218	77	0	3	1	0	10	161	65	0	2	0	3	0	84	204	134	65	0	2	4	0	146	139	171	225	7	0	3	0	152	186	67	238	33	0	0	0	5	78	84	49	0	0	0	0	1	0	0	0	0	0	
0	0	0	0	0	0	1	0	0	0	2	78	41	0	1	0	4	0	104	209	135	206	106	0	3	0	89	161	130	204	44	0	1	0	0	208	225	8	0	1	3	0	82	178	162	8	0	0	3	0	74	244	142	0	2	0	1	0	8	101	18	0	1	0	
0	0	2	0	0	0	1	0	0	1	0	29	140	86	0	1	3	0	93	238	155	190	77	0	0	25	209	48	0	57	134	0	0	77	148	0	1	27	139	0	0	52	178	0	0	89	154	0	2	0	109	182	153	173	29	0	0	1	0	46	47	4	0	0	
0	0	0	4	27	0	0	0	0	3	0	112	144	0	3	0	1	0	26	194	33	10	0	1	4	0	125	137	169	167	0	0	4	0	144	220	47	144	47	0	4	0	96	193	96	176	0	0	1	0	4	108	138	31	0	1	0	0	0	0	0	1	0	0	
0	0	0	0	0	0	0	0	0	2	0	67	131	0	2	0	0	3	0	82	209	0	0	0	0	4	0	120	184	0	3	0	0	4	0	128	186	0	2	0	0	4	0	144	201	0	2	0	0	2	0	76	126	0	2	0	0	0	0	0	0	0	0	0	
0	0	0	0	1	0	0	0	0	0	2	0	64	55	0	2	0	0	1	0	196	77	0	3	0	2	0	63	222	15	0	1	0	3	0	149	91	0	3	0	1	0	18	211	29	0	1	0	3	0	83	165	0	1	0	0	1	0	17	15	0	1	0	0	
0	0	0	0	1	2	1	0	0	0	1	3	0	67	16	0	0	1	0	9	36	98	0	1	1	0	12	75	73	76	0	3	0	1	163	105	126	51	0	2	0	5	24	28	152	13	0	1	0	1	0	32	68	0	2	0	0	0	1	3	2	0	0	0	
0	0	1	2	0	0	0	0	0	1	0	34	96	20	0	1	1	0	22	144	175	155	0	4	3	0	76	173	143	135	0	3	0	0	0	108	222	16	0	1	0	3	0	113	113	0	3	0	1	0	11	188	32	0	1	0	1	0	26	85	0	1	0	0	
0	0	0	0	3	0	0	0	0	0	1	124	160	42	0	2	1	0	17	189	15	0	1	0	2	0	35	204	130	79	0	1	0	0	0	98	51	174	37	0	0	0	72	0	49	193	10	0	2	0	75	153	170	66	0	2	0	0	0	6	2	0	1	0	
0	0	0	0	0	0	0	0	1	0	4	104	137	16	0	1	2	0	54	92	146	92	0	3	0	0	7	86	195	44	0	2	0	0	9	73	152	84	0	3	1	0	41	15	144	53	0	2	1	0	164	176	76	0	2	0	1	0	32	42	0	1	0	0	
0	0	1	0	61	18	0	1	0	1	0	28	165	8	0	0	0	3	0	137	103	0	3	0	1	0	35	177	59	131	4	0	4	0	119	119	161	196	32	0	4	0	118	224	228	108	0	1	0	0	9	69	31	0	0	0	0	0	1	0	0	3	0	0	
0	0	0	11	32	0	0	0	0	1	0	179	255	54	0	3	0	1	4	17	160	108	0	4	0	1	1	10	183	58	0	2	2	0	122	255	250	122	29	3	0	69	255	161	43	196	159	0	0	56	121	3	0	2	4	0	0	0	0	1	3	2	1	0	
0	1	1	0	0	0	1	1	2	0	53	94	74	100	29	0	0	5	208	136	60	102	162	17	0	83	180	0	5	0	78	86	0	88	129	0	8	0	65	92	0	80	168	0	5	51	158	27	0	2	143	164	156	131	35	0	0	0	0	18	12	0	1	1	
0	0	0	1	0	0	0	0	0	0	1	0	143	139	0	2	0	3	0	153	220	184	12	0	3	0	77	199	0	159	62	0	3	0	175	92	0	209	38	0	1	0	187	82	151	155	0	2	3	0	90	214	144	12	0	1	0	0	0	0	0	1	0	0	
0	0	0	0	46	5	0	0	0	0	2	0	104	26	0	1	0	0	3	0	112	27	0	1	0	1	2	0	116	17	0	1	1	0	17	28	97	3	0	0	0	17	109	144	137	0	3	0	0	19	25	20	55	0	0	0	0	0	1	1	0	0	0	0	
0	0	0	2	0	0	1	0	0	2	0	32	215	79	0	3	0	3	0	148	232	216	24	0	3	0	97	201	0	192	54	0	0	3	192	31	49	193	2	0	0	79	193	79	228	64	0	3	0	33	192	178	55	0	2	0	0	0	0	0	0	1	0	0	
0	0	0	0	1	1	0	0	0	2	0	74	145	0	1	0	0	3	0	103	144	55	0	2	0	1	0	124	73	118	0	3	0	0	13	123	69	112	0	3	1	0	24	134	161	36	0	2	1	0	7	160	72	0	2	0	0	0	0	0	1	1	0	0	
0	0	0	0	0	0	0	0	1	0	13	120	206	63	0	3	3	0	74	199	190	131	0	4	0	2	2	0	180	99	0	4	1	0	29	133	238	81	36	1	0	74	255	236	155	210	97	0	0	99	180	20	0	1	0	0	0	0	0	1	4	1	2	0	
0	0	0	44	57	2	0	0	1	0	17	89	120	92	0	2	0	0	3	0	8	143	3	0	0	0	0	0	18	138	0	1	2	0	87	82	71	109	0	3	0	7	118	154	220	18	0	1	1	0	58	106	79	14	0	1	0	0	0	0	0	0	0	0	
0	0	0	3	3	0	0	0	0	0	1	1	0	0	50	35	0	1	0	126	185	197	220	93	2	0	45	255	178	38	10	0	2	0	44	116	194	0	0	1	0	58	94	78	210	0	1	0	0	57	221	202	45	0	2	0	0	0	68	30	0	1	0	0	
0	0	7	54	9	0	0	0	3	0	106	202	133	0	2	0	0	1	9	0	176	39	0	2	1	0	86	41	152	47	0	1	0	50	179	183	166	0	11	8	0	34	148	156	214	83	155	48	1	0	55	58	20	141	104	0	0	1	0	0	0	0	0	0	
0	0	0	6	85	6	0	0	0	5	0	106	179	0	1	0	0	1	16	188	22	0	1	0	2	0	53	150	67	112	6	0	3	0	71	229	137	198	35	0	3	0	98	230	172	123	0	2	0	1	0	47	60	1	0	0	0	0	1	0	0	2	0	0	
0	0	0	1	0	0	0	0	0	1	0	12	96	122	14	0	1	0	21	206	155	217	42	0	0	1	0	185	219	71	0	2	2	0	44	192	189	14	0	1	4	0	174	92	121	84	0	3	3	0	102	214	185	21	0	1	0	0	0	48	32	0	1	0	
0	0	1	0	0	3	1	0	0	0	0	65	40	0	1	0	3	0	117	192	187	111	27	0	2	0	194	144	189	254	39	0	1	0	38	120	216	125	0	4	0	2	0	37	192	15	0	1	0	1	0	204	167	0	3	0	0	0	5	106	33	0	1	0	
0	0	1	0	0	0	0	0	0	2	0	131	209	37	0	2	3	0	82	185	90	142	0	1	3	0	113	48	0	66	28	0	2	0	104	16	0	108	35	0	3	0	102	49	110	133	0	2	3	0	74	210	137	5	0	1	0	0	0	2	0	1	0	0	
0	0	0	0	0	0	0	0	0	3	94	150	156	81	0	2	0	15	170	77	171	181	0	3	0	0	4	84	245	143	0	3	3	0	83	180	92	220	25	0	1	0	22	76	73	218	6	0	2	0	26	227	194	50	0	2	0	0	0	33	14	0	1	0	
0	0	1	1	0	0	0	0	0	1	0	42	122	141	36	0	2	0	55	170	107	217	60	0	2	0	59	120	121	85	0	3	0	3	0	158	232	52	0	2	2	0	90	116	102	168	0	2	0	15	181	140	142	24	0	1	0	0	36	33	0	0	0	0	
0	0	0	3	87	12	0	1	0	2	0	120	182	0	1	0	2	0	30	227	34	0	2	0	4	0	107	186	96	201	33	0	3	0	173	255	249	224	18	0	4	0	111	255	254	99	0	3	0	0	6	60	42	1	1	0	0	0	1	0	0	2	0	0	
0	0	0	25	27	0	0	0	0	1	0	111	174	10	0	1	0	2	0	43	177	11	0	1	0	2	0	154	57	0	3	0	1	0	26	169	0	0	4	4	2	0	32	217	93	87	77	13	0	1	0	80	137	75	9	1	0	0	0	0	0	0	0	0	
0	0	0	0	0	0	0	0	0	0	1	88	140	96	0	0	1	0	7	188	143	208	17	0	0	1	0	63	201	123	0	3	1	0	16	131	160	179	0	2	0	5	95	51	173	140	0	3	0	15	221	212	90	0	1	0	1	0	25	13	0	2	0	0	
0	0	0	1	0	1	0	0	0	0	0	10	40	0	0	0	0	1	0	98	78	17	0	1	2	0	57	59	86	68	0	3	2	0	53	101	120	24	0	1	0	0	2	7	84	18	0	1	0	0	2	0	78	24	0	1	0	0	1	0	25	21	0	1	
0	0	1	0	20	15	0	1	0	0	2	0	172	70	0	3	0	2	0	74	180	0	1	0	0	1	0	195	161	24	0	1	3	0	70	229	139	201	21	0	4	0	114	221	91	171	7	0	1	0	4	117	139	26	0	1	0	0	1	0	0	1	1	0	
0	0	1	2	0	2	0	0	0	1	0	14	33	0	17	0	1	0	7	136	42	64	68	0	2	0	110	56	10	160	6	0	0	2	139	64	162	84	0	3	1	0	6	151	115	0	3	0	1	0	35	107	0	3	0	0	1	0	30	26	0	1	0	0	
0	0	2	1	0	0	1	1	0	1	0	6	93	153	46	0	2	0	50	225	244	93	166	25	0	7	224	240	71	0	136	64	0	84	221	28	0	53	198	21	0	158	100	0	120	190	42	0	0	67	195	190	129	20	0	2	0	0	20	12	0	2	2	0	
1	0	14	28	0	3	0	0	2	0	48	204	94	0	2	0	0	4	0	27	200	82	0	3	0	0	2	0	43	182	0	0	0	122	177	160	176	244	130	0	0	109	224	245	191	85	60	0	0	0	1	6	0	0	0	0	0	3	1	0	2	4	2	0	
0	0	0	0	2	24	1	0	0	0	1	0	33	182	1	0	0	0	4	0	145	127	0	4	0	2	0	42	213	24	0	1	1	0	0	198	105	0	3	0	1	0	174	219	5	0	1	0	0	13	139	33	0	1	0	0	0	0	0	0	0	0	0	0	
0	0	0	0	2	0	0	0	0	0	55	57	2	0	0	0	0	3	56	94	88	0	1	0	0	2	0	65	141	0	2	0	0	1	1	11	106	35	0	1	0	0	2	0	56	89	0	3	0	0	1	0	85	69	0	3	0	0	0	5	65	7	0	0	
0	0	0	0	0	0	0	0	1	0	11	120	167	153	77	0	1	0	30	115	15	154	136	0	0	1	0	29	136	209	13	0	0	40	195	255	192	167	42	0	23	234	245	118	0	163	90	0	7	68	21	0	0	85	65	0	0	0	0	3	1	0	1	0	
0	1	1	0	0	0	0	0	1	0	28	126	96	14	0	1	0	30	170	38	104	112	0	4	0	36	215	159	188	109	0	2	0	0	107	110	25	111	83	0	0	0	16	1	0	9	148	6	2	0	73	135	96	142	94	0	0	1	0	17	63	43	0	0	
0	0	1	0	0	0	0	0	0	0	0	27	78	85	38	0	0	0	131	180	87	177	112	0	1	2	22	35	141	142	2	0	1	0	17	154	221	108	0	3	35	75	0	28	184	129	0	3	13	145	160	171	91	0	1	0	0	4	31	5	0	2	0	0	
0	1	4	1	0	1	1	0	0	2	0	12	75	33	0	1	0	3	145	217	183	194	15	0	0	155	172	11	77	227	21	0	0	197	182	183	188	220	27	0	0	28	101	66	0	215	60	0	0	0	0	1	0	178	54	0	0	2	4	3	0	38	7	0	
0	0	0	1	0	1	1	0	0	0	1	2	6	0	70	22	0	2	0	73	99	29	157	0	1	0	24	164	47	157	51	0	3	0	138	222	214	112	0	4	2	0	44	180	64	0	2	0	0	0	125	43	0	2	0	0	0	5	22	0	3	0	0	0	
0	0	1	1	0	0	0	0	0	1	0	27	78	97	31	0	3	0	60	188	91	41	3	0	3	0	62	171	49	0	2	0	0	1	0	11	149	23	0	1	0	0	4	0	107	66	0	2	1	0	31	110	142	29	0	1	0	0	8	52	20	0	1	0	
0	0	0	1	4	3	0	0	0	0	2	1	0	0	0	0	5	1	0	28	133	117	5	0	2	0	44	169	171	171	0	2	2	0	56	32	145	62	0	2	0	3	0	107	126	0	3	0	1	0	35	151	1	1	0	0	1	0	23	33	0	1	0	0	
0	0	0	0	0	0	0	0	0	0	1	0	89	12	0	0	0	1	0	18	133	0	0	0	0	2	0	57	119	0	3	0	0	3	0	87	98	0	3	0	0	3	0	108	67	0	2	0	0	2	0	84	40	0	1	0	0	0	0	1	1	0	0	0	
0	0	0	2	1	0	1	0	0	0	1	0	24	51	0	0	0	3	0	46	241	240	96	0	1	1	0	194	125	31	168	0	0	0	116	79	3	134	82	0	0	135	166	107	169	55	0	2	0	135	121	60	7	0	3	0	0	0	0	0	1	2	0	0	
0	0	0	0	0	1	0	0	2	0	53	110	105	15	0	1	0	0	56	14	109	155	0	2	1	0	37	96	30	168	35	0	0	82	129	69	194	249	26	0	0	129	138	115	136	130	162	5	0	9	58	35	3	0	80	22	0	0	0	0	2	4	0	0	
0	0	0	0	0	0	0	0	1	0	16	87	118	173	105	0	3	0	72	143	58	176	104	0	0	1	1	1	150	166	0	2	2	0	45	192	162	158	0	3	0	6	94	93	117	127	0	3	0	93	201	158	105	0	0	0	0	3	0	0	0	1	0	0	
0	0	0	0	0	0	0	0	0	5	43	121	149	130	85	0	0	30	231	255	177	105	88	5	0	1	173	151	67	13	0	1	0	81	243	137	102	152	119	0	0	72	69	0	0	125	175	0	0	36	142	141	149	144	12	0	0	18	55	43	0	0	1	0	
0	0	0	2	1	1	0	0	0	0	1	1	0	13	59	0	0	2	0	59	21	73	90	0	1	0	22	113	30	123	3	0	0	0	182	157	179	108	0	3	0	9	32	122	67	0	2	0	2	0	43	72	0	2	0	0	0	0	21	7	0	0	0	0	
0	0	0	0	0	0	0	0	1	0	36	79	77	9	0	1	1	0	101	15	63	60	0	2	1	0	21	137	51	26	0	1	0	0	6	98	87	2	0	0	0	0	3	68	58	57	0	2	0	1	0	28	81	105	0	1	0	0	1	0	27	26	0	1	
0	0	0	1	4	3	0	0	0	0	1	1	0	0	0	0	0	1	0	17	108	94	0	1	1	0	38	134	110	131	0	3	2	0	52	24	97	37	0	1	4	2	0	82	95	0	2	0	1	0	36	115	0	1	0	0	1	0	22	16	0	1	0	0	
0	0	0	0	0	0	0	0	0	3	0	101	84	0	3	0	0	4	0	134	155	0	4	0	0	4	0	131	148	0	4	0	0	4	0	124	170	0	3	0	0	3	0	66	241	17	0	1	0	1	0	27	177	15	0	1	0	0	0	0	0	0	0	0	
0	0	0	2	0	0	0	0	0	0	5	0	99	179	22	0	0	4	0	93	183	117	112	0	1	0	114	135	3	4	144	7	0	106	143	0	34	156	136	0	0	188	202	186	172	110	7	0	0	22	58	21	0	0	2	0	0	0	0	0	2	4	0	0	
0	0	1	1	1	0	0	0	0	1	0	35	31	0	1	0	1	0	26	97	69	5	0	0	3	0	91	88	135	9	0	0	1	0	25	105	155	10	0	1	0	0	1	0	88	13	0	0	0	0	2	0	109	9	0	0	0	0	0	0	48	4	0	0	
0	0	0	0	1	0	0	0	0	0	0	1	2	96	12	0	0	0	3	0	82	202	0	0	0	1	0	23	223	54	0	2	0	3	0	161	138	0	3	0	2	0	39	202	11	0	1	0	4	0	107	110	0	3	0	0	1	0	23	14	0	0	0	0	
0	0	0	0	0	0	0	0	0	1	0	32	47	0	2	0	0	2	0	61	75	0	3	0	0	2	0	60	77	0	3	0	0	2	0	51	96	0	3	0	0	1	0	34	99	0	3	0	0	1	0	19	93	0	2	0	0	0	0	1	20	0	0	0	
0	0	0	1	0	0	0	0	0	0	1	0	34	85	21	0	0	3	0	125	163	194	107	0	0	0	10	48	53	157	23	0	0	25	141	214	232	189	127	18	0	128	205	128	21	11	22	1	0	33	51	0	0	0	0	0	0	0	0	3	2	1	1	0	
0	0	0	1	0	0	0	0	1	0	63	10	36	31	0	1	4	0	124	136	149	102	0	4	1	0	10	192	226	33	0	2	0	2	0	66	202	0	0	1	0	2	0	59	210	2	0	1	0	1	0	7	209	84	0	3	0	0	1	0	23	19	0	1	
0	0	1	3	0	0	0	0	0	0	0	0	4	68	60	0	1	0	8	116	114	152	128	0	1	0	20	105	51	120	35	0	1	0	11	137	210	111	0	4	21	120	118	137	174	66	0	2	7	68	89	74	24	0	1	0	0	0	0	0	1	2	0	0	
0	0	3	0	0	5	12	2	0	2	0	116	155	141	111	9	1	0	125	119	26	11	0	0	0	88	156	0	2	1	2	0	0	103	189	125	102	38	0	1	0	1	37	119	150	185	84	0	0	1	0	16	114	156	72	0	0	0	2	1	3	4	0	0	
0	0	0	2	1	1	0	0	0	0	2	1	16	0	65	24	0	2	0	74	98	34	123	0	2	0	73	164	47	189	44	0	0	3	191	207	194	143	22	0	2	0	49	165	25	0	1	0	0	1	126	35	0	5	1	0	0	6	18	0	2	0	0	0	
0	3	4	4	4	2	0	0	0	0	0	0	0	0	1	0	64	159	125	112	111	35	0	1	7	66	82	97	108	193	53	0	0	0	0	0	0	186	56	0	0	2	6	0	96	171	0	3	0	0	1	0	176	55	0	2	0	1	0	10	147	7	0	0	
0	0	0	0	3	4	2	0	0	0	0	0	0	0	0	0	0	0	1	0	60	135	144	14	0	0	0	13	169	95	45	1	0	14	0	75	70	0	2	0	0	73	145	99	4	3	2	0	3	0	89	70	0	2	0	0	0	1	0	1	0	0	0	0	
0	0	0	0	0	0	0	0	1	0	5	114	130	19	4	0	4	0	142	163	159	218	7	0	3	0	127	147	152	105	0	3	1	0	5	220	238	14	0	1	4	0	123	154	123	124	0	4	2	0	58	182	217	116	0	4	0	0	0	10	58	9	0	0	
0	0	0	1	3	2	20	1	0	0	2	3	0	92	142	0	0	3	0	3	156	190	9	0	1	0	28	188	227	158	20	0	0	62	233	109	53	190	40	0	0	157	238	222	227	53	0	2	0	0	10	47	53	0	1	0	0	0	0	0	1	2	0	0	
0	0	0	0	0	0	0	0	0	0	1	0	33	45	0	1	0	1	0	10	182	55	0	2	0	3	0	84	146	0	3	0	0	4	0	126	109	0	3	0	0	3	0	117	74	0	3	0	0	3	0	104	82	0	3	0	0	1	0	15	27	0	1	0	
0	0	0	3	4	1	0	0	0	1	2	0	0	1	15	1	0	2	0	97	170	190	178	0	0	2	163	201	65	196	60	0	0	154	160	0	102	98	0	2	0	34	0	89	164	2	0	0	2	0	91	144	9	0	1	0	1	0	109	37	0	2	0	0	
0	0	0	0	0	0	0	0	0	1	0	22	120	35	0	2	0	2	0	56	207	24	0	1	1	0	2	163	160	0	1	0	2	0	58	112	150	82	0	3	0	3	35	10	142	21	0	1	0	0	120	166	57	0	2	0	1	0	20	26	0	1	0	0	
0	0	1	1	0	0	1	3	0	1	0	14	75	113	131	43	1	0	7	155	134	104	39	0	3	0	74	106	16	115	0	0	1	0	19	191	149	48	11	0	0	0	104	206	119	19	13	0	0	19	182	173	82	0	2	0	0	0	0	2	0	1	0	0	
0	0	3	4	4	3	1	0	0	0	0	0	0	0	0	0	0	0	66	123	145	193	45	0	0	0	150	163	237	220	24	0	0	2	0	64	211	20	0	1	0	4	0	161	106	0	5	0	0	4	0	156	90	0	3	0	0	3	0	93	133	0	3	0	
0	0	1	2	0	0	0	0	0	0	0	1	17	14	0	0	1	0	2	145	180	136	0	3	3	0	70	111	87	70	0	3	0	1	0	17	147	3	0	0	0	3	0	122	85	0	3	0	2	0	60	120	0	2	0	0	2	0	91	27	0	1	0	0	
0	0	0	0	0	0	0	0	2	0	70	151	134	8	0	1	2	0	38	189	237	27	0	2	2	0	62	149	131	131	0	3	1	0	68	24	0	182	28	0	3	0	167	113	55	225	34	0	1	0	23	162	203	88	0	2	0	0	0	0	0	0	0	0	
0	0	0	0	0	1	9	0	0	0	2	0	38	179	124	0	0	3	1	0	128	213	68	0	1	0	15	12	50	155	0	0	0	59	123	212	233	182	24	0	32	219	171	162	13	84	58	0	11	73	61	3	0	21	14	0	0	0	0	2	2	0	0	0	
0	1	0	18	34	0	0	0	0	2	0	62	178	107	0	2	0	1	1	1	0	158	37	0	1	0	9	88	125	211	88	0	0	7	166	102	143	129	18	10	0	123	207	123	138	6	0	1	0	61	118	56	0	2	1	0	0	0	0	0	2	1	0	0	
0	0	0	2	0	1	0	0	0	0	0	11	10	28	61	0	0	1	0	132	42	120	65	0	2	0	92	94	63	130	0	2	1	0	173	174	225	96	0	3	1	0	29	183	42	0	1	0	2	0	78	49	0	2	0	0	0	0	21	5	1	0	0	0	
0	0	1	0	0	0	0	0	0	0	4	73	88	76	10	0	3	0	97	139	126	111	106	0	3	0	121	44	0	62	101	0	2	0	57	112	54	115	5	0	0	2	0	163	124	0	2	0	3	0	57	195	79	0	4	0	2	0	36	97	11	0	1	0	
0	0	0	0	0	17	14	0	0	0	0	3	0	130	42	0	0	0	2	0	47	145	0	1	0	1	2	1	165	50	0	2	0	1	0	145	115	0	3	0	0	0	170	189	0	2	0	0	0	30	125	14	0	1	0	0	0	0	0	1	0	0	0	0	
0	0	0	0	0	0	0	0	1	0	27	82	45	0	0	0	0	15	130	140	247	66	0	3	0	3	0	62	189	15	0	1	3	0	55	204	234	58	0	3	0	0	9	0	177	118	0	4	0	0	3	83	171	34	0	2	1	0	15	115	28	0	1	0	
0	0	0	2	2	1	0	0	0	0	2	2	0	42	62	0	0	1	0	62	40	148	38	0	2	0	100	117	139	99	0	3	0	2	117	160	167	5	0	0	1	0	26	122	17	0	1	0	0	3	109	23	0	2	0	0	0	6	19	0	2	0	0	0	
0	0	0	2	0	0	0	0	0	0	1	0	144	160	0	1	0	3	0	131	200	198	45	0	2	0	31	236	36	145	50	0	4	0	127	123	22	181	0	0	3	0	179	120	175	75	0	3	3	0	89	204	72	0	2	0	0	0	0	0	1	2	0	0	
0	0	0	0	1	1	0	0	0	0	0	2	0	50	101	0	0	0	0	2	0	169	59	0	0	0	3	0	138	126	0	3	0	3	0	109	158	0	2	0	3	0	91	210	8	0	1	0	0	18	169	46	0	2	0	0	0	2	3	0	1	0	0	0	
0	0	0	0	0	0	0	0	1	0	9	109	143	7	0	1	4	0	110	184	0	1	0	0	3	0	77	190	69	5	0	0	0	0	4	100	187	102	0	4	0	0	2	0	162	103	0	4	0	0	0	145	139	0	0	0	0	0	0	4	0	1	0	0	
0	0	0	1	1	2	0	0	0	0	1	1	1	0	73	17	0	1	0	15	23	72	101	0	1	0	11	111	76	115	0	0	3	0	131	162	166	62	0	3	0	3	2	111	89	0	3	0	2	0	48	104	0	1	0	0	1	0	25	15	0	1	0	0	
0	0	0	2	4	3	3	1	0	0	2	0	0	0	0	0	0	2	0	38	97	79	75	22	3	0	91	216	138	106	102	22	0	19	109	127	162	15	0	1	0	14	131	161	191	27	0	2	0	0	2	23	10	0	0	0	0	1	2	0	1	1	0	0	
0	0	2	2	0	0	0	0	0	1	0	0	46	77	16	0	1	0	43	121	80	164	80	0	0	59	167	54	69	178	27	0	0	46	151	98	221	94	0	4	0	2	0	94	113	0	2	0	2	0	88	140	1	0	0	0	1	0	83	26	0	1	0	0	
0	0	2	0	0	1	0	0	0	1	0	42	14	4	29	0	2	0	121	157	0	84	96	0	0	73	161	0	21	194	69	0	0	110	156	145	193	193	23	0	0	3	36	5	88	114	0	4	0	0	3	0	87	124	0	3	0	0	2	0	14	78	0	0	
0	0	0	4	0	46	68	0	0	0	3	0	56	173	44	0	0	3	0	77	162	12	0	1	2	0	58	172	85	126	12	0	0	11	151	96	159	220	26	0	0	43	198	210	192	129	0	1	1	0	49	81	35	0	0	0	0	0	0	0	0	2	0	0	
0	1	0	0	0	1	0	0	0	3	25	33	21	0	0	0	0	111	162	127	166	123	0	3	1	13	0	10	162	82	0	2	1	0	9	159	66	0	2	0	2	0	38	187	68	82	50	0	0	1	0	60	124	118	77	0	0	0	0	0	0	0	0	0	
0	0	0	1	3	0	0	0	0	0	1	1	0	65	99	33	0	1	0	23	130	126	1	1	2	0	45	167	162	93	0	3	2	0	30	201	102	4	0	0	0	14	141	212	87	0	3	0	0	31	140	100	34	0	1	0	0	0	0	0	0	0	0	0	
0	0	0	11	9	0	0	0	0	0	6	67	104	58	0	2	0	0	0	36	100	63	0	2	2	0	104	214	142	36	0	1	0	0	14	3	8	147	31	0	0	5	7	30	95	153	11	0	0	32	144	146	114	18	0	1	0	1	4	0	0	1	1	0	
0	0	0	1	2	1	2	1	0	0	0	1	6	0	81	21	0	0	0	8	84	63	92	0	0	2	0	121	107	109	11	0	1	0	124	226	198	37	0	2	0	6	69	106	44	0	2	0	2	0	53	63	0	2	0	0	0	0	6	1	1	0	0	0	
0	1	1	0	1	1	0	0	1	0	18	67	33	0	1	0	0	19	145	112	157	41	0	2	0	13	18	0	82	127	0	4	0	0	5	0	105	99	0	3	0	1	0	8	141	17	0	1	0	1	0	130	75	0	2	0	1	0	12	84	1	0	0	0	
0	0	0	0	2	2	0	0	0	0	0	1	1	0	13	3	0	0	2	0	54	140	90	5	0	1	0	29	116	26	0	0	0	15	0	85	24	0	2	0	0	63	144	68	0	3	0	0	1	0	57	28	0	1	0	0	0	1	0	0	0	0	0	0	
0	0	0	1	0	0	0	0	0	1	0	10	134	138	19	0	0	3	0	83	122	36	9	0	0	2	0	174	162	0	0	1	1	0	35	136	87	97	0	4	0	0	1	0	134	77	0	3	0	22	128	169	108	0	1	0	0	1	53	33	0	1	0	0	
0	0	0	0	0	0	0	0	0	1	0	35	84	104	56	0	0	1	0	123	140	216	91	0	0	4	0	68	193	95	0	2	3	0	66	137	159	63	0	2	24	131	129	81	159	45	0	2	5	68	107	141	93	0	1	0	0	0	0	0	0	0	0	0	
0	0	3	1	0	2	4	0	0	0	0	14	48	17	0	1	1	0	80	219	216	115	101	10	0	124	255	76	90	231	145	9	0	40	161	194	247	100	0	3	0	4	0	143	255	211	8	0	0	3	0	31	151	93	0	1	0	0	0	0	0	0	0	0	
0	0	0	2	1	0	0	0	0	0	0	0	10	56	7	0	0	1	0	45	178	188	0	0	2	0	43	118	132	54	0	2	0	2	0	50	123	0	2	0	1	0	15	136	21	0	1	0	0	0	138	53	0	2	0	0	0	19	70	0	2	0	0	0	
0	0	0	2	0	0	0	0	0	1	3	0	35	9	0	0	0	2	0	89	239	53	0	3	0	18	154	175	151	83	0	3	0	71	211	148	206	71	0	3	0	0	2	0	144	52	0	2	0	1	5	0	150	60	0	2	0	0	2	0	53	29	0	1	
0	0	0	5	50	21	0	0	0	3	0	110	157	16	0	1	0	3	0	126	66	38	46	0	0	1	0	19	167	139	12	0	0	0	0	77	193	25	0	1	2	0	132	175	123	0	3	0	1	0	80	135	81	0	2	0	0	0	0	0	0	0	0	0	
0	0	0	0	0	0	0	0	0	1	0	91	202	66	0	2	2	0	36	171	178	144	0	4	0	1	0	184	215	15	0	1	1	0	23	180	185	16	0	1	4	0	144	88	150	65	0	2	3	0	83	178	139	9	0	1	0	0	0	6	1	0	0	0	
0	0	0	2	1	1	0	0	0	0	1	4	0	43	50	0	0	0	0	116	64	113	25	0	2	0	114	89	144	183	0	1	0	15	190	195	190	122	6	0	1	0	32	142	8	0	1	0	2	0	88	51	0	5	0	0	0	0	21	3	0	0	0	0	
0	1	1	2	4	0	1	0	2	0	47	185	176	58	0	2	0	17	187	49	47	220	34	0	0	126	128	0	0	109	87	0	0	125	130	0	0	158	86	0	0	29	224	105	44	225	52	0	2	0	50	194	218	104	0	2	0	1	1	0	0	0	1	0	
0	0	0	2	0	18	23	0	0	0	3	0	28	167	46	0	0	1	0	22	184	73	0	2	2	0	23	213	204	145	48	0	1	0	185	226	114	206	70	0	0	0	213	222	147	56	0	1	2	0	51	80	0	2	0	0	0	0	0	0	4	3	0	0	
0	0	0	0	0	0	0	0	0	19	180	193	141	27	0	1	0	3	33	25	128	168	0	3	0	0	3	0	87	148	0	4	0	1	0	11	203	55	0	2	0	5	95	211	232	192	124	0	0	38	222	114	6	27	41	0	0	0	0	0	0	0	0	0	
0	0	1	3	0	0	0	0	0	1	0	2	59	70	9	0	1	0	13	166	218	237	61	0	0	26	220	124	45	185	4	0	0	30	64	0	195	70	0	3	1	0	0	185	118	0	4	0	2	0	165	170	0	4	0	0	0	3	93	18	0	1	0	0	
0	0	0	1	6	1	0	0	0	1	0	10	110	70	0	3	0	3	0	97	128	102	0	4	0	0	13	116	145	78	0	3	0	1	0	167	167	0	1	0	0	1	0	200	126	0	4	0	1	0	13	166	32	0	1	0	0	0	0	0	0	0	0	0	
0	0	1	1	0	0	1	0	0	2	0	38	179	181	13	0	1	0	13	223	233	219	137	0	0	2	186	249	41	39	198	0	0	127	212	8	0	84	209	0	0	216	217	146	215	255	150	0	0	84	182	200	150	65	4	0	0	0	0	0	0	0	2	0	
0	0	2	4	3	3	2	0	0	0	0	0	0	0	0	0	2	0	75	130	149	118	102	18	2	0	124	122	36	46	27	4	0	11	145	117	41	0	1	0	0	0	0	35	141	0	1	0	0	1	0	21	127	0	1	0	0	0	0	131	71	0	2	0	
0	0	0	3	0	50	38	0	0	0	3	0	49	192	24	0	0	1	0	16	184	53	0	2	1	0	6	151	123	9	0	1	1	0	155	200	160	151	0	3	0	47	255	237	200	98	0	3	0	8	62	78	46	0	0	0	0	0	0	0	0	2	0	0	
0	0	0	11	4	0	0	0	2	0	50	125	115	0	1	0	0	0	11	10	132	8	0	0	1	0	0	176	150	0	3	0	0	0	1	21	138	67	0	2	1	0	56	0	65	136	0	4	2	0	74	153	142	36	0	2	0	0	0	9	5	0	0	0	
0	0	0	0	0	8	17	0	0	0	0	4	0	91	84	0	0	0	2	0	14	147	10	0	0	2	0	2	140	75	0	3	1	0	13	164	90	0	2	0	0	24	210	108	0	4	0	0	0	56	79	0	3	0	0	0	0	0	0	2	0	0	0	0	
0	0	0	4	33	0	0	0	0	2	0	124	123	0	3	0	3	0	71	148	0	1	0	0	4	0	113	183	128	172	69	0	0	0	1	40	92	225	66	0	0	2	54	108	175	57	0	1	0	0	119	105	13	0	2	0	0	0	0	0	1	3	0	0	
0	0	0	3	0	43	45	0	0	0	3	0	25	139	29	0	0	3	0	34	164	80	0	2	2	0	57	177	152	182	63	0	0	59	137	144	159	147	25	0	0	105	186	215	117	23	0	1	0	1	15	45	4	0	1	0	0	0	0	0	3	1	0	0	
0	0	1	0	0	0	0	0	2	0	68	126	102	76	34	0	0	1	152	53	31	30	22	0	0	10	126	94	90	91	11	0	0	0	5	17	5	73	127	0	0	10	6	0	0	110	94	0	0	37	112	100	143	111	0	0	0	0	24	49	19	0	1	0	
0	0	0	2	2	0	40	14	0	0	1	0	12	112	107	11	0	2	0	40	152	87	6	0	0	2	0	128	79	108	12	0	0	2	0	148	155	21	0	1	0	11	153	229	141	0	3	0	0	37	150	74	14	0	0	0	0	0	0	0	0	0	0	0	
0	0	0	2	1	0	0	0	0	0	2	0	22	10	0	0	0	2	0	50	171	19	0	1	2	0	41	138	152	12	0	1	2	0	125	147	139	5	0	0	0	1	0	25	102	0	2	0	0	1	0	42	120	0	3	0	0	1	0	27	38	0	1	0	
0	0	0	2	1	0	0	0	0	0	1	0	13	51	28	0	0	2	0	47	165	243	81	0	2	0	38	160	136	132	0	1	0	0	4	41	178	13	0	1	0	0	0	164	77	0	3	0	2	0	162	144	0	4	0	0	0	6	90	14	0	0	0	0	
0	0	0	1	0	0	0	0	0	0	1	3	39	75	57	6	0	3	0	154	153	78	59	7	3	0	70	136	0	1	0	0	4	0	102	121	0	5	2	0	0	1	0	94	108	0	3	0	1	0	34	118	89	0	2	0	2	0	55	90	0	0	0	0	
0	0	0	3	0	32	14	0	0	0	3	0	120	202	7	0	0	2	0	144	177	169	30	0	3	0	137	175	0	135	130	0	0	50	185	1	16	212	107	0	0	116	222	172	249	169	0	1	0	28	146	132	77	0	1	0	0	0	0	0	0	2	1	0	
2	3	3	4	4	3	0	0	0	0	0	0	0	0	0	0	43	156	159	139	143	61	0	2	39	77	51	66	126	209	24	0	0	0	0	2	0	171	59	0	1	3	3	0	27	189	8	0	0	0	3	0	122	121	0	3	0	1	0	12	184	23	0	1	
0	0	0	1	0	0	1	0	0	1	0	20	127	138	20	0	0	4	0	129	254	235	127	0	2	0	130	218	29	46	183	0	0	112	192	17	0	118	195	0	0	209	198	164	212	204	43	0	0	68	136	71	32	2	0	0	0	0	0	0	0	1	2	0	
0	0	1	0	0	1	0	0	0	0	2	109	151	35	0	2	3	0	56	251	183	153	1	0	4	0	132	183	0	138	40	0	4	0	134	136	0	164	19	0	4	0	137	129	60	175	0	3	2	0	39	203	216	56	0	3	0	1	0	37	33	0	1	0	
0	0	0	3	0	24	18	0	0	0	3	0	16	223	178	0	0	3	0	32	224	205	173	0	2	0	26	238	149	121	156	0	0	35	219	175	122	249	47	0	0	193	255	226	235	83	0	2	0	103	151	94	7	0	1	0	0	0	0	0	1	3	0	0	
0	0	2	0	0	0	0	0	0	2	0	78	111	0	1	0	3	0	105	224	111	16	0	1	0	23	235	149	236	150	0	3	0	31	247	230	209	176	0	3	0	3	82	33	132	206	0	1	0	0	3	0	79	229	22	0	0	0	4	2	3	17	1	0	
0	0	0	3	0	83	18	0	0	0	3	0	48	147	0	0	0	1	0	13	148	31	0	1	1	0	0	176	144	2	0	1	1	0	169	231	147	131	0	3	0	9	206	206	135	55	0	2	0	0	3	16	6	0	0	0	0	0	1	0	1	2	0	0	
0	0	0	0	1	0	0	0	0	1	0	125	32	0	1	0	1	0	2	211	49	0	2	0	0	1	0	201	102	0	3	0	0	4	0	126	187	0	2	0	0	2	0	41	227	25	0	1	0	0	2	0	122	83	0	3	0	0	0	1	1	1	0	0	
0	0	0	0	0	8	14	0	0	0	0	4	0	85	73	0	0	0	3	0	31	160	7	0	0	2	0	7	164	63	0	2	1	0	12	161	91	0	3	0	0	42	203	82	0	3	0	0	0	65	65	0	4	0	0	0	0	0	0	2	0	0	0	0	
1	0	71	25	0	5	0	0	0	8	202	39	0	2	1	0	0	44	195	0	100	107	0	0	0	59	160	106	177	157	98	0	0	21	176	150	108	24	168	0	3	0	101	201	232	213	140	0	0	1	0	42	79	71	9	0	0	0	2	0	0	0	1	0	
0	0	0	0	2	1	0	0	0	0	0	1	0	18	69	6	0	1	4	0	66	178	92	2	0	1	0	33	137	16	0	1	0	38	29	69	54	0	5	0	0	41	150	138	3	0	0	0	2	0	47	84	0	2	0	0	0	2	2	0	0	0	0	0	
0	0	0	0	0	1	0	0	0	0	2	109	123	9	0	1	4	0	81	255	170	124	0	3	1	0	16	85	203	107	0	3	0	2	0	58	228	68	0	3	2	0	44	199	50	122	3	0	4	0	122	96	0	148	30	0	1	0	15	10	0	26	7	0	
0	0	0	0	1	0	0	0	0	0	1	1	2	83	103	0	0	2	2	0	121	176	128	0	0	0	4	41	96	117	35	0	0	46	121	170	255	167	0	2	0	168	179	114	44	43	0	1	0	14	22	1	0	0	0	0	0	0	0	2	2	2	0	0	
0	0	0	0	0	0	0	0	0	60	120	135	92	2	0	0	2	76	98	88	210	40	0	2	0	3	0	113	180	0	2	0	0	4	0	42	180	94	0	2	0	0	1	0	14	197	75	0	3	0	83	172	133	142	43	0	1	0	22	61	27	0	0	0	
0	0	0	0	0	0	0	0	0	3	0	87	209	174	30	0	0	1	0	18	83	231	75	0	0	1	62	122	244	130	0	3	0	4	163	165	178	168	0	2	4	59	32	28	157	144	0	2	4	161	204	199	132	3	0	1	0	0	1	0	0	1	0	0	
0	0	0	0	0	0	0	0	0	0	3	64	135	145	72	0	3	0	72	255	139	88	56	0	1	3	0	164	228	149	20	0	1	0	99	182	168	244	73	0	0	129	255	202	163	50	0	1	0	99	114	34	2	0	0	0	0	0	0	0	2	3	0	0	
0	0	1	2	0	0	0	0	0	0	0	2	48	63	7	0	1	0	24	134	88	206	66	0	4	0	140	137	104	206	6	0	2	0	79	151	238	88	0	3	0	3	0	88	130	0	2	0	2	0	65	170	5	0	1	0	2	0	54	37	0	2	0	0	
0	0	0	33	31	0	1	0	0	2	105	129	155	28	0	1	0	4	25	0	110	48	0	2	0	1	0	27	128	1	1	0	0	2	0	104	42	0	2	0	3	0	94	189	91	130	49	0	2	0	85	104	71	70	22	0	0	0	0	0	0	0	0	0	
0	0	0	3	1	0	0	0	0	0	1	0	31	66	5	0	0	1	0	77	198	217	29	0	1	0	18	112	75	119	0	1	0	1	0	10	149	33	0	1	1	0	4	147	64	0	2	0	0	5	155	68	0	3	0	0	0	25	80	0	2	0	0	0	
0	0	0	0	0	2	1	0	0	0	5	80	64	0	0	0	4	0	96	132	116	97	24	0	3	0	85	96	66	171	26	0	1	0	2	193	145	0	0	0	0	2	0	180	115	0	5	0	0	0	0	188	133	0	3	0	0	2	0	68	50	0	2	0	
0	0	0	2	0	55	29	0	0	0	2	0	28	142	14	0	0	1	0	7	123	33	0	1	1	0	10	166	162	71	0	1	2	0	121	201	100	167	23	0	2	0	148	222	141	106	0	1	1	0	11	60	33	0	0	0	0	0	1	0	0	2	0	0	
0	0	0	0	0	0	0	0	0	23	80	0	2	0	21	2	0	74	89	0	0	24	85	0	0	96	53	0	0	44	116	0	0	131	66	29	53	129	140	0	0	44	127	114	82	65	80	0	0	0	0	0	0	2	8	0	0	2	2	3	3	1	0	0	
0	0	2	2	0	0	0	0	0	0	1	0	40	56	0	1	1	0	38	130	121	199	35	0	0	26	146	47	36	176	31	0	0	14	124	106	200	141	0	4	0	1	0	35	141	8	0	1	1	0	15	169	43	0	2	0	1	0	28	70	0	2	0	0	
0	0	2	1	0	2	0	0	0	0	0	15	29	0	0	0	2	0	64	128	120	103	0	3	3	0	150	39	60	105	0	3	2	0	50	109	174	62	0	3	0	0	4	0	121	70	0	3	0	0	5	0	131	60	0	2	0	0	3	0	88	41	0	2	
0	0	0	0	1	0	0	0	0	0	1	0	32	116	0	2	0	0	4	0	119	144	0	4	0	1	0	17	209	46	0	2	0	2	0	174	130	0	3	0	3	0	97	184	0	2	0	0	1	0	149	40	0	2	0	0	0	0	0	1	1	0	0	0	
0	1	4	3	3	1	0	0	0	0	0	0	0	0	0	0	0	24	137	169	199	59	0	3	0	11	89	72	175	120	0	4	0	0	2	0	164	89	0	3	0	2	0	40	188	1	0	0	0	2	0	62	179	0	2	0	0	1	0	30	124	0	3	0	
0	0	2	3	0	0	0	0	0	1	1	0	39	69	6	0	1	0	37	130	111	193	49	0	0	26	158	57	61	190	16	0	0	42	170	143	238	81	0	3	0	2	0	118	122	0	3	0	2	0	81	167	2	1	0	0	2	0	81	43	0	2	0	0	
0	1	4	2	0	0	0	0	0	0	0	0	22	27	0	0	0	29	98	133	128	171	55	0	0	104	148	9	4	122	17	0	0	15	113	15	128	188	73	7	1	0	93	107	157	95	9	0	0	0	5	0	101	68	0	3	0	0	3	0	73	45	0	2	
0	0	0	3	1	0	0	0	0	1	3	0	15	150	66	0	0	3	0	80	204	172	179	0	0	2	153	175	16	28	185	0	0	146	173	0	50	218	111	0	0	176	206	204	225	117	0	0	0	8	38	34	5	0	1	0	0	0	0	0	1	4	0	0	
0	0	0	0	0	0	0	0	0	0	0	10	91	1	0	0	0	2	0	50	170	0	2	0	0	3	0	80	142	0	4	0	0	3	0	90	134	0	4	0	0	3	0	89	117	0	4	0	0	2	0	58	117	0	3	0	0	0	0	3	24	0	0	0	
0	0	0	5	0	65	97	0	0	0	4	0	47	179	48	0	0	3	0	91	211	49	0	2	1	0	116	252	171	177	116	0	0	106	255	143	127	225	142	0	0	118	240	234	242	161	2	0	0	0	12	15	4	0	1	0	0	2	0	0	0	2	1	0	
0	0	0	0	0	0	0	0	0	0	3	42	66	69	16	0	4	0	126	173	90	134	29	0	2	0	174	71	0	2	0	0	2	0	71	137	135	91	0	1	0	0	1	0	21	149	0	0	3	0	75	91	122	64	0	2	1	0	25	119	58	0	1	0	
0	0	0	2	0	0	0	0	0	0	0	1	44	62	18	0	0	0	0	114	143	157	63	0	2	0	75	107	12	143	11	0	0	0	1	2	165	62	0	2	0	0	0	162	105	0	3	0	3	0	116	122	0	3	0	0	0	2	67	5	1	0	0	0	
0	0	0	4	0	0	0	0	2	0	45	137	133	76	0	2	0	0	9	27	186	117	0	3	0	4	0	137	179	0	1	0	0	6	5	3	105	98	0	3	0	28	159	60	100	132	0	3	1	0	64	169	158	27	0	1	0	0	0	0	0	0	0	0	
0	0	0	0	0	0	0	0	0	1	1	6	104	108	9	0	1	2	0	1	89	219	41	0	0	4	43	54	141	66	0	2	0	164	254	228	228	89	3	0	16	156	96	0	44	201	93	0	0	0	0	0	0	3	8	0	1	4	4	1	3	2	0	0	
0	0	0	1	0	0	0	0	0	0	0	14	103	0	1	0	0	2	0	49	168	0	1	0	0	3	0	83	153	0	4	0	0	3	0	96	105	0	3	0	0	3	0	151	73	0	3	0	0	0	0	111	19	0	1	0	0	0	0	0	0	0	0	0	
0	0	0	0	1	3	3	1	0	0	0	0	0	0	0	0	0	1	3	0	33	89	121	42	0	0	0	5	137	96	50	6	0	27	49	61	84	0	3	0	0	18	163	128	5	2	2	0	2	0	55	65	0	2	0	0	0	1	2	1	1	0	0	0	
0	2	1	0	0	0	0	0	0	0	3	28	94	108	0	1	0	63	170	130	223	144	0	3	0	24	20	95	209	20	0	1	3	0	78	210	184	132	0	4	0	0	55	0	133	122	0	3	1	0	121	172	145	2	0	1	0	0	6	49	5	0	0	0	
0	0	0	0	0	0	0	0	0	1	0	16	103	123	34	0	0	1	0	23	97	187	123	0	1	0	43	104	136	179	24	0	1	0	129	161	217	100	0	4	19	153	138	117	156	18	0	1	0	39	84	76	17	0	1	0	0	0	0	0	2	1	0	0	
0	0	0	1	3	0	0	0	0	2	0	112	206	75	0	3	1	0	32	133	44	192	13	0	0	0	1	0	13	177	13	0	1	0	75	27	102	147	0	3	0	21	202	194	225	40	0	2	0	4	108	150	169	20	0	1	0	0	0	0	0	0	0	0	
0	0	0	0	1	0	0	0	0	0	0	1	0	132	25	0	0	0	3	0	64	193	0	0	0	1	1	0	195	74	0	3	0	1	0	158	157	0	3	0	2	0	137	187	0	1	1	0	0	12	158	18	0	1	0	0	0	0	0	2	1	0	0	0	
0	0	2	0	0	0	1	0	0	1	0	37	211	121	0	1	2	0	73	233	160	222	107	0	0	17	226	87	0	87	184	0	0	49	199	0	0	95	184	0	0	27	230	75	141	225	49	0	2	0	123	222	161	27	0	1	0	0	0	0	0	1	2	0	
0	0	0	3	3	0	0	0	0	0	1	0	0	0	0	1	0	0	2	99	92	1	0	0	1	0	21	95	144	8	10	19	0	33	200	162	114	90	121	58	0	13	29	0	2	7	2	0	0	0	0	2	2	0	1	1	0	0	1	0	0	0	0	0	
0	0	1	1	0	1	0	0	0	2	0	60	152	56	0	2	2	0	57	145	138	211	0	0	0	0	151	38	0	146	56	0	0	49	138	0	0	114	80	0	0	87	104	0	22	160	23	0	0	37	143	110	161	60	0	2	1	0	31	68	17	0	1	0	
0	0	0	1	0	1	3	0	0	0	1	0	41	145	72	0	0	3	0	66	200	186	27	0	1	2	0	68	96	123	6	0	0	2	2	87	200	58	0	2	32	144	5	17	133	19	0	1	19	152	150	157	49	0	2	0	0	2	11	2	0	1	0	0	
0	0	2	1	0	0	0	0	0	1	0	39	71	0	0	0	3	0	77	188	190	52	0	2	0	0	154	23	193	69	0	3	0	0	146	174	249	39	0	2	1	0	46	76	168	45	0	2	0	0	2	0	157	43	0	2	0	0	3	0	48	20	0	1	
0	1	1	0	1	3	0	0	1	0	13	82	45	0	3	0	0	34	227	255	233	88	1	0	0	95	243	34	41	183	149	0	0	104	110	0	0	36	210	39	0	112	229	177	203	212	119	1	0	11	58	64	38	5	0	0	0	1	0	0	0	0	3	0	
0	0	0	1	4	0	0	0	0	2	0	58	167	24	0	1	0	3	0	117	163	0	0	0	0	3	0	108	173	0	3	0	1	0	14	116	114	58	0	2	3	0	97	64	73	96	0	3	2	0	51	139	116	4	0	1	0	0	0	12	2	0	0	0	
0	0	0	0	0	37	26	0	0	0	3	0	109	199	133	0	0	2	2	0	17	23	123	0	1	0	9	37	0	109	77	0	0	29	126	179	242	179	0	1	0	163	191	170	106	102	9	0	0	101	90	15	0	1	0	0	0	0	0	1	4	3	0	0	
0	0	0	3	12	3	0	0	0	9	111	129	138	36	0	2	0	77	170	36	3	0	1	0	0	86	164	137	151	53	0	2	0	1	1	0	27	161	54	0	0	9	125	88	2	38	156	0	1	0	25	104	138	159	115	0	0	0	0	0	1	7	1	0	
0	0	1	3	0	0	0	0	0	0	2	0	19	68	25	0	0	0	0	111	139	176	89	0	2	0	164	194	77	176	33	0	0	0	136	125	210	123	0	3	0	2	0	50	139	0	0	0	2	0	51	177	25	0	1	0	2	0	72	50	0	2	0	0	
0	0	0	1	0	0	0	0	0	1	0	22	144	105	0	0	1	0	13	150	68	159	110	0	0	3	0	117	40	117	73	0	0	1	0	95	210	51	0	2	0	29	138	203	91	0	4	0	0	89	209	99	8	0	0	0	0	2	39	11	0	0	0	0	
0	0	0	2	0	1	0	0	0	0	2	1	0	17	60	0	0	1	0	48	0	83	81	0	2	0	68	117	53	148	0	0	0	7	163	167	189	43	0	2	1	0	25	118	17	0	1	0	1	0	97	23	0	3	0	0	0	3	19	0	1	0	0	0	
0	0	0	1	5	3	0	0	0	1	0	31	106	0	1	0	0	2	0	119	64	53	4	0	2	0	66	105	26	136	0	2	1	0	159	21	106	109	1	0	1	0	76	127	191	75	5	0	0	1	0	18	115	0	1	0	0	0	3	1	2	3	0	0	
0	0	0	2	2	0	0	0	0	0	1	0	2	17	4	0	0	1	0	33	108	209	68	0	2	0	40	154	81	166	14	0	2	0	40	138	209	69	0	2	0	3	0	101	104	0	3	0	2	0	66	137	0	2	0	0	1	0	120	34	0	1	0	0	
0	1	1	0	1	0	0	0	1	0	10	128	61	0	5	0	0	20	197	146	98	0	1	0	0	125	123	0	8	65	72	0	0	98	167	18	136	171	204	38	0	1	94	159	222	224	174	4	0	1	0	0	12	50	15	0	0	0	3	2	0	0	1	0	
0	0	0	3	1	0	0	0	0	0	1	0	9	9	8	0	0	1	0	80	178	224	101	0	3	0	97	165	60	179	8	0	0	0	23	0	158	69	0	3	0	2	0	148	115	0	3	0	2	0	134	148	0	3	0	0	0	10	136	21	0	1	0	0	
0	0	0	0	0	1	0	0	1	0	29	90	54	0	0	0	0	11	151	126	147	88	0	3	0	3	6	0	121	103	0	3	1	0	11	196	247	31	0	2	1	0	15	40	97	123	0	4	0	2	0	53	180	63	0	3	0	1	0	90	55	0	1	0	
0	0	2	1	0	0	0	0	0	2	0	8	96	164	100	0	1	0	15	193	202	148	205	0	0	30	223	126	1	27	191	2	0	138	78	0	21	200	170	0	0	195	140	179	254	182	5	0	0	136	229	173	67	1	1	1	0	1	1	0	0	2	1	0	
0	0	0	0	0	0	0	0	0	1	0	45	30	26	2	0	1	0	6	174	72	163	0	1	3	0	88	127	76	145	0	4	3	0	156	190	200	50	0	2	0	0	16	11	116	28	0	1	0	1	0	5	188	33	0	1	0	1	0	15	87	6	0	0	
0	0	2	0	0	0	1	0	0	0	0	34	52	47	5	0	3	0	86	255	228	236	133	0	0	0	207	196	21	29	194	2	0	60	151	0	0	115	175	0	0	161	127	104	192	182	28	0	0	133	197	136	70	0	1	0	0	0	0	0	0	2	2	0	
