500	64	10
0	0	0	0	0	0	0	0	1	0	17	7	10	63	0	1	3	0	72	50	32	102	0	3	3	0	77	50	53	77	0	3	3	0	114	105	130	66	0	2	0	0	6	40	158	83	3	0	0	1	0	22	114	0	2	0	0	0	0	8	21	0	1	0	
0	0	1	1	1	0	0	0	0	0	1	2	2	44	2	0	2	0	43	186	186	170	0	2	1	0	146	78	177	64	0	3	0	2	0	42	176	0	0	0	0	4	0	141	113	0	3	0	2	0	41	200	16	0	1	0	2	0	43	68	0	2	0	0	
0	0	0	0	0	0	0	0	1	0	50	99	86	27	0	1	0	55	149	17	75	119	0	3	0	24	91	106	160	38	0	2	0	0	0	121	137	119	0	0	2	0	103	71	0	105	55	0	2	0	84	109	92	120	23	0	0	0	2	37	58	20	0	1	
0	0	1	0	0	0	0	0	0	1	0	49	107	94	51	0	2	0	56	207	124	255	102	0	2	0	59	173	58	186	22	0	1	0	0	194	244	33	0	2	3	0	138	160	188	25	0	1	1	0	182	218	98	0	2	0	1	0	22	27	0	1	0	0	
0	0	0	0	0	0	0	0	3	0	76	205	158	0	0	0	4	0	102	134	0	2	1	0	4	0	86	179	137	52	0	2	1	0	20	67	82	144	10	0	2	0	79	110	50	100	69	0	2	0	44	119	168	199	44	0	0	0	0	0	0	0	0	0	
0	0	0	0	12	71	0	0	0	0	3	0	95	157	0	3	0	1	0	20	193	36	0	2	0	1	0	156	130	0	0	1	3	0	90	199	203	151	0	4	1	0	180	249	220	103	0	3	1	0	34	79	35	0	0	0	0	0	0	0	0	1	0	0	
0	1	2	0	0	1	0	0	1	0	5	109	175	155	112	0	0	0	173	248	66	97	149	0	0	50	247	43	0	30	25	0	0	47	233	20	65	71	0	2	0	0	179	255	219	229	44	0	1	0	28	155	178	168	20	0	0	1	2	0	3	3	0	0	
0	0	0	2	0	0	0	0	0	1	0	19	139	124	29	0	0	2	0	149	186	246	112	0	1	0	6	214	185	66	0	2	2	0	90	235	163	0	2	0	0	39	183	3	198	77	0	3	0	33	171	182	172	13	0	1	1	0	30	51	4	0	0	0	
0	0	0	3	4	0	0	0	2	0	45	163	172	48	0	2	2	0	107	28	51	166	0	3	0	0	2	125	106	140	0	2	3	0	79	136	230	82	0	3	3	0	144	143	183	177	24	0	3	0	128	156	2	66	23	0	0	0	0	0	2	1	0	0	
0	0	0	0	0	0	0	0	0	1	0	4	109	46	0	2	0	3	0	152	223	133	0	4	0	4	42	0	91	142	0	4	0	127	160	133	202	82	102	6	0	164	179	206	172	162	108	0	0	9	31	2	0	0	0	0	0	1	0	2	2	2	3	0	
0	0	0	0	0	2	0	0	0	16	61	30	0	0	0	0	0	97	238	146	185	107	0	3	0	30	154	0	67	154	0	2	0	0	18	0	34	157	0	2	0	2	0	128	215	208	3	0	0	1	0	69	103	199	50	0	0	0	0	2	0	68	43	0	
0	0	0	0	0	0	0	0	0	2	0	44	151	67	0	1	1	0	5	197	150	229	27	0	0	1	0	167	136	172	6	0	1	0	15	184	241	24	0	2	0	14	187	99	184	16	0	1	0	28	200	192	98	0	2	0	1	0	30	39	0	1	0	0	
0	0	0	1	2	1	0	0	0	1	0	9	147	76	0	2	0	2	0	138	85	99	11	0	3	0	73	121	0	99	15	0	1	0	142	27	1	122	3	0	0	5	152	23	110	66	0	2	2	0	79	163	80	0	1	0	0	0	0	3	0	1	0	0	
0	0	1	0	0	0	0	0	0	0	16	32	0	63	21	0	4	0	125	94	0	193	23	0	0	30	219	28	85	197	52	0	0	164	173	158	227	203	154	0	2	37	0	120	167	0	3	0	0	0	0	178	50	0	3	0	0	1	2	15	1	1	0	0	
0	0	4	52	18	0	1	0	1	0	75	93	127	4	0	0	0	2	2	25	119	3	0	0	0	2	0	146	85	0	2	0	0	0	1	5	98	87	0	1	0	12	100	13	26	151	12	0	0	1	87	106	117	41	0	1	0	0	0	0	0	0	0	0	
0	0	1	1	1	1	0	0	0	2	0	65	35	50	55	0	1	0	5	182	57	159	19	0	1	0	156	148	88	172	12	0	0	78	178	156	245	192	41	0	0	13	0	164	104	0	1	0	3	0	78	183	0	1	1	0	1	0	26	21	0	1	0	0	
0	1	0	0	0	0	0	0	1	0	39	121	103	0	2	0	0	84	220	115	45	0	2	0	0	169	230	155	173	118	5	0	0	81	124	71	49	154	147	0	0	0	10	59	0	128	169	0	0	5	0	134	216	222	42	0	0	0	0	4	55	20	0	1	
0	0	0	0	3	3	0	0	0	0	0	78	178	193	35	0	2	0	48	234	57	176	124	0	0	0	13	0	25	219	45	0	0	108	188	85	200	170	0	2	0	193	235	249	255	162	0	3	0	32	53	29	45	12	0	1	0	0	0	0	0	0	0	0	
0	0	2	0	0	1	1	0	2	24	1	0	49	35	0	1	42	234	112	0	172	228	8	0	44	255	237	193	232	255	67	0	3	106	223	252	250	255	70	0	0	0	16	10	159	255	59	0	0	3	4	0	138	236	5	0	0	0	2	0	33	49	0	1	
0	0	0	1	45	33	0	1	1	0	20	162	187	203	24	0	1	0	33	92	0	203	79	0	0	0	10	0	36	215	26	0	0	73	183	142	177	108	81	0	0	173	228	254	169	176	106	0	0	31	43	65	151	98	0	1	0	0	0	0	0	0	1	0	
0	0	0	0	0	0	0	0	0	0	2	4	25	11	0	0	2	0	58	91	158	75	0	3	3	0	85	151	198	38	0	2	1	0	14	160	185	0	1	0	0	2	0	56	118	0	3	0	0	3	0	129	71	0	2	0	0	1	0	66	13	0	0	0	
0	0	1	1	0	0	0	0	0	1	0	37	93	107	47	0	2	0	48	205	111	224	104	0	2	0	61	177	68	167	16	0	1	0	20	225	215	13	0	1	0	0	162	55	169	32	0	1	0	1	161	182	155	2	0	1	1	0	24	58	6	0	0	0	
0	0	0	1	2	0	0	0	0	0	2	0	66	73	0	2	0	0	1	0	186	85	0	3	0	2	0	63	194	0	0	1	0	3	0	147	119	0	3	0	0	0	0	169	31	0	1	0	1	0	11	150	6	0	0	0	0	0	1	12	0	0	0	0	
0	0	1	2	0	0	1	0	0	2	0	30	211	88	0	2	1	0	1	187	159	205	30	0	3	0	157	199	0	187	82	0	0	64	206	15	0	163	101	0	0	136	180	14	51	209	53	0	0	26	163	189	177	84	0	2	0	0	0	0	0	0	1	0	
0	0	0	0	0	0	0	0	0	0	1	0	81	15	0	1	0	0	2	0	157	32	0	1	0	1	0	15	150	2	0	0	0	3	0	72	140	0	3	0	0	3	0	102	99	0	3	0	0	3	0	119	49	0	2	0	0	0	0	17	6	0	0	0	
0	1	3	0	0	1	2	0	0	2	0	52	98	31	0	1	0	0	148	255	255	247	58	0	0	111	243	110	97	245	193	0	0	216	101	0	0	93	200	0	0	185	247	151	167	241	65	0	0	18	162	209	199	75	0	2	0	0	0	0	0	0	1	0	
0	1	0	3	1	3	1	0	2	0	68	168	66	0	4	0	0	52	180	26	183	134	3	0	0	116	87	0	86	138	126	0	0	112	67	0	4	0	155	33	0	93	186	12	11	86	151	0	0	0	111	158	151	135	24	0	0	1	0	3	3	0	1	1	
0	0	0	0	0	0	0	0	0	0	0	2	140	25	0	1	0	1	0	30	219	19	0	1	0	3	0	67	206	0	0	0	0	4	0	115	198	0	2	0	0	4	0	141	180	0	3	0	0	3	0	101	106	0	3	0	0	0	0	0	0	0	0	0	
0	0	0	0	0	1	0	0	0	1	0	55	144	24	0	1	1	0	20	216	177	154	0	3	1	0	26	187	113	168	0	3	0	3	0	172	255	36	0	2	2	0	40	208	202	28	0	1	1	0	20	177	196	15	0	1	0	1	0	15	27	0	1	0	
1	0	17	36	1	0	0	0	0	34	228	255	164	6	0	1	0	45	125	57	219	150	0	4	0	0	2	0	56	202	0	0	0	2	45	13	90	202	42	17	0	61	255	253	253	245	255	74	0	11	109	147	84	33	45	11	0	0	0	0	0	0	0	0	
0	0	3	1	0	0	0	0	0	2	0	16	91	59	0	1	2	0	100	209	155	211	40	0	0	122	202	69	69	206	49	0	0	153	178	159	162	229	43	0	0	8	39	0	42	201	7	0	1	0	15	187	234	84	0	3	0	0	2	116	79	0	2	0	
0	0	0	0	0	0	0	0	3	0	76	237	157	29	0	1	1	0	40	90	182	213	0	0	1	0	30	140	183	176	0	1	3	0	66	195	247	82	0	4	1	0	144	138	177	156	0	4	2	0	95	194	225	87	0	3	0	0	0	0	0	0	0	0	
0	0	3	0	63	58	0	2	0	1	0	100	137	33	0	1	3	0	108	131	0	0	1	0	0	13	165	6	24	78	45	0	0	23	160	98	146	83	164	37	3	0	122	254	125	103	93	5	0	0	2	53	80	36	1	0	0	0	1	0	0	0	2	1	
0	0	1	0	16	19	0	1	0	1	0	17	215	89	0	3	1	0	0	177	138	0	0	0	3	0	105	246	185	138	0	2	1	0	209	223	108	225	14	0	2	0	164	226	149	180	0	0	1	0	5	114	116	4	0	1	0	0	1	0	0	1	0	0	
0	0	2	0	60	34	0	1	0	0	2	0	63	93	0	3	0	0	1	0	19	93	0	2	0	0	9	0	52	68	0	3	1	0	76	84	83	11	0	1	0	11	98	118	119	28	0	1	1	0	40	25	5	16	0	0	0	0	0	1	1	0	0	0	
0	0	1	0	0	0	0	0	0	0	0	28	62	38	2	0	3	0	72	250	255	219	5	0	1	0	26	38	191	145	0	4	0	2	0	37	233	33	0	2	0	4	0	130	197	0	2	0	1	0	0	220	97	0	3	0	0	0	6	94	18	0	1	0	
0	0	1	2	0	0	0	0	0	1	0	15	122	24	0	1	1	0	18	169	206	57	0	3	4	0	139	152	85	80	0	3	2	0	69	139	221	76	0	3	0	1	0	32	188	12	0	1	0	3	0	143	122	0	3	0	0	1	0	31	11	0	0	0	
0	0	0	0	0	0	1	0	0	0	0	110	167	53	0	2	2	0	46	242	170	251	160	0	0	1	0	160	117	128	167	0	0	6	142	197	251	157	18	0	0	109	175	63	145	143	0	4	0	70	194	164	210	107	0	3	1	0	22	50	32	0	0	0	
0	0	0	2	2	2	0	0	0	8	98	192	117	0	4	0	0	80	108	149	214	36	0	2	0	1	0	22	64	181	45	0	0	1	6	3	0	77	150	0	0	74	73	0	31	155	111	0	0	43	147	143	155	86	0	0	0	0	6	12	1	0	1	0	
0	1	2	0	0	0	0	0	1	0	10	136	204	157	0	1	0	0	153	255	189	248	64	0	0	103	242	53	0	226	82	0	0	118	169	0	20	247	77	0	0	38	240	157	170	255	60	0	2	0	73	215	209	102	0	0	0	1	0	0	0	0	0	0	
0	0	0	0	1	0	0	0	0	0	1	0	20	84	0	1	0	0	3	0	169	204	0	2	0	3	0	77	197	8	0	1	1	0	0	195	70	0	2	0	4	0	97	171	0	4	0	0	3	0	148	74	0	2	0	0	0	0	28	5	0	0	0	0	
0	0	0	0	0	0	0	0	0	0	2	0	145	55	0	2	0	1	0	11	224	53	0	2	0	2	0	55	216	8	0	1	0	3	0	96	187	0	2	0	0	3	0	158	168	0	3	0	0	2	0	162	91	0	3	0	0	0	0	0	0	0	0	0	
0	0	1	0	1	1	0	0	0	0	0	47	46	0	0	0	2	0	52	84	85	25	0	1	3	0	85	15	67	87	0	3	2	0	50	79	119	54	0	2	0	0	0	36	126	5	0	0	0	0	0	18	97	0	1	0	0	0	0	13	34	0	1	0	
0	0	0	0	0	2	0	0	0	0	5	193	140	0	1	0	0	0	0	38	179	118	0	3	0	13	110	88	97	173	0	4	0	142	161	143	255	191	185	33	0	81	172	177	133	125	100	2	0	0	77	61	0	1	0	0	0	1	0	0	3	5	3	0	
0	0	0	0	0	0	0	0	0	1	0	37	156	0	0	0	0	3	0	70	222	0	0	1	0	3	0	76	207	0	1	0	0	3	0	74	209	0	0	0	0	3	0	102	211	0	1	0	0	3	0	87	161	0	2	0	0	0	0	0	1	0	0	0	
0	0	0	0	1	1	0	0	3	0	59	230	59	0	2	0	2	0	30	142	200	31	0	2	2	0	56	131	184	141	0	4	2	0	29	142	223	41	0	2	2	0	131	87	159	80	0	3	1	0	43	169	179	27	0	1	0	0	0	0	0	0	0	0	
0	0	1	1	1	0	0	0	0	0	3	4	1	57	73	1	3	0	95	218	213	196	90	0	4	0	98	252	80	2	0	0	2	0	47	195	0	2	3	0	0	1	0	155	146	3	0	1	1	0	78	175	225	10	0	1	2	0	44	127	25	0	1	0	
0	0	0	0	1	0	0	0	1	0	24	74	18	66	0	1	3	0	109	118	92	138	0	4	4	0	136	105	169	59	6	0	3	0	56	228	237	210	98	0	0	4	0	115	123	0	5	0	0	3	0	113	105	0	3	0	0	0	0	13	16	0	1	0	
0	0	0	0	0	0	0	0	0	0	17	0	58	21	0	1	1	0	66	2	113	19	0	1	1	0	59	0	83	39	0	1	2	0	67	49	128	56	0	2	2	0	40	84	39	55	0	2	0	0	1	0	5	95	4	0	0	0	1	3	0	21	6	0	
0	0	0	0	0	0	0	0	2	0	56	74	63	104	138	27	4	0	143	231	205	177	129	21	1	0	190	228	145	0	0	0	1	0	96	66	118	105	0	4	2	0	89	88	8	162	8	0	0	41	173	182	223	153	0	1	0	10	9	0	49	19	0	1	
0	2	4	4	4	3	0	0	0	0	0	0	0	0	0	0	0	43	106	126	152	123	0	2	0	61	131	119	135	166	0	2	0	0	3	0	73	143	0	3	0	2	8	0	130	91	0	3	0	1	0	13	163	13	0	1	0	1	0	38	140	0	2	0	
0	0	1	0	79	22	0	1	0	3	0	92	248	32	0	2	2	0	38	232	61	0	2	0	4	0	142	124	39	85	0	1	3	0	159	208	206	236	32	0	4	0	95	255	227	193	7	0	1	0	21	59	79	28	0	1	0	0	0	0	0	1	1	0	
0	0	0	16	64	0	1	0	0	4	0	120	126	0	4	0	1	0	31	152	13	27	0	0	4	0	120	121	158	226	34	0	2	0	172	217	98	174	54	0	3	0	131	255	190	100	0	2	0	0	7	71	54	0	1	0	0	0	1	0	0	2	0	0	
0	2	4	1	0	0	0	0	0	1	0	1	14	12	0	0	0	27	128	209	253	216	12	0	0	174	255	218	212	244	15	0	0	68	61	0	161	231	2	0	0	1	0	0	228	131	0	4	0	6	0	90	255	51	0	3	0	3	0	87	165	0	1	0	
0	0	0	0	32	12	0	0	0	2	0	69	87	7	0	1	1	0	15	114	0	0	0	0	2	0	45	65	15	31	0	1	2	0	45	72	65	103	0	1	1	0	27	103	57	68	0	2	0	1	0	51	79	7	0	0	0	0	1	1	0	1	0	0	
0	0	0	0	0	2	2	0	1	0	13	140	128	2	0	1	3	0	84	164	167	153	18	0	3	0	69	124	22	255	110	0	0	1	132	237	160	160	25	0	0	37	140	118	100	0	3	0	1	0	127	208	121	0	5	0	0	0	4	55	22	0	1	0	
0	0	1	0	0	1	0	0	2	0	48	50	0	21	41	0	0	0	160	46	0	114	81	0	0	46	140	0	4	147	16	0	0	37	170	0	67	160	0	2	2	0	101	150	143	150	0	3	0	0	2	0	42	114	0	3	0	0	3	0	4	15	0	0	
0	0	0	1	0	0	0	0	0	0	0	1	68	30	0	1	0	2	0	81	174	131	0	4	0	1	0	133	170	97	0	3	0	3	0	108	196	0	1	0	0	4	0	127	99	0	3	0	0	0	3	174	29	0	1	0	0	0	10	71	1	0	0	0	
0	0	2	3	0	0	0	0	0	1	2	2	10	41	72	13	2	0	29	176	254	249	234	61	1	0	166	233	131	42	8	0	0	48	239	92	12	0	1	0	0	11	151	231	227	18	0	1	1	0	13	226	191	2	0	1	0	0	10	88	16	0	1	0	
0	1	1	0	0	0	1	0	1	0	5	93	212	148	0	2	0	14	207	255	253	255	59	0	0	96	225	88	46	249	112	0	0	143	167	0	38	255	101	0	0	91	255	231	251	230	20	0	0	0	104	216	199	51	0	2	0	0	0	0	0	1	1	0	
0	0	0	0	1	0	0	0	0	1	0	66	130	87	0	1	1	0	13	127	58	96	6	0	1	0	13	190	131	62	1	0	3	0	59	209	74	0	3	0	3	0	60	157	148	0	1	0	0	0	0	138	147	0	1	0	0	0	0	3	2	0	0	0	
0	0	0	0	0	0	0	0	0	0	1	0	118	21	0	1	0	1	0	23	204	20	0	1	0	3	0	74	199	0	1	0	0	4	0	121	156	0	3	0	0	4	0	170	113	0	4	0	0	3	0	137	80	0	3	0	0	0	0	0	0	0	0	0	
0	0	0	3	0	0	0	0	3	0	81	162	54	3	0	0	4	0	99	80	26	23	0	1	1	0	6	135	111	18	0	1	1	0	13	88	161	37	0	2	1	0	24	126	25	157	9	0	0	2	0	69	126	110	1	0	0	0	1	0	11	4	0	0	
1	0	16	32	0	1	0	0	0	2	199	255	90	0	3	0	0	25	125	87	204	17	0	1	0	0	4	0	130	80	0	3	0	6	199	159	184	137	0	1	1	0	178	255	248	255	115	0	1	0	6	118	120	64	54	0	0	0	1	0	0	0	0	0	
0	0	0	0	0	0	0	0	1	0	36	72	26	0	1	0	0	79	194	229	122	0	5	0	0	11	26	210	230	71	0	2	3	0	81	188	82	179	35	0	0	0	1	4	0	99	97	0	0	0	1	144	157	167	39	0	0	1	0	21	102	44	0	1	
0	0	0	0	0	0	0	0	1	0	10	198	83	0	2	0	0	0	1	97	197	12	0	1	0	0	0	175	212	30	0	2	0	1	0	126	199	0	0	1	0	0	0	133	195	18	0	1	0	0	0	169	174	0	0	1	0	0	0	0	0	0	0	0	
0	0	0	2	2	15	0	0	0	0	2	0	76	110	0	3	0	1	0	119	126	7	0	1	3	0	78	252	101	0	0	0	4	0	140	73	113	142	0	4	4	0	127	118	120	137	0	4	1	0	10	109	110	9	0	1	0	0	1	0	0	1	0	0	
0	0	1	0	1	1	0	0	0	0	0	42	7	20	9	0	1	0	23	172	14	171	28	0	4	0	118	162	107	146	0	2	3	0	112	233	244	200	71	0	0	2	0	60	145	0	3	0	0	3	0	115	86	0	3	0	0	1	0	56	27	0	1	0	
0	0	2	0	0	0	0	0	0	0	2	0	20	16	0	1	2	0	95	17	61	92	0	3	0	33	184	59	126	110	0	4	0	11	100	90	144	120	0	4	0	0	3	0	80	98	0	4	0	0	6	0	89	85	0	3	0	0	1	0	24	28	0	1	
0	0	1	1	0	0	0	0	0	1	0	35	94	138	117	0	1	0	21	225	255	235	135	0	4	0	164	189	1	0	1	0	2	0	105	227	146	0	4	0	1	0	22	143	255	79	0	3	4	0	135	255	237	88	0	4	1	0	24	29	17	1	0	0	
0	0	1	0	0	0	0	0	0	1	0	71	143	32	0	2	2	0	72	126	110	110	0	4	0	0	9	0	72	108	0	4	0	0	3	0	127	58	0	2	2	0	26	162	157	0	1	0	2	0	45	210	37	0	2	0	0	0	2	22	0	0	0	0	
0	0	0	18	67	0	1	0	0	3	0	152	161	0	7	1	2	0	46	191	4	0	3	1	4	0	132	89	88	183	28	0	3	0	153	223	165	218	103	0	3	0	82	255	196	196	32	0	0	0	0	45	90	34	0	1	0	0	1	0	0	1	1	0	
0	0	1	0	0	1	0	0	1	0	18	82	60	7	0	0	2	0	177	221	231	180	0	1	0	32	226	0	156	177	0	3	0	20	223	92	211	153	0	4	2	0	96	196	200	185	0	2	0	0	3	0	64	246	21	0	0	0	3	0	16	88	8	0	
0	0	4	4	4	3	0	0	0	0	0	0	0	0	0	0	0	8	116	150	132	163	27	0	0	20	184	177	216	203	3	0	0	0	1	0	161	64	0	2	0	4	0	101	152	0	3	0	1	0	12	182	26	0	1	0	3	0	80	143	0	4	0	0	
0	0	0	0	0	0	0	0	0	2	0	55	78	0	3	0	0	3	0	87	107	0	3	0	0	3	0	83	82	0	3	0	0	3	0	94	62	0	2	0	0	3	0	101	85	0	3	0	0	2	0	51	96	0	3	0	0	0	0	0	0	0	0	0	
0	0	0	1	0	0	0	0	0	1	0	31	193	50	0	2	0	2	0	140	243	164	0	4	0	1	0	163	221	94	0	3	2	0	76	232	214	0	0	1	3	0	168	196	189	17	0	1	1	0	15	166	180	4	0	1	0	0	0	0	0	0	0	0	
0	0	0	0	0	0	0	0	1	0	38	112	128	29	0	1	1	0	47	50	130	129	0	4	1	0	13	39	148	43	0	2	1	0	25	168	198	30	0	2	0	3	8	0	168	51	0	2	0	9	130	172	94	0	2	0	1	0	24	42	0	1	0	0	
0	0	0	1	0	1	0	0	0	0	0	4	57	4	0	0	0	3	0	78	206	56	0	3	0	1	0	142	155	70	0	3	0	2	0	104	200	0	0	1	0	2	0	57	126	0	3	0	0	3	0	107	101	0	3	0	0	2	0	48	37	0	1	0	
0	0	0	0	0	0	0	0	1	0	20	54	18	28	69	45	4	0	111	213	159	154	130	70	0	14	179	60	16	0	0	0	0	4	97	116	150	54	0	4	0	0	46	0	19	149	1	0	1	0	133	98	95	128	0	1	1	0	22	92	84	11	0	1	
0	0	0	1	0	0	0	0	0	0	1	0	150	64	0	2	0	2	0	43	238	38	0	2	0	4	0	125	187	0	2	0	0	4	0	164	118	0	3	0	0	2	0	200	106	0	3	0	0	0	0	167	58	0	2	0	0	0	0	0	0	0	0	0	
0	2	4	4	3	3	2	0	0	0	0	0	0	0	0	0	0	65	116	132	157	183	107	0	0	54	102	79	48	206	81	0	0	0	2	0	130	123	0	2	0	2	0	135	125	0	2	0	3	0	116	129	0	4	0	0	0	4	185	29	0	2	0	0	
0	0	0	0	0	1	0	0	0	1	0	51	152	59	0	2	2	0	34	181	149	215	8	0	4	0	103	164	92	184	1	0	1	0	2	210	245	27	0	2	2	0	51	126	143	73	0	3	3	0	61	192	206	73	0	3	0	1	0	25	52	1	0	0	
0	0	2	0	70	59	0	2	0	2	0	97	139	24	0	1	2	0	64	148	0	2	1	0	3	0	116	43	18	50	0	0	0	11	119	87	114	130	67	0	1	0	195	178	14	130	81	0	1	0	44	63	59	76	6	0	0	0	0	0	0	0	0	0	
0	0	1	3	27	1	0	0	0	2	0	48	218	12	0	1	1	0	7	193	128	0	3	0	3	0	140	255	211	137	0	2	0	0	210	255	135	209	66	0	3	0	131	255	126	226	64	0	0	0	0	86	172	113	0	0	0	0	1	0	0	0	0	0	
0	0	2	0	0	2	0	0	0	1	0	87	34	0	31	0	1	0	144	193	0	111	128	0	0	28	255	89	45	249	44	0	1	0	142	227	255	147	0	3	0	2	0	143	255	53	0	3	1	0	10	221	122	0	2	0	0	0	0	21	4	0	0	0	
0	0	0	0	0	0	0	0	0	0	0	0	134	38	0	2	0	1	0	26	229	35	0	2	0	3	0	96	191	0	2	0	0	4	0	157	131	0	4	0	0	0	0	210	66	0	2	0	0	0	3	168	28	0	1	0	0	0	0	0	0	0	0	0	
0	0	0	2	25	1	0	0	0	2	0	53	144	0	2	0	0	1	0	144	44	0	2	0	1	0	39	130	32	93	8	0	2	0	56	120	55	90	68	0	2	0	35	181	116	114	21	0	0	1	0	80	121	27	0	1	0	0	0	0	0	1	1	0	
0	0	1	0	1	1	0	0	0	2	0	82	42	11	4	0	1	0	24	214	80	174	9	0	2	0	167	108	132	137	0	3	0	63	255	214	238	239	57	0	0	30	48	141	173	62	17	0	0	2	0	145	57	0	2	0	0	1	4	23	2	3	1	0	
0	0	0	0	0	0	0	0	3	0	95	225	187	31	0	2	1	0	36	53	193	70	0	3	1	0	3	146	233	42	0	1	2	0	35	149	125	221	13	0	1	0	36	22	91	158	0	2	0	0	164	223	172	23	0	1	0	0	1	0	0	1	0	0	
0	0	1	1	0	0	0	0	0	1	0	33	95	21	0	1	2	0	36	141	173	165	0	2	4	0	100	100	98	180	0	2	2	0	33	187	251	50	0	2	0	3	0	79	174	0	3	0	0	4	0	160	130	0	4	0	0	2	0	63	34	0	1	0	
0	0	0	1	0	0	0	0	0	0	2	0	114	152	0	2	0	3	0	83	166	53	0	2	0	0	4	152	22	0	1	0	3	0	69	192	85	16	0	1	3	0	85	135	74	129	0	2	1	0	8	129	133	57	0	2	0	0	0	4	7	0	0	0	
0	0	0	0	0	1	0	0	0	1	0	151	181	10	0	1	0	0	5	103	152	131	0	4	0	3	0	136	209	179	0	1	0	1	0	22	224	91	0	2	0	9	178	60	147	31	0	1	1	0	86	215	128	0	1	0	0	0	0	0	0	0	0	0	
0	0	1	0	0	0	0	0	0	2	0	65	91	64	42	0	2	0	48	255	182	193	164	0	4	0	90	255	196	169	20	0	1	0	28	184	220	121	0	5	2	0	141	133	177	47	0	2	0	0	193	191	62	0	2	0	1	0	25	15	0	2	0	0	
0	0	2	0	0	0	0	0	0	0	0	0	5	7	0	0	0	1	171	233	222	174	0	1	0	1	104	89	131	184	0	2	0	0	1	0	187	92	0	3	0	3	0	140	207	0	0	1	3	0	84	236	35	0	2	0	3	0	137	96	0	3	0	0	
0	1	1	0	1	3	0	0	1	0	18	164	224	151	0	0	0	10	210	164	52	16	0	0	0	13	200	200	142	78	2	0	0	0	0	34	81	181	152	0	0	5	133	38	42	184	136	0	1	0	152	208	215	144	9	0	0	0	0	1	0	0	1	0	
0	0	0	4	1	1	0	0	0	0	0	0	9	6	0	0	0	0	1	106	223	198	3	0	3	0	81	221	216	173	0	1	1	0	16	61	190	16	0	1	0	4	0	139	115	0	4	0	1	0	0	204	59	0	2	0	1	0	17	159	15	0	1	0	
0	0	0	0	0	0	0	0	1	0	93	147	48	0	2	0	0	1	88	81	175	12	0	1	0	0	2	0	175	49	0	2	0	21	146	147	227	153	7	0	0	13	70	63	218	78	0	1	0	0	0	4	179	28	0	1	0	0	3	2	20	2	0	0	
0	0	0	2	0	0	0	0	0	0	0	9	71	14	0	1	0	2	0	116	235	145	0	4	2	0	48	212	210	103	0	3	1	0	10	172	218	7	0	1	0	3	0	79	157	0	3	0	0	4	0	149	127	0	4	0	0	2	0	64	38	0	1	0	
1	1	0	2	2	0	0	0	0	21	35	1	0	1	0	0	13	145	202	201	56	0	3	0	9	16	0	74	203	48	0	2	3	0	66	180	212	227	63	0	1	0	19	59	183	131	20	0	0	0	4	0	131	70	0	3	0	0	1	0	27	18	0	0	
0	0	0	1	0	0	0	0	0	0	0	1	127	20	0	1	0	2	0	44	205	4	0	1	0	4	0	126	150	0	4	0	0	4	0	167	113	0	3	0	0	1	0	198	66	0	3	0	1	0	12	156	19	0	1	0	0	0	0	0	0	0	0	0	
0	0	1	0	0	1	1	0	0	0	0	21	26	4	0	0	0	16	179	182	205	181	12	0	0	2	53	6	15	214	30	0	0	0	1	0	162	151	0	3	0	2	0	140	182	0	0	1	1	0	138	176	0	1	1	0	0	24	177	23	0	2	0	0	
0	0	0	0	0	0	0	0	1	0	19	116	162	123	41	0	3	0	166	195	122	238	191	0	4	0	146	176	122	216	102	0	1	0	125	255	221	36	0	1	0	68	165	29	200	8	0	1	0	50	190	163	202	17	0	1	0	0	42	68	24	0	1	0	
0	0	0	0	0	0	0	0	2	0	93	130	87	8	0	1	3	0	166	169	190	55	0	2	3	0	147	35	85	62	0	2	2	0	61	19	77	55	0	2	0	0	1	0	99	90	0	3	0	3	0	125	240	141	0	4	0	0	0	15	23	29	0	0	
0	0	1	0	1	1	0	0	0	1	0	35	22	22	0	0	1	0	14	187	134	165	0	2	4	0	91	210	176	60	0	1	3	0	56	212	225	63	0	2	0	4	0	138	107	0	3	0	0	1	0	184	56	0	2	0	0	0	6	82	6	0	0	0	
0	0	0	0	0	0	0	0	0	0	3	5	114	150	15	0	2	0	151	156	17	159	62	0	2	0	62	146	93	133	0	0	0	2	0	133	239	25	0	2	3	0	90	113	89	133	0	4	2	0	45	147	162	81	0	3	0	0	0	5	9	0	0	0	
0	0	0	3	1	1	0	0	0	0	0	0	6	3	0	0	0	0	0	110	233	117	0	3	2	0	39	158	170	121	0	4	0	0	1	0	158	40	0	2	0	3	0	81	135	0	3	0	0	1	0	171	50	0	2	0	1	0	23	129	1	0	0	0	
0	0	0	0	0	0	0	0	0	2	0	82	154	26	0	1	1	0	25	180	114	201	10	0	0	0	1	133	174	71	0	1	0	2	0	143	209	24	0	1	2	0	47	106	93	98	0	3	1	0	22	151	159	29	0	1	0	1	0	37	23	0	1	0	
0	2	0	77	73	0	1	0	0	3	0	121	247	63	0	3	0	0	2	0	43	128	8	0	0	0	81	72	0	136	24	0	0	49	255	254	255	244	97	0	0	52	255	230	147	189	143	0	0	0	55	23	0	1	1	0	0	0	0	0	4	2	1	0	
0	1	3	1	0	0	1	0	0	0	0	0	4	12	0	0	0	53	165	132	154	192	58	0	0	28	64	20	19	195	47	0	0	0	3	0	131	146	0	3	0	3	0	51	191	3	0	1	1	0	0	185	76	0	3	0	1	0	28	137	0	1	0	0	
0	0	0	0	0	1	0	0	2	0	141	237	91	0	2	0	0	0	117	109	210	34	0	2	0	0	4	0	123	95	0	3	0	14	181	207	241	90	0	4	0	8	188	255	253	213	51	0	0	0	0	51	35	163	108	0	0	1	2	0	0	0	0	0	
0	0	0	0	2	1	0	0	0	2	0	53	192	132	0	2	0	2	0	165	63	16	4	0	0	3	0	146	182	59	0	2	2	0	37	195	214	57	0	2	2	0	54	160	162	69	0	3	0	1	0	148	167	0	0	1	0	0	0	0	0	0	0	0	
0	0	1	1	0	0	1	0	0	1	0	8	102	103	0	0	2	0	26	212	255	250	41	0	4	0	136	225	99	207	76	0	0	0	212	76	0	196	79	0	0	0	207	113	182	227	13	0	3	0	107	255	200	36	0	2	0	0	3	36	7	0	1	0	
0	0	1	3	0	0	0	0	0	1	0	16	93	0	0	0	1	0	16	152	218	0	0	1	2	0	34	167	156	0	3	0	0	3	0	102	156	0	4	0	0	3	0	119	162	0	4	0	0	4	0	123	144	0	4	0	0	1	0	15	13	0	0	0	
0	0	1	1	0	0	0	0	0	0	0	0	1	0	1	0	1	0	12	177	219	225	218	37	3	0	58	255	143	84	76	10	1	0	28	126	130	0	3	0	0	43	84	67	152	0	4	1	0	105	242	245	99	0	3	0	0	0	5	17	0	0	0	0	
0	0	0	0	47	5	0	0	0	1	0	26	62	0	1	0	0	2	0	69	27	0	1	0	0	0	5	73	20	5	0	0	1	0	16	95	122	83	0	3	1	0	5	168	125	30	0	1	0	0	0	14	22	0	0	0	0	0	0	0	1	1	0	0	
0	0	0	0	0	2	0	0	0	1	0	110	148	12	0	1	2	0	57	175	170	169	0	1	2	0	62	125	4	220	37	0	3	0	102	255	221	154	0	1	3	0	171	206	173	6	0	1	3	0	62	228	83	0	3	0	0	0	0	29	7	0	0	0	
0	1	0	35	48	0	1	0	0	1	0	127	41	0	1	0	1	0	24	112	0	2	0	0	2	0	56	103	12	25	0	1	1	0	30	172	127	111	0	1	0	3	0	146	166	92	0	2	0	0	0	5	69	17	0	1	0	0	0	1	0	1	0	0	
0	1	0	28	68	0	1	0	0	3	0	149	145	0	4	0	1	0	12	189	25	0	1	0	2	0	47	138	19	41	0	1	3	0	68	223	245	191	0	3	3	0	76	248	242	99	0	3	1	0	21	22	10	0	0	0	0	0	0	0	0	2	0	0	
0	1	0	34	33	0	1	0	1	0	16	163	185	34	0	2	1	0	29	42	79	131	0	4	0	0	1	0	30	122	0	2	0	0	69	71	94	137	2	4	0	0	187	174	211	146	83	0	1	0	32	113	45	0	1	0	0	0	0	0	1	2	1	0	
0	0	0	0	0	0	0	0	0	1	0	13	145	7	0	0	0	3	0	74	222	8	25	0	0	4	0	112	171	0	38	0	0	4	0	156	133	0	39	0	0	3	0	182	119	0	25	0	0	2	0	136	79	0	3	0	0	0	0	0	0	0	0	0	
0	0	1	0	0	0	0	0	1	0	31	48	7	62	0	1	3	0	134	63	2	153	1	0	0	38	151	0	8	141	5	0	0	23	158	136	147	171	3	0	1	0	15	44	23	146	19	0	0	1	1	1	0	133	27	0	0	0	1	2	0	21	7	0	
0	0	3	1	0	0	0	0	0	2	0	16	171	169	1	0	2	0	70	234	255	255	81	0	0	51	254	162	44	232	133	0	0	170	211	0	31	245	85	0	0	142	255	164	247	182	0	0	0	11	143	231	153	11	0	1	0	1	0	0	0	1	1	0	
0	2	4	4	3	3	1	0	0	0	0	0	0	0	0	0	0	92	135	132	158	171	21	0	0	43	78	69	88	203	9	0	0	0	3	0	94	140	0	4	0	2	4	0	171	63	0	2	0	3	0	83	168	0	2	0	0	1	0	169	51	0	2	0	
0	0	1	0	1	1	0	0	1	0	26	39	0	26	47	0	3	0	177	194	0	208	156	0	0	22	242	87	76	211	0	0	0	17	234	231	233	203	42	0	1	0	35	139	254	184	83	0	0	4	0	88	191	0	2	0	0	1	0	44	68	0	4	0	
0	0	0	1	3	1	0	0	1	0	18	29	0	1	0	0	2	0	49	155	121	149	0	0	0	0	2	4	146	127	0	3	0	2	0	46	149	1	0	0	1	0	8	172	40	0	2	0	4	0	102	117	0	4	0	0	1	0	42	18	0	0	0	0	
0	0	0	0	0	0	0	0	0	0	4	12	4	1	0	0	2	0	40	210	202	219	35	0	0	0	6	10	168	187	0	0	0	2	0	48	206	20	0	1	1	0	0	200	94	0	4	0	3	0	119	191	0	2	0	0	2	0	134	60	0	2	0	0	
0	0	0	0	0	0	0	0	0	1	0	27	47	0	1	0	0	3	0	90	106	0	3	0	0	4	0	111	110	0	4	0	0	3	0	104	90	0	3	0	0	3	0	98	80	0	3	0	0	2	0	66	91	0	3	0	0	0	0	3	9	0	0	0	
0	0	0	0	0	0	0	0	0	2	0	42	143	0	1	0	0	3	0	80	172	0	3	0	0	4	0	125	121	0	4	0	0	4	0	158	106	0	3	0	0	4	0	168	117	0	4	0	0	3	0	130	85	0	3	0	0	0	0	0	0	0	0	0	
0	1	2	0	0	0	1	0	1	0	11	144	115	101	2	0	2	0	168	141	10	125	99	0	0	95	179	0	1	0	158	27	0	126	78	0	2	1	188	49	0	60	138	56	67	174	153	0	1	0	67	144	133	71	3	0	0	1	0	0	0	0	2	0	
0	0	0	0	1	1	0	0	2	0	63	177	73	0	3	0	0	18	199	149	213	21	0	1	0	4	22	0	167	91	0	5	0	33	200	207	235	237	229	86	0	27	237	255	218	83	78	25	1	0	52	119	25	0	1	0	0	1	0	0	1	3	3	1	
0	0	1	0	1	1	0	0	0	0	0	21	14	0	0	0	2	0	37	165	179	17	0	1	2	0	43	142	191	29	0	1	0	2	0	97	189	0	1	0	0	1	0	34	130	0	3	0	0	1	0	36	161	0	1	0	0	0	0	8	128	12	0	1	
0	0	0	0	0	0	0	0	0	1	0	31	145	0	0	0	0	3	0	87	158	0	3	0	0	3	0	107	136	0	4	0	0	4	0	138	126	0	4	0	0	3	0	178	99	0	3	0	0	1	0	143	46	0	2	0	0	0	0	0	0	0	0	0	
0	0	1	1	0	0	0	0	0	2	0	49	162	113	13	0	1	0	5	175	61	55	6	0	3	0	92	173	130	25	0	1	0	0	5	0	56	148	0	2	6	73	25	0	65	158	0	2	0	46	103	120	137	30	0	1	0	0	0	5	1	0	0	0	
0	0	0	0	28	14	0	1	0	0	1	0	206	99	0	4	0	3	0	67	245	33	0	2	1	0	17	223	249	40	0	2	3	0	64	238	186	188	0	2	2	0	34	233	241	137	0	3	0	1	0	109	132	3	0	1	0	0	0	0	0	1	0	0	
0	0	0	2	1	0	0	0	0	0	1	0	2	47	103	42	0	2	0	66	147	126	85	18	1	0	27	160	23	0	1	0	3	0	105	153	24	0	4	1	0	29	26	52	151	0	2	0	0	23	118	129	73	0	2	0	1	0	30	43	0	0	0	0	
0	2	4	4	4	4	2	0	0	0	0	0	0	0	0	0	0	118	166	134	136	140	43	0	0	136	255	243	252	255	118	0	0	2	8	3	114	241	26	0	0	0	3	0	192	169	0	4	0	2	0	40	238	52	0	2	0	3	0	81	202	0	1	0	
0	0	2	0	0	1	1	0	0	0	4	109	143	46	0	2	1	0	153	131	95	244	36	0	0	61	171	0	0	126	147	0	0	105	107	0	8	0	148	28	0	84	164	0	0	31	168	10	0	0	115	164	142	171	66	0	0	1	0	26	46	14	0	1	
0	0	0	0	0	1	0	0	1	0	6	188	110	0	1	0	0	3	0	99	255	107	0	3	1	0	2	196	255	185	0	2	0	1	0	120	255	118	0	4	1	0	61	142	252	187	0	2	2	0	163	201	126	80	0	0	0	0	0	0	0	0	0	0	
0	0	0	0	0	1	1	0	0	3	84	139	132	32	0	1	0	7	211	84	64	168	31	0	3	0	105	147	46	206	78	0	1	0	6	223	213	18	0	1	3	0	67	177	160	36	0	2	1	0	29	172	223	93	0	4	0	1	0	23	55	7	0	0	
0	0	0	0	0	1	0	0	0	4	112	171	136	17	0	1	0	119	247	158	229	173	0	2	0	23	4	85	232	205	0	0	0	3	0	102	255	176	0	3	0	0	138	154	172	214	0	0	0	2	136	223	255	165	0	2	0	0	0	3	39	13	0	1	
0	0	2	0	1	2	0	0	0	0	0	100	60	0	4	0	2	0	126	112	18	125	7	0	0	5	198	134	205	97	0	3	0	1	0	133	175	136	0	1	0	1	0	128	87	146	0	2	0	1	0	150	166	26	0	1	0	1	0	28	22	0	1	0	
0	1	0	30	63	0	2	0	0	2	0	167	111	0	4	0	2	0	56	178	0	1	0	0	4	0	144	115	38	193	67	0	4	0	132	199	175	230	106	0	3	0	74	255	230	181	24	0	1	0	11	55	60	9	0	1	0	0	0	0	0	1	1	0	
0	0	2	3	0	0	1	1	0	1	1	0	66	140	53	0	1	0	14	169	249	200	211	24	0	0	193	185	32	4	210	42	0	95	196	0	0	151	113	0	0	158	162	68	189	163	2	0	0	67	226	214	112	4	1	1	0	0	12	5	0	2	1	0	
0	0	1	1	0	0	0	0	0	2	0	48	163	106	55	0	0	1	0	169	169	188	186	10	4	0	105	252	31	0	8	1	1	0	28	117	204	8	0	1	0	80	75	0	168	58	0	2	0	74	234	216	173	5	0	1	1	0	29	61	16	0	1	0	
0	1	4	0	1	2	0	0	0	0	0	4	4	0	0	0	0	9	131	235	225	51	0	2	0	76	255	128	195	170	0	4	0	9	26	0	173	144	0	4	0	1	0	11	230	67	0	3	0	3	0	80	205	0	0	0	0	3	0	92	95	0	3	0	
0	0	1	0	13	30	0	1	0	1	1	0	183	97	0	3	1	0	2	162	152	2	0	0	2	0	148	208	173	228	46	0	0	13	224	224	75	151	134	0	0	8	226	222	66	173	56	0	2	0	45	147	139	44	0	1	0	0	0	0	0	1	1	0	
0	0	0	0	0	0	0	0	0	0	17	13	12	8	0	0	2	0	78	135	118	166	15	0	0	0	1	0	31	146	0	0	0	0	2	0	155	63	0	2	0	3	0	95	118	0	3	0	1	0	29	163	4	0	0	0	2	0	57	81	0	3	0	0	
0	0	0	0	1	2	0	0	2	0	93	220	61	0	2	0	0	17	170	112	216	71	0	3	0	0	2	0	56	191	0	2	0	11	111	161	184	155	0	2	0	56	255	234	206	185	174	72	0	1	17	17	0	30	79	28	0	0	0	0	2	0	0	0	
0	0	1	2	0	1	0	0	0	0	0	8	16	0	0	0	1	0	17	149	164	28	2	0	3	0	130	50	121	195	12	0	2	0	110	87	178	120	0	3	0	0	5	38	149	19	0	1	0	2	0	65	111	0	3	0	0	2	0	54	51	0	2	0	
0	0	0	0	0	0	0	0	0	2	0	55	140	30	43	0	0	3	0	155	163	235	142	0	0	3	0	151	49	187	100	0	0	29	33	179	214	69	0	1	0	119	210	79	151	3	0	0	1	0	83	151	215	48	0	2	0	2	0	14	47	6	0	0	
0	0	0	1	0	0	0	0	0	1	0	21	83	106	0	0	1	0	24	118	134	120	0	3	0	0	0	131	172	1	0	1	0	0	2	125	107	68	0	2	3	0	72	98	9	114	0	2	2	0	39	128	107	37	0	2	0	0	0	35	15	0	0	0	
0	0	1	4	1	0	0	0	0	0	0	0	1	13	5	0	1	0	15	145	189	249	71	0	2	0	59	149	146	149	0	1	0	1	0	27	173	13	0	1	0	3	0	138	117	0	4	0	2	0	30	208	21	0	1	0	2	0	62	128	0	2	0	0	
0	1	0	39	23	0	1	0	0	1	0	111	23	0	1	0	0	0	11	102	0	1	0	0	1	0	41	92	14	47	0	1	3	0	63	107	100	122	0	0	1	0	23	193	151	75	0	2	0	1	0	52	66	4	0	0	0	0	0	0	0	1	0	0	
0	0	1	0	24	23	0	1	0	1	0	29	229	76	47	9	0	0	0	193	111	0	41	3	3	0	80	176	43	106	1	0	4	0	96	249	200	214	44	0	4	0	117	255	222	139	11	0	1	0	84	29	47	10	0	0	0	0	0	0	0	2	1	0	
0	0	0	0	0	0	0	0	0	0	0	69	113	26	0	1	2	0	56	164	94	127	0	3	1	0	14	136	176	85	0	3	0	0	3	0	102	84	0	3	2	0	45	10	120	47	0	2	3	0	124	157	92	0	1	0	1	0	24	41	0	0	0	0	
0	0	1	0	0	0	0	0	1	0	23	111	120	66	0	2	0	3	190	183	255	177	0	3	0	14	215	188	247	152	0	4	1	0	15	167	253	164	0	2	0	1	0	187	64	179	24	0	0	2	0	146	233	161	0	0	0	0	0	7	50	13	0	1	
0	0	0	2	22	1	0	0	0	2	0	45	127	0	2	0	0	3	0	106	81	0	3	0	0	1	0	133	20	0	1	0	1	0	8	170	69	1	0	0	0	0	0	176	181	66	0	3	0	1	0	44	100	22	0	1	0	0	0	1	0	0	0	0	
0	0	1	0	0	1	0	0	0	1	0	49	84	11	0	1	3	0	77	198	215	124	0	4	3	0	147	35	145	168	0	4	3	0	104	190	247	88	0	4	0	0	8	56	199	53	0	2	0	0	2	0	202	69	0	3	0	0	1	0	89	33	0	1	
0	0	0	0	0	2	0	0	0	1	0	28	83	3	0	0	1	3	1	8	145	161	0	0	0	0	0	0	0	180	26	0	26	65	63	54	126	177	10	0	48	144	154	130	116	89	14	0	0	0	0	0	0	0	0	0	2	4	3	4	4	4	1	0	
0	0	1	0	0	1	0	0	0	1	0	64	68	0	0	0	3	0	63	199	234	121	0	3	3	0	178	32	123	203	0	3	3	0	170	215	244	134	0	4	1	0	16	121	248	63	0	3	0	1	0	16	240	46	0	2	0	0	0	14	99	10	0	1	
0	0	0	0	0	0	0	0	1	0	6	105	132	59	0	1	4	0	111	127	33	165	12	0	3	0	88	42	80	115	0	2	0	1	0	169	218	11	0	1	0	0	0	152	100	137	0	2	0	0	0	143	148	135	0	2	0	1	0	22	64	6	0	0	
0	0	0	0	0	0	0	0	3	0	82	224	229	140	0	2	4	0	166	235	134	92	0	2	0	8	225	241	134	62	0	0	0	10	98	115	176	250	71	0	1	0	38	99	102	247	121	0	3	0	148	239	227	157	11	0	0	0	0	0	0	0	0	0	
0	0	0	0	0	0	0	0	1	0	39	108	120	47	0	1	0	0	167	61	28	154	9	0	2	0	71	180	142	76	0	1	1	0	19	203	206	50	0	2	3	0	78	111	23	142	0	2	2	0	50	161	139	73	0	2	0	1	0	40	39	0	1	0	
0	0	0	0	0	0	0	0	1	0	17	189	205	57	0	2	2	0	34	147	204	241	19	0	2	0	34	157	214	196	13	0	2	0	36	217	237	25	0	2	2	0	82	214	255	75	0	3	2	0	107	198	180	30	0	2	0	0	0	0	0	0	0	0	
0	0	0	0	0	1	0	0	0	28	143	124	34	0	1	0	0	57	123	98	235	77	0	3	1	0	11	159	211	33	0	2	1	0	21	94	182	76	0	2	0	0	3	0	90	176	0	3	1	0	24	127	195	92	0	3	0	0	0	49	47	0	0	0	
0	0	1	0	0	0	0	0	0	0	2	16	5	6	1	0	0	2	182	250	215	205	15	0	0	8	80	43	102	219	4	0	0	0	4	0	127	144	0	4	0	2	0	23	214	43	0	2	1	0	0	203	126	0	3	0	1	0	31	147	4	0	0	0	
0	0	0	0	1	0	0	0	0	47	150	98	5	0	0	0	0	53	94	138	160	0	2	0	0	0	2	0	177	86	0	3	1	0	25	88	211	213	55	0	3	0	81	186	226	74	11	0	0	0	1	0	144	24	0	1	0	0	1	3	17	2	1	0	
0	0	2	0	0	0	0	0	0	2	0	75	141	93	33	0	3	0	74	252	252	255	175	0	0	9	212	233	62	82	189	0	0	88	235	24	0	134	189	0	0	138	224	114	225	253	71	0	0	14	201	255	204	52	0	2	1	0	16	38	2	0	2	0	
0	0	1	0	0	0	1	0	1	0	4	107	142	97	0	1	3	0	117	171	56	186	78	0	0	18	148	1	0	52	167	0	0	52	134	0	0	51	142	0	0	79	156	0	0	153	60	0	0	2	130	134	139	83	0	2	0	0	0	49	36	0	2	0	
0	0	2	0	66	43	0	2	0	2	0	27	233	68	0	3	0	3	0	182	141	0	3	0	3	0	114	234	126	172	31	0	0	49	248	245	195	238	74	0	0	76	255	255	202	206	35	0	1	0	47	76	76	26	0	1	0	1	0	0	0	0	1	0	
0	3	2	2	2	3	2	0	0	0	0	0	0	0	0	0	13	62	47	60	42	76	80	0	9	183	148	82	69	111	111	0	0	56	106	0	0	118	37	0	0	13	10	0	34	148	0	1	0	0	3	0	70	95	0	3	0	1	2	0	36	69	0	2	
0	0	1	1	0	1	0	0	0	1	0	16	74	5	0	0	0	0	1	138	219	106	0	3	2	0	52	156	116	185	0	3	1	0	4	170	253	57	0	3	0	2	0	51	181	0	1	0	0	3	0	100	138	0	4	0	0	2	0	51	55	0	2	0	
0	0	1	0	0	0	0	0	2	0	61	41	0	3	0	0	0	0	166	22	36	126	0	3	0	69	169	14	114	145	0	4	0	21	128	110	176	119	0	4	0	0	4	0	114	121	0	4	0	1	6	0	92	123	0	4	0	0	0	0	4	18	0	0	
0	0	2	0	0	0	1	0	0	1	0	82	159	122	2	0	2	0	79	253	246	247	41	0	1	0	208	193	14	215	115	0	0	2	202	48	0	239	126	0	0	8	236	135	143	247	27	0	3	0	147	255	217	70	0	2	0	0	9	34	5	0	1	0	
0	0	0	4	1	1	0	0	0	0	123	154	125	11	0	1	0	6	119	0	94	159	0	3	0	1	0	12	157	142	0	3	0	2	0	150	199	114	0	2	0	0	35	8	59	183	0	1	2	0	81	148	161	62	0	2	0	0	0	6	3	0	0	0	
0	0	0	0	1	0	0	0	0	0	2	0	46	98	0	2	0	0	2	0	180	148	0	4	0	2	0	63	205	2	0	1	0	3	0	164	138	0	4	0	1	0	0	212	70	0	3	0	2	0	36	217	22	0	1	0	0	0	6	27	0	0	0	0	
0	1	0	0	0	0	1	0	0	67	81	64	140	130	10	0	0	165	198	152	169	219	93	0	2	189	27	0	0	99	178	0	0	155	96	0	0	97	197	0	0	47	234	120	101	219	116	0	2	0	75	212	229	120	0	2	0	1	1	1	2	2	2	0	
0	0	0	0	1	0	0	0	0	0	1	0	31	102	0	3	0	0	3	0	164	179	0	6	0	2	0	36	246	61	0	3	0	3	0	127	189	0	1	1	1	0	12	229	70	0	3	0	3	0	93	190	0	1	0	0	1	0	20	20	0	1	0	0	
0	0	0	3	7	0	0	0	1	0	14	96	122	14	0	1	2	0	57	36	92	42	0	1	0	0	4	5	90	5	0	0	0	2	0	107	144	0	2	0	2	0	47	185	121	96	24	0	3	0	92	81	0	66	23	0	0	0	0	1	2	0	0	0	
0	0	0	0	0	0	0	0	0	2	0	102	238	89	0	3	0	0	0	91	81	202	14	0	0	1	0	21	94	194	18	0	0	2	0	51	255	100	0	3	0	16	139	99	225	56	0	3	0	20	193	207	111	0	0	0	0	0	0	0	0	0	0	0	
0	0	2	0	0	2	2	0	0	1	0	94	53	0	1	1	1	0	129	253	164	109	37	0	0	94	133	42	3	25	121	9	0	133	46	0	5	0	98	56	0	57	168	83	50	92	143	22	1	0	40	88	90	71	19	0	0	2	1	0	0	0	1	1	
0	1	0	27	17	0	1	0	2	0	50	246	208	20	0	1	2	0	54	71	166	176	0	2	0	10	62	1	14	192	17	0	0	126	201	195	139	172	77	0	0	196	176	235	255	251	149	0	0	53	126	53	62	74	3	0	0	0	0	0	0	0	1	0	
0	0	1	2	0	0	0	0	0	0	0	8	18	0	0	0	1	0	11	159	201	35	0	2	4	0	122	144	181	86	0	3	3	0	90	131	145	97	0	4	0	0	3	0	103	116	0	4	0	0	5	0	98	79	0	3	0	0	2	0	56	50	0	2	
0	0	0	1	2	0	0	0	0	0	2	0	48	87	0	2	0	1	0	0	196	126	0	4	0	3	0	110	227	2	0	1	0	3	0	172	150	0	3	0	1	0	8	205	44	0	2	0	2	0	55	189	0	0	0	0	0	0	13	22	0	0	0	0	
0	0	0	0	0	0	0	0	0	0	0	0	69	6	0	0	0	0	0	5	81	0	0	0	0	1	0	21	87	0	2	0	0	1	0	32	86	0	3	0	0	2	0	52	62	0	2	0	0	2	0	56	49	0	2	0	0	0	0	0	0	0	0	0	
0	0	0	0	0	0	0	0	0	2	0	45	193	115	0	1	0	3	0	73	255	237	15	0	2	0	35	212	95	209	26	0	3	0	151	86	26	208	9	0	0	9	221	142	226	87	0	3	2	0	120	233	104	0	1	0	0	0	0	0	0	2	0	0	
0	0	1	1	0	0	0	0	0	1	0	19	62	5	0	0	1	0	9	92	179	101	0	4	3	0	112	92	198	107	0	4	3	0	111	153	197	39	0	2	0	1	0	14	159	6	0	0	0	1	0	33	162	0	1	0	0	0	0	12	73	0	0	0	
0	0	2	0	0	0	1	0	0	2	0	54	101	108	4	0	3	0	75	251	231	255	106	0	0	21	232	255	24	95	216	0	0	153	138	59	10	73	209	0	0	194	150	74	170	238	90	0	0	132	253	193	106	24	0	1	0	4	12	1	0	1	2	0	
0	2	0	79	49	0	2	0	2	0	34	201	36	0	2	0	4	0	131	103	0	4	2	0	3	0	148	43	0	4	0	0	3	0	107	110	136	184	77	0	2	0	24	238	181	195	167	0	0	1	0	30	76	78	17	0	0	0	0	0	0	0	0	0	
0	0	0	0	25	6	0	0	0	0	2	0	176	53	0	2	0	0	0	0	190	40	0	2	0	3	0	77	199	0	1	0	0	2	0	184	124	0	3	0	3	0	66	255	44	0	2	0	2	0	50	138	17	0	1	0	0	0	0	0	0	0	0	0	
0	0	0	0	1	2	0	0	0	1	0	21	21	0	1	0	0	1	0	184	185	47	0	2	0	0	11	27	97	184	0	2	0	1	0	19	203	58	0	2	0	0	0	165	96	0	2	0	3	0	139	116	0	4	0	0	0	0	62	13	0	0	0	0	
0	0	0	0	0	1	0	0	0	36	203	205	55	0	5	1	0	40	121	145	241	54	0	3	0	1	0	17	208	48	57	37	1	0	16	199	255	224	255	112	0	3	192	255	183	91	67	19	0	33	195	72	0	0	0	0	0	0	0	0	2	4	3	1	
0	1	0	0	0	0	0	0	1	0	29	130	147	89	44	0	0	40	255	200	159	255	165	0	0	29	240	189	171	205	22	0	2	0	53	252	255	66	0	3	0	13	217	166	186	215	0	0	0	21	212	177	210	164	0	2	0	0	5	50	52	5	0	0	
0	0	0	0	0	0	0	0	0	2	0	92	216	45	0	2	0	1	0	127	242	31	0	2	3	0	141	255	222	52	0	2	1	0	37	11	64	160	0	3	0	2	33	65	192	116	0	3	0	0	172	205	109	2	0	0	0	0	0	0	0	1	0	0	
0	0	0	2	0	0	0	0	0	0	0	8	95	12	0	1	0	3	0	104	200	32	0	2	2	0	60	108	97	63	0	2	0	0	190	140	191	69	0	3	0	3	80	100	189	61	0	3	0	0	3	0	133	58	0	2	0	0	4	2	19	5	0	0	
0	0	2	0	1	1	0	0	0	0	1	1	3	42	2	0	0	2	72	0	31	183	2	0	0	35	202	29	135	192	0	1	0	27	189	212	248	192	23	0	0	0	3	0	169	63	0	3	0	1	3	0	143	32	0	1	0	0	1	0	49	4	0	0	
0	0	1	1	0	2	2	0	0	1	0	28	136	25	0	1	1	0	7	201	255	175	43	0	4	0	119	235	42	86	147	0	0	14	203	38	0	115	115	0	0	50	179	0	91	193	19	0	0	21	179	175	165	23	0	1	1	0	34	51	2	0	1	0	
0	0	1	4	3	0	0	0	0	0	2	1	0	27	89	48	0	0	4	116	185	215	199	114	0	0	180	228	96	17	0	1	0	5	175	197	136	8	0	3	0	1	59	108	248	88	0	4	0	15	195	191	115	8	0	1	0	0	0	0	0	0	0	0	
0	0	0	2	0	0	0	0	0	0	2	0	38	15	0	1	0	2	0	52	207	50	0	2	2	0	60	125	114	39	0	1	2	0	104	109	162	21	0	1	0	0	0	1	142	20	0	1	0	0	5	0	108	34	0	1	0	0	1	0	43	22	0	1	
0	0	0	4	30	1	0	0	0	2	0	125	210	0	1	0	3	0	79	253	48	0	2	0	1	0	188	91	81	229	83	0	0	14	202	176	232	216	133	0	2	0	145	255	232	209	70	0	0	0	0	65	150	54	0	2	0	0	2	0	0	0	1	0	
0	0	1	41	8	0	0	0	2	0	42	182	126	0	2	0	3	0	127	26	142	100	0	3	0	22	178	0	25	177	10	0	0	41	191	0	0	136	97	0	0	7	181	93	37	179	122	0	1	0	34	132	142	114	9	0	0	0	1	0	0	0	0	0	
0	1	4	4	3	0	0	0	0	0	0	0	0	8	3	0	0	44	177	155	170	233	50	0	0	21	129	82	141	170	0	1	0	0	0	0	181	46	0	2	0	4	0	88	174	0	3	0	1	0	2	198	57	0	2	0	2	0	39	151	0	1	0	0	
0	0	2	0	0	0	0	0	0	0	2	0	48	62	0	2	0	8	41	0	152	119	0	4	0	77	180	12	179	108	19	4	0	67	126	96	214	125	82	6	0	1	0	10	178	16	0	1	0	2	2	9	187	30	0	1	0	0	0	0	29	5	0	0	
0	0	1	1	0	1	1	0	0	1	0	17	177	140	0	3	2	0	49	223	199	139	122	2	4	0	122	212	48	220	137	0	3	0	80	255	253	112	0	1	4	0	157	240	200	6	0	1	3	0	110	224	115	0	2	0	0	0	0	0	0	0	0	0	
0	0	1	1	0	0	0	0	0	1	0	45	114	107	23	0	2	0	35	194	25	141	112	0	2	0	43	159	73	99	0	0	0	1	0	186	189	0	1	0	3	0	97	110	114	99	0	3	3	0	92	157	91	117	0	4	0	0	2	49	48	7	0	0	
0	0	2	3	0	2	0	0	0	0	0	0	10	1	0	0	2	0	27	170	231	67	0	2	2	0	162	172	252	173	0	3	0	0	195	210	213	100	0	4	1	0	39	24	92	60	0	2	0	1	0	14	151	11	0	1	0	1	0	48	97	0	2	0	
0	0	0	0	0	0	0	0	0	0	23	85	79	62	3	0	0	8	205	138	112	202	15	0	2	0	158	97	15	173	8	0	1	0	26	199	227	83	0	3	0	4	0	102	224	63	0	2	0	3	0	107	198	181	0	0	0	1	0	12	99	53	0	1	
0	0	1	0	0	1	2	0	0	1	0	29	69	12	0	1	3	0	109	255	252	216	33	0	0	36	225	236	108	95	195	8	0	135	160	19	75	5	221	53	0	153	197	99	141	232	149	0	0	40	177	178	118	33	0	1	0	0	0	0	0	0	2	1	
0	1	2	4	4	2	0	0	0	0	0	0	0	0	0	0	0	14	58	100	154	109	0	3	0	24	122	85	133	145	0	4	0	0	3	0	136	65	0	2	0	2	0	25	167	5	0	0	0	2	0	61	117	0	3	0	0	3	0	68	77	0	3	0	
0	0	0	0	0	0	0	0	0	1	0	14	138	40	0	2	0	2	0	37	255	83	0	4	0	3	0	90	255	39	0	2	0	1	0	210	198	0	0	1	2	0	36	255	105	0	4	0	2	0	45	240	47	0	2	0	0	0	0	28	5	0	0	0	
0	0	1	0	0	1	1	0	0	2	0	125	190	20	0	1	3	0	67	211	141	194	1	0	4	0	122	185	0	185	65	0	4	0	175	204	0	171	53	0	4	0	139	220	122	187	1	0	1	0	20	173	179	29	0	2	0	0	1	0	0	1	1	0	
0	0	0	0	0	0	0	0	2	0	74	193	124	0	2	0	2	0	69	123	225	64	0	3	0	2	0	65	242	87	22	1	0	8	118	255	253	255	217	27	0	115	255	198	154	95	29	7	0	10	22	0	0	0	0	0	0	0	0	1	4	4	2	0	
0	0	0	0	0	2	0	0	0	42	134	131	74	4	0	0	0	84	166	120	211	151	0	1	0	0	2	0	47	229	17	0	0	3	0	40	184	109	0	3	3	0	82	255	209	153	102	4	2	0	67	114	74	89	56	1	0	0	0	0	0	0	0	0	
0	0	0	0	0	0	0	0	1	0	32	136	74	6	0	0	0	0	7	56	207	141	0	4	2	0	31	156	255	89	0	3	3	0	71	176	143	104	0	2	0	0	0	8	99	157	0	2	3	0	67	248	185	33	0	1	1	0	21	37	0	0	0	0	
0	0	1	1	0	0	3	4	0	1	0	49	76	96	116	24	1	0	29	164	68	75	22	0	4	0	153	119	0	1	0	0	2	0	57	119	145	26	0	1	0	5	10	0	95	146	0	4	0	30	148	130	134	45	0	2	0	0	9	12	1	0	0	0	
0	0	1	0	0	0	0	0	0	0	9	12	13	26	0	1	2	0	149	78	43	108	0	4	2	0	187	208	195	146	0	3	1	0	16	100	232	95	0	2	0	1	0	24	152	0	0	0	0	2	0	63	133	0	3	0	0	1	0	20	56	0	1	0	
0	0	1	1	0	3	0	0	0	2	0	47	14	0	2	0	1	0	27	210	32	97	11	0	0	0	176	117	0	199	57	0	0	118	254	134	159	240	162	19	0	59	123	77	61	190	13	0	0	0	1	0	18	136	1	0	0	2	5	2	5	6	0	0	
0	0	1	3	1	0	0	0	0	0	1	0	2	19	23	13	0	0	1	79	196	172	143	74	2	0	178	236	62	0	2	0	1	0	109	168	123	0	2	1	0	0	115	203	159	0	1	0	0	2	139	83	0	1	0	0	0	0	0	0	2	0	0	0	
0	1	1	0	0	0	1	0	0	0	7	50	75	41	0	0	0	10	198	255	251	248	78	0	0	116	201	47	86	91	183	0	0	107	157	0	0	50	182	0	0	70	204	7	0	168	104	0	2	0	137	179	185	141	2	0	0	1	0	67	84	0	1	0	
0	1	0	33	73	0	1	0	1	0	0	195	152	0	4	0	4	0	124	200	0	0	1	0	0	2	210	64	89	152	21	0	0	50	215	124	255	255	127	0	0	30	220	255	243	207	54	0	0	0	8	52	34	2	0	0	0	1	1	0	0	0	1	0	
1	0	35	62	26	0	1	0	0	0	76	78	127	10	0	1	0	0	3	0	98	60	0	2	0	0	4	0	87	73	0	3	2	0	64	121	169	50	0	2	0	7	123	0	165	119	0	3	0	9	50	13	72	72	2	0	0	0	0	0	0	0	0	0	
0	2	1	3	3	0	1	0	0	0	0	0	0	0	0	0	1	49	26	61	159	218	62	0	26	215	214	226	233	255	77	0	4	27	25	10	201	132	0	3	0	2	0	54	204	5	0	1	0	5	0	158	108	0	4	0	0	1	0	68	27	0	1	0	
0	0	0	2	0	2	0	0	0	0	1	0	17	3	0	0	0	0	2	92	144	112	0	2	2	0	104	105	120	157	0	3	0	0	129	107	97	92	0	3	0	0	5	0	84	71	0	3	0	0	2	0	108	19	0	1	0	0	0	1	85	5	0	0	
0	0	1	0	0	0	1	0	0	1	0	29	127	106	0	1	3	0	91	210	181	255	103	0	4	0	150	184	141	221	46	0	2	0	26	239	255	55	0	3	3	0	88	214	194	119	0	4	4	0	130	249	213	74	0	3	1	0	12	47	28	0	1	0	
0	0	0	1	1	0	0	0	0	0	0	0	14	3	0	0	0	2	0	35	153	56	0	2	0	0	4	109	135	36	0	2	0	0	2	101	146	10	0	1	0	1	0	23	84	0	2	0	0	2	0	63	51	0	2	0	0	1	0	49	19	0	1	0	
0	0	3	2	1	1	0	0	0	0	0	10	11	0	0	0	2	0	68	161	152	10	0	1	0	5	223	198	201	138	0	4	0	0	31	48	126	90	36	0	0	0	0	11	126	19	80	0	0	3	0	85	118	0	6	0	0	2	0	87	27	0	1	0	
0	0	0	0	1	0	0	0	1	0	23	104	0	0	0	0	1	0	4	203	52	0	2	0	0	4	0	156	117	0	4	0	0	3	0	109	151	0	4	0	0	2	0	68	158	0	3	0	0	0	0	1	152	32	0	1	0	0	0	0	12	8	0	0	
0	0	2	3	2	1	2	0	0	1	0	0	0	0	0	0	2	0	79	191	192	227	145	0	0	39	229	225	220	114	189	51	0	137	135	0	15	64	173	27	0	128	225	179	180	128	27	0	0	11	66	91	30	0	1	1	0	0	0	0	0	3	1	0	
0	0	0	1	4	0	0	0	0	0	0	1	0	43	22	0	0	1	0	17	133	180	10	0	1	0	33	134	209	74	0	3	0	0	0	54	140	0	2	0	0	3	0	150	72	0	2	0	2	0	39	167	0	1	0	0	1	0	27	47	0	1	0	0	
0	0	0	0	0	0	0	0	0	0	3	0	108	136	0	3	0	0	3	0	188	149	0	4	0	2	0	41	235	37	0	2	0	3	0	131	190	0	0	1	2	0	20	254	100	0	4	0	1	0	28	179	22	0	1	0	0	0	0	0	0	0	0	0	
0	1	1	0	0	0	0	0	0	0	16	39	70	103	7	0	0	31	170	153	167	97	0	1	0	126	167	128	110	146	65	0	0	113	165	3	0	26	165	27	1	0	49	67	0	0	146	50	2	0	56	169	150	170	109	0	0	1	0	9	31	12	0	0	
0	0	0	0	0	0	0	0	0	0	170	225	223	73	0	2	1	0	126	123	140	159	0	4	0	1	3	0	118	143	0	4	1	0	5	134	255	201	107	3	0	51	225	255	254	235	82	0	0	118	224	127	58	15	0	1	0	1	0	0	0	0	1	0	
0	0	0	0	0	0	0	0	0	1	0	35	79	0	2	0	0	3	0	74	159	0	3	0	0	2	0	70	153	0	3	0	0	3	0	73	158	0	3	0	0	2	0	42	160	0	2	0	0	0	0	11	128	2	0	0	0	0	0	1	9	0	0	0	
0	0	0	0	0	0	0	0	0	54	212	209	43	0	2	0	0	47	130	143	151	0	3	0	0	2	0	156	255	120	0	1	0	2	1	105	123	243	66	0	0	0	0	135	226	242	43	0	1	0	7	192	156	41	0	1	0	0	0	0	0	0	1	0	
0	2	1	0	2	1	0	0	0	0	21	30	1	0	0	0	0	67	155	151	173	26	0	1	0	124	125	0	101	144	0	3	0	6	122	132	150	178	0	3	0	0	1	3	41	168	0	1	0	1	3	1	0	169	47	0	0	0	0	3	0	89	63	0	
0	0	1	0	0	1	0	0	1	0	18	14	0	19	4	0	0	0	177	62	0	144	23	0	0	16	242	148	102	227	42	0	0	0	115	217	248	234	54	0	0	0	2	0	151	64	0	2	0	0	4	0	174	34	0	1	0	0	1	0	68	20	0	1	
0	0	0	0	0	0	0	0	0	1	0	42	128	0	2	0	0	2	0	70	146	0	3	0	0	3	0	78	120	0	4	0	0	3	0	104	115	0	4	0	0	4	0	119	106	0	3	0	0	3	0	86	156	0	0	0	0	0	0	0	6	1	0	0	
0	0	1	2	2	0	0	0	0	0	1	1	0	1	17	3	0	1	22	36	203	230	235	76	0	34	210	163	152	80	44	10	0	29	181	244	98	0	3	0	0	0	0	68	206	17	0	1	3	0	89	255	196	6	0	1	1	0	21	59	28	0	1	0	
0	0	0	0	0	0	0	0	0	0	89	167	121	10	0	1	0	26	122	81	228	44	0	2	0	3	0	79	148	0	2	0	2	0	38	227	109	127	195	57	0	21	228	242	178	117	48	11	0	29	102	20	0	0	0	0	0	0	0	0	2	4	2	0	
0	1	0	32	105	0	0	0	1	0	9	215	179	1	1	0	4	0	151	147	0	2	0	0	0	6	150	12	91	174	31	0	0	24	169	104	244	255	94	0	1	0	181	255	245	134	9	0	1	0	11	71	48	0	0	0	0	0	1	0	0	3	1	0	
0	1	0	0	0	0	0	0	1	0	54	22	0	71	19	0	0	54	230	21	3	204	31	0	0	160	125	0	77	200	0	0	0	73	181	123	214	108	0	4	0	0	17	18	145	122	0	4	0	2	3	0	63	179	0	2	0	0	1	1	4	30	1	0	
0	1	2	3	4	2	0	0	0	0	0	0	0	4	2	0	0	18	43	73	132	205	64	0	15	221	242	235	177	214	103	0	6	69	31	7	0	165	45	0	0	0	3	0	81	170	0	2	0	3	5	0	168	104	0	4	0	0	1	0	114	26	0	1	
0	0	2	4	0	0	0	0	0	0	0	0	6	11	3	0	2	0	46	128	123	190	97	0	3	0	97	177	73	150	8	0	0	1	0	8	154	34	0	2	0	2	0	101	73	0	3	0	1	0	21	164	5	0	0	0	1	0	11	115	12	0	1	0	
0	0	0	0	0	1	1	0	0	2	0	40	214	119	0	4	0	0	0	180	121	129	107	0	1	0	9	184	127	197	56	0	2	0	50	235	238	33	0	2	0	3	207	240	158	0	5	0	0	6	158	210	83	0	2	0	0	0	0	0	0	0	0	0	
0	0	1	0	1	3	0	0	1	0	10	68	21	0	1	0	2	0	140	215	198	87	0	2	0	0	178	17	72	202	0	2	2	0	99	182	179	137	0	4	0	0	1	42	160	118	0	4	0	0	5	0	85	137	0	4	0	0	1	0	34	45	0	2	
0	0	1	2	0	1	0	0	0	1	0	12	62	7	0	0	1	0	11	183	251	70	0	3	0	8	185	115	127	208	25	0	0	31	221	173	224	212	3	0	0	0	11	6	139	77	0	3	0	2	0	51	131	0	3	0	0	1	0	36	40	0	1	0	
0	0	0	8	42	7	0	0	1	0	20	183	213	105	0	3	1	0	32	43	41	135	0	3	0	2	0	34	194	65	0	2	2	0	39	184	48	0	2	0	3	0	172	163	125	171	30	0	1	0	76	140	110	65	6	0	0	0	0	0	0	0	0	0	
0	0	0	0	0	0	0	0	0	0	0	9	19	1	0	0	4	0	95	215	232	92	0	4	1	0	29	25	150	66	0	2	0	1	0	17	155	2	0	0	0	3	0	111	136	0	4	0	1	0	7	199	45	0	2	0	1	0	28	118	0	1	0	0	
0	2	1	0	9	4	0	0	1	0	30	126	123	195	45	0	0	75	197	61	16	206	29	0	0	51	36	0	152	133	0	4	0	2	0	61	194	6	0	1	2	0	45	224	71	31	21	0	1	0	150	209	141	148	55	0	0	0	1	1	1	0	0	0	
0	0	3	2	0	0	0	0	0	0	1	0	126	242	97	0	2	0	58	142	204	143	56	0	0	14	233	255	59	0	2	0	0	13	118	152	221	65	0	2	2	0	123	89	190	169	0	4	3	0	127	237	178	40	0	2	0	0	0	0	0	0	0	0	
0	0	0	0	0	1	2	0	0	12	32	22	21	5	0	0	0	54	119	130	117	155	69	0	0	0	2	0	43	180	40	0	0	2	0	15	158	35	0	1	0	3	0	113	86	0	4	0	1	0	10	172	34	0	1	0	1	0	12	145	36	0	1	0	
0	0	1	3	0	0	0	0	0	0	1	0	38	102	155	43	1	0	3	117	220	187	101	19	4	0	127	249	35	0	2	0	1	0	31	127	182	45	0	3	0	6	70	139	246	75	0	3	0	60	244	156	46	0	1	0	0	9	20	0	1	1	0	0	
0	0	1	0	0	0	0	0	0	1	0	117	22	7	1	0	3	0	71	164	44	98	0	3	0	0	177	35	93	198	40	0	0	12	203	186	234	157	22	0	1	0	57	129	197	5	0	1	0	1	0	24	132	8	0	0	0	0	3	3	0	0	0	0	
0	0	0	0	0	0	0	0	0	0	2	0	125	42	0	2	0	0	0	0	200	48	0	2	0	2	0	44	190	1	0	1	0	4	0	117	169	0	3	0	0	3	0	179	98	0	3	0	0	2	0	120	42	0	1	0	0	0	0	0	1	0	0	0	
0	0	0	0	0	0	0	0	0	3	0	77	79	0	3	0	0	3	0	98	123	0	4	0	0	3	0	72	159	0	3	0	0	2	0	52	165	0	2	0	0	1	0	24	178	3	0	0	0	1	0	12	128	8	0	0	0	0	0	2	2	0	0	0	
0	0	2	1	1	2	0	0	0	0	0	8	11	0	0	0	2	0	46	205	192	48	0	1	2	0	171	122	225	185	0	3	3	0	111	181	161	134	0	3	0	0	7	0	49	90	0	3	0	0	4	0	114	78	0	3	0	0	3	0	89	37	0	1	
0	0	0	0	0	0	0	0	1	0	20	124	74	5	4	0	4	0	155	243	224	180	0	0	2	0	59	219	239	81	0	3	0	2	0	188	230	0	0	1	0	0	0	211	255	82	0	4	0	2	0	141	255	78	0	3	0	0	0	6	34	1	0	0	
0	0	2	1	0	1	0	0	0	1	0	44	64	0	1	0	2	0	61	146	163	78	0	3	0	13	184	82	167	81	0	3	0	6	144	119	124	51	0	2	0	0	4	0	125	59	0	2	0	1	2	3	173	31	0	1	0	0	0	8	62	0	0	0	
0	1	1	0	1	4	0	0	1	0	16	74	163	63	0	2	0	20	98	104	66	0	1	0	1	0	76	144	84	96	24	0	0	7	125	67	18	35	130	0	0	1	2	0	10	77	79	0	0	11	102	123	119	72	0	0	0	0	13	11	0	0	2	0	
0	2	5	3	0	0	0	0	0	0	0	0	11	4	0	0	0	54	153	175	232	73	0	3	0	46	146	73	148	99	0	4	0	0	3	0	152	79	0	3	0	2	1	13	194	26	0	1	0	2	0	53	175	0	1	0	0	2	0	46	92	0	2	0	
0	0	1	0	5	1	0	0	0	2	0	95	127	1	0	0	2	0	52	137	0	0	0	0	4	0	111	100	48	41	0	1	1	0	32	130	118	183	9	0	0	0	1	8	117	87	0	2	2	0	45	140	75	0	0	0	0	0	1	1	0	2	0	0	
0	0	0	0	0	0	0	0	0	1	0	22	150	3	0	0	0	1	0	21	225	30	0	2	0	1	0	33	202	9	0	1	0	4	0	121	183	0	3	0	0	3	0	182	156	0	4	0	0	2	0	129	60	0	2	0	0	0	0	0	0	0	0	0	
0	0	0	13	19	0	1	0	0	3	0	136	96	0	3	0	2	0	35	178	3	0	1	0	3	0	78	228	118	10	0	1	3	0	88	133	90	146	0	1	2	0	41	178	76	168	6	0	0	1	0	46	152	85	0	2	0	0	1	1	0	0	0	0	
0	1	1	0	0	0	1	1	0	1	3	33	140	150	36	0	0	32	216	248	238	255	204	7	0	97	255	131	5	20	229	51	0	159	139	0	0	88	212	10	0	117	227	105	158	255	98	0	0	18	186	252	241	86	0	3	0	1	0	22	14	0	2	0	
0	0	0	3	1	0	0	0	0	32	120	127	132	45	0	2	0	61	48	0	153	104	0	4	2	0	30	143	217	131	4	0	1	0	25	61	0	131	112	0	0	60	51	0	21	167	60	0	0	21	128	141	129	83	0	1	0	0	3	12	1	0	1	0	
0	0	2	1	1	3	0	0	0	1	0	40	34	0	1	0	3	0	63	212	148	87	0	2	2	0	151	45	214	178	0	3	3	0	118	211	198	113	0	4	1	0	26	59	90	113	0	4	0	0	4	0	145	86	0	3	0	0	2	0	53	15	0	1	
0	0	0	0	0	0	0	0	0	0	0	2	93	13	0	1	0	2	0	42	199	9	0	1	0	3	0	94	137	0	4	0	0	4	0	116	94	0	3	0	0	4	0	136	83	0	3	0	0	2	0	110	25	0	1	0	0	0	1	16	0	0	0	0	
0	0	3	0	0	0	1	0	0	1	0	24	133	95	0	1	1	0	110	247	255	255	77	0	0	41	255	168	6	114	187	0	0	53	230	18	0	184	172	0	0	58	223	80	209	226	29	0	0	11	202	255	192	35	0	2	1	0	23	39	1	1	2	0	
0	0	1	1	0	0	2	0	0	3	0	68	161	56	0	2	1	0	17	209	211	132	70	0	0	23	185	88	24	8	150	18	0	137	90	0	6	0	121	44	0	138	132	25	64	119	101	0	0	17	116	111	110	60	0	0	0	0	0	0	0	0	2	0	
0	0	2	3	0	0	0	0	0	0	3	0	127	237	159	6	2	0	44	144	99	92	44	1	0	1	201	255	178	37	0	2	0	0	133	107	123	180	0	1	0	54	159	106	155	195	0	0	0	63	209	203	184	65	0	2	0	0	0	0	0	0	0	0	
0	1	0	9	4	0	0	0	1	0	58	111	113	21	0	1	0	55	116	0	64	97	0	3	0	49	29	95	128	153	0	0	2	0	97	65	33	167	74	0	0	36	107	3	125	24	116	10	0	26	116	104	46	0	77	35	0	0	12	8	0	1	1	1	
0	2	4	4	4	3	0	0	0	0	0	0	0	0	0	0	0	49	95	122	171	171	10	0	0	137	227	151	87	165	31	0	0	0	1	0	4	172	21	0	0	0	4	0	82	181	0	2	0	0	4	0	149	83	0	3	0	0	2	0	146	33	0	1	
0	0	0	0	1	0	0	0	2	0	68	122	10	0	1	0	0	34	102	78	153	0	2	0	0	27	127	39	184	11	0	1	1	0	55	99	100	94	0	3	0	0	1	0	0	131	18	0	0	1	0	90	144	143	9	0	0	0	0	44	49	20	0	1	
0	0	0	0	0	0	0	0	0	1	0	12	157	22	0	1	0	1	0	17	224	37	0	2	0	2	0	54	231	20	0	1	0	4	0	108	180	0	3	0	0	4	0	144	193	0	2	0	0	2	0	133	64	0	2	0	0	0	0	1	0	0	0	0	
0	1	2	0	0	1	1	0	0	0	0	103	141	23	0	1	0	6	192	196	172	216	12	0	0	63	255	62	0	225	169	0	0	70	237	16	0	77	210	0	0	32	255	80	26	194	112	0	2	0	146	246	191	87	0	1	0	0	2	45	17	0	2	0	
0	1	4	4	4	4	1	0	0	0	0	0	0	0	0	0	0	27	82	130	129	142	22	0	0	94	255	219	185	246	53	0	0	2	12	0	87	184	0	1	0	0	2	0	182	83	0	3	0	2	0	37	179	1	0	0	0	3	0	72	145	0	4	0	
0	0	0	0	22	2	0	0	0	1	0	32	169	1	0	0	0	4	0	132	97	0	3	0	1	0	14	164	47	12	0	1	2	0	34	201	181	91	0	4	1	0	28	207	181	65	0	3	0	1	0	92	113	0	0	0	0	0	0	0	0	1	0	0	
0	0	17	2	1	0	0	0	3	0	157	173	30	0	3	0	2	0	46	184	181	0	1	0	0	1	0	117	234	29	29	5	0	29	235	255	254	253	255	95	0	44	203	162	138	118	71	15	0	0	0	0	0	0	0	0	0	0	1	3	4	4	3	1	
0	1	1	0	0	0	0	0	2	0	53	67	0	3	2	0	0	30	167	30	0	1	0	1	0	66	112	36	127	111	52	0	0	4	183	201	38	22	141	98	1	0	35	129	117	108	111	36	0	0	1	0	1	1	0	0	0	0	2	4	0	0	3	2	
0	5	5	0	2	0	0	0	0	50	209	50	0	2	1	0	0	1	156	240	64	0	3	0	0	2	0	164	161	0	9	0	1	0	172	255	235	182	229	79	1	0	154	203	172	144	75	15	0	0	0	0	0	0	0	0	0	0	2	1	4	4	3	1	
0	0	0	6	6	1	0	0	0	18	141	173	182	152	4	0	0	55	231	18	0	123	17	0	2	0	106	189	107	54	0	1	2	0	62	173	189	69	0	2	2	0	175	61	26	229	74	0	1	0	46	133	163	194	80	0	0	0	0	0	6	2	0	0	
0	0	0	0	0	0	0	0	0	32	165	114	9	2	2	0	0	37	119	194	142	0	3	0	2	0	74	224	236	152	41	0	0	0	191	194	115	164	172	0	0	1	0	18	75	208	142	0	0	3	0	157	255	146	9	0	0	0	0	23	12	0	2	0	
0	0	1	0	1	0	0	0	0	0	0	46	7	1	0	0	2	0	56	199	127	26	0	1	4	0	108	188	141	57	0	0	2	0	36	197	232	116	0	1	0	1	0	37	163	0	0	0	0	0	0	11	177	16	0	1	0	0	0	8	77	6	0	0	
0	0	0	8	68	1	0	0	0	2	0	167	184	0	4	0	3	0	63	210	11	5	2	0	4	0	133	114	168	236	63	0	1	0	133	162	197	204	152	0	3	0	157	255	221	216	67	0	1	0	19	72	46	7	0	0	0	0	0	0	0	1	2	0	
0	0	1	0	0	2	2	0	2	0	71	114	38	8	0	1	0	4	145	94	91	143	45	0	0	32	140	0	0	33	116	11	0	25	125	0	11	0	89	43	0	0	138	16	0	16	129	12	2	0	77	138	85	127	56	0	0	1	0	36	51	9	0	1	
0	0	1	2	0	1	0	0	0	1	0	25	132	83	0	2	2	0	33	166	98	175	8	0	3	0	77	171	22	174	4	0	1	0	0	179	230	51	0	2	2	0	19	211	115	0	4	0	2	0	28	211	57	0	2	0	0	0	1	32	2	0	0	0	
0	0	1	0	0	0	0	0	0	0	0	99	26	10	0	0	3	0	70	193	36	168	0	0	3	0	168	66	31	212	3	0	1	0	189	52	96	200	0	1	2	0	78	164	216	156	0	4	0	0	4	0	121	111	0	4	0	0	3	0	26	16	0	1	
0	0	0	0	0	1	0	0	1	0	23	103	98	4	0	0	4	0	104	255	255	143	0	3	0	5	219	109	91	247	71	0	0	17	198	19	0	207	125	0	0	11	213	47	127	249	25	0	1	0	122	250	205	58	0	2	0	0	0	38	14	0	2	0	
0	0	0	3	0	0	0	0	0	0	2	0	13	4	0	0	0	1	0	74	200	87	0	4	2	0	145	152	107	92	0	3	0	9	119	104	183	29	0	1	0	0	0	8	136	5	0	0	0	1	0	30	138	0	2	0	0	1	0	21	91	0	2	0	
0	0	0	0	0	0	0	0	0	1	0	25	145	88	0	2	1	0	19	202	205	182	0	2	2	0	43	200	151	86	0	3	0	1	0	189	212	0	0	1	1	0	30	182	211	61	0	3	1	0	22	218	193	29	0	2	0	0	0	37	13	0	0	0	
0	0	0	2	0	2	0	0	0	0	0	1	19	1	0	0	0	0	0	88	138	87	0	2	2	0	47	99	125	138	0	4	1	0	8	147	182	11	0	1	0	3	0	108	52	0	2	0	0	0	2	129	11	0	0	0	0	0	0	91	9	0	0	0	
0	0	0	0	0	0	0	0	2	0	92	161	77	0	1	0	1	0	39	53	175	33	0	2	2	0	40	156	235	82	0	3	2	0	56	83	61	132	0	3	0	0	3	0	77	133	0	4	3	0	61	222	206	40	0	2	1	0	12	57	25	0	1	0	
0	1	3	0	0	0	0	0	0	0	0	50	53	0	1	0	0	8	133	130	178	48	0	2	0	59	97	0	142	22	0	1	0	3	0	144	214	150	78	0	1	0	121	203	84	38	110	35	0	23	119	8	0	1	0	0	0	0	0	2	4	2	3	1	
0	3	20	37	2	0	0	0	0	46	230	251	134	0	1	0	0	13	41	123	230	6	2	1	0	4	0	133	150	0	4	0	2	0	35	230	84	60	98	14	0	31	240	255	252	255	228	41	0	26	141	89	64	42	5	0	0	0	0	0	0	0	0	1	
0	0	0	2	5	0	0	0	1	0	17	103	165	49	0	2	0	0	60	25	62	124	0	3	0	0	2	0	49	88	0	3	1	0	28	106	185	155	14	0	0	1	127	132	98	77	62	0	0	7	140	67	0	0	0	0	0	0	3	2	2	3	1	0	
0	0	0	0	0	1	2	0	2	0	142	130	79	27	0	1	0	9	218	215	236	211	25	0	0	49	143	0	0	157	139	0	0	51	144	0	0	159	152	0	0	12	199	162	220	231	34	0	2	0	65	223	162	13	0	1	0	1	1	0	0	1	1	0	
0	0	0	0	0	1	1	0	1	0	21	105	130	32	0	1	0	62	242	148	118	185	20	0	0	34	191	127	108	166	30	0	1	0	0	185	200	155	17	0	0	0	11	140	0	175	54	0	0	1	0	145	184	143	1	0	0	1	0	16	53	1	0	0	
0	0	2	3	1	1	0	0	0	0	0	2	6	0	0	0	1	0	30	172	213	25	0	1	3	0	181	207	228	86	0	4	4	0	139	246	222	54	14	0	1	0	16	104	161	105	57	0	0	1	0	24	145	0	1	0	0	0	0	24	83	0	3	0	
0	1	4	0	0	1	0	0	0	0	0	4	9	1	1	0	0	23	136	181	203	47	0	2	0	22	83	7	166	157	2	0	1	0	4	127	238	112	3	0	0	0	4	70	177	1	0	0	0	2	0	50	152	0	3	0	0	2	0	71	105	0	3	0	
0	0	2	0	0	0	1	0	0	1	0	108	172	131	3	0	3	0	105	253	150	204	135	0	0	21	250	131	0	91	161	0	0	35	201	7	0	208	67	0	0	48	192	27	182	228	9	0	0	2	193	255	206	49	0	2	1	0	17	45	5	0	1	0	
0	0	0	0	0	0	0	0	0	2	41	70	82	38	0	0	0	0	131	160	147	251	51	0	0	1	0	33	183	156	5	0	3	0	52	246	180	0	1	0	0	12	8	41	222	24	0	1	0	39	173	214	148	0	2	0	1	0	73	93	4	0	0	0	
0	0	0	16	9	0	0	0	0	2	0	184	109	0	4	0	3	0	74	227	33	2	0	0	3	0	170	81	72	191	11	0	3	0	181	184	239	255	44	0	3	0	167	255	255	143	0	3	1	0	17	122	96	5	0	0	0	0	0	0	0	1	0	0	
0	0	0	0	1	0	0	0	0	68	125	120	16	0	1	0	0	94	46	85	150	0	2	0	0	2	0	57	162	0	2	0	0	1	2	192	165	40	0	2	0	0	12	19	15	187	17	0	1	0	27	116	152	146	0	0	0	0	0	27	61	8	0	0	
0	0	0	0	1	0	0	0	0	0	3	0	130	105	0	4	0	0	0	0	221	97	0	4	0	3	0	74	224	16	0	1	0	3	0	155	134	0	3	0	1	0	0	230	91	0	3	0	1	0	12	197	58	0	2	0	0	0	0	0	0	0	0	0	
0	0	1	2	0	0	0	0	0	0	0	3	42	32	0	1	0	0	4	110	77	112	0	1	3	0	87	66	107	107	0	4	2	0	122	59	200	59	0	3	1	0	35	55	135	12	0	1	0	1	0	39	113	0	2	0	0	1	0	41	41	0	1	0	
0	0	0	1	1	2	0	0	0	0	6	0	1	1	0	0	0	3	198	208	215	142	0	0	0	0	58	77	60	184	22	0	0	0	3	0	106	163	0	1	0	2	0	58	242	36	0	2	0	2	0	197	137	0	4	0	0	0	3	148	40	0	1	0	
0	0	0	1	0	0	0	0	0	3	0	78	127	0	2	0	1	0	0	196	195	0	1	0	1	0	9	88	141	0	1	0	0	2	0	57	109	0	3	0	0	3	0	106	109	0	3	0	1	0	9	146	163	145	12	0	0	0	1	2	0	6	1	0	
0	0	1	3	0	0	0	0	0	0	2	0	56	124	130	45	1	0	16	105	144	153	107	43	1	0	172	255	98	0	2	0	0	9	145	116	189	67	0	4	0	0	8	0	148	104	0	4	2	0	174	251	176	18	0	1	1	0	31	45	1	0	0	0	
2	3	4	3	0	0	0	0	0	0	0	0	13	19	0	0	39	77	90	125	162	197	19	0	87	135	94	57	19	151	7	0	0	0	2	0	53	136	0	3	2	4	7	0	98	81	0	3	0	0	3	0	171	92	0	3	0	0	2	0	107	69	0	2	
0	0	1	1	0	0	0	0	0	1	0	34	109	117	1	0	2	0	33	156	92	163	1	0	2	0	63	89	133	79	0	3	1	0	15	234	133	0	1	0	3	0	75	189	86	0	3	0	2	0	45	201	131	0	4	0	0	0	0	48	17	0	1	0	
0	0	0	0	0	0	0	0	0	3	73	4	0	13	2	0	0	22	134	0	2	74	5	0	0	0	145	37	0	92	8	0	2	0	46	156	122	138	1	0	0	1	0	9	33	102	6	0	0	0	2	2	0	86	8	0	0	0	0	1	0	10	2	0	
0	0	1	1	0	0	0	0	2	0	29	202	87	0	2	0	1	0	0	122	205	0	0	0	3	0	79	226	145	25	0	1	1	0	20	35	18	151	4	0	1	0	23	77	126	189	0	0	3	0	60	233	210	63	0	2	0	0	0	0	0	1	0	0	
0	0	0	0	0	0	0	0	1	0	15	31	61	82	0	1	3	0	168	220	187	193	0	2	1	0	28	167	223	52	0	2	0	2	0	143	197	78	0	3	4	0	102	102	43	198	0	1	4	0	88	176	188	82	0	2	0	0	3	48	15	0	1	0	
0	1	2	0	1	1	0	0	0	0	0	1	0	133	29	0	0	7	62	0	30	163	0	0	0	92	164	0	106	179	81	0	0	120	192	182	240	203	132	0	0	38	143	176	185	0	1	0	0	2	0	58	118	0	6	0	0	2	5	3	1	1	0	0	
0	0	0	0	0	0	0	0	0	2	0	76	33	0	2	0	1	0	8	179	172	40	0	2	3	0	121	143	153	95	2	0	3	0	175	207	223	230	59	0	0	0	11	56	209	34	0	1	0	1	0	8	179	24	0	1	0	0	1	2	16	1	0	0	
0	1	4	3	1	0	0	0	0	0	0	0	0	3	1	0	0	32	176	166	162	204	81	0	0	45	154	84	72	195	28	0	0	0	4	0	148	144	0	4	0	4	0	72	218	23	0	1	1	0	5	223	96	0	3	0	2	0	38	180	17	0	1	0	
0	1	0	0	0	1	0	0	0	2	79	11	0	22	47	0	0	89	145	0	0	138	101	0	0	143	98	0	65	187	14	0	0	34	161	130	187	145	0	4	0	0	7	0	125	123	0	4	0	2	6	0	123	119	0	4	0	0	1	0	19	20	0	1	
0	2	0	47	66	0	2	0	1	0	13	230	101	0	4	0	3	0	156	178	0	2	0	0	0	20	198	39	146	205	85	0	0	55	225	200	255	255	153	0	0	0	155	255	254	190	34	0	0	0	2	47	53	6	0	0	0	1	2	0	0	2	2	0	
0	0	0	0	0	0	0	0	0	2	0	65	96	0	3	0	0	3	0	88	169	0	3	0	0	4	0	120	151	0	4	0	0	4	0	147	121	0	4	0	0	4	0	153	114	0	4	0	0	3	0	113	58	0	2	0	0	0	0	0	0	0	0	0	
0	0	5	80	7	1	1	0	3	0	65	206	2	0	1	0	3	0	144	70	0	57	12	0	3	0	160	95	170	255	40	0	4	0	134	253	201	217	44	0	2	0	46	254	248	114	0	3	0	0	0	54	62	3	0	0	0	0	1	0	0	2	0	0	
0	0	6	1	0	0	0	0	0	28	202	155	121	10	0	1	0	7	67	18	121	126	0	4	0	1	0	6	183	88	0	3	2	0	65	199	98	0	2	0	4	0	154	255	181	117	70	0	0	0	3	58	110	121	71	0	0	0	0	0	0	0	0	0	
0	0	2	14	0	1	0	0	2	0	28	197	67	0	4	0	1	0	0	163	205	0	2	1	1	0	4	202	255	171	1	0	0	0	2	17	26	202	38	0	3	0	148	213	210	189	0	0	2	0	61	166	123	10	0	1	0	0	0	0	0	1	1	0	
0	0	1	0	1	0	1	0	0	3	0	115	156	139	20	0	3	0	79	175	0	123	155	0	0	0	193	61	0	27	167	0	0	71	160	0	0	117	125	0	0	100	132	0	106	174	11	0	0	29	168	177	135	15	0	1	0	0	2	5	0	2	1	0	
0	0	0	1	0	0	1	0	0	105	154	21	0	3	1	0	0	57	232	162	0	1	10	3	0	0	7	137	9	27	147	28	0	2	139	246	221	255	223	21	0	6	222	251	200	112	17	0	1	0	28	25	0	0	0	0	0	0	0	0	2	4	1	0	
0	0	0	0	0	0	0	0	0	5	40	69	79	121	71	0	0	55	182	168	212	255	135	0	2	0	36	225	199	29	0	2	0	0	2	25	42	106	18	0	0	40	38	0	56	231	61	0	0	57	190	209	236	114	0	1	1	0	35	56	15	0	1	0	
0	0	0	0	0	0	0	0	2	0	40	159	47	0	1	0	1	0	10	123	170	0	2	0	1	0	27	171	226	90	0	2	2	0	88	107	0	176	32	0	0	0	2	0	72	195	10	0	1	0	23	178	198	47	0	2	0	0	0	43	18	0	1	0	
0	0	0	0	0	0	0	0	0	2	0	49	74	0	2	0	0	2	0	65	161	0	3	0	0	2	0	47	164	0	2	0	0	2	0	49	155	0	2	0	0	2	0	72	143	0	4	0	0	3	0	82	146	0	4	0	0	0	0	10	23	0	1	0	
0	0	3	1	0	0	0	0	0	0	1	0	33	25	0	1	0	6	140	2	137	106	0	4	0	7	218	101	174	102	0	4	1	0	30	146	235	76	0	3	0	0	3	0	156	46	0	2	0	0	4	0	140	39	0	1	0	0	1	0	52	18	0	1	
0	0	0	5	43	2	0	0	1	0	8	163	157	0	1	0	3	0	153	125	0	16	0	0	0	35	178	0	146	207	53	0	0	52	142	46	130	61	130	0	0	9	177	216	130	158	99	0	1	0	18	124	151	113	8	0	0	1	1	0	0	0	1	0	
0	0	1	1	0	3	0	0	0	1	0	24	117	11	0	1	2	0	33	191	245	158	0	0	4	0	114	175	179	132	0	0	2	0	26	216	148	0	2	0	0	1	0	135	157	75	0	3	0	2	0	136	214	49	0	2	0	1	0	21	43	0	1	0	
0	0	0	0	0	1	0	0	0	0	0	50	63	0	1	0	2	0	46	64	5	16	0	0	2	0	35	115	124	94	0	3	0	0	0	17	136	37	0	1	0	0	0	17	116	0	1	0	0	2	0	58	110	0	3	0	0	0	0	12	12	0	0	0	
0	0	0	0	0	1	0	0	0	1	0	80	126	1	0	0	2	0	36	208	193	123	0	4	1	0	34	147	148	129	0	3	0	3	0	163	217	0	0	1	1	0	30	154	162	40	0	2	2	0	27	215	191	8	0	1	0	0	0	43	30	0	1	0	
1	0	30	65	11	0	1	0	0	26	209	127	145	16	0	1	0	34	119	0	140	126	0	4	0	0	3	0	72	189	0	3	0	1	72	65	141	148	0	4	0	16	220	225	248	171	50	0	1	0	38	126	44	54	40	0	0	0	0	0	0	0	0	0	
0	1	4	4	4	2	0	0	0	0	0	0	0	0	0	0	0	32	111	122	186	92	0	3	0	72	190	121	120	169	0	2	0	0	3	0	76	134	0	3	0	1	7	0	127	69	0	3	0	1	0	17	176	16	0	1	0	2	0	64	128	0	3	0	
0	2	0	81	93	0	1	0	0	1	0	32	134	51	0	2	0	2	7	0	121	70	0	3	0	2	0	49	169	0	0	0	0	78	158	221	188	132	102	4	0	118	235	114	109	114	123	24	0	0	0	0	0	0	0	0	0	1	1	4	4	4	4	0	
0	0	0	0	0	0	0	0	0	0	0	0	157	37	0	2	0	1	0	13	222	40	0	2	0	2	0	38	200	4	0	1	0	3	0	140	172	0	3	0	0	2	0	202	121	0	4	0	0	2	0	141	55	0	2	0	0	0	0	0	0	0	0	0	
0	0	0	0	0	0	0	0	0	0	9	64	12	0	0	0	2	0	55	107	68	0	3	0	0	2	0	49	142	0	0	0	0	1	0	30	107	38	0	2	0	0	1	0	107	16	0	1	0	1	0	72	84	0	2	0	0	0	7	63	5	0	0	0	
0	1	1	0	0	0	2	0	2	0	46	120	147	87	0	1	0	30	235	238	201	255	89	0	0	118	255	119	0	33	159	9	0	32	226	49	0	25	197	29	0	5	211	119	104	228	148	0	3	0	87	243	233	181	14	0	0	0	0	9	6	0	2	0	
0	1	0	46	42	0	1	0	0	3	0	170	88	0	4	0	2	0	37	165	0	2	0	0	4	0	133	130	118	198	17	0	4	0	159	199	181	208	29	0	4	0	101	255	236	105	0	3	0	0	3	57	37	0	0	0	0	0	1	0	0	1	0	0	
0	0	1	0	0	1	0	0	0	1	0	59	75	0	2	0	3	0	59	255	190	23	90	0	4	0	101	153	164	253	138	0	2	0	33	249	217	107	11	0	4	0	88	216	97	0	3	0	2	0	39	221	146	0	4	0	0	0	0	45	18	0	1	0	
0	1	0	47	29	0	1	0	0	3	0	166	78	0	3	0	1	0	3	185	30	0	1	0	2	0	39	178	73	76	0	0	2	0	33	243	152	197	37	0	1	0	11	204	190	164	4	0	0	1	0	18	78	17	0	1	0	0	1	1	0	1	1	0	
0	2	4	4	1	1	0	0	0	0	0	0	4	3	0	0	0	76	177	129	221	107	0	3	0	78	255	242	240	174	0	3	0	2	22	0	43	199	3	0	0	0	3	0	124	219	0	0	0	1	0	1	229	121	0	4	0	0	0	5	142	23	0	1	
0	0	10	11	0	1	0	0	3	0	90	143	0	24	0	0	3	0	158	103	8	190	14	0	0	28	186	1	33	203	7	0	0	80	222	109	135	226	106	18	0	19	103	99	144	220	95	29	0	0	1	0	26	76	0	2	0	1	4	4	2	1	4	1	
0	1	2	4	3	0	0	0	0	0	0	0	0	9	2	0	1	10	26	82	176	239	63	0	13	215	255	253	223	255	63	0	0	94	90	9	86	183	0	1	0	0	4	0	155	112	0	4	0	4	1	8	191	30	0	1	0	1	0	15	114	0	0	0	
0	0	0	2	1	0	0	0	0	0	1	0	26	68	3	0	0	2	0	51	186	208	10	0	0	0	1	149	159	123	0	3	0	3	0	128	180	7	0	1	2	0	55	172	26	0	1	0	0	48	179	38	0	3	0	0	0	58	39	0	3	0	0	0	
0	0	2	1	0	0	0	0	0	1	0	30	82	55	59	34	2	0	53	225	228	218	156	28	4	0	138	255	89	0	3	0	1	0	16	99	164	38	0	3	0	7	59	49	204	95	0	4	0	5	217	255	187	27	0	2	0	0	62	50	0	0	0	0	
0	0	0	1	1	36	5	0	0	0	2	0	104	141	0	0	0	2	0	63	108	0	1	0	1	0	1	193	105	0	2	0	3	0	78	84	135	72	0	3	3	0	113	89	113	10	0	1	2	0	62	122	19	0	1	0	0	0	0	0	1	1	0	0	
0	0	1	2	0	2	0	0	0	1	0	3	11	0	1	0	1	0	13	182	242	72	0	3	0	3	173	118	84	190	8	0	0	15	216	147	72	182	24	0	1	0	58	42	57	147	0	3	0	0	3	0	144	94	0	3	0	0	3	0	108	17	0	1	
0	0	1	1	0	0	0	0	0	1	0	37	133	131	47	0	1	0	14	209	113	76	60	0	2	0	52	218	84	48	0	1	4	0	149	208	152	201	0	0	1	0	26	8	168	96	0	3	2	0	122	207	134	0	1	0	1	0	44	41	0	2	0	0	
0	0	0	1	1	0	0	0	0	0	9	5	0	1	3	2	0	0	158	170	5	0	1	0	1	0	9	158	20	21	105	88	1	0	141	240	172	199	152	42	0	13	192	134	58	7	0	0	0	0	0	0	0	0	3	2	0	0	2	4	2	1	0	0	
0	0	1	0	0	1	2	0	0	2	0	77	56	2	0	0	2	0	54	252	182	144	38	0	0	1	199	114	4	5	192	50	0	61	202	0	0	20	186	27	0	153	135	0	45	190	77	0	0	125	97	11	190	89	0	2	0	6	10	9	11	0	1	0	
0	0	0	0	0	0	0	0	0	1	0	15	126	104	0	2	2	0	37	229	224	216	14	0	2	0	32	235	144	186	19	0	2	0	29	213	255	82	0	2	4	0	121	164	125	15	0	1	2	0	27	195	168	0	1	0	0	1	0	16	23	0	1	0	
0	0	0	0	0	0	0	0	0	25	106	112	15	0	1	0	0	11	82	149	8	0	2	0	2	0	136	144	74	13	0	1	0	1	0	18	94	141	19	0	0	0	0	3	0	101	109	0	0	1	0	33	94	130	24	0	0	1	0	19	55	9	0	0	
0	0	2	1	0	0	0	0	0	1	0	9	88	141	93	0	2	0	50	209	225	185	70	0	2	0	190	255	56	0	2	0	1	0	39	131	183	12	0	1	0	3	59	25	159	43	0	2	1	0	190	255	153	5	0	1	1	0	16	30	0	0	0	0	
0	0	0	0	0	1	0	0	0	1	0	60	113	14	0	1	0	1	0	64	103	110	0	3	0	0	2	0	40	105	0	3	1	0	30	81	120	56	0	2	1	0	42	103	160	0	1	0	1	0	76	104	16	0	1	0	1	0	22	26	0	1	0	0	
0	0	3	3	0	0	0	0	0	63	188	162	10	0	3	0	0	20	3	104	31	0	1	0	0	21	159	213	139	128	90	3	0	25	97	22	0	14	150	23	0	0	0	36	72	174	86	0	0	1	1	169	204	51	0	2	0	0	0	0	0	0	2	0	
0	0	0	0	0	0	2	0	0	88	215	192	164	64	0	2	0	55	98	85	115	218	112	0	2	0	82	172	154	112	208	23	0	48	246	135	141	250	223	20	0	58	248	113	175	239	134	0	1	0	115	215	123	17	0	1	0	0	0	0	0	0	2	0	
0	0	2	1	0	0	0	0	0	0	1	0	34	42	0	1	1	0	56	4	57	73	0	3	3	0	125	35	94	91	0	0	2	0	53	156	202	99	0	0	0	0	0	16	115	0	1	0	0	1	0	34	107	0	3	0	0	0	0	10	17	0	0	0	
0	0	0	0	0	0	0	0	1	0	110	66	37	22	0	0	1	0	192	208	127	109	1	0	2	0	35	205	54	0	2	0	0	2	0	54	176	113	21	0	0	0	2	0	12	223	95	0	1	0	5	142	192	130	0	1	0	0	0	52	34	0	1	0	
0	1	0	21	40	0	1	0	0	3	0	134	108	0	6	0	3	0	58	218	16	0	1	0	2	0	155	66	12	114	87	0	0	0	144	125	172	219	189	0	4	0	133	255	195	190	71	0	1	0	17	56	65	31	0	1	0	0	1	0	0	1	2	0	
0	7	34	1	0	0	0	0	0	93	166	165	71	0	2	0	0	4	56	225	119	0	6	0	3	0	137	240	118	44	0	1	1	0	63	103	76	167	128	0	3	0	151	228	93	158	222	19	0	0	0	60	123	96	23	0	0	0	1	0	0	0	0	0	
0	0	0	0	0	0	0	0	0	1	0	14	140	8	0	1	0	1	0	21	205	20	0	1	0	3	0	88	204	0	0	1	0	4	0	151	156	0	4	0	1	0	10	227	64	0	2	0	1	0	17	161	14	0	1	0	0	0	0	0	0	0	0	0	
0	0	1	0	23	14	0	1	0	0	1	0	166	81	0	3	0	2	0	65	102	10	0	1	0	2	0	116	28	0	1	0	1	0	9	169	130	59	0	2	2	0	31	211	174	73	0	3	1	0	28	75	0	1	0	0	0	0	0	0	1	2	0	0	
0	0	0	0	0	0	0	0	0	3	0	71	143	0	2	0	0	3	0	84	224	0	0	0	0	4	0	120	221	0	1	0	0	3	0	172	171	0	3	0	0	1	0	216	100	0	3	0	0	0	0	171	48	0	2	0	0	0	0	0	1	0	0	0	
0	0	2	1	4	2	0	0	0	2	0	38	152	59	0	2	2	0	36	144	40	120	0	1	4	0	122	96	0	107	33	0	3	0	98	37	0	97	34	0	3	0	100	73	15	110	0	0	1	0	13	137	125	26	0	1	0	0	0	4	6	0	0	0	
0	1	2	0	0	0	0	0	0	0	1	0	23	89	0	1	0	22	87	0	85	151	0	4	0	26	210	139	198	148	0	2	1	0	38	107	217	75	2	0	0	1	0	41	168	0	1	0	0	3	0	111	115	0	4	0	0	1	0	17	9	0	0	0	
0	0	1	0	21	58	0	1	0	0	0	2	179	101	0	3	0	3	0	132	121	0	2	0	2	0	58	179	88	96	10	0	3	0	159	242	146	211	58	0	2	0	196	223	166	105	0	1	1	0	35	62	40	0	0	0	0	0	0	0	0	2	0	0	
0	0	2	2	0	0	0	0	0	2	0	28	146	143	48	0	1	0	27	198	157	106	79	0	0	38	244	226	56	0	1	0	0	38	183	164	191	164	1	0	0	0	5	54	193	241	18	0	3	0	85	255	170	34	0	1	0	0	11	22	0	1	0	0	
0	0	0	1	0	0	0	0	0	0	0	0	124	20	0	1	0	1	0	25	227	34	0	2	0	4	0	121	218	0	0	1	0	4	0	165	154	0	4	0	1	0	0	211	79	0	3	0	1	0	17	172	27	0	1	0	0	0	0	0	0	0	0	0	
0	0	3	3	0	0	0	0	0	1	0	18	143	154	117	13	2	0	53	122	129	78	41	5	4	0	144	181	0	0	0	0	1	0	23	150	76	0	3	0	0	1	0	16	181	27	0	1	3	0	125	228	194	30	0	2	1	0	21	54	9	0	0	0	
0	0	0	0	30	5	0	0	0	1	0	32	174	10	0	1	0	3	0	102	99	0	3	0	0	2	0	160	72	0	2	0	0	3	0	159	185	37	0	2	0	1	0	178	180	85	0	4	0	1	0	66	128	13	0	1	0	0	0	0	0	0	0	0	
0	0	0	0	0	0	1	0	2	0	94	71	38	55	0	1	0	8	227	253	245	224	54	0	0	46	251	255	110	97	197	0	0	66	242	158	0	177	186	0	0	96	208	73	176	255	79	0	0	5	172	248	247	104	0	1	0	0	7	44	23	0	1	0	
0	0	0	0	0	1	4	1	0	13	129	147	22	0	1	0	0	84	176	0	1	37	96	31	0	22	182	128	133	129	78	12	4	0	103	217	200	54	0	2	3	0	139	153	90	248	109	0	0	0	0	94	123	133	77	0	0	0	0	0	0	0	0	0	
0	0	0	0	0	0	0	0	0	19	49	0	24	56	0	0	0	74	241	0	104	238	6	0	0	71	232	0	174	149	0	4	0	5	184	189	235	194	55	0	1	0	4	137	249	171	94	0	0	2	0	32	209	11	0	1	0	0	0	8	83	11	1	0	
0	0	1	0	0	0	0	0	0	0	13	10	30	83	38	0	4	0	126	169	106	71	32	0	0	0	154	142	126	82	0	2	0	1	5	0	30	171	0	0	0	2	3	0	102	99	0	3	0	36	117	99	106	0	0	0	0	3	106	56	0	2	0	0	
0	0	1	0	1	3	0	0	0	2	0	86	99	0	2	0	3	0	75	203	151	115	0	1	4	0	109	114	86	236	4	0	1	0	3	201	228	38	0	2	3	0	72	243	165	10	0	1	1	0	22	132	223	73	0	3	0	0	0	0	30	17	0	1	
0	0	0	0	0	0	0	0	1	0	16	1	45	27	0	1	3	0	85	50	87	52	0	2	3	0	89	26	94	85	0	1	3	0	130	116	159	149	9	0	1	0	30	40	124	47	0	2	0	0	3	0	104	51	0	2	0	0	2	0	17	9	0	0	
0	3	4	4	2	0	0	0	0	0	0	0	3	8	0	0	3	66	160	149	185	171	0	1	12	203	188	112	65	183	11	0	1	13	2	0	65	186	0	2	0	1	4	0	208	118	0	4	0	3	0	51	215	14	0	1	0	2	0	62	104	0	3	0	
0	0	0	0	0	0	0	0	0	2	0	75	152	50	0	1	0	1	0	91	122	214	21	0	0	0	3	0	139	138	0	2	0	1	0	145	174	0	0	1	3	0	115	184	0	41	6	0	3	0	141	182	126	48	0	1	0	0	1	37	13	0	0	0	
0	0	0	0	1	1	0	0	2	0	74	33	0	68	5	0	0	2	198	43	19	201	11	0	0	47	223	12	120	181	0	1	0	13	170	220	247	211	80	0	0	1	0	20	215	50	0	2	0	1	4	0	168	43	0	2	0	0	0	2	28	2	0	0	
0	0	2	0	18	13	0	0	0	2	0	45	206	46	0	2	2	0	47	161	44	7	1	0	0	4	163	56	48	105	75	0	0	39	131	30	23	0	98	28	0	11	165	82	26	56	113	17	1	0	26	119	106	85	29	0	0	0	1	0	0	0	1	0	
0	0	2	2	0	1	0	0	0	0	0	5	12	0	0	0	1	0	22	148	212	40	0	2	4	0	115	240	239	118	0	4	1	0	28	81	129	89	0	3	0	0	3	0	143	45	0	2	0	1	0	43	171	0	1	0	0	2	0	55	85	0	3	0	
0	0	2	0	0	1	1	0	0	1	0	44	66	2	0	0	2	0	74	97	78	77	21	0	0	7	178	134	50	158	70	0	0	97	90	44	56	61	84	5	0	31	110	59	49	37	127	35	0	0	9	47	57	56	23	0	0	1	1	0	0	0	0	0	
0	0	0	0	0	1	0	0	0	127	185	186	113	6	0	1	0	84	135	144	221	139	0	3	0	0	2	0	167	204	0	2	1	0	18	187	255	109	7	0	3	0	145	255	249	255	161	0	2	0	104	164	111	65	26	0	0	0	0	0	0	0	0	0	
0	1	1	0	0	0	1	0	1	0	21	129	129	70	0	0	0	38	180	79	129	255	65	0	0	121	196	99	186	246	102	0	0	21	124	128	42	200	65	0	0	86	88	0	164	188	0	1	0	71	218	200	152	15	0	1	1	0	41	36	0	3	0	0	
0	0	0	0	0	0	0	0	0	74	172	154	45	0	2	0	0	62	151	169	190	0	1	0	2	0	52	196	255	94	0	2	3	0	87	196	86	189	60	0	0	1	0	20	59	217	117	0	0	3	0	83	255	170	22	0	0	0	0	9	19	0	0	0	
0	0	0	0	0	0	0	0	12	120	125	102	64	0	1	0	5	53	29	112	176	0	2	0	2	0	33	198	32	0	2	0	0	2	2	66	121	76	1	0	0	0	10	46	0	126	110	0	0	0	3	133	155	147	37	0	0	0	0	10	27	0	0	0	
0	1	0	70	16	0	1	0	2	0	54	236	38	0	4	0	2	0	198	146	0	3	1	0	0	6	196	45	126	164	46	0	0	18	153	98	244	197	192	0	2	0	161	248	249	242	165	0	1	0	15	73	74	50	8	0	0	0	1	0	0	0	1	0	
0	0	0	2	0	0	0	0	0	0	0	6	61	30	0	1	0	1	0	103	102	84	0	3	2	0	51	92	0	52	0	1	2	0	50	109	80	108	0	3	0	1	0	57	161	33	0	1	0	0	0	10	102	0	0	0	0	0	0	14	49	0	1	0	
0	0	1	0	0	0	0	0	0	1	2	2	36	3	0	0	0	47	141	0	132	23	0	1	0	53	209	38	165	95	3	0	0	0	139	224	243	203	91	0	0	1	0	36	176	0	0	0	0	2	0	56	117	0	3	0	0	0	0	16	54	0	1	0	
0	0	0	0	0	0	0	0	0	1	0	37	76	0	2	0	0	3	0	86	165	0	4	0	0	3	0	81	159	0	4	0	0	3	0	83	161	0	4	0	0	3	0	82	161	0	4	0	0	2	0	45	141	0	3	0	0	0	0	6	24	0	0	0	
0	0	0	0	0	1	0	0	0	7	137	193	117	0	1	0	0	6	138	123	202	87	0	4	0	1	0	28	215	78	0	3	0	6	133	253	248	152	143	39	0	44	255	236	207	192	162	46	0	3	33	16	3	0	0	0	0	0	0	0	0	3	4	2	
0	0	0	0	0	0	0	0	0	6	87	124	96	0	0	0	0	8	107	93	186	15	0	1	0	2	0	122	227	123	0	3	0	0	1	73	9	147	25	0	1	0	58	11	39	169	4	0	3	0	131	178	149	61	0	2	0	0	0	38	19	0	1	0	
0	0	1	0	1	0	0	0	1	0	15	12	12	16	0	0	3	0	162	61	104	117	0	4	3	0	179	161	190	156	14	0	2	0	58	176	234	190	99	0	0	2	0	41	170	0	1	0	0	3	0	89	134	0	5	0	0	1	0	24	48	0	1	0	
0	0	1	1	0	0	0	0	0	1	0	22	128	98	0	1	1	0	29	103	40	152	39	0	2	0	67	130	52	124	5	0	1	0	10	192	184	7	0	1	0	6	126	16	98	64	0	2	0	14	136	100	116	23	0	1	1	0	18	58	15	0	1	0	
0	0	0	0	0	0	0	0	0	0	1	0	80	15	0	1	0	1	0	12	232	66	0	3	0	3	0	82	234	15	0	1	0	3	0	178	138	0	3	0	1	0	4	206	47	0	2	0	0	0	5	143	12	0	0	0	0	0	0	21	3	0	0	0	
0	0	0	2	15	2	0	0	2	0	50	141	128	129	0	1	2	0	59	21	40	169	0	0	0	0	0	103	196	24	0	1	1	0	6	89	174	59	0	2	0	0	17	0	103	171	0	3	0	0	134	182	146	38	0	1	0	0	2	4	0	0	0	0	
0	0	0	6	24	0	0	0	0	1	0	154	229	11	0	1	1	0	10	238	151	0	1	0	0	0	0	177	232	61	0	2	0	2	12	26	192	217	2	0	3	0	155	255	255	225	16	0	2	0	55	135	86	21	0	1	0	0	0	0	0	0	0	0	
0	0	0	0	65	5	0	0	0	2	0	65	159	0	2	0	0	2	0	148	56	0	2	0	1	0	20	205	80	1	0	0	2	0	38	165	163	102	0	4	1	0	28	200	186	79	0	3	0	0	0	66	58	0	1	0	0	0	0	0	0	1	0	0	
0	0	0	0	0	1	0	0	1	0	18	23	0	43	48	0	3	0	98	59	0	139	67	0	0	15	165	84	94	165	6	0	0	73	250	206	229	150	0	3	0	10	24	0	125	69	0	3	0	0	1	0	158	33	0	1	0	1	2	0	20	3	0	0	
0	0	0	1	1	0	0	0	0	0	1	0	20	44	43	13	0	1	0	20	144	119	77	23	0	3	0	175	94	0	3	0	0	0	2	14	109	44	0	2	0	42	85	41	146	41	0	2	0	17	105	122	45	0	1	0	0	0	0	0	1	1	0	0	
0	0	0	0	0	0	0	0	1	0	64	170	123	0	2	0	0	0	192	187	220	56	0	3	0	1	11	0	157	95	0	5	0	1	0	123	255	249	216	52	0	39	213	254	180	93	34	4	0	51	176	36	0	1	0	0	0	0	0	0	2	4	2	0	
0	0	0	0	0	3	0	0	0	13	101	23	0	1	0	0	0	58	148	0	10	77	8	0	0	3	117	60	95	186	0	0	0	0	7	30	154	74	0	3	0	1	5	0	146	52	0	2	0	0	3	0	106	106	0	0	0	0	0	0	7	40	2	0	
0	0	1	1	0	0	1	0	0	0	15	0	142	171	0	1	4	0	126	172	157	193	75	0	3	0	173	171	46	135	104	0	0	14	192	23	0	201	58	0	0	6	170	115	223	147	0	1	2	0	135	237	119	0	1	0	0	0	0	0	0	2	1	0	
0	0	0	1	2	0	0	0	0	0	0	0	1	4	0	0	2	0	37	151	150	97	0	4	3	0	74	62	110	84	0	3	0	0	10	3	132	16	0	1	0	2	0	51	120	0	3	0	0	3	0	102	68	0	2	0	0	2	0	72	25	0	1	0	
0	1	1	0	0	0	0	0	0	1	3	1	16	82	0	1	0	28	121	0	45	158	0	2	0	102	226	94	155	180	5	0	0	47	160	167	239	166	28	0	0	1	0	29	179	5	0	1	0	4	0	71	165	0	4	0	0	0	0	10	33	0	0	0	
0	0	2	1	0	0	0	0	0	1	0	24	106	102	0	0	2	0	64	191	79	154	9	0	0	0	177	156	59	117	0	3	0	5	11	122	199	2	0	1	0	3	0	124	175	0	2	0	0	1	0	146	187	19	0	1	0	1	0	26	44	1	0	0	
0	0	0	1	0	0	0	0	0	2	0	39	182	53	0	1	0	2	0	153	253	155	0	1	0	0	0	196	111	0	1	0	1	0	16	222	75	0	3	0	4	0	91	148	148	4	0	0	2	0	47	185	125	0	1	0	0	0	0	4	0	0	0	0	
0	0	0	0	0	0	0	0	2	0	56	146	112	74	0	2	0	14	211	168	161	42	0	2	0	2	115	166	165	79	0	2	0	0	0	23	63	188	17	0	1	0	99	16	103	192	1	0	3	0	110	232	199	29	0	2	0	0	0	29	12	0	1	0	
0	1	0	65	16	0	0	0	1	0	21	202	20	0	2	0	4	0	115	160	0	4	0	0	4	0	108	70	163	183	14	0	4	0	97	246	138	189	112	0	3	0	60	255	214	216	103	0	0	0	2	35	79	47	3	0	0	0	1	0	0	0	0	0	
0	1	2	0	0	0	0	0	0	0	2	0	22	41	0	1	0	18	47	0	88	134	0	4	0	67	175	17	135	79	0	3	0	33	189	148	220	48	0	2	0	0	3	0	142	53	0	2	0	0	4	0	140	61	0	2	0	0	2	0	49	22	0	1	
0	0	0	0	21	1	0	0	0	0	1	0	136	11	0	0	0	0	0	5	154	10	0	0	0	2	0	48	179	0	1	0	0	3	0	153	143	0	4	0	0	0	0	214	59	0	2	0	0	0	0	97	22	0	1	0	0	0	0	0	0	0	0	0	
0	0	2	0	0	3	3	0	0	2	0	44	51	0	1	0	3	0	91	255	212	163	61	0	0	59	228	60	0	49	205	47	0	124	181	0	12	57	217	40	0	51	233	249	242	234	94	0	1	0	19	76	69	12	0	1	0	1	1	0	0	1	3	0	
0	0	2	3	0	1	0	0	0	0	0	1	15	0	0	0	1	0	32	131	205	69	0	3	0	4	163	76	163	127	0	4	0	18	188	155	161	98	0	4	1	0	40	26	80	87	0	3	0	0	3	0	96	61	0	2	0	0	4	0	78	37	0	1	
0	0	1	0	0	0	0	0	0	0	0	63	104	88	0	0	2	0	49	197	71	103	56	0	3	0	123	74	0	93	42	0	1	0	108	13	8	121	4	0	2	0	122	12	67	108	0	3	3	0	73	127	134	24	0	1	0	0	0	53	28	0	1	0	
0	0	0	0	0	0	0	0	1	0	91	176	113	0	1	0	0	0	180	134	164	97	0	4	0	0	1	25	198	156	0	3	3	0	80	255	174	205	64	0	2	0	52	102	114	214	55	0	3	0	163	236	172	37	0	2	1	0	23	26	0	1	1	0	
1	2	1	0	0	1	0	0	0	0	0	2	6	0	0	0	23	140	117	120	147	128	0	2	11	36	9	0	94	113	0	3	1	0	30	94	194	119	24	0	1	0	11	107	145	20	10	0	0	3	0	69	131	0	2	0	0	0	0	11	80	11	0	0	
0	0	0	0	0	1	0	0	0	27	155	132	48	0	1	0	0	29	149	159	189	45	0	3	0	0	2	0	60	156	0	3	0	1	0	54	204	239	201	72	0	3	200	255	252	182	71	18	1	0	112	112	28	0	0	0	0	0	0	0	0	2	3	1	
0	1	0	0	0	0	0	0	0	1	6	0	1	37	3	0	0	52	79	0	7	127	4	0	0	103	98	1	47	155	0	0	0	31	120	118	144	185	0	0	0	0	1	0	27	131	0	2	0	1	5	0	63	129	0	4	0	0	1	0	29	46	0	2	
0	0	1	1	2	0	0	0	0	1	1	31	192	163	7	0	3	0	132	136	37	227	145	0	0	38	237	55	0	26	177	7	0	123	166	0	0	38	227	36	0	135	213	107	150	197	146	12	0	53	186	160	110	27	0	1	0	0	0	0	0	0	3	1	
0	2	0	0	1	2	0	0	1	0	44	154	182	198	84	0	0	106	180	105	29	124	173	0	0	54	21	0	18	201	53	0	0	8	80	69	185	82	0	3	0	139	255	255	201	18	30	4	0	86	183	46	116	200	116	4	0	0	0	0	0	2	0	0	
0	0	2	1	0	0	1	0	0	1	0	7	44	66	13	0	2	0	70	229	251	255	161	0	0	54	250	245	124	20	184	47	0	150	207	13	0	16	192	35	0	119	199	82	121	240	138	0	0	5	140	175	152	111	15	0	0	1	0	0	0	0	1	0	
0	0	1	0	2	1	0	0	0	0	16	29	1	0	0	0	0	7	154	104	108	22	0	1	0	8	178	14	22	129	9	0	1	0	49	10	14	114	0	0	0	0	3	0	78	66	0	2	0	0	1	4	122	12	0	0	0	1	0	15	134	11	0	1	
0	0	1	0	0	1	0	0	0	0	162	130	27	0	0	0	2	0	132	228	246	79	0	3	0	1	3	0	132	131	0	4	0	0	5	61	214	208	146	28	0	111	247	255	223	158	119	3	0	74	165	86	12	0	1	0	0	0	0	0	1	4	3	0	
0	0	1	0	2	11	7	0	1	0	9	128	161	164	74	0	3	0	137	85	0	5	0	0	3	0	134	165	128	7	0	1	0	6	9	0	115	128	0	2	0	31	157	11	14	186	16	0	2	0	73	163	183	107	0	1	0	0	0	6	6	0	0	0	
0	0	3	1	0	0	0	0	0	0	1	0	50	151	138	49	0	2	146	43	172	186	87	23	0	20	224	43	0	1	0	0	0	0	113	201	128	37	0	2	1	0	40	74	231	142	0	4	3	0	170	232	118	15	0	1	1	0	17	22	0	1	0	0	
0	0	0	0	0	0	0	0	1	0	35	120	92	3	0	0	1	0	36	47	130	42	0	2	1	0	26	136	173	20	0	1	1	0	35	74	35	101	0	0	0	0	0	0	10	133	6	0	0	1	91	106	121	53	0	2	0	0	38	50	10	0	1	0	
0	0	3	0	72	30	0	1	0	3	0	60	233	38	0	3	1	0	23	214	71	0	18	0	1	0	179	203	141	186	216	30	0	57	255	212	83	121	253	66	0	56	255	221	166	136	45	0	0	0	53	61	25	4	0	0	0	0	0	0	0	4	3	0	
0	0	0	2	0	0	0	0	0	1	0	7	110	59	14	0	0	0	0	145	159	233	57	0	1	0	7	172	138	70	0	2	0	4	0	161	177	0	4	0	2	0	51	116	125	36	0	1	3	0	86	170	147	37	0	2	0	0	4	58	27	0	1	0	
0	0	1	2	0	0	0	0	0	0	1	0	72	55	0	2	1	0	6	112	120	102	0	2	2	0	121	102	48	145	0	2	0	2	158	92	97	108	0	4	0	0	4	0	129	63	0	2	0	1	0	17	148	4	0	0	0	0	0	7	23	0	1	0	
1	0	39	25	0	1	0	0	4	0	129	92	0	6	0	0	3	0	159	69	0	2	0	0	3	0	170	70	28	87	2	0	4	0	110	222	228	253	52	0	1	0	17	214	255	232	40	0	0	1	0	16	60	38	0	0	0	0	1	1	0	0	0	0	
0	0	0	2	2	0	0	0	0	10	78	166	130	21	0	1	0	85	139	0	119	124	0	4	0	0	72	164	239	185	22	0	0	2	180	149	43	219	119	0	0	2	0	96	229	228	24	0	0	1	0	163	165	22	0	1	0	0	0	0	0	1	1	0	
0	0	1	0	0	1	0	0	0	0	0	14	68	25	0	1	3	0	89	223	223	136	0	4	1	0	43	23	68	125	0	3	0	1	0	18	211	48	0	2	0	1	0	165	156	54	0	1	1	0	145	131	0	2	0	0	0	23	100	3	3	2	0	0	
0	0	0	4	78	8	0	0	0	3	0	71	225	9	0	1	1	0	6	225	118	0	4	0	3	0	114	182	18	44	0	0	0	6	214	139	213	255	83	0	0	0	198	255	252	254	71	0	1	0	34	77	70	30	0	0	0	0	0	0	0	0	0	0	
0	0	0	0	0	1	0	0	0	2	0	109	171	8	0	1	1	0	14	225	212	123	0	3	3	0	86	225	19	173	21	0	4	0	170	169	0	189	65	0	4	0	150	177	151	216	10	0	2	0	37	193	165	28	0	1	0	0	0	0	0	1	1	0	
0	0	0	0	2	1	0	0	0	111	131	71	0	1	1	0	0	112	112	167	92	13	5	0	2	0	70	204	239	178	95	0	3	0	114	149	23	84	187	0	0	0	1	20	128	236	77	0	2	0	24	231	185	32	0	1	0	0	4	27	0	0	2	0	
0	0	1	0	0	2	0	0	0	0	3	45	2	0	0	0	3	0	68	137	0	63	8	0	4	0	129	86	80	138	0	2	2	0	42	124	203	95	1	0	0	1	0	29	113	0	2	0	0	2	0	77	81	0	3	0	0	1	0	31	27	0	1	0	
1	0	57	38	0	3	0	0	0	5	216	83	0	3	1	0	0	86	184	0	4	17	4	0	0	126	87	1	173	249	150	0	0	92	120	188	205	117	209	30	0	15	189	254	188	146	76	0	0	0	3	28	22	0	0	0	0	1	1	0	0	2	3	0	
0	0	1	2	2	0	1	0	1	0	30	154	133	151	4	0	4	0	153	122	0	142	111	0	0	22	199	18	0	26	161	0	0	77	171	0	0	29	176	1	0	72	205	44	63	199	116	0	0	0	130	208	181	88	0	1	0	0	0	0	0	0	2	0	
0	0	3	1	0	0	2	0	0	3	0	62	153	66	0	1	2	0	97	185	118	197	106	0	0	80	179	11	0	38	174	0	1	173	25	0	0	124	105	0	0	148	91	0	46	196	11	0	0	20	158	161	189	68	0	2	0	0	1	37	15	0	1	0	
0	0	1	2	0	0	0	0	0	0	0	0	15	34	37	11	1	0	7	129	155	113	74	17	4	0	102	128	0	2	0	0	1	0	32	104	76	28	0	2	0	16	36	54	159	62	0	3	0	9	95	112	44	0	1	0	0	0	0	0	0	1	0	0	
0	0	0	0	1	0	0	0	0	0	3	0	112	84	0	3	0	0	0	0	206	79	0	3	0	2	0	51	218	9	0	1	0	4	0	120	187	0	2	0	0	3	0	181	100	0	3	0	0	0	0	152	39	0	1	0	0	0	0	0	1	0	0	0	
0	0	0	0	0	2	0	0	0	0	4	26	0	0	0	0	1	0	21	121	8	87	0	1	2	0	50	79	46	160	0	3	3	0	66	147	141	74	0	3	0	0	3	10	88	45	0	2	0	0	1	0	109	17	0	1	0	0	0	10	48	0	1	0	
0	0	0	11	50	11	0	1	0	3	0	132	255	159	0	1	0	1	0	23	23	207	47	0	0	0	2	0	46	230	32	0	0	22	40	100	221	102	0	2	0	134	255	249	247	85	0	3	0	10	34	27	115	95	0	2	0	0	0	0	0	0	0	0	
0	0	0	0	0	0	0	0	0	0	0	0	110	14	0	1	0	1	0	16	153	2	0	0	0	2	0	52	136	0	3	0	0	3	0	74	119	0	3	0	0	3	0	95	130	0	4	0	0	3	0	80	66	0	2	0	0	0	0	0	0	0	0	0	
0	0	0	0	0	0	1	0	2	0	37	158	156	56	0	2	2	0	50	150	208	247	28	0	1	4	0	120	253	199	21	0	0	1	0	31	123	169	0	1	39	50	4	22	149	198	0	0	49	197	191	194	162	24	0	1	0	11	30	4	0	1	0	0	
0	0	9	52	37	0	1	0	0	10	122	82	118	37	0	2	0	10	25	0	59	93	0	3	0	0	5	0	87	75	0	3	0	1	0	15	150	11	0	1	0	4	99	167	138	106	75	13	0	25	145	51	0	11	36	10	0	0	0	0	2	0	0	0	
0	0	2	1	0	0	0	0	0	1	1	4	0	80	86	0	1	0	44	17	0	168	116	0	0	33	226	79	17	209	37	0	0	90	206	193	243	166	0	3	0	1	0	120	234	27	0	2	2	0	60	181	37	0	2	0	0	0	0	0	1	1	0	0	
0	0	0	0	2	0	0	0	1	0	46	21	0	1	0	0	1	0	126	11	47	6	0	0	2	0	106	111	190	48	0	2	1	0	14	78	152	21	0	1	0	0	4	0	96	60	0	2	0	0	2	0	46	92	0	3	0	0	0	0	3	21	0	0	
0	0	0	0	0	0	0	0	0	0	0	106	70	124	134	0	1	0	4	211	169	103	42	0	1	0	31	230	159	16	0	1	0	0	0	10	102	175	8	0	0	119	118	39	39	207	38	0	0	35	141	175	188	97	0	1	0	0	0	0	0	0	0	0	
0	0	0	0	2	2	0	0	7	16	6	1	0	0	0	0	13	86	118	115	127	43	0	2	0	0	3	0	83	115	0	4	1	1	3	0	78	79	0	3	0	0	3	0	118	50	0	2	0	0	2	0	120	21	0	1	0	0	1	0	79	9	0	0	
0	0	2	0	16	35	0	1	0	2	0	33	225	135	0	4	2	0	37	241	147	0	1	0	0	0	205	137	0	2	0	0	0	33	234	115	183	156	3	0	2	0	161	255	255	249	32	0	1	0	21	125	110	83	3	0	0	0	1	0	0	0	0	0	
0	0	0	0	0	0	0	0	0	6	28	32	32	9	0	0	0	34	148	147	169	145	0	3	0	0	3	0	104	111	0	3	0	1	0	11	174	18	0	1	0	3	0	94	125	0	3	0	0	2	0	173	54	0	2	0	0	0	1	118	22	0	1	0	
0	1	0	0	3	4	1	0	0	0	3	10	0	0	0	0	0	62	236	253	182	134	29	0	0	30	108	113	171	255	86	0	0	0	4	0	127	223	4	0	0	3	0	43	251	68	0	3	0	3	0	179	172	0	3	0	0	2	0	136	107	0	3	0	
0	0	0	1	0	0	0	0	0	2	0	47	84	0	2	0	0	4	0	120	224	0	0	0	1	0	0	213	222	0	0	0	1	0	9	128	198	1	0	0	0	1	0	29	202	4	0	1	0	3	0	72	222	5	0	1	0	0	0	9	27	0	0	0	
0	0	0	0	0	0	0	0	0	0	2	71	158	139	40	0	2	0	54	238	107	210	147	0	0	2	0	139	164	210	60	0	2	0	69	209	243	119	0	3	0	30	201	40	61	126	0	4	0	41	163	131	196	71	0	3	1	0	26	66	25	0	1	0	
0	0	0	0	0	0	0	0	0	2	0	59	93	0	3	0	0	2	0	53	139	0	3	0	0	2	0	55	118	0	3	0	0	3	0	74	118	0	3	0	0	2	0	70	126	0	3	0	0	2	0	53	111	0	2	0	0	0	0	0	0	0	0	0	
0	1	3	0	0	2	0	0	0	0	0	16	23	1	0	0	0	6	124	179	188	144	2	0	0	44	229	62	38	217	46	0	1	0	103	201	219	221	11	0	0	0	3	0	121	155	0	4	0	2	0	38	212	38	0	2	0	3	0	99	117	0	3	0	
0	0	0	0	0	0	0	0	0	3	0	120	75	0	2	0	0	4	0	138	134	0	4	0	0	2	0	70	146	0	3	0	0	1	0	42	122	0	3	0	0	3	0	67	200	0	0	1	0	2	0	45	145	0	0	0	0	0	0	0	0	0	0	0	
0	0	2	1	0	0	0	0	0	3	0	37	197	104	0	0	2	0	46	229	190	218	84	0	0	32	238	114	0	82	148	0	0	171	114	0	0	132	121	0	0	166	152	51	108	219	37	0	0	17	150	198	171	47	0	2	0	0	0	0	0	0	1	0	
0	0	0	0	1	4	0	0	0	0	1	0	14	183	73	0	0	0	3	4	0	163	105	0	0	2	2	0	112	248	34	0	2	0	43	216	202	94	21	0	0	72	255	176	4	0	1	0	0	144	137	0	2	4	1	0	0	0	0	2	1	0	0	0	
0	0	0	0	0	0	0	0	0	1	0	13	176	25	0	1	0	2	0	49	247	33	0	2	0	4	0	130	227	0	0	1	0	3	0	185	158	0	4	0	2	0	24	249	77	0	3	0	1	0	23	179	22	0	1	0	0	0	0	0	1	0	0	0	
0	0	0	0	0	1	0	0	1	0	24	55	50	4	0	0	2	0	158	185	164	121	0	2	0	2	15	0	42	144	0	3	0	1	0	44	212	133	88	10	0	72	166	196	160	81	28	0	0	35	48	4	0	0	0	0	0	0	0	0	4	3	1	0	
0	0	8	38	7	0	0	0	0	67	236	255	205	19	0	1	0	57	144	78	209	126	0	4	0	0	4	0	118	153	0	4	0	15	115	159	247	208	58	0	0	135	255	247	195	207	251	41	0	67	131	38	0	0	98	26	0	0	0	0	2	1	0	0	
0	0	0	0	0	0	0	0	0	3	0	73	105	0	3	0	0	2	0	53	132	0	3	0	0	2	0	48	145	0	3	0	0	2	0	52	117	0	3	0	0	3	0	86	159	0	3	0	0	2	0	66	121	0	3	0	0	0	0	0	0	0	0	0	
0	0	0	0	0	0	0	0	1	0	19	113	154	81	0	1	3	0	59	217	200	239	18	0	2	0	77	148	184	199	6	0	3	0	93	223	251	64	0	3	0	56	67	25	193	96	0	4	0	108	232	246	210	29	0	2	0	0	6	42	10	0	0	0	
0	0	1	1	0	2	0	0	0	2	0	70	70	0	2	0	1	0	14	175	26	113	32	0	3	0	150	166	100	175	0	1	0	65	243	123	199	217	34	0	0	33	25	26	177	24	9	0	0	3	0	111	138	0	3	0	0	2	0	14	12	0	1	0	
0	0	1	0	0	1	0	0	1	0	26	27	0	34	28	0	4	0	116	98	0	175	77	0	0	27	241	166	56	189	15	0	0	53	178	195	255	147	0	3	0	0	1	0	205	87	0	3	0	3	0	67	188	4	0	1	0	2	0	71	50	0	1	0	
0	0	0	0	0	0	0	0	0	0	5	89	4	0	0	0	0	1	0	158	33	0	1	0	0	4	0	117	87	0	3	0	0	2	0	68	118	0	3	0	0	2	0	47	142	0	3	0	0	1	0	39	152	0	1	0	0	0	0	2	18	0	0	0	
0	0	0	2	0	0	0	0	0	1	0	14	85	55	56	0	0	3	0	132	214	217	141	0	1	0	5	230	114	0	4	0	0	34	19	66	211	11	0	1	0	121	210	199	221	23	0	1	1	0	12	96	74	0	1	0	0	1	0	0	0	0	0	0	
0	0	0	1	1	0	0	0	0	1	0	35	77	0	2	0	0	3	0	87	83	0	4	0	1	0	29	108	115	9	0	0	3	0	89	173	189	116	65	0	0	3	0	95	103	30	34	0	0	2	0	75	23	0	1	0	0	0	0	2	1	2	1	0	
0	0	0	0	8	27	0	0	0	0	3	0	102	133	0	4	0	1	0	27	211	38	0	2	0	3	0	150	89	0	3	0	1	0	13	217	190	31	0	2	2	0	28	248	240	30	0	2	0	0	0	102	32	0	1	0	0	0	0	0	1	1	0	0	
0	0	1	1	0	1	1	0	0	1	0	41	119	20	0	1	2	0	44	185	120	147	22	0	4	0	101	169	113	186	54	0	0	0	0	171	98	93	75	0	2	0	83	99	16	111	3	0	3	0	133	129	97	10	0	1	1	0	18	50	1	1	1	0	
0	0	1	0	0	0	0	0	0	0	0	6	17	11	0	0	3	0	93	255	245	235	46	0	2	0	66	114	124	230	19	0	0	1	0	3	201	96	0	3	0	2	0	157	173	0	3	0	3	0	105	202	6	0	1	0	0	0	155	52	0	2	0	0	
0	0	0	0	2	0	1	0	1	0	16	167	157	62	0	2	1	0	27	108	9	169	54	0	0	1	0	10	0	130	86	0	2	0	86	144	138	226	36	0	0	69	167	69	160	48	7	0	0	89	165	112	32	0	1	0	0	0	10	2	1	2	0	0	
0	0	0	0	0	0	0	0	0	2	0	95	221	202	70	0	0	3	0	191	114	75	187	0	0	3	0	129	186	124	90	0	0	19	166	188	249	164	0	1	0	109	186	133	221	33	0	2	0	71	207	185	67	0	2	0	0	0	1	0	0	1	0	0	
0	0	0	0	0	0	0	0	2	0	40	198	164	15	0	1	0	0	207	125	200	123	0	4	1	0	100	22	100	154	0	4	3	0	58	205	233	118	0	4	1	0	195	113	203	241	57	0	2	0	94	208	136	50	40	0	0	0	0	2	0	0	0	0	
0	0	3	1	0	2	0	0	0	0	0	10	19	0	0	0	2	0	72	183	202	113	0	2	0	17	200	32	25	208	14	0	0	3	187	212	204	204	0	0	1	0	15	33	172	103	0	3	0	2	0	29	176	9	0	1	0	2	0	60	95	0	3	0	
0	0	0	0	0	0	0	0	0	0	11	18	37	0	1	0	2	0	88	46	94	0	2	0	0	5	105	0	116	23	0	1	0	38	121	74	140	173	18	0	0	16	79	13	24	97	0	1	0	0	1	0	20	87	0	2	0	1	3	0	9	19	0	1	
0	0	3	1	0	0	1	0	0	2	0	6	80	77	0	0	1	0	68	149	137	160	78	0	0	84	148	17	0	32	152	0	0	185	29	0	0	25	164	0	0	120	128	61	44	149	116	0	0	0	54	100	97	61	0	0	0	2	0	0	0	0	1	0	
0	0	0	0	0	0	0	0	1	0	10	105	23	0	1	0	0	3	0	90	112	0	3	0	1	0	0	148	64	0	2	0	0	0	5	87	142	10	0	1	0	0	3	0	125	46	0	2	0	0	0	58	122	1	0	0	0	0	0	43	23	0	1	0	
0	0	0	0	1	0	0	0	0	0	2	0	86	67	0	2	0	1	0	0	224	123	0	4	0	2	0	37	255	64	0	3	0	4	0	118	227	4	0	1	0	1	0	204	127	0	3	0	1	0	15	217	38	0	2	0	0	0	2	36	5	0	0	0	
0	0	0	14	6	0	0	0	2	0	44	107	103	1	0	0	2	0	36	94	90	0	2	0	2	0	69	197	74	29	0	1	0	0	1	8	43	109	46	0	0	1	30	2	0	100	71	0	1	0	95	126	128	84	0	0	0	0	1	9	3	0	1	0	
0	0	0	0	0	1	0	0	2	0	47	161	147	44	0	2	0	1	13	36	86	192	2	0	0	0	2	0	61	233	18	0	0	50	117	151	244	78	0	3	26	222	218	152	188	138	15	0	2	16	1	0	4	114	68	0	0	0	1	4	2	0	0	0	
0	0	2	0	0	2	0	0	0	1	0	51	63	0	0	0	3	0	97	181	161	107	0	2	0	20	150	0	31	194	7	0	0	13	162	101	183	172	0	0	1	0	43	103	105	109	0	4	0	0	2	0	45	149	0	2	0	0	2	2	9	58	0	1	
0	0	1	0	0	1	1	0	0	0	0	7	38	17	0	1	4	0	105	237	248	228	26	0	1	0	33	209	255	202	30	0	22	22	0	2	133	159	0	1	86	191	141	138	183	230	11	0	0	38	105	152	143	41	0	1	0	0	0	0	0	0	0	0	
0	0	1	1	1	1	0	0	0	1	0	43	54	0	2	0	1	0	8	133	128	29	0	1	3	0	68	201	185	19	0	1	1	0	15	133	192	10	0	1	0	1	0	13	155	4	0	0	0	0	0	9	156	21	0	1	0	0	1	0	26	14	0	1	
0	0	3	3	0	1	0	0	0	2	0	1	0	19	79	0	2	0	64	87	0	116	188	0	0	99	251	69	0	214	84	0	0	126	166	144	146	194	0	1	0	1	0	50	245	102	0	3	0	4	0	22	100	3	0	0	0	0	0	1	0	1	0	0	
0	0	1	1	0	1	0	0	0	2	0	70	136	22	0	1	1	0	12	200	206	189	12	0	4	0	110	131	0	166	38	0	3	0	160	76	17	166	0	0	4	0	149	82	134	127	0	4	3	0	60	225	176	5	0	1	0	0	0	42	16	0	1	0	
0	1	2	0	0	0	2	0	1	0	19	107	110	175	156	2	0	0	186	175	80	70	19	0	0	9	188	112	13	0	1	0	0	7	2	85	169	108	0	2	0	60	80	0	57	215	11	0	0	3	109	163	206	130	0	1	0	0	0	4	3	0	0	0	
0	0	0	0	0	1	0	0	0	17	69	85	52	0	1	0	0	75	179	153	234	53	0	3	0	0	4	0	147	119	0	4	2	0	76	172	209	188	119	13	2	0	44	121	185	67	65	4	0	3	0	114	77	0	3	0	0	1	0	53	12	1	3	0	
0	0	2	0	20	29	0	1	0	1	0	17	218	135	0	3	1	0	0	197	193	4	0	1	3	0	111	221	6	0	1	0	3	0	190	236	175	95	0	1	2	0	101	250	211	242	53	0	0	2	0	67	153	131	25	0	0	0	3	1	0	0	0	0	
0	1	0	25	13	0	0	0	0	3	0	143	63	0	2	0	0	2	0	176	61	0	2	0	1	0	9	207	163	37	0	2	2	0	33	202	75	119	0	3	0	2	0	150	128	141	0	3	0	1	0	35	128	42	0	2	0	0	0	1	0	0	0	0	
0	0	0	7	81	4	0	0	0	3	0	79	155	0	2	0	1	0	5	166	26	0	2	0	3	0	72	136	0	3	0	0	4	0	119	65	39	114	15	0	3	0	93	202	250	216	21	0	0	0	2	72	51	5	0	0	0	0	1	0	0	1	1	0	
0	0	0	0	0	2	3	1	0	0	9	19	9	0	0	0	1	0	42	161	175	177	141	71	0	0	0	153	154	74	36	20	3	0	72	193	53	0	2	0	0	10	85	81	82	0	4	1	0	33	102	104	60	0	2	0	0	0	126	103	0	1	0	0	
0	0	1	0	0	0	0	0	0	0	5	74	103	115	9	0	0	10	195	151	181	246	21	0	0	0	202	124	156	96	0	3	1	0	16	197	251	34	0	2	0	2	0	138	182	169	0	3	1	0	21	222	173	56	0	2	0	0	0	42	18	0	1	0	
0	0	1	0	0	2	0	0	0	40	69	0	3	0	0	0	0	38	174	0	16	46	0	1	0	0	166	33	35	130	0	2	4	0	108	206	170	220	16	0	1	0	24	53	0	158	94	0	0	0	1	2	0	48	114	0	0	0	1	2	1	1	0	0	
0	0	0	0	21	3	0	0	0	2	0	53	250	95	0	3	0	1	0	27	111	179	0	3	0	2	3	0	89	121	0	4	1	0	63	162	239	185	14	0	0	123	253	221	54	157	163	0	0	106	101	8	0	9	52	0	0	0	0	1	3	3	0	0	
0	0	4	3	0	0	0	0	0	7	148	155	83	0	1	0	0	2	11	99	183	5	0	0	2	0	31	216	134	4	0	1	0	1	1	5	85	142	19	0	0	0	0	7	25	172	70	0	0	16	117	136	144	75	0	0	0	2	14	4	0	0	0	0	
0	0	0	0	0	0	0	0	0	2	0	59	210	81	0	3	0	2	0	66	254	99	0	3	3	0	56	238	248	69	0	3	1	0	15	36	49	207	14	0	0	14	127	59	90	182	3	0	1	0	116	205	184	42	0	2	0	0	0	0	0	1	0	0	
