500	64	10
0	0	0	0	0	0	0	1	0	18	70	63	87	66	65	3	0	61	147	69	18	0	65	69	0	74	107	0	2	0	26	82	0	62	86	0	8	0	72	78	0	21	126	0	0	44	124	12	2	0	76	119	99	105	14	0	0	0	0	32	36	0	1	1	
0	0	0	0	1	2	0	0	0	0	2	2	0	0	25	6	0	1	0	8	8	88	135	0	1	0	35	108	132	112	24	0	0	73	209	112	176	104	41	0	0	6	114	160	31	11	0	0	0	0	8	9	0	1	1	0	0	1	1	2	2	0	0	0	
0	0	0	0	0	1	0	0	0	2	0	101	97	0	2	0	0	3	0	160	166	11	14	0	0	2	0	50	205	160	51	0	0	1	0	134	213	49	0	2	2	0	63	137	92	97	0	3	1	0	31	158	139	25	0	1	0	1	0	28	25	0	1	0	
0	0	0	2	3	1	1	0	0	0	2	1	0	0	0	0	0	3	0	30	150	149	158	17	2	0	57	227	199	97	39	5	0	39	86	54	45	191	8	0	0	57	229	165	132	75	0	2	1	0	36	65	17	0	1	0	0	1	0	0	1	2	0	0	
0	0	0	0	0	0	0	0	0	2	0	65	69	0	3	0	0	3	0	90	88	0	3	0	0	4	0	122	109	0	3	0	0	4	0	124	132	0	4	0	0	3	0	73	183	0	2	0	0	1	0	36	149	0	0	0	0	0	0	0	0	0	0	0	
0	0	0	4	0	13	70	0	0	1	4	0	48	220	118	0	1	1	0	113	194	80	0	2	0	14	151	153	55	37	14	0	0	168	190	160	252	255	104	0	0	121	235	230	174	104	12	0	0	2	15	2	0	0	0	0	0	2	0	0	3	4	1	0	
0	0	1	2	0	1	1	0	0	1	0	6	74	40	0	1	1	0	8	146	104	179	31	0	3	0	125	84	11	192	11	0	0	41	155	0	112	106	0	3	0	38	145	95	179	9	0	1	0	0	5	81	87	0	3	0	0	2	0	31	15	0	0	0	
0	1	4	0	0	0	0	0	0	0	0	4	9	0	7	6	0	26	150	232	232	191	236	83	0	44	176	96	97	250	136	0	0	1	0	5	192	139	0	1	1	0	0	204	156	0	4	1	0	4	187	161	0	4	1	0	0	60	165	0	2	1	0	0	
0	0	0	0	0	0	0	0	0	0	121	139	163	52	0	2	0	14	165	23	27	3	0	0	0	0	180	138	140	129	8	0	3	0	105	122	0	146	99	0	0	0	13	11	41	190	39	0	2	0	46	181	179	65	0	2	0	0	0	4	2	0	1	0	
0	0	1	3	0	0	0	0	0	0	0	0	19	67	18	0	1	0	6	127	163	162	181	10	3	0	104	134	0	65	146	0	3	0	85	192	143	193	59	0	0	46	192	221	70	3	0	0	0	67	157	56	0	2	1	0	0	0	0	0	2	1	0	0	
0	0	1	1	31	3	0	0	0	1	0	105	114	0	0	0	3	0	65	155	0	1	1	0	3	0	134	58	58	47	0	1	3	0	128	151	85	124	52	0	3	0	61	184	20	124	54	0	0	1	0	66	126	52	0	1	0	0	1	1	0	0	1	0	
0	0	0	3	1	0	0	0	0	0	0	0	11	31	15	0	0	0	3	92	129	167	118	0	2	0	38	197	142	159	7	0	0	3	0	65	217	41	0	2	1	0	19	145	30	0	1	0	0	7	121	49	0	3	0	0	0	75	48	0	3	0	0	0	
0	0	0	0	0	0	0	0	0	0	0	0	72	7	0	0	0	1	0	23	160	0	0	0	0	1	0	35	152	0	1	0	0	3	0	84	153	0	4	0	0	4	0	114	101	0	3	0	0	3	0	107	66	0	2	0	0	0	0	9	7	0	0	0	
0	0	0	0	0	1	0	0	0	0	1	3	1	0	61	16	0	0	0	3	0	78	122	0	0	5	33	99	48	139	16	0	0	72	146	183	211	120	40	0	1	0	8	114	44	0	2	0	0	1	98	37	0	2	1	0	0	3	12	0	2	0	0	0	
0	0	0	2	0	0	0	0	0	0	1	3	48	4	0	0	0	2	0	69	185	28	0	1	2	0	87	114	108	30	0	1	2	0	69	128	149	0	0	0	0	1	0	31	97	0	2	0	0	2	0	66	109	0	3	0	0	1	0	27	44	0	1	0	
0	0	0	1	4	2	1	0	0	0	1	1	0	1	0	0	0	2	0	27	126	166	146	0	2	0	51	200	102	129	130	0	0	17	150	182	147	143	8	0	0	159	178	101	155	106	13	0	0	47	28	2	0	0	0	0	0	0	0	2	4	3	1	0	
0	0	0	0	0	2	0	0	0	16	23	16	10	0	0	0	0	99	211	172	184	95	0	2	0	3	13	2	34	202	11	0	0	0	3	0	105	170	0	2	0	2	0	32	221	39	0	2	0	1	0	185	115	0	3	0	0	0	1	139	29	0	1	0	
0	0	0	0	3	0	19	17	0	0	1	4	0	50	188	38	0	1	3	0	98	186	43	0	1	0	12	142	135	10	0	2	0	10	148	82	9	1	3	0	0	77	150	151	251	44	0	2	0	5	109	144	85	12	0	1	0	0	0	0	0	0	0	0	
0	0	0	0	0	2	0	0	3	0	84	205	65	0	2	0	0	0	188	176	240	113	0	2	0	29	189	0	49	244	84	0	0	37	184	1	0	102	170	0	1	0	188	200	136	241	117	0	1	0	22	144	194	95	1	0	0	0	1	0	0	0	1	0	
0	0	0	0	1	2	0	0	0	0	0	2	0	14	127	30	0	0	2	2	1	187	219	11	0	2	0	5	202	187	0	0	1	0	13	182	187	14	0	2	0	0	187	187	0	2	1	0	0	132	209	4	0	2	0	0	0	30	15	0	1	0	0	0	
0	0	1	1	0	0	0	0	1	0	18	22	0	21	15	0	3	0	125	227	188	194	182	18	0	9	203	187	47	1	18	3	1	0	23	123	117	0	0	0	0	71	73	0	123	105	0	4	0	29	126	117	181	70	0	3	1	0	15	105	43	0	1	0	
0	0	0	0	1	1	1	0	0	0	0	3	0	112	91	0	0	0	3	0	26	226	58	0	0	2	2	0	200	134	0	4	1	0	14	207	176	0	1	0	0	22	217	176	6	0	1	0	0	113	149	0	2	1	0	0	0	1	0	3	1	0	0	0	
0	0	0	1	0	0	0	0	0	1	0	20	58	32	25	0	0	1	0	178	255	234	78	0	0	1	0	198	226	38	0	2	2	0	29	217	183	0	2	0	4	0	108	255	147	0	2	0	4	0	163	201	7	0	1	0	1	0	51	26	0	1	0	0	
0	0	1	4	4	4	0	0	0	0	0	0	0	0	3	0	1	0	19	129	128	140	148	0	2	0	140	144	164	255	59	0	0	2	0	89	178	36	0	2	0	1	149	169	15	0	3	0	0	141	146	0	2	3	0	0	0	25	6	1	2	0	0	0	
0	0	0	4	24	0	0	0	0	1	0	33	177	0	0	0	0	4	0	111	226	0	0	0	0	1	0	198	176	0	3	0	2	0	35	253	154	11	0	1	3	0	56	255	255	50	0	3	1	0	17	145	95	0	1	0	0	0	0	0	0	0	0	0	
0	0	1	3	0	0	0	0	0	0	1	0	23	87	102	10	1	0	5	120	149	91	85	12	3	0	101	116	0	34	112	0	3	0	72	169	121	177	37	0	0	84	255	197	69	9	0	1	0	57	99	9	0	2	1	0	0	0	0	1	3	0	0	0	
0	0	0	0	17	3	0	0	0	1	0	17	145	4	0	0	0	3	0	97	84	0	3	0	0	2	0	173	168	17	0	1	1	0	19	129	108	129	0	4	1	0	23	108	133	62	0	2	0	1	0	103	101	0	1	0	0	0	0	0	0	1	0	0	
0	0	0	0	3	4	3	0	0	0	0	1	0	0	0	0	0	2	3	0	63	102	107	19	0	0	0	127	226	101	34	8	0	37	65	44	110	89	0	2	0	98	225	150	64	5	2	0	0	2	20	5	0	0	0	0	0	0	0	1	3	0	0	0	
0	0	1	0	0	2	1	0	0	1	0	139	174	13	0	1	3	0	93	180	115	178	0	0	4	0	176	121	0	164	46	0	3	0	177	84	0	135	50	0	3	0	116	218	64	196	36	0	0	0	0	73	193	155	0	0	0	0	1	0	0	0	0	0	
0	0	0	0	0	0	0	0	0	0	1	1	6	39	10	0	0	2	1	0	111	255	94	0	1	0	11	62	137	123	14	0	28	52	15	100	193	72	0	3	2	95	116	92	103	14	0	0	0	0	39	42	2	0	0	0	0	2	0	0	2	1	0	0	
0	0	1	1	0	0	0	0	0	2	0	57	135	37	0	2	1	0	21	129	94	166	0	3	3	0	79	111	0	136	13	0	3	0	83	79	0	125	16	0	3	0	92	87	0	131	0	0	2	0	40	153	135	90	0	3	0	1	0	24	58	4	0	0	
0	0	0	2	4	4	2	0	0	0	1	0	0	0	0	0	0	1	0	49	105	86	145	15	3	0	78	181	172	251	90	0	0	2	5	30	169	54	0	2	1	0	25	188	65	0	5	0	0	25	177	56	0	4	0	0	0	54	60	0	4	0	0	0	
0	0	0	1	1	1	0	0	0	1	0	36	66	10	44	0	1	0	6	155	114	164	136	1	1	0	12	220	205	29	0	1	3	0	115	127	153	19	0	1	1	0	139	60	159	0	0	0	3	0	103	206	50	0	2	0	0	0	10	36	0	1	0	0	
0	0	0	2	2	0	0	0	0	0	2	1	0	86	68	0	0	3	0	11	175	255	189	0	2	0	54	240	167	48	192	1	0	49	226	88	0	165	129	0	0	183	211	129	214	152	2	0	0	58	141	126	55	0	2	0	0	0	0	0	0	3	1	0	
0	0	0	0	1	0	0	0	0	2	0	81	45	0	2	0	0	3	0	110	51	0	2	0	0	3	0	125	42	0	1	0	0	3	0	108	81	0	3	0	0	2	0	71	134	0	2	0	0	0	0	1	145	37	0	2	0	0	0	1	1	0	0	0	
0	5	13	19	11	6	7	1	0	19	50	68	97	70	32	4	0	1	0	139	248	245	107	0	2	0	129	221	134	122	186	10	0	71	211	12	0	55	176	0	0	104	184	20	88	222	87	0	0	30	200	189	145	59	0	1	0	1	0	0	0	0	2	0	
0	0	3	1	0	0	0	0	0	1	0	76	140	105	20	0	2	0	71	202	56	38	12	0	0	1	184	62	0	1	0	0	2	0	92	186	135	36	0	1	0	0	0	36	101	185	13	0	0	0	2	0	86	168	9	0	0	0	0	2	48	18	0	1	
0	2	1	0	0	0	0	0	1	0	32	95	120	158	88	0	0	42	231	255	210	171	179	0	0	45	90	22	0	87	98	0	0	17	59	10	96	116	0	0	0	115	205	209	58	38	61	0	1	95	84	190	123	115	28	0	1	20	0	35	44	0	0	0	
0	0	0	0	0	0	0	0	0	2	0	55	73	0	2	0	0	3	0	77	117	0	3	0	0	3	0	75	138	0	4	0	0	3	0	75	141	0	4	0	0	3	0	79	151	0	4	0	0	2	0	45	135	0	1	0	0	0	0	0	0	0	0	0	
0	0	0	3	0	21	26	0	0	6	5	0	84	228	90	0	0	4	0	91	142	15	0	0	1	0	119	136	0	85	26	0	0	53	199	48	213	255	44	0	3	0	167	255	166	39	0	1	2	0	83	62	0	2	1	0	0	0	0	0	3	2	0	0	
0	0	0	0	0	0	0	0	0	0	0	14	28	8	0	0	1	0	16	135	173	90	0	3	0	0	7	8	143	38	0	1	0	1	0	18	138	0	0	0	0	2	0	46	106	0	3	0	0	3	0	86	103	0	3	0	0	2	0	61	79	0	2	0	
0	0	0	3	4	1	0	0	0	1	2	0	0	0	2	0	0	0	1	63	126	196	215	23	0	8	190	198	120	230	93	0	0	76	227	180	198	41	0	2	1	0	26	141	30	0	4	0	0	16	161	39	0	4	0	0	0	83	84	0	4	0	0	0	
0	0	0	2	0	0	0	0	0	0	1	0	8	34	0	0	0	2	0	88	80	114	0	2	2	0	68	132	82	90	0	3	2	0	130	134	182	129	13	0	0	2	0	41	109	0	4	0	0	3	0	92	67	0	2	0	0	1	0	37	25	0	1	0	
0	0	1	2	0	0	0	0	0	0	1	0	42	100	65	0	1	0	8	150	179	212	158	0	3	0	101	128	0	69	96	0	4	0	122	65	60	162	24	0	0	46	200	182	115	23	0	1	0	150	175	11	0	2	1	0	0	1	1	0	3	1	0	0	
0	1	3	0	1	1	0	0	0	0	0	24	11	0	1	0	0	17	126	144	170	28	0	1	0	77	230	11	77	176	47	0	2	0	88	174	172	215	17	0	0	0	2	0	115	167	0	3	0	0	6	0	89	175	0	3	0	0	1	0	39	91	0	2	
0	0	0	3	1	0	0	0	0	0	2	0	9	45	31	0	0	1	0	89	156	221	192	2	2	0	118	140	0	110	112	0	2	0	90	133	110	131	14	0	0	20	113	219	129	0	2	0	0	79	161	65	1	2	1	0	0	0	0	0	2	0	0	0	
0	0	1	0	1	0	0	0	1	0	32	44	0	91	5	0	4	0	152	89	54	163	0	3	0	0	223	127	152	130	0	4	0	0	111	176	243	73	0	3	0	0	1	0	187	50	0	2	0	0	5	0	185	80	0	3	0	0	1	0	26	18	0	1	
0	0	2	4	0	0	2	0	0	0	1	0	7	9	0	0	1	0	26	146	167	227	102	0	0	23	213	155	138	249	87	0	0	22	118	92	228	51	0	2	0	2	0	122	118	0	4	0	3	0	93	164	0	4	0	0	2	0	104	40	0	2	0	0	
0	0	1	3	0	0	0	0	0	2	0	35	122	138	40	0	1	0	13	182	255	253	68	0	4	0	86	255	128	11	1	0	3	0	77	255	55	0	4	0	4	0	95	232	197	91	0	2	2	0	31	188	239	133	0	3	0	0	0	13	29	0	1	0	
0	0	0	2	3	0	0	0	0	1	2	0	0	1	9	3	0	0	0	57	162	212	226	26	0	31	137	131	112	241	108	0	0	111	172	85	201	88	0	2	0	5	15	157	108	0	5	0	2	0	111	108	0	4	0	0	0	16	118	5	0	1	0	0	
0	0	13	46	0	3	0	0	2	0	46	125	0	3	1	0	4	0	114	103	35	56	0	0	3	0	145	197	177	179	88	0	4	0	170	192	0	82	159	0	3	0	90	171	113	170	62	0	0	0	0	58	85	16	0	1	0	0	1	0	0	2	2	0	
0	0	0	2	4	4	1	0	0	0	3	0	0	0	8	1	0	2	0	52	90	120	181	6	0	1	141	188	184	243	64	0	0	9	60	34	172	45	0	2	1	0	18	175	58	0	4	0	0	16	166	55	0	3	0	0	0	81	96	0	5	0	0	0	
0	0	0	0	0	0	0	0	1	0	53	14	16	27	0	1	3	0	118	30	30	56	0	2	2	0	108	6	33	72	0	2	3	0	96	94	97	146	6	0	0	0	10	37	29	97	0	1	0	0	1	0	3	89	1	0	0	0	1	2	0	14	1	0	
0	0	0	2	4	2	0	0	0	0	1	0	0	3	9	0	0	0	5	56	94	195	125	0	0	2	155	162	142	219	23	0	0	4	20	7	157	50	0	2	0	1	0	162	98	0	4	0	3	0	108	134	0	4	0	0	0	4	143	25	0	1	0	0	
0	0	3	2	0	0	0	0	0	0	0	3	19	1	0	0	0	0	90	139	187	52	0	2	0	0	48	15	129	40	0	2	0	1	0	25	135	0	1	0	0	3	0	82	95	0	3	0	0	3	0	127	42	0	1	0	0	1	0	93	18	0	1	0	
0	0	0	3	3	2	0	0	0	0	0	0	0	0	1	0	0	1	5	91	126	47	0	2	1	0	11	65	94	76	32	24	0	49	116	77	140	82	51	2	0	50	96	52	16	3	0	0	0	0	0	0	0	0	2	0	0	2	3	2	1	0	0	0	
0	0	0	1	0	0	0	0	0	3	0	87	187	11	0	1	0	1	0	16	237	100	0	4	0	3	0	147	252	32	0	2	0	2	0	54	254	98	0	4	1	0	19	137	239	57	0	3	3	0	99	194	32	0	1	0	0	0	0	0	1	1	0	0	
0	0	0	0	1	0	0	0	0	0	1	0	10	175	70	0	0	0	5	0	119	238	14	0	0	2	0	68	238	62	0	3	2	0	23	228	115	0	3	0	0	0	195	181	0	4	0	0	0	9	192	70	0	3	0	0	0	0	0	0	0	0	0	0	
0	0	1	0	0	0	0	0	0	0	3	55	83	145	50	0	3	0	60	205	136	65	28	0	4	0	135	193	33	0	1	0	1	0	22	76	182	70	0	3	0	0	2	0	65	170	0	3	2	0	49	155	162	85	0	2	0	0	6	61	38	0	1	0	
0	0	0	0	1	0	0	0	0	0	0	2	0	87	46	0	0	0	2	0	29	227	44	0	0	1	1	0	195	125	0	3	0	3	0	149	168	0	2	0	3	0	84	216	14	0	1	0	1	0	180	61	0	3	0	0	0	2	27	2	1	0	0	0	
0	0	0	39	16	0	1	0	2	0	44	143	150	48	0	2	0	0	9	0	105	133	0	4	2	0	42	197	228	22	0	1	0	0	9	29	103	149	2	0	0	18	119	72	87	204	16	0	0	0	64	141	125	42	0	1	0	0	0	0	0	0	0	0	
0	0	0	2	2	0	0	0	0	0	2	1	1	59	39	0	0	2	0	18	195	236	177	0	2	0	40	230	122	18	177	3	0	26	234	127	0	161	88	0	0	164	112	74	173	89	0	2	0	133	156	113	25	0	3	0	0	1	4	0	1	3	0	0	
0	0	2	1	0	1	0	0	0	2	0	20	77	36	0	1	2	0	71	170	110	154	7	0	0	47	145	7	0	194	31	0	0	139	139	67	174	154	0	2	0	20	95	74	155	46	0	2	0	0	0	0	150	21	0	1	0	1	2	9	53	0	0	0	
0	0	0	1	3	0	0	0	0	0	1	1	0	6	12	6	0	1	0	30	112	155	152	8	2	0	55	139	37	121	74	0	3	0	81	121	97	95	0	1	0	39	185	195	32	0	2	0	0	59	103	7	0	3	0	0	0	0	0	1	1	0	0	0	
0	0	1	0	1	0	0	0	1	0	10	78	15	0	1	0	2	0	108	129	143	0	1	0	2	0	132	85	210	19	0	1	1	0	33	122	166	41	0	2	0	0	4	0	119	72	0	3	0	0	5	0	128	64	0	2	0	0	1	0	57	18	0	1	
0	0	1	3	0	0	0	0	0	0	0	0	28	28	3	0	1	0	19	129	135	172	76	0	1	0	180	114	65	186	19	0	0	0	78	98	210	80	0	3	1	0	4	118	48	0	2	0	0	7	126	59	0	4	0	0	0	74	66	0	4	0	0	0	
0	0	0	0	0	0	0	0	1	0	21	110	53	0	1	0	2	0	72	63	125	2	0	0	0	3	0	102	112	0	3	0	0	2	0	65	136	11	0	1	0	0	3	0	77	111	0	4	0	1	0	2	146	71	0	3	0	1	0	15	47	0	0	0	
0	0	0	1	0	0	1	0	0	0	1	0	28	92	8	0	0	2	0	85	159	157	131	0	0	1	0	34	0	41	119	0	0	1	80	141	159	117	14	0	0	138	174	105	150	9	0	1	0	56	43	5	0	2	1	0	0	0	0	1	1	0	0	0	
0	0	2	0	0	2	6	0	0	1	0	32	120	157	48	0	3	0	98	203	88	24	0	0	4	0	136	163	48	53	0	1	3	0	62	148	120	175	48	0	0	50	71	1	22	172	37	0	0	20	116	158	165	68	0	2	0	0	0	1	0	0	0	0	
0	0	0	0	1	2	0	0	0	0	0	2	0	12	142	26	0	0	2	0	3	178	126	0	0	2	0	6	178	131	0	2	1	0	11	159	106	0	4	0	0	29	224	128	0	6	0	0	0	104	142	0	3	1	0	0	0	0	0	0	0	0	0	0	
0	0	0	0	0	0	0	0	1	0	44	119	113	13	0	1	1	0	32	90	176	7	0	1	0	1	0	116	179	34	0	2	0	0	3	0	42	131	0	2	0	0	13	0	23	142	0	2	3	0	72	122	142	67	0	2	0	0	3	58	40	0	1	0	
0	0	0	1	4	3	4	1	0	0	3	1	0	0	0	0	0	1	0	10	130	99	143	59	0	0	116	203	218	255	158	19	0	35	135	58	159	71	0	1	1	0	9	152	71	0	5	1	0	15	228	124	0	6	0	0	0	32	87	0	2	0	0	0	
0	0	0	0	0	2	0	0	1	0	35	98	93	11	53	1	4	0	106	92	16	129	90	0	1	0	2	131	156	51	0	1	1	0	29	121	123	50	0	2	3	0	118	37	0	131	6	0	2	0	81	98	79	124	4	0	0	0	2	41	61	19	0	1	
0	0	0	2	2	0	1	1	0	1	1	0	0	1	1	0	0	0	0	62	57	0	24	16	0	26	32	63	131	24	87	9	0	76	184	129	99	82	29	0	0	0	6	60	50	8	0	1	0	1	0	0	0	1	1	0	0	0	1	2	2	0	0	0	
0	1	1	0	1	1	0	0	1	0	22	92	19	13	20	0	0	3	175	185	129	147	122	0	0	111	141	0	102	230	38	0	0	108	185	113	185	200	0	1	0	3	55	20	142	138	0	4	0	1	4	0	124	150	0	4	0	0	3	0	35	70	0	1	
0	0	0	2	1	0	0	0	0	0	2	0	27	190	127	0	0	3	0	33	234	168	170	4	1	0	4	207	219	82	160	0	0	1	179	170	0	162	106	0	0	160	222	53	180	147	0	2	0	130	211	167	81	0	3	0	0	0	0	0	0	2	0	0	
0	1	1	0	0	1	1	0	1	0	14	114	113	14	0	2	0	15	197	255	255	177	6	0	0	104	255	197	251	255	181	6	0	150	217	0	39	100	250	46	0	119	255	88	53	166	190	7	0	23	196	228	229	165	16	0	0	0	3	5	4	0	1	1	
0	0	0	2	0	28	18	0	0	0	3	0	22	192	41	0	0	1	0	29	198	76	0	3	1	0	23	170	52	0	2	0	4	0	144	154	164	104	0	3	3	0	158	255	186	56	0	2	1	0	100	87	0	1	0	0	0	0	0	0	4	2	0	0	
0	0	0	0	0	0	0	0	0	1	0	43	68	0	0	0	1	0	32	77	83	14	0	0	2	0	32	115	157	15	0	1	0	2	0	76	142	37	0	2	0	1	0	78	94	32	0	1	0	0	11	98	99	2	0	0	0	0	1	21	20	0	0	0	
0	0	0	2	1	0	0	0	0	0	1	0	12	57	56	8	0	2	0	77	163	157	189	8	2	0	45	143	22	130	44	0	2	0	57	167	125	75	0	2	0	20	190	168	5	0	2	0	0	89	180	18	0	4	0	0	0	0	0	1	1	0	0	0	
0	0	0	0	1	2	0	0	0	20	111	96	20	0	1	0	0	62	233	151	186	41	0	2	0	2	16	0	58	123	0	3	0	0	3	0	99	130	7	14	0	7	139	187	233	185	120	35	0	5	118	107	24	2	0	0	0	0	0	0	0	0	2	1	
0	0	0	0	2	3	1	0	0	0	2	2	0	0	5	4	0	2	0	5	40	103	120	19	2	0	37	177	114	21	11	0	0	29	88	148	111	93	0	3	0	52	154	130	88	46	0	1	0	0	0	4	3	0	0	0	0	2	2	0	1	2	0	0	
0	0	1	0	5	6	0	0	0	2	0	57	152	147	22	0	1	0	19	162	12	106	75	0	1	0	28	49	0	125	50	0	0	38	151	115	139	155	0	2	0	71	105	28	209	53	0	2	0	8	146	152	42	0	2	0	0	0	5	2	0	2	0	0	
0	0	0	2	2	0	2	0	0	0	3	0	2	8	0	0	0	3	0	44	192	169	88	0	0	0	98	208	84	13	175	5	0	149	249	62	15	137	104	0	0	137	169	138	131	70	0	0	0	0	9	6	0	0	2	0	0	2	0	1	3	3	0	0	
0	0	0	0	0	0	0	0	0	0	14	15	5	11	9	0	2	0	96	134	145	204	30	0	0	0	0	0	164	66	0	2	0	3	0	81	116	0	3	0	0	3	0	129	52	0	2	0	0	1	0	149	24	0	1	0	0	0	0	109	16	0	1	0	
0	0	0	0	0	0	0	0	0	0	0	38	133	140	31	0	1	0	4	148	124	144	139	0	0	1	0	3	63	168	29	0	1	0	119	201	139	200	39	0	7	8	45	22	52	140	11	0	32	166	95	127	120	19	0	1	0	32	62	23	0	2	1	0	
0	0	0	0	0	0	0	0	0	74	115	82	33	0	0	0	0	29	86	120	195	37	0	2	2	0	44	162	215	56	0	2	0	1	1	0	30	149	81	0	0	1	86	89	73	125	180	0	1	0	62	100	91	90	21	0	0	0	0	0	0	0	0	0	
0	0	0	0	1	1	0	0	0	0	3	4	0	53	74	0	0	0	1	0	19	155	21	0	0	5	84	86	132	72	16	4	0	25	165	225	156	80	55	0	2	0	54	108	0	1	0	0	0	36	132	2	1	2	2	0	0	20	21	0	1	0	0	0	
0	0	0	0	0	0	0	0	0	0	0	10	115	2	0	0	0	1	0	24	164	0	0	0	0	2	0	49	143	0	3	0	0	2	0	70	131	0	4	0	0	3	0	85	129	0	4	0	0	1	0	38	101	0	2	0	0	0	0	0	1	0	0	0	
0	0	2	3	0	1	1	0	0	0	1	0	77	89	0	2	2	0	33	175	225	216	52	0	1	0	34	68	22	138	35	0	1	0	31	93	203	101	0	3	2	0	95	100	132	141	0	3	0	45	92	98	113	15	0	1	0	22	69	44	1	0	0	0	
0	0	0	0	1	0	0	0	0	30	66	43	11	0	0	0	0	39	100	113	144	7	0	0	0	0	2	0	146	44	0	2	2	0	78	133	206	110	0	2	1	0	36	55	132	117	0	2	0	0	3	0	74	105	0	4	0	0	2	0	20	50	0	1	
0	0	3	2	0	0	0	0	0	2	0	1	39	49	1	0	1	0	72	152	146	148	31	0	0	124	138	40	1	141	170	0	0	146	141	97	202	202	21	0	0	4	0	81	203	13	0	1	3	0	47	240	79	0	4	0	1	0	37	51	0	2	0	0	
0	0	0	0	0	0	0	0	0	0	2	0	90	71	0	3	0	1	0	21	203	27	0	1	0	3	0	86	160	0	3	0	0	4	0	146	106	0	3	0	0	1	0	183	57	0	2	0	0	0	0	132	23	0	1	0	0	0	0	1	1	0	0	0	
0	0	0	4	0	70	38	0	0	1	4	0	64	212	28	0	1	7	0	84	214	41	0	2	2	0	113	179	13	0	5	0	0	91	194	0	110	221	147	0	0	67	174	232	168	82	26	0	0	0	9	68	9	0	0	0	0	2	2	0	3	4	1	0	
0	0	1	0	0	1	1	0	0	2	0	100	197	40	0	2	3	0	86	207	156	210	10	0	0	14	183	29	0	180	97	0	0	94	114	0	0	97	118	0	0	117	163	8	13	161	58	0	0	17	150	180	166	97	0	1	0	0	0	4	4	0	1	0	
0	0	0	2	2	0	2	0	0	0	2	0	1	20	4	0	0	4	0	42	213	159	101	0	2	0	64	217	104	37	144	0	0	75	186	48	31	142	40	0	0	153	164	117	117	26	0	1	0	0	13	3	0	1	1	0	0	1	0	1	3	1	0	0	
0	0	0	0	0	1	2	0	1	0	14	114	110	32	0	1	4	0	100	88	26	127	50	0	3	0	108	35	0	33	114	0	2	0	99	32	0	69	102	0	3	0	113	30	23	139	15	0	3	0	84	135	123	30	0	1	0	0	3	53	14	0	1	0	
0	0	0	2	0	6	31	0	0	0	2	1	0	159	133	0	0	2	0	26	164	131	1	0	2	0	34	151	44	0	1	0	0	6	154	91	93	153	47	0	0	16	228	206	141	157	54	0	1	0	108	91	16	6	0	0	0	0	0	0	0	1	2	0	
0	0	0	4	1	0	0	0	2	0	49	164	125	10	0	1	0	0	225	112	104	105	0	3	1	0	89	45	161	99	0	4	0	3	0	92	159	28	8	0	2	0	51	170	71	216	16	0	3	0	70	166	206	101	0	2	0	0	0	0	1	0	0	0	
0	0	0	3	1	0	0	0	0	0	0	0	4	14	2	0	0	0	3	82	110	205	125	0	4	0	130	154	93	193	23	0	1	0	19	124	205	30	0	2	1	0	33	130	19	0	2	0	0	36	125	19	0	3	0	0	0	98	25	0	2	0	0	0	
0	0	0	0	1	0	0	0	1	0	13	164	30	0	1	0	0	1	0	210	102	0	3	0	0	4	0	145	195	0	2	0	0	4	0	138	242	13	0	1	0	3	0	94	255	25	0	2	0	2	0	48	186	12	0	1	0	0	0	1	0	0	0	0	
0	0	0	3	0	0	0	0	0	0	3	0	81	159	24	0	0	2	0	125	207	178	99	0	3	0	99	219	0	129	98	0	0	11	183	27	26	210	21	0	0	94	129	19	208	90	0	3	0	41	191	187	67	0	2	0	0	0	49	19	0	3	0	0	
0	0	0	0	0	0	0	0	0	7	122	97	52	12	0	1	0	2	79	143	253	77	0	3	0	3	0	113	255	49	0	2	0	1	0	14	94	186	0	0	1	0	107	32	27	201	9	0	3	0	127	178	169	71	0	2	0	1	0	47	40	0	1	0	
0	0	0	0	1	0	0	0	0	0	1	0	23	128	0	1	0	0	4	0	126	131	0	4	0	1	0	14	196	33	0	2	0	3	0	115	148	0	3	0	1	0	19	212	39	0	2	0	3	0	70	131	0	3	0	0	0	0	0	0	1	0	0	0	
0	0	0	0	0	0	0	0	1	0	42	98	112	133	58	0	0	6	143	75	55	72	31	0	0	4	132	150	114	19	0	1	0	0	0	19	110	171	14	0	0	17	82	2	0	115	59	0	1	0	120	183	161	130	3	0	0	0	0	44	50	1	0	0	
0	0	0	0	0	0	0	0	0	2	0	74	202	145	0	2	0	2	0	129	149	211	9	0	0	0	6	0	123	188	0	2	1	0	139	224	232	56	0	2	0	53	249	245	233	148	22	0	0	36	209	94	16	10	0	0	0	0	0	0	0	0	0	0	
0	0	0	0	0	0	0	0	0	2	0	56	103	0	3	0	0	3	0	92	111	0	3	0	0	3	0	103	131	0	4	0	0	3	0	109	151	0	4	0	0	4	0	153	157	0	4	0	0	3	0	91	113	0	3	0	0	0	0	0	0	0	0	0	
0	1	0	31	32	0	1	0	0	3	0	101	204	4	0	1	0	1	0	101	226	14	0	1	1	0	24	174	179	139	0	3	0	0	76	27	49	196	0	1	1	0	172	255	218	127	0	4	0	0	0	103	135	9	0	1	0	0	1	0	0	1	0	0	
0	0	2	0	0	1	0	0	0	0	0	25	24	1	0	0	2	0	85	144	119	35	0	1	0	0	143	30	92	107	0	3	2	0	54	100	159	35	0	2	0	0	0	4	114	5	0	0	0	1	0	41	123	0	3	0	0	1	0	32	80	0	2	0	
0	0	0	2	1	0	0	0	0	0	4	0	67	84	0	3	0	2	0	39	208	118	0	4	2	0	42	186	156	117	0	4	0	31	218	196	201	168	7	0	0	18	31	44	208	14	0	1	0	1	0	38	137	0	1	0	0	1	2	0	0	1	0	0	
0	0	0	0	1	0	0	0	0	2	0	59	42	0	1	0	0	3	0	101	117	0	4	0	0	2	0	61	153	0	3	0	0	2	0	48	156	0	2	0	0	1	0	38	152	0	2	0	0	1	0	22	142	0	1	0	0	0	0	4	19	0	0	0	
0	0	1	2	0	0	2	1	0	1	0	9	97	140	127	15	1	0	16	163	108	46	12	0	3	0	142	239	100	6	0	1	0	11	27	0	154	134	0	4	0	99	113	34	185	110	0	3	0	10	122	156	88	0	0	0	0	0	0	0	0	1	0	0	
0	0	0	0	0	0	0	0	0	2	0	62	39	0	1	0	0	2	0	79	85	0	3	0	0	1	0	39	102	0	3	0	0	2	0	50	105	0	3	0	0	2	0	55	103	0	3	0	0	2	0	64	84	0	3	0	0	0	0	11	13	0	0	0	
0	0	0	2	0	0	0	0	0	0	1	0	53	16	0	1	0	2	0	73	123	0	0	0	1	0	10	147	79	83	0	1	3	0	67	167	178	143	0	2	1	0	18	157	143	17	0	1	0	0	0	5	0	1	0	0	0	0	1	27	4	1	0	0	
0	0	0	0	0	0	0	0	2	0	65	116	70	0	0	1	2	0	86	78	142	4	1	1	0	3	0	93	86	0	2	15	1	0	19	135	2	2	71	78	3	0	67	121	48	129	67	0	1	0	11	107	86	21	0	2	0	0	0	0	0	1	2	0	
0	0	2	0	1	4	1	0	0	0	0	16	9	0	0	0	2	0	72	160	127	136	63	0	0	6	144	18	41	208	16	0	0	1	7	0	136	89	0	3	0	2	0	49	175	0	1	0	0	1	0	171	71	0	2	0	1	0	29	117	0	1	0	0	
0	0	0	0	2	3	0	0	1	4	2	0	0	0	0	0	0	0	0	1	58	93	0	0	17	144	188	206	200	187	53	0	20	130	101	50	0	57	100	0	0	0	0	1	0	29	107	0	1	4	3	2	0	19	97	0	0	0	0	0	0	11	54	0	
0	0	0	2	0	0	0	0	0	0	1	0	68	126	8	0	0	2	0	90	215	190	35	0	0	2	0	159	116	168	3	0	1	0	13	203	170	22	0	1	0	22	136	145	119	0	4	0	0	36	167	170	77	0	2	0	1	0	25	51	0	0	0	0	
0	1	1	0	0	1	0	0	1	0	25	67	70	24	0	1	0	21	97	3	78	117	0	1	0	4	95	110	64	45	2	0	2	0	72	67	78	15	0	1	2	0	63	36	11	99	11	0	1	0	14	95	43	96	34	0	0	0	0	4	35	32	0	1	
0	0	2	1	0	0	0	0	0	1	0	17	81	47	0	1	2	0	38	154	103	143	0	1	2	0	159	44	33	58	0	2	1	0	122	120	195	46	0	2	0	0	0	41	164	0	0	0	0	3	0	120	101	0	3	0	0	1	0	53	10	0	0	0	
0	0	1	0	0	0	0	0	1	0	10	130	137	10	70	42	4	0	161	198	58	201	183	28	3	0	140	91	179	168	0	0	3	0	63	255	146	0	4	2	0	34	247	104	94	32	0	1	0	34	199	123	196	50	0	2	1	0	12	68	31	0	1	0	
0	0	0	2	0	0	0	0	0	0	0	2	119	122	0	0	0	3	0	138	252	224	74	0	3	0	73	241	34	148	84	0	0	0	195	68	23	194	7	0	0	82	172	11	199	78	0	3	0	64	219	183	76	0	2	0	0	0	45	19	0	3	0	0	
0	0	1	0	0	0	1	0	0	0	2	89	120	60	0	1	3	0	90	189	8	104	36	0	4	0	112	85	0	43	80	0	2	0	116	37	0	19	86	0	2	0	113	32	0	30	87	0	2	0	42	104	73	129	41	0	0	1	0	31	61	26	0	1	
0	0	0	0	0	1	0	0	0	0	2	0	68	97	0	3	0	0	3	0	167	80	0	3	0	1	0	34	193	9	0	1	0	4	0	133	135	0	3	0	1	0	17	202	34	0	2	0	2	0	50	133	0	4	6	0	0	0	0	0	1	0	0	0	
0	0	0	0	1	0	0	0	0	6	146	111	12	0	3	0	0	5	215	228	171	0	2	1	0	37	216	32	34	79	56	0	0	60	253	41	101	255	255	85	1	0	127	226	252	214	144	42	0	1	0	18	50	13	0	0	0	0	3	0	0	0	4	2	
0	0	0	0	0	0	0	0	0	1	0	46	143	101	0	1	0	0	3	100	120	190	0	0	0	0	3	0	160	72	0	3	0	1	0	170	182	27	7	0	3	0	129	255	155	141	20	0	0	47	204	31	0	1	0	0	0	13	21	0	2	3	0	0	
0	0	1	0	6	7	0	0	0	2	0	64	140	117	9	0	2	0	42	152	13	3	2	0	3	0	100	57	0	2	0	0	3	0	115	115	112	42	0	1	4	0	125	138	33	151	9	0	1	0	7	103	112	85	1	0	0	0	0	3	13	0	0	0	
0	0	0	6	4	0	0	0	2	0	83	171	182	59	0	2	0	0	11	37	208	110	0	4	1	0	22	225	204	5	0	1	0	0	8	22	100	160	0	0	0	11	87	5	90	211	8	0	0	1	135	191	172	40	0	2	0	0	1	4	0	0	0	0	
0	0	0	0	0	0	0	0	0	3	0	99	47	0	2	0	0	3	0	169	81	0	3	0	0	3	0	163	129	0	4	0	0	3	0	110	173	0	3	0	0	1	0	30	216	23	0	1	0	0	1	0	139	33	0	1	0	0	0	1	0	0	0	0	
0	0	0	2	0	0	0	0	0	0	3	0	75	85	0	3	0	4	0	119	221	126	0	4	2	0	115	119	111	120	0	4	0	76	248	111	198	184	131	22	0	62	78	59	194	26	8	3	0	1	0	36	130	0	1	0	0	2	4	1	0	1	0	0	
0	0	0	2	7	1	3	0	1	0	28	144	168	74	0	2	3	0	69	163	0	105	110	17	0	3	0	134	217	137	56	0	2	0	59	164	141	100	0	3	3	0	164	83	93	180	0	3	2	0	79	176	162	37	0	2	0	0	0	1	0	0	0	0	
0	0	0	3	2	0	0	0	0	0	0	0	0	12	18	2	0	0	6	50	98	140	138	44	3	0	98	195	38	0	2	1	0	0	7	58	162	16	0	1	0	32	78	116	141	2	0	1	0	12	83	76	4	0	0	0	0	0	0	0	2	0	0	0	
0	0	0	1	0	0	0	0	0	1	0	17	92	116	124	36	0	3	0	149	215	79	92	41	2	0	67	209	25	0	1	0	3	0	96	198	165	36	0	3	0	41	76	0	83	170	0	3	0	16	162	144	152	87	0	2	0	0	3	44	27	0	0	0	
0	0	3	0	20	22	0	1	0	3	0	45	212	117	0	4	2	0	54	198	49	10	0	1	0	12	219	61	23	157	74	0	0	124	134	12	170	125	194	9	0	100	174	186	189	135	90	0	0	0	56	93	75	5	0	0	0	1	0	0	0	1	3	0	
0	0	2	0	0	1	0	0	0	1	0	60	125	29	0	1	3	0	97	175	56	123	3	0	0	8	167	12	19	142	0	0	1	0	89	78	121	89	0	3	0	2	0	154	185	0	2	0	0	3	0	142	151	0	1	0	0	0	0	23	29	1	0	0	
0	0	3	0	0	2	0	0	0	1	0	14	27	2	8	0	0	0	146	131	135	194	137	0	0	77	163	0	85	174	5	0	0	15	0	38	193	15	0	1	0	3	0	151	102	0	4	0	2	0	60	177	0	1	0	0	3	0	104	69	0	2	0	0	
0	0	0	0	0	0	0	0	0	1	0	19	93	7	1	0	0	3	0	82	148	76	44	0	0	0	0	103	15	0	4	0	0	0	8	126	79	17	0	1	0	1	9	0	130	77	0	3	1	0	42	117	100	0	0	0	0	0	2	11	0	0	0	0	
0	0	0	0	0	0	0	0	0	1	0	60	146	118	39	0	0	0	1	135	217	182	138	0	0	5	0	124	192	150	16	0	1	0	78	202	113	0	0	1	0	95	110	96	86	0	5	0	0	124	164	152	25	0	1	0	0	7	62	19	0	1	0	0	
0	0	2	13	2	0	0	0	1	0	74	133	83	0	1	0	0	0	9	6	119	4	0	0	0	2	0	91	173	21	0	1	2	0	78	110	31	123	0	0	0	0	18	21	13	117	0	0	0	2	0	101	120	61	0	2	0	0	0	2	11	0	0	0	
0	0	0	2	0	0	0	0	0	0	3	0	100	135	125	0	0	3	0	134	191	34	174	54	2	0	133	177	0	16	187	21	0	80	164	0	38	193	119	0	0	143	126	130	218	85	0	2	0	51	198	150	22	0	2	0	0	0	0	0	1	3	0	0	
0	0	1	1	1	1	0	0	0	1	0	25	50	0	1	0	1	0	10	120	125	17	0	1	3	0	83	109	141	67	0	3	1	0	17	80	122	26	0	1	0	0	3	0	86	30	0	1	0	0	4	0	94	46	0	2	0	0	1	0	39	31	0	1	
0	0	0	0	1	0	0	0	0	0	1	0	23	101	0	0	0	0	3	0	142	218	0	0	0	1	0	8	213	67	0	3	0	3	0	113	156	0	3	0	1	0	25	211	32	0	1	0	4	0	121	148	0	4	0	0	1	0	26	15	0	0	0	0	
0	0	0	31	49	10	0	1	0	0	0	106	152	173	25	0	0	2	1	3	0	122	105	0	1	0	21	78	29	125	77	0	0	46	130	93	178	255	76	0	0	152	126	108	175	89	32	0	0	73	146	100	21	0	1	0	0	0	0	0	1	3	1	0	
0	0	0	0	10	45	8	0	0	0	1	78	138	203	59	0	1	0	35	112	49	146	11	0	0	1	0	19	164	56	0	2	2	0	132	216	18	54	75	0	0	95	255	166	124	166	43	0	0	51	33	121	101	1	0	0	0	0	0	0	0	2	2	0	
0	0	1	1	0	3	0	0	0	2	0	42	53	0	1	0	2	0	45	224	222	130	0	0	1	0	176	87	0	220	48	0	0	51	153	0	117	159	0	1	0	9	7	53	193	20	0	1	0	2	0	181	182	11	0	1	0	1	0	72	50	0	0	0	
0	0	0	0	1	1	0	0	1	0	24	134	158	161	18	0	1	0	31	60	60	200	22	0	0	2	7	107	227	64	0	3	2	0	57	105	119	101	0	4	0	76	39	5	174	71	0	3	0	72	166	187	102	0	2	0	0	0	1	1	0	1	0	0	
0	0	0	1	1	1	0	0	0	0	2	0	74	24	0	1	0	1	0	23	164	36	0	1	0	2	0	120	132	96	0	3	3	0	95	137	141	101	0	0	1	0	25	122	166	27	3	0	0	3	0	70	57	0	2	0	0	0	0	10	5	1	0	0	
0	0	0	2	1	0	0	0	0	0	3	0	28	34	0	2	0	2	0	34	222	95	0	4	2	0	75	192	173	29	67	17	0	24	146	178	226	145	84	0	0	3	0	160	91	6	0	1	3	0	79	143	0	3	2	0	2	0	53	35	0	2	0	0	
0	0	0	0	0	0	0	0	1	0	12	67	109	20	0	1	1	0	32	150	217	25	0	1	0	1	0	110	193	74	0	2	0	7	41	0	53	191	0	1	0	0	158	33	85	145	0	4	2	0	42	172	174	28	0	1	0	1	0	17	19	0	1	0	
0	0	0	2	1	0	0	0	0	0	2	0	5	65	122	17	0	1	0	52	161	158	69	0	3	0	118	232	97	0	2	0	0	4	44	31	145	45	0	2	0	86	98	32	157	25	0	1	0	7	108	143	48	0	2	0	0	0	0	0	1	1	0	0	
0	0	0	0	1	1	0	0	0	30	136	198	86	0	4	0	0	115	155	218	181	3	1	1	3	0	81	161	175	226	30	0	0	1	12	3	0	148	124	0	0	9	188	83	75	191	70	0	2	0	105	216	193	94	0	2	0	0	0	0	0	0	1	0	
0	0	2	0	15	86	6	0	0	1	0	14	148	95	0	1	1	0	12	162	52	0	15	0	1	0	155	92	55	159	166	26	0	84	106	3	150	66	107	18	0	110	169	139	180	102	11	0	0	4	58	62	4	0	1	1	0	0	0	0	0	3	1	0	
0	0	0	0	2	7	2	0	2	0	36	193	147	158	42	0	4	0	103	148	0	11	3	0	4	0	141	213	95	9	0	1	1	0	39	67	210	168	0	3	1	0	33	70	242	183	0	3	2	0	100	175	148	42	0	1	0	0	0	0	0	0	0	0	
0	0	1	2	0	0	1	0	0	0	1	0	21	22	0	0	1	0	8	105	101	140	74	0	1	0	127	91	49	162	56	0	0	0	65	97	200	44	0	2	0	0	1	134	57	0	2	0	0	0	136	82	0	4	0	0	0	53	114	0	3	0	0	0	
0	0	0	0	0	0	0	0	1	0	55	122	134	37	0	2	0	1	133	83	48	162	0	0	0	1	0	7	136	152	0	1	0	2	0	33	175	7	0	1	0	0	2	0	150	37	0	1	0	25	93	132	185	16	0	1	0	5	41	66	23	0	1	0	
0	0	0	2	2	3	0	0	0	0	2	1	3	0	77	52	0	2	0	73	152	128	145	24	3	0	96	252	138	45	5	0	0	1	136	76	138	88	0	4	0	51	51	0	166	58	0	2	0	35	140	165	97	0	2	0	1	0	35	40	0	2	0	0	
0	0	1	0	0	0	0	0	1	0	7	101	126	117	14	0	3	0	138	130	0	176	84	0	2	0	160	71	78	190	11	0	1	0	31	142	97	157	15	0	0	99	35	0	19	158	4	0	0	61	152	118	169	84	0	2	1	0	26	67	26	0	1	0	
0	0	0	1	1	0	0	0	0	0	3	0	48	154	41	0	0	2	0	41	241	251	141	0	1	0	8	210	85	91	140	0	3	0	169	138	0	172	41	0	0	42	190	11	164	100	0	3	0	48	215	190	86	0	3	0	0	1	51	30	0	3	0	0	
0	0	0	0	0	0	0	0	1	0	12	51	85	47	0	1	3	0	85	165	108	82	0	2	2	0	59	124	0	4	0	0	1	0	21	181	105	11	0	1	0	0	2	55	97	130	0	1	0	0	0	1	0	140	20	0	0	0	0	0	12	64	0	0	
0	1	0	26	61	0	2	0	0	3	0	138	121	0	4	0	2	0	49	194	6	29	11	0	4	0	157	83	51	202	125	0	0	28	169	21	168	131	117	0	0	40	186	150	215	106	9	0	1	0	53	83	14	0	1	0	0	0	0	0	0	3	1	0	
0	0	0	0	0	3	2	0	0	0	30	79	40	0	1	0	0	105	255	218	203	112	65	0	0	31	78	162	255	214	39	0	1	0	24	174	74	164	21	0	4	0	142	123	0	139	74	0	3	0	73	189	134	194	32	0	0	1	0	46	137	68	0	2	
0	0	0	1	0	0	0	0	0	1	0	25	144	85	0	2	0	2	0	138	167	205	15	0	0	2	0	153	74	136	0	0	0	1	0	166	186	36	0	2	0	9	116	183	102	0	4	0	0	41	183	152	44	0	1	0	1	0	39	34	0	1	0	0	
0	0	0	0	0	0	0	0	0	2	0	63	96	51	11	0	0	0	0	14	50	102	141	0	0	0	3	1	0	126	79	0	0	2	0	27	129	101	0	1	1	0	100	171	47	0	3	0	0	128	186	26	0	4	0	0	0	28	9	0	2	0	0	0	
0	0	0	2	0	0	0	0	0	0	1	0	65	44	0	1	0	1	0	118	132	149	13	0	3	0	79	119	27	167	13	0	3	0	78	139	203	36	0	2	0	1	0	148	79	0	3	0	3	0	93	130	0	3	0	0	1	0	60	21	0	1	0	0	
0	0	0	0	3	0	0	0	0	2	0	69	120	0	3	0	0	4	0	120	91	0	3	0	0	4	0	136	93	0	3	0	0	4	0	120	134	0	4	0	0	3	0	81	165	0	3	0	0	1	0	19	132	5	0	0	0	0	0	0	0	0	0	0	
0	0	0	1	2	1	0	0	0	0	2	1	0	123	17	0	0	2	0	24	112	146	0	2	1	0	38	130	141	64	0	2	0	42	167	138	187	124	50	0	0	29	3	136	109	0	2	0	0	0	5	121	8	0	1	0	0	1	1	0	1	1	0	0	
0	0	0	0	0	0	0	0	1	17	19	20	19	0	0	0	8	97	136	124	171	39	0	2	0	0	3	0	130	71	0	2	0	29	95	119	190	107	0	2	0	4	14	0	121	56	0	2	0	0	4	0	112	93	0	3	0	0	2	0	52	68	0	2	
0	0	0	0	0	0	0	0	0	0	0	0	27	82	2	0	0	0	3	0	151	137	0	3	0	0	0	0	154	30	0	1	0	3	0	78	129	0	3	0	0	1	0	165	40	0	1	0	3	0	74	143	0	2	0	0	1	0	18	14	0	0	0	0	
0	0	0	0	0	0	0	0	1	0	28	115	138	37	0	2	0	13	221	193	68	29	0	1	0	1	205	224	163	213	99	0	0	0	75	57	0	64	153	0	0	2	3	0	20	175	106	0	1	0	120	176	182	104	0	1	1	0	19	50	4	0	2	0	
0	0	1	2	0	0	0	0	0	0	2	0	60	40	0	1	1	0	6	108	107	148	3	0	2	0	112	97	98	168	0	2	1	0	156	137	204	62	0	3	0	2	0	59	132	0	2	0	1	0	13	171	30	0	1	0	1	0	29	63	0	2	0	0	
0	0	0	0	0	0	0	0	0	8	104	148	76	0	1	0	0	48	131	50	163	56	0	2	0	0	0	0	174	46	0	2	0	0	7	0	86	68	0	3	0	0	3	0	81	129	0	4	1	0	40	140	184	47	0	2	1	0	33	56	6	0	0	0	
0	0	0	3	1	0	0	0	0	0	0	0	0	18	66	0	0	1	0	66	115	153	81	0	2	0	60	234	126	10	0	1	1	9	1	0	137	135	0	4	0	115	94	86	175	68	0	2	0	17	98	113	42	0	1	0	0	0	0	0	1	2	0	0	
0	0	2	1	0	0	0	0	0	1	0	44	69	6	0	0	2	0	52	142	104	66	0	2	0	11	149	144	81	0	2	0	0	3	4	0	149	39	0	2	0	0	4	0	65	88	0	3	0	0	1	23	75	49	0	2	0	1	0	65	60	0	0	0	
0	0	0	0	1	0	0	0	1	0	74	139	134	152	11	0	1	0	67	28	123	182	0	0	1	0	4	152	218	167	13	0	2	62	20	11	0	114	150	0	38	247	158	52	89	166	92	0	2	79	154	177	169	75	0	1	0	0	0	0	0	0	1	0	
0	0	0	0	1	2	0	0	0	55	157	123	38	0	1	0	0	38	79	95	148	62	0	2	0	0	3	0	95	145	0	4	0	2	0	14	199	41	0	2	0	2	0	172	132	0	3	0	0	0	0	175	186	125	29	0	0	0	0	3	38	20	2	0	
0	0	0	2	1	0	0	0	0	0	4	0	73	221	62	0	0	3	0	56	189	144	116	0	2	0	62	196	20	79	111	0	0	30	185	32	0	142	53	0	0	123	123	9	132	117	0	1	0	37	156	158	79	0	1	0	0	0	2	2	0	2	0	0	
0	0	1	0	0	1	0	0	1	0	17	33	0	15	23	0	1	0	115	50	0	107	80	0	0	26	126	0	81	159	0	0	0	0	90	99	149	83	0	3	0	0	0	0	133	20	0	1	0	2	0	52	142	0	3	0	0	1	0	26	59	0	1	0	
0	0	0	1	0	0	0	0	0	0	0	0	106	131	8	0	0	3	0	108	125	174	74	0	0	4	0	120	77	129	24	0	1	0	3	149	162	5	0	1	0	22	103	133	89	0	4	0	0	63	161	120	19	0	1	0	0	0	44	16	0	1	0	0	
0	0	1	4	0	0	0	0	0	0	126	162	96	0	1	0	0	1	27	2	140	49	0	2	0	0	0	0	153	53	0	2	0	1	0	16	182	24	0	1	0	0	4	0	131	103	0	4	1	0	23	128	201	73	0	3	0	0	3	13	3	0	0	0	
0	0	1	1	0	2	1	0	0	1	0	35	84	9	0	1	2	0	43	145	130	188	16	0	4	0	140	66	55	187	6	0	2	0	61	147	215	21	0	1	0	2	0	134	74	0	3	0	3	0	88	193	0	1	0	0	2	0	71	40	0	1	0	0	
0	0	0	0	0	0	0	0	0	1	0	30	79	0	2	0	0	1	0	28	142	0	2	0	0	1	0	33	146	0	2	0	0	2	0	54	121	0	3	0	0	3	0	85	117	0	3	0	0	2	0	70	104	0	3	0	0	0	0	0	0	0	0	0	
0	0	0	0	2	2	0	0	0	0	0	1	0	39	73	0	0	0	1	0	47	173	41	0	0	0	0	2	206	73	0	3	0	3	0	120	105	0	3	0	3	0	81	168	0	3	0	0	0	15	175	38	0	2	0	0	0	12	26	0	1	0	0	0	
0	0	0	0	0	0	0	0	0	0	6	90	124	111	0	1	3	0	58	158	108	66	0	1	3	0	79	182	155	27	0	1	0	0	12	48	93	120	0	4	0	14	105	0	84	111	0	4	1	0	126	187	177	17	0	1	0	0	0	49	30	0	1	0	
0	0	0	1	1	0	0	0	0	0	2	0	40	117	0	0	0	2	0	2	190	196	0	2	1	0	4	122	116	104	0	3	0	16	197	100	130	165	38	0	0	85	82	171	172	39	5	0	0	1	0	154	33	0	1	0	0	0	7	28	1	3	0	0	
0	0	1	0	0	0	0	0	0	1	0	57	120	113	0	0	2	0	48	204	141	63	4	0	4	0	130	170	122	43	0	2	1	0	47	14	14	112	0	2	0	15	78	0	44	120	0	3	1	0	117	158	178	52	0	2	0	0	0	36	38	0	1	0	
0	0	0	2	0	0	0	0	0	0	4	0	44	109	50	0	0	3	0	65	222	209	163	0	3	0	82	170	21	41	143	0	0	45	191	16	0	147	90	0	0	154	87	21	136	134	0	1	0	94	170	159	74	0	1	0	0	1	10	0	0	2	1	0	
0	0	0	1	9	6	0	0	0	2	0	61	111	44	0	2	0	1	0	156	72	0	1	0	1	0	19	95	94	65	0	2	0	0	1	0	11	107	0	1	0	8	81	0	26	126	0	1	1	0	62	98	123	50	0	2	0	0	0	7	6	0	0	0	
0	0	1	3	3	3	0	0	0	0	0	0	1	0	55	22	0	0	5	92	114	109	138	14	3	0	96	175	62	43	7	0	0	13	7	37	146	89	0	4	0	94	91	82	149	45	0	2	0	18	102	70	8	0	0	0	0	0	0	0	2	2	0	0	
0	0	0	0	0	0	0	0	1	0	30	22	82	44	0	2	4	0	121	84	109	35	0	1	4	0	114	92	165	25	0	1	4	0	158	242	215	166	24	0	2	0	127	55	132	169	0	1	0	0	3	0	91	100	0	3	0	0	2	2	0	2	1	0	
0	0	0	2	0	0	0	0	0	0	0	2	24	18	75	16	0	1	0	68	142	122	103	3	3	0	84	250	161	29	0	2	0	42	40	0	75	144	0	4	0	92	102	61	154	54	0	2	0	2	86	97	28	0	1	0	0	1	0	0	1	2	0	0	
0	0	0	1	0	1	0	0	0	0	0	9	15	0	0	0	0	2	0	108	191	38	0	2	0	1	0	96	178	39	0	2	0	0	0	1	125	8	0	0	0	1	0	33	121	0	3	0	0	3	0	70	86	0	3	0	0	2	0	57	55	0	2	0	
0	0	1	3	3	2	0	0	0	0	0	0	0	7	6	0	1	0	20	134	82	149	34	0	3	0	99	90	173	124	0	3	0	2	0	60	179	0	0	0	0	1	0	162	63	0	2	0	3	0	83	134	0	3	0	0	2	0	92	28	0	1	0	0	
0	0	0	1	1	0	0	0	0	0	2	0	72	69	0	2	0	2	0	26	214	80	0	3	0	1	0	116	158	33	0	2	0	0	151	216	186	51	0	2	0	11	84	38	189	72	0	3	0	0	2	0	146	37	0	1	0	0	3	3	25	3	0	0	
0	0	0	0	86	24	0	1	1	0	18	185	207	6	0	1	3	0	89	214	36	0	2	0	0	5	189	35	71	219	90	0	0	102	138	0	151	69	184	4	0	98	198	130	203	170	79	0	0	1	63	91	67	35	0	1	0	0	0	0	0	0	3	0	
0	0	0	0	0	1	0	0	0	9	34	74	69	0	0	0	0	47	149	106	177	80	0	3	0	0	4	0	134	81	0	3	0	0	7	82	212	71	0	2	0	1	0	75	202	52	0	1	0	2	0	66	167	0	3	0	0	1	0	33	75	0	1	0	
0	0	3	1	0	0	3	1	0	1	0	21	63	64	7	0	2	0	91	247	254	255	163	2	0	14	223	119	76	66	208	55	0	104	136	0	2	0	185	41	0	157	92	0	2	145	128	0	0	107	200	143	171	116	0	1	0	1	80	93	21	0	3	0	
0	0	3	1	0	1	0	0	0	2	0	35	50	0	0	0	2	0	111	208	111	28	8	0	0	55	201	2	79	226	32	0	0	38	207	167	211	167	0	2	1	0	41	25	76	130	0	4	0	1	3	0	57	191	15	0	0	0	2	3	0	94	42	0	
0	0	0	1	1	0	0	0	0	0	3	0	88	51	0	2	0	1	0	13	211	53	0	2	0	2	0	62	189	0	0	0	0	3	0	136	107	0	3	0	1	0	8	193	30	0	1	0	2	0	48	152	0	0	0	0	0	0	0	0	0	0	0	0	
0	0	0	0	0	0	0	0	0	3	7	15	11	0	1	0	0	14	126	113	142	8	0	1	1	0	17	37	158	51	2	0	2	0	63	132	180	96	21	0	0	0	0	6	138	6	0	0	0	1	0	21	121	0	2	0	0	0	0	16	60	0	1	0	
0	0	0	2	0	32	8	0	0	0	2	0	113	179	4	0	0	3	0	118	172	24	0	1	3	0	75	179	130	171	5	0	0	0	143	104	80	152	27	0	0	34	156	115	163	69	0	2	0	0	108	122	48	0	1	0	0	0	0	0	0	2	0	0	
0	0	1	2	2	2	3	0	0	2	0	127	58	0	2	0	3	0	98	171	0	52	113	0	0	15	186	23	0	211	127	0	0	35	191	72	161	171	3	0	1	0	49	160	197	0	0	1	0	3	0	112	61	0	3	0	0	0	3	7	1	1	0	0	
0	0	0	0	0	0	0	0	0	0	0	4	81	127	35	0	0	3	0	105	179	216	69	0	0	4	0	82	205	142	3	0	0	0	0	95	216	19	0	1	0	11	125	103	158	8	0	0	0	77	183	133	70	0	2	0	0	7	53	26	0	1	0	0	
1	0	30	21	0	1	0	0	2	0	69	162	19	0	1	0	0	2	0	72	114	0	5	0	0	1	0	39	131	0	2	0	2	0	36	177	186	124	110	25	3	0	107	185	21	7	23	3	1	0	38	87	0	1	0	0	0	0	0	0	0	0	1	0	
0	0	0	2	0	1	0	0	0	1	0	11	83	40	0	1	0	0	0	125	88	135	12	0	3	0	86	132	49	185	10	0	2	0	54	143	215	79	0	2	0	3	0	82	122	0	2	0	1	0	29	167	14	0	1	0	1	0	36	55	0	2	0	0	
0	0	3	1	0	0	0	0	0	1	0	22	105	125	81	0	2	0	117	182	87	72	18	1	2	0	97	138	105	136	0	0	0	3	0	93	239	12	0	1	2	0	43	169	189	23	0	1	4	0	144	208	89	0	2	0	1	0	26	39	0	0	0	0	
0	0	1	2	1	1	0	0	0	0	1	0	1	0	81	62	1	0	17	75	114	149	123	18	0	0	198	154	15	13	1	0	0	5	91	83	146	54	0	3	0	43	70	39	173	73	0	3	0	12	93	110	48	0	1	0	0	0	0	0	0	1	0	0	
0	0	0	0	0	0	0	0	0	2	0	63	50	0	2	0	0	4	0	151	115	0	4	0	0	4	0	147	99	0	3	0	0	4	0	117	126	0	4	0	0	3	0	95	167	0	4	0	0	2	0	63	121	0	3	0	0	0	0	0	0	0	0	0	
0	0	0	1	3	0	0	0	0	0	2	2	0	76	11	0	0	1	0	8	121	162	0	1	1	0	61	177	195	117	0	3	0	10	111	138	174	40	0	0	0	1	0	123	47	0	2	0	2	0	68	115	0	5	0	0	1	0	16	10	0	0	0	0	
0	0	0	0	0	0	0	0	0	3	0	85	185	71	0	1	0	2	0	156	88	52	0	0	0	1	0	187	64	0	2	0	0	1	0	63	178	15	0	1	1	0	29	10	164	68	0	3	2	0	45	174	141	3	0	1	0	0	0	1	1	0	0	0	
0	0	1	2	1	3	0	0	0	0	1	2	3	3	12	0	0	0	5	106	113	162	77	0	0	0	133	62	114	159	0	2	0	8	22	50	169	6	0	1	1	0	9	164	29	0	2	0	3	0	115	102	0	4	0	0	0	5	115	11	0	0	0	0	
0	1	0	0	0	1	0	0	1	0	47	95	43	0	1	0	0	52	180	95	108	66	0	3	0	121	109	0	80	179	0	0	0	37	185	77	143	202	0	0	1	0	29	69	171	112	0	4	0	1	3	0	43	157	0	1	0	0	1	3	2	74	8	0	
0	0	0	1	2	32	2	0	0	0	2	0	134	145	0	2	0	3	0	95	144	0	1	0	1	0	19	173	74	112	3	0	3	0	100	119	136	194	45	0	3	0	154	115	197	120	1	0	2	0	59	139	78	8	0	1	0	0	0	0	0	2	0	0	
0	0	1	0	0	0	0	0	0	0	11	38	3	32	0	1	2	0	67	82	17	85	0	3	3	0	113	48	103	75	0	3	3	0	112	186	149	42	0	2	1	0	31	32	111	47	0	2	0	0	2	0	108	32	0	1	0	0	2	0	10	3	0	0	
0	0	0	2	1	0	0	0	0	0	4	0	67	146	0	2	0	2	0	66	197	225	22	0	2	0	40	186	19	160	30	0	2	0	160	45	96	128	0	3	0	52	171	113	156	0	0	0	0	33	185	123	4	1	1	0	0	0	2	0	2	1	0	0	
0	0	1	0	0	3	1	0	1	0	20	127	96	3	0	0	3	0	164	152	38	118	18	0	2	0	200	112	101	239	25	0	2	0	61	213	255	125	0	4	0	1	0	0	219	101	0	4	0	1	0	20	235	75	0	3	0	0	0	3	27	1	0	0	
0	0	0	0	0	0	0	0	0	0	0	0	91	163	12	0	0	3	0	86	162	186	12	0	0	3	0	48	203	79	0	3	0	0	0	97	213	25	0	1	0	1	150	111	166	27	0	1	0	7	148	149	98	0	1	0	0	0	3	10	0	0	0	0	
0	0	2	0	0	2	0	0	0	1	0	94	81	0	2	0	3	0	88	160	149	106	2	0	0	14	148	7	0	102	77	0	0	28	123	0	0	38	114	0	0	4	144	20	0	56	88	0	2	0	66	119	102	104	7	0	0	1	0	17	47	10	0	0	
0	0	0	0	0	1	0	0	0	0	2	0	120	54	0	2	0	1	0	17	196	17	0	1	0	2	0	57	176	0	2	0	0	4	0	128	136	0	4	0	1	0	1	197	53	0	2	0	2	0	46	155	0	1	0	0	0	0	1	1	1	0	0	0	
0	1	0	14	17	0	0	0	0	2	0	111	53	0	2	0	0	0	12	129	20	38	0	1	1	0	21	123	104	105	8	0	1	0	9	163	49	78	27	0	0	3	0	139	168	106	0	1	0	1	0	8	121	40	0	2	0	0	0	1	0	1	0	0	
0	0	1	2	0	0	0	0	0	0	0	11	30	49	18	0	1	0	23	153	131	216	30	0	3	0	112	76	57	144	0	3	0	1	0	2	174	42	0	2	0	3	0	130	124	0	3	0	2	0	33	213	25	0	1	0	1	0	34	59	0	2	0	0	
0	0	1	0	0	0	0	0	0	1	0	39	120	152	23	0	3	0	63	238	126	176	139	0	0	12	212	71	0	107	135	0	0	86	173	0	1	193	80	0	0	152	140	7	193	159	0	1	0	64	204	202	106	0	1	0	1	0	21	24	0	3	1	0	
0	0	2	3	0	0	0	0	0	0	0	0	2	14	10	0	2	0	40	159	111	209	55	0	2	0	149	70	82	122	0	2	0	2	5	31	169	11	0	1	0	1	0	156	67	0	2	0	3	0	112	134	0	4	0	0	1	0	118	26	0	1	0	0	
0	0	0	0	0	0	0	0	0	0	9	0	40	20	0	1	0	1	82	0	80	45	0	2	0	42	113	10	117	63	0	2	0	15	93	63	111	63	0	3	0	0	3	0	69	72	0	3	0	1	5	0	51	95	0	3	0	0	0	0	8	19	0	1	
0	0	0	0	1	1	1	0	0	0	0	1	0	131	25	0	0	0	3	0	99	154	0	2	0	1	0	33	195	20	0	1	0	2	0	173	91	0	3	0	3	0	99	167	0	3	0	0	3	0	126	56	0	2	0	0	0	0	0	1	0	0	0	0	
0	0	0	0	0	0	0	0	0	2	0	50	132	11	0	1	0	2	0	136	211	94	0	4	0	3	0	111	196	53	0	2	0	3	0	105	232	74	0	3	1	0	19	123	109	80	0	3	1	0	9	162	102	0	1	0	0	1	0	26	11	0	0	0	
0	0	0	0	3	5	0	0	2	0	42	165	139	165	33	0	1	0	37	62	59	179	25	0	2	1	4	126	209	159	0	2	1	0	14	86	31	167	7	0	74	120	0	0	123	137	0	4	43	158	153	156	138	13	0	1	0	2	11	4	0	1	0	0	
0	0	1	4	1	0	0	0	0	0	1	0	20	110	30	0	1	0	21	115	172	95	3	0	4	0	146	206	33	0	2	0	2	0	79	129	133	65	0	2	0	0	0	0	10	138	3	0	0	2	0	59	79	123	0	1	0	1	0	25	50	21	0	1	
0	0	0	0	1	22	4	0	0	1	0	40	129	199	68	0	0	1	1	131	46	172	46	0	0	1	4	0	127	139	0	3	0	0	66	175	147	0	31	3	0	145	255	162	159	135	106	0	0	91	42	0	70	64	0	0	0	0	0	3	0	0	1	0	
0	0	2	0	0	2	0	0	0	0	2	92	153	83	0	2	3	0	117	240	123	16	0	1	1	0	64	62	100	143	2	0	0	0	14	4	0	120	37	0	0	32	169	6	54	136	2	0	0	0	110	174	148	26	0	1	0	0	0	6	1	1	0	0	
0	0	0	0	0	0	0	0	0	0	2	59	114	121	25	0	3	0	17	111	103	180	58	0	0	3	0	39	191	151	0	3	73	80	0	45	43	147	41	0	63	194	62	29	36	178	55	0	0	37	104	120	119	55	0	1	1	1	0	0	0	0	0	0	
0	0	1	0	0	0	0	0	0	1	0	67	81	4	0	0	2	0	53	188	117	38	0	1	4	0	112	74	88	119	0	4	2	0	48	171	230	60	0	3	0	0	0	0	172	39	0	2	0	0	0	2	210	67	0	3	0	0	1	0	86	49	0	2	
0	0	0	0	2	1	1	0	0	0	0	4	0	113	95	0	0	0	3	0	79	213	18	0	0	2	0	52	229	43	0	2	1	0	4	201	79	0	3	0	2	0	159	151	0	4	0	0	0	31	172	11	0	1	0	0	0	1	1	1	0	0	0	0	
0	2	9	0	0	0	0	0	0	13	131	136	98	28	0	1	0	0	2	16	202	133	0	3	0	3	0	136	189	0	0	1	0	1	0	31	114	141	9	0	0	8	32	18	102	201	26	0	0	37	164	151	116	16	0	1	0	0	0	0	0	1	1	0	
1	0	0	0	1	1	0	0	0	0	0	2	1	1	0	0	16	8	0	0	42	95	0	2	48	17	0	44	151	86	0	3	0	0	142	156	156	88	9	0	0	5	17	40	119	0	2	0	0	1	0	37	36	0	2	0	0	0	1	0	1	0	0	0	
0	0	1	0	1	1	0	0	0	0	0	58	26	0	1	0	0	0	164	219	177	13	0	1	0	0	185	19	129	110	0	4	3	0	161	63	183	196	0	2	2	0	48	152	101	188	31	0	0	0	0	2	0	150	46	0	0	0	2	3	0	42	16	0	
0	0	0	0	0	0	0	0	0	1	0	15	70	125	58	0	2	0	20	161	80	98	139	0	1	0	28	39	0	135	62	0	5	102	101	115	169	153	0	2	52	169	78	180	190	142	41	0	2	77	108	36	0	2	0	0	0	0	0	0	3	1	0	0	
0	3	4	3	0	0	0	0	0	0	0	0	9	19	9	0	0	87	150	173	213	247	176	0	0	164	200	138	94	237	74	0	0	0	2	0	155	114	0	3	0	4	0	93	187	0	3	0	0	1	0	199	139	0	2	0	0	0	0	158	81	0	2	0	
0	0	2	1	0	0	2	1	0	1	0	8	51	60	9	0	2	0	55	178	141	107	134	9	0	37	178	34	2	0	112	59	0	114	77	0	2	62	133	10	0	80	167	111	140	131	29	0	0	0	44	53	17	0	1	1	0	1	0	0	0	3	1	0	
0	1	4	2	0	1	0	0	0	0	0	0	9	7	0	0	0	28	138	159	192	151	0	1	0	25	94	38	55	160	0	1	0	0	3	0	103	100	0	4	0	1	4	0	154	30	0	1	0	2	0	46	173	0	1	0	0	1	0	42	95	0	2	0	
0	0	3	0	0	1	2	0	0	1	0	16	37	17	0	1	0	0	110	156	148	140	75	0	0	84	128	2	24	8	147	27	0	110	26	0	4	0	128	58	0	84	131	104	119	139	83	0	0	0	26	41	21	3	0	0	0	1	0	0	0	1	3	0	
0	2	0	0	2	2	0	0	0	0	14	16	3	0	1	0	0	105	182	147	173	56	0	2	0	138	92	0	49	197	37	0	0	22	123	120	129	220	70	0	0	0	3	0	96	187	0	2	0	2	0	5	195	67	0	2	0	2	0	57	119	0	2	0	
0	0	0	1	1	0	0	0	0	0	2	0	15	54	2	0	0	3	0	28	196	187	0	1	1	0	43	134	134	125	0	4	0	44	207	148	195	83	0	2	0	40	7	120	114	0	3	0	1	0	20	163	7	0	0	0	1	0	21	51	0	1	0	0	
0	0	1	1	0	0	0	0	0	0	0	20	33	3	0	0	2	0	50	151	155	119	0	3	3	0	137	37	82	124	0	4	1	0	31	2	164	47	0	2	0	2	0	50	165	0	2	0	0	3	0	133	97	0	3	0	0	2	0	117	46	0	2	0	
0	0	1	0	25	80	0	1	0	0	3	0	152	101	0	3	0	3	0	116	127	0	4	0	2	0	68	171	44	161	96	0	0	3	168	53	134	140	109	0	0	32	177	145	186	54	0	1	1	0	55	71	4	0	2	0	0	0	0	0	1	3	0	0	
0	0	0	0	5	0	0	0	0	1	0	15	137	31	0	1	0	2	0	39	203	68	0	2	0	1	0	147	175	0	0	0	2	0	46	120	108	32	0	1	2	0	44	136	114	49	0	2	0	1	0	111	182	19	0	1	0	0	0	0	1	0	0	0	
0	0	0	1	2	1	1	0	0	0	1	3	0	118	23	0	0	2	0	10	114	148	0	1	1	0	17	102	145	81	0	2	0	21	155	143	174	111	11	0	0	21	7	133	83	0	2	0	1	0	19	101	0	1	1	0	0	0	2	2	1	0	0	0	
0	0	0	0	0	0	0	0	0	29	138	119	85	20	0	1	0	17	93	95	188	178	0	3	0	1	0	54	180	71	0	2	3	0	84	254	209	17	0	1	1	0	27	44	121	163	0	3	3	0	100	206	191	107	0	3	0	0	5	45	46	0	0	0	
0	0	0	2	0	0	0	0	0	0	0	10	76	11	0	1	0	1	0	108	141	97	0	3	2	0	63	96	57	148	0	3	3	0	119	177	213	75	0	3	0	0	6	16	142	33	0	1	0	1	0	21	171	3	0	0	0	1	0	24	71	0	1	0	
0	0	1	3	0	0	0	0	0	2	138	142	91	4	0	0	0	4	20	0	168	71	0	3	2	0	67	194	196	8	0	1	0	0	13	32	110	132	0	1	0	1	45	0	26	196	13	0	1	0	100	147	153	68	0	2	0	0	2	12	3	0	0	0	
0	0	0	1	2	0	0	0	3	0	66	177	172	41	0	2	1	0	35	72	179	75	0	3	2	0	73	165	219	104	0	3	1	0	24	23	26	180	2	0	0	7	101	15	52	179	2	0	0	2	149	168	159	60	0	2	0	0	0	5	0	0	0	0	
0	0	1	2	0	1	0	0	0	1	0	22	137	60	0	2	2	0	24	201	124	154	12	0	4	0	111	129	0	123	46	0	4	0	102	71	0	147	29	0	4	0	105	113	72	175	0	2	1	0	23	199	188	25	0	1	0	1	0	25	24	0	1	0	
0	0	0	0	0	0	0	0	1	0	6	107	117	20	0	1	3	0	58	210	246	146	0	4	1	0	1	181	218	119	0	3	1	0	3	129	231	36	0	2	3	0	146	94	138	21	0	1	3	0	89	153	152	6	0	1	0	0	0	46	21	0	1	0	
0	0	2	0	0	1	0	0	0	1	0	33	62	1	0	0	2	0	98	224	232	110	0	4	0	22	223	59	153	185	0	3	0	14	210	201	230	136	0	4	1	0	23	18	175	87	0	3	0	1	0	17	204	26	0	1	0	0	0	11	47	0	0	0	
0	0	0	2	1	0	0	0	0	0	2	0	29	64	0	2	0	2	0	45	161	133	0	4	1	0	28	122	94	120	0	3	0	13	206	143	151	163	0	0	0	11	22	55	201	20	0	1	0	2	0	43	140	0	2	0	0	1	0	15	15	0	1	0	
0	0	1	0	0	2	0	0	0	0	2	0	32	71	0	2	3	0	76	40	72	73	0	3	3	0	111	34	78	52	0	2	3	0	108	107	168	36	0	2	0	0	9	47	140	24	0	1	0	0	2	0	94	15	0	1	0	0	0	2	1	0	0	0	
0	0	1	1	1	2	0	0	0	0	0	13	8	0	1	0	1	0	19	155	138	140	0	1	2	0	46	42	99	112	0	3	0	1	0	23	157	6	0	1	0	3	0	112	93	0	3	0	1	0	13	156	10	0	0	0	1	0	37	85	0	2	0	0	
0	0	0	0	0	0	0	0	2	0	33	169	221	88	0	1	3	0	175	153	142	252	32	0	3	0	100	205	202	116	0	1	3	0	105	228	209	102	0	2	2	0	194	146	106	248	27	0	2	0	59	216	205	88	0	1	0	0	0	0	0	0	0	0	
0	0	0	0	0	23	8	0	0	0	4	0	89	196	113	0	0	2	0	0	67	167	94	0	0	3	68	93	109	150	0	0	0	121	92	123	245	130	21	7	5	158	115	151	5	140	150	0	0	63	103	6	0	4	4	0	0	0	0	2	2	1	1	0	
0	0	0	1	0	0	0	0	0	1	0	30	48	0	0	0	0	2	0	160	189	140	0	3	0	0	5	19	146	115	0	3	0	2	0	63	205	3	0	1	1	0	11	212	62	0	2	0	4	0	137	162	0	3	0	0	1	0	71	22	0	1	0	0	
0	0	2	0	0	0	0	0	0	0	10	82	96	51	61	10	3	0	142	172	145	142	136	15	0	55	242	161	179	96	0	2	0	23	38	0	10	184	101	0	0	96	84	0	15	192	98	0	0	73	179	169	177	113	0	1	0	0	11	35	6	0	1	0	
0	1	0	0	0	0	0	0	1	0	30	134	195	133	0	3	0	116	229	118	103	77	0	2	0	84	228	192	158	174	89	0	0	30	18	13	21	75	228	48	0	148	127	26	36	97	239	41	0	40	161	206	173	169	100	0	0	0	0	0	0	0	0	0	
0	0	2	0	0	2	1	0	0	3	0	86	105	0	3	1	2	0	97	172	13	49	27	0	0	39	196	6	121	156	160	23	0	131	93	52	139	17	152	22	0	69	166	205	190	158	42	0	0	0	19	50	40	0	1	1	0	2	1	0	0	2	2	0	
0	0	0	9	35	0	0	0	0	2	0	139	235	29	0	2	0	0	5	31	163	71	0	3	0	1	0	18	173	15	0	1	0	3	0	125	109	0	3	0	3	0	57	240	136	72	0	1	2	0	54	113	130	126	0	0	0	0	0	0	0	0	0	0	
0	0	0	8	10	0	0	0	2	0	101	147	157	91	0	2	0	2	85	7	120	164	0	2	3	0	71	213	246	86	0	2	0	0	28	38	31	170	93	0	0	113	39	0	0	158	137	0	0	128	162	146	164	142	15	0	0	1	10	11	3	0	0	0	
0	0	1	1	0	0	0	0	0	1	0	20	50	72	35	0	1	0	10	177	188	229	37	0	4	0	137	100	64	182	0	3	0	0	168	69	223	94	0	4	2	0	132	183	200	43	0	2	0	0	4	7	153	18	0	1	0	0	0	2	30	1	0	0	
0	0	2	0	0	0	0	0	0	1	0	75	91	0	3	1	3	0	100	145	5	0	1	0	0	29	175	5	78	141	119	12	0	122	97	122	137	55	180	42	0	43	149	212	149	141	56	0	0	0	4	5	12	1	0	0	0	2	1	0	0	2	3	0	
0	0	0	0	0	0	0	0	0	0	2	105	105	46	0	1	2	0	41	199	199	168	0	3	0	0	3	142	163	55	0	2	0	4	0	120	199	0	2	0	1	0	17	116	119	53	0	2	0	0	5	149	174	31	0	2	0	1	0	34	38	0	1	0	
0	0	2	1	0	0	1	0	0	1	0	6	64	78	6	0	2	0	34	156	101	93	98	0	0	0	152	49	0	62	157	0	0	4	144	101	184	195	29	0	0	1	0	109	170	13	0	1	1	0	121	161	8	0	3	0	0	4	81	7	0	2	0	0	
0	0	0	0	1	0	0	0	0	0	1	0	32	187	16	0	0	0	4	0	144	188	0	1	0	2	0	37	228	39	0	2	0	2	0	171	158	0	3	0	3	0	83	245	30	0	1	0	3	0	125	144	0	2	0	0	0	0	0	0	1	0	0	0	
0	0	2	0	17	29	0	1	0	2	0	79	199	70	0	2	2	0	59	178	19	0	1	0	3	0	161	62	17	190	77	0	0	27	166	0	124	136	148	0	0	44	174	30	167	200	87	0	1	0	100	146	105	60	5	0	0	0	0	0	0	0	1	0	
0	0	0	4	2	1	0	0	2	0	39	152	114	15	0	1	4	0	112	65	40	112	0	2	2	0	130	36	0	115	29	0	3	0	115	54	0	110	51	0	3	0	80	130	14	144	7	0	0	0	0	115	156	52	0	2	0	0	1	1	1	1	0	0	
0	0	0	0	6	2	0	0	1	0	4	120	158	149	3	0	0	0	11	48	75	194	8	0	2	0	31	138	232	91	0	3	0	31	23	18	41	178	0	0	0	94	187	7	78	176	0	1	0	0	134	187	148	35	0	2	0	1	0	0	0	0	0	0	
2	0	57	30	0	3	1	0	2	0	160	45	0	2	1	0	0	6	170	18	0	45	32	0	0	8	174	4	59	187	156	10	1	0	176	56	177	136	143	10	2	0	53	173	225	204	32	0	0	0	1	0	25	26	0	1	0	0	2	1	0	2	2	0	
0	0	0	0	9	38	4	0	0	1	0	63	147	225	58	0	2	0	45	113	87	174	9	0	0	4	0	50	189	33	0	2	2	0	67	197	19	5	56	1	0	76	233	203	95	168	110	0	0	119	40	48	141	41	0	1	0	0	0	0	0	0	2	0	
0	0	0	5	3	0	1	0	0	0	1	96	89	44	0	1	2	0	46	119	0	104	45	0	3	0	132	53	0	19	101	0	0	29	130	0	0	22	91	0	0	50	112	0	12	108	33	0	0	0	110	130	119	49	0	2	0	0	0	12	5	0	1	0	
0	0	0	0	0	30	7	0	0	0	0	36	129	223	62	0	1	0	22	92	87	202	28	0	0	2	0	14	185	72	0	3	2	0	32	185	73	0	4	0	0	31	240	196	126	145	0	0	0	54	99	95	78	9	0	0	0	0	0	0	0	0	0	0	
0	0	5	6	0	0	1	0	0	69	186	163	164	99	3	0	0	22	26	16	36	176	128	0	0	1	0	4	0	119	175	0	1	0	37	105	173	234	87	0	0	110	234	201	252	82	0	3	0	121	149	99	26	0	3	0	0	0	0	0	1	2	0	0	
0	0	0	0	2	2	1	0	0	0	1	2	0	94	8	0	0	1	2	0	131	133	0	3	0	0	3	89	190	68	0	2	0	1	121	174	175	59	0	1	0	8	7	126	75	0	2	0	0	0	10	120	4	0	0	0	0	0	2	2	1	0	0	0	
0	0	0	0	0	0	0	0	1	0	20	50	88	123	6	0	4	0	107	240	252	234	17	0	1	0	2	135	225	45	0	2	0	4	152	245	150	158	208	82	0	59	255	249	208	122	62	15	0	3	76	56	8	0	0	0	0	0	0	0	1	4	3	1	
0	1	0	27	89	0	1	0	1	0	18	172	70	0	2	0	2	0	147	100	0	16	7	0	0	38	173	0	70	169	162	7	0	111	100	0	113	122	154	7	0	114	149	97	175	150	15	0	0	11	82	78	23	0	1	0	0	0	0	0	0	2	1	0	
0	0	1	1	1	6	0	0	0	2	0	31	93	153	123	0	1	0	0	198	113	69	211	0	2	0	162	195	0	86	182	0	0	55	223	15	0	174	146	0	0	112	214	131	226	220	29	0	0	24	186	178	79	7	0	1	0	0	0	0	0	1	1	0	
0	0	1	0	25	29	0	1	0	0	2	100	189	153	0	3	1	0	27	87	161	74	0	2	0	4	0	102	131	0	2	0	2	0	99	200	0	72	97	0	0	82	205	180	135	160	43	0	0	90	27	42	60	1	0	0	0	0	2	1	0	2	2	0	
0	1	2	0	1	0	0	0	1	0	19	159	213	136	0	2	0	3	166	115	49	200	12	0	0	56	92	0	76	198	0	0	0	2	0	30	212	71	0	3	0	4	83	229	223	130	69	0	0	32	216	151	119	117	46	0	0	0	0	0	0	0	0	0	
0	0	1	0	0	0	0	0	0	0	1	60	40	68	114	0	3	0	85	204	129	155	65	0	0	0	209	188	124	7	0	1	0	5	60	25	147	152	0	2	0	34	55	0	62	197	0	0	0	50	193	142	179	58	0	2	1	0	25	54	6	0	1	0	
0	0	0	0	0	0	0	0	0	0	50	53	23	28	30	15	0	6	223	203	195	183	159	71	0	11	229	47	0	2	0	0	0	0	205	138	109	81	2	1	2	0	75	119	128	250	27	0	2	0	65	132	181	142	0	1	1	0	7	84	62	0	1	0	
0	0	1	0	0	0	0	0	0	0	2	19	20	67	96	12	2	0	60	206	140	137	130	19	0	0	189	197	146	23	0	1	0	0	16	1	107	166	0	4	0	74	73	0	127	145	0	3	0	37	150	169	151	14	0	1	0	0	0	1	0	1	0	0	
0	0	0	0	0	0	0	0	0	1	0	42	28	0	1	0	0	2	0	72	136	0	3	0	0	1	0	29	134	0	2	0	0	1	0	31	107	0	3	0	0	2	0	57	91	0	3	0	0	2	0	66	53	0	2	0	0	1	0	21	13	0	0	0	
0	0	0	1	0	0	0	0	0	0	2	0	78	40	0	2	0	2	0	36	236	48	0	2	0	2	0	48	209	14	0	1	0	2	0	62	183	0	1	0	0	3	0	141	159	0	3	0	0	1	0	189	73	0	3	0	0	0	0	28	4	0	0	0	
0	0	2	1	0	0	0	0	0	1	0	73	148	120	2	0	2	0	45	218	91	42	2	0	1	0	191	229	97	39	0	1	0	0	93	90	101	193	8	0	0	1	4	0	74	188	0	0	0	0	124	191	187	43	0	2	0	0	13	40	5	0	1	0	
0	0	0	0	0	0	0	0	0	11	61	106	142	54	0	2	0	60	159	80	166	144	0	4	0	0	38	102	236	114	0	3	0	8	172	142	63	191	44	0	0	0	1	0	1	197	74	0	0	128	154	150	175	110	0	1	0	33	48	40	15	0	1	0	
0	0	2	1	0	0	2	1	0	0	0	0	1	0	0	0	0	7	103	113	99	88	81	14	0	1	8	3	0	11	111	24	0	22	54	49	99	158	107	0	0	102	126	93	100	12	0	1	0	6	44	22	0	0	0	0	0	0	0	0	3	1	0	0	
0	0	0	0	0	0	0	0	0	34	123	127	158	134	0	0	0	46	96	80	185	143	0	2	0	12	145	209	211	128	30	0	0	1	5	1	0	98	198	0	0	137	66	25	28	139	152	0	0	69	152	164	166	126	12	0	0	0	0	0	0	0	1	0	
0	1	0	0	0	0	2	0	0	0	7	20	21	4	0	0	0	50	123	107	108	105	58	4	0	1	0	0	2	0	118	42	0	24	79	82	122	138	129	6	0	81	146	109	105	46	0	1	0	0	2	3	0	0	1	0	0	2	1	0	2	2	0	0	
0	0	2	1	0	1	2	0	0	1	0	43	88	34	0	1	2	0	60	125	43	142	47	0	2	0	160	95	85	216	123	0	2	0	98	155	229	97	0	3	0	2	0	82	123	0	3	0	2	0	54	174	7	0	1	0	2	0	58	45	0	2	0	0	
0	0	1	0	1	11	11	0	0	2	0	69	133	133	69	0	1	0	14	156	12	0	1	0	3	0	106	201	116	15	0	1	1	0	19	6	91	108	0	3	0	31	41	0	68	149	0	3	0	12	121	136	139	29	0	1	0	0	5	13	1	0	0	0	
0	0	1	0	19	40	0	0	0	1	0	69	131	172	46	0	1	0	14	82	14	159	28	0	0	1	1	0	155	83	0	3	2	0	53	205	106	0	19	0	0	31	224	177	164	154	39	0	0	60	88	0	54	25	0	1	0	0	0	2	0	1	1	0	
0	0	0	0	0	0	0	0	0	3	0	105	51	0	2	0	0	2	0	125	30	0	1	0	0	3	0	123	41	0	1	0	0	3	0	88	100	0	4	0	0	1	0	21	155	10	0	1	0	0	2	0	88	126	1	0	0	0	0	0	0	11	4	0	
0	0	1	1	0	0	0	0	0	0	0	8	38	34	94	15	0	1	1	166	173	152	98	0	3	0	81	252	154	51	0	2	0	21	60	45	44	202	8	0	0	142	78	0	122	154	0	2	0	36	156	164	153	11	0	1	0	0	8	18	0	1	0	0	
0	0	2	0	2	3	0	0	0	0	0	20	9	0	0	0	2	0	60	129	137	84	0	2	0	0	160	77	182	167	0	3	1	0	84	74	105	87	0	3	0	0	2	0	153	38	0	1	0	0	3	0	159	30	0	1	0	0	3	0	96	70	0	2	
0	0	1	1	0	0	0	0	0	1	0	55	20	10	9	0	2	0	58	179	149	203	22	0	2	0	88	15	132	129	0	4	0	2	0	38	186	6	0	1	0	3	0	147	109	0	3	0	2	0	50	193	4	0	0	0	2	0	59	61	0	2	0	0	
0	0	2	0	0	1	2	0	0	2	0	76	118	29	0	1	3	0	107	153	205	230	34	0	0	56	169	58	97	187	189	0	0	118	88	40	10	85	196	0	0	110	132	0	0	125	102	0	0	17	174	176	169	146	0	0	0	0	2	54	50	0	1	0	
0	0	1	1	0	0	0	0	0	1	0	20	85	35	0	1	1	0	23	156	104	174	6	0	4	0	116	140	54	200	2	0	4	0	116	255	255	131	0	4	1	0	13	90	211	43	0	2	0	3	0	82	188	0	2	0	0	2	0	63	69	0	2	0	
0	0	1	26	3	0	0	0	3	0	113	223	17	0	4	1	0	7	221	67	0	3	0	0	0	22	209	134	169	159	150	35	0	4	220	248	50	18	194	91	3	0	81	237	138	162	190	18	0	1	0	37	110	105	16	0	0	0	1	0	0	0	1	1	
0	0	0	0	1	4	0	0	0	2	0	37	170	183	57	0	0	3	0	164	58	59	162	0	0	4	0	99	137	152	62	0	1	0	20	144	235	45	0	2	0	21	169	128	171	0	3	0	0	48	175	150	73	0	2	0	0	0	6	10	0	0	0	0	
0	0	1	2	0	0	0	0	0	1	2	0	100	85	11	0	1	0	5	126	227	152	2	0	0	6	179	147	138	8	0	1	0	8	107	170	166	64	12	0	0	2	0	164	39	105	60	0	0	3	0	115	141	121	3	0	0	0	0	9	56	10	0	1	
0	0	3	1	0	0	0	0	0	1	0	21	113	129	13	0	2	0	93	217	102	189	95	0	1	0	120	40	18	190	27	0	0	3	0	34	178	62	0	2	2	0	89	234	184	44	53	0	0	95	184	17	111	160	24	0	0	36	14	0	0	0	0	0	
0	0	1	1	0	0	0	0	0	0	0	7	18	1	0	0	3	0	63	183	189	54	0	2	2	0	51	113	129	55	0	2	0	0	0	29	150	5	0	0	0	2	0	64	123	0	3	0	0	3	0	109	78	0	3	0	0	2	0	80	36	0	1	0	
0	0	0	0	1	0	0	0	0	0	1	0	41	113	0	2	0	0	3	0	143	99	0	3	0	1	0	28	184	10	0	1	0	4	0	119	133	0	4	0	1	0	2	182	40	0	1	0	2	0	45	135	0	2	0	0	0	0	0	1	1	0	0	0	
0	0	1	1	0	0	0	0	0	1	0	35	127	41	0	2	1	0	12	142	148	135	0	4	1	0	24	168	142	51	0	2	0	4	0	146	154	0	4	0	0	3	0	168	207	0	1	0	0	3	0	167	174	0	2	0	0	1	0	21	13	0	0	0	
0	0	1	49	44	0	0	0	2	0	90	139	209	65	0	3	0	3	8	50	204	39	0	2	3	0	70	200	202	70	0	2	0	113	124	17	37	223	49	0	0	94	255	255	239	247	57	0	1	0	35	131	148	56	0	1	0	2	0	0	0	0	1	0	
0	0	0	0	0	0	0	0	1	0	11	102	143	93	0	2	3	0	92	107	200	106	0	3	0	2	0	111	107	0	2	0	0	3	0	140	113	0	1	0	0	0	1	0	148	167	0	2	0	26	116	136	153	76	0	1	0	13	53	59	12	0	1	0	
0	0	0	0	1	0	0	0	0	0	1	0	40	124	0	2	0	0	3	0	152	125	0	4	0	1	0	23	204	24	0	1	0	4	0	125	152	0	3	0	1	0	10	204	43	0	2	0	2	0	55	146	0	2	0	0	0	0	1	1	1	0	0	0	
0	0	3	3	4	2	0	0	0	0	0	0	0	0	0	0	0	1	145	161	121	36	0	1	2	0	150	89	81	178	10	0	1	0	29	0	48	134	0	1	0	1	0	24	152	21	0	1	0	1	0	113	48	0	2	0	1	0	36	70	0	3	0	0	
0	1	0	24	49	0	0	0	0	1	0	59	191	62	0	3	0	1	0	51	197	39	0	2	0	0	0	114	182	99	0	2	0	13	56	0	8	182	16	0	0	12	217	108	108	174	0	1	1	0	38	141	142	32	0	1	0	0	1	0	0	0	0	0	
0	0	0	9	4	0	0	0	1	0	22	147	154	47	0	2	0	0	5	0	144	94	0	3	0	0	0	152	173	0	1	0	0	0	2	12	145	56	0	2	0	5	11	0	154	78	0	3	0	13	114	150	117	0	0	0	0	0	7	9	0	0	0	0	
0	0	0	2	5	0	1	0	2	0	35	138	168	69	0	2	3	0	140	86	14	174	24	0	1	0	175	40	0	79	119	0	0	30	188	91	0	44	129	0	0	58	145	15	64	161	51	0	0	2	139	154	131	42	0	1	0	0	2	6	0	1	1	0	
0	0	1	0	38	29	0	1	0	0	0	3	185	48	0	2	0	3	0	124	126	0	2	0	2	0	38	195	108	151	16	0	4	0	97	215	36	167	36	0	4	0	113	215	159	118	0	3	1	0	16	82	52	0	0	0	0	0	0	0	0	1	0	0	
0	0	0	0	0	0	0	0	0	2	0	57	58	0	2	0	0	4	0	132	137	0	4	0	0	3	0	102	136	0	4	0	0	3	0	91	141	0	4	0	0	3	0	82	180	0	2	0	0	1	0	37	171	0	0	0	0	0	0	2	22	0	0	0	
0	3	4	2	0	0	0	0	0	0	0	1	48	70	6	0	0	90	162	171	176	214	8	0	0	85	88	0	85	154	0	4	1	0	28	128	208	174	0	0	1	0	18	207	240	48	0	2	0	3	0	86	244	16	0	1	0	1	0	25	93	0	0	0	
0	0	0	2	1	0	0	0	2	0	118	161	93	0	2	0	0	10	161	40	146	18	0	1	0	1	6	0	127	62	0	2	0	0	5	38	123	104	0	4	3	0	80	129	195	177	3	0	2	0	45	140	112	97	49	0	0	0	0	10	5	0	0	0	
0	0	0	0	0	0	0	0	0	1	0	88	150	146	91	0	3	0	135	114	46	65	53	0	3	0	159	88	3	1	0	0	4	0	148	184	149	110	0	2	1	0	54	19	24	168	0	1	3	0	97	151	157	94	0	2	0	0	2	54	38	0	0	0	
0	0	0	1	3	0	0	0	0	36	128	121	159	39	0	2	0	16	44	44	195	40	0	2	1	0	23	186	206	134	0	1	0	0	11	22	0	155	69	0	2	0	78	197	112	136	87	0	2	0	138	209	195	113	0	1	0	0	0	1	0	0	0	0	
0	0	2	0	0	0	0	0	0	0	4	59	127	48	0	2	1	0	101	84	54	150	7	0	0	31	128	0	59	93	0	0	0	0	80	166	169	20	0	1	2	0	65	70	36	103	0	3	2	0	45	91	74	75	0	3	0	0	0	35	45	5	0	0	
0	0	1	1	0	0	0	0	0	0	0	0	100	9	0	0	2	0	60	24	133	28	0	1	4	0	118	61	111	51	0	2	2	0	52	152	201	46	0	2	0	0	2	0	144	77	0	3	0	0	4	0	74	91	0	3	0	0	0	1	1	0	0	0	
0	1	0	1	0	0	0	0	0	3	115	173	102	0	1	0	0	134	167	87	173	0	5	1	0	70	197	218	159	46	2	0	1	0	26	228	156	181	167	6	0	3	0	204	82	24	228	26	0	2	0	72	184	152	68	0	0	0	0	0	0	0	0	0	
0	0	1	0	0	0	0	0	1	0	13	66	20	1	0	0	3	0	97	169	103	0	1	0	3	0	104	122	118	92	0	2	0	0	0	13	0	133	38	0	2	0	55	99	0	126	58	0	1	0	20	111	120	86	0	0	1	0	18	8	0	0	0	0	
0	0	0	2	2	0	0	0	0	2	99	175	159	8	0	0	0	9	78	87	237	67	0	3	0	1	0	69	129	174	36	0	0	13	29	0	0	89	132	0	0	46	120	0	37	185	73	0	0	9	165	166	166	77	0	2	0	0	3	8	1	0	1	0	
0	1	0	81	15	0	0	0	0	0	1	149	15	0	1	0	1	0	14	147	2	1	1	0	1	0	20	128	0	7	0	0	1	0	15	147	53	181	27	0	0	2	0	101	225	209	27	0	0	0	0	1	19	12	0	0	0	0	0	2	0	0	0	0	
0	0	3	0	14	34	0	0	0	1	2	98	237	224	7	0	3	0	122	255	94	24	2	0	0	35	246	95	45	132	41	0	0	72	255	210	215	255	158	0	0	0	182	255	190	242	103	0	1	0	18	122	155	74	0	1	0	1	1	0	0	0	0	0	
0	0	1	2	1	0	0	0	0	0	4	0	1	1	0	0	0	18	139	153	113	0	3	0	0	30	238	87	160	33	0	1	0	14	62	0	132	99	0	4	0	0	3	0	91	151	0	4	0	1	5	0	76	135	0	4	0	0	2	0	75	73	0	3	
0	1	0	0	1	2	0	0	0	0	62	80	27	0	1	0	0	82	106	77	165	133	7	0	0	63	114	51	193	79	0	2	1	0	13	177	155	71	4	0	1	0	38	99	0	50	49	0	1	0	21	116	65	91	59	0	0	1	0	37	104	90	7	0	
0	0	0	2	1	0	0	0	1	0	8	147	142	55	0	1	3	0	90	139	185	59	0	2	1	0	21	229	128	0	3	0	1	0	19	170	179	36	0	2	3	0	94	111	56	153	0	3	1	0	26	152	155	93	0	2	0	0	0	3	12	1	0	0	
0	0	0	0	0	0	0	0	0	0	0	14	83	0	1	0	0	2	0	54	118	0	3	0	0	3	0	76	90	0	3	0	0	3	0	80	96	0	3	0	0	3	0	73	101	0	3	0	0	1	0	22	112	0	1	0	0	0	0	0	13	1	0	0	
0	0	2	0	0	1	0	0	0	1	0	47	71	21	0	1	2	0	86	116	127	204	3	0	0	20	143	0	3	65	10	0	0	15	160	106	179	40	0	2	1	0	29	60	131	79	0	3	0	0	4	0	96	135	0	4	0	0	2	0	22	61	0	1	
0	1	0	0	2	0	0	0	0	27	111	93	4	0	0	0	0	143	136	137	141	0	1	0	3	18	0	0	152	35	0	1	0	0	6	46	137	9	0	0	1	0	8	163	191	24	0	1	0	0	2	0	70	187	108	0	0	0	0	2	0	15	28	0	
0	0	0	3	3	1	0	0	1	0	7	145	125	4	0	0	3	0	70	167	77	116	0	3	3	0	88	64	0	147	36	0	2	0	124	28	0	86	72	0	3	0	134	68	22	157	36	0	2	0	46	178	159	65	0	2	0	0	0	3	1	0	1	0	
0	0	1	0	1	1	0	0	1	0	10	83	29	0	1	0	3	0	120	135	129	19	0	1	1	0	180	29	157	80	0	3	2	0	73	152	192	94	0	4	0	0	2	0	70	141	0	4	0	0	5	0	65	161	0	3	0	0	1	0	27	72	0	1	
0	0	0	0	0	0	0	0	0	3	0	91	67	0	2	0	0	4	0	139	101	0	3	0	0	4	0	132	113	0	3	0	0	3	0	95	153	0	4	0	0	2	0	52	178	0	1	0	0	0	0	8	150	15	0	1	0	0	0	0	0	0	0	0	
0	0	5	27	0	1	0	0	2	0	117	140	0	3	1	2	0	49	186	6	0	6	7	0	0	88	116	0	118	164	166	60	0	84	124	66	160	0	96	128	0	5	151	179	171	78	143	34	0	0	2	63	112	103	21	0	0	1	2	0	0	0	1	1	
0	0	6	20	1	0	0	0	3	0	67	212	96	0	2	0	2	0	69	55	140	44	0	2	0	0	3	0	93	91	0	3	1	0	39	113	160	114	0	4	3	0	138	124	204	178	20	0	2	0	43	134	75	0	7	0	0	0	0	0	0	1	0	0	
0	0	0	0	0	0	0	0	0	0	2	0	130	54	0	2	0	0	2	0	176	52	0	2	0	1	0	18	160	6	0	0	0	3	0	93	164	0	3	0	0	4	0	171	104	0	3	0	0	2	0	115	55	0	2	0	0	0	0	0	1	0	0	0	
0	0	31	62	10	0	0	0	0	6	137	147	88	0	3	0	0	0	0	144	143	0	3	0	1	0	24	99	142	74	0	3	0	0	2	2	22	142	0	0	4	0	85	242	188	176	6	0	2	0	43	125	141	93	0	2	0	0	0	0	0	0	0	0	
0	0	3	4	2	0	1	0	0	0	0	0	2	7	0	0	2	0	77	134	142	132	79	0	3	0	94	196	129	1	8	0	0	0	1	0	92	70	0	3	1	23	4	0	108	70	0	3	0	66	106	117	98	0	1	0	0	0	9	11	0	1	0	0	
0	0	1	0	0	0	0	0	0	0	2	0	62	30	0	1	1	0	97	0	110	57	0	2	2	0	135	15	66	49	0	2	4	0	126	149	133	55	0	2	1	0	14	30	120	91	0	3	0	0	2	0	49	108	0	3	0	0	1	1	4	16	0	0	
0	0	3	1	0	1	0	0	0	1	0	83	101	0	1	0	1	0	123	177	48	23	3	0	0	0	210	159	95	171	0	2	2	0	48	153	255	79	0	3	0	1	0	18	230	37	0	2	0	0	0	7	207	74	0	3	0	0	0	0	22	16	0	0	
0	0	1	0	5	3	0	0	1	0	25	156	174	53	0	2	2	0	135	75	0	1	1	0	2	0	115	153	126	22	0	1	0	0	1	0	64	152	1	0	0	0	119	63	0	110	76	0	1	0	42	136	150	141	31	0	0	0	0	0	8	7	0	0	
0	0	1	2	2	1	0	0	0	0	0	0	0	13	3	0	0	0	79	82	117	137	0	1	0	0	13	11	132	61	11	5	1	0	39	135	171	83	52	0	0	3	0	101	59	0	2	0	0	0	0	124	15	0	2	0	0	0	8	84	0	1	0	0	
1	0	36	101	0	2	0	0	3	0	81	113	0	6	0	0	4	0	118	71	0	2	0	0	4	0	122	69	9	75	0	0	4	0	108	118	141	215	16	0	1	0	10	175	245	185	2	0	0	0	0	3	17	11	0	0	0	0	1	1	0	0	0	0	
0	0	1	1	1	1	1	0	0	0	0	129	154	27	0	1	3	0	88	127	55	162	16	0	2	0	135	27	0	67	105	0	0	0	109	9	0	45	128	0	2	0	141	41	0	146	45	0	2	0	47	149	132	54	0	2	0	0	0	7	6	0	1	0	
0	0	1	2	3	0	0	0	0	1	3	0	0	1	0	0	0	1	166	186	114	0	1	0	0	62	219	37	144	85	0	3	0	49	72	0	48	131	0	3	0	0	1	0	23	148	0	1	0	1	4	0	32	154	0	1	0	0	1	0	39	95	0	2	
0	1	1	0	0	0	0	0	1	0	34	14	0	28	6	0	0	25	198	29	0	152	37	0	0	152	229	117	45	160	33	0	0	40	69	68	116	210	19	0	0	0	1	0	28	193	9	0	0	2	5	0	45	170	0	2	0	0	1	0	18	70	0	1	
0	0	0	0	0	1	0	0	0	2	0	50	137	25	0	1	0	0	10	128	109	141	0	2	1	0	10	133	124	47	0	1	0	4	0	167	133	0	4	0	1	0	32	132	127	40	0	1	1	0	15	130	161	63	0	3	0	1	0	22	46	0	0	0	
0	0	0	0	1	0	0	0	0	0	0	0	9	79	0	0	0	0	3	0	91	104	0	3	0	0	0	4	167	25	0	1	0	3	0	82	135	0	3	0	1	0	5	147	27	0	1	0	3	0	75	96	0	3	0	0	0	0	11	8	0	0	0	0	
0	0	0	3	3	1	1	0	1	0	9	137	149	27	0	1	4	0	100	187	35	152	2	0	2	0	120	55	0	110	72	0	0	2	117	8	0	62	94	0	2	0	143	47	46	178	49	0	2	0	58	184	158	52	0	2	0	0	0	2	1	0	1	0	
0	0	1	1	0	2	1	0	0	0	0	8	24	5	0	0	0	0	4	142	122	137	30	0	3	0	78	112	0	196	76	0	2	0	44	155	195	80	0	2	0	3	0	130	105	0	3	0	1	0	14	132	2	2	0	0	1	0	20	72	0	2	0	0	
0	0	0	0	0	0	0	0	0	2	0	55	83	0	3	0	0	3	0	74	113	0	3	0	0	3	0	90	102	0	3	0	0	3	0	94	93	0	3	0	0	2	0	71	128	0	3	0	0	1	0	23	126	0	1	0	0	0	0	0	0	0	0	0	
0	0	0	0	6	2	0	0	0	1	0	101	158	129	4	0	2	0	49	138	0	145	50	0	0	0	4	0	13	146	8	0	0	10	82	75	168	143	0	2	0	128	98	196	164	86	66	0	0	92	143	103	1	0	0	0	0	2	11	0	3	4	1	0	
0	0	0	34	11	0	0	0	1	0	19	196	125	0	1	0	1	0	36	55	103	47	0	2	0	0	2	0	66	51	0	2	2	0	61	141	195	82	0	3	3	0	125	134	149	110	16	0	2	0	48	124	13	0	2	0	0	0	0	0	2	2	0	0	
0	1	1	0	1	0	0	0	0	0	2	2	90	13	0	0	0	48	64	0	122	85	0	3	0	133	129	81	168	132	0	2	0	192	145	63	119	225	99	0	1	33	4	0	49	163	2	3	0	0	4	0	45	132	0	2	0	2	0	0	0	0	1	0	
0	0	21	39	13	0	0	0	2	0	110	154	102	0	4	0	1	0	4	147	178	13	0	1	1	0	14	59	86	150	1	0	0	0	8	17	0	95	74	0	4	0	98	253	139	146	61	0	1	0	18	109	153	86	0	1	0	0	0	0	0	0	1	0	
0	0	0	0	0	0	0	0	0	2	0	88	55	0	2	0	0	3	0	169	115	0	4	0	0	3	0	112	134	0	4	0	0	3	0	98	163	0	4	0	0	3	0	72	178	0	2	0	0	3	0	75	173	0	2	0	0	0	0	9	27	0	0	0	
0	0	0	0	0	0	0	0	1	0	21	50	30	43	0	2	2	0	47	119	59	72	0	3	3	0	68	156	60	55	0	2	3	0	70	166	184	130	0	2	0	0	3	0	80	92	0	3	0	0	3	0	72	97	0	4	0	0	0	0	7	17	0	1	
0	0	0	0	0	2	1	0	0	21	15	7	13	3	0	0	0	70	126	119	96	143	16	0	0	0	3	0	53	192	2	0	0	2	2	0	176	61	0	2	0	3	0	118	131	0	3	0	2	0	49	185	4	0	0	0	3	0	72	92	0	3	0	0	
0	0	0	0	0	0	0	0	2	0	58	198	163	7	0	1	0	0	177	134	41	0	1	0	0	2	133	147	167	64	0	2	0	0	1	0	29	168	19	0	0	11	116	39	0	121	89	0	2	0	73	154	168	169	30	0	0	0	0	0	4	1	0	0	
0	0	0	10	6	0	0	0	1	0	75	117	134	14	0	1	0	2	37	22	151	5	0	0	0	2	0	38	161	84	0	1	0	0	3	1	0	145	23	0	0	0	0	4	94	105	0	2	0	58	140	131	91	9	0	1	0	4	15	7	0	1	0	0	
1	0	25	61	0	2	0	0	3	0	91	116	0	5	0	0	3	0	134	54	0	2	0	0	3	0	133	38	13	50	0	0	4	0	102	87	126	215	35	0	1	0	19	190	239	208	26	0	0	0	0	9	68	45	0	1	0	0	1	1	0	1	1	0	
0	0	0	0	0	0	0	0	0	0	5	23	12	1	0	0	3	0	111	97	117	73	0	3	1	0	68	0	56	58	0	2	0	0	3	0	90	46	0	2	0	0	4	0	88	24	0	1	0	0	1	0	115	12	0	0	0	0	0	0	93	6	0	0	
0	0	1	2	3	1	0	0	0	0	4	2	0	1	0	0	3	0	112	164	132	13	0	1	0	0	212	134	92	119	0	3	0	4	77	7	4	131	4	0	0	0	0	2	0	125	15	0	0	0	3	0	0	136	13	0	0	0	0	0	7	101	1	0	
0	0	0	3	0	0	0	0	2	0	33	189	111	0	4	0	2	0	30	216	77	0	2	0	1	0	17	135	187	148	2	0	0	0	0	2	0	129	107	0	0	33	35	20	58	162	54	0	0	62	181	173	136	46	0	1	0	0	3	3	0	1	1	0	
0	0	0	1	1	0	0	0	2	0	27	178	104	57	21	0	3	0	118	60	181	161	0	1	2	0	47	165	163	13	0	1	1	0	8	200	160	0	0	0	4	0	110	101	79	131	0	4	3	0	70	169	141	69	0	2	0	0	0	9	11	0	0	0	
0	1	3	0	0	1	0	0	0	2	0	48	84	5	0	0	0	10	146	137	188	156	0	3	0	125	136	1	169	179	0	3	0	152	163	219	254	140	0	4	0	22	108	34	64	184	0	2	0	0	1	0	24	221	27	0	0	1	4	2	1	85	16	0	
0	0	1	0	0	1	0	0	0	0	1	75	49	0	1	0	2	0	78	102	148	77	0	3	2	0	135	22	39	54	0	2	2	0	51	144	176	61	0	3	0	0	2	0	75	87	0	3	0	0	5	0	77	129	0	4	0	0	1	0	27	71	0	2	
0	0	0	1	7	1	0	0	0	1	0	38	143	75	0	3	0	0	6	120	32	143	6	0	3	0	70	84	0	120	20	0	1	0	112	24	0	105	9	0	0	13	121	0	37	97	0	2	2	0	75	113	104	20	0	1	0	0	0	13	4	0	0	0	
0	1	0	16	30	0	1	0	0	4	0	120	221	13	0	1	0	2	0	49	124	101	0	4	0	0	2	0	48	147	0	3	0	0	114	129	149	106	0	4	0	4	189	226	240	136	0	3	1	0	21	47	5	85	4	0	0	0	0	0	0	0	0	0	
0	0	0	0	0	2	0	0	0	2	0	85	41	0	1	0	1	0	9	187	28	86	16	0	3	0	104	122	4	190	12	0	4	0	164	203	168	206	14	0	1	0	17	67	210	39	0	1	0	2	0	61	131	0	3	0	0	0	0	15	13	0	0	0	
0	0	11	17	19	0	1	0	3	0	153	201	183	34	0	2	2	0	138	63	84	137	0	4	0	0	7	4	56	152	0	3	2	0	146	190	201	155	0	4	1	0	165	143	220	206	97	0	1	0	43	121	26	24	105	5	0	0	0	0	1	1	0	0	
0	0	0	1	1	0	0	0	0	1	0	20	107	0	1	0	0	1	0	24	173	0	0	0	0	1	0	41	170	0	1	0	0	2	0	70	140	0	3	0	0	4	0	117	148	0	4	0	0	3	0	92	97	0	3	0	0	0	0	0	0	0	0	0	
0	0	2	0	2	1	0	0	0	0	0	21	4	0	0	0	1	0	64	162	124	2	0	0	0	57	192	0	106	92	0	3	0	48	68	0	31	147	0	2	0	0	2	0	27	143	0	2	0	1	5	0	80	105	0	4	0	0	2	0	98	45	0	2	
0	0	0	0	0	0	0	0	0	1	0	27	68	0	1	0	0	3	0	95	174	0	3	0	0	3	0	78	168	0	3	0	0	3	0	109	131	0	4	0	0	4	0	138	91	0	3	0	0	3	0	160	66	0	2	0	0	0	0	28	5	0	0	0	
1	0	16	48	0	1	0	0	2	0	55	124	0	6	0	0	3	0	75	113	0	4	0	0	3	0	74	107	0	87	6	0	3	0	80	98	78	215	53	0	2	0	46	184	211	169	16	0	0	1	0	50	71	9	0	1	0	0	1	1	0	1	1	0	
0	2	1	0	0	1	2	0	0	0	14	49	84	37	0	1	0	61	205	163	133	170	67	0	0	179	63	0	0	119	175	0	0	131	143	45	91	242	88	0	0	7	118	133	166	217	9	0	0	0	3	0	99	155	0	4	0	1	5	0	47	37	0	1	
0	0	1	1	0	0	0	0	0	0	3	0	71	28	0	1	1	0	17	15	101	19	0	1	2	0	62	63	98	14	0	0	3	0	63	133	159	75	0	1	0	1	0	22	144	37	0	1	0	0	2	0	52	32	0	1	0	0	0	1	2	3	0	0	
0	0	0	0	0	0	0	0	5	55	91	59	6	1	0	0	20	45	14	106	62	0	3	0	1	0	19	125	115	48	0	1	1	1	3	1	9	95	34	0	1	0	32	31	0	65	68	0	1	0	31	88	77	87	9	0	0	0	0	18	31	1	0	0	
1	0	28	9	0	1	2	0	0	3	175	62	100	39	0	2	0	62	114	34	130	174	66	0	0	111	77	0	0	35	182	10	0	127	51	0	0	49	181	7	0	103	152	69	150	201	51	0	0	7	126	156	100	11	0	1	0	1	0	0	0	1	2	0	
0	0	0	0	1	0	0	0	0	0	4	111	31	0	1	0	0	2	0	173	149	0	3	0	0	3	0	80	212	0	0	0	0	2	0	61	209	0	0	0	0	3	0	67	212	0	0	0	0	2	0	36	214	24	0	1	0	0	0	0	32	11	0	0	
0	0	0	3	1	0	0	0	1	0	28	157	158	28	0	2	1	0	152	59	9	1	1	0	1	0	124	141	121	12	0	1	0	0	1	0	65	143	0	0	1	0	36	32	0	154	64	0	3	0	63	167	154	128	8	0	0	0	0	4	9	0	0	0	
2	0	58	87	0	3	0	0	4	0	138	87	0	6	2	0	0	0	175	36	0	1	0	0	0	8	194	26	21	93	40	0	2	0	160	207	174	193	207	3	4	0	98	215	183	162	82	0	0	0	6	0	18	11	0	0	0	0	0	2	0	1	3	0	
0	0	1	0	0	2	0	0	1	0	8	100	99	6	0	1	3	0	102	79	52	136	4	0	3	0	127	43	96	107	0	2	1	0	10	187	146	0	3	0	0	2	0	134	117	37	0	2	0	1	0	120	158	81	0	3	0	1	0	19	58	2	0	0	
0	0	0	0	1	0	0	0	0	0	2	0	64	27	0	1	0	0	0	0	159	30	0	1	0	1	0	32	162	0	1	0	0	3	0	86	144	0	4	0	0	3	0	105	99	0	3	0	0	3	0	90	48	0	2	0	0	0	0	12	8	0	0	0	
0	0	0	0	0	0	1	0	1	0	31	107	81	97	31	0	2	0	45	255	166	155	155	0	4	0	104	249	85	0	130	30	1	0	188	250	114	0	102	39	0	10	227	159	6	108	150	0	2	0	128	184	179	139	18	0	0	0	4	53	29	0	2	0	
0	0	0	2	4	3	0	0	0	34	24	0	0	0	0	0	0	128	236	152	80	82	3	0	0	51	186	108	255	157	0	2	1	0	177	191	69	167	89	0	1	0	25	27	0	35	196	17	0	1	1	1	5	0	177	49	0	0	1	2	0	9	90	9	
0	0	1	1	1	1	0	0	0	0	0	12	15	0	0	0	3	0	90	202	174	16	0	1	4	0	157	92	66	108	0	4	2	0	147	26	16	114	0	2	0	0	30	2	11	121	0	1	0	0	1	0	35	135	0	2	0	0	3	0	47	93	0	3	
0	2	2	0	1	2	0	0	0	0	7	36	13	0	0	0	0	48	140	118	130	65	0	2	0	92	141	92	87	57	0	1	0	0	15	33	79	106	0	1	0	1	1	0	0	131	14	0	0	0	3	0	73	119	0	2	0	0	1	0	112	28	0	1	
1	0	21	66	31	0	1	0	3	0	61	190	146	0	2	0	2	0	49	217	172	0	0	0	1	0	41	51	109	121	0	3	1	0	18	27	1	133	9	0	4	0	110	255	222	185	9	0	1	0	20	120	161	66	0	2	0	0	0	0	0	0	0	0	
0	0	1	0	1	2	0	0	0	1	0	128	153	0	2	0	3	0	73	242	228	62	0	2	2	0	145	42	77	226	35	0	0	3	136	11	0	145	120	0	0	8	172	22	42	197	40	0	3	0	114	183	165	71	0	2	0	0	0	6	2	0	1	0	
0	0	1	1	1	2	0	0	2	0	76	173	156	98	0	3	1	0	145	181	183	16	0	1	1	0	105	97	105	135	0	2	0	0	4	28	0	110	43	0	4	0	93	246	186	156	59	0	2	0	55	181	219	160	5	0	0	0	0	2	0	0	0	0	
0	3	0	0	0	0	0	0	1	0	37	117	110	9	0	0	0	152	232	181	255	79	0	3	11	189	51	149	255	120	0	1	0	2	1	50	75	238	127	0	0	10	172	92	82	233	151	0	0	13	177	188	201	156	32	0	0	0	0	0	0	0	0	0	
0	0	2	0	7	6	0	0	0	0	3	0	75	43	0	2	1	0	50	0	106	43	0	2	2	0	109	11	87	45	0	2	3	0	83	157	175	57	0	2	0	1	0	19	134	74	0	3	0	0	2	0	26	52	0	2	0	0	0	1	2	0	0	0	
0	0	2	1	0	1	0	0	0	2	0	47	133	8	0	1	2	0	46	189	135	38	0	2	1	0	169	27	102	112	0	4	1	0	146	138	184	128	0	4	0	0	12	15	61	161	0	3	0	0	3	0	60	158	0	3	0	0	1	0	9	17	0	1	
0	0	0	0	0	0	0	0	0	0	0	15	65	0	1	0	0	1	0	30	101	0	3	0	0	1	0	41	111	0	3	0	0	2	0	54	116	0	3	0	0	2	0	57	117	0	3	0	0	1	0	37	97	0	2	0	0	0	0	0	0	0	0	0	
0	1	0	29	44	0	1	0	0	4	0	130	98	0	3	0	0	0	0	151	19	0	1	0	2	0	44	177	118	69	0	2	2	0	35	186	122	192	24	0	0	0	0	150	164	152	0	0	0	1	0	22	93	19	0	1	0	0	0	1	0	1	0	0	
0	0	0	0	0	1	0	0	0	1	0	73	137	30	0	1	2	0	58	101	45	133	55	0	2	0	53	96	75	159	7	0	0	2	0	181	212	2	0	1	2	0	51	89	82	69	0	2	2	0	40	152	132	69	0	3	0	1	0	40	46	0	0	0	
0	1	0	16	19	0	1	0	2	0	32	207	119	0	4	0	2	0	58	140	128	0	3	0	0	2	0	60	124	0	4	0	0	2	0	61	113	0	3	0	0	3	0	143	189	90	26	0	0	1	0	75	127	142	25	0	0	0	0	0	0	0	0	0	
0	0	0	0	0	1	0	0	0	1	0	133	104	0	1	0	1	0	18	140	155	81	0	3	2	0	43	98	20	158	0	1	3	0	87	111	0	148	8	0	4	0	94	139	150	124	0	2	2	0	29	200	124	0	0	0	0	0	0	0	0	2	0	0	
0	0	2	0	0	3	0	0	0	2	0	84	90	0	3	0	2	0	92	207	73	111	115	0	0	47	240	112	148	252	52	0	0	78	233	153	156	176	0	1	0	0	4	0	195	121	0	4	0	2	0	39	236	56	0	2	0	0	0	8	28	0	0	0	
0	0	1	2	0	0	0	0	2	0	94	175	144	15	0	1	0	21	129	80	112	3	0	0	0	3	159	148	158	134	0	2	0	0	7	6	0	151	64	0	1	0	30	150	27	100	99	0	0	0	0	121	202	176	28	0	0	0	0	0	0	0	0	0	
0	0	1	0	0	0	0	0	0	0	0	20	18	0	0	0	2	0	103	188	172	18	0	1	0	0	27	0	108	47	0	2	1	0	22	143	211	104	0	3	1	0	12	117	162	17	0	1	0	3	0	70	95	0	3	0	0	2	0	60	44	0	1	0	
1	0	12	25	25	0	0	0	2	0	167	177	158	44	0	2	0	32	150	0	44	103	0	3	0	3	3	11	15	113	0	1	2	0	91	175	179	124	0	3	0	12	154	100	228	198	40	0	1	0	91	144	36	49	77	0	0	0	0	0	0	0	0	0	
0	0	1	0	16	11	0	0	0	0	2	0	70	147	0	0	0	0	4	0	8	203	38	0	0	1	0	12	183	153	0	2	0	6	82	170	128	1	0	0	0	33	247	223	53	0	1	0	0	1	8	95	128	0	0	0	0	0	0	0	0	0	0	0	
0	0	2	0	2	0	0	0	0	0	0	14	3	0	0	0	1	0	133	208	107	0	2	0	0	8	131	19	146	28	0	1	0	0	3	0	89	66	0	3	0	0	5	0	77	71	0	3	0	0	3	0	90	48	0	2	0	0	2	0	87	26	0	1	
0	0	0	0	5	22	0	0	0	0	3	0	142	141	0	3	0	0	0	2	183	41	0	2	1	0	28	127	136	0	3	0	2	0	74	236	129	8	0	1	0	1	0	178	218	45	0	2	0	2	0	84	92	0	2	0	0	0	0	0	0	0	0	0	
0	0	0	17	36	0	1	0	2	0	55	207	177	23	0	1	2	0	71	55	82	96	0	3	0	0	2	0	69	102	0	3	3	0	77	89	67	80	0	3	4	0	152	255	228	124	20	0	1	0	37	127	76	131	44	0	0	0	0	0	0	0	0	0	
0	0	0	6	10	0	0	0	0	0	3	123	148	52	0	2	0	1	0	70	174	44	0	2	0	3	0	79	144	29	0	1	0	1	3	0	56	119	0	3	0	30	90	10	159	59	0	2	1	0	87	184	99	0	2	0	0	0	0	2	0	1	0	0	
0	0	0	0	0	0	0	0	3	0	59	142	105	17	0	1	1	0	18	131	193	63	0	3	0	0	0	108	177	84	0	3	2	0	50	81	39	122	0	2	0	0	147	121	233	171	0	3	1	0	79	148	129	48	0	1	0	0	1	6	0	0	0	0	
0	0	0	0	40	28	0	1	0	0	0	109	139	163	35	0	0	0	8	55	0	126	69	0	0	1	1	0	28	144	3	0	0	1	5	21	132	30	0	1	0	74	232	214	96	0	1	0	0	52	120	105	91	2	0	0	0	0	0	0	0	0	0	0	
2	0	50	28	0	1	0	0	4	0	106	112	0	6	0	0	3	0	71	151	0	3	0	0	1	0	33	158	63	141	0	1	1	0	6	191	188	197	15	0	0	3	0	151	255	154	0	1	0	1	0	13	72	18	0	1	0	0	0	1	0	1	0	0	
0	0	0	0	4	1	0	0	0	50	139	163	143	163	90	0	0	36	66	34	0	179	102	0	0	0	1	0	135	146	0	1	1	0	7	160	144	0	2	0	0	45	210	139	24	92	53	0	0	132	195	139	158	145	33	0	0	1	0	0	0	0	0	0	
0	0	3	53	5	0	0	0	1	0	25	224	126	0	2	0	2	0	57	76	122	30	0	1	0	0	3	0	120	50	0	2	2	0	128	188	226	66	0	3	2	0	148	239	181	192	45	0	0	0	5	29	0	35	30	0	0	0	1	0	2	1	0	0	
0	0	0	0	0	0	0	0	0	0	1	34	62	1	0	0	2	0	35	152	188	66	0	3	0	0	3	0	120	58	0	2	0	1	0	34	144	0	1	0	0	3	0	107	87	0	3	0	1	0	9	167	17	0	1	0	0	0	14	50	0	1	0	0	
0	0	0	0	0	0	0	0	0	0	1	96	8	0	0	0	0	3	0	144	47	0	2	0	0	3	0	84	83	0	3	0	0	2	0	66	137	0	3	0	0	1	0	18	168	5	0	0	0	0	1	0	137	40	0	2	0	0	0	0	1	1	0	0	
0	0	0	1	2	0	0	0	0	0	1	0	6	65	0	0	0	1	0	25	138	120	0	2	1	0	14	113	133	67	0	3	2	0	152	160	175	65	0	2	0	3	18	63	105	0	1	0	0	3	0	99	64	0	2	0	0	0	0	14	9	0	0	0	
0	0	0	0	3	0	0	0	0	0	4	10	0	1	0	0	4	0	108	200	106	0	0	0	3	0	106	49	98	61	0	2	0	0	3	0	47	108	0	3	0	0	2	0	44	110	0	3	0	0	2	0	58	91	0	3	0	0	2	0	68	62	0	2	
0	0	1	0	0	0	0	0	0	0	1	44	123	47	0	2	3	0	74	174	51	15	0	1	0	0	207	185	136	26	0	1	0	1	87	31	81	153	0	1	0	0	0	0	1	162	21	0	2	0	67	130	144	87	0	2	1	0	10	56	24	0	1	0	
0	0	0	1	2	0	0	0	0	0	2	9	4	0	0	0	2	0	41	225	132	0	2	0	2	0	63	150	107	45	0	2	2	0	62	93	35	114	0	3	0	0	5	4	18	122	0	1	0	0	0	0	13	117	0	1	0	0	1	0	9	83	0	1	
0	0	2	0	2	2	0	0	0	1	2	31	3	0	2	1	2	0	82	192	152	47	8	0	0	82	129	14	69	87	140	15	0	127	76	0	4	0	151	50	0	26	151	133	122	130	82	0	0	0	5	35	47	15	0	1	0	1	2	0	0	0	3	0	
0	0	1	0	1	0	0	0	0	1	0	41	27	0	1	0	1	0	17	154	137	0	1	0	2	0	58	31	80	25	0	1	2	0	55	107	139	23	0	1	1	0	12	92	129	24	0	1	0	0	3	0	84	43	0	2	0	0	2	0	39	23	0	1	
0	1	0	0	0	0	0	0	1	0	66	140	65	0	1	0	0	115	255	205	238	44	0	2	0	101	75	114	239	30	0	2	1	0	0	214	252	89	0	1	0	3	0	30	188	255	60	0	0	3	0	106	249	185	35	0	0	0	0	19	39	1	0	0	
0	0	0	3	0	0	0	0	0	2	0	66	40	0	1	0	0	1	0	34	30	0	1	0	0	3	0	85	81	0	3	0	0	3	0	90	88	0	3	0	0	3	0	72	81	0	3	0	0	2	0	48	82	0	3	0	0	0	0	0	1	0	0	0	
0	0	0	0	0	0	0	1	0	0	8	3	31	76	34	0	3	0	79	217	133	113	114	48	3	0	137	92	0	1	1	5	0	57	154	2	49	85	5	0	0	36	133	95	166	182	0	1	0	1	0	88	138	9	0	1	0	1	1	82	18	0	1	0	
2	0	55	131	42	0	1	0	3	0	101	115	103	1	0	0	0	1	2	0	47	50	0	2	1	0	60	63	55	84	0	3	0	40	149	105	204	141	0	3	0	49	126	97	173	163	102	0	1	0	61	82	10	5	39	0	0	1	0	0	2	3	0	0	
0	0	2	0	56	47	0	1	0	1	0	30	126	20	0	1	0	2	0	123	43	0	2	0	2	0	40	122	56	33	0	1	3	0	69	153	83	91	8	0	2	0	47	219	102	81	8	0	0	0	0	56	78	14	0	1	0	0	0	0	0	1	0	0	
0	0	0	35	1	0	0	0	0	0	11	93	0	3	0	0	1	0	24	64	0	2	0	0	2	0	50	67	102	98	0	1	3	0	57	175	120	152	0	0	2	0	33	221	135	33	0	2	0	0	1	48	6	0	0	0	0	0	0	0	3	2	0	0	
0	0	0	1	0	0	0	0	0	0	2	0	93	50	0	2	0	2	0	31	232	46	0	2	0	4	0	116	197	0	2	0	0	3	0	184	127	0	4	0	0	2	0	190	112	0	4	0	0	2	0	144	74	0	3	0	0	0	0	0	0	0	0	0	
0	0	0	1	1	0	0	0	0	1	29	13	2	0	0	0	2	0	163	221	71	0	2	0	3	0	141	76	65	19	0	1	1	0	32	0	64	94	0	3	0	0	2	0	40	144	0	2	0	0	4	0	62	171	0	3	0	0	1	0	41	63	0	2	
0	0	0	0	0	3	0	0	1	0	19	10	10	57	0	1	3	0	83	45	15	107	0	2	2	0	116	17	20	128	0	2	0	15	142	41	81	147	0	2	0	3	75	85	112	133	0	3	0	0	2	0	43	81	0	3	0	0	3	4	2	0	0	0	
0	0	1	0	0	0	0	0	1	0	27	141	151	40	0	2	2	0	106	169	112	8	0	1	0	7	195	163	174	66	0	2	0	0	49	16	28	164	12	0	0	0	5	39	0	125	77	0	0	1	0	151	190	190	34	0	0	1	0	21	59	18	0	1	
0	0	0	2	52	17	0	1	1	0	3	134	199	159	0	1	1	0	23	67	11	177	10	0	0	1	2	0	63	149	0	3	0	0	84	169	245	181	9	0	0	134	199	219	118	29	11	0	0	86	134	71	0	1	0	0	0	0	0	0	2	2	0	0	
0	0	1	0	0	0	0	0	0	0	0	0	67	4	0	0	2	0	52	29	75	7	0	0	3	0	90	42	83	13	0	0	2	0	57	157	183	46	0	2	0	1	0	27	145	44	0	2	0	0	3	0	73	43	0	2	0	0	0	2	2	0	0	0	
0	0	5	9	0	0	0	0	0	0	113	161	87	0	3	0	0	1	31	170	120	0	4	0	3	0	103	204	154	117	3	0	0	0	0	1	0	151	126	0	1	0	22	90	27	179	79	0	3	0	57	186	159	69	0	2	0	0	0	5	4	0	1	0	
0	0	0	2	0	0	1	0	2	0	48	176	180	79	0	2	1	0	142	47	31	190	82	0	0	26	139	0	0	48	153	0	0	51	100	0	0	69	139	0	0	29	144	24	86	205	46	0	2	0	131	208	161	47	0	2	0	0	0	1	0	1	2	0	
0	0	1	0	0	0	0	0	0	0	8	20	0	81	14	0	4	0	116	150	0	201	34	0	0	5	211	110	69	190	4	0	0	49	241	131	173	191	0	2	0	6	28	0	168	97	0	3	0	1	0	28	179	7	0	1	0	0	1	4	19	0	0	0	
0	0	0	0	0	0	0	0	0	1	0	22	103	0	2	0	0	1	0	36	141	0	2	0	0	2	0	50	116	0	3	0	0	2	0	65	93	0	3	0	0	3	0	70	129	0	3	0	0	2	0	47	112	0	2	0	0	0	0	0	0	0	0	0	
0	0	0	0	0	2	1	0	0	15	18	0	0	75	27	0	0	54	91	0	11	110	3	0	0	68	92	0	29	186	15	0	0	80	133	67	158	123	0	2	0	20	110	55	67	130	0	3	0	0	1	0	33	110	0	2	0	1	4	3	0	0	0	0	
0	0	0	0	0	0	0	0	0	1	0	29	89	0	2	0	0	1	0	43	117	0	3	0	0	1	0	43	123	0	3	0	0	1	0	44	120	0	3	0	0	2	0	50	129	0	3	0	0	1	0	38	102	0	3	0	0	0	0	0	0	0	0	0	
0	0	1	1	1	0	0	0	0	0	0	12	9	0	0	0	1	0	2	156	115	0	2	0	3	0	57	206	184	39	0	2	0	0	7	44	106	76	0	3	0	0	3	0	116	48	0	2	0	0	2	0	137	27	0	1	0	0	1	0	82	16	0	1	
0	0	1	0	1	0	0	0	0	0	8	101	7	0	0	0	3	0	53	215	89	0	3	0	3	0	83	112	127	3	0	0	1	0	22	146	179	25	0	1	0	0	3	0	112	60	0	2	0	0	5	0	113	88	0	3	0	0	1	0	21	18	0	1	
0	0	0	0	0	0	0	0	0	0	0	112	119	13	0	1	0	0	2	68	200	139	0	4	0	2	0	87	145	41	0	2	0	3	0	143	119	0	2	0	1	0	59	11	110	79	0	3	2	0	49	165	160	71	0	3	0	1	0	29	51	0	0	0	
0	0	0	0	2	1	0	0	0	1	0	132	72	8	3	0	2	0	66	101	99	122	0	3	2	0	45	167	154	8	0	1	0	2	0	179	166	0	0	1	1	0	24	113	90	88	0	3	0	0	9	120	127	58	0	2	0	0	0	8	15	0	0	0	
0	0	1	3	0	0	0	0	2	0	48	184	116	0	1	0	0	0	11	0	154	60	0	2	0	1	0	35	140	38	0	2	0	2	0	138	206	3	0	1	0	0	9	0	97	96	0	4	0	4	140	127	131	39	0	2	0	1	8	15	9	0	0	0	
0	0	0	0	0	2	0	0	1	0	142	162	60	0	2	0	0	2	172	97	217	125	0	2	1	0	147	20	21	221	53	0	2	0	144	28	0	121	113	0	3	0	136	79	65	211	71	0	2	0	53	199	200	90	0	2	0	0	0	1	0	0	1	0	
0	0	0	0	0	0	0	0	1	0	64	155	133	61	0	2	1	0	192	120	85	62	0	1	3	0	171	136	50	1	0	0	1	0	59	81	160	134	0	1	0	3	0	117	46	178	59	0	0	3	0	145	213	149	12	0	0	1	0	23	52	1	0	0	
0	0	0	7	15	0	1	0	0	3	0	85	187	3	0	1	0	2	0	158	150	136	0	3	0	0	3	24	0	140	25	0	0	35	152	137	98	135	11	0	0	139	99	81	199	187	32	0	0	44	105	67	2	29	39	0	0	0	0	0	1	1	0	0	
0	0	0	2	0	2	1	0	0	0	4	0	80	162	2	0	0	3	0	83	232	176	0	2	2	0	52	202	47	151	0	0	0	4	193	45	35	168	0	2	0	11	218	65	122	111	0	4	2	0	75	178	155	19	0	1	0	0	0	0	0	0	0	0	
0	0	1	2	0	2	1	0	0	13	166	99	71	2	1	0	0	61	150	0	138	155	2	0	0	88	125	0	0	154	133	0	0	112	135	0	0	47	181	0	0	54	208	40	73	227	103	0	2	0	99	207	187	82	0	2	0	1	0	0	0	0	1	0	
0	0	1	1	0	0	1	0	0	2	0	49	145	59	0	1	1	0	30	151	109	118	38	0	2	0	95	32	0	46	70	0	0	15	90	0	0	54	63	0	0	15	115	1	0	117	28	0	2	0	72	127	121	88	0	2	0	1	0	35	57	2	0	0	
1	0	21	61	17	0	1	0	2	0	40	151	150	7	0	1	2	0	52	169	201	16	0	1	3	0	93	145	115	79	0	3	0	0	2	32	35	139	0	0	3	0	156	255	254	183	0	1	1	0	70	127	130	34	0	1	0	0	0	0	0	0	0	0	
0	0	1	0	1	1	0	0	1	0	14	37	13	0	0	0	0	22	158	69	164	63	0	3	0	24	172	6	188	94	0	4	2	0	86	120	169	81	0	3	0	0	4	0	141	86	0	3	0	0	6	0	140	101	0	4	0	0	3	0	78	83	0	3	
0	0	1	0	0	0	0	0	3	0	83	171	114	16	0	1	0	9	169	121	109	4	0	0	0	1	87	91	145	97	0	3	0	1	43	1	3	155	34	0	0	0	199	128	0	78	105	0	1	0	29	139	172	166	68	0	0	0	1	0	5	8	0	0	
0	1	2	0	0	1	1	0	0	0	1	21	32	13	0	0	0	7	161	171	147	154	18	0	0	76	152	0	0	132	88	0	0	103	79	0	0	171	38	0	0	33	20	0	61	178	0	1	0	0	4	0	143	98	0	3	0	2	2	0	106	18	0	1	
0	0	6	48	0	1	0	0	2	0	49	104	0	6	0	0	3	0	79	63	0	2	0	0	3	0	90	33	43	122	6	0	3	0	87	162	149	166	36	0	1	0	0	185	177	86	0	1	0	1	0	23	9	0	0	0	0	0	1	2	1	3	0	0	
0	1	0	23	26	0	1	0	0	2	0	60	61	0	2	0	0	2	0	83	33	0	1	0	0	0	8	74	39	24	0	1	2	0	38	153	196	90	0	3	1	0	21	88	107	50	0	2	0	0	1	0	13	13	0	1	0	0	1	4	1	0	0	0	
0	0	0	0	0	0	0	0	0	2	0	78	47	0	2	0	0	3	0	98	76	0	3	0	0	3	0	72	88	0	3	0	0	2	0	63	84	0	3	0	0	1	0	43	122	0	2	0	0	0	0	7	116	4	0	0	0	0	0	0	0	0	0	0	
0	1	0	24	51	12	0	1	0	3	0	156	255	105	0	4	0	2	0	46	238	82	0	3	0	1	0	172	157	0	2	0	3	0	117	255	117	1	3	0	3	0	172	255	255	206	21	0	1	0	25	76	125	80	0	2	0	0	0	0	0	0	0	0	
0	0	1	0	5	1	0	0	0	1	0	61	169	62	0	3	2	0	41	97	23	135	0	0	3	0	81	79	78	77	0	2	0	1	0	163	211	2	0	1	0	0	4	117	87	104	0	3	0	0	7	119	116	70	0	2	0	0	0	7	15	0	0	0	
0	0	0	0	0	0	0	0	0	0	0	2	78	7	0	0	0	1	0	12	200	26	0	1	0	2	0	49	205	2	0	1	0	2	0	66	176	0	2	0	0	3	0	100	153	0	4	0	0	3	0	107	95	0	3	0	0	0	0	9	10	0	0	0	
1	0	22	86	0	2	0	0	3	0	88	108	0	7	0	0	3	0	113	35	0	1	0	0	1	0	135	6	95	119	1	0	2	0	119	107	164	168	66	0	2	0	45	206	204	153	25	0	0	0	0	9	17	3	0	0	0	0	2	1	0	2	1	0	
0	0	0	0	0	0	0	0	1	0	53	103	109	58	0	1	1	0	78	36	81	136	0	3	0	0	3	97	199	111	0	1	0	0	17	73	1	128	59	0	0	0	1	0	30	145	12	0	0	88	109	122	146	30	0	1	0	24	55	48	9	0	1	0	
0	0	1	0	0	0	0	0	0	0	2	0	51	73	0	3	2	0	85	20	61	102	0	4	0	0	142	6	58	76	0	3	0	2	166	118	112	105	0	4	1	0	30	111	195	131	0	4	0	0	1	0	31	108	0	2	0	0	1	4	2	3	0	0	
0	0	0	0	0	0	0	0	0	1	0	47	56	0	0	0	1	0	23	141	201	95	0	4	0	1	0	46	167	40	0	2	0	2	0	144	200	20	0	1	0	0	4	0	131	108	0	4	1	0	4	111	144	7	0	1	1	0	21	100	10	0	1	0	
2	0	44	73	0	3	0	0	4	0	102	76	0	5	1	0	1	0	142	26	0	1	0	0	0	18	139	0	93	184	58	0	0	2	150	138	189	192	109	0	2	0	46	187	229	167	2	0	0	0	0	0	13	3	0	0	0	0	2	3	0	1	1	0	
0	1	0	22	93	48	0	1	1	0	16	137	46	19	0	0	3	0	90	75	0	3	1	0	1	0	130	45	67	53	1	0	3	0	152	144	34	90	114	0	2	0	61	143	72	102	122	0	0	1	0	36	77	61	9	0	0	0	2	1	0	0	1	0	
0	0	1	0	0	2	1	0	2	0	48	211	103	0	2	0	1	0	182	129	178	163	0	1	0	34	144	0	0	193	132	0	0	87	122	0	0	29	187	8	0	41	226	72	2	40	173	10	2	0	75	191	166	174	71	0	0	1	0	1	8	2	0	0	
0	0	0	0	0	0	0	0	0	0	2	0	53	58	0	2	0	0	3	0	152	68	0	3	0	2	0	41	178	0	0	0	0	3	0	107	125	0	4	0	0	1	0	177	46	0	2	0	0	0	7	155	10	0	0	0	0	0	0	15	2	0	0	0	
0	0	1	0	2	1	0	0	0	0	7	27	3	0	0	0	2	0	74	139	146	1	0	1	0	12	107	5	200	67	0	3	2	0	92	151	175	38	0	2	0	0	1	5	97	31	0	1	0	0	5	0	98	47	0	2	0	0	2	0	63	52	0	2	
0	0	0	0	0	2	1	0	2	0	80	143	99	10	0	1	0	0	180	61	127	178	4	0	0	18	155	3	0	166	75	0	0	10	183	24	0	121	87	0	3	0	155	114	0	170	43	0	1	0	22	182	189	133	0	2	0	1	0	15	56	7	0	0	
0	0	8	6	0	0	0	0	4	0	92	180	41	0	2	0	2	0	36	101	125	0	0	0	0	0	2	0	107	19	0	1	0	0	8	71	143	25	0	1	2	0	40	233	227	155	8	0	1	0	4	111	50	10	5	0	0	0	0	0	0	0	0	0	
0	0	0	0	0	0	0	0	2	0	132	225	100	0	2	0	1	0	51	138	238	19	0	1	0	3	0	46	215	10	0	2	1	0	17	144	255	130	8	0	0	18	214	255	121	160	205	48	0	11	169	140	3	0	45	30	0	0	0	0	3	3	0	0	
0	0	6	85	0	1	0	0	2	0	45	128	0	4	1	0	3	0	79	78	0	13	0	0	3	0	110	33	54	181	21	0	3	0	131	67	134	189	44	0	2	0	45	201	215	180	12	0	0	0	0	12	9	0	0	0	0	0	1	1	0	1	1	0	
0	0	0	1	3	2	0	0	0	5	12	0	0	0	0	0	0	34	201	195	185	64	0	3	0	0	25	50	212	105	0	4	0	0	3	0	153	54	0	2	0	0	2	0	161	31	0	1	0	1	0	12	183	15	0	1	0	0	0	2	120	13	0	1	
0	0	1	1	1	0	0	0	0	0	0	0	84	7	0	0	1	0	28	64	72	2	0	0	3	0	66	84	72	8	0	0	2	0	35	176	204	37	0	2	0	0	0	17	145	17	0	1	0	0	3	0	81	32	0	1	0	0	0	1	1	1	0	0	
0	0	0	0	1	2	0	0	0	3	19	34	23	0	0	0	0	89	135	129	169	78	0	3	0	8	3	0	75	127	0	4	0	0	4	0	131	74	0	3	0	1	0	5	147	17	0	1	0	1	0	38	152	0	2	0	0	0	0	8	105	7	0	0	
0	0	3	52	31	0	0	0	1	0	7	143	164	50	0	2	0	1	0	16	154	70	0	3	0	2	0	117	182	91	0	2	0	0	0	1	0	121	16	0	0	64	155	132	111	146	11	0	0	9	61	122	146	59	0	2	0	0	0	0	0	0	0	0	
0	0	1	1	0	1	0	0	0	0	0	38	2	16	36	0	2	0	48	190	0	126	98	0	2	0	162	72	0	165	10	0	0	14	199	100	132	135	0	4	0	0	34	81	196	63	0	2	0	1	0	23	165	4	0	0	0	1	0	28	58	0	1	0	
0	0	1	0	1	1	0	0	1	0	4	98	60	0	2	0	3	0	100	166	144	5	0	1	0	4	107	0	75	43	0	2	0	0	118	23	117	82	0	3	2	0	41	121	151	95	0	4	0	0	1	0	20	119	0	1	0	0	2	2	3	23	1	0	
0	0	2	1	0	0	0	0	0	2	0	38	87	8	0	1	2	0	66	188	168	111	0	4	0	18	186	19	142	133	0	4	0	77	189	122	218	116	0	4	0	8	113	66	129	92	0	3	0	0	3	0	178	109	0	3	0	1	6	0	71	58	0	2	
0	0	8	21	28	13	0	1	1	0	19	119	213	82	0	3	1	0	11	174	219	18	0	1	1	0	31	117	148	90	0	3	1	0	66	58	49	180	5	0	1	0	180	206	247	246	32	0	2	0	47	124	132	68	2	0	0	0	0	0	0	0	0	0	
0	0	1	0	0	0	0	0	0	0	0	19	24	1	0	0	3	0	94	199	221	112	0	4	1	0	31	0	158	114	0	4	0	1	0	23	196	23	0	1	0	4	0	118	130	0	3	0	1	0	11	199	41	0	2	0	1	0	36	129	0	1	0	0	
0	0	0	11	13	0	0	0	0	3	0	108	119	0	4	0	0	3	0	163	212	27	0	2	0	0	9	140	91	128	0	4	1	0	38	136	35	162	0	3	1	0	16	184	212	133	0	4	0	2	0	100	124	2	0	1	0	0	0	0	0	0	0	0	
0	0	0	0	0	1	0	0	0	1	0	61	75	8	0	1	2	0	32	190	139	114	4	0	3	0	91	102	13	121	0	0	3	0	83	188	200	163	0	3	0	0	1	37	169	46	0	2	0	3	0	105	128	0	3	0	0	1	0	69	24	0	1	0	
0	0	7	23	9	3	0	0	4	0	96	151	129	107	0	2	4	0	133	80	0	159	38	0	0	6	169	23	0	91	117	0	0	14	156	5	0	158	115	0	0	0	182	143	195	194	7	0	2	0	54	169	119	8	0	1	0	0	0	0	0	2	1	0	
0	0	0	0	0	1	0	0	0	1	80	156	164	52	0	2	0	38	239	100	89	136	4	0	2	0	124	141	114	147	1	0	0	2	0	159	255	95	0	3	2	0	41	158	65	190	0	1	2	0	29	193	226	106	0	3	0	1	0	38	44	0	0	0	
0	0	0	3	28	41	0	0	2	0	61	96	158	155	0	0	0	24	184	66	20	0	1	0	0	2	136	179	193	119	0	3	0	1	0	0	0	164	44	0	0	75	174	141	100	199	71	0	0	4	75	148	162	120	11	0	0	0	0	0	0	0	0	0	
0	1	1	0	1	3	0	0	1	0	28	94	156	80	0	2	2	0	174	139	37	1	1	0	0	99	225	24	52	22	0	0	0	29	178	173	146	224	70	0	0	0	3	0	59	255	106	0	0	0	5	81	152	79	9	0	0	0	1	6	3	0	0	0	
0	0	7	14	0	1	0	0	3	0	66	208	47	0	2	0	2	0	42	67	138	22	0	1	0	0	2	0	64	85	0	3	2	0	59	139	119	98	0	4	4	0	90	147	208	165	10	0	1	0	8	119	76	12	9	0	0	0	0	0	0	0	0	0	
0	0	0	0	0	1	0	0	0	1	2	13	0	45	10	0	0	0	11	129	5	129	10	0	0	4	135	94	20	140	0	2	0	86	184	125	157	119	0	4	0	0	1	0	94	121	0	4	0	1	5	0	82	98	0	3	0	0	1	0	13	10	0	0	
0	0	0	0	0	0	0	0	2	0	62	182	167	31	0	2	0	19	182	110	57	0	1	0	0	9	161	141	155	37	0	2	0	0	1	0	30	142	6	0	2	0	42	144	12	122	89	0	0	0	0	127	203	189	62	0	0	0	0	0	1	1	0	0	
0	0	1	1	0	1	2	0	0	1	0	37	22	0	0	1	2	0	38	199	113	94	68	1	1	0	116	90	14	0	87	78	0	47	96	0	3	0	97	68	0	81	87	0	36	108	73	0	0	15	124	113	85	22	0	2	0	0	3	9	0	0	2	0	
0	0	0	5	3	0	0	0	2	0	43	147	85	0	0	0	4	0	127	63	145	48	0	2	1	0	22	182	149	0	2	0	0	2	0	153	155	23	0	1	1	0	22	119	50	132	0	3	0	0	0	123	143	62	0	2	0	0	0	5	8	0	0	0	
0	0	0	0	0	0	0	0	0	0	0	23	66	53	0	2	0	0	8	132	134	99	0	4	1	0	35	125	106	92	0	3	3	0	72	165	190	46	0	2	3	0	78	161	145	34	0	1	0	0	3	0	134	56	0	2	0	0	2	0	26	16	0	1	
0	0	0	0	0	0	0	0	1	0	12	125	65	30	0	1	3	0	121	116	141	99	0	3	2	0	88	156	172	45	0	2	0	3	0	106	217	42	0	2	0	3	0	118	36	104	25	0	0	3	0	102	161	147	23	0	0	0	0	4	62	37	0	1	
