500	64	10
1	4	4	4	4	4	1	0	0	0	0	0	0	0	0	0	47	123	143	156	129	100	18	0	29	168	172	134	123	247	47	0	0	0	3	0	119	186	0	2	1	4	1	9	224	83	0	3	0	2	0	59	237	19	0	1	0	1	0	27	161	22	0	1	
0	0	2	0	0	0	0	0	0	1	0	28	78	36	0	1	2	0	107	236	227	202	0	0	0	10	247	70	76	231	3	0	1	0	195	188	231	194	0	2	2	0	33	155	219	188	0	3	0	0	4	0	110	203	0	3	0	0	3	0	34	70	0	1	
0	0	1	1	0	0	0	0	0	1	0	23	62	7	0	0	1	0	26	107	46	26	0	1	3	0	119	43	88	65	0	2	2	0	84	111	132	60	0	3	0	0	4	0	89	69	0	3	0	0	4	0	65	87	0	3	0	0	1	0	14	36	0	1	
0	0	1	0	0	0	0	0	0	0	6	0	68	97	0	2	3	0	144	97	110	193	0	3	2	0	205	113	133	186	0	3	1	0	196	250	252	146	0	4	1	0	50	39	186	153	0	4	0	0	4	0	161	150	0	4	0	0	3	0	22	23	0	1	
0	0	0	0	1	0	0	0	0	0	13	99	0	1	0	0	0	0	0	169	38	0	1	0	0	4	0	116	120	0	3	0	0	3	0	77	197	0	1	0	0	1	0	7	203	58	0	2	0	0	3	0	115	60	0	2	0	0	0	1	1	0	0	0	
0	1	0	38	68	0	1	0	0	3	0	158	143	0	4	0	1	0	21	227	41	0	2	0	3	0	60	239	194	149	0	0	3	0	59	255	148	209	60	0	2	0	39	241	203	205	39	0	0	1	0	43	77	17	0	1	0	0	0	0	0	0	1	0	
0	1	3	2	0	0	0	0	0	0	0	0	8	6	0	0	0	16	130	141	156	136	0	3	0	24	67	15	43	119	0	3	0	0	3	0	92	70	0	3	0	1	3	0	144	26	0	1	0	2	0	53	132	0	3	0	0	3	0	80	65	0	2	0	
0	0	1	4	0	1	0	0	1	0	100	206	91	0	1	0	0	48	234	97	220	64	0	3	0	20	33	0	205	126	0	4	3	0	67	213	249	197	1	0	4	0	133	234	173	200	161	0	1	0	20	120	29	31	106	0	0	0	0	0	1	2	0	0	
0	0	1	1	0	0	0	0	0	0	0	1	34	58	5	0	1	0	14	191	162	84	2	0	1	0	0	169	95	0	3	0	0	1	0	34	143	0	2	0	0	3	0	84	127	0	3	0	2	0	65	149	18	0	1	0	2	0	54	41	0	1	0	0	
0	0	0	0	0	1	0	0	0	13	115	159	55	0	1	0	0	52	214	165	234	53	0	2	0	1	4	13	231	86	0	4	3	0	133	224	227	147	0	1	0	0	12	0	75	241	19	0	3	0	60	185	205	79	0	2	1	0	16	59	18	0	1	0	
0	0	0	1	0	0	0	0	0	29	147	193	200	51	0	2	0	141	121	16	124	171	0	3	1	10	2	0	168	133	0	4	0	3	0	112	189	0	0	1	2	0	73	253	117	63	37	0	1	0	164	212	172	183	103	0	0	0	0	0	0	0	0	0	
0	0	3	2	0	0	0	0	0	0	0	0	9	3	0	0	0	0	103	210	245	118	0	4	0	54	252	163	242	120	0	4	0	10	23	0	211	63	0	3	0	2	0	37	221	20	0	1	0	3	0	78	216	0	0	0	0	3	0	82	119	0	2	0	
0	0	1	1	2	1	0	0	0	1	0	23	149	119	0	0	0	0	0	152	48	104	70	0	3	0	82	108	0	80	62	0	3	0	144	43	0	114	22	0	1	0	146	26	99	83	0	2	2	0	88	154	70	0	1	0	0	0	1	3	0	2	0	0	
0	0	0	0	0	0	0	0	0	2	0	136	66	0	2	0	0	2	0	203	157	0	4	0	0	3	0	172	205	0	1	0	0	4	0	123	255	21	0	2	0	3	0	66	255	70	0	3	0	2	0	30	216	71	0	3	0	0	0	0	0	0	0	0	
0	0	0	0	0	0	0	0	1	0	38	114	112	100	17	0	0	29	205	69	21	175	133	0	0	1	145	110	0	167	70	0	0	2	0	144	244	102	0	2	2	0	88	120	111	119	0	2	3	0	131	152	127	156	0	0	0	1	0	33	54	7	0	0	
0	0	2	1	0	0	0	0	0	1	0	41	41	0	0	0	2	0	81	225	230	136	0	3	3	0	194	60	149	164	0	4	3	0	174	157	240	105	0	4	2	0	38	154	245	98	0	4	0	1	0	2	224	78	0	3	0	0	1	7	83	15	0	1	
0	0	0	0	0	0	0	0	1	0	2	155	106	0	2	0	4	0	104	148	178	6	0	0	1	0	20	42	162	0	1	0	0	2	0	131	229	99	5	0	3	0	67	240	52	131	67	0	3	0	81	110	0	2	0	0	0	0	0	0	2	3	1	0	
0	0	0	0	0	1	0	0	0	16	157	222	165	21	0	1	0	57	178	48	197	154	0	4	0	0	2	0	144	190	0	3	0	15	145	213	255	169	5	13	0	110	243	219	189	221	219	17	0	37	177	111	0	83	120	0	0	0	0	0	2	1	0	0	
0	1	0	0	0	0	2	0	1	0	126	81	42	24	0	0	0	55	178	97	142	170	122	0	0	120	105	0	4	0	154	47	0	141	85	0	6	0	139	48	0	94	155	18	23	109	140	0	0	0	114	161	153	122	12	0	0	1	0	0	0	0	2	0	
0	0	0	0	0	0	0	0	0	3	149	213	203	72	0	3	0	22	170	41	136	195	0	3	0	0	4	0	105	191	0	3	1	0	76	154	232	166	0	3	0	20	212	211	216	236	67	0	1	0	127	166	13	135	104	0	0	0	0	0	1	1	0	0	
0	0	0	4	34	0	0	0	0	2	0	105	147	0	2	0	2	0	31	203	20	0	2	0	3	0	78	181	0	4	0	0	2	0	48	184	0	9	13	0	1	0	13	200	131	174	54	0	0	2	0	63	167	57	0	2	0	0	1	1	0	0	1	0	
0	0	0	0	0	0	0	0	1	0	32	112	148	80	3	0	1	0	200	177	124	165	15	0	2	0	201	127	0	2	0	0	2	0	160	211	181	193	41	0	0	0	5	0	10	224	80	0	1	0	14	180	220	144	0	1	0	0	0	45	50	1	0	0	
0	0	1	1	1	2	0	0	0	0	0	0	0	0	0	0	0	26	134	129	133	107	0	3	0	1	13	0	97	96	0	3	0	0	2	0	129	32	0	1	0	1	0	14	137	1	0	0	0	2	0	65	106	0	3	0	0	3	0	101	75	0	3	0	
0	0	0	0	0	0	0	0	0	0	60	152	122	3	0	1	0	18	187	96	210	81	0	3	1	0	39	71	220	87	0	3	2	0	132	200	163	177	0	0	0	0	2	0	56	221	7	0	2	0	112	174	203	90	0	3	1	0	14	61	29	0	1	0	
0	0	0	0	1	0	0	0	0	0	2	0	54	62	0	2	0	0	3	0	143	54	0	2	0	1	0	41	170	0	1	0	0	4	0	125	85	0	3	0	0	2	0	149	31	0	1	0	0	2	0	101	44	0	2	0	0	0	0	2	4	0	0	0	
0	0	0	0	0	0	0	0	0	0	17	21	41	45	0	0	0	2	154	193	216	197	0	2	0	0	7	0	136	155	0	4	0	1	0	3	210	61	0	3	0	3	0	76	216	0	0	1	0	3	0	179	158	0	4	0	0	1	0	91	47	0	1	0	
0	0	0	1	0	0	0	0	2	0	73	197	168	34	0	2	2	0	78	97	144	158	0	4	0	0	2	0	204	136	0	4	0	2	0	128	187	6	0	1	3	0	80	255	174	94	57	0	3	0	127	155	120	82	22	0	0	0	0	0	0	0	0	0	
0	0	1	1	0	0	0	0	0	1	0	54	157	65	0	1	2	0	49	198	127	202	31	0	4	0	98	196	96	184	19	0	2	0	35	229	176	207	32	0	4	0	126	143	0	196	43	0	3	0	152	200	166	62	0	2	1	0	10	55	15	0	1	0	
0	1	1	0	0	1	0	0	1	0	16	71	65	8	0	0	0	12	127	46	89	113	0	3	0	60	118	48	104	83	0	0	1	0	53	92	52	99	0	2	0	0	2	0	64	130	0	4	1	0	19	83	142	44	0	2	1	0	18	119	39	0	1	0	
0	0	3	0	0	0	0	0	0	1	0	59	102	115	47	0	1	0	134	220	86	152	253	30	0	70	220	20	0	138	209	0	0	153	136	0	0	209	108	0	0	124	207	37	63	225	35	0	0	2	127	192	189	76	0	2	0	0	0	0	0	0	1	0	
0	0	0	0	0	1	0	0	1	0	18	165	115	0	0	0	0	1	7	15	160	94	0	4	0	0	3	0	122	97	0	3	0	37	188	235	243	88	0	3	0	64	201	98	21	177	49	0	0	0	0	3	0	110	73	0	0	0	2	4	2	1	0	0	
0	0	0	0	0	0	0	0	0	0	1	0	94	33	0	1	0	1	0	8	195	31	0	1	0	2	0	57	175	0	2	0	0	3	0	97	158	0	4	0	0	3	0	151	104	0	3	0	0	2	0	168	58	0	2	0	0	0	0	27	7	0	0	0	
0	0	2	2	0	0	0	0	0	1	0	4	73	48	0	1	2	0	35	177	138	173	12	0	0	19	206	46	61	174	0	1	0	13	176	145	224	51	0	2	1	0	7	86	166	0	1	0	0	4	0	105	181	0	1	0	0	1	0	41	58	0	1	0	
0	6	47	64	18	0	1	0	0	32	179	160	188	63	0	3	0	0	4	0	149	103	0	4	0	3	0	29	198	18	0	2	0	3	0	156	165	0	3	0	0	33	209	231	182	173	133	27	0	44	144	23	0	46	116	44	0	0	0	0	1	0	0	0	
0	0	1	1	0	2	0	0	0	3	0	102	64	0	2	0	2	0	37	193	16	38	9	0	4	0	112	179	63	160	0	2	1	0	5	155	255	78	0	3	0	1	0	27	210	20	0	1	0	1	0	39	135	0	0	0	0	0	0	0	0	0	0	0	
0	0	0	4	2	0	0	0	0	47	173	175	165	103	0	2	0	23	52	15	194	138	0	4	2	0	25	209	255	123	4	0	0	0	9	53	20	148	125	0	0	81	88	33	35	148	127	0	0	84	182	200	200	129	6	0	0	0	0	0	0	0	0	0	
0	0	0	0	0	0	0	0	2	0	44	208	194	63	0	2	1	0	11	116	254	125	0	3	1	0	11	219	230	7	0	1	0	3	0	50	126	187	8	0	0	106	148	56	93	212	12	0	0	16	109	173	202	62	0	2	0	0	0	0	0	1	0	0	
0	0	0	0	0	0	0	0	0	0	2	0	72	37	0	1	0	0	1	0	154	30	0	1	0	1	0	28	148	0	1	0	0	2	0	89	121	0	3	0	0	3	0	98	106	0	3	0	0	3	0	98	85	0	3	0	0	1	0	16	14	0	0	0	
0	0	0	0	0	0	0	0	0	37	126	151	86	0	1	0	0	43	102	155	215	1	0	0	0	1	0	165	79	0	3	0	1	0	22	221	142	76	7	0	0	1	0	41	128	255	102	0	0	1	0	138	179	170	36	0	0	1	0	26	35	0	0	0	
0	0	0	0	0	4	36	2	0	1	0	60	142	189	167	5	2	0	34	195	100	51	4	0	4	0	121	174	63	11	0	1	1	0	68	113	115	145	0	2	0	98	180	104	106	187	2	0	0	12	74	136	169	73	0	2	0	0	0	0	0	0	0	0	
0	0	0	0	0	0	0	0	0	0	1	0	46	20	0	1	0	0	3	0	112	39	0	1	0	0	0	9	136	5	0	0	0	2	0	49	117	0	3	0	0	3	0	93	60	0	2	0	0	2	0	102	26	0	1	0	0	0	0	8	1	0	0	0	
0	1	0	31	109	0	2	0	0	3	0	114	111	0	3	0	0	0	0	158	25	0	2	0	2	0	57	130	0	16	0	0	4	0	109	87	116	235	67	0	3	0	61	206	238	194	40	0	0	0	0	16	17	8	0	0	0	0	1	1	0	1	1	0	
0	0	0	0	0	2	1	0	0	17	78	96	94	0	1	0	0	80	170	12	129	143	5	0	0	122	132	0	0	135	133	0	0	134	100	0	3	1	175	33	0	49	197	127	80	107	179	25	1	0	30	100	123	106	16	0	0	1	1	0	0	0	1	1	
0	0	0	1	0	0	0	0	0	0	5	1	17	7	0	0	3	0	101	175	195	127	0	3	0	0	15	14	82	120	0	4	0	0	3	0	141	63	0	2	0	1	0	36	158	0	1	0	0	3	0	104	99	0	3	0	0	2	0	103	35	0	1	0	
0	0	0	1	0	0	0	0	0	2	0	41	101	24	0	1	1	0	21	116	78	113	0	3	1	0	23	121	110	27	0	1	0	3	0	145	119	0	3	0	0	2	0	94	125	37	0	2	0	1	0	39	110	58	0	2	0	0	0	8	36	0	0	0	
0	0	0	0	0	0	0	0	1	0	13	102	156	123	2	0	4	0	128	154	88	191	0	0	3	0	69	155	129	67	0	2	0	3	0	171	216	0	0	1	2	0	57	158	137	49	0	2	3	0	60	189	167	35	0	2	0	1	0	44	42	0	1	0	
1	0	31	46	0	0	0	0	0	26	124	82	50	0	2	0	0	19	91	23	9	0	0	0	1	0	18	86	79	22	27	0	0	1	3	0	64	211	50	0	1	0	16	159	255	165	0	0	2	0	39	139	63	4	0	0	0	0	0	0	0	2	1	0	
0	2	4	0	0	0	2	0	0	1	0	9	43	30	0	0	0	33	148	212	221	255	92	0	0	174	156	44	12	72	189	0	8	163	12	0	0	48	188	0	0	148	208	117	122	236	96	0	0	3	74	145	141	69	0	1	0	1	0	0	0	0	2	0	
0	0	1	38	8	0	0	0	2	0	32	252	154	0	2	0	0	0	6	46	208	33	0	1	0	0	3	0	146	41	0	2	0	2	0	59	169	25	8	0	3	0	90	253	245	212	25	0	2	0	76	131	63	22	0	0	0	0	0	0	0	0	0	0	
0	0	0	0	0	0	0	0	0	0	0	4	123	9	0	0	0	1	0	32	168	0	0	0	0	2	0	57	149	0	3	0	0	2	0	62	178	0	2	0	0	4	0	118	141	0	4	0	0	3	0	96	88	0	3	0	0	0	0	0	1	0	0	0	
0	0	0	1	0	1	0	0	0	1	0	22	49	7	10	0	0	3	0	87	52	76	21	0	2	0	55	87	49	139	37	8	0	42	202	83	141	88	50	10	0	56	57	0	98	13	0	0	0	0	0	0	56	8	1	1	0	2	2	0	0	0	0	0	
1	0	9	56	47	1	0	0	3	0	74	220	220	84	0	3	0	0	16	4	49	134	0	3	0	0	1	0	33	123	0	3	0	14	113	84	168	136	0	3	0	33	247	255	239	214	147	9	2	0	85	122	15	14	23	1	0	0	0	0	0	0	0	0	
0	0	0	1	13	1	0	0	1	0	9	112	142	92	0	3	0	0	6	0	67	88	0	3	0	2	0	55	185	9	0	1	0	1	0	5	155	39	0	2	0	37	124	6	139	21	0	1	0	1	127	161	59	0	2	0	0	0	1	2	0	0	0	0	
0	0	0	5	40	7	0	0	0	2	0	33	213	115	0	3	0	1	4	0	69	147	0	3	0	2	0	136	226	43	0	2	0	28	40	7	131	32	0	1	0	37	202	94	152	59	0	2	2	0	74	173	114	0	0	0	0	0	0	0	0	0	0	0	
0	3	2	0	0	1	0	0	0	0	0	16	30	1	0	0	0	75	163	156	176	103	0	3	0	55	55	0	90	117	0	4	0	0	0	2	176	35	0	2	0	3	0	40	173	0	1	0	0	2	0	67	140	0	3	0	0	1	0	25	96	0	1	0	
0	0	1	0	0	0	0	0	0	0	8	12	5	67	0	0	3	0	86	66	13	133	0	2	3	0	158	96	77	99	0	4	1	0	44	131	201	55	0	2	0	0	0	3	145	14	0	1	0	1	0	47	137	0	3	0	0	0	0	12	20	0	1	0	
0	0	1	0	0	1	0	0	0	1	0	119	126	0	2	0	3	0	84	182	111	74	0	3	4	0	117	80	104	76	0	3	2	0	46	208	147	109	11	0	3	0	121	62	0	107	72	0	0	0	123	56	79	114	10	0	0	0	3	16	18	5	0	0	
0	0	1	1	0	0	0	0	0	1	0	35	144	206	36	0	1	0	9	187	136	81	8	0	2	0	44	234	97	0	0	0	0	1	0	21	163	92	0	3	0	70	102	23	111	135	0	4	0	53	202	210	174	27	0	1	0	0	0	0	0	0	0	0	
0	0	1	2	0	1	2	0	2	0	55	127	0	4	0	0	2	0	163	93	0	37	66	0	0	76	160	0	58	196	87	0	0	127	214	156	189	203	0	0	0	15	69	5	90	142	0	7	0	0	2	0	51	179	76	1	0	1	3	1	0	6	3	0	
0	1	0	35	44	0	1	0	0	4	0	129	90	0	3	0	1	0	16	176	14	0	1	0	4	0	95	132	75	107	2	0	3	0	160	224	173	223	62	0	3	0	100	255	181	181	23	0	0	1	0	49	88	23	0	1	0	0	1	0	0	1	1	0	
0	0	0	0	0	0	0	0	0	0	0	38	97	120	7	0	1	0	28	86	47	44	3	0	3	0	63	141	80	25	0	1	2	0	43	63	37	97	1	0	0	0	8	0	4	103	7	0	2	0	66	120	119	59	0	2	0	0	4	52	30	0	1	0	
0	0	3	3	4	2	0	0	0	0	0	0	0	0	0	0	0	10	177	173	156	75	0	2	0	30	117	79	134	145	0	3	0	0	3	0	112	70	0	3	0	1	1	12	181	24	0	1	0	3	0	93	100	0	3	0	0	3	0	134	51	0	2	0	
0	0	1	2	0	0	0	0	0	0	0	6	17	0	0	0	2	0	30	141	179	49	0	2	1	0	32	54	105	55	0	2	0	0	0	0	111	17	0	1	0	2	0	70	95	0	3	0	0	0	1	120	15	0	0	0	1	0	20	77	0	2	0	0	
0	0	1	1	0	0	0	0	0	1	0	66	167	96	0	0	2	0	35	216	139	218	68	0	2	0	63	181	93	147	35	0	0	2	0	201	209	3	0	1	2	0	58	184	174	25	0	1	3	0	76	230	151	0	1	0	0	0	0	35	19	0	1	0	
2	0	41	130	44	0	2	0	1	0	18	74	176	16	0	1	0	0	1	0	171	34	0	2	0	3	0	62	150	0	2	0	1	0	0	170	55	0	23	17	0	4	183	220	135	151	172	44	0	10	71	13	40	43	8	0	0	0	0	0	0	0	0	1	
0	0	1	2	0	1	0	0	0	0	0	4	20	0	0	0	1	0	9	123	191	43	0	2	3	0	89	163	137	91	0	3	1	0	18	108	177	42	0	2	0	0	1	0	118	15	0	1	0	1	0	37	131	0	2	0	0	1	0	43	86	0	2	0	
0	0	0	4	51	11	0	1	0	1	0	144	143	7	0	1	3	0	85	144	0	4	2	0	3	0	88	165	32	9	0	0	0	1	0	60	105	135	87	0	0	32	68	40	78	175	114	0	0	26	130	128	104	34	0	1	0	0	0	0	0	0	1	0	
0	0	4	1	0	0	1	0	0	2	0	6	63	63	0	0	0	1	108	197	179	201	91	0	0	134	193	43	0	59	189	0	6	172	14	0	0	30	163	0	0	142	120	47	36	175	158	0	0	16	114	148	153	123	14	0	0	1	0	0	0	0	0	0	
0	0	0	0	0	0	0	0	0	1	0	26	130	13	0	1	0	0	3	147	162	55	0	2	0	1	0	103	79	52	0	0	0	2	0	53	237	73	0	2	0	1	0	157	182	8	0	1	0	0	11	144	108	6	0	0	0	0	0	25	21	0	0	0	
0	0	0	0	0	0	0	0	0	0	0	1	138	22	0	1	0	1	0	25	213	17	0	1	0	3	0	67	205	0	0	1	0	4	0	127	136	0	4	0	0	4	0	158	119	0	4	0	0	3	0	125	65	0	2	0	0	0	0	0	0	0	0	0	
0	0	0	0	0	1	0	0	0	41	222	204	119	5	0	1	0	35	148	43	113	144	0	2	0	1	0	66	39	161	9	0	2	0	53	197	224	135	0	3	3	0	65	202	213	153	10	18	1	0	10	88	9	119	173	34	0	0	0	0	0	1	5	0	
0	1	0	41	28	0	1	0	0	0	0	172	191	11	0	1	0	0	4	0	127	61	0	3	0	0	21	6	161	45	0	2	0	38	221	233	250	188	129	27	0	64	254	229	79	73	100	29	0	8	93	45	0	1	0	0	0	0	0	1	3	3	4	1	
0	0	0	57	8	0	0	0	2	0	68	112	0	2	3	0	2	0	135	35	0	6	0	0	0	0	163	121	112	118	82	0	0	0	191	77	0	0	145	48	2	0	54	144	54	105	114	6	0	1	0	35	77	47	0	0	0	0	1	1	0	0	2	1	
0	0	0	0	6	1	0	0	0	2	0	108	193	118	0	2	0	1	0	74	35	176	25	0	1	0	16	210	247	172	0	0	1	0	8	115	190	100	0	4	0	113	105	13	131	99	0	3	0	50	172	205	149	6	0	1	0	0	0	0	0	1	0	0	
0	12	85	69	17	0	1	0	0	4	37	66	117	32	0	1	0	0	1	0	30	100	0	2	0	0	3	1	15	108	0	1	0	0	2	0	79	84	0	2	0	2	159	182	150	112	84	8	0	0	55	69	3	2	1	0	0	0	0	0	1	0	0	0	
0	0	2	2	0	0	0	0	0	0	1	1	0	61	17	0	2	0	47	49	0	134	9	0	2	0	163	67	37	133	0	3	0	10	191	123	158	103	0	4	0	0	17	13	162	37	0	1	0	1	0	40	133	0	2	0	0	0	0	8	13	0	0	0	
0	0	0	2	0	0	0	0	0	1	0	12	121	37	0	2	0	3	0	126	166	133	0	3	2	0	32	242	120	154	9	0	2	0	64	150	26	145	0	2	3	0	98	66	86	110	0	3	2	0	36	158	140	10	0	1	0	1	0	45	22	0	1	0	
0	0	0	1	0	0	0	0	0	1	0	11	98	182	56	0	1	3	0	168	237	144	29	0	2	0	25	242	218	150	4	0	28	68	0	22	0	119	116	0	17	198	218	171	134	206	131	0	0	12	86	148	157	102	7	0	1	1	0	0	0	0	0	0	
0	0	1	4	4	2	0	0	0	0	0	0	0	0	0	0	2	0	70	123	95	42	0	2	1	0	23	74	178	71	0	3	0	1	0	17	110	0	1	0	0	2	0	51	90	0	3	0	0	2	0	68	43	0	1	0	0	2	0	90	27	0	1	0	
0	1	0	29	95	0	2	0	0	3	0	148	140	0	5	0	2	0	61	197	2	0	1	0	0	0	158	51	64	158	34	0	0	35	165	127	177	184	148	0	0	0	153	255	192	138	32	0	0	0	2	13	23	7	0	0	0	0	2	0	0	2	2	0	
0	0	1	0	0	0	0	0	0	0	6	35	41	64	46	0	0	4	161	165	122	118	60	0	0	37	168	117	138	30	0	1	0	0	2	0	78	147	0	3	0	15	41	0	21	148	0	1	0	0	123	97	144	102	0	3	1	0	15	102	89	0	0	0	
0	0	3	1	0	0	0	0	0	0	0	0	11	11	0	0	1	0	129	213	193	156	0	2	1	0	84	70	104	115	0	4	0	0	0	0	176	43	0	2	0	3	0	87	150	0	3	0	1	0	11	182	38	0	1	0	2	0	43	111	0	3	0	0	
0	0	0	0	0	1	0	0	0	3	0	72	145	9	0	1	0	3	0	75	162	125	0	3	0	2	0	41	225	136	0	2	2	0	39	163	172	4	0	0	0	9	193	64	153	28	0	1	0	3	98	143	104	0	0	0	0	0	3	4	0	0	0	0	
0	0	0	0	0	0	0	0	0	0	0	95	130	133	76	0	2	0	53	217	104	202	180	0	1	0	36	155	117	138	5	0	2	0	31	239	204	6	0	1	2	0	194	160	127	19	0	0	2	0	144	250	177	0	0	0	0	0	1	44	27	0	1	0	
0	0	1	0	0	2	0	0	0	1	0	54	117	11	0	1	2	0	55	156	128	153	0	1	3	0	83	104	0	114	64	0	2	0	112	34	0	136	48	0	1	0	140	0	84	121	0	2	3	0	91	164	121	5	0	0	0	0	3	48	10	0	1	0	
0	0	0	3	1	0	0	0	0	0	1	0	11	12	0	0	0	2	0	88	170	133	0	2	2	0	46	150	122	79	0	2	1	0	27	156	181	15	0	1	0	1	0	42	127	0	2	0	0	3	0	87	80	0	3	0	0	2	0	95	38	0	1	0	
0	1	0	10	61	21	0	1	0	1	0	14	72	134	11	0	0	1	1	13	40	116	1	0	0	2	0	63	181	85	0	4	0	20	64	0	45	117	0	3	0	20	195	51	100	99	0	3	2	0	47	129	89	5	0	0	0	0	0	0	0	1	0	0	
0	0	0	1	0	0	0	0	0	0	0	7	78	141	24	0	0	1	0	134	248	178	6	0	0	0	3	168	167	8	0	1	0	3	0	174	143	0	5	0	2	0	39	158	127	15	0	1	2	0	50	207	134	5	0	1	0	0	5	35	5	0	0	0	
0	0	0	4	1	0	1	0	0	2	0	38	145	85	36	0	0	0	0	86	73	51	0	0	1	0	28	172	19	0	1	0	0	0	3	56	140	36	0	2	0	8	111	0	87	86	0	3	0	0	82	99	138	22	0	1	0	0	0	15	7	0	0	0	
0	0	1	2	1	1	0	0	0	0	0	10	15	0	0	0	1	0	4	140	180	28	0	2	3	0	83	176	200	71	0	3	1	0	20	109	181	44	0	2	0	0	3	0	125	46	0	2	0	0	2	0	120	18	0	1	0	0	1	0	91	17	0	1	
0	0	0	0	0	0	0	0	1	0	6	113	140	39	0	1	3	0	136	171	155	255	52	0	1	0	16	50	129	176	13	0	1	0	6	188	255	37	0	2	0	2	0	39	231	36	0	2	34	132	161	182	94	0	2	0	2	33	62	17	0	1	0	0	
0	0	0	0	25	2	0	0	0	1	0	106	221	46	0	2	1	0	16	125	53	98	0	2	0	0	1	0	35	99	0	2	2	0	59	132	176	77	0	3	2	0	159	197	165	127	31	0	1	0	85	108	2	13	23	0	0	0	0	0	3	2	0	0	
0	0	0	1	0	0	0	0	0	0	0	2	98	73	0	1	0	3	0	87	133	158	4	0	0	3	0	98	134	54	0	2	0	2	0	140	109	0	3	0	2	0	50	131	72	0	2	0	3	0	65	147	53	0	2	0	0	0	3	45	4	0	0	0	
0	0	1	0	60	8	0	0	0	1	0	40	177	3	0	0	0	2	0	151	61	0	2	0	2	0	61	120	65	106	0	1	4	0	104	157	138	185	22	0	3	0	106	253	173	112	0	0	0	0	1	50	62	4	0	0	0	0	1	0	0	2	0	0	
0	0	3	3	3	1	0	0	0	0	0	0	0	5	1	0	2	0	57	122	120	140	0	0	0	0	184	51	79	130	0	4	0	9	69	0	108	62	0	2	0	0	0	11	150	9	0	0	0	2	0	56	129	0	3	0	0	2	0	60	74	0	2	0	
0	0	0	0	0	0	0	0	0	0	1	0	79	18	0	1	0	0	0	0	143	17	0	1	0	1	0	37	141	0	2	0	0	2	0	68	111	0	3	0	0	3	0	119	77	0	3	0	0	3	0	118	34	0	1	0	0	0	0	18	4	0	0	0	
0	0	0	10	17	0	1	0	0	2	0	57	148	0	3	0	0	2	0	65	185	0	1	0	0	2	0	104	146	1	0	0	1	0	28	80	100	8	0	0	1	0	47	117	202	98	0	2	1	0	95	125	50	30	0	1	0	0	0	0	0	0	0	0	
0	0	4	3	3	2	0	0	0	0	0	0	0	0	0	0	0	5	127	172	192	119	0	2	0	33	161	81	95	149	0	3	0	0	3	0	98	86	0	3	0	1	2	6	160	20	0	1	0	2	0	70	126	0	3	0	0	2	0	134	51	0	2	0	
0	0	0	0	0	0	0	0	0	1	0	77	93	14	0	1	1	0	24	126	64	40	0	2	1	0	22	125	0	2	0	0	0	1	0	122	111	1	0	0	0	0	1	0	83	102	0	3	0	0	0	72	94	71	0	2	0	0	0	45	43	1	0	0	
0	0	0	13	75	0	0	0	0	3	0	78	142	0	4	0	0	0	0	150	35	0	1	0	3	0	78	142	54	132	22	0	4	0	144	238	196	255	69	0	4	0	149	255	218	148	5	0	1	0	13	69	44	0	0	0	0	0	1	0	0	2	1	0	
0	0	0	0	0	0	0	0	0	2	0	76	39	0	1	0	0	4	0	138	119	0	4	0	0	3	0	92	137	0	4	0	0	3	0	74	162	0	3	0	0	3	0	76	166	0	3	0	0	3	0	75	140	0	3	0	0	0	0	13	22	0	1	0	
0	0	0	2	3	0	0	0	2	0	36	187	177	98	0	3	0	0	0	30	158	74	0	2	2	0	38	201	233	47	0	2	1	0	21	46	36	140	0	2	0	62	47	0	87	114	0	3	0	54	180	173	157	26	0	1	0	0	2	6	0	1	0	0	
0	0	1	0	0	0	0	0	0	0	1	2	0	80	23	0	3	0	82	47	13	174	4	0	0	10	175	46	138	156	0	4	0	12	155	136	185	74	0	3	0	0	4	0	150	48	0	2	0	1	2	0	172	36	0	2	0	0	1	0	22	5	0	0	
0	0	0	0	0	1	3	0	0	2	0	74	126	171	69	0	1	0	0	188	138	39	2	0	3	0	59	241	146	96	0	0	0	0	7	50	51	165	80	0	7	136	112	38	0	127	101	0	6	70	128	165	190	148	6	0	0	0	0	2	3	0	1	0	
0	0	0	0	1	0	0	0	0	1	0	110	22	0	1	0	0	2	0	161	71	0	0	0	2	0	46	169	119	65	0	2	2	0	62	150	162	132	0	3	0	0	1	0	102	124	0	4	0	0	2	0	27	107	0	2	0	0	0	0	0	1	0	0	
0	0	1	0	0	1	0	0	0	0	8	24	0	30	65	0	3	0	90	120	0	124	98	0	1	0	159	77	31	166	7	0	0	15	186	148	204	108	0	4	0	1	0	7	153	16	0	1	0	3	0	77	109	0	3	0	0	1	0	15	14	0	0	0	
0	0	0	0	0	0	0	0	0	1	0	24	105	1	0	0	0	3	0	92	234	1	0	1	0	3	0	97	188	0	2	0	0	3	0	94	187	0	2	0	0	4	0	137	143	0	3	0	0	3	0	113	83	0	3	0	0	0	0	12	11	0	0	0	
0	0	0	0	0	0	0	0	1	0	13	123	148	125	88	0	4	0	155	193	77	166	186	0	2	0	80	157	74	164	27	0	1	0	27	237	205	13	0	1	0	27	208	123	151	0	3	0	0	53	199	167	137	0	2	0	1	0	30	65	8	0	0	0	
0	0	0	1	2	7	0	0	0	0	2	0	127	93	0	2	0	2	0	75	208	17	0	1	0	1	0	181	148	137	17	0	3	0	85	154	0	151	32	0	4	0	140	121	126	116	0	3	1	0	14	165	122	0	0	0	0	0	0	0	0	2	0	0	
0	1	0	65	143	41	0	2	0	1	0	143	195	126	0	4	0	2	7	0	67	117	0	3	0	0	3	0	143	59	0	3	0	60	121	94	198	44	0	1	0	108	255	250	178	203	152	10	0	1	42	43	0	10	45	11	0	1	0	0	2	1	0	0	
0	0	0	1	4	0	0	0	0	11	21	2	0	2	1	0	0	60	183	159	95	2	0	0	1	0	37	95	194	136	10	0	2	0	49	126	172	228	82	0	0	0	4	0	144	87	0	3	0	1	0	28	172	6	0	0	0	2	0	44	71	0	2	0	
0	0	2	0	73	23	0	1	0	2	0	40	193	13	0	1	0	2	0	168	85	0	3	0	3	0	75	179	45	95	7	0	0	0	164	96	188	215	100	0	0	4	178	197	165	123	41	0	1	0	22	68	37	13	0	1	0	0	0	0	0	2	2	0	
0	0	0	0	0	0	0	0	1	0	21	4	9	41	0	1	3	0	91	23	30	93	0	3	2	0	95	11	36	80	0	3	2	0	60	101	105	73	0	3	0	0	1	20	75	76	0	3	0	0	2	0	38	77	0	3	0	0	0	0	5	10	0	0	
0	0	0	2	1	0	0	0	0	0	1	0	10	26	0	1	0	0	3	76	71	100	0	4	3	0	81	166	113	53	0	2	2	0	57	135	174	4	0	1	0	2	0	51	105	0	3	0	0	3	0	112	64	0	2	0	0	1	0	56	15	0	0	0	
0	0	1	2	0	0	1	0	0	0	1	0	111	201	123	0	0	0	0	147	158	48	21	0	4	0	111	172	19	0	0	0	3	0	139	106	181	151	0	1	4	0	154	100	40	188	3	0	2	0	34	176	157	43	0	2	0	0	0	0	0	0	0	0	
0	0	2	4	4	2	0	0	0	0	0	0	0	0	0	0	0	2	54	108	158	106	0	2	0	52	206	128	115	154	0	2	0	5	11	0	65	106	0	3	0	0	4	0	125	63	0	2	0	1	0	7	154	13	0	1	0	2	0	51	130	0	3	0	
0	0	1	1	0	0	0	0	0	2	0	65	16	37	7	0	1	0	32	191	1	143	34	0	1	0	181	180	75	207	30	0	0	41	250	210	208	189	0	0	0	7	47	0	16	148	0	1	0	0	1	0	30	138	0	2	0	0	2	0	2	10	0	0	
0	0	0	5	52	14	0	1	0	0	0	184	226	114	0	3	0	0	5	96	68	92	0	3	0	0	3	0	96	83	0	3	1	0	23	79	196	25	0	1	0	2	214	255	226	205	45	0	0	3	110	63	7	50	22	0	0	0	0	0	0	0	0	0	
0	0	0	2	7	0	0	0	2	0	77	175	173	95	0	2	1	0	86	41	27	137	0	2	0	0	3	0	122	92	0	3	0	2	0	77	155	0	0	0	3	0	92	200	73	42	0	1	1	0	162	160	117	68	0	2	0	0	0	0	0	0	0	0	
0	0	0	0	0	0	0	0	3	0	61	208	172	61	0	2	1	0	27	89	170	119	0	4	0	0	10	177	252	93	0	3	0	0	0	35	29	156	11	0	0	67	95	20	113	169	0	1	0	45	190	209	184	43	0	2	0	0	0	0	0	0	0	0	
0	1	4	0	1	1	0	0	0	0	0	6	0	38	94	12	0	34	141	121	38	162	135	4	0	75	207	185	164	26	0	1	2	0	61	154	141	26	0	2	3	0	82	101	94	105	0	4	0	0	0	125	177	38	0	2	0	0	0	0	3	0	0	0	
0	0	1	0	0	1	0	0	0	0	1	3	0	33	46	0	3	0	71	86	0	110	60	0	1	0	161	58	4	115	3	0	0	6	161	127	88	133	0	3	0	0	3	0	150	69	0	2	0	2	0	45	143	0	2	0	0	0	0	11	16	0	0	0	
0	0	0	1	0	2	1	0	0	0	0	2	58	13	0	1	0	3	0	85	249	144	15	0	0	3	0	138	52	21	15	0	0	2	0	84	89	0	3	0	0	1	0	20	147	0	1	0	1	0	7	124	101	0	2	0	1	0	27	88	0	0	0	0	
0	0	0	0	0	0	0	0	0	1	0	94	161	180	12	0	2	0	47	175	102	73	0	0	3	0	72	208	111	1	0	0	0	0	2	3	114	102	0	4	0	2	77	49	118	87	0	3	0	0	145	204	161	8	0	1	0	0	0	0	0	1	0	0	
0	0	0	1	0	0	0	0	0	1	0	35	123	13	0	1	0	0	3	155	176	95	0	4	1	0	15	180	140	154	0	3	0	2	0	39	207	94	0	4	1	0	21	45	163	32	0	1	2	0	20	229	137	0	3	0	0	1	0	24	11	0	0	0	
0	0	1	3	0	0	0	0	0	0	0	1	19	6	0	0	1	0	5	145	219	125	0	4	4	0	131	122	77	145	0	4	3	0	103	174	226	79	0	3	0	1	0	49	168	0	0	0	0	3	0	86	90	0	3	0	0	2	0	97	33	0	1	0	
0	1	0	1	0	1	1	0	0	2	23	158	179	13	0	1	0	67	161	35	170	182	6	0	0	147	130	0	24	245	93	0	0	178	100	0	0	109	186	0	0	120	198	21	23	181	146	0	0	5	145	195	192	141	8	0	0	1	0	2	2	0	1	0	
0	0	0	0	0	0	0	0	1	0	21	165	196	14	0	1	2	0	69	101	194	58	0	2	0	1	0	14	199	29	0	2	0	31	113	193	237	167	78	0	0	123	255	197	45	99	198	26	0	9	42	7	0	0	5	4	0	0	0	2	3	3	1	0	
0	0	0	0	0	0	0	0	0	0	0	10	108	1	0	0	0	1	0	30	145	0	2	0	0	1	0	43	115	0	3	0	0	2	0	62	112	0	3	0	0	3	0	72	123	0	3	0	0	2	0	45	87	0	2	0	0	0	0	0	0	0	0	0	
0	0	3	1	0	0	0	0	0	3	0	33	173	93	0	1	2	0	77	228	203	253	47	0	0	53	255	83	10	255	118	0	0	154	202	0	7	242	150	0	0	132	255	78	96	255	78	0	3	18	134	177	172	96	0	0	1	1	0	0	0	0	1	0	
0	4	2	0	0	0	0	0	0	0	0	26	46	5	0	0	8	91	147	113	175	68	0	2	6	68	39	68	146	12	0	1	0	2	0	73	130	129	60	0	2	0	66	59	2	156	104	0	1	0	11	105	127	76	0	0	0	0	0	0	0	0	1	0	
0	0	0	0	0	0	0	0	1	0	11	133	145	87	0	0	0	0	9	52	165	195	0	1	1	0	5	100	228	34	0	2	2	0	40	133	181	112	0	4	0	1	13	0	121	132	0	4	1	0	148	197	173	27	0	1	1	0	17	61	16	0	1	0	
0	0	0	0	0	0	0	0	0	15	97	127	115	12	0	1	0	41	129	49	139	116	0	5	0	0	2	0	50	125	0	3	1	0	24	115	179	198	141	56	4	0	136	95	169	58	32	18	3	0	77	179	82	0	2	0	0	0	1	20	2	1	1	1	
0	1	2	0	1	2	0	0	0	0	6	35	17	0	0	0	0	22	131	115	136	86	0	2	0	111	137	0	178	181	0	3	0	13	131	149	147	133	0	4	0	0	4	0	88	98	0	3	0	1	4	0	154	54	0	2	0	0	0	4	122	14	0	1	
0	0	1	0	0	0	0	0	0	1	0	55	117	21	0	1	3	0	75	148	151	96	0	4	0	2	155	5	114	163	0	4	0	58	140	0	171	182	0	3	0	10	132	122	194	153	0	4	0	0	8	0	103	107	0	4	0	1	2	0	9	9	0	0	
0	0	2	0	0	0	0	0	0	0	0	0	8	64	0	1	2	0	75	9	47	121	0	3	2	0	157	23	121	67	0	2	2	0	62	139	169	3	0	0	0	2	0	57	115	0	3	0	0	3	0	89	133	0	2	0	0	1	0	15	34	0	0	0	
0	12	82	1	0	4	3	0	0	20	167	3	1	0	0	0	0	43	142	0	4	99	75	0	0	69	139	0	137	132	142	46	0	24	185	51	147	0	133	47	2	0	78	174	185	172	121	0	0	1	0	18	61	57	6	0	0	0	2	1	0	0	2	0	
0	0	2	2	0	1	0	0	0	0	0	4	24	2	0	0	2	0	37	139	178	122	0	3	1	0	188	83	160	156	0	4	1	0	97	118	184	84	0	3	0	0	2	0	135	35	0	1	0	1	0	25	166	0	0	0	0	1	0	30	112	0	1	0	
0	0	1	0	106	46	0	2	0	2	0	96	216	56	0	3	3	0	114	218	5	0	1	0	1	0	201	89	0	9	0	0	3	0	164	242	234	131	0	2	2	0	36	230	255	251	40	0	0	0	0	16	63	66	6	0	0	0	2	1	0	0	0	0	
0	0	1	0	0	1	0	0	0	0	6	33	25	0	0	0	0	20	179	142	168	73	0	3	0	13	46	0	92	130	0	4	0	0	4	0	111	105	0	4	0	1	4	0	164	55	0	2	0	2	0	43	163	0	1	0	0	2	0	58	75	0	2	0	
0	2	1	0	0	1	0	0	0	0	0	47	76	7	0	1	0	35	193	192	192	163	0	1	0	137	110	0	5	189	30	0	0	77	188	35	54	220	34	0	1	0	105	177	186	228	9	0	0	1	1	0	25	201	14	0	0	0	3	2	0	78	20	0	
0	0	0	0	2	2	0	0	0	2	0	47	184	167	9	0	1	3	0	45	172	179	6	0	0	3	0	85	230	79	0	3	31	24	0	28	93	91	0	3	53	182	71	0	121	93	0	3	0	35	161	193	127	0	0	0	1	1	1	4	0	1	0	0	
0	0	4	4	3	3	1	0	0	0	0	0	0	0	0	0	0	13	140	168	180	171	41	0	0	22	137	147	83	210	32	0	0	0	3	0	133	109	0	3	0	3	0	77	179	0	1	0	0	1	0	173	46	0	2	0	1	0	23	146	0	1	0	0	
0	0	2	0	1	1	0	0	0	0	0	18	12	0	0	0	3	0	116	206	158	11	0	1	0	24	171	0	113	181	0	3	0	10	160	137	182	160	0	3	1	0	20	18	121	83	0	3	0	1	0	1	158	21	0	1	0	1	0	22	128	0	0	0	
0	0	1	1	0	1	0	0	0	2	0	66	45	0	21	0	0	2	0	151	27	46	131	0	3	0	112	123	0	87	75	0	0	53	247	164	122	190	112	0	0	185	118	0	9	198	81	0	2	22	0	2	0	78	25	0	0	0	3	0	1	0	1	0	
0	0	0	1	10	3	0	0	0	2	0	46	169	115	0	1	0	0	0	17	63	137	0	0	3	0	101	220	207	77	0	3	1	0	26	24	33	112	0	2	0	42	13	0	82	132	0	3	0	83	171	159	156	28	0	1	0	0	7	9	2	0	0	0	
0	0	0	0	0	3	2	0	0	29	122	6	0	0	0	0	0	52	195	1	4	78	64	0	0	35	161	15	173	135	142	42	0	32	175	155	78	0	135	52	3	0	131	237	50	138	129	0	0	1	0	62	130	107	3	0	0	0	2	0	0	0	2	0	
0	0	0	0	0	0	0	0	0	2	0	85	182	197	38	0	0	0	0	169	43	94	60	0	0	3	0	98	183	146	23	0	1	0	21	154	232	80	0	3	0	0	201	116	92	131	0	4	0	1	135	165	159	45	0	2	0	0	1	7	0	0	0	0	
0	0	1	2	1	1	0	0	0	0	0	6	4	0	0	0	1	0	14	161	36	10	0	1	4	0	112	216	209	100	0	4	3	0	67	146	176	60	0	2	0	0	1	0	138	24	0	1	0	1	0	29	135	0	2	0	0	1	0	18	67	0	2	0	
0	0	3	3	3	3	0	0	0	0	0	0	0	0	0	0	2	0	100	165	145	97	0	2	0	2	163	63	69	168	0	2	0	0	5	0	83	115	0	4	0	0	3	0	128	50	0	2	0	1	0	15	139	1	0	0	0	1	0	43	95	0	3	0	
0	0	0	1	0	0	0	0	0	1	0	20	120	104	5	0	0	2	0	174	237	247	61	0	3	0	77	215	0	177	60	0	3	0	169	108	28	216	12	0	0	0	210	95	199	118	0	3	3	0	137	251	114	0	2	0	0	0	9	29	0	2	0	0	
0	0	0	0	1	0	0	0	0	0	1	0	24	63	0	2	0	0	4	0	115	100	0	3	0	1	0	13	161	12	0	1	0	1	0	129	99	0	3	0	0	0	0	149	26	0	1	0	1	0	16	116	0	1	0	0	0	0	5	19	0	0	0	0	
0	0	1	0	1	2	0	0	0	0	1	115	54	0	2	0	3	0	120	149	52	41	0	1	0	4	163	0	100	127	0	4	1	0	155	127	208	104	0	4	1	0	34	78	123	112	0	4	0	0	4	0	112	121	0	4	0	0	2	1	13	17	0	1	
0	0	2	1	0	1	0	0	0	0	1	6	0	36	31	0	2	0	67	116	0	121	43	0	0	10	201	68	32	125	0	2	0	11	115	71	124	64	0	2	0	1	0	26	151	1	0	0	0	4	0	101	99	0	3	0	0	0	0	14	6	0	0	0	
0	0	0	0	0	0	0	0	2	0	56	136	125	90	6	0	3	0	181	137	21	38	9	0	2	0	179	51	0	5	0	0	2	0	140	172	124	122	38	0	1	0	18	48	0	44	163	0	1	0	17	110	142	198	117	0	0	0	0	0	32	37	0	0	
0	0	2	3	0	2	0	0	0	0	0	1	14	1	0	0	2	0	32	175	217	119	0	3	2	0	172	127	117	203	0	1	0	0	148	186	155	133	0	3	0	0	9	15	120	96	0	3	0	1	1	0	176	29	0	1	0	0	0	14	122	2	0	0	
0	0	0	0	1	0	0	0	1	0	40	53	0	5	0	0	2	0	63	101	42	88	0	3	3	0	77	114	107	134	0	4	1	0	16	126	197	93	0	3	0	0	2	0	135	37	0	1	0	0	3	0	129	59	0	2	0	0	1	0	16	23	0	1	
0	0	0	0	0	0	0	0	1	0	9	120	157	143	48	0	2	0	57	185	90	157	154	0	1	0	24	134	18	1	2	1	1	0	13	218	212	9	0	1	4	0	153	163	124	0	1	0	3	0	140	200	139	0	2	0	0	0	8	56	19	0	1	0	
0	1	2	0	0	0	0	0	1	0	9	87	143	146	20	0	0	8	151	148	70	175	87	0	0	10	40	0	11	177	30	0	0	1	0	0	175	112	0	3	1	0	12	177	248	97	0	0	0	64	219	189	93	52	1	0	0	30	47	0	0	0	0	0	
0	0	0	0	0	0	0	0	0	1	0	21	105	154	121	0	0	3	0	142	149	97	77	0	1	0	31	189	27	0	1	0	0	0	1	84	196	117	0	3	0	117	121	60	144	120	0	2	0	48	140	154	161	55	0	1	0	0	0	1	4	0	0	0	
0	0	1	1	0	0	0	0	0	1	1	11	9	26	0	0	1	0	9	140	35	132	0	1	1	0	160	167	89	166	0	2	0	46	235	195	226	137	0	2	0	2	10	0	92	60	0	2	0	0	3	0	133	65	0	2	0	0	2	0	47	15	0	1	
0	0	0	3	3	0	0	0	0	2	0	79	94	157	68	0	0	3	0	85	126	52	15	0	0	2	0	56	234	66	0	3	1	0	104	149	105	63	0	3	0	6	205	64	37	104	0	3	1	0	27	156	168	46	0	2	0	0	0	0	1	0	0	0	
1	2	0	0	0	0	0	0	0	0	3	2	9	61	6	0	77	141	0	0	43	251	39	0	82	241	130	97	148	250	25	0	0	35	67	64	169	195	0	1	0	0	4	0	115	161	0	4	0	2	6	0	122	159	0	4	0	0	1	0	34	58	0	2	
0	0	0	0	41	24	0	1	0	1	0	149	241	161	18	0	0	0	12	141	25	107	80	0	0	0	0	3	0	168	68	0	0	46	106	117	100	214	23	0	10	212	189	192	251	188	55	0	0	48	124	123	67	0	6	0	0	0	0	0	0	2	0	0	
0	0	4	2	0	3	0	0	0	1	0	2	3	0	11	1	0	2	120	187	177	155	172	0	0	138	163	22	87	255	77	0	0	201	134	136	222	186	0	1	0	41	114	51	127	103	0	4	0	0	4	0	162	116	0	4	0	2	7	0	105	97	0	3	
1	0	22	67	0	1	0	0	2	0	62	192	0	1	3	0	3	0	142	126	0	9	1	0	0	6	188	92	189	172	110	0	0	70	134	58	102	133	172	0	0	45	150	113	177	161	8	0	1	0	25	91	71	0	1	1	0	1	1	0	0	2	1	0	
0	0	0	0	1	0	0	0	0	0	2	0	50	42	0	2	0	0	2	0	125	40	0	1	0	1	0	20	119	0	1	0	0	3	0	75	77	0	3	0	0	3	0	123	40	0	1	0	0	0	9	104	0	0	0	0	0	0	3	14	0	0	0	0	
0	0	2	1	0	1	0	0	0	0	0	5	11	0	0	0	2	0	27	197	235	42	0	2	2	0	152	64	179	158	0	4	1	0	148	127	216	72	0	3	1	0	20	104	187	10	0	1	0	2	0	53	148	0	3	0	0	2	0	56	80	0	2	0	
0	0	1	0	2	2	0	0	3	75	6	0	0	0	0	0	0	204	50	0	104	80	0	3	0	162	141	0	135	192	0	3	0	50	213	208	236	213	2	0	1	0	10	85	84	200	72	0	0	2	1	3	0	115	145	0	0	0	1	4	1	15	32	0	
0	1	0	24	60	34	0	1	0	1	0	177	243	138	0	3	1	0	37	186	0	0	1	0	2	0	37	234	163	42	0	2	0	55	14	28	79	212	18	0	0	103	208	116	163	209	11	0	1	0	72	158	150	32	0	1	0	2	0	0	0	1	1	0	
0	0	0	0	0	1	0	0	0	7	69	0	2	1	1	0	0	45	87	0	0	62	32	0	0	60	61	0	62	147	6	0	0	22	125	105	68	93	0	1	0	0	3	0	14	79	0	2	0	1	2	0	10	92	0	0	0	0	0	1	0	18	3	0	
0	0	0	0	0	0	0	0	1	0	23	192	213	80	0	2	0	0	12	57	104	176	0	3	0	1	0	107	234	97	0	3	0	6	11	110	129	176	12	0	0	25	182	31	74	195	7	0	1	0	99	202	218	76	0	3	0	0	0	0	0	1	0	0	
0	0	0	1	0	1	0	0	2	0	105	199	57	0	2	0	0	1	19	69	183	11	0	1	0	0	3	0	142	61	0	2	1	0	29	165	140	24	0	1	3	0	59	214	199	36	8	0	0	0	2	0	53	169	25	0	0	0	1	1	0	1	0	0	
0	1	0	59	20	0	1	0	0	2	0	161	48	0	3	0	1	0	15	171	7	0	0	0	3	0	76	145	76	161	44	0	4	0	115	90	151	243	109	0	3	0	86	201	183	134	0	0	0	0	0	76	68	2	0	0	0	0	1	0	0	2	1	0	
0	0	0	0	0	3	1	0	1	0	77	144	85	0	1	0	0	0	207	129	133	188	34	0	3	0	75	150	150	191	3	0	1	0	0	194	255	33	0	2	3	0	79	168	140	146	0	4	1	0	24	182	200	82	0	3	0	1	0	30	39	0	1	0	
0	0	0	1	0	0	0	0	0	1	0	16	92	163	66	0	1	3	0	141	158	81	12	0	0	1	0	156	91	0	0	0	24	50	0	0	67	98	0	3	6	137	87	14	143	106	0	3	0	21	122	162	125	2	0	0	1	1	0	0	0	1	0	0	
0	0	1	4	3	0	2	1	0	1	1	0	0	1	1	0	1	0	13	131	111	119	143	9	0	25	193	115	48	0	122	43	0	137	96	0	0	70	127	0	0	129	141	45	130	131	13	0	0	6	95	77	38	0	1	1	0	0	0	0	0	2	1	0	
0	0	0	2	9	0	0	0	1	0	2	183	247	121	0	1	0	2	0	118	103	193	24	0	0	0	2	0	56	203	2	0	0	38	47	16	151	158	0	4	0	189	255	224	223	187	79	0	0	42	97	28	3	40	54	0	0	0	0	0	0	0	0	0	
0	0	1	0	37	31	0	1	1	0	12	119	125	38	0	2	1	0	34	133	0	2	0	0	2	0	57	79	13	14	0	0	4	0	89	152	109	114	0	0	1	0	29	161	41	136	17	0	0	1	0	35	122	50	0	2	0	0	1	2	0	0	0	0	
0	0	0	1	0	0	0	0	0	2	0	46	160	180	85	0	1	3	0	181	121	28	25	0	2	0	40	229	132	46	0	2	27	76	0	23	8	157	18	0	0	126	125	17	85	189	8	0	0	4	89	157	163	44	0	2	0	2	0	0	0	1	0	0	
0	0	0	1	1	44	7	0	0	0	3	0	122	170	0	0	0	3	0	76	198	3	0	1	1	0	10	198	58	1	1	0	3	0	130	132	121	186	29	0	3	0	168	143	84	176	24	0	1	0	27	142	150	60	0	2	0	0	0	0	0	0	0	0	
0	1	3	0	0	1	0	0	0	0	0	7	21	2	0	0	0	34	194	191	214	83	0	3	0	24	112	17	169	134	0	4	0	1	0	0	212	66	0	3	0	3	0	63	210	1	0	1	0	2	0	168	117	0	3	0	0	0	0	141	29	0	1	0	
0	0	0	0	0	0	0	0	1	0	22	64	8	48	0	1	4	0	102	87	13	158	0	2	3	0	149	90	81	162	0	2	2	0	148	129	152	143	0	4	0	0	4	0	105	112	0	4	0	0	4	0	138	91	0	3	0	0	1	0	20	12	0	0	
0	0	0	0	0	1	0	0	0	3	0	89	201	180	27	0	0	3	0	43	177	78	0	2	0	0	3	0	153	58	0	2	0	41	50	86	213	23	0	1	0	167	255	213	168	164	90	0	0	10	41	8	0	21	30	0	0	1	0	1	3	0	0	0	
0	1	0	33	27	0	1	0	0	1	0	118	30	0	2	0	1	0	35	123	0	3	0	0	3	0	76	86	91	127	12	0	3	0	75	145	29	44	63	0	3	0	60	200	42	69	46	0	0	0	0	50	73	36	0	0	0	0	1	0	0	0	1	0	
0	0	0	2	6	1	0	0	3	0	73	205	182	125	0	1	1	0	23	20	68	219	8	0	2	0	74	176	252	114	0	4	1	0	29	97	87	144	0	1	0	80	78	14	129	176	0	1	0	41	149	198	194	37	0	2	0	0	0	0	0	1	0	0	
0	0	0	0	1	3	0	0	0	0	2	118	62	0	2	0	3	0	70	247	211	76	0	2	1	0	12	161	210	169	0	3	0	4	0	103	255	25	0	2	1	0	17	152	149	93	0	4	1	0	20	152	169	83	0	3	0	1	0	29	44	0	0	0	
0	0	0	0	1	0	0	0	0	0	2	0	95	47	0	2	0	0	0	0	211	68	0	3	0	2	0	56	200	0	0	0	0	4	0	116	163	0	3	0	0	3	0	182	98	0	3	0	0	1	0	193	60	0	2	0	0	0	0	28	9	0	0	0	
1	0	18	12	0	3	0	0	0	0	133	26	0	1	0	0	0	9	140	102	105	46	0	1	0	0	1	48	118	215	27	0	0	1	0	79	67	157	27	0	0	7	38	21	62	144	2	0	0	14	110	125	99	19	0	1	0	0	0	0	0	1	0	0	
0	0	2	4	11	1	0	0	3	0	105	191	155	127	0	1	1	0	15	60	144	171	0	2	0	2	0	168	225	120	0	2	5	34	0	5	0	136	58	0	0	149	128	50	97	218	23	0	0	19	143	210	189	56	0	2	0	1	0	0	0	0	0	0	
0	0	6	7	0	0	2	0	1	0	42	115	170	101	0	1	0	4	0	116	173	148	121	0	3	0	93	191	12	17	202	25	0	63	189	13	0	88	185	0	0	150	127	0	91	202	42	0	0	34	180	176	143	30	0	2	0	0	2	4	0	1	2	0	
0	0	0	0	0	0	0	0	1	0	8	108	136	43	0	2	1	0	19	168	178	174	0	0	0	0	2	0	38	171	0	1	0	82	155	98	192	204	16	2	0	96	255	255	182	149	129	5	0	0	36	45	0	1	0	0	0	1	0	0	3	4	2	0	
0	0	1	0	0	1	0	0	0	0	4	111	101	4	0	0	3	0	86	100	83	88	0	3	4	0	102	89	131	126	0	4	3	0	60	187	76	126	25	0	3	0	115	63	0	74	40	0	2	0	122	39	0	99	33	0	0	0	21	7	0	25	3	0	
0	1	3	0	0	0	0	0	0	0	0	6	18	4	0	0	0	17	160	155	182	126	0	4	0	9	82	0	128	116	0	4	0	1	0	30	197	13	0	1	0	3	0	86	164	0	3	0	0	2	0	165	68	0	2	0	0	1	0	114	21	0	1	0	
0	1	0	32	23	0	1	0	1	0	15	163	160	44	0	2	3	0	135	130	16	166	15	0	0	23	196	48	0	80	100	0	0	91	119	0	0	31	145	0	0	47	180	81	50	165	92	0	2	0	49	144	141	75	0	1	0	1	0	0	0	0	1	0	
0	0	0	0	2	4	0	0	0	12	154	159	147	138	21	0	0	13	96	54	51	183	54	0	0	3	0	92	253	212	13	0	27	105	0	48	37	67	91	0	2	179	185	55	40	175	98	0	0	14	124	176	210	126	0	0	1	1	0	0	0	0	0	0	
0	0	0	0	0	0	0	0	0	0	0	8	73	0	1	0	0	1	0	31	113	0	3	0	0	1	0	40	78	0	3	0	0	3	0	88	89	0	3	0	0	3	0	124	55	0	2	0	0	1	0	110	19	0	1	0	0	0	0	1	1	0	0	0	
0	0	0	0	0	0	0	0	0	0	0	11	118	1	0	0	0	1	0	15	165	4	0	0	0	1	0	37	164	0	1	0	0	3	0	73	149	0	4	0	0	3	0	91	138	0	4	0	0	3	0	70	79	0	3	0	0	0	0	0	0	0	0	0	
0	0	1	1	0	0	0	0	0	1	0	33	47	0	0	0	1	0	20	100	84	55	0	2	3	0	79	41	85	42	0	1	2	0	49	124	146	0	0	0	0	0	0	43	104	0	1	0	0	1	0	28	110	0	3	0	0	0	0	13	47	0	1	0	
0	0	1	3	0	0	0	0	0	0	1	0	55	27	0	1	1	0	12	150	241	161	0	3	3	0	146	111	43	140	0	3	2	0	166	149	214	128	0	4	1	0	25	82	139	68	0	3	0	0	2	0	106	28	0	1	0	0	1	3	68	6	0	0	
0	0	0	0	0	0	0	0	0	22	150	210	175	42	0	2	0	47	106	21	176	119	0	4	0	2	0	50	207	33	0	3	1	0	8	186	63	0	2	0	4	0	115	235	128	148	109	35	2	0	36	167	165	135	140	46	0	0	0	0	0	0	0	0	
0	0	2	1	0	0	0	0	0	2	0	16	140	200	33	0	2	0	66	242	245	255	125	0	0	53	250	163	8	202	142	0	0	178	139	0	31	241	52	0	0	151	242	153	233	184	0	2	0	26	171	229	194	33	0	2	0	0	0	0	0	1	0	0	
0	0	0	0	0	0	0	0	0	0	0	93	19	0	1	0	0	2	0	201	109	0	3	0	0	2	0	201	166	0	3	0	0	3	0	170	169	0	3	0	0	4	0	103	212	0	1	0	0	1	0	28	193	39	0	2	0	0	0	0	9	9	0	0	
0	0	0	0	1	0	0	0	0	0	3	0	99	45	0	2	0	1	0	6	183	30	0	1	0	1	0	37	162	0	1	0	0	2	0	69	130	0	3	0	0	4	0	129	103	0	3	0	0	3	0	112	56	0	2	0	0	0	0	0	0	0	0	0	
0	0	0	0	0	0	0	0	0	0	4	111	26	0	1	0	0	3	0	171	115	0	4	0	0	4	0	112	175	0	3	0	0	3	0	85	240	8	0	1	0	2	0	55	228	13	0	1	0	0	0	5	164	20	0	1	0	0	0	0	19	2	0	0	
0	0	0	0	2	2	0	0	0	6	25	11	2	0	0	0	0	23	171	163	172	87	0	3	0	0	4	0	99	151	0	4	0	0	4	0	140	77	0	3	0	1	0	25	177	5	0	1	0	3	0	131	116	0	3	0	0	1	0	138	31	0	1	0	
0	1	1	0	0	2	1	0	1	0	37	86	32	0	1	0	0	24	175	74	60	58	22	0	0	37	158	3	25	169	20	0	1	0	72	105	137	149	0	3	0	0	2	0	53	115	0	4	0	0	4	0	48	147	0	2	0	0	0	0	7	74	2	0	
0	0	1	2	0	0	0	0	0	1	0	11	177	101	37	0	1	0	19	202	125	86	202	0	3	0	168	139	0	76	202	0	0	42	188	9	0	114	154	0	0	117	184	0	96	201	30	0	0	59	208	183	145	35	0	2	0	0	1	4	0	1	1	0	
0	0	0	11	11	0	0	0	2	0	45	115	135	48	0	2	0	0	8	0	122	59	0	2	0	27	106	134	186	34	0	1	0	53	155	86	38	142	49	0	0	0	0	2	0	133	88	0	1	0	45	116	132	87	0	1	0	0	2	13	4	0	1	0	
0	0	1	0	1	4	0	0	0	2	0	41	172	166	38	0	1	0	26	205	36	41	52	0	1	0	14	187	127	117	26	0	1	0	5	184	214	2	0	1	1	0	164	145	154	0	2	0	0	2	163	162	53	0	2	0	0	0	2	4	0	0	0	0	
0	0	2	0	0	0	0	0	0	1	0	32	75	81	27	0	3	0	119	172	149	167	154	0	3	0	127	156	82	153	50	0	0	1	0	170	246	39	0	2	3	0	83	116	142	76	0	2	4	0	117	169	151	7	0	1	1	0	22	123	26	0	1	0	
0	0	1	0	0	46	27	0	0	2	0	121	198	189	48	0	2	0	57	183	38	2	0	0	2	0	35	139	116	65	0	1	0	0	0	1	0	173	64	0	4	119	140	88	69	182	35	0	3	82	139	153	147	50	0	2	0	0	0	0	0	0	1	0	
0	0	1	1	0	2	0	0	0	1	0	23	66	6	0	0	2	0	35	121	71	126	1	0	0	1	118	10	70	164	0	1	0	13	129	93	175	12	0	1	1	0	16	61	106	0	3	0	0	3	0	90	84	0	3	0	0	1	0	42	26	0	1	0	
0	2	0	74	109	0	3	0	0	1	0	169	64	0	4	0	3	0	90	147	0	3	0	0	0	0	177	45	74	157	49	0	0	26	186	160	170	84	211	30	0	1	135	235	151	124	125	5	0	0	0	4	29	31	1	0	0	0	3	0	0	0	2	1	
1	0	17	33	0	4	0	0	1	0	132	83	0	126	42	0	0	44	142	0	0	65	156	0	0	101	101	0	6	0	148	25	0	117	104	0	5	0	129	36	0	23	159	97	66	127	144	0	2	0	37	143	133	66	3	0	0	1	1	0	0	0	1	0	
0	0	0	0	0	0	0	0	1	0	26	85	136	141	145	28	4	0	142	186	39	52	101	16	1	0	21	176	57	48	39	0	0	1	0	187	246	91	33	0	4	0	161	148	153	30	0	1	3	0	111	188	166	27	0	1	0	0	0	52	27	0	1	0	
0	0	0	0	0	0	0	0	0	9	7	16	32	7	0	0	0	102	147	125	144	93	0	3	0	2	4	0	50	80	0	3	1	0	16	33	124	27	0	1	1	0	31	164	198	146	13	0	0	1	0	70	17	29	4	0	0	0	10	49	0	1	0	0	
0	0	0	0	0	0	0	0	1	0	57	162	175	28	0	2	0	16	192	146	160	155	0	4	0	0	3	0	83	161	0	4	0	15	47	34	179	98	0	3	0	123	255	251	217	193	126	0	0	16	112	79	0	15	67	12	0	0	0	0	0	0	0	0	
0	0	0	0	0	0	0	0	0	10	56	125	128	53	0	1	0	62	255	222	219	253	33	0	0	3	37	4	202	231	11	0	0	2	0	146	255	70	0	3	0	6	157	255	245	164	81	0	0	18	225	207	136	154	90	0	0	0	15	11	0	0	0	0	
0	0	0	0	0	0	0	0	0	2	0	48	155	0	1	0	0	3	0	75	222	0	0	0	0	3	0	85	208	0	1	0	0	4	0	117	169	0	3	0	0	4	0	143	165	0	3	0	0	3	0	110	135	0	2	0	0	0	0	0	0	0	0	0	
0	0	0	0	0	0	0	0	0	0	9	55	117	188	18	0	4	0	123	255	196	113	0	0	2	0	55	231	151	9	0	1	0	15	56	3	143	184	0	0	0	37	175	47	122	199	2	0	1	0	135	211	165	31	0	2	0	0	0	0	0	1	0	0	
0	0	0	3	11	1	0	0	3	0	116	200	156	116	0	2	1	0	29	22	80	166	0	2	1	2	5	160	253	118	0	4	0	0	5	34	32	174	28	0	0	93	57	7	61	202	15	0	0	104	185	188	150	43	0	1	0	0	1	3	0	0	0	0	
0	0	1	1	1	1	0	0	0	0	3	8	0	7	2	0	2	0	62	105	4	142	17	0	1	0	173	149	150	194	3	0	0	58	153	0	132	143	78	23	0	11	4	13	165	11	3	8	0	3	0	100	105	0	4	0	0	1	0	92	20	0	1	0	
0	0	1	0	0	0	0	0	2	0	29	163	193	178	6	0	3	0	145	128	36	50	4	0	0	12	217	142	128	35	0	2	1	0	19	42	72	207	30	0	0	12	32	0	38	217	38	0	0	30	182	162	205	83	0	3	0	0	2	8	2	0	1	0	
1	0	17	9	0	0	0	0	3	0	82	103	0	3	0	0	1	0	14	171	15	0	1	0	0	3	0	115	105	0	3	0	0	1	0	33	175	7	0	1	0	0	4	0	156	182	0	3	0	0	1	0	34	123	0	0	0	0	0	0	1	0	0	0	
0	1	2	0	0	2	2	0	1	0	3	72	153	45	0	2	0	10	159	133	153	221	41	0	0	156	94	0	0	112	160	0	3	189	24	0	0	20	175	4	0	143	150	48	66	154	114	0	0	10	83	112	126	67	0	1	0	1	0	0	0	0	2	0	
0	0	0	0	0	0	0	0	0	0	8	108	20	51	48	0	2	0	45	237	140	123	62	0	4	0	119	152	0	4	0	0	2	0	63	163	121	22	0	1	0	0	2	0	97	189	0	2	2	0	57	135	147	141	0	2	0	0	0	50	59	3	0	0	
0	0	0	0	0	1	0	0	0	1	0	18	27	2	0	0	0	55	201	150	190	76	0	3	0	39	83	0	68	146	0	4	0	0	2	0	77	146	0	4	0	1	6	0	130	87	0	3	0	1	0	14	190	25	0	1	0	2	0	49	125	0	2	0	
0	0	0	0	0	1	0	0	0	147	227	177	86	7	0	1	0	122	121	138	255	129	0	4	0	2	0	73	255	108	0	4	0	5	0	160	242	196	59	0	1	0	25	181	91	234	205	0	2	0	29	204	204	202	56	0	0	0	0	0	0	0	0	0	
0	0	2	0	0	2	1	0	0	1	0	129	200	3	0	1	3	0	124	228	202	161	0	1	0	22	214	34	0	205	82	0	0	96	133	0	0	156	111	0	0	63	208	52	125	222	30	0	2	0	98	195	171	31	0	1	0	1	0	0	0	1	1	0	
0	1	0	26	69	0	2	0	0	3	0	112	70	0	3	0	2	0	45	147	0	5	0	0	4	0	125	136	106	143	19	0	4	0	146	228	0	143	95	0	0	4	144	158	169	172	29	0	0	1	1	3	19	5	0	0	0	0	1	2	0	2	1	0	
0	0	0	0	0	0	0	0	0	1	0	57	117	135	108	0	1	0	29	200	87	128	141	0	1	0	7	172	138	91	0	1	2	0	46	218	178	0	3	1	0	3	183	58	137	6	0	0	0	0	149	206	143	0	1	0	1	0	12	52	8	0	0	0	
0	0	27	6	0	0	0	0	1	0	135	144	0	1	0	0	0	1	0	190	64	0	5	1	0	3	0	116	89	0	3	0	0	4	0	108	182	128	157	65	2	0	40	232	154	76	41	16	2	0	48	128	0	0	0	0	0	0	0	0	3	3	1	1	
0	0	2	1	0	1	0	0	0	1	0	12	68	7	0	0	3	0	69	215	232	127	0	3	2	0	115	73	85	132	0	3	0	0	3	0	173	82	0	3	0	0	0	9	192	34	0	2	0	3	0	144	140	0	3	0	0	1	0	78	26	0	1	0	
0	0	0	0	0	0	0	0	0	2	0	50	25	0	1	0	0	3	0	76	59	0	2	0	0	2	0	56	74	0	3	0	0	1	0	36	103	0	3	0	0	0	0	13	107	0	1	0	0	0	2	0	93	21	0	1	0	0	0	0	14	5	0	0	
0	0	0	0	0	0	0	0	0	0	1	121	150	27	0	1	0	1	0	97	120	166	0	1	0	0	3	0	89	115	0	3	0	36	186	173	231	101	35	7	0	53	241	217	108	123	162	53	0	0	14	6	0	0	0	1	0	1	0	1	4	4	2	0	
0	0	1	0	0	2	0	0	0	0	4	38	92	90	0	2	1	0	139	160	225	40	0	2	1	0	108	211	97	0	3	0	3	0	63	151	126	112	6	0	4	0	143	81	0	151	90	0	2	0	50	159	147	121	22	0	0	0	0	0	11	6	0	0	
0	0	0	2	0	1	0	0	0	0	1	2	0	52	14	0	0	0	10	76	0	120	9	0	3	0	68	164	44	93	0	3	3	0	66	164	197	83	0	3	0	0	1	0	123	17	0	1	0	0	0	20	100	0	1	0	0	0	0	9	20	0	1	0	
0	0	0	3	1	0	0	0	0	0	1	0	18	70	7	0	0	1	0	89	162	168	7	0	4	0	97	159	0	3	0	0	2	0	31	155	93	0	2	0	0	0	1	0	166	63	0	2	0	2	0	54	155	16	0	1	0	1	0	56	28	0	1	0	
0	0	0	0	0	0	0	0	0	0	0	8	2	23	1	0	0	0	3	128	22	122	0	0	3	0	75	118	37	111	0	3	3	0	65	137	139	50	0	2	0	1	0	40	167	0	0	0	0	2	0	68	94	0	3	0	0	1	0	47	25	0	1	0	
0	0	2	1	0	2	0	0	2	0	117	152	51	0	1	0	0	3	33	43	146	106	0	2	0	1	2	0	105	150	0	3	0	0	0	116	214	52	0	2	0	14	18	19	154	54	0	2	0	25	125	148	93	0	2	0	0	0	4	9	0	1	0	0	
0	0	0	0	0	0	0	0	0	0	1	85	156	146	30	0	1	0	23	214	85	150	123	0	0	2	0	96	67	15	17	0	0	3	0	97	255	45	0	2	3	0	96	191	134	52	0	2	4	0	127	197	172	39	0	2	0	0	7	60	41	0	1	0	
0	1	0	15	48	0	0	0	1	0	10	150	89	0	1	0	3	0	118	99	0	12	0	0	0	14	141	12	157	145	24	0	0	8	135	137	85	67	98	0	3	0	85	231	99	103	97	0	0	1	0	77	110	107	24	0	0	0	2	0	0	0	0	0	
0	0	2	1	0	0	0	0	0	3	0	37	193	213	52	0	2	0	44	236	120	94	163	0	0	19	218	95	0	80	179	0	0	115	140	0	0	171	88	0	0	82	215	84	143	189	0	1	1	0	87	187	200	38	0	2	0	0	0	0	0	1	0	0	
0	0	0	0	0	0	0	0	0	0	2	0	90	39	0	2	0	0	1	0	156	25	0	1	0	1	0	42	136	0	2	0	0	3	0	107	66	0	2	0	1	0	13	155	7	0	0	0	2	0	43	101	0	2	0	0	0	0	0	1	0	0	0	0	
0	0	0	0	0	0	0	0	0	1	0	29	180	18	0	1	0	2	0	40	222	16	0	1	0	3	0	71	187	0	1	0	0	3	0	158	138	0	4	0	1	0	0	225	92	0	3	0	1	0	7	176	41	0	2	0	0	0	0	0	0	0	0	0	
0	0	0	0	0	1	0	0	0	10	61	77	69	5	0	0	0	37	86	40	87	111	0	2	1	0	13	91	122	74	0	2	1	0	29	99	155	34	0	2	0	0	2	0	50	94	0	3	0	15	77	67	103	75	0	3	0	2	81	64	30	5	0	0	
0	0	1	0	0	0	0	0	0	1	0	76	147	210	96	0	2	0	61	224	128	89	47	0	4	0	123	220	76	62	0	0	35	170	77	70	62	149	132	0	5	131	220	147	65	173	143	0	1	0	24	116	189	170	19	0	0	3	0	0	0	0	0	0	
0	0	0	0	0	0	0	0	0	10	8	33	70	11	0	1	0	23	119	207	252	34	0	2	0	2	0	95	211	0	0	0	0	5	0	134	176	0	3	0	0	4	0	125	173	0	3	0	0	3	0	83	201	0	1	0	0	0	0	11	63	2	0	0	
0	0	0	0	0	0	0	0	0	1	0	14	154	13	0	1	0	2	0	62	218	3	0	1	0	4	0	118	186	0	2	0	0	2	0	181	110	0	3	0	1	0	2	217	55	0	2	0	1	0	6	156	19	0	1	0	0	0	0	0	0	0	0	0	
0	0	0	0	3	1	0	0	0	2	0	61	190	98	0	3	1	0	3	208	86	152	17	0	2	0	40	184	0	133	37	0	3	0	101	104	2	153	6	0	4	0	126	98	141	110	0	3	3	0	56	205	109	0	1	0	0	0	0	1	0	1	0	0	
0	0	0	0	1	0	0	0	0	0	2	0	46	75	0	3	0	0	3	0	137	72	0	3	0	1	0	42	165	0	0	0	0	4	0	139	109	0	3	0	0	0	0	164	31	0	1	0	1	0	17	120	1	0	0	0	0	0	1	1	0	0	0	0	
0	0	0	8	2	0	0	0	2	0	89	154	139	22	0	1	0	0	12	0	75	124	0	3	0	0	3	74	104	167	7	0	3	0	108	122	120	207	87	0	3	0	140	46	138	53	0	2	2	0	55	171	67	0	3	0	0	0	1	4	0	1	0	0	
0	1	0	30	61	0	1	0	0	4	0	123	122	0	4	0	1	0	30	194	15	0	1	0	4	0	142	108	75	128	16	0	0	10	166	127	151	178	104	0	1	0	149	245	166	181	48	0	1	0	12	49	72	22	0	1	0	0	1	0	0	1	2	0	
0	0	1	0	0	2	0	0	1	0	1	165	98	0	3	0	3	0	96	146	132	84	0	2	1	0	158	34	0	166	24	0	0	21	159	4	0	132	96	0	0	5	174	33	0	183	78	0	2	0	55	151	162	104	0	1	0	0	0	6	9	0	0	0	
0	0	3	0	0	0	1	0	0	1	0	19	83	97	8	0	1	0	94	253	247	243	111	0	0	123	240	117	47	76	210	0	0	203	57	0	0	132	189	0	0	163	168	83	117	248	92	0	0	23	105	163	163	76	0	1	0	1	0	0	0	0	0	0	
0	0	0	1	0	2	1	0	0	0	0	4	9	0	0	0	0	1	0	168	214	197	61	0	2	0	52	185	104	242	34	0	0	0	5	59	222	67	0	3	1	0	5	198	84	0	3	0	3	0	148	123	0	5	0	0	0	0	113	18	0	1	0	0	
0	1	1	0	0	0	1	0	1	0	27	142	230	113	0	3	0	36	235	175	85	229	58	0	0	159	102	0	0	97	159	0	7	167	12	0	0	81	175	0	0	185	152	66	86	226	111	0	0	30	135	206	212	124	8	0	0	0	0	0	0	0	1	0	
0	0	0	0	0	0	0	0	0	0	2	0	80	71	0	3	0	0	1	0	149	35	0	1	0	2	0	53	146	0	2	0	0	3	0	124	70	0	2	0	1	0	28	164	2	0	0	0	2	0	64	117	0	2	0	0	0	0	0	1	0	0	0	0	
0	0	2	1	0	0	0	0	0	0	1	0	21	59	0	2	3	0	80	22	64	121	0	4	4	0	138	66	112	60	0	2	1	0	32	121	168	0	0	0	0	2	0	63	117	0	3	0	0	3	0	110	78	0	3	0	0	1	0	18	11	0	0	0	
0	0	0	0	0	0	0	0	1	0	32	41	0	49	16	0	3	0	88	91	0	133	25	0	2	0	117	35	0	134	10	0	0	17	180	105	149	140	0	2	0	9	102	59	106	111	0	4	0	0	3	0	103	59	0	2	0	0	4	1	24	6	0	0	
0	0	2	2	0	0	0	0	0	0	0	1	15	8	0	0	1	0	36	133	201	117	0	4	4	0	141	161	182	99	0	4	1	0	27	105	197	27	0	1	0	1	0	28	144	0	1	0	0	3	0	101	115	0	4	0	0	3	0	84	70	0	2	0	
0	0	0	1	1	9	0	0	0	1	0	23	146	126	4	0	0	3	0	103	68	0	1	0	0	2	0	117	74	0	1	0	0	1	0	4	120	70	0	3	1	0	32	39	134	47	0	2	3	0	66	167	55	0	1	0	0	0	0	1	0	1	0	0	
0	0	0	0	0	0	0	0	0	1	0	72	158	139	12	0	1	0	8	203	110	196	49	0	0	3	0	126	196	134	31	0	2	0	58	188	203	34	0	2	0	0	200	40	104	100	0	3	0	0	162	162	199	59	0	3	1	0	11	64	40	0	1	0	
0	0	0	0	0	0	0	0	0	0	2	0	56	66	0	2	0	0	2	0	166	77	0	3	0	2	0	42	179	0	0	0	0	4	0	121	124	0	4	0	0	0	0	169	37	0	1	0	0	0	11	142	3	0	0	0	0	0	0	11	1	0	0	0	
0	0	1	0	9	62	35	0	0	3	0	109	201	174	95	0	0	0	4	170	33	0	1	0	1	0	8	175	164	86	0	1	0	1	1	3	17	158	67	0	15	153	187	158	130	165	39	0	3	20	51	119	146	72	0	2	0	0	0	0	0	0	1	0	
0	0	0	1	5	0	0	0	0	2	0	78	154	40	0	2	0	1	0	102	76	108	0	4	0	2	0	58	162	61	0	3	0	3	0	81	208	0	0	1	1	0	10	187	151	0	2	0	0	0	0	145	88	0	3	0	0	0	0	2	1	0	0	0	
0	0	0	0	1	0	0	0	0	0	3	0	88	61	0	2	0	0	0	0	164	33	0	1	0	2	0	57	142	0	3	0	0	3	0	138	79	0	2	0	1	0	32	179	1	0	0	0	2	0	58	99	0	3	0	0	0	0	0	1	1	0	0	0	
0	0	0	5	2	0	0	0	1	0	13	135	115	0	1	0	0	1	0	44	131	0	2	0	0	3	0	81	147	0	1	0	0	0	2	0	123	90	0	3	1	0	38	87	126	41	0	2	2	0	47	185	74	0	2	0	0	0	0	0	1	1	0	0	
0	1	0	22	46	0	1	0	0	3	0	103	109	0	4	0	0	0	2	160	34	9	0	0	2	0	52	214	144	189	29	0	4	0	136	242	48	161	25	0	3	0	106	235	167	73	0	2	0	0	2	60	38	0	1	0	0	0	1	0	1	2	0	0	
0	0	0	6	29	1	1	0	0	3	0	102	103	0	3	0	2	0	42	129	18	64	6	0	3	0	122	111	152	193	76	0	2	0	165	196	42	158	22	0	4	0	115	230	171	75	0	3	1	0	6	117	55	0	2	0	0	0	1	0	1	2	0	0	
0	0	2	0	62	30	0	1	0	1	0	22	204	31	0	1	0	1	0	180	78	0	3	0	3	0	78	145	75	174	32	0	3	0	174	190	130	203	38	0	3	0	144	255	162	84	0	2	0	0	6	60	39	0	1	0	0	0	1	0	1	3	0	0	
0	0	0	0	0	0	0	0	0	2	0	49	35	2	2	0	1	0	9	152	37	99	0	1	3	0	71	110	54	91	0	3	1	0	18	108	134	39	0	2	0	1	0	36	163	0	0	0	0	2	0	57	77	0	2	0	0	0	0	13	7	0	0	0	
0	0	2	1	4	32	0	0	0	1	0	12	175	166	0	2	1	0	18	210	175	63	0	1	2	0	169	144	0	192	34	0	0	59	171	0	24	217	35	0	0	69	225	137	210	121	0	2	1	0	96	163	57	0	1	0	0	1	0	0	0	2	0	0	
0	0	0	0	0	0	0	0	0	1	0	39	65	0	2	0	0	2	0	48	102	0	3	0	0	1	0	39	112	0	3	0	0	1	0	30	130	0	2	0	0	1	0	27	135	0	2	0	0	1	0	17	99	0	1	0	0	0	0	0	0	0	0	0	
0	2	4	2	0	0	0	0	0	0	0	0	10	7	0	0	0	39	176	191	215	159	0	2	0	86	146	39	112	175	0	2	0	0	3	0	154	90	0	3	0	3	0	44	197	14	0	1	0	3	0	156	131	0	4	0	0	1	0	121	29	0	1	0	
0	0	0	0	0	0	0	0	0	0	32	69	72	75	26	0	0	60	129	24	2	105	49	0	0	5	100	44	63	81	0	1	0	1	0	139	174	0	0	1	0	0	19	88	60	97	0	2	1	0	21	103	81	100	0	2	0	1	0	26	51	4	0	0	
0	0	0	8	79	2	0	0	0	2	0	54	175	0	2	0	0	3	0	135	76	0	2	0	1	0	21	220	207	142	0	0	4	0	133	246	77	200	28	0	4	0	121	255	205	89	0	2	0	0	3	69	52	0	1	0	0	0	1	0	0	2	0	0	
0	0	1	1	0	0	0	0	0	1	0	90	81	21	9	0	2	0	32	206	126	144	132	39	4	0	153	189	29	0	4	1	1	0	37	77	170	77	0	3	0	26	23	0	167	70	0	3	0	59	149	160	98	0	2	0	0	0	56	30	0	1	0	0	
0	0	0	0	0	0	0	0	0	0	1	0	44	88	0	2	0	0	4	0	151	139	0	4	0	1	0	22	188	17	0	1	0	3	0	108	132	0	3	0	0	1	0	176	49	0	2	0	1	0	33	157	0	0	0	0	0	0	6	18	0	0	0	0	
0	0	0	0	0	2	0	0	0	0	8	43	34	0	1	0	0	4	89	88	120	72	0	2	0	8	76	67	28	124	3	0	0	108	97	51	185	166	4	2	0	65	97	91	71	87	159	19	0	0	16	12	0	2	13	0	0	1	0	0	3	2	0	0	
0	0	0	0	1	0	0	0	0	0	3	0	89	99	0	3	0	0	3	0	156	66	0	3	0	2	0	44	185	2	0	1	0	3	0	145	116	0	3	0	2	0	45	210	14	0	1	0	3	0	94	122	0	3	0	0	0	0	0	0	1	0	0	0	
0	0	3	4	4	2	0	0	0	1	0	0	0	3	2	0	2	0	80	161	157	201	60	0	0	29	219	109	145	244	25	0	0	107	184	0	115	168	0	2	0	22	29	0	193	84	0	3	0	1	0	10	232	61	0	3	0	2	0	4	157	38	0	2	
0	0	0	4	4	0	0	0	1	0	7	139	129	0	0	0	3	0	107	67	111	39	0	1	2	0	133	6	170	116	0	4	1	0	126	18	163	143	0	3	3	0	129	52	52	113	0	3	1	0	30	134	126	25	0	1	0	0	0	5	7	0	0	0	
0	0	1	0	0	1	0	0	1	0	32	109	0	13	18	0	3	0	127	99	0	119	70	0	0	4	171	16	9	161	12	0	2	0	150	200	191	101	0	4	1	0	12	65	154	52	0	2	0	0	2	0	137	23	0	1	0	0	0	7	21	0	0	0	
0	0	0	0	1	0	0	0	0	1	0	126	24	0	1	0	0	1	0	174	48	0	2	0	0	4	0	131	99	0	3	0	0	3	0	107	127	0	4	0	0	2	0	48	165	0	2	0	0	0	1	0	128	49	0	2	0	0	0	0	3	4	0	0	
0	0	0	0	0	0	0	0	0	1	0	93	28	0	1	0	0	3	0	166	103	0	3	0	0	3	0	109	150	0	4	0	0	2	0	67	192	0	1	0	0	2	0	42	196	0	0	0	0	1	0	36	150	0	1	0	0	0	0	1	13	0	0	0	
0	1	0	18	31	0	1	0	2	0	47	193	166	14	0	1	3	0	144	103	105	89	0	3	0	0	4	0	97	96	0	3	1	0	10	80	185	152	26	4	4	0	144	202	187	87	113	31	2	0	74	128	32	0	1	0	0	0	0	0	1	4	3	0	
0	0	0	0	0	2	0	0	0	5	18	28	22	2	0	0	0	28	104	99	112	88	0	1	0	0	1	0	22	130	0	1	0	0	5	0	99	76	0	3	0	1	0	36	132	0	0	0	0	3	0	105	46	0	1	0	0	1	0	74	18	0	0	0	
0	0	0	0	0	0	0	0	0	44	119	127	120	68	0	1	0	57	97	32	100	188	1	0	1	0	0	164	161	14	0	1	0	1	3	43	152	53	0	2	2	0	135	36	21	171	0	0	2	0	101	150	143	115	0	1	0	0	0	46	56	3	0	0	
0	0	0	2	3	0	0	0	0	0	2	0	0	4	0	0	0	1	0	41	166	125	0	3	3	0	93	197	112	100	0	3	2	0	77	148	195	97	0	4	0	0	0	0	134	17	0	1	0	1	0	40	102	0	3	0	0	1	0	36	45	0	2	0	
0	0	2	0	1	0	0	0	0	0	0	0	10	71	0	1	0	0	131	16	74	120	0	3	0	30	167	0	126	55	0	2	0	4	136	135	199	99	0	0	0	0	2	32	163	30	0	0	0	1	4	0	134	62	0	2	0	0	1	0	18	39	0	1	
0	3	4	3	0	1	0	0	0	0	0	0	5	7	0	0	54	164	101	164	236	176	0	1	21	147	178	135	188	216	0	0	0	0	4	0	132	192	0	3	1	4	6	0	185	190	0	3	0	0	4	0	167	196	0	3	0	0	2	0	51	130	0	2	
0	0	1	0	7	2	0	0	1	0	29	27	108	126	39	0	3	0	128	59	0	59	112	14	3	0	152	96	0	0	0	0	1	0	12	111	147	35	0	2	1	0	27	0	93	142	0	4	2	0	46	142	141	42	0	2	0	0	0	7	4	0	0	0	
0	0	0	0	1	0	0	0	0	0	2	0	94	29	0	1	0	0	0	3	137	11	0	0	0	1	0	42	131	0	2	0	0	3	0	96	86	0	3	0	0	4	0	120	84	0	3	0	0	3	0	87	79	0	3	0	0	0	0	0	0	0	0	0	
0	0	0	8	77	7	0	0	0	2	0	122	102	0	2	0	2	0	54	130	0	2	0	0	4	0	99	77	84	129	20	0	4	0	108	190	65	63	141	0	3	0	61	240	135	91	82	0	0	1	0	33	79	54	0	0	0	0	1	0	0	0	2	0	
0	0	2	1	0	0	0	0	0	1	0	24	84	69	10	0	2	0	83	210	196	255	41	0	3	0	163	201	169	159	0	2	1	0	16	229	200	0	0	1	2	0	30	237	193	0	1	0	4	0	134	255	137	0	1	0	2	0	41	82	3	0	0	0	
0	0	0	3	4	2	0	0	0	0	40	8	0	0	0	0	3	0	132	127	96	89	0	2	1	0	132	66	98	132	0	4	0	7	86	0	86	87	0	3	0	0	3	0	126	57	0	2	0	0	6	0	131	82	0	1	0	0	2	0	41	88	0	0	
0	0	0	1	0	0	0	0	0	0	3	0	58	216	105	0	0	3	0	57	252	187	62	0	1	0	11	223	181	0	1	0	1	0	159	255	234	47	0	2	0	15	238	255	255	54	0	3	1	0	132	216	110	0	0	0	0	0	0	0	0	0	0	0	
0	0	0	0	1	1	0	0	0	1	0	40	39	0	1	0	0	2	0	132	151	15	0	1	0	1	0	102	113	112	0	3	0	3	0	104	153	38	0	0	0	3	0	112	94	0	3	0	0	2	0	143	37	0	1	0	0	0	0	63	9	0	0	0	
0	1	0	25	68	0	0	0	1	0	90	130	141	0	1	0	0	0	23	9	83	0	0	0	0	1	1	2	81	7	0	0	0	0	1	0	107	9	0	0	0	32	155	129	206	155	82	0	0	19	76	57	33	29	17	0	0	0	0	0	0	0	0	0	
0	1	0	1	0	0	0	0	0	0	1	0	19	7	0	0	0	38	18	44	137	96	0	3	0	56	103	106	53	79	0	3	1	0	17	115	160	38	0	2	0	1	0	17	128	3	0	0	0	1	0	26	125	0	2	0	0	0	0	1	99	14	0	1	
0	0	0	0	1	0	0	0	1	0	78	118	28	0	1	0	1	0	29	92	154	16	0	1	0	1	0	7	156	24	0	1	0	2	0	52	175	35	0	1	0	0	3	0	92	126	0	4	1	0	8	137	157	15	0	1	0	0	2	52	12	0	1	0	
0	1	2	0	0	2	1	0	1	0	18	105	120	27	0	1	0	0	150	65	81	181	0	0	0	72	118	0	63	237	46	0	0	90	67	0	124	144	57	0	0	88	106	0	15	125	29	0	0	12	145	104	120	89	0	2	1	0	9	54	32	0	1	0	
0	1	0	0	6	3	0	0	1	0	53	131	160	139	6	0	0	61	167	45	25	184	13	0	0	16	9	1	176	93	0	3	0	0	0	158	97	0	2	0	2	0	150	218	125	148	86	0	0	23	176	88	46	41	34	0	0	0	0	0	0	0	0	0	
0	0	0	0	1	0	0	0	0	2	0	67	104	0	3	0	0	3	0	100	103	0	3	0	0	3	0	132	75	0	3	0	0	3	0	146	75	0	3	0	0	3	0	110	104	0	3	0	0	1	0	38	142	3	0	1	0	0	0	0	6	3	0	0	
0	0	1	0	0	2	1	0	0	0	2	23	24	1	0	0	3	0	89	190	183	153	7	0	0	63	206	11	0	163	78	0	0	86	161	0	21	180	27	0	0	7	26	0	141	97	0	3	0	2	0	41	167	0	1	0	0	3	0	69	75	0	2	0	
0	0	1	0	0	0	0	0	1	0	24	124	99	80	0	1	0	2	162	153	32	159	23	0	0	6	18	0	33	152	0	0	1	0	25	126	219	176	73	12	0	48	216	190	67	30	91	35	0	36	123	27	0	1	0	0	0	0	0	1	3	2	3	1	
0	0	0	0	0	1	0	0	0	0	3	25	28	1	0	0	3	0	77	151	181	78	0	3	0	0	10	12	139	103	0	4	1	0	11	129	218	76	0	3	0	1	0	13	173	9	0	1	0	2	0	60	157	0	2	0	0	2	0	57	82	0	2	0	
0	0	0	0	0	0	0	0	0	0	57	90	114	66	0	1	0	1	106	83	170	151	0	2	0	0	3	137	68	2	0	0	0	1	0	130	83	0	2	0	0	0	66	0	145	52	0	2	2	0	125	133	164	58	0	2	0	0	1	54	50	0	0	0	
0	0	1	0	0	2	0	0	0	1	0	66	66	0	0	0	3	0	79	155	186	128	0	2	0	10	142	2	23	178	4	0	0	26	159	49	183	112	0	4	1	0	83	110	145	61	0	2	0	0	1	0	149	28	0	1	0	0	3	2	65	11	0	0	
0	0	1	0	1	1	0	0	0	0	4	2	0	68	10	0	0	0	108	5	23	134	0	1	0	32	155	0	121	103	0	3	0	11	138	126	194	82	0	1	0	0	1	2	148	11	0	0	0	1	4	0	106	70	0	2	0	0	0	0	10	30	0	1	
0	0	0	0	0	0	0	0	0	3	0	81	60	0	2	0	0	3	0	98	76	0	3	0	0	3	0	88	93	0	3	0	0	3	0	96	102	0	3	0	0	3	0	86	146	0	3	0	0	2	0	42	157	0	0	0	0	0	0	0	0	0	0	0	
0	0	1	0	0	0	3	1	0	0	5	0	74	61	0	2	0	0	121	15	25	144	118	28	0	0	150	95	0	3	46	28	1	0	0	151	94	0	2	0	0	0	10	22	163	2	1	1	3	0	74	151	117	0	1	0	0	0	7	56	9	0	0	0	
0	0	0	1	0	1	0	0	0	1	0	33	154	12	0	1	0	1	0	174	218	110	0	4	3	0	69	129	10	173	5	0	3	0	84	88	0	158	26	0	4	0	107	130	21	156	0	0	1	0	26	159	146	44	0	2	0	0	0	4	5	0	0	0	
0	1	0	43	46	0	2	0	0	2	0	145	51	0	3	0	2	0	44	155	0	3	0	0	3	0	94	99	37	178	48	0	3	0	90	98	124	82	86	0	2	0	60	167	171	131	16	0	0	1	0	49	75	27	0	1	0	0	1	0	0	1	1	0	
0	0	1	1	0	2	0	0	0	0	3	0	13	4	0	0	0	11	182	160	207	128	0	2	0	71	171	19	17	175	31	0	0	121	60	0	21	180	11	0	0	19	5	0	77	129	0	4	0	1	2	0	155	55	0	2	0	2	0	27	114	0	1	0	
0	0	0	0	1	2	0	0	1	0	18	35	0	0	0	0	4	0	88	204	137	57	0	2	1	0	31	27	101	101	0	4	0	0	1	0	147	33	0	1	0	1	0	41	139	0	2	0	0	3	0	85	128	0	2	0	0	1	0	22	93	10	0	1	
0	0	1	1	0	1	0	0	0	1	0	37	125	4	0	0	1	0	14	150	168	86	0	3	4	0	100	127	30	150	0	3	3	0	136	51	30	164	0	2	2	0	147	22	134	118	0	3	2	0	69	142	90	0	0	0	0	0	1	8	0	1	0	0	
0	0	0	0	4	1	0	0	0	1	0	8	146	39	0	2	0	2	0	47	141	91	0	4	0	2	0	53	185	65	0	3	0	2	0	129	143	0	4	0	1	0	10	163	101	0	3	0	0	0	0	145	59	0	2	0	0	0	0	3	1	0	0	0	
0	0	0	6	1	0	0	0	0	0	107	132	91	4	0	0	0	5	32	12	138	22	0	1	1	0	9	156	157	5	0	1	0	0	3	2	75	125	0	1	0	2	36	0	17	135	5	0	0	16	151	110	135	36	0	2	0	0	5	13	1	0	0	0	
0	0	1	1	0	0	0	0	0	1	0	30	61	0	0	0	1	0	14	111	104	51	0	2	3	0	78	70	52	68	0	2	1	0	23	124	161	0	0	0	0	2	0	62	97	0	3	0	0	3	0	86	75	0	3	0	0	1	0	16	41	0	1	0	
0	0	0	0	0	0	0	0	0	0	0	5	95	10	0	1	0	1	0	12	193	21	0	1	0	1	0	29	160	0	1	0	0	3	0	81	150	0	3	0	0	4	0	128	112	0	3	0	0	3	0	140	67	0	2	0	0	0	0	15	7	0	0	0	
0	2	1	0	0	1	1	0	1	0	37	129	148	57	0	2	0	56	208	84	60	198	38	0	0	155	83	0	0	172	120	0	4	159	17	7	0	170	200	0	0	160	32	0	33	212	142	0	0	85	172	115	167	48	0	1	0	0	38	62	15	0	2	0	
0	0	1	1	0	0	0	0	0	1	0	56	93	0	1	0	1	0	20	91	46	4	0	0	3	0	69	82	160	29	0	1	1	0	28	141	187	4	0	1	0	2	0	55	140	0	3	0	0	2	0	51	83	0	2	0	0	0	0	3	11	0	0	0	
0	0	0	0	0	0	0	0	0	1	0	26	98	0	0	0	0	4	0	111	151	0	4	0	0	4	0	110	105	0	3	0	0	3	0	109	105	0	3	0	0	4	0	113	115	0	4	0	0	3	0	79	131	0	4	0	0	0	0	6	20	0	1	0	
0	0	0	0	0	0	0	0	0	0	17	1	47	8	0	0	1	0	80	0	80	32	0	1	0	31	73	0	87	80	5	0	0	67	115	66	107	118	13	0	0	1	8	0	19	87	0	2	0	0	0	2	0	103	12	0	0	0	0	0	0	15	4	0	
0	0	1	2	0	0	0	0	0	1	0	11	139	142	0	1	1	0	23	174	114	159	4	0	2	0	92	48	64	105	0	4	1	0	13	93	217	72	0	0	0	51	211	226	85	116	119	10	0	103	176	29	0	0	11	5	0	0	0	1	4	3	0	0	
0	0	1	1	0	1	0	0	0	1	0	21	67	1	0	0	1	0	22	122	140	51	0	2	4	0	91	156	129	87	0	3	0	0	7	22	121	54	0	2	0	0	0	5	148	9	0	0	0	2	0	47	179	0	1	0	0	1	0	27	64	0	1	0	
0	0	0	0	0	0	1	0	0	0	0	44	59	25	0	0	0	1	0	93	129	187	145	0	2	0	38	147	59	98	56	0	0	0	3	136	25	0	1	0	2	106	8	106	106	0	6	0	0	94	142	129	24	0	1	0	0	0	0	0	0	0	0	0	
0	0	0	0	0	1	0	0	0	13	24	7	10	2	0	0	0	103	230	195	237	79	0	3	0	1	23	17	185	74	0	3	0	0	1	0	195	55	0	2	0	2	0	35	219	17	0	1	0	3	0	70	202	0	1	0	0	1	0	27	118	0	1	0	
0	0	1	0	1	1	0	0	0	0	8	17	0	53	57	0	3	0	116	95	0	182	32	0	0	1	180	15	111	104	0	3	0	21	185	45	196	111	26	0	1	0	105	197	182	23	0	1	0	2	0	57	125	0	3	0	0	0	1	9	29	0	0	0	
0	0	2	1	0	0	0	0	0	1	0	18	68	91	47	0	2	0	57	123	56	21	2	0	0	9	152	13	0	1	0	0	0	6	104	96	116	25	0	1	0	0	4	0	71	113	0	4	0	0	3	96	116	49	0	2	0	1	0	31	42	0	1	0	
0	0	0	2	3	2	0	0	1	0	38	12	0	0	0	0	3	0	96	147	62	42	0	1	1	0	33	155	130	136	0	4	1	0	21	19	114	78	0	3	0	1	0	16	155	9	0	1	0	3	0	82	126	0	3	0	0	1	0	35	70	0	1	0	
1	0	19	31	0	1	0	0	3	0	91	188	0	6	1	0	3	0	101	183	0	3	0	0	4	0	94	190	101	88	13	0	4	0	121	251	105	243	96	0	3	0	67	199	131	213	11	0	0	1	0	83	135	27	0	1	0	0	1	0	0	1	1	0	
0	0	0	0	0	0	0	0	0	1	0	12	119	81	0	1	0	3	0	83	104	133	20	0	0	3	0	83	173	128	0	2	0	1	0	166	122	8	0	1	3	0	64	213	33	0	2	0	4	0	93	189	4	0	0	0	0	0	9	31	0	1	0	0	
0	0	0	2	9	0	0	0	0	2	0	49	109	32	0	2	0	0	15	59	29	97	0	2	2	0	50	74	0	98	0	0	2	0	61	38	0	107	0	0	2	0	65	40	65	92	0	3	1	0	17	125	114	6	0	1	0	0	0	5	3	0	0	0	
0	0	1	1	0	0	0	0	0	0	0	7	66	28	0	1	0	0	5	86	104	115	0	3	3	0	98	127	110	61	0	2	1	0	14	62	174	21	0	1	0	1	0	29	132	0	1	0	0	3	0	79	95	0	3	0	0	1	0	32	32	0	1	0	
0	0	0	0	0	0	0	0	1	0	26	173	192	19	0	1	3	0	132	105	207	75	0	3	0	1	0	28	216	29	0	1	0	3	0	114	174	0	2	0	1	0	4	222	128	85	21	0	0	0	3	96	200	167	3	0	0	0	0	0	0	0	0	0	
0	0	1	1	0	0	0	0	0	2	0	58	140	37	0	2	2	0	48	139	125	152	0	3	2	0	138	32	64	161	0	3	0	8	148	0	102	168	0	3	1	0	152	22	52	150	0	2	2	0	71	150	130	64	0	2	0	1	0	30	49	0	0	0	
0	0	0	0	0	0	0	0	0	14	57	59	58	62	49	13	0	77	240	185	193	186	210	61	0	78	243	165	205	72	0	2	0	45	131	22	126	219	0	0	0	4	26	0	104	211	0	0	0	20	211	217	234	88	0	3	1	0	19	74	34	0	1	0	
0	0	0	1	2	2	0	0	0	0	8	0	0	0	0	0	3	0	143	147	126	113	0	2	3	0	81	55	76	111	0	3	0	0	4	0	123	40	0	1	0	0	0	14	141	2	0	0	0	1	0	40	118	0	3	0	0	1	0	24	104	0	0	0	
0	0	0	0	0	0	0	0	0	1	0	38	105	0	2	0	0	2	0	57	144	0	3	0	0	2	0	60	150	0	3	0	0	2	0	62	149	0	3	0	0	2	0	60	157	0	3	0	0	1	0	31	124	0	2	0	0	0	0	0	0	0	0	0	
0	0	0	0	0	3	1	0	0	0	0	112	67	0	2	0	0	0	8	154	153	128	14	0	0	3	0	115	175	69	2	0	0	3	0	170	132	0	4	0	2	0	33	170	106	0	3	0	2	0	32	192	73	0	3	0	0	0	0	38	6	0	0	0	
0	0	0	0	0	1	0	0	0	30	35	0	10	6	0	0	0	81	94	0	56	118	0	3	0	138	235	168	180	195	0	1	0	83	107	115	143	214	35	0	0	0	0	3	0	104	97	0	0	2	3	6	0	61	126	0	0	0	0	0	0	8	20	0	
0	0	1	0	1	1	0	0	0	0	1	2	0	74	9	0	2	0	91	12	33	129	0	2	0	11	185	47	116	78	0	3	0	5	80	114	206	75	0	2	0	0	1	0	146	18	0	1	0	0	5	0	121	34	0	1	0	0	1	0	20	11	0	0	
0	0	0	0	0	0	0	0	2	0	69	41	0	21	0	0	3	0	159	50	31	128	0	3	3	0	167	45	59	150	0	4	3	0	81	177	165	144	0	4	0	1	0	35	149	153	0	3	0	0	3	0	46	165	0	2	0	0	0	0	10	25	0	0	
0	0	0	0	5	3	0	0	0	0	0	6	130	18	0	1	0	3	0	73	114	0	3	0	0	3	0	113	59	0	2	0	0	3	0	110	33	0	1	0	0	3	0	122	58	0	2	0	0	2	0	70	109	0	1	0	0	0	0	0	8	1	0	0	
0	0	0	0	0	0	0	0	0	0	0	0	24	42	0	2	0	1	0	65	52	108	0	3	0	0	7	104	60	103	0	4	4	0	98	232	196	91	0	4	3	0	91	65	63	86	0	3	0	0	2	0	63	65	0	3	0	0	1	0	7	6	0	0	
0	0	0	0	0	1	0	0	0	2	0	92	83	0	2	0	0	0	1	127	119	65	0	2	0	3	0	95	145	165	3	0	0	3	0	148	174	18	3	0	1	0	30	144	105	0	2	0	1	0	12	153	103	0	2	0	0	1	0	29	17	0	1	0	
0	0	1	0	0	0	0	0	0	1	0	26	84	13	0	1	1	0	53	91	130	106	0	4	0	0	12	0	80	108	0	4	0	0	0	8	163	20	0	1	0	3	0	106	111	0	3	0	1	0	30	149	0	1	0	0	1	0	32	49	0	2	0	0	
0	0	0	0	0	0	1	1	0	2	0	53	131	24	0	1	0	0	3	128	59	111	21	18	0	0	12	119	48	172	109	24	1	0	8	191	122	35	0	1	3	0	100	165	37	0	3	1	2	0	95	165	63	0	2	0	0	0	5	48	8	0	0	0	
0	0	2	0	0	2	2	0	0	2	0	51	63	0	0	0	2	0	95	150	151	65	65	0	0	61	117	0	33	200	96	0	0	113	109	93	119	193	8	0	0	14	97	45	61	141	0	3	0	0	4	0	118	94	0	3	0	1	5	0	53	25	0	1	
0	0	0	0	0	0	0	0	0	2	0	65	82	0	3	0	0	3	0	92	88	0	3	0	0	3	0	117	60	0	2	0	0	3	0	109	89	0	3	0	0	3	0	80	104	0	3	0	0	1	0	29	104	0	1	0	0	0	0	0	5	1	0	0	
0	0	2	9	0	1	0	0	2	0	74	157	91	0	1	0	0	0	15	0	145	80	0	3	0	0	1	0	33	131	0	2	1	0	5	114	95	115	0	2	3	0	67	131	157	140	0	4	1	0	6	131	154	32	0	2	0	0	0	4	8	0	0	0	
0	0	0	0	0	0	0	0	0	1	53	88	85	27	0	1	0	9	118	96	88	183	18	0	1	0	25	62	100	88	0	0	2	0	52	179	33	0	1	0	0	1	0	39	131	8	0	1	3	0	95	109	143	50	0	2	1	0	5	99	82	0	0	0	
0	0	1	1	1	2	1	0	0	55	50	0	2	0	0	0	0	162	197	0	55	176	13	0	0	176	255	207	232	254	37	0	0	71	227	253	236	255	78	0	1	0	24	21	96	255	78	0	0	2	3	0	48	214	26	0	0	0	1	1	4	11	0	0	
0	0	0	1	0	0	0	0	0	0	0	4	96	7	0	0	0	3	0	69	164	0	2	0	0	3	0	93	121	0	4	0	0	3	0	90	133	0	4	0	0	3	0	74	139	0	3	0	0	1	0	16	160	3	0	0	0	0	0	0	25	3	0	0	
0	0	0	0	1	0	0	0	0	0	2	0	71	35	0	1	0	0	1	0	137	27	0	1	0	2	0	55	122	0	3	0	0	3	0	103	77	0	3	0	0	3	0	136	42	0	1	0	0	2	0	85	17	0	0	0	0	0	0	0	0	0	0	0	
0	0	0	0	0	2	1	0	0	2	0	87	81	0	0	0	0	3	0	101	142	129	12	0	0	3	0	70	172	103	17	0	0	0	0	131	146	2	0	0	1	0	36	112	109	17	0	0	1	0	26	156	100	0	2	0	0	0	0	44	17	0	1	0	
0	0	0	2	0	17	30	0	0	0	2	0	19	182	130	9	0	1	0	12	202	90	0	3	0	1	0	151	108	0	4	0	2	0	123	228	50	3	0	0	2	0	190	214	253	75	0	3	2	0	54	131	80	7	0	1	0	0	0	0	0	0	0	0	
0	0	0	0	0	0	0	0	0	0	0	110	65	31	5	0	0	0	2	84	158	229	52	0	0	3	0	78	113	17	1	0	0	2	0	60	112	0	3	0	0	0	1	0	151	25	0	1	0	47	114	87	137	10	0	1	0	7	51	63	20	0	1	0	
0	0	3	4	2	3	2	0	0	0	0	0	0	0	0	0	0	14	136	94	66	69	58	0	0	0	166	84	60	164	92	0	0	2	97	2	20	135	0	0	0	1	8	0	111	85	0	3	0	0	0	8	147	14	0	1	0	2	0	49	123	0	3	0	
0	0	1	3	1	1	0	0	0	23	26	0	1	0	0	0	0	117	188	80	40	29	3	0	0	50	30	79	116	171	11	0	0	0	1	0	39	128	0	2	0	2	5	0	108	73	0	3	0	0	3	0	118	77	0	1	0	0	1	0	25	91	25	0	
0	0	0	0	0	0	0	0	0	2	0	62	47	0	2	0	0	4	0	116	139	0	4	0	0	3	0	83	137	0	4	0	0	2	0	55	134	0	3	0	0	1	0	18	169	5	0	0	0	0	2	0	119	45	0	2	0	0	0	0	9	6	0	0	
0	1	2	0	1	1	0	0	0	0	0	24	14	0	1	0	0	6	98	118	113	36	0	2	0	53	158	1	50	165	23	0	0	0	78	93	144	86	6	0	0	0	3	0	113	47	0	2	0	0	5	0	128	39	0	1	0	0	2	0	78	61	0	2	
0	0	0	0	0	0	0	0	0	0	5	45	13	36	0	0	1	0	32	126	87	115	0	3	2	0	67	84	109	81	0	3	4	0	109	159	198	128	0	1	2	0	43	85	143	27	0	1	0	0	0	0	142	17	0	1	0	0	1	4	79	12	0	1	
0	0	0	0	0	0	0	0	1	0	43	78	74	69	8	0	2	0	103	158	164	212	23	0	0	3	0	115	109	1	0	1	0	1	0	47	128	0	2	0	0	0	3	0	127	63	0	2	2	0	90	98	144	30	0	1	2	0	74	114	30	0	1	0	
0	0	0	0	0	1	0	0	1	0	26	65	47	0	0	0	3	0	152	238	215	97	0	3	0	0	17	0	104	171	0	4	0	0	0	0	208	96	0	3	0	3	0	80	204	0	0	1	0	4	0	121	228	27	0	2	0	1	0	31	87	4	0	0	
0	0	1	1	1	1	0	0	0	0	1	28	0	62	21	0	2	0	52	113	13	138	0	1	3	0	139	28	99	76	0	2	2	0	98	135	192	114	15	0	0	1	0	55	132	0	3	0	0	1	0	17	107	0	2	0	0	0	0	0	19	2	0	0	
0	0	0	1	11	1	0	0	0	0	1	94	138	79	0	2	2	0	47	169	97	141	0	3	0	2	0	181	214	0	0	1	2	0	56	121	141	54	0	2	2	0	152	17	122	88	0	3	2	0	108	163	118	2	0	0	0	0	2	11	0	0	0	0	
0	0	0	0	3	2	0	0	0	0	4	2	0	0	0	0	0	0	182	167	138	63	0	2	1	0	162	47	80	131	0	4	0	0	12	0	70	87	0	3	0	0	3	0	132	36	0	1	0	0	0	16	137	0	0	0	0	1	0	18	95	0	1	0	
0	0	1	1	1	1	0	0	0	0	0	7	15	0	0	0	1	0	8	165	192	29	0	2	4	0	103	63	89	102	0	4	3	0	76	133	166	42	0	2	0	0	0	54	146	0	0	0	0	2	0	49	110	0	3	0	0	2	0	68	60	0	2	0	
0	0	0	0	1	3	1	0	0	2	0	89	65	0	2	0	0	3	0	147	175	96	86	0	0	3	0	60	185	89	11	0	0	3	0	119	143	0	4	0	1	0	18	165	90	0	4	0	2	0	48	197	44	0	2	0	0	0	5	44	3	0	0	0	
0	0	0	0	0	0	0	0	0	1	0	30	46	0	1	0	0	0	2	142	131	1	0	0	0	0	0	52	147	8	0	0	0	1	0	18	131	0	0	0	0	3	0	72	97	0	3	0	0	3	0	103	47	0	2	0	0	1	0	37	8	0	0	0	
0	0	1	0	1	1	0	0	1	0	22	38	0	88	89	0	4	0	110	69	6	145	23	0	0	5	142	0	96	104	7	0	0	4	167	53	176	124	0	0	3	0	58	155	174	0	0	0	1	3	0	19	143	2	3	0	0	0	2	4	23	4	2	0	
0	0	0	0	0	0	0	0	0	0	2	0	51	40	0	2	0	0	3	0	148	78	0	3	0	1	0	6	188	31	0	1	0	3	0	84	150	0	3	0	0	1	0	152	46	0	2	0	0	0	10	100	0	1	0	0	0	0	0	10	1	0	0	0	
0	0	0	2	3	2	0	0	0	1	12	1	0	0	0	0	0	0	173	172	167	122	0	2	2	0	143	61	94	149	0	3	1	0	43	0	107	72	0	3	0	0	0	4	156	16	0	1	0	2	0	50	147	0	3	0	0	2	0	53	98	0	3	0	
0	0	2	1	0	1	0	0	0	1	0	74	9	0	41	0	2	0	62	136	0	51	112	0	0	5	135	23	0	106	49	0	0	38	161	84	92	130	0	1	1	0	25	41	143	71	0	3	0	1	0	13	115	0	0	0	0	0	0	7	18	0	0	0	
0	0	0	0	1	3	0	0	0	2	0	59	70	0	2	0	0	3	0	105	193	97	10	0	0	3	0	106	188	89	0	1	0	1	0	173	81	0	3	0	2	0	45	169	49	0	2	0	3	0	58	178	17	0	1	0	0	0	8	37	0	0	0	0	
0	0	2	6	0	1	0	0	1	0	131	166	73	0	1	0	0	4	96	0	152	73	0	3	0	1	0	87	218	50	0	2	0	0	0	75	129	94	0	3	0	0	74	19	79	173	0	3	1	0	115	182	185	51	0	2	0	0	0	1	1	0	0	0	
0	0	1	1	0	1	0	0	0	1	0	22	70	5	0	0	2	0	43	134	160	94	0	3	2	0	128	16	46	131	0	3	1	0	128	62	150	84	0	3	1	0	28	76	142	17	0	1	0	0	0	0	124	9	0	0	0	0	1	2	60	6	0	0	
0	0	2	12	5	0	0	0	2	0	65	155	166	47	0	2	0	0	4	31	205	87	0	3	0	14	186	212	212	97	0	3	0	12	69	18	7	187	19	0	0	0	66	13	70	204	16	0	2	0	120	191	176	45	0	2	0	0	0	4	1	0	0	0	
0	0	0	0	0	0	0	0	0	0	8	50	72	14	0	1	3	0	82	154	169	124	0	4	0	1	0	50	121	33	0	1	0	3	0	97	103	0	3	0	0	0	0	7	135	8	0	0	0	0	12	97	137	13	0	1	0	0	0	97	64	0	2	0	
0	0	0	0	0	0	0	0	0	0	27	0	59	58	0	2	0	1	158	3	85	106	0	4	0	0	167	13	71	168	0	2	1	0	189	178	226	204	0	1	0	0	179	210	105	163	1	0	0	0	4	3	0	101	37	0	0	0	0	2	3	3	3	0	
0	0	0	0	3	1	0	0	0	0	0	11	123	5	0	0	0	2	0	58	138	0	3	0	0	3	0	105	105	0	3	0	0	4	0	114	103	0	3	0	0	4	0	112	104	0	3	0	0	2	0	60	83	0	3	0	0	0	0	0	2	0	0	0	
0	0	0	0	0	0	0	0	1	0	20	123	120	153	83	0	2	0	49	206	72	81	36	0	2	0	47	188	30	10	0	0	2	0	47	230	142	165	0	0	0	0	83	123	34	167	0	1	0	10	133	139	178	55	0	2	1	0	17	69	31	0	1	0	
0	0	0	0	0	0	0	0	1	0	44	29	0	83	14	0	3	0	149	42	31	139	0	2	0	9	169	0	115	126	6	0	1	0	154	142	203	112	6	0	0	0	11	31	164	31	0	1	0	0	4	0	124	64	0	2	0	0	1	0	20	21	0	1	
0	0	1	3	2	0	0	0	0	6	8	0	2	1	0	0	0	20	114	82	135	27	0	1	0	0	10	49	159	20	0	1	1	0	32	115	163	35	0	1	0	0	8	5	114	10	0	0	0	0	3	0	108	41	0	2	0	0	2	0	42	49	0	2	
0	2	0	49	51	0	2	0	0	2	0	159	66	0	3	0	1	0	35	137	0	2	0	0	3	0	82	92	25	100	8	0	3	0	71	166	125	137	90	0	0	2	0	152	207	102	40	0	0	0	0	14	50	1	0	0	0	0	0	2	0	1	1	0	
0	0	0	0	0	0	0	0	1	0	13	65	85	81	20	0	1	0	77	78	1	108	38	0	0	0	9	78	57	61	0	1	0	1	0	131	103	0	3	0	1	0	56	36	85	4	0	0	0	0	86	52	92	3	0	0	1	0	18	56	17	0	1	0	
0	0	2	2	3	3	1	0	0	0	0	0	0	0	1	2	0	3	74	73	83	90	131	75	0	22	147	26	50	38	15	2	2	0	76	104	0	1	0	0	0	2	0	94	78	0	3	0	1	0	25	113	94	0	3	0	0	0	0	17	2	0	0	0	
0	0	1	0	21	12	0	0	0	0	1	0	122	95	0	3	0	1	0	103	57	107	0	1	2	0	63	91	0	119	0	0	2	0	114	12	43	140	0	2	1	0	124	53	159	50	0	2	2	0	40	114	33	0	1	0	0	0	0	0	1	2	0	0	
0	1	0	31	66	0	2	0	0	1	3	150	67	0	2	0	3	0	68	143	0	3	0	0	4	0	114	68	84	99	0	1	4	0	100	140	136	142	43	0	2	0	30	193	176	127	22	0	0	1	0	32	80	33	0	1	0	0	1	1	0	1	1	0	
0	0	2	1	0	0	0	0	0	0	3	21	0	67	15	0	2	0	63	85	5	145	1	0	0	23	202	44	78	105	0	4	0	47	127	93	188	142	20	0	0	0	0	8	140	15	1	0	0	3	0	55	124	0	3	0	0	0	0	11	14	0	1	0	
0	0	0	0	1	1	0	0	0	6	9	0	1	0	0	0	0	28	194	119	143	91	0	3	2	0	104	25	71	113	0	4	0	0	8	0	112	72	0	3	0	0	4	0	109	58	0	2	0	0	4	0	113	67	0	2	0	0	2	0	59	95	0	2	
0	0	0	1	3	0	0	0	0	7	87	152	160	89	0	1	0	36	127	27	122	193	0	1	1	0	5	186	192	8	0	1	0	0	4	69	143	109	0	1	0	65	59	0	22	198	18	0	0	82	157	154	168	97	0	1	0	0	0	8	7	0	0	0	
0	0	0	0	0	1	0	0	0	0	12	15	14	2	0	0	1	0	178	145	152	95	0	3	3	0	135	81	35	137	0	3	1	0	17	38	74	124	0	4	0	0	4	0	127	72	0	3	0	0	0	12	172	15	0	1	0	1	0	20	112	0	1	0	
0	0	0	0	0	0	0	0	0	1	0	22	57	0	2	0	0	1	0	41	141	0	3	0	0	1	0	40	139	0	3	0	0	1	0	39	127	0	3	0	0	1	0	41	113	0	3	0	0	2	0	61	93	0	3	0	0	0	0	11	15	0	1	0	
0	0	0	0	0	0	0	0	0	0	3	14	118	7	0	0	0	0	1	35	167	0	0	0	0	2	0	57	148	0	3	0	0	3	0	84	140	0	4	0	0	3	0	88	147	0	4	0	0	2	0	69	102	0	3	0	0	0	0	0	0	0	0	0	
0	0	0	2	1	1	0	0	0	0	0	0	1	0	0	0	0	0	4	73	104	44	0	2	2	0	61	119	105	70	0	3	0	0	9	9	75	27	0	1	0	0	0	4	92	2	0	0	0	1	0	36	79	0	2	0	0	2	0	44	53	0	2	0	
0	1	0	21	65	0	1	0	0	2	0	123	85	0	2	0	2	0	46	144	0	2	0	0	4	0	106	78	0	24	0	0	4	0	131	53	77	157	27	0	3	0	69	171	180	115	19	0	0	0	0	45	71	28	0	1	0	0	1	0	0	1	1	0	
0	0	1	24	2	0	0	0	1	0	10	235	105	0	3	0	0	2	0	111	191	0	1	0	0	1	0	70	173	0	2	0	2	0	138	255	231	88	0	0	0	0	210	235	100	233	157	0	1	0	84	49	0	28	56	0	0	0	0	0	4	1	0	0	
0	0	1	0	0	5	4	0	0	0	1	0	12	140	23	0	0	0	139	11	86	124	0	4	0	56	179	0	120	81	0	3	0	40	189	124	190	126	33	0	1	0	23	54	180	148	23	0	0	1	4	0	94	76	0	3	0	0	1	3	1	3	1	0	
0	1	2	2	0	1	0	0	0	0	0	0	6	3	0	0	0	124	215	189	220	162	0	1	0	53	106	67	96	220	3	0	0	0	4	0	123	177	0	3	0	2	4	0	208	104	0	4	0	2	0	46	230	21	0	1	0	1	0	38	122	0	1	0	
0	0	2	1	0	0	0	0	0	1	0	61	125	8	0	1	2	0	66	151	127	99	0	3	3	0	143	34	26	150	0	2	3	0	138	108	134	119	0	3	1	0	19	96	188	18	0	1	0	1	0	27	151	0	1	0	0	0	0	10	24	0	1	0	
0	0	0	2	1	11	1	0	0	1	0	13	115	77	0	0	0	1	0	116	52	0	2	0	2	0	35	186	85	16	0	1	4	0	103	99	83	120	0	4	2	0	63	95	123	60	0	2	0	0	1	152	112	0	2	0	0	0	0	5	2	1	0	0	
0	0	0	0	0	0	0	0	2	0	56	169	221	120	0	2	2	0	85	124	70	186	21	0	0	0	1	0	20	177	7	0	0	0	3	0	117	136	0	4	1	0	83	152	196	18	0	1	0	55	146	201	158	0	1	0	0	6	2	0	6	4	0	0	
0	0	13	23	0	4	0	0	3	0	126	67	0	2	1	0	1	0	156	14	43	115	4	0	3	0	124	44	138	124	75	0	4	0	94	130	85	72	82	0	1	0	15	183	205	131	4	0	0	1	0	38	130	32	0	1	0	0	1	1	0	2	1	0	
0	0	1	1	0	0	0	0	0	1	0	35	122	10	0	1	1	0	17	141	152	40	0	2	4	0	110	75	90	65	0	2	2	0	132	46	78	60	0	2	2	0	63	124	172	42	0	2	0	0	0	0	148	18	0	1	0	0	2	3	29	1	0	0	
0	1	3	2	6	16	0	0	0	0	3	0	75	145	0	3	0	41	93	40	167	59	0	2	0	4	86	182	156	0	3	0	0	3	0	78	72	0	3	0	0	8	49	153	198	107	0	1	0	16	104	97	133	17	0	1	0	0	0	0	0	0	0	0	
0	0	0	0	0	0	0	0	0	6	116	151	124	106	15	0	0	11	101	67	122	236	29	0	0	3	0	64	160	28	0	1	0	2	0	59	145	0	3	0	1	0	81	2	142	79	0	3	2	0	160	155	169	61	0	3	1	0	11	65	39	0	1	0	
0	1	0	16	99	89	0	0	1	0	12	165	104	134	45	0	0	0	8	12	10	161	20	0	0	2	0	23	177	83	0	3	1	0	81	237	118	0	2	0	0	114	255	236	199	190	66	0	0	47	45	19	26	33	15	0	0	0	0	0	0	0	0	0	
0	0	2	2	0	0	0	0	0	0	1	0	18	52	71	58	1	0	98	78	149	114	81	50	4	0	144	100	0	0	0	0	1	0	36	158	0	3	3	2	0	4	0	140	75	0	3	0	2	0	89	193	50	0	2	0	2	0	51	84	0	1	0	0	
0	0	0	1	2	1	1	0	0	2	0	117	191	49	0	2	4	0	121	186	47	166	0	0	0	0	162	54	0	131	66	0	0	4	170	23	0	136	85	0	3	0	122	132	2	181	46	0	1	0	4	143	179	91	0	2	0	0	1	1	3	0	1	0	
0	0	0	0	0	0	0	0	2	0	47	133	133	94	2	0	2	0	64	70	37	190	39	0	0	3	0	64	126	74	0	0	0	2	0	84	123	9	25	0	0	23	95	0	116	89	6	0	0	18	151	110	146	23	0	1	1	0	17	67	21	0	1	0	
0	1	0	34	120	38	0	2	0	0	6	89	83	135	0	1	0	0	2	0	3	139	10	0	0	1	2	0	47	138	0	2	0	1	11	14	161	68	0	3	0	94	244	203	177	120	42	0	0	32	84	32	0	23	3	0	0	0	0	0	1	0	0	0	
0	0	0	16	26	0	1	0	1	0	0	196	98	0	4	0	3	0	78	210	15	52	13	0	4	0	132	114	140	165	126	0	4	0	126	238	50	15	158	0	3	0	184	199	0	149	79	0	2	0	102	125	92	84	0	1	0	0	0	0	0	0	2	0	
0	0	0	0	0	0	0	0	0	2	0	69	87	0	3	0	0	3	0	96	120	0	4	0	0	3	0	94	117	0	4	0	0	3	0	95	114	0	4	0	0	3	0	91	136	0	3	0	0	1	0	20	142	3	0	0	0	0	0	0	1	0	0	0	
0	0	1	0	0	1	0	0	0	2	0	112	191	17	0	1	3	0	81	158	126	133	0	3	4	0	148	74	46	189	0	0	3	0	137	56	0	177	19	0	4	0	146	82	0	159	2	0	2	0	52	153	97	110	0	3	0	0	0	7	16	1	0	0	
0	0	0	0	0	0	0	0	0	24	143	161	146	34	0	1	0	31	140	90	187	167	0	4	0	0	2	0	183	126	0	4	0	4	0	78	214	6	0	1	1	0	0	201	102	1	25	3	2	0	29	242	210	174	127	18	0	0	1	38	39	6	0	0	
0	0	0	1	0	0	0	0	0	1	0	27	141	38	0	2	0	0	4	158	206	138	0	4	3	0	88	117	22	156	0	2	3	0	145	50	31	157	0	2	3	0	154	45	49	143	0	4	3	0	67	166	149	47	0	2	0	1	0	42	45	0	1	0	
0	0	0	3	7	0	0	0	1	0	12	109	140	15	0	1	2	0	86	30	102	66	0	2	0	1	8	92	175	15	0	1	0	0	4	45	112	48	0	2	0	24	71	0	54	116	0	4	0	3	103	129	141	56	0	2	0	0	0	10	9	0	0	0	
0	0	0	0	1	0	0	0	0	3	0	93	186	28	0	2	0	2	0	56	174	108	0	4	0	0	2	0	42	108	0	3	1	0	31	117	163	90	0	3	3	0	130	114	189	118	12	0	2	0	76	145	37	0	2	0	0	0	1	4	1	2	0	0	
0	0	0	0	2	1	0	0	0	1	0	82	166	122	0	3	0	0	0	82	151	122	0	3	2	0	31	174	199	5	0	1	0	1	2	1	134	109	0	3	0	62	117	0	83	146	0	4	0	7	136	139	154	41	0	2	0	0	0	13	7	0	0	0	
0	0	2	0	1	0	0	0	0	0	0	1	2	35	1	0	1	0	51	0	52	120	0	3	1	0	166	44	107	65	0	2	2	0	51	124	180	43	0	2	0	0	3	0	108	50	0	2	0	0	5	0	89	79	0	3	0	0	1	0	19	41	0	1	
0	0	0	0	1	1	0	0	0	0	72	73	11	0	1	0	1	0	82	156	178	12	0	1	0	0	3	0	159	89	0	3	0	0	6	0	158	84	0	3	0	1	0	18	182	14	0	1	0	3	0	110	134	0	3	0	0	2	0	54	30	0	1	0	
0	0	0	1	2	0	0	0	1	0	10	158	159	9	0	1	4	0	120	234	114	106	0	4	1	0	27	4	44	125	0	3	0	0	3	0	75	99	0	3	2	0	91	156	219	80	0	1	0	39	95	61	121	85	13	0	0	3	2	5	1	0	0	0	
0	0	2	3	1	4	1	0	0	1	1	0	0	0	2	0	1	0	31	155	221	154	21	0	0	22	181	98	113	219	127	0	0	134	82	0	0	24	179	39	0	112	150	95	118	130	55	0	0	1	62	84	25	0	1	0	0	1	0	0	0	2	2	0	
0	0	0	0	1	2	0	0	0	2	11	1	1	0	0	0	0	31	186	124	146	69	0	3	0	90	133	0	68	121	0	4	0	8	11	0	74	103	0	4	0	0	4	0	117	70	0	3	0	2	1	0	144	26	0	1	1	2	1	0	120	38	0	1	
0	0	0	0	0	5	0	0	1	0	30	177	240	92	0	3	0	9	223	220	106	5	0	0	0	27	229	255	174	65	0	1	1	0	15	122	242	255	94	0	0	0	0	115	174	255	98	0	0	0	0	177	212	105	0	0	0	0	0	0	0	0	1	0	
0	0	0	0	0	0	0	0	1	0	27	13	0	29	0	0	1	0	138	21	40	95	0	3	0	16	159	0	89	102	0	3	1	0	127	138	172	105	0	2	0	0	8	17	99	83	0	3	0	0	4	0	77	117	0	3	0	0	1	0	11	66	0	0	
0	0	0	5	12	0	1	0	0	0	8	129	143	81	0	2	3	0	116	107	0	161	52	0	0	7	169	20	0	71	114	0	0	29	173	0	0	70	119	0	2	0	159	101	0	159	52	0	1	0	13	147	174	92	0	1	0	0	1	1	6	0	1	0	
0	0	1	1	0	0	0	0	0	1	0	32	58	0	1	0	1	0	34	129	124	28	0	1	2	0	113	29	98	32	0	1	1	0	125	94	180	20	0	1	1	0	30	44	117	37	0	1	0	0	3	0	103	45	0	2	0	0	3	0	34	26	0	1	
0	0	0	0	0	0	0	0	0	1	0	37	58	0	2	0	0	2	0	71	138	0	4	0	0	2	0	69	131	0	4	0	0	2	0	55	133	0	3	0	0	1	0	27	129	0	2	0	0	0	0	15	115	0	1	0	0	0	0	2	19	0	0	0	
0	0	2	0	0	0	0	0	0	0	2	10	67	57	0	0	3	0	90	94	82	120	101	0	0	0	172	37	0	1	8	1	2	0	63	169	55	0	2	0	0	1	0	16	165	22	0	1	1	0	19	65	149	20	0	1	1	0	5	103	48	0	2	0	
0	0	0	0	0	0	0	0	1	0	20	89	108	97	7	0	3	0	65	146	30	36	5	0	2	0	58	85	10	9	0	0	3	0	64	189	108	113	0	0	1	0	26	39	5	141	3	0	0	0	13	11	120	72	0	2	1	0	19	33	41	0	0	0	
0	0	0	0	3	8	0	0	0	0	0	0	28	48	0	1	0	3	0	74	81	0	3	0	0	3	0	106	84	0	3	0	0	3	0	100	96	0	3	0	0	3	0	80	114	0	3	0	0	1	0	36	91	0	2	0	0	0	0	0	2	0	0	0	
0	0	0	0	0	0	0	0	0	0	1	6	20	0	0	0	1	0	19	101	147	49	0	2	3	0	80	69	168	60	0	2	3	0	133	116	181	9	0	1	1	0	49	56	130	12	0	0	0	0	2	0	127	30	0	1	0	0	3	0	60	12	0	0	
0	0	0	0	9	3	0	0	0	0	0	121	157	115	0	1	1	0	26	160	16	133	42	0	0	1	0	0	0	154	24	0	0	0	82	123	131	105	0	3	0	108	82	131	217	130	93	10	0	90	139	69	0	24	24	0	0	2	9	0	1	0	0	0	
0	0	0	1	0	0	0	0	0	1	0	31	80	0	2	0	0	2	0	53	131	0	3	0	0	2	0	56	127	0	3	0	0	2	0	63	145	0	3	0	0	2	0	63	178	0	2	0	0	2	0	48	103	0	3	0	0	0	0	0	0	0	0	0	
0	0	0	0	0	0	0	0	1	0	44	81	82	65	9	0	2	0	96	101	77	206	60	0	0	1	0	55	109	80	0	1	0	2	0	151	105	0	3	0	0	5	23	0	155	31	0	1	0	31	142	79	143	11	0	1	0	2	91	103	18	0	1	0	
0	1	2	0	3	3	1	0	1	0	16	123	138	17	0	1	0	8	133	119	110	110	11	0	0	70	112	0	0	76	133	0	0	91	75	0	5	0	137	16	0	81	113	0	0	108	123	0	0	0	121	139	134	107	7	0	0	0	0	12	10	0	1	0	
0	0	0	77	15	0	1	0	3	0	67	139	0	5	1	0	3	0	142	63	0	2	0	0	1	0	168	22	59	141	22	0	4	0	140	113	140	100	104	0	1	0	24	180	208	138	65	0	0	0	0	2	61	61	0	1	0	0	2	2	0	0	1	0	
0	0	0	2	0	46	38	0	0	0	2	0	82	139	48	0	0	2	0	78	135	0	0	0	1	0	13	143	11	0	3	0	4	0	122	189	122	69	0	2	3	0	79	156	74	157	0	0	0	1	0	84	92	39	0	1	0	0	1	0	0	0	0	0	
0	0	0	0	3	3	0	0	0	0	0	0	147	40	0	2	0	3	0	80	149	0	3	0	0	3	0	142	77	0	3	0	0	0	2	182	24	0	1	0	0	1	0	166	46	0	2	0	0	2	0	70	143	2	0	1	0	0	0	0	10	4	0	0	
0	0	0	0	0	0	0	0	0	0	5	75	114	44	0	1	3	0	83	55	86	136	0	4	3	0	78	95	119	75	0	3	0	0	4	49	125	60	0	2	1	0	21	0	99	51	0	2	3	0	75	154	112	3	0	0	0	0	0	50	26	0	1	0	
0	0	0	0	0	1	0	0	0	2	0	43	104	0	0	0	0	3	0	70	200	68	0	3	0	3	0	119	195	84	0	3	1	0	11	161	101	0	3	0	2	0	37	189	88	0	3	0	1	0	21	213	38	0	2	0	0	0	1	28	2	0	0	0	
0	0	0	25	9	0	0	0	2	0	42	232	96	0	3	0	1	0	16	118	145	0	4	0	0	3	0	81	148	0	4	0	0	3	0	79	143	0	4	0	0	2	0	136	207	77	0	1	0	1	0	108	158	95	0	1	0	0	0	0	0	0	0	0	
0	0	0	5	2	0	1	0	0	2	0	73	152	29	0	1	0	0	1	0	30	166	19	0	0	1	0	39	85	137	14	0	0	3	0	102	103	0	0	0	0	8	0	91	82	0	4	0	0	39	152	116	13	0	1	0	0	0	7	1	0	0	0	0	
0	0	0	0	0	0	0	0	0	1	70	120	132	76	0	2	0	5	61	46	177	144	0	3	0	16	73	184	125	0	0	0	0	76	109	94	129	134	10	0	0	0	0	2	0	140	135	0	0	5	82	92	125	101	25	0	0	2	53	44	11	0	0	0	
0	0	0	0	0	0	0	0	0	0	0	1	105	69	1	1	0	2	0	59	116	113	0	1	0	3	0	76	166	70	0	2	0	2	0	154	98	0	14	0	2	0	45	177	57	0	3	0	3	0	68	177	20	0	1	0	0	0	7	37	0	0	0	0	
0	0	2	1	2	2	1	0	0	2	0	63	193	75	0	3	3	0	71	172	182	151	14	0	0	20	168	17	0	73	143	0	0	98	99	0	0	22	160	4	0	103	106	0	31	152	67	0	0	12	130	142	130	49	0	2	0	0	1	11	1	0	2	0	
0	0	0	3	2	0	0	0	1	0	26	149	133	11	0	1	3	0	131	43	88	132	0	4	0	14	130	0	14	150	17	0	0	23	123	0	0	55	96	0	0	0	138	30	0	49	105	0	2	0	57	114	37	120	33	0	0	0	0	5	13	10	0	0	
0	0	0	0	0	7	1	0	1	0	18	72	110	94	0	0	3	0	105	94	8	2	0	0	0	11	109	37	78	99	48	0	0	53	171	77	33	13	126	8	0	104	72	0	8	95	51	0	0	10	0	65	108	47	0	1	0	0	1	8	2	0	2	0	
0	0	0	0	0	0	0	0	0	38	74	44	42	5	0	0	0	44	138	97	161	171	0	1	0	2	0	78	147	54	0	1	0	3	0	56	152	4	0	1	0	0	11	9	83	112	0	4	1	0	25	135	121	106	0	4	0	1	0	82	116	5	0	1	
0	0	0	2	0	0	0	0	0	0	3	0	59	58	0	0	0	2	0	67	181	121	0	2	1	0	73	130	120	70	0	3	0	41	229	118	189	134	15	0	0	9	24	75	151	2	1	0	0	2	0	51	115	0	3	0	0	0	1	5	25	0	0	0	
0	0	0	4	4	0	0	0	1	0	14	142	134	12	0	1	3	0	115	54	66	109	0	3	0	3	130	4	15	136	0	0	0	19	123	0	7	129	7	0	2	0	143	31	20	144	0	1	2	0	56	130	114	71	0	3	0	0	0	10	14	0	0	0	
0	0	1	3	3	1	1	0	0	1	1	0	0	0	0	0	1	0	9	108	140	110	124	34	0	31	194	123	38	3	12	4	0	20	105	99	113	72	0	1	1	0	19	36	55	182	5	0	1	0	21	115	122	40	0	2	0	0	0	0	0	0	0	0	
0	1	0	31	29	0	1	1	1	0	13	157	56	0	2	0	3	0	108	73	0	0	39	47	2	0	131	32	0	11	9	5	2	0	132	24	35	150	96	0	3	0	80	137	153	103	89	0	0	0	0	87	107	54	7	0	0	0	1	0	0	0	1	0	
0	0	1	2	0	9	7	0	0	1	2	5	0	108	132	0	1	0	12	175	6	144	129	0	1	0	171	156	0	202	77	0	0	170	229	55	40	213	48	0	16	190	166	145	154	240	40	0	0	0	0	0	2	72	9	0	1	2	3	4	2	0	0	0	
0	0	0	0	0	0	0	0	0	1	0	24	79	0	1	0	0	3	0	80	168	0	3	0	0	1	0	38	128	0	3	0	0	2	0	50	127	0	3	0	0	1	0	41	127	0	3	0	0	1	0	14	120	1	0	0	0	0	0	0	19	5	0	0	
0	0	0	1	1	16	3	0	0	0	2	0	31	130	0	0	0	1	0	13	154	51	0	2	0	1	0	167	110	0	2	0	3	0	66	163	93	92	0	2	3	0	75	77	40	124	0	2	0	0	1	95	113	18	0	1	0	0	0	0	0	0	0	0	
0	1	0	24	72	0	1	0	0	1	0	125	68	0	3	0	2	0	61	111	0	3	0	0	4	0	115	51	1	112	34	0	4	0	116	73	85	102	107	0	1	0	21	150	171	86	48	0	0	0	0	5	55	37	0	1	0	0	1	2	0	1	1	0	
0	0	0	0	0	2	0	0	0	13	26	31	21	0	0	0	0	115	169	122	174	155	0	0	0	3	4	0	98	225	0	0	0	1	0	0	210	121	0	4	0	3	0	103	228	8	0	1	0	2	0	191	136	0	4	0	0	2	0	107	50	0	2	0	
0	0	0	1	0	0	0	0	0	1	0	28	60	0	1	0	0	0	2	127	151	14	0	1	1	0	40	100	110	42	0	1	1	0	4	120	191	14	0	1	0	1	0	18	132	0	0	0	0	0	0	14	135	1	0	0	0	0	0	0	56	7	0	0	
0	0	2	1	0	0	0	0	0	0	0	1	23	18	0	0	1	0	104	107	89	47	0	1	3	0	156	155	69	6	0	0	2	0	124	55	67	111	0	2	0	0	6	3	0	109	39	0	0	0	1	4	0	62	90	0	0	0	1	2	0	46	70	0	
0	0	1	0	0	0	0	0	0	0	2	49	65	23	4	0	3	0	111	147	104	141	128	34	3	0	162	63	0	2	7	4	2	0	43	181	37	0	2	0	0	2	0	42	176	16	0	1	3	0	67	92	162	37	0	2	1	0	10	116	76	0	1	0	
0	1	1	0	0	0	0	0	0	0	18	25	78	40	0	2	0	62	148	49	167	55	0	2	0	25	115	67	116	15	0	1	0	0	0	82	188	68	0	2	0	4	0	76	100	122	0	1	0	3	0	117	171	41	0	2	0	1	0	16	26	0	1	0	
0	0	1	1	0	1	0	0	0	1	0	18	75	8	0	0	1	0	23	110	121	81	0	3	4	0	119	84	81	98	0	4	2	0	48	115	186	30	0	1	0	0	1	0	134	13	0	0	0	0	0	16	133	1	0	0	0	0	0	10	52	0	1	0	
0	0	0	0	0	0	0	0	0	0	0	2	89	14	0	1	0	2	0	53	234	20	0	1	0	3	0	77	196	0	1	0	0	4	0	114	163	0	4	0	0	3	0	179	138	0	4	0	0	3	0	141	88	0	3	0	0	0	0	10	9	0	0	0	
0	0	1	0	2	0	0	0	0	0	1	3	3	97	22	0	2	0	116	25	91	101	0	2	3	0	137	149	201	86	4	0	0	1	0	130	148	26	6	0	0	3	0	76	118	0	3	0	0	1	0	18	164	39	0	2	0	0	1	0	34	29	0	1	
0	0	0	0	0	1	1	0	0	0	0	1	20	6	0	0	0	21	196	200	219	195	30	0	0	7	68	43	29	194	34	0	0	0	3	0	110	135	0	3	0	1	0	19	188	24	0	1	0	2	0	158	123	0	3	0	1	0	8	147	19	0	1	0	
0	0	0	0	0	0	0	0	0	2	0	83	82	50	33	6	1	0	27	178	105	109	117	61	1	0	34	167	0	1	0	0	0	3	0	138	93	0	5	1	0	4	0	36	177	0	1	0	0	11	100	148	121	0	2	0	1	0	43	57	1	0	0	0	
0	2	18	22	11	0	0	0	0	66	197	174	196	73	0	2	0	13	25	0	74	194	0	2	0	0	3	0	106	140	0	4	0	34	83	108	206	17	0	1	0	114	255	219	180	196	179	26	0	33	86	6	2	44	45	1	0	0	0	1	1	0	0	0	
0	0	0	0	0	0	0	0	0	2	0	79	124	24	0	1	0	0	9	127	62	107	0	3	0	0	10	119	79	122	0	0	0	2	0	173	122	0	0	0	0	0	0	188	46	0	2	0	1	0	6	206	48	0	2	0	0	0	0	24	6	0	0	0	
0	1	3	0	0	0	0	0	0	0	0	12	55	77	59	7	0	14	186	223	151	152	99	17	0	12	130	168	190	61	0	3	0	3	0	104	255	114	0	4	2	0	65	209	26	177	10	0	2	0	45	194	155	144	0	2	0	1	0	54	120	19	0	1	
0	0	0	20	59	0	1	0	0	3	0	117	111	0	4	0	2	0	49	172	1	0	1	0	3	0	146	64	18	59	14	0	0	8	179	122	134	102	152	10	3	0	110	241	103	101	139	3	0	1	0	33	80	61	10	0	0	0	2	0	0	0	1	0	
0	0	1	0	0	1	2	0	0	0	9	58	60	16	0	1	0	9	139	87	95	173	58	0	0	63	103	0	0	35	162	6	0	137	62	0	3	0	173	44	0	66	176	130	131	155	105	0	1	0	30	59	53	14	0	0	0	2	0	0	0	0	3	0	
0	0	0	0	0	0	0	0	0	0	10	12	25	22	1	0	0	131	188	152	154	208	47	0	0	50	37	0	42	178	5	0	0	0	3	0	143	95	0	3	0	3	0	37	175	3	0	0	0	4	0	133	124	0	4	0	0	2	0	62	155	26	0	1	
0	0	0	2	0	0	1	0	0	0	3	0	76	131	0	0	0	2	0	99	202	223	64	0	2	0	66	125	4	56	95	0	0	32	104	0	0	73	33	0	0	110	54	0	62	66	0	2	0	104	138	91	81	0	1	0	0	8	62	43	0	1	0	0	
0	0	0	0	0	0	0	0	0	1	0	30	81	0	2	0	0	3	0	82	156	0	4	0	0	3	0	80	145	0	4	0	0	3	0	81	147	0	4	0	0	2	0	61	143	0	3	0	0	1	0	26	147	0	1	0	0	0	0	0	22	2	0	0	
0	0	0	0	1	1	0	0	0	0	6	26	17	0	0	0	0	17	136	147	161	60	0	2	0	1	8	0	125	57	0	2	0	0	0	0	142	18	0	1	0	1	0	10	158	9	0	1	0	2	0	45	175	0	1	0	0	1	0	40	100	0	2	0	
0	0	0	1	0	0	0	0	0	0	0	13	85	0	0	0	0	2	0	63	155	0	3	0	0	3	0	109	123	0	4	0	0	4	0	113	102	0	3	0	0	3	0	86	115	0	3	0	0	1	0	28	145	0	0	0	0	0	0	0	24	7	0	0	
0	2	2	0	0	0	0	0	1	0	10	103	51	132	92	0	0	41	148	64	23	205	31	0	0	102	175	37	124	93	0	3	0	1	28	135	198	117	24	0	1	0	27	115	1	166	72	0	3	0	84	155	134	99	0	1	0	0	0	11	6	0	0	0	
0	0	0	0	1	2	0	0	0	0	17	8	0	0	0	0	0	38	193	127	127	156	26	0	0	26	111	0	32	166	4	0	0	0	6	0	93	105	0	4	0	1	3	0	159	44	0	2	0	1	0	12	164	6	0	0	0	0	0	0	108	15	0	1	
0	2	0	5	8	0	0	0	1	0	98	169	117	72	0	1	0	73	109	26	0	118	66	0	0	99	107	53	102	157	15	0	0	54	146	70	34	56	115	7	0	104	56	0	1	5	153	38	0	25	127	104	99	109	41	0	0	0	1	15	13	0	0	1	
0	1	1	0	0	0	2	0	3	0	73	210	107	37	0	1	0	16	208	180	182	225	64	0	0	107	206	0	0	114	201	0	0	90	188	0	6	184	141	0	0	14	210	98	203	226	14	0	2	0	80	222	180	28	0	1	0	0	0	0	0	1	1	0	
0	1	0	0	0	1	0	0	2	0	83	142	51	10	0	1	0	50	172	86	80	130	2	0	0	74	132	7	68	164	9	0	2	0	101	205	124	144	90	0	2	0	64	108	0	14	147	6	1	0	31	164	106	133	72	0	0	1	0	32	62	16	0	0	
0	0	0	1	0	0	0	0	0	1	0	6	189	46	0	2	0	2	0	44	241	35	0	2	0	4	0	145	196	0	2	0	0	4	0	160	196	0	2	0	0	3	0	182	198	0	2	0	0	2	0	147	116	0	3	0	0	0	0	0	0	0	0	0	
0	0	0	1	1	1	0	0	0	0	0	3	33	0	0	0	0	3	0	81	172	103	0	2	1	0	18	130	120	123	0	4	2	0	166	177	188	84	0	3	0	0	21	74	165	0	0	0	0	1	0	37	129	0	3	0	0	0	0	8	40	0	0	0	
0	0	0	0	0	0	0	0	2	0	31	214	122	0	1	0	2	0	49	121	184	51	0	2	0	0	3	0	174	58	0	2	3	0	65	219	237	27	0	2	1	0	194	255	235	121	0	4	1	0	74	72	34	151	2	0	0	0	0	0	1	1	0	0	
0	1	0	16	12	0	1	0	0	0	3	151	49	0	3	0	3	0	118	92	0	3	0	0	0	34	155	0	70	186	88	0	0	26	146	120	201	152	97	0	2	0	60	254	149	37	0	0	0	1	0	90	29	0	2	0	0	0	2	0	1	2	0	0	
0	0	0	3	1	1	0	0	0	10	162	200	132	0	2	0	0	25	83	143	232	12	0	1	0	2	0	82	160	148	1	0	0	2	12	3	0	157	74	0	1	0	145	166	66	198	62	0	1	0	15	110	217	163	0	1	0	0	0	0	0	0	0	0	
0	0	0	0	0	1	0	0	1	0	71	152	169	43	0	2	0	3	121	62	89	157	0	3	0	0	1	0	24	159	0	1	0	0	3	0	82	144	0	3	0	0	139	95	184	39	0	2	0	0	160	215	57	0	2	0	0	0	0	0	1	1	0	0	
0	0	1	1	0	0	0	0	0	0	1	0	91	17	0	1	1	0	30	6	159	38	0	2	4	0	154	178	189	30	0	1	3	0	120	163	196	24	0	1	0	1	0	12	147	4	0	0	0	1	0	41	188	5	0	1	0	0	0	10	34	0	0	0	
0	1	1	0	0	0	0	0	1	0	19	129	88	0	1	0	0	44	209	162	199	5	0	1	0	37	99	184	249	141	10	0	3	0	91	176	57	205	66	0	0	0	21	7	29	210	28	0	3	0	63	207	216	98	0	3	0	1	0	38	45	0	1	0	
0	0	3	1	0	0	0	0	0	0	0	1	29	99	130	24	0	11	148	210	246	215	111	8	0	27	229	164	52	0	1	0	1	0	33	125	142	55	0	2	0	7	107	0	26	211	36	0	2	0	148	207	190	169	11	0	0	0	2	42	49	5	0	0	
0	0	0	1	4	3	0	0	0	3	8	1	0	0	1	0	30	211	219	206	161	58	0	1	11	69	40	62	136	230	101	0	0	0	0	1	0	191	141	0	0	3	2	0	179	191	0	0	1	0	0	171	191	0	0	1	1	0	29	125	7	0	2	0	
0	1	0	46	49	0	1	0	0	2	0	186	120	0	5	0	2	0	51	216	11	0	1	0	4	0	91	213	157	179	17	0	4	0	91	255	142	157	130	0	3	0	77	247	192	182	39	0	0	0	0	20	64	21	0	1	0	0	0	0	0	1	2	0	
