500	64	10
0	0	1	3	1	1	0	0	0	0	0	0	1	1	0	0	1	0	39	91	83	74	0	2	0	10	132	82	37	88	0	2	0	0	2	0	80	41	0	2	0	0	0	16	103	0	0	0	0	2	0	57	65	0	2	0	0	2	0	83	23	0	1	0	
0	0	0	0	1	0	0	0	0	0	1	0	9	173	79	0	0	0	4	0	156	229	20	0	0	3	0	58	255	99	0	3	2	0	42	238	153	0	3	0	0	21	226	171	0	1	1	0	0	77	200	15	0	2	0	0	0	0	0	2	1	0	0	0	
0	0	0	2	0	0	0	0	0	0	0	0	45	11	0	0	0	1	0	80	109	5	0	1	1	0	21	192	162	2	0	0	0	2	0	84	146	0	3	0	0	3	0	117	79	0	3	0	0	3	0	94	51	0	2	0	0	1	0	32	35	0	1	0	
0	0	0	1	2	0	0	0	0	0	1	0	9	121	28	0	0	0	1	0	172	230	13	0	0	3	0	109	252	47	0	2	2	0	24	254	130	0	4	0	3	0	152	211	3	0	1	0	0	0	190	68	0	2	0	0	0	0	27	4	0	0	0	0	
0	0	1	0	0	0	0	0	1	0	20	115	112	14	0	1	3	0	135	71	125	60	0	2	3	0	89	138	185	94	0	2	1	0	32	156	16	124	28	0	4	0	108	95	0	130	28	0	1	0	31	159	141	128	0	1	0	1	0	22	65	11	0	1	
0	0	0	2	0	25	12	0	0	0	3	0	39	217	46	0	0	4	0	63	250	255	92	0	2	0	26	228	97	186	107	0	0	6	192	103	68	222	10	0	0	129	223	150	224	58	0	2	0	55	155	118	15	0	1	0	0	0	0	0	1	2	0	0	
0	0	0	0	1	0	0	0	0	0	3	0	87	66	0	2	0	0	1	0	179	49	0	2	0	2	0	74	183	0	1	0	0	2	0	175	91	0	3	0	1	0	18	199	22	0	1	0	2	0	53	127	0	2	0	0	0	0	0	0	0	0	0	0	
0	0	0	1	1	1	1	0	0	0	2	0	58	180	10	0	0	0	1	0	202	161	0	3	0	2	0	55	255	50	0	3	0	2	0	171	196	0	1	0	2	0	29	250	98	0	3	0	3	0	77	186	1	0	0	0	0	0	0	0	1	0	0	0	
0	0	0	0	1	1	0	0	1	0	49	22	54	4	0	0	3	0	87	45	104	43	0	2	1	0	89	7	54	95	0	2	0	29	153	88	113	179	64	0	0	15	78	42	0	95	12	0	0	0	0	3	0	112	30	0	0	1	3	2	0	16	5	0	
0	0	1	2	0	2	0	0	0	1	1	1	4	0	69	12	1	0	34	106	0	88	109	0	0	3	207	128	100	201	17	0	0	9	154	146	236	80	0	3	0	2	0	62	158	0	3	0	0	4	0	125	74	0	2	0	0	0	0	19	6	0	0	0	
0	0	2	0	67	56	0	2	0	2	0	79	135	19	0	1	2	0	40	144	5	0	1	0	3	0	123	48	9	83	29	0	0	4	159	1	50	92	132	0	2	0	130	127	69	100	84	0	0	0	7	73	86	48	0	0	0	0	1	0	0	0	2	0	
0	0	3	0	57	54	0	2	0	2	0	18	228	78	0	3	1	0	9	225	140	0	28	0	2	0	164	172	51	220	241	27	0	109	229	120	251	255	162	0	0	124	255	246	229	97	2	0	0	5	72	49	14	0	2	1	0	1	0	0	1	4	0	0	
0	0	0	0	0	1	0	0	2	0	35	138	64	0	1	0	0	0	160	77	161	20	0	1	0	2	159	3	135	105	0	4	2	0	49	144	203	44	0	2	0	1	0	24	175	61	3	0	0	0	2	0	181	108	0	2	0	0	0	0	17	6	0	0	
0	0	1	2	0	0	0	0	0	1	0	6	67	170	124	0	1	0	12	194	253	248	189	0	0	11	187	216	38	156	128	0	0	106	247	8	43	235	53	0	0	166	216	139	247	100	0	3	0	95	226	200	62	0	3	0	0	0	0	0	0	2	0	0	
0	1	1	0	0	1	0	0	2	0	46	125	43	0	0	0	0	44	113	38	113	65	0	3	0	114	116	13	47	83	0	3	0	1	53	94	180	48	0	2	0	0	0	0	150	131	2	0	0	0	3	0	102	185	20	0	0	0	0	0	11	29	0	0	
0	0	0	0	0	0	0	0	0	1	0	21	168	225	84	0	0	3	0	124	147	247	95	0	0	0	2	0	140	162	0	2	0	54	102	175	209	33	9	0	31	235	255	241	228	182	16	0	12	145	86	1	37	24	0	1	0	0	0	0	0	1	1	0	
0	3	2	0	1	4	1	0	0	0	0	62	81	0	1	0	0	59	151	134	57	144	126	0	0	201	171	25	163	155	24	0	0	34	92	203	248	114	0	1	0	0	0	184	51	191	61	0	0	3	0	145	193	134	8	0	0	0	0	6	22	0	0	0	
0	0	1	3	0	0	0	0	0	0	2	0	60	153	36	0	1	0	12	147	219	255	119	0	4	0	135	195	136	144	2	0	2	0	48	250	182	3	0	1	3	0	95	248	146	0	5	0	3	0	118	227	70	0	2	0	0	0	7	38	2	0	0	0	
0	0	0	0	0	0	0	0	2	0	58	165	109	27	0	1	1	0	27	185	208	190	23	0	0	0	0	117	249	75	0	2	0	8	160	96	96	93	0	3	0	68	149	0	66	139	0	4	0	6	120	152	175	72	0	3	0	0	0	49	50	0	0	0	
0	0	0	2	1	0	0	0	0	0	0	0	7	32	7	0	0	5	0	66	199	255	109	0	0	1	0	31	128	246	52	0	0	106	195	190	230	240	154	0	0	204	255	194	56	19	28	0	0	21	32	0	0	0	0	0	0	0	0	2	3	1	1	0	
0	0	1	0	8	65	9	0	0	1	0	28	171	83	0	1	0	1	0	180	90	0	3	0	3	0	62	208	83	68	0	1	3	0	75	243	114	174	65	0	2	0	34	211	146	155	13	0	0	1	0	32	99	27	0	1	0	0	1	1	0	1	1	0	
0	0	0	3	2	3	4	1	0	0	2	0	0	0	0	0	0	2	0	75	49	92	164	63	3	0	98	255	171	136	91	25	0	7	159	152	246	74	0	3	0	21	189	196	142	17	1	2	0	0	10	9	0	0	0	0	0	1	1	0	3	1	0	0	
0	0	0	38	13	0	0	0	0	0	0	122	195	38	0	2	0	0	7	0	148	91	0	3	0	0	3	0	142	82	0	3	0	1	97	123	226	59	0	3	0	7	189	230	187	17	0	1	1	0	28	132	24	0	1	0	0	0	1	0	2	1	0	0	
0	0	0	1	0	0	0	0	0	0	1	0	39	47	0	0	0	4	0	120	244	239	26	0	0	1	0	82	203	126	0	2	0	113	228	228	252	167	118	0	0	212	241	134	113	147	50	0	0	23	10	0	0	0	0	0	0	0	0	4	4	5	2	0	
0	0	0	2	0	0	0	0	0	0	7	0	67	74	0	2	2	0	122	156	215	63	0	3	0	0	8	40	169	1	0	0	1	0	18	135	190	65	0	1	1	0	6	147	206	52	0	2	0	3	0	73	124	0	4	0	0	0	0	14	20	0	0	0	
0	0	0	1	1	0	0	0	0	0	2	0	14	169	112	0	0	1	1	1	190	255	51	0	0	1	0	171	255	91	0	3	4	0	124	255	144	0	2	0	0	14	230	222	16	0	1	0	0	35	218	88	0	3	0	0	0	0	0	1	1	0	0	0	
0	0	0	0	0	0	0	0	0	28	65	85	33	0	1	0	0	38	95	115	129	0	3	0	0	2	0	56	105	0	3	0	0	3	0	152	179	49	0	2	1	0	15	80	41	138	0	1	0	0	0	0	0	108	8	0	0	0	0	3	1	58	6	0	
0	0	2	2	0	1	2	0	0	0	1	0	12	5	0	0	3	0	90	216	229	214	58	0	0	22	236	134	160	255	62	0	0	13	46	30	236	102	0	3	1	0	0	196	161	0	3	0	3	0	136	226	8	0	1	0	0	4	147	41	0	2	0	0	
0	0	2	1	0	0	0	0	0	1	0	21	81	60	0	1	2	0	58	179	102	162	53	0	3	0	174	68	47	112	6	0	2	0	74	159	228	79	0	3	0	0	1	0	170	40	0	1	0	1	0	22	190	12	0	1	0	1	0	25	96	0	0	0	
0	0	0	2	0	0	1	0	0	1	3	0	37	78	8	0	0	3	0	83	255	255	156	0	0	0	123	227	77	164	164	0	0	99	240	9	83	240	43	0	0	185	233	172	237	64	0	2	0	86	184	151	35	0	2	0	0	0	0	0	0	2	0	0	
0	2	1	0	3	3	0	0	0	0	16	37	0	0	2	1	0	31	212	245	177	68	0	2	0	136	194	34	179	119	104	20	0	25	226	116	0	0	152	59	2	0	58	211	165	161	147	3	0	1	0	1	61	56	2	0	0	0	3	1	0	0	2	1	
0	0	0	3	2	0	0	0	0	0	1	0	1	0	2	1	0	2	0	54	155	198	23	0	1	0	80	198	160	199	55	18	0	117	255	223	218	207	159	20	0	83	147	61	13	16	4	0	0	0	0	0	0	0	2	1	0	2	4	3	1	1	0	0	
0	0	1	1	0	1	0	0	0	1	0	43	59	0	1	0	2	0	51	142	155	49	0	2	3	0	145	133	150	121	0	4	3	0	115	133	151	113	0	4	0	0	5	8	64	123	0	4	0	0	3	0	44	117	0	3	0	0	0	0	8	47	0	1	
0	0	1	2	0	0	0	0	0	1	2	0	78	164	89	0	0	3	0	153	235	212	181	0	0	0	155	232	41	150	129	0	0	87	245	12	62	251	31	0	0	174	243	194	234	82	0	2	0	43	154	141	35	0	1	0	0	0	0	0	1	3	0	0	
0	0	1	1	0	2	0	0	0	1	0	21	42	0	0	0	1	0	19	203	186	92	0	2	4	0	104	120	0	77	14	0	2	0	37	129	226	142	0	3	0	2	0	56	199	23	0	1	0	1	0	136	38	0	1	0	0	0	5	42	0	2	0	0	
0	0	0	2	1	9	1	0	0	0	3	0	150	173	0	2	0	3	0	151	239	30	0	2	2	0	134	206	7	112	163	20	0	49	244	108	177	255	183	4	0	88	255	251	248	159	20	0	0	1	65	86	20	0	2	1	0	0	0	0	0	3	1	0	
0	0	0	0	0	0	0	0	0	4	84	150	91	0	1	0	0	19	214	100	30	0	2	0	1	0	178	160	128	68	0	1	0	0	20	27	46	159	84	0	0	0	4	7	0	152	120	0	2	0	37	166	199	178	8	0	0	1	0	31	38	2	0	0	
0	0	1	1	0	0	0	0	0	0	0	4	56	134	54	0	1	0	8	173	205	211	44	0	3	0	64	229	153	118	2	0	1	0	9	235	167	0	2	0	3	0	82	140	170	38	0	1	4	0	86	210	166	5	0	1	0	0	1	56	24	0	1	0	
0	0	0	0	0	0	0	0	1	0	15	90	148	100	0	1	0	3	185	164	110	188	9	0	0	2	29	0	85	152	0	2	0	2	0	58	188	15	0	1	1	0	13	203	95	14	0	0	4	0	102	239	193	149	0	1	1	0	18	25	0	2	0	0	
0	0	0	0	0	0	0	0	1	0	25	188	235	89	0	3	1	0	27	114	159	191	0	2	0	0	2	0	164	114	0	4	0	26	118	195	212	6	0	1	0	119	255	173	199	193	72	0	0	10	31	0	9	107	154	14	0	0	0	3	1	0	0	0	
0	0	0	0	0	0	0	0	0	0	51	92	64	57	41	1	0	16	165	98	127	122	101	1	0	30	172	102	124	129	13	0	0	69	166	35	5	79	131	0	0	11	10	0	0	17	156	3	0	26	123	17	42	158	71	0	0	2	95	82	104	53	0	1	
0	0	1	2	0	0	1	0	0	0	0	0	68	44	0	1	1	0	3	147	162	227	85	0	4	0	106	244	171	226	34	0	2	0	59	142	244	83	0	3	0	3	0	104	193	0	2	0	2	0	50	230	42	0	2	0	2	0	50	67	0	2	0	0	
0	0	0	1	4	2	0	0	0	14	54	0	0	0	0	0	0	8	139	159	131	47	0	2	0	0	1	9	111	127	0	4	0	1	4	0	122	39	0	1	0	2	0	45	142	0	2	0	0	3	0	148	83	0	3	0	0	0	0	62	14	0	0	0	
0	0	0	1	0	0	0	0	0	0	1	0	90	223	112	0	0	4	0	118	233	255	113	0	0	2	0	31	141	200	3	0	0	12	69	138	255	229	37	0	7	203	255	254	155	92	15	0	7	178	208	69	0	1	0	0	0	0	0	0	3	4	0	0	
0	0	1	0	0	0	1	0	1	0	13	152	199	82	0	2	2	0	165	110	41	198	49	0	0	45	193	2	0	103	126	0	0	75	187	0	0	110	124	0	0	28	228	76	7	194	48	0	2	0	67	194	183	111	0	3	0	1	0	2	6	0	1	0	
0	0	0	0	5	39	6	0	0	0	3	0	116	255	86	0	0	0	2	0	118	240	38	0	2	0	26	193	255	95	0	3	1	0	8	95	240	91	0	4	0	158	235	235	217	42	0	2	0	114	145	81	12	0	1	0	0	0	0	0	1	1	0	0	
1	0	28	92	0	0	0	0	3	0	125	98	0	3	0	0	0	1	136	10	0	1	2	0	0	2	136	20	35	25	0	0	3	0	149	193	95	125	109	0	1	0	30	157	83	115	164	0	0	1	0	13	60	68	14	0	0	0	1	2	0	0	1	0	
0	0	1	0	21	91	0	0	0	0	5	0	139	148	0	3	0	3	0	101	206	2	0	1	3	0	80	235	41	162	102	0	0	7	219	77	171	255	83	0	0	20	229	217	227	100	0	1	1	0	42	56	5	0	1	0	0	0	0	0	1	3	0	0	
0	0	0	0	0	1	0	0	0	0	17	29	21	4	0	0	0	0	115	132	117	132	4	0	0	0	2	0	42	152	0	1	0	0	2	0	158	57	0	2	0	3	0	100	128	0	3	0	1	0	15	163	12	0	0	0	1	0	25	108	0	2	0	0	
0	0	1	2	0	0	0	0	0	0	1	0	67	89	0	2	0	1	0	134	239	133	0	4	4	0	89	252	242	128	0	4	1	0	17	81	212	30	0	2	1	0	0	188	84	0	2	0	2	0	161	154	0	3	0	0	0	0	43	9	0	0	0	0	
0	0	0	1	0	0	0	0	0	0	0	7	17	0	0	0	0	1	0	98	165	36	0	2	0	0	2	93	164	34	0	2	0	1	0	16	125	0	0	0	0	2	0	49	95	0	3	0	0	3	0	96	65	0	2	0	0	2	0	72	41	0	1	0	
0	0	0	3	0	0	9	1	0	0	1	0	42	173	111	0	1	0	3	121	252	224	11	0	1	0	11	227	228	40	0	2	1	0	19	225	201	0	1	0	2	0	178	255	198	0	0	0	0	0	172	212	70	0	2	0	0	0	0	0	0	0	0	0	
0	0	2	2	0	0	0	0	0	2	2	0	115	28	0	1	2	0	49	78	163	39	0	1	0	64	254	129	162	43	0	2	0	74	159	146	238	139	0	2	0	0	4	0	126	170	0	3	0	2	6	0	55	172	2	0	0	0	0	0	1	0	0	0	
0	0	0	1	0	1	0	0	0	0	0	11	65	6	0	0	0	1	0	172	255	165	0	1	0	0	10	101	148	202	0	0	0	1	0	20	214	64	0	3	0	1	0	182	167	0	2	0	3	0	80	220	6	0	1	0	2	0	42	54	0	2	0	0	
0	2	1	0	0	2	1	0	1	0	32	68	48	13	0	1	0	46	186	135	255	166	0	2	0	152	90	6	50	145	138	0	0	156	96	0	3	0	193	47	0	82	204	81	39	71	203	34	2	0	61	160	158	165	55	0	0	2	1	0	0	0	1	1	
0	0	0	3	0	0	0	0	0	0	1	0	38	121	97	0	1	0	2	130	220	198	32	0	2	0	48	224	180	60	0	2	1	0	4	210	224	2	0	1	1	0	137	205	199	3	0	1	0	25	225	191	73	0	2	0	0	0	33	19	0	0	0	0	
0	0	2	0	0	0	0	0	0	1	0	13	71	14	0	1	1	0	100	169	233	58	0	3	0	0	28	0	189	99	0	3	1	0	25	147	223	53	0	2	0	1	0	73	172	0	2	0	0	3	0	122	100	0	3	0	0	1	0	64	14	0	0	0	
0	0	1	3	0	0	0	0	0	0	2	0	29	83	30	0	1	0	9	150	174	220	145	0	1	0	171	194	101	230	59	0	0	20	237	214	255	146	0	3	1	0	16	181	212	12	0	1	3	0	118	209	26	0	2	0	1	0	95	37	0	2	0	0	
0	0	2	0	0	0	0	0	0	1	0	76	164	85	0	1	2	0	106	219	102	62	0	0	0	0	212	156	0	1	1	0	2	0	44	170	213	62	0	2	0	0	4	0	124	206	0	1	0	1	0	41	206	111	0	3	0	1	0	34	51	0	0	0	
0	0	0	0	0	0	0	0	0	1	0	13	131	220	118	0	1	0	15	221	224	255	137	0	1	0	10	111	154	227	31	0	5	66	62	107	248	68	0	3	45	253	255	255	252	184	31	0	13	133	128	45	92	165	36	0	0	0	0	0	0	0	0	0	
0	0	0	1	0	0	0	0	0	0	0	9	30	40	54	1	0	3	0	111	176	152	132	9	1	0	39	157	0	1	0	0	1	0	15	118	70	0	5	0	0	21	2	63	121	0	3	0	0	45	142	136	16	0	1	0	0	0	3	1	0	0	0	0	
0	0	3	1	0	0	0	0	0	0	0	0	62	113	30	0	0	1	80	213	255	253	49	0	1	0	118	190	237	140	0	3	0	51	70	182	255	194	101	0	0	178	255	204	127	159	85	0	0	59	102	16	0	1	0	0	0	0	0	2	4	4	2	0	
0	1	2	0	0	2	2	0	1	0	5	103	152	13	0	1	0	9	143	135	81	64	54	0	0	105	187	0	55	172	36	0	0	11	105	189	238	45	0	2	0	3	0	93	237	176	2	0	0	2	0	30	200	139	0	1	0	0	0	0	23	6	0	0	
0	0	1	2	0	0	0	0	0	0	2	0	54	86	17	0	1	0	8	170	183	224	81	0	3	0	160	255	172	231	59	0	2	0	160	201	255	177	0	1	1	0	0	157	223	23	0	2	3	0	148	245	43	0	2	0	1	0	86	47	0	3	0	0	
1	4	4	4	4	2	0	0	0	0	0	0	0	0	0	0	24	108	143	148	162	95	0	3	33	150	126	91	200	158	0	4	0	0	4	0	139	160	0	4	1	4	7	0	127	158	0	4	0	0	3	0	75	162	0	3	0	0	1	0	26	160	0	0	
0	0	0	0	0	0	0	0	0	1	0	16	118	212	89	0	1	0	1	197	255	255	85	0	0	2	0	182	255	96	0	2	2	0	34	218	255	83	0	4	1	0	186	255	246	58	0	2	0	5	174	215	85	0	2	0	0	0	0	0	0	0	0	0	
0	1	2	0	0	2	2	0	0	1	0	48	48	0	1	1	0	0	170	211	132	140	44	0	0	103	132	9	0	36	130	26	0	116	58	0	5	0	108	54	0	49	201	110	87	166	100	0	1	0	45	142	138	67	0	0	0	1	0	0	0	0	2	0	
0	0	0	2	1	0	1	0	0	0	3	0	38	184	33	0	0	1	0	29	236	149	0	1	2	0	33	236	133	0	2	0	4	0	137	231	74	210	72	0	3	0	84	255	240	146	15	0	2	0	54	178	19	0	1	0	0	0	0	0	1	4	1	0	
0	0	0	1	2	0	0	0	0	0	2	0	32	68	0	2	0	3	0	17	123	38	0	1	1	0	24	100	107	54	0	2	0	60	155	29	120	95	0	1	0	28	52	50	154	41	3	0	0	1	0	23	81	0	2	0	0	1	2	5	6	1	0	0	
0	0	1	3	1	3	0	0	0	1	2	0	2	0	34	14	1	0	10	103	12	109	137	11	0	20	204	127	148	237	75	3	0	116	252	219	236	167	94	4	2	0	76	213	10	0	1	0	2	0	47	66	0	4	3	0	0	0	1	1	1	0	0	0	
0	0	0	1	0	0	0	0	0	0	0	0	77	90	0	0	0	2	0	92	94	19	0	1	0	1	0	134	49	0	1	0	1	0	18	135	125	35	0	1	0	0	7	11	109	33	0	1	1	0	28	130	66	0	2	0	1	0	27	42	0	1	0	0	
0	0	0	3	0	2	2	0	0	0	2	0	2	1	1	3	0	0	6	92	12	14	144	58	1	0	144	201	44	232	125	0	0	43	250	216	254	187	9	0	0	3	23	176	184	0	2	1	0	2	0	125	61	0	3	0	0	0	2	0	1	1	0	0	
0	0	2	3	1	1	0	0	0	1	0	1	7	3	0	0	2	0	28	176	189	169	4	0	0	9	191	98	187	208	0	1	0	30	189	146	234	120	0	4	2	0	78	103	163	98	0	4	0	1	0	5	195	35	0	2	0	0	0	20	119	0	0	0	
0	0	2	0	0	3	1	0	0	0	1	10	3	0	11	11	2	0	120	123	0	76	172	35	0	48	255	135	130	255	117	0	0	17	88	186	241	68	9	0	0	3	0	151	125	0	3	0	0	0	8	194	34	0	2	0	0	0	0	19	5	0	0	0	
0	1	0	1	4	4	1	0	1	0	40	19	0	1	1	0	0	35	209	221	150	135	25	0	0	127	58	81	157	238	187	3	0	125	49	0	0	102	224	9	0	44	200	119	95	214	66	0	1	0	53	139	144	58	0	2	0	1	0	0	0	0	1	0	
0	0	0	1	2	0	0	0	0	0	2	2	0	145	120	0	0	3	0	18	194	255	159	0	1	0	18	200	222	252	102	0	0	23	220	173	119	201	0	0	0	165	253	157	249	72	0	3	0	108	213	163	51	0	1	0	0	0	0	0	0	1	0	0	
0	1	1	0	0	0	2	0	0	0	13	24	17	29	1	0	0	11	138	186	118	162	138	0	0	85	146	69	0	9	179	22	0	135	75	0	0	56	157	0	0	116	172	0	42	157	38	0	0	14	140	131	109	26	0	1	0	1	0	2	0	1	2	0	
0	0	0	2	0	0	0	0	0	0	3	0	70	222	67	0	0	3	0	84	247	255	115	0	2	0	55	239	235	255	73	0	0	14	211	213	223	217	13	0	0	102	255	249	225	41	0	2	0	48	207	167	18	0	2	0	0	0	0	0	1	2	0	0	
0	0	2	0	63	20	0	1	0	2	0	56	188	11	0	1	1	0	7	179	56	0	2	0	3	0	65	246	182	23	0	1	0	0	7	11	88	142	0	3	2	0	121	155	165	160	0	3	1	0	17	79	93	22	0	1	0	0	0	0	0	0	0	0	
0	0	1	3	0	0	0	0	0	0	0	0	18	41	120	24	1	0	8	147	209	255	198	6	3	0	57	238	172	202	15	0	1	0	0	192	239	21	0	2	1	0	120	255	179	0	3	0	0	32	250	224	55	0	2	0	0	6	43	15	0	1	0	0	
0	0	0	1	0	0	0	0	0	2	0	72	187	23	0	1	0	3	0	170	255	47	0	3	1	0	11	233	219	2	0	1	1	0	18	243	184	0	2	0	0	0	0	217	231	3	0	1	0	0	0	176	188	2	0	1	0	0	0	0	0	0	0	0	
0	0	0	1	0	0	0	0	0	0	2	0	43	197	129	0	0	3	0	46	240	255	145	0	2	0	30	222	230	249	52	0	0	0	190	229	215	173	0	2	0	128	255	255	222	29	0	2	0	114	228	148	15	0	1	0	0	0	0	0	1	1	0	0	
0	0	0	0	0	1	0	0	0	20	70	80	56	10	0	1	0	132	121	80	114	157	0	0	0	1	1	0	34	177	0	0	0	1	6	0	161	89	0	3	0	3	0	92	141	0	2	0	0	2	0	173	101	45	37	0	0	1	0	46	102	79	30	0	
0	0	2	2	0	0	0	0	0	0	0	0	61	134	82	0	1	0	33	191	195	137	212	51	3	0	161	190	110	185	86	0	3	0	72	255	169	15	0	1	1	0	162	255	30	0	4	0	0	39	255	198	8	0	1	0	0	1	40	19	0	1	0	0	
0	1	0	18	16	0	1	0	0	0	0	127	33	0	2	0	2	0	66	104	0	49	13	0	3	0	95	91	122	117	102	0	3	0	155	157	17	0	111	9	3	0	158	73	24	136	63	0	2	0	38	112	112	41	0	1	0	0	0	0	0	0	2	0	
0	0	2	0	80	60	0	2	0	2	0	35	224	42	0	2	0	2	0	190	148	79	83	0	3	0	103	243	152	255	162	0	0	35	232	249	251	250	66	0	0	142	255	255	209	58	0	1	0	32	75	72	21	0	3	0	0	0	0	0	2	3	0	0	
0	0	0	0	2	1	0	0	1	0	99	183	198	142	0	0	0	38	223	65	55	199	3	0	0	5	13	0	182	110	0	3	0	0	0	164	130	0	2	0	1	0	160	250	133	115	46	0	0	14	197	132	104	163	118	0	0	0	0	0	0	0	0	0	
0	0	0	2	2	72	9	0	0	0	4	0	83	236	15	0	0	2	0	86	242	60	0	3	2	0	59	244	65	40	83	0	2	0	205	148	14	250	133	0	0	22	240	226	248	171	2	0	0	0	60	74	35	8	0	0	0	0	0	0	0	2	1	0	
0	0	0	2	0	0	0	0	0	0	1	0	22	9	0	0	0	2	0	95	200	153	0	2	3	0	58	222	207	122	0	3	2	0	59	159	190	59	0	3	0	0	0	4	165	18	0	1	0	2	0	79	165	0	2	0	0	3	0	89	104	0	3	0	
0	0	2	3	0	0	0	0	0	0	1	0	56	135	34	0	2	0	30	164	184	235	68	0	4	0	99	232	73	171	13	0	1	0	14	223	240	31	0	2	2	0	103	250	173	0	3	0	2	0	176	255	111	0	3	0	1	0	14	40	2	0	0	0	
0	0	0	0	0	0	0	0	0	0	0	13	66	0	1	0	0	1	0	25	93	0	2	0	0	1	0	24	89	0	2	0	0	2	0	45	111	0	3	0	0	1	0	45	120	0	3	0	0	1	0	21	92	0	2	0	0	0	0	0	0	0	0	0	
0	1	0	0	0	1	2	0	0	2	14	18	26	10	0	0	0	162	255	227	199	213	113	0	0	119	82	29	24	237	140	0	0	0	2	0	152	224	8	0	0	5	0	98	255	65	0	3	2	0	67	251	149	0	1	0	0	2	162	83	0	3	0	0	
0	0	1	0	0	0	0	0	1	0	24	103	116	56	0	2	3	0	147	115	13	19	0	0	0	0	84	114	96	4	0	0	0	0	1	0	77	108	0	2	0	0	5	15	5	122	3	0	1	0	16	125	127	77	0	2	0	0	0	49	30	0	1	0	
0	0	0	0	0	0	0	0	0	0	0	1	37	77	42	0	0	4	2	8	174	255	123	0	0	2	0	111	202	255	87	0	6	106	90	119	161	247	55	0	28	236	255	249	219	102	0	2	0	20	43	43	8	0	1	0	0	0	0	0	1	3	0	0	
0	0	2	2	0	0	0	0	0	2	0	32	121	106	83	18	2	0	49	92	44	69	82	16	0	0	195	196	121	52	0	2	0	23	165	48	53	173	19	0	0	34	138	0	30	170	11	0	0	9	152	144	170	55	0	2	1	0	16	61	13	0	1	0	
0	0	1	2	0	0	0	0	0	0	0	3	42	114	104	0	2	0	32	192	194	252	149	0	3	0	92	240	159	227	57	0	2	0	27	237	246	39	0	2	0	11	197	255	209	0	1	0	0	45	253	245	99	0	2	0	0	2	42	34	0	0	0	0	
0	1	2	0	0	0	0	0	0	0	2	51	72	82	17	0	0	14	177	149	97	135	149	0	0	16	207	165	39	67	151	0	1	0	21	81	87	204	47	0	0	1	0	0	161	109	0	3	0	0	104	197	104	0	3	0	0	5	114	38	0	3	0	0	
0	0	1	3	0	0	1	0	0	1	2	0	59	159	18	0	1	0	8	158	244	255	126	0	0	8	193	216	13	136	183	0	0	153	223	0	28	246	74	0	0	139	255	213	248	150	0	1	0	4	92	123	90	3	0	0	0	1	0	0	0	2	0	0	
0	0	2	1	0	0	1	0	0	1	0	28	152	109	0	1	2	0	48	220	153	233	38	0	1	0	178	92	0	134	130	0	0	29	186	2	0	69	136	0	0	15	168	0	20	201	59	0	2	0	145	184	212	99	0	2	1	0	14	65	38	0	2	0	
0	0	0	0	0	0	0	0	0	1	0	26	78	162	66	0	0	4	0	117	217	255	101	0	3	0	105	223	224	199	5	0	9	44	100	148	216	215	1	0	28	227	214	183	239	102	0	2	0	13	87	124	54	0	1	0	0	0	0	0	0	2	0	0	
0	0	0	13	32	0	1	0	0	2	0	45	144	28	0	1	0	0	3	0	55	72	0	3	0	0	3	0	86	52	0	2	1	0	78	53	93	0	0	0	2	0	72	169	23	9	4	0	0	1	0	49	91	70	4	0	0	0	2	1	0	0	0	0	
0	0	0	4	0	26	41	0	0	0	4	0	57	236	104	0	0	3	0	103	255	120	0	2	2	0	117	253	72	58	106	0	0	116	255	117	164	255	181	0	0	200	255	243	252	164	20	0	0	28	88	91	28	0	1	0	0	0	0	0	0	3	2	0	
0	0	0	0	0	0	0	0	0	1	0	25	79	0	2	0	0	0	0	10	139	4	0	0	0	1	0	18	145	0	0	0	0	2	0	64	108	0	3	0	0	2	0	141	43	0	1	0	1	0	11	138	7	0	0	0	0	0	0	0	1	0	0	0	
0	0	0	3	0	0	0	0	0	0	1	0	24	183	102	0	0	1	0	91	249	153	10	0	3	0	68	255	251	75	0	3	1	0	11	207	232	31	0	2	3	0	74	210	225	79	0	3	3	0	70	222	103	0	1	0	0	0	0	0	0	0	0	0	
0	0	0	0	0	0	0	0	0	0	8	18	27	8	0	0	4	0	103	108	157	57	0	2	4	0	143	184	201	95	0	1	1	0	32	101	231	172	15	0	0	1	0	4	194	37	0	2	0	1	0	18	199	23	0	1	0	0	0	3	76	9	0	0	
0	0	0	0	0	0	0	0	0	1	0	52	193	126	0	3	0	3	0	89	255	153	0	4	2	0	45	171	225	26	0	2	2	0	82	124	211	66	0	3	0	19	70	44	222	71	0	3	0	81	232	210	156	16	0	1	0	0	0	0	0	0	0	0	
0	0	0	0	0	0	0	0	0	0	3	0	94	51	0	2	0	0	2	0	161	51	0	2	0	1	0	15	173	7	0	0	0	3	0	73	143	0	3	0	0	3	0	161	75	0	3	0	0	1	0	147	37	0	1	0	0	0	0	0	0	0	0	0	
0	0	0	1	1	0	0	0	0	0	2	0	49	177	11	0	0	1	0	1	202	190	0	2	0	3	0	79	255	63	0	3	0	1	0	188	219	3	0	1	3	0	68	255	107	0	4	0	3	0	100	177	4	0	1	0	0	0	0	0	1	0	0	0	
0	0	2	0	0	0	0	0	0	0	0	65	49	0	1	0	2	0	93	122	218	77	0	3	0	16	171	34	204	54	0	2	1	0	79	171	156	0	1	0	0	0	0	8	140	5	0	0	0	0	3	0	144	81	0	1	0	0	2	0	50	80	0	2	
0	0	0	0	0	0	0	0	0	1	0	16	154	203	27	0	0	4	0	117	255	221	18	0	1	0	19	199	240	162	0	4	0	6	12	0	173	160	0	3	0	162	231	191	240	38	0	2	0	121	225	160	37	0	1	0	0	0	0	0	1	1	0	0	
0	0	0	0	0	0	0	0	0	6	99	136	94	29	0	1	0	21	148	198	255	88	0	4	1	0	27	211	255	69	0	2	0	0	201	213	127	237	119	0	1	0	61	45	54	248	115	0	3	0	115	222	237	110	0	2	0	0	0	15	14	0	2	0	
0	0	2	1	0	0	0	0	0	2	0	13	122	133	7	0	2	0	55	201	116	182	30	0	0	34	242	162	148	230	30	0	0	58	235	150	237	167	0	1	0	3	0	76	225	23	0	1	1	0	8	224	116	0	3	0	0	0	11	46	4	0	0	0	
0	0	0	1	0	0	0	0	0	3	0	96	86	0	3	0	0	4	0	119	133	0	4	0	0	4	0	147	127	0	4	0	0	3	0	95	138	0	3	0	0	2	0	41	196	1	0	1	0	1	0	9	148	18	0	1	0	0	0	0	0	0	0	0	
0	0	0	0	1	0	0	0	0	0	0	0	3	151	33	0	0	0	4	0	124	207	0	0	0	1	0	10	219	76	0	3	0	3	0	157	168	0	2	0	3	0	80	228	15	0	1	0	2	0	142	80	0	3	0	0	0	0	0	0	1	0	0	0	
0	0	5	2	0	0	0	0	3	0	81	211	188	117	11	0	0	0	0	19	39	156	139	0	0	14	121	91	85	140	51	0	0	0	81	131	216	117	0	2	0	88	42	0	28	210	31	0	0	70	158	168	165	83	0	1	0	0	0	6	5	0	0	0	
0	0	1	3	1	0	0	0	0	0	2	0	14	59	23	0	0	0	2	109	153	221	113	0	0	1	180	163	136	198	19	0	0	14	200	195	248	52	0	2	1	0	4	198	100	0	4	0	2	0	153	162	0	3	0	0	0	0	90	16	0	1	0	0	
0	0	1	0	1	1	0	0	0	0	1	26	13	0	0	0	2	0	58	122	123	12	0	1	2	0	123	25	103	67	0	3	2	0	51	139	172	49	0	2	0	0	3	0	72	66	0	3	0	0	4	0	55	87	0	3	0	0	1	0	30	81	0	2	
0	0	0	3	0	0	0	0	0	0	4	0	88	181	55	0	0	4	0	95	255	216	199	0	1	0	133	251	58	91	190	0	0	127	238	47	61	242	70	0	0	213	227	215	238	85	0	2	0	48	125	92	11	0	2	0	0	0	0	0	1	3	0	0	
0	1	3	0	1	0	0	0	0	0	1	2	17	60	2	0	0	16	140	223	203	247	72	0	0	83	228	81	153	211	25	0	0	0	125	187	213	62	0	2	1	0	0	186	210	72	0	3	1	0	20	208	230	112	0	4	0	1	0	89	87	0	0	0	
0	0	0	0	0	0	1	0	0	2	9	0	15	19	0	0	0	124	244	199	216	239	102	0	0	33	61	68	18	193	148	0	0	0	3	0	95	240	31	0	0	3	0	113	255	72	0	3	1	0	142	252	70	0	3	0	0	9	168	49	0	4	0	0	
0	0	0	1	0	0	0	0	0	0	0	0	4	43	32	0	0	1	0	26	221	188	168	24	0	5	0	133	179	0	4	2	0	3	0	116	172	0	3	0	0	65	54	162	135	0	3	0	0	89	185	97	0	0	0	0	0	0	0	0	2	0	0	0	
0	0	1	2	0	0	0	0	0	0	1	0	23	26	0	0	1	0	16	159	220	204	0	1	1	0	23	117	189	113	0	3	0	136	163	200	245	146	90	0	0	105	162	97	46	121	118	0	0	0	0	0	0	0	0	0	0	3	4	4	3	4	3	0	
0	0	1	1	0	0	0	0	0	1	0	11	104	67	0	2	1	0	16	141	102	114	0	1	3	0	112	69	101	65	0	2	2	0	67	174	101	98	25	0	2	0	58	78	0	118	44	0	2	0	61	116	100	74	0	2	0	0	0	50	37	0	1	0	
0	0	0	0	0	0	0	0	0	0	0	14	21	12	0	0	3	0	81	242	224	222	20	0	1	0	22	25	132	212	0	0	0	1	0	9	219	93	0	3	0	3	0	157	171	0	3	0	3	0	96	240	24	0	1	0	3	0	118	102	0	3	0	0	
0	0	0	0	0	5	3	0	1	0	56	70	84	145	9	0	1	0	24	40	113	50	0	2	0	3	0	103	146	24	0	1	3	0	74	187	68	102	0	3	2	21	22	2	87	75	0	3	0	54	95	107	91	0	0	0	0	0	15	14	0	1	0	0	
0	0	1	1	0	3	1	0	0	1	1	0	2	0	16	5	1	0	25	19	0	73	132	0	0	21	212	68	66	255	98	0	0	131	238	190	248	171	51	0	0	19	0	185	153	0	4	0	0	0	0	109	41	0	3	0	0	1	1	0	0	0	0	0	
0	0	0	1	5	0	1	0	1	0	17	119	174	74	0	1	3	0	153	90	49	253	55	0	0	52	156	0	0	177	176	0	0	146	79	0	0	148	181	0	0	201	158	20	101	194	34	0	0	27	157	172	133	20	0	1	0	0	0	0	0	2	2	0	
0	0	0	0	0	0	0	0	0	0	0	4	30	69	44	0	0	2	3	0	121	255	179	0	1	0	6	103	175	214	38	0	0	79	151	156	205	217	4	0	0	147	255	238	221	86	0	2	0	1	35	40	10	0	0	0	0	0	0	0	1	2	0	0	
0	0	0	0	1	0	0	0	2	0	42	50	0	35	7	0	3	0	92	122	14	224	27	0	2	0	144	33	127	183	0	3	0	26	184	120	255	149	0	3	1	0	75	213	212	9	0	1	0	4	0	128	130	0	4	0	0	0	1	13	12	0	0	0	
0	0	0	0	2	0	0	0	0	0	0	1	2	98	73	0	0	0	3	0	133	255	68	0	0	3	0	68	255	139	0	3	3	0	49	243	209	20	0	1	0	15	208	217	25	0	2	0	0	95	241	40	0	3	0	0	0	12	25	0	2	0	0	0	
0	0	2	0	0	0	0	0	0	1	2	56	83	39	0	1	3	0	111	132	86	138	0	2	0	47	130	0	53	150	0	3	0	114	108	53	158	139	0	2	0	30	120	99	15	130	19	0	0	0	0	3	0	113	59	0	0	1	4	4	0	32	36	0	
0	0	1	0	1	0	0	0	0	0	4	14	5	11	9	0	4	0	116	255	215	226	207	8	2	0	65	147	174	255	141	0	0	3	0	37	219	169	10	0	2	0	82	251	166	0	2	1	0	59	255	171	3	1	1	0	0	68	160	17	0	2	0	0	
0	0	1	1	1	2	0	0	0	2	0	62	23	0	1	0	0	0	0	162	67	68	0	2	3	0	106	151	55	169	0	3	3	0	175	210	204	154	0	3	1	0	26	48	173	77	0	3	0	0	3	0	133	68	0	3	0	0	2	0	13	14	0	1	
0	0	0	3	0	31	26	0	0	0	4	0	43	220	62	0	0	2	0	49	252	112	0	2	3	0	83	238	75	0	2	0	0	0	226	102	0	94	13	0	0	11	222	211	236	252	34	0	2	0	59	143	77	32	0	0	0	0	0	0	0	0	0	0	
0	0	2	5	0	0	0	0	0	0	112	143	35	0	1	0	0	27	79	134	80	0	3	0	1	0	12	171	100	0	0	0	0	0	1	0	89	92	0	2	1	0	48	66	3	150	20	0	2	0	39	153	186	136	0	0	0	0	0	0	3	1	0	0	
0	0	1	2	0	0	1	1	0	1	0	4	62	55	3	0	1	0	10	161	158	179	172	16	0	0	174	117	0	3	196	46	0	119	137	0	1	145	134	0	0	146	99	31	174	136	0	0	0	25	126	137	60	0	3	0	0	0	0	0	0	3	1	0	
0	1	3	0	0	0	0	0	0	1	0	19	73	42	0	1	0	10	153	231	240	215	5	0	0	68	244	35	80	214	0	0	0	70	177	0	152	152	0	4	0	9	116	0	193	103	0	4	0	0	2	0	194	106	0	3	0	1	4	0	62	81	0	2	
0	0	0	0	1	1	3	0	0	0	0	4	0	109	113	0	0	0	2	0	26	206	32	0	0	1	2	0	191	107	0	3	0	3	0	161	178	0	3	0	2	0	131	236	36	0	2	0	0	7	179	48	0	2	0	0	0	0	0	1	2	0	0	0	
0	0	0	0	0	2	0	0	1	0	6	81	49	0	1	0	2	0	27	182	182	126	0	2	0	0	2	0	74	159	0	3	0	2	0	43	170	29	0	1	0	0	0	182	46	0	2	0	1	0	1	159	144	0	0	1	0	0	0	2	96	19	0	1	
0	0	0	0	3	40	6	0	0	0	0	3	134	210	115	0	0	1	0	22	52	129	106	0	0	0	2	0	62	166	0	0	0	10	99	133	223	41	0	2	0	123	255	211	142	128	0	0	0	51	118	10	0	4	0	0	0	0	0	1	4	0	0	0	
0	0	0	0	0	0	0	0	0	0	1	0	77	11	0	0	0	0	0	0	132	12	0	0	0	1	0	27	157	0	0	0	0	2	0	68	172	0	2	0	0	3	0	99	124	0	4	0	0	3	0	77	54	0	2	0	0	0	0	0	0	0	0	0	
0	0	0	0	0	0	0	0	0	0	0	78	149	145	21	0	1	0	13	135	110	245	62	0	1	4	0	48	198	155	0	1	2	0	56	205	222	109	0	4	30	86	69	105	208	89	0	3	32	165	169	180	86	0	1	0	0	0	0	0	0	1	0	0	
0	0	0	0	0	0	0	0	0	3	0	97	179	16	0	1	0	1	0	6	196	98	0	4	2	0	49	187	238	62	0	3	1	0	22	34	64	169	0	1	0	5	127	37	83	161	0	2	2	0	87	201	191	42	0	2	0	0	0	0	0	0	0	0	
0	0	2	1	0	1	0	0	0	1	1	0	0	15	92	0	2	0	65	99	0	119	142	0	0	4	204	86	35	219	24	0	0	72	229	165	241	187	7	0	0	8	0	152	132	0	3	0	1	0	25	225	41	0	2	0	0	0	9	29	0	1	0	0	
0	0	0	2	1	0	0	0	1	0	9	135	92	0	2	0	2	0	43	80	101	0	1	0	0	2	0	92	156	0	0	0	0	0	6	56	107	51	0	2	0	0	12	0	115	35	0	1	2	0	36	141	107	0	1	0	0	0	0	11	4	0	0	0	
0	0	0	0	2	4	2	0	0	0	1	2	0	0	0	0	0	2	0	4	53	106	114	14	1	0	6	137	128	69	25	1	0	38	52	154	43	0	2	0	0	73	140	84	11	1	1	0	0	0	0	0	0	0	0	0	0	2	2	2	1	0	0	0	
0	0	0	0	0	0	0	0	1	0	81	160	80	0	1	0	0	7	134	138	165	0	3	0	0	2	0	165	215	44	0	2	0	0	9	103	105	184	4	0	1	0	27	9	0	172	20	0	3	0	127	181	158	121	0	2	0	0	0	47	59	3	0	0	
0	0	0	3	0	0	0	0	2	6	3	0	74	139	0	0	0	3	0	98	180	31	0	1	3	0	89	187	77	126	107	0	0	18	212	197	183	202	151	0	0	17	186	240	154	54	0	1	1	0	19	21	0	0	1	0	0	0	1	0	2	3	0	0	
0	0	0	0	20	13	0	0	1	0	11	150	247	142	0	4	1	0	30	168	226	134	0	4	0	2	0	39	219	31	0	3	0	3	122	248	140	0	3	0	0	66	255	228	212	161	148	58	0	17	79	10	58	98	60	17	0	0	0	0	0	0	0	0	
0	0	0	0	0	0	0	0	0	1	0	56	88	66	51	0	0	1	0	183	167	242	144	0	0	1	1	8	133	152	2	0	0	2	0	145	149	0	1	1	2	0	144	169	0	4	1	0	0	142	253	48	0	3	0	0	0	76	41	0	2	0	0	0	
0	0	0	0	0	0	0	0	0	0	7	72	57	3	0	0	2	0	50	124	141	37	0	2	2	0	55	61	78	21	0	1	1	0	4	91	170	9	0	1	0	3	0	85	175	9	0	1	0	2	0	62	58	0	2	0	0	1	0	33	19	0	0	0	
0	0	1	0	0	0	1	1	0	1	0	35	131	144	15	0	3	0	73	217	92	124	224	34	4	0	137	129	30	202	127	14	2	0	42	234	214	66	0	2	0	17	162	191	159	0	6	1	0	53	233	178	117	0	2	0	0	0	37	47	0	0	0	0	
0	0	1	1	0	2	1	0	0	1	0	16	98	38	0	2	2	0	42	148	63	94	54	0	2	0	53	138	117	87	1	0	0	1	0	146	183	50	0	2	3	0	70	111	0	143	2	0	3	0	118	32	50	116	0	2	0	0	22	6	34	18	0	1	
0	0	2	1	0	1	1	0	0	1	0	21	86	41	0	1	2	0	55	181	136	200	18	0	3	0	73	169	186	222	19	0	0	3	0	125	227	30	0	2	3	0	90	213	22	0	2	0	0	26	214	41	0	4	0	0	0	30	69	0	3	0	0	0	
0	0	0	0	0	0	0	0	0	0	3	96	12	0	1	0	0	3	0	163	86	0	3	0	0	3	0	97	162	0	3	0	0	2	0	66	182	0	2	0	0	1	0	27	195	5	0	1	0	1	0	13	152	5	0	0	0	0	0	0	14	0	0	0	
0	0	1	3	0	0	2	0	0	1	3	0	27	44	0	0	1	0	7	105	194	245	96	0	0	17	193	148	11	84	190	0	0	155	100	0	16	163	72	0	10	157	19	75	168	65	0	2	0	65	122	96	25	0	3	0	0	0	0	0	1	2	0	0	
1	0	29	16	0	1	0	0	2	0	59	157	12	0	1	0	0	3	0	100	107	0	4	1	0	1	0	95	194	67	15	0	3	0	52	210	129	85	143	23	3	0	128	193	24	0	14	14	2	0	75	90	0	5	1	0	0	0	0	0	1	0	1	1	
0	0	0	0	2	0	0	0	0	0	0	2	0	172	75	0	0	0	4	0	102	247	31	0	0	3	0	54	250	86	0	3	1	0	17	235	141	0	3	0	0	8	194	205	7	0	1	0	0	70	193	14	0	1	0	0	0	0	0	2	1	0	0	0	
0	1	4	3	0	0	0	0	0	0	0	0	3	10	0	0	0	58	191	178	216	201	2	0	0	40	116	63	152	184	0	1	0	0	3	0	176	85	0	3	0	2	0	23	192	15	0	1	0	2	0	52	195	0	0	0	0	1	0	26	124	2	0	0	
0	0	0	0	0	0	0	0	0	1	0	24	126	140	59	0	1	0	10	195	114	57	174	0	0	1	10	32	0	149	125	0	0	1	0	7	148	162	2	0	0	114	221	230	187	0	1	1	0	117	146	36	6	3	1	0	0	0	0	0	0	0	0	0	
0	0	0	0	0	0	0	0	0	2	0	50	106	0	2	0	0	3	0	96	176	0	3	0	0	3	0	102	177	0	3	0	0	3	0	103	167	0	3	0	0	3	0	72	207	14	0	1	0	1	0	15	167	39	0	2	0	0	0	0	0	0	0	0	
0	0	0	0	0	0	0	0	0	0	0	64	97	54	0	0	1	0	9	116	88	216	51	0	1	4	4	100	204	143	0	1	0	1	0	43	171	97	0	4	35	118	83	99	180	32	0	1	32	105	101	103	26	0	1	0	0	0	0	0	1	1	0	0	
0	0	1	3	0	0	0	0	0	0	0	0	15	2	0	0	1	0	26	124	205	77	0	3	0	1	146	120	138	99	0	4	0	0	4	0	153	42	0	2	0	0	0	11	165	9	0	0	0	1	0	39	175	0	1	0	0	1	0	34	92	0	2	0	
0	0	1	1	0	2	0	0	0	1	0	45	12	5	173	38	2	0	40	231	20	134	191	0	0	1	199	109	71	240	29	0	0	125	255	162	245	220	136	4	0	48	161	255	108	6	13	1	2	0	54	165	23	0	1	0	0	2	3	0	1	1	0	0	
0	0	2	0	0	2	2	0	0	0	3	28	26	3	0	1	1	0	127	158	98	115	52	0	0	70	125	0	1	14	131	30	0	116	38	0	2	0	127	39	0	107	60	41	90	131	63	0	0	36	124	105	68	13	0	1	0	0	0	0	0	1	2	0	
0	0	0	1	4	0	0	0	0	0	2	1	0	4	15	1	0	2	0	25	145	172	151	18	2	0	44	234	146	13	3	1	0	25	118	103	167	26	0	1	0	99	204	142	92	0	1	0	0	0	11	11	0	0	0	0	0	1	0	1	3	0	0	0	
0	0	2	1	0	1	0	0	0	0	0	4	31	11	0	0	0	2	61	97	96	93	0	0	0	44	71	5	3	126	5	0	0	0	2	0	71	97	0	3	0	1	2	0	130	22	0	1	0	2	0	67	90	0	3	0	0	2	0	94	27	0	1	0	
0	0	1	3	0	0	0	0	0	1	3	0	99	129	0	2	0	2	0	141	223	57	0	2	2	0	170	217	111	161	119	1	0	85	189	93	231	174	243	38	0	132	155	146	238	150	40	0	0	14	125	122	22	0	1	0	0	0	0	0	0	3	2	0	
0	0	0	0	0	0	0	0	0	0	0	1	128	74	0	2	0	2	0	35	255	98	0	4	0	3	0	102	243	15	0	1	0	3	0	185	210	0	1	0	2	0	20	255	129	0	4	0	2	0	31	225	62	0	3	0	0	0	0	13	7	0	0	0	
0	1	2	0	0	0	1	0	0	0	0	2	9	12	1	0	0	0	163	214	187	230	158	0	0	22	209	51	84	255	134	0	0	2	0	30	240	140	0	2	2	0	33	234	141	0	3	0	0	32	248	148	0	3	1	0	0	33	173	30	0	2	0	0	
0	1	0	35	36	0	1	0	0	2	0	139	54	0	2	0	1	0	36	153	0	1	0	0	3	0	94	99	58	112	0	0	4	0	114	95	120	157	28	0	3	0	68	194	204	110	0	2	0	0	1	65	64	7	0	0	0	0	1	0	0	1	0	0	
0	0	1	1	0	0	0	1	0	0	0	6	53	61	10	0	1	0	16	192	175	168	225	79	1	0	22	195	79	157	94	1	1	0	7	210	228	47	0	2	0	5	195	197	151	0	5	0	0	10	199	198	85	0	2	0	1	0	22	43	0	0	0	0	
0	0	2	0	78	38	0	1	0	1	0	124	178	39	0	2	3	0	83	155	0	2	1	0	2	0	165	55	63	62	0	1	2	0	162	182	131	201	62	0	3	0	65	220	125	173	65	0	0	1	0	22	79	29	0	1	0	0	2	1	0	0	1	0	
0	0	2	1	0	0	0	0	0	0	0	6	72	62	0	0	2	0	72	177	151	227	83	0	2	0	183	183	155	236	46	0	0	1	3	130	254	67	0	2	2	0	33	230	82	0	3	0	0	11	232	188	0	2	0	0	0	12	96	11	0	0	0	0	
0	1	2	0	1	2	0	0	0	0	0	24	21	0	0	0	0	4	159	173	167	62	0	2	0	58	188	0	41	133	0	2	0	15	35	0	56	144	0	3	0	0	4	0	121	126	0	4	0	1	2	0	194	50	0	2	0	0	0	7	119	14	0	1	
0	0	1	3	0	0	0	0	0	1	3	0	28	145	108	0	1	1	1	141	253	255	202	2	0	0	175	234	50	193	179	0	0	84	226	0	92	255	47	0	0	138	202	182	255	74	0	3	0	10	156	161	32	0	2	0	0	0	0	0	1	2	0	0	
0	0	0	2	3	0	0	0	1	0	4	135	161	1	0	0	3	0	77	158	134	13	0	0	0	2	0	160	142	0	3	0	1	0	20	138	79	93	0	1	4	0	102	97	14	173	6	0	2	0	39	133	113	31	0	1	0	0	0	4	2	0	0	0	
0	0	0	0	3	0	0	0	0	0	0	4	0	146	107	0	0	0	3	0	93	255	78	0	0	3	0	83	255	159	0	2	2	0	39	242	194	8	0	1	0	9	211	255	63	0	3	0	0	23	205	115	0	2	0	0	0	0	0	0	0	0	0	0	
0	0	1	1	0	0	0	0	0	1	0	23	51	0	0	0	1	0	30	92	126	28	0	1	1	0	98	10	144	66	0	3	0	2	96	92	132	35	0	2	0	0	8	0	82	19	0	1	0	0	0	5	100	2	0	0	0	0	0	13	50	0	1	0	
0	0	0	0	8	48	4	0	0	0	5	0	124	251	95	0	1	2	1	0	34	193	128	0	0	0	27	6	136	205	4	0	10	170	251	255	219	11	0	1	27	238	212	103	185	107	0	1	0	11	4	0	37	126	4	0	1	0	1	4	1	0	0	0	
0	0	0	0	0	0	0	0	0	0	25	26	23	8	0	0	0	3	103	119	188	86	0	3	0	0	2	0	139	35	0	1	0	1	0	21	152	0	0	0	0	2	0	68	127	0	3	0	0	3	0	100	102	0	3	0	0	2	0	73	68	0	2	0	
0	0	0	0	0	0	0	0	0	1	0	43	103	74	16	0	0	1	0	120	134	241	116	0	1	0	67	172	213	145	9	0	2	0	117	117	168	130	0	4	22	177	153	146	183	50	0	2	0	69	111	92	12	0	1	0	0	0	0	0	1	2	0	0	
0	0	1	2	0	0	0	0	0	0	0	2	18	49	67	19	0	0	2	162	236	205	144	22	3	0	57	255	238	38	0	2	0	11	213	146	184	123	0	5	0	14	43	0	194	81	0	3	0	8	117	196	161	0	0	0	0	2	118	96	0	1	0	0	
0	0	1	2	0	1	0	0	0	1	1	10	5	10	95	3	1	0	5	189	43	52	211	0	0	3	162	188	41	229	161	0	0	81	255	228	251	223	133	0	0	5	143	255	127	0	1	0	1	0	194	161	0	3	1	0	0	0	29	11	0	1	0	0	
0	0	2	1	24	3	0	0	0	3	0	87	230	22	0	1	2	0	61	201	180	44	0	2	1	0	170	57	95	191	54	0	0	31	190	2	0	62	156	0	0	7	186	128	68	173	107	0	1	0	24	131	125	71	2	0	0	1	1	0	0	0	1	0	
0	0	0	2	0	2	2	0	0	0	1	0	97	216	32	0	0	6	0	119	255	135	0	3	0	1	0	198	255	148	0	1	1	129	67	0	94	210	2	0	0	209	207	93	215	132	0	3	0	23	167	216	109	0	0	0	0	1	0	0	0	1	0	0	
0	0	1	0	0	0	0	0	1	0	4	110	60	0	2	0	2	0	70	57	95	1	0	0	2	0	81	100	135	3	0	1	0	1	0	90	89	72	0	3	0	0	0	75	40	93	0	3	0	0	2	105	103	26	0	1	0	1	0	32	26	0	1	0	
0	0	0	0	0	0	0	0	0	0	0	5	20	18	11	0	0	0	0	193	234	236	204	0	1	0	18	107	90	246	127	0	0	4	0	82	254	123	0	2	2	0	110	255	101	0	3	0	0	135	244	49	0	4	0	0	0	141	65	0	5	0	0	0	
0	2	4	4	4	4	3	0	0	0	0	0	0	0	0	0	0	60	120	141	141	108	85	0	0	158	143	95	104	246	172	0	0	0	1	0	137	146	0	0	0	2	0	155	152	0	2	1	3	0	125	145	0	4	1	0	0	2	131	15	0	1	0	0	
0	0	0	2	0	0	1	1	0	0	1	0	36	71	18	0	0	3	0	87	178	207	196	4	0	4	0	107	195	149	72	1	0	8	115	159	179	40	0	2	0	126	208	56	171	43	0	2	0	25	104	152	78	0	2	0	0	0	0	0	0	0	0	0	
0	0	0	0	0	0	0	0	0	61	149	122	17	0	1	0	0	98	58	165	124	0	6	0	2	0	52	223	168	12	0	1	1	0	30	21	79	162	38	0	1	0	13	104	49	123	183	0	0	0	1	56	120	127	50	0	0	0	0	0	0	0	0	0	
0	0	2	3	0	0	1	0	0	0	0	0	22	15	0	0	2	0	65	163	173	232	86	0	3	0	124	193	154	255	101	0	0	2	0	63	249	123	0	1	2	0	31	225	91	0	3	0	0	0	199	123	0	5	1	0	0	9	136	11	0	1	0	0	
0	0	0	0	0	0	0	0	1	0	30	73	81	20	0	1	1	0	89	95	77	140	0	0	0	0	1	0	36	151	0	0	2	0	121	138	184	81	3	0	1	0	30	71	118	0	2	0	0	3	0	99	62	0	2	0	0	1	0	54	22	0	1	0	
0	0	0	0	0	0	0	0	0	1	0	23	111	107	0	1	1	0	19	113	124	150	0	3	0	0	0	25	191	73	0	3	0	2	0	85	126	133	0	3	0	1	0	21	135	49	0	2	0	25	139	153	54	0	1	0	0	20	58	3	0	2	0	0	
0	0	1	2	1	0	0	0	0	0	0	6	5	0	0	0	1	0	25	182	131	49	0	2	4	0	99	141	173	43	0	2	3	0	79	150	150	39	0	2	0	0	7	6	134	40	0	1	0	0	2	0	134	37	0	1	0	0	2	0	72	20	0	1	
0	0	1	2	0	1	1	0	0	1	0	12	113	79	0	3	1	0	26	131	63	114	124	0	3	0	86	128	41	151	23	0	0	2	0	163	183	6	0	1	2	0	61	162	115	0	4	0	3	0	156	158	44	0	2	0	1	0	26	39	0	0	0	0	
0	0	1	0	0	0	1	0	0	0	1	13	110	87	0	1	2	0	48	219	157	169	35	0	3	0	140	98	16	111	92	0	0	3	159	19	0	113	70	0	1	0	164	41	0	166	30	0	3	0	77	150	141	113	0	3	0	1	0	43	54	1	0	0	
0	0	0	1	2	0	0	0	0	0	1	2	0	25	20	0	0	2	0	3	151	198	147	0	2	0	32	165	102	81	124	0	0	33	168	28	36	150	16	0	0	165	75	82	140	17	0	1	0	122	129	75	2	1	1	0	0	1	2	0	2	1	0	0	
0	0	9	38	2	0	0	0	4	0	82	255	90	0	3	0	1	0	6	137	244	30	0	2	0	2	0	58	224	27	0	1	2	0	21	243	140	0	3	0	2	0	44	255	239	184	46	0	0	1	0	55	132	171	52	0	0	0	0	0	0	0	0	0	
0	0	1	0	1	3	1	0	0	0	1	11	3	0	0	0	3	0	88	208	151	191	101	0	3	0	104	48	34	237	59	0	0	1	0	10	180	78	0	3	1	0	0	174	119	0	4	0	2	0	161	157	0	4	0	0	0	23	154	16	0	1	0	0	
0	1	0	38	31	0	1	0	2	0	52	94	107	16	0	1	2	0	79	5	102	46	0	1	0	1	0	31	136	0	5	0	0	5	37	123	40	36	71	0	0	6	140	141	34	142	23	0	0	1	0	57	129	38	0	1	0	0	2	0	0	1	1	0	
0	0	0	0	1	1	1	0	0	0	0	4	0	135	61	0	0	0	3	0	66	207	6	0	0	1	0	18	208	66	0	3	0	1	0	180	126	0	4	0	3	0	110	194	0	3	0	0	2	0	143	64	0	2	0	0	0	0	0	1	1	0	0	0	
0	0	0	0	0	0	0	0	0	5	50	70	55	45	26	0	0	138	220	124	91	193	103	0	0	55	53	49	180	109	0	1	0	0	0	102	123	121	40	0	1	0	32	41	0	113	114	0	3	0	64	150	114	174	19	0	0	0	0	106	103	10	0	1	
0	0	0	2	1	0	0	0	0	0	3	0	22	56	26	5	0	3	0	65	223	137	195	34	3	0	95	236	39	151	152	0	0	52	213	19	117	206	5	0	0	142	182	157	193	9	0	1	0	56	167	107	1	1	1	0	0	0	0	0	2	1	0	0	
0	0	1	1	0	0	0	0	0	1	0	18	98	45	0	1	1	0	7	116	58	133	7	0	1	0	35	136	101	61	0	2	0	2	0	139	161	0	1	0	2	0	50	71	121	15	0	0	3	0	82	148	86	0	2	0	0	0	4	48	5	0	0	0	
0	0	0	0	0	0	0	0	0	0	12	20	22	19	3	0	0	16	223	233	208	242	162	0	0	20	128	17	66	219	73	0	0	2	0	30	224	67	0	3	1	0	9	205	122	0	4	0	0	14	209	156	0	3	0	0	0	83	164	0	2	1	0	0	
0	0	3	0	0	0	1	0	0	3	0	74	211	181	30	0	2	0	89	246	89	133	184	0	0	63	255	77	0	64	204	0	0	177	120	0	9	207	118	0	0	189	116	86	240	170	0	0	0	64	217	198	99	3	0	1	0	0	0	0	0	2	1	0	
0	0	1	0	23	12	0	0	0	1	0	22	172	18	0	1	0	0	0	179	76	20	21	0	3	0	122	140	60	226	142	0	0	18	173	34	222	217	57	0	0	41	182	98	177	59	0	2	0	3	112	110	14	0	2	0	0	0	0	0	2	3	0	0	
0	0	0	0	0	0	0	0	0	58	109	107	98	64	0	0	0	180	212	211	255	225	17	0	1	0	113	240	208	73	0	1	2	0	137	189	191	238	97	0	0	11	19	2	16	193	178	0	0	27	175	209	244	241	79	0	0	0	9	40	51	31	0	0	
0	0	1	3	0	0	0	0	0	0	1	0	53	58	0	1	1	0	6	134	150	169	35	0	3	0	158	171	104	147	0	0	1	0	62	105	224	56	0	2	0	2	0	134	80	0	3	0	3	0	103	202	0	2	0	0	2	0	78	63	0	1	0	0	
0	0	0	20	8	0	0	0	0	1	0	146	36	0	2	0	1	0	12	164	12	1	0	0	1	0	24	173	160	145	0	1	1	0	12	235	84	125	31	0	1	0	12	216	144	136	0	0	0	1	0	73	120	12	0	1	0	0	0	0	0	1	0	0	
0	0	1	3	0	0	1	1	0	1	3	0	70	148	42	0	1	0	4	140	241	209	214	20	0	0	189	214	14	49	232	27	0	106	205	0	76	240	103	0	0	152	220	179	225	70	0	2	0	35	136	97	5	0	3	0	0	0	0	0	1	3	0	0	
0	0	0	0	0	0	0	0	1	0	31	115	71	0	1	0	1	0	39	23	96	42	0	2	0	1	0	20	127	21	0	1	1	0	17	158	175	17	0	1	0	0	8	0	64	84	0	3	0	1	0	15	136	40	0	2	0	1	0	23	42	0	0	0	
0	0	0	0	2	0	0	0	0	0	1	0	9	182	50	0	0	0	5	0	97	255	42	0	0	3	0	56	255	130	0	4	2	0	42	240	185	1	0	1	0	36	234	255	69	0	3	0	0	93	219	54	0	2	0	0	0	1	0	0	1	0	0	0	
0	0	1	1	12	1	0	0	0	2	0	91	137	83	0	0	2	0	67	143	0	114	54	0	4	0	133	65	0	73	67	0	0	3	149	14	0	126	26	0	0	6	169	18	98	92	0	2	2	0	71	166	88	0	0	0	0	0	0	5	0	2	0	0	
0	0	1	2	0	0	1	0	0	1	3	0	90	130	13	0	1	0	4	171	236	236	147	0	0	5	197	187	0	158	204	0	0	169	159	0	148	222	41	0	0	203	211	231	184	18	0	1	0	35	125	53	0	2	2	0	0	0	0	0	2	2	0	0	
0	0	2	0	0	0	0	0	0	1	0	85	175	159	10	0	3	0	109	175	34	150	109	0	0	1	183	33	0	58	137	0	0	53	166	0	0	94	121	0	0	44	192	14	77	178	26	0	2	0	116	185	148	36	0	1	0	0	0	4	0	1	1	0	
0	0	0	2	2	0	1	0	0	0	2	0	9	25	1	0	0	3	0	45	195	232	163	0	3	0	67	223	57	64	222	12	0	25	195	36	29	171	59	0	0	135	148	110	170	33	0	2	0	52	148	79	1	1	2	0	0	0	0	0	2	2	0	0	
1	1	0	0	0	0	0	0	0	27	106	99	26	0	1	0	8	145	109	103	194	19	0	1	15	22	28	173	185	11	0	1	1	0	53	105	120	164	28	0	2	0	30	49	0	135	140	0	2	0	43	158	165	167	35	0	0	0	0	0	3	1	0	0	
0	0	1	1	0	0	2	0	0	1	0	13	117	135	10	0	2	0	37	196	81	173	177	0	2	0	46	182	75	174	89	0	1	0	8	196	227	27	0	1	0	26	170	71	158	39	0	1	0	94	188	136	118	0	0	0	0	2	53	44	0	0	0	0	
0	0	2	0	59	26	0	1	0	1	0	24	175	14	0	1	0	3	0	141	92	0	3	0	2	0	43	168	45	124	33	0	3	0	143	185	74	141	76	0	3	0	172	238	116	85	0	1	1	0	18	78	54	0	1	0	0	0	1	0	0	2	0	0	
0	0	0	0	2	3	0	0	0	2	0	36	167	172	26	0	0	1	0	16	97	196	31	0	0	3	0	98	230	65	0	3	0	0	2	0	85	88	0	3	0	14	52	71	153	49	0	2	0	123	182	138	54	0	1	0	1	2	0	0	1	1	0	0	
0	0	0	0	0	0	0	0	1	0	48	79	55	9	0	0	1	0	65	104	197	28	0	2	0	1	0	41	134	0	2	0	0	0	4	0	90	58	0	2	0	0	1	0	41	130	0	2	1	0	6	103	127	27	0	1	1	0	17	86	8	0	0	0	
0	0	1	1	0	1	0	0	0	1	0	29	12	0	117	17	1	0	19	194	5	70	139	0	3	0	131	114	17	217	94	0	0	61	241	176	248	171	74	0	0	40	96	162	249	41	0	2	0	0	0	163	84	0	4	0	0	1	5	2	0	1	0	0	
0	1	0	32	53	0	2	0	1	0	3	135	54	0	2	0	3	0	99	76	0	2	1	0	0	0	147	50	81	61	10	0	3	0	161	187	33	70	105	0	2	0	42	179	63	55	113	0	0	1	0	26	81	71	18	0	0	0	2	1	0	0	1	0	
0	0	0	0	0	0	0	0	0	0	2	0	100	150	42	0	0	0	2	0	58	193	113	0	1	3	1	87	165	144	5	0	0	1	0	97	199	39	0	2	4	159	130	114	148	15	0	1	8	138	142	71	6	0	0	0	0	0	0	0	1	1	0	0	
0	0	0	8	62	0	0	0	0	3	0	118	163	0	5	0	2	0	42	214	19	0	1	0	4	0	154	139	95	155	71	0	3	0	175	249	161	154	207	1	4	0	126	255	203	179	58	0	1	0	9	71	72	10	0	0	0	0	1	0	0	1	2	0	
0	0	0	0	2	0	0	0	0	0	0	1	1	150	30	0	0	0	4	0	128	175	0	2	0	3	0	75	215	14	0	1	1	0	8	198	65	0	3	0	2	0	169	131	0	4	0	0	0	12	161	19	0	1	0	0	0	0	0	2	0	0	0	0	
0	0	0	0	0	0	0	0	1	0	32	100	146	78	0	2	0	37	212	137	209	144	0	4	0	7	30	127	255	132	0	2	2	0	52	179	68	179	90	0	0	38	23	0	29	213	83	0	0	53	165	175	200	97	0	2	1	0	34	60	9	0	1	0	
0	0	0	0	2	3	3	1	0	0	0	2	0	0	0	0	0	0	0	3	47	71	108	49	0	1	0	123	117	55	40	13	1	0	32	136	112	0	0	0	0	25	102	98	78	0	2	1	0	2	45	38	0	0	0	0	0	0	0	0	2	0	0	0	
0	1	2	0	3	1	1	0	0	1	0	82	158	147	23	0	1	0	144	233	32	84	162	0	0	71	205	6	5	0	141	65	0	90	154	0	7	0	141	86	0	65	215	33	18	113	157	0	1	0	97	173	184	132	11	0	0	0	0	2	3	0	2	1	
0	0	0	2	1	0	0	0	0	0	3	0	32	161	45	0	0	3	0	44	200	232	180	0	3	0	74	241	47	131	173	0	0	36	222	57	75	252	66	0	0	175	182	115	204	59	0	2	0	91	142	86	2	0	2	0	0	0	0	0	2	3	0	0	
0	1	1	0	0	0	0	0	0	0	10	33	103	143	57	0	0	20	181	150	93	85	67	0	0	57	212	90	10	0	1	0	1	0	31	112	192	83	0	3	0	0	14	44	15	212	34	0	0	1	0	104	183	162	9	0	0	0	0	5	36	3	0	0	
0	0	1	2	0	0	2	0	0	1	1	0	158	101	0	3	1	0	5	180	223	229	109	0	1	0	176	194	0	70	214	0	0	99	225	3	22	193	137	0	0	114	213	99	242	152	0	1	0	24	140	145	47	0	2	0	0	1	0	0	0	2	1	0	
0	0	0	0	0	0	0	0	0	0	4	13	10	3	0	0	1	0	6	157	152	120	33	0	1	0	90	149	11	1	2	0	0	77	166	111	147	40	0	2	0	14	5	0	42	103	0	3	0	0	4	0	31	62	0	2	0	1	1	0	69	24	0	1	
0	0	3	1	0	0	2	0	0	2	0	8	76	50	0	1	0	0	63	157	133	221	145	0	0	131	162	44	64	246	97	0	0	157	149	110	242	109	0	2	0	9	0	149	145	0	4	0	3	0	88	198	17	0	1	0	1	0	54	35	0	1	0	0	
0	0	2	1	0	1	0	0	0	0	1	1	0	31	51	0	2	0	59	57	0	142	65	0	0	1	148	26	8	174	9	0	0	18	171	135	198	104	0	3	1	0	29	45	159	53	0	2	0	0	0	1	134	13	0	1	0	0	0	6	17	0	0	0	
0	0	0	0	3	4	2	0	0	0	1	2	0	0	0	0	0	0	0	7	72	113	124	10	1	0	4	154	139	71	38	1	2	0	54	170	130	0	1	0	0	70	146	133	105	0	3	0	0	10	35	28	0	0	0	0	0	0	0	0	2	0	0	0	
0	0	0	0	0	0	0	0	0	2	0	52	195	81	23	0	1	0	4	166	190	155	34	0	2	0	56	106	0	146	18	0	4	0	128	100	0	139	29	0	4	0	140	162	110	140	0	1	2	0	36	189	179	21	0	1	0	0	0	0	0	1	0	0	
0	0	0	0	0	0	0	0	0	1	0	10	122	152	50	0	0	1	0	14	87	202	123	0	1	4	1	48	162	161	4	0	0	1	0	135	239	73	0	3	21	129	85	161	169	25	0	1	10	139	157	83	6	0	0	0	0	0	0	0	2	1	0	0	
0	0	1	0	0	2	1	0	1	0	8	161	167	20	0	1	4	0	131	111	70	176	9	0	2	0	163	39	0	131	113	0	0	9	166	15	0	96	124	0	0	0	184	51	61	191	26	0	3	0	78	187	151	36	0	2	0	0	0	4	2	1	1	0	
0	0	1	1	0	1	0	0	0	0	1	5	0	36	67	0	1	0	17	152	1	154	79	0	1	0	189	136	116	192	0	1	0	11	143	212	200	76	1	0	1	0	26	194	22	0	1	0	3	0	105	106	0	6	0	0	0	0	9	6	0	0	0	0	
0	0	1	14	4	0	0	0	0	9	123	123	89	0	2	0	0	63	107	0	143	63	0	2	0	6	31	175	210	142	67	0	3	0	84	221	28	33	147	0	0	3	103	11	12	157	94	0	2	0	99	169	147	90	0	0	0	0	0	8	2	0	1	0	
0	0	0	0	0	0	0	0	0	1	0	54	94	54	0	0	2	0	34	211	113	198	106	0	0	0	15	26	29	207	63	0	0	3	0	46	204	73	0	2	2	0	52	230	57	0	3	0	0	60	241	79	0	4	0	0	0	53	65	0	3	0	0	0	
2	2	4	4	3	2	0	0	0	0	0	0	0	0	0	0	39	58	100	140	180	69	0	2	113	175	127	93	87	187	6	0	0	0	1	0	23	175	4	0	2	3	6	0	56	152	0	3	0	0	3	0	77	142	0	4	0	0	3	0	77	123	0	3	
0	0	2	0	40	38	0	1	0	1	0	7	197	70	0	3	0	3	0	128	126	0	2	0	2	0	39	207	123	118	8	0	4	0	128	255	246	229	18	0	4	0	125	255	180	32	0	2	1	0	22	70	10	0	1	0	0	0	0	0	2	2	0	0	
0	0	0	1	0	24	7	0	0	0	2	0	74	141	0	0	0	2	0	49	153	6	0	1	0	2	0	146	41	0	1	0	2	0	63	165	51	153	40	0	4	0	83	242	97	80	24	0	0	0	3	90	83	27	0	1	0	0	0	0	0	1	1	0	
0	0	1	3	0	1	0	0	0	0	1	0	15	10	0	0	0	0	1	104	191	228	122	0	1	0	187	236	195	193	31	0	0	0	141	199	211	13	0	1	0	5	0	142	90	0	5	0	1	0	51	194	7	0	0	0	3	0	90	95	0	3	0	0	
0	0	0	0	0	0	0	0	0	1	0	27	100	20	0	1	0	2	0	54	91	39	0	1	1	0	33	81	0	2	0	0	1	0	5	105	73	0	1	0	0	0	1	0	112	19	0	1	0	1	0	44	106	0	0	0	0	1	0	24	11	0	0	0	
0	0	0	1	0	3	1	0	0	1	0	5	112	180	104	0	0	5	0	91	160	74	171	0	0	1	2	11	0	166	70	0	0	34	187	124	155	79	0	2	0	178	143	203	223	76	0	3	0	128	185	78	0	17	0	0	0	1	3	0	1	0	0	0	
0	0	0	0	0	1	0	0	0	1	66	139	120	5	0	1	0	82	209	116	133	113	0	2	0	11	10	0	92	123	0	3	0	1	0	25	229	126	0	1	0	1	5	0	0	132	88	0	2	0	119	166	146	171	58	0	1	0	28	62	35	4	0	0	
0	0	1	1	0	1	0	0	0	2	0	113	27	30	176	11	2	0	27	223	18	161	166	0	0	10	208	131	79	246	40	0	0	105	255	190	244	239	54	0	0	7	117	255	160	31	13	0	3	0	78	181	7	0	1	0	0	1	2	0	1	2	0	0	
0	1	1	0	0	3	1	0	2	0	66	44	0	2	0	0	0	3	180	64	0	111	48	0	0	64	148	0	80	230	28	0	0	13	175	148	127	149	0	1	1	0	24	25	63	126	0	4	0	0	3	0	77	130	0	4	0	0	1	0	9	23	0	1	
0	0	0	1	1	0	2	1	0	0	0	2	0	0	0	0	0	2	0	12	25	13	53	25	0	2	0	130	172	135	130	37	0	33	61	142	72	0	2	0	0	33	144	104	22	0	4	1	0	0	0	0	0	0	0	0	0	1	2	2	1	0	0	0	
0	0	0	0	0	0	0	0	0	0	0	0	71	7	0	0	0	0	0	0	147	14	0	1	0	1	0	23	126	0	2	0	0	1	0	42	115	0	3	0	0	2	0	65	86	0	3	0	0	3	0	79	77	0	3	0	0	0	0	10	10	0	0	0	
0	0	1	1	4	2	0	0	0	0	4	7	0	0	3	2	3	0	109	206	141	183	194	5	0	17	163	38	91	255	113	0	0	3	12	6	179	86	0	2	0	1	0	172	160	0	5	0	2	0	153	211	12	0	1	0	0	7	150	28	0	1	0	0	
0	0	0	0	9	2	0	0	2	0	38	145	132	12	0	1	2	0	65	135	0	3	1	0	2	0	43	193	154	62	0	2	1	0	22	43	27	167	32	0	1	0	98	20	0	140	71	0	2	0	75	145	142	107	0	0	0	0	0	7	12	0	0	0	
0	0	0	0	0	26	4	0	0	1	0	33	175	222	96	0	0	7	0	127	117	105	154	0	0	0	0	0	29	205	48	0	0	78	148	127	216	112	0	0	35	244	255	222	185	165	14	0	0	77	74	1	3	8	0	0	0	0	0	1	2	1	1	0	
0	0	0	0	0	0	0	0	1	0	6	135	146	16	0	1	3	0	86	193	185	95	0	4	4	0	149	62	140	164	0	0	2	0	40	210	135	110	55	0	0	1	0	142	33	124	14	0	0	1	0	142	180	68	0	2	0	1	0	25	37	0	1	0	
0	0	0	1	1	0	0	0	0	0	2	0	48	58	0	2	0	1	0	12	217	90	0	5	1	0	0	195	161	0	2	0	2	0	162	195	0	0	28	37	0	49	233	25	0	0	83	119	0	14	49	0	2	0	19	18	0	0	1	1	0	0	0	0	
0	0	0	0	0	0	0	0	0	2	0	42	64	0	2	0	0	2	0	60	153	0	3	0	0	1	0	20	131	0	1	0	0	1	0	37	136	0	3	0	0	2	0	60	145	0	3	0	0	2	0	60	93	0	3	0	0	0	0	6	8	0	0	0	
0	0	3	0	56	57	0	2	0	2	0	39	221	50	0	2	1	0	21	216	83	27	8	0	3	0	161	125	101	227	115	0	0	40	193	175	206	152	136	0	0	53	189	229	238	138	10	0	0	0	54	76	32	0	2	0	0	0	0	0	0	3	1	0	
0	0	0	0	0	0	0	0	1	0	16	181	218	234	110	0	4	0	138	235	63	64	41	0	3	0	93	240	141	42	0	1	1	20	0	36	145	255	77	0	0	171	144	38	118	246	67	0	0	34	199	216	165	44	0	1	0	0	0	0	0	0	1	0	
0	0	1	1	1	1	0	0	0	2	0	28	5	78	148	0	1	0	18	217	93	219	111	0	0	12	202	119	150	168	0	2	0	95	254	165	246	176	121	0	0	13	121	255	85	31	30	0	3	0	86	157	0	1	0	0	0	1	2	0	2	2	1	0	
0	0	1	1	0	0	0	0	0	1	0	17	77	124	48	0	2	0	33	177	160	102	30	0	4	0	100	166	0	3	0	0	0	1	0	128	112	0	2	0	0	0	7	0	161	80	0	3	2	0	53	201	156	31	0	2	0	0	6	56	19	0	1	0	
0	0	2	2	0	0	0	0	0	0	0	9	74	47	0	1	2	0	42	141	65	178	125	0	3	0	139	100	71	186	29	0	0	1	2	88	225	39	0	2	1	0	4	172	70	0	4	0	0	5	187	129	0	4	0	0	0	28	97	0	2	0	0	0	
0	0	0	0	1	0	0	0	0	0	2	0	53	47	0	2	0	0	3	0	120	41	0	2	0	1	0	25	129	0	1	0	0	3	0	100	76	0	2	0	1	0	23	149	3	0	0	0	2	0	53	61	0	2	0	0	0	0	1	1	0	0	0	0	
0	0	2	0	0	2	0	0	0	2	2	36	0	33	134	0	3	0	110	185	0	150	138	0	0	87	198	27	48	245	71	0	0	190	181	138	250	180	72	0	0	13	31	168	255	64	0	3	1	0	15	177	77	0	4	0	0	1	2	0	0	1	0	0	
0	0	0	0	0	0	0	0	1	0	2	152	194	121	6	0	3	0	73	244	83	178	48	0	1	0	195	108	0	94	50	0	0	44	213	9	0	139	54	0	0	18	216	78	101	208	12	0	3	0	83	210	187	50	0	2	0	0	0	0	0	1	1	0	
0	0	2	2	0	0	0	0	0	1	1	0	59	50	0	1	1	0	23	181	205	236	57	0	0	24	220	172	118	255	85	0	0	73	239	176	255	175	3	0	1	0	15	204	191	2	0	1	1	0	148	237	32	0	3	0	0	0	107	40	0	2	0	0	
0	0	2	0	0	1	0	0	0	0	0	19	24	0	0	0	1	0	76	96	104	63	0	2	0	39	154	0	115	113	0	4	0	7	97	113	180	72	0	3	0	0	7	0	98	71	0	3	0	1	4	0	120	40	0	2	0	0	1	0	104	22	0	1	
0	0	2	2	0	2	0	0	0	2	0	30	25	15	118	5	2	0	33	221	67	136	179	0	0	37	243	138	103	255	45	0	0	82	207	219	239	151	76	0	2	0	42	240	72	0	2	0	3	0	169	151	0	7	2	0	1	0	21	18	0	0	0	0	
0	0	0	0	0	0	0	0	0	1	0	42	64	0	2	0	0	1	0	42	105	0	3	0	0	1	0	39	99	0	3	0	0	3	0	79	90	0	3	0	0	3	0	106	58	0	2	0	0	2	0	73	49	0	2	0	0	0	0	1	1	0	0	0	
0	0	0	0	2	1	0	0	0	0	0	3	0	125	47	0	0	0	3	0	43	223	22	0	0	1	0	8	220	116	0	3	1	0	0	193	162	0	2	0	0	0	175	209	6	0	1	0	0	50	211	37	0	2	0	0	0	1	0	1	1	0	0	0	
0	1	0	0	0	0	4	2	1	0	23	81	78	28	0	1	0	48	239	200	240	249	150	43	0	16	162	164	176	197	119	25	3	0	65	226	218	105	0	3	3	0	166	77	47	227	7	0	3	0	94	183	190	144	0	2	0	1	0	72	67	0	0	0	
0	0	0	0	0	0	0	0	0	1	0	56	149	107	10	0	1	0	24	211	75	158	148	0	0	0	2	0	19	234	108	0	0	44	34	32	210	152	0	1	18	227	255	239	235	55	0	2	0	66	112	32	15	33	0	1	0	0	0	0	0	0	0	0	
0	1	0	0	0	0	0	0	0	0	45	61	74	16	0	0	0	71	187	161	152	22	0	2	0	99	151	99	106	143	36	0	0	0	95	74	0	41	161	17	0	39	189	43	15	7	156	46	1	0	63	132	126	138	74	0	0	0	0	0	0	0	0	0	
0	0	0	0	0	0	0	0	0	0	1	86	165	159	74	0	1	0	15	182	62	137	201	0	0	1	2	0	59	245	81	0	0	10	32	87	243	112	0	2	0	175	255	229	210	121	0	1	0	89	120	13	6	12	0	0	0	0	0	0	0	0	0	0	
0	0	1	2	0	0	0	0	0	0	1	0	4	2	0	0	1	0	27	144	195	65	0	3	1	0	155	77	199	53	0	2	1	0	131	119	173	23	0	1	1	0	16	5	113	36	0	1	0	0	4	0	142	54	0	2	0	0	3	0	101	42	0	2	
0	0	0	0	2	3	2	0	0	0	1	2	0	0	0	0	0	0	0	1	39	95	142	48	1	0	9	158	146	87	36	3	1	0	15	177	115	0	3	0	0	37	139	119	76	0	3	0	0	7	46	19	0	1	0	0	0	0	0	1	2	0	0	0	
0	0	1	1	0	0	0	0	0	2	0	25	163	114	0	2	2	0	34	203	87	160	43	0	1	0	175	90	0	104	82	0	0	55	160	0	0	153	78	0	0	76	176	25	140	171	3	0	0	3	154	189	112	4	0	1	0	0	0	0	0	2	1	0	
0	0	0	3	0	0	2	0	0	0	1	0	43	53	0	1	0	0	0	124	197	140	172	59	2	0	62	205	76	187	130	5	2	0	42	232	197	46	0	1	0	38	227	167	153	0	6	1	0	7	101	141	87	0	1	0	0	0	0	0	0	0	0	0	
0	0	1	0	23	10	1	0	0	2	0	56	174	2	0	1	1	0	4	186	53	54	74	0	3	0	95	123	68	187	172	3	0	0	157	113	189	145	29	0	0	5	184	237	200	48	0	2	1	0	35	114	48	0	3	0	0	0	0	0	2	2	0	0	
0	0	0	0	1	1	2	0	0	0	0	4	0	102	83	0	0	0	2	0	38	180	14	0	0	2	0	14	181	52	0	2	0	0	0	154	83	0	3	0	0	0	155	125	0	4	0	0	0	77	135	0	3	0	0	0	0	3	1	2	0	0	0	0	
0	0	1	1	3	3	1	0	0	1	0	45	13	0	0	0	1	0	25	214	166	142	68	1	1	0	192	232	109	32	10	0	0	0	111	143	168	34	0	2	0	0	2	0	62	146	0	3	2	0	38	136	185	82	0	3	0	0	0	26	30	0	0	0	
0	0	0	0	5	9	0	0	0	2	0	42	124	160	53	0	0	1	0	34	47	157	47	0	0	3	0	57	199	151	0	4	0	1	0	43	71	135	0	2	0	39	81	30	133	44	0	2	0	158	182	120	46	0	1	0	0	2	0	0	1	2	0	0	
0	0	2	0	0	0	2	0	0	1	0	92	143	59	0	1	2	0	126	245	162	213	104	0	0	52	251	46	0	55	238	32	0	126	216	0	0	32	229	40	0	104	255	145	157	191	72	0	0	2	73	124	83	20	0	1	0	1	0	0	0	1	3	0	
0	0	0	0	0	0	0	0	0	0	1	0	79	150	64	0	0	3	0	76	123	153	123	0	0	1	1	0	42	177	9	0	0	4	72	116	198	51	0	2	4	179	212	207	190	66	0	2	9	135	94	5	8	16	0	0	0	0	0	2	1	0	0	0	
0	0	0	0	0	0	0	0	1	0	9	114	106	8	0	1	2	0	80	92	148	39	0	2	0	0	2	76	186	63	0	1	1	0	10	80	23	134	14	0	0	3	10	0	38	109	0	1	0	9	104	102	120	25	0	1	1	0	25	56	8	0	1	0	
0	0	1	4	1	0	0	0	0	0	1	0	19	26	0	0	1	0	8	104	127	191	71	0	4	0	133	198	94	217	54	0	1	0	55	79	193	124	0	3	0	2	0	97	130	0	1	0	2	0	127	162	0	2	1	0	0	37	139	7	0	1	0	0	
0	0	0	34	12	0	0	0	2	0	50	149	4	0	2	0	4	0	150	76	0	36	0	0	1	0	168	43	138	173	75	0	4	0	135	185	81	1	149	3	2	0	46	226	53	74	144	0	0	1	0	45	137	130	26	0	0	0	1	1	0	0	1	0	
0	0	2	2	0	2	0	0	0	1	1	0	3	0	110	31	2	0	45	114	0	78	155	0	0	39	185	39	72	228	40	0	0	88	175	168	223	142	92	8	3	0	107	253	64	0	2	0	0	10	162	54	0	5	2	0	0	0	0	1	2	0	0	0	
0	1	2	0	0	1	0	0	0	0	0	15	34	6	0	0	0	21	113	113	105	106	0	2	0	15	34	0	34	116	0	2	0	0	2	0	122	48	0	2	0	2	0	48	122	0	2	0	0	0	0	122	31	0	1	0	1	0	27	68	0	2	0	0	
0	0	0	0	0	0	0	0	0	1	0	12	62	67	12	0	0	1	0	32	124	196	38	0	1	4	0	81	187	69	0	3	0	1	0	23	147	62	0	2	55	114	86	125	100	0	1	0	11	59	69	36	0	1	0	0	0	0	0	0	2	0	0	0	
0	0	0	0	0	0	0	0	0	23	81	27	2	2	0	0	0	30	148	171	241	122	0	3	1	0	9	155	150	20	0	1	2	0	45	225	101	0	1	0	0	0	0	0	143	128	0	3	0	1	0	74	151	144	0	4	0	2	0	47	130	19	0	1	
0	0	1	0	22	41	0	0	0	2	0	103	186	202	68	0	0	2	0	154	36	170	107	0	0	1	3	0	122	182	0	2	0	9	96	172	220	26	0	1	2	200	255	184	158	185	50	0	0	117	85	0	5	53	19	0	0	0	0	3	2	0	0	0	
0	0	0	0	1	1	0	0	0	0	2	0	87	23	0	1	0	1	0	22	142	0	1	0	0	2	0	56	122	0	3	0	0	3	0	98	82	0	3	0	0	2	0	142	41	0	1	0	1	0	28	116	0	1	0	0	0	0	1	2	0	0	0	0	
0	0	0	0	1	0	0	0	0	0	0	2	0	153	36	0	0	0	3	0	68	183	0	1	0	1	0	11	183	49	0	2	0	2	0	176	141	0	4	0	2	0	126	175	0	2	0	0	0	20	161	16	0	1	0	0	0	0	0	2	1	0	0	0	
0	0	0	0	0	0	0	0	0	2	21	52	66	31	0	1	11	120	137	109	192	81	0	3	2	4	20	169	166	45	0	1	1	0	24	56	33	134	84	0	0	30	15	0	0	102	129	0	0	75	148	129	130	129	13	0	0	0	4	11	3	0	0	0	
0	0	0	0	0	6	0	0	0	1	0	17	131	186	99	0	0	4	0	106	88	125	128	0	1	1	2	0	46	200	17	0	0	21	70	65	200	53	0	2	18	180	206	221	174	113	6	0	25	160	101	9	6	31	1	0	0	0	0	1	2	0	0	0	
0	0	1	0	0	0	2	1	0	3	0	81	162	110	99	7	1	0	10	171	72	17	0	1	0	0	173	170	85	110	28	0	0	48	88	25	6	83	141	0	0	89	63	0	27	155	67	0	0	21	146	137	140	60	0	1	0	0	4	13	2	0	2	0	
0	0	0	0	0	0	0	0	0	1	0	48	160	76	0	0	2	0	43	231	93	239	148	0	1	0	16	184	138	186	43	0	2	0	46	196	245	39	0	2	0	56	201	99	196	28	0	1	0	92	200	162	90	0	2	0	0	0	52	32	0	1	0	0	
0	0	1	0	0	0	0	0	0	0	17	43	8	23	0	1	2	0	75	70	39	87	0	3	0	20	152	31	79	81	0	3	0	14	96	85	139	102	0	4	0	0	2	0	55	104	0	4	0	0	5	0	51	91	0	3	0	0	0	0	12	14	0	1	
0	0	3	0	24	24	0	1	0	2	0	18	215	69	0	3	2	0	26	220	106	13	37	0	0	7	212	120	79	240	228	19	0	101	173	88	255	252	124	0	0	127	195	222	235	99	0	1	0	13	132	112	17	0	3	0	0	0	0	0	1	3	0	0	
0	0	1	0	1	2	0	0	0	0	7	60	45	0	1	0	1	0	105	76	101	90	0	2	0	40	109	0	72	137	0	3	0	28	118	52	134	97	0	3	1	0	58	67	45	96	0	3	0	0	1	0	30	113	0	2	0	0	2	1	7	44	0	1	
0	0	1	3	1	25	18	1	0	0	3	0	101	255	191	0	0	1	1	102	217	100	49	0	3	0	50	255	145	0	0	1	0	4	51	73	177	244	31	0	0	187	255	188	214	154	7	0	0	62	108	115	46	0	1	0	0	0	0	0	0	3	1	0	
0	0	0	11	90	11	0	0	0	1	0	164	114	0	3	0	3	0	89	160	0	25	2	0	2	0	168	85	139	169	109	0	0	8	180	180	73	5	176	6	2	0	179	233	20	97	147	0	1	0	21	80	63	71	22	0	0	0	1	0	0	0	1	0	
0	0	0	0	1	2	0	0	0	0	0	2	0	39	155	0	0	0	1	1	4	189	97	0	0	1	3	0	171	144	0	2	0	0	0	168	153	0	3	0	0	1	179	185	0	3	1	0	0	82	167	7	0	1	0	0	0	2	0	2	1	0	0	0	
0	0	0	0	1	1	0	0	0	0	0	50	33	0	1	0	2	0	50	149	92	11	0	1	1	0	17	103	167	32	0	1	0	0	2	0	143	29	0	1	0	0	1	0	137	14	0	1	0	0	0	7	146	8	0	0	0	0	0	2	72	9	0	0	
0	0	1	1	2	23	0	0	0	1	2	0	138	131	0	2	0	0	0	162	121	0	1	0	0	2	171	116	53	138	129	8	0	114	127	63	248	155	176	13	0	142	114	129	223	105	8	0	0	23	114	85	10	0	2	1	0	0	0	0	0	3	1	0	
0	0	19	23	11	0	0	0	2	0	119	182	174	36	0	2	0	0	12	0	107	134	0	4	0	0	4	0	168	112	0	4	0	3	0	120	208	3	0	1	2	0	114	255	201	123	68	0	2	0	103	110	97	86	45	3	0	0	0	0	0	0	0	0	
0	0	1	1	0	0	0	0	0	0	0	10	30	20	0	0	1	0	18	200	144	203	127	0	2	0	47	81	60	203	45	0	0	4	0	56	204	39	0	2	2	0	60	205	42	0	3	0	0	60	230	45	0	4	0	0	0	126	98	0	4	0	0	0	
0	1	1	0	0	0	0	0	1	0	21	73	113	129	18	0	0	0	122	166	85	42	7	0	0	52	195	136	125	27	0	1	0	16	61	20	51	139	0	0	0	1	23	0	15	162	6	0	1	0	92	147	181	104	0	3	0	1	0	36	59	2	0	0	
0	0	0	0	0	0	0	0	0	0	2	0	98	180	50	0	1	3	0	22	149	116	132	0	0	1	5	0	45	160	26	0	8	124	172	181	221	162	30	0	38	204	177	125	30	80	50	0	0	26	20	0	0	0	0	0	0	0	1	4	2	3	2	0	
0	0	0	2	0	0	0	0	0	0	1	0	92	144	15	0	0	3	0	112	152	183	79	0	2	0	45	168	7	160	21	0	3	0	130	47	101	139	0	4	0	2	136	44	165	16	0	1	2	0	119	192	63	0	2	0	1	0	16	28	0	2	0	0	
0	0	0	0	2	0	0	0	0	0	0	2	0	166	81	0	0	0	4	0	96	247	35	0	0	3	0	49	248	100	0	3	2	0	31	244	162	0	3	0	0	5	203	243	33	0	2	0	0	30	185	41	0	2	0	0	0	0	0	1	1	0	0	0	
0	0	0	0	0	0	0	0	0	2	0	97	180	94	11	0	0	1	0	177	145	200	47	0	0	3	0	148	255	166	8	0	3	0	95	251	185	0	0	0	1	0	203	174	211	32	0	1	1	0	46	145	146	18	0	1	0	0	0	1	0	0	0	0	
0	0	0	0	0	0	0	0	0	1	0	44	102	56	0	1	0	0	0	99	149	196	0	0	2	1	13	156	182	170	9	0	0	0	2	36	0	166	44	0	51	125	104	98	184	128	0	2	19	84	117	112	56	0	1	0	0	0	0	0	0	2	0	0	
0	0	1	1	0	0	0	0	0	3	0	104	206	156	20	0	1	0	16	198	57	92	56	0	3	0	134	234	141	58	0	2	0	16	221	98	83	171	60	0	0	0	187	106	9	105	122	0	1	0	27	145	181	147	24	0	0	0	1	0	0	0	0	0	
0	1	2	1	0	0	0	0	0	0	0	0	22	13	0	0	0	36	199	178	185	226	118	0	0	42	146	20	33	250	99	0	0	1	0	4	208	131	0	2	1	0	1	201	165	0	3	0	0	28	203	190	5	1	1	0	0	94	174	3	0	1	0	0	
0	0	0	2	0	0	0	0	0	1	0	7	172	57	0	2	0	2	0	106	210	149	0	3	0	2	0	150	137	147	0	3	1	0	39	188	255	53	0	3	2	0	178	116	167	54	0	2	2	0	30	158	161	13	0	1	0	0	0	3	2	0	0	0	
0	0	0	1	4	0	0	0	0	0	2	2	0	15	65	12	0	1	0	24	135	185	127	9	1	0	41	198	107	15	0	1	3	0	105	180	42	0	5	1	0	74	110	149	95	0	3	0	0	14	79	61	0	0	0	0	0	0	0	0	1	0	0	0	
0	0	1	0	35	54	0	0	0	3	0	81	193	144	12	0	1	0	9	182	32	0	1	0	3	0	68	198	117	63	0	1	4	0	108	255	155	207	24	0	2	0	39	201	121	183	3	0	0	1	0	61	167	65	0	2	0	0	1	0	0	1	0	0	
0	0	2	2	0	1	2	0	0	1	0	9	83	31	0	1	2	0	34	192	160	208	104	0	4	0	154	157	99	251	71	0	2	0	54	126	245	123	0	3	0	3	0	102	194	0	1	0	3	0	54	255	67	0	3	0	2	0	49	87	0	2	0	0	
0	0	0	3	0	0	0	0	0	0	2	0	37	80	51	14	0	1	0	137	168	113	158	89	2	0	133	128	0	2	0	0	0	0	185	153	31	0	4	1	0	1	0	65	172	4	0	1	1	0	81	61	172	16	0	1	1	0	40	130	64	0	2	0	
0	0	0	0	5	5	0	0	0	2	0	94	172	154	34	0	0	1	0	67	38	212	72	0	1	4	0	55	200	141	0	1	0	1	0	101	221	53	0	2	22	88	52	59	200	40	0	2	47	189	184	157	45	0	1	0	0	0	0	0	1	1	0	0	
0	1	1	0	0	2	0	0	1	0	42	80	28	0	1	0	0	53	175	91	96	52	8	0	0	153	82	0	20	191	24	0	0	64	168	93	164	193	0	1	1	0	51	64	66	170	0	2	0	1	3	0	75	181	0	3	0	0	3	0	26	65	0	1	
0	0	0	2	0	0	0	0	0	0	1	0	53	126	14	0	0	2	0	110	171	190	197	0	0	1	1	170	99	169	75	0	1	0	11	208	179	19	0	1	0	20	161	143	109	0	6	0	0	84	195	128	76	0	2	0	0	4	50	35	0	1	0	0	
0	0	0	2	1	0	0	0	0	2	0	114	135	40	0	1	1	0	31	103	13	14	0	0	1	0	25	122	37	0	1	0	0	1	0	19	111	58	0	2	1	0	82	0	88	82	0	3	2	0	49	107	97	0	0	0	0	0	1	12	2	0	0	0	
0	0	3	4	0	0	0	0	0	0	0	0	12	46	47	0	2	0	80	157	164	252	190	0	2	0	95	86	87	228	35	0	0	3	0	58	237	58	0	3	3	0	73	255	104	0	5	0	0	36	249	116	0	4	0	0	0	34	86	0	2	0	0	0	
0	0	0	4	2	0	0	0	0	9	103	143	106	0	1	0	0	26	62	0	142	36	0	1	0	0	3	0	112	54	0	2	0	1	4	0	113	28	0	1	1	0	10	62	186	40	0	1	0	1	110	137	138	118	16	0	0	2	7	0	0	5	3	0	
0	0	0	0	2	3	0	0	0	0	1	2	0	0	12	11	0	0	0	5	45	129	176	48	1	0	12	173	161	91	16	0	2	0	48	165	97	0	1	1	0	32	119	86	159	6	0	0	0	13	115	110	12	0	1	0	0	0	0	0	1	0	0	0	
0	0	0	0	0	0	0	0	0	0	88	135	96	45	0	1	0	1	24	59	185	178	0	1	0	1	0	129	226	81	0	3	0	2	3	0	73	163	0	3	1	0	12	98	185	54	0	2	14	110	163	131	26	0	1	0	1	41	16	0	1	2	0	0	
0	0	2	0	0	1	3	0	0	0	2	24	14	1	0	0	2	0	140	209	173	155	121	2	0	84	187	11	0	141	228	8	0	50	29	0	141	211	25	0	1	0	10	176	209	19	0	2	0	42	207	137	3	0	2	0	0	58	102	0	3	2	0	0	
0	0	0	0	0	0	0	0	0	1	0	16	40	0	1	0	0	2	0	50	93	0	3	0	0	2	0	56	69	0	3	0	0	1	0	33	56	0	2	0	0	1	0	39	85	0	3	0	0	0	0	14	93	0	1	0	0	0	0	0	22	2	0	0	
0	0	0	3	2	0	0	0	0	0	3	1	0	71	64	0	0	3	0	59	193	240	194	0	1	0	133	245	97	147	192	0	0	141	229	64	144	220	35	0	0	200	236	221	161	13	0	1	0	23	73	24	0	2	2	0	0	0	0	0	3	1	0	0	
0	0	0	0	0	4	4	0	1	0	13	166	230	200	47	0	3	0	85	243	78	18	0	0	1	0	198	239	139	71	0	1	1	0	124	177	149	241	71	0	0	13	86	56	84	249	93	0	0	5	147	214	190	106	2	0	0	0	0	0	0	0	0	0	
0	0	0	0	0	0	0	0	1	0	30	90	86	70	10	0	4	0	111	159	73	222	35	0	0	0	9	0	106	155	0	3	0	2	0	22	210	32	0	2	1	0	3	186	87	0	3	0	0	12	185	126	0	3	0	0	0	36	97	0	3	0	0	0	
0	0	0	0	0	0	0	0	0	2	0	88	117	0	1	0	0	3	0	129	225	0	0	0	0	3	0	80	217	0	0	0	0	3	0	143	204	0	1	0	0	0	0	223	198	0	2	0	0	2	0	153	180	0	1	0	0	0	0	7	11	0	0	0	
0	0	1	1	0	1	0	0	0	1	1	6	0	22	88	0	2	0	52	136	0	109	112	0	0	18	220	115	71	238	106	4	0	91	192	136	250	94	25	2	1	1	0	188	131	0	3	0	2	0	39	116	1	2	1	0	0	0	0	0	1	0	0	0	
0	0	0	3	1	0	0	0	0	0	4	0	64	80	0	2	0	1	0	67	242	106	0	4	1	0	100	157	232	105	3	0	0	14	184	198	203	88	12	0	1	0	0	222	92	0	3	0	1	0	10	182	26	0	1	0	0	0	1	15	1	0	0	0	
0	0	1	1	0	5	4	0	0	1	0	9	127	183	144	8	1	0	15	187	114	38	163	11	3	0	77	165	15	165	84	0	1	0	12	189	227	44	0	2	0	43	204	113	196	54	0	2	0	69	186	118	110	23	0	1	0	0	1	2	0	0	0	0	
0	0	0	0	0	1	1	0	0	2	0	54	136	36	0	1	0	0	4	155	52	69	18	0	0	0	0	143	124	126	42	0	0	1	0	172	172	0	1	0	2	0	54	119	133	14	0	0	3	0	67	183	78	0	2	0	0	0	3	43	3	0	0	0	
0	0	0	0	0	0	0	0	0	1	0	28	140	124	14	0	1	0	11	202	108	170	191	0	0	0	4	205	158	129	47	0	3	0	71	221	179	11	0	1	0	47	182	18	182	47	0	2	0	65	184	141	134	0	0	0	1	0	43	42	0	1	0	0	
0	1	1	0	0	3	1	0	2	0	49	162	126	4	0	1	0	7	205	238	246	131	3	0	0	137	215	0	59	250	160	0	0	219	141	0	0	196	218	0	0	102	255	171	173	255	102	0	1	0	98	198	194	125	4	0	0	1	0	0	0	0	1	0	
0	0	0	0	2	2	3	1	0	0	0	2	0	0	0	0	0	0	0	2	53	51	66	27	0	1	0	109	161	73	46	13	0	3	22	106	124	0	1	0	0	39	150	89	43	0	3	0	0	0	8	4	0	0	0	0	0	0	0	1	2	0	0	0	
0	0	0	0	2	1	0	0	0	0	53	158	97	0	6	0	0	74	213	31	76	36	0	1	0	13	100	147	168	164	81	0	0	0	113	129	8	31	166	18	0	27	164	5	6	82	83	0	1	0	66	139	130	96	1	0	0	0	0	4	2	0	2	0	
0	0	0	1	4	4	1	0	0	0	3	0	0	0	1	0	0	2	0	23	131	152	20	0	0	0	123	195	89	110	184	0	0	131	180	3	45	174	124	0	0	155	171	139	148	57	0	1	0	3	39	15	0	0	1	0	0	1	0	0	3	2	0	0	
0	0	1	0	0	0	0	0	0	1	0	88	142	43	0	2	3	0	94	162	60	25	0	1	0	0	190	125	94	75	2	0	0	4	180	127	70	155	83	0	0	0	4	1	0	164	68	0	2	0	31	159	183	127	0	1	0	0	11	43	18	0	1	0	
0	0	1	1	58	5	0	0	0	2	0	56	146	0	2	0	0	0	0	190	70	0	3	0	3	0	105	106	48	203	45	0	0	12	141	80	253	223	29	0	0	7	172	241	185	19	0	1	1	0	48	58	0	1	1	0	0	0	1	0	2	2	0	0	
0	0	1	0	0	0	0	0	0	0	7	50	3	2	0	0	3	0	101	133	0	3	1	0	0	6	202	116	121	204	78	0	0	5	126	120	126	220	15	0	0	0	0	0	165	67	0	2	0	3	0	96	146	0	4	0	0	2	0	51	32	0	1	0	
0	0	1	0	12	25	0	1	0	0	4	0	137	78	0	3	0	3	0	110	143	21	10	0	3	0	88	202	149	205	140	0	0	16	200	187	117	161	118	0	0	50	232	207	169	107	0	0	0	5	123	131	30	0	2	0	0	0	0	0	1	3	0	0	
0	0	1	0	0	0	0	0	0	1	0	45	50	0	0	0	2	0	55	99	114	0	1	0	1	0	27	104	122	0	1	0	1	0	32	118	95	84	0	3	0	0	2	0	35	118	0	3	0	0	2	0	94	85	0	3	0	1	0	11	79	10	0	0	
0	0	1	0	27	40	0	0	0	2	0	50	171	181	5	0	0	1	0	20	101	108	0	2	0	4	0	87	238	62	0	3	0	1	0	51	65	136	0	2	0	53	155	77	144	67	0	2	0	63	167	141	55	0	1	0	0	0	0	0	0	1	0	0	
0	0	0	0	8	2	0	0	0	2	0	61	157	113	11	0	0	0	0	116	14	155	51	0	0	0	0	151	167	71	0	1	2	0	46	167	168	18	0	1	3	0	135	29	111	64	0	2	2	0	62	144	134	7	0	1	0	0	0	9	2	0	0	0	
0	0	1	2	0	0	0	0	0	0	0	0	14	23	0	0	2	0	28	182	187	214	84	0	4	0	109	113	0	161	72	0	1	0	48	5	113	147	0	2	0	3	0	103	181	0	1	0	3	0	103	194	11	0	1	0	1	0	141	45	0	2	0	0	
0	0	2	1	0	0	0	0	0	1	0	43	61	0	1	0	2	0	53	122	137	28	0	1	4	0	136	125	158	61	0	2	1	0	29	60	115	94	0	4	0	0	3	0	88	101	0	4	0	0	5	0	98	108	0	4	0	0	1	0	38	36	0	1	
0	0	1	0	10	11	0	1	0	1	0	10	171	49	0	2	1	0	7	192	103	0	12	1	2	0	166	115	30	150	233	100	0	70	164	127	233	192	170	35	0	76	199	240	221	112	11	0	0	3	88	84	16	0	2	2	0	0	0	0	0	3	1	0	
0	0	2	0	0	1	1	0	0	1	0	41	77	11	0	1	3	0	93	138	114	92	10	0	0	23	141	0	0	161	67	0	0	12	140	62	148	173	0	2	1	0	37	83	160	60	0	2	0	0	1	0	142	41	0	1	0	0	2	0	64	52	0	1	
0	0	1	3	0	1	2	0	0	0	0	0	24	12	0	0	1	0	15	127	158	196	60	0	0	1	174	141	141	236	44	0	1	0	105	114	203	87	0	3	0	2	0	119	110	0	3	0	2	0	105	173	0	2	0	0	0	4	123	18	0	1	0	0	
0	0	1	2	1	0	0	0	0	0	0	0	1	15	29	13	0	8	17	36	79	81	65	24	0	27	155	129	69	0	1	0	0	0	3	0	97	48	0	3	1	0	42	30	115	29	0	1	1	0	28	107	37	0	1	0	0	0	0	0	1	1	0	0	
0	0	1	2	0	0	0	0	0	0	0	0	67	53	0	1	1	0	4	116	145	192	26	0	3	0	68	180	146	178	4	0	0	2	0	99	219	21	0	1	1	0	22	155	38	0	2	0	0	5	179	68	0	3	0	0	0	24	73	0	3	0	0	0	
0	0	1	0	0	0	0	0	0	0	3	31	73	17	0	1	2	0	51	172	128	159	0	3	1	0	183	50	86	181	0	3	0	0	168	124	228	130	0	4	0	0	12	22	197	75	0	3	0	1	2	0	196	63	0	3	0	0	2	0	58	31	0	1	
0	0	0	2	0	2	0	0	0	0	2	0	101	19	114	17	0	3	0	123	133	85	139	0	2	0	109	141	41	168	9	0	0	64	236	96	223	195	101	4	0	24	161	255	139	42	14	0	3	0	104	120	0	1	0	0	0	1	5	0	3	2	0	0	
0	0	1	0	22	52	0	1	0	0	0	4	116	34	0	1	0	3	0	88	81	0	3	0	0	0	7	135	28	3	0	0	2	0	47	108	85	111	0	1	1	0	35	117	83	99	0	2	0	1	0	55	70	3	0	0	0	0	1	0	0	1	0	0	
0	0	0	2	1	0	0	0	0	0	1	0	34	141	32	4	0	2	0	54	187	194	114	0	0	1	0	160	67	125	68	5	0	2	0	155	161	45	0	5	0	0	113	223	33	0	13	7	0	89	247	88	0	4	0	0	0	18	27	0	1	0	0	0	
0	0	2	0	0	2	1	0	1	0	22	87	8	2	0	0	2	0	135	237	241	183	7	0	0	21	198	49	42	217	80	0	2	0	166	43	0	142	89	0	3	0	166	114	20	210	28	0	2	0	38	206	238	100	0	3	0	0	0	14	41	0	1	0	
0	0	1	1	0	1	1	0	0	1	0	19	7	0	52	24	1	0	25	156	3	22	163	15	0	0	147	67	0	158	81	0	0	100	219	110	177	204	7	0	0	33	11	87	225	17	0	1	0	1	0	26	30	0	1	0	0	1	1	0	1	1	0	0	
0	1	0	0	0	0	0	0	1	0	46	86	90	90	66	1	0	81	227	138	103	98	60	0	0	62	166	135	91	5	0	0	0	0	3	28	113	169	13	0	0	2	1	3	0	135	94	0	2	0	69	108	98	170	38	0	1	0	9	81	125	34	0	1	
0	0	0	0	1	0	1	0	0	0	0	4	0	113	120	0	0	0	3	0	62	248	49	0	0	2	0	25	223	112	0	3	1	0	0	186	164	0	4	0	0	0	183	230	7	0	1	0	0	42	192	63	0	1	0	0	0	0	0	0	0	0	0	0	
0	0	0	0	1	1	0	0	0	34	125	96	24	0	1	0	0	17	56	73	189	31	0	2	0	1	0	9	189	29	0	1	0	3	0	125	174	0	4	0	2	0	29	237	57	0	2	0	0	1	0	99	123	86	28	0	0	0	0	0	28	46	10	0	
0	0	0	2	3	0	0	0	0	0	2	1	0	85	42	0	0	3	0	24	169	222	177	0	2	0	62	213	87	118	167	0	0	60	207	66	118	179	13	0	0	203	171	175	128	7	0	1	0	78	106	30	0	3	1	0	0	0	0	0	3	1	0	0	
0	0	0	0	0	0	0	0	0	0	2	0	87	31	0	1	0	0	2	0	124	24	0	1	0	1	0	25	126	0	2	0	0	3	0	97	83	0	3	0	1	0	10	145	9	0	0	0	1	0	34	80	0	2	0	0	0	0	0	1	0	0	0	0	
0	0	0	3	0	25	14	0	0	0	4	0	46	182	24	0	0	3	0	53	188	69	0	1	3	0	65	238	160	146	201	16	0	34	208	243	139	163	140	1	0	118	182	218	193	84	0	1	0	27	129	63	0	0	2	0	0	0	0	0	2	3	0	0	
0	1	0	24	25	0	1	0	0	2	0	40	142	7	0	1	0	0	3	0	109	48	0	2	0	3	60	94	163	11	0	0	0	89	172	163	154	89	0	2	0	34	66	9	0	159	79	0	0	0	0	3	0	40	61	0	0	1	3	1	0	1	0	0	
0	0	0	2	1	28	3	0	0	0	4	0	71	201	1	0	0	2	0	54	208	51	0	2	2	0	29	240	177	154	135	0	3	0	143	255	200	253	168	0	0	135	255	249	209	118	3	0	0	86	69	47	12	0	1	0	0	0	0	0	1	4	1	0	
0	0	3	6	0	0	0	0	1	0	9	101	8	0	0	0	0	0	0	121	20	0	1	0	1	0	27	154	16	0	1	0	0	2	0	55	140	0	0	0	0	0	3	0	130	48	0	2	0	1	0	40	128	5	0	1	0	0	0	7	5	0	0	0	
0	0	0	2	1	0	0	0	0	0	3	0	44	144	46	0	0	3	0	47	178	190	186	0	2	0	66	125	13	25	164	0	0	49	112	1	0	111	84	0	0	159	21	30	139	98	0	1	0	148	179	142	58	0	2	0	0	4	24	2	0	2	0	0	
0	0	1	1	0	1	0	0	0	1	0	28	111	0	0	0	1	0	13	158	168	100	0	3	2	0	43	151	88	97	0	3	0	3	0	103	212	0	0	0	0	2	0	99	177	19	0	1	0	1	0	183	150	0	0	0	0	0	0	34	14	0	1	0	
0	0	0	0	1	0	0	0	0	0	1	0	18	87	0	1	0	0	3	0	111	126	0	3	0	0	0	8	173	22	0	1	0	3	0	102	117	0	3	0	0	0	4	154	22	0	1	0	3	0	69	120	0	3	0	0	1	0	15	11	0	0	0	0	
0	0	0	0	0	0	0	0	0	13	68	78	79	6	0	0	0	20	134	118	164	118	0	4	0	0	3	0	153	115	0	3	2	0	56	182	240	134	4	0	0	2	0	89	178	0	2	0	0	3	0	80	168	0	3	0	0	1	0	25	66	0	1	0	
0	0	0	0	4	1	0	0	0	1	0	106	196	157	0	0	2	0	96	118	23	178	8	0	0	0	6	0	81	118	0	3	0	0	93	213	255	100	0	4	0	107	204	156	96	204	16	0	0	107	148	16	0	138	95	0	0	0	0	1	3	0	0	0	
0	1	1	0	2	2	0	0	0	0	12	12	0	0	0	0	0	35	181	184	175	45	0	2	0	16	27	1	94	152	0	4	0	0	3	0	116	123	0	3	0	2	0	49	188	8	0	1	1	0	4	187	56	0	2	0	1	0	28	115	0	2	0	0	
0	0	0	0	0	0	0	0	0	0	3	104	153	108	2	0	2	0	51	156	122	176	3	0	0	0	8	100	226	85	0	3	2	0	54	121	122	145	0	4	0	18	34	0	106	115	0	3	0	88	248	198	147	7	0	1	0	4	46	49	4	0	0	0	
0	0	0	9	52	8	0	0	0	1	0	22	169	185	31	0	0	0	4	0	35	216	33	0	0	3	0	58	204	58	0	2	2	0	64	184	31	0	3	0	0	58	249	106	90	109	9	0	0	42	142	113	57	12	0	0	0	0	0	0	0	0	0	0	
0	0	0	2	1	1	0	0	0	0	2	2	0	37	54	0	0	2	0	77	48	128	39	0	2	0	55	115	80	119	0	3	0	0	173	174	185	25	0	1	0	5	0	114	102	0	3	0	0	0	6	124	9	0	0	0	0	0	8	20	0	1	0	0	
0	0	0	0	0	0	0	0	1	0	62	125	83	0	0	0	0	25	217	81	157	72	0	3	0	8	100	136	188	50	0	2	0	3	0	106	255	86	0	3	0	0	7	172	43	178	20	0	0	1	0	141	99	75	23	0	0	0	0	8	54	8	0	0	
0	0	0	2	1	0	0	0	0	0	2	0	8	46	57	14	0	1	0	45	151	143	88	11	2	0	69	229	160	2	0	1	1	0	49	8	116	83	0	3	0	13	42	33	125	38	0	2	0	36	179	123	40	0	1	0	0	0	0	0	1	1	0	0	
0	0	0	4	1	1	0	0	2	0	41	186	120	0	3	0	1	0	9	109	208	23	0	1	0	3	0	118	166	179	26	0	1	0	47	30	0	161	44	0	4	0	145	78	100	157	0	2	1	0	22	152	158	12	0	1	0	0	0	2	1	1	0	0	
0	0	1	0	14	89	3	0	0	0	1	0	164	109	0	2	0	2	0	141	114	0	3	0	3	0	79	161	56	122	13	0	3	0	162	185	125	224	51	0	3	0	178	225	136	145	7	0	1	0	23	83	71	8	0	1	0	0	0	0	0	1	1	0	
0	0	0	0	0	0	0	0	0	2	0	54	29	0	1	0	0	3	0	83	38	0	1	0	0	3	0	71	54	0	2	0	0	2	0	44	81	0	3	0	0	0	0	11	105	0	0	0	0	0	1	0	76	17	0	1	0	0	0	0	1	1	0	0	
0	3	4	4	2	0	0	0	0	0	0	0	0	11	8	0	2	87	115	133	168	227	103	0	10	136	140	93	49	204	45	0	0	0	2	0	132	126	0	3	0	6	0	114	157	0	1	0	3	0	89	177	2	1	1	0	2	0	131	54	0	2	0	0	
0	0	0	0	0	0	0	0	0	0	2	0	72	34	0	1	0	0	1	0	175	46	0	2	0	2	0	56	172	0	2	0	0	3	0	130	96	0	3	0	1	0	13	170	13	0	1	0	2	0	65	112	0	3	0	0	1	0	15	10	0	0	0	0	
0	0	2	1	0	0	0	0	0	1	0	12	75	127	79	0	2	0	55	159	119	211	168	0	4	0	150	143	91	128	0	0	1	0	16	245	179	0	2	1	2	0	133	180	146	0	4	0	0	8	216	191	66	0	2	0	0	0	33	28	0	0	0	0	
0	0	0	2	1	25	0	0	0	0	2	0	69	88	0	2	0	1	0	70	82	0	0	0	2	0	55	149	85	21	0	1	3	0	131	98	101	122	0	4	0	0	26	11	92	106	0	3	2	0	37	118	75	6	0	0	0	0	0	0	0	0	0	0	
0	0	1	2	0	0	0	0	0	0	0	0	24	15	0	0	1	0	8	118	154	215	23	0	4	0	136	110	96	170	0	0	3	0	73	173	223	36	0	2	0	2	0	69	171	0	3	0	0	3	0	157	95	0	3	0	0	0	8	124	9	0	0	0	
0	0	1	1	1	9	0	0	0	1	0	12	83	134	58	0	1	0	30	135	54	122	37	0	0	1	0	131	193	35	0	1	2	0	66	90	72	70	0	2	0	9	157	3	62	99	0	3	0	2	117	137	105	7	0	1	0	0	3	10	0	0	0	0	
0	0	2	2	0	0	1	0	0	2	0	10	103	109	18	0	1	0	13	180	255	218	171	0	0	28	234	185	78	117	203	0	0	170	168	16	0	161	157	0	0	214	64	0	116	198	20	0	0	93	172	145	127	15	0	1	0	0	10	9	0	2	1	0	
0	0	0	0	0	0	0	0	0	3	0	87	71	0	2	0	0	4	0	115	120	0	4	0	0	3	0	94	130	0	4	0	0	2	0	66	169	0	2	0	0	1	0	15	191	16	0	1	0	0	0	0	130	21	0	1	0	0	0	0	0	0	0	0	
0	0	0	0	0	0	0	0	0	1	0	8	144	61	0	2	0	2	0	46	255	82	0	4	0	4	0	126	249	16	0	1	0	2	0	188	199	0	1	0	1	0	6	242	122	0	4	0	1	0	16	223	55	0	2	0	0	0	0	29	4	0	0	0	
0	0	0	0	0	0	0	0	1	0	89	93	30	11	0	0	3	0	183	207	151	167	37	0	4	0	120	132	69	41	0	1	2	0	34	171	110	143	13	0	0	0	8	39	0	101	85	0	2	0	32	196	135	164	36	0	0	1	0	33	55	23	0	1	
0	0	0	0	6	1	0	0	1	0	56	157	178	182	20	0	1	0	113	94	1	228	82	0	0	0	1	0	20	232	50	0	0	27	120	126	208	180	0	1	0	195	241	229	238	188	7	0	0	117	210	109	0	86	29	0	0	0	0	0	1	0	0	0	
0	0	0	0	0	0	0	0	1	0	49	124	111	28	0	1	2	0	178	101	125	181	0	2	2	0	44	178	145	39	0	1	1	0	14	201	149	0	2	0	3	0	77	97	92	87	0	3	1	0	6	131	160	105	0	4	0	0	0	11	49	4	0	0	
0	0	0	0	0	0	0	0	0	1	88	123	133	72	0	1	0	0	102	72	90	228	11	0	0	2	0	66	233	123	0	3	3	0	117	215	162	115	0	2	0	76	125	36	120	223	5	0	0	31	164	208	197	60	0	2	0	0	0	0	0	0	0	0	
0	0	0	0	0	0	0	0	1	0	8	115	139	62	0	1	1	0	7	198	102	1	0	0	0	1	0	181	186	83	0	3	0	0	5	124	98	176	0	2	1	0	23	41	51	108	0	3	1	0	5	186	160	11	0	1	0	1	0	31	28	0	1	0	
0	0	3	2	0	0	0	0	0	0	0	0	13	12	0	0	0	16	158	173	189	219	20	0	0	5	79	34	111	229	7	0	0	2	0	45	238	63	0	2	0	1	0	194	147	0	3	0	3	0	96	209	0	1	0	0	3	0	91	106	0	3	0	0	
0	1	0	1	1	1	0	0	2	0	81	201	141	0	0	0	0	48	187	20	151	85	0	3	0	20	14	2	198	64	0	4	1	0	16	196	142	0	3	0	0	34	227	234	191	101	66	37	0	22	62	0	65	152	173	53	0	0	0	0	0	0	0	0	
0	0	0	2	2	0	3	0	3	0	83	186	165	68	0	2	4	0	140	155	5	210	80	0	0	0	2	99	174	231	84	0	0	2	0	124	255	129	0	4	4	0	141	221	135	151	0	4	3	0	111	202	151	30	0	1	0	0	0	3	1	0	0	0	
0	0	1	0	0	0	2	0	2	0	48	154	50	7	3	0	1	0	193	242	237	245	152	0	0	67	238	62	200	139	221	9	0	98	240	11	0	108	201	0	0	60	255	119	58	244	74	0	2	0	105	250	241	115	0	2	0	1	0	29	20	0	1	0	
0	0	2	2	0	0	0	0	0	0	0	3	70	46	0	1	1	0	29	154	186	182	0	2	4	0	107	167	130	176	0	2	1	0	11	75	235	91	0	3	0	2	0	63	203	3	0	1	1	0	10	213	83	0	3	0	1	0	29	86	0	1	0	0	
0	0	0	0	0	3	1	0	1	0	31	110	20	0	1	0	1	0	17	140	156	118	13	0	0	0	2	0	34	180	23	0	2	0	42	191	220	98	0	1	1	0	21	196	86	49	10	0	1	0	39	85	0	3	0	0	0	0	11	13	1	3	0	0	
0	0	2	3	0	0	1	0	0	2	0	7	172	109	0	1	2	0	34	183	198	217	104	0	0	35	203	84	0	21	181	4	0	164	86	0	10	155	171	0	0	184	62	97	202	153	12	0	0	64	182	144	39	0	2	0	0	0	0	0	0	3	1	0	
0	0	0	0	0	0	0	0	1	0	38	111	127	88	0	1	0	32	161	56	12	124	46	0	0	16	122	69	64	62	23	0	0	0	147	140	149	73	0	0	0	3	92	15	0	118	99	0	0	2	0	71	129	109	86	0	0	0	3	0	35	59	3	0	
0	0	0	1	1	0	0	0	0	0	2	0	77	66	0	2	0	0	0	0	208	87	0	3	0	3	0	89	218	0	0	0	0	3	0	176	134	0	3	0	2	0	30	215	23	0	1	0	4	0	95	156	0	3	0	0	1	0	16	18	0	1	0	0	
0	1	2	0	0	2	0	0	1	0	13	75	47	0	0	0	0	8	150	104	145	99	0	3	0	38	178	0	69	173	0	3	2	0	80	153	195	119	0	4	0	0	0	0	105	131	0	4	0	0	4	0	31	181	1	0	0	0	0	0	3	85	10	0	
0	0	0	1	46	25	0	1	0	2	0	137	188	157	37	0	0	1	1	31	0	145	104	0	0	0	3	0	72	229	26	0	0	2	150	238	252	72	0	3	0	75	255	189	177	88	0	3	0	30	89	0	35	92	0	1	0	0	0	2	2	0	0	0	
0	0	2	2	2	1	0	0	0	12	5	0	0	3	0	0	0	61	136	98	140	125	0	2	0	0	28	14	130	61	0	2	0	1	0	5	132	6	0	0	0	1	0	20	130	0	1	0	0	0	0	9	141	5	0	0	0	0	1	0	101	17	0	1	
0	0	3	6	8	0	0	0	3	0	82	189	155	110	0	1	0	0	4	24	168	192	0	1	1	0	30	213	255	100	0	4	0	0	10	33	34	205	11	0	0	120	84	64	196	184	0	0	0	60	210	221	138	11	0	1	0	0	0	0	0	1	1	0	
0	0	3	0	0	1	0	0	0	2	0	1	0	11	102	3	1	0	115	62	0	103	161	0	0	120	147	0	7	195	36	0	0	191	178	129	175	185	0	1	0	30	107	54	139	94	0	3	0	1	1	0	169	48	0	2	0	2	3	6	31	0	0	0	
0	0	2	2	0	2	0	0	0	1	1	0	1	0	40	10	2	0	52	89	0	71	179	6	0	19	208	58	0	178	38	0	0	99	188	113	188	146	0	4	0	8	0	112	200	26	0	1	0	1	0	114	29	0	1	0	0	0	0	0	2	2	0	0	
0	0	1	0	0	1	0	0	1	0	7	126	42	1	0	0	1	0	172	218	233	186	0	1	2	0	161	139	224	148	0	2	1	0	10	227	194	0	0	1	2	0	55	171	121	84	0	3	1	0	10	174	240	69	0	3	0	1	0	27	43	0	0	0	
0	3	4	1	0	0	0	0	0	0	0	0	8	15	4	0	0	127	170	176	177	208	163	0	0	88	81	41	13	209	107	0	0	0	1	0	177	163	0	2	0	4	0	177	182	0	2	1	1	0	168	177	0	2	1	0	0	10	157	23	0	2	0	0	
0	0	0	0	0	1	1	0	0	0	5	51	73	15	0	1	4	0	111	245	135	234	65	0	0	5	173	38	100	181	30	0	0	11	139	198	99	0	1	0	1	0	29	171	105	5	1	0	1	0	26	138	180	25	0	1	0	1	0	77	90	0	1	0	
0	0	0	1	0	1	4	1	0	1	0	17	138	51	0	2	0	1	0	160	159	192	94	25	1	0	28	190	157	193	129	30	2	0	41	255	105	0	2	0	3	0	160	162	117	0	6	1	1	0	173	215	113	0	3	0	1	0	28	48	0	0	0	0	
0	0	0	10	15	0	0	0	1	0	20	99	97	44	0	2	2	0	50	97	0	72	4	0	0	1	0	92	120	79	8	0	0	3	0	76	170	32	0	2	1	0	29	105	48	96	0	3	1	0	18	115	104	17	0	1	0	0	0	10	6	0	0	0	
0	0	3	1	0	0	2	0	0	0	0	1	19	18	0	0	2	0	96	206	200	213	97	0	0	58	218	60	61	222	158	0	0	44	199	171	232	234	23	0	1	0	13	71	241	77	0	3	0	3	0	175	160	0	4	0	1	0	20	156	24	0	1	0	
0	0	0	0	0	0	0	0	0	0	19	1	6	30	0	0	0	4	176	16	39	195	0	0	0	2	199	22	98	191	0	3	3	0	96	215	246	101	0	4	0	0	4	21	149	93	0	3	0	0	5	0	105	118	0	4	0	0	1	0	37	51	0	2	
0	0	1	0	11	85	6	0	0	0	0	0	127	82	0	1	0	3	0	109	100	0	2	0	1	0	26	125	13	28	0	1	3	0	87	143	145	191	7	0	3	0	73	242	160	115	0	0	0	0	0	54	56	1	0	0	0	0	1	0	0	2	0	0	
0	0	1	0	1	0	0	0	1	0	13	59	2	1	0	0	2	0	171	164	11	1	1	0	0	55	194	126	231	71	0	3	0	73	255	164	45	222	51	0	0	23	86	5	0	104	189	0	0	0	0	2	3	0	121	60	0	1	4	0	0	1	0	0	
0	0	0	2	1	1	0	0	0	0	1	0	17	5	0	0	0	2	0	64	202	114	0	3	2	0	43	126	86	155	0	2	3	0	62	164	183	22	0	1	0	2	0	66	112	0	3	0	0	2	0	116	39	0	1	0	1	0	19	90	0	1	0	0	
0	0	1	1	0	1	0	0	0	0	2	0	38	92	0	2	2	0	54	34	97	114	0	4	3	0	145	66	141	57	0	2	2	0	111	164	221	41	0	2	0	1	0	38	172	0	0	0	0	0	0	10	117	3	0	0	0	0	0	1	0	0	0	0	
0	0	0	4	81	8	0	0	0	3	0	98	133	0	2	0	1	0	31	131	0	1	0	0	3	0	116	123	142	193	60	0	1	0	190	166	68	165	67	0	0	0	200	144	145	98	0	1	1	0	39	93	41	0	2	0	0	0	0	0	0	2	0	0	
0	0	0	2	0	0	0	0	0	1	0	9	172	105	0	2	0	3	0	159	185	201	26	0	1	0	17	156	34	176	2	0	0	37	182	174	218	118	0	4	0	67	168	139	229	122	26	0	0	0	116	179	18	39	102	0	0	0	0	0	1	1	1	0	
0	0	0	0	1	0	0	0	0	0	2	0	48	36	0	1	0	0	2	0	162	54	0	2	0	1	0	42	162	0	1	0	0	4	0	118	104	0	3	0	1	0	12	169	20	0	1	0	3	0	74	105	0	3	0	0	0	0	13	9	0	0	0	0	
0	0	0	1	4	0	0	0	0	1	0	100	189	53	0	2	0	0	7	36	69	144	0	3	0	0	1	0	39	140	0	2	0	0	97	123	200	177	37	2	0	29	144	67	193	55	80	9	1	0	107	170	35	0	2	0	0	0	2	4	0	3	3	0	
0	0	0	3	1	1	0	0	0	0	2	0	16	11	0	0	0	0	0	99	179	150	0	1	1	0	119	113	88	177	0	0	0	3	163	136	199	22	0	1	0	1	0	105	108	0	4	0	0	1	0	138	27	0	1	0	1	0	22	103	0	1	0	0	
0	2	0	0	0	0	0	0	1	0	23	78	133	124	50	0	0	129	198	134	76	146	80	0	0	109	181	49	66	167	23	0	1	0	14	184	255	115	0	3	3	0	79	188	28	181	24	0	4	0	129	215	146	66	0	1	0	0	5	47	12	0	0	0	
0	0	0	3	0	0	0	0	0	0	2	0	41	44	0	1	0	1	0	114	225	177	0	3	3	0	115	144	131	138	0	3	3	0	146	193	193	11	0	1	0	1	0	104	129	0	3	0	0	2	0	148	56	0	2	0	0	0	4	76	6	0	0	0	
0	0	0	0	9	3	0	0	0	0	6	77	132	89	0	2	1	0	28	31	43	113	0	3	0	0	3	58	182	62	0	3	0	1	30	144	85	115	5	0	0	34	79	0	20	137	6	0	0	0	93	111	118	40	0	2	0	0	1	8	1	0	0	0	
0	0	1	2	0	0	0	0	0	0	2	0	48	54	0	1	1	0	11	155	199	178	0	1	2	0	139	109	88	131	0	3	1	0	139	146	217	46	0	2	0	2	0	75	147	0	2	0	0	0	0	161	40	0	1	0	1	0	15	64	0	1	0	0	
0	1	2	0	2	1	0	0	0	0	0	65	19	75	19	0	0	0	174	178	75	135	0	1	0	12	113	101	242	102	0	4	0	3	0	85	124	118	0	2	0	0	10	128	90	104	0	3	0	0	4	160	151	13	0	1	0	1	0	33	23	0	1	0	
0	0	1	0	0	1	0	0	0	0	2	9	0	14	63	0	2	0	65	122	0	95	117	0	1	0	157	50	0	158	22	0	0	31	233	196	214	191	1	0	0	7	39	102	193	8	0	1	0	3	0	101	84	0	3	0	0	1	0	31	7	0	0	0	
0	0	0	0	0	1	0	0	2	0	56	145	60	0	1	0	1	0	30	73	188	83	0	3	0	1	0	17	198	53	0	2	0	0	0	0	175	38	0	2	1	0	7	74	178	27	0	1	2	0	38	236	54	0	2	0	0	0	8	23	0	1	0	0	
0	0	1	1	0	1	3	0	0	1	1	18	0	42	100	0	2	0	43	135	0	141	54	0	0	0	140	24	48	141	0	3	0	42	220	156	216	97	0	3	0	5	33	123	142	0	3	0	0	2	0	95	42	0	1	0	0	0	2	4	1	0	0	0	
0	0	6	58	2	0	0	0	3	0	77	130	0	4	1	0	4	0	102	112	0	17	0	0	4	0	94	165	136	158	22	0	3	0	59	255	41	105	99	0	1	0	2	176	146	167	86	0	0	0	0	7	74	72	2	0	0	0	1	1	0	0	0	0	
0	0	0	0	0	0	0	0	1	0	13	170	190	141	14	0	2	0	37	117	84	221	41	0	0	4	0	97	255	185	0	1	0	1	0	46	62	175	0	0	0	129	108	35	125	150	0	2	0	117	226	200	159	24	0	1	0	0	0	0	0	1	0	0	
0	0	1	0	1	1	0	0	2	0	54	44	0	37	33	0	4	0	129	79	0	168	26	0	0	0	178	15	95	164	7	0	0	0	181	196	217	161	16	0	0	0	4	50	193	26	0	1	0	0	0	1	146	18	0	1	0	0	0	4	21	0	0	0	
0	1	2	0	0	0	1	0	0	0	1	50	78	71	5	0	0	7	145	173	147	222	166	0	0	44	242	61	0	190	142	0	1	0	66	232	255	109	0	2	3	0	87	129	118	78	0	3	4	0	159	191	174	70	0	3	1	0	15	116	88	0	0	0	
0	0	0	0	0	0	0	0	0	1	0	48	122	131	23	0	0	1	0	30	77	215	26	0	0	0	0	59	182	52	0	2	1	0	9	87	189	45	0	2	0	0	6	79	164	19	0	1	0	101	151	117	21	0	1	0	0	38	12	0	2	1	0	0	
0	0	0	1	1	0	0	0	0	0	2	0	75	107	0	2	0	0	0	4	195	56	0	2	0	3	0	111	157	0	3	1	1	0	12	197	38	0	10	0	4	0	133	145	0	0	143	33	0	2	153	32	0	0	35	16	0	1	2	1	0	0	0	0	
0	0	2	0	2	0	0	0	0	1	0	104	142	80	0	2	3	0	119	136	0	164	28	0	0	46	173	3	0	118	82	0	0	108	79	0	0	126	98	0	0	83	91	0	43	180	19	0	0	2	95	126	126	37	0	1	0	0	0	12	2	1	1	0	
0	0	0	0	0	1	0	0	0	0	6	73	0	27	37	0	2	0	58	143	0	122	84	0	3	0	153	114	35	158	6	0	0	0	159	146	206	153	0	3	0	0	2	0	140	39	0	1	0	1	0	40	156	0	1	0	0	0	0	11	22	0	0	0	
0	1	1	0	0	1	0	0	1	0	34	51	34	3	0	0	0	58	149	83	123	122	0	2	0	18	18	0	88	159	0	3	0	1	0	32	201	33	0	2	0	4	0	110	103	0	3	0	0	3	0	140	152	28	0	1	0	1	0	21	101	37	0	1	
0	0	0	0	0	0	0	0	0	0	2	0	75	110	0	3	0	0	3	0	158	89	0	3	0	1	0	27	188	11	0	1	0	4	0	117	152	0	3	0	0	1	0	184	63	0	2	0	1	0	12	151	11	0	1	0	0	0	0	0	1	0	0	0	
0	0	3	0	0	0	0	0	0	1	1	51	130	104	2	0	1	0	133	241	231	253	66	0	0	82	184	23	31	135	126	0	0	149	95	0	2	3	149	13	0	132	131	0	0	84	157	0	0	19	183	160	169	164	39	0	0	0	7	50	57	3	0	0	
0	0	0	2	48	22	0	1	0	3	0	82	242	169	5	0	0	2	0	15	0	140	65	0	1	0	16	63	17	172	42	0	0	49	187	202	255	164	0	3	0	132	217	207	183	199	36	0	0	52	154	78	0	73	59	0	0	0	0	0	2	1	0	0	
0	0	1	0	1	1	0	0	0	1	0	51	35	0	1	0	2	0	57	173	151	18	0	1	3	0	98	113	131	55	0	2	1	0	8	171	200	0	0	0	0	1	0	21	169	1	0	0	0	0	1	0	168	31	0	1	0	0	1	0	65	27	0	1	
0	0	1	3	1	1	0	0	0	0	1	0	0	0	5	7	1	0	22	147	154	150	183	130	3	0	184	201	21	28	27	15	0	1	45	65	104	0	1	0	0	16	132	93	136	0	3	1	0	0	164	254	62	0	3	0	0	0	2	9	0	0	0	0	
0	0	0	0	0	2	0	0	0	0	11	57	0	1	0	0	2	0	52	160	0	83	11	0	3	0	84	120	20	160	17	0	4	0	164	211	134	158	1	0	1	0	55	26	0	118	23	0	0	0	0	3	0	96	57	0	0	0	2	2	0	6	8	0	
0	0	1	1	0	0	1	0	0	1	0	24	163	190	18	0	1	0	11	225	195	162	116	0	4	0	124	218	0	62	144	0	0	19	202	35	0	171	133	0	0	68	170	64	204	192	16	0	0	27	196	198	91	0	1	0	0	0	0	0	0	2	1	0	
0	0	1	0	0	0	0	0	1	0	38	89	76	104	68	0	2	0	148	139	98	78	28	0	0	47	160	0	2	0	0	0	0	33	177	117	102	60	4	0	1	0	21	64	76	193	112	0	0	2	0	33	112	137	29	0	0	1	0	22	56	3	0	0	
0	0	2	3	0	2	0	0	0	0	1	0	12	6	0	0	2	0	44	174	222	139	0	1	0	19	202	116	89	221	27	0	0	20	168	136	203	168	0	3	1	0	17	19	179	60	0	2	0	4	0	92	169	0	3	0	0	3	0	110	54	0	2	0	
0	0	1	1	0	0	0	0	0	1	0	44	67	1	0	0	2	0	49	122	118	109	0	3	2	0	115	13	63	118	0	3	2	0	101	110	188	71	0	3	1	0	16	44	95	45	0	2	0	0	4	0	117	58	0	2	0	0	2	0	54	23	0	1	
0	0	0	0	0	0	0	0	1	0	15	5	9	28	0	1	3	0	147	58	35	163	0	2	4	0	148	52	86	139	0	3	2	0	57	114	205	150	0	1	0	3	0	107	187	3	0	1	0	3	0	138	69	0	2	0	0	1	0	45	12	0	0	0	
0	0	0	0	0	3	0	0	3	0	61	168	39	0	1	0	4	0	146	228	241	122	0	2	2	0	185	49	69	255	77	0	0	0	205	56	0	186	144	0	2	0	157	188	66	205	65	0	1	0	11	169	199	83	0	2	0	0	1	0	0	0	1	0	
0	0	2	1	0	2	1	0	0	1	0	31	86	21	0	1	3	0	74	239	143	129	30	0	0	0	194	71	46	156	72	0	2	0	95	157	255	99	0	4	0	0	0	41	211	29	0	1	0	3	0	89	175	0	2	0	0	1	0	38	49	0	1	0	
0	0	0	0	0	0	0	0	1	0	23	69	104	66	0	1	2	0	141	109	59	82	0	1	0	40	192	102	105	83	6	0	1	21	9	0	6	78	120	0	1	115	98	67	54	98	129	0	0	19	67	105	106	68	5	0	0	0	0	0	0	0	1	0	
0	0	2	0	0	0	2	0	0	2	0	73	144	83	0	1	3	0	126	255	235	191	100	0	0	70	255	153	23	21	211	33	0	158	174	0	0	118	254	38	0	69	203	164	216	255	126	0	1	0	69	147	140	58	0	0	0	1	0	0	0	0	2	0	
0	1	0	24	19	0	1	0	0	2	0	96	33	0	1	0	0	0	5	135	7	0	1	0	1	0	26	126	4	22	0	1	1	0	14	139	108	152	25	0	0	3	0	149	168	125	17	0	0	0	0	7	67	22	0	1	0	0	0	1	0	1	1	0	
0	1	4	3	1	0	0	0	0	0	0	0	0	7	1	0	0	15	137	164	154	222	61	0	0	47	165	45	69	228	27	0	0	0	1	0	190	111	0	3	0	4	0	92	197	0	1	0	1	0	3	194	64	0	2	0	2	0	41	128	0	2	0	0	
0	0	0	0	0	0	0	0	0	1	0	16	41	0	1	0	0	3	0	69	182	0	2	0	0	3	0	71	158	0	3	0	0	3	0	71	135	0	3	0	0	2	0	69	95	0	3	0	0	2	0	67	77	0	3	0	0	1	0	18	26	0	1	0	
0	0	1	0	0	0	0	0	0	0	14	50	0	25	90	0	3	0	99	193	0	87	174	0	1	0	191	83	0	172	108	0	0	49	246	152	179	246	48	0	0	36	176	131	213	170	0	2	0	1	0	8	211	49	0	2	0	1	3	6	30	2	0	0	
0	0	1	1	0	0	0	0	0	1	0	14	53	1	0	0	1	0	10	97	211	39	0	2	2	0	96	55	183	39	0	2	2	0	96	133	143	10	0	1	0	0	0	24	100	0	2	0	0	3	0	79	74	0	3	0	0	1	0	51	17	0	0	0	
0	0	2	1	0	0	0	0	0	0	1	0	31	132	0	1	3	0	97	33	86	149	0	4	1	0	159	12	135	69	0	3	1	0	141	92	214	53	0	2	1	0	17	178	173	0	1	1	0	3	0	97	80	0	3	0	0	0	2	2	1	1	0	0	
0	0	0	0	0	0	0	0	0	1	0	19	68	0	2	0	0	1	0	24	121	0	2	0	0	1	0	26	113	0	2	0	0	1	0	40	126	0	3	0	0	2	0	63	109	0	3	0	0	2	0	62	71	0	2	0	0	0	0	0	0	0	0	0	
0	0	0	0	0	0	0	0	0	0	1	0	155	57	0	2	0	1	0	2	221	73	0	3	0	2	0	37	242	44	0	2	0	4	0	127	214	0	0	1	0	1	0	211	150	0	3	0	0	0	0	154	53	0	2	0	0	0	0	0	0	0	0	0	
0	0	2	0	0	0	0	0	2	0	30	148	96	0	1	0	0	2	128	98	124	58	0	2	0	21	143	3	84	60	0	2	1	0	19	125	177	1	0	0	0	3	0	76	138	76	0	3	0	2	0	65	134	85	0	3	0	0	0	3	50	7	0	0	
0	1	2	0	0	0	1	0	0	0	0	53	91	44	0	1	0	4	169	226	197	255	94	0	0	9	195	42	157	208	35	0	3	0	61	255	200	4	0	1	3	0	152	155	90	43	0	1	4	0	134	174	199	79	0	3	1	0	13	117	71	0	1	0	
0	0	0	4	5	0	0	0	2	0	67	157	185	76	0	3	2	0	140	134	182	76	0	3	2	0	70	162	213	31	0	1	0	0	2	0	55	187	19	0	0	105	73	37	0	174	69	0	0	106	141	129	166	116	0	0	0	0	0	0	4	0	0	0	
0	1	4	4	1	0	1	0	0	0	0	0	2	8	0	0	0	18	130	171	180	214	39	0	0	46	193	79	62	230	33	0	0	0	3	0	158	144	0	3	0	4	0	84	219	11	0	1	1	0	8	214	76	0	3	0	2	0	61	155	0	2	0	0	
0	0	2	2	0	1	1	0	0	1	1	0	25	17	0	0	2	0	49	131	119	127	19	0	0	30	116	19	11	160	53	0	0	70	173	133	168	152	0	2	0	0	54	38	78	69	0	3	0	0	3	0	119	47	0	2	0	0	4	0	96	29	0	1	
0	0	1	2	35	5	0	0	0	3	0	88	210	24	0	1	2	0	38	220	30	0	2	0	3	0	169	100	90	142	8	0	0	21	202	169	153	163	124	0	0	3	222	195	86	195	68	0	1	0	37	134	131	35	0	1	0	0	1	0	0	1	2	0	
0	0	2	2	2	1	0	0	0	0	0	0	0	7	3	0	2	0	43	168	125	187	21	0	0	0	179	68	63	190	0	0	0	28	165	0	108	103	0	3	0	3	7	0	165	31	0	1	0	1	0	23	189	7	0	1	0	1	0	23	121	0	0	0	
0	0	2	0	0	0	1	0	0	2	0	43	92	67	0	1	2	0	139	255	251	255	81	0	0	83	251	143	36	96	208	0	0	208	99	0	0	115	221	0	0	192	102	71	182	238	59	0	0	38	162	218	175	31	0	1	0	0	0	0	0	1	2	0	
0	0	0	0	1	0	0	0	1	0	24	142	185	57	0	2	4	0	132	146	69	130	0	4	1	0	26	15	84	108	0	4	0	1	0	41	226	101	0	1	2	0	130	255	148	139	69	0	0	6	197	141	0	1	0	0	0	0	0	0	3	3	0	0	
0	0	1	0	0	0	0	0	0	1	0	30	128	111	0	0	3	0	81	224	224	255	68	0	3	0	68	196	226	124	4	0	3	0	62	241	163	16	0	1	2	0	195	95	83	124	0	4	2	0	146	191	215	59	0	2	1	0	16	62	16	0	1	0	
0	0	0	3	0	0	0	0	0	15	136	167	107	2	0	0	0	6	27	0	184	56	0	2	0	2	0	92	151	0	2	1	2	0	40	153	8	0	1	0	3	0	150	75	2	40	67	16	2	0	73	172	149	151	97	7	0	0	0	3	1	0	0	0	
0	0	0	1	2	0	0	0	0	0	2	0	62	152	0	1	0	0	3	0	176	167	0	3	0	3	0	85	249	40	0	2	1	0	0	208	133	0	4	0	3	0	143	227	7	0	1	0	1	0	160	113	0	2	0	0	0	0	0	0	0	0	0	0	
0	0	0	0	0	0	0	0	1	0	26	116	54	0	2	0	0	0	3	31	166	10	0	1	0	3	0	105	134	0	2	0	0	3	0	88	110	0	1	0	0	1	0	6	180	29	0	1	0	0	0	156	108	0	1	0	0	0	2	35	1	0	0	0	
0	0	1	0	0	0	2	0	0	1	0	47	131	93	0	1	3	0	96	234	211	255	123	0	4	0	130	154	191	174	56	0	3	0	60	255	159	0	3	0	4	0	166	135	94	47	0	1	2	0	85	178	202	64	0	3	0	1	0	37	45	0	1	0	
0	0	0	0	0	1	0	0	0	22	72	108	92	7	0	1	0	78	164	38	81	143	0	3	0	0	1	0	183	136	0	3	0	3	0	124	169	0	0	1	3	0	66	219	104	137	131	17	2	0	36	109	107	94	26	3	0	0	0	0	0	0	0	0	
0	0	0	0	0	1	0	0	0	0	0	8	53	22	0	1	0	5	0	112	215	143	13	0	0	0	1	13	45	181	13	0	0	45	215	225	235	215	137	38	0	56	255	194	51	23	88	38	0	1	20	3	0	0	0	0	0	1	0	2	3	1	3	1	
0	0	2	1	0	3	0	0	0	1	0	13	120	177	56	0	2	0	31	243	148	32	176	6	0	4	200	142	64	0	117	12	0	119	150	0	0	48	163	0	0	134	164	24	74	179	67	0	0	9	152	195	148	32	0	1	0	1	0	1	0	1	2	0	
0	0	0	0	8	16	0	0	0	0	3	0	143	144	0	4	0	3	0	73	221	22	0	1	1	0	6	214	240	102	0	1	4	0	112	205	38	188	24	0	4	0	140	146	170	135	0	1	1	0	20	142	80	0	1	0	0	0	0	0	0	2	0	0	
0	0	1	1	0	2	1	0	0	1	0	12	147	197	53	0	0	1	0	183	171	28	10	0	3	0	67	245	64	0	3	0	1	0	198	94	158	59	0	2	0	0	210	64	156	122	0	4	2	0	50	173	167	20	0	1	0	0	0	0	0	0	0	0	
1	0	10	51	28	0	0	0	1	0	15	210	236	133	0	1	0	1	0	16	15	202	65	0	1	1	1	0	128	240	37	0	1	0	74	204	255	148	0	2	8	193	255	249	224	245	71	0	2	126	86	14	12	26	14	0	0	0	0	0	0	0	0	0	
0	0	0	3	1	0	0	0	0	0	98	181	163	48	0	2	0	41	171	0	72	176	0	3	0	8	55	72	171	217	19	0	1	0	21	151	51	128	136	0	0	47	11	7	75	178	45	0	0	114	157	144	126	27	0	1	0	1	9	0	0	1	2	0	
0	0	2	2	0	0	0	0	0	2	0	11	129	170	50	0	1	0	21	210	235	189	166	0	0	4	197	208	0	30	151	0	0	107	131	0	16	197	97	0	0	152	68	90	236	133	0	2	0	85	255	216	75	0	3	0	0	2	37	6	0	3	0	0	
0	0	1	1	0	0	0	0	0	1	0	13	121	56	0	1	0	1	0	171	247	234	51	0	3	0	98	209	131	194	19	0	3	0	86	235	229	157	0	4	3	0	75	168	188	105	0	3	4	0	147	234	124	0	1	0	1	0	19	41	0	1	0	0	
0	0	2	3	0	1	0	0	0	0	1	0	9	6	0	0	2	0	45	156	196	185	1	0	0	0	199	171	187	204	0	0	0	0	134	136	167	108	0	4	0	1	0	12	169	20	0	1	0	4	0	127	114	0	3	0	0	1	0	98	21	0	1	0	
