500	64	10
0	0	0	4	22	0	0	0	0	2	0	147	181	0	3	0	1	0	17	229	64	0	2	0	4	0	91	201	8	100	17	0	4	0	101	212	188	255	58	0	2	0	48	247	255	154	0	1	0	0	0	74	102	11	0	1	0	0	1	0	0	2	1	0	
0	0	2	0	1	2	0	0	0	0	0	22	21	0	0	0	3	0	86	189	186	70	0	2	3	0	176	116	170	180	0	3	2	0	46	148	229	108	0	4	0	1	0	14	202	35	0	2	0	1	0	168	140	0	3	0	1	0	9	143	18	0	1	0	
0	0	1	1	0	0	0	0	1	0	139	196	68	0	2	0	0	2	7	71	225	17	0	1	0	1	0	142	221	6	0	1	0	2	0	101	236	67	0	3	0	0	0	111	255	154	0	4	0	0	0	137	211	55	0	2	0	0	0	0	0	0	0	0	
0	0	0	0	0	0	0	0	0	2	0	95	227	169	11	0	0	0	0	215	136	153	139	0	3	0	82	215	0	82	157	0	1	0	196	99	0	167	137	0	0	20	238	119	176	169	9	0	0	2	173	189	84	2	0	0	0	0	0	0	0	2	1	0	
0	0	0	0	0	0	0	0	0	0	0	4	101	5	0	0	0	1	0	25	168	3	0	0	0	3	0	86	185	0	2	0	0	4	0	121	154	0	4	0	0	4	0	125	159	0	4	0	0	2	0	60	144	0	2	0	0	0	0	0	1	0	0	0	
0	0	2	1	0	1	0	0	0	2	0	35	28	0	89	6	2	0	37	202	27	81	181	0	0	44	255	138	18	225	63	0	0	21	115	193	255	158	0	2	0	3	0	148	191	0	2	0	2	0	55	228	30	0	2	0	1	0	17	31	0	1	0	0	
1	0	23	58	20	0	1	0	1	0	29	85	139	68	0	2	0	0	1	0	33	166	0	1	0	1	7	0	79	128	0	3	0	2	0	67	142	12	0	1	0	28	171	202	61	4	0	0	0	38	118	111	129	36	0	2	0	0	0	0	0	0	0	0	
0	0	0	1	0	0	0	0	0	6	1	5	41	62	0	0	0	5	0	168	219	212	70	0	2	0	31	215	50	186	49	0	0	0	4	0	182	140	0	3	1	0	0	170	187	0	1	0	2	0	173	190	4	0	1	0	0	0	87	15	0	1	0	0	
0	0	0	0	0	0	0	0	0	69	59	0	0	47	15	0	0	154	109	0	0	146	23	0	0	138	119	0	25	190	151	12	0	99	255	222	238	242	121	2	0	14	83	74	64	154	0	1	0	0	0	0	6	107	5	0	0	1	4	3	2	0	0	0	
0	0	2	1	0	1	0	0	0	0	0	7	0	22	27	0	2	0	52	125	0	169	63	0	3	0	186	153	99	168	0	2	1	0	27	146	249	52	0	2	0	3	0	157	104	0	3	0	3	0	87	189	0	2	0	0	2	0	59	50	0	2	0	0	
0	0	0	0	0	0	0	0	0	1	108	161	41	0	2	0	0	11	137	197	148	0	4	0	1	0	5	218	132	0	2	0	0	0	9	110	130	146	4	0	0	0	2	0	63	217	9	0	1	0	6	157	223	77	0	2	0	0	0	29	20	0	0	0	
0	0	0	5	8	0	0	0	0	1	0	114	185	109	0	2	0	0	2	0	49	185	0	1	0	0	5	109	192	80	0	2	1	0	7	111	203	30	0	2	0	75	137	11	199	41	0	2	0	31	166	199	78	0	2	0	0	0	0	1	0	0	0	0	
0	0	0	0	0	0	0	0	0	29	105	126	43	0	1	0	0	77	111	38	130	22	0	1	0	1	0	39	133	2	0	0	0	4	0	91	166	12	0	1	0	0	1	3	33	109	0	1	0	2	0	70	129	150	2	0	0	0	0	3	59	30	0	1	
0	0	0	42	36	0	1	0	2	0	47	201	223	139	0	0	0	0	9	6	29	223	39	0	0	0	1	0	24	211	22	0	1	0	89	163	208	255	122	0	0	52	255	255	185	67	34	0	0	16	137	109	3	0	0	0	0	0	0	0	2	4	1	0	
0	0	1	0	0	0	1	0	1	0	4	140	208	96	0	3	3	0	102	133	49	211	37	0	1	0	163	37	0	128	100	0	0	22	164	0	0	182	63	0	0	19	174	33	160	154	0	3	2	0	98	213	144	5	0	1	0	0	0	0	0	1	0	0	
0	0	1	0	1	2	0	0	0	0	6	81	40	0	1	0	3	0	141	178	193	107	0	2	2	0	182	102	175	171	0	3	1	0	27	131	245	66	0	3	0	2	0	38	201	12	0	1	0	3	0	97	224	4	0	1	0	2	0	47	95	0	0	0	
0	0	0	15	8	0	1	0	0	0	4	107	16	0	1	0	3	0	70	70	0	39	9	0	1	0	123	9	32	111	0	2	2	0	93	96	159	129	59	3	0	2	0	121	152	42	17	0	0	0	0	77	14	0	1	0	0	0	0	0	2	2	0	0	
0	0	0	0	1	0	1	0	1	0	19	133	219	115	0	2	3	0	112	150	55	221	38	0	0	2	1	0	0	201	56	0	1	0	62	60	137	232	21	0	0	88	255	254	241	221	122	0	0	142	161	57	17	8	5	0	0	0	0	0	0	0	0	0	
0	0	1	2	2	0	0	0	0	0	1	1	1	0	0	0	0	6	131	115	25	0	3	1	0	14	40	29	166	0	0	0	0	1	0	136	177	39	63	40	0	0	6	159	119	79	53	22	0	0	0	0	0	0	0	0	0	0	0	3	3	3	2	1	
0	0	2	0	0	0	0	0	0	1	0	86	151	160	62	0	3	0	108	255	239	209	199	0	0	6	227	130	0	83	234	12	0	107	232	12	0	158	166	0	0	152	212	5	110	245	54	0	0	31	219	246	220	70	0	2	1	0	19	51	11	0	2	0	
0	0	0	0	3	1	0	0	0	0	17	12	0	1	0	0	0	76	243	194	157	16	0	1	0	59	148	0	162	84	0	3	0	1	8	0	113	101	0	4	0	1	1	120	228	158	0	3	0	0	2	22	115	152	0	3	0	0	1	0	26	105	0	1	
0	0	0	0	0	0	0	0	0	0	71	152	129	5	0	1	0	0	127	79	196	80	0	3	1	0	25	140	230	51	0	2	1	0	38	113	184	125	0	4	0	0	9	0	115	183	0	3	3	0	79	238	199	59	0	2	1	0	12	47	9	0	0	0	
0	0	0	0	0	1	0	0	0	2	0	36	192	52	0	2	0	3	0	140	139	137	0	3	1	0	24	173	1	151	23	0	3	0	82	142	0	152	7	0	4	0	126	123	141	110	0	4	3	0	56	205	127	0	1	0	0	0	0	2	0	1	0	0	
0	0	2	0	0	1	0	0	0	0	6	54	4	5	75	3	2	0	115	155	0	103	164	0	0	53	255	174	126	217	47	0	0	42	115	80	223	130	0	3	0	3	0	83	196	4	0	1	0	0	3	217	85	0	3	0	0	0	2	33	4	0	0	0	
0	0	1	3	0	2	1	0	0	1	2	0	2	0	10	4	1	0	13	100	0	30	187	24	0	22	205	187	37	228	99	0	0	119	255	222	255	118	0	2	0	15	10	155	189	0	3	0	0	0	0	9	8	1	0	0	0	1	2	0	1	0	0	0	
0	0	1	3	0	0	0	0	1	5	0	0	10	46	51	0	2	2	21	155	170	175	129	0	2	0	35	237	190	25	0	2	0	104	95	0	141	179	0	3	0	54	193	205	205	82	0	3	0	0	2	37	23	0	1	0	0	2	2	0	1	2	0	0	
0	0	2	0	0	1	1	0	0	2	0	131	159	29	0	1	3	0	103	130	49	149	19	0	0	34	143	0	0	70	98	0	0	67	118	0	0	22	112	0	0	39	150	8	0	102	90	0	2	0	73	158	131	104	6	0	0	1	0	8	6	0	1	0	
0	0	0	0	0	1	1	0	1	0	8	78	155	74	0	2	3	0	66	255	250	218	27	0	2	0	54	234	18	155	132	0	3	0	170	134	0	211	53	0	0	0	216	65	149	145	0	3	3	0	120	239	201	19	0	1	0	0	5	52	18	0	1	0	
0	0	2	0	0	0	0	0	0	0	0	77	117	94	4	0	1	0	103	209	66	147	139	0	0	0	187	178	103	159	101	0	1	0	0	162	230	167	0	1	3	0	101	149	39	192	19	0	0	9	210	156	141	75	0	2	0	2	24	38	10	0	0	0	
0	0	2	0	0	0	0	0	0	3	0	69	146	62	13	0	3	0	113	255	253	255	186	0	0	64	231	216	255	152	186	3	0	185	142	19	29	147	155	0	0	180	167	18	127	220	22	0	0	42	205	226	182	36	0	2	0	0	4	13	0	2	1	0	
0	0	0	0	0	1	0	0	0	69	105	140	103	4	0	1	10	128	86	94	205	147	0	3	0	0	2	0	45	206	2	0	0	3	4	0	113	179	0	2	1	0	38	130	239	76	0	3	2	0	176	241	189	45	0	2	1	0	27	17	0	1	0	0	
0	0	0	0	0	1	0	0	1	0	7	126	178	196	41	0	0	0	1	54	38	208	108	0	3	0	79	199	217	191	15	0	2	0	43	99	162	168	0	3	9	102	62	12	153	193	0	1	13	167	201	213	186	28	0	2	0	0	0	0	0	1	0	0	
0	1	0	26	19	0	1	0	1	0	9	159	140	0	1	0	3	0	105	67	119	53	0	2	1	0	63	0	99	70	0	3	0	0	0	35	154	19	0	1	3	0	56	246	193	20	3	0	2	0	79	117	49	113	42	0	0	0	0	0	0	0	0	0	
0	0	0	0	0	0	0	0	1	0	40	155	195	163	18	0	2	0	139	173	31	209	105	0	0	1	1	0	37	230	65	0	0	3	106	202	255	229	14	0	0	170	254	245	228	231	115	0	0	98	214	150	18	21	22	0	0	0	0	0	0	0	0	0	
0	12	10	10	18	4	0	0	20	78	33	29	57	104	19	0	1	1	0	7	52	135	18	0	2	0	41	174	111	4	0	1	0	0	0	13	93	76	0	2	21	61	10	0	4	128	7	0	4	72	99	100	117	90	0	1	0	0	0	10	15	1	0	0	
0	0	0	0	0	0	0	0	0	2	0	71	110	25	1	0	0	2	0	182	255	239	26	0	0	4	0	135	255	192	0	0	1	0	20	169	255	54	0	3	0	10	198	130	219	33	0	2	0	5	175	203	164	2	0	1	1	0	14	44	3	0	0	0	
0	0	2	0	7	6	0	0	0	1	2	0	112	175	2	0	1	0	6	182	255	243	125	0	1	0	180	215	38	27	187	11	0	67	231	18	6	175	157	0	0	102	239	183	244	157	6	0	0	7	139	144	37	0	1	0	0	0	0	0	0	3	1	0	
0	0	0	0	0	0	0	0	2	0	91	155	151	68	0	1	1	0	57	73	122	242	16	0	0	0	2	166	227	177	2	0	0	1	0	25	228	126	0	4	0	6	16	5	219	126	0	4	0	10	192	244	193	7	0	1	1	0	32	50	4	0	0	0	
0	1	0	34	12	0	1	0	2	0	106	139	0	0	2	1	0	38	194	2	11	27	1	0	0	91	134	70	164	147	137	14	0	24	240	191	18	0	149	90	2	0	87	189	168	150	117	8	0	1	0	2	11	11	0	0	0	0	3	1	0	0	3	1	
0	0	2	0	0	0	0	0	0	1	0	43	144	67	0	2	2	0	138	224	155	162	0	3	0	0	121	94	185	99	0	3	2	0	26	207	202	118	0	3	3	0	91	119	32	192	0	1	1	0	19	172	233	127	0	3	0	1	0	14	52	3	0	0	
0	0	0	2	1	0	0	0	0	0	3	0	18	61	0	1	0	1	0	30	177	93	0	4	0	2	71	116	117	50	0	2	0	87	222	109	159	118	5	0	0	1	7	51	172	34	0	1	0	1	0	35	133	0	2	0	0	0	0	11	18	0	0	0	
0	12	27	0	4	2	2	0	0	9	19	0	1	0	0	0	1	0	30	178	173	188	38	0	0	2	190	255	152	143	150	0	0	44	210	47	18	209	80	0	0	33	179	134	214	118	0	2	1	0	47	96	28	0	2	0	0	1	0	0	0	3	0	0	
0	0	0	2	9	0	0	0	1	0	27	119	161	75	0	3	1	0	35	30	136	72	0	3	1	0	19	178	99	0	2	0	1	0	33	126	129	58	0	2	0	1	2	0	65	173	0	1	0	52	124	135	139	53	0	2	0	3	15	10	0	0	0	0	
0	0	0	0	1	0	0	0	0	0	1	0	30	74	0	2	0	0	3	0	116	121	0	4	0	1	0	9	186	27	0	1	0	3	0	81	164	0	3	0	0	3	0	156	72	0	2	0	1	0	26	156	0	0	0	0	0	0	7	21	0	0	0	0	
0	0	0	1	4	1	0	0	0	24	26	0	1	1	0	0	0	126	114	0	110	20	0	1	11	220	208	162	255	128	0	3	10	86	65	0	82	212	0	0	0	0	1	0	8	225	67	0	0	3	3	2	0	187	143	0	0	0	0	0	0	18	22	0	
0	0	0	2	0	6	1	0	0	0	0	3	93	165	103	0	0	2	0	128	111	0	176	46	3	0	75	161	0	9	165	25	0	0	194	113	0	156	114	0	0	112	142	51	163	133	0	1	0	112	174	128	67	0	1	0	0	0	4	0	0	3	0	0	
0	0	1	0	0	0	0	0	1	0	38	31	3	18	0	1	2	0	127	24	41	108	0	3	0	34	148	0	88	124	0	4	0	17	137	92	132	111	0	4	0	0	5	0	113	91	0	3	0	1	5	0	104	96	0	3	0	0	1	0	15	14	0	1	
0	0	0	0	1	1	0	0	0	0	0	0	10	134	10	0	0	0	4	0	131	142	0	3	0	1	0	33	207	21	0	1	0	2	0	175	103	0	3	0	3	0	120	173	0	2	0	0	0	9	165	32	0	1	0	0	0	1	2	1	1	0	0	0	
0	0	0	7	74	9	0	0	0	0	0	142	86	0	1	0	3	0	78	144	0	3	0	0	4	0	125	73	106	117	4	0	4	0	119	175	60	112	62	0	4	0	134	200	67	143	27	0	1	0	21	31	79	38	0	1	0	0	0	0	0	1	1	0	
0	0	2	4	1	0	0	0	0	2	1	0	18	60	2	0	1	0	37	154	186	224	44	0	0	76	225	149	27	199	43	0	0	103	54	0	118	191	0	1	0	2	0	65	232	33	0	2	2	0	34	238	85	0	3	0	1	0	33	85	0	2	0	0	
0	0	0	0	1	2	0	0	0	0	1	0	19	102	0	1	0	0	3	0	114	88	0	3	0	1	0	18	155	6	0	0	0	3	0	109	88	0	3	0	1	0	23	158	5	0	0	0	2	0	51	115	0	3	0	0	0	0	0	1	0	0	0	0	
0	0	0	1	0	0	0	0	0	0	3	0	130	83	0	3	0	2	0	27	245	75	0	3	0	4	0	109	243	10	0	1	0	3	0	186	179	0	3	0	2	0	34	248	69	0	3	0	3	0	66	169	0	0	0	0	0	0	0	0	1	0	0	0	
0	0	1	0	0	0	1	0	1	0	7	82	130	74	0	2	3	0	121	134	74	130	49	0	0	27	154	0	0	48	112	0	0	57	120	0	2	18	128	0	0	71	110	0	0	118	82	0	0	15	139	103	135	90	0	1	1	0	21	68	33	0	2	0	
0	0	0	0	0	0	0	0	0	0	0	83	192	195	17	0	2	0	60	180	189	183	2	0	1	0	18	169	236	93	0	3	1	0	16	90	60	181	0	0	0	59	87	31	192	124	0	3	0	109	229	198	129	0	1	0	0	0	0	0	0	2	0	0	
0	0	0	0	0	0	0	0	0	0	13	22	38	30	0	1	3	0	126	151	188	70	0	3	1	0	69	2	115	33	0	1	0	0	6	59	179	65	0	2	1	0	12	127	197	50	0	2	0	0	1	0	152	19	0	1	0	0	1	2	56	10	0	0	
0	0	0	3	3	1	0	0	0	0	1	0	0	0	13	14	0	0	2	147	163	169	204	97	3	0	61	224	77	33	25	0	3	0	128	183	174	47	0	2	0	16	125	17	190	44	0	2	2	0	126	202	82	0	2	0	0	0	5	23	0	1	0	0	
0	2	4	4	4	3	0	0	0	0	0	0	0	0	0	0	0	61	128	105	143	122	0	1	0	24	101	78	137	161	0	3	0	0	1	0	157	56	0	2	0	3	0	74	156	0	3	0	0	3	0	146	65	0	2	0	1	0	28	134	0	1	0	0	
0	0	0	0	1	0	0	0	0	0	0	1	3	104	39	0	0	0	2	0	162	255	35	0	0	2	0	58	255	121	0	3	1	0	1	210	205	0	0	1	4	0	105	245	33	0	2	0	3	0	184	122	0	4	0	0	0	0	27	8	0	0	0	0	
0	0	0	0	0	0	0	0	0	1	0	20	81	0	1	0	0	1	0	39	163	0	2	0	0	2	0	50	134	0	3	0	0	2	0	65	128	0	3	0	0	2	0	65	130	0	3	0	0	2	0	61	122	0	3	0	0	0	0	9	16	0	0	0	
0	0	3	2	0	0	0	0	0	0	0	0	12	15	1	0	0	0	101	153	148	185	4	0	0	8	110	26	84	129	0	3	0	0	0	0	172	35	0	1	0	4	0	111	133	0	3	0	1	0	10	197	39	0	1	0	1	0	32	106	0	2	0	0	
0	0	0	0	0	0	1	0	0	0	1	138	192	91	0	1	2	0	43	236	84	207	79	0	1	0	174	125	0	148	113	0	0	47	215	8	0	208	80	0	0	97	185	10	187	196	0	0	0	29	172	179	149	19	0	1	0	0	1	2	0	1	1	0	
0	0	0	0	0	0	0	0	0	0	2	0	124	41	0	2	0	0	0	7	179	21	0	1	0	2	0	59	157	0	2	0	0	4	0	133	116	0	4	0	1	0	20	205	34	0	1	0	2	0	51	133	0	2	0	0	0	0	0	0	1	0	0	0	
0	0	0	3	0	31	12	0	0	0	4	0	67	231	84	0	0	2	0	73	201	44	9	0	3	0	82	254	54	0	3	0	0	3	188	106	156	13	0	1	1	0	134	108	138	146	0	1	0	0	2	94	125	138	13	0	0	0	2	0	0	0	0	0	
0	0	0	0	0	0	0	0	0	1	0	35	146	90	10	0	0	2	0	145	107	205	67	0	0	2	0	138	125	173	33	0	2	0	45	191	212	44	0	2	0	5	154	54	164	46	0	2	0	0	141	192	96	0	2	0	1	0	29	31	0	1	0	0	
0	0	1	2	0	0	0	0	0	0	0	4	47	78	48	1	1	0	21	134	118	99	68	2	4	0	108	110	0	3	0	0	1	0	18	142	125	0	3	0	0	2	0	49	163	0	1	0	1	0	43	156	39	0	2	0	0	0	86	39	0	1	0	0	
0	0	2	0	48	64	0	2	0	1	0	29	209	72	0	2	0	1	0	168	75	0	3	0	3	0	81	182	133	77	0	2	4	0	150	212	94	204	40	0	4	0	152	202	157	166	10	0	1	0	23	75	65	0	0	0	0	0	0	0	0	2	1	0	
0	0	0	43	31	0	1	0	3	0	67	202	221	48	0	2	1	0	32	0	98	150	0	4	0	0	1	49	130	121	0	3	2	0	121	175	255	110	0	4	0	13	193	171	146	196	39	0	0	0	95	70	0	67	55	0	0	0	0	0	3	1	0	0	
0	0	1	1	0	1	1	0	0	2	0	64	145	24	0	1	1	0	28	186	77	164	24	0	2	0	45	118	44	212	25	0	1	0	4	192	245	56	0	2	4	0	131	105	111	82	0	3	2	0	61	159	168	29	0	1	0	0	0	45	17	0	1	0	
0	0	1	0	2	2	0	0	1	0	19	72	8	0	0	0	3	0	164	182	113	134	0	2	0	7	211	76	221	218	0	0	0	45	250	220	184	205	2	0	0	2	84	36	92	202	0	1	0	0	3	0	86	221	0	0	0	0	4	0	20	91	1	0	
0	0	0	0	1	0	0	0	0	0	2	0	61	104	0	3	0	0	5	0	163	150	0	4	0	2	0	39	226	32	0	2	0	3	0	155	162	0	3	0	1	0	7	226	63	0	2	0	1	0	26	140	0	0	0	0	0	0	0	0	1	0	0	0	
0	0	1	0	0	0	0	0	0	2	0	96	136	114	18	0	3	0	61	203	149	216	63	0	3	0	86	134	90	194	0	0	0	3	0	164	242	31	0	2	2	0	72	153	191	50	0	2	2	0	179	184	139	14	0	1	1	0	23	54	9	0	0	0	
0	0	0	1	0	0	1	0	0	3	0	68	205	79	0	2	0	2	5	202	255	234	31	0	3	0	75	255	109	196	119	0	0	1	227	192	11	243	104	0	0	5	222	194	210	227	14	0	3	0	75	222	186	38	0	2	0	0	0	0	0	1	1	0	
0	0	1	2	6	0	0	0	0	1	0	105	131	8	0	1	3	0	77	125	50	107	0	2	2	0	141	40	0	109	26	0	1	0	128	13	0	88	57	0	3	0	98	69	0	141	34	0	1	0	7	109	135	96	0	1	0	0	1	2	4	0	0	0	
0	0	1	1	1	1	0	0	0	1	0	16	14	67	3	0	1	0	27	135	58	138	0	2	2	0	166	79	96	84	0	3	0	5	118	134	211	127	37	0	0	3	0	106	98	2	15	0	1	0	25	152	6	0	0	0	0	0	12	26	0	1	0	0	
0	1	0	0	1	0	0	0	0	10	125	102	29	0	1	0	0	119	153	117	175	0	4	0	0	88	208	137	206	56	0	2	0	0	64	24	74	181	0	1	0	1	0	3	0	154	83	0	0	0	6	117	127	170	106	0	0	0	0	20	57	53	0	0	
0	0	0	0	2	1	0	0	0	3	0	98	178	189	30	0	0	3	0	23	107	229	30	0	0	0	3	1	181	201	14	0	7	135	18	0	0	144	86	0	0	160	191	104	131	207	18	0	0	9	175	228	161	34	0	1	0	1	0	0	0	1	1	0	
0	0	0	0	0	0	0	0	1	0	44	51	40	27	1	0	2	0	58	127	110	155	103	0	0	0	1	0	12	167	47	0	0	1	1	5	186	97	0	3	1	0	0	178	117	0	4	0	2	0	166	138	0	4	0	0	0	3	81	11	0	1	0	0	
0	0	2	0	0	0	0	0	0	1	0	93	205	171	13	0	3	0	109	216	41	164	121	0	0	5	217	62	0	98	131	0	0	16	206	28	0	162	99	0	0	7	211	72	101	210	18	0	3	0	80	212	173	35	0	2	0	0	0	0	0	1	1	0	
0	0	2	0	2	1	0	0	0	0	0	47	26	0	1	0	2	0	51	100	144	29	0	2	1	0	145	77	180	34	0	2	1	0	44	84	167	2	0	0	0	1	0	21	172	2	0	0	0	0	1	4	155	14	0	1	0	0	1	0	45	12	0	0	
0	0	0	0	1	0	0	0	0	0	2	0	68	88	0	2	0	0	1	0	195	116	0	4	0	2	0	53	237	25	0	2	0	4	0	149	173	0	3	0	1	0	4	218	84	0	3	0	2	0	41	208	12	0	1	0	0	0	6	22	0	0	0	0	
0	0	0	0	1	1	0	0	0	0	5	13	4	0	0	0	4	0	93	233	174	29	0	1	1	0	30	21	150	81	0	3	1	0	7	127	194	75	0	0	0	0	2	71	186	43	0	1	0	0	0	10	137	3	0	0	0	1	0	39	86	0	2	0	
0	0	2	1	5	0	0	0	0	1	0	87	177	80	0	3	2	0	144	141	58	172	0	3	0	0	56	0	107	125	0	4	0	1	0	31	222	77	0	3	3	0	88	255	190	124	0	3	3	0	147	143	0	18	0	0	0	0	0	0	2	0	0	0	
0	0	0	0	0	0	0	0	0	1	0	143	45	0	2	0	0	3	0	176	124	0	3	0	0	3	0	83	190	0	2	0	0	2	0	44	181	0	1	0	0	1	0	6	208	49	0	2	0	0	2	0	143	81	0	3	0	0	0	0	0	0	0	0	
0	0	0	3	2	0	0	0	0	0	117	185	198	65	0	3	0	33	196	89	223	92	0	3	0	5	0	124	199	1	0	1	0	1	0	4	121	174	19	0	0	18	36	19	30	214	73	0	0	42	183	190	176	104	0	0	0	0	2	3	0	0	0	0	
0	0	0	0	0	1	0	0	0	18	193	229	111	0	1	0	0	23	78	101	242	75	0	3	0	0	4	0	110	128	0	4	0	1	1	0	113	31	0	1	2	0	44	214	137	14	22	0	2	0	148	232	175	142	61	0	0	0	2	0	2	0	0	0	
0	0	0	1	0	2	1	0	0	0	1	4	14	6	0	0	0	2	0	145	169	155	18	0	3	0	123	166	9	189	22	0	1	0	63	1	144	118	0	4	0	2	0	66	173	0	0	0	0	2	0	161	67	0	2	0	0	0	8	132	9	0	0	0	
0	0	0	0	0	1	0	0	0	3	176	220	126	0	0	0	0	9	72	63	199	93	0	4	0	0	3	0	102	124	0	4	0	2	0	29	195	32	0	2	3	0	52	229	224	195	69	0	4	0	87	196	146	140	31	0	0	0	0	0	0	0	0	0	
0	0	1	0	4	8	0	0	0	1	0	98	163	160	47	0	3	0	51	255	93	38	128	0	3	0	77	224	91	158	68	0	2	0	142	220	150	193	26	0	0	30	255	74	7	162	36	0	0	9	166	180	164	73	0	1	0	0	0	6	1	0	0	0	
1	1	1	2	1	0	0	0	0	0	0	0	3	8	0	0	32	181	199	171	183	158	0	3	10	49	57	39	185	157	0	4	0	0	1	0	210	97	0	4	0	2	1	2	217	83	0	3	0	0	3	0	183	124	0	4	0	0	3	0	115	107	0	3	
0	0	1	1	0	0	0	0	0	1	0	35	80	15	0	1	2	0	53	105	84	91	0	3	1	0	152	54	125	106	0	3	1	0	70	125	205	42	0	1	0	1	0	37	135	13	3	0	0	3	0	115	92	0	3	0	0	2	0	53	30	0	1	0	
0	0	2	0	1	1	0	0	0	0	0	19	15	0	0	0	2	0	77	169	133	18	0	1	4	0	156	143	159	110	0	4	1	0	30	134	215	41	0	2	0	0	0	0	166	29	0	1	0	0	0	16	191	20	0	1	0	0	0	6	119	10	0	0	
0	0	1	0	0	0	1	1	1	0	12	96	152	126	10	0	1	0	177	245	63	146	157	0	0	9	242	106	0	0	154	99	0	39	233	108	0	0	128	110	0	89	172	17	19	115	188	10	0	15	167	179	189	146	18	0	0	0	4	29	18	0	1	1	
0	0	0	0	0	0	0	0	0	2	19	34	60	13	0	1	0	58	182	141	225	49	0	2	0	3	5	0	178	34	0	1	0	2	0	46	191	0	0	0	0	2	0	62	173	0	2	0	0	2	0	53	201	0	0	0	0	1	0	12	87	3	0	0	
0	0	0	0	1	0	0	0	0	0	1	0	34	111	0	0	0	0	2	0	190	133	0	3	0	3	0	89	210	0	0	1	0	2	0	189	98	0	3	0	2	0	48	226	22	0	1	0	4	0	101	181	0	3	0	0	1	0	17	24	0	1	0	0	
0	0	0	0	0	0	0	0	0	76	120	108	97	138	29	0	0	68	177	95	118	59	2	0	0	52	216	136	143	105	10	0	0	14	82	73	41	170	186	0	0	0	0	2	0	69	200	0	0	15	133	185	183	214	80	0	0	2	23	33	34	13	0	0	
0	0	0	0	2	1	0	0	0	0	1	107	205	123	0	1	2	0	45	183	42	186	31	0	0	1	4	0	73	207	0	0	0	1	0	26	208	75	0	3	0	32	204	251	238	118	11	0	0	78	210	57	35	103	17	0	0	0	0	0	0	0	0	0	
0	0	2	1	0	0	0	0	0	1	0	25	91	72	3	0	2	0	73	220	149	192	41	0	0	21	204	36	0	56	2	0	0	65	225	145	243	182	0	3	0	12	146	120	225	102	0	4	0	2	0	59	231	17	0	1	0	2	0	45	77	0	1	0	
0	0	0	0	0	0	0	0	2	0	44	123	210	134	0	3	3	0	53	199	215	53	0	2	0	3	0	101	180	0	2	0	0	0	1	0	162	119	0	3	0	4	26	15	97	230	10	0	0	29	182	189	190	105	0	1	0	1	3	3	0	0	0	0	
0	0	1	0	32	11	0	0	0	2	0	36	196	16	0	1	0	3	0	159	94	0	3	0	2	0	49	173	0	1	0	0	3	0	69	210	141	74	0	1	2	0	38	167	117	178	1	0	0	2	0	69	125	28	0	1	0	0	0	0	0	0	0	0	
0	0	1	1	1	4	1	0	0	0	0	12	7	0	0	0	1	0	20	183	161	125	25	0	3	0	164	113	21	221	32	0	1	0	42	0	129	110	0	3	0	1	0	24	177	12	0	1	0	3	0	141	108	0	3	0	0	1	0	127	24	0	1	0	
0	1	0	21	20	0	1	0	0	1	0	106	26	0	1	0	0	0	10	107	0	2	0	0	1	0	24	105	24	7	0	0	1	0	30	156	93	93	0	2	0	0	2	108	58	94	0	2	0	1	0	36	99	7	0	1	0	0	0	1	0	1	0	0	
0	0	2	0	7	6	0	0	0	1	0	108	162	133	26	0	3	0	109	162	0	87	109	0	2	0	150	142	151	168	36	0	3	0	85	198	111	146	0	0	0	0	185	60	0	171	21	0	2	0	114	151	158	86	0	2	0	0	1	13	7	0	0	0	
0	0	0	1	0	0	0	0	0	0	0	9	63	14	0	1	0	0	1	94	97	63	0	3	3	0	76	64	53	54	0	2	2	0	35	112	164	11	0	1	0	1	0	28	102	0	2	0	0	2	0	50	92	0	3	0	0	1	0	22	24	0	1	0	
0	0	0	2	0	0	0	0	0	0	0	4	60	37	0	1	0	0	0	101	76	119	0	2	2	0	48	106	59	116	0	3	1	0	12	118	219	50	0	2	0	2	0	74	121	0	3	0	0	2	0	155	46	0	1	0	0	0	0	69	11	0	0	0	
0	0	1	0	0	0	0	0	1	0	16	70	73	8	0	1	0	17	129	68	147	99	0	4	0	7	10	0	114	34	0	1	1	0	74	189	157	0	2	0	0	8	140	57	142	120	0	3	0	0	0	0	2	147	16	0	0	0	3	3	2	67	9	0	
0	0	2	2	0	0	1	0	0	2	0	9	109	144	33	0	1	0	21	198	140	107	166	0	0	17	206	198	0	0	181	51	0	120	127	65	0	60	173	10	0	104	197	113	135	182	52	0	0	7	114	135	72	8	0	1	0	1	0	0	0	2	2	0	
0	1	0	0	1	1	0	0	2	0	78	183	56	0	1	0	0	39	183	75	204	50	0	2	0	20	30	0	155	101	0	4	2	0	45	180	208	39	0	2	4	0	95	255	219	192	62	3	0	0	2	10	0	95	166	40	0	0	0	0	0	0	0	0	
0	0	0	0	2	0	0	0	0	0	0	0	11	133	24	0	0	0	3	0	154	175	0	1	0	2	0	70	218	11	0	1	0	1	0	191	95	0	3	0	3	0	76	185	0	1	0	0	4	0	156	105	0	3	0	0	0	0	31	9	0	0	0	0	
0	0	2	0	0	1	0	0	0	0	0	88	116	16	0	1	2	0	83	71	66	112	0	3	1	0	118	28	74	104	0	3	3	0	63	170	199	58	0	3	3	0	89	49	31	86	0	3	2	0	37	112	102	52	0	2	0	1	0	24	40	0	0	0	
0	0	2	0	4	5	0	0	0	2	0	79	172	179	44	0	2	0	96	245	49	178	81	0	0	1	171	46	68	194	0	0	0	4	27	98	236	40	0	2	0	143	255	226	201	177	83	0	0	162	138	6	5	107	109	0	0	0	0	1	0	0	0	0	
1	0	20	38	14	2	0	0	3	0	70	246	232	149	0	0	0	1	4	15	188	235	6	0	0	2	0	106	255	92	0	3	0	12	166	217	61	0	1	0	0	90	255	181	154	199	22	0	0	23	133	155	167	137	11	0	0	0	0	0	0	0	0	0	
0	0	0	2	0	0	0	0	0	13	134	194	208	43	0	2	0	109	170	112	216	7	0	1	0	5	0	25	214	104	0	2	0	0	2	0	33	218	68	0	0	10	24	57	46	205	126	0	0	47	147	176	196	136	7	0	0	0	0	0	0	0	0	0	
0	0	0	0	0	0	0	0	0	0	0	3	68	2	0	0	0	1	0	30	145	0	2	0	0	1	0	35	112	0	3	0	0	2	0	54	91	0	3	0	0	2	0	52	83	0	3	0	0	1	0	27	92	0	2	0	0	0	0	1	10	0	0	0	
0	0	2	2	0	2	0	0	0	0	0	0	0	7	59	1	2	0	63	78	0	157	140	0	1	0	204	124	103	184	0	1	1	0	47	127	215	28	0	2	0	3	0	133	121	0	4	0	2	0	35	193	8	0	0	0	1	0	27	52	0	2	0	0	
0	0	0	0	0	0	0	0	2	0	52	163	189	53	0	2	1	0	23	98	234	52	0	2	1	0	59	213	224	188	60	0	1	0	135	100	0	114	155	0	0	2	6	7	59	200	104	0	0	89	188	178	158	83	0	0	0	6	6	2	0	0	1	0	
0	0	0	0	1	2	4	1	0	0	1	1	0	0	0	0	0	0	0	5	88	122	105	34	1	0	39	137	13	26	53	20	2	0	34	148	28	0	1	0	0	32	87	146	84	0	5	1	0	2	43	32	0	0	0	0	0	0	0	0	0	0	0	0	
0	0	1	1	0	0	0	0	0	1	0	17	128	98	0	1	1	0	4	162	72	134	35	0	3	0	78	130	0	115	35	0	3	0	108	43	9	126	0	0	2	0	125	18	89	80	0	3	4	0	94	153	114	0	0	0	1	0	10	61	13	0	0	0	
0	5	4	0	2	71	8	0	0	3	0	10	186	127	0	2	1	0	8	194	131	0	3	0	3	0	143	200	90	83	0	0	3	0	181	255	162	194	90	0	3	0	91	251	197	201	125	0	0	0	0	19	72	53	0	0	0	0	2	0	0	0	1	0	
0	0	1	0	0	0	0	0	0	0	0	22	53	85	21	0	3	0	104	168	121	130	26	0	3	0	159	145	59	0	1	0	2	0	79	66	125	83	0	3	0	0	1	42	49	124	0	3	0	2	0	135	159	78	0	3	0	1	0	27	111	6	0	1	
0	0	3	1	0	0	0	0	0	0	0	13	23	8	0	0	2	0	68	188	132	183	57	0	0	0	132	45	24	191	23	0	0	1	0	6	182	75	0	3	0	2	0	147	109	0	3	0	3	0	86	147	0	4	0	0	3	0	101	42	0	1	0	0	
0	0	0	2	9	0	0	0	0	2	0	115	187	83	0	3	1	0	10	164	41	51	0	2	0	3	0	95	143	49	0	1	1	0	19	153	255	78	0	3	4	0	161	147	168	51	0	2	2	0	60	163	108	1	0	0	0	0	0	1	0	0	0	0	
0	0	1	0	0	3	0	0	1	0	5	95	128	154	78	0	0	0	169	139	0	52	150	0	0	15	197	87	137	198	59	0	2	0	158	242	92	144	65	0	0	69	144	44	0	132	59	0	0	28	152	121	128	81	0	1	0	0	5	17	4	0	1	0	
0	0	0	0	1	1	0	0	0	0	27	34	8	0	0	0	0	4	85	100	118	10	0	1	0	0	2	0	112	41	0	1	0	0	78	118	174	86	18	0	0	1	0	18	94	0	2	0	0	1	0	23	104	0	2	0	0	0	0	5	80	0	0	0	
0	0	1	2	0	1	2	0	0	0	0	0	28	14	0	1	0	0	0	97	108	138	73	0	3	0	75	124	0	146	95	0	1	0	18	159	228	52	2	0	0	3	0	135	101	0	4	0	2	0	55	147	0	3	0	0	3	0	78	64	0	2	0	0	
0	0	2	0	0	0	0	0	0	0	1	0	59	15	0	0	0	17	89	0	127	71	0	3	0	0	171	36	138	165	0	2	3	0	130	232	238	163	0	2	0	0	5	4	89	117	0	4	0	0	3	0	55	111	0	4	0	0	0	0	5	13	0	0	
0	0	1	0	0	0	0	0	0	0	2	4	10	11	0	0	4	0	91	182	181	174	0	2	1	0	179	38	117	132	0	4	0	12	107	0	179	38	0	2	0	2	0	59	172	0	2	0	0	3	0	134	101	0	3	0	0	1	0	121	37	0	1	0	
0	0	0	1	1	1	0	0	0	1	0	17	21	13	2	0	0	1	0	113	98	124	0	1	3	0	83	158	128	72	0	3	1	0	30	117	170	5	0	1	0	2	0	58	89	0	3	0	0	0	0	121	24	0	1	0	0	0	5	49	0	0	0	0	
0	0	0	2	1	1	0	0	0	0	0	1	1	35	4	0	0	0	9	32	33	144	0	1	2	0	51	182	163	83	0	3	0	0	2	45	174	10	0	1	0	2	0	63	110	0	3	0	0	3	0	125	52	0	2	0	0	1	0	44	8	0	0	0	
0	2	0	63	54	0	2	0	1	0	10	154	36	0	2	0	2	0	67	120	0	3	0	0	3	0	96	91	28	120	10	0	3	0	78	123	126	121	90	0	1	0	5	161	171	101	39	0	0	1	0	18	70	34	0	1	0	0	1	1	0	1	1	0	
0	0	0	0	9	5	0	0	1	0	11	139	160	174	53	0	4	0	108	177	0	68	159	0	3	0	184	114	0	30	156	0	0	15	229	54	0	135	120	0	0	51	229	69	133	186	11	0	0	33	181	184	139	11	0	1	0	0	3	4	0	2	1	0	
0	0	3	3	2	0	0	0	0	0	1	0	12	49	0	0	0	20	124	49	169	157	0	3	1	0	90	156	217	69	3	0	0	1	0	31	219	131	1	0	0	2	0	137	174	0	2	0	0	1	0	34	128	0	3	0	0	0	0	12	50	0	1	0	
0	0	2	2	0	2	0	0	0	0	0	10	7	2	9	0	2	0	37	123	0	98	79	0	2	0	188	138	95	181	4	0	0	0	55	67	191	58	0	2	0	3	0	84	117	0	3	0	1	0	22	158	9	0	0	0	2	0	50	90	0	3	0	0	
0	0	0	0	10	40	0	1	0	0	1	0	78	41	0	1	0	2	0	56	63	0	2	0	0	0	8	81	10	3	0	0	1	0	30	68	93	48	0	2	2	0	35	94	66	17	0	1	0	0	2	64	29	0	1	0	0	0	0	0	1	1	0	0	
0	2	1	0	2	1	0	0	2	0	47	175	197	195	64	0	0	51	155	109	22	84	205	10	0	45	135	57	0	0	173	58	0	80	170	7	0	51	199	13	0	158	118	6	114	216	74	0	0	62	198	191	163	47	0	2	0	0	1	2	0	1	2	0	
0	0	0	0	0	0	0	0	0	1	0	22	113	0	0	0	0	3	0	81	228	0	0	1	0	3	0	93	201	0	1	0	0	3	0	92	201	0	1	0	0	3	0	96	184	0	3	0	0	3	0	80	130	0	3	0	0	0	0	0	0	0	0	0	
0	0	0	0	0	0	0	0	0	0	2	0	55	86	0	2	0	0	3	0	179	104	0	3	0	1	0	38	194	10	0	1	0	4	0	122	116	0	3	0	1	0	2	188	46	0	2	0	2	0	43	182	0	0	0	0	0	0	8	24	0	0	0	0	
0	0	0	0	0	1	2	0	1	0	28	127	83	129	37	0	1	0	9	189	111	71	0	0	2	0	48	199	27	0	1	0	1	0	28	134	165	110	0	2	0	4	48	0	38	180	0	0	1	0	123	171	178	78	0	2	0	0	0	9	4	0	0	0	
0	0	0	0	0	0	0	0	0	0	0	17	20	2	0	0	3	0	131	180	168	163	0	1	0	4	154	21	40	165	0	2	0	2	8	0	94	129	0	4	0	0	4	0	152	72	0	3	0	2	0	59	176	0	1	0	0	3	0	94	82	0	3	0	
0	0	0	0	0	0	0	0	0	134	210	154	45	0	1	0	0	36	45	141	239	47	0	2	1	0	15	217	235	23	0	1	0	0	13	35	158	152	0	1	3	0	85	184	50	228	54	0	1	0	2	140	207	149	20	0	0	0	0	0	0	0	0	0	
0	0	1	1	0	0	0	0	0	0	0	6	82	43	0	1	0	0	0	110	109	133	0	0	2	0	61	153	102	154	0	2	1	0	7	120	249	50	0	2	0	3	0	107	123	0	3	0	1	0	7	169	21	0	1	0	0	0	14	59	0	1	0	0	
0	0	0	0	11	17	0	1	0	1	0	6	169	67	0	3	0	2	0	121	83	0	2	0	1	0	29	155	103	70	0	2	4	0	89	204	135	177	4	0	4	0	93	120	103	109	0	2	1	0	22	142	95	0	0	0	0	0	0	0	0	2	0	0	
0	0	0	2	1	1	0	0	0	0	2	0	0	0	26	34	0	0	0	61	145	148	167	79	0	0	157	129	12	15	3	0	0	4	127	125	153	10	0	3	0	0	28	84	166	3	0	1	1	0	134	145	18	0	1	0	0	0	0	0	1	0	0	0	
0	0	2	0	0	0	0	0	0	1	0	52	136	105	16	0	3	0	114	190	80	220	173	0	4	0	166	102	92	198	58	0	2	0	32	245	170	7	0	1	2	0	46	219	145	0	6	0	4	0	136	202	229	67	0	3	1	0	17	55	30	14	0	1	
0	0	0	0	1	0	0	0	0	0	2	0	50	72	0	3	0	0	3	0	151	87	0	3	0	2	0	39	200	9	0	1	0	4	0	150	128	0	4	0	2	0	56	216	15	0	1	0	3	0	95	131	0	3	0	0	0	0	0	1	1	0	0	0	
0	0	0	0	0	0	0	0	2	0	74	37	0	23	0	1	4	0	151	77	37	149	0	3	4	0	147	57	54	153	0	4	3	0	75	152	156	118	0	4	0	1	0	48	179	83	0	3	0	0	5	0	110	105	0	4	0	0	0	0	15	21	0	1	
0	1	2	0	0	2	0	0	0	0	7	47	4	1	31	2	0	0	138	83	0	99	145	0	0	49	220	89	101	202	35	0	0	5	88	98	188	131	0	3	0	1	0	9	176	21	0	1	0	3	0	86	143	0	3	0	0	1	0	35	39	0	1	0	
0	0	0	0	0	2	0	0	2	0	47	133	89	11	0	1	3	0	76	233	195	163	0	1	0	3	0	132	241	143	6	0	0	2	0	179	238	7	0	1	2	0	29	211	213	45	0	2	1	0	0	185	203	3	0	1	0	1	0	20	23	0	1	0	
0	0	1	0	2	1	0	0	0	2	0	70	187	138	0	1	1	0	16	224	59	175	29	0	1	0	23	66	11	185	15	0	0	0	7	29	157	134	0	4	1	0	157	243	255	141	0	1	0	10	198	140	16	33	4	0	0	0	1	1	0	0	0	0	
0	0	2	1	1	1	0	0	0	0	0	3	0	54	11	0	2	0	67	26	21	133	0	1	4	0	108	100	139	76	0	3	0	0	3	89	159	0	0	0	0	3	0	84	86	0	3	0	0	2	0	146	37	0	1	0	0	0	2	24	1	0	0	0	
0	0	1	0	6	12	0	0	0	2	0	63	156	107	44	0	2	0	34	190	26	95	116	0	2	0	42	210	165	153	23	0	3	0	73	187	173	58	0	2	0	0	220	73	96	100	0	3	0	0	142	180	102	1	0	0	0	0	0	2	0	0	0	0	
0	0	1	0	1	1	0	0	0	0	3	71	28	0	1	0	3	0	105	144	149	17	0	1	3	0	145	45	84	125	0	4	2	0	40	131	200	122	0	4	0	0	3	0	134	105	0	4	0	0	5	0	134	84	0	3	0	0	2	0	50	28	0	1	
0	0	0	2	0	0	0	0	0	0	0	6	68	39	0	1	0	0	1	118	98	109	0	1	1	0	26	150	111	85	0	3	0	2	0	62	200	13	0	1	0	1	0	154	57	0	2	0	3	0	99	133	0	4	0	0	2	0	70	25	0	1	0	0	
0	0	0	0	0	0	0	0	0	2	0	64	122	0	2	0	0	4	0	122	176	0	3	0	0	3	0	83	168	0	3	0	0	3	0	82	170	0	3	0	0	3	0	83	175	0	3	0	0	1	0	30	156	6	0	1	0	0	0	0	1	1	0	0	
0	0	1	0	0	2	0	0	0	2	0	1	3	0	48	15	1	0	50	32	0	79	172	0	0	109	194	49	66	191	31	0	0	86	157	140	244	83	0	4	0	3	0	88	135	0	4	0	0	4	0	110	40	0	1	0	0	0	0	0	2	0	0	0	
0	0	0	0	0	0	0	0	1	0	33	115	102	73	0	2	0	10	201	191	216	109	0	3	0	46	248	189	146	201	76	0	0	8	145	67	0	53	166	0	0	28	26	0	0	57	200	0	0	70	201	138	169	198	79	0	0	0	45	68	51	3	0	0	
0	0	0	0	1	0	0	0	0	5	105	110	171	103	0	1	0	27	152	16	103	201	0	0	0	2	0	35	235	58	0	2	0	1	0	13	130	171	21	0	0	21	18	36	106	249	56	0	0	140	178	166	151	47	0	1	0	2	5	0	0	0	0	0	
0	0	0	1	4	0	0	0	0	0	0	7	131	15	0	1	0	0	2	0	139	30	0	1	0	1	0	15	169	11	0	1	0	3	0	76	132	0	3	0	0	3	0	159	67	0	2	0	1	0	15	128	4	0	0	0	0	0	0	0	0	0	0	0	
0	0	0	0	1	0	0	0	0	0	1	0	32	39	0	1	0	0	1	0	181	82	0	3	0	2	0	75	194	0	0	1	0	2	0	181	95	0	3	0	2	0	33	200	12	0	1	0	2	0	54	138	0	2	0	0	0	0	0	0	0	0	0	0	
0	0	2	0	46	39	0	1	0	2	0	60	169	20	0	1	1	0	20	192	37	0	2	0	3	0	84	101	10	31	0	1	3	0	78	166	167	205	28	0	1	0	16	229	212	173	16	0	0	0	2	16	71	18	0	1	0	0	0	0	0	1	1	0	
0	0	3	2	0	0	0	0	0	0	0	0	19	9	0	0	0	0	113	122	176	199	4	0	0	9	98	10	91	166	0	2	0	0	0	0	183	43	0	2	0	4	0	123	150	0	3	0	2	0	55	191	14	0	1	0	3	0	105	78	0	3	0	0	
0	0	0	0	1	1	0	0	0	1	0	35	62	30	0	1	1	0	16	102	107	17	0	1	0	0	0	139	71	0	2	0	0	2	0	132	86	0	1	0	0	0	13	87	98	55	0	2	0	1	0	41	112	72	0	3	0	0	0	0	11	1	0	0	
0	0	1	0	5	8	0	0	0	2	0	77	134	123	36	0	2	0	43	211	1	84	105	0	3	0	65	184	106	150	19	0	3	0	92	185	157	138	0	4	0	0	175	27	83	112	0	3	1	0	124	172	114	1	0	0	0	0	3	6	0	1	0	0	
0	0	0	3	2	0	0	0	0	0	2	0	137	87	0	3	0	2	0	87	147	151	0	4	1	0	5	180	104	153	0	3	2	0	40	155	118	107	0	4	2	0	48	227	193	23	0	1	1	0	17	186	64	0	2	0	0	0	0	0	1	1	0	0	
0	0	0	0	6	2	0	0	2	0	36	150	94	0	1	0	3	0	142	130	136	40	0	2	0	0	4	0	149	26	0	2	0	19	108	176	177	0	1	0	0	41	193	157	129	178	147	56	0	0	25	7	0	42	93	28	0	0	0	2	3	0	0	0	
0	1	0	0	0	1	1	0	0	0	11	17	7	0	0	0	0	52	230	175	178	201	39	0	0	110	207	0	107	239	15	0	0	36	65	0	170	140	0	4	0	0	1	0	208	74	0	3	0	2	5	0	180	107	0	2	0	0	2	0	64	145	11	0	
0	0	2	0	0	2	2	0	0	1	0	44	12	0	2	4	2	0	80	220	8	15	181	82	0	32	231	67	17	220	129	7	0	37	198	162	244	124	0	3	0	1	0	135	176	0	4	1	1	0	11	174	25	0	1	0	1	0	19	68	0	2	0	0	
0	3	4	0	1	1	0	0	0	0	0	16	16	0	1	0	0	74	137	191	213	39	0	2	0	79	106	18	208	126	0	2	0	3	0	93	255	179	10	0	0	3	2	9	204	47	0	2	0	1	0	21	215	24	0	1	0	1	0	20	126	0	0	0	
0	0	3	1	0	3	2	0	0	2	0	11	13	0	6	3	0	0	91	221	61	38	169	12	0	13	244	210	113	237	107	0	0	1	87	146	255	82	0	3	0	3	0	144	140	0	5	0	2	0	49	214	14	0	2	4	2	0	49	97	0	2	1	3	
0	0	0	0	1	0	0	0	0	5	21	18	4	16	1	0	0	31	137	145	188	141	0	1	0	0	0	22	185	30	0	1	2	0	87	190	211	104	18	0	0	2	0	80	149	0	3	0	0	3	0	97	98	0	4	0	0	2	0	69	40	0	1	0	
0	0	0	0	3	0	0	0	2	0	45	142	179	62	0	3	0	0	185	139	195	50	0	2	0	5	14	87	220	23	0	1	0	0	2	0	70	193	29	0	0	11	46	53	4	188	100	0	0	68	193	202	175	124	7	0	0	0	0	2	2	0	0	0	
0	2	3	3	1	0	0	0	0	0	0	0	4	3	0	0	0	72	206	186	189	222	56	0	0	59	139	34	62	218	26	0	1	0	21	128	182	230	37	0	1	0	27	146	244	78	4	0	0	3	0	160	165	0	3	0	0	1	0	130	56	0	2	0	
0	0	0	1	1	0	0	0	1	0	6	157	119	15	0	1	0	1	190	134	212	102	0	4	0	6	35	69	195	5	0	1	0	0	0	0	126	103	0	2	0	1	73	90	73	211	12	0	0	4	147	206	156	61	0	1	0	0	0	0	0	0	0	0	
0	0	1	0	0	1	1	0	0	2	0	143	166	45	0	1	3	0	86	159	73	100	32	0	0	3	175	30	0	69	94	0	0	19	172	4	0	56	122	0	0	0	133	51	37	195	87	0	1	0	27	139	187	133	3	0	0	0	1	0	0	0	1	0	
0	0	0	20	50	6	0	0	1	0	19	223	215	25	0	1	3	0	113	228	11	0	2	1	0	17	240	84	20	78	19	0	0	21	220	121	199	199	191	19	3	0	141	255	175	129	236	48	1	0	7	100	154	150	39	0	0	0	1	0	0	0	0	1	
0	0	0	4	51	1	0	0	0	2	0	50	144	0	2	0	0	3	0	141	59	0	2	0	1	0	23	143	137	122	0	3	2	0	43	210	186	112	0	3	1	0	18	233	187	5	0	1	0	1	0	50	38	0	1	0	0	0	0	0	1	1	0	0	
0	0	2	1	0	1	0	0	0	1	0	31	93	21	0	1	3	0	68	199	109	101	0	1	3	0	76	206	103	144	0	2	0	2	0	50	248	75	0	3	0	2	0	123	123	0	2	0	3	0	66	178	0	1	0	0	2	0	59	49	0	2	0	0	
0	0	1	2	0	0	0	0	0	1	0	14	87	68	0	1	1	0	22	132	92	154	2	0	2	0	44	124	126	106	0	3	1	0	0	220	127	0	3	0	4	0	97	164	109	0	1	0	1	0	30	136	160	4	0	0	0	1	0	27	39	0	1	0	
0	0	2	1	0	0	0	0	0	1	0	20	79	37	0	1	2	0	75	123	68	139	3	0	3	0	170	111	83	150	0	2	1	0	14	166	255	61	0	3	0	3	0	144	108	0	3	0	3	0	64	176	0	2	0	0	2	0	40	44	0	2	0	0	
0	0	0	0	0	0	0	0	0	1	0	13	90	0	0	0	0	2	0	41	190	0	0	0	0	1	0	42	156	0	2	0	0	3	0	82	128	0	4	0	0	3	0	104	107	0	3	0	0	2	0	56	96	0	3	0	0	0	0	4	10	0	0	0	
0	0	1	1	0	0	0	0	0	1	0	21	72	91	60	0	1	0	0	184	178	123	126	16	1	0	177	209	10	0	1	0	0	0	96	146	171	51	0	2	0	78	38	0	107	186	0	2	0	55	168	147	150	61	0	1	0	0	0	1	0	0	0	0	
0	0	0	0	0	0	2	0	0	3	15	12	18	15	0	0	0	36	165	158	153	187	115	0	0	1	7	3	5	185	93	0	0	1	0	2	173	122	0	2	1	0	7	187	121	0	4	0	1	0	181	123	0	4	0	0	0	29	139	1	2	1	0	0	
0	0	2	1	0	0	0	0	0	1	0	25	112	107	14	0	2	0	64	247	87	109	132	0	3	0	179	170	60	171	79	0	0	1	191	180	184	169	0	1	0	28	232	53	0	154	31	0	0	27	208	124	135	73	0	1	0	0	31	63	26	0	1	0	
0	0	1	1	0	0	0	0	0	2	0	77	131	90	17	0	1	0	34	164	52	99	43	0	4	0	92	180	95	4	0	0	1	0	16	0	101	90	0	3	0	18	75	0	47	128	0	3	1	0	107	131	149	93	0	3	0	0	0	45	56	1	0	0	
0	0	2	0	30	83	0	0	0	2	0	56	213	81	0	2	1	0	21	214	71	0	2	0	4	0	120	109	63	63	0	1	1	0	158	152	120	177	61	0	2	0	143	231	175	138	13	0	1	0	12	76	75	13	0	1	0	0	1	0	0	2	1	0	
0	0	3	1	0	0	0	0	0	0	0	0	16	65	0	1	1	0	60	14	63	197	0	1	3	0	184	58	118	173	0	4	2	0	175	188	235	114	0	4	0	1	20	20	199	47	0	2	0	1	0	17	180	13	0	1	0	0	0	5	20	0	0	0	
0	0	2	3	2	5	1	0	0	1	0	2	4	0	0	0	1	0	17	163	180	119	31	0	0	77	245	129	65	242	58	0	0	64	85	0	101	138	0	4	0	1	0	14	197	32	0	1	0	5	0	128	138	0	3	0	0	2	0	123	48	0	2	0	
0	0	1	1	0	1	0	0	0	1	0	45	51	0	1	0	1	0	29	146	135	32	0	1	3	0	100	41	51	145	0	3	1	0	116	30	143	98	0	3	2	0	71	111	83	80	0	3	0	0	2	0	55	110	0	4	0	0	2	0	23	39	0	1	
0	0	1	0	0	0	1	0	0	0	0	118	223	129	0	0	1	0	168	230	63	229	101	0	0	13	241	92	0	131	149	0	0	107	218	1	0	121	140	0	0	110	239	41	64	208	64	0	0	8	151	208	175	63	0	2	0	1	0	0	0	0	1	0	
0	0	1	2	0	0	0	0	0	0	1	0	24	30	0	1	2	0	42	148	187	182	0	2	1	0	15	23	142	110	0	3	0	1	0	37	185	9	0	1	0	2	0	173	85	0	3	0	3	0	75	196	0	1	0	0	2	0	45	57	0	2	0	0	
0	0	1	0	50	20	0	1	0	2	0	64	177	0	0	0	0	2	0	182	85	0	3	0	2	0	46	152	0	37	4	0	4	0	110	139	104	179	120	0	4	0	90	255	185	150	58	0	0	0	2	61	79	27	0	1	0	0	0	0	0	1	2	0	
0	0	1	2	0	0	0	0	0	0	0	5	23	6	0	0	1	0	9	93	165	124	0	4	3	0	105	95	145	70	0	3	3	0	81	166	177	0	0	0	0	1	0	43	112	0	3	0	0	2	0	51	117	0	2	0	0	1	0	27	108	0	1	0	
0	0	2	0	0	0	0	1	0	1	0	58	124	138	76	0	3	0	114	219	57	49	201	25	1	0	202	194	154	183	119	11	3	0	174	202	102	164	75	0	0	43	234	60	0	147	90	0	0	50	215	212	142	78	0	1	1	0	35	47	13	0	1	0	
0	0	0	2	0	1	0	0	0	0	1	0	59	32	0	1	0	2	0	94	143	115	0	1	2	0	40	126	14	155	2	0	4	0	118	52	80	104	0	3	2	0	53	103	178	24	0	1	0	1	0	31	116	0	2	0	0	1	0	27	34	0	1	0	
0	0	0	0	5	0	0	0	1	0	7	123	185	107	0	2	1	0	163	217	70	219	38	0	0	0	22	4	0	191	44	0	0	0	3	0	99	166	0	1	0	12	177	227	255	113	0	4	0	18	192	147	38	35	0	1	0	0	0	0	0	0	0	0	
0	1	2	0	0	0	0	0	0	0	1	26	11	0	0	0	0	4	122	149	114	1	1	0	0	72	114	0	13	75	31	0	0	18	146	128	118	146	5	0	0	0	9	65	49	110	19	0	0	1	1	3	0	89	51	0	0	0	0	4	0	35	36	0	
0	0	2	0	38	51	0	1	0	1	0	26	170	31	0	1	0	0	2	178	62	0	2	0	3	0	97	134	68	78	0	1	1	0	148	132	116	150	59	0	0	0	152	139	141	140	31	0	1	0	18	73	81	30	0	1	0	0	0	0	0	1	1	0	
0	0	2	3	0	0	0	0	0	1	1	0	32	80	27	0	1	0	28	155	250	255	73	0	0	11	206	255	255	114	0	4	0	94	255	150	163	185	0	3	0	51	137	0	105	213	0	1	0	0	3	0	107	243	8	0	0	2	5	0	26	96	5	0	
0	0	1	0	0	0	0	0	1	0	4	129	107	0	0	0	2	0	157	167	213	88	0	4	0	1	40	58	200	21	0	1	0	1	0	39	186	23	0	1	0	0	4	0	83	164	0	3	0	4	123	153	163	128	0	2	0	0	20	50	36	1	0	0	
0	0	0	2	0	3	2	0	0	0	0	0	19	2	0	0	0	1	0	116	226	175	121	0	2	0	30	235	156	55	40	0	0	1	0	1	183	50	0	2	6	84	32	108	155	9	0	1	0	85	143	104	12	0	1	0	0	0	0	0	1	1	0	0	
0	0	1	2	0	0	0	0	0	1	0	17	62	37	4	0	1	0	21	161	81	141	14	0	3	0	71	140	98	139	0	3	0	1	0	114	235	33	0	2	0	2	0	141	90	0	3	0	3	0	92	163	0	3	0	0	2	0	65	43	0	1	0	0	
0	0	0	0	0	0	0	0	0	1	0	38	112	0	2	0	0	3	0	85	153	0	3	0	0	2	0	63	128	0	3	0	0	2	0	60	127	0	3	0	0	2	0	61	153	0	3	0	0	2	0	43	127	0	2	0	0	0	0	0	0	0	0	0	
0	1	1	0	0	0	0	0	1	0	15	158	125	11	0	1	0	56	215	75	100	183	0	2	0	28	26	25	197	81	0	2	0	2	0	36	187	71	0	2	0	1	9	0	48	193	5	0	0	1	126	164	157	77	0	1	0	0	7	9	1	0	0	0	
0	1	2	0	0	0	0	0	0	0	7	70	132	58	0	0	0	19	149	73	57	248	85	0	0	94	178	60	160	234	25	0	0	14	132	155	70	188	27	0	0	0	2	0	68	185	0	1	0	34	156	163	199	57	0	2	0	0	45	59	8	0	1	0	
0	0	0	48	40	0	1	0	3	0	126	182	190	76	0	3	1	0	99	15	93	177	0	3	0	1	4	0	128	128	0	4	0	0	32	93	222	32	0	2	0	102	255	236	186	184	113	0	0	67	144	28	0	46	117	10	0	0	0	1	2	0	0	0	
0	0	0	0	1	1	0	0	0	1	70	44	1	0	0	0	1	0	180	215	186	21	0	1	0	0	0	25	206	21	0	1	0	3	0	130	240	73	0	1	0	3	0	86	191	54	0	1	0	3	0	81	158	0	4	0	0	1	0	31	73	0	1	0	
0	0	0	1	1	0	0	0	0	0	1	0	34	156	2	0	0	0	2	0	182	142	0	3	0	3	0	75	230	14	0	1	9	0	0	205	102	0	3	0	12	0	91	203	0	1	0	0	3	0	142	84	0	3	0	0	0	0	0	1	1	0	0	0	
0	0	0	1	0	1	0	0	0	1	0	34	84	4	0	0	0	1	0	120	157	78	0	3	0	0	13	101	96	162	0	4	0	1	0	125	231	56	0	2	0	4	0	118	110	0	3	0	1	0	23	163	8	0	0	0	1	0	22	39	0	1	0	0	
0	0	2	2	1	0	0	0	0	0	0	0	7	12	0	0	1	0	91	154	126	202	12	0	0	10	129	28	74	177	0	1	0	0	0	0	193	65	0	3	0	3	0	110	156	0	3	0	2	0	42	184	16	0	1	0	3	0	100	60	0	2	0	0	
0	1	0	0	0	1	1	0	1	0	58	144	143	26	0	1	0	81	167	47	118	211	5	0	0	149	128	61	167	208	91	0	0	25	131	145	26	117	130	0	0	34	91	0	52	209	37	0	0	10	165	174	171	46	0	2	1	0	14	40	2	0	1	0	
0	0	1	2	0	1	3	0	0	1	1	4	20	0	2	6	1	0	0	171	120	0	154	68	0	4	175	172	0	181	154	0	0	46	227	155	211	183	0	1	0	1	0	28	196	32	0	2	0	4	0	142	110	0	4	0	0	1	0	113	20	0	0	0	
0	0	1	0	0	0	0	0	0	1	0	51	53	0	0	0	2	0	50	100	105	22	0	1	2	0	55	103	50	25	0	1	0	1	0	35	162	42	0	2	0	0	3	0	113	71	0	3	0	0	1	0	132	45	0	2	0	0	1	0	54	11	0	0	
0	0	2	1	0	8	1	0	0	4	0	27	118	156	87	0	2	0	52	186	32	38	143	0	4	0	130	177	110	195	46	0	3	0	126	187	91	164	73	0	0	22	218	68	0	132	63	0	0	7	132	151	125	58	0	1	0	0	2	12	3	0	1	0	
0	0	1	3	0	0	0	0	0	0	0	0	17	7	0	0	1	0	10	151	185	74	0	3	4	0	124	103	72	113	0	4	3	0	118	126	201	100	0	4	0	0	10	53	113	93	0	4	0	0	4	0	104	93	0	3	0	0	3	0	63	45	0	2	
0	0	1	0	11	6	0	0	1	0	7	123	122	135	16	0	3	0	130	164	0	118	96	0	2	0	177	110	108	157	28	0	4	0	126	217	131	148	1	0	0	0	185	76	2	186	26	0	1	0	126	167	148	42	0	2	0	0	2	9	1	0	0	0	
0	0	0	0	0	0	0	0	0	2	0	63	124	0	2	0	0	3	0	67	190	0	1	0	0	3	0	82	158	0	3	0	0	3	0	104	162	0	4	0	0	3	0	100	181	0	3	0	0	2	0	70	117	0	2	0	0	0	0	0	0	0	0	0	
0	0	1	2	0	0	0	0	0	0	0	1	67	34	0	1	1	0	13	92	86	148	0	0	2	0	62	157	50	150	0	1	0	1	0	79	255	96	0	4	0	2	0	121	128	0	1	0	3	0	64	182	0	1	0	0	1	0	39	48	0	2	0	0	
0	0	0	0	0	0	0	0	0	0	4	52	70	21	0	1	1	0	11	134	153	104	0	3	0	2	0	106	130	0	0	0	0	0	0	35	130	14	0	1	0	0	8	0	114	75	0	3	1	0	50	69	111	20	0	1	0	0	2	80	52	0	1	0	
0	1	0	2	3	0	1	0	1	0	114	194	201	126	0	2	0	80	213	47	24	216	115	0	0	82	203	94	0	58	187	0	0	82	217	7	0	44	200	8	0	109	220	58	74	207	119	0	0	22	182	221	219	143	4	0	0	0	0	0	0	0	1	0	
0	0	1	0	25	30	0	1	0	2	0	39	224	98	0	4	1	0	5	199	88	0	2	0	2	0	49	171	0	1	0	0	2	0	53	147	97	66	0	1	1	0	7	195	196	191	0	1	0	1	0	33	130	54	0	1	0	0	0	1	0	0	0	0	
0	0	0	0	6	1	0	0	1	0	24	155	157	111	0	0	3	0	139	111	74	211	5	0	0	4	0	92	167	22	0	1	0	3	0	111	173	36	0	1	0	32	25	0	105	209	0	0	0	78	171	159	155	78	0	1	0	0	6	8	0	0	0	0	
0	2	3	2	3	3	0	0	0	0	0	0	0	0	0	0	0	99	181	175	180	116	3	0	0	48	62	49	45	185	30	0	0	0	2	0	54	159	0	1	0	2	3	0	159	45	0	2	0	3	0	120	136	0	3	0	1	0	1	182	47	0	2	0	
0	0	0	0	0	0	0	0	1	0	35	112	134	61	0	1	1	0	149	88	173	152	0	3	0	3	0	63	177	0	1	0	0	1	1	8	171	115	0	3	0	0	3	0	100	189	0	2	0	46	147	158	171	38	0	2	0	15	59	31	2	0	0	0	
0	0	1	0	0	0	1	0	0	0	1	68	137	106	0	1	3	0	119	250	69	139	82	0	0	8	187	57	0	72	122	0	0	58	137	0	0	68	120	0	0	111	92	0	3	165	69	0	0	65	179	121	160	94	0	1	1	0	42	64	20	0	1	0	
0	0	1	1	0	0	0	0	0	1	0	33	94	41	0	1	2	0	50	168	107	161	16	0	4	0	126	133	0	144	23	0	1	0	14	123	240	150	0	3	0	2	0	57	204	13	0	1	1	0	1	206	70	0	3	0	0	0	10	76	3	0	0	0	
0	0	1	0	0	0	0	0	0	0	7	70	37	0	1	0	1	0	128	132	86	0	2	0	0	6	187	106	135	31	0	1	1	0	23	49	161	39	0	2	0	0	2	0	152	35	0	1	0	0	4	0	148	91	0	2	0	0	1	0	35	88	0	0	
0	0	1	2	0	0	0	0	0	0	0	6	75	39	0	1	0	0	3	108	102	144	7	0	2	0	65	140	20	146	0	0	0	0	0	128	255	58	0	3	0	4	0	130	129	0	3	0	2	0	45	167	0	1	0	0	1	0	39	50	0	2	0	0	
2	0	42	27	0	4	0	0	2	0	147	54	0	2	1	0	0	10	164	2	41	88	3	0	0	40	132	7	155	163	100	0	0	26	143	83	114	124	78	0	3	0	94	177	224	137	0	1	0	1	0	54	57	0	1	0	0	0	2	0	0	2	0	0	
0	0	2	1	0	2	0	0	0	2	0	34	51	5	46	0	2	0	46	180	39	130	131	0	0	11	221	106	77	190	0	0	0	12	100	143	237	40	0	2	0	3	0	124	109	0	4	0	2	0	72	172	0	1	0	0	2	0	64	36	0	1	0	0	
0	0	0	0	1	0	0	0	0	0	1	0	67	19	0	1	0	0	0	6	133	9	0	0	0	2	0	50	104	0	3	0	0	3	0	103	81	0	3	0	0	3	0	96	51	0	2	0	0	3	0	95	38	0	1	0	0	0	0	16	4	0	0	0	
0	0	0	0	2	0	0	0	0	0	0	3	0	101	104	0	0	0	4	0	130	242	46	0	0	2	0	89	241	45	0	2	1	0	21	239	101	0	5	0	4	0	136	199	0	2	0	0	2	0	191	90	0	3	0	0	1	0	25	17	0	0	0	0	
1	0	16	49	11	0	1	0	4	0	120	255	218	77	0	1	0	0	21	48	146	253	55	0	0	0	1	0	10	241	98	0	0	43	160	187	201	255	147	0	0	180	255	245	255	121	6	1	0	40	143	138	65	0	0	0	0	0	0	0	0	2	1	0	
0	0	1	1	0	0	1	0	0	1	0	21	130	126	3	0	1	0	22	224	119	160	112	0	4	0	124	194	0	84	139	0	0	1	214	89	0	171	85	0	0	37	201	2	134	169	0	2	0	3	162	220	171	14	0	1	0	0	11	41	2	1	1	0	
0	1	3	0	0	0	1	0	0	0	2	61	135	156	26	0	0	29	161	142	77	156	159	0	0	70	93	96	98	150	107	0	1	0	4	127	233	69	0	2	2	122	26	0	75	167	0	3	0	92	159	159	189	118	0	3	0	0	6	54	52	0	0	0	
0	1	2	0	0	0	0	0	1	0	9	102	143	65	0	2	0	34	196	77	186	148	0	4	0	52	80	89	147	0	0	1	0	2	0	152	167	10	0	1	0	1	12	0	145	176	0	4	3	0	86	204	193	84	0	2	0	0	9	59	28	0	1	0	
0	0	0	0	0	0	0	0	0	7	51	68	24	0	1	0	0	170	234	190	244	80	0	3	0	33	6	138	255	110	0	2	2	0	54	192	135	226	138	0	4	0	127	255	239	243	154	0	0	0	5	61	84	34	0	1	0	0	0	0	0	0	2	0	
0	0	2	0	0	1	0	0	0	0	0	22	20	2	0	0	2	0	128	156	121	143	0	1	0	0	81	3	64	166	0	2	0	0	1	0	179	69	0	3	0	2	0	66	176	0	2	0	0	0	0	178	62	0	2	0	1	0	30	119	0	2	0	0	
0	0	0	1	0	0	0	0	0	0	1	0	123	26	0	1	0	2	0	42	183	0	0	0	0	3	0	93	157	0	4	0	0	4	0	148	108	0	3	0	0	3	0	165	76	0	3	0	0	3	0	107	69	0	2	0	0	0	0	0	0	0	0	0	
0	0	1	2	0	0	0	0	0	0	0	10	32	25	25	6	1	0	12	129	122	127	95	12	3	0	161	187	19	0	1	0	0	1	17	54	159	80	0	3	0	71	76	50	166	98	0	4	0	8	69	109	57	0	0	0	0	0	0	0	0	0	0	0	
0	0	0	1	2	1	0	0	0	0	0	5	89	21	15	0	0	3	0	96	196	95	43	0	1	0	8	135	22	0	0	0	1	0	27	106	0	2	2	0	0	1	0	51	145	68	0	3	2	0	52	108	121	24	0	1	0	0	2	10	2	0	0	0	
0	0	3	0	9	2	0	0	0	2	0	98	159	134	0	1	1	0	145	143	0	132	55	0	0	55	205	56	61	181	35	0	0	19	178	243	203	184	87	0	4	0	90	194	0	101	114	0	1	0	15	151	176	141	8	0	0	0	0	3	8	0	0	0	
0	1	2	0	0	1	2	0	0	0	0	29	47	7	0	1	0	5	136	141	110	135	43	0	0	116	125	0	0	27	133	12	0	70	173	16	2	0	116	60	2	0	83	162	124	123	123	4	0	1	0	5	32	27	1	0	0	0	3	1	0	0	2	1	
0	0	0	0	4	14	0	0	0	2	0	51	136	132	80	0	0	1	0	204	63	21	159	0	2	0	38	239	105	142	70	0	1	0	175	167	146	140	0	3	0	51	224	35	64	139	0	3	0	30	164	160	127	30	0	1	0	0	4	8	1	0	0	0	
0	0	3	4	0	0	0	0	0	0	87	136	25	0	1	0	0	4	5	66	95	0	3	0	0	2	0	64	82	0	4	0	0	3	0	99	44	0	1	0	0	2	0	117	24	6	19	0	0	2	0	60	133	88	33	0	0	0	0	0	8	2	0	0	
0	0	0	0	5	3	0	0	1	0	18	169	170	187	79	0	3	0	95	166	1	82	178	0	0	2	0	3	0	109	163	0	0	0	52	119	165	237	40	0	0	112	249	252	189	155	116	0	0	140	207	82	0	5	13	0	0	0	0	0	2	3	0	0	
0	0	0	0	0	0	0	0	1	0	7	109	79	0	1	0	2	0	100	128	175	0	0	0	0	3	0	122	182	5	0	1	2	0	53	191	158	152	0	4	1	0	16	0	115	119	0	3	2	0	44	166	143	2	0	0	0	0	7	42	3	0	0	0	
0	0	1	1	0	0	0	0	0	0	0	9	77	56	0	1	2	0	37	156	96	177	46	0	4	0	135	143	0	147	39	0	1	0	18	190	255	162	0	3	0	4	0	122	249	33	0	2	2	0	29	195	55	0	2	0	2	0	46	74	0	3	0	0	
0	0	1	1	0	1	0	0	0	0	0	7	33	10	0	0	1	0	31	136	119	136	6	0	4	0	107	103	23	163	4	0	1	0	15	80	198	85	0	3	0	1	0	29	138	4	0	0	0	2	0	138	62	0	2	0	0	0	3	103	7	0	0	0	
0	0	1	1	0	0	0	0	0	0	0	5	22	13	0	0	2	0	39	126	136	180	0	2	1	0	19	4	130	100	0	3	0	2	0	59	178	0	0	0	0	2	0	163	64	0	2	0	2	0	42	168	0	1	0	0	2	0	57	78	0	2	0	0	
0	0	0	0	0	0	0	0	0	3	0	73	66	0	2	0	0	3	0	90	132	0	4	0	0	1	0	45	115	0	3	0	0	1	0	34	138	0	2	0	0	1	0	20	161	0	0	0	0	0	0	10	133	7	0	0	0	0	0	0	0	0	0	0	
0	0	0	0	1	0	0	0	0	0	0	0	8	111	11	0	0	0	4	0	139	176	0	1	0	1	0	23	199	28	0	1	0	3	0	163	126	0	4	0	2	0	50	196	8	0	1	0	4	0	145	115	0	4	0	0	1	0	27	13	0	0	0	0	
0	0	1	0	4	2	0	0	0	1	0	72	171	124	0	2	3	0	97	176	78	164	0	2	1	0	24	0	162	76	0	3	0	1	0	157	129	0	3	0	4	0	134	200	68	108	36	0	3	0	105	191	132	91	31	0	0	0	0	2	0	0	0	0	
0	1	1	0	6	3	0	0	1	0	23	91	149	145	0	0	0	24	182	68	16	185	10	0	0	15	35	0	104	128	0	3	0	1	0	63	242	89	0	2	0	15	179	228	93	160	36	0	0	74	201	23	0	2	0	0	0	0	0	1	4	2	0	0	
0	0	1	1	0	1	0	0	0	1	0	52	46	0	1	0	2	0	38	182	171	50	0	2	4	0	111	94	120	103	0	4	2	0	36	135	206	59	0	3	0	1	0	13	166	11	0	1	0	3	0	87	129	0	3	0	0	1	0	37	23	0	1	0	
0	0	2	0	61	38	0	1	0	2	0	64	198	22	0	1	1	0	24	206	33	0	2	0	3	0	138	138	130	154	8	0	0	2	195	188	99	167	71	0	2	0	164	239	120	168	13	0	1	0	14	74	84	18	0	1	0	0	1	0	0	1	1	0	
0	0	0	0	0	2	0	0	0	0	2	23	13	0	0	0	2	0	32	116	112	113	0	1	0	0	3	0	97	90	0	2	0	2	0	66	126	0	1	0	0	0	0	136	22	0	1	0	2	0	56	93	0	3	0	0	2	0	50	35	0	1	0	0	
0	0	0	2	0	1	2	0	0	0	0	7	59	4	3	4	0	2	0	120	136	14	138	13	2	0	117	215	23	173	68	0	0	2	185	127	189	133	0	3	0	2	0	72	177	0	1	0	1	0	11	183	34	0	2	0	1	0	19	66	0	2	0	0	
0	0	0	0	2	1	0	0	2	0	60	61	0	6	0	0	3	0	182	91	59	189	2	0	0	4	216	216	245	196	0	1	0	0	93	68	177	138	0	4	0	1	0	0	228	100	0	4	0	1	0	26	217	36	0	2	0	0	0	4	29	0	0	0	
0	0	3	1	0	0	0	0	0	1	0	24	118	158	56	0	2	0	81	236	201	122	167	0	1	0	112	74	0	99	144	0	0	1	0	11	94	221	26	0	0	84	211	253	230	159	0	1	0	182	234	84	3	5	3	0	0	9	9	0	1	1	0	0	
0	0	2	1	0	0	0	0	0	1	0	15	109	91	0	0	2	0	53	161	189	18	0	1	3	0	86	184	74	0	3	0	0	3	0	133	159	42	0	2	0	2	0	111	35	134	27	0	0	3	0	98	134	123	16	0	0	0	0	4	56	21	0	1	
0	0	0	1	0	0	0	0	2	0	80	181	153	122	0	0	0	0	121	44	141	192	0	1	0	3	0	36	209	23	0	1	0	0	2	0	140	136	0	2	12	36	16	19	126	202	0	1	28	176	179	190	175	44	0	2	0	3	6	1	0	0	0	0	
0	0	0	2	1	0	0	0	0	0	0	0	1	13	12	2	0	2	0	88	172	148	109	24	1	0	15	194	45	0	1	0	0	12	1	34	116	0	2	1	0	38	107	115	147	0	2	0	1	0	67	84	8	0	0	0	0	1	0	0	1	0	0	0	
0	0	0	15	84	2	0	0	0	3	0	148	123	0	4	0	3	0	77	194	0	0	1	0	0	0	178	52	30	95	52	0	0	26	190	116	162	75	194	37	2	0	132	255	184	131	111	4	0	0	0	39	64	24	0	0	0	0	2	0	0	0	2	0	
0	0	0	0	0	4	0	0	0	0	1	0	25	91	0	2	0	0	3	0	103	82	0	3	0	0	0	3	141	18	0	1	0	3	0	84	106	0	3	0	1	0	15	148	11	0	0	0	2	0	47	89	0	3	0	0	0	0	0	1	1	0	0	0	
0	0	1	0	22	24	0	1	0	2	0	46	197	56	0	2	1	0	10	212	64	0	2	0	3	0	92	164	80	114	7	0	3	0	170	212	82	157	82	0	3	0	134	235	111	160	32	0	1	0	3	122	118	22	0	1	0	0	1	0	0	1	1	0	
0	0	0	0	0	0	0	0	1	0	36	18	0	56	6	0	2	0	51	44	0	107	4	0	3	0	85	71	12	103	0	2	0	6	133	101	127	95	0	4	0	9	34	0	81	72	0	3	0	0	3	0	106	24	0	1	0	0	1	0	26	3	0	0	
0	0	0	0	0	3	4	0	0	0	2	9	10	0	0	0	0	0	0	155	217	158	96	9	2	0	67	211	42	45	76	10	2	0	54	135	125	21	0	1	0	50	37	20	172	97	0	4	0	30	103	137	92	1	0	0	0	0	0	0	0	0	0	0	
0	0	0	0	0	2	3	0	0	10	20	19	5	0	0	0	0	137	170	125	137	131	92	0	0	12	15	2	0	88	179	0	0	0	3	0	48	165	25	0	0	3	0	57	177	32	0	2	2	0	50	183	21	0	2	0	3	0	102	102	0	4	0	0	
0	0	1	0	0	0	2	0	0	9	4	41	72	59	0	0	1	3	153	255	193	162	133	0	0	24	246	240	39	0	183	36	0	58	247	55	0	73	191	12	0	102	232	104	173	209	65	0	0	35	156	131	72	12	0	1	0	0	0	0	0	2	2	0	
0	0	0	0	0	0	0	0	0	2	0	55	102	0	3	0	0	2	0	56	126	0	3	0	0	2	0	56	137	0	3	0	0	2	0	48	145	0	2	0	0	2	0	48	164	0	2	0	0	1	0	40	107	0	2	0	0	0	0	0	0	0	0	0	
0	1	3	0	0	1	2	0	0	1	0	14	29	10	0	1	0	6	167	216	137	163	67	0	0	121	248	34	0	27	173	20	0	95	218	27	10	18	190	57	0	0	158	229	174	157	97	0	0	1	0	13	17	0	0	0	0	1	2	0	0	1	3	0	
0	0	0	4	7	0	0	0	0	3	131	143	105	0	2	0	0	37	143	32	43	5	0	0	0	9	157	121	112	140	38	0	0	0	0	1	0	33	107	0	0	5	96	48	9	82	121	0	1	0	66	134	149	139	22	0	0	0	0	0	0	0	0	0	
0	0	2	0	4	2	0	0	0	0	1	108	95	134	0	0	2	0	141	143	16	202	18	0	0	2	50	0	80	169	0	2	0	2	0	37	212	48	0	2	0	38	174	219	193	146	5	0	0	126	201	35	0	21	2	0	0	0	0	0	1	0	0	0	
0	0	0	0	1	0	0	0	0	2	0	57	31	0	1	0	0	4	0	118	111	0	3	0	0	3	0	101	127	0	4	0	0	3	0	98	128	0	4	0	0	3	0	102	109	0	4	0	0	3	0	91	74	0	3	0	0	0	0	11	5	0	0	0	
0	0	1	0	0	0	0	0	0	1	0	77	136	69	0	1	3	0	63	231	54	141	48	0	3	0	178	108	32	149	33	0	3	0	118	254	154	159	15	0	4	0	112	134	0	137	37	0	3	0	78	167	155	107	0	2	0	0	0	40	41	0	0	0	
0	0	0	0	0	0	0	0	4	29	24	6	5	13	1	0	23	159	181	160	182	189	0	0	0	0	7	0	112	146	0	4	0	1	3	0	169	106	0	4	0	0	3	0	181	81	0	3	0	0	2	0	198	125	0	4	0	0	3	0	114	97	0	3	
0	0	0	0	1	0	0	0	0	0	1	0	28	113	2	0	0	0	3	0	163	112	0	3	0	2	0	55	187	0	0	1	0	4	0	146	120	0	4	0	0	2	0	169	67	0	2	0	0	2	0	168	51	0	2	0	0	1	0	23	8	0	0	0	
0	0	2	4	3	1	0	0	0	0	0	0	0	1	0	0	1	0	27	149	167	15	0	1	1	0	133	104	162	145	0	3	1	0	120	100	144	122	0	3	0	0	10	27	102	47	0	2	0	0	0	4	116	5	0	0	0	1	0	32	92	0	2	0	
0	0	2	0	39	47	0	1	0	1	0	20	162	32	0	1	0	0	0	167	79	0	2	0	3	0	99	136	0	10	0	0	3	0	148	143	154	215	36	0	4	0	141	255	183	122	1	0	1	0	25	60	11	0	0	0	0	0	0	0	0	3	0	0	
0	0	0	0	1	0	0	0	0	2	0	72	52	0	2	0	0	3	0	84	108	0	3	0	0	2	0	59	149	0	3	0	0	3	0	83	149	0	4	0	0	4	0	127	114	0	4	0	0	2	0	104	32	0	1	0	0	0	0	0	0	0	0	0	
0	0	0	0	1	0	1	0	0	0	1	0	15	180	35	0	0	0	4	0	132	207	0	0	0	3	0	63	241	50	0	2	1	0	11	227	118	0	3	0	0	3	178	169	0	3	0	0	0	56	183	9	0	1	0	0	0	0	0	2	1	0	0	0	
0	0	2	0	0	0	0	0	0	1	0	35	48	0	0	0	1	0	90	126	170	28	0	1	0	39	190	21	181	44	0	2	0	4	103	135	209	20	0	1	0	0	3	0	164	62	0	2	0	0	7	0	144	117	0	4	0	0	2	0	56	73	0	2	
0	0	2	1	0	0	0	0	0	1	0	4	94	161	37	0	1	0	22	212	205	187	172	0	0	12	220	185	0	71	179	0	0	152	216	5	0	171	137	0	0	189	137	18	156	210	12	0	0	107	215	217	148	15	0	1	0	0	14	12	0	1	1	0	
0	0	0	6	38	4	0	0	0	1	0	82	62	1	0	0	1	0	32	83	0	2	0	0	3	0	63	74	73	77	5	0	3	0	88	118	0	44	67	0	2	0	53	87	0	65	41	0	0	0	0	62	81	43	0	0	0	0	1	0	0	0	1	0	
0	0	2	1	0	1	0	0	0	0	0	9	1	19	44	0	2	0	53	125	0	158	62	0	4	0	115	159	144	119	0	3	0	1	0	59	177	1	1	0	0	2	0	134	62	0	2	0	2	0	53	138	0	2	0	0	1	0	39	32	0	1	0	0	
0	0	0	0	0	1	0	0	0	0	41	74	27	0	1	0	0	71	196	113	181	48	0	2	0	10	0	101	181	10	0	1	0	0	0	13	89	104	21	0	0	0	1	5	0	141	87	0	1	0	17	122	123	104	0	1	1	0	10	113	66	0	1	0	
0	0	0	0	0	0	0	0	0	0	83	54	156	154	0	3	0	20	146	50	195	103	0	2	0	3	0	60	218	24	0	1	0	0	2	0	50	211	27	0	0	8	134	69	77	211	27	0	0	29	198	189	179	48	0	2	0	0	0	2	0	1	1	0	
1	0	14	34	0	1	0	0	0	19	174	192	147	5	0	1	0	12	39	0	189	132	0	4	0	0	4	0	142	171	0	3	1	0	38	141	255	112	0	4	2	0	183	255	177	219	59	0	1	0	95	106	0	99	75	0	0	0	0	0	2	0	0	0	
0	0	0	0	1	1	1	0	0	0	0	0	12	125	9	0	0	0	2	0	130	83	0	2	0	2	0	67	182	0	1	0	0	2	0	172	75	0	2	0	2	0	54	181	0	1	0	0	3	0	98	92	0	3	0	0	0	0	2	1	0	0	0	0	
0	0	0	2	0	7	3	1	0	0	3	0	53	124	24	0	0	1	0	68	78	55	62	24	1	0	53	87	74	114	50	8	0	0	119	126	61	0	1	0	1	0	134	98	123	81	0	3	0	0	80	76	89	22	0	1	0	0	3	13	0	0	0	0	
0	0	2	0	59	63	0	2	0	2	0	64	216	55	0	2	2	0	28	228	55	0	3	0	4	0	146	157	64	82	0	1	3	0	177	230	164	218	74	0	4	0	142	255	148	218	70	0	1	0	25	76	91	53	0	0	0	0	0	0	0	0	1	0	
0	1	1	0	1	2	0	0	0	0	5	16	4	0	0	0	0	36	180	195	200	62	0	2	0	9	34	0	128	157	0	4	0	0	4	0	151	117	0	4	0	1	0	24	209	27	0	1	0	3	0	91	180	0	3	0	0	2	0	67	112	0	3	0	
0	0	0	0	1	1	1	0	0	0	1	0	19	163	16	0	0	0	3	0	158	165	0	3	0	3	0	83	244	31	0	2	1	0	13	217	83	0	3	0	4	0	139	191	0	2	0	0	3	0	150	78	0	3	0	0	0	0	0	1	0	0	0	0	
0	1	0	19	106	0	1	0	0	1	0	24	150	0	1	0	0	2	0	63	146	0	4	0	0	2	0	78	149	0	3	0	0	1	0	17	162	39	15	0	0	35	141	151	194	104	19	0	0	4	31	33	6	0	0	0	0	0	0	0	1	3	1	0	
0	0	1	1	0	0	0	0	0	1	0	14	76	80	10	0	1	0	19	153	79	134	81	0	3	0	93	146	20	97	13	0	1	0	21	82	229	109	0	4	0	2	0	66	170	0	1	0	1	0	15	208	49	0	2	0	1	0	30	88	0	2	0	0	
0	0	0	0	0	0	0	0	0	0	7	16	24	4	0	0	3	0	153	209	214	111	0	4	4	0	122	75	121	85	0	3	1	0	15	13	188	43	0	2	0	1	0	5	195	36	0	2	0	0	0	1	196	44	0	2	0	0	2	0	96	39	0	1	
0	0	0	1	0	0	0	0	0	0	2	0	88	138	3	0	0	2	0	72	192	169	71	0	0	3	0	180	88	136	51	0	3	0	75	181	70	159	0	2	0	0	164	30	165	65	0	2	0	2	134	173	101	0	2	0	1	0	25	42	0	1	0	0	
0	0	0	1	5	0	0	0	0	1	0	100	173	29	0	2	2	0	43	160	165	35	0	2	0	3	0	119	151	0	3	0	0	7	21	11	156	33	0	1	0	55	162	0	108	139	0	4	0	3	79	138	165	65	0	2	0	0	0	3	5	0	0	0	
0	0	0	0	0	0	0	0	0	0	0	2	99	15	0	1	0	1	0	28	217	24	0	1	0	3	0	95	207	0	1	0	0	4	0	155	145	0	4	0	0	1	0	195	80	0	3	0	1	0	4	201	55	0	2	0	0	0	0	19	3	0	0	0	
0	0	0	0	0	0	0	0	18	126	112	84	55	10	0	0	9	79	114	133	134	220	38	0	0	0	1	0	136	203	7	0	1	1	8	197	206	16	0	1	3	0	177	197	0	27	17	0	2	0	115	189	159	206	80	0	0	1	0	22	60	30	1	0	
0	0	0	0	0	1	0	0	2	0	32	203	120	0	3	0	4	0	148	211	180	45	0	2	0	0	15	0	119	102	0	4	0	1	0	17	178	90	0	3	3	0	52	250	255	121	0	3	2	0	37	187	68	152	33	0	0	0	0	0	0	3	4	0	
0	1	2	0	0	2	0	0	0	1	0	62	41	0	1	0	0	5	152	185	137	43	9	0	0	156	111	0	87	222	6	0	0	178	103	80	205	199	2	0	0	33	148	119	26	180	35	0	0	1	0	3	0	138	128	0	0	2	4	5	0	25	69	0	
0	0	0	53	32	0	1	0	0	1	0	116	175	18	0	1	0	0	1	0	156	47	0	2	0	3	0	149	248	28	0	2	0	0	2	0	119	116	0	4	0	16	144	127	218	69	0	3	1	0	86	176	81	0	2	0	0	0	0	0	0	1	0	0	
0	1	0	0	0	1	0	0	0	4	65	105	109	39	21	0	0	151	126	11	39	159	55	0	0	66	107	112	186	146	0	0	0	0	3	138	64	74	139	0	3	0	90	66	0	101	129	0	3	0	96	138	133	100	10	0	0	0	6	42	9	0	2	0	
0	0	2	0	0	0	0	0	0	0	0	1	0	64	18	0	1	0	88	16	0	143	38	0	0	24	167	0	7	155	10	0	0	26	175	125	155	136	0	3	1	0	16	35	153	60	0	2	0	1	0	4	125	8	0	0	0	0	1	2	17	1	0	0	
0	0	0	0	2	2	0	0	0	68	156	52	2	0	3	0	0	149	207	216	206	47	0	1	0	121	102	0	99	207	114	0	0	66	166	0	2	0	164	57	1	0	148	201	101	93	177	40	0	0	0	80	153	164	66	0	0	1	2	0	0	0	0	0	
0	0	1	1	0	0	0	0	0	2	0	51	75	64	60	0	1	0	5	184	174	177	75	0	2	0	53	229	151	17	0	1	0	0	7	0	75	121	0	4	2	0	130	98	188	96	0	3	2	0	58	213	116	0	0	0	0	0	0	0	0	1	0	0	
0	0	0	0	0	0	0	0	0	24	110	129	153	144	33	0	0	26	169	160	211	255	48	0	0	2	0	29	228	137	0	2	2	0	37	242	134	0	14	5	3	0	175	218	46	151	169	19	2	0	180	251	195	111	17	0	1	0	17	50	11	0	1	0	
0	0	0	0	16	40	0	1	0	0	1	0	102	43	0	2	0	3	0	87	138	0	2	0	0	0	0	114	22	0	0	0	2	0	50	118	175	169	0	1	2	0	43	182	190	110	0	2	0	0	0	58	42	0	0	0	0	0	0	0	0	2	0	0	
0	0	0	0	0	0	0	0	0	0	1	0	60	15	0	1	0	0	2	0	150	31	0	1	0	1	0	16	142	1	0	0	0	2	0	56	114	0	3	0	0	3	0	100	71	0	3	0	0	2	0	71	20	0	1	0	0	0	0	9	1	0	0	0	
0	1	4	1	0	0	0	0	0	0	0	2	17	4	0	0	0	33	164	193	242	121	0	4	0	21	115	42	187	140	0	4	0	0	0	0	210	78	0	3	0	4	0	98	216	1	0	1	1	0	16	232	98	0	3	0	2	0	41	152	0	0	0	0	
0	0	1	0	0	0	0	0	0	1	0	30	146	138	28	0	3	0	111	229	103	45	20	0	0	3	220	236	164	94	0	1	0	2	87	92	65	193	19	0	0	7	71	0	65	187	2	0	1	0	141	172	189	58	0	2	0	0	3	57	21	0	1	0	
0	0	0	0	0	0	0	0	0	1	0	81	150	102	0	0	3	0	67	175	38	102	8	0	1	0	37	112	80	132	0	2	0	3	0	141	184	1	0	1	2	0	36	233	105	0	4	0	4	0	82	226	55	0	2	0	0	0	7	33	0	0	0	0	
0	0	0	0	1	0	0	0	0	0	2	0	67	36	0	1	0	1	0	5	184	33	0	1	0	2	0	53	160	0	2	0	0	3	0	93	134	0	4	0	0	3	0	138	70	0	2	0	0	3	0	111	60	0	2	0	0	0	0	8	10	0	0	0	
0	0	2	1	0	1	0	0	0	1	0	37	75	1	0	0	2	0	56	136	137	88	0	3	2	0	143	71	175	124	0	4	2	0	71	128	206	28	0	2	0	3	0	74	131	0	3	0	0	2	0	158	50	0	2	0	0	0	0	55	7	0	0	0	
0	0	1	0	0	0	0	0	2	0	48	71	0	11	0	0	4	0	124	63	39	101	0	3	0	5	199	27	108	145	13	4	1	0	129	203	229	211	85	0	0	0	0	4	171	46	0	2	0	0	2	1	104	10	0	0	0	0	0	1	1	0	0	0	
0	0	1	1	1	4	0	0	0	2	0	22	175	160	50	0	1	0	3	210	149	19	143	0	2	0	155	195	31	24	155	0	0	76	176	0	0	166	112	0	0	122	111	4	160	158	0	0	0	37	172	184	117	0	1	0	0	0	5	4	0	2	1	0	
0	1	0	16	44	0	0	0	1	0	9	171	185	0	0	0	4	0	134	118	1	2	1	0	0	26	184	8	1	30	2	0	0	13	189	28	116	187	84	0	3	0	106	217	187	149	88	0	0	1	0	89	119	65	0	1	0	0	1	0	0	0	2	0	
0	0	0	1	0	0	0	0	0	0	1	0	105	69	0	2	0	2	0	57	255	104	0	4	0	4	0	155	242	8	0	1	0	1	0	199	158	0	3	0	1	0	10	244	110	0	4	0	1	0	13	195	31	0	1	0	0	0	2	25	1	0	0	0	
0	0	0	0	0	0	1	0	1	0	8	114	188	120	0	1	4	0	111	201	29	214	39	0	3	0	168	64	0	169	91	0	0	2	178	33	0	161	80	0	0	0	198	48	38	208	16	0	3	0	87	179	154	61	0	2	0	0	0	6	3	0	0	0	
0	0	0	0	37	10	0	0	0	0	4	0	165	176	3	0	0	2	0	2	0	190	79	0	0	0	48	44	43	195	33	0	0	122	220	233	255	134	0	4	0	194	227	183	102	188	60	0	0	32	68	9	0	45	86	0	0	0	0	1	4	1	0	0	
0	0	0	2	0	1	1	0	2	0	39	154	77	23	0	1	3	0	92	91	22	115	29	0	3	0	93	30	0	40	94	0	2	0	97	19	0	0	102	7	3	0	100	34	0	59	89	0	2	0	38	123	111	60	2	0	0	0	0	10	11	0	2	0	
0	0	3	2	0	0	0	0	3	0	85	183	45	0	2	0	0	1	0	34	166	2	0	0	2	0	91	202	184	0	0	1	1	0	85	79	85	105	0	2	1	0	20	41	118	181	0	2	1	0	23	169	193	34	0	2	0	0	0	0	0	0	0	0	
0	0	0	0	5	3	0	0	0	0	0	1	130	96	0	1	0	2	0	65	108	108	21	0	0	2	0	45	127	122	3	0	1	0	6	114	195	39	0	2	0	13	139	109	126	0	4	0	0	3	99	108	72	0	2	0	0	0	1	10	1	0	0	0	
0	0	2	1	0	1	0	0	0	0	0	1	4	77	5	0	2	0	62	21	26	157	0	1	2	0	193	101	115	164	0	3	2	0	88	162	234	106	0	3	0	0	0	9	154	9	0	1	0	2	0	53	138	0	3	0	0	0	0	10	18	0	0	0	
0	0	1	3	0	0	0	0	0	0	1	0	4	81	43	0	1	0	19	87	131	83	6	0	1	0	84	66	0	0	0	0	0	0	23	98	50	0	2	0	0	0	0	5	112	3	0	0	1	0	31	108	98	0	1	0	1	0	11	50	8	0	0	0	
0	0	1	1	0	0	0	0	0	2	0	91	34	48	160	55	2	0	51	210	39	198	140	30	4	0	158	148	0	10	0	0	3	0	70	205	140	11	1	2	0	2	37	2	174	120	0	4	2	0	115	221	207	44	0	2	0	0	0	45	23	0	1	0	
0	0	0	0	1	0	0	0	0	1	0	31	55	0	2	0	0	2	0	66	78	0	3	0	0	2	0	65	76	0	3	0	0	2	0	60	74	0	3	0	0	3	0	75	82	0	3	0	0	3	0	81	57	0	2	0	0	0	0	1	0	0	0	0	
0	0	1	0	25	59	0	1	0	0	2	0	136	72	0	2	0	3	0	89	117	0	3	0	1	0	16	151	39	29	0	1	2	0	53	191	182	170	0	3	2	0	44	233	184	57	0	2	0	0	0	58	39	0	1	0	0	0	0	0	1	2	0	0	
0	0	0	0	0	0	0	0	0	0	19	21	10	2	0	0	0	0	72	111	177	38	0	2	0	0	0	4	151	13	0	1	0	1	0	35	138	0	2	0	0	3	0	85	95	0	3	0	0	3	0	126	59	0	2	0	0	2	0	91	44	0	2	0	
0	0	1	1	0	0	0	0	0	0	0	0	8	10	0	0	0	14	185	205	219	193	1	0	0	2	71	57	97	185	0	1	0	0	2	0	167	94	0	3	0	3	0	97	179	0	1	0	1	0	6	187	40	0	2	0	1	0	33	126	0	2	0	0	
0	0	0	0	0	1	1	0	1	0	74	154	150	49	0	2	0	44	196	73	109	193	21	0	0	77	138	0	0	106	150	0	0	72	156	0	1	24	165	0	0	23	203	34	0	111	116	0	3	0	88	204	192	168	16	0	0	1	0	32	52	2	0	0	
0	0	0	1	0	0	0	0	0	0	0	1	88	159	58	0	0	3	0	105	178	200	28	0	0	1	0	133	176	95	0	3	0	3	0	171	172	0	3	0	3	0	55	222	113	0	4	0	3	0	69	233	62	0	2	0	0	0	4	37	2	0	0	0	
0	0	0	1	0	0	0	0	0	6	8	0	12	6	0	0	0	46	180	163	223	117	0	4	0	0	25	13	135	132	0	4	0	0	2	0	177	75	0	3	0	2	0	45	179	0	0	0	0	3	0	95	154	0	3	0	0	3	0	84	134	0	2	0	
0	0	1	1	1	2	0	0	0	0	0	11	14	0	0	0	1	0	17	173	167	34	0	1	3	0	152	141	204	144	0	4	2	0	96	112	174	90	0	4	0	0	0	7	165	19	0	1	0	3	0	93	141	0	3	0	0	3	0	108	58	0	2	0	
0	0	0	2	3	3	0	0	0	1	64	22	0	1	0	0	0	22	243	207	177	80	0	1	0	5	34	81	196	211	0	0	0	0	4	0	142	171	0	4	0	1	0	8	209	59	0	2	0	3	0	105	203	0	0	0	0	2	0	52	49	0	1	0	
0	0	1	0	1	0	1	0	0	1	0	156	94	100	13	0	3	0	100	205	40	187	136	0	0	0	215	82	0	77	177	0	0	65	215	4	0	160	117	0	0	72	226	21	114	182	2	0	0	1	151	188	119	14	0	1	0	0	0	1	0	1	1	0	
0	0	4	42	11	0	2	0	4	0	102	166	17	0	2	1	0	11	190	25	3	54	29	0	0	63	154	21	162	134	171	23	0	58	157	146	38	0	169	36	0	2	165	226	88	152	109	0	1	0	19	103	136	72	0	1	0	1	1	0	0	0	2	0	
0	0	0	1	1	0	0	0	0	0	2	0	137	70	0	3	0	0	0	0	214	79	0	3	0	2	0	63	220	10	0	1	0	4	0	137	156	0	3	0	1	0	0	208	72	0	3	0	1	0	15	177	32	0	1	0	0	0	0	0	0	0	0	0	
0	0	0	0	0	0	0	0	2	0	71	146	84	14	0	1	0	21	182	65	121	57	0	2	0	83	194	97	126	109	5	0	0	34	104	45	30	133	127	0	0	0	0	1	0	32	182	0	2	0	52	147	144	178	73	0	1	0	9	56	62	19	0	1	
0	0	0	0	1	0	0	0	0	1	0	55	31	0	1	0	0	3	0	65	174	12	0	1	0	0	0	1	159	23	0	1	0	59	166	192	166	77	16	0	0	81	151	44	20	120	106	4	0	0	0	0	0	0	1	1	0	2	4	2	1	4	1	0	
0	0	0	1	0	0	0	0	0	2	0	48	185	34	0	2	0	1	0	177	178	186	34	0	3	0	66	175	0	145	49	0	4	0	152	105	28	166	0	1	4	0	131	151	172	79	0	3	2	0	35	208	110	0	2	0	0	0	0	0	0	1	0	0	
0	0	0	3	3	0	0	0	2	0	45	187	156	19	0	1	1	0	34	10	153	102	0	3	1	0	16	149	211	27	0	1	1	0	16	73	83	149	3	0	2	0	69	33	11	204	19	0	3	0	78	182	157	65	0	2	0	0	0	5	6	0	0	0	
0	0	0	1	0	0	0	0	0	1	0	21	88	0	0	0	0	0	0	142	167	0	1	0	0	0	8	38	112	3	0	0	0	0	0	8	94	0	0	0	0	2	0	60	160	5	0	1	1	0	26	140	41	0	1	0	1	0	16	17	0	1	0	0	
0	0	2	2	0	1	0	0	0	1	1	0	0	17	83	0	2	0	66	52	0	109	126	0	0	1	190	51	6	161	12	0	0	51	230	114	171	157	16	0	0	3	19	80	163	2	7	0	0	3	0	125	76	0	2	0	0	1	0	21	6	0	0	0	
0	0	0	0	0	1	0	0	2	0	81	186	121	0	0	0	1	0	84	43	167	77	0	3	0	0	4	0	137	77	0	3	0	1	0	44	171	0	0	0	0	2	0	155	91	39	0	1	0	0	0	154	179	73	0	2	0	0	0	2	8	0	0	0	
0	0	1	2	1	1	0	0	0	1	0	29	56	4	94	45	1	0	3	144	131	160	102	18	4	0	136	158	0	26	0	1	1	0	26	116	88	0	5	1	0	40	33	20	199	17	0	1	0	38	165	179	93	0	2	0	0	0	14	17	0	0	0	0	
0	0	0	0	0	0	0	0	2	0	73	204	184	34	0	2	3	0	91	122	150	158	0	5	0	11	157	194	183	158	0	3	0	88	185	44	255	95	89	99	0	40	225	209	184	226	216	51	1	0	24	34	0	60	24	0	0	1	0	0	2	0	1	1	
0	0	0	2	0	67	22	0	0	0	3	0	81	147	0	0	0	2	0	38	146	7	0	1	1	0	0	168	96	6	0	0	3	0	107	194	167	138	0	4	3	0	165	145	138	32	0	1	1	0	24	85	24	0	1	0	0	0	0	0	2	2	0	0	
0	0	0	2	0	29	4	0	0	0	1	0	117	113	0	1	0	2	0	98	109	0	1	0	2	0	48	143	33	46	0	1	4	0	104	94	104	145	17	0	3	0	107	92	52	127	4	0	1	0	11	111	117	28	0	1	0	0	0	0	0	1	0	0	
0	1	4	1	0	0	0	0	0	0	1	0	23	59	10	0	0	62	173	184	206	255	93	0	0	28	108	56	59	226	40	0	0	1	0	5	206	132	0	3	0	3	0	167	204	0	1	1	3	0	87	255	50	0	2	0	2	0	65	87	0	2	0	0	
0	1	3	1	0	2	0	0	0	0	0	3	15	1	0	0	0	35	190	181	205	87	0	2	0	13	88	25	129	183	0	3	0	1	0	0	194	58	0	2	0	4	0	86	194	0	1	0	0	1	0	188	98	0	3	0	1	0	12	161	24	0	1	0	
0	0	0	2	0	0	0	0	0	0	0	0	84	155	84	2	0	1	0	139	164	64	55	7	2	0	39	176	27	94	89	1	3	0	62	223	163	96	9	0	1	0	177	197	6	0	1	0	0	0	169	183	7	1	1	0	1	0	21	34	0	1	0	0	
0	0	0	0	1	0	0	0	0	0	2	0	56	96	0	3	0	0	3	0	145	88	0	3	0	1	0	35	174	2	0	0	0	3	0	111	104	0	3	0	1	0	12	167	15	0	1	0	1	0	35	118	0	2	0	0	0	0	0	0	0	0	0	0	
0	0	2	2	0	2	0	0	0	1	0	19	77	5	0	0	1	0	31	149	142	75	0	2	1	0	169	97	133	147	0	4	0	1	124	99	164	64	0	3	0	1	0	18	134	0	0	0	0	3	0	83	120	0	3	0	0	2	0	56	56	0	2	0	
0	0	2	1	0	0	0	0	0	2	0	53	191	128	0	0	3	0	66	232	102	234	86	0	0	9	206	73	0	120	152	0	0	65	163	0	0	176	127	0	0	68	185	49	171	192	0	0	0	9	158	204	122	11	0	1	0	0	0	0	0	1	1	0	
0	0	0	0	0	0	0	0	0	1	0	62	125	115	83	15	3	0	80	204	73	240	153	2	1	0	29	186	173	81	0	1	1	0	18	235	145	0	6	1	0	9	156	144	153	0	3	0	0	41	181	164	81	0	3	0	1	0	40	55	0	0	0	0	
0	0	0	0	2	7	0	0	3	0	64	143	149	68	0	2	4	0	121	110	37	20	0	1	4	0	117	184	119	159	44	0	2	0	59	116	0	66	120	0	0	8	57	1	0	105	127	0	0	1	125	156	133	144	22	0	0	0	0	3	5	0	0	0	
0	0	0	12	69	0	0	0	0	3	0	79	153	0	3	0	0	1	0	175	48	0	2	0	2	0	61	133	28	39	0	1	4	0	99	179	111	171	43	0	4	0	126	220	95	120	9	0	1	0	32	54	52	7	0	0	0	0	0	0	0	2	1	0	
0	0	0	0	0	0	0	0	0	2	0	71	121	0	2	0	0	4	0	129	159	0	4	0	0	4	0	137	134	0	4	0	0	4	0	153	135	0	4	0	0	3	0	190	174	0	3	0	0	2	0	134	125	0	2	0	0	0	0	0	0	0	0	0	
0	0	1	1	0	20	56	4	1	0	16	49	76	198	129	10	3	0	78	179	5	18	0	0	3	0	100	185	106	51	0	2	0	0	1	0	20	189	19	0	0	75	182	189	192	165	2	0	0	41	130	146	105	13	0	1	0	0	0	0	0	1	0	0	
0	0	0	0	0	0	0	0	0	2	0	65	107	0	3	0	0	4	0	114	177	0	3	0	0	4	0	110	179	0	3	0	0	4	0	112	157	0	4	0	0	4	0	109	198	0	2	0	0	2	0	44	151	0	0	0	0	0	0	0	0	0	0	0	
0	0	0	2	0	1	0	0	0	1	0	8	179	49	0	2	0	3	0	141	215	148	0	1	2	0	58	198	9	202	37	0	4	0	154	68	35	216	12	0	3	0	164	64	191	123	0	3	2	0	91	185	98	0	1	0	0	0	0	2	0	2	0	0	
0	0	0	0	1	0	0	0	0	0	2	0	46	56	0	2	0	0	3	0	151	69	0	3	0	1	0	27	166	3	0	0	0	3	0	109	121	0	4	0	0	1	0	151	45	0	2	0	1	0	13	150	1	0	0	0	0	0	1	26	2	0	0	0	
0	0	1	0	27	7	0	0	0	1	0	20	160	9	0	1	0	3	0	130	115	0	1	0	1	0	17	229	154	119	5	0	3	0	94	170	0	165	16	0	4	0	112	137	124	109	0	3	1	0	4	124	101	0	0	0	0	0	0	0	0	1	0	0	
0	0	0	2	3	0	0	0	1	0	50	148	197	50	0	2	2	0	103	94	199	34	0	2	0	2	0	155	116	0	4	0	2	0	50	199	2	0	1	0	3	0	74	207	30	93	90	0	0	0	1	113	180	153	23	0	0	0	0	0	0	0	0	0	
0	0	2	2	0	0	0	0	0	0	0	1	27	43	108	6	2	0	41	161	188	255	126	0	4	0	153	129	190	107	0	2	3	0	81	255	99	0	4	0	0	0	160	134	116	0	2	0	0	9	128	125	128	0	2	0	1	0	16	64	8	0	0	0	
0	0	1	1	0	0	0	0	0	0	0	12	13	0	0	0	1	0	15	163	166	7	0	1	1	0	13	100	195	32	0	2	0	1	0	14	161	8	0	1	0	2	0	61	118	0	3	0	0	3	0	95	68	0	2	0	0	1	0	69	12	0	0	0	
0	0	0	3	0	0	0	0	0	0	3	0	37	54	1	0	0	1	0	96	212	178	0	0	1	0	124	175	204	181	0	3	0	35	232	147	181	137	0	4	0	0	27	1	164	61	0	2	0	2	0	45	176	0	1	0	0	1	0	33	47	0	1	0	
0	1	0	0	2	1	0	0	0	1	58	52	0	0	0	0	0	95	128	109	103	2	1	0	0	136	56	0	153	136	0	3	0	27	133	98	124	130	0	4	0	0	4	0	41	181	0	0	0	1	3	0	13	207	23	0	0	0	0	1	0	71	11	0	
0	0	1	2	1	1	0	0	0	0	1	0	6	69	0	0	1	0	15	86	38	137	0	2	3	0	113	134	114	109	0	4	2	0	174	196	224	60	0	2	0	2	0	113	142	0	3	0	0	3	0	141	60	0	2	0	0	0	0	23	5	0	0	0	
0	0	0	0	0	0	0	0	0	0	0	13	22	0	0	0	3	0	70	186	188	48	0	2	3	0	88	87	112	62	0	2	0	0	13	12	148	24	0	1	0	1	0	21	148	0	0	0	0	2	0	66	130	0	3	0	0	2	0	46	62	0	2	0	
0	0	0	0	1	0	0	0	0	0	3	0	92	51	3	1	0	0	1	0	162	39	6	1	0	2	0	51	177	0	1	0	0	3	0	148	110	0	4	0	2	0	39	194	10	1	46	0	3	0	96	106	0	3	6	0	0	0	1	1	1	0	0	0	
0	0	0	0	0	0	0	0	1	0	31	64	20	0	0	0	2	0	38	91	123	85	0	3	0	0	3	0	94	84	0	3	0	0	4	0	126	32	0	1	0	1	0	32	134	0	1	0	0	3	0	113	76	0	3	0	0	1	0	70	13	0	0	0	
0	0	2	1	0	0	0	0	0	1	0	13	80	30	0	1	2	0	48	168	172	176	0	1	0	32	169	20	9	216	48	0	0	71	128	47	211	186	0	0	0	5	107	173	225	24	0	1	0	3	0	147	118	0	3	0	0	1	1	82	18	0	0	0	
0	0	0	6	12	0	0	0	2	0	42	111	96	44	0	2	0	11	130	0	48	107	0	2	0	1	91	102	111	6	0	0	1	0	28	158	86	31	0	1	1	0	37	91	0	106	65	0	0	1	0	69	102	114	68	0	0	0	0	0	11	13	0	0	
0	0	0	2	0	0	0	0	0	0	1	0	49	52	93	27	0	2	0	50	218	181	141	32	1	0	10	222	85	0	3	0	0	0	7	40	139	62	0	4	0	57	243	163	187	55	0	2	0	14	101	122	57	0	1	0	0	0	0	0	1	1	0	0	
0	0	2	0	0	0	0	0	0	0	2	60	68	2	0	0	0	0	124	105	109	106	0	3	0	55	138	0	126	129	0	4	0	15	140	107	171	102	0	4	0	0	9	0	107	90	0	3	0	1	5	0	117	68	0	3	0	0	2	0	47	29	0	1	
0	0	0	0	28	14	0	1	0	0	0	0	140	153	27	0	0	1	0	3	0	141	110	0	0	1	1	166	215	185	3	0	2	7	0	97	255	78	0	3	35	203	184	202	105	0	2	0	3	64	86	27	0	2	0	0	0	0	0	0	3	0	0	0	
0	0	0	0	3	3	0	0	1	0	49	26	0	1	0	0	0	8	190	35	51	163	39	0	0	45	206	169	223	226	13	0	0	8	102	33	140	121	0	4	0	2	0	39	204	16	0	1	0	4	0	145	142	0	4	0	0	1	0	61	26	0	1	0	
0	0	1	2	0	0	0	0	0	0	2	0	94	207	33	0	0	2	0	143	255	255	81	0	3	0	137	232	80	239	55	0	0	61	217	14	155	207	0	0	0	144	176	162	255	45	0	2	0	83	228	192	59	0	2	0	0	0	0	0	1	2	0	0	
0	0	0	0	0	1	0	0	0	2	55	139	116	7	0	1	0	70	252	166	237	114	0	4	0	10	32	0	106	201	0	2	1	0	15	175	231	235	21	0	4	0	90	252	226	255	90	0	2	0	37	225	169	42	18	0	0	0	0	19	5	0	0	0	
0	0	1	0	0	0	0	0	0	0	4	21	0	64	30	0	3	0	68	182	0	159	46	0	1	0	184	120	32	194	5	0	0	41	235	163	222	133	0	3	0	3	9	19	189	22	0	1	0	3	0	112	146	0	4	0	0	1	0	34	15	0	0	0	
0	0	2	0	0	0	0	0	0	0	0	36	109	149	57	0	2	0	121	222	144	229	195	0	0	32	240	57	121	243	63	0	0	14	216	247	229	53	0	2	4	0	116	255	161	0	5	0	0	22	225	255	221	15	0	1	0	13	50	46	32	0	0	0	
0	0	0	1	0	0	0	0	0	0	0	3	62	59	9	0	0	1	0	154	166	219	131	0	0	0	0	140	103	160	17	0	0	3	0	139	234	16	0	1	3	0	94	169	132	5	0	0	3	0	137	134	113	0	2	0	1	0	27	104	16	0	1	0	
0	0	0	0	0	0	0	0	0	2	0	103	209	36	0	2	3	0	64	209	170	103	0	4	1	0	36	41	184	92	0	3	0	3	0	115	197	0	0	1	3	0	102	255	159	66	26	0	1	0	93	108	149	212	45	0	0	0	0	0	0	0	0	0	
0	0	1	1	0	0	0	0	0	1	0	19	65	27	9	0	2	0	32	156	143	154	18	0	3	0	156	134	148	115	0	4	2	0	62	79	166	36	0	1	0	3	0	85	158	0	3	0	1	0	0	186	54	0	2	0	1	0	14	71	0	1	0	0	
0	0	14	32	0	3	1	0	3	0	70	102	0	9	2	0	4	0	120	56	37	173	60	0	2	0	146	58	131	77	88	0	0	27	123	65	126	136	30	0	0	6	157	137	229	95	0	3	1	0	32	90	34	0	1	0	0	0	1	0	0	2	0	0	
0	0	0	0	1	1	0	0	0	0	1	0	46	75	0	3	0	0	3	0	119	62	0	2	0	0	0	6	170	21	0	1	0	3	0	81	147	0	3	0	0	2	0	166	60	0	2	0	1	0	15	147	7	0	0	0	0	0	0	0	1	0	0	0	
0	1	0	0	2	0	0	0	0	7	51	30	1	3	1	0	0	152	222	202	118	0	3	0	0	135	255	118	144	167	27	0	0	10	168	230	191	255	47	0	0	1	2	14	74	255	88	0	0	1	3	0	2	215	147	0	0	0	0	2	0	32	23	0	
0	0	0	1	0	1	0	0	0	0	1	9	0	69	51	0	0	0	4	105	1	141	30	0	3	0	97	146	92	147	0	4	2	0	136	163	217	54	0	2	0	2	0	66	129	0	3	0	0	3	0	124	64	0	2	0	0	0	1	3	0	0	0	0	
0	0	1	1	47	18	0	1	0	2	0	147	220	33	0	2	3	0	70	190	2	0	1	0	4	0	130	197	157	62	0	2	4	0	138	172	130	235	14	0	3	0	67	194	170	202	4	0	0	2	0	82	134	22	0	1	0	0	1	0	0	1	1	0	
0	0	0	0	0	0	0	0	0	2	0	43	215	109	0	3	0	3	0	99	242	198	9	0	1	0	16	185	91	202	10	0	4	0	126	117	160	114	0	3	0	10	216	233	185	0	0	0	0	4	176	168	17	0	1	0	0	0	0	0	1	1	0	0	
0	0	0	4	4	0	0	0	2	0	67	151	167	19	0	1	0	0	49	56	166	16	0	1	0	3	0	146	89	0	3	0	0	2	0	55	206	61	0	2	0	6	43	0	71	197	0	0	0	4	104	144	177	81	0	2	0	0	0	3	6	0	0	0	
0	0	0	2	0	0	3	1	0	0	0	8	23	106	151	0	0	2	0	124	129	104	30	0	3	0	75	220	15	0	1	0	2	0	45	154	183	42	0	2	0	0	110	38	143	109	0	4	2	0	42	183	173	15	0	1	0	0	0	1	1	0	0	0	
0	1	0	66	24	0	1	0	0	2	0	81	146	0	1	0	0	1	3	0	134	83	0	3	0	0	17	10	57	109	0	4	0	55	125	97	204	130	0	1	0	110	105	86	129	122	61	0	0	8	64	41	0	0	0	0	0	0	0	0	3	4	1	0	
0	0	0	0	1	0	0	0	0	0	1	0	28	171	25	0	0	0	2	0	173	243	15	0	0	3	0	94	255	85	0	3	1	0	14	233	212	0	0	1	4	0	108	255	106	0	3	0	3	0	127	199	9	0	1	0	0	0	0	0	1	0	0	0	
0	0	0	0	0	0	0	0	0	2	0	40	161	152	31	0	1	0	6	199	134	92	42	0	2	0	29	225	73	30	11	0	0	2	0	87	142	245	98	0	1	0	29	89	168	172	15	0	0	133	205	143	67	5	0	0	0	44	19	0	0	2	1	0	
0	0	0	1	1	2	0	0	0	0	0	11	26	0	63	30	0	3	0	103	185	160	144	21	2	0	65	235	187	54	0	1	2	0	90	73	132	56	0	3	0	21	25	37	162	16	0	1	0	24	168	171	79	0	2	0	0	0	0	0	0	0	0	0	
0	0	2	0	0	0	4	1	0	0	4	63	39	117	150	6	1	0	137	168	237	174	14	0	0	35	186	141	146	0	1	0	2	0	126	255	171	90	0	1	2	0	58	197	58	205	69	0	0	2	0	82	176	162	42	0	0	0	1	0	6	5	0	0	
0	0	3	2	0	0	0	0	0	0	0	0	50	27	0	1	2	0	100	189	255	153	0	4	2	0	87	72	146	159	0	4	0	1	0	10	221	76	0	3	0	3	0	139	168	0	2	0	1	0	23	237	58	0	2	0	1	0	20	85	2	0	0	0	
0	0	2	2	0	1	0	0	0	0	0	0	0	0	0	0	0	0	80	104	93	89	0	0	0	1	33	11	39	89	0	2	0	0	2	0	90	31	0	1	0	1	0	20	91	0	1	0	0	2	0	61	51	0	2	0	0	2	0	78	19	0	1	0	
0	0	1	0	20	16	0	1	0	0	0	1	172	58	0	2	0	3	0	133	119	0	3	0	2	0	60	177	74	105	20	0	3	0	115	107	76	78	48	0	3	0	178	142	40	107	15	0	2	0	48	144	103	28	0	1	0	0	0	0	0	0	0	0	
0	0	1	1	0	0	0	0	0	1	0	39	79	100	97	10	2	0	44	170	114	112	50	0	2	0	162	122	0	0	0	0	1	0	19	87	135	8	0	0	0	1	1	0	149	27	0	1	0	7	116	193	125	0	2	0	0	0	25	41	1	0	0	0	
0	0	1	2	0	0	0	0	0	1	0	18	104	111	6	0	1	0	9	203	89	156	90	0	3	0	137	161	0	200	64	0	0	68	167	0	54	192	6	0	0	76	64	0	166	54	0	2	0	57	154	178	115	0	2	0	0	2	57	49	0	0	0	0	
0	0	0	0	0	0	0	0	0	3	0	105	40	0	1	0	0	4	0	160	96	0	3	0	0	4	0	144	142	0	4	0	0	3	0	98	163	0	4	0	0	3	0	65	203	0	0	1	0	2	0	47	147	0	1	0	0	0	0	0	0	0	0	0	
0	0	0	0	1	0	0	0	0	0	2	0	68	67	0	2	0	0	2	0	180	106	0	4	0	2	0	51	229	23	0	1	0	3	0	151	145	0	3	0	0	0	0	173	45	0	2	0	1	0	21	192	17	0	1	0	0	0	5	27	0	0	0	0	
0	0	0	0	0	1	2	0	0	41	146	123	33	0	1	0	0	199	85	65	179	31	61	0	0	154	131	57	117	168	86	0	0	6	86	173	249	164	1	0	0	4	0	139	60	166	105	0	0	0	7	183	149	168	34	0	0	1	0	27	64	9	0	1	
0	2	4	4	1	0	0	0	0	0	0	0	2	8	0	0	0	91	161	141	210	219	23	0	0	31	139	143	199	219	5	0	0	1	0	14	223	86	0	3	0	4	0	165	178	0	3	0	2	0	47	185	16	0	1	0	3	0	76	124	0	3	0	0	
0	2	0	0	0	1	0	0	0	0	0	1	0	95	17	0	0	46	12	4	0	128	30	0	3	134	10	1	0	138	43	0	0	118	157	111	123	170	11	0	0	0	45	62	91	158	0	1	0	1	1	0	25	92	0	2	0	0	2	3	2	0	0	0	
0	0	0	3	0	0	0	0	0	0	3	0	93	123	0	0	0	2	0	103	206	230	82	0	3	0	78	219	0	160	100	0	0	0	217	118	73	224	20	0	0	88	237	61	233	71	0	3	0	26	188	95	28	0	2	0	0	1	20	0	0	1	0	0	
0	1	0	37	21	0	1	0	2	0	52	132	20	0	1	0	4	0	113	117	0	2	1	0	1	0	9	93	155	48	0	2	0	1	21	0	37	145	8	0	3	0	128	119	27	161	43	0	1	0	22	115	125	52	0	1	0	0	1	0	0	0	0	0	
0	0	0	0	12	25	0	1	0	0	3	0	129	85	0	3	0	1	0	41	161	0	1	0	0	3	0	159	158	18	0	1	2	0	44	195	120	84	0	2	3	0	157	123	104	74	0	2	2	0	56	124	62	0	1	0	0	0	0	0	0	1	0	0	
0	0	0	0	0	0	0	0	0	1	0	27	89	0	1	0	0	2	0	40	215	11	0	1	0	2	0	46	215	10	0	1	0	3	0	76	190	0	2	0	0	3	0	105	166	0	3	0	0	3	0	105	111	0	3	0	0	0	0	12	13	0	0	0	
0	0	0	2	1	0	0	0	0	0	1	0	40	53	6	0	0	2	0	69	177	241	70	0	0	0	3	182	171	112	0	1	1	0	0	208	125	0	2	0	0	0	95	85	60	0	2	0	0	7	127	104	85	0	3	0	2	0	50	113	14	0	1	0	
0	0	0	0	1	1	0	0	0	1	0	27	13	0	0	0	0	1	0	165	104	135	0	2	3	0	78	156	127	136	0	0	3	0	165	159	200	155	32	0	1	0	12	186	140	21	4	0	0	0	0	157	27	0	1	0	0	0	5	62	5	1	0	0	
0	0	0	3	1	0	0	0	0	0	2	0	19	22	0	0	0	0	0	87	155	141	3	0	2	0	113	140	128	189	1	0	0	9	182	109	159	124	0	3	0	0	27	8	118	40	0	2	0	2	0	58	164	0	1	0	0	2	0	84	50	0	2	0	
0	0	1	1	0	0	0	0	0	1	0	33	25	0	1	0	1	0	6	149	46	0	2	0	3	0	102	102	115	69	0	3	2	0	55	85	102	91	0	3	0	0	0	0	122	24	0	1	0	2	0	83	91	0	2	0	0	0	0	58	10	0	0	0	
0	0	0	1	0	0	1	2	0	0	0	4	82	54	169	61	0	2	0	63	230	175	70	0	0	3	0	172	138	0	2	0	0	0	0	7	78	62	0	2	0	29	191	212	237	87	0	4	0	26	192	216	114	0	0	0	0	0	0	0	0	1	0	0	
0	0	0	0	0	0	0	0	0	1	0	25	70	0	2	0	0	1	0	45	133	0	3	0	0	2	0	64	137	0	4	0	0	3	0	84	121	0	4	0	0	4	0	131	98	0	3	0	0	3	0	116	52	0	2	0	0	0	0	0	0	0	0	0	
0	0	1	1	0	2	0	0	0	1	0	25	4	25	46	0	0	0	1	145	8	108	50	0	3	0	133	122	23	157	0	1	0	0	163	129	203	75	0	3	0	2	0	60	173	0	2	0	0	3	0	130	75	0	2	0	0	0	0	28	4	0	0	0	
0	0	0	0	0	1	1	0	0	53	139	155	120	24	0	1	0	33	49	27	85	172	28	0	0	1	0	1	0	46	106	0	0	0	0	0	28	53	132	0	0	72	125	164	138	182	95	0	0	82	129	142	102	36	0	0	0	0	0	0	0	0	2	0	
0	0	0	0	0	0	0	0	0	2	13	0	5	14	1	0	0	13	195	219	216	227	29	0	1	0	29	62	75	208	14	0	0	0	3	0	127	139	0	3	0	2	0	57	208	17	0	1	1	0	3	201	91	0	3	0	2	0	61	152	0	1	0	0	
0	1	1	0	0	0	2	0	1	0	30	92	151	96	1	0	0	16	209	172	70	147	142	0	0	106	154	0	3	0	174	35	0	122	128	0	8	0	172	31	0	57	204	15	0	120	145	0	2	0	98	181	159	167	13	0	0	2	0	25	47	6	0	1	
0	0	2	2	0	2	0	0	0	0	0	7	20	0	0	0	1	0	41	153	215	102	0	2	0	0	206	169	195	207	0	1	0	0	35	38	176	135	0	4	0	0	0	0	198	58	0	2	0	3	0	91	164	0	2	0	0	2	0	131	57	0	2	0	
0	2	1	0	0	0	0	0	1	0	43	13	0	75	42	0	0	57	212	15	0	197	94	0	0	166	85	2	42	211	46	0	0	167	175	181	196	215	4	0	0	12	42	0	80	160	0	3	0	0	3	0	100	151	0	4	0	1	2	0	14	18	0	1	
0	0	0	2	0	0	0	0	0	0	1	0	36	134	58	0	0	3	0	85	180	226	105	0	0	0	4	150	96	56	0	2	1	0	26	194	91	0	2	0	0	10	134	106	113	0	4	0	0	31	143	143	89	0	3	0	1	0	40	54	0	0	0	0	
0	0	2	0	0	0	0	0	0	1	0	25	59	28	0	1	0	8	176	211	234	190	0	2	0	9	216	25	128	154	0	4	1	0	16	136	255	137	0	4	0	0	4	107	239	133	0	1	0	1	0	4	216	49	0	2	0	0	1	0	67	22	0	1	
0	0	0	9	84	2	0	0	0	3	0	84	160	0	4	0	1	0	0	179	49	0	2	0	3	0	79	141	27	100	32	0	4	0	120	134	114	121	115	0	3	0	59	228	140	107	17	0	0	1	0	38	58	3	0	0	0	0	1	0	0	2	1	0	
0	0	3	1	0	0	1	0	0	2	0	38	140	40	0	1	2	0	103	247	220	222	30	0	0	41	238	166	72	174	100	0	0	108	134	0	0	150	106	0	0	99	133	0	58	228	30	0	0	21	208	161	223	87	0	3	1	0	32	67	39	0	1	0	
0	0	1	2	0	0	0	0	0	1	1	0	156	135	0	0	0	1	0	169	142	110	140	0	3	0	122	178	0	74	177	0	0	13	209	39	0	186	105	0	0	48	213	19	151	173	0	0	0	2	149	182	116	3	0	0	0	0	1	3	0	2	1	0	
0	0	0	0	0	0	0	0	0	0	20	31	22	2	0	0	0	56	163	135	197	65	0	3	0	5	8	0	115	58	0	2	0	0	2	0	120	24	0	1	0	1	0	6	147	7	0	0	0	1	0	29	156	0	1	0	0	1	0	41	107	0	3	0	
0	0	0	0	5	3	0	0	0	2	0	64	154	21	3	0	0	2	0	164	83	157	28	0	0	4	0	110	227	73	0	3	1	0	15	176	194	0	0	0	4	0	139	102	161	17	0	1	2	0	66	142	96	0	2	0	0	0	0	11	1	0	0	0	
0	0	0	0	0	0	0	0	0	1	0	26	124	8	0	1	0	3	0	65	232	10	0	1	0	3	0	88	208	0	1	0	0	4	0	117	187	0	3	0	0	4	0	139	172	0	3	0	0	3	0	109	101	0	3	0	0	0	0	9	11	0	0	0	
0	0	0	1	1	0	0	0	0	0	0	11	120	3	0	0	0	1	0	22	176	3	0	0	0	2	0	60	157	0	3	0	0	4	0	128	108	0	3	0	0	1	0	186	55	0	2	0	1	0	16	128	3	0	0	0	0	0	0	0	1	0	0	0	
0	0	0	0	0	0	0	0	0	3	2	8	50	0	1	0	0	25	62	0	104	4	0	0	0	27	104	0	82	52	0	2	0	12	119	90	135	97	0	4	0	0	0	3	37	92	0	2	0	1	2	0	13	84	0	1	0	0	0	0	1	9	0	0	
0	0	1	1	1	3	0	0	0	1	0	26	21	0	1	0	1	0	17	211	210	73	0	2	1	0	161	128	97	163	0	3	0	1	14	0	131	145	0	4	0	1	0	9	210	53	0	2	0	3	0	131	165	0	3	0	0	1	0	78	33	0	1	0	
0	0	0	0	92	40	0	2	0	2	0	40	118	106	0	2	0	1	1	11	9	114	5	0	0	0	0	0	10	122	0	0	0	9	96	87	133	118	0	4	0	42	149	103	190	98	3	0	1	0	49	73	10	0	1	0	0	0	0	0	2	2	0	0	
0	1	4	1	0	0	0	0	0	0	0	8	74	37	0	1	0	23	127	197	247	196	0	1	0	66	156	18	134	209	0	2	0	1	0	5	231	118	0	4	0	5	0	111	225	6	0	1	1	0	17	248	110	0	4	0	1	0	17	102	14	0	1	0	
1	0	60	23	0	1	0	0	3	0	100	175	0	1	0	0	1	0	0	197	66	0	2	0	0	4	0	137	158	0	5	0	0	3	0	92	206	0	1	0	1	0	17	218	238	157	73	0	0	0	8	38	45	95	52	0	0	0	0	0	0	0	0	0	
0	0	0	0	1	0	0	0	0	0	1	0	45	76	0	2	0	0	4	0	157	151	0	4	0	1	0	22	222	46	0	2	0	4	0	131	182	0	3	0	1	0	2	214	82	0	3	0	2	0	47	184	0	1	0	0	0	0	6	26	0	0	0	0	
0	0	0	0	0	0	0	0	0	0	0	4	81	2	0	0	0	0	0	13	138	1	0	0	0	1	0	37	140	0	2	0	0	2	0	62	120	0	3	0	0	3	0	76	112	0	3	0	0	2	0	65	103	0	3	0	0	0	0	0	0	0	0	0	
0	1	0	17	30	0	1	0	0	1	0	7	175	48	0	2	0	1	0	24	198	46	0	2	3	0	88	244	142	0	3	0	1	0	23	6	153	57	0	2	0	3	51	82	208	44	0	2	0	0	85	151	56	0	1	0	0	0	0	0	0	0	0	0	
0	2	3	1	2	3	0	0	0	0	0	0	0	0	0	0	0	46	153	124	163	95	0	2	5	185	75	73	192	192	0	0	0	97	116	100	21	159	17	0	0	0	1	1	0	159	29	0	0	2	1	5	0	168	60	0	0	0	0	4	0	131	95	0	
0	0	0	8	38	4	0	0	1	0	17	193	228	126	0	2	0	0	11	41	61	218	3	0	0	2	3	0	143	176	0	2	0	2	12	142	224	19	0	1	0	164	255	240	215	171	38	0	2	118	91	7	20	55	24	0	0	0	0	0	0	0	0	0	
0	0	0	0	0	0	0	0	0	1	0	40	134	104	0	0	1	0	10	160	147	146	0	3	0	2	0	101	190	33	0	2	0	3	0	115	197	0	2	0	1	0	38	148	143	45	0	2	4	0	86	210	111	7	0	1	0	0	8	33	2	0	0	0	
0	0	0	0	0	0	0	0	0	0	0	6	155	24	0	1	0	2	0	36	245	44	0	2	0	3	0	73	253	28	0	2	0	3	0	145	213	0	1	0	2	0	37	250	74	0	3	0	3	0	127	168	0	1	0	0	0	1	5	0	1	0	0	0	
0	0	0	0	0	0	0	0	2	0	87	174	121	5	0	1	1	0	31	41	173	118	0	4	0	1	4	0	128	90	0	7	0	1	0	144	231	154	105	4	0	30	188	212	98	36	2	0	0	93	108	0	0	0	1	0	0	0	0	2	4	1	0	0	
0	0	1	1	0	22	15	0	0	1	1	2	0	131	48	0	0	1	141	21	5	194	23	0	0	34	191	0	69	156	0	2	0	115	203	64	187	127	11	0	0	42	113	191	209	97	30	0	0	2	0	76	56	0	2	0	0	2	4	1	1	4	1	0	
0	0	0	10	80	3	0	0	0	2	0	111	124	1	2	0	2	0	66	120	0	2	0	0	2	0	126	30	39	88	41	0	0	4	121	80	114	43	125	7	2	0	83	174	83	75	74	0	0	0	4	55	66	48	0	0	0	0	2	0	0	0	2	0	
0	0	0	1	1	0	1	0	3	0	115	211	180	71	0	2	1	0	36	43	52	196	41	0	0	2	0	1	0	173	48	0	0	0	56	109	168	229	14	0	0	115	255	254	198	178	76	0	0	149	187	73	0	1	0	0	0	0	0	0	2	3	0	0	
0	0	0	0	0	0	0	0	1	0	20	85	84	64	0	1	1	0	32	113	107	88	0	2	0	3	0	115	140	0	2	0	0	0	15	104	70	49	0	2	2	0	54	81	16	86	0	3	1	0	27	104	91	39	0	2	0	1	0	31	36	0	0	0	
0	0	0	0	0	0	0	0	0	2	0	90	221	176	9	0	1	0	13	233	91	159	92	0	3	0	116	154	0	189	96	0	0	2	195	29	105	230	17	0	0	76	220	160	246	53	0	2	0	73	226	180	30	0	2	0	0	0	0	0	1	2	0	0	
0	0	1	0	1	2	0	0	0	1	0	54	48	0	1	0	3	0	78	176	135	53	0	2	0	0	169	22	71	172	0	3	1	0	124	145	139	160	0	2	0	0	6	0	86	126	0	4	0	0	5	0	124	65	0	2	0	0	1	0	52	10	0	0	
0	0	1	1	0	0	0	0	0	2	0	58	122	193	117	0	1	0	26	186	50	84	184	0	0	0	174	75	0	134	130	0	0	56	182	0	49	228	35	0	0	151	142	118	223	70	0	3	0	83	207	170	38	0	2	0	0	0	0	0	1	2	0	0	
0	0	4	3	0	0	0	0	0	15	138	138	34	0	1	0	0	12	11	58	158	0	2	0	2	0	38	194	188	2	0	1	0	0	4	14	96	145	0	0	0	0	64	26	9	189	23	0	1	0	81	162	170	85	0	1	0	0	0	2	3	0	0	0	
0	0	4	1	0	0	0	0	0	1	0	0	50	41	0	1	0	1	117	172	181	202	0	0	0	130	213	15	90	170	0	3	0	39	19	0	182	99	0	4	0	2	0	43	220	19	0	1	0	5	0	136	176	0	3	0	0	2	0	69	70	0	2	0	
0	0	2	0	0	0	0	0	0	2	0	49	120	104	63	6	2	0	90	180	114	113	106	7	0	72	255	166	149	108	0	0	0	86	99	36	11	156	75	0	0	6	58	15	48	202	40	0	1	0	116	192	163	59	0	2	0	0	0	7	0	0	0	0	
0	0	0	1	0	0	0	0	0	0	1	0	78	96	0	1	0	3	0	94	226	186	0	2	0	4	0	134	217	58	0	2	1	0	0	189	149	0	3	0	3	0	111	204	121	0	4	0	0	0	180	179	40	0	2	0	1	0	22	28	0	1	0	0	
0	0	0	47	19	0	1	0	2	0	56	158	152	22	0	1	1	0	25	3	84	104	0	4	0	0	2	0	68	103	0	3	1	0	40	51	128	34	0	1	0	32	177	181	192	88	5	0	0	5	108	56	1	69	12	0	0	0	0	0	1	0	0	0	
0	0	1	0	0	0	0	0	0	0	2	7	0	34	4	0	3	0	76	114	0	164	14	0	0	0	202	103	63	150	0	3	0	0	66	129	238	92	0	4	0	2	0	68	159	0	2	0	1	0	7	180	42	0	2	0	1	0	22	64	0	2	0	0	
0	0	1	0	0	1	0	0	1	0	18	91	0	12	4	0	4	0	101	182	0	164	70	0	0	48	204	51	13	243	49	0	0	173	230	130	143	242	27	0	0	3	36	73	145	247	28	0	0	1	1	0	14	206	43	0	0	0	2	4	0	24	15	0	
0	0	0	0	14	16	0	1	0	2	0	31	218	84	0	3	0	3	0	99	166	0	2	0	1	0	3	173	87	51	0	1	3	0	63	223	174	217	10	0	4	0	155	217	179	89	0	2	1	0	51	131	63	0	1	0	0	0	0	0	0	2	0	0	
0	0	1	0	0	0	1	0	1	0	9	125	101	69	0	0	4	0	127	255	69	157	73	0	0	7	215	88	0	79	114	0	0	37	177	0	0	51	117	0	0	0	186	52	0	106	104	0	2	0	70	176	132	157	10	0	0	1	0	37	67	12	0	1	
0	0	0	1	1	1	0	0	0	0	0	5	0	61	15	0	0	1	0	111	61	131	0	1	3	0	72	199	155	92	0	4	1	0	4	107	210	22	0	1	0	3	0	119	88	0	3	0	1	0	30	156	0	1	0	0	1	0	15	23	0	1	0	0	
0	0	0	1	0	0	0	0	0	0	0	3	16	4	0	0	0	1	0	89	173	11	0	1	1	0	32	93	148	5	0	0	2	0	31	117	115	0	2	0	0	1	0	53	110	0	2	0	0	0	0	5	87	0	0	0	0	0	0	0	42	4	0	0	
0	1	2	0	0	1	0	0	0	0	5	66	64	5	0	0	0	0	168	157	181	173	0	1	0	85	173	0	120	255	39	0	0	75	174	84	202	222	7	0	0	0	95	83	152	159	0	4	0	1	0	2	220	80	0	3	0	1	0	28	107	7	0	0	
0	0	0	2	1	30	6	0	0	0	2	0	152	168	10	0	0	2	0	119	195	4	0	1	2	0	54	203	6	0	1	0	4	0	126	159	140	156	17	0	4	0	123	225	251	227	23	0	1	0	16	131	101	17	0	1	0	0	0	0	0	1	1	0	
0	0	0	4	8	0	0	0	0	2	0	93	170	90	0	0	0	0	2	0	48	206	9	0	1	0	65	133	185	56	0	2	1	0	59	97	159	33	0	2	0	4	8	0	187	84	0	3	0	14	111	157	143	0	1	0	0	0	3	3	0	0	0	0	
0	0	0	0	20	7	0	0	0	0	0	9	95	1	0	0	0	3	0	71	94	12	0	1	1	0	18	86	106	26	0	1	2	0	126	113	152	66	0	0	0	4	75	87	135	49	5	0	0	0	0	12	79	2	0	0	0	0	3	2	0	2	0	0	
0	0	1	1	0	0	0	0	0	0	0	3	103	138	18	0	1	0	1	166	151	183	68	0	2	0	44	221	170	145	9	0	2	0	45	255	183	1	0	1	0	0	170	200	149	0	4	0	0	10	191	203	79	0	2	0	1	0	27	44	0	1	0	0	
0	0	1	4	2	0	0	0	0	0	1	0	0	20	10	0	2	0	34	115	149	156	72	0	0	0	117	85	21	5	1	0	0	14	101	104	67	0	2	0	0	0	1	0	91	42	0	2	0	0	10	15	88	34	0	1	1	0	16	102	55	0	1	0	
0	0	0	0	0	1	0	0	0	3	2	24	0	82	49	0	0	4	1	174	25	157	34	0	3	0	86	150	70	163	0	3	0	3	219	174	215	99	0	4	0	6	32	99	165	0	2	0	0	2	0	106	58	0	2	0	0	0	3	6	1	1	0	0	
0	0	0	0	0	0	0	0	0	1	0	40	78	126	33	0	0	0	4	162	109	90	14	0	1	0	11	192	88	0	1	0	1	0	26	142	146	82	0	3	0	0	3	0	92	111	0	4	1	0	121	144	164	14	0	1	1	0	31	68	22	0	1	0	
0	3	4	4	2	0	1	0	0	0	0	0	2	13	0	0	0	88	140	143	166	237	61	0	0	90	126	79	53	219	44	0	0	0	3	0	112	174	0	3	0	5	0	30	225	47	0	2	0	2	0	179	128	0	3	0	1	0	19	135	8	0	0	0	
0	0	2	0	1	1	0	0	0	1	0	48	37	0	1	0	3	0	97	185	154	38	0	2	2	0	187	31	137	127	0	4	3	0	113	180	210	162	0	3	0	0	7	49	72	171	0	2	0	0	3	0	74	158	0	3	0	0	1	0	24	58	0	1	
0	0	0	1	14	1	0	0	0	0	0	151	241	53	0	2	1	0	13	148	95	153	0	1	2	2	0	0	6	194	21	0	0	0	38	29	62	183	0	0	42	172	178	203	255	107	0	4	51	69	0	34	80	35	0	1	0	0	1	0	0	0	0	0	
0	0	0	7	9	0	0	0	3	0	79	160	140	74	0	2	3	0	49	38	84	176	0	1	2	0	47	226	218	167	82	0	28	52	36	67	0	90	132	0	59	144	12	26	105	162	20	0	0	98	155	138	90	7	0	1	0	0	0	0	0	1	1	0	
0	0	0	1	0	0	0	0	0	0	0	7	9	112	72	0	0	3	0	121	220	141	19	0	3	0	47	244	49	0	2	0	1	0	25	157	154	25	0	1	19	61	17	0	176	121	0	4	7	111	112	96	141	45	0	2	0	0	0	0	0	0	0	0	
0	0	0	0	0	0	0	0	0	1	0	57	114	41	0	1	0	0	6	142	128	118	0	3	0	3	0	162	141	0	3	0	1	0	22	129	130	19	0	1	3	0	71	98	126	44	0	2	1	0	27	170	107	0	2	0	0	0	0	38	8	0	0	0	
0	0	0	0	13	64	0	1	0	0	3	0	123	107	0	3	0	1	0	40	179	7	0	1	0	2	0	175	106	0	3	0	3	0	69	219	219	41	0	2	4	0	142	186	134	0	0	0	1	0	27	66	6	0	0	0	0	0	0	0	2	0	0	0	
0	0	0	0	0	0	0	0	0	1	0	65	111	156	49	0	0	2	0	75	203	200	23	0	1	0	25	200	231	33	0	2	2	0	49	125	108	185	2	0	0	25	41	0	139	136	0	2	0	85	209	172	128	0	0	0	0	3	51	21	0	2	0	0	
0	0	0	1	0	0	0	0	1	0	2	163	159	52	0	1	0	0	1	6	95	187	0	0	2	0	53	197	227	94	0	3	1	0	31	84	54	167	4	0	0	20	15	27	151	115	0	2	0	82	185	153	88	0	0	0	0	0	5	0	0	2	0	0	
0	0	0	1	1	2	12	0	0	0	2	0	12	132	104	0	0	2	0	5	157	172	72	1	0	2	13	164	118	40	178	47	0	81	176	188	97	125	78	3	0	104	96	117	0	3	0	0	0	22	151	147	1	3	3	0	0	0	5	3	0	0	0	0	
0	0	0	0	11	65	0	1	0	0	3	0	85	138	0	3	0	0	0	5	134	20	0	1	0	3	0	109	131	3	0	1	2	0	42	201	215	159	0	4	3	0	114	212	167	50	0	2	0	0	6	76	26	0	1	0	0	0	1	0	1	2	0	0	
0	0	0	0	0	0	0	0	0	2	0	52	146	165	99	5	2	0	39	239	166	168	120	6	0	0	200	239	60	0	1	0	0	10	125	106	180	124	0	4	0	12	122	1	126	162	0	4	3	0	112	248	203	28	0	2	0	0	0	31	9	0	0	0	
0	0	2	3	0	1	0	0	0	0	0	1	15	6	0	0	1	0	26	118	165	176	0	0	1	0	192	203	166	204	2	0	1	0	63	76	83	144	0	3	0	1	0	2	182	49	0	2	0	2	0	134	117	0	3	0	0	0	8	135	13	0	0	0	
0	0	0	4	1	0	0	0	0	0	1	0	3	52	94	2	0	0	2	100	192	152	50	0	4	0	120	255	142	0	2	0	1	0	23	19	112	51	0	2	0	4	40	0	127	88	0	3	2	0	81	154	187	21	0	1	0	0	5	55	15	0	1	0	
0	0	0	0	15	7	0	0	0	0	1	0	147	29	0	1	0	2	0	55	145	0	3	0	0	3	0	125	148	60	0	1	1	0	3	204	127	125	10	0	3	0	70	180	99	103	0	2	1	0	17	109	98	4	0	0	0	0	0	0	0	1	0	0	
0	0	0	0	0	1	0	0	0	0	2	31	25	0	0	0	2	0	52	128	135	47	0	2	4	0	110	49	52	106	0	4	2	0	65	37	61	87	0	3	0	0	3	0	76	50	0	2	0	0	4	0	86	56	0	2	0	0	2	0	59	45	0	2	
0	0	0	6	2	0	0	0	0	2	0	92	130	0	0	0	0	1	0	33	163	8	0	1	3	0	92	238	148	0	2	0	0	0	17	12	96	104	0	4	0	0	2	23	161	78	0	3	1	0	19	192	127	0	1	0	0	0	0	0	0	1	0	0	
0	0	0	0	15	27	0	1	0	1	0	10	137	50	0	2	0	3	0	107	79	0	3	0	1	0	10	133	58	78	0	0	2	0	61	104	10	130	9	0	3	0	82	123	91	83	0	2	1	0	8	108	76	0	0	0	0	0	0	0	0	2	0	0	
0	0	0	0	0	0	0	0	0	2	0	62	229	85	0	3	0	4	0	129	139	132	0	1	0	0	3	0	71	169	0	3	1	0	85	144	221	46	0	2	0	39	255	219	189	102	0	2	0	7	58	8	6	147	22	0	0	0	0	2	2	1	2	0	
0	0	2	0	0	0	0	0	1	0	13	61	36	119	44	0	0	0	170	253	203	210	45	0	0	0	204	255	228	56	0	2	2	0	91	91	94	218	23	0	3	0	129	62	35	245	55	0	2	0	49	192	230	116	0	1	0	0	0	9	18	0	0	0	
0	0	0	8	51	5	0	0	0	1	0	14	174	138	0	0	0	1	4	3	0	162	30	0	0	0	2	0	50	199	9	0	0	21	149	182	232	70	0	3	0	127	255	181	176	120	0	1	0	36	38	0	4	103	11	0	0	0	0	3	3	0	0	0	
0	2	2	0	0	3	1	0	0	0	0	0	1	0	0	0	0	88	68	0	5	155	48	0	0	199	137	0	42	255	86	0	0	123	201	154	207	255	99	0	0	0	17	22	65	236	40	0	0	2	0	0	0	33	15	0	0	0	1	1	2	0	0	0	
0	0	1	1	0	1	0	0	0	0	1	2	0	55	30	0	1	0	29	96	0	138	39	0	3	0	139	138	24	184	3	0	2	0	107	154	221	163	1	0	0	2	0	44	171	1	0	1	0	1	0	144	52	0	2	0	0	0	4	29	0	1	0	0	
0	0	1	2	1	1	0	0	0	0	1	3	0	76	46	0	0	0	0	127	123	115	0	1	1	0	144	102	142	162	48	0	0	13	192	165	198	75	10	0	0	2	0	165	90	0	3	0	1	0	23	165	7	1	1	0	0	0	10	24	0	1	0	0	
0	0	0	1	2	21	0	0	0	0	3	0	100	151	0	3	0	3	0	69	205	21	0	1	1	0	15	187	46	1	1	0	4	0	126	190	137	209	31	0	4	0	129	254	163	113	6	0	1	0	33	71	31	1	0	0	0	0	1	0	0	2	1	0	
0	1	0	0	1	0	0	0	0	0	15	31	4	0	0	0	0	47	88	89	88	0	0	0	0	10	6	0	82	51	0	2	0	0	4	0	63	66	0	3	0	0	3	0	89	33	0	1	0	1	0	14	104	0	0	0	0	2	0	42	53	0	2	0	
0	0	2	3	0	0	0	0	0	0	0	0	13	12	0	0	1	0	23	134	178	197	44	0	1	0	195	203	194	137	0	3	2	0	104	150	207	85	0	3	0	1	0	32	187	12	0	1	0	0	0	184	87	0	3	0	1	0	15	134	5	0	0	0	
