500	64	10
0	0	1	0	0	0	0	0	0	0	1	41	113	169	110	0	0	0	154	255	208	193	133	0	0	10	243	177	0	2	0	0	3	0	131	242	83	0	2	1	1	0	0	161	255	158	2	0	1	0	19	205	255	254	45	0	0	0	0	17	47	37	2	0	
0	0	0	0	0	0	0	0	0	0	2	0	123	69	0	3	0	0	1	0	194	62	0	3	0	2	0	41	201	17	0	1	0	3	0	147	123	0	3	0	2	0	42	245	64	0	3	0	3	0	116	139	0	0	0	0	0	0	0	0	0	0	0	0	
0	0	1	1	0	0	3	1	0	0	0	6	103	99	1	0	1	0	26	189	152	98	149	53	3	0	77	245	142	186	131	11	2	0	62	208	205	186	0	3	0	32	213	112	174	88	0	3	0	37	183	145	69	0	1	0	0	0	0	0	0	2	0	0	
0	0	0	0	0	2	1	0	0	12	26	9	3	0	0	0	0	88	199	178	162	187	58	0	0	2	7	8	56	212	20	0	0	0	1	0	177	83	0	3	0	3	0	141	137	0	4	0	2	0	61	201	5	0	1	0	3	0	89	81	0	3	0	0	
0	0	0	0	1	0	0	0	0	0	1	0	38	41	0	2	0	0	3	0	112	49	0	2	0	0	0	12	126	1	0	0	0	2	0	63	99	0	3	0	0	2	0	100	36	0	1	0	0	0	8	110	0	0	0	0	0	0	1	14	0	0	0	0	
0	0	0	0	12	21	0	1	0	0	4	0	143	115	0	4	0	3	0	73	183	1	0	1	1	0	23	188	64	77	8	0	4	0	125	151	140	253	43	0	2	0	174	149	177	112	0	1	2	0	60	144	70	0	0	0	0	0	0	0	0	2	0	0	
0	0	0	0	0	1	1	0	1	0	28	128	79	7	0	1	1	0	143	61	65	122	7	0	1	0	128	49	0	110	59	0	2	0	47	187	122	151	9	0	4	0	102	73	0	109	85	0	3	0	93	90	0	8	130	14	0	0	11	28	0	1	18	4	
0	0	2	0	22	85	0	1	0	1	0	5	182	109	0	2	1	0	0	186	137	0	2	0	3	0	148	161	1	98	49	0	0	36	203	26	205	255	153	0	0	27	216	189	241	158	20	0	1	0	48	93	32	0	1	0	0	0	0	0	0	3	2	0	
0	0	0	0	0	0	0	0	2	0	42	196	170	6	0	1	4	0	133	198	218	84	0	3	0	1	0	37	229	49	0	2	0	0	81	233	128	0	3	0	0	7	218	251	190	106	25	0	0	0	12	15	96	190	59	0	0	0	0	0	0	0	0	0	
0	0	1	0	39	36	0	1	0	0	3	0	171	77	0	3	0	3	0	111	165	0	2	0	2	0	50	195	52	98	35	0	1	0	163	124	179	255	92	0	0	1	176	216	200	92	0	0	1	0	32	66	12	0	0	0	0	0	1	0	0	3	0	0	
0	0	3	2	0	3	0	0	0	1	0	6	12	0	0	0	2	0	56	171	183	87	0	2	0	53	207	26	117	213	0	1	0	30	119	23	178	142	0	3	2	0	79	113	142	57	0	2	0	2	0	45	118	0	2	0	0	2	0	84	33	0	1	0	
0	0	0	1	0	0	0	0	0	1	0	14	138	133	22	0	0	2	0	141	166	140	145	0	0	1	0	183	128	155	54	0	2	0	47	212	254	114	0	4	0	1	192	79	116	117	0	3	0	21	196	168	94	0	1	0	1	0	33	31	0	1	0	0	
0	0	0	0	0	0	0	0	0	2	0	43	194	28	0	2	0	3	0	80	255	32	0	2	0	3	0	129	206	0	1	0	0	1	0	212	171	0	3	0	0	0	0	231	152	0	4	0	0	1	0	167	114	0	3	0	0	0	0	0	0	0	0	0	
0	0	1	1	3	3	0	0	0	2	0	39	152	115	0	1	1	0	25	202	82	148	0	1	3	0	74	81	100	92	0	3	0	1	0	119	165	0	1	0	4	0	103	255	163	35	6	0	3	0	128	66	69	140	2	0	0	0	0	1	1	1	0	0	
0	0	1	0	0	1	1	0	0	1	0	83	118	32	0	1	2	0	51	126	33	127	20	0	3	0	115	53	0	88	89	0	0	0	114	16	0	112	59	0	0	5	119	0	63	134	0	1	2	0	97	135	119	11	0	1	0	0	6	49	7	0	1	0	
0	0	0	3	1	1	1	0	0	0	1	0	14	150	21	0	0	2	0	63	163	72	0	1	0	0	0	154	29	0	1	0	1	0	22	180	156	64	0	3	0	1	0	106	222	50	0	2	2	0	64	140	20	0	1	0	0	0	4	2	0	2	0	0	
0	0	0	1	10	0	0	0	0	0	0	0	100	4	0	0	0	1	0	25	152	0	0	0	0	3	0	71	148	0	3	0	0	4	0	128	89	0	3	0	0	4	0	139	118	0	2	0	0	1	0	27	124	16	0	1	0	0	0	0	0	0	0	0	
0	0	1	1	0	0	0	0	0	3	0	82	137	23	0	1	0	2	0	175	180	161	10	0	3	0	92	134	29	145	0	1	1	0	6	147	246	38	0	2	3	0	63	246	199	56	0	2	3	0	87	97	19	105	0	1	0	0	0	0	2	2	0	0	
0	0	0	0	0	0	0	0	0	2	0	49	59	0	2	0	0	3	0	82	73	0	3	0	0	3	0	78	68	0	2	0	0	3	0	88	87	0	3	0	0	3	0	85	87	0	3	0	0	2	0	53	60	0	2	0	0	0	0	0	0	0	0	0	
0	0	0	0	0	0	0	0	1	0	20	88	124	120	2	0	4	0	139	255	90	167	36	0	0	16	214	58	8	160	5	0	0	110	127	0	175	122	0	4	1	2	19	227	190	167	53	0	3	0	91	196	0	38	131	2	0	0	13	13	0	1	6	3	
0	0	0	0	2	3	0	0	1	0	47	73	11	0	1	0	2	0	193	205	148	94	0	1	0	0	217	106	186	208	0	2	2	0	92	207	255	161	0	4	0	0	4	0	147	202	0	2	0	0	6	0	126	201	0	2	0	0	1	0	24	64	0	1	
0	0	0	0	0	0	0	0	0	7	19	3	1	1	0	0	0	123	232	190	199	214	78	0	0	24	30	29	74	241	42	0	0	0	3	0	151	152	0	3	0	3	0	56	211	20	0	1	0	2	0	182	222	3	0	1	0	1	0	155	124	0	0	0	
0	1	1	0	0	1	0	0	0	0	6	67	38	0	1	0	0	25	132	139	105	12	6	0	0	85	42	0	0	135	34	0	0	42	145	104	86	173	7	0	1	0	34	67	59	111	15	0	0	1	1	3	0	91	70	0	0	0	1	3	0	20	34	0	
0	0	0	1	4	3	1	0	0	0	16	5	0	0	0	0	0	31	228	200	105	59	20	0	0	10	40	40	170	237	15	0	0	0	2	0	154	120	0	3	0	3	0	87	189	0	1	0	1	0	4	198	48	0	2	0	1	0	19	137	5	0	0	0	
0	0	0	0	0	0	0	0	2	0	52	149	104	39	0	0	4	0	109	146	111	173	15	0	2	0	51	155	20	1	1	0	0	1	0	165	188	66	0	3	0	0	8	0	44	141	0	3	3	0	71	150	146	113	0	3	0	0	1	47	59	4	0	0	
0	0	1	0	0	1	0	0	0	0	11	94	4	2	64	6	3	0	104	138	0	67	182	0	0	17	193	53	43	197	66	0	0	77	242	154	232	155	0	3	0	9	21	64	208	16	0	1	0	1	0	188	177	3	0	1	0	0	5	37	3	0	0	0	
0	0	0	0	5	3	0	0	0	3	0	118	207	186	34	0	1	1	0	12	0	163	157	0	0	29	130	150	45	184	119	0	24	219	131	78	231	217	3	0	17	199	114	157	220	178	9	0	0	33	129	116	20	5	5	0	1	1	0	0	1	1	0	0	
0	0	2	0	0	0	1	0	0	0	8	116	90	109	31	0	3	0	105	241	211	255	180	0	0	42	239	70	0	82	253	39	0	157	174	0	0	98	225	13	0	160	153	1	131	218	42	0	0	90	249	227	195	34	0	2	0	0	42	42	0	1	2	0	
0	0	2	0	0	0	0	0	0	0	0	121	209	109	0	2	3	0	83	255	255	229	16	0	4	0	134	255	246	186	6	0	0	6	206	255	255	172	0	3	0	26	245	255	255	160	0	3	1	0	119	211	140	16	0	1	0	0	0	0	0	1	0	0	
0	0	1	0	0	0	0	0	0	2	0	78	147	80	0	2	3	0	98	253	112	168	17	0	0	27	241	61	12	163	1	0	0	16	43	10	176	84	0	3	1	0	16	218	240	74	0	3	4	0	123	189	12	140	12	0	1	0	22	13	0	16	8	0	
0	1	1	0	0	3	1	0	1	0	23	49	27	0	2	1	0	15	217	228	229	164	11	0	0	112	165	0	55	186	176	2	0	158	122	0	0	19	219	43	0	87	222	71	111	195	98	0	1	0	105	183	176	73	0	2	0	1	0	0	0	0	2	0	
0	0	0	0	0	1	1	0	1	0	32	22	0	0	39	17	4	0	173	128	0	53	163	6	2	0	161	61	0	176	57	0	0	12	202	146	184	183	0	1	0	0	70	41	136	82	0	3	0	1	0	6	205	48	0	2	0	0	1	9	80	11	0	1	
0	0	0	1	0	0	0	0	0	2	0	56	43	0	1	0	0	2	0	119	37	0	1	0	1	0	38	96	16	53	0	1	2	0	54	139	188	126	0	3	0	1	0	22	132	10	0	1	0	2	0	51	58	0	2	0	0	0	0	3	2	0	0	0	
0	0	2	1	0	0	0	0	0	3	0	98	178	35	0	2	3	0	70	243	134	165	0	0	2	0	119	80	27	143	0	3	0	1	0	90	234	147	0	2	4	0	106	255	127	120	157	26	3	0	138	127	0	0	33	21	0	0	0	0	3	3	0	0	
0	0	43	13	0	2	0	0	0	3	162	188	64	0	1	0	0	2	0	44	199	66	0	3	1	0	21	14	90	138	0	4	0	24	180	165	255	132	0	4	0	33	190	180	143	179	116	0	0	0	14	24	0	13	107	16	0	1	1	0	3	2	0	0	
0	0	0	0	0	0	0	0	0	0	4	22	98	121	24	0	3	0	92	174	62	132	115	0	0	1	6	46	109	141	23	0	0	2	0	110	196	130	0	4	0	63	36	0	128	75	0	2	0	70	164	144	87	0	1	0	1	0	39	24	0	2	0	0	
0	0	2	1	0	0	2	0	0	2	0	7	43	26	0	0	1	0	73	114	97	132	71	0	0	76	85	94	4	66	117	0	23	51	0	44	151	121	19	0	6	0	40	134	149	23	0	1	2	0	43	119	53	0	1	0	0	0	0	0	0	0	0	0	
0	1	3	1	0	0	0	0	0	1	0	27	90	64	0	0	0	9	105	189	92	187	69	0	0	40	112	23	39	180	37	0	0	1	0	133	217	135	0	4	0	2	12	0	107	140	0	3	0	23	137	121	154	15	0	1	0	0	102	76	0	0	0	0	
0	0	7	56	22	0	2	0	0	5	19	76	110	61	0	1	0	83	74	0	0	111	72	0	0	107	59	0	2	8	140	11	0	111	72	0	3	0	131	20	0	39	157	57	36	142	102	0	1	0	42	130	132	74	0	1	0	1	1	0	0	0	2	0	
0	0	0	0	0	0	0	0	1	0	14	100	151	85	0	1	1	0	115	86	64	196	9	0	0	2	0	62	187	97	0	2	0	0	5	103	176	89	0	4	0	5	36	0	168	59	0	2	0	2	121	202	102	0	2	0	0	0	8	36	0	1	0	0	
0	0	0	0	0	0	0	0	0	2	0	44	90	0	3	0	0	3	0	79	123	0	4	0	0	3	0	82	126	0	4	0	0	4	0	113	115	0	4	0	0	4	0	135	92	0	3	0	0	3	0	83	58	0	2	0	0	0	0	0	0	0	0	0	
0	0	0	0	1	0	0	0	0	0	2	0	51	111	0	3	0	0	4	0	124	108	0	4	0	1	0	11	184	24	0	1	0	3	0	141	124	0	3	0	2	0	53	216	18	0	1	0	3	0	121	79	0	2	0	0	0	0	1	0	1	0	0	0	
0	0	0	0	0	0	0	0	0	15	123	106	49	0	1	0	0	25	70	204	135	0	3	0	3	0	81	218	34	0	1	0	1	0	38	116	172	121	0	0	0	0	0	0	0	192	58	0	1	0	11	156	151	126	4	0	0	0	0	43	42	1	0	0	
0	0	0	0	2	4	0	0	0	1	0	17	181	147	7	0	0	2	0	152	91	163	39	0	0	3	0	144	211	114	0	3	2	0	50	110	94	137	17	0	0	33	187	54	72	156	10	0	0	33	169	134	107	18	0	1	0	0	6	5	0	1	1	0	
0	0	1	0	0	1	0	0	0	0	3	68	28	0	1	0	3	0	80	119	205	49	0	2	1	0	142	67	91	115	0	3	1	0	30	32	13	128	0	1	0	0	2	0	77	133	0	3	1	0	13	96	135	17	0	1	1	0	35	66	0	0	0	0	
0	1	3	0	0	1	2	0	0	1	0	25	79	22	0	1	0	2	134	163	123	153	50	0	0	95	204	3	28	210	84	0	0	48	182	147	218	193	0	1	0	2	0	62	202	33	0	2	0	2	0	213	110	0	4	0	0	0	7	94	15	0	0	0	
0	1	0	0	0	0	0	0	1	0	29	69	87	114	30	0	0	39	193	105	76	97	26	0	0	168	224	144	140	128	38	0	0	81	58	52	45	123	207	0	3	0	79	182	56	206	136	0	3	0	105	218	216	130	0	0	0	0	0	0	0	0	1	0	
0	0	2	0	66	35	0	1	0	3	0	72	183	8	0	1	1	0	15	206	46	0	3	0	4	0	133	121	0	3	0	0	2	0	178	118	139	201	34	0	3	0	146	255	254	200	24	0	1	0	10	67	44	0	0	0	0	0	1	0	0	2	1	0	
0	2	0	0	0	0	0	0	1	0	49	117	118	89	8	0	0	112	186	107	130	242	102	0	0	88	64	141	218	237	35	0	2	0	68	111	43	120	184	0	0	86	134	34	125	186	99	0	0	130	220	152	95	22	0	1	0	5	14	0	0	0	3	0	
0	0	0	0	1	0	0	0	0	0	2	0	60	54	0	2	0	0	3	0	173	115	0	4	0	1	0	22	206	32	0	2	0	3	0	109	146	0	3	0	1	0	11	192	38	0	1	0	4	0	108	137	0	3	0	0	1	0	20	10	0	0	0	0	
0	1	2	0	0	0	0	0	1	0	9	74	107	117	106	19	0	3	142	118	65	82	46	4	0	63	188	43	18	0	1	0	0	0	82	137	175	87	0	3	0	0	0	0	6	155	16	0	1	0	29	129	119	166	22	0	0	1	0	37	71	29	0	1	
0	0	1	0	0	0	1	0	1	0	21	137	158	81	0	1	4	0	127	219	206	255	97	0	0	6	232	79	0	239	154	0	0	55	236	14	13	223	118	0	0	54	252	45	188	218	4	0	0	3	201	255	180	29	0	1	1	0	23	49	5	0	1	0	
0	0	1	1	0	2	0	0	0	1	0	30	19	0	0	0	1	0	17	148	17	60	11	0	4	0	96	87	25	140	0	1	2	0	38	93	170	81	0	3	0	0	1	0	111	12	0	0	0	1	0	30	118	0	2	0	0	1	0	16	51	0	1	0	
0	0	0	2	2	0	0	0	0	0	1	1	0	84	71	0	0	1	0	16	144	173	40	0	2	0	45	234	95	0	2	0	4	0	99	168	140	20	0	0	0	5	30	41	147	0	0	0	0	9	163	150	29	0	1	0	1	0	29	16	0	1	0	0	
0	0	1	1	0	0	0	0	0	0	0	11	45	61	70	21	0	0	0	159	142	82	58	14	2	0	53	120	0	3	0	0	1	0	22	124	9	1	3	0	0	8	0	106	169	0	1	0	0	30	125	116	62	0	1	0	0	0	2	0	0	0	0	0	
0	0	3	1	0	0	0	0	0	1	0	24	56	5	2	0	2	0	63	201	92	116	70	0	0	50	235	68	102	216	22	0	0	40	178	120	154	149	0	3	0	1	0	4	177	40	0	2	0	4	0	146	142	0	3	0	0	0	0	75	13	0	0	0	
0	0	0	56	43	0	1	0	2	0	111	172	183	64	0	3	0	2	165	15	64	183	0	3	0	1	6	0	84	159	0	3	0	0	2	0	165	115	15	8	0	75	190	185	240	187	83	0	0	42	161	116	29	5	0	0	0	0	0	0	0	0	2	0	
0	0	0	6	78	3	0	0	0	3	0	86	199	0	1	0	1	0	1	180	53	0	3	0	3	0	116	133	2	12	0	0	2	0	171	109	165	226	57	0	3	0	131	190	165	160	24	0	1	0	11	71	38	0	0	0	0	0	1	0	0	3	1	0	
0	0	0	0	0	0	0	0	0	3	0	94	61	0	2	0	0	3	0	84	127	0	4	0	0	3	0	80	135	0	4	0	0	3	0	83	134	0	4	0	0	3	0	86	140	0	4	0	0	2	0	65	107	0	3	0	0	0	0	0	0	0	0	0	
0	0	1	1	0	1	0	0	0	0	0	8	72	21	4	0	1	0	5	157	118	65	29	0	4	0	120	104	0	178	38	0	3	0	110	158	212	115	9	2	0	0	0	46	176	22	0	1	0	3	0	114	143	0	4	0	0	2	0	66	39	0	1	0	
0	1	3	0	0	1	1	0	0	0	1	4	18	12	0	0	0	22	150	178	180	192	70	0	0	104	164	8	0	161	102	0	0	10	25	0	88	183	0	0	0	2	0	42	211	28	0	2	0	0	1	179	74	0	3	0	1	0	27	107	0	3	0	0	
0	0	1	1	0	0	0	0	0	1	0	18	131	145	60	0	1	0	4	172	156	123	127	0	3	0	69	158	60	140	17	0	2	0	41	255	192	14	0	1	1	0	136	160	185	26	0	1	0	12	187	172	76	0	2	0	1	0	35	45	0	1	0	0	
0	0	0	0	0	0	0	0	0	0	0	102	45	0	1	0	0	2	0	195	99	0	3	0	2	0	36	195	107	128	0	1	3	0	167	221	228	156	0	4	0	0	65	16	127	113	0	4	0	0	2	0	57	100	0	3	0	0	3	1	5	11	0	0	
0	0	0	3	1	0	4	1	0	0	1	0	17	141	119	0	0	1	0	71	200	117	7	0	2	0	29	223	62	0	2	0	2	0	46	234	202	49	0	2	4	0	154	130	165	73	0	3	2	0	72	177	143	2	0	1	0	0	0	2	1	0	0	0	
0	0	1	0	2	0	0	0	0	0	3	85	142	45	0	2	3	0	122	109	110	12	0	0	2	0	62	165	158	7	0	1	0	1	0	130	73	101	13	0	1	0	34	124	0	101	58	0	1	0	11	121	122	82	0	1	0	0	0	8	10	0	0	0	
0	0	1	1	0	0	0	0	0	1	0	37	155	56	0	1	1	0	12	189	136	186	68	0	2	0	59	185	74	143	29	0	1	0	5	194	255	50	0	2	3	0	106	156	185	82	0	3	3	0	161	186	101	0	0	0	1	0	19	39	0	1	0	0	
0	2	4	0	0	2	0	0	0	0	0	14	17	0	0	0	0	42	148	172	174	86	0	2	0	55	95	7	12	170	8	0	0	0	3	0	81	146	0	3	0	4	0	44	201	36	0	2	1	0	20	197	63	0	2	0	2	0	66	85	0	4	0	0	
0	0	0	3	1	0	0	0	0	0	1	0	28	143	49	0	0	0	0	73	182	144	15	0	2	0	38	203	35	0	1	0	3	0	86	199	179	54	0	2	0	2	24	72	191	26	0	1	1	0	144	181	30	0	1	0	1	0	28	23	0	2	0	0	
0	1	0	47	38	0	1	0	2	0	28	238	86	0	3	0	3	0	165	198	0	5	4	1	0	25	235	52	0	2	0	0	0	34	233	53	57	125	156	33	1	0	139	244	251	255	241	45	0	0	0	32	57	63	22	0	0	0	3	0	0	0	1	1	
0	0	0	3	0	2	2	0	0	0	1	0	36	128	20	0	0	1	0	108	158	41	0	1	0	0	1	187	54	0	1	0	1	0	27	149	150	152	0	3	1	0	32	14	130	94	0	3	2	0	56	174	87	0	2	0	0	0	0	4	0	2	0	0	
0	0	2	0	1	1	0	0	0	0	2	61	48	0	1	0	2	0	96	80	105	39	0	2	0	26	119	0	109	86	0	3	0	12	115	68	150	46	0	2	1	0	17	27	111	44	0	2	0	0	4	0	88	61	0	2	0	0	2	0	29	37	0	1	
0	0	0	1	0	0	0	0	0	2	0	51	196	78	0	1	0	0	2	156	120	187	18	0	1	0	15	165	124	88	0	2	2	0	32	174	177	94	0	1	0	0	173	65	81	142	0	1	0	13	167	140	96	2	0	0	0	0	4	8	0	2	0	0	
0	0	2	4	0	0	0	0	2	0	106	193	182	68	0	1	0	0	12	19	70	210	11	0	0	1	4	0	116	182	0	1	1	0	1	135	169	14	9	1	0	21	208	213	138	182	103	0	0	53	218	146	105	33	0	1	0	0	0	0	0	0	1	0	
0	0	2	0	0	0	0	0	0	1	0	63	106	125	39	0	3	0	90	221	84	125	182	9	0	1	205	66	0	0	165	48	0	77	169	0	0	98	168	0	0	128	180	59	164	164	15	0	0	53	208	196	106	3	1	1	0	0	0	0	0	2	1	0	
0	0	0	0	0	0	0	0	0	19	17	11	27	18	7	0	0	110	198	185	196	250	129	0	0	3	17	3	97	240	38	0	0	2	0	36	232	64	0	3	1	0	0	191	123	0	4	0	2	0	169	181	0	4	0	0	0	0	166	97	0	3	0	0	
0	0	0	0	0	0	0	0	0	0	4	45	113	75	0	2	3	0	73	151	67	177	11	0	0	2	0	98	200	111	0	2	0	1	0	63	172	61	0	3	0	7	18	37	157	16	0	1	0	14	172	155	31	0	1	0	0	0	43	13	0	1	0	0	
0	0	0	0	0	3	1	0	0	3	16	31	18	0	0	0	0	141	191	160	170	135	11	0	0	19	15	2	0	122	103	0	0	0	1	0	47	138	26	0	2	0	66	198	248	154	59	0	1	0	38	110	99	60	26	0	0	0	0	0	0	0	0	0	
0	2	3	0	50	41	0	1	0	0	0	0	53	173	91	0	0	41	188	73	0	48	207	10	0	116	193	22	0	13	188	22	0	159	138	0	0	157	149	0	0	98	236	146	190	153	5	0	1	0	104	164	56	0	2	0	0	1	0	0	0	3	1	0	
0	0	1	1	0	0	0	0	0	0	4	62	8	49	0	0	1	0	36	154	50	140	0	3	4	0	132	119	129	135	0	4	3	0	130	196	229	75	0	3	0	3	0	111	162	0	3	0	0	3	0	159	82	0	3	0	0	0	0	27	8	0	0	0	
0	0	1	1	1	0	0	0	0	2	0	79	191	103	0	0	1	0	31	185	37	181	24	0	1	0	15	192	219	71	0	3	2	0	49	142	97	153	6	0	0	24	197	44	67	135	3	0	0	31	183	148	85	1	0	0	0	0	4	3	0	2	0	0	
0	0	0	0	1	0	0	0	0	0	6	108	5	0	0	0	0	2	0	177	62	0	2	0	0	3	0	92	148	0	3	0	0	1	0	18	178	17	0	1	0	0	3	0	184	75	0	3	0	0	3	0	98	61	0	2	0	0	0	0	0	0	0	0	
0	1	0	31	58	0	2	0	0	4	0	114	135	0	5	0	2	0	35	201	22	0	1	0	2	0	165	122	78	112	37	0	0	26	193	83	176	235	104	0	0	1	174	188	169	148	16	0	1	0	10	78	47	1	0	0	0	0	1	0	0	2	1	0	
0	0	0	0	0	0	0	0	1	0	20	128	67	0	2	0	4	0	123	140	97	34	0	1	2	0	34	150	198	92	0	3	0	3	0	125	246	47	0	2	1	0	31	153	113	100	0	4	1	0	8	153	183	24	0	1	0	1	0	21	26	0	1	0	
0	2	2	0	0	0	0	0	0	0	0	45	139	90	0	1	0	34	170	155	60	184	15	0	0	79	96	0	113	187	0	0	0	1	0	169	166	186	32	0	0	5	13	18	79	163	0	0	0	12	109	162	163	18	0	1	0	0	10	52	5	0	1	0	
0	0	0	0	0	0	0	0	2	0	69	139	109	46	0	1	1	0	93	63	158	147	0	4	1	0	44	123	212	58	0	3	1	0	126	175	174	126	0	0	1	0	32	18	0	178	45	0	2	0	52	153	169	103	0	1	0	1	0	26	43	0	0	0	
0	0	2	1	0	0	1	0	0	2	0	29	116	126	19	0	2	0	39	228	252	233	164	0	0	25	224	255	80	52	196	0	0	135	167	36	85	218	105	0	0	193	87	74	255	180	0	0	0	110	232	249	155	6	0	1	1	0	37	33	0	2	1	0	
0	0	1	0	0	0	0	0	0	1	0	58	151	117	107	24	3	0	63	217	135	102	71	15	2	0	59	213	45	0	2	0	0	1	0	44	171	27	0	2	0	38	98	0	151	113	0	4	0	11	164	218	195	34	0	2	0	0	3	46	14	0	1	0	
0	0	0	0	1	0	0	0	0	0	1	0	28	157	3	0	0	0	4	0	144	165	0	2	0	2	0	58	232	24	0	1	1	0	0	206	122	0	3	0	4	0	101	223	1	0	0	0	3	0	107	99	0	3	0	0	0	0	0	1	1	0	0	0	
0	0	0	0	0	0	0	0	0	0	0	49	134	67	0	1	0	0	9	112	119	202	47	0	0	0	0	1	0	187	60	0	0	22	98	176	225	235	82	0	19	221	225	235	122	5	7	0	4	69	64	14	0	1	0	0	0	0	0	0	3	1	0	0	
0	0	0	0	2	35	6	0	0	1	0	7	181	255	66	0	0	3	0	18	109	138	90	0	0	0	8	14	0	168	56	0	0	64	170	172	214	152	0	2	6	161	106	188	235	113	0	4	0	68	125	62	10	80	0	1	0	0	0	0	1	0	0	0	
0	0	0	2	0	1	4	3	0	0	0	2	57	13	101	23	0	2	0	97	132	200	69	0	0	3	0	111	138	149	11	0	0	0	0	141	144	0	3	0	1	0	102	181	52	0	3	0	0	29	177	96	0	0	0	0	0	0	2	2	1	0	0	0	
0	0	0	0	0	1	0	0	0	1	0	39	157	135	0	1	0	2	0	62	214	107	0	4	2	0	60	140	186	53	0	2	3	0	78	183	159	39	0	2	0	13	63	26	163	58	0	2	1	0	125	217	112	0	2	0	0	0	0	0	0	0	0	0	
0	0	0	1	0	1	0	0	0	0	1	0	52	170	32	0	0	2	0	60	172	209	55	0	0	4	0	91	157	135	5	0	1	0	67	180	209	18	0	1	0	75	184	69	128	1	1	0	0	28	152	174	51	0	2	0	0	0	1	2	0	0	0	0	
0	0	2	2	0	2	0	0	0	1	1	1	0	28	139	0	2	0	51	95	0	133	154	0	0	20	221	94	17	210	27	0	0	59	199	174	244	133	0	4	0	3	0	104	210	14	0	1	0	2	0	142	53	0	2	0	0	0	0	0	2	1	0	0	
0	0	1	0	0	0	0	0	0	0	0	0	16	15	1	0	0	0	96	128	137	184	4	0	0	0	17	0	95	130	0	3	0	0	0	0	172	34	0	1	0	3	0	83	141	0	3	0	0	0	0	169	52	0	2	0	2	0	38	115	0	2	0	0	
0	0	0	2	1	26	1	0	0	0	4	0	106	181	0	2	0	2	0	77	209	33	0	2	2	0	38	211	72	7	0	1	4	0	113	215	198	150	0	2	4	0	96	255	193	168	0	2	1	0	10	112	121	28	0	1	0	0	0	0	0	0	0	0	
0	0	0	1	0	0	0	0	0	0	0	0	42	70	63	19	1	0	0	175	138	60	42	11	2	0	53	135	8	0	1	0	2	0	63	79	6	4	1	0	0	3	37	48	81	69	0	2	1	0	77	34	76	82	0	2	1	0	12	79	65	4	0	0	
0	0	2	3	1	0	0	0	0	2	0	0	2	9	3	0	2	0	105	172	153	226	108	0	0	92	252	98	14	226	85	0	0	119	70	0	126	202	0	1	0	2	0	68	252	56	0	3	1	0	15	235	110	0	3	0	2	0	36	137	1	1	0	0	
0	0	2	1	0	0	0	0	0	1	0	147	96	0	1	0	2	0	38	244	208	0	1	0	0	14	132	167	245	28	0	2	0	13	0	123	255	63	0	3	0	4	0	124	255	72	0	3	0	2	0	36	213	85	0	3	0	0	0	0	0	0	0	0	
0	0	1	2	0	0	0	0	0	0	0	0	125	181	9	0	1	0	3	185	208	102	0	0	2	0	53	198	80	139	0	2	0	2	0	160	233	26	0	2	3	0	90	216	190	38	0	2	3	0	107	208	183	37	0	2	0	0	0	0	1	0	0	0	
0	0	0	0	0	0	0	0	0	21	78	116	135	163	98	1	0	131	238	152	156	121	127	9	0	147	254	176	157	77	0	1	0	57	118	66	60	253	96	0	0	24	118	0	54	255	113	0	0	0	148	219	241	186	8	0	0	1	0	22	33	7	0	0	
0	0	1	2	0	0	0	0	0	1	0	9	124	157	29	0	1	0	19	201	169	156	114	0	0	2	183	113	0	19	139	0	0	110	128	0	1	6	134	6	0	159	21	0	17	108	76	0	0	90	157	130	100	53	0	1	0	0	21	13	0	0	2	0	
0	0	0	1	2	1	0	0	0	0	47	10	0	0	0	0	0	27	194	82	38	27	0	1	0	104	124	5	133	106	0	4	0	18	13	0	92	71	7	0	0	1	0	66	192	143	33	0	0	1	3	0	136	44	0	2	0	0	1	0	45	11	0	0	
0	0	0	0	1	0	0	0	0	0	1	0	25	141	0	0	0	0	4	0	125	143	0	3	0	1	0	27	209	24	0	1	0	2	0	161	128	0	3	0	3	0	94	200	1	0	0	0	0	0	149	50	0	2	0	0	0	0	0	1	1	0	0	0	
0	0	0	0	0	0	0	0	0	45	92	87	78	21	0	1	0	65	105	62	150	156	0	3	1	0	10	99	211	62	0	3	1	0	97	132	100	153	7	0	0	0	1	0	17	174	14	0	0	0	69	89	173	82	0	2	1	0	96	94	19	0	1	0	
0	0	0	0	0	0	0	0	0	1	0	18	174	186	3	0	0	3	0	152	206	197	26	0	0	1	1	0	31	168	3	0	0	8	90	59	162	88	0	3	0	94	173	250	195	0	0	0	0	71	164	60	67	45	0	2	0	1	3	0	0	0	0	0	
0	0	1	0	21	10	0	0	0	0	0	9	161	25	0	1	0	3	0	122	138	0	4	0	2	0	30	235	178	145	10	0	4	0	143	127	16	197	13	0	3	0	182	121	153	111	0	3	2	0	73	162	102	0	1	0	0	0	0	0	0	1	0	0	
0	0	0	0	0	0	0	0	0	1	0	38	180	104	0	3	0	2	0	37	164	125	0	3	2	0	71	152	210	59	0	3	3	0	106	203	136	129	0	3	0	35	62	22	160	141	0	3	0	16	165	201	133	2	0	1	0	0	0	0	0	1	0	0	
0	0	0	0	0	0	0	0	4	37	53	53	6	0	0	0	2	91	93	155	37	0	2	0	0	0	0	150	102	14	0	1	0	2	5	12	74	132	0	1	0	0	1	0	16	155	0	0	0	0	1	0	116	87	0	3	0	1	0	17	78	0	0	0	
0	0	1	0	0	1	1	0	0	0	10	46	0	34	157	1	3	0	98	159	0	166	107	0	0	25	207	19	87	170	0	2	0	107	240	153	223	66	0	1	0	11	20	203	164	136	43	0	1	0	29	118	0	1	0	0	0	1	2	0	3	3	1	0	
0	0	0	0	0	0	0	0	0	1	0	36	107	32	0	2	0	0	6	118	136	59	0	2	0	1	0	124	109	0	1	0	0	2	0	102	160	5	0	1	2	0	51	95	150	30	0	1	3	0	56	168	80	0	2	0	0	0	4	26	0	0	0	0	
0	0	3	0	77	25	0	1	0	3	0	84	205	11	0	1	3	0	74	220	29	0	2	0	0	0	179	44	49	89	5	0	0	29	163	147	208	248	104	0	0	5	216	251	181	196	43	0	1	0	42	77	62	15	0	1	0	0	1	0	0	1	2	0	
0	0	0	0	0	1	0	0	0	1	0	35	106	7	0	1	0	3	0	88	176	124	0	3	0	3	0	148	204	28	0	1	2	0	60	166	117	32	0	1	4	0	100	106	136	38	0	1	1	0	19	166	112	0	3	0	0	1	0	27	13	0	0	0	
0	0	0	2	0	0	0	0	0	0	2	0	61	72	9	0	0	1	0	127	168	222	27	0	3	0	104	152	67	137	0	3	1	0	159	43	181	39	0	2	0	3	0	133	138	0	4	0	2	0	46	191	11	0	1	0	2	0	41	45	0	2	0	0	
0	0	0	0	0	0	0	0	2	0	61	89	52	21	0	1	4	0	141	255	180	34	0	2	4	0	150	255	173	69	0	2	1	0	31	90	113	214	15	0	0	0	1	0	30	212	18	0	0	1	0	123	223	111	0	3	0	0	0	33	43	0	1	0	
0	0	2	3	0	0	1	0	0	0	1	0	73	113	0	1	1	0	26	168	171	82	112	0	3	0	169	115	7	159	50	0	2	0	59	153	154	57	0	2	2	0	77	210	103	0	5	0	1	0	148	188	83	0	3	0	0	0	10	49	5	0	0	0	
0	0	0	0	2	1	0	0	0	39	180	126	8	0	2	0	0	61	230	110	148	9	0	1	0	21	213	6	95	185	4	0	0	6	207	46	0	134	141	0	4	0	119	167	40	113	223	14	0	0	3	131	188	180	89	0	0	0	1	0	0	0	0	0	
0	0	1	1	0	0	0	0	0	2	0	47	200	186	14	0	2	0	25	228	162	210	61	0	0	0	205	129	0	101	70	0	0	73	165	0	5	192	47	0	0	95	131	47	196	155	0	2	0	28	191	216	137	5	0	1	0	0	0	0	0	1	0	0	
0	0	2	0	3	1	1	0	0	0	5	98	173	135	3	0	1	0	148	142	6	138	140	0	0	70	167	0	0	12	181	20	0	121	122	0	0	30	179	10	0	71	190	52	48	174	107	0	1	0	81	173	160	62	0	1	0	1	0	0	0	0	1	0	
0	0	0	0	2	0	0	0	0	0	0	0	3	108	21	0	0	0	3	0	108	228	7	0	0	1	0	14	232	101	0	3	0	3	0	143	201	0	1	0	2	0	46	242	60	0	2	0	4	0	113	174	0	3	0	0	0	0	10	19	0	0	0	0	
0	0	0	0	0	0	0	0	0	0	9	83	139	68	0	2	3	0	124	124	40	38	0	0	0	12	198	60	15	3	1	0	0	39	179	124	129	143	21	0	0	0	0	2	0	56	147	0	0	0	2	5	0	55	160	0	0	0	0	1	0	40	25	0	
0	0	0	0	0	0	0	0	0	1	0	10	133	220	81	0	0	4	0	73	219	177	139	0	0	0	5	20	5	193	83	0	0	5	132	196	243	162	0	3	0	138	147	209	220	154	5	0	0	109	205	98	0	48	18	0	0	0	2	0	2	1	0	0	
0	0	0	1	0	8	4	0	0	1	0	16	136	138	36	0	0	3	0	164	132	0	2	0	2	0	37	163	0	1	1	0	1	0	30	167	100	43	0	1	0	0	2	33	196	148	0	4	2	0	46	133	107	12	0	1	0	0	2	11	0	0	0	0	
0	0	0	0	0	0	0	0	0	0	0	24	105	204	75	0	0	1	0	118	182	250	71	0	2	0	30	160	232	135	0	1	2	0	177	192	160	72	0	3	30	103	95	86	206	63	0	3	7	138	196	201	96	0	1	0	0	0	0	0	0	0	0	0	
0	0	1	1	0	1	0	0	0	3	0	119	163	0	0	0	1	0	23	179	117	96	0	3	4	0	100	128	39	153	0	3	4	0	142	54	95	161	0	4	3	0	121	97	231	82	0	3	2	0	48	216	102	0	2	0	0	0	0	0	0	1	0	0	
0	0	1	2	0	2	0	0	0	1	1	0	3	0	127	46	2	0	42	92	0	113	173	0	0	23	201	58	41	205	22	0	0	119	234	158	245	100	0	4	0	0	28	210	118	47	2	0	3	0	83	78	0	2	0	0	0	0	4	1	3	2	0	0	
0	0	1	0	0	0	0	0	0	0	0	25	25	5	0	0	3	0	89	173	199	164	0	3	0	0	154	11	189	134	0	3	1	0	140	156	231	86	0	4	1	0	30	54	71	113	0	4	0	0	2	0	51	145	0	3	0	0	2	0	16	75	0	1	
0	0	1	1	0	93	16	0	0	1	0	2	173	199	5	0	0	1	0	165	149	0	0	0	3	0	114	155	89	90	0	0	0	6	190	191	196	231	58	0	1	0	168	255	182	195	33	0	1	0	18	72	87	24	0	1	0	0	2	0	0	1	1	0	
0	0	0	0	0	0	0	0	0	1	0	68	139	56	0	1	1	0	37	143	107	193	0	1	1	0	33	150	121	40	0	1	0	2	0	192	117	0	4	0	2	0	41	193	133	0	2	0	2	0	47	179	127	0	3	0	0	1	0	42	21	0	1	0	
0	0	2	2	0	0	0	0	0	0	0	0	6	40	27	0	2	0	82	95	0	202	80	0	1	0	159	53	51	185	0	0	0	1	0	14	207	62	0	2	0	2	0	159	118	0	3	0	3	0	121	168	0	3	0	0	1	0	83	30	0	1	0	0	
0	0	0	2	1	0	0	0	0	0	4	0	56	62	0	2	0	2	0	39	207	94	0	4	2	0	49	139	69	136	7	0	0	36	233	124	126	160	3	0	0	20	75	20	54	126	0	3	0	0	2	0	66	114	0	4	0	1	4	0	9	16	0	1	
0	0	2	1	0	0	0	0	0	1	0	17	87	124	121	42	2	0	55	199	143	115	65	11	3	0	131	42	8	130	6	0	3	0	81	172	165	56	0	3	0	1	129	179	185	10	0	1	0	15	175	128	132	7	0	1	1	0	30	61	8	0	0	0	
0	0	0	9	1	0	0	0	0	2	107	216	110	0	3	0	0	17	143	71	194	13	0	1	0	1	0	6	172	26	0	2	1	0	10	143	201	3	0	1	4	0	131	255	171	156	95	22	1	0	24	42	0	37	102	55	0	0	0	0	1	0	0	0	
0	0	0	4	1	0	0	0	0	0	1	0	21	104	13	0	0	0	2	95	178	167	6	0	2	0	40	172	61	91	0	2	0	2	0	132	167	8	0	1	2	0	47	151	131	0	2	0	3	0	94	146	97	0	1	0	0	0	5	48	8	0	0	0	
0	0	0	1	1	0	0	0	0	0	1	2	0	53	16	0	0	2	0	79	44	127	19	0	1	0	23	148	70	118	0	3	3	0	78	159	162	40	0	2	0	1	0	42	132	0	2	0	0	3	0	114	71	0	2	0	0	1	0	25	11	0	0	0	
0	0	0	0	1	0	0	0	0	0	2	0	64	119	0	3	0	0	3	0	154	96	0	3	0	2	0	49	192	3	0	1	0	3	0	164	101	0	3	0	3	0	71	193	0	0	0	0	3	0	102	75	0	2	0	0	0	0	0	1	1	0	0	0	
0	1	2	0	0	0	0	0	0	1	0	58	118	112	20	0	0	4	140	167	174	249	43	0	0	24	54	61	237	141	0	3	0	0	1	0	68	197	0	1	1	3	0	15	193	115	0	3	3	93	152	208	119	0	1	0	0	6	56	29	0	2	0	0	
0	0	0	2	0	1	0	0	0	0	0	1	2	9	3	0	0	0	1	119	161	169	4	0	3	0	77	106	80	129	0	4	1	0	15	16	163	28	0	1	0	2	0	127	97	0	3	0	3	0	71	148	0	2	0	0	2	0	78	27	0	1	0	0	
0	0	0	0	0	1	0	0	0	28	125	102	55	0	1	0	0	17	94	76	147	87	0	3	0	0	0	11	43	154	0	4	2	0	107	142	200	202	145	59	0	22	132	55	162	13	26	6	0	0	143	151	21	0	1	0	0	0	7	4	0	1	1	0	
0	0	0	0	9	35	0	0	0	1	0	21	201	211	13	0	0	3	0	53	113	109	37	0	1	0	38	30	0	172	20	0	0	29	174	188	217	116	0	3	0	62	115	165	239	47	0	2	0	1	125	106	2	2	0	0	0	0	0	0	1	0	0	0	
0	0	0	0	0	0	0	0	0	3	0	105	74	0	2	0	0	4	0	156	106	0	3	0	0	3	0	185	124	0	4	0	0	4	0	132	182	0	3	0	0	3	0	98	210	0	1	0	0	1	0	25	181	36	0	2	0	0	0	0	0	0	0	0	
0	0	0	1	0	1	1	0	0	0	1	3	0	62	94	0	0	0	4	26	0	167	57	0	2	0	59	109	75	150	0	3	0	0	181	206	233	62	0	3	0	7	27	162	89	0	3	0	1	0	16	99	0	1	0	0	0	0	2	1	2	0	0	0	
0	0	2	0	0	1	0	0	0	0	3	65	45	0	1	0	0	3	147	121	190	74	0	3	0	11	196	53	183	117	0	4	2	0	62	128	158	108	0	4	0	0	4	0	118	117	0	4	0	0	6	0	128	123	0	4	0	0	2	0	55	54	0	2	
0	0	0	0	1	0	0	0	0	0	2	0	46	155	0	0	0	0	4	0	145	201	0	1	0	2	0	33	229	65	0	3	1	0	0	216	153	0	2	0	2	0	167	195	0	1	0	0	0	7	182	46	0	2	0	0	0	0	0	1	1	0	0	0	
0	0	0	0	1	1	0	0	0	0	4	7	0	71	42	0	4	0	112	103	4	223	45	0	2	0	171	32	122	169	0	2	1	0	154	119	241	131	0	2	1	0	19	222	141	0	2	0	1	0	19	157	12	0	1	0	0	0	10	15	0	1	0	0	
0	0	0	0	0	2	0	0	0	0	1	1	0	20	78	0	0	0	0	4	0	124	88	0	3	0	98	75	40	144	0	1	3	0	115	196	190	23	0	1	0	2	0	137	70	0	3	0	2	0	48	101	0	3	0	0	1	0	14	9	0	0	0	0	
0	0	0	2	3	0	0	0	0	0	1	0	0	5	0	0	0	2	0	73	133	157	0	1	2	0	50	156	194	143	0	4	3	0	65	147	142	58	0	2	0	1	0	27	147	0	0	0	0	3	0	127	88	0	3	0	0	0	0	106	17	0	0	0	
0	0	0	0	2	1	0	0	0	0	0	2	0	96	26	0	0	0	3	0	62	218	14	0	0	1	0	5	207	97	0	3	0	3	0	149	180	0	3	0	2	0	56	222	21	0	1	0	4	0	140	104	0	3	0	0	0	0	19	8	0	0	0	0	
0	0	0	0	29	12	0	0	0	0	3	0	140	80	0	3	0	0	0	3	137	23	0	1	0	2	0	75	84	0	3	0	0	0	4	139	71	0	0	0	2	0	53	159	125	0	0	0	1	0	14	110	29	0	1	0	0	0	0	0	0	0	0	0	
0	0	0	3	0	1	0	0	0	0	2	0	1	4	102	14	0	0	11	89	0	85	212	1	2	0	117	151	23	225	56	0	0	114	255	153	212	119	0	4	0	98	130	209	184	0	1	1	1	0	19	155	14	0	1	0	0	1	10	17	0	1	0	0	
0	0	0	6	3	0	0	0	1	0	26	125	85	4	0	0	2	0	76	24	41	67	0	1	2	0	46	86	56	98	0	1	2	0	96	133	138	109	0	2	1	0	99	11	0	83	4	0	2	0	41	131	122	61	0	2	0	0	0	7	9	0	0	0	
0	0	0	2	0	1	0	0	0	0	0	1	78	39	0	1	0	1	0	116	179	150	0	0	3	0	90	184	78	207	11	0	2	0	51	163	247	82	0	3	0	2	0	122	142	0	2	0	3	0	84	188	1	1	1	0	2	0	56	37	0	2	0	0	
0	0	1	1	43	16	0	1	0	2	0	124	172	20	0	1	3	0	94	176	0	1	0	0	3	0	64	125	119	45	0	2	0	3	18	0	38	184	5	0	0	9	129	71	161	122	0	2	2	0	59	159	80	0	1	0	0	0	0	0	0	2	0	0	
0	0	0	2	0	38	14	0	0	0	3	0	104	219	27	0	0	3	0	96	201	13	0	1	3	0	70	189	39	78	20	0	0	3	183	131	172	252	98	0	0	8	216	252	200	185	31	0	2	0	88	124	77	8	0	1	0	0	0	0	0	1	1	0	
0	0	2	2	0	0	0	0	0	1	0	7	12	0	0	0	2	0	40	139	160	82	0	3	0	14	157	49	219	105	0	4	0	20	124	128	196	64	0	3	1	0	23	15	131	54	0	2	0	1	4	0	138	53	0	2	0	0	4	0	82	46	0	2	
0	0	0	2	0	0	0	0	0	0	1	0	66	139	30	0	0	2	0	133	203	173	52	0	1	0	14	176	109	154	20	0	2	0	49	221	201	12	0	1	0	55	98	4	142	78	0	3	2	117	46	50	130	19	0	1	0	28	50	30	7	0	0	0	
0	1	0	0	1	1	0	0	0	0	11	31	9	0	0	0	0	82	168	160	139	38	0	2	1	17	4	0	100	82	0	3	0	15	133	155	238	100	0	1	0	1	64	85	51	127	118	0	0	0	0	1	0	12	158	7	0	0	2	3	1	11	20	0	
0	0	0	2	0	1	0	0	0	0	2	1	0	18	123	0	0	0	16	85	0	119	100	0	3	0	100	87	21	157	1	0	0	55	237	117	200	81	0	3	0	33	34	143	139	0	3	0	0	0	0	117	17	0	1	0	0	1	3	1	2	1	0	0	
0	1	0	36	28	0	1	0	0	1	0	38	151	32	0	1	0	2	0	32	160	4	0	1	0	1	0	27	142	13	0	1	0	13	14	0	108	57	0	2	0	37	137	51	146	13	0	1	1	0	40	130	55	0	2	0	0	1	1	0	0	0	0	0	
0	0	3	1	0	0	0	0	0	1	0	3	50	44	19	0	0	0	112	110	106	232	52	0	0	78	157	0	79	151	0	3	0	16	2	11	170	28	0	1	0	2	0	153	107	0	4	0	2	0	104	177	12	0	1	0	0	0	83	19	0	1	0	0	
0	0	0	1	0	0	0	0	0	2	0	141	62	0	2	0	0	4	0	153	155	0	4	0	0	4	0	137	170	0	3	0	0	4	0	120	180	0	3	0	0	3	0	107	174	0	3	0	0	3	0	82	139	0	2	0	0	0	0	0	0	0	0	0	
0	0	1	2	0	0	0	0	0	0	0	2	67	125	157	9	1	0	26	168	143	174	114	0	1	0	20	166	131	108	0	1	1	0	33	166	170	15	0	1	0	37	156	31	107	93	0	3	0	71	147	125	116	11	0	1	0	0	12	10	0	0	0	0	
0	0	0	0	0	0	0	0	0	0	0	2	91	12	0	1	0	1	0	37	159	0	1	0	0	2	0	72	149	0	4	0	0	3	0	95	147	0	4	0	0	3	0	152	72	0	2	0	1	0	22	146	0	0	0	0	0	0	9	20	0	1	0	0	
0	0	0	3	0	2	0	0	0	0	2	0	0	11	102	6	0	0	2	97	0	131	139	0	0	0	134	99	67	162	0	0	0	33	220	172	237	90	0	3	2	0	90	181	42	36	0	0	0	29	101	7	0	0	0	0	0	16	8	0	3	1	0	0	
0	2	4	4	4	3	0	0	0	0	0	0	0	0	0	0	0	165	167	160	153	104	0	1	0	93	130	129	231	194	0	2	1	0	13	133	226	227	102	0	1	1	14	210	215	119	79	0	0	3	0	91	171	0	1	0	0	0	1	1	3	6	2	0	
0	0	0	1	0	23	7	0	0	0	1	0	53	154	6	0	0	1	0	3	148	158	0	2	0	1	6	70	150	54	0	2	2	0	40	152	157	31	0	1	0	45	46	44	141	23	0	1	0	35	116	128	41	0	1	0	0	0	0	0	0	0	0	0	
0	0	2	0	0	1	0	0	0	1	0	45	84	5	0	0	3	0	103	219	152	90	0	3	3	0	193	213	69	242	64	0	2	0	57	200	251	217	21	0	0	1	0	7	224	78	0	3	0	2	0	61	250	30	0	2	0	1	0	18	73	2	0	0	
0	0	0	0	0	2	0	0	0	1	0	18	130	128	0	2	0	2	0	63	152	148	0	2	0	1	4	60	152	98	0	3	1	0	16	206	229	56	0	3	0	34	35	18	176	56	0	2	0	9	125	167	90	0	2	0	0	0	5	6	0	1	0	0	
0	0	0	0	0	0	0	0	0	0	0	2	63	4	0	0	0	3	0	82	181	0	1	0	0	0	1	133	126	2	0	0	0	0	6	23	126	13	0	0	0	0	0	0	134	11	0	0	0	1	0	21	126	0	1	0	0	0	0	6	23	0	1	0	
0	0	1	0	8	90	7	0	0	0	2	0	164	147	0	1	0	3	0	123	142	0	2	0	2	0	52	161	8	32	0	0	2	0	149	105	175	255	72	0	2	0	151	243	175	158	24	0	1	0	24	73	39	1	0	0	0	0	0	0	0	2	1	0	
0	1	1	0	0	0	0	0	1	0	36	71	117	39	0	2	0	21	189	136	214	49	0	2	0	116	136	1	134	0	1	0	0	49	165	185	190	49	3	0	0	2	0	108	223	220	84	0	0	2	0	6	156	129	5	0	0	0	0	1	0	0	0	0	
0	0	0	4	1	1	0	0	0	0	1	0	0	4	4	0	0	0	5	106	145	194	72	0	3	0	113	158	35	188	13	0	0	7	137	6	148	88	0	3	0	3	0	125	148	0	3	0	3	0	72	175	4	0	1	0	2	0	101	40	0	2	0	0	
0	0	0	0	0	0	0	0	1	0	16	88	116	108	3	0	1	0	22	154	43	40	1	0	1	0	23	148	83	17	0	1	2	0	49	190	83	152	12	0	0	0	34	16	0	108	52	0	2	0	95	53	30	133	11	0	0	0	12	38	31	31	0	1	
0	0	0	2	0	1	1	0	0	0	1	0	153	188	4	0	0	2	0	160	177	200	36	0	3	0	108	195	0	219	94	0	0	28	218	15	71	253	32	0	0	85	201	155	241	146	0	2	0	31	209	177	72	1	1	0	0	0	0	0	0	1	0	0	
0	0	2	1	0	0	1	0	0	2	0	131	203	108	0	0	2	0	60	242	62	168	169	0	0	0	209	144	0	96	205	0	0	60	245	19	11	231	105	0	0	63	244	100	216	153	0	0	0	0	86	197	127	0	3	0	0	0	0	0	0	3	1	0	
0	0	3	0	65	79	0	3	0	1	0	21	179	35	0	1	0	1	0	169	76	0	3	0	3	0	97	108	78	154	23	0	0	13	163	132	140	178	104	0	1	0	168	238	160	133	16	0	0	0	10	19	15	1	0	0	0	0	0	0	0	3	1	0	
0	0	0	0	0	0	0	0	0	0	3	0	85	39	0	1	0	0	1	0	145	31	0	1	0	1	0	29	145	0	1	0	0	2	0	68	107	0	3	0	0	3	0	108	92	0	3	0	0	3	0	90	56	0	2	0	0	0	0	0	0	0	0	0	
0	0	0	0	1	0	0	0	0	0	0	0	7	104	2	0	0	0	3	0	81	125	0	3	0	1	0	22	160	16	0	1	0	1	0	125	63	0	2	0	2	0	76	133	0	3	0	0	0	0	131	29	0	1	0	0	0	1	2	1	0	0	0	0	
0	0	0	1	1	0	0	0	0	0	0	0	95	9	0	0	0	1	0	16	125	0	0	0	0	2	0	57	156	0	3	0	0	3	0	82	116	0	3	0	0	3	0	91	104	0	3	0	0	2	0	47	79	0	2	0	0	0	0	0	1	0	0	0	
0	0	1	0	11	78	0	0	0	1	0	1	160	116	0	2	0	1	0	151	120	0	3	0	3	0	86	116	0	11	1	0	0	12	108	39	135	204	70	0	0	12	162	224	199	154	48	0	1	0	17	74	33	4	0	0	0	0	1	0	0	1	2	0	
0	0	0	0	0	0	0	0	0	0	1	0	93	25	0	1	0	1	0	3	217	51	0	2	0	2	0	49	200	8	0	1	0	4	0	113	163	0	4	0	0	4	0	142	100	0	3	0	0	3	0	143	63	0	2	0	0	1	0	19	10	0	0	0	
0	0	1	3	0	0	0	0	0	0	1	0	38	113	28	0	1	0	1	148	190	93	39	0	4	0	109	138	0	83	90	0	1	0	31	115	114	101	0	1	0	1	0	119	181	0	1	0	3	0	87	141	121	3	0	0	0	0	7	57	12	0	1	0	
0	0	0	11	4	0	0	0	1	0	13	106	143	4	0	0	0	1	0	95	163	0	2	0	0	0	5	85	131	75	0	3	0	0	2	0	59	133	0	3	0	3	37	0	131	82	0	3	0	12	109	137	126	0	0	0	0	0	0	8	4	0	0	0	
0	0	2	4	2	2	0	0	0	1	1	0	0	0	5	0	3	0	66	139	116	161	176	0	0	5	195	105	0	198	102	0	0	71	131	0	123	162	0	2	0	11	0	83	209	11	0	1	2	0	40	228	49	0	2	0	3	0	85	93	0	4	0	0	
0	0	0	0	0	0	0	0	0	0	0	70	136	67	0	2	0	0	3	159	126	193	0	0	2	0	48	205	203	58	0	1	4	0	114	80	97	32	0	1	2	0	66	86	60	121	0	4	0	1	0	110	207	77	0	3	0	0	0	9	30	0	0	0	
0	0	1	3	0	0	0	0	0	0	1	0	49	122	39	0	1	0	2	163	237	171	202	19	4	0	114	240	27	30	194	10	0	77	190	16	1	195	90	0	0	144	150	27	214	149	0	3	0	11	181	223	161	8	0	1	0	0	0	1	0	2	0	0	
0	0	2	1	0	1	0	0	0	1	0	34	122	21	3	0	2	0	71	157	86	180	50	0	1	0	161	68	139	102	0	2	1	0	11	212	164	0	2	0	2	0	61	143	80	75	0	2	0	0	1	72	149	129	0	3	0	0	1	0	36	27	0	1	
0	0	0	0	2	1	0	0	0	0	0	3	0	91	62	0	0	0	2	0	38	232	45	0	0	0	1	0	197	109	0	3	0	4	0	148	189	0	2	0	3	0	62	216	20	0	1	0	0	0	193	85	0	3	0	0	0	4	29	1	1	0	0	0	
0	0	1	1	0	0	0	0	0	0	0	1	20	18	0	0	0	24	147	165	148	206	24	0	0	3	22	12	73	151	0	1	0	0	0	3	174	35	0	1	0	3	0	105	92	0	3	0	1	0	28	200	15	0	1	0	2	0	58	102	0	2	0	0	
0	0	2	2	0	0	1	0	0	1	1	0	148	207	45	0	2	0	29	210	206	108	175	0	3	0	166	204	0	30	207	14	0	46	218	28	0	156	171	0	0	116	147	54	190	178	17	0	0	53	198	181	98	0	1	1	0	0	1	0	0	2	2	0	
0	2	1	0	0	0	2	0	0	0	9	27	37	24	0	0	0	63	136	88	101	130	100	0	0	93	161	41	51	161	127	0	0	0	77	63	114	185	0	0	0	1	0	12	156	30	0	2	0	3	0	169	134	0	4	0	0	0	0	122	40	0	1	0	
0	0	2	3	0	0	0	0	0	0	1	0	33	127	45	0	2	0	36	163	169	127	91	0	2	0	59	171	0	113	65	0	0	3	0	89	209	81	0	2	2	0	60	127	137	9	0	0	0	9	169	115	118	3	0	0	0	0	35	56	13	0	1	0	
0	0	0	0	0	0	0	0	2	0	79	41	0	9	2	0	0	5	157	22	0	106	38	0	0	57	123	2	21	147	36	0	0	58	189	128	110	155	5	0	0	4	22	1	1	121	8	0	0	0	0	3	0	106	24	0	0	0	1	1	0	22	10	0	
0	0	0	0	2	3	3	0	0	0	0	2	0	0	0	0	0	0	0	0	45	92	109	14	0	2	0	110	166	81	49	4	1	1	39	140	106	0	2	0	0	52	113	124	43	0	3	0	0	0	25	24	0	0	0	0	0	1	0	0	1	0	0	0	
0	0	0	1	0	0	0	0	0	1	0	16	90	1	0	0	0	3	0	85	226	0	0	1	1	0	0	216	174	0	3	0	0	1	0	153	137	0	4	0	0	4	0	111	140	0	4	0	0	3	0	113	176	0	3	0	0	1	0	14	29	0	1	0	
0	0	1	2	0	0	0	0	0	0	4	0	86	199	20	0	0	1	0	147	207	130	94	0	2	0	147	216	0	76	108	0	0	54	206	16	1	207	76	0	0	111	133	67	228	192	0	0	0	31	202	192	105	9	0	1	0	0	0	0	0	1	1	0	
0	0	0	1	0	0	0	0	0	0	0	0	64	43	0	1	0	2	0	76	191	97	0	4	0	3	0	146	198	6	0	1	0	2	0	57	195	4	0	1	0	2	0	67	131	0	3	0	0	0	0	153	40	0	1	0	1	0	15	59	0	1	0	0	
0	0	2	0	33	42	0	2	0	0	3	0	166	76	0	3	0	2	0	141	162	0	2	0	3	0	84	194	67	45	0	1	4	0	124	194	245	227	11	0	4	0	105	240	182	126	2	0	1	0	26	13	0	0	0	0	0	0	0	0	2	3	0	0	
0	0	2	2	0	0	0	0	0	1	0	22	199	79	0	3	2	0	25	211	131	0	1	0	3	0	165	253	124	27	0	1	0	41	227	61	114	200	12	0	0	6	192	88	15	219	37	0	1	0	27	126	187	129	0	1	0	1	1	0	0	0	0	0	
0	0	0	0	2	0	0	0	0	0	0	1	1	105	24	0	0	0	3	0	85	233	19	0	0	1	0	7	219	96	0	3	0	3	0	129	208	0	1	0	2	0	59	237	52	0	2	0	3	0	168	104	0	3	0	0	0	0	21	2	1	0	0	0	
0	0	0	0	0	0	0	0	0	1	0	83	141	175	132	0	0	0	3	162	81	58	28	0	3	0	88	131	0	2	0	0	2	0	54	153	157	80	0	1	0	7	54	32	169	164	0	3	0	0	131	205	150	15	0	1	0	0	0	0	0	1	0	0	
0	0	0	1	3	4	3	0	0	0	1	2	0	0	0	0	0	1	0	9	122	137	120	12	1	0	13	172	95	54	59	2	2	0	49	114	108	0	3	0	0	61	115	148	104	0	5	0	0	7	66	58	0	0	0	0	0	0	0	0	1	0	0	0	
0	0	2	1	0	4	0	0	0	1	0	2	10	0	0	0	2	0	36	180	201	120	0	0	0	8	209	157	208	226	4	0	0	35	248	176	209	142	0	3	0	3	41	2	164	43	0	2	0	3	0	96	156	0	3	0	0	1	0	147	49	0	2	0	
0	0	1	2	0	5	2	0	0	0	0	0	102	165	17	0	1	1	7	170	148	101	88	0	1	0	34	164	24	171	37	0	0	2	0	152	211	37	0	2	1	0	120	119	156	12	0	0	0	1	142	138	132	5	0	1	0	0	3	14	1	0	0	0	
0	1	0	0	0	1	0	0	1	0	30	98	47	0	1	0	0	65	227	144	189	76	0	3	0	142	249	125	237	151	0	4	0	11	111	67	199	157	0	4	0	0	4	0	150	166	0	4	0	1	7	0	77	248	22	0	0	0	1	0	14	97	9	0	
0	0	1	1	1	1	0	0	0	1	1	3	0	99	54	0	1	0	29	30	18	196	23	0	0	2	178	50	124	98	0	3	0	54	199	167	214	5	85	13	1	0	20	179	60	11	28	3	1	0	19	31	0	0	35	5	0	0	0	1	3	0	7	1	
0	0	0	0	0	0	0	0	0	1	0	31	123	0	2	0	0	3	0	68	184	0	2	0	0	3	0	97	162	0	4	0	0	4	0	167	151	0	4	0	0	1	0	206	91	0	3	0	0	2	0	139	54	0	2	0	0	0	0	0	0	0	0	0	
0	0	1	0	19	17	0	1	0	1	0	17	224	171	0	2	0	2	0	22	168	192	0	1	0	0	3	0	139	115	0	3	0	1	74	190	247	40	0	2	0	71	189	199	101	141	0	1	0	41	131	28	0	42	9	0	0	0	0	1	4	1	0	0	
0	0	0	0	0	0	0	0	0	1	0	12	96	42	4	0	0	3	0	98	150	177	35	0	0	3	0	77	208	61	0	2	0	1	0	138	177	0	0	0	2	0	42	139	137	9	0	0	2	0	48	215	84	0	3	0	0	0	3	42	7	0	0	0	
0	0	0	0	2	2	0	0	0	1	0	24	151	137	3	0	0	1	0	7	124	198	1	0	2	0	75	204	228	57	0	3	1	0	47	56	112	107	0	4	0	38	42	28	202	49	0	2	0	5	121	198	81	0	2	0	0	0	0	0	1	1	0	0	
1	3	3	2	3	0	0	0	0	0	0	0	1	6	0	0	19	91	78	56	131	103	0	3	14	66	76	49	132	79	0	3	1	0	23	103	192	132	3	0	1	0	22	27	144	30	0	1	0	1	0	19	135	0	1	0	0	1	0	37	82	0	2	0	
0	0	0	2	0	1	0	0	0	0	1	0	56	44	0	1	0	1	0	98	151	139	14	0	3	0	67	177	131	108	7	0	1	0	22	150	233	25	0	2	0	3	0	144	109	0	4	0	3	0	69	177	0	1	0	0	2	0	66	41	0	1	0	0	
0	0	2	1	0	0	1	0	0	2	0	86	143	118	32	0	3	0	63	255	173	164	205	8	0	0	207	154	0	21	216	34	0	67	241	23	0	163	215	2	0	121	253	99	201	229	30	0	0	41	220	248	173	27	0	2	0	0	12	15	0	1	2	0	
0	0	3	3	0	0	0	0	0	0	0	0	3	5	0	0	1	0	107	134	122	194	25	0	0	28	183	27	66	184	0	1	0	3	4	0	189	65	0	3	0	3	0	100	164	0	3	0	2	0	34	207	26	0	1	0	3	0	82	87	0	3	0	0	
1	2	2	2	2	1	0	0	0	0	0	0	0	0	0	0	18	48	44	52	103	80	0	3	12	66	83	33	65	78	0	3	0	0	3	0	83	57	0	2	0	2	6	0	84	41	0	2	0	0	2	0	102	22	0	1	0	0	0	9	96	0	0	0	
0	0	3	0	64	26	0	1	0	3	0	75	177	10	0	1	2	0	38	183	19	0	2	0	2	0	153	57	74	95	0	1	0	7	141	168	168	181	74	0	3	0	143	243	142	157	44	0	1	0	23	13	24	7	0	0	0	0	0	0	0	2	2	0	
0	0	2	1	0	0	0	0	0	2	0	21	120	110	12	0	2	0	56	182	67	75	95	0	0	14	187	43	0	67	105	0	0	105	102	0	0	160	51	0	0	146	83	47	151	174	0	2	0	39	128	73	132	64	0	2	0	0	0	0	9	5	0	0	
0	0	0	2	0	0	1	0	0	0	2	0	49	64	0	1	0	1	0	123	178	149	36	0	2	0	130	121	0	181	60	0	1	0	153	126	214	139	0	1	0	1	0	169	171	0	2	0	3	0	105	175	0	2	1	0	1	0	80	23	0	1	0	0	
0	0	5	10	0	1	0	0	0	31	144	154	119	1	0	0	0	6	7	0	127	119	0	3	0	14	105	129	119	175	0	1	0	159	118	32	150	255	50	0	0	138	140	120	175	138	175	0	0	4	71	86	24	0	53	3	0	1	0	0	1	3	0	0	
0	0	1	3	0	17	4	0	0	1	2	0	38	210	59	0	1	0	8	166	209	205	104	0	0	5	203	174	0	116	122	0	0	103	142	0	0	195	69	0	0	143	163	125	217	164	0	1	0	25	152	161	87	2	0	0	0	0	0	0	0	2	1	0	
0	0	1	1	0	3	2	0	0	1	0	15	153	188	12	0	1	0	11	206	153	13	0	0	4	0	129	245	185	79	0	2	3	0	167	132	58	162	4	0	4	0	136	169	57	194	10	0	1	0	16	159	215	97	0	2	0	0	0	0	0	0	0	0	
0	0	1	2	0	87	26	0	0	0	3	0	133	219	20	0	0	2	0	146	182	4	0	1	3	0	103	238	122	170	33	0	0	22	240	244	150	165	152	0	0	22	226	247	155	197	91	0	1	0	16	71	85	41	0	1	0	1	0	0	0	0	2	0	
0	0	1	0	0	0	0	0	0	0	3	0	28	41	0	2	2	0	61	57	71	74	0	3	2	0	133	32	92	39	0	1	0	1	125	114	177	81	0	1	0	0	0	12	129	10	0	0	0	1	0	19	111	0	1	0	0	0	0	6	17	0	0	0	
0	0	0	0	0	0	0	0	0	0	2	0	76	169	17	0	0	0	2	0	83	181	30	0	1	2	5	66	135	140	0	0	2	0	49	157	185	27	0	1	19	38	0	43	146	15	0	1	12	107	150	155	53	0	2	0	0	0	9	2	0	0	0	0	
0	0	0	5	3	0	0	0	2	0	81	172	158	14	0	1	0	3	82	7	115	99	0	4	0	0	2	0	142	69	0	3	0	1	0	108	129	0	1	0	3	0	131	197	31	15	4	0	2	0	86	120	141	157	43	0	0	0	0	0	0	3	1	0	
0	0	1	0	15	32	0	1	0	1	0	29	193	183	0	0	0	1	0	14	50	166	16	0	2	0	46	172	218	80	0	3	3	0	49	106	117	105	0	4	27	106	65	74	207	80	0	3	0	61	139	159	70	0	1	0	0	0	0	0	0	1	0	0	
0	0	1	0	0	0	0	0	1	0	15	42	0	63	13	0	3	0	72	84	0	128	0	0	3	0	93	65	77	114	0	4	1	0	14	112	198	50	0	2	0	1	0	43	108	0	2	0	0	3	0	107	74	0	2	0	0	1	0	19	7	0	0	0	
0	0	2	0	1	2	0	0	0	0	1	7	6	0	1	0	3	0	114	192	151	193	55	0	0	5	185	31	59	229	21	0	0	6	30	0	192	119	0	3	0	3	0	134	184	0	2	0	2	0	54	188	14	0	1	0	2	0	116	55	0	2	0	0	
0	0	0	0	9	14	0	1	0	0	1	0	140	75	0	3	0	3	0	100	150	0	2	0	0	1	0	155	31	0	1	0	1	0	24	190	37	0	1	0	1	0	7	214	218	6	0	1	0	1	0	64	113	0	0	0	0	0	0	0	0	0	0	0	
0	0	0	1	2	0	0	0	0	0	0	1	1	0	12	3	0	1	0	13	141	161	148	20	0	1	0	171	139	4	7	0	2	0	46	87	116	7	0	0	0	58	93	133	102	0	3	0	0	12	100	102	2	0	0	0	0	0	0	0	1	0	0	0	
0	1	0	24	55	0	1	0	0	3	0	145	127	0	4	0	1	0	27	201	19	0	2	0	3	0	89	164	66	30	0	1	3	0	77	240	182	221	48	0	1	0	15	195	178	238	53	0	0	1	0	19	94	49	0	1	0	0	1	1	0	0	1	0	
0	0	0	0	0	0	0	0	0	0	0	12	120	179	9	0	0	3	0	63	214	233	20	0	2	0	45	179	227	146	0	2	2	0	55	158	144	78	0	3	0	45	45	9	140	138	0	4	0	58	187	206	168	32	0	1	0	0	1	1	0	0	0	0	
0	0	0	0	1	1	0	0	0	17	77	94	37	0	1	0	0	98	136	112	195	32	0	1	0	1	3	0	123	61	0	2	1	0	33	81	190	154	64	0	2	0	39	138	201	81	21	0	0	3	0	114	114	0	3	0	0	0	0	90	23	0	2	0	
0	0	0	0	2	0	0	0	0	0	0	1	0	131	21	0	0	0	4	0	110	170	0	2	0	1	0	23	209	35	0	2	0	1	0	177	123	0	3	0	3	0	110	196	0	1	0	0	0	6	142	30	0	1	0	0	0	1	2	1	1	0	0	0	
0	0	0	1	1	2	0	0	0	7	10	0	0	2	3	0	0	59	180	147	140	194	39	0	0	2	19	12	104	138	0	2	0	0	1	0	160	36	0	1	0	2	0	49	148	0	2	0	0	4	0	125	110	0	3	0	0	3	0	113	63	0	2	0	
0	0	1	2	0	2	6	0	0	0	0	1	73	173	66	0	2	0	33	179	177	200	24	0	2	0	66	159	118	128	0	0	2	0	38	223	164	0	1	0	0	65	162	56	137	8	0	0	0	85	115	106	122	0	0	0	0	0	13	12	1	0	0	0	
0	1	2	0	0	0	0	0	0	0	4	64	54	24	0	1	0	4	183	255	255	185	0	2	0	8	180	255	241	48	0	2	0	3	0	155	255	81	0	3	0	2	0	179	255	142	0	4	0	2	0	162	255	139	0	4	0	1	0	18	107	30	0	1	
0	0	0	0	0	0	0	0	0	1	0	6	133	208	58	0	0	4	0	45	206	214	103	0	0	0	0	0	0	169	66	0	0	38	120	143	209	226	6	0	29	205	183	249	163	135	85	0	8	115	120	43	0	7	35	0	0	0	0	0	3	4	0	0	
0	0	2	1	0	1	0	0	0	1	0	10	36	9	0	0	2	0	53	132	100	151	4	0	0	12	143	0	64	179	0	1	0	26	126	62	185	117	0	4	1	0	57	72	75	96	0	4	0	0	3	0	100	87	0	3	0	0	4	0	58	73	0	3	
0	0	0	0	0	0	0	0	1	0	8	120	182	32	0	2	1	0	31	146	120	112	0	4	0	0	32	11	119	107	0	4	0	102	194	255	235	160	14	0	0	144	173	103	0	97	139	0	0	3	7	0	0	8	95	1	0	1	1	4	1	2	0	0	
0	0	0	0	0	0	0	0	0	0	0	78	122	60	0	2	1	0	37	115	0	144	40	0	0	1	0	122	70	111	17	0	2	0	64	169	144	0	0	1	2	0	145	68	115	6	0	0	1	0	27	134	168	9	0	1	0	1	0	16	35	0	0	0	
0	0	0	0	0	0	0	0	0	2	0	89	211	94	0	3	0	3	0	125	255	110	0	4	1	0	28	216	217	21	0	1	1	0	29	85	77	79	0	3	0	54	30	28	196	65	0	3	0	50	175	214	114	0	1	0	0	0	1	0	0	1	0	0	
0	1	3	3	3	2	0	0	0	0	0	0	0	0	1	0	0	21	70	70	69	44	2	0	27	148	75	48	57	98	76	0	8	50	0	2	0	40	109	0	0	1	4	0	63	129	15	0	0	3	0	59	123	12	0	1	0	0	0	19	6	0	1	0	
0	0	1	2	0	0	0	0	0	1	0	9	156	152	0	0	0	2	0	166	215	194	51	0	3	0	143	225	0	153	79	0	0	38	213	29	0	200	74	0	0	59	194	85	199	235	27	0	1	0	150	234	167	40	0	1	0	0	0	0	0	1	1	0	
0	0	1	0	0	0	0	0	0	1	0	38	69	74	7	0	1	0	28	156	106	95	4	0	4	0	107	195	60	0	1	0	2	0	111	75	155	50	0	2	0	0	3	0	133	54	0	2	0	1	0	33	145	4	0	0	0	1	0	67	52	0	2	0	
0	0	0	0	1	3	0	0	0	1	0	47	179	134	0	0	0	2	0	154	129	108	39	0	0	0	0	2	0	157	38	0	1	0	98	161	159	153	0	2	0	36	103	77	247	86	0	3	0	3	103	155	40	10	4	0	0	0	6	3	0	1	0	0	
0	0	0	0	0	0	0	0	1	0	9	101	103	62	3	0	0	0	3	35	40	154	51	0	0	1	0	9	82	92	3	0	2	0	52	198	77	0	1	0	0	0	6	30	152	29	0	1	0	17	102	100	108	1	0	0	0	0	42	55	3	0	0	0	
0	0	2	3	0	0	1	0	0	0	0	2	67	54	0	0	1	0	22	172	166	181	39	0	3	0	168	104	43	164	0	1	1	0	140	129	223	77	0	3	0	2	0	163	168	0	3	0	2	0	44	190	19	0	1	0	2	0	45	46	0	2	0	0	
0	0	1	2	0	1	1	1	0	0	0	4	32	5	0	0	1	0	10	160	152	75	9	21	3	0	83	94	0	90	91	26	1	0	22	114	95	67	0	0	0	0	61	189	136	0	5	1	0	25	92	84	47	0	2	0	0	0	0	0	0	0	0	0	
0	0	0	0	1	1	0	0	0	0	1	3	0	68	39	0	0	0	1	8	15	189	35	0	2	0	53	108	119	98	0	3	3	0	74	207	207	31	0	1	2	0	31	194	65	14	0	1	2	0	121	59	0	2	0	0	0	1	24	2	3	1	0	0	
0	0	1	1	0	1	0	0	0	1	0	26	74	2	0	0	1	0	21	157	131	90	0	2	3	0	69	180	138	133	0	4	0	0	1	52	203	37	0	2	0	3	0	91	129	0	3	0	2	0	37	177	13	0	1	0	2	0	43	47	0	2	0	0	
0	0	1	2	0	1	2	0	0	0	1	0	61	42	0	1	0	0	0	127	142	132	45	0	2	0	113	97	0	169	109	0	0	2	164	97	181	149	0	1	0	1	0	166	180	0	1	1	2	0	57	182	11	0	1	0	2	0	61	40	0	2	0	0	
0	0	0	9	3	0	0	0	0	34	144	151	141	21	0	1	0	42	65	29	178	33	0	2	1	0	18	206	182	82	6	0	0	0	2	13	30	109	124	0	0	5	23	16	32	111	171	0	0	21	148	148	135	99	19	0	0	0	1	0	0	0	1	0	
0	0	1	1	0	0	0	0	0	0	2	0	44	69	8	0	2	0	64	158	60	209	29	0	0	14	167	34	58	140	0	2	0	12	23	6	178	38	0	2	0	3	0	133	112	0	3	0	3	0	90	159	0	1	0	0	1	0	74	23	0	1	0	0	
0	0	1	0	0	0	0	0	0	0	7	31	27	42	0	2	2	0	68	65	71	96	0	3	0	7	178	108	184	65	0	3	0	11	99	78	188	60	0	2	0	0	2	0	167	46	0	2	0	0	5	0	151	32	0	1	0	0	0	0	22	4	0	0	
0	0	1	2	1	32	4	0	0	1	2	0	133	246	72	0	1	0	0	177	164	115	136	0	2	0	162	175	0	169	108	0	0	89	199	0	100	242	34	0	0	138	220	190	248	67	0	2	0	43	160	129	31	0	2	0	0	0	0	0	1	2	0	0	
0	0	1	0	0	0	1	0	2	0	36	141	163	85	0	1	2	0	185	214	157	234	104	0	0	31	226	40	0	68	182	0	0	77	153	0	0	29	166	0	0	68	200	4	0	142	153	0	1	0	159	217	215	186	16	0	0	0	3	50	53	6	0	0	
0	0	0	3	0	0	1	0	0	1	3	0	56	174	53	0	0	2	0	130	191	135	177	0	0	1	159	148	0	11	168	7	0	133	118	0	0	50	179	0	0	191	129	104	149	202	63	0	0	46	143	140	92	19	0	1	0	0	0	0	0	1	2	0	
0	1	2	1	1	3	0	0	13	3	0	0	0	0	0	0	74	136	135	119	123	112	2	0	0	18	34	13	25	158	4	0	1	0	2	0	67	126	0	3	0	1	5	0	128	77	0	3	0	0	4	0	127	73	0	3	0	0	2	0	65	76	0	3	
0	0	0	0	0	22	4	0	0	0	3	0	104	193	58	0	0	3	0	34	159	102	110	0	0	5	33	11	0	164	50	0	2	104	140	137	193	105	0	3	46	124	36	177	173	62	0	2	0	71	109	38	0	18	0	0	0	0	0	0	3	0	0	0	
0	0	0	0	2	1	0	0	0	3	0	105	80	0	3	0	0	0	0	184	164	40	0	2	2	0	60	166	176	64	0	2	4	0	122	192	206	73	0	3	1	0	39	89	222	106	0	3	0	0	3	0	101	48	0	2	0	0	2	4	1	1	0	0	
0	0	1	0	1	0	0	0	1	0	16	42	0	7	1	0	4	0	109	221	165	210	21	0	0	13	164	12	102	188	0	1	0	4	12	0	188	64	0	3	0	3	0	130	167	0	3	0	3	0	85	200	10	0	1	0	2	0	78	35	0	2	0	0	
0	0	0	0	0	0	0	0	1	0	19	94	40	0	1	0	3	0	78	185	185	5	0	1	1	0	8	154	198	0	0	1	1	0	19	187	168	56	0	1	0	0	1	0	5	143	20	0	0	0	0	94	172	118	0	2	0	2	0	79	67	0	0	0	
0	0	0	0	0	1	1	1	0	0	1	0	0	3	141	22	0	0	5	11	0	116	135	0	3	0	124	75	29	170	7	0	0	13	206	176	212	60	0	3	0	1	11	183	91	0	2	0	2	0	60	97	0	2	0	0	0	0	3	1	2	0	0	0	
0	0	2	3	3	2	1	0	0	0	0	0	0	0	0	0	0	9	49	70	71	59	25	0	0	83	77	46	32	58	112	1	1	0	29	84	130	140	49	0	0	8	157	127	61	6	0	1	0	0	5	2	0	1	2	0	0	0	0	1	2	0	0	0	
0	0	1	2	0	1	1	0	0	0	1	1	68	44	0	1	1	0	4	129	139	158	28	0	3	0	111	81	33	175	15	0	2	0	138	120	202	83	0	3	0	2	0	67	139	0	2	0	1	0	23	163	27	0	1	0	1	0	39	47	0	2	0	0	
0	0	2	4	0	0	0	0	0	12	125	189	74	0	2	0	0	117	89	47	180	0	1	0	0	26	0	61	164	0	5	0	0	3	0	140	84	0	3	0	0	2	0	180	84	76	69	6	0	2	0	80	188	159	84	5	0	0	0	0	0	0	0	0	
0	0	1	2	0	0	1	0	0	0	1	0	71	64	0	1	0	0	2	118	120	161	64	0	2	0	127	65	27	162	24	0	1	0	143	125	232	77	0	3	0	3	0	133	143	0	4	0	2	0	53	185	8	0	1	0	2	0	45	46	0	2	0	0	
0	0	0	0	0	0	0	0	0	2	0	61	129	133	37	0	1	0	17	235	116	57	34	0	0	5	160	202	147	49	0	2	0	28	94	0	78	172	0	3	0	5	2	0	158	90	0	3	0	42	147	174	123	0	1	0	1	0	43	47	0	2	0	0	
0	0	0	0	0	0	0	0	0	1	0	51	188	79	0	3	0	3	0	111	112	136	0	2	0	0	3	0	97	108	0	3	0	48	159	215	210	12	0	1	0	75	199	119	138	134	0	1	0	0	5	1	0	115	44	0	0	1	0	4	3	1	2	0	
0	0	1	0	0	0	0	0	0	0	2	101	174	62	0	2	4	0	126	130	109	145	0	4	0	8	162	7	34	194	6	0	0	30	148	0	12	187	16	0	0	0	187	61	73	147	0	2	2	0	60	182	150	15	0	1	0	0	0	1	1	1	0	0	
0	0	1	1	0	0	0	0	0	1	0	17	97	187	59	0	2	0	33	200	119	179	48	0	1	0	30	121	101	110	0	2	1	0	0	187	168	0	2	0	0	25	158	102	152	12	0	1	0	60	185	125	60	0	1	0	0	0	4	2	0	0	0	0	
0	0	3	3	0	0	0	0	0	0	0	0	21	65	88	58	2	0	106	141	157	135	98	52	3	0	130	201	2	0	1	0	0	3	0	141	94	0	7	2	0	1	0	29	166	8	0	1	1	0	67	102	179	22	0	1	1	0	47	106	26	0	1	0	
0	0	0	0	1	0	0	0	0	0	3	0	94	78	0	3	0	0	1	0	194	78	0	3	0	2	0	51	201	3	0	1	0	3	0	159	120	0	3	0	3	0	70	212	11	0	1	0	3	0	110	78	0	2	0	0	0	0	0	1	1	0	0	0	
0	2	4	2	0	0	0	0	0	0	0	0	11	8	0	0	0	50	111	136	144	149	0	1	0	58	76	22	24	128	0	1	0	0	3	0	78	100	0	3	0	2	2	1	135	26	0	1	0	2	0	97	86	0	3	0	1	0	11	116	7	0	0	0	
0	0	0	1	2	0	0	0	0	0	1	1	4	32	48	5	0	1	0	8	79	166	134	10	0	1	0	148	183	9	0	1	0	5	62	104	94	46	0	2	0	56	155	139	124	0	1	0	1	0	27	61	9	0	0	0	0	1	0	0	1	0	0	0	
0	0	1	1	0	1	0	0	0	1	0	32	89	9	0	1	1	0	25	156	129	108	0	3	1	0	28	151	99	118	0	4	0	1	0	21	181	59	0	2	0	1	0	35	159	0	0	0	0	2	0	146	78	0	2	0	0	0	6	62	0	0	0	0	
0	0	1	0	10	22	0	0	0	0	2	0	159	135	0	3	0	3	0	123	187	0	0	1	2	0	39	218	89	8	0	1	4	0	143	191	192	135	0	4	3	0	159	158	186	108	0	3	2	0	54	145	74	0	0	0	0	0	0	0	0	1	0	0	
0	0	1	0	0	0	0	0	0	0	1	0	17	21	0	1	1	0	70	0	87	43	0	2	2	0	122	41	95	23	5	0	1	0	25	133	164	71	10	0	0	2	0	67	82	0	3	0	0	2	0	82	45	0	2	0	0	0	0	18	8	0	0	0	
0	0	1	2	0	1	0	0	0	0	0	0	69	28	0	1	1	0	21	125	149	170	4	0	4	0	135	144	119	172	0	1	1	0	40	68	191	60	0	2	0	3	0	80	155	0	2	0	1	0	21	187	29	0	1	0	1	0	29	59	0	2	0	0	
0	1	2	0	4	2	0	0	0	0	10	23	0	1	0	0	0	11	200	115	85	60	0	2	0	142	161	116	249	205	4	0	0	144	255	170	11	203	66	0	0	34	99	13	0	155	142	0	0	0	0	4	0	76	193	6	0	2	4	1	0	0	75	29	
0	0	1	1	0	0	0	0	0	1	0	49	151	106	7	0	2	0	33	202	95	165	27	0	2	0	46	110	116	148	0	1	0	2	0	158	220	9	0	1	2	0	113	97	81	57	0	2	0	17	178	110	124	17	0	1	0	0	37	54	6	0	0	0	
0	0	0	0	0	0	0	0	0	5	89	121	113	17	0	1	0	16	65	47	146	33	0	1	2	0	42	201	94	0	1	0	0	0	9	46	113	124	6	0	0	0	0	3	0	135	66	0	2	0	67	98	116	120	6	0	1	0	33	66	37	0	0	0	
0	0	0	0	6	25	0	0	0	1	0	23	171	187	0	0	0	2	0	33	133	188	13	0	0	1	5	160	240	115	0	3	6	8	0	83	102	120	0	2	21	133	110	69	171	139	0	3	0	22	111	165	117	14	0	1	0	0	0	0	0	1	0	0	
0	0	0	0	0	1	0	0	0	38	113	97	65	0	0	0	0	52	76	27	134	98	0	3	1	0	58	88	84	142	0	3	0	49	143	70	237	147	5	7	0	39	158	141	65	123	175	19	0	0	8	8	0	2	8	0	0	1	1	1	3	2	0	0	
0	0	0	2	0	8	3	0	0	0	1	0	100	132	0	0	0	2	0	128	115	77	53	0	0	1	0	114	107	139	20	0	1	0	7	104	209	27	0	1	2	0	122	114	122	5	0	0	1	0	95	127	45	0	2	0	0	0	5	10	0	0	0	0	
0	0	0	3	5	0	0	0	1	0	74	152	140	116	37	0	0	47	179	3	0	67	72	0	0	13	112	87	103	113	36	0	2	0	60	182	152	105	2	0	1	0	161	46	0	184	59	0	2	0	90	158	160	87	0	1	0	0	0	2	5	0	0	0	
0	0	0	0	9	19	0	0	0	1	0	39	182	176	0	2	0	2	0	76	207	148	0	3	2	0	52	195	207	49	0	2	4	0	65	86	58	125	0	4	18	141	97	66	189	80	0	3	0	42	131	162	88	0	1	0	0	0	0	0	0	1	0	0	
0	0	1	1	0	0	0	0	0	0	2	10	6	48	0	0	2	0	62	98	36	101	0	3	1	0	134	11	91	94	3	0	0	0	109	108	187	99	11	0	0	0	0	83	116	0	3	0	0	3	0	112	58	0	3	0	0	0	0	29	7	0	0	0	
0	0	0	1	4	77	5	0	0	0	4	0	112	148	0	2	0	3	0	76	170	1	0	1	2	0	45	153	41	32	0	1	0	0	138	105	143	208	22	0	0	11	178	189	134	102	5	2	1	0	48	65	26	1	0	1	0	0	0	0	0	3	0	0	
0	0	1	0	0	0	1	0	0	1	3	120	207	143	0	1	2	0	162	207	40	184	106	0	0	87	213	8	0	180	104	0	0	144	138	0	46	232	30	0	0	65	187	64	212	158	0	2	2	0	110	228	164	15	0	1	0	1	0	0	0	2	0	0	
0	0	1	3	0	0	0	0	0	0	1	0	4	13	8	0	1	0	18	113	144	201	124	0	0	6	206	116	0	177	50	0	0	21	74	0	125	135	0	3	0	3	0	92	173	0	0	0	2	0	59	198	19	0	1	0	3	0	108	75	0	3	0	0	
0	0	0	0	0	0	0	0	1	0	27	119	127	85	0	2	3	0	89	114	2	21	0	0	3	0	80	186	110	31	0	1	2	0	48	108	38	157	17	0	0	0	0	2	0	154	44	0	2	0	94	146	140	98	0	1	1	0	26	67	26	0	1	0	
0	0	0	2	0	0	0	0	0	0	3	0	108	167	8	0	0	4	0	115	187	135	107	0	3	0	80	192	0	116	108	0	0	27	168	14	13	209	41	0	0	113	127	53	218	119	0	2	0	48	202	183	88	0	1	0	0	0	1	0	0	2	0	0	
0	0	0	0	0	0	0	0	1	0	20	79	104	81	25	0	3	0	117	78	1	30	107	0	2	0	43	104	12	86	41	0	0	3	0	113	158	1	0	1	2	0	66	44	120	11	0	0	2	0	99	95	92	0	1	0	1	0	12	52	7	0	0	0	
0	0	1	1	0	2	1	1	0	1	2	1	0	22	152	8	1	0	21	21	0	165	123	0	0	7	141	19	90	152	0	1	0	127	209	118	245	106	10	0	0	19	109	227	75	53	9	0	3	0	93	74	0	2	0	0	0	1	4	1	3	2	0	0	
0	0	1	4	11	5	0	0	0	2	0	125	139	94	15	0	1	0	24	175	20	0	7	0	1	0	35	112	122	68	0	2	3	36	0	0	1	146	38	0	0	118	56	7	0	153	48	0	0	26	112	123	136	95	0	1	0	1	0	7	5	0	0	0	
0	0	0	3	0	0	1	0	0	0	4	0	62	180	25	0	0	3	0	123	234	240	108	0	2	0	133	202	24	112	127	0	0	91	164	0	6	210	69	0	12	200	82	94	216	168	0	0	15	150	181	165	62	0	1	0	0	0	0	0	0	2	1	0	
0	0	3	0	22	12	0	1	0	5	187	43	54	179	15	0	0	76	221	9	0	132	140	0	0	89	220	2	0	29	178	4	0	30	235	45	0	24	198	13	3	0	157	217	82	170	163	0	1	0	8	104	164	138	16	0	0	0	1	0	0	0	1	0	
0	0	1	1	1	2	0	0	0	3	0	91	164	3	0	1	2	0	35	181	132	116	0	1	4	0	147	98	0	137	81	0	0	9	168	20	0	107	123	0	0	26	150	0	32	211	51	0	0	0	126	86	169	92	0	2	0	0	4	17	6	0	1	0	
0	0	0	1	0	0	0	0	0	0	1	0	61	43	0	2	0	4	0	66	165	81	0	4	1	0	31	131	54	98	0	3	0	34	180	133	131	147	0	2	0	50	42	0	82	94	0	3	0	0	3	0	73	85	0	3	0	2	2	0	10	14	0	1	
0	0	0	0	1	0	0	0	0	0	2	0	59	105	0	3	0	0	2	0	161	75	0	3	0	2	0	48	188	0	0	0	0	4	0	142	107	0	3	0	1	0	8	218	55	0	2	0	1	0	33	150	5	0	1	0	0	0	0	0	0	0	0	0	
0	0	3	2	0	0	0	0	0	0	0	4	35	48	9	0	1	0	100	171	177	245	34	0	0	0	68	16	106	166	0	2	2	0	52	129	241	143	16	0	1	0	25	238	143	38	15	0	3	0	89	206	0	0	1	0	2	0	50	52	0	4	0	0	
0	0	11	8	0	0	0	0	0	78	150	127	21	0	1	0	0	31	1	56	121	0	5	1	0	1	0	36	144	0	2	0	0	4	0	98	93	0	59	15	2	0	34	225	165	154	112	7	1	0	41	85	42	9	0	0	0	0	0	0	0	0	3	0	
0	0	0	0	0	0	0	0	0	1	0	19	105	1	0	0	0	3	0	69	210	0	0	0	0	4	0	109	193	0	2	0	0	4	0	114	175	0	3	0	0	4	0	117	152	0	4	0	0	3	0	100	155	0	3	0	0	0	0	9	20	0	1	0	
0	0	0	0	0	0	0	0	0	65	143	156	108	6	0	1	0	105	113	44	166	126	0	4	2	0	45	163	241	71	0	3	2	0	56	109	95	129	4	0	0	0	1	0	1	190	48	0	1	0	93	168	204	133	0	1	1	0	25	65	30	0	0	0	
0	0	0	0	0	0	0	0	0	25	137	87	43	23	0	0	0	60	255	255	210	57	0	2	0	38	208	162	206	183	23	0	0	11	27	0	0	149	163	0	4	55	3	1	20	164	172	0	0	84	196	202	224	179	18	0	0	0	36	61	25	0	1	0	
0	0	0	0	0	0	0	0	0	5	60	1	1	77	8	0	0	40	164	0	51	154	0	2	0	55	164	0	128	121	0	3	0	0	134	173	225	135	1	0	0	0	2	0	170	41	0	2	0	1	4	0	163	55	0	2	0	0	1	0	25	13	0	1	
0	0	0	1	1	0	0	0	1	0	16	98	0	1	0	0	0	2	0	128	39	0	1	0	0	3	0	76	104	0	3	0	0	1	0	41	132	0	3	0	0	1	0	14	137	2	0	0	0	0	1	0	115	23	0	1	0	0	0	0	0	0	0	0	
0	1	3	0	0	0	0	0	0	1	0	20	74	124	128	11	0	3	144	193	162	112	54	1	0	120	156	0	2	0	0	0	0	56	163	124	47	0	3	0	1	0	20	92	168	90	0	2	0	3	0	41	156	186	0	0	0	0	0	19	53	13	0	1	
0	0	0	0	0	0	0	0	0	0	0	6	71	0	0	0	0	1	0	30	101	0	2	0	0	2	0	53	74	0	3	0	0	3	0	71	57	0	2	0	0	2	0	98	29	0	1	0	0	1	0	78	7	0	0	0	0	0	0	0	0	0	0	0	
0	0	2	0	31	90	0	1	0	2	0	30	196	113	0	2	1	0	16	207	88	0	3	0	2	0	177	114	0	41	0	0	0	46	171	14	131	180	97	0	0	35	164	197	192	156	69	0	1	0	48	85	68	22	0	1	0	0	0	0	0	1	2	0	
0	0	0	2	0	0	0	0	0	0	1	0	49	155	60	0	0	2	0	83	185	177	69	0	1	0	8	173	100	1	0	0	3	0	82	249	61	0	3	0	0	23	69	77	135	0	2	0	0	28	140	90	113	0	2	0	0	0	34	46	7	0	0	0	
0	1	4	2	0	1	0	0	0	0	0	1	20	6	0	0	0	37	139	155	187	127	0	3	0	43	95	19	39	165	0	2	0	0	3	0	98	161	0	4	0	2	3	0	196	64	0	3	0	3	0	115	148	0	3	0	0	1	0	122	31	0	1	0	
0	0	0	0	1	0	0	0	0	0	1	0	88	10	0	0	0	1	0	15	145	1	0	0	0	1	0	28	139	0	2	0	0	2	0	50	112	0	3	0	0	3	0	89	116	0	4	0	0	2	0	66	89	0	3	0	0	0	0	0	0	0	0	0	
0	0	0	0	0	0	0	0	0	2	0	49	134	79	60	0	0	2	0	151	151	220	67	0	0	3	0	123	210	35	0	2	1	0	0	187	171	0	4	0	3	0	81	106	140	31	0	1	4	0	89	182	128	1	0	0	0	0	6	52	7	0	0	0	
0	0	5	40	18	1	0	0	3	0	85	255	183	12	0	1	3	0	185	191	20	0	3	0	2	0	69	165	186	91	0	1	0	0	12	0	27	168	129	0	3	0	151	246	153	174	200	0	1	0	10	103	168	143	31	0	0	0	0	0	0	0	0	0	
0	0	0	2	0	1	0	0	0	0	0	5	70	13	0	1	0	1	0	110	128	62	0	2	2	0	54	154	132	149	0	3	1	0	19	100	186	52	0	2	0	1	0	17	146	2	0	0	0	3	0	97	110	0	3	0	0	2	0	52	27	0	1	0	
0	1	0	31	43	0	1	0	1	0	11	123	28	0	2	0	3	0	92	77	0	2	0	0	0	0	120	7	79	123	12	0	0	5	106	64	72	76	74	0	3	0	76	174	116	95	24	0	0	0	1	56	82	15	0	1	0	0	2	0	0	1	1	0	
0	0	2	1	0	0	1	0	0	3	0	86	170	99	36	0	2	0	55	218	57	101	134	0	0	1	205	84	0	0	157	34	0	98	167	0	0	60	202	9	0	126	108	12	120	227	77	0	0	29	158	186	150	40	0	2	0	0	1	2	0	1	2	0	
0	0	0	1	1	4	0	0	0	0	1	0	149	122	0	2	0	3	0	92	160	0	1	0	1	0	8	153	20	0	1	0	3	0	65	187	75	9	0	0	3	0	83	72	114	82	0	3	1	0	22	92	123	29	0	1	0	0	0	9	8	0	0	0	
0	0	0	0	1	0	0	0	0	0	2	0	51	59	0	2	0	0	4	0	152	99	0	4	0	1	0	13	187	19	0	1	0	3	0	79	158	0	3	0	0	3	0	145	86	0	3	0	1	0	7	166	18	0	1	0	0	0	6	28	0	0	0	0	
0	1	0	45	37	0	1	0	0	3	0	90	228	47	0	2	0	0	4	0	135	126	0	4	0	1	0	8	210	79	0	3	0	1	0	170	133	0	16	0	1	0	161	255	147	127	62	0	0	0	60	64	47	18	0	0	0	0	0	0	0	0	1	0	
0	0	0	13	22	0	0	0	2	0	54	165	140	51	0	2	1	0	38	27	14	142	0	1	0	0	1	0	39	145	0	3	0	4	84	102	205	120	0	2	0	71	252	239	141	106	122	37	0	20	96	34	0	0	7	7	0	0	0	0	4	3	0	0	
0	0	1	0	3	1	0	0	1	0	15	51	0	0	0	0	3	0	149	218	156	9	0	1	3	0	106	209	237	31	0	2	0	0	7	30	168	45	0	2	0	0	4	0	135	55	0	2	0	0	4	0	132	115	0	3	0	0	1	0	35	75	0	2	
0	0	0	0	0	0	0	0	2	0	43	158	105	5	0	1	2	0	41	97	205	125	0	4	2	0	113	224	176	29	0	1	1	0	44	122	149	8	0	1	0	0	3	0	91	144	0	4	0	20	124	161	185	89	0	3	0	3	41	65	28	0	1	0	
0	0	0	0	0	0	0	0	0	2	0	49	116	0	2	0	0	3	0	69	205	0	1	0	0	2	0	50	194	0	0	0	0	3	0	84	169	0	3	0	0	3	0	92	152	0	4	0	0	2	0	58	131	0	2	0	0	0	0	0	0	0	0	0	
0	0	1	0	0	0	0	0	0	0	1	2	0	71	44	0	0	5	117	5	15	177	20	0	0	10	154	0	70	136	0	4	0	0	166	87	149	151	0	2	2	0	44	117	204	91	0	2	0	0	3	0	133	51	0	2	0	0	2	2	22	9	0	0	
0	0	2	1	0	0	2	1	0	2	0	31	83	62	7	0	3	0	79	201	173	189	134	4	0	32	189	23	8	0	149	56	0	118	87	0	0	27	167	17	0	138	94	0	71	179	64	0	0	32	161	153	141	37	0	2	0	0	3	5	0	1	2	0	
0	0	2	0	0	0	0	0	0	0	0	13	47	73	89	36	2	0	112	202	175	140	106	31	0	10	190	26	0	1	0	0	1	0	130	176	48	0	5	1	0	1	0	47	171	53	0	2	1	0	40	82	140	147	0	4	0	0	0	89	134	37	0	1	
0	0	1	1	0	0	0	0	0	3	0	85	180	0	0	0	1	0	0	210	184	0	3	0	2	0	47	159	168	0	1	0	0	1	0	33	175	0	1	0	0	1	0	30	178	3	0	0	0	1	0	114	203	84	0	2	0	0	0	6	4	5	0	0	
0	0	8	0	95	43	0	2	0	2	0	45	169	1	0	1	0	2	0	167	68	0	3	0	2	0	58	161	0	2	0	0	3	0	79	161	136	170	6	0	3	0	60	239	255	198	11	0	0	0	7	10	12	2	0	0	0	0	0	0	0	2	1	0	
0	0	0	0	0	0	0	0	0	13	115	142	66	0	1	0	0	53	153	142	199	0	1	0	3	0	70	224	227	94	0	2	2	0	52	74	42	213	45	0	0	6	40	7	0	164	64	0	1	0	128	210	227	150	0	1	0	0	0	25	44	4	0	0	
0	2	4	3	0	0	0	0	0	0	0	0	4	11	0	0	0	62	143	156	170	200	22	0	0	59	95	42	50	173	2	0	0	0	3	0	135	99	0	3	0	4	0	37	181	5	0	0	0	2	0	160	83	0	3	0	1	0	20	125	0	0	0	0	
0	0	0	0	3	1	0	0	6	20	18	1	0	0	0	0	60	149	151	155	127	25	0	1	1	0	5	8	85	153	0	3	0	1	2	0	51	162	0	3	0	0	4	0	104	126	0	4	0	0	4	0	116	113	0	4	0	0	2	0	62	93	0	3	
0	0	0	0	0	1	1	0	0	2	0	79	153	40	0	2	0	0	10	154	48	77	26	0	0	1	0	124	115	117	18	0	1	0	0	189	186	0	1	0	4	0	107	112	120	12	0	0	4	0	96	187	117	0	2	0	0	0	4	50	9	0	0	0	
1	0	22	63	0	2	0	0	3	0	104	96	0	3	2	0	2	0	132	24	0	1	0	0	0	0	123	12	120	153	74	0	3	0	120	200	96	6	163	15	2	0	40	227	118	154	89	0	0	1	0	26	76	31	0	1	0	0	1	1	0	0	2	0	
0	0	1	1	0	0	0	0	0	1	0	17	86	24	3	0	1	0	25	168	112	32	12	0	4	0	140	105	44	76	22	0	2	0	73	130	164	128	6	0	0	0	0	0	143	31	0	1	0	3	0	98	134	0	3	0	0	2	0	59	23	0	1	0	
0	0	0	0	1	1	0	0	1	0	29	75	13	0	1	0	1	0	26	123	138	6	0	1	0	0	4	0	117	70	0	3	0	0	2	1	155	33	0	1	0	2	0	92	97	0	2	0	2	0	41	162	0	0	0	0	1	0	34	40	0	1	0	0	
0	0	2	0	15	13	0	0	0	2	0	18	213	130	0	3	1	0	6	208	125	144	30	0	2	0	179	175	0	136	85	0	0	81	204	0	0	201	68	0	0	115	163	72	194	160	0	1	0	20	139	153	72	0	1	0	0	0	0	0	0	2	1	0	
0	1	0	15	41	0	0	0	0	0	4	104	130	40	0	2	1	0	39	74	27	93	0	3	0	0	8	3	46	84	0	3	0	0	11	27	144	41	0	2	0	27	124	162	125	97	18	0	0	22	99	39	0	12	9	0	0	0	0	0	3	1	0	0	
0	0	0	0	0	0	0	0	0	0	3	0	79	111	0	3	0	0	4	0	165	142	0	4	0	1	0	30	228	44	0	2	0	3	0	146	171	0	3	0	1	0	21	225	46	0	2	0	2	0	44	162	0	0	0	0	0	0	0	0	0	0	0	0	
0	0	1	0	0	1	0	0	0	0	1	68	69	1	0	0	2	0	79	76	129	70	0	3	0	21	76	0	58	83	0	3	0	19	88	12	123	40	0	2	1	0	64	70	94	42	0	2	0	0	3	0	80	61	0	2	0	0	3	0	26	25	0	1	
1	0	20	62	9	0	0	0	3	0	93	174	133	0	0	0	0	0	5	0	148	83	0	3	0	0	5	0	136	100	0	3	0	1	0	28	189	19	0	1	1	0	14	219	182	85	51	0	1	0	28	140	113	56	7	0	0	0	0	0	0	0	0	0	
0	0	3	3	3	2	0	0	0	1	0	0	0	0	1	1	0	0	116	159	91	40	11	0	0	115	161	35	125	174	139	16	0	149	105	0	0	54	175	25	0	29	172	168	177	148	48	0	0	0	2	33	29	0	0	1	0	1	2	0	0	3	2	0	
0	0	0	0	0	0	0	0	0	15	53	71	70	16	0	1	0	102	175	119	213	173	0	3	0	4	83	173	224	53	0	2	0	19	178	168	161	134	8	0	0	0	0	3	0	151	123	0	2	0	46	126	169	182	42	0	2	0	55	136	73	9	0	1	
0	0	0	0	0	1	0	0	0	0	7	64	0	27	2	0	1	0	16	141	19	134	0	1	3	0	78	138	102	104	0	4	3	0	139	146	174	43	0	2	0	0	5	3	132	8	0	0	0	2	0	47	132	0	3	0	0	0	0	12	16	0	1	0	
0	0	1	0	0	1	0	0	0	0	2	2	0	53	72	0	0	17	128	2	0	161	56	0	0	35	160	0	47	162	0	2	0	1	155	145	187	107	0	4	0	0	3	27	184	37	0	2	0	1	0	20	171	6	0	1	0	0	0	6	28	0	0	0	
0	0	0	0	0	0	0	0	0	0	0	90	15	0	1	0	0	3	0	176	94	0	3	0	0	4	0	126	109	0	3	0	0	3	0	88	120	0	4	0	0	2	0	68	158	0	3	0	0	1	0	38	150	0	1	0	0	0	0	2	15	0	0	0	
0	0	1	2	0	0	0	0	0	0	0	1	65	42	0	1	1	0	11	141	123	44	0	2	4	0	114	107	48	45	0	2	2	0	53	121	206	52	0	2	0	2	0	42	142	0	2	0	0	3	0	129	70	0	2	0	0	0	0	64	11	0	0	0	
0	0	1	0	0	2	0	0	0	1	3	148	117	0	3	0	0	6	191	151	224	108	0	3	0	47	214	0	31	234	74	0	0	11	210	48	0	69	171	0	3	0	127	232	104	118	175	0	0	1	0	83	199	193	54	0	0	0	2	0	0	0	0	0	
0	0	0	0	1	0	0	0	0	0	2	0	103	48	0	2	0	0	0	6	179	24	0	1	0	2	0	64	147	0	3	0	0	3	0	138	77	0	3	0	1	0	16	183	14	0	1	0	2	0	48	124	0	2	0	0	0	0	0	0	0	0	0	0	
0	0	1	0	0	0	0	0	0	1	0	35	88	128	108	0	2	0	34	193	94	43	41	2	0	8	174	178	137	58	0	2	0	53	93	0	42	168	0	0	0	17	70	0	67	145	0	2	0	8	142	138	153	25	0	1	1	0	18	62	10	0	1	0	
0	0	1	1	0	2	1	0	0	2	0	58	163	126	19	0	1	0	17	218	76	106	124	0	2	0	175	149	0	82	156	0	0	56	202	4	0	186	100	0	0	144	131	23	184	182	0	0	0	77	191	183	113	2	0	0	0	0	4	1	0	2	1	0	
0	0	2	1	0	0	2	0	0	1	0	6	20	22	2	0	2	0	54	180	211	131	114	0	0	33	132	42	46	0	134	50	0	102	54	0	0	26	147	17	0	115	82	16	92	157	48	0	0	17	120	108	85	13	0	1	0	0	0	0	0	1	2	0	
0	0	2	0	28	13	0	0	0	2	0	46	213	85	18	0	1	0	11	213	68	41	113	0	3	0	153	135	0	30	130	0	0	50	187	3	0	111	146	0	0	135	91	0	101	220	39	0	0	80	37	76	148	36	0	2	0	0	1	0	0	1	2	0	
0	0	0	2	1	0	0	0	0	0	1	0	17	100	143	21	1	0	17	157	201	177	134	12	2	0	49	211	74	0	1	0	4	0	132	223	174	147	0	4	0	41	106	48	153	82	0	3	0	101	219	180	129	0	2	0	0	0	32	18	0	2	0	0	
0	0	0	0	0	1	0	0	0	0	124	136	50	0	1	0	0	0	73	71	158	61	0	2	0	0	0	55	183	58	0	2	1	0	18	173	203	45	0	2	0	0	1	0	32	158	0	1	0	3	19	0	116	142	0	2	0	3	12	6	56	15	0	1	
0	0	2	3	0	0	0	0	0	66	161	149	100	0	3	0	0	44	15	57	196	1	0	1	0	25	171	195	176	160	65	0	0	21	62	10	0	25	173	22	1	0	52	26	5	47	181	24	3	0	92	172	162	171	61	0	0	0	0	6	7	0	0	0	
0	0	2	0	74	28	0	1	0	2	0	55	185	11	0	1	0	0	0	184	54	0	2	0	3	0	69	138	14	31	0	1	4	0	115	109	168	205	5	0	4	0	93	243	207	128	0	1	0	0	3	64	46	0	0	0	0	0	0	0	0	2	0	0	
0	0	1	0	0	2	0	0	1	0	20	172	160	0	1	0	0	0	178	224	187	129	0	2	0	38	161	95	16	172	66	0	0	25	159	5	0	84	143	0	2	0	146	112	0	117	136	0	1	0	19	169	169	163	23	0	0	0	1	1	8	1	0	0	
0	0	0	0	1	0	0	0	0	0	2	0	71	72	0	3	0	0	2	0	144	45	0	2	0	1	0	35	160	0	1	0	0	3	0	100	113	0	3	0	0	3	0	165	67	0	2	0	0	0	3	141	17	0	1	0	0	0	0	0	0	0	0	0	
0	0	0	0	0	1	0	0	0	1	0	54	10	0	0	0	0	0	6	158	16	20	0	0	2	0	56	141	31	121	0	2	3	0	60	189	185	172	5	0	0	0	1	50	154	86	0	3	0	0	2	0	60	57	0	2	0	0	0	2	6	8	0	0	
0	0	0	0	0	1	0	0	0	3	14	0	0	4	103	20	0	41	160	0	0	94	158	0	0	103	126	0	0	162	49	0	0	148	127	64	104	195	20	0	0	65	161	110	109	161	0	2	0	0	2	0	38	155	6	0	0	2	4	3	7	27	2	0	
0	0	0	1	0	0	0	0	0	0	1	0	66	7	0	0	0	2	0	53	223	31	0	2	1	0	25	129	130	75	0	3	2	0	146	155	163	74	0	3	0	1	18	0	146	63	0	2	0	0	3	0	139	64	0	2	0	0	1	0	25	11	0	0	
0	0	0	0	0	1	0	0	1	0	108	153	73	0	1	0	0	0	79	44	134	104	0	4	1	0	9	126	202	55	0	2	1	0	17	102	121	53	0	2	0	0	2	0	65	161	0	2	2	0	67	162	175	44	0	2	1	0	30	58	5	0	0	0	
0	0	0	0	1	0	0	0	0	29	120	89	5	0	0	0	0	74	86	132	120	0	3	0	0	1	0	22	145	0	2	1	1	0	12	136	194	62	6	0	3	0	86	210	69	134	157	19	0	0	2	4	1	0	61	26	0	0	0	2	4	3	0	0	
0	1	46	23	0	0	0	0	0	1	128	175	99	0	2	0	0	0	0	0	178	36	0	3	0	3	0	90	184	0	0	1	2	0	54	200	26	1	54	47	0	0	215	180	147	181	125	26	0	0	112	135	76	14	0	1	0	0	0	0	0	0	3	1	
1	3	3	2	2	3	1	0	0	0	0	0	0	0	0	0	16	70	130	136	136	121	26	0	58	111	30	14	4	165	43	0	0	1	55	61	129	182	3	0	1	4	52	118	203	78	18	0	0	3	0	98	89	0	3	0	0	1	0	50	15	1	1	0	
0	0	1	2	0	1	0	0	0	1	0	8	78	18	0	1	1	0	9	135	135	101	0	2	2	0	151	129	132	207	1	0	0	0	159	140	137	140	0	4	0	0	4	0	137	54	0	2	0	2	0	65	147	0	3	0	0	2	0	53	38	0	1	0	
0	0	2	0	0	3	0	0	0	0	3	31	16	0	0	0	0	0	97	91	96	100	8	0	0	55	86	0	6	152	17	0	0	54	89	5	70	126	1	0	0	0	81	94	28	86	13	0	0	0	0	1	0	85	14	0	0	0	2	4	0	81	26	0	
0	0	0	0	1	0	0	0	0	0	2	0	54	110	0	3	0	0	3	0	149	94	0	3	0	2	0	41	179	1	0	1	0	4	0	122	109	0	3	0	1	0	6	174	27	0	1	0	1	0	34	143	0	0	0	0	0	0	0	0	0	0	0	0	
0	3	4	3	3	4	1	0	0	0	0	0	0	0	0	0	0	84	161	152	169	119	18	0	0	62	77	65	47	149	154	0	0	0	1	0	10	185	57	0	0	3	0	8	192	110	0	3	1	0	0	161	104	0	3	0	3	0	86	125	0	5	0	0	
0	0	0	10	8	0	0	0	2	0	41	145	145	48	0	2	0	0	13	6	18	149	1	0	0	1	0	18	65	184	24	0	2	0	65	153	203	150	15	0	0	4	175	128	148	4	0	1	0	0	147	144	16	0	2	0	0	0	2	1	1	1	0	0	
0	0	2	12	3	0	0	0	0	70	158	150	167	20	0	1	0	34	11	20	168	15	0	1	1	0	64	224	174	80	4	0	0	41	136	71	57	160	140	0	0	0	42	11	0	134	154	0	1	0	137	162	159	125	7	0	0	0	0	10	6	0	1	0	
0	0	0	0	0	0	0	0	0	0	3	0	76	91	0	3	0	0	2	0	165	56	0	2	0	1	0	38	161	0	1	0	0	3	0	130	108	0	3	0	1	0	21	191	19	0	1	0	3	0	77	116	0	3	0	0	0	0	2	1	0	0	0	0	
0	0	0	0	0	0	0	0	0	0	52	108	180	39	0	2	0	65	154	137	201	8	0	1	0	9	0	166	207	19	0	1	1	0	14	38	99	216	45	0	3	0	162	112	13	202	111	0	2	0	115	202	204	120	1	0	0	0	0	1	0	0	0	0	
0	0	5	4	0	1	0	0	2	0	52	139	67	0	1	0	0	1	2	0	111	46	0	3	0	0	10	43	107	121	0	4	0	0	120	114	206	147	100	38	0	25	167	132	93	0	47	42	0	0	46	41	0	2	0	0	0	0	0	0	3	0	2	2	
0	0	0	0	0	0	1	0	0	110	43	0	4	60	3	0	0	159	82	0	0	152	38	0	0	146	128	0	0	144	105	0	0	26	193	166	72	163	122	0	1	0	13	97	115	199	120	0	0	1	1	2	0	67	105	0	0	0	1	4	4	2	0	0	
0	0	2	2	0	0	0	0	0	2	0	11	96	132	30	0	2	0	43	175	102	40	33	0	0	36	166	24	3	118	58	0	0	113	150	99	171	228	50	0	0	21	104	66	87	116	0	3	0	0	0	2	169	33	0	1	0	1	2	10	27	0	1	0	
0	1	1	0	0	1	0	0	1	0	27	134	130	21	0	1	0	4	218	173	179	193	0	1	0	22	251	68	0	238	94	0	0	32	246	54	0	147	179	0	2	0	171	195	0	147	176	0	1	0	12	162	217	213	61	0	0	0	2	0	29	19	0	1	
0	0	0	2	0	0	2	0	0	0	3	0	69	219	73	0	0	3	0	117	218	175	31	0	3	0	68	226	37	156	23	0	0	0	196	65	28	198	2	0	0	19	216	76	211	120	0	3	1	0	120	212	98	0	1	0	0	0	0	0	0	2	0	0	
0	0	0	0	0	0	0	0	0	69	145	143	110	71	13	0	0	18	29	53	136	240	57	0	0	11	91	172	250	114	0	2	0	30	129	78	75	186	69	0	0	85	44	0	0	107	140	0	0	55	169	162	166	174	31	0	0	0	0	48	59	8	0	0	
0	0	0	0	1	0	0	0	0	0	2	0	60	102	0	3	0	0	3	0	153	98	0	4	0	2	0	40	200	11	0	1	0	4	0	143	127	0	3	0	1	0	15	217	42	0	4	0	2	0	57	165	0	5	9	0	0	0	0	0	0	0	0	0	
0	0	0	2	0	0	0	0	0	0	1	1	75	9	0	0	0	3	0	78	209	6	0	1	1	0	30	129	128	26	9	0	2	0	153	107	164	114	24	0	0	2	113	102	166	12	0	1	0	0	0	2	125	7	0	0	0	0	3	4	20	1	0	0	
0	0	1	2	0	0	0	0	0	15	179	192	160	47	0	2	0	4	12	2	165	128	0	4	2	0	69	195	247	98	0	2	2	0	85	95	27	157	73	0	0	4	0	5	18	148	134	0	9	117	168	182	182	142	13	0	0	6	9	3	0	0	0	0	
0	0	2	1	0	1	0	0	0	1	0	24	71	4	0	0	2	0	62	187	146	131	0	2	0	2	183	31	74	222	4	0	0	40	154	67	172	168	3	0	0	2	123	95	67	157	0	3	0	0	3	0	102	129	0	4	0	0	4	0	46	42	0	2	
0	0	1	2	0	0	0	0	0	1	2	0	131	197	14	0	1	0	6	179	180	196	44	0	2	0	163	153	0	103	125	0	0	83	170	0	0	98	134	0	0	153	125	17	121	221	39	0	0	53	192	192	160	37	0	2	0	0	1	1	0	1	1	0	
0	2	0	41	106	8	0	1	0	1	0	18	152	141	0	2	0	2	5	0	25	194	9	0	0	1	0	32	188	101	0	2	0	39	152	169	69	0	1	0	0	84	247	187	159	149	25	0	0	0	8	43	39	64	19	0	0	1	0	0	0	0	0	0	
0	0	2	0	131	77	0	3	0	3	0	132	168	1	0	1	3	0	77	213	12	0	2	0	0	0	192	64	0	8	7	0	0	16	207	77	154	244	190	0	3	0	143	243	235	217	115	0	0	0	7	8	4	1	0	0	0	0	0	0	0	1	3	0	
0	1	0	31	41	2	0	0	2	0	33	181	145	88	0	2	4	0	101	71	7	134	0	2	3	0	78	28	90	113	0	4	3	0	98	139	134	26	94	4	2	0	175	247	145	158	97	0	1	0	87	41	90	52	0	1	0	0	0	0	0	0	2	0	
0	0	4	4	1	0	0	0	0	25	168	149	133	62	0	2	0	2	17	12	19	181	14	0	0	0	2	0	76	157	0	2	0	2	0	80	149	12	19	2	1	0	118	161	48	119	65	0	0	3	180	154	117	52	0	1	0	0	0	5	0	0	1	0	
0	2	3	3	3	2	0	0	0	0	0	0	0	0	0	0	11	122	149	139	152	103	0	2	0	34	51	49	64	151	0	1	0	0	1	0	39	124	0	3	0	1	5	0	87	98	0	4	0	0	3	0	134	46	0	2	0	1	0	14	141	3	0	0	
0	0	2	2	0	0	0	0	0	0	0	2	28	18	0	0	2	0	44	161	176	78	0	2	4	0	155	216	171	116	0	3	0	0	15	22	166	108	0	4	0	1	0	16	191	18	0	1	0	3	0	95	164	0	3	0	0	3	0	78	84	0	2	0	
0	0	0	0	1	0	0	0	0	0	1	0	66	11	0	0	0	1	0	13	157	5	0	0	0	1	0	42	132	0	3	0	0	3	0	79	117	0	3	0	0	3	0	73	118	0	3	0	0	2	0	60	100	0	3	0	0	0	0	7	9	0	0	0	
0	0	0	0	0	0	0	0	0	1	0	22	153	1	0	0	0	1	0	22	241	48	0	2	0	3	0	62	252	37	0	2	0	3	0	144	238	4	0	1	0	1	0	210	188	0	2	0	2	0	31	216	74	0	3	0	0	0	1	1	0	0	0	0	
0	0	0	3	0	0	0	0	0	0	3	0	44	29	0	1	0	2	0	84	243	86	0	4	2	0	128	170	161	63	0	3	0	0	174	191	212	58	0	3	0	1	0	42	133	0	2	0	0	3	0	94	103	0	3	0	0	1	0	45	22	0	1	0	
0	0	1	3	0	0	0	0	0	0	2	0	51	81	3	0	1	0	5	127	143	73	5	0	0	0	139	128	101	55	0	2	0	15	178	134	140	114	0	4	0	0	18	0	95	65	0	2	0	1	0	5	163	18	0	1	0	0	0	13	86	3	0	0	
0	0	1	0	0	0	0	0	0	1	0	0	0	2	1	0	1	0	72	16	0	1	0	0	0	56	72	0	5	78	131	24	0	97	27	0	87	127	41	1	0	24	77	75	49	3	0	0	0	0	0	0	0	0	2	0	0	1	1	1	2	0	0	0	
0	0	0	3	0	26	12	0	0	0	3	0	80	178	12	0	0	2	0	74	240	96	0	4	2	0	48	200	79	112	0	3	3	0	153	57	67	140	0	4	2	0	141	112	213	70	0	3	2	0	39	150	69	0	1	0	0	0	0	0	0	1	0	0	
0	0	1	0	0	0	0	0	0	0	2	99	148	38	2	0	3	0	154	233	151	244	81	0	3	0	194	116	140	223	37	0	3	0	60	255	237	32	0	2	3	0	68	255	234	29	0	1	3	0	54	219	255	73	0	3	0	0	0	11	37	5	0	0	
0	0	1	0	29	9	0	0	0	2	0	40	219	70	0	3	1	0	10	197	71	115	6	0	4	0	117	138	0	155	26	0	0	7	171	7	64	189	0	0	0	23	169	121	221	62	0	2	1	0	96	148	31	0	2	0	0	0	0	0	1	2	0	0	
0	0	0	0	1	1	0	0	0	6	73	138	87	0	2	0	0	43	168	130	231	59	0	3	0	1	0	23	229	68	0	3	0	0	5	159	186	113	0	0	0	0	1	0	15	201	29	0	2	0	72	143	186	114	0	2	1	0	14	54	41	0	1	0	
0	0	1	1	0	0	1	0	2	85	6	79	77	50	18	0	2	46	36	204	25	109	125	0	4	0	140	116	0	20	172	5	0	15	160	10	0	131	157	0	0	22	181	73	158	175	9	0	1	0	100	170	88	2	0	1	0	0	0	0	0	2	1	0	
0	0	0	1	0	1	0	0	0	1	0	21	151	52	0	2	0	3	0	125	205	156	0	3	1	0	33	152	113	205	3	0	3	0	67	135	4	139	17	0	4	0	128	113	42	160	0	2	3	0	87	213	140	24	0	1	0	0	1	53	24	0	1	0	
0	0	0	0	1	0	0	0	0	0	1	0	21	129	0	0	0	0	3	0	130	157	0	3	0	2	0	41	213	21	0	1	0	3	0	166	122	0	4	0	3	0	66	211	6	0	1	0	2	0	145	98	0	3	0	0	0	1	5	0	1	0	0	0	
0	0	0	23	3	0	0	0	2	0	38	187	5	0	1	0	4	0	115	137	0	6	0	0	4	0	133	93	88	199	57	0	4	0	118	137	125	76	114	0	2	0	45	188	57	158	76	0	0	2	0	75	146	88	0	1	0	0	1	0	0	0	1	0	
0	0	1	3	9	32	7	0	0	3	0	100	151	80	103	0	2	0	35	231	64	0	159	31	0	0	198	115	0	0	168	56	0	90	177	0	0	144	198	0	0	146	181	117	215	196	25	0	0	21	135	150	61	0	1	1	0	0	0	0	0	2	2	0	
0	0	0	0	0	0	0	0	1	0	24	74	46	19	5	1	0	1	182	125	113	117	111	26	0	62	194	90	126	84	1	0	0	10	17	22	26	114	88	0	0	0	0	3	0	83	106	0	0	28	85	88	128	137	15	0	0	19	101	93	33	1	1	0	
0	0	0	0	1	0	0	0	0	0	2	0	70	61	0	2	0	0	3	0	142	74	0	3	0	1	0	19	172	8	0	1	0	3	0	102	130	0	3	0	1	0	1	180	40	0	1	0	2	0	50	137	0	2	0	0	0	0	2	1	1	0	0	0	
0	0	0	2	0	0	0	0	0	2	0	68	56	38	57	0	0	4	0	137	224	140	57	0	1	0	10	171	25	0	1	0	1	0	26	203	130	24	0	1	0	1	9	34	193	99	0	4	1	0	62	155	140	4	0	1	0	0	1	4	0	0	0	0	
0	0	0	1	0	1	0	0	0	0	1	4	0	61	23	0	0	1	0	129	33	154	26	0	3	0	79	181	86	148	0	3	3	0	106	150	208	54	0	2	0	2	0	51	161	0	2	0	0	3	0	132	88	0	3	0	0	0	0	31	7	0	0	0	
0	0	0	1	0	0	0	0	2	0	90	165	119	8	0	1	0	0	35	0	140	130	0	4	1	0	7	107	126	38	0	1	1	0	13	143	145	7	0	1	0	6	21	16	197	125	0	4	0	18	133	168	101	6	0	1	0	0	0	0	0	0	0	0	
0	0	2	1	0	0	0	0	0	1	0	92	147	120	99	10	2	0	59	242	113	54	24	0	4	0	169	143	0	4	0	0	2	0	38	183	153	15	0	1	0	0	2	0	147	184	0	2	2	0	34	127	180	106	0	2	1	0	11	65	29	0	1	0	
0	0	0	0	0	0	0	0	0	2	0	49	84	16	10	1	0	0	0	188	119	130	125	13	1	0	17	212	114	0	2	0	0	8	5	14	183	55	0	2	0	97	112	5	187	60	0	2	0	4	135	173	65	0	1	0	0	0	2	4	0	0	0	0	
0	0	2	1	0	1	0	0	0	0	2	3	5	5	0	0	1	0	99	201	115	149	26	0	0	9	219	95	0	166	24	0	0	12	59	0	74	147	0	3	0	0	2	0	166	69	0	3	0	2	0	57	175	0	1	0	0	3	0	84	66	0	2	0	
0	0	0	3	48	6	0	0	0	2	0	127	126	1	0	1	3	0	68	169	0	2	1	0	4	0	131	83	0	21	0	1	4	0	125	86	122	141	10	0	2	0	39	173	119	164	36	0	0	1	0	43	116	74	0	1	0	0	1	1	0	0	0	0	
0	0	1	0	28	36	0	1	0	1	0	26	179	50	0	2	0	2	0	136	61	49	54	0	0	0	0	170	148	98	5	0	2	0	48	226	109	0	3	0	3	0	128	80	170	34	0	1	2	0	54	98	113	28	0	1	0	0	0	0	0	0	0	0	
0	1	1	0	0	0	0	0	0	0	0	2	13	5	0	0	0	72	195	166	184	168	0	1	0	20	46	5	78	170	0	3	0	0	2	0	177	74	0	3	0	3	0	70	183	0	1	0	0	1	0	177	76	0	2	0	1	0	11	136	10	0	0	0	
0	0	0	0	0	0	0	0	0	40	129	127	82	0	0	0	0	18	63	96	210	22	0	1	2	0	38	201	200	41	0	2	0	0	13	19	17	148	19	0	1	0	16	18	0	161	53	0	2	0	33	188	211	136	0	1	0	1	0	31	38	0	0	0	
0	0	0	0	10	2	0	0	1	0	3	148	167	105	0	2	2	0	54	108	20	181	2	0	1	0	5	148	179	47	0	1	2	0	59	146	73	41	0	1	4	0	137	99	0	138	30	0	1	0	23	133	150	134	22	0	0	0	0	0	4	2	0	0	
0	0	1	0	0	2	1	0	0	0	1	1	0	118	21	0	2	0	95	18	33	150	0	2	0	11	169	0	109	106	0	4	0	7	190	129	210	78	0	3	1	0	39	127	207	5	0	1	0	2	0	42	143	0	1	0	0	0	2	3	0	0	0	0	
0	0	0	0	8	8	0	0	0	0	1	0	118	37	0	2	0	3	0	86	127	0	2	0	0	0	0	159	56	0	1	0	1	0	22	186	122	70	0	3	0	0	0	152	142	109	0	4	0	1	0	42	116	7	0	1	0	0	0	1	0	0	0	0	
0	2	3	0	0	0	0	0	0	0	0	5	24	10	0	0	0	87	193	187	214	112	0	4	0	62	90	25	31	92	0	2	0	0	2	0	60	127	0	4	0	2	7	0	120	122	0	4	0	0	0	0	176	44	0	2	0	1	0	24	132	0	0	0	
0	0	1	1	0	1	0	0	0	1	0	38	101	0	0	0	1	0	22	170	209	80	0	3	4	0	104	76	36	108	0	2	4	0	117	50	5	102	0	2	2	0	68	89	43	122	0	3	0	0	4	131	155	34	0	2	0	1	0	23	36	0	1	0	
0	0	0	0	1	0	0	0	0	0	2	0	57	102	0	3	0	0	3	0	154	103	0	3	0	1	0	38	191	9	0	1	0	4	0	136	122	0	4	0	1	0	8	194	33	0	1	0	1	0	29	138	0	0	0	0	0	0	0	0	1	0	0	0	
0	1	0	0	0	0	0	0	0	0	1	1	0	38	5	0	1	21	0	2	0	94	22	0	14	151	18	10	12	144	55	0	0	144	194	176	137	169	80	0	0	0	12	18	0	44	68	0	0	2	0	1	0	25	56	0	0	0	1	1	0	1	6	0	
0	0	0	0	1	0	0	0	0	0	1	0	104	23	0	1	0	1	0	23	150	0	0	0	0	2	0	67	134	0	3	0	0	3	0	108	121	0	4	0	0	4	0	118	97	0	3	0	0	3	0	84	60	0	2	0	0	0	0	0	0	0	0	0	
0	0	0	0	0	0	0	0	0	2	0	66	97	60	19	0	3	0	63	226	121	100	58	0	1	0	16	156	82	4	0	0	0	1	0	20	109	139	0	3	0	2	3	0	110	123	0	3	0	15	120	159	147	3	0	1	1	0	40	43	0	1	0	0	
0	0	1	0	0	0	1	0	0	3	0	86	217	112	0	1	2	0	50	228	47	111	83	0	1	0	192	105	0	60	169	0	0	65	193	0	0	151	144	0	0	79	160	10	164	221	19	0	0	1	132	201	141	14	0	1	0	0	1	2	0	1	1	0	
0	0	0	0	2	0	0	0	0	1	0	110	199	84	0	3	0	0	1	54	119	160	0	4	0	0	3	0	185	108	0	4	0	1	0	144	185	0	0	1	1	0	159	225	18	0	1	0	1	0	67	131	150	117	0	0	0	0	0	0	2	6	0	0	
0	0	0	0	0	0	0	0	0	24	16	5	13	14	1	0	0	125	177	164	172	230	59	0	0	0	6	10	26	212	32	0	0	1	3	0	104	165	0	3	0	1	0	4	199	54	0	2	0	3	0	133	163	0	3	0	1	0	8	163	34	0	1	0	
0	1	1	0	0	0	1	0	2	0	43	179	194	106	0	1	0	14	221	123	53	214	86	0	0	74	201	0	0	74	191	0	0	90	158	0	0	70	214	0	0	82	220	44	109	247	119	0	0	25	174	214	185	85	0	1	0	0	0	0	0	0	2	0	
0	0	1	1	0	0	0	0	0	1	1	2	45	73	75	14	1	0	20	204	165	112	70	9	0	5	184	107	0	1	0	0	0	6	149	130	64	0	3	0	0	0	2	24	112	77	0	3	0	0	16	22	142	95	0	3	1	0	21	106	93	0	0	0	
0	0	1	0	2	0	0	0	0	54	162	58	0	2	0	0	0	9	28	157	66	0	3	0	0	1	0	16	124	0	0	0	1	0	19	123	207	103	19	0	2	0	29	245	152	107	164	30	0	0	0	16	4	0	7	6	0	0	1	0	3	4	1	0	
0	0	0	2	0	0	0	0	0	0	2	0	65	32	0	1	0	1	0	120	135	24	0	1	3	0	96	135	112	102	0	3	3	0	147	155	179	98	0	4	1	0	16	14	147	29	0	1	0	3	0	97	132	0	3	0	0	1	0	66	28	0	1	0	
0	0	0	0	0	0	0	0	0	0	0	12	114	0	0	0	0	1	0	30	172	0	0	0	0	2	0	56	157	0	3	0	0	3	0	75	133	0	4	0	0	3	0	87	136	0	4	0	0	2	0	60	103	0	3	0	0	0	0	0	0	0	0	0	
0	0	1	2	0	0	0	0	0	0	2	0	54	48	0	1	1	0	6	135	125	27	0	1	1	0	130	95	58	165	12	0	0	21	182	125	164	166	0	2	0	0	37	15	128	66	0	2	0	2	0	46	176	0	1	0	0	1	0	36	48	0	1	0	
0	0	1	1	0	1	0	0	0	1	0	32	57	0	1	0	1	0	24	114	120	61	0	2	3	0	104	55	145	111	0	4	3	0	91	153	185	14	0	1	0	0	6	48	116	0	0	0	0	1	0	27	109	0	2	0	0	1	0	21	46	0	1	0	
0	0	0	1	1	1	0	0	0	0	0	15	22	57	10	0	0	3	0	116	100	126	0	1	2	0	57	152	87	102	0	4	3	0	91	157	198	105	0	0	0	1	0	42	138	0	2	0	0	3	0	112	96	0	3	0	0	1	0	26	10	0	0	0	
0	0	0	0	0	0	0	0	0	0	0	5	119	96	1	0	0	2	0	78	82	144	67	0	0	3	0	88	112	116	4	0	1	0	6	187	141	0	0	1	3	0	125	152	32	0	2	0	3	0	85	174	25	0	1	0	0	0	8	33	0	0	0	0	
0	0	1	2	4	3	1	0	0	0	0	0	0	0	0	0	0	0	10	38	120	187	36	0	64	197	210	197	149	241	61	0	11	49	38	0	46	207	6	0	0	0	3	0	167	163	0	3	0	3	0	11	194	54	0	2	0	0	0	4	5	0	0	0	
0	0	1	2	0	0	0	0	0	0	0	3	33	20	0	0	1	0	17	120	102	98	12	0	1	0	129	56	0	102	40	0	1	0	93	97	134	163	0	1	0	0	3	0	124	32	0	1	0	2	0	62	108	0	3	0	0	2	0	66	58	0	2	0	
0	0	2	0	0	0	0	0	1	0	7	117	121	95	84	21	3	0	138	195	74	67	47	5	0	21	241	195	157	68	0	2	0	4	40	67	63	190	61	0	0	1	14	0	0	188	72	0	2	0	106	151	192	116	0	1	1	0	17	67	25	0	1	0	
0	0	1	0	0	0	0	0	0	2	0	80	144	38	0	1	2	0	50	217	165	134	0	2	3	0	120	77	0	103	43	0	0	2	113	8	0	58	76	0	1	0	133	36	0	103	56	0	2	0	52	146	112	116	0	0	0	1	0	28	51	1	0	0	
0	0	0	1	0	0	0	0	0	1	0	11	120	93	0	1	1	0	12	148	103	44	0	1	0	2	0	132	104	30	0	1	0	2	0	121	163	0	1	0	2	0	46	80	118	35	0	1	2	0	41	174	108	0	0	0	0	0	0	39	8	0	0	0	
0	0	0	0	0	0	0	0	0	0	8	44	0	1	0	0	3	0	74	122	80	20	0	1	2	0	64	151	133	47	0	1	0	1	0	118	236	133	0	2	0	0	3	0	143	57	0	2	0	0	4	0	125	65	0	2	0	0	2	0	46	31	0	1	
0	0	0	0	0	0	0	0	2	0	98	147	40	0	1	0	0	0	26	74	140	0	2	0	1	0	22	179	172	0	0	1	1	0	33	53	92	114	0	3	0	0	2	0	56	141	0	3	2	0	35	178	183	36	0	2	0	0	6	57	18	0	1	0	
0	0	0	1	0	0	0	0	0	0	1	0	83	40	0	2	0	2	0	67	243	45	0	2	0	3	0	94	195	0	0	0	0	2	0	161	129	0	3	0	1	0	26	202	23	0	1	0	1	0	28	139	0	0	0	0	0	0	2	8	0	0	0	0	
0	0	1	1	0	1	0	0	0	0	1	3	0	64	13	0	1	0	12	104	33	135	0	1	3	0	106	75	78	100	0	4	4	0	114	162	175	112	0	1	0	0	3	86	181	18	0	1	0	1	0	38	110	0	2	0	0	0	0	17	15	0	0	0	
0	0	0	0	1	0	0	0	0	0	4	11	6	69	0	0	1	0	36	148	45	137	0	3	3	0	109	97	90	115	0	2	1	0	181	164	210	116	0	1	0	1	4	72	177	0	0	0	0	2	0	60	132	0	4	0	0	0	0	7	11	0	0	0	
0	0	1	1	0	1	0	0	0	1	0	32	12	0	64	17	1	0	30	178	0	40	161	0	1	0	163	103	0	141	71	0	0	88	247	153	141	176	0	1	0	28	50	0	87	127	0	3	0	0	4	0	126	116	0	3	0	1	3	0	22	17	0	1	
0	1	1	0	0	2	0	0	1	0	27	13	0	4	39	1	0	9	164	28	0	115	166	0	0	77	162	0	16	188	28	0	0	12	141	161	216	128	0	4	0	0	0	2	174	35	0	1	0	3	0	73	164	0	3	0	0	2	0	53	67	0	2	0	
0	0	0	0	0	0	0	0	2	0	9	147	152	28	0	1	0	0	8	61	137	137	0	4	1	0	10	92	214	66	0	3	3	0	69	178	152	92	0	3	0	3	16	0	58	151	0	3	0	0	129	174	188	42	0	2	1	0	26	66	17	0	1	0	
0	0	2	2	0	0	1	0	0	1	0	1	49	66	7	0	2	0	55	188	126	149	117	0	0	29	216	91	0	0	152	37	0	138	147	0	7	61	146	23	0	87	166	135	148	99	16	0	0	0	39	67	15	0	2	1	0	2	0	0	0	3	1	0	
0	0	29	25	2	0	0	0	0	5	169	207	137	0	1	0	0	2	0	36	184	0	0	0	0	1	0	168	107	0	6	2	2	0	129	120	0	2	0	0	0	12	221	146	132	143	142	77	0	0	36	102	96	69	46	21	0	0	0	0	0	0	0	0	
0	0	1	0	0	1	0	0	0	0	0	46	52	0	0	0	2	0	64	100	94	55	0	2	1	0	106	5	38	87	0	2	2	0	79	62	83	94	0	3	0	0	9	52	91	66	0	3	0	0	3	0	78	50	0	2	0	0	2	0	37	23	0	1	
0	0	0	0	0	0	0	0	0	5	66	102	156	39	0	2	0	69	102	152	195	21	0	1	3	0	65	241	128	8	0	1	0	0	12	17	109	150	0	2	0	0	2	0	54	185	0	1	0	28	71	71	193	60	0	2	0	22	48	54	31	0	1	0	
0	0	1	1	0	1	1	0	0	0	1	1	0	24	98	0	2	0	50	71	0	102	119	0	2	0	142	62	0	160	26	0	0	46	223	122	198	136	0	4	0	7	53	49	189	30	0	1	0	1	0	42	113	0	2	0	0	0	3	2	1	1	0	0	
0	0	2	1	0	1	0	0	0	2	0	54	74	13	108	1	2	0	37	199	38	178	95	0	1	0	207	84	109	142	0	2	2	0	131	192	220	59	0	1	2	0	30	228	130	39	0	1	4	0	140	176	0	3	0	0	1	0	31	25	1	2	0	0	
0	0	1	0	0	1	0	0	1	0	1	155	131	0	1	0	3	0	93	175	203	82	0	3	2	0	182	57	27	188	8	0	0	3	207	48	0	163	72	0	3	0	155	153	20	218	70	0	1	0	17	177	209	125	0	0	0	0	1	0	1	0	0	0	
0	0	2	1	0	0	0	0	0	1	0	29	82	84	37	0	1	0	40	154	114	130	104	0	2	0	180	81	0	3	0	0	2	0	50	189	23	0	4	0	0	3	0	103	130	0	3	0	0	2	37	75	165	0	2	0	1	0	46	97	48	0	1	0	
0	0	2	2	0	0	0	0	0	0	0	3	99	71	0	2	2	0	37	142	114	132	0	3	2	0	124	29	116	91	0	3	2	0	67	145	135	0	1	0	1	0	0	191	72	0	2	0	0	3	0	102	161	0	1	0	0	0	0	9	25	0	0	0	
0	0	2	0	23	31	0	1	0	2	0	70	194	78	0	3	2	0	40	205	38	0	2	0	4	0	147	101	0	50	2	0	2	0	176	144	120	184	81	0	2	0	165	245	87	177	66	0	0	1	9	70	146	68	0	1	0	0	0	0	0	0	1	0	
0	0	0	2	8	1	3	2	1	0	27	142	142	11	0	1	1	0	165	62	0	23	91	44	2	0	158	76	74	176	99	20	1	0	13	217	174	0	0	1	1	0	34	154	156	27	0	2	1	0	13	140	175	31	0	2	0	0	0	5	6	0	0	0	
0	0	0	0	0	1	1	0	0	33	77	69	51	14	0	1	0	68	118	106	126	182	32	0	0	0	0	2	0	177	59	0	0	3	3	0	156	158	0	1	0	0	0	152	163	0	0	1	3	0	89	216	1	0	1	0	2	0	47	90	2	1	0	0	
0	0	0	0	0	2	0	0	1	0	20	134	164	97	0	3	3	0	78	120	46	19	0	1	4	0	128	148	82	135	39	0	1	0	18	76	4	119	107	0	2	0	131	47	7	192	50	0	1	0	114	179	167	86	0	2	0	0	0	1	2	0	1	0	
0	0	0	0	0	0	0	0	0	2	0	67	70	0	3	0	0	3	0	81	85	0	3	0	0	3	0	76	82	0	3	0	0	3	0	75	82	0	3	0	0	3	0	84	87	0	3	0	0	2	0	66	70	0	3	0	0	0	0	0	0	0	0	0	
0	0	0	0	0	0	0	0	0	2	0	62	81	0	2	0	0	3	0	85	157	0	4	0	0	3	0	76	179	0	2	0	0	3	0	78	193	0	2	0	0	2	0	62	214	0	0	1	0	1	0	14	159	12	0	1	0	0	0	0	0	0	0	0	
0	0	0	0	0	0	1	0	0	1	0	33	147	85	0	2	0	1	0	191	255	193	58	0	2	0	40	255	113	71	110	0	3	0	160	123	0	167	70	0	0	31	179	0	122	151	0	2	0	24	191	178	143	0	0	0	1	0	38	53	0	2	1	0	
0	0	2	1	0	2	1	0	0	1	0	20	62	5	0	1	1	0	48	93	94	85	24	0	1	0	120	30	0	32	103	24	1	0	33	88	0	0	12	14	0	4	0	69	12	0	2	0	0	9	62	98	20	0	1	0	1	0	12	62	1	0	0	0	
0	0	0	0	1	1	1	0	0	0	0	0	6	136	16	0	0	0	3	0	89	162	0	3	0	0	0	3	185	46	0	2	0	3	0	124	145	0	3	0	2	0	46	205	11	0	1	0	3	0	92	104	0	3	0	0	0	0	0	1	1	0	0	0	
0	0	0	10	41	0	0	0	0	0	0	169	197	10	0	1	4	0	107	164	0	2	0	0	0	0	174	107	144	133	16	0	0	10	215	176	93	182	144	0	0	2	195	111	69	202	103	0	1	0	23	143	136	52	0	1	0	0	1	0	0	0	2	0	
0	0	2	0	7	33	2	0	0	1	0	17	209	155	0	2	2	0	41	215	148	177	82	0	2	0	49	64	0	128	125	0	0	9	68	73	62	196	34	0	0	119	223	202	255	145	0	2	0	31	111	95	29	15	0	0	0	0	0	0	0	0	0	0	
0	0	0	0	0	0	0	0	0	32	159	177	74	0	1	0	0	32	92	148	168	0	3	0	3	0	63	214	182	66	0	2	0	13	12	0	19	157	59	0	0	38	134	30	0	130	107	0	2	0	56	139	155	155	26	0	0	1	0	0	0	0	0	0	
0	0	0	0	1	2	0	0	0	115	86	11	4	0	0	0	10	170	194	171	214	117	0	3	0	3	0	136	255	66	0	3	1	4	0	43	182	163	9	0	3	0	89	72	0	205	95	0	2	0	56	181	186	177	16	0	0	1	0	27	50	5	0	0	
0	0	0	0	0	0	0	0	0	0	2	15	22	13	0	0	0	0	12	102	113	84	0	3	0	1	0	80	180	43	0	2	0	1	0	23	136	0	1	0	0	1	0	34	107	0	3	0	0	3	0	77	114	0	3	0	0	1	0	31	29	0	1	0	
0	0	1	1	1	1	4	0	0	0	1	2	0	61	110	0	1	0	25	133	5	175	37	0	1	0	156	93	106	128	0	3	0	34	215	124	219	92	0	1	1	0	20	213	103	0	1	0	1	0	30	155	13	0	1	0	0	0	2	1	0	0	0	0	
0	0	0	0	2	1	0	0	2	0	39	107	5	0	0	0	1	0	34	73	106	18	0	1	0	0	1	0	168	39	0	2	0	1	0	34	193	1	0	0	0	3	0	73	167	0	2	0	0	3	0	113	72	0	2	0	0	1	0	20	7	0	0	0	
0	0	1	3	0	0	0	0	0	0	1	0	68	56	23	21	1	0	12	140	147	165	178	89	0	0	176	101	0	2	1	0	0	0	181	120	0	3	0	1	1	0	1	169	142	0	3	0	1	0	46	160	145	0	2	0	1	0	36	79	0	0	0	0	
0	0	0	0	0	0	0	0	1	0	65	117	119	15	0	1	1	0	90	93	190	39	0	2	3	0	59	236	115	0	2	0	1	0	41	76	127	104	0	2	0	0	1	0	48	159	0	2	3	0	63	213	164	38	0	2	1	0	26	57	10	0	0	0	
0	0	2	0	63	25	0	1	0	2	0	42	175	4	0	1	0	3	0	143	81	0	3	0	1	0	33	172	0	0	0	0	3	0	66	145	144	157	0	3	2	0	30	245	255	104	0	3	0	0	3	55	17	0	0	0	0	0	0	0	0	2	0	0	
0	0	0	0	3	0	0	0	0	1	0	4	139	72	0	2	0	0	2	0	61	157	0	3	0	1	0	16	143	94	0	3	0	3	0	108	168	0	2	0	0	3	33	79	138	0	3	0	2	0	126	158	28	0	1	0	0	0	2	3	0	0	0	0	
0	0	0	0	3	4	0	0	0	8	28	12	0	0	0	0	0	105	194	189	163	85	4	0	0	4	1	24	53	210	51	0	0	0	3	0	80	174	0	0	0	2	0	34	213	33	0	2	0	2	0	181	113	0	4	0	1	0	23	145	7	0	0	0	
0	0	0	0	0	0	0	0	0	0	0	1	107	21	0	1	0	2	0	35	247	48	0	2	0	3	0	84	255	28	0	2	0	4	0	117	204	0	1	0	0	1	0	213	119	0	4	0	0	0	0	212	79	0	3	0	0	0	0	35	9	0	0	0	
0	0	0	0	0	0	1	0	1	0	55	116	107	20	20	51	1	0	193	151	100	54	72	38	2	0	48	157	19	132	121	0	2	0	30	234	221	98	7	0	0	0	189	97	173	3	1	1	1	0	131	182	136	0	2	0	0	0	6	49	5	0	0	0	
0	0	0	0	0	0	0	0	1	0	12	115	101	0	0	0	3	0	74	190	155	40	0	2	0	2	0	121	226	10	0	1	0	3	0	115	155	78	0	3	1	0	25	168	3	141	12	0	0	1	0	105	172	156	2	0	0	0	0	0	38	17	0	1	
0	0	0	0	0	0	2	0	0	0	1	38	135	78	0	2	2	0	38	253	206	207	91	0	3	0	77	215	0	48	175	0	2	0	193	98	0	76	158	0	0	32	209	7	5	205	67	0	0	55	193	34	195	139	0	2	0	6	38	47	52	0	1	0	
1	0	27	41	0	0	0	0	0	21	152	142	56	0	2	0	0	22	16	39	91	0	3	0	1	0	9	174	156	40	0	2	0	0	4	8	29	130	14	0	1	0	63	68	62	141	29	0	1	0	77	130	141	66	0	1	0	0	0	0	0	0	0	0	
0	0	0	0	1	1	0	0	0	0	0	2	0	72	74	0	0	0	2	0	41	177	20	0	0	0	1	0	175	61	0	2	0	3	0	111	128	0	4	0	2	0	54	175	4	0	0	0	0	0	166	52	0	2	0	0	0	6	32	0	1	0	0	0	
0	0	0	0	0	0	0	0	0	0	8	12	17	6	0	0	1	0	163	218	239	134	0	4	0	0	32	19	190	128	0	4	0	1	0	19	196	31	0	1	0	3	0	101	192	0	1	0	0	4	0	164	103	0	3	0	0	3	0	96	63	0	2	0	
0	0	2	1	1	2	0	0	0	0	0	2	3	0	0	0	2	0	81	143	126	36	0	2	0	9	99	0	60	124	0	3	2	0	57	128	192	134	10	27	3	0	126	175	87	95	112	26	0	0	0	0	0	0	0	0	0	0	1	2	4	3	2	1	
0	0	0	2	0	0	0	0	0	1	0	37	80	0	1	0	0	2	0	110	175	4	0	0	2	0	57	148	139	51	0	2	3	0	80	131	158	78	0	3	0	0	3	0	98	96	0	3	0	0	3	0	58	104	0	4	0	0	0	0	6	13	0	0	
0	0	0	0	0	2	1	0	0	44	95	81	24	0	1	0	0	61	141	139	203	181	5	0	2	0	46	197	189	106	2	0	0	2	6	83	165	58	0	2	0	0	6	0	96	176	0	3	3	0	84	145	197	54	0	2	2	0	36	132	40	0	1	0	
0	0	0	0	0	1	1	0	0	0	153	220	131	7	0	1	0	7	139	69	166	203	9	0	0	0	3	41	0	181	106	0	0	2	185	225	188	228	96	0	0	0	217	142	171	255	105	0	2	0	47	205	149	53	34	0	0	0	1	0	0	0	0	0	
0	0	1	3	1	1	5	1	0	1	1	2	0	84	114	0	1	0	27	74	19	206	30	0	0	3	171	64	140	114	0	4	0	67	209	28	197	77	27	0	0	0	112	214	216	95	3	0	0	3	0	93	95	0	3	0	0	0	3	0	0	3	0	0	
0	0	0	2	0	0	0	0	0	0	0	2	65	21	0	1	0	2	0	79	162	63	0	3	0	0	0	162	135	9	0	1	0	1	0	53	178	4	0	0	0	1	0	23	163	0	0	0	0	3	0	95	130	0	4	0	0	2	0	55	40	0	1	0	
0	0	3	1	0	1	3	2	0	0	0	3	14	2	0	0	1	0	66	132	121	131	113	62	0	6	192	42	0	13	45	41	2	0	72	132	0	1	0	0	0	4	0	132	67	0	4	2	1	0	72	158	36	0	2	0	0	0	10	22	0	1	0	0	
0	0	0	0	0	0	0	0	0	2	0	63	133	0	2	0	0	1	0	30	149	0	0	0	0	1	0	42	130	0	3	0	0	3	0	72	115	0	3	0	0	3	0	89	98	0	3	0	0	2	0	67	141	0	0	0	0	0	0	0	5	0	0	0	
0	0	2	0	51	46	0	2	0	0	0	3	168	40	0	2	0	3	0	113	129	0	3	0	1	0	8	161	15	0	1	0	2	0	43	195	104	48	0	2	2	0	103	207	231	122	0	4	0	1	0	14	60	9	0	0	0	0	1	1	0	0	0	0	
