500	64	10
0	0	0	2	0	2	0	0	0	0	1	5	48	1	0	0	0	2	0	114	157	103	6	0	2	0	101	115	48	212	6	0	0	51	235	119	182	207	7	0	0	8	53	61	153	115	0	4	0	0	3	0	101	92	0	3	0	0	4	0	37	27	0	1	
0	0	1	3	0	0	0	0	0	0	1	0	36	57	14	0	1	0	8	159	207	245	108	0	1	1	2	66	90	156	17	0	2	0	75	177	230	61	0	3	10	28	28	34	177	68	0	2	18	131	81	99	126	0	0	0	0	0	12	12	0	0	0	0	
0	0	2	1	0	0	0	0	0	0	0	2	8	2	0	0	0	3	146	163	204	144	0	3	0	1	39	29	171	138	0	2	1	0	6	178	239	143	2	0	0	3	0	126	86	0	3	0	0	1	0	186	66	0	3	0	1	0	10	157	31	0	1	0	
0	0	0	3	1	0	0	0	0	0	1	0	16	71	4	0	0	2	0	86	220	255	69	0	1	4	0	102	81	171	75	0	0	0	2	0	59	176	0	0	37	174	182	144	194	40	0	2	38	83	76	111	60	0	2	0	0	0	0	0	1	2	0	0	
0	0	0	1	0	0	0	0	0	2	0	62	65	0	0	0	0	1	0	91	206	20	0	1	3	0	67	185	142	64	0	3	0	0	13	6	33	128	0	2	0	4	48	0	85	112	0	3	2	0	87	133	138	11	0	1	0	0	7	44	7	0	0	0	
0	0	0	2	1	0	0	0	0	0	1	0	4	25	28	0	0	3	0	75	154	180	118	0	1	1	6	189	79	0	1	0	1	0	14	93	155	70	0	3	0	92	34	0	133	50	0	2	0	63	93	95	59	0	1	0	0	0	0	0	1	1	0	0	
0	0	0	0	0	0	1	0	0	0	15	26	34	30	1	0	0	0	91	123	99	126	113	0	0	0	0	1	0	112	91	0	0	2	1	6	134	94	0	1	1	0	5	128	75	0	3	0	0	18	127	60	0	3	0	0	0	109	73	0	4	0	0	0	
0	0	0	0	0	1	0	0	1	0	56	84	37	0	0	0	3	0	97	185	228	111	0	4	1	0	22	77	191	63	0	2	2	0	75	232	184	0	1	0	0	0	1	0	191	56	0	2	0	2	0	85	182	4	0	1	0	0	1	103	41	0	1	0	
0	0	0	1	0	0	0	0	0	0	0	12	62	0	1	0	0	3	0	90	178	0	2	0	1	0	15	169	159	0	0	0	3	0	130	185	172	8	0	1	0	1	5	18	164	16	0	1	0	0	2	0	133	33	0	1	0	0	1	0	19	6	0	0	
0	0	1	2	0	0	0	0	0	0	1	0	75	36	0	1	1	0	3	149	174	146	0	2	2	0	137	81	95	173	0	2	0	0	160	109	220	63	0	3	1	0	10	182	90	0	3	0	1	0	23	156	5	1	0	0	1	0	35	66	0	2	0	0	
0	0	0	0	44	9	0	0	0	2	0	58	176	90	0	4	0	0	1	0	77	101	0	4	0	0	2	1	140	27	0	1	0	3	0	100	101	0	3	0	1	0	101	180	0	10	2	0	0	19	125	119	67	71	8	0	0	0	0	0	0	0	0	0	
0	0	0	0	0	1	0	0	0	0	4	14	0	39	63	0	2	0	54	142	0	146	87	0	2	0	137	58	25	142	0	1	0	71	213	103	206	133	0	3	0	19	11	36	177	29	0	0	0	3	0	115	80	0	3	0	0	1	0	25	8	0	0	0	
0	0	0	0	0	0	0	0	0	1	0	49	119	128	27	0	1	0	32	173	40	158	112	0	4	0	111	120	0	184	75	0	3	0	85	205	162	59	0	2	0	0	152	222	48	0	3	0	1	0	130	198	51	0	2	0	1	0	15	23	0	1	0	0	
0	0	0	0	1	0	0	0	0	0	1	0	22	136	0	0	0	0	3	0	104	134	0	4	0	1	0	10	173	24	0	1	0	3	0	111	122	0	4	0	1	0	18	185	24	0	1	0	3	0	69	119	0	3	0	0	0	0	0	1	1	0	0	0	
0	0	0	0	0	0	1	2	0	0	71	133	82	8	0	0	0	11	202	71	102	75	6	43	2	0	89	122	36	126	156	74	2	0	40	226	194	71	20	0	2	0	153	54	135	6	0	2	2	0	84	169	138	3	1	0	0	0	0	47	17	0	1	0	
0	0	0	2	0	2	0	0	0	0	0	1	19	1	0	0	0	2	0	100	189	108	0	2	2	0	40	176	142	176	0	3	1	0	18	102	212	53	0	2	0	2	0	64	124	0	3	0	0	0	1	156	34	0	1	0	2	0	49	126	0	2	0	0	
0	0	0	0	1	0	0	0	0	0	1	0	30	33	0	1	0	0	3	0	114	53	0	2	0	1	0	19	135	0	0	0	0	3	0	83	81	0	3	0	0	2	0	120	30	0	1	0	0	2	0	108	23	0	1	0	0	0	0	10	5	0	0	0	
0	0	1	0	23	40	0	0	0	2	0	44	219	233	26	0	0	3	0	69	77	170	47	0	0	1	2	0	39	189	4	0	0	10	76	94	193	80	0	3	0	180	255	241	217	170	66	0	0	72	96	26	4	82	56	0	0	0	0	0	1	0	0	0	
0	0	0	0	2	0	0	0	1	0	16	30	0	12	0	0	0	26	218	208	176	145	0	2	0	2	183	135	106	20	0	1	2	0	101	140	154	111	0	2	0	0	5	93	0	103	30	0	0	2	0	125	175	171	23	0	0	0	1	0	85	85	0	2	
0	0	0	0	1	0	0	0	0	0	3	0	119	103	0	3	0	0	0	0	198	58	0	2	0	2	0	72	181	0	1	0	0	3	0	169	88	0	3	0	2	0	56	199	1	0	0	0	3	0	102	122	0	3	0	0	0	0	0	1	0	0	0	0	
0	0	0	0	0	1	1	0	1	15	21	25	26	7	0	0	19	127	121	110	107	132	19	0	1	0	1	0	12	161	13	0	0	0	5	0	96	111	0	4	0	0	1	0	165	41	0	2	0	2	0	62	157	0	3	0	0	2	0	71	81	0	2	0	
0	0	0	2	0	0	0	0	0	0	2	0	42	48	0	1	0	2	0	77	192	175	0	1	3	0	70	196	92	178	0	1	2	0	41	97	208	70	0	3	0	3	0	85	130	0	2	0	1	0	22	176	18	0	1	0	1	0	40	66	0	2	0	0	
0	0	2	1	0	0	1	0	0	2	0	33	187	155	18	0	2	0	57	183	92	159	158	0	0	31	190	38	0	22	153	0	0	108	80	0	0	109	122	0	0	102	136	2	89	188	12	0	0	3	136	186	151	20	0	1	0	1	0	4	0	1	1	0	
0	0	1	0	31	65	0	2	0	0	0	0	197	102	0	3	0	3	0	144	147	0	2	0	2	0	51	191	1	2	0	0	4	0	144	84	116	211	8	0	3	0	104	215	255	160	0	1	0	0	2	72	54	0	0	0	0	0	1	0	0	2	0	0	
0	0	2	0	0	1	0	0	0	0	0	62	57	0	1	0	3	0	92	126	83	29	0	1	1	0	147	7	57	129	0	3	2	0	88	113	175	102	0	4	0	0	4	0	127	43	0	2	0	0	3	0	143	16	0	1	0	0	1	0	47	18	0	1	
0	0	2	4	4	2	0	0	0	0	0	0	0	9	7	0	2	0	54	165	136	200	45	0	3	0	122	128	185	152	0	3	0	1	0	31	178	12	0	1	0	3	0	147	108	0	4	0	1	0	22	191	16	0	1	0	2	0	62	124	0	2	0	0	
0	0	1	0	0	0	0	0	0	38	97	0	35	68	0	2	0	92	100	0	70	132	0	4	0	98	81	0	55	184	0	1	0	50	167	41	54	202	9	0	1	0	46	120	113	184	6	0	0	1	1	1	0	122	39	0	0	0	2	3	2	3	3	0	
0	0	1	2	0	0	0	0	0	0	1	0	62	44	0	1	0	0	2	131	161	179	0	0	2	0	164	167	162	171	0	1	0	2	99	105	183	6	0	1	0	3	0	116	71	0	3	0	2	0	55	177	0	2	0	0	2	0	61	58	0	2	0	0	
0	0	3	0	0	1	0	0	0	1	0	10	156	158	16	0	1	0	133	92	8	122	108	0	0	23	241	54	0	90	95	0	0	27	226	29	0	181	67	0	0	0	189	88	115	148	0	1	2	0	42	202	154	8	0	1	0	1	1	0	0	2	1	0	
0	0	0	2	1	0	0	0	0	0	3	0	26	216	116	0	0	2	0	33	213	255	58	0	2	0	43	214	149	191	0	1	0	0	192	86	123	143	0	3	0	128	211	127	192	11	0	1	0	102	188	104	8	0	1	0	0	0	0	0	2	1	0	0	
0	0	0	1	0	0	0	0	1	0	102	176	111	0	1	0	1	0	67	192	169	0	2	0	1	0	17	185	146	17	0	1	0	0	3	0	62	139	2	0	2	0	85	64	8	167	59	0	2	0	60	189	201	118	0	0	0	0	0	0	1	0	0	0	
0	0	0	1	3	1	3	0	0	0	1	3	0	51	115	0	0	1	0	23	66	156	27	0	1	0	0	161	202	23	0	2	3	0	115	243	161	60	0	1	3	0	101	182	47	51	0	1	2	0	96	46	0	2	0	0	0	0	6	2	3	2	0	0	
0	1	0	20	22	0	1	0	0	4	0	139	122	0	4	0	1	0	4	203	48	0	2	0	1	0	14	198	95	87	3	0	1	0	17	224	202	245	49	0	2	0	30	232	200	160	0	1	0	1	0	74	120	12	0	1	0	0	0	0	0	2	1	0	
0	0	0	3	0	71	22	0	0	0	4	0	77	160	4	0	0	2	0	50	165	12	0	1	1	0	26	157	28	0	2	0	3	0	136	83	204	128	0	4	3	0	94	223	218	57	0	2	0	0	2	65	15	0	1	0	0	0	1	0	1	2	0	0	
0	0	0	0	19	6	0	0	0	0	0	13	109	3	0	0	0	2	0	68	71	0	2	0	0	1	0	108	64	17	0	1	1	0	20	147	75	104	0	2	2	0	49	112	78	48	0	2	1	0	6	92	53	0	1	0	0	0	0	0	0	1	0	0	
0	0	0	0	1	0	0	0	0	0	1	0	14	149	13	0	0	0	3	0	114	157	0	3	0	1	0	18	191	29	0	1	0	3	0	148	116	0	3	0	2	0	78	183	0	1	0	0	2	0	167	95	0	3	0	0	0	1	3	0	1	0	0	0	
0	0	0	16	16	0	0	0	0	0	84	123	141	59	0	2	0	2	37	0	66	139	0	5	0	1	1	0	159	67	0	3	0	0	0	152	129	22	65	30	0	20	197	227	133	150	120	33	0	22	79	13	2	0	0	0	0	0	0	0	0	2	4	1	
0	0	0	1	0	0	0	0	0	1	0	21	66	46	4	0	0	1	0	165	233	208	3	0	0	0	7	27	159	83	0	3	0	3	0	79	154	0	2	0	1	0	14	181	26	0	1	0	2	0	150	110	49	12	0	0	0	7	90	13	104	24	0	1	
0	1	0	5	3	0	0	0	2	0	76	162	159	27	0	1	0	63	173	0	112	150	0	3	0	54	46	0	30	169	0	0	0	0	1	0	65	151	0	2	1	0	113	193	235	171	71	0	1	0	163	190	86	0	6	0	0	0	0	3	0	1	0	0	
0	0	0	0	0	0	0	0	0	0	0	75	73	10	0	1	0	1	0	97	245	111	0	4	2	0	30	186	156	4	0	1	1	0	10	127	185	23	0	1	0	0	2	0	180	71	0	3	0	0	0	121	151	0	1	0	1	0	34	111	11	0	1	0	
0	0	0	0	0	0	0	0	3	0	85	232	181	31	0	1	2	0	87	87	213	156	0	4	0	2	0	42	244	115	0	3	3	0	94	254	94	0	3	0	0	40	255	227	132	163	110	0	0	20	142	194	181	127	31	0	0	0	0	0	0	0	0	0	
0	0	1	1	0	0	0	0	0	1	0	17	131	119	0	1	2	0	37	216	191	214	33	0	3	0	95	147	6	170	12	0	1	0	22	163	170	73	0	3	2	0	82	231	125	0	4	0	0	44	194	146	97	0	3	0	0	12	38	44	9	0	0	0	
0	0	0	1	1	0	0	0	2	0	29	182	151	43	0	2	4	0	142	152	49	187	24	0	3	0	160	65	0	180	27	0	3	0	163	67	12	222	18	0	2	0	63	163	112	213	0	0	0	2	0	63	207	122	0	3	0	0	1	1	0	1	0	0	
0	0	0	2	0	0	0	0	0	0	0	6	77	28	0	1	0	0	0	112	176	171	0	3	3	0	69	164	163	133	0	3	1	0	7	97	204	7	0	1	0	2	0	139	60	0	2	0	3	0	98	141	0	3	0	0	1	0	78	25	0	1	0	0	
0	0	0	0	0	0	0	0	0	32	112	127	24	0	1	0	0	87	73	75	127	0	3	0	0	1	0	110	215	87	0	1	0	0	15	97	19	132	40	0	0	0	5	1	0	137	31	0	3	0	78	168	163	89	0	2	0	0	1	46	26	0	1	0	
0	0	0	2	0	29	15	0	0	0	2	0	34	166	21	0	0	1	0	22	160	36	0	2	1	0	2	152	54	0	3	0	3	0	115	118	191	114	0	4	3	0	133	234	199	42	0	2	1	0	25	84	0	1	0	0	0	0	1	0	2	2	0	0	
0	0	1	1	0	0	0	0	0	0	0	5	17	0	0	0	1	0	0	177	224	42	0	2	3	0	69	206	116	66	0	3	1	0	16	15	134	34	0	1	0	1	0	18	148	0	0	0	0	1	0	40	136	0	3	0	0	1	0	25	86	0	2	0	
0	0	0	1	0	0	0	0	0	0	0	0	77	132	55	0	0	3	0	117	113	104	148	0	0	4	0	135	111	145	33	0	2	0	27	197	192	18	0	1	0	24	151	171	78	0	4	0	0	47	175	133	19	0	1	0	1	0	46	24	0	1	0	0	
0	1	2	1	3	2	0	0	1	5	0	0	0	0	0	0	4	125	44	31	86	61	0	2	0	36	101	93	95	146	0	2	0	0	2	0	58	138	0	3	0	2	5	0	145	58	0	2	0	2	0	43	159	0	1	0	0	2	0	44	54	0	2	0	
0	0	0	0	0	0	0	0	0	0	1	0	30	144	74	0	1	3	2	0	27	196	83	0	0	1	0	25	189	110	0	3	33	106	5	0	104	135	0	4	8	149	175	147	126	18	0	1	0	1	12	11	0	0	0	0	1	2	0	0	2	1	0	0	
0	0	0	0	0	0	0	0	0	2	0	68	90	0	3	0	0	3	0	91	160	0	4	0	0	3	0	89	156	0	4	0	0	3	0	82	165	0	3	0	0	1	0	27	191	7	0	1	0	0	1	0	114	35	0	1	0	0	0	0	1	1	0	0	
0	0	0	2	0	0	0	0	0	0	1	0	57	35	0	1	0	1	0	89	142	153	0	1	3	0	86	159	114	166	0	2	1	0	26	87	205	32	0	2	0	1	0	120	69	63	0	1	2	0	114	115	0	45	0	1	0	1	72	9	0	0	0	0	
0	2	0	55	70	0	2	0	2	0	36	192	54	0	2	1	3	0	153	77	0	32	27	0	0	24	154	33	163	134	137	35	0	21	171	180	60	0	129	55	3	0	121	255	197	186	115	0	0	0	0	53	90	45	0	0	0	0	1	0	0	0	2	0	
0	0	0	0	1	2	0	0	0	0	1	0	43	144	0	1	0	0	3	0	158	97	0	3	0	1	0	45	175	0	0	0	0	3	0	146	85	0	3	0	2	0	49	173	0	0	0	0	3	0	134	78	0	3	0	0	0	1	4	1	1	0	0	0	
0	0	2	1	0	0	0	0	0	0	0	0	61	4	0	0	2	0	51	46	122	2	0	0	4	0	99	66	110	18	0	0	3	0	68	124	182	74	0	2	0	0	7	47	139	45	0	2	0	0	3	0	67	95	0	3	0	0	1	1	8	17	0	1	
0	0	0	2	0	0	0	0	0	0	4	0	99	200	84	0	0	3	0	106	225	217	111	0	3	0	75	227	32	179	54	0	0	21	216	33	50	199	0	0	0	127	162	14	211	77	0	3	0	61	172	159	69	0	2	0	0	0	3	1	0	1	0	0	
0	0	0	1	1	0	0	0	0	0	4	2	7	4	0	0	3	0	112	58	139	17	0	1	2	0	59	141	139	9	0	1	0	0	3	8	117	23	0	1	0	0	4	0	115	34	0	1	0	0	3	0	101	71	0	3	0	0	1	0	30	60	0	2	
0	0	0	2	0	0	0	0	0	0	1	0	54	28	0	1	0	2	0	92	230	164	0	3	2	0	57	173	163	140	0	3	1	0	23	164	206	3	0	1	0	2	0	159	67	0	2	0	3	0	107	145	0	3	0	0	1	0	71	19	0	1	0	0	
0	0	0	0	0	1	1	0	0	0	136	34	0	1	2	1	0	22	252	77	0	22	6	0	0	50	255	69	145	217	161	7	0	35	243	206	185	46	255	75	2	0	163	255	238	189	106	0	0	0	6	51	70	30	0	1	0	0	1	0	0	0	3	0	
0	0	0	0	0	0	0	0	0	2	0	38	132	144	31	0	0	1	0	28	108	196	49	0	0	2	3	0	130	135	0	3	2	0	3	0	80	142	0	3	74	119	7	76	162	27	0	1	6	102	127	100	17	0	1	0	0	0	0	0	1	1	0	0	
0	0	1	0	0	2	0	0	1	0	13	89	30	0	1	0	0	0	158	151	154	39	0	1	0	74	168	0	198	176	0	3	0	46	205	171	227	137	0	4	1	0	61	89	91	140	0	4	0	1	3	0	68	176	0	3	0	0	3	0	25	62	0	1	
0	0	0	0	0	0	0	0	0	2	0	52	145	132	33	0	0	1	0	16	126	236	42	0	0	4	0	122	223	45	0	2	0	0	3	0	139	111	0	4	91	131	31	63	168	68	0	3	16	101	123	110	39	0	1	0	0	0	0	0	1	1	0	0	
0	1	1	0	0	1	0	0	0	1	12	4	0	11	75	0	0	26	127	0	0	68	136	0	0	160	173	36	0	148	66	0	0	79	133	147	144	193	4	0	0	0	3	0	109	123	0	4	0	3	3	6	155	26	0	1	0	0	0	4	20	0	0	0	
0	0	0	2	0	21	7	0	0	0	2	0	36	207	30	0	0	2	0	28	185	68	0	1	1	0	8	163	46	0	2	0	2	0	127	63	142	191	0	2	0	21	168	152	244	69	0	2	1	0	29	127	34	0	1	0	0	0	0	0	1	3	0	0	
0	0	0	1	0	0	0	0	0	0	0	2	105	82	0	2	0	1	0	164	228	177	2	0	3	0	74	130	0	131	33	0	4	0	105	55	0	147	23	0	4	0	114	48	60	128	0	2	3	0	81	169	145	11	0	1	0	0	2	54	13	0	1	0	
0	0	0	0	0	0	0	0	0	1	0	15	163	186	91	0	0	2	0	52	128	153	158	0	0	1	1	0	7	172	40	0	0	0	56	50	154	97	0	3	0	127	255	255	133	0	4	0	0	57	79	98	109	0	3	0	0	0	0	0	1	0	0	0	
0	0	2	2	4	1	0	0	0	0	0	2	0	63	53	0	1	0	54	59	86	221	76	0	1	0	96	116	154	200	0	0	0	2	1	0	150	89	0	3	1	0	25	171	120	0	2	0	2	121	166	76	0	3	0	0	3	44	10	0	2	0	0	0	
0	0	0	1	0	0	0	0	0	1	0	16	93	90	52	0	0	3	0	106	155	105	72	0	2	0	44	216	54	0	1	0	2	0	44	99	124	102	0	3	0	88	30	0	106	95	0	3	0	50	110	111	123	3	0	0	0	0	4	23	4	0	0	0	
0	0	0	4	23	0	0	0	0	2	0	113	214	5	0	1	3	0	61	245	59	0	2	0	4	0	159	188	168	111	0	2	3	0	165	158	198	212	31	0	3	0	101	185	213	216	8	0	0	0	2	120	146	33	0	1	0	0	1	0	0	1	1	0	
0	1	0	21	59	14	0	1	0	1	0	33	97	152	26	0	0	2	1	40	83	166	23	0	0	1	0	89	229	63	0	3	2	36	5	0	91	123	0	4	0	173	117	76	166	52	0	2	0	40	152	131	39	0	1	0	0	1	0	0	1	1	0	0	
0	0	0	0	0	0	0	0	0	2	0	86	34	0	1	0	0	4	0	135	101	0	3	0	0	3	0	103	106	0	3	0	0	2	0	69	101	0	3	0	0	1	0	25	167	0	0	0	0	0	0	9	137	10	0	1	0	0	0	0	0	0	0	0	
0	0	0	2	0	1	0	0	0	0	1	1	32	6	85	11	0	2	0	90	141	75	109	0	2	0	51	133	26	141	7	0	0	0	174	115	189	81	0	3	0	4	0	100	142	2	0	1	1	0	27	132	4	0	0	0	1	0	21	23	0	2	0	0	
0	0	0	2	2	0	0	0	0	1	0	26	108	0	1	0	0	1	0	24	146	0	1	0	0	2	0	66	170	1	1	0	0	3	0	65	203	31	0	1	0	2	0	150	123	0	2	0	1	0	26	149	8	0	1	0	0	0	0	0	1	0	0	0	
0	0	1	0	0	2	0	0	0	2	0	83	196	20	0	1	3	0	67	166	155	134	0	2	0	2	168	39	0	159	69	0	0	46	149	0	0	82	129	0	0	1	176	89	3	160	64	0	2	0	32	152	179	108	0	2	0	1	1	0	2	1	1	0	
0	0	0	0	1	0	0	0	0	0	2	0	74	45	0	2	0	0	0	0	142	19	0	1	0	1	0	45	135	0	3	0	0	3	0	90	106	0	3	0	0	3	0	135	67	0	2	0	0	3	0	94	49	0	2	0	0	0	0	0	0	0	0	0	
0	0	0	0	0	0	0	0	0	0	1	0	103	20	0	1	0	0	0	4	171	21	0	1	0	1	0	26	164	0	0	0	0	2	0	59	134	0	3	0	0	3	0	103	117	0	4	0	0	3	0	103	61	0	2	0	0	0	0	0	0	0	0	0	
0	0	0	0	24	2	0	0	0	2	0	62	139	0	2	0	0	3	0	141	56	0	2	0	0	1	0	163	100	0	0	0	0	1	0	166	163	67	0	3	0	3	0	119	150	81	0	3	0	1	0	26	137	16	0	1	0	0	0	1	0	0	0	0	
0	0	54	45	0	0	0	0	0	99	155	171	171	29	0	1	0	23	6	0	129	144	0	4	0	0	6	0	161	72	0	2	0	3	0	113	127	0	2	0	1	0	136	209	49	103	60	0	0	5	135	138	137	152	67	0	0	0	0	0	0	0	0	0	
0	0	0	2	0	0	0	0	0	0	2	0	74	98	0	1	0	0	0	102	131	140	23	0	0	0	5	152	21	111	14	0	0	3	0	96	185	36	0	2	2	0	35	133	131	0	3	0	3	0	73	167	68	0	2	0	0	0	3	37	3	0	0	0	
0	0	0	9	3	0	0	0	2	0	84	155	129	13	0	1	0	0	19	0	159	45	0	2	0	2	0	147	147	0	3	0	0	1	0	43	168	53	0	2	0	1	20	0	76	156	0	3	1	0	120	138	147	69	0	2	0	0	2	14	9	0	0	0	
0	0	1	0	0	0	0	0	1	0	7	83	140	110	0	2	2	0	119	106	63	59	0	1	1	0	162	65	18	6	0	0	2	0	62	138	116	139	30	0	0	0	0	3	0	115	65	0	2	0	104	124	124	110	0	1	1	0	26	60	37	0	0	0	
0	0	0	0	0	0	0	0	0	0	28	5	6	12	0	0	0	0	125	0	47	106	0	3	0	19	189	81	151	109	0	4	0	3	84	100	166	103	0	4	0	0	2	0	67	109	0	4	0	0	6	0	83	130	0	4	0	0	1	0	41	51	0	2	
0	0	2	2	0	1	0	0	0	0	0	2	17	2	0	0	2	0	44	158	202	167	0	1	0	0	205	187	222	171	0	3	1	0	86	147	240	48	0	2	0	3	0	96	176	0	2	0	1	0	10	224	77	0	3	0	1	0	29	137	4	0	0	0	
0	0	0	0	0	0	0	0	1	0	12	123	144	120	8	0	3	0	61	178	34	71	8	0	3	0	73	194	7	0	1	0	2	0	41	182	196	31	0	1	0	0	3	0	102	148	0	4	2	0	71	159	186	110	0	3	1	0	16	48	51	2	0	0	
0	0	1	0	0	0	2	0	0	0	0	44	65	38	0	0	3	0	92	145	99	137	97	0	1	0	47	20	0	27	154	0	0	123	119	124	108	158	69	0	0	148	116	139	187	147	19	0	0	10	62	46	0	2	5	0	0	1	0	0	2	3	0	0	
0	0	1	0	21	42	0	1	0	0	0	2	171	116	0	2	0	3	0	124	130	0	3	0	1	0	16	170	12	0	1	0	2	0	51	149	33	37	0	1	1	0	23	227	255	151	0	4	0	1	0	70	129	33	0	1	0	0	0	0	0	0	0	0	
0	1	0	0	0	0	0	0	0	1	31	59	66	14	0	1	0	66	90	42	109	65	0	2	0	7	2	0	86	28	0	1	0	0	4	33	149	111	54	0	0	0	1	82	152	35	4	0	0	2	0	47	93	0	3	0	0	1	0	34	37	0	1	0	
0	1	3	0	0	0	0	0	0	0	0	12	27	2	0	0	0	35	137	159	206	140	0	3	0	15	60	0	114	129	0	4	0	0	3	0	159	79	0	3	0	1	1	1	180	34	0	1	0	2	0	53	190	0	1	0	0	3	0	70	98	0	3	0	
0	0	0	2	2	2	0	0	0	0	3	0	89	26	0	1	0	3	0	83	164	29	0	2	2	0	41	113	110	89	0	3	0	8	196	116	184	143	7	0	0	33	144	86	153	42	0	1	0	0	2	0	90	23	0	1	0	1	4	4	1	0	0	0	
0	0	0	0	0	0	0	0	0	1	0	9	102	82	0	1	0	2	0	125	165	144	0	4	0	3	0	116	191	50	0	2	0	2	0	133	217	19	0	1	2	0	66	118	126	53	0	2	3	0	76	192	102	0	1	0	0	0	3	37	2	0	0	0	
0	1	0	21	46	3	0	0	0	11	98	138	85	6	0	0	0	108	134	0	0	1	2	0	0	9	107	131	87	30	0	1	0	0	0	8	50	109	89	0	0	28	66	23	17	65	159	11	0	6	60	96	112	92	25	0	0	0	0	0	0	0	1	0	
0	0	1	1	0	0	0	0	0	1	0	17	26	2	0	0	2	0	38	123	170	75	0	3	4	0	105	152	174	37	0	2	1	0	13	93	167	1	0	0	0	1	0	44	136	0	3	0	0	3	0	89	121	0	4	0	0	3	0	89	58	0	2	0	
0	0	1	0	0	1	0	0	1	0	17	80	0	83	65	0	4	0	110	143	0	175	33	0	3	0	177	56	37	179	0	2	0	0	208	83	135	145	0	4	3	0	105	199	251	74	0	3	0	0	0	1	150	30	0	1	0	0	3	2	0	1	0	0	
0	0	1	1	0	1	1	0	0	2	0	50	137	39	0	1	2	0	49	183	165	231	27	0	4	0	156	99	15	129	117	0	0	9	202	37	0	74	133	0	0	0	182	43	0	156	71	0	3	0	99	184	168	104	0	2	0	1	0	42	34	0	1	0	
0	0	0	3	0	17	19	0	0	0	2	0	65	166	54	0	0	2	0	83	176	18	0	1	2	0	37	181	13	0	2	0	4	0	115	149	5	3	0	0	4	0	98	240	219	43	0	2	1	0	10	119	112	6	0	1	0	0	0	0	0	0	0	0	
0	0	0	1	0	0	0	0	0	0	0	7	138	10	0	1	0	1	0	39	179	0	0	0	0	3	0	83	146	0	4	0	0	4	0	124	112	0	3	0	0	4	0	156	110	0	3	0	0	3	0	111	105	0	3	0	0	0	0	0	0	0	0	0	
0	0	1	0	8	36	0	1	0	1	0	11	170	128	0	2	0	1	0	189	186	14	0	1	1	0	151	219	127	172	72	0	0	46	227	22	0	113	144	0	0	22	165	55	146	186	19	0	2	0	82	152	98	8	0	1	0	0	0	0	0	2	1	0	
0	5	58	43	0	0	0	0	0	76	173	201	141	0	0	0	0	5	1	0	183	130	0	4	0	1	4	0	180	78	0	3	0	3	0	136	128	0	3	0	1	0	124	246	142	146	108	9	0	1	103	113	95	95	109	12	0	0	0	0	0	0	0	0	
0	0	0	2	1	0	0	0	0	1	5	0	94	50	0	2	0	2	0	35	235	66	0	3	0	6	105	206	175	124	15	0	21	185	220	177	179	239	60	0	5	23	2	0	67	186	0	3	0	0	2	0	26	114	0	1	0	1	0	0	1	0	0	0	
0	0	0	0	0	0	0	0	1	0	78	146	143	46	0	1	1	0	62	52	158	184	0	3	0	1	0	61	168	43	0	2	2	0	43	243	190	10	0	1	0	0	2	0	117	179	0	3	1	0	124	132	164	110	0	3	1	0	33	60	29	0	0	0	
0	0	3	2	3	2	0	0	0	0	0	0	0	0	0	0	0	3	135	183	176	54	0	2	0	65	208	33	86	126	0	4	0	7	60	0	66	141	3	0	0	0	3	0	132	226	45	0	0	0	5	0	71	78	0	3	0	0	3	0	102	59	0	2	
0	0	1	0	0	1	0	0	0	0	14	49	3	19	3	0	3	0	69	123	0	129	9	0	2	0	173	132	115	156	0	3	0	2	83	79	158	103	0	4	0	0	4	0	125	79	0	3	0	0	6	0	149	88	0	3	0	0	1	0	53	25	0	1	
0	0	1	0	0	0	1	0	1	0	22	132	101	37	0	1	4	0	142	188	97	218	50	0	0	8	173	5	100	127	94	0	0	45	126	82	156	104	73	0	0	42	162	130	101	143	1	0	0	0	154	191	151	19	0	1	0	0	8	50	8	0	1	0	
0	0	0	0	0	0	0	0	0	2	0	88	152	147	101	0	1	0	2	195	86	63	37	0	2	0	38	209	17	0	1	0	1	0	15	141	198	43	0	2	0	0	3	0	164	86	0	3	1	0	110	155	182	14	0	1	1	0	30	67	19	0	1	0	
0	0	0	0	9	6	0	0	0	2	0	40	128	134	20	0	0	0	4	118	7	151	49	0	0	2	0	140	144	55	0	2	2	0	65	163	127	0	3	0	3	0	141	79	140	52	0	2	1	0	16	102	164	70	0	3	0	0	0	0	3	0	0	0	
0	0	0	0	11	21	0	1	0	0	0	0	153	97	0	3	0	3	0	132	145	4	0	1	1	0	24	185	27	14	0	1	2	0	63	152	78	80	0	2	2	0	41	246	255	143	0	4	0	0	3	97	115	15	0	1	0	0	0	0	0	0	0	0	
0	1	2	0	1	1	0	0	0	0	5	34	16	0	0	0	0	18	123	98	147	128	0	3	0	116	65	0	152	95	0	3	0	62	117	91	150	44	0	2	0	0	13	0	104	56	0	2	0	2	3	0	70	103	0	3	0	0	1	0	10	103	4	0	
0	0	2	4	1	0	0	0	0	0	0	0	1	12	3	0	0	3	57	128	164	214	19	0	0	71	153	71	141	127	0	3	0	1	0	6	181	24	0	1	0	2	0	62	179	0	2	0	0	3	0	148	121	0	4	0	0	1	0	129	32	0	1	0	
0	0	0	0	0	0	0	0	0	1	0	104	172	171	70	0	0	2	0	59	192	255	103	0	1	0	4	184	235	38	0	2	0	1	0	63	188	123	0	4	28	209	120	93	203	84	0	3	24	171	185	168	72	0	1	0	0	0	0	0	0	1	0	0	
0	0	0	0	8	3	0	0	0	2	0	83	161	131	4	0	1	0	34	181	56	209	20	0	1	0	25	216	215	56	0	2	0	3	133	97	184	23	0	1	0	48	184	7	195	58	0	2	1	0	105	207	136	1	0	1	0	0	0	2	0	0	0	0	
0	0	7	56	7	0	0	0	1	0	8	145	131	0	2	0	0	0	2	0	154	38	0	2	0	0	4	0	152	39	0	2	0	2	0	47	153	0	1	0	1	0	21	206	183	46	0	2	2	0	73	145	62	7	0	0	0	0	0	0	0	0	0	0	
0	0	2	1	0	0	0	0	0	1	0	20	79	18	0	1	2	0	46	137	133	118	0	4	4	0	131	135	158	107	0	4	1	0	25	93	189	24	0	1	0	1	0	30	155	0	1	0	0	3	0	102	123	0	3	0	0	2	0	51	34	0	1	0	
0	0	1	1	0	0	0	0	0	2	0	44	103	151	41	0	1	0	21	175	187	149	167	0	3	0	147	117	0	86	140	0	0	30	199	3	34	194	26	0	0	86	164	29	201	58	0	2	0	33	208	195	48	0	3	0	1	0	23	16	0	2	0	0	
0	0	2	1	0	1	1	0	0	2	0	55	208	64	0	3	2	0	59	189	143	202	12	0	0	2	183	50	0	112	114	0	0	45	163	0	0	78	128	0	0	17	197	44	8	159	73	0	2	0	77	180	153	83	0	1	0	0	0	4	2	0	1	0	
0	0	0	0	2	1	0	0	0	2	0	54	164	95	2	0	1	0	6	176	47	152	35	0	0	2	0	123	201	96	0	0	0	0	0	124	177	28	0	1	3	0	109	133	141	59	0	2	3	0	110	159	84	0	2	0	0	0	1	7	0	0	0	0	
0	0	0	0	0	0	0	0	0	0	1	0	145	39	0	2	0	1	0	19	199	18	0	1	0	2	0	60	168	0	2	0	0	3	0	105	148	0	4	0	0	4	0	153	155	0	4	0	0	3	0	125	125	0	3	0	0	0	0	0	0	0	0	0	
0	0	0	1	0	0	0	0	0	2	0	47	86	0	2	0	0	1	0	40	139	0	3	0	0	1	0	28	147	0	1	0	0	1	0	26	148	0	1	0	0	2	0	61	140	0	3	0	0	2	0	64	106	0	3	0	0	0	0	0	3	0	0	0	
0	0	2	6	0	0	0	0	1	0	125	172	196	79	0	2	0	0	23	0	165	163	0	4	0	3	0	62	207	34	0	2	2	0	71	200	45	0	4	0	0	71	255	213	187	193	182	22	0	33	75	60	50	30	34	4	0	0	0	0	0	0	0	0	
0	0	1	1	0	0	0	0	0	1	0	48	38	13	0	1	2	0	52	160	57	137	0	3	2	0	137	13	81	143	0	4	2	0	131	106	194	115	0	4	1	0	23	70	112	59	0	2	0	0	4	0	140	60	0	2	0	0	2	0	63	25	0	1	
0	0	0	0	0	0	0	0	0	4	94	154	135	22	0	1	0	12	84	62	187	130	0	4	0	2	0	62	221	23	0	1	0	1	0	14	150	135	0	0	1	0	43	23	56	216	7	0	3	0	147	218	171	53	0	2	0	0	8	39	9	0	0	0	
0	0	0	5	6	0	0	0	1	0	30	116	101	8	0	0	0	1	98	15	104	37	0	1	0	3	0	90	159	51	0	2	1	0	49	31	0	112	14	0	0	0	139	14	15	115	1	0	2	0	61	116	118	41	0	2	0	0	0	10	9	0	0	0	
0	0	1	0	0	1	0	0	1	0	33	27	0	31	10	0	0	2	179	48	0	159	31	0	0	57	206	69	127	167	0	1	0	20	126	120	207	95	0	3	0	0	0	0	171	42	0	2	0	1	1	10	218	53	0	2	0	0	1	0	77	38	0	1	
0	0	0	0	2	3	0	0	0	0	21	14	0	0	1	0	0	55	188	120	124	66	0	1	0	111	93	0	37	180	60	0	0	5	2	96	163	148	43	5	0	1	0	15	137	12	0	1	0	3	0	114	82	0	5	0	0	1	0	103	19	0	0	0	
0	0	0	0	0	0	0	0	1	0	9	111	137	153	109	4	3	0	87	194	56	91	73	6	3	0	66	212	98	2	0	0	0	1	0	33	191	119	0	4	0	0	1	0	183	79	0	3	0	28	189	195	142	0	0	0	0	8	58	34	0	1	0	0	
0	0	1	0	0	0	0	0	1	0	7	78	135	78	0	1	1	0	167	255	146	206	49	0	0	6	239	174	0	82	104	0	0	8	203	47	0	107	106	0	0	21	178	2	56	222	46	0	1	0	168	225	203	83	0	2	1	0	13	52	11	0	1	0	
0	0	2	0	39	75	0	2	0	1	0	10	166	66	0	2	0	2	0	149	97	0	8	1	3	0	76	162	3	71	27	0	3	0	163	157	189	195	0	1	3	0	158	255	198	93	0	3	1	0	19	77	48	0	0	0	0	0	0	0	0	2	0	0	
0	0	0	0	0	0	0	0	0	0	2	0	79	142	0	0	0	1	0	23	150	112	0	1	0	2	0	53	133	84	0	3	0	3	0	142	152	2	0	1	2	0	53	187	79	0	3	0	2	0	36	156	84	0	3	0	0	0	0	8	2	0	0	0	
0	2	2	4	3	2	1	0	0	0	0	0	0	0	0	0	14	49	52	96	141	174	38	0	42	154	141	103	51	185	46	0	0	0	2	0	45	183	0	0	1	3	5	0	180	114	0	3	0	2	0	61	213	12	0	1	0	1	0	32	48	0	1	0	
0	0	0	14	20	0	1	0	0	4	0	124	116	0	3	0	0	0	0	180	37	0	2	0	2	0	61	169	25	18	0	1	4	0	86	221	177	183	0	0	3	0	73	227	189	151	0	1	0	1	0	69	105	1	0	0	0	0	1	0	0	2	0	0	
0	0	0	0	0	0	0	0	0	0	0	88	150	135	39	0	3	0	70	209	39	148	102	0	2	0	29	199	148	201	86	0	2	0	51	211	216	28	0	2	3	0	171	109	209	41	0	2	3	0	94	245	152	0	1	0	0	0	0	33	8	0	0	0	
0	0	0	1	0	0	0	0	0	0	0	0	50	64	13	0	0	0	5	174	164	86	45	0	0	1	0	149	211	162	141	8	0	14	116	139	93	162	83	0	0	101	234	145	138	69	0	1	0	9	44	34	4	0	1	0	0	0	0	0	1	3	0	0	
0	0	2	1	0	0	0	0	0	1	0	23	83	31	0	1	2	0	54	158	124	153	0	2	3	0	172	158	162	116	0	4	1	0	42	75	172	76	0	3	0	0	2	0	169	45	0	2	0	1	0	28	208	16	0	1	0	0	0	9	75	1	0	0	
0	0	2	1	0	0	1	0	0	1	0	27	126	76	0	2	2	0	42	224	102	162	39	0	1	0	203	122	0	142	76	0	2	0	182	103	0	158	38	0	4	0	120	69	96	150	0	1	3	0	81	193	144	6	0	1	0	0	8	49	2	1	0	0	
0	0	1	0	0	0	0	0	1	0	24	130	0	32	2	0	4	0	103	157	0	183	13	0	2	0	165	48	39	192	0	1	0	25	231	155	191	194	0	1	0	7	72	98	228	61	0	3	0	1	0	14	154	10	0	1	0	0	3	4	2	1	0	0	
0	1	0	58	20	0	1	0	1	0	12	164	18	0	2	0	3	0	72	131	0	3	0	0	4	0	123	108	46	133	30	0	4	0	114	162	138	157	139	0	2	0	30	224	185	156	42	0	0	1	0	21	73	33	0	1	0	0	1	1	0	1	1	0	
0	0	8	20	1	0	0	0	0	17	178	242	101	0	3	0	0	8	8	158	176	0	7	2	0	0	0	189	74	0	3	0	3	0	123	179	19	65	153	73	0	42	254	227	214	203	153	43	0	16	57	40	15	0	0	0	0	0	0	0	0	1	4	2	
0	0	1	1	1	0	0	0	0	0	3	10	26	49	0	2	2	0	47	84	63	85	0	3	3	0	95	22	84	47	0	2	2	0	121	100	153	112	14	0	1	0	27	47	147	36	0	1	0	0	2	0	97	29	0	1	0	0	2	0	10	6	0	0	
0	0	1	1	0	1	0	0	0	2	0	71	171	7	0	1	2	0	49	150	159	104	0	2	3	0	154	69	64	182	0	3	0	0	175	20	31	169	0	2	1	0	186	65	95	157	0	3	2	0	61	195	163	18	0	1	0	0	0	2	1	1	0	0	
0	0	1	2	0	1	0	0	0	1	0	14	65	13	0	1	1	0	8	146	193	95	0	3	4	0	129	191	176	156	0	4	3	0	119	180	227	64	0	3	0	1	0	34	161	0	0	0	0	3	0	163	114	0	3	0	0	1	0	78	21	0	1	0	
0	0	29	63	38	0	0	0	0	1	147	173	209	80	0	3	0	0	8	0	126	152	0	4	0	2	0	14	216	67	0	3	1	0	0	167	122	31	74	5	1	0	172	254	182	200	171	42	0	17	142	91	44	6	0	0	0	0	0	0	0	1	3	0	
0	0	0	11	13	0	1	0	0	1	0	140	53	0	3	0	3	0	75	156	24	43	0	0	3	0	141	143	145	140	150	0	3	0	175	215	46	158	113	0	3	0	95	255	190	55	0	1	0	1	0	86	63	0	4	0	0	0	2	0	2	3	0	0	
0	0	0	1	0	0	0	0	0	1	0	32	130	142	61	0	1	0	0	174	94	50	40	0	1	0	12	173	11	0	1	0	0	2	0	141	135	2	1	0	0	0	3	0	129	113	0	4	3	0	78	160	143	54	0	2	1	0	15	66	26	0	1	0	
0	1	4	1	0	1	0	0	0	0	0	0	11	1	0	0	0	10	135	206	226	204	40	0	0	129	186	60	139	246	30	0	0	15	4	0	190	122	0	4	0	2	0	54	230	24	0	1	0	4	0	79	244	13	0	1	0	2	0	63	151	0	0	0	
0	0	0	2	0	0	0	0	0	0	0	0	15	14	0	0	0	2	0	104	199	108	0	2	3	0	61	188	162	22	0	1	2	0	30	192	164	0	2	0	0	2	0	70	127	0	3	0	0	3	0	99	120	0	4	0	0	3	0	97	48	0	2	0	
0	1	0	71	29	0	1	0	2	0	27	226	47	0	2	0	4	0	116	162	0	3	1	0	2	0	171	67	68	58	0	0	2	0	183	220	198	219	146	0	3	0	92	255	186	211	143	0	0	1	0	30	90	53	0	1	0	0	2	0	0	0	1	0	
0	0	1	0	0	0	0	0	1	0	16	37	0	18	0	0	3	0	106	87	19	143	0	2	3	0	162	166	191	119	0	4	1	0	35	59	137	90	0	3	0	0	3	0	143	62	0	2	0	0	3	0	167	41	0	2	0	0	1	0	70	26	0	1	
0	0	2	1	0	2	0	0	0	0	0	7	23	2	0	0	3	0	79	186	214	130	0	3	4	0	149	135	30	205	0	0	2	0	51	182	160	153	0	3	0	1	0	12	187	54	0	2	0	1	0	21	172	8	0	1	0	2	0	44	81	0	2	0	
0	0	0	2	0	0	0	0	0	55	170	204	144	0	1	0	0	66	76	23	210	50	0	2	0	1	0	8	212	45	0	2	0	5	0	120	158	0	6	3	3	0	87	247	119	182	115	35	3	0	125	211	155	72	29	22	0	0	0	0	0	0	0	0	
0	0	0	0	2	2	1	0	0	0	0	0	10	107	1	0	0	0	0	0	148	112	0	3	0	2	0	43	164	2	0	1	0	2	0	133	52	0	2	0	2	0	49	152	0	2	0	0	2	0	65	103	0	2	0	0	0	0	0	4	0	0	0	0	
0	0	1	0	24	20	0	1	0	1	0	30	196	45	0	2	0	2	0	164	80	0	3	0	2	0	45	161	75	74	0	2	3	0	67	209	234	178	0	3	2	0	38	229	224	98	0	3	0	1	0	86	104	0	0	0	0	0	0	0	0	1	0	0	
0	1	2	1	3	1	0	0	0	0	1	3	0	60	112	0	0	28	201	59	75	197	56	0	0	21	99	181	250	35	0	2	1	0	12	174	212	46	0	2	4	0	116	140	133	112	0	4	2	0	49	167	186	50	0	2	0	1	0	32	33	0	1	0	
0	0	0	0	0	0	0	0	0	0	2	40	100	154	34	0	3	0	62	227	137	100	17	0	3	0	68	175	0	3	0	0	2	0	48	229	163	26	0	1	0	1	0	12	126	185	0	2	0	2	0	113	207	130	0	2	0	0	0	40	56	2	0	0	
0	0	0	1	3	1	0	0	2	50	51	0	0	1	0	0	7	173	226	187	142	2	0	1	0	2	16	28	140	159	0	3	0	1	3	0	90	201	0	2	0	0	4	0	134	151	0	3	0	0	0	0	214	72	0	3	0	0	1	0	77	33	0	1	
0	0	1	1	0	1	0	0	0	1	0	31	76	3	0	0	1	0	30	144	194	87	0	3	4	0	107	134	182	82	0	3	1	0	25	94	182	29	0	1	0	0	0	4	170	21	0	1	0	1	0	27	166	0	0	0	0	0	0	10	64	0	0	0	
0	0	0	0	68	14	0	1	0	2	0	46	126	2	0	1	0	2	0	135	46	0	2	0	1	0	13	155	44	5	0	0	2	0	46	211	148	127	0	2	2	0	33	189	141	139	0	2	0	1	0	29	61	2	0	0	0	0	1	1	0	1	0	0	
0	0	0	0	0	0	0	0	1	0	29	117	154	61	0	2	3	0	77	129	124	159	0	4	0	1	0	29	192	54	0	2	0	1	0	41	202	61	0	3	0	0	4	0	151	133	0	4	2	0	117	182	164	20	0	1	1	0	35	46	0	0	0	0	
0	0	0	1	11	0	0	0	0	2	0	69	143	46	0	2	0	2	0	120	78	102	0	3	0	3	0	75	200	60	0	3	0	2	0	103	201	6	0	1	2	0	48	123	100	36	0	1	1	0	19	137	105	1	0	0	0	0	0	9	4	0	0	0	
0	0	0	0	0	0	0	0	0	1	0	48	108	158	71	0	1	0	20	219	130	89	45	0	3	0	68	214	0	0	1	0	2	0	44	213	162	2	1	0	0	0	1	0	197	85	0	3	2	0	41	165	201	37	0	2	1	0	12	61	17	0	1	0	
0	0	0	7	1	0	0	0	3	0	64	171	97	0	2	0	2	0	53	34	121	45	0	2	1	0	23	76	134	33	0	1	2	0	134	103	211	26	0	1	2	0	81	143	170	110	0	3	0	0	3	74	33	93	0	1	0	0	2	0	1	0	0	0	
0	0	1	1	0	0	0	0	0	3	0	94	230	94	0	2	2	0	56	207	115	246	43	0	2	0	191	128	0	200	70	0	0	46	244	26	44	202	11	0	0	44	240	96	217	109	0	3	2	0	119	233	107	0	2	0	0	0	0	0	0	1	0	0	
0	0	3	4	1	0	0	0	0	0	0	0	1	3	0	0	0	0	80	159	202	163	0	2	0	66	174	76	122	134	0	4	0	8	4	0	155	51	0	2	0	2	0	54	172	0	1	0	0	4	0	143	125	0	4	0	0	2	0	140	63	0	2	0	
0	4	4	3	2	3	0	0	0	0	0	0	0	0	0	0	10	114	127	157	172	136	0	1	4	101	89	34	96	177	0	3	0	0	3	0	144	107	0	4	0	4	1	8	201	37	0	2	0	2	0	65	171	0	2	0	0	3	0	102	142	0	4	0	
0	0	1	0	0	3	7	0	0	1	0	22	103	144	112	0	2	0	31	208	120	13	5	2	2	0	65	178	18	0	1	0	0	1	0	43	158	39	0	2	0	54	50	0	143	91	0	3	0	44	154	143	98	0	0	0	0	0	9	6	0	1	0	0	
0	0	0	0	0	0	0	0	0	0	0	0	119	12	0	0	0	1	0	29	154	0	0	0	0	3	0	76	137	0	4	0	0	4	0	131	92	0	3	0	0	1	0	169	45	0	2	0	0	0	8	129	6	0	0	0	0	0	0	0	1	0	0	0	
0	0	0	0	0	1	0	0	0	5	78	111	76	5	0	0	0	108	210	128	208	193	0	1	0	17	3	15	225	138	0	2	1	0	14	214	172	15	21	0	4	0	133	255	215	232	196	18	1	0	47	86	60	33	15	3	0	0	0	0	0	0	0	0	
0	0	0	0	0	0	0	0	0	0	0	9	121	4	0	0	0	2	0	56	169	0	2	0	0	3	0	92	157	0	3	0	0	3	0	159	98	0	3	0	0	2	0	176	66	0	2	0	0	0	0	136	26	0	1	0	0	0	0	0	0	0	0	0	
0	0	0	0	0	0	0	0	0	1	0	72	108	8	0	1	2	0	44	248	255	114	0	4	2	0	36	187	244	103	0	4	0	0	4	0	136	120	0	4	1	0	40	0	117	147	0	4	3	0	91	204	200	51	0	2	0	0	2	55	31	0	1	0	
0	0	0	0	0	0	0	0	0	1	0	15	78	94	51	0	0	1	0	171	155	105	54	0	1	0	25	205	15	0	1	0	1	0	0	156	147	0	3	0	0	1	0	21	190	8	0	1	2	0	53	184	117	0	2	0	2	0	81	84	0	0	0	0	
0	0	0	0	4	35	2	0	0	0	2	0	94	104	0	0	0	1	0	42	122	0	1	0	0	1	0	161	53	0	2	0	2	0	47	191	120	34	0	2	4	0	110	78	120	58	0	2	2	0	43	116	75	0	1	0	0	0	0	0	0	1	0	0	
0	0	0	0	0	0	0	0	2	0	71	130	141	30	0	1	2	0	63	90	201	132	0	4	0	2	0	49	255	80	0	4	0	1	3	12	100	175	0	2	0	1	0	1	152	161	0	3	0	65	180	197	132	7	0	1	0	16	67	26	0	2	0	0	
0	0	0	0	2	3	1	0	0	0	7	10	0	0	0	0	0	20	195	162	155	169	153	0	0	54	180	0	47	232	79	0	0	88	158	0	162	121	0	3	0	36	39	49	190	0	2	0	0	3	0	158	90	0	3	0	0	3	0	113	31	0	1	0	
0	0	1	0	0	0	0	0	0	2	0	61	205	60	0	2	2	0	33	205	138	199	0	1	4	0	128	135	47	223	4	0	0	0	209	50	93	228	0	0	0	2	220	107	176	201	0	1	3	0	100	228	158	37	0	2	0	0	0	0	0	0	0	0	
0	0	1	1	0	0	0	0	0	1	0	11	66	86	49	0	1	0	13	156	132	91	80	5	2	0	36	196	74	0	1	0	0	1	0	21	212	50	0	2	0	2	0	86	140	0	1	0	0	0	116	157	12	0	1	0	0	9	78	5	0	1	0	0	
0	2	3	4	0	0	0	0	0	0	1	0	16	63	11	0	1	47	64	136	211	250	44	0	0	140	183	109	114	188	2	0	0	0	2	0	185	80	0	3	0	4	0	45	227	27	0	1	0	4	0	132	194	0	2	0	0	1	0	65	73	0	2	0	
0	0	0	0	0	0	0	0	0	3	0	92	65	0	2	0	0	4	0	139	112	0	4	0	0	3	0	109	106	0	3	0	0	3	0	95	109	0	3	0	0	2	0	50	168	0	1	0	0	0	1	0	129	86	0	2	0	0	0	0	2	2	0	0	
0	0	1	1	0	1	0	0	0	1	0	12	72	10	0	1	1	0	8	153	221	77	0	3	4	0	113	189	182	65	0	3	3	0	77	170	215	41	0	2	0	0	0	0	187	48	0	2	0	2	0	48	213	5	0	1	0	1	0	32	93	0	0	0	
0	0	0	0	0	0	0	0	0	1	0	32	89	0	1	0	0	2	0	62	207	0	0	0	0	2	0	60	191	0	1	0	0	2	0	64	153	0	3	0	0	3	0	84	120	0	4	0	0	2	0	71	121	0	3	0	0	0	0	6	22	0	0	0	
0	0	1	0	26	24	0	1	0	1	0	16	201	158	0	1	0	3	0	139	119	0	5	0	1	0	24	191	18	6	0	0	3	0	65	185	183	181	0	2	3	0	72	255	255	151	0	3	1	0	7	130	122	5	0	1	0	0	0	0	0	1	0	0	
0	0	2	0	0	1	1	0	0	0	5	125	83	32	0	1	3	0	103	156	76	149	39	0	0	8	159	11	0	27	115	0	0	51	128	0	1	8	119	2	0	68	117	0	33	133	71	0	0	11	134	135	93	30	0	1	0	0	4	11	0	0	2	0	
0	0	0	0	0	1	0	0	0	0	3	0	97	52	0	2	0	0	2	0	183	56	0	2	0	1	0	34	176	3	0	1	0	3	0	105	137	0	4	0	0	4	0	162	81	0	3	0	0	1	0	133	39	0	1	0	0	0	0	0	0	0	0	0	
0	0	0	0	0	0	0	0	0	1	0	72	20	8	0	0	1	0	22	134	53	73	0	3	3	0	74	82	91	148	0	0	4	0	141	217	223	87	0	1	1	0	39	69	158	10	0	1	0	0	0	1	128	27	0	1	0	0	2	2	0	0	0	0	
0	0	2	0	50	49	0	2	0	1	0	19	176	32	0	2	0	3	0	147	101	0	3	0	2	0	55	163	0	1	0	0	4	0	91	150	156	50	0	2	2	0	40	240	255	86	0	4	0	1	0	46	65	3	0	0	0	0	1	1	0	0	0	0	
0	0	0	0	0	0	0	0	0	1	0	27	165	8	0	1	0	2	0	48	219	9	0	1	0	3	0	99	221	0	0	1	0	3	0	180	171	0	3	0	1	0	11	245	102	0	4	0	1	0	13	181	43	0	2	0	0	0	0	0	0	0	0	0	
0	1	2	4	1	0	0	0	0	0	0	0	3	11	0	0	0	13	58	125	199	226	29	0	76	194	191	114	96	226	23	0	10	16	3	0	110	186	0	3	0	0	3	0	188	129	0	4	0	2	0	7	223	52	0	2	0	1	0	6	157	30	0	1	
0	0	1	0	2	2	0	0	2	0	66	67	0	3	0	0	4	0	142	79	52	71	0	2	2	0	178	42	136	153	0	2	2	0	97	168	216	121	0	4	0	0	3	0	112	132	0	4	0	0	3	0	11	158	42	0	0	0	0	0	0	3	3	0	
0	0	1	0	0	1	0	0	1	0	21	37	0	18	43	0	4	0	139	108	0	105	150	0	0	24	207	67	89	210	86	0	0	46	247	190	156	215	14	0	0	1	36	0	100	130	0	4	0	0	2	0	185	55	0	2	0	0	2	0	65	10	0	0	
0	0	0	0	0	0	0	0	0	0	1	64	132	96	0	2	1	0	24	196	113	56	0	1	3	0	65	212	137	29	0	1	2	0	42	97	100	129	0	2	0	0	14	1	15	149	2	0	2	0	49	180	201	76	0	3	0	0	0	44	41	0	1	0	
0	0	0	1	0	0	0	0	0	1	0	22	55	0	1	0	0	1	0	149	236	23	0	2	3	0	58	245	213	21	0	1	1	0	19	117	195	9	0	1	0	1	0	28	168	0	1	0	0	2	0	62	167	0	2	0	0	1	0	24	62	0	1	0	
0	0	0	0	0	0	0	0	0	1	0	20	59	0	2	0	0	1	0	35	130	0	3	0	0	1	0	31	89	0	3	0	0	2	0	43	68	0	2	0	0	2	0	69	70	0	3	0	0	2	0	111	26	0	1	0	0	0	1	19	0	0	0	0	
0	0	0	1	0	0	0	0	0	0	0	1	58	138	97	0	0	1	0	160	186	120	59	0	1	0	13	209	34	0	1	0	0	0	4	158	195	50	0	2	0	1	0	0	193	95	0	4	1	0	115	200	137	0	0	0	0	0	53	39	0	1	0	0	
0	0	0	1	0	0	0	0	0	0	3	0	91	28	0	1	0	1	0	26	214	26	0	1	1	0	26	189	204	0	1	0	3	0	106	144	175	10	0	1	0	0	1	0	180	42	0	2	0	0	5	0	119	114	0	4	0	0	0	0	9	26	0	1	
0	0	1	4	3	0	0	0	0	1	0	0	1	6	0	0	1	0	33	95	188	180	0	0	23	154	176	127	182	146	0	4	4	33	7	0	157	65	0	2	0	1	0	17	199	23	0	1	0	4	0	66	192	0	1	0	0	3	0	77	111	0	3	0	
0	0	2	57	23	0	1	0	3	0	95	167	144	22	0	1	1	0	49	0	107	81	0	3	0	0	3	0	157	76	0	2	0	1	0	13	162	10	0	1	2	0	50	188	201	92	46	0	2	0	58	131	70	120	51	0	0	0	0	0	0	0	0	0	
0	0	1	2	0	0	0	0	0	1	0	12	67	5	0	0	1	0	9	138	187	48	0	2	4	0	102	165	148	71	0	3	2	0	32	134	203	16	0	1	0	1	0	20	161	1	0	0	0	2	0	62	170	0	2	0	0	1	0	29	58	0	2	0	
0	1	0	39	76	0	2	0	0	0	0	152	76	0	2	0	2	0	49	167	0	2	1	0	4	0	99	134	67	81	0	1	3	0	75	254	124	151	105	0	1	0	0	188	165	167	83	0	0	0	0	4	82	62	0	1	0	0	1	2	0	0	1	0	
0	0	0	0	0	0	0	0	0	1	0	61	210	84	0	2	1	0	13	213	121	180	9	0	0	1	0	165	184	162	0	1	2	0	53	208	232	32	0	2	1	0	203	176	182	38	0	2	2	0	133	207	95	0	2	0	0	0	0	2	0	0	0	0	
0	0	0	0	1	0	0	0	0	0	2	0	34	194	36	0	0	0	3	0	176	232	16	0	0	3	0	99	255	63	0	3	3	0	62	255	163	0	4	0	1	0	188	255	105	0	3	0	2	0	129	118	0	1	0	0	0	0	0	0	1	0	0	0	
0	0	1	1	0	0	0	0	0	1	0	20	104	139	73	0	1	0	9	206	192	99	47	0	2	0	51	217	6	0	1	0	1	0	17	183	156	6	1	0	0	1	0	22	195	23	0	1	0	28	161	176	88	0	2	0	0	7	51	14	0	1	0	0	
0	0	0	12	4	0	0	0	0	10	108	135	150	23	0	1	0	75	59	0	79	97	0	4	0	3	3	0	69	102	0	4	1	0	18	77	174	98	0	2	4	0	129	162	155	126	104	0	2	0	74	151	23	0	46	12	0	0	1	2	1	3	0	0	
0	0	0	0	11	93	5	0	0	0	2	0	135	134	0	1	0	3	0	82	165	0	1	0	1	0	3	178	39	0	2	0	3	0	86	137	66	86	0	2	3	0	54	229	255	151	0	4	0	0	0	65	70	8	0	0	0	0	1	0	0	1	0	0	
0	0	2	0	0	0	0	0	0	0	2	0	50	28	0	1	0	4	84	0	113	32	0	1	0	63	223	116	161	27	0	1	0	67	71	56	213	107	0	3	0	0	3	0	147	90	0	3	0	2	6	0	125	104	0	4	0	0	0	0	12	27	0	1	
0	13	54	56	14	0	1	0	0	48	199	181	195	15	0	1	0	1	5	0	212	96	0	5	0	3	0	82	215	23	0	1	2	0	47	247	149	1	58	23	0	3	212	255	238	227	212	68	0	0	54	92	64	38	1	0	0	0	0	0	0	0	0	1	
0	0	0	0	0	0	0	0	0	0	2	34	18	0	0	0	0	0	0	211	170	0	3	0	1	0	123	193	187	27	2	0	0	50	252	171	209	181	3	0	0	10	24	0	86	152	0	4	0	0	2	0	63	174	0	3	0	0	2	0	21	51	0	1	
0	0	0	0	0	1	0	0	0	0	11	59	0	26	41	0	3	0	81	169	0	139	89	0	1	0	199	170	135	192	6	0	0	4	119	114	215	126	0	4	0	0	2	0	169	49	0	2	0	1	0	31	187	0	0	0	0	0	0	14	61	0	1	0	
0	0	0	0	0	1	0	0	0	0	4	59	29	2	0	0	0	0	5	123	135	113	0	0	0	0	1	0	31	144	0	1	0	0	1	0	139	49	0	2	0	2	0	108	104	0	3	0	2	0	43	157	1	1	0	0	1	0	34	37	0	1	0	0	
0	0	3	1	0	0	0	0	0	1	0	36	136	64	17	0	2	0	101	181	117	191	167	0	0	0	218	106	10	189	99	0	2	0	41	229	228	73	0	2	0	9	155	152	188	0	1	0	0	30	208	197	143	0	1	0	1	0	13	52	3	0	0	0	
0	0	0	0	0	0	0	0	0	62	172	217	182	17	0	1	0	100	158	65	238	71	0	3	0	3	0	94	217	9	0	1	2	0	32	240	73	0	10	1	0	9	210	255	187	169	229	38	0	3	90	97	154	184	102	8	0	0	0	0	0	0	0	0	
0	0	0	0	0	0	0	0	0	0	2	0	129	37	0	1	0	1	0	21	197	15	0	1	0	3	0	97	181	0	2	0	0	2	0	180	88	0	3	0	1	0	11	214	36	0	6	0	1	0	25	149	5	0	4	0	0	0	0	0	0	0	0	0	
0	0	0	0	0	0	1	0	0	1	0	62	128	110	21	0	4	0	89	255	101	122	168	0	0	27	186	39	0	19	162	2	0	152	100	0	0	55	172	0	0	191	65	0	7	180	86	0	0	50	160	130	147	80	0	1	0	0	9	33	10	0	2	0	
0	0	0	3	0	0	0	0	0	0	1	0	17	74	82	6	1	0	2	146	196	172	119	2	2	0	41	226	19	0	1	0	2	0	24	218	102	0	5	0	0	1	0	28	216	24	0	1	2	0	41	161	176	6	0	1	2	0	57	120	13	0	1	0	
0	1	0	25	34	0	1	0	1	0	31	86	119	14	0	1	0	0	17	0	65	28	0	1	0	0	2	0	62	19	0	1	0	0	0	53	117	3	0	0	3	0	66	149	172	20	5	0	2	0	57	61	55	81	1	0	0	0	0	0	0	0	0	0	
0	0	1	2	0	0	0	0	0	1	0	15	83	24	0	1	1	0	14	154	186	108	0	4	4	0	125	120	83	110	0	4	3	0	67	184	217	47	0	2	0	0	0	3	167	45	0	2	0	0	0	8	178	20	0	1	0	0	0	8	81	3	0	0	
0	0	0	2	2	1	1	0	0	2	0	133	177	32	0	1	1	0	13	173	236	215	12	0	0	7	175	214	77	127	112	0	0	125	179	0	0	67	140	0	0	107	211	43	15	177	103	0	0	4	114	188	189	141	0	0	0	0	0	1	3	0	1	0	
0	0	4	51	27	0	1	0	4	0	107	251	206	12	0	1	1	0	31	49	226	32	0	7	0	3	0	69	228	9	0	1	0	1	0	188	143	2	7	0	4	0	106	255	230	247	86	0	2	0	62	153	127	54	8	0	0	0	0	0	0	0	0	0	
0	0	1	1	0	0	0	0	0	1	0	49	134	114	70	3	0	3	40	169	27	130	180	3	0	71	187	208	189	102	0	1	2	0	34	162	121	149	3	0	3	0	125	67	0	151	50	0	3	0	149	112	117	127	2	0	1	0	23	63	57	8	0	0	
0	1	0	0	0	0	0	0	1	0	57	204	195	24	0	1	0	54	255	140	226	94	0	4	0	25	97	0	213	114	0	4	0	3	0	73	242	44	7	11	1	0	10	215	250	218	196	54	2	0	43	208	173	99	14	0	0	0	0	0	0	0	0	1	
0	0	0	3	1	0	0	0	2	0	78	157	115	0	0	0	1	0	93	25	125	48	0	2	0	0	3	0	107	55	0	2	1	0	29	96	196	154	115	8	0	14	139	148	144	0	55	15	0	3	114	133	24	0	1	0	0	0	7	8	0	1	2	1	
0	0	1	0	0	0	0	0	0	1	0	72	152	42	0	1	3	0	73	207	144	193	11	0	4	0	110	167	85	164	0	2	0	1	0	170	255	37	0	2	1	0	11	193	234	85	0	3	1	0	21	204	217	87	0	3	0	0	0	37	47	0	0	0	
0	0	1	6	0	0	0	0	1	0	143	192	155	6	0	1	0	1	67	31	192	69	0	3	3	0	89	223	247	49	0	2	0	0	0	26	116	146	2	0	0	45	121	15	83	231	34	0	0	21	186	205	196	106	0	1	0	0	0	0	0	0	0	0	
0	0	1	0	0	2	1	0	0	0	0	109	145	42	0	2	3	0	96	242	253	168	0	1	1	0	180	123	128	183	83	0	0	21	176	15	0	116	122	0	0	18	192	17	22	202	52	0	3	0	123	206	184	83	0	2	0	0	0	38	21	0	2	0	
0	0	0	0	4	1	0	0	0	0	0	3	124	31	0	1	0	2	0	53	92	0	1	0	0	2	0	92	27	0	1	0	0	3	0	96	154	47	0	2	1	0	15	97	104	31	0	1	2	0	62	76	0	2	0	0	0	0	0	7	4	1	0	0	
0	0	0	0	12	29	0	1	0	0	0	0	171	77	0	2	0	3	0	103	155	0	2	0	0	0	3	163	28	0	1	0	2	0	39	202	174	72	0	3	2	0	35	236	222	58	0	3	0	0	1	112	81	0	1	0	0	0	0	0	0	1	0	0	
0	0	1	0	1	3	0	0	0	0	0	152	132	0	3	0	4	0	117	255	229	81	0	2	0	7	218	207	145	237	38	0	0	46	255	68	0	213	72	0	0	13	211	235	233	239	19	0	1	0	17	143	221	107	0	2	0	1	1	0	0	0	0	0	
0	0	1	1	0	2	0	0	0	2	0	75	38	0	1	0	1	0	26	197	19	92	10	0	3	0	84	157	59	183	0	1	3	0	68	174	195	131	0	4	0	0	3	0	152	62	0	2	0	0	2	0	163	33	0	1	0	0	0	1	31	6	0	0	
0	0	0	0	0	0	0	0	1	0	18	187	119	0	2	0	3	0	73	225	210	34	0	2	0	0	5	0	154	59	0	2	0	1	0	67	225	63	0	3	1	0	15	203	233	186	10	0	1	0	7	174	74	23	11	0	0	0	0	0	1	1	0	0	
0	0	0	0	0	0	0	0	1	0	44	145	66	0	2	0	0	7	160	149	213	18	0	1	0	3	0	88	207	0	0	1	0	2	0	56	207	62	0	2	0	0	4	0	101	195	0	2	1	0	13	202	204	72	0	2	0	0	2	51	26	0	1	0	
0	0	0	1	0	0	0	0	0	1	0	20	144	6	0	0	0	3	0	140	191	0	2	0	0	3	0	118	148	0	4	0	0	3	0	76	130	0	4	0	0	3	0	85	211	44	0	2	1	0	3	160	125	7	0	1	0	0	1	3	0	0	0	0	
0	0	1	0	0	0	0	0	0	0	0	54	75	3	0	0	0	7	183	181	206	79	0	3	0	3	52	0	159	64	0	2	0	1	0	192	184	0	2	0	0	1	0	44	211	39	0	2	0	0	0	89	197	22	0	1	0	0	0	117	54	0	2	0	
0	0	3	0	0	3	1	0	0	2	0	43	21	0	1	0	1	0	112	192	16	103	45	0	0	118	153	0	96	241	23	0	0	123	171	147	153	187	17	0	0	2	79	60	6	178	24	0	0	1	0	3	0	142	122	0	0	0	3	3	0	31	68	0	
0	0	0	0	0	0	0	0	0	1	0	26	126	0	1	0	0	1	0	33	161	0	1	0	0	3	0	86	126	0	4	0	0	4	0	125	92	0	3	0	0	2	0	168	63	0	2	0	0	0	0	122	18	0	1	0	0	0	0	0	0	0	0	0	
0	0	1	8	1	0	0	0	2	0	29	166	149	5	0	1	0	0	5	0	130	103	0	4	0	0	4	0	85	104	0	4	1	0	20	124	203	39	0	2	2	0	108	156	182	133	8	0	1	0	135	108	0	17	4	0	0	0	2	2	2	0	0	0	
0	0	0	1	0	0	0	0	0	22	181	209	173	12	0	1	0	12	57	26	196	99	0	4	0	1	0	18	215	45	0	2	1	0	0	173	117	0	3	2	1	0	163	235	127	183	189	61	0	4	171	182	140	70	36	7	0	0	0	0	0	0	0	0	
0	1	1	0	1	0	2	0	2	0	37	196	144	20	0	1	0	39	233	105	40	211	88	0	0	134	144	0	0	39	187	10	0	143	133	0	2	7	172	21	0	43	226	91	26	165	172	0	2	0	55	180	209	166	16	0	0	1	0	0	0	0	1	0	
0	0	1	0	0	0	0	0	1	0	36	13	1	2	0	0	0	0	165	26	0	101	13	0	0	12	198	108	131	155	0	2	1	0	84	110	143	149	0	4	0	0	3	0	97	138	0	4	0	0	6	0	94	146	0	4	0	0	1	0	25	44	0	2	
0	0	0	0	0	0	0	0	1	0	59	59	103	93	10	0	3	0	113	169	109	77	17	0	2	0	88	86	119	26	0	1	0	0	7	0	75	112	0	4	3	0	97	64	93	119	0	4	2	0	45	169	168	25	0	1	0	1	0	31	19	0	1	0	
0	0	0	0	0	0	0	0	0	0	2	0	129	34	0	1	0	1	0	27	196	11	0	1	0	2	0	53	193	0	1	0	0	3	0	90	157	0	3	0	0	4	0	140	166	0	3	0	0	3	0	130	84	0	3	0	0	0	0	0	0	0	0	0	
0	0	0	0	0	0	0	0	0	18	88	145	139	76	0	0	0	92	174	81	59	216	43	0	0	0	1	0	33	218	29	0	2	0	52	195	255	189	75	8	0	4	207	255	194	13	5	2	0	7	213	181	15	0	1	0	0	0	22	4	1	1	0	0	
0	0	0	0	0	0	0	0	0	1	0	27	87	94	50	0	0	1	0	178	164	133	55	0	1	0	14	191	16	0	1	0	0	0	0	176	155	4	1	0	0	0	2	0	182	52	0	2	3	0	85	173	150	2	0	1	2	0	42	110	15	0	1	0	
0	0	0	3	0	43	31	0	0	0	4	0	74	175	17	0	0	3	0	85	200	26	0	2	2	0	39	243	177	27	0	1	4	0	162	115	68	198	0	0	3	0	154	161	167	110	0	2	1	0	27	95	60	0	0	0	0	0	0	0	0	2	0	0	
0	0	0	1	0	0	0	0	0	1	0	13	160	121	0	3	0	2	0	164	246	155	0	2	0	3	0	153	219	44	0	2	1	0	6	178	196	12	0	1	3	0	78	170	136	110	0	4	1	0	7	146	172	27	0	1	0	0	0	3	3	0	0	0	
0	0	0	0	0	0	0	0	0	1	0	101	106	47	0	1	0	1	0	39	206	151	0	3	1	0	41	100	49	0	1	0	0	4	162	200	79	18	0	0	0	1	0	28	183	186	0	1	0	0	1	62	133	39	0	2	0	0	5	44	10	0	0	0	
0	0	1	2	0	1	0	0	0	0	0	1	53	21	0	1	1	0	2	132	255	127	0	4	2	0	40	228	233	61	0	2	0	0	0	93	177	0	2	0	0	3	0	113	137	0	4	0	0	3	0	166	72	0	2	0	0	1	0	70	15	0	1	0	
0	0	1	1	0	0	0	0	0	1	0	19	75	27	0	1	2	0	57	169	156	177	0	1	4	0	92	183	106	99	0	1	0	3	0	159	223	1	0	1	0	0	2	117	129	86	0	3	0	1	0	149	169	38	0	2	0	1	0	56	60	0	1	0	
0	0	0	0	0	0	0	0	0	1	0	95	134	61	0	1	0	0	2	41	149	207	0	0	0	2	0	69	172	55	0	2	0	3	0	145	179	0	1	0	0	1	0	30	205	14	0	1	0	12	167	191	110	0	1	0	0	5	46	12	0	0	0	0	
0	0	0	0	0	0	0	0	0	0	38	62	19	0	1	0	0	12	55	31	103	0	0	0	0	0	0	92	67	0	2	0	0	0	6	37	81	25	0	1	0	0	1	0	33	80	0	3	0	0	1	2	53	53	0	2	0	0	0	34	54	4	0	0	
0	0	1	0	0	1	0	0	0	0	12	29	0	31	23	0	3	0	94	121	0	172	53	0	4	0	154	145	88	177	0	1	2	0	60	140	220	95	0	3	0	0	0	1	176	32	0	1	0	2	0	53	190	0	1	0	0	1	0	28	74	0	1	0	
0	0	0	0	0	0	0	0	0	6	20	0	8	8	0	0	0	7	139	0	95	80	0	3	3	0	126	123	186	45	0	2	1	0	21	151	209	17	0	1	0	0	0	6	157	14	0	1	0	0	0	18	136	0	0	0	0	0	0	4	56	1	0	0	
0	0	1	0	2	3	0	0	1	0	20	191	39	0	5	0	4	0	100	255	172	101	40	0	4	0	147	224	245	201	0	1	4	0	145	134	29	230	14	0	2	0	58	215	155	216	2	0	0	2	0	101	216	63	0	2	0	0	1	0	0	0	0	0	
0	0	0	0	8	16	4	0	0	2	0	63	112	109	27	0	0	0	11	116	23	1	0	0	1	0	18	147	108	69	0	2	0	0	0	20	5	99	1	0	0	0	92	9	43	121	0	1	2	0	59	130	117	24	0	1	0	0	0	4	2	0	0	0	
0	1	4	2	0	0	0	0	0	4	149	181	48	0	2	0	0	3	8	161	126	0	4	0	0	2	0	193	130	0	2	0	0	1	0	14	171	160	0	1	0	0	2	45	145	187	0	1	0	0	0	173	166	12	0	1	0	0	0	0	0	1	0	0	
0	0	0	2	1	0	0	0	0	0	2	0	32	186	73	0	0	2	0	41	211	89	3	0	1	0	3	191	69	0	2	0	3	0	87	182	62	0	1	0	3	0	90	132	152	9	0	0	1	0	9	157	119	0	1	0	0	0	0	4	3	0	0	0	
0	0	1	1	0	0	0	0	0	1	0	32	69	1	0	0	2	0	34	182	230	81	0	3	3	0	82	186	208	98	0	4	0	0	7	74	197	58	0	2	0	1	0	9	186	23	0	1	0	1	0	30	201	7	0	1	0	1	0	18	96	6	0	0	
0	0	0	0	7	1	0	0	0	1	0	98	140	99	0	2	0	0	3	24	124	146	0	3	0	3	0	108	251	33	0	2	0	1	0	29	108	112	0	4	0	11	19	26	187	95	0	4	0	32	162	176	100	0	0	0	0	0	3	2	0	1	0	0	
0	0	1	0	0	0	0	0	1	0	38	99	166	159	0	1	3	0	160	255	166	235	26	0	0	17	242	100	0	204	66	0	0	46	249	40	0	167	86	0	0	26	249	142	147	236	21	0	2	0	96	228	207	51	0	2	0	0	0	0	0	0	1	0	
0	0	2	1	0	0	0	0	0	1	0	29	71	94	29	0	2	0	65	221	164	119	31	0	0	0	223	130	0	1	0	0	0	0	91	128	170	85	0	2	0	0	2	0	57	129	0	3	1	0	11	88	163	32	0	2	1	0	15	111	47	0	1	0	
0	0	0	0	0	1	0	0	2	0	96	187	188	35	0	2	1	0	51	38	155	149	0	4	0	0	2	0	165	122	0	3	0	0	0	144	175	0	0	1	4	0	106	242	86	154	32	0	3	0	70	203	171	105	8	0	0	0	0	0	0	0	0	0	
0	0	0	0	0	0	0	0	0	0	6	108	4	0	0	0	0	1	0	114	17	0	1	0	0	3	0	117	49	0	1	0	0	3	0	88	96	0	3	0	0	1	0	22	174	22	0	1	0	0	3	0	117	63	0	2	0	0	0	1	0	0	0	0	
0	2	2	4	2	0	1	0	0	0	0	0	1	11	1	0	13	37	43	112	176	213	57	0	64	209	166	126	47	189	52	0	0	7	3	0	68	180	0	1	1	0	5	0	174	87	0	3	0	2	0	15	202	30	0	1	0	2	0	39	157	4	0	1	
0	0	0	0	0	0	0	0	0	1	0	40	80	0	2	0	0	3	0	70	225	3	0	1	0	3	0	64	212	0	0	1	0	3	0	88	191	0	2	0	0	4	0	121	159	0	4	0	0	4	0	135	125	0	4	0	0	1	0	18	12	0	0	0	
0	0	0	0	0	0	0	0	0	0	2	0	114	28	0	1	0	0	0	0	168	27	0	1	0	1	0	31	161	0	1	0	0	2	0	68	150	0	3	0	0	4	0	114	122	0	4	0	0	3	0	104	80	0	3	0	0	0	0	0	0	0	0	0	
0	0	0	8	6	0	0	0	2	0	42	134	128	14	0	1	2	0	88	9	97	80	0	3	0	0	9	0	107	52	0	2	0	1	0	18	123	0	0	0	1	0	46	199	149	29	16	0	2	0	147	110	63	90	14	0	0	0	0	0	0	0	0	0	
0	0	0	0	0	0	0	0	0	0	1	0	114	17	0	1	0	1	0	20	169	5	0	0	0	3	0	94	151	0	3	0	0	4	0	143	97	0	3	0	0	0	0	182	43	0	2	0	1	0	12	150	11	0	1	0	0	0	0	0	0	0	0	0	
0	0	0	14	33	0	1	0	0	3	0	81	75	0	3	0	0	0	0	116	16	0	1	0	1	0	33	134	127	117	0	0	3	0	71	169	66	140	6	0	3	0	74	164	103	45	0	2	0	0	4	72	22	0	1	0	0	0	0	0	1	2	0	0	
0	0	1	0	0	0	0	0	1	0	24	97	148	57	0	4	2	0	163	243	245	236	73	8	0	14	214	31	85	255	53	0	0	75	208	0	2	221	85	0	0	38	255	78	76	255	43	0	2	0	137	247	241	130	0	2	0	1	0	35	41	0	1	0	
0	0	0	0	0	0	0	0	0	0	94	186	80	0	2	0	0	2	80	126	194	0	1	2	1	0	0	177	111	0	3	0	3	0	173	165	0	2	19	39	3	0	133	229	208	188	221	127	0	0	0	36	52	56	34	0	0	0	1	0	0	0	0	1	
0	2	4	3	0	0	0	0	0	0	1	0	36	49	0	1	0	48	99	137	229	170	0	4	0	97	156	50	164	98	0	3	0	1	0	28	209	23	0	1	0	6	0	104	179	0	3	0	0	3	0	177	117	0	4	0	0	1	0	77	33	0	1	0	
0	0	0	0	2	0	0	0	0	0	1	0	34	74	0	2	0	0	3	0	150	146	0	4	0	2	0	66	224	19	0	1	0	2	0	190	130	0	4	0	2	0	52	219	19	0	1	0	3	0	79	151	0	3	0	0	0	0	4	11	0	0	0	0	
0	0	1	0	26	58	0	2	0	0	3	0	123	75	0	2	0	1	0	42	155	0	1	0	0	2	0	140	60	0	2	0	1	0	19	192	133	29	0	1	2	0	30	241	248	43	0	2	0	0	2	46	39	0	1	0	0	0	0	0	0	0	0	0	
0	0	3	2	0	0	0	0	0	46	172	133	3	1	0	0	0	92	47	162	51	0	3	0	3	0	90	222	148	23	0	1	0	0	31	2	61	179	32	0	0	0	2	62	0	75	144	0	0	1	0	75	134	136	84	0	0	0	0	0	1	12	1	0	
0	2	2	3	4	4	1	0	0	0	0	0	0	0	0	0	11	38	56	79	114	164	43	0	73	222	167	128	75	194	76	0	5	14	0	0	27	175	5	0	1	0	6	0	138	108	0	3	0	3	0	63	186	3	0	1	0	2	0	156	72	0	2	0	
0	0	0	1	0	0	0	0	0	2	0	70	63	0	2	0	0	3	0	87	108	0	3	0	0	3	0	85	131	0	4	0	0	3	0	85	128	0	4	0	0	2	0	66	151	0	3	0	0	1	0	22	128	0	0	0	0	0	0	0	0	0	0	0	
0	0	1	0	81	21	0	1	0	2	0	68	186	8	0	1	0	2	0	158	52	0	2	0	1	0	33	155	0	1	0	0	2	0	46	164	126	90	0	3	1	0	16	228	255	96	0	4	0	0	3	66	54	0	0	0	0	0	0	0	0	1	0	0	
0	0	2	0	0	0	0	0	0	1	0	37	97	123	47	0	2	0	80	122	62	161	37	0	1	0	140	34	89	66	0	2	2	0	28	215	132	0	3	0	2	0	108	48	85	73	0	3	0	2	144	92	115	42	0	2	1	0	18	68	25	0	1	0	
0	0	1	0	0	2	2	0	0	1	0	106	106	0	1	1	3	0	98	255	245	210	86	0	0	17	230	238	151	244	218	12	0	40	224	54	0	27	218	30	0	40	225	18	0	106	153	0	0	6	179	205	205	170	14	0	0	0	6	57	51	6	0	1	
0	0	0	0	0	0	0	0	1	0	51	115	111	61	0	1	0	6	118	21	28	130	0	1	0	1	6	59	177	77	0	3	1	0	18	116	55	124	11	0	0	9	49	0	10	139	15	0	0	24	164	109	143	57	0	2	1	0	34	59	9	0	1	0	
0	0	0	0	8	24	0	1	0	0	1	0	181	150	0	3	0	3	0	135	161	0	0	1	2	0	52	163	0	0	0	0	4	0	99	127	126	34	0	1	3	0	73	224	211	63	0	3	0	0	0	102	101	0	0	0	0	0	1	0	0	0	0	0	
0	0	0	3	4	2	1	0	0	0	2	0	0	0	3	5	0	1	0	90	124	103	120	51	0	0	165	144	41	23	7	0	0	2	111	123	87	3	0	1	0	0	0	0	165	53	0	2	2	0	62	133	99	0	1	0	0	0	7	20	0	0	0	0	
0	0	1	2	0	0	0	0	0	0	0	2	72	38	0	1	1	0	17	155	204	197	0	0	4	0	142	209	153	138	0	3	1	0	35	140	234	29	0	2	0	3	0	73	185	0	2	0	0	4	0	154	147	0	3	0	0	2	0	60	42	0	1	0	
0	0	3	1	0	2	2	0	0	1	0	6	24	3	0	1	3	0	100	207	136	139	44	0	0	43	214	120	6	35	119	13	0	136	92	0	6	0	116	57	0	99	149	66	89	158	122	0	0	0	75	114	104	52	1	0	0	1	0	0	0	0	2	0	
0	0	1	0	0	1	0	0	2	0	45	74	0	37	30	0	1	0	183	92	0	170	57	0	0	58	254	138	161	162	0	2	0	13	82	105	227	81	0	3	0	1	0	20	212	35	0	2	0	3	0	71	213	2	0	1	0	0	0	10	26	0	1	0	
0	0	0	0	0	0	0	0	0	5	109	126	109	112	17	0	0	8	43	35	123	215	32	0	0	12	71	171	241	113	0	3	0	74	142	53	17	170	29	0	11	28	0	1	0	164	36	0	11	143	148	122	179	103	0	2	0	8	59	65	26	0	1	0	
0	0	0	0	0	0	0	0	0	1	0	24	170	136	0	1	0	1	0	167	96	191	31	0	0	3	0	152	193	90	0	1	2	0	34	216	166	0	3	0	4	0	165	167	159	13	0	0	2	0	69	189	150	0	0	0	0	0	0	5	2	0	0	0	
0	0	0	0	0	0	0	0	0	2	0	61	132	0	2	0	0	3	0	90	144	0	4	0	0	3	0	95	110	0	3	0	0	4	0	115	125	0	4	0	0	2	0	56	177	0	1	0	0	0	1	0	131	84	0	3	0	0	0	0	1	4	0	0	
0	0	1	0	0	1	0	0	0	0	10	45	0	15	4	0	3	0	82	161	0	143	19	0	3	0	145	53	49	218	18	0	3	0	115	176	214	131	0	1	0	0	5	28	156	33	0	1	0	0	1	0	168	29	0	1	0	0	0	1	79	14	0	1	
0	0	2	0	0	0	2	0	0	2	0	86	206	111	0	1	3	0	109	234	158	123	110	0	0	45	212	32	37	0	158	21	0	108	138	0	3	2	173	33	0	93	161	16	38	185	143	0	0	0	128	188	174	100	1	0	0	0	0	1	0	0	2	0	
0	0	0	0	0	0	0	0	2	0	55	153	89	0	0	0	1	0	7	96	218	8	0	1	0	1	0	168	105	0	3	0	1	0	17	176	193	63	0	2	0	0	10	0	161	129	0	4	0	0	0	183	176	3	0	1	0	0	0	42	13	0	1	0	
0	0	0	0	0	0	0	0	0	0	2	0	67	48	0	2	0	0	3	0	148	63	0	2	0	1	0	10	173	19	0	1	0	3	0	91	136	0	3	0	0	2	0	166	65	0	2	0	0	0	4	140	13	0	1	0	0	0	0	0	0	0	0	0	
0	0	0	0	0	0	0	0	2	0	62	154	114	11	0	1	2	0	63	92	210	50	0	2	0	3	0	114	173	0	2	0	0	1	0	96	201	77	0	3	1	0	23	11	168	107	0	4	4	0	103	229	117	0	1	0	0	0	12	29	0	1	0	0	
0	0	1	0	0	0	0	0	0	2	0	64	172	151	100	0	3	0	66	255	219	219	181	0	4	0	123	255	230	237	89	0	0	7	197	193	165	254	49	0	0	98	255	117	185	227	17	0	0	29	198	204	125	35	0	1	0	0	0	0	0	1	1	0	
0	2	3	3	0	0	0	0	0	0	0	0	22	10	0	0	0	55	71	151	201	168	0	2	0	149	159	67	67	167	0	3	0	0	4	0	130	101	0	4	0	2	4	0	182	45	0	2	0	2	0	60	177	0	1	0	0	3	0	81	90	0	3	0	
1	0	28	59	15	0	1	0	0	6	65	79	102	8	0	0	0	0	3	0	99	81	0	3	0	0	3	0	97	79	0	3	0	0	50	65	186	91	12	0	0	54	148	144	121	54	81	31	0	15	101	68	0	1	1	2	0	0	0	0	3	3	2	0	
0	0	0	0	0	0	0	0	0	2	0	123	138	7	0	1	2	0	66	167	109	94	0	3	1	0	5	176	199	13	0	1	0	0	1	164	208	27	0	2	3	0	93	154	127	82	0	3	2	0	41	171	157	16	0	1	0	0	0	6	4	0	0	0	
0	0	0	2	0	23	20	0	0	0	2	0	34	151	49	0	0	1	0	33	161	32	0	1	1	0	2	162	52	0	3	0	3	0	91	94	144	123	0	3	3	0	129	59	126	131	0	3	2	0	44	130	88	7	0	1	0	0	0	0	0	1	0	0	
0	0	0	0	0	0	0	0	0	3	0	73	84	44	0	2	0	4	0	128	115	28	0	2	0	2	0	175	81	33	0	2	0	0	0	188	46	22	0	1	0	0	0	199	74	48	0	2	0	1	0	153	80	43	0	2	0	0	0	0	0	0	0	0	
0	0	0	0	0	0	0	0	0	6	39	0	24	3	0	0	0	28	142	0	126	25	0	1	2	0	132	102	140	28	0	1	1	0	13	98	171	14	0	1	0	0	4	0	123	48	0	2	0	0	4	0	119	88	0	3	0	0	1	0	45	42	0	2	
0	0	1	1	0	0	0	0	0	2	0	75	153	54	0	1	2	0	26	233	255	221	17	0	4	0	108	176	18	159	77	0	2	0	178	78	0	170	43	0	0	0	201	35	99	166	0	2	3	0	117	228	192	27	0	1	0	0	2	52	24	0	1	0	
0	0	1	1	0	1	0	0	0	0	0	8	27	0	0	0	1	0	16	116	123	108	0	3	3	0	125	47	114	106	0	4	2	0	120	130	204	40	0	2	0	0	12	16	132	33	0	1	0	0	0	1	135	10	0	0	0	0	0	4	90	3	0	0	
0	0	0	0	1	1	0	0	0	2	0	69	25	0	1	0	0	0	0	136	46	111	0	2	2	0	50	170	154	134	0	4	1	0	11	128	200	8	0	1	0	3	0	83	117	0	4	0	0	2	0	135	44	0	1	0	0	0	0	20	2	0	0	0	
0	0	2	0	6	6	0	0	1	0	12	81	142	62	0	2	1	0	112	60	0	1	2	0	0	51	174	55	65	26	0	0	0	7	53	65	74	118	77	0	0	0	0	3	0	42	139	0	0	0	9	134	132	111	25	0	0	0	0	8	11	0	0	0	
0	0	0	0	0	0	0	0	2	0	80	159	102	0	1	1	0	1	73	71	229	28	0	2	1	0	0	132	162	0	31	9	1	0	12	177	178	10	13	6	0	0	2	0	173	125	0	3	0	0	0	162	200	49	0	1	0	0	0	38	17	0	1	0	
0	0	1	5	1	0	0	0	0	9	101	103	102	33	0	1	0	35	50	0	30	130	0	0	0	0	1	0	19	144	0	2	0	0	38	37	128	60	0	2	0	30	196	204	160	89	66	27	0	2	31	9	4	60	67	18	0	0	0	0	1	0	0	0	
0	0	1	0	0	0	2	0	1	0	9	119	43	20	0	0	4	0	131	167	122	252	61	0	0	14	205	29	35	170	103	0	0	19	175	11	0	142	92	0	0	9	195	29	20	186	46	0	1	0	134	206	190	77	0	2	0	1	0	39	22	0	2	0	
0	0	4	119	11	0	0	0	2	0	43	188	0	2	1	0	3	0	101	153	0	3	0	0	4	0	110	191	70	44	5	0	0	48	135	165	209	255	138	0	0	9	153	177	183	164	29	0	0	0	0	14	8	0	0	0	0	1	3	0	0	4	2	0	
0	0	0	2	0	36	8	0	0	0	3	0	91	212	4	0	0	2	0	45	207	57	0	2	1	0	0	199	81	0	3	0	3	0	84	201	111	150	0	0	4	0	93	255	217	130	0	3	0	0	0	102	118	3	0	1	0	0	1	0	0	2	0	0	
0	0	0	0	0	0	0	0	0	0	0	3	49	0	0	0	0	1	0	21	107	0	2	0	0	1	0	34	97	0	3	0	0	2	0	58	76	0	3	0	0	3	0	87	43	0	1	0	0	1	0	90	14	0	0	0	0	0	0	15	1	0	0	0	
0	0	1	1	0	0	0	0	0	1	0	24	115	119	9	0	1	0	20	189	90	174	34	0	1	0	36	163	107	151	0	0	1	0	10	236	159	0	1	0	4	0	112	192	128	0	3	0	3	0	107	211	148	0	2	0	0	0	3	52	14	0	1	0	
0	0	0	0	0	0	0	0	0	1	4	0	35	34	0	1	3	0	130	46	80	107	0	4	0	60	162	0	68	123	0	4	0	64	179	125	170	157	0	2	0	0	5	30	108	189	0	0	0	1	3	0	34	157	0	1	0	0	0	1	5	22	0	0	
0	0	1	4	0	0	0	0	2	0	60	183	121	0	0	0	0	0	11	0	195	53	0	2	1	0	5	150	168	1	0	1	2	0	33	196	167	27	0	1	0	7	30	0	177	125	0	4	0	7	127	160	144	14	0	1	0	0	6	10	0	0	0	0	
0	0	0	0	1	1	0	0	2	0	46	44	0	2	0	0	2	0	59	96	0	18	0	1	2	0	55	99	97	87	0	3	1	0	17	108	104	64	0	3	0	0	3	0	72	47	0	2	0	0	4	0	96	46	0	2	0	0	1	0	18	10	0	0	
0	3	4	2	0	0	0	0	0	0	0	0	18	22	4	0	0	78	137	155	160	226	78	0	19	133	92	28	49	186	12	0	0	1	0	1	200	89	0	3	0	7	0	123	156	0	3	0	2	0	39	205	29	0	1	0	3	0	80	76	0	3	0	0	
0	0	0	0	0	2	0	0	1	0	16	99	65	0	1	0	4	0	97	77	46	71	0	0	1	0	21	112	71	48	0	1	0	1	0	128	111	0	1	0	0	0	16	91	64	65	0	2	0	2	0	73	133	89	0	3	0	0	0	1	47	12	0	1	
0	0	0	1	0	0	0	0	0	1	0	11	87	140	72	0	1	0	4	164	163	178	28	0	0	0	0	170	154	32	0	2	2	0	49	193	164	0	2	0	0	32	188	15	179	52	0	2	0	34	183	173	116	0	1	0	1	0	40	46	0	1	0	0	
0	0	0	2	0	44	13	0	0	0	2	0	67	100	0	1	0	1	0	34	126	2	0	0	0	1	0	132	69	13	0	1	3	0	80	161	67	148	14	0	3	0	73	135	90	85	0	1	0	0	0	68	50	0	0	0	0	0	1	0	0	2	0	0	
0	0	0	0	0	0	0	0	0	1	0	27	121	117	123	22	0	4	0	143	172	70	65	7	1	0	0	207	82	0	3	0	1	0	20	239	141	1	2	1	0	0	0	41	214	49	0	2	0	0	121	180	193	12	0	1	0	0	38	69	25	0	1	0	
0	0	0	0	0	0	0	0	0	3	0	97	83	0	3	0	0	4	0	111	153	0	4	0	0	3	0	90	146	0	4	0	0	3	0	90	147	0	4	0	0	3	0	86	208	0	1	0	0	2	0	52	144	0	1	0	0	0	0	0	0	0	0	0	
0	0	1	2	3	5	2	0	0	0	0	0	0	0	0	0	0	7	30	55	88	126	81	0	16	163	192	172	138	255	100	0	8	25	6	0	131	167	0	1	0	3	0	89	222	10	0	1	1	0	9	213	75	0	3	0	1	0	14	57	0	1	0	0	
0	0	0	0	1	1	0	0	0	0	2	0	105	51	0	2	0	1	0	18	178	11	0	1	0	3	0	87	145	0	4	0	0	4	0	113	132	0	4	0	0	3	0	158	77	0	3	0	0	0	0	150	25	0	1	0	0	0	0	0	0	0	0	0	
0	0	0	0	0	3	0	0	0	1	0	25	130	172	73	0	0	1	0	181	122	153	178	0	1	0	1	194	194	118	13	0	0	2	142	173	195	5	0	1	0	63	209	71	204	16	0	1	0	13	159	200	81	0	2	0	0	0	0	0	0	0	0	0	
0	1	0	32	39	0	1	0	2	0	48	154	155	31	0	1	1	0	24	0	101	59	0	2	0	0	0	27	141	29	0	1	2	0	39	203	192	0	1	0	4	0	167	199	143	119	0	2	1	0	57	33	13	119	10	0	0	0	0	1	2	0	0	0	
0	0	1	1	1	1	0	0	0	2	0	41	189	110	0	2	1	0	0	210	118	116	35	0	3	0	85	162	0	155	31	0	4	0	135	55	32	184	0	0	4	0	127	71	176	106	0	3	2	0	42	196	117	0	1	0	0	0	0	2	0	1	0	0	
0	0	0	0	0	2	0	0	0	32	59	20	8	0	0	0	0	30	107	124	143	131	0	1	0	0	3	0	74	161	0	3	0	1	7	0	162	76	0	3	0	2	0	65	178	0	1	0	1	0	5	178	50	0	2	0	1	0	18	65	0	2	0	0	
0	0	0	0	0	0	0	0	0	1	0	28	89	0	2	0	0	2	0	47	133	0	3	0	0	2	0	56	133	0	3	0	0	2	0	53	134	0	3	0	0	3	0	87	146	0	4	0	0	3	0	75	75	0	3	0	0	0	0	0	0	0	0	0	
0	0	0	3	4	2	0	0	0	49	52	0	1	1	3	0	0	178	255	174	119	31	0	1	0	29	101	190	255	236	102	0	0	0	1	0	24	229	217	0	0	2	5	55	206	252	89	0	3	0	73	255	184	54	0	2	1	0	15	47	0	0	2	0	
0	0	0	0	2	0	0	0	0	1	0	141	193	38	0	2	1	0	33	153	82	125	0	4	0	0	2	0	51	110	0	3	1	0	17	115	210	109	0	4	4	0	112	217	186	124	17	0	2	0	57	179	31	0	4	0	0	0	0	1	2	2	0	0	
0	0	0	0	0	0	1	0	0	0	141	176	145	50	0	1	0	46	206	30	40	225	94	0	0	79	133	0	132	205	152	0	0	76	124	54	200	48	164	0	0	24	194	198	159	203	81	0	2	0	87	215	193	73	0	2	0	0	1	0	0	0	2	0	
0	0	1	6	0	0	0	0	2	0	52	180	75	0	2	0	0	2	0	143	124	0	4	0	0	3	0	158	203	44	0	2	0	0	3	0	118	168	0	4	0	2	0	62	221	69	0	3	2	0	79	194	76	0	2	0	0	0	7	3	0	1	0	0	
0	0	0	0	5	7	0	0	0	0	8	88	90	48	0	1	2	0	59	88	4	14	0	0	3	0	80	136	86	101	48	0	1	0	23	43	0	61	102	0	0	10	42	0	27	130	28	0	0	1	104	97	103	32	0	1	0	0	5	15	1	1	1	0	
0	0	0	1	1	0	0	0	0	0	2	0	53	47	0	2	1	0	27	95	120	85	0	3	2	0	53	157	167	59	0	0	1	0	10	192	240	127	12	0	0	4	0	127	102	0	3	0	0	0	0	144	19	0	1	0	0	0	2	22	0	0	0	0	
0	0	0	3	53	2	0	0	0	2	0	54	101	0	2	0	0	1	0	123	29	0	1	0	2	0	54	104	0	46	0	0	3	0	80	117	79	145	56	0	1	0	6	189	174	103	26	0	0	1	0	16	65	28	0	1	0	0	1	1	0	1	1	0	
0	0	0	1	0	0	2	0	0	1	0	13	69	20	0	1	0	3	0	135	227	134	83	7	3	0	64	173	0	2	17	3	4	0	99	203	113	14	0	1	0	0	9	27	177	63	0	3	0	0	0	111	168	0	0	0	0	0	0	105	37	0	1	0	
0	0	0	0	6	28	0	0	0	0	2	0	81	66	0	2	0	1	0	37	98	0	2	0	0	3	0	117	66	0	2	0	1	0	21	113	81	74	0	2	2	0	58	80	77	60	0	2	1	0	11	104	62	0	1	0	0	0	0	0	0	1	0	0	
0	0	1	0	23	9	0	0	0	1	0	35	179	10	0	1	0	2	0	163	93	0	1	0	2	0	56	176	164	143	0	1	4	0	117	235	60	147	24	0	4	0	112	238	151	157	0	1	1	0	15	136	121	5	0	1	0	0	0	0	0	1	0	0	
0	0	1	0	0	1	0	0	0	0	9	40	0	32	13	0	3	0	98	121	0	145	16	0	0	32	210	50	91	141	0	3	0	34	91	57	195	137	70	0	0	1	0	9	167	15	0	1	0	4	0	97	153	0	5	0	0	2	0	53	40	0	1	0	
0	0	0	0	3	1	0	0	0	0	53	19	0	1	0	0	2	0	105	200	149	11	0	1	0	1	0	2	141	141	0	4	0	0	6	0	134	126	0	4	0	2	0	36	202	16	0	1	0	2	0	187	101	0	3	0	0	0	3	68	4	0	0	0	
0	0	1	0	0	0	0	0	1	0	8	112	73	4	0	0	3	0	102	68	89	93	0	2	3	0	82	76	83	120	0	2	1	0	18	210	177	116	11	0	2	0	46	110	0	82	41	0	0	0	7	101	97	133	6	0	0	1	0	19	59	15	0	1	
0	0	1	1	0	2	1	0	0	1	0	26	137	26	0	1	1	0	12	182	129	130	20	0	4	0	148	102	108	169	2	0	3	0	79	232	189	0	1	0	2	0	42	172	165	27	0	1	1	0	26	186	168	5	0	1	0	1	0	43	26	0	1	0	
0	0	0	1	2	7	0	0	0	0	0	4	153	100	0	2	0	3	0	131	133	0	3	0	1	0	21	153	40	36	0	0	2	0	43	187	100	174	27	0	1	0	35	140	57	107	0	1	0	1	0	100	144	12	0	1	0	0	0	2	1	1	0	0	
0	0	2	1	0	0	0	0	0	2	0	81	212	121	0	1	3	0	58	205	118	132	43	0	0	2	180	48	0	130	70	0	0	57	148	0	3	190	41	0	0	68	125	0	165	152	0	2	0	10	150	180	111	0	0	0	0	0	5	6	0	2	0	0	
0	0	1	1	0	0	0	0	0	1	0	19	89	24	0	1	1	0	41	66	81	62	0	2	1	0	8	111	91	0	0	0	0	1	0	105	109	0	2	0	1	0	41	32	86	35	0	1	2	0	39	80	80	4	0	0	0	0	3	38	7	0	0	0	
0	0	0	0	0	0	0	0	0	1	0	17	92	0	1	0	0	1	0	28	190	0	0	0	0	2	0	67	160	0	3	0	0	3	0	95	146	0	4	0	0	3	0	163	108	0	3	0	0	1	0	157	31	0	1	0	0	0	0	14	2	0	0	0	
0	0	1	0	0	0	0	0	0	0	2	35	90	92	0	1	3	0	94	177	119	35	0	1	0	0	204	164	136	127	6	0	0	3	105	83	4	149	88	0	1	0	73	14	0	177	60	0	3	0	120	130	152	109	0	2	0	0	5	45	27	0	1	0	
0	0	1	0	1	0	0	0	0	2	0	124	222	84	0	3	3	0	74	211	62	185	6	0	2	0	67	50	16	184	5	0	1	0	77	168	231	217	17	0	0	10	190	181	188	68	44	0	1	0	130	177	24	0	1	0	0	0	1	1	1	3	1	0	
0	0	1	1	3	1	0	0	0	1	1	1	0	0	6	4	0	3	15	61	151	153	129	16	0	49	109	75	64	17	9	0	0	107	141	93	120	5	0	1	0	14	20	0	104	47	0	2	1	0	28	118	124	9	0	1	0	1	1	28	11	0	0	0	
0	0	0	0	0	0	0	0	1	0	18	120	101	3	0	0	1	0	4	104	215	9	0	1	0	2	0	149	187	98	0	3	0	1	4	0	85	128	0	3	0	1	0	108	189	13	0	1	0	29	170	159	16	0	1	0	0	12	41	0	2	1	0	0	
0	1	0	83	35	0	1	0	2	0	31	241	58	0	3	0	4	0	146	169	0	3	1	0	4	0	157	219	173	109	0	1	3	0	87	255	143	212	120	0	0	1	0	163	219	246	139	0	0	0	0	7	77	61	6	0	0	0	1	2	0	0	1	0	
0	0	0	0	0	0	0	0	0	0	7	0	28	25	0	1	4	0	114	59	121	107	0	4	4	0	103	149	193	199	28	0	1	0	12	207	233	75	7	0	0	4	0	137	130	0	4	0	1	0	3	197	44	0	2	0	0	0	7	67	1	0	0	0	
0	0	0	0	0	0	0	0	0	5	14	35	73	14	0	1	0	28	125	113	161	103	0	4	0	0	3	0	98	93	0	3	0	0	3	0	134	48	0	2	0	0	88	150	175	0	0	0	0	4	0	121	113	0	4	0	0	1	0	48	31	0	1	0	
0	0	1	2	0	0	1	1	0	0	1	0	65	76	10	0	0	0	0	149	160	105	111	27	4	0	108	161	0	0	14	19	3	0	94	157	159	56	0	2	0	1	0	15	187	44	0	3	1	0	60	190	94	0	2	0	2	0	86	75	0	2	0	0	
0	0	1	2	0	0	0	0	0	0	2	0	56	77	0	0	1	0	0	146	199	163	76	0	1	0	128	123	32	117	66	0	0	0	169	13	89	129	0	2	2	0	44	173	153	0	0	0	0	4	0	106	202	0	1	0	0	1	0	47	101	10	0	1	
0	0	2	0	81	25	0	1	0	2	0	68	196	8	0	1	1	0	11	189	40	0	2	0	4	0	108	116	65	203	75	0	4	0	129	197	249	255	90	0	4	0	91	255	200	78	0	1	1	0	13	42	1	0	1	0	0	0	1	0	1	3	0	0	
0	0	1	2	0	0	0	0	0	0	0	11	61	10	0	1	1	0	20	102	136	94	0	4	4	0	105	138	142	53	0	2	1	0	28	78	158	38	0	2	0	0	2	0	122	30	0	1	0	1	0	29	155	0	0	0	0	1	0	23	43	0	1	0	
0	0	0	0	3	3	0	0	0	11	58	2	0	0	0	0	0	7	158	179	164	79	0	2	0	0	2	21	50	209	18	0	0	1	6	0	123	164	0	2	0	2	0	117	199	9	0	1	3	0	102	209	20	0	2	0	2	0	69	30	0	2	0	0	
0	0	0	0	0	0	0	0	0	0	2	0	137	99	0	3	0	0	0	0	222	119	0	4	0	2	0	44	246	42	0	2	0	4	0	125	205	0	1	0	1	0	0	216	124	0	3	0	2	0	32	198	26	0	1	0	0	0	0	0	2	0	0	0	
0	0	2	1	0	1	1	0	0	1	0	29	114	49	2	8	2	0	82	167	68	103	159	14	0	18	198	41	87	154	27	0	0	0	139	228	196	50	0	2	0	0	131	17	68	164	0	3	0	4	123	117	147	40	0	2	1	0	23	65	9	0	0	0	
0	1	0	26	66	0	1	0	0	1	0	150	69	0	2	0	3	0	89	132	0	3	0	0	0	0	163	23	5	41	1	0	0	2	162	13	107	174	66	0	3	0	103	164	188	160	50	0	0	0	0	48	76	35	0	1	0	0	2	0	0	0	1	0	
0	0	2	0	0	2	0	0	0	1	0	49	89	8	0	1	1	0	119	154	110	130	2	0	0	26	181	37	140	207	0	0	0	0	74	114	175	135	0	4	0	0	2	0	157	60	0	2	0	2	0	65	187	0	1	0	0	2	0	56	55	0	2	0	
0	2	1	0	3	1	0	0	0	0	2	5	0	0	0	0	0	83	192	182	125	27	0	1	0	54	47	0	170	77	0	4	1	0	18	172	248	132	0	0	1	0	32	177	70	125	160	6	0	0	0	0	1	0	68	21	0	0	1	3	3	3	0	0	
0	0	0	2	0	0	0	0	0	0	3	0	49	119	43	0	0	3	0	81	219	227	114	0	2	0	58	187	24	146	95	0	1	0	176	49	24	200	21	0	0	40	134	21	213	88	0	3	0	24	193	190	79	0	2	0	0	0	40	15	0	2	0	0	
0	0	0	0	0	0	0	0	0	0	4	5	39	19	0	1	0	4	142	168	230	49	0	2	0	2	12	21	191	17	0	1	0	1	0	34	202	7	0	1	0	3	0	66	197	0	1	0	0	3	0	88	170	0	3	0	0	1	0	32	52	0	1	0	
0	0	0	0	0	0	0	0	0	0	1	0	102	15	0	1	0	1	0	12	160	7	0	0	0	2	0	56	149	0	3	0	0	4	0	120	106	0	3	0	0	0	0	163	39	0	1	0	1	0	25	108	0	2	0	0	0	0	1	1	0	0	0	0	
0	0	0	0	0	0	0	0	0	1	0	17	88	0	0	0	0	2	0	55	168	0	2	0	0	3	0	72	159	0	3	0	0	2	0	67	163	0	3	0	0	3	0	78	142	0	4	0	0	2	0	68	141	0	3	0	0	0	0	6	27	0	0	0	
0	0	0	0	1	0	0	0	0	2	0	81	199	77	0	3	2	0	50	192	75	175	0	2	1	0	31	20	44	148	0	3	0	1	0	120	255	125	0	4	3	0	75	245	180	116	9	0	3	0	68	165	12	0	1	0	0	0	0	0	2	2	0	0	
0	0	1	1	1	0	1	0	0	3	0	68	69	0	2	0	1	0	24	177	17	2	119	7	0	0	141	63	0	93	151	0	0	145	218	147	158	214	53	0	0	105	130	43	71	171	0	2	0	0	1	0	17	22	0	0	0	3	4	2	0	0	0	0	
0	0	0	0	0	0	0	0	1	0	10	129	124	10	0	1	0	0	3	82	212	18	0	1	0	3	0	93	245	81	0	2	0	1	0	25	93	157	0	3	0	1	13	0	179	67	0	3	2	0	113	219	116	0	2	0	1	0	21	48	0	1	0	0	
0	0	0	1	0	0	0	0	0	0	0	5	78	52	0	2	0	0	2	134	75	7	0	0	1	0	14	140	79	0	0	0	0	0	1	0	86	69	0	3	0	0	5	7	44	84	0	3	0	0	7	112	113	33	0	1	0	1	0	30	24	0	1	0	
0	0	0	0	1	0	0	0	0	0	2	1	15	84	0	0	3	0	81	72	60	158	0	3	4	0	104	182	180	151	0	1	1	0	5	133	206	30	0	0	0	3	0	103	122	0	4	0	0	0	2	169	37	0	1	0	0	0	5	23	0	0	0	0	
0	0	0	0	3	1	0	0	1	0	15	71	104	5	0	0	2	0	52	139	0	1	0	0	0	0	4	123	101	32	0	1	0	1	0	32	91	93	0	4	0	0	1	0	112	50	0	2	2	0	47	115	58	0	1	0	0	0	8	5	0	1	0	0	
0	0	0	0	0	2	0	0	1	0	50	47	9	0	0	0	2	0	92	183	208	83	0	3	0	0	2	0	78	186	0	3	0	0	6	0	125	124	0	4	0	2	0	37	199	15	0	1	1	0	0	189	91	0	3	0	1	0	18	82	0	1	0	0	
0	0	1	0	0	1	0	0	0	0	0	95	114	10	0	1	3	0	86	137	38	86	0	0	3	0	98	60	40	103	0	0	2	0	32	163	131	81	0	2	3	0	66	72	0	91	22	0	1	0	26	121	93	93	3	0	0	1	0	22	48	7	0	0	
0	0	1	0	4	1	0	0	0	1	0	83	170	59	0	2	2	0	61	153	26	168	6	0	2	0	27	174	214	74	0	2	1	0	30	158	158	77	0	3	4	0	138	87	118	97	0	3	2	0	59	194	115	0	1	0	0	0	0	1	0	1	0	0	
0	0	0	13	39	0	0	0	2	0	34	217	186	63	0	2	3	0	66	231	68	153	5	0	0	0	1	3	0	171	25	0	0	36	178	164	91	192	15	0	0	79	197	80	232	229	38	0	1	0	84	132	131	55	87	3	0	1	0	0	0	0	0	0	
0	0	0	1	0	1	0	0	0	1	0	23	192	78	0	3	0	3	0	164	147	136	10	0	1	0	20	194	14	160	25	0	3	0	84	117	45	189	0	1	4	0	95	120	201	88	0	3	2	0	32	205	108	0	2	0	0	0	0	0	0	2	0	0	
0	0	0	0	0	0	0	0	0	0	0	12	58	0	1	0	0	1	0	30	154	0	1	0	0	2	0	47	138	0	2	0	0	2	0	54	101	0	3	0	0	2	0	54	102	0	3	0	0	1	0	40	90	0	3	0	0	0	0	4	12	0	0	0	
0	0	0	1	0	0	0	0	0	1	0	23	52	86	0	0	0	1	0	177	246	170	0	3	1	0	20	205	224	55	0	2	0	1	0	212	185	0	2	0	2	0	36	232	179	0	1	0	2	0	30	238	121	0	3	0	0	0	0	27	5	0	0	0	
0	0	3	1	0	0	0	0	0	1	0	4	58	61	0	0	2	0	71	197	184	229	45	0	0	62	246	58	20	203	32	0	0	60	223	151	240	140	0	4	0	0	23	77	222	33	0	2	0	3	0	90	163	0	3	0	0	1	0	34	62	0	1	0	
0	0	0	5	2	0	0	0	2	0	43	184	139	0	1	0	0	0	0	65	168	0	1	0	0	4	0	96	216	74	0	2	0	0	1	0	38	194	7	0	0	4	46	63	212	123	0	3	2	0	99	206	91	0	1	0	0	0	0	0	0	2	0	0	
0	0	0	3	0	22	31	0	0	0	3	0	32	175	66	0	0	2	0	51	201	63	0	2	2	0	30	230	114	0	2	0	0	0	194	178	163	134	0	4	0	15	207	110	176	71	0	3	0	0	106	133	54	0	1	0	0	0	0	0	0	1	0	0	
0	0	1	1	1	2	0	0	0	1	0	29	60	0	1	0	2	0	35	187	152	50	0	2	4	0	137	97	186	124	0	4	3	0	72	171	176	85	0	4	0	0	4	0	145	81	0	4	0	1	0	19	182	13	0	2	0	1	0	17	55	0	1	0	
0	0	1	2	0	0	0	0	0	0	0	0	117	104	0	1	1	0	0	158	255	70	0	2	1	0	18	248	194	0	1	0	2	0	37	153	200	71	0	3	4	0	94	148	191	35	0	2	4	0	91	246	84	0	2	0	0	0	13	33	0	1	0	0	
0	0	0	0	0	0	0	1	0	0	4	36	25	31	9	0	2	0	41	235	191	200	164	64	4	0	114	187	0	2	10	15	2	0	53	192	143	0	2	0	0	2	0	73	208	0	0	1	0	0	130	246	85	0	3	0	1	0	57	57	0	1	0	0	
0	0	0	1	1	0	0	0	0	0	88	170	142	0	0	0	0	4	24	64	208	2	0	0	2	0	96	229	213	9	0	1	1	0	107	52	125	154	0	3	2	0	62	44	84	189	0	3	2	0	63	188	200	61	0	2	0	0	0	0	0	0	0	0	
0	0	0	2	32	2	0	0	0	2	0	73	169	0	2	0	0	1	0	175	88	0	0	0	2	0	49	234	217	134	0	1	4	0	116	236	88	199	12	0	4	0	114	235	212	118	0	3	1	0	30	141	60	0	1	0	0	0	0	0	0	2	0	0	
0	0	0	2	1	0	0	0	0	0	1	0	34	7	0	0	0	2	0	43	185	19	0	1	1	0	17	182	164	79	0	3	3	0	94	129	84	40	0	1	0	0	0	17	111	0	1	0	0	3	0	73	116	0	2	0	0	1	0	40	58	0	1	0	
0	0	2	0	0	1	0	0	0	0	0	25	24	18	121	15	2	0	97	211	116	99	228	16	0	7	185	52	112	219	59	0	3	0	116	243	236	90	0	4	4	0	133	139	116	132	0	4	4	0	144	221	185	43	0	2	1	0	17	41	1	0	0	0	
0	0	0	0	0	0	0	0	0	1	0	21	90	0	1	0	0	2	0	68	115	0	3	0	0	4	0	121	101	0	3	0	0	3	0	97	98	0	3	0	0	4	0	114	111	0	3	0	0	2	0	45	142	0	0	0	0	0	0	0	1	0	0	0	
0	0	0	0	1	0	0	0	0	0	3	10	27	62	0	2	1	0	34	122	86	128	0	4	3	0	76	126	156	196	28	0	3	0	59	231	217	36	0	1	0	2	0	115	142	0	4	0	0	3	0	153	65	0	2	0	0	0	0	25	5	0	0	0	
0	0	0	0	5	1	0	0	0	2	0	106	149	68	0	2	1	0	34	138	2	140	15	0	1	0	21	26	0	122	19	0	0	10	111	129	70	108	0	1	0	33	98	0	217	73	0	3	0	1	107	113	119	28	0	1	0	0	5	13	0	1	0	0	
0	0	1	2	0	0	0	0	0	1	0	25	54	0	1	0	1	0	10	200	156	0	1	0	4	0	112	164	189	88	0	3	3	0	83	220	195	101	0	4	0	0	11	13	111	107	0	4	0	0	3	0	169	61	0	2	0	0	1	0	57	9	0	0	
0	0	7	80	0	0	0	0	3	0	69	92	0	4	1	0	2	0	118	28	0	2	0	0	0	9	120	0	96	123	2	0	0	1	132	38	118	130	70	0	2	0	69	140	135	122	13	0	0	1	0	20	25	0	0	0	0	0	2	1	0	2	1	0	
0	0	0	0	0	0	0	0	0	1	0	21	129	0	0	0	0	1	0	20	189	7	0	1	0	2	0	60	206	0	0	0	0	3	0	88	175	0	3	0	0	4	0	111	134	0	4	0	0	3	0	84	92	0	3	0	0	0	0	0	0	0	0	0	
1	1	0	0	0	0	0	0	0	4	46	69	11	0	0	0	10	130	107	182	100	0	3	0	7	24	0	142	97	0	2	0	1	0	12	138	192	107	0	3	0	1	2	0	37	196	4	0	0	1	0	10	136	117	0	3	0	1	0	42	85	2	0	0	
0	0	0	0	1	2	0	0	0	2	58	27	2	0	0	0	2	0	111	193	199	75	0	2	0	0	2	0	109	190	0	3	0	0	5	0	180	123	0	4	0	3	0	95	222	8	0	1	1	0	13	221	67	0	2	0	1	0	19	70	0	2	0	0	
0	0	0	0	1	2	0	0	0	16	31	11	0	0	0	0	0	83	154	138	159	55	0	2	0	0	2	0	70	156	0	3	0	1	4	0	57	157	0	3	0	0	4	0	130	91	0	3	0	0	0	2	165	22	0	1	0	0	0	11	82	0	0	0	
0	0	0	0	0	0	0	0	0	0	0	10	103	1	0	0	0	1	0	20	178	6	0	0	0	2	0	68	185	0	2	0	0	4	0	128	136	0	4	0	0	1	0	185	55	0	2	0	0	0	10	110	2	0	0	0	0	0	0	0	1	0	0	0	
0	0	0	4	2	0	0	0	1	0	14	159	201	77	0	2	0	0	11	4	83	212	0	0	0	2	0	12	197	104	0	3	2	0	67	240	142	0	3	0	0	113	206	153	174	107	0	0	0	32	12	0	16	132	74	0	0	0	2	4	1	0	6	0	
0	0	2	0	0	1	0	0	0	0	5	110	128	24	0	1	2	0	144	228	134	146	0	2	0	4	120	14	7	169	8	0	0	2	0	91	227	244	52	0	3	0	83	227	226	107	50	0	4	0	95	245	85	0	2	0	0	0	9	27	0	3	2	0	
0	0	0	0	0	0	0	0	0	0	3	66	93	89	6	0	0	0	1	123	119	92	22	0	0	2	0	54	186	1	0	1	0	0	3	115	91	42	0	2	3	0	71	94	17	81	0	3	2	0	50	120	96	52	0	2	0	1	0	32	52	2	0	0	
0	1	0	36	32	0	0	0	0	3	0	138	197	0	2	0	0	4	0	140	177	5	0	1	0	2	0	129	172	148	0	1	0	15	4	0	45	172	0	1	0	65	105	129	235	77	0	3	0	10	132	146	50	0	1	0	0	0	0	0	0	2	0	0	
0	0	0	0	2	0	0	0	0	42	22	44	0	2	0	0	0	151	111	153	71	0	2	0	0	52	208	202	220	18	0	1	0	0	35	14	157	135	0	4	0	0	1	0	12	179	22	0	0	0	1	5	0	148	113	0	0	0	0	1	0	38	78	0	
0	0	2	2	0	0	0	0	0	1	0	7	63	58	2	0	2	0	40	186	182	150	88	0	0	4	205	101	5	0	6	2	0	5	149	158	168	46	0	2	0	0	2	0	180	82	0	3	0	1	0	152	180	0	0	1	0	0	0	91	17	0	1	0	
0	0	0	0	0	0	0	0	0	1	0	62	22	0	1	0	0	4	0	141	85	0	3	0	0	3	0	94	101	0	3	0	0	2	0	56	134	0	3	0	0	2	0	47	145	0	3	0	0	2	0	47	119	0	3	0	0	0	0	8	17	0	1	0	
0	0	3	1	0	1	0	0	0	2	0	20	81	19	0	1	2	0	64	168	194	115	0	4	0	78	223	136	195	174	0	3	0	50	156	109	100	167	0	3	0	0	1	0	192	105	0	4	0	5	0	121	180	0	0	1	0	2	0	58	23	0	1	0	
0	0	3	4	3	2	0	0	2	3	0	0	0	0	0	0	24	207	195	157	187	109	0	3	6	157	218	186	236	215	0	0	0	0	4	0	94	239	7	0	0	3	4	0	137	217	0	0	0	0	3	0	194	150	0	4	0	0	2	0	107	68	0	2	
0	0	0	3	0	27	10	0	0	0	3	0	72	214	25	0	0	3	0	75	243	72	0	3	1	0	22	229	244	193	35	0	0	0	184	195	120	250	58	0	0	42	255	191	205	103	0	1	0	0	85	132	32	0	1	0	0	0	0	0	0	3	0	0	
0	0	0	0	0	0	0	0	0	1	0	27	124	150	43	0	0	2	0	107	56	13	8	0	0	1	0	49	59	0	1	0	0	0	3	0	90	69	0	2	1	0	23	105	190	30	0	2	2	0	123	171	33	0	1	0	0	0	1	0	1	1	0	0	
0	0	3	2	0	1	0	0	0	1	0	12	26	0	1	0	2	0	77	221	200	40	0	1	0	40	206	57	0	173	137	0	0	82	184	58	156	250	58	0	0	5	132	168	236	121	6	60	0	0	0	0	5	1	5	9	0	1	4	3	0	1	0	0	
0	0	0	0	0	1	0	0	1	0	18	182	112	2	0	0	3	0	93	176	117	149	0	3	0	1	0	144	223	71	0	3	1	0	22	183	167	110	0	2	3	0	171	97	74	174	0	2	2	0	139	166	171	21	0	1	0	0	1	11	1	1	0	0	
0	0	0	0	0	0	0	0	0	1	0	29	107	0	2	0	0	1	0	44	142	0	3	0	0	2	0	66	149	0	3	0	0	3	0	106	135	0	4	0	0	3	0	166	81	0	3	0	0	1	0	120	22	0	1	0	0	0	0	0	0	0	0	0	
0	0	0	0	0	0	0	0	0	31	70	0	44	78	0	2	0	16	166	159	225	96	0	3	0	0	3	0	170	44	0	2	0	2	64	62	196	133	56	0	1	0	107	180	239	150	44	0	0	0	3	0	151	63	0	2	0	0	4	0	23	16	0	0	
0	0	0	0	0	0	0	0	0	1	0	27	103	0	2	0	0	1	0	34	153	0	2	0	0	2	0	69	158	0	3	0	0	4	0	127	152	0	4	0	0	3	0	179	91	0	3	0	0	1	0	129	34	0	1	0	0	0	0	0	0	0	0	0	
0	0	0	0	1	1	0	0	0	0	3	33	21	0	0	0	2	0	49	114	143	54	0	2	0	0	5	0	79	90	0	3	0	0	2	0	127	30	0	1	0	2	0	45	127	0	2	0	0	3	0	111	54	0	2	0	0	2	0	83	19	0	1	0	
0	0	0	0	0	0	0	0	0	1	0	23	58	0	2	0	0	1	0	33	152	0	2	0	0	1	0	24	168	0	0	0	0	1	0	38	146	0	2	0	0	2	0	68	124	0	3	0	0	3	0	70	97	0	3	0	0	0	0	7	14	0	0	0	
0	1	1	0	4	6	0	0	1	0	55	63	31	189	120	0	0	20	222	76	0	15	189	57	0	136	145	0	5	2	181	40	0	129	48	0	1	159	110	0	0	147	114	64	165	122	0	2	0	77	206	163	66	0	2	0	0	0	0	0	0	3	0	0	
0	0	1	0	0	1	0	0	0	2	0	103	177	2	0	1	3	0	71	251	198	81	0	3	3	0	95	89	51	127	0	4	0	1	0	104	252	106	0	4	4	0	94	255	223	87	0	3	3	0	95	196	29	0	2	0	0	0	0	0	2	1	0	0	
0	0	1	0	0	0	0	0	0	0	0	65	70	59	7	0	3	0	109	113	111	129	68	0	2	0	48	170	98	0	10	1	1	0	21	142	122	11	0	1	3	0	111	33	48	88	0	3	3	0	86	87	58	93	0	3	0	0	4	87	91	11	0	1	
0	0	2	1	0	2	0	0	0	1	0	30	68	0	0	0	2	0	46	198	149	97	0	2	1	0	168	37	107	179	0	3	1	0	124	141	197	152	0	4	1	0	18	41	83	134	0	3	0	0	5	0	110	90	0	3	0	0	2	0	44	31	0	1	
0	0	0	0	0	0	0	0	0	51	129	113	84	38	0	1	0	113	255	248	196	82	0	2	3	0	96	172	153	50	0	2	0	0	2	0	31	185	59	0	1	0	13	63	15	57	139	0	2	0	43	201	194	189	79	0	0	0	0	0	36	52	1	0	
0	0	1	2	0	0	0	0	0	1	0	20	132	91	32	0	1	0	14	184	112	82	70	0	3	0	167	146	25	5	0	0	2	0	172	180	175	103	0	4	0	0	13	6	170	80	0	3	0	2	0	155	158	0	2	0	0	1	0	27	10	0	0	0	
0	1	1	0	8	7	0	0	2	0	38	135	126	57	0	2	0	25	215	111	29	0	2	0	0	27	100	72	137	92	0	1	0	0	0	1	0	108	88	0	0	0	69	54	0	55	144	0	0	3	172	145	120	125	25	0	0	0	0	9	8	0	0	0	
0	0	2	1	0	1	3	0	0	2	0	65	135	8	0	1	3	0	81	165	33	38	95	0	0	3	175	28	77	184	100	0	0	3	180	241	240	50	0	2	2	0	55	166	162	48	0	2	2	0	46	223	94	0	2	0	0	0	9	33	0	1	0	0	
0	0	0	2	0	0	0	0	0	0	0	6	127	16	0	1	0	3	0	115	211	15	0	2	2	0	81	94	132	39	0	1	0	74	190	0	156	134	98	21	0	67	113	129	186	114	45	10	0	0	2	0	69	39	0	1	0	2	4	2	1	2	2	0	
0	0	0	0	0	0	0	0	0	1	0	18	119	0	0	0	0	1	0	17	182	7	0	0	0	1	0	36	192	0	0	0	0	3	0	84	159	0	2	0	0	3	0	170	104	0	3	0	0	1	0	147	44	0	2	0	0	0	0	0	0	0	0	0	
0	0	1	0	29	9	0	0	0	2	0	43	200	15	0	1	1	0	4	201	87	0	3	0	4	0	108	236	127	173	67	0	0	2	207	175	112	255	111	0	0	34	226	114	191	117	0	1	0	1	111	143	42	0	2	0	0	0	0	0	0	3	0	0	
0	0	1	1	0	0	1	0	0	1	0	42	147	92	0	1	1	0	26	220	161	195	45	0	3	0	115	111	0	180	92	0	2	0	51	169	244	255	89	0	0	0	188	190	165	104	0	0	0	0	190	201	67	0	2	0	1	0	28	30	0	4	0	0	
0	0	1	0	0	0	1	0	0	2	0	81	118	58	0	1	2	0	47	180	87	164	38	0	3	0	120	69	0	95	86	0	0	0	140	19	0	120	53	0	1	0	151	11	41	169	2	0	3	0	112	158	158	51	0	2	0	0	4	53	15	0	1	0	
0	0	1	1	0	0	0	0	0	1	0	22	158	150	0	1	0	1	0	194	117	154	70	0	3	0	84	168	0	164	84	0	0	2	157	16	52	198	7	0	0	16	129	64	156	49	0	2	2	0	134	206	83	0	2	0	0	0	0	0	0	1	0	0	
0	0	0	0	0	1	0	0	0	0	1	119	99	8	0	1	0	0	0	78	139	203	5	0	0	1	0	21	170	143	0	1	0	5	0	175	201	0	1	0	0	2	0	165	185	0	0	0	0	47	169	155	5	0	1	0	0	26	49	0	1	0	0	0	
0	0	0	0	0	1	0	0	0	0	4	106	54	3	0	0	0	1	0	86	150	156	6	0	0	0	3	0	51	195	0	0	0	2	0	33	229	82	0	3	1	0	18	206	99	0	2	0	0	0	177	116	0	5	0	0	0	8	35	0	2	0	0	0	
0	0	5	38	0	4	0	0	2	0	67	144	0	3	0	0	3	0	143	66	9	129	7	0	0	0	128	10	170	213	53	0	1	0	111	157	103	86	54	0	4	0	92	206	94	156	0	1	0	0	5	59	87	28	0	1	0	0	1	0	0	1	0	0	
0	0	0	0	3	1	0	0	0	0	18	14	0	0	0	0	3	0	95	185	143	15	0	1	0	0	1	0	98	135	0	4	0	0	4	0	113	96	0	3	0	1	0	36	156	1	0	0	0	0	0	117	35	0	1	0	1	0	25	109	0	2	0	0	
0	1	0	33	62	0	2	0	0	2	0	137	78	0	2	0	2	0	43	130	0	2	0	0	3	0	88	156	78	26	0	1	4	0	102	158	84	184	0	1	1	0	37	116	142	152	0	2	0	1	0	46	73	1	0	0	0	0	1	1	0	1	0	0	
0	0	0	1	0	2	4	1	0	0	2	0	3	1	0	0	0	0	0	165	204	148	95	28	2	0	68	180	55	33	90	62	0	4	213	160	103	1	0	0	0	5	61	97	151	6	2	3	1	0	13	121	37	0	1	0	2	0	65	113	0	0	0	0	
0	2	0	60	60	0	2	0	1	0	15	213	71	0	4	0	4	0	135	135	0	16	0	0	1	0	179	146	184	206	77	0	1	0	199	245	17	60	192	0	3	0	82	238	167	196	98	0	0	1	0	36	96	42	0	1	0	0	2	0	0	0	2	0	
0	0	1	0	2	0	0	0	0	2	0	105	149	32	0	1	2	0	89	114	93	166	0	2	3	0	138	90	146	14	0	1	2	0	55	224	206	43	0	2	3	0	74	96	89	105	0	4	1	0	22	159	170	28	0	1	0	0	0	3	5	0	0	0	
0	0	1	0	0	0	0	0	0	0	0	81	134	43	0	2	3	0	107	98	86	110	0	4	2	0	61	148	131	22	0	1	1	0	10	159	155	0	0	0	3	0	73	88	91	70	0	2	1	0	12	119	157	63	0	3	0	1	0	15	44	1	0	0	
0	0	2	1	0	0	0	0	0	2	0	46	201	90	0	3	2	0	77	187	84	164	0	2	1	0	109	23	27	150	0	2	0	1	0	100	240	193	0	0	4	0	109	229	159	95	26	0	3	0	102	176	15	0	1	0	0	0	0	1	2	3	0	0	
0	0	0	2	0	0	0	0	0	1	2	2	54	7	0	0	0	0	2	77	176	42	0	2	0	8	142	76	58	64	0	2	0	51	176	105	152	77	0	3	0	0	2	0	58	105	0	4	0	1	4	0	51	113	0	3	0	0	1	0	16	33	0	1	
0	0	2	0	0	0	0	0	0	1	0	49	71	0	0	0	2	0	72	128	143	28	0	1	0	1	155	83	195	62	0	3	1	0	56	77	115	76	0	3	0	0	3	0	130	56	0	2	0	1	0	19	161	6	0	0	0	1	0	18	58	0	1	0	
0	0	0	1	2	0	0	0	0	1	0	34	70	0	2	0	0	3	0	97	51	0	2	0	1	0	22	125	7	88	0	1	2	0	48	187	157	130	0	3	0	1	0	14	156	50	0	2	0	0	0	0	78	6	0	0	0	0	0	2	5	0	0	0	
0	0	0	2	0	0	0	0	0	0	1	0	33	115	78	0	0	1	0	83	135	125	135	0	0	0	4	154	64	126	36	0	2	0	50	181	198	24	0	1	0	27	126	34	103	0	2	0	0	42	166	153	83	0	3	0	1	0	38	52	0	0	0	0	
0	0	2	2	0	0	0	0	0	0	1	0	103	171	0	1	2	0	37	180	230	97	0	2	4	0	117	223	63	9	0	0	2	0	51	235	187	215	21	0	2	0	45	123	136	222	12	0	2	0	24	186	191	36	0	2	0	0	0	1	0	1	1	0	
0	0	2	2	0	0	0	0	0	0	0	2	66	58	0	1	1	0	28	141	108	68	0	1	1	0	145	39	40	128	0	2	1	0	102	130	183	118	0	4	0	0	2	2	152	39	0	2	0	2	0	65	150	0	3	0	0	2	0	46	35	0	1	0	
0	0	0	0	0	0	0	0	0	2	0	48	64	0	2	0	0	3	0	72	85	0	3	0	0	3	0	70	68	0	3	0	0	3	0	70	73	0	3	0	0	3	0	81	82	0	3	0	0	2	0	66	48	0	2	0	0	0	0	0	0	0	0	0	
0	0	2	1	0	0	0	0	0	1	0	14	95	123	18	0	2	0	47	214	154	195	135	0	2	0	172	104	0	126	127	0	0	68	154	0	79	216	15	0	0	113	133	132	207	50	0	2	0	88	213	138	20	0	2	0	0	1	2	0	1	2	0	0	
0	0	0	1	0	0	0	0	0	1	0	21	121	0	1	0	0	2	0	43	174	0	1	0	0	2	0	63	154	0	3	0	0	3	0	82	154	0	4	0	0	3	0	90	177	0	3	0	0	2	0	53	147	0	2	0	0	0	0	0	0	0	0	0	
0	0	0	0	0	0	0	0	0	0	0	6	44	60	0	2	0	0	2	113	117	91	0	3	0	0	11	138	170	105	0	1	0	1	0	135	211	24	0	1	0	2	0	64	141	0	3	0	0	3	0	106	86	0	3	0	0	0	0	12	7	0	0	0	
0	0	1	0	0	0	0	0	1	0	14	94	130	51	0	2	1	0	129	81	28	15	0	1	0	4	139	14	1	1	0	0	2	0	57	122	139	106	0	3	0	0	2	0	37	150	0	2	1	0	27	75	128	72	0	2	0	0	1	46	35	0	0	0	
0	0	0	3	60	5	0	0	0	2	0	76	143	0	3	0	0	1	0	157	77	28	0	1	2	0	63	152	147	182	0	0	4	0	97	150	167	165	3	0	4	0	82	224	213	49	0	2	0	0	8	72	19	0	1	0	0	0	0	0	1	2	0	0	
0	2	0	0	0	0	0	0	1	0	53	91	66	19	0	1	0	85	199	135	208	117	0	4	0	180	103	0	126	189	20	0	0	53	201	161	175	247	35	0	1	0	12	59	141	192	0	2	0	2	2	0	6	202	105	0	0	0	1	4	0	34	67	0	
0	0	0	0	1	2	0	0	0	0	1	79	12	0	0	0	0	2	0	93	170	61	0	2	0	0	3	0	96	135	0	4	0	1	0	15	180	31	0	1	0	3	0	151	113	0	3	0	1	0	30	149	0	1	0	0	0	0	9	16	0	1	0	0	
0	0	0	0	1	1	0	0	0	0	2	108	57	29	5	0	4	0	87	171	128	128	3	0	2	0	50	135	140	48	0	2	0	3	0	85	214	16	0	1	0	2	0	59	139	93	0	4	0	3	0	89	195	33	0	2	0	1	0	20	38	0	1	0	
0	0	0	0	1	0	0	0	0	0	0	6	88	0	0	0	0	0	0	3	116	4	0	0	0	1	0	20	123	0	1	0	0	1	0	43	114	0	3	0	0	3	0	76	85	0	3	0	0	2	0	55	62	0	2	0	0	0	0	0	3	0	0	0	
0	0	0	0	1	0	0	0	0	0	1	0	34	56	0	2	0	0	3	0	112	50	0	2	0	1	0	21	125	0	1	0	0	3	0	83	73	0	2	0	0	0	0	120	15	0	0	0	0	0	15	88	0	1	0	0	0	0	0	1	0	0	0	0	
0	0	0	7	3	0	0	0	1	0	17	131	170	26	0	1	0	2	0	66	189	6	0	1	0	4	0	147	199	93	0	1	0	0	2	0	48	173	0	1	0	5	26	53	207	67	0	3	1	0	110	198	77	0	2	0	0	0	0	0	0	2	0	0	
0	1	0	0	11	2	0	0	1	0	49	128	158	128	0	1	0	80	167	35	31	177	0	0	0	46	18	0	143	127	0	3	0	3	0	79	193	0	0	1	1	0	31	229	194	150	38	0	3	0	119	119	0	83	123	0	0	0	0	0	0	0	0	0	
0	0	0	0	1	0	0	0	0	0	35	4	20	83	0	1	0	0	171	13	85	152	0	4	0	5	193	53	184	186	34	0	3	0	95	230	231	100	10	0	0	4	0	134	137	0	4	0	0	0	0	175	44	0	2	0	0	0	0	22	2	0	0	0	
0	0	0	0	0	0	0	0	1	0	15	135	75	0	2	0	4	0	126	96	12	1	0	0	3	0	87	145	43	0	0	0	0	1	0	59	152	85	0	3	0	0	4	0	79	129	0	4	0	1	0	60	170	32	0	2	0	1	0	42	34	0	1	0	
0	0	1	1	0	0	2	1	0	1	0	48	62	19	0	0	2	0	31	217	148	136	107	16	4	0	135	130	18	0	21	9	4	0	130	217	214	75	0	3	0	0	7	0	159	71	0	3	1	0	22	163	160	0	2	0	1	0	25	119	16	0	1	0	
0	0	2	0	0	0	0	0	0	0	0	45	48	0	1	0	2	0	78	104	108	43	0	2	0	21	109	0	116	59	0	2	0	15	106	65	151	52	0	2	1	0	44	45	71	67	0	3	0	0	2	0	56	78	0	3	0	0	3	0	28	33	0	1	
0	0	1	0	19	19	0	1	0	1	0	0	166	52	0	2	0	7	0	100	109	0	3	0	1	0	6	177	117	10	0	1	3	0	66	201	141	98	0	4	3	0	68	176	173	65	0	3	0	0	0	131	94	0	2	0	0	0	0	0	0	1	0	0	
0	0	0	0	0	0	0	0	1	0	68	137	146	97	3	0	0	0	65	51	51	206	44	0	0	1	0	2	136	118	0	1	1	0	13	152	91	0	1	0	4	0	128	93	0	22	6	0	2	0	88	161	145	85	1	0	0	0	0	26	37	2	0	0	
0	0	0	2	0	0	0	0	0	1	0	9	150	180	10	0	0	2	0	170	163	132	86	0	3	0	104	182	0	140	82	0	0	0	174	31	50	213	10	0	0	14	167	81	228	76	0	3	2	0	115	217	68	0	3	0	0	0	0	0	0	2	0	0	
0	0	1	1	0	1	0	0	0	2	0	51	197	49	0	2	2	0	37	175	127	142	0	4	4	0	130	105	0	149	41	0	2	0	163	44	0	113	84	0	4	0	160	104	26	184	28	0	2	0	37	172	166	61	0	2	0	0	1	2	2	0	1	0	
0	0	0	0	0	0	0	0	2	0	52	148	130	59	0	2	1	0	31	46	183	160	0	3	0	2	0	108	206	16	0	1	2	0	30	237	182	172	4	0	1	0	10	69	154	137	0	2	0	8	156	203	119	0	0	0	0	0	50	22	0	2	0	0	
0	1	0	14	13	0	1	0	1	0	16	125	65	6	0	0	3	0	121	56	42	121	0	0	0	6	119	6	0	93	60	0	0	5	128	7	0	88	58	0	2	0	125	74	46	139	3	0	1	0	12	109	108	22	0	1	0	0	1	0	0	1	0	0	
0	0	0	6	24	0	0	0	0	3	0	93	142	0	4	0	1	0	17	194	78	5	0	1	4	0	101	245	196	139	0	0	4	0	154	175	0	167	50	0	4	0	131	151	149	189	1	0	1	0	7	128	127	14	0	1	0	0	0	0	0	1	1	0	
0	0	0	0	0	2	2	0	0	3	62	92	62	3	0	0	0	170	136	81	111	185	90	0	0	95	126	80	157	95	25	0	3	0	95	206	157	86	0	0	3	0	72	159	0	136	116	0	0	1	0	74	145	149	87	0	0	0	1	0	11	20	0	0	
0	0	1	0	6	1	0	0	0	2	0	77	154	29	0	2	3	0	66	137	53	165	0	0	3	0	75	150	181	70	0	2	1	0	13	192	164	18	0	1	3	0	71	83	86	92	0	3	1	0	21	165	151	7	0	1	0	0	0	5	3	0	0	0	
0	0	0	2	0	0	0	0	0	2	0	38	170	0	0	0	0	3	0	146	229	0	0	0	0	0	0	222	220	0	0	0	0	0	0	219	221	0	0	0	0	0	0	228	184	0	2	0	0	1	0	153	110	0	3	0	0	0	0	0	1	0	0	0	
0	0	0	0	2	1	0	0	1	0	38	43	0	1	0	0	2	0	46	177	171	24	0	1	0	0	2	0	131	123	0	4	0	0	3	0	164	64	0	2	0	3	0	93	161	0	2	0	1	0	19	185	29	0	1	0	1	0	26	58	0	2	0	0	
0	0	1	2	2	2	2	1	0	0	1	0	0	0	0	0	1	0	17	62	38	51	61	31	0	5	83	65	56	41	20	7	0	6	72	45	5	0	0	0	0	0	9	51	77	0	2	0	1	0	44	63	10	0	0	0	0	0	0	0	0	0	0	0	
0	0	1	1	0	0	1	0	0	1	0	25	192	156	0	0	0	2	0	182	116	150	103	0	3	0	101	197	0	90	151	0	0	3	174	22	28	223	61	0	0	43	172	95	241	100	0	3	0	11	185	202	62	0	3	0	0	0	0	0	0	2	0	0	
0	0	0	0	0	0	0	0	0	0	20	33	27	8	0	0	0	4	121	123	178	120	0	3	0	0	2	0	148	72	0	1	1	0	10	95	218	90	0	0	2	0	39	203	62	0	2	0	1	0	22	139	0	1	0	0	2	0	50	68	0	2	0	0	
0	0	0	1	2	0	0	0	1	0	21	10	4	22	0	1	4	0	110	100	67	142	0	3	3	0	59	224	237	176	39	0	0	1	0	50	193	6	0	0	0	3	0	130	123	0	3	0	1	0	24	195	17	0	1	0	1	0	26	61	0	2	0	0	
0	0	0	0	0	0	0	0	0	2	0	66	118	0	3	0	0	3	0	100	166	0	4	0	0	3	0	95	183	0	3	0	0	3	0	92	166	0	3	0	0	2	0	65	193	0	1	0	0	2	0	38	160	0	0	0	0	0	0	0	0	0	0	0	
0	0	2	1	0	0	0	0	0	1	0	18	68	9	0	0	2	0	47	171	221	41	0	2	2	0	166	144	212	56	0	3	2	0	118	122	134	56	0	2	0	0	0	0	166	27	0	1	0	2	0	55	171	0	2	0	0	1	0	26	46	0	1	0	
0	0	2	0	0	0	0	0	1	0	6	176	115	54	12	0	2	0	169	168	30	50	18	0	1	0	139	178	102	8	0	1	0	1	0	20	156	168	0	1	0	0	7	0	8	200	25	0	2	0	67	137	163	130	0	0	0	0	2	12	10	1	0	0	
0	0	0	0	1	0	0	0	1	0	5	130	200	60	0	2	0	0	5	67	205	54	0	2	0	4	0	126	247	111	2	0	0	1	0	27	163	229	6	0	0	1	29	132	225	67	0	2	0	9	179	183	37	0	2	0	0	0	1	0	1	2	0	0	
0	0	0	0	0	1	0	0	0	2	0	43	152	40	0	2	1	0	22	187	158	183	0	1	1	0	8	183	224	123	0	0	1	0	0	176	223	69	0	3	3	0	93	129	105	135	0	4	3	0	79	204	165	20	0	1	0	0	0	47	16	0	1	0	
0	0	0	1	4	1	0	0	0	42	77	0	0	0	0	0	0	14	130	162	104	5	0	1	0	1	0	10	165	132	0	4	0	1	5	0	173	100	0	3	0	2	0	73	211	5	0	1	1	0	0	209	82	0	3	0	0	0	3	30	1	0	0	0	
0	1	0	18	56	5	0	0	0	1	0	31	125	103	0	3	0	0	3	0	40	138	0	2	0	1	0	23	167	45	0	2	1	0	20	164	52	0	2	0	3	0	157	100	17	34	0	1	2	0	61	117	88	23	0	1	0	0	0	0	0	0	0	0	
0	0	1	0	0	0	0	1	0	0	2	72	92	60	9	0	3	0	111	211	120	103	114	44	2	0	184	75	0	0	6	13	2	0	78	157	156	15	0	1	0	0	0	0	196	43	0	2	1	0	19	164	164	0	2	0	1	0	23	116	15	0	1	0	
0	0	0	0	0	0	0	0	0	3	0	85	107	0	3	0	0	3	0	102	148	0	4	0	0	4	0	122	121	0	4	0	0	4	0	160	104	0	3	0	0	4	0	125	145	6	1	1	0	2	0	35	181	62	0	2	0	0	0	0	2	1	0	0	
0	0	0	0	0	0	0	0	0	2	24	0	52	56	0	2	0	16	184	0	114	140	0	4	0	8	196	9	144	139	0	3	2	0	124	179	241	169	0	0	0	2	0	82	212	5	0	1	0	1	0	170	131	0	4	0	0	0	0	41	12	0	0	0	
0	0	2	0	0	0	0	0	0	1	3	0	73	66	0	2	0	134	117	0	138	200	0	2	0	171	193	38	190	198	0	2	0	111	254	199	216	201	0	1	0	4	29	0	102	246	10	0	0	1	2	0	50	229	22	0	0	0	2	0	2	27	2	0	
0	0	6	9	0	0	0	0	1	0	87	172	118	0	3	0	1	0	2	188	122	0	3	0	4	0	85	255	141	81	0	1	2	0	42	116	44	198	85	0	0	8	27	5	125	209	33	0	1	0	121	193	153	24	0	1	0	0	3	4	0	1	1	0	
0	1	0	8	5	0	2	0	1	0	136	161	133	103	3	0	0	53	181	3	2	111	131	0	0	87	110	0	6	0	148	66	0	85	131	0	7	0	126	73	0	20	183	60	10	99	168	7	2	0	53	162	157	139	23	0	0	1	0	1	2	0	1	1	
0	0	0	0	0	0	0	0	0	0	10	7	28	14	0	1	3	0	71	126	140	95	0	3	1	0	20	171	237	187	141	30	0	3	0	79	186	3	14	5	0	2	0	174	92	0	3	0	3	0	73	196	1	0	1	0	2	0	68	57	0	2	0	0	
0	0	0	0	1	0	0	0	0	2	0	75	49	0	2	0	0	4	0	145	110	0	4	0	0	3	0	84	149	0	4	0	0	3	0	89	152	0	4	0	0	3	0	110	136	0	4	0	0	3	0	111	117	0	4	0	0	1	0	15	19	0	1	0	
0	0	1	0	0	1	1	0	0	1	0	76	186	51	0	2	4	0	96	255	155	167	30	0	3	0	159	126	0	163	74	0	0	0	0	71	149	208	21	0	3	0	134	197	202	186	5	0	3	0	143	185	75	0	3	0	0	0	1	2	0	1	0	0	
0	0	0	2	0	0	0	0	0	0	3	0	85	55	0	2	0	4	0	76	245	32	0	2	2	0	38	173	208	143	14	0	0	17	222	210	220	192	28	0	0	34	133	47	195	120	0	4	0	0	2	0	129	70	0	2	0	1	4	3	0	0	0	0	
0	0	1	0	2	1	0	0	0	1	0	112	162	18	0	1	4	0	131	173	4	58	5	0	3	0	116	128	153	179	15	0	0	2	0	166	204	125	0	2	3	0	75	161	85	178	0	2	2	0	34	163	161	27	0	1	0	0	0	6	1	0	0	0	
0	0	0	0	1	0	0	0	0	0	2	0	73	21	0	1	0	0	0	6	111	4	0	0	0	2	0	56	113	0	3	0	0	3	0	90	71	0	3	0	0	3	0	110	39	0	1	0	0	2	0	73	22	0	1	0	0	0	0	0	0	0	0	0	
0	0	0	1	0	0	0	0	0	3	0	77	97	0	2	0	0	2	0	57	208	1	1	1	0	2	0	47	217	10	0	2	0	3	0	92	213	0	0	1	0	3	0	186	135	0	4	0	1	0	9	178	35	0	1	0	0	0	0	0	1	0	0	0	
0	0	0	0	3	3	0	0	0	12	11	3	0	0	0	0	66	186	172	167	180	114	0	2	8	13	13	7	122	162	0	3	0	0	3	0	87	149	0	4	0	1	4	0	132	150	0	4	0	0	4	0	106	198	0	0	0	0	1	0	22	151	15	0	
0	0	1	1	0	0	0	0	0	2	0	57	147	81	20	0	2	0	27	215	141	81	59	0	4	0	149	151	0	3	0	0	1	0	37	134	110	0	2	0	0	1	0	23	214	28	0	1	2	0	55	192	129	0	1	0	1	0	17	45	0	0	0	0	
0	0	2	0	0	0	0	0	0	0	2	89	34	1	1	0	3	0	99	187	166	50	0	2	0	27	247	113	191	127	27	12	0	24	179	202	249	198	91	13	0	0	4	0	169	102	0	4	0	1	5	0	81	162	2	0	0	0	0	0	3	27	2	0	
0	0	0	0	0	0	0	0	0	14	10	32	94	0	1	0	0	5	0	39	220	13	0	1	0	1	0	33	219	21	0	1	0	3	0	79	223	0	0	0	0	3	0	99	216	0	1	0	0	4	0	123	142	0	3	0	0	1	0	18	12	0	0	0	
0	0	0	0	0	0	0	0	0	0	4	13	37	63	1	0	2	0	42	203	197	213	3	0	0	0	2	5	133	170	0	3	2	0	49	201	234	121	0	0	3	0	52	253	78	0	3	0	3	0	87	184	0	4	0	0	2	0	45	50	0	2	0	0	
0	0	4	16	0	1	1	0	2	0	31	212	179	84	0	2	3	0	124	172	23	182	44	0	0	0	2	4	0	163	77	0	0	19	123	119	117	188	3	0	0	82	212	175	255	154	30	1	0	0	105	131	28	42	66	0	0	0	0	0	0	0	0	0	
