500	64	10
0	0	0	0	0	0	0	0	0	27	67	75	64	18	0	1	0	94	204	145	135	231	48	0	0	0	1	0	138	188	9	0	0	2	0	164	152	0	1	0	3	0	75	214	40	44	28	3	2	0	33	146	177	172	123	11	0	0	0	0	0	0	0	0	
0	0	0	0	0	0	0	0	0	63	116	138	110	19	0	1	3	108	91	43	167	93	0	3	1	0	13	159	243	80	0	3	0	3	5	40	89	183	31	0	0	0	7	7	0	106	113	0	3	0	62	166	135	164	40	0	0	0	0	26	62	31	0	1	
0	0	1	1	0	1	2	0	0	3	0	18	87	39	0	1	0	1	0	170	242	195	70	0	0	56	170	220	108	27	182	0	1	155	34	0	0	81	159	0	0	138	134	113	188	185	21	0	0	19	115	126	90	5	0	1	0	0	0	0	0	2	1	0	
0	0	1	1	0	0	0	0	0	0	3	0	59	83	0	2	1	0	19	28	147	56	0	1	2	0	118	80	121	0	0	0	0	0	145	159	201	111	29	0	0	1	0	81	133	30	14	0	0	3	0	63	69	0	3	0	0	0	0	13	12	0	1	0	
0	0	2	1	1	1	0	0	0	0	0	8	8	0	0	0	2	0	63	222	151	3	0	1	0	1	191	72	201	178	0	2	0	3	162	166	189	154	0	3	1	0	45	61	61	132	0	4	0	0	4	0	113	129	0	4	0	0	4	0	62	63	0	2	
0	0	1	2	1	0	0	0	0	0	0	0	0	14	30	21	1	0	19	78	110	137	124	64	3	0	81	178	91	0	1	0	0	0	1	0	132	38	0	3	0	4	161	191	165	10	0	1	0	1	94	77	6	0	0	0	0	0	0	0	0	0	0	0	
0	0	0	1	0	0	0	0	0	0	0	10	49	0	0	0	0	1	0	68	109	21	0	1	1	0	39	98	114	30	0	1	1	0	21	106	144	1	0	0	0	2	0	45	74	0	2	0	0	3	0	106	44	0	1	0	0	0	0	51	7	0	0	0	
0	0	2	0	20	48	0	0	0	1	0	5	172	136	0	1	1	0	5	164	99	0	2	0	2	0	60	142	0	3	0	0	2	0	69	118	74	92	0	2	1	0	19	213	236	169	0	3	0	2	0	66	146	82	0	2	0	0	0	0	0	0	0	0	
0	0	0	0	0	0	0	0	0	2	0	66	75	0	3	0	0	2	0	70	121	0	3	0	0	2	0	49	133	0	3	0	0	2	0	60	138	0	4	0	0	2	0	65	143	0	4	0	0	2	0	48	127	0	2	0	0	0	0	0	0	0	0	0	
0	0	0	0	0	2	2	0	0	3	1	11	23	1	0	0	0	109	192	164	200	169	55	0	0	20	37	7	11	213	75	0	0	0	3	0	137	166	0	2	0	2	0	35	203	22	0	1	1	0	0	193	79	0	3	0	1	0	22	122	0	1	0	0	
0	1	0	20	97	20	0	1	1	0	8	154	78	10	0	0	3	0	96	102	0	3	0	0	1	0	134	18	16	64	24	0	0	0	146	120	113	119	153	0	2	0	138	190	90	117	64	0	0	2	4	20	79	40	0	0	0	0	1	1	0	0	2	0	
0	0	1	0	0	3	1	0	0	1	0	70	157	54	0	2	3	0	112	168	54	124	25	0	3	0	110	185	147	171	11	0	0	3	0	172	255	43	0	2	2	0	60	164	140	82	0	3	2	0	34	215	162	25	0	1	0	0	0	40	11	0	0	0	
0	1	0	7	7	0	1	0	2	0	40	132	86	79	3	0	0	4	150	32	0	115	65	0	0	74	94	0	0	57	103	0	0	90	46	0	0	97	82	0	0	64	112	0	24	149	10	0	0	0	115	122	139	57	0	2	0	1	1	14	9	0	1	0	
0	0	1	2	0	0	0	0	0	0	0	2	21	11	0	0	1	0	13	99	89	87	0	2	3	0	71	153	131	61	0	2	0	0	2	59	156	11	0	1	0	2	0	53	101	0	3	0	0	2	0	124	52	0	2	0	0	0	2	102	8	0	0	0	
0	0	0	2	0	0	0	0	0	0	0	0	105	45	0	2	0	2	0	115	185	112	0	3	2	0	41	127	48	117	0	3	2	0	73	16	105	59	0	2	1	0	110	43	140	0	0	0	3	0	114	184	37	0	2	0	1	0	15	29	0	1	0	0	
0	0	0	2	0	0	0	0	0	0	1	1	115	154	22	0	0	2	0	159	160	161	126	0	4	0	104	198	0	116	135	0	0	2	187	49	0	206	70	0	0	56	166	0	149	144	0	2	0	2	173	198	130	0	1	0	1	0	28	29	0	2	0	0	
0	0	0	29	9	0	0	0	1	0	12	178	21	0	1	0	2	0	65	141	0	15	0	0	4	0	102	126	174	168	0	0	4	0	113	111	151	182	26	0	4	0	116	140	96	167	0	0	1	0	14	127	121	20	0	1	0	0	0	0	0	1	0	0	
0	0	0	0	1	0	0	0	0	0	0	1	1	92	12	0	0	0	3	0	108	168	0	2	0	0	0	3	174	37	0	2	0	3	0	105	131	0	4	0	0	0	1	165	29	0	1	0	3	0	94	106	0	3	0	0	1	0	28	14	0	0	0	0	
0	0	0	0	0	0	0	0	0	60	47	0	3	20	0	0	0	155	114	0	1	169	31	0	0	145	171	90	23	208	60	0	0	57	150	151	199	242	41	0	0	0	1	0	2	189	69	0	0	2	4	7	0	144	114	0	0	0	0	0	0	13	13	0	
0	0	0	0	0	0	0	0	2	0	88	142	169	59	0	2	0	0	23	6	95	147	0	4	0	2	0	8	158	46	0	2	1	0	57	225	179	100	97	9	0	84	246	209	137	105	66	6	0	22	23	0	0	0	0	0	0	0	0	1	4	4	2	0	
0	0	0	1	0	0	0	0	0	1	0	15	96	59	0	1	0	0	1	118	117	78	0	2	0	0	4	144	135	16	0	1	0	3	0	140	155	0	0	1	2	0	43	91	89	68	0	3	2	0	49	141	108	11	0	1	0	0	0	42	11	0	0	0	
0	0	0	3	5	0	0	0	0	0	101	130	149	55	0	2	0	1	27	30	129	153	0	2	2	0	56	174	241	114	0	4	0	0	1	0	16	166	21	0	0	16	61	22	77	195	17	0	0	21	148	170	163	50	0	2	0	0	0	1	0	1	1	0	
0	0	0	0	1	0	0	0	2	0	38	128	9	0	1	0	1	0	6	154	164	0	2	0	0	2	0	42	203	5	0	1	0	1	0	31	211	13	0	1	0	3	0	113	164	0	3	0	0	3	0	165	85	0	3	0	0	0	0	31	6	0	0	0	
0	0	0	0	1	0	0	0	0	0	2	2	0	83	32	0	0	0	2	0	48	169	3	0	2	0	76	61	106	102	0	4	1	0	186	121	176	90	8	0	1	0	31	114	162	9	7	0	0	2	0	75	68	0	2	0	0	0	0	25	7	0	0	0	
0	0	0	2	0	0	0	0	0	0	1	0	70	102	11	0	0	2	0	70	142	232	27	0	1	0	17	159	126	71	0	2	1	0	27	194	21	0	1	0	1	0	22	209	57	0	2	0	1	0	18	180	118	0	3	0	0	0	2	26	2	0	0	0	
0	0	0	0	0	0	0	0	0	0	6	43	46	70	77	34	2	0	130	149	121	107	84	38	0	15	201	83	67	7	0	0	0	3	61	72	112	150	25	0	0	3	89	75	50	200	54	0	0	0	105	173	165	87	0	1	0	0	0	0	0	0	0	0	
0	0	0	0	0	0	0	0	0	28	149	152	145	122	8	0	0	32	130	54	175	253	24	0	0	2	0	81	231	80	0	2	3	0	67	249	60	0	5	0	4	0	174	225	30	3	0	0	2	0	45	176	224	189	128	14	0	0	0	0	13	55	46	3	
0	1	0	35	64	0	2	0	1	0	11	168	63	0	2	0	4	0	99	146	0	3	1	0	4	0	137	86	0	31	0	1	4	0	122	110	119	192	76	0	2	0	33	212	205	209	109	0	0	1	0	24	84	67	0	0	0	0	1	1	0	0	1	0	
0	0	0	0	0	2	1	0	0	0	2	105	131	14	0	1	3	0	151	128	41	114	29	0	2	0	65	144	125	113	5	0	1	0	10	195	187	10	0	1	4	0	100	72	71	98	0	3	2	0	53	140	151	59	0	2	0	0	0	41	46	0	0	0	
0	1	2	2	4	0	0	0	0	0	0	0	0	13	2	0	0	2	153	139	117	176	0	0	0	74	111	58	186	129	0	4	0	2	3	0	146	46	0	2	0	2	0	49	160	0	2	0	0	4	0	125	91	0	3	0	0	2	0	95	23	0	1	0	
0	0	1	23	33	7	0	0	0	54	117	128	119	155	76	0	1	77	22	0	0	26	145	0	0	0	0	3	0	81	116	0	0	25	88	91	111	180	30	0	0	193	196	224	188	158	90	0	0	80	96	31	0	3	3	0	0	0	0	0	3	2	1	0	
0	0	2	1	0	0	1	0	0	1	0	31	140	108	6	0	1	0	58	180	138	143	38	0	1	0	169	121	122	167	8	0	1	0	0	199	239	11	0	1	1	0	23	154	150	65	0	2	4	0	92	193	121	16	0	1	1	0	17	36	4	0	0	0	
0	0	3	3	0	0	0	0	2	0	107	174	155	53	0	1	0	0	8	23	76	204	63	0	0	0	2	0	22	189	38	0	0	1	0	43	174	57	0	2	2	0	109	230	140	34	0	1	0	44	210	119	56	19	0	1	0	3	2	0	0	0	0	0	
0	0	0	0	1	0	0	0	0	0	2	0	54	59	0	2	0	0	3	0	164	87	0	3	0	1	0	21	169	7	0	1	0	3	0	111	142	0	3	0	1	0	3	169	29	0	1	0	3	0	91	123	0	3	0	0	1	0	30	14	0	0	0	0	
0	0	0	2	3	2	0	0	0	0	1	0	0	0	0	0	0	1	0	72	127	57	0	2	3	0	77	109	142	104	0	3	3	0	99	108	154	21	0	1	0	0	0	20	111	0	0	0	0	1	0	33	101	0	3	0	0	1	0	23	43	0	2	0	
0	0	1	0	0	0	0	0	0	1	0	46	39	116	76	0	2	0	50	240	118	107	215	4	1	0	194	101	0	92	202	0	0	68	209	2	0	203	83	0	0	98	164	19	190	156	0	3	0	24	208	232	138	6	0	1	1	0	27	24	0	2	0	0	
0	0	1	0	0	1	0	0	0	2	0	118	198	27	0	2	2	0	43	172	114	135	0	4	3	0	68	131	25	180	0	1	3	0	65	189	57	168	0	1	3	0	93	99	83	150	0	4	1	0	17	157	177	38	0	2	0	0	0	3	3	0	0	0	
0	0	0	2	0	0	0	0	0	0	2	0	11	93	0	1	0	0	11	52	55	140	0	3	2	0	94	64	51	92	0	3	0	45	202	88	144	164	55	0	0	36	67	47	119	3	3	0	0	2	0	44	56	0	2	0	0	1	3	5	2	0	0	0	
0	0	1	1	0	0	1	0	0	5	0	57	114	71	1	0	0	28	104	105	22	94	73	0	0	32	109	19	0	10	115	1	0	57	74	0	3	10	122	2	0	36	118	0	0	107	68	0	1	0	110	99	120	74	0	1	0	0	10	58	25	0	2	0	
0	0	2	0	0	0	0	0	0	0	0	5	23	48	77	35	3	0	75	160	153	145	108	32	0	6	195	174	82	0	1	0	0	4	12	7	98	81	0	4	0	7	47	58	142	82	0	3	0	35	199	204	104	0	1	0	0	0	0	0	0	1	0	0	
0	0	0	0	0	0	8	4	1	0	39	116	133	138	118	26	0	6	167	85	12	28	7	0	1	0	23	165	105	0	3	0	0	2	7	0	159	63	0	2	0	29	167	24	72	176	0	3	1	0	103	160	188	119	0	3	0	0	0	0	3	0	0	0	
0	0	0	11	70	0	0	0	0	5	11	85	99	0	2	0	1	0	23	137	3	0	1	0	3	0	76	68	5	54	0	1	2	0	99	28	98	166	41	0	3	0	79	177	166	126	22	0	0	0	3	72	69	16	0	1	0	0	1	0	0	1	1	0	
0	0	2	4	1	0	0	0	0	0	0	0	2	5	0	0	0	1	54	97	134	156	0	2	0	0	70	53	98	114	0	3	0	1	0	16	139	13	0	1	0	3	0	119	74	0	2	0	1	0	20	145	1	1	0	0	1	0	36	83	0	2	0	0	
0	0	2	0	75	31	0	1	0	2	0	70	149	4	0	1	1	0	13	152	23	0	1	0	3	0	89	96	0	3	0	0	3	0	125	41	59	112	5	0	2	0	56	186	199	183	20	0	0	1	0	49	60	19	0	1	0	0	2	1	0	1	1	0	
0	0	0	0	0	0	0	0	0	0	0	128	184	39	0	2	1	0	22	95	112	149	0	4	0	1	0	2	190	84	0	3	0	1	0	174	126	0	3	0	4	0	94	196	88	95	0	1	3	0	79	173	103	26	0	1	0	0	0	0	0	0	0	0	
0	0	0	0	0	0	0	0	1	0	12	137	142	2	0	1	0	0	13	24	61	108	0	2	1	0	17	93	138	26	0	1	1	0	15	81	94	49	0	1	0	0	10	0	22	136	0	1	2	0	84	122	119	56	0	2	0	0	0	12	6	0	0	0	
0	0	0	0	0	0	0	0	1	0	14	60	23	56	53	0	3	0	163	255	209	193	196	5	0	10	203	101	15	58	162	9	0	0	152	134	157	157	43	0	3	0	183	230	29	3	0	0	3	0	165	255	135	0	5	0	1	0	31	126	64	0	2	0	
0	0	0	0	0	0	0	0	0	0	1	1	0	76	16	0	0	0	3	0	55	105	0	2	1	0	41	49	85	37	0	1	4	0	125	127	131	14	0	1	1	0	36	85	121	0	1	0	0	1	0	28	58	0	2	0	0	0	0	15	12	0	0	0	
0	0	0	0	1	1	0	0	0	1	79	128	56	0	2	0	0	1	85	195	112	7	0	1	1	0	27	113	124	138	0	2	0	0	2	0	0	144	15	0	0	19	7	0	26	151	0	0	0	43	116	77	136	74	0	2	1	0	28	60	29	0	1	0	
0	0	1	1	0	0	0	0	0	0	0	3	17	67	0	1	1	0	23	89	70	92	0	3	2	0	112	43	114	55	0	1	0	5	136	120	162	98	46	0	0	2	0	59	73	0	3	0	0	2	0	89	37	0	1	0	0	0	0	15	2	0	0	0	
0	0	1	0	4	2	0	0	0	1	0	80	175	129	0	2	3	0	71	136	5	94	2	0	0	2	126	33	81	42	0	1	0	31	160	151	123	161	68	0	0	9	160	39	0	70	139	0	2	0	53	145	133	137	27	0	0	1	0	2	14	3	0	0	
0	0	0	0	1	0	0	0	0	0	2	0	46	68	0	2	0	0	3	0	152	87	0	3	0	1	0	32	160	0	0	0	0	3	0	93	110	0	3	0	0	2	0	140	40	0	1	0	0	5	12	129	13	0	0	0	0	0	2	24	0	0	0	0	
0	0	0	0	0	0	0	0	0	3	0	130	101	0	3	0	0	4	0	152	157	0	4	0	0	4	0	116	175	0	3	0	0	3	0	90	201	0	1	0	0	3	0	89	214	0	0	0	0	1	0	32	167	13	0	1	0	0	0	0	0	0	0	0	
0	0	0	0	0	1	1	0	1	0	22	162	177	27	0	1	4	0	143	130	89	223	34	0	0	38	164	12	0	136	94	0	0	66	128	0	0	94	119	0	0	30	201	72	9	163	76	0	2	0	53	180	200	114	0	1	0	1	0	0	2	0	0	0	
0	0	1	1	0	1	0	0	0	1	0	37	59	1	0	0	2	0	38	108	89	57	0	2	4	0	99	50	36	74	0	3	3	0	72	129	173	53	0	2	0	0	3	46	137	26	0	1	0	0	3	0	115	34	0	1	0	0	1	0	44	17	0	1	
0	0	1	0	38	10	0	0	0	2	0	43	173	8	0	1	0	3	0	141	64	0	3	0	1	0	20	149	1	0	0	0	2	0	47	111	79	124	7	0	1	0	10	199	122	145	26	0	0	1	0	60	117	67	0	1	0	0	0	0	0	0	0	0	
0	0	0	0	0	0	0	0	0	0	0	10	69	0	0	0	0	1	0	38	153	0	2	0	0	1	0	41	137	0	3	0	0	1	0	40	135	0	3	0	0	3	0	75	99	0	3	0	0	2	0	60	99	0	3	0	0	0	0	5	20	0	0	0	
0	0	0	2	0	2	5	0	0	0	1	3	0	72	81	0	0	0	1	78	5	125	24	0	3	0	95	92	21	111	0	2	0	17	155	7	90	91	1	0	0	8	108	122	191	74	17	0	0	1	0	22	100	0	1	0	0	0	2	3	3	2	1	0	
0	0	0	0	0	0	0	0	1	0	32	110	22	96	13	0	4	0	140	235	217	126	0	1	1	0	3	207	182	0	2	0	1	0	5	221	206	0	0	0	2	0	30	231	231	41	0	2	0	2	0	137	233	19	0	1	0	0	0	7	25	0	0	0	
0	0	0	2	0	1	0	0	0	0	0	7	77	16	0	1	0	0	0	122	117	43	0	0	1	0	22	143	54	152	0	0	0	0	2	82	225	83	0	3	0	1	0	31	154	1	0	0	0	2	0	152	62	0	2	0	0	0	0	72	10	0	0	0	
0	0	0	5	43	4	0	0	0	0	6	95	136	94	0	3	0	0	7	4	55	121	0	4	0	0	5	0	101	93	0	3	0	0	3	0	125	40	0	1	0	0	98	185	158	0	2	0	0	23	90	107	90	0	2	0	0	0	0	0	1	0	0	0	
0	0	2	0	1	2	0	0	0	0	0	19	14	0	2	0	2	0	79	134	152	159	11	0	1	0	71	0	128	127	0	3	0	1	0	30	167	6	0	1	0	2	0	124	72	0	2	0	2	0	60	152	0	2	0	0	3	0	100	50	0	2	0	0	
0	0	2	0	1	4	0	0	0	2	0	68	182	170	50	0	2	0	119	241	70	35	168	2	0	60	255	61	0	1	162	26	0	148	213	0	0	72	164	0	0	100	193	21	101	203	43	0	0	21	188	192	144	34	0	2	0	1	0	0	0	1	1	0	
0	0	5	23	13	0	0	0	0	12	102	133	176	67	0	2	0	1	7	0	60	149	0	3	0	1	3	0	131	125	0	5	1	0	25	150	168	9	0	1	0	84	208	254	184	160	148	19	0	26	14	8	27	28	47	15	0	0	0	0	0	0	0	0	
0	0	0	0	0	0	0	0	1	0	33	117	70	0	1	0	0	19	173	92	151	26	0	1	0	2	105	219	155	0	2	0	0	0	0	29	129	39	0	2	0	1	0	15	57	121	0	1	0	2	0	39	195	179	1	0	0	0	1	0	25	34	0	1	
0	0	0	0	0	0	0	0	0	3	104	137	116	21	0	1	0	2	27	81	215	77	0	3	0	6	149	238	197	10	0	1	0	0	34	49	137	167	1	0	0	0	0	3	0	127	108	0	1	0	104	147	139	167	64	0	0	0	20	61	62	18	0	1	
0	0	1	1	0	0	0	0	0	0	1	0	24	63	0	2	1	0	20	5	40	102	0	3	4	0	100	39	34	89	0	3	3	0	132	111	115	102	0	3	1	0	60	55	121	73	0	3	0	0	2	0	69	36	0	1	0	0	2	3	1	1	0	0	
0	0	0	0	0	0	0	0	2	0	86	138	99	16	0	1	1	0	43	65	161	169	0	3	2	0	79	210	195	14	0	1	0	0	4	17	144	98	0	2	0	4	4	0	34	176	0	0	0	48	148	123	165	100	0	2	1	0	33	71	32	0	1	0	
1	0	13	57	8	0	0	0	1	0	22	130	166	33	0	2	0	0	3	0	96	114	0	4	0	0	8	0	132	78	0	3	0	1	0	40	151	0	0	0	0	13	89	209	169	96	5	0	0	29	133	86	91	89	5	0	0	0	0	0	0	0	0	0	
0	0	0	3	1	2	0	0	0	0	1	0	1	0	0	0	0	0	0	83	121	149	12	0	3	0	92	130	132	137	0	1	2	0	58	116	165	13	0	1	0	2	0	78	86	0	3	0	1	0	10	125	14	0	0	0	3	0	76	83	0	3	0	0	
0	1	1	1	2	0	0	0	1	0	20	141	163	11	0	1	0	6	174	68	127	60	0	1	0	22	186	92	188	72	0	2	3	0	89	219	158	132	25	0	4	0	131	80	0	165	157	0	2	0	66	151	143	131	31	0	0	0	0	0	0	0	0	0	
0	1	0	13	39	3	0	0	1	0	81	165	136	114	0	1	0	1	127	44	0	146	40	0	0	2	1	0	19	145	17	0	1	0	26	89	239	128	0	3	0	141	254	175	122	152	129	0	0	74	58	0	0	1	17	1	0	0	0	3	5	3	0	0	
0	0	0	10	71	0	0	0	0	2	0	43	172	0	1	0	0	3	0	100	143	0	4	0	0	0	71	158	131	0	4	0	0	2	2	45	151	16	5	0	3	0	88	235	240	194	42	0	1	0	41	59	15	8	1	0	0	0	0	0	0	0	0	0	
0	1	1	0	0	1	1	0	1	0	72	207	148	6	0	1	0	47	240	160	226	171	0	2	0	151	230	0	46	255	80	0	0	107	255	88	1	232	159	1	0	0	175	234	104	234	208	1	1	0	18	129	217	149	35	0	0	1	2	0	0	0	1	0	
0	0	1	0	3	2	0	0	0	1	0	31	112	84	0	2	0	0	1	148	45	109	16	0	2	0	58	102	0	102	23	0	3	0	87	58	0	119	2	0	4	0	100	45	90	80	0	3	2	0	49	154	85	0	1	0	0	0	0	8	1	1	0	0	
0	0	0	2	2	0	0	0	0	0	1	0	2	16	3	0	0	1	0	41	104	95	9	0	2	0	60	126	124	87	0	2	2	0	53	109	141	3	0	0	0	2	0	86	39	0	1	0	1	0	27	116	0	1	0	0	2	0	58	36	0	1	0	0	
0	1	1	0	0	2	0	0	1	0	30	94	45	0	1	0	0	13	187	128	162	89	0	2	0	64	170	0	40	220	16	0	0	32	188	84	158	240	20	0	2	0	51	140	94	190	29	0	0	1	2	0	21	192	12	0	0	0	2	3	8	65	3	0	
0	0	0	0	0	0	0	0	2	0	51	144	109	21	0	1	1	0	41	61	77	173	5	0	1	0	26	112	185	62	0	2	1	0	33	76	96	122	0	1	0	0	2	0	121	135	0	3	0	23	135	152	115	7	0	1	0	7	52	22	0	2	0	0	
0	0	0	0	0	0	0	0	0	11	14	21	36	27	2	0	0	104	146	132	121	173	68	0	0	0	0	0	0	141	27	0	0	0	3	0	94	116	0	3	0	1	0	31	152	10	0	1	0	3	0	146	110	0	3	0	0	1	0	123	47	0	1	0	
0	0	0	0	0	0	0	0	1	0	8	120	92	17	0	0	1	0	16	64	106	166	3	0	2	0	43	147	125	11	0	1	1	0	28	67	118	43	0	2	0	0	3	0	129	79	0	3	0	15	98	126	103	2	0	0	0	7	52	28	0	1	0	0	
0	0	0	1	1	0	0	0	3	0	78	208	182	61	0	2	0	0	5	17	193	164	0	4	0	11	74	182	232	38	0	2	0	43	234	239	222	100	0	1	2	0	53	167	240	245	25	0	3	0	69	213	146	68	0	0	0	0	0	0	0	0	0	0	
0	0	1	1	0	2	0	0	0	0	0	5	29	3	0	0	1	0	18	97	103	105	0	1	1	0	112	61	115	112	0	3	1	0	38	88	144	0	0	0	0	3	0	77	90	0	3	0	0	0	5	121	13	0	0	0	1	0	38	70	0	2	0	0	
0	0	0	0	1	0	0	0	0	0	1	0	84	10	0	0	0	0	1	0	141	19	0	1	0	1	0	20	146	0	0	0	0	2	0	64	121	0	3	0	0	3	0	129	54	0	2	0	0	0	8	117	4	0	0	0	0	0	0	0	1	0	0	0	
0	0	0	0	0	4	3	0	0	0	0	0	4	118	17	0	0	0	3	0	90	126	0	3	0	0	0	13	138	13	0	1	0	2	0	162	80	0	3	0	2	0	66	145	0	1	3	3	0	4	113	23	0	0	5	5	0	2	5	1	1	0	0	0	
0	0	0	7	2	0	0	0	0	0	0	109	122	29	0	1	0	0	1	0	28	143	4	0	0	1	0	37	90	78	0	1	0	1	0	97	172	39	0	2	0	18	8	0	51	102	0	4	0	58	118	54	101	61	0	2	0	0	12	19	12	0	0	0	
0	0	2	1	0	4	13	2	0	1	0	30	120	140	120	14	2	0	119	150	39	1	2	0	0	3	64	85	135	50	0	2	0	0	3	0	84	140	0	4	0	49	89	127	173	57	0	2	0	71	191	176	66	0	1	0	0	0	0	0	0	1	0	0	
0	0	0	0	0	0	0	0	0	0	24	43	42	2	0	0	0	8	151	127	183	80	0	3	0	2	0	16	159	33	0	2	0	3	0	75	110	0	3	0	0	0	2	0	117	53	0	2	0	0	0	38	162	71	0	3	0	0	0	80	75	0	1	0	
0	0	0	17	10	0	1	0	2	0	87	224	183	45	0	2	1	0	60	47	27	151	37	0	0	2	1	1	0	153	41	0	0	0	50	82	176	112	0	4	0	98	255	227	203	116	56	4	0	63	99	5	0	21	50	7	0	0	0	1	3	0	0	0	
0	0	1	2	0	2	0	0	0	0	0	4	30	3	0	0	1	0	6	133	154	99	0	3	3	0	126	66	73	143	0	4	2	0	123	131	189	25	0	1	0	0	0	58	138	0	2	0	0	3	0	84	111	0	3	0	0	2	0	66	65	0	2	0	
0	0	0	0	0	0	0	0	0	30	138	109	94	55	1	0	0	21	53	24	39	195	44	0	2	0	67	137	202	125	0	2	1	0	29	52	36	136	33	0	1	0	41	18	17	214	37	0	1	0	130	152	160	102	0	1	1	0	17	50	13	0	1	0	
0	2	4	2	0	0	0	0	0	0	0	0	9	5	0	0	0	44	111	117	182	155	0	3	0	57	87	11	147	105	0	3	0	1	0	27	186	13	0	1	0	5	0	123	113	0	3	0	0	3	0	158	73	0	2	0	0	2	0	83	34	0	1	0	
0	0	0	0	1	0	0	0	0	0	2	0	47	45	0	2	0	0	1	0	122	23	0	1	0	1	0	29	105	0	2	0	0	2	0	78	68	0	2	0	0	2	0	89	26	0	1	0	0	0	8	84	0	0	0	0	0	0	4	15	0	0	0	0	
0	0	0	0	0	1	0	0	0	43	57	66	25	0	1	0	0	74	62	83	141	49	0	2	0	0	3	0	138	83	0	2	2	0	60	137	199	114	44	0	1	0	44	99	136	0	3	0	0	1	0	29	139	0	3	0	0	0	2	3	49	2	0	0	
0	0	1	0	31	71	0	1	0	0	0	0	125	51	0	2	0	2	0	71	81	0	2	0	0	0	3	109	9	0	0	0	1	0	32	153	84	22	0	1	1	0	5	192	234	64	0	3	0	1	0	41	59	4	0	0	0	0	0	0	0	0	0	0	
0	0	0	0	2	0	0	0	1	69	81	22	0	1	0	0	0	151	248	249	70	0	2	0	1	0	4	126	242	29	0	2	0	2	2	0	191	135	0	4	0	0	5	0	146	198	0	2	0	0	4	0	151	197	0	1	0	0	2	0	54	41	0	1	
0	0	0	0	0	0	0	0	0	0	14	22	27	11	0	0	2	0	67	129	101	159	53	0	0	0	2	0	44	132	4	0	0	1	0	30	147	18	0	1	0	1	0	132	59	0	2	0	1	0	91	91	0	2	0	0	0	34	100	0	2	0	0	0	
0	0	2	0	0	1	0	0	1	0	8	80	46	0	1	0	0	0	114	106	134	22	2	0	0	25	135	0	78	159	0	0	2	0	101	114	189	110	0	4	0	0	6	19	115	45	0	2	0	0	3	0	144	30	0	1	0	0	1	0	56	6	0	0	
0	0	3	9	0	0	0	0	1	0	16	113	104	20	0	1	0	0	0	0	137	102	0	4	2	0	54	172	173	2	0	1	0	0	7	0	100	80	0	3	0	15	25	0	118	97	0	4	0	27	146	145	112	4	0	0	0	0	7	12	0	0	0	0	
0	0	0	0	0	0	0	0	0	2	68	124	139	102	2	0	0	9	116	80	30	178	44	0	0	0	2	0	61	168	0	1	0	1	5	1	145	45	0	2	0	3	0	131	165	9	0	1	0	24	162	211	163	75	0	3	0	6	52	15	0	1	0	0	
0	0	2	1	1	1	0	0	0	0	0	0	0	8	14	0	2	0	58	125	81	172	58	0	1	0	49	5	80	97	0	2	0	1	0	36	126	0	1	0	0	1	0	131	57	0	2	0	2	0	76	93	0	3	0	0	0	6	99	8	0	0	0	0	
0	0	0	1	0	5	1	0	0	0	0	7	82	112	53	0	0	2	0	120	105	146	48	0	0	4	0	99	211	49	0	2	2	0	42	138	201	1	0	0	0	0	171	141	142	0	1	0	0	20	181	122	22	0	1	0	0	0	1	1	1	0	0	0	
0	0	0	1	2	0	0	0	0	0	0	1	0	40	7	0	0	1	0	15	103	85	0	1	0	2	0	104	131	0	1	0	0	1	0	152	113	32	3	0	1	0	13	103	6	2	0	0	2	0	59	54	0	2	0	0	1	0	30	7	0	0	0	0	
0	0	0	2	0	1	0	0	0	0	0	4	129	73	0	2	0	1	0	134	174	130	11	0	2	0	70	108	0	95	30	0	0	0	148	23	0	159	19	0	0	27	133	0	68	126	0	2	0	8	128	110	105	1	0	0	1	0	20	60	9	0	1	0	
0	0	1	4	0	0	0	0	2	0	56	152	126	45	0	2	0	0	5	16	32	137	3	0	0	0	3	0	55	114	0	2	0	2	0	52	154	56	0	0	1	0	75	231	158	108	1	0	0	66	133	62	21	1	0	0	0	6	1	0	0	2	0	0	
0	0	0	0	1	2	0	0	0	0	51	88	41	0	1	0	0	21	146	128	161	71	0	3	0	2	3	0	73	145	0	4	1	0	31	104	196	186	101	0	0	75	241	157	34	5	134	44	0	44	46	0	1	0	2	2	0	0	0	3	2	1	2	0	
0	0	0	0	1	0	0	0	0	0	2	0	51	70	0	2	0	0	1	0	128	38	0	1	2	0	42	94	94	0	2	0	1	0	12	196	133	17	0	1	0	3	0	103	71	9	0	1	0	0	9	76	0	0	0	0	0	0	3	14	0	1	0	0	
0	0	2	3	3	1	0	0	0	0	0	0	0	9	12	0	1	0	41	109	91	174	43	0	0	2	128	53	96	125	0	3	0	1	0	12	121	10	0	0	0	2	0	101	58	0	2	0	2	0	65	92	0	2	0	0	0	5	97	11	0	0	0	0	
0	0	0	2	0	0	0	0	0	0	1	0	58	79	11	2	0	2	0	62	123	101	91	0	0	0	4	120	119	117	3	0	1	0	11	184	108	0	2	0	1	0	113	58	113	0	2	0	0	0	132	112	48	0	2	0	1	0	28	35	0	1	0	0	
0	0	1	0	4	3	0	0	0	2	0	94	142	0	2	0	2	0	24	231	204	53	0	2	3	0	151	107	26	182	0	0	2	0	163	32	0	175	15	0	1	0	175	53	87	177	0	2	2	0	71	191	180	56	0	2	0	0	0	3	1	0	0	0	
0	0	1	2	3	1	0	0	0	0	0	0	0	11	4	0	1	0	13	59	88	171	11	0	2	0	103	94	162	114	0	4	0	0	9	0	120	18	0	1	0	2	0	70	102	0	3	0	0	0	0	138	27	0	1	0	1	0	40	96	0	2	0	0	
0	0	1	2	0	0	1	0	0	1	0	12	187	76	0	2	1	0	18	165	124	198	58	0	1	0	172	115	0	174	107	0	0	73	180	0	23	194	13	0	0	121	173	50	174	155	0	3	0	16	161	219	119	2	0	0	0	0	0	0	0	1	0	0	
0	0	0	1	3	56	2	0	0	0	3	0	99	99	0	2	0	2	0	56	131	0	0	0	0	0	0	139	31	0	1	0	2	0	49	99	0	3	0	0	3	0	60	178	189	91	0	3	1	0	12	74	70	13	0	1	0	0	0	0	0	0	0	0	
0	0	1	2	0	2	1	0	0	0	0	1	33	11	0	0	1	0	5	101	114	99	18	0	3	0	104	70	53	169	24	0	1	0	53	93	183	27	0	1	0	3	0	91	75	0	3	0	1	0	35	136	0	1	0	0	2	0	66	67	0	2	0	0	
0	1	13	16	9	0	0	0	0	16	125	121	124	82	0	2	0	0	1	6	91	161	0	0	2	0	90	170	205	53	0	2	0	0	8	0	15	144	13	0	1	11	0	1	65	166	10	0	0	110	142	140	138	39	0	2	0	3	15	9	0	1	0	0	
0	0	0	0	0	0	0	0	0	0	2	31	56	51	0	0	1	0	13	102	52	118	61	0	0	0	1	0	7	103	26	0	0	80	144	132	182	122	28	0	0	117	130	55	20	41	64	1	0	0	0	0	0	0	0	0	0	3	3	2	1	2	2	0	
0	0	0	0	12	36	0	1	0	0	0	4	121	73	0	2	0	2	0	103	62	0	2	0	1	0	34	107	0	3	0	0	3	0	70	138	110	39	0	2	2	0	51	179	61	105	0	3	0	1	0	65	120	31	0	1	0	0	1	0	0	0	0	0	
0	0	0	0	0	1	0	0	2	0	49	218	211	33	0	2	4	0	149	163	168	170	0	3	2	0	200	94	3	214	30	0	2	0	201	104	0	172	145	0	4	0	141	218	85	240	112	0	1	0	17	133	211	126	0	1	0	0	1	0	0	0	1	0	
0	0	0	0	0	0	0	0	0	0	1	80	98	75	65	25	1	0	16	229	90	10	25	13	1	0	23	151	167	52	0	2	0	0	1	0	27	165	1	0	0	7	46	22	90	159	0	1	0	2	164	198	162	35	0	2	0	0	8	5	0	0	0	0	
0	0	2	1	0	0	0	0	0	2	0	15	27	9	4	0	2	0	54	149	122	172	14	0	2	0	64	23	49	125	0	3	0	0	3	0	127	52	0	2	0	1	0	35	115	0	1	0	0	0	0	126	41	0	1	0	1	0	38	99	0	2	0	0	
0	0	0	2	3	0	0	0	0	0	0	0	0	12	60	51	0	1	0	45	110	126	86	26	2	0	55	109	42	3	0	0	0	3	121	29	0	2	3	1	0	4	64	112	65	0	2	0	1	0	64	125	63	0	2	0	0	0	10	11	0	0	0	0	
0	0	0	0	2	1	0	0	0	0	0	2	0	58	31	0	0	0	3	0	78	192	18	0	0	0	0	8	202	54	0	2	0	3	0	110	107	0	4	0	2	0	47	175	2	1	0	0	2	0	114	63	0	2	0	0	0	5	60	2	0	0	0	0	
0	1	1	1	5	0	1	0	1	0	12	62	186	141	0	1	1	0	179	95	4	218	104	0	0	86	188	0	0	55	172	0	0	143	67	0	0	92	179	0	0	152	143	15	96	229	63	0	0	56	206	199	193	58	0	2	0	0	0	0	0	1	2	0	
0	0	1	1	0	1	0	0	0	1	0	40	94	36	56	0	2	0	37	154	76	162	38	0	4	0	95	135	132	61	0	2	0	0	0	179	182	2	0	0	2	0	61	108	80	133	0	4	3	0	75	176	132	44	0	2	0	0	0	47	19	0	1	0	
0	0	0	0	2	0	0	0	0	0	1	0	41	100	0	2	0	0	2	0	168	115	0	3	0	1	0	34	175	0	0	0	0	3	0	105	137	0	3	0	0	0	0	162	38	0	1	0	1	0	38	133	0	2	0	0	0	0	11	18	0	1	0	0	
0	1	0	25	77	0	1	0	0	2	0	147	75	0	2	0	2	0	59	151	0	3	1	0	2	0	141	58	4	25	0	1	0	0	162	40	111	167	34	0	3	0	89	220	163	189	52	0	0	0	0	28	82	60	0	1	0	0	1	0	0	0	0	0	
0	0	2	2	1	3	0	0	0	0	0	0	0	0	0	0	2	0	51	156	137	142	6	0	2	0	66	49	42	179	0	0	0	0	3	0	123	70	0	3	0	1	0	47	142	0	2	0	0	0	0	133	49	0	2	0	2	0	65	105	0	3	0	0	
0	0	0	0	0	0	0	0	0	0	20	80	98	8	0	1	0	13	92	93	145	131	0	3	0	2	3	0	107	120	0	3	0	0	0	121	202	21	1	0	0	65	171	215	159	159	101	0	0	70	39	0	0	2	10	0	0	0	0	1	1	1	0	0	
0	0	0	2	1	0	0	0	0	0	1	0	15	13	0	0	0	2	0	64	147	128	0	1	1	0	26	161	68	97	0	2	1	0	21	124	217	63	0	3	0	1	0	34	145	0	1	0	0	2	0	116	56	0	2	0	0	0	11	90	0	1	0	0	
0	1	0	0	0	0	0	0	0	0	2	1	22	18	0	0	0	34	150	157	172	218	53	0	0	11	21	3	43	209	38	0	0	1	0	20	217	88	0	3	1	0	0	188	127	0	3	0	2	0	129	106	0	4	0	0	0	39	107	0	3	1	0	0	
0	0	0	2	0	0	0	0	0	0	0	0	49	78	11	0	0	1	0	80	108	107	22	0	0	0	2	132	134	125	0	1	0	2	0	57	200	18	0	1	1	0	20	163	29	0	1	0	2	0	155	68	0	3	0	0	0	5	74	3	1	0	0	0	
0	0	0	0	3	2	0	0	0	0	0	1	0	0	15	38	0	0	0	9	66	100	99	46	0	0	4	106	72	27	1	0	2	0	69	75	0	2	1	2	0	4	98	108	14	0	1	0	0	2	68	102	12	0	1	0	0	0	3	5	0	0	0	0	
0	0	0	2	0	1	0	0	0	0	0	7	85	32	3	0	0	0	0	85	51	85	39	0	1	0	18	109	96	84	0	1	0	3	0	125	107	0	3	0	1	0	18	172	38	0	2	0	3	0	84	154	0	1	0	0	1	0	19	17	0	0	0	0	
0	0	0	1	0	0	0	0	0	0	0	2	68	33	0	1	0	1	0	86	90	58	0	2	1	0	38	97	38	111	0	2	1	0	16	91	189	29	0	1	0	2	0	73	96	0	3	0	1	0	8	125	12	0	0	0	1	0	18	41	0	1	0	0	
0	0	0	2	0	41	44	0	0	0	2	0	60	124	12	0	0	2	0	52	129	6	0	1	0	0	3	129	20	0	1	0	3	0	75	141	82	81	0	1	3	0	87	174	99	120	0	2	0	0	1	62	62	3	0	0	0	0	0	0	0	1	0	0	
0	0	0	1	0	0	0	0	0	1	0	12	62	63	54	5	0	1	0	94	93	51	52	5	1	0	21	152	58	0	1	0	0	0	2	0	145	57	0	2	0	55	103	91	129	19	0	1	0	29	81	56	7	0	0	0	0	0	0	0	1	1	0	0	
0	0	0	0	0	0	0	0	1	0	11	58	49	0	0	0	1	0	29	71	165	48	0	3	0	1	0	29	130	12	0	1	0	0	87	186	88	87	116	38	0	26	156	114	90	68	54	20	0	0	0	0	0	0	0	0	0	0	3	4	4	2	2	1	
0	0	0	2	0	35	7	0	0	0	1	0	114	118	0	0	0	2	0	67	150	0	0	0	1	0	7	142	19	0	1	0	3	0	89	144	98	98	0	3	4	0	126	171	142	57	0	2	2	0	46	129	38	0	1	0	0	0	0	0	1	1	0	0	
0	0	0	0	1	1	0	0	1	0	18	52	8	0	0	0	2	0	39	137	158	77	0	4	0	1	0	14	170	42	0	2	1	0	18	187	104	21	69	40	0	0	179	211	124	123	89	25	0	3	18	0	0	0	0	0	0	0	0	0	1	3	3	1	
0	0	1	1	0	6	4	0	0	1	0	32	132	168	131	0	2	0	42	202	61	5	19	4	1	0	18	165	118	51	11	0	1	0	3	148	216	63	0	2	4	0	109	122	168	79	0	3	3	0	100	196	112	0	8	11	0	0	0	5	0	0	1	2	
0	0	0	0	2	0	0	0	0	0	0	0	6	110	13	0	0	0	3	0	120	151	0	2	0	1	0	36	193	11	0	1	0	2	0	162	80	0	3	0	3	0	84	137	0	3	0	0	0	17	137	14	0	1	0	0	0	14	20	0	1	0	0	0	
0	0	1	4	2	1	3	0	0	0	0	0	0	0	0	0	1	0	24	113	52	24	123	10	1	0	164	165	127	201	80	0	0	5	26	0	93	86	0	2	0	2	0	83	124	0	3	0	2	0	51	119	2	1	0	0	0	2	122	16	0	1	0	0	
0	0	0	2	1	0	0	0	0	0	1	0	5	24	27	10	0	0	0	56	124	113	86	25	1	0	111	179	37	0	2	0	0	2	7	27	124	0	3	1	0	23	52	72	110	0	2	0	0	13	102	89	5	0	0	0	0	0	0	0	1	0	0	0	
0	0	2	1	0	0	0	0	0	10	0	36	104	118	92	4	2	0	59	134	74	58	18	1	0	63	236	122	52	0	0	0	0	33	65	70	118	119	0	0	0	0	1	0	11	181	19	0	2	0	98	149	177	96	0	2	1	0	20	67	32	0	1	0	
0	0	1	2	2	3	0	0	1	0	0	0	0	0	0	0	12	0	26	97	87	62	7	0	0	0	86	26	73	180	0	0	0	0	0	0	126	34	0	1	0	2	0	108	88	0	3	0	2	0	54	124	0	2	0	0	1	0	28	27	0	1	0	0	
0	0	0	5	6	0	0	0	1	0	36	117	129	44	0	2	0	0	3	0	101	123	0	4	2	0	49	159	209	22	0	1	1	0	16	13	84	111	0	3	0	20	13	0	86	135	0	3	0	56	153	113	100	7	0	1	0	0	7	2	0	1	0	0	
0	0	0	1	3	1	0	0	0	0	1	1	0	2	62	44	0	0	0	24	83	115	80	11	2	0	69	93	48	7	0	0	2	0	107	79	0	1	3	0	0	21	27	107	91	0	3	0	0	21	88	70	16	0	1	0	0	0	0	0	0	0	0	0	
0	0	1	2	0	0	1	0	0	0	1	1	68	114	39	0	0	2	0	164	194	134	158	0	3	0	122	200	0	6	194	34	0	91	171	8	0	87	186	0	0	154	123	16	117	194	27	0	0	50	181	176	148	18	0	2	0	0	0	0	0	1	2	0	
0	0	0	0	1	0	0	0	0	0	1	0	28	81	0	1	0	0	2	0	120	65	0	2	0	2	0	57	128	0	2	0	0	1	0	129	39	0	1	0	1	0	21	114	0	2	0	0	2	0	49	74	0	3	0	0	0	0	9	11	0	0	0	0	
0	0	0	0	1	1	0	0	0	0	0	2	0	49	57	0	0	0	2	0	39	166	18	0	0	0	1	4	144	37	0	2	0	2	0	92	68	0	3	0	2	0	86	105	0	2	0	0	0	31	123	0	1	0	0	0	0	14	17	0	1	0	0	0	
0	0	0	0	0	0	0	0	0	16	121	133	119	83	0	1	0	21	59	16	22	186	42	0	0	1	53	83	174	105	0	1	0	6	124	109	150	81	0	3	0	0	2	0	67	167	0	3	0	89	129	113	146	29	0	1	0	15	66	53	8	0	0	0	
0	0	0	1	0	12	5	0	0	0	0	7	78	107	53	0	0	0	0	93	74	103	27	0	1	0	18	133	114	56	0	2	0	1	0	155	103	0	3	0	3	0	82	106	145	5	0	0	3	0	82	157	56	0	2	0	0	0	1	9	0	0	0	0	
0	0	0	1	0	1	0	0	0	0	2	1	0	33	67	0	0	0	0	35	0	141	54	0	1	0	61	63	59	93	0	2	0	29	192	84	176	121	42	0	0	5	23	94	116	15	20	0	0	1	0	82	20	0	1	0	0	0	7	21	0	2	1	0	
0	0	1	1	0	0	0	0	0	1	0	16	82	22	0	1	1	0	10	88	70	44	0	2	2	0	41	108	102	86	0	3	0	2	0	68	193	11	0	1	0	1	0	112	44	0	1	0	2	0	70	87	0	3	0	0	1	0	44	15	0	0	0	0	
0	0	2	1	1	1	0	0	0	1	0	7	2	16	57	0	1	0	30	129	46	115	42	0	0	11	135	13	105	53	0	2	0	21	126	120	162	83	28	0	1	0	5	133	30	0	1	0	2	0	68	66	0	2	0	0	0	0	21	4	0	0	0	0	
0	0	0	0	3	1	0	0	0	0	0	1	0	2	44	22	0	0	0	11	73	108	77	14	0	0	6	93	60	10	0	0	1	0	56	50	0	2	2	1	1	0	66	96	2	0	0	0	0	23	79	81	4	0	0	0	0	0	10	2	0	0	0	0	
0	0	0	0	1	0	0	0	0	0	0	2	0	92	54	0	0	0	3	0	81	183	8	0	0	1	0	20	183	27	0	1	0	2	0	169	84	0	3	0	3	0	77	141	0	3	0	0	0	7	137	21	0	1	0	0	0	9	29	0	1	0	0	0	
0	0	0	1	0	1	1	0	0	1	0	20	121	42	40	44	0	0	3	129	50	89	142	15	0	0	2	142	127	116	13	0	1	0	17	149	166	0	1	1	0	0	128	47	143	20	0	1	0	37	177	123	80	0	2	0	0	4	38	15	0	1	0	0	
0	0	0	0	7	43	0	0	0	0	1	0	123	106	0	1	0	3	0	94	141	0	2	0	0	0	8	146	9	0	1	0	3	0	67	149	81	41	0	2	3	0	84	200	166	80	0	3	1	0	9	116	98	0	0	0	0	0	0	0	0	1	0	0	
0	0	0	1	0	9	3	0	0	1	0	15	106	126	90	0	1	0	6	152	95	102	100	0	1	0	6	198	146	52	7	0	3	0	85	132	143	5	0	0	0	19	157	27	153	35	0	1	0	21	151	158	76	0	2	0	0	0	6	3	0	0	0	0	
0	0	0	1	0	0	0	0	0	0	0	0	47	49	0	0	0	7	0	63	104	93	5	0	0	2	0	68	164	92	0	3	0	1	0	22	138	10	0	1	1	0	9	127	35	0	1	0	2	0	95	56	0	2	0	0	0	5	43	0	2	0	0	0	
0	0	2	0	0	0	1	1	0	2	0	46	52	50	46	0	2	0	89	101	15	161	153	23	0	43	173	3	1	0	131	43	0	119	74	0	0	99	131	0	0	98	147	93	141	124	8	0	0	2	83	99	32	0	2	0	0	1	0	0	0	3	1	0	
0	0	0	2	0	0	0	0	0	3	0	95	78	0	3	0	0	3	0	96	165	0	3	0	0	3	0	71	164	0	3	0	0	3	0	73	163	0	3	0	0	3	0	71	207	0	0	0	0	2	0	38	165	5	0	1	0	0	0	0	0	0	0	0	
0	1	0	0	0	0	1	0	3	0	90	184	164	99	0	1	0	83	231	84	35	179	66	0	0	48	46	0	0	151	86	0	0	0	7	29	37	181	9	0	0	17	172	199	255	104	0	2	0	19	180	153	81	158	47	0	0	0	1	2	0	1	0	0	
1	0	0	0	0	0	0	0	0	26	99	132	105	3	1	0	25	164	72	85	204	9	0	1	14	7	50	215	203	128	13	0	1	0	29	45	0	116	143	0	0	1	43	15	0	136	136	0	0	10	184	158	157	130	10	0	0	0	0	30	19	0	1	0	
0	0	3	0	0	0	0	0	0	0	1	0	54	17	0	1	0	2	71	0	145	26	0	1	2	0	148	68	141	28	25	3	3	0	110	171	201	122	83	0	0	1	0	17	150	1	0	0	0	0	0	2	140	10	0	0	0	0	0	0	21	2	0	0	
0	0	0	0	0	0	7	1	0	0	4	41	100	161	154	16	3	0	147	155	87	60	10	0	2	0	181	169	88	10	0	1	0	8	115	51	103	161	2	0	0	79	51	0	41	195	15	0	0	36	147	156	158	56	0	2	0	0	0	7	0	0	0	0	
0	0	9	79	2	0	0	0	3	0	121	150	0	4	3	0	0	38	203	16	0	1	0	0	0	114	117	0	50	199	103	2	0	121	101	0	168	100	209	29	0	26	181	185	208	191	102	0	1	0	9	69	82	85	9	0	0	1	2	0	0	0	2	0	
0	0	1	0	0	0	0	0	0	6	4	9	58	15	0	1	0	51	178	167	232	43	0	2	0	0	25	15	180	36	0	2	0	1	0	15	194	18	0	1	0	2	0	57	166	0	2	0	0	3	0	98	207	2	0	1	0	1	0	39	62	0	1	0	
0	0	0	0	0	2	1	0	1	0	78	131	76	1	3	2	0	68	196	42	64	58	195	53	0	22	180	37	50	215	83	0	2	0	30	203	196	33	0	2	1	0	11	183	164	0	3	0	3	0	87	209	142	5	0	0	0	0	8	50	17	0	1	0	
0	0	3	1	0	0	0	0	0	1	0	4	24	3	0	0	2	0	95	140	156	135	0	3	0	72	167	30	169	96	0	3	0	35	157	122	182	90	0	4	0	0	8	0	120	104	0	4	0	1	4	0	139	79	0	3	0	0	3	0	85	64	0	2	
0	0	2	0	3	7	0	0	0	1	0	61	134	166	33	0	2	0	118	174	32	204	107	0	0	57	191	0	72	167	96	0	0	138	69	0	12	87	112	0	0	145	73	0	23	160	42	0	0	42	168	146	144	50	0	2	0	0	4	12	3	0	1	0	
0	0	0	1	0	0	0	0	0	1	0	16	101	0	1	0	0	2	0	49	150	0	2	0	0	3	0	83	150	0	4	0	0	3	0	107	120	0	4	0	0	3	0	169	67	0	2	0	0	2	0	134	54	0	2	0	0	0	0	0	0	0	0	0	
0	2	0	0	0	0	0	0	3	0	78	161	143	82	0	1	0	126	240	88	34	193	47	0	0	112	56	0	0	165	70	0	0	0	2	10	75	171	7	0	0	59	223	239	233	159	13	1	0	53	143	82	5	103	117	0	0	0	0	0	0	0	0	0	
0	2	1	0	0	0	0	0	0	0	3	38	47	9	0	0	0	59	123	70	135	105	0	4	28	131	37	77	209	98	0	2	2	0	60	125	58	124	105	0	0	1	21	13	6	125	123	0	2	0	67	119	116	85	1	0	0	0	0	0	0	0	1	0	
0	0	1	0	0	0	0	0	2	0	41	33	0	68	3	0	2	0	164	63	18	170	0	1	0	126	198	0	62	167	0	3	5	146	161	168	198	205	30	0	0	0	3	0	175	117	0	3	0	3	4	0	173	99	0	4	0	0	1	0	26	14	0	0	
0	0	3	3	0	0	0	0	0	1	1	0	4	44	86	16	2	0	62	112	131	152	121	13	0	29	210	150	87	10	0	1	0	77	74	25	91	159	22	0	0	10	59	17	0	167	78	0	0	10	116	142	151	104	1	0	0	0	0	0	0	0	0	0	
0	0	2	0	66	23	0	1	0	2	0	55	166	8	0	0	1	0	9	187	42	0	2	0	3	0	125	111	42	138	48	0	3	0	153	134	112	106	158	0	3	0	74	242	143	133	41	0	0	1	0	32	68	9	0	0	0	0	2	0	0	1	2	0	
0	0	3	3	1	0	0	0	5	11	0	0	8	12	0	0	11	163	153	131	175	171	0	3	0	20	64	36	99	155	0	4	0	0	4	0	153	100	0	4	0	2	0	30	195	14	0	1	0	4	0	105	187	0	0	1	0	2	0	68	164	14	0	1	
0	0	0	0	0	1	3	0	0	1	0	78	125	56	0	2	2	0	57	134	29	126	82	1	2	0	52	109	60	183	82	0	0	0	0	200	147	10	0	1	1	0	103	125	103	0	6	0	0	7	150	120	93	0	2	0	1	0	29	51	0	0	0	0	
0	0	3	0	0	1	0	0	0	0	0	12	29	3	0	0	0	0	101	127	122	120	0	1	0	87	151	0	82	164	0	3	0	25	129	110	151	144	0	3	0	0	3	0	47	138	0	3	0	1	3	0	51	170	0	3	0	0	1	0	28	108	0	2	
0	0	2	0	0	0	1	0	0	2	0	76	186	177	7	0	2	0	133	170	104	219	142	0	0	65	193	5	0	16	159	9	0	150	55	0	0	35	168	0	0	175	88	7	47	176	82	0	0	59	186	162	145	47	0	1	0	0	1	2	0	0	2	0	
0	0	0	0	0	0	0	0	0	1	0	44	108	0	3	0	0	2	0	69	147	0	4	0	0	3	0	75	149	0	4	0	0	4	0	113	121	0	4	0	0	4	0	142	78	0	3	0	0	2	0	134	51	0	2	0	0	0	0	0	0	0	0	0	
0	0	0	36	46	10	0	0	0	9	137	193	150	165	22	0	0	130	171	6	0	141	111	0	0	10	2	3	0	157	113	0	0	0	20	39	102	197	13	0	0	140	235	243	254	184	67	0	0	118	152	72	17	83	59	0	0	0	0	0	0	0	0	0	
0	0	0	0	0	0	0	0	0	16	82	96	101	38	0	1	0	129	118	46	132	147	0	3	3	0	41	136	227	114	0	2	2	0	59	90	36	126	126	0	0	10	52	2	0	106	158	0	0	11	171	169	131	109	13	0	0	0	1	6	1	0	1	0	
0	0	2	0	0	1	0	0	0	1	1	2	0	45	26	0	0	0	91	9	0	135	21	0	0	31	187	17	40	150	0	0	0	53	158	129	188	151	12	0	0	0	3	0	156	53	0	2	0	1	5	0	167	50	0	2	0	0	0	0	25	6	0	0	
0	2	3	4	2	0	0	0	0	0	0	0	3	14	1	0	0	67	97	95	138	176	4	0	0	28	86	51	96	139	0	3	0	0	3	0	157	61	0	2	0	2	0	37	157	0	1	0	0	3	0	129	124	0	4	0	0	2	0	129	61	0	2	0	
0	0	1	0	0	0	2	2	0	1	0	44	78	19	0	1	2	0	49	147	56	51	78	67	2	0	57	105	14	144	124	22	1	0	25	193	148	47	0	1	0	37	148	146	8	0	3	1	0	43	160	84	0	4	0	0	0	0	6	2	0	0	0	0	
0	0	2	1	0	1	0	0	0	0	0	14	25	1	0	0	2	0	57	110	136	98	2	5	3	0	135	120	158	54	10	5	0	0	10	34	133	5	0	0	0	2	0	52	114	0	4	0	0	3	0	103	72	0	3	0	0	2	0	85	27	0	1	0	
0	1	2	0	2	0	0	0	8	26	0	1	1	9	0	0	7	142	48	0	75	131	0	3	0	33	136	116	175	104	0	4	0	0	6	0	108	70	0	3	0	2	3	0	149	24	0	1	0	0	2	0	164	53	0	2	0	0	1	0	68	28	0	1	
0	0	0	0	0	0	0	0	0	1	0	25	131	0	0	0	0	2	0	58	185	0	1	0	0	3	0	89	190	0	2	0	0	4	0	132	152	0	4	0	0	3	0	189	139	0	3	0	0	3	0	129	127	0	2	0	0	0	0	0	0	0	0	0	
0	0	0	0	0	0	3	0	0	0	9	38	110	173	89	0	1	0	188	198	109	38	1	0	0	24	213	150	131	106	3	0	0	17	10	3	0	129	122	0	4	125	47	28	46	164	88	0	0	41	134	159	143	65	0	1	0	0	0	0	0	0	1	0	
0	1	0	24	55	0	2	0	0	2	0	142	85	0	3	0	2	0	56	153	0	35	14	0	1	0	153	38	29	194	93	0	0	31	143	0	137	198	40	0	0	16	156	92	181	107	0	2	1	0	43	92	27	0	2	0	0	0	0	0	0	2	0	0	
0	1	1	1	1	0	0	0	1	0	15	165	118	113	23	0	0	28	175	107	12	106	100	0	0	11	16	1	0	114	80	0	0	46	85	39	55	153	13	0	0	171	213	226	204	158	88	0	0	16	59	37	6	26	7	0	0	0	0	0	0	0	1	0	
0	0	2	0	0	0	0	0	0	1	0	11	48	101	126	21	0	0	106	133	132	100	58	6	0	30	178	127	117	41	0	1	0	101	120	40	49	161	32	0	0	8	4	1	0	164	46	0	0	15	130	121	154	107	0	1	1	0	24	70	38	0	1	0	
0	0	0	0	0	0	0	0	1	0	32	68	0	41	0	0	2	0	62	148	5	141	0	1	3	0	129	96	49	162	2	2	0	34	218	152	185	192	42	0	0	8	28	0	130	110	0	4	0	0	3	0	151	93	0	3	0	0	2	0	25	8	0	0	
0	0	0	0	0	1	2	0	0	0	0	99	128	28	0	1	3	0	70	169	5	71	86	0	1	0	12	126	73	158	49	0	0	2	0	111	221	30	0	1	2	0	100	108	116	24	0	0	1	0	156	123	128	4	0	0	1	0	18	66	15	0	1	0	
0	0	0	0	0	0	0	0	0	1	0	23	112	0	1	0	0	1	0	21	176	2	0	0	0	2	0	43	172	0	1	0	0	3	0	92	139	0	4	0	0	3	0	151	94	0	3	0	0	0	0	151	23	0	1	0	0	0	0	0	1	0	0	0	
0	0	0	1	1	2	1	0	16	20	9	3	0	2	0	0	53	156	173	168	155	173	26	0	0	2	13	26	22	191	49	0	1	1	1	0	23	188	9	0	0	0	4	0	98	140	0	3	0	2	0	32	211	30	0	2	0	3	0	86	120	0	2	0	
0	0	0	1	20	1	0	0	0	0	0	3	128	6	0	0	0	1	0	25	168	0	0	0	0	2	0	60	172	0	2	0	0	3	0	106	123	0	4	0	0	4	0	149	163	0	1	0	0	2	0	84	102	0	1	0	0	0	0	0	0	0	0	0	
0	0	0	0	0	1	2	0	0	0	63	117	132	58	0	12	0	55	178	31	47	57	149	48	0	7	140	81	12	164	77	0	0	1	0	144	213	32	0	2	1	0	32	128	114	76	0	3	2	0	39	152	137	118	0	3	0	1	0	25	58	4	0	0	
0	0	0	5	4	0	0	0	0	72	129	136	132	120	30	0	0	64	30	0	2	175	79	0	1	0	21	97	222	121	0	2	2	0	64	152	144	143	35	0	0	26	32	0	0	159	91	0	0	97	160	133	154	111	4	0	0	0	0	7	2	0	0	0	
0	0	0	0	0	0	0	0	0	1	0	73	138	105	18	0	2	0	42	175	15	162	100	0	1	0	35	124	87	159	3	0	0	3	0	155	199	0	0	1	2	0	85	140	128	0	2	0	0	11	187	141	97	0	1	0	0	0	34	53	3	0	0	0	
0	1	4	4	2	0	0	0	0	0	0	0	0	53	14	0	0	107	136	120	177	231	22	0	0	35	119	98	179	157	0	4	0	0	0	0	198	58	0	2	0	4	0	96	163	0	3	0	0	4	0	165	177	7	0	1	0	1	0	77	53	0	1	0	
0	0	0	0	0	0	0	0	0	0	1	0	116	21	0	1	0	1	0	10	181	18	0	1	0	2	0	68	187	0	2	0	0	4	0	117	113	0	3	0	1	0	6	206	49	0	2	0	2	0	36	158	4	0	1	0	0	0	0	0	0	0	0	0	
0	2	3	3	3	3	1	0	0	0	0	0	0	0	0	0	21	147	170	174	177	189	79	0	0	35	78	70	68	233	55	0	0	0	4	0	122	148	0	3	0	3	0	29	202	25	0	1	0	4	0	137	120	0	4	0	0	4	0	120	124	0	2	0	
0	0	1	4	4	3	0	0	0	12	8	0	0	0	0	0	0	69	152	116	103	79	0	0	1	0	33	67	88	194	2	0	0	0	3	0	97	125	0	4	0	0	2	0	152	41	0	2	0	2	0	70	164	0	2	0	0	3	0	81	89	0	3	0	
0	0	1	1	1	0	0	0	0	0	14	85	25	159	59	0	1	0	179	131	21	214	221	29	0	41	209	15	0	0	192	46	0	136	113	0	0	126	154	0	0	139	149	58	155	185	13	0	0	23	163	182	118	10	0	1	0	0	0	0	0	2	1	0	
0	0	0	1	1	0	0	0	0	1	0	30	127	0	1	0	0	9	0	101	224	6	0	1	0	6	0	129	194	0	1	0	0	3	0	163	112	0	3	0	0	0	0	213	77	0	3	0	0	1	0	164	82	0	3	0	0	0	0	0	0	0	0	0	
0	0	2	1	1	1	0	0	0	1	1	0	3	34	2	0	2	0	42	16	42	101	0	3	0	12	183	34	130	85	34	0	0	15	128	117	187	96	33	0	0	2	0	50	109	0	3	0	0	3	0	99	57	0	3	0	0	1	0	41	7	0	0	0	
0	1	1	0	0	0	0	0	0	2	30	0	11	58	0	1	0	19	148	0	34	149	0	1	0	75	167	0	91	187	27	0	0	53	166	132	201	152	13	0	0	0	2	7	169	20	0	1	0	3	0	57	156	0	3	0	0	1	0	16	21	0	1	0	
0	0	1	0	1	1	0	0	1	0	34	25	0	64	43	0	0	0	176	39	0	203	68	0	0	117	185	35	81	206	16	0	0	132	174	158	227	137	0	0	0	1	0	5	184	31	0	1	0	4	0	52	199	2	0	0	0	0	0	7	23	0	0	0	
0	0	3	1	0	2	1	0	0	0	0	1	0	83	14	0	1	0	67	12	38	164	0	2	0	14	213	40	112	147	6	0	0	12	134	145	218	135	36	0	0	1	0	42	162	0	1	0	0	3	0	81	89	0	4	0	0	0	0	0	1	0	0	0	
0	1	2	0	0	0	0	0	0	1	0	2	0	62	88	0	0	19	62	0	0	149	114	0	0	83	91	0	18	191	31	0	0	160	123	85	147	184	6	0	0	59	97	80	194	82	0	3	0	0	2	0	92	60	0	1	0	3	4	4	1	0	0	0	
0	1	3	0	0	0	0	0	0	0	0	11	59	47	0	1	0	8	126	125	79	194	27	0	0	81	124	0	73	202	10	0	0	21	143	110	169	111	0	4	0	0	7	0	129	54	0	2	0	2	0	11	175	20	0	1	0	1	0	18	81	0	0	0	
0	0	0	0	3	3	0	0	0	7	24	4	0	0	0	0	0	19	165	189	182	157	4	0	0	0	5	19	137	169	0	3	0	1	0	0	186	54	0	2	0	3	0	110	174	0	3	0	1	0	28	209	36	0	1	0	3	0	72	156	0	1	0	0	
0	1	4	1	0	0	1	0	0	1	0	37	98	51	0	0	0	20	125	197	156	182	55	0	0	61	111	6	0	113	103	0	0	11	42	86	96	176	14	0	0	182	208	221	194	164	79	0	0	44	71	31	0	16	19	0	0	0	0	0	3	1	0	0	
0	1	0	30	59	0	2	0	0	0	0	196	93	0	3	0	3	0	114	146	0	23	14	0	0	46	185	0	87	175	152	4	0	113	87	25	176	69	164	4	0	90	148	147	222	133	21	0	0	1	61	75	70	27	0	1	0	1	0	0	0	2	1	0	
0	0	1	3	3	0	0	0	0	0	0	0	0	6	13	0	1	0	22	75	130	173	77	0	4	0	128	245	152	26	0	1	1	0	68	27	45	119	0	1	2	73	40	35	99	130	0	2	0	60	109	97	64	6	0	0	0	0	0	0	0	1	0	0	
0	0	0	0	0	0	0	0	0	0	6	2	3	80	6	0	3	0	83	86	1	160	0	0	4	0	131	83	59	148	0	1	0	19	194	144	189	166	9	0	0	12	26	0	122	54	0	2	0	0	3	0	147	86	0	3	0	0	2	0	19	16	0	1	
0	1	0	0	0	0	0	0	0	4	65	115	95	16	0	1	0	116	133	83	211	86	0	4	3	6	32	177	222	111	13	0	1	0	32	56	38	118	145	0	1	0	34	63	0	32	173	2	3	0	127	239	148	178	57	0	0	0	1	21	41	11	0	1	
0	0	1	0	0	2	0	0	0	1	0	59	134	20	0	1	3	0	116	181	27	121	55	0	2	0	67	156	98	140	3	0	0	3	0	66	255	66	0	3	0	0	7	120	90	132	0	4	1	0	17	156	145	45	0	2	0	0	0	46	37	0	1	0	
1	4	2	1	0	1	0	0	0	0	0	0	23	7	0	0	24	133	167	148	155	165	6	0	8	69	49	18	0	189	30	0	0	0	2	0	64	194	0	0	0	2	5	0	162	103	0	3	0	1	0	26	183	9	0	1	0	1	0	17	156	41	0	2	
0	0	3	1	0	1	0	0	0	1	0	8	23	2	1	0	1	0	85	133	151	75	0	3	0	60	150	0	86	181	13	0	0	50	161	114	157	196	3	0	1	0	23	17	90	106	0	3	0	1	3	0	148	46	0	2	0	0	1	0	103	12	0	0	
0	0	1	1	0	1	0	0	0	3	0	83	222	61	0	2	1	0	1	173	114	178	10	0	3	0	132	132	0	160	27	0	0	21	185	8	4	175	19	0	0	46	192	13	140	145	0	2	0	0	123	189	132	3	0	1	0	0	0	3	0	1	0	0	
0	0	0	8	76	4	0	0	0	2	0	130	99	0	3	1	3	0	97	130	0	25	6	0	0	1	174	124	146	155	138	11	0	4	216	134	0	4	172	36	0	3	197	131	87	154	60	0	0	1	13	64	89	26	0	1	0	0	0	0	0	1	2	0	
0	0	1	0	0	1	2	0	0	0	15	48	0	53	67	0	3	0	83	142	0	174	43	0	0	20	209	59	84	149	0	3	0	80	175	170	245	155	42	0	0	3	0	109	155	0	6	0	0	3	0	128	58	0	2	0	0	0	0	0	1	1	0	0	
0	0	0	11	31	0	2	0	0	1	0	163	101	0	3	0	3	0	130	154	0	49	34	0	0	40	184	0	120	186	141	7	0	132	93	60	158	18	146	3	0	96	166	140	175	131	48	0	0	0	86	141	125	25	0	2	0	1	0	0	0	1	2	0	
0	0	0	1	13	5	0	0	1	0	85	144	120	134	83	0	0	0	35	20	36	170	107	0	2	0	23	154	208	207	13	0	0	1	17	17	0	110	121	0	19	191	94	0	75	178	40	0	10	119	147	167	134	34	0	1	0	0	3	5	0	1	1	0	
0	0	2	4	3	0	0	0	0	8	5	0	0	2	0	0	0	51	136	92	135	152	0	1	0	0	51	55	121	138	0	4	0	1	2	0	153	49	0	2	0	2	0	71	148	0	3	0	0	2	0	162	55	0	2	0	0	0	10	123	4	0	0	0	
0	0	2	2	0	0	1	0	0	2	0	13	141	107	2	0	2	0	27	218	140	141	124	0	0	8	174	117	46	30	165	0	0	135	114	0	0	116	120	0	0	143	19	0	79	158	6	0	0	118	155	148	142	18	0	1	0	9	66	39	0	2	1	0	
0	0	0	0	1	0	0	0	0	0	1	0	31	100	0	2	0	0	4	0	139	138	0	4	0	2	0	37	201	13	0	1	0	3	0	154	100	0	3	0	2	0	38	192	3	0	0	0	3	0	75	139	0	3	0	0	0	0	13	20	0	1	0	0	
0	0	10	22	0	1	2	0	2	0	61	145	0	1	17	11	3	0	98	100	0	1	139	30	0	8	186	44	0	114	172	0	0	91	222	159	171	218	48	0	0	6	17	8	181	149	0	3	0	0	1	0	103	85	0	1	0	0	1	1	0	0	0	0	
0	0	0	0	0	0	0	0	0	1	0	28	117	92	28	5	0	0	0	148	115	230	125	3	0	1	0	156	178	65	0	1	1	0	20	217	85	0	5	0	0	0	126	176	72	0	3	0	0	14	168	146	19	0	1	0	1	0	41	30	0	1	0	0	
0	0	0	0	0	0	0	0	0	1	0	10	129	87	54	21	0	3	0	121	111	163	139	0	0	4	0	106	191	107	0	0	1	0	20	172	160	0	4	1	1	0	148	73	135	0	1	0	0	9	158	149	70	0	2	0	1	0	31	45	0	0	0	0	
0	0	0	1	0	0	0	0	0	3	0	95	76	0	2	0	0	3	0	88	132	0	4	0	0	3	0	79	128	0	4	0	0	3	0	80	131	0	4	0	0	4	0	110	121	0	4	0	0	3	0	103	71	0	2	0	0	0	0	0	0	0	0	0	
0	1	0	0	7	1	0	0	1	0	94	151	137	138	13	0	0	151	211	31	0	118	120	0	0	61	18	0	0	78	125	0	1	0	42	102	109	215	47	0	0	39	208	119	214	182	121	0	0	16	136	132	34	0	30	2	0	0	0	0	1	2	0	0	
0	0	1	3	0	1	0	0	0	0	1	0	4	0	0	0	1	0	18	137	171	49	0	3	1	0	158	57	99	190	0	3	0	7	174	111	181	165	0	3	1	0	37	70	87	141	0	4	0	5	3	0	80	125	0	3	0	0	2	3	3	3	0	0	
0	0	0	0	0	0	0	0	0	50	116	114	98	16	0	1	0	82	43	12	160	98	0	3	2	0	72	154	153	140	83	0	0	18	109	41	0	16	165	6	0	88	208	63	30	150	105	0	0	0	79	127	125	69	0	0	0	0	0	0	0	0	2	0	
0	0	0	0	0	0	0	0	0	0	1	0	71	23	0	1	0	0	1	0	164	33	0	1	0	1	0	25	164	0	0	0	0	2	0	67	145	0	3	0	0	3	0	106	112	0	4	0	0	3	0	122	70	0	2	0	0	0	0	13	10	0	0	0	
0	1	1	0	0	2	1	0	1	0	27	117	120	11	0	1	0	57	168	80	104	166	62	0	0	107	153	0	64	182	13	0	0	0	69	147	239	56	0	3	0	1	0	130	106	152	0	1	2	0	48	194	140	94	0	2	0	0	4	45	26	0	0	0	
0	0	1	0	0	0	0	0	1	0	40	28	0	121	50	0	2	0	170	53	0	180	24	0	0	51	182	0	16	180	17	0	0	75	225	141	190	186	0	1	0	5	82	71	121	142	0	4	0	0	3	0	99	90	0	3	0	0	3	3	1	0	0	0	
0	0	0	4	15	5	0	0	1	0	72	130	128	154	57	0	0	19	175	29	0	43	178	0	0	0	0	2	0	62	177	0	0	57	134	103	59	178	46	0	0	196	102	172	237	157	30	0	0	74	158	116	15	2	7	0	0	0	0	0	1	1	0	0	
0	1	2	0	0	1	0	0	0	0	2	67	89	27	0	1	0	0	145	123	87	130	0	2	0	89	142	0	107	194	0	0	0	46	160	129	113	170	0	0	0	0	13	0	45	164	0	2	0	1	4	0	87	142	0	4	0	0	2	0	38	49	0	2	
0	0	3	1	0	0	0	0	0	1	0	26	92	51	0	1	2	0	80	177	103	168	23	0	0	39	182	0	39	182	6	0	0	30	156	115	170	162	0	3	1	0	17	30	79	111	0	3	0	1	5	0	123	107	0	4	0	0	2	0	53	45	0	2	
0	0	1	0	0	0	1	0	1	0	10	103	128	63	0	1	0	0	152	113	37	157	43	0	0	0	41	40	0	114	64	0	0	53	121	89	175	227	76	2	0	133	100	77	132	54	80	15	0	39	121	73	4	0	0	0	0	0	0	0	2	3	3	1	
0	0	3	0	0	1	0	0	0	1	0	20	29	0	0	0	2	0	98	150	139	78	0	3	0	59	167	0	49	153	0	0	0	29	142	120	162	167	0	2	0	0	12	8	102	88	0	3	0	13	1	7	175	17	0	1	0	1	0	17	118	0	0	0	
0	0	2	1	0	2	3	1	0	2	0	34	103	16	0	1	2	0	64	132	42	74	73	8	0	15	144	49	149	86	97	95	0	73	120	130	37	0	115	56	0	15	194	177	84	131	64	0	2	0	44	86	45	4	0	1	0	1	1	0	0	1	2	0	
0	0	2	0	0	0	2	0	0	2	0	155	123	32	3	0	3	0	123	215	174	202	92	0	0	34	201	17	4	20	159	4	0	87	156	0	0	21	175	4	0	73	200	23	26	166	109	0	0	0	129	183	165	79	0	1	0	0	0	0	0	0	2	0	
0	0	0	0	0	0	2	0	0	0	8	60	104	151	136	9	0	13	173	121	100	54	16	0	0	48	223	114	114	33	0	1	0	70	98	47	67	181	19	0	0	47	31	0	17	183	34	0	0	46	156	159	173	92	0	2	0	0	1	8	2	0	0	0	
0	0	0	0	2	1	0	0	1	0	69	163	165	136	0	1	0	29	173	53	144	148	0	3	1	0	9	169	251	166	53	0	0	17	76	69	26	39	182	30	0	146	172	0	16	89	169	8	0	31	119	173	156	132	22	0	0	0	0	3	3	0	1	1	
0	0	0	0	0	0	0	0	0	9	121	76	89	49	0	2	0	127	111	50	177	55	0	2	2	1	87	217	187	111	38	0	1	0	59	36	5	58	167	0	0	12	18	0	0	71	158	0	0	15	131	135	117	141	35	0	0	0	1	32	32	0	1	0	
0	0	0	5	69	5	0	0	0	3	0	93	126	0	2	0	1	0	26	157	14	55	10	0	4	0	121	88	91	177	66	0	0	0	156	49	134	110	58	0	3	0	123	144	200	160	0	0	1	0	13	75	37	0	1	0	0	0	1	0	0	0	0	0	
0	0	0	0	0	0	0	0	0	12	72	103	102	110	36	0	0	32	93	21	25	184	53	0	1	1	0	72	220	125	0	3	1	0	32	134	68	137	78	0	8	20	0	3	0	127	102	0	13	126	135	139	137	105	3	0	0	6	40	57	13	0	1	0	
0	0	0	0	0	0	0	0	0	2	0	48	126	0	2	0	0	2	0	63	156	0	3	0	0	3	0	84	172	0	3	0	0	4	0	125	124	0	4	0	0	4	0	163	83	0	3	0	0	1	0	129	36	0	1	0	0	0	0	0	0	0	0	0	
0	1	2	0	0	0	0	0	1	0	9	109	116	79	0	1	0	31	179	100	8	138	41	0	0	26	64	24	5	131	27	0	0	32	106	112	217	204	43	0	0	127	103	109	122	36	144	33	0	27	111	63	0	0	6	6	0	0	0	0	2	3	2	0	
0	0	2	3	0	0	0	0	0	0	0	0	9	58	83	8	2	0	71	142	145	108	89	16	4	0	130	204	130	71	0	2	0	6	166	38	0	150	59	0	0	37	57	0	0	151	62	0	0	56	131	130	126	78	0	1	0	0	4	12	4	0	0	0	
0	0	2	0	0	0	2	0	0	1	0	133	190	48	0	2	3	0	113	196	68	203	75	0	0	23	198	31	0	46	182	3	0	114	119	0	1	9	197	32	0	103	179	46	43	170	140	0	0	0	103	168	141	79	3	0	0	1	0	0	0	0	1	0	
0	1	0	0	0	0	0	0	0	9	62	105	137	114	17	0	27	145	101	58	36	213	64	0	8	17	0	8	149	136	0	1	2	0	40	189	204	128	4	0	0	9	9	10	0	153	93	0	0	83	163	132	135	141	17	0	0	0	28	61	40	3	0	0	
0	2	1	0	0	2	2	0	20	30	0	5	3	0	0	0	35	144	4	0	0	48	94	0	0	84	162	97	100	211	74	0	2	0	38	79	57	163	7	0	0	2	3	0	85	100	0	3	0	0	2	0	165	36	0	1	0	0	0	5	76	7	0	0	
0	1	0	54	20	0	2	0	1	0	26	151	7	0	1	0	3	0	145	73	35	153	46	0	0	25	158	51	164	86	147	0	0	47	119	99	86	63	109	0	0	16	171	159	224	157	2	0	1	0	27	85	55	6	0	0	0	0	1	0	0	1	0	0	
0	0	0	0	0	0	0	0	0	2	0	62	111	0	3	0	0	3	0	100	176	0	3	0	0	3	0	94	166	0	3	0	0	4	0	117	142	0	4	0	0	3	0	180	102	0	3	0	0	3	0	121	91	0	3	0	0	0	0	0	1	0	0	0	
0	0	0	0	0	0	0	0	0	1	8	30	66	101	64	0	2	0	135	159	124	75	31	1	0	78	197	116	103	118	24	0	0	70	21	0	0	57	137	0	0	64	41	16	11	123	109	0	0	14	98	134	135	85	0	0	0	1	0	1	1	0	1	0	
0	0	2	0	0	0	0	0	0	2	1	6	24	89	81	0	3	0	97	151	118	110	39	0	0	40	211	137	112	42	0	1	0	76	51	13	32	134	45	0	0	24	16	0	0	127	58	0	0	30	135	101	127	119	0	1	1	0	25	67	44	0	0	0	
0	0	2	0	0	0	0	0	0	2	0	29	81	32	0	1	1	0	107	161	108	150	2	0	0	87	130	0	20	112	0	1	0	117	110	44	191	155	0	4	0	6	108	88	164	74	0	3	0	1	1	0	188	56	0	2	0	1	4	2	89	28	0	1	
0	0	2	0	0	1	0	0	0	0	1	26	31	4	0	0	0	0	101	112	95	65	0	2	0	23	148	5	66	80	14	0	2	0	61	116	179	54	7	0	0	0	0	1	130	10	0	0	0	1	0	39	131	9	16	0	0	2	0	50	82	0	2	0	
0	0	2	0	19	21	0	1	0	2	0	18	204	168	0	3	1	0	25	194	82	171	20	0	0	0	204	117	0	185	70	0	0	92	175	0	19	216	44	0	0	91	195	87	208	150	0	2	0	3	118	169	101	0	1	0	0	0	0	0	0	2	0	0	
0	0	0	0	1	0	0	0	0	0	2	0	47	109	0	1	0	0	3	0	175	168	0	3	0	2	0	39	233	41	0	2	0	3	0	162	150	0	3	0	2	0	38	219	24	0	1	0	3	0	93	155	0	3	0	0	1	0	15	16	0	0	0	0	
0	0	0	2	0	0	0	0	0	0	1	0	101	188	9	0	0	2	0	151	170	192	28	0	0	0	12	36	32	158	0	0	0	38	149	106	188	114	0	2	0	131	44	176	202	143	57	0	0	78	153	96	0	0	0	0	0	1	5	0	2	3	1	0	
0	0	0	0	0	0	0	0	2	0	34	208	145	16	0	1	1	0	33	87	195	81	0	3	1	0	36	147	242	95	0	3	0	0	157	122	35	199	14	0	0	6	23	0	135	181	0	0	0	0	125	170	148	16	0	1	0	0	3	3	0	1	0	0	
0	0	1	2	0	1	0	0	0	1	2	1	0	36	66	0	1	0	24	105	0	148	49	0	1	0	174	108	89	167	0	1	0	92	209	161	226	130	26	0	0	17	0	130	85	0	3	0	1	0	32	121	0	4	1	0	0	0	12	15	0	1	0	0	
0	0	0	3	3	0	0	0	0	0	1	0	0	4	27	15	0	0	0	83	119	146	128	38	4	0	120	164	42	15	0	0	1	0	42	133	18	0	3	1	0	54	87	132	108	0	4	0	0	0	81	112	17	0	1	0	0	0	0	0	0	0	0	0	
0	0	0	4	0	60	73	0	0	2	5	0	75	174	50	0	0	6	0	99	134	6	0	1	3	0	70	166	9	7	1	0	2	0	166	124	112	165	6	0	3	0	171	211	150	126	0	0	1	0	31	72	42	0	0	0	0	0	0	0	0	2	0	0	
0	0	2	3	2	4	1	0	0	0	0	0	0	0	0	0	1	0	37	146	38	143	58	0	2	0	168	184	181	198	4	0	0	2	22	5	160	37	0	2	0	3	0	117	119	0	4	0	1	0	21	151	8	0	0	0	3	0	100	86	0	3	0	0	
0	0	0	0	3	17	4	0	0	1	0	29	128	112	32	0	0	3	0	119	102	84	7	0	0	3	0	129	194	29	0	1	2	0	69	128	136	11	0	1	0	4	133	2	161	50	0	2	0	0	100	155	93	0	1	0	0	0	4	9	0	0	0	0	
0	0	0	3	0	0	0	0	0	0	1	0	15	16	0	0	0	0	2	98	196	143	0	3	3	0	139	145	181	144	0	4	2	0	118	130	202	90	0	3	0	1	0	38	149	0	0	0	0	3	0	129	72	0	2	0	0	0	2	88	8	0	0	0	
0	0	2	2	0	0	0	0	0	2	1	0	129	241	122	0	1	0	33	198	237	109	192	2	0	46	221	212	119	48	187	0	0	206	104	27	134	237	134	0	0	213	94	108	255	174	5	0	0	65	206	210	79	0	1	0	0	0	0	0	0	2	1	0	
0	0	0	0	2	0	0	0	0	0	0	1	0	102	23	0	0	0	3	0	100	206	2	0	0	1	0	20	200	38	0	2	0	3	0	154	129	0	4	0	2	0	62	179	0	1	0	0	4	0	126	90	0	3	0	0	1	0	19	9	0	0	0	0	
0	0	1	3	0	0	0	0	0	0	1	0	55	138	47	0	1	0	9	153	151	174	115	0	1	0	15	50	7	155	32	0	0	4	67	101	213	124	0	3	5	163	226	224	140	143	28	0	14	126	70	5	0	0	0	0	0	0	0	1	4	2	0	0	
0	0	0	2	0	0	0	0	0	0	0	0	119	60	0	2	0	1	0	144	255	177	0	3	0	0	0	77	176	113	0	3	2	0	92	160	191	115	0	3	0	0	76	31	137	116	0	3	0	2	101	175	125	0	0	0	1	0	42	39	0	2	0	0	
0	0	0	3	0	2	1	0	0	0	3	0	3	0	60	20	0	0	10	81	0	59	156	6	1	0	138	152	29	208	40	0	0	84	222	140	221	106	1	1	0	18	0	116	107	0	3	0	1	0	13	101	0	3	1	0	0	1	1	0	2	0	0	0	
0	0	0	2	4	0	0	0	0	0	1	0	0	7	24	16	0	1	0	50	137	157	142	72	3	0	143	171	82	24	0	1	2	0	74	153	42	0	3	2	0	3	0	70	147	0	3	0	0	5	114	169	68	0	2	0	1	0	31	24	0	1	0	0	
0	0	0	4	0	52	77	0	0	0	4	0	56	185	48	0	0	3	0	81	191	34	0	2	3	0	74	188	37	0	3	0	0	19	196	137	182	172	0	3	0	21	215	220	196	120	0	3	1	0	34	86	49	0	1	0	0	1	1	0	0	2	0	0	
0	0	2	4	3	4	2	0	0	0	0	0	0	0	0	0	1	0	37	147	141	162	117	0	1	0	138	107	74	229	71	0	0	0	2	0	152	83	0	3	0	2	0	138	121	0	4	0	2	0	84	126	0	3	0	0	0	26	142	6	0	1	0	0	
0	0	0	2	0	0	2	0	0	1	0	6	97	148	17	0	0	1	0	144	115	108	96	1	1	0	19	170	72	144	63	0	1	0	9	214	160	10	0	1	1	0	126	108	139	0	5	0	0	0	128	164	149	0	2	0	1	0	9	61	9	0	0	0	
0	0	1	2	0	0	0	0	0	0	0	1	13	5	0	0	1	0	22	111	189	86	0	3	4	0	131	185	216	134	0	4	1	0	28	44	134	80	0	3	0	1	0	22	140	0	0	0	0	3	0	111	76	0	3	0	0	0	6	83	4	0	0	0	
0	0	0	2	1	0	0	0	0	0	3	0	18	186	54	0	0	2	0	47	233	255	57	0	2	0	67	237	117	181	42	0	0	20	217	57	22	185	2	0	0	90	189	54	221	134	0	3	0	13	159	199	89	0	1	0	0	0	0	0	0	1	0	0	
0	0	0	0	2	0	0	0	0	0	0	2	0	102	30	0	0	0	3	0	101	212	6	0	0	2	0	38	217	41	0	2	0	2	0	168	93	0	4	0	2	0	50	176	0	2	0	0	4	0	129	96	0	3	0	0	0	0	26	7	0	0	0	0	
0	0	0	0	5	33	1	0	0	1	0	19	170	225	16	0	0	3	0	94	110	132	81	0	0	1	0	2	0	157	52	0	0	4	38	32	138	214	4	0	0	176	255	241	174	91	11	0	0	118	123	32	0	1	0	0	0	0	0	0	3	4	0	0	
0	0	0	0	0	2	0	0	0	0	2	90	156	20	0	1	2	0	49	201	220	174	0	0	0	0	2	40	177	153	0	1	3	0	88	183	179	132	0	3	0	0	3	0	123	159	0	2	0	4	106	180	146	13	0	1	0	0	51	40	0	2	0	0	
0	0	0	1	0	1	1	0	0	0	2	1	1	0	11	5	0	2	0	29	5	30	135	11	2	0	47	158	8	160	51	0	0	57	214	158	179	127	0	3	0	37	13	128	121	0	3	0	0	0	5	49	0	1	0	0	0	1	1	0	2	0	0	0	
0	0	0	1	4	1	0	0	0	0	3	1	0	8	25	12	0	1	0	18	105	153	146	70	1	0	109	213	101	17	0	1	1	0	76	123	131	0	2	1	0	15	77	103	157	0	0	0	0	4	97	96	11	0	1	0	0	0	0	0	2	0	0	0	
0	0	0	3	0	69	41	0	0	0	3	0	68	190	24	0	0	2	0	56	182	23	0	1	2	0	39	196	42	0	2	0	3	0	166	198	148	163	0	1	1	0	189	240	181	148	0	1	1	0	14	76	56	0	0	0	0	0	0	0	0	1	0	0	
0	0	3	4	4	4	2	0	0	0	0	0	0	0	0	0	1	0	89	150	98	136	145	0	0	73	175	113	106	234	86	0	0	12	10	0	99	136	0	2	0	2	0	69	185	6	0	1	1	0	31	175	23	0	1	0	3	0	124	75	0	3	0	0	
0	0	1	1	0	0	0	0	0	1	0	32	120	142	56	0	2	0	47	176	82	68	158	0	2	0	64	127	41	156	56	0	1	0	8	218	168	21	0	1	1	0	150	116	129	0	5	0	0	0	131	150	126	0	2	0	1	0	14	54	5	0	0	0	
0	0	1	3	0	0	0	0	0	1	2	0	19	15	0	0	1	0	10	110	157	169	5	0	0	4	163	98	81	196	0	1	0	17	177	141	232	86	0	3	0	2	0	110	128	0	3	0	1	0	8	157	20	0	1	0	2	0	41	90	0	2	0	0	
0	0	0	0	9	66	0	0	0	0	3	0	134	117	0	3	0	3	0	100	148	0	1	0	2	0	39	172	51	93	7	0	4	0	130	172	152	206	41	0	3	0	125	232	222	119	0	0	1	0	12	75	51	0	0	0	0	0	0	0	0	2	0	0	
0	0	1	0	5	2	0	0	0	2	0	93	185	86	0	2	2	0	48	185	0	107	47	0	2	0	52	141	110	154	0	1	1	0	0	212	194	0	0	1	3	0	145	168	178	8	0	1	2	0	130	179	106	0	1	0	0	0	1	7	0	0	0	0	
0	0	0	3	0	0	0	0	0	0	2	0	70	185	52	0	0	4	0	123	203	166	95	0	1	0	17	121	24	163	28	0	0	35	134	138	202	102	0	4	2	152	85	186	173	152	90	0	0	132	147	41	0	17	8	0	0	0	0	0	3	0	0	0	
0	0	0	0	0	0	0	0	0	1	0	57	122	3	0	0	1	0	7	157	234	100	0	4	0	1	0	8	179	69	0	3	2	0	41	197	199	88	0	3	1	0	23	12	92	131	0	4	0	1	24	161	175	20	0	1	0	0	3	50	11	0	0	0	
0	0	1	4	3	0	0	0	0	0	0	0	0	11	3	0	1	0	15	133	148	176	0	0	3	0	67	131	157	100	0	3	0	2	0	45	131	0	0	0	0	0	1	144	27	0	1	0	3	0	74	103	0	4	0	0	2	0	70	31	0	1	0	0	
0	0	0	3	1	1	1	0	0	0	2	0	1	1	17	2	0	4	0	77	74	31	131	0	2	0	99	169	13	160	50	0	0	110	187	124	199	163	0	1	2	64	0	86	128	0	2	0	1	0	37	117	0	1	1	0	1	0	24	17	0	1	0	0	
0	0	0	1	0	94	32	0	0	0	4	0	120	163	5	0	0	3	0	75	184	0	0	1	1	0	17	185	66	24	0	0	4	0	137	206	193	208	0	0	3	0	165	255	207	83	0	2	1	0	24	68	19	0	1	0	0	0	0	0	1	2	0	0	
0	0	0	0	3	4	0	0	0	1	0	18	165	127	13	0	0	3	0	120	111	88	51	0	0	3	0	99	193	89	0	1	1	0	21	189	152	0	3	0	3	0	144	177	122	0	4	0	2	0	125	156	17	0	1	0	0	0	1	1	0	0	0	0	
0	0	0	2	1	31	4	0	0	0	3	0	55	146	0	1	0	1	0	36	165	25	0	1	1	0	4	148	47	0	2	0	3	0	73	219	218	60	0	3	3	0	66	227	112	1	0	0	1	0	35	35	0	1	0	0	0	0	0	2	4	0	0	0	
0	0	1	1	3	99	16	0	0	1	2	0	152	153	1	0	0	1	0	153	119	0	0	0	3	0	122	180	114	175	39	0	0	44	163	127	121	181	47	0	0	70	200	207	200	85	0	2	0	0	64	78	28	0	1	0	0	0	0	0	1	3	0	0	
0	0	0	1	0	1	0	0	0	1	0	30	148	49	3	0	0	0	0	162	95	192	61	0	0	0	4	143	121	146	1	0	1	0	1	194	197	0	1	1	2	0	131	145	129	0	4	0	1	0	148	179	97	0	3	0	1	0	23	49	0	0	0	0	
0	0	0	2	0	0	0	0	0	0	4	0	77	214	162	0	0	3	0	134	244	250	82	0	2	0	109	209	54	203	17	0	0	31	233	33	52	235	13	0	0	87	229	95	236	144	0	2	0	8	161	242	143	0	0	1	0	0	0	0	0	1	0	0	
0	0	0	0	2	0	0	0	0	0	0	2	0	165	89	0	0	0	4	0	87	241	50	0	0	2	0	33	242	74	0	3	1	0	0	206	178	0	3	0	3	0	136	246	29	0	2	0	0	4	196	81	0	3	0	0	0	0	0	0	1	0	0	0	
0	0	1	4	3	3	0	0	0	1	1	0	0	0	10	0	1	0	28	157	69	155	147	0	0	7	190	162	182	223	23	0	0	22	72	3	174	45	0	2	0	2	0	166	101	0	4	0	3	0	87	134	0	3	0	0	1	0	99	18	0	1	0	0	
0	0	0	0	1	1	0	0	0	0	0	2	0	37	20	0	0	0	2	0	25	208	37	0	0	1	0	6	201	95	0	3	10	5	0	158	143	0	3	0	5	0	84	188	0	1	0	0	2	0	96	45	0	2	0	0	0	0	0	1	1	0	0	0	
0	0	3	3	4	3	0	0	0	1	0	0	0	0	12	1	2	0	96	181	113	182	160	0	0	75	180	40	135	235	33	0	0	23	7	27	186	43	0	2	1	0	8	189	71	0	4	0	0	0	164	100	0	4	0	0	0	50	103	0	3	0	0	0	
0	0	0	0	0	0	0	0	1	0	10	109	153	108	0	1	1	0	32	128	169	206	0	0	1	0	17	130	229	86	0	3	1	0	22	51	125	127	0	4	0	0	46	22	194	72	0	3	0	18	222	210	96	0	2	0	0	2	45	27	0	2	0	0	
0	0	3	1	0	0	1	0	0	1	0	4	154	99	3	2	2	0	84	240	214	23	0	1	3	0	149	199	204	67	0	3	0	0	4	0	121	152	0	4	0	11	153	67	211	101	0	3	2	0	90	214	165	4	0	1	0	0	0	0	0	0	0	0	
0	0	0	3	0	0	0	0	0	0	3	0	77	97	0	2	0	2	0	103	255	218	5	0	3	0	64	255	183	191	16	0	3	0	171	144	24	171	0	1	0	14	204	20	165	127	0	4	0	4	178	212	140	0	0	0	1	0	23	48	0	1	0	0	
0	0	0	0	0	0	0	0	0	2	0	71	209	113	0	1	0	1	0	147	198	185	0	2	0	1	2	0	158	77	0	3	2	0	75	204	229	55	8	0	0	52	255	215	131	191	49	0	0	86	189	21	0	1	0	0	0	0	0	1	4	2	0	0	
0	0	0	0	29	9	0	0	0	2	0	54	250	113	0	4	0	3	0	76	184	127	0	4	0	0	10	2	169	51	0	2	0	0	133	237	149	0	6	7	0	62	241	204	176	151	167	57	0	21	122	18	22	67	40	0	0	0	0	1	1	0	0	0	
0	0	0	2	0	0	0	0	0	0	3	0	46	200	72	0	0	3	0	66	246	247	27	0	1	0	7	208	255	201	2	0	3	0	126	168	239	143	0	4	0	9	206	158	208	43	0	2	1	0	131	192	28	0	1	0	0	0	0	0	2	2	0	0	
0	0	0	0	2	1	0	0	0	2	0	42	217	86	0	3	0	3	0	125	217	132	0	4	1	0	33	29	151	57	0	2	0	43	152	221	242	75	12	1	0	120	197	107	57	167	172	6	0	18	48	0	0	1	14	2	0	0	0	3	3	3	0	0	
0	0	0	2	2	1	0	0	0	0	2	1	0	20	68	19	0	0	2	19	76	199	163	50	2	0	139	240	96	25	0	1	0	0	71	114	147	0	6	1	0	43	68	70	169	0	2	0	0	13	121	169	45	0	2	0	0	0	0	0	0	0	0	0	
0	0	0	0	0	1	0	0	0	0	1	1	0	22	72	0	0	1	2	9	0	160	110	0	3	0	122	69	58	152	48	21	0	74	243	154	220	163	76	0	0	54	32	145	97	0	2	0	1	0	22	94	0	1	2	0	0	1	7	5	1	1	0	0	
0	0	0	0	2	0	0	0	0	0	0	1	0	104	23	0	0	0	3	0	79	222	9	0	0	1	0	25	229	63	0	3	0	2	0	181	143	0	3	0	4	0	109	199	0	2	0	0	0	12	192	45	0	2	0	0	0	10	32	0	1	0	0	0	
0	0	1	4	1	0	0	0	0	0	1	0	2	50	96	56	1	0	7	104	183	170	135	58	2	0	165	214	46	0	1	0	2	0	86	164	136	0	5	2	0	22	106	19	196	12	0	1	0	2	155	200	106	0	2	0	0	0	2	8	0	0	0	0	
0	0	0	0	2	0	0	0	0	0	0	3	0	141	65	0	0	0	4	0	99	207	11	0	0	2	0	30	222	50	0	2	1	0	8	211	112	0	4	0	0	0	190	164	0	3	0	0	0	52	162	2	0	1	0	0	0	0	0	2	0	0	0	0	
0	0	0	0	0	0	0	0	0	1	0	19	151	88	0	0	0	4	0	83	187	203	28	0	0	0	7	0	36	155	0	1	0	37	153	166	225	180	71	14	0	130	179	200	124	125	152	11	0	27	109	34	0	1	0	0	0	0	0	0	4	4	3	1	
0	0	0	0	0	0	0	0	0	1	0	32	135	44	0	1	0	1	0	141	201	205	5	0	0	1	0	9	132	109	0	2	3	0	75	210	206	15	0	1	0	3	74	0	132	93	0	3	0	10	126	121	170	24	0	1	1	0	19	64	15	0	1	0	
0	0	0	2	1	1	1	0	0	0	2	1	2	0	47	17	0	3	0	61	23	51	98	6	1	0	72	162	38	136	17	0	0	75	195	143	203	159	63	0	0	22	0	113	95	0	3	0	1	0	20	74	0	0	1	0	0	1	2	2	2	0	0	0	
0	0	0	2	0	0	0	0	0	0	0	0	40	100	99	5	0	2	0	97	131	98	159	33	0	0	2	140	99	111	19	0	2	0	40	204	82	0	2	0	0	9	128	133	51	0	3	0	0	17	161	140	11	0	1	0	1	0	41	29	0	1	0	0	
0	0	0	0	0	0	0	0	0	1	0	85	135	19	0	1	0	0	0	101	176	160	0	2	0	0	1	95	186	64	0	2	0	0	11	60	147	49	0	2	4	6	0	2	163	34	0	1	14	101	118	169	84	0	2	0	0	10	52	27	0	1	0	0	
0	0	0	0	0	0	0	0	0	0	1	0	27	131	42	0	0	3	0	34	163	219	77	0	0	3	0	118	241	152	1	0	3	21	0	19	120	136	0	4	103	148	22	56	161	54	0	2	25	100	119	121	40	0	1	0	0	0	0	0	1	1	0	0	
0	0	0	2	0	33	8	0	0	4	6	0	55	165	4	0	0	1	0	28	170	30	0	1	2	0	28	190	86	1	1	0	4	0	115	225	170	151	0	4	4	0	98	253	174	54	0	2	1	0	30	92	19	0	1	0	0	0	0	0	1	2	0	0	
0	0	1	3	0	0	0	0	0	0	1	0	3	23	50	40	0	0	0	123	188	157	143	82	3	0	160	181	10	2	0	0	2	0	82	149	73	0	5	2	0	0	123	99	182	7	0	1	0	1	126	153	72	0	1	0	0	0	0	0	0	0	0	0	
0	0	0	1	2	0	0	0	0	0	0	0	5	11	0	0	0	1	0	13	134	172	4	0	1	0	1	172	165	183	9	0	1	0	14	148	224	46	0	2	0	2	0	101	93	0	3	0	2	0	63	144	0	2	0	0	2	0	78	29	0	1	0	0	
0	0	0	2	1	0	0	0	0	0	2	0	13	56	10	0	0	1	0	40	108	169	57	0	2	0	35	167	137	131	0	1	3	0	94	201	186	9	0	1	1	0	3	142	42	0	2	0	3	0	102	90	0	3	0	0	1	0	55	8	0	0	0	0	
0	0	0	0	0	0	0	0	0	1	0	12	144	162	0	0	0	2	0	68	158	201	5	0	0	1	8	88	200	87	0	3	2	0	50	157	121	105	0	4	0	51	63	0	152	58	0	2	0	84	182	161	85	0	2	0	0	0	7	5	0	1	0	0	
0	0	1	2	0	0	4	1	0	0	0	8	65	34	66	8	1	0	21	145	96	171	86	0	3	0	85	100	38	139	5	0	1	0	13	205	155	13	0	1	2	0	102	163	110	0	4	0	2	0	100	161	79	0	2	0	0	0	2	11	0	0	0	0	
0	0	0	0	2	1	0	0	0	0	0	2	0	94	32	0	0	0	2	0	60	177	5	0	0	0	0	0	187	53	0	2	0	3	0	126	136	0	3	0	2	0	46	197	10	0	1	0	3	0	129	68	0	2	0	0	0	0	25	3	0	0	0	0	
0	0	0	0	0	0	0	0	1	0	28	145	123	89	2	0	3	0	117	189	124	217	18	0	1	1	0	18	179	133	0	3	0	1	2	151	177	133	0	4	20	14	0	0	128	140	0	4	41	142	130	184	158	11	0	1	0	18	64	40	0	1	0	0	
0	0	0	2	1	4	1	0	0	0	1	2	6	0	6	3	0	2	0	154	136	73	144	6	3	0	90	138	155	220	26	0	1	0	24	26	144	28	0	1	1	0	1	148	62	0	4	0	3	0	112	87	0	4	0	0	0	14	101	0	2	0	0	0	
0	0	0	2	0	0	0	0	0	0	2	0	37	52	0	1	0	1	0	69	187	146	0	3	3	0	94	155	157	134	0	3	3	0	108	179	194	10	0	1	0	1	0	136	58	0	2	0	3	0	82	114	0	3	0	0	1	0	61	16	0	0	0	0	
0	0	0	0	0	0	0	0	0	1	0	30	192	82	0	3	0	2	0	102	167	162	0	2	0	2	0	94	194	138	0	3	1	0	13	144	93	163	0	0	0	48	28	0	129	104	0	3	0	57	141	156	101	0	0	0	0	0	4	6	0	2	0	0	
0	0	0	2	0	2	0	0	0	1	2	0	1	1	31	3	0	0	3	59	0	65	97	0	0	1	154	115	27	164	20	0	0	115	146	116	200	122	19	0	2	19	0	111	71	0	2	0	1	0	38	71	0	4	1	0	0	1	1	1	2	0	0	0	
0	0	0	0	1	1	0	0	0	0	0	2	0	74	92	0	0	0	2	0	34	234	71	0	1	4	1	0	201	109	0	3	3	13	0	141	169	0	3	0	3	0	87	210	9	0	1	0	0	9	194	47	0	2	0	0	0	6	26	0	1	0	0	0	
0	0	1	3	4	2	0	0	0	0	1	0	0	4	14	0	1	0	4	129	124	178	94	0	2	0	137	111	148	163	0	2	0	2	16	34	155	10	0	1	0	0	0	163	54	0	2	0	2	0	109	104	0	3	0	0	0	15	93	0	1	0	0	0	
0	0	0	0	0	0	0	0	0	1	0	21	178	89	0	2	0	0	0	129	117	175	2	0	0	3	0	85	202	94	0	3	0	2	0	81	164	108	0	4	0	48	39	0	128	111	0	4	0	77	135	136	109	2	0	0	0	0	13	9	0	1	0	0	
0	0	0	2	1	0	0	0	0	0	2	0	24	120	17	0	0	1	0	33	164	109	0	0	2	0	30	197	184	96	0	4	2	0	46	201	222	20	0	1	1	0	2	153	63	0	2	0	3	0	129	97	0	3	0	0	0	0	29	6	1	0	0	0	
0	0	0	1	2	27	2	0	0	0	2	0	38	146	0	0	0	1	0	13	156	46	0	2	0	2	0	129	93	3	0	0	2	0	52	198	181	131	0	4	3	0	66	246	145	27	0	1	1	0	23	56	0	0	0	0	0	0	1	0	1	2	0	0	
0	0	2	2	4	0	0	0	0	1	1	0	0	8	2	0	3	0	74	203	132	220	50	0	0	19	225	126	97	203	17	0	0	40	107	0	121	91	0	3	0	3	0	85	163	0	2	0	1	0	21	169	23	0	1	0	2	0	60	82	0	3	0	0	
0	0	1	1	0	2	0	0	0	0	0	10	0	26	53	0	1	0	14	156	0	121	72	0	3	0	132	94	20	194	66	5	0	69	235	141	209	174	76	0	0	39	30	69	144	0	2	0	0	3	0	100	43	0	4	0	0	2	1	15	2	0	0	0	
0	0	0	2	0	0	0	0	0	0	2	0	55	35	0	1	0	2	0	68	183	154	0	2	2	0	38	156	134	202	0	0	2	0	65	191	230	53	0	2	0	2	0	77	138	0	3	0	0	0	0	149	39	0	1	0	1	0	17	67	0	1	0	0	
0	0	1	2	1	0	0	0	0	1	1	0	1	46	13	0	2	0	44	179	155	242	42	0	0	17	193	71	118	160	0	1	0	22	32	44	174	10	0	1	1	0	9	177	44	0	2	0	4	0	133	118	0	88	18	0	1	0	70	25	0	13	6	0	
0	0	1	2	0	0	0	0	0	1	0	3	135	206	35	0	1	0	2	181	248	255	120	0	3	0	136	193	28	143	117	0	0	65	215	13	0	173	71	0	0	161	171	35	199	133	0	2	0	85	204	172	74	0	2	0	0	0	3	1	0	2	0	0	
0	0	0	3	0	0	0	0	0	0	1	0	21	18	0	1	0	1	0	88	139	145	9	0	3	0	75	174	101	185	7	0	3	0	68	117	184	87	0	3	0	2	0	42	121	0	2	0	1	0	4	143	33	0	1	0	2	0	39	85	0	3	0	0	
0	0	0	0	7	23	0	1	0	0	3	0	127	96	0	3	0	2	0	113	119	0	1	0	2	0	50	146	71	128	9	0	4	0	108	159	144	181	12	0	3	0	91	242	131	43	0	2	1	0	17	71	2	0	1	0	0	0	1	0	1	2	0	0	
0	0	0	2	1	0	0	0	0	0	3	0	16	130	93	0	0	3	0	44	214	236	169	0	3	0	64	253	91	52	172	0	0	18	237	132	0	186	93	0	0	69	255	91	187	153	0	1	0	21	211	194	94	0	1	0	0	1	21	0	0	2	1	0	
0	0	0	1	1	0	2	0	0	0	2	0	26	165	82	0	0	1	0	25	149	50	1	0	1	0	2	157	150	82	0	1	3	0	93	213	112	154	0	1	4	0	113	223	125	49	0	2	2	0	39	104	5	0	1	0	0	0	0	0	1	2	0	0	
0	0	0	0	1	0	0	0	0	0	0	0	7	110	13	0	0	0	4	0	133	161	0	2	0	1	0	39	188	7	0	1	0	3	0	155	80	0	3	0	3	0	75	156	0	3	0	0	0	0	149	36	0	1	0	0	0	8	27	0	1	0	0	0	
0	0	0	2	0	0	1	0	0	0	2	0	29	86	25	0	0	2	0	104	248	215	127	0	3	0	96	236	101	71	129	0	0	14	234	85	0	123	108	0	0	99	255	44	117	171	5	0	0	97	119	179	112	11	0	1	1	3	0	0	0	2	1	0	
0	0	2	1	0	0	0	0	0	0	0	7	53	120	143	38	2	0	42	190	192	114	72	14	3	0	164	180	17	0	1	0	1	0	39	147	157	0	4	1	0	0	12	0	145	68	0	3	3	0	90	184	191	52	0	2	0	0	0	42	44	0	1	0	
0	0	0	1	0	0	0	0	0	1	0	16	111	107	7	0	1	0	10	156	87	200	72	0	1	0	30	132	113	116	0	1	1	0	5	220	130	0	3	0	2	0	108	123	105	0	4	0	0	0	144	151	78	0	2	0	1	0	28	43	0	0	0	0	
0	0	1	3	0	1	2	0	0	0	1	0	51	176	61	0	0	1	1	138	190	72	1	0	3	0	90	255	179	31	0	2	0	14	13	11	70	173	0	1	0	116	61	0	77	186	5	0	0	39	154	152	141	39	0	1	0	0	2	2	0	0	0	0	
0	0	1	2	0	33	26	0	0	2	2	0	107	255	96	0	1	0	6	187	184	160	84	0	0	22	215	173	0	167	94	0	0	178	134	0	41	240	66	0	0	208	140	149	237	133	0	2	0	79	168	148	40	0	1	0	0	0	0	0	0	2	0	0	
0	0	0	0	1	0	0	0	0	0	0	0	4	118	24	0	0	0	4	0	127	162	0	1	0	2	0	60	176	1	0	1	0	1	0	172	50	0	2	0	3	0	104	134	0	4	0	0	0	15	142	13	0	1	0	0	0	11	19	0	1	0	0	0	
0	0	2	1	0	0	0	0	0	2	0	16	95	153	92	0	2	0	56	244	255	108	160	52	0	10	226	124	107	43	146	64	0	128	139	0	0	85	185	0	0	150	96	13	135	212	32	0	0	43	204	206	131	17	0	2	0	0	7	12	0	2	2	0	
0	0	2	2	0	1	0	0	0	1	0	3	75	27	0	1	2	0	31	153	133	142	0	0	0	11	164	65	71	209	11	0	0	30	179	127	231	93	0	3	1	0	5	76	138	0	2	0	0	0	5	163	36	0	1	0	1	0	24	62	0	2	0	0	
0	0	1	1	1	1	0	0	0	0	2	2	0	59	31	0	0	0	16	36	30	135	1	0	2	0	107	67	103	52	13	12	0	72	201	136	191	116	114	15	0	33	15	139	43	0	1	0	1	0	29	92	0	2	2	1	0	0	9	10	0	0	0	0	
0	0	0	0	3	2	0	0	0	0	1	2	0	0	1	1	0	1	1	0	65	108	98	12	1	0	20	170	114	6	5	0	0	13	16	67	114	0	1	0	0	79	84	86	88	0	2	0	0	3	56	45	0	0	0	0	0	1	0	0	1	0	0	0	
0	0	1	2	0	0	0	0	0	0	1	0	38	63	1	0	0	0	3	117	123	163	65	0	4	0	105	182	109	185	31	0	2	0	46	137	228	60	0	2	0	1	0	134	69	0	3	0	3	0	140	133	0	5	0	0	1	0	86	23	0	1	0	0	
0	0	1	2	2	4	0	0	0	0	0	4	4	0	13	0	0	0	0	161	166	145	114	0	3	0	82	97	168	153	0	1	0	2	0	62	137	0	1	0	1	0	29	162	17	0	1	0	1	0	136	52	0	2	0	0	0	35	91	0	3	0	0	0	
0	0	0	0	1	0	0	0	0	0	0	0	8	109	9	0	0	0	4	0	100	201	0	1	0	1	0	14	206	49	0	2	0	3	0	159	127	0	3	0	3	0	95	183	0	2	0	0	0	19	189	30	0	1	0	0	0	8	25	0	1	0	0	0	
0	0	0	3	2	0	0	0	0	0	2	0	8	21	0	0	0	1	0	67	120	183	64	0	3	0	85	159	113	210	44	0	2	0	150	155	223	63	0	2	0	2	0	130	93	0	3	0	3	0	85	141	0	3	0	0	0	0	119	26	0	1	0	0	
0	0	0	2	0	27	8	0	0	0	3	0	50	164	4	0	0	1	0	27	172	33	0	2	1	0	7	161	76	0	1	0	4	0	108	164	174	151	0	4	4	0	114	246	180	65	0	2	0	0	1	103	44	0	1	0	0	0	0	0	1	2	0	0	
0	0	0	1	0	0	1	0	0	1	0	10	113	88	26	23	0	2	0	114	91	133	120	5	0	3	0	105	81	145	35	0	0	1	0	154	180	21	0	2	0	0	97	161	81	0	4	0	0	27	160	120	31	0	1	0	0	0	44	24	0	1	0	0	
0	0	0	2	1	0	0	0	0	0	1	0	16	10	0	0	0	2	0	58	157	106	0	3	2	0	36	169	131	109	0	3	1	0	20	145	202	10	0	1	0	3	0	107	83	0	3	0	2	0	41	141	0	2	0	0	2	0	72	41	0	1	0	0	
0	0	0	0	0	0	0	0	0	1	0	36	172	98	0	3	0	3	0	54	159	134	0	4	0	0	7	0	111	68	0	3	0	18	140	214	224	97	45	6	0	126	208	101	25	92	90	8	0	23	25	0	0	0	0	0	0	0	0	3	2	3	3	0	
0	0	0	1	0	0	1	0	0	1	0	5	114	109	17	6	0	2	0	146	119	151	159	3	0	1	0	162	80	169	53	0	0	1	0	183	204	22	0	2	1	0	111	178	112	0	5	0	0	2	167	164	104	0	3	0	1	0	21	55	0	0	0	0	
0	0	0	2	3	3	1	0	0	0	3	0	0	0	1	1	0	1	0	52	82	114	156	55	0	0	153	168	102	66	21	5	0	0	83	144	18	0	1	0	0	24	59	126	118	0	4	0	0	13	96	105	38	0	1	0	0	0	0	0	0	0	0	0	
0	0	2	0	0	1	1	0	1	0	17	182	175	14	0	1	2	0	183	156	141	211	9	0	0	50	196	18	0	180	126	0	0	73	118	0	0	87	169	0	0	34	179	50	13	187	137	0	2	0	108	191	195	177	10	0	0	0	0	0	3	0	1	0	
0	0	0	0	0	0	0	0	0	0	0	5	139	16	0	1	0	2	0	41	216	11	0	1	0	3	0	71	191	0	1	0	0	3	0	102	167	0	3	0	0	4	0	153	156	0	4	0	0	3	0	118	85	0	3	0	0	0	0	0	0	0	0	0	
0	0	0	42	32	0	0	0	2	0	43	225	223	104	0	2	0	0	13	0	87	192	0	2	0	1	0	32	210	98	0	4	3	0	64	230	115	0	1	0	1	0	212	162	51	112	103	14	0	5	125	143	150	164	112	2	0	0	0	0	0	0	0	0	
0	0	0	0	0	0	0	0	1	0	16	58	49	0	0	0	4	0	83	255	229	19	0	1	0	1	0	156	177	0	2	0	2	0	35	221	196	31	0	2	0	0	13	0	113	104	0	4	0	0	0	106	188	51	0	2	0	1	0	98	95	0	1	0	
0	0	0	0	0	0	0	0	0	9	82	4	0	32	16	0	0	24	160	0	0	163	34	0	0	80	194	49	99	212	92	0	0	87	199	151	209	241	117	0	0	0	1	0	182	75	0	3	0	2	0	49	195	1	1	1	0	1	0	11	29	0	0	0	
0	0	1	4	1	0	0	0	0	0	1	0	6	58	64	0	1	0	5	135	205	191	114	0	3	0	92	196	24	0	1	0	3	0	128	202	60	0	5	0	0	2	0	66	153	0	3	0	0	2	65	171	81	0	3	0	1	0	92	108	0	0	0	0	
0	1	0	32	61	11	0	0	2	0	49	240	182	14	0	2	3	0	182	115	0	18	2	0	0	17	195	47	181	233	140	4	0	19	195	214	171	76	234	35	1	0	179	255	203	226	111	0	1	0	35	88	54	43	0	0	0	0	1	0	0	0	2	0	
0	1	2	2	3	4	2	0	0	0	0	0	0	0	0	0	3	32	45	64	90	97	50	0	27	186	197	156	132	243	91	0	0	3	10	0	99	121	0	2	0	1	0	25	184	10	0	1	0	3	0	162	97	0	3	0	0	0	1	112	13	0	0	0	
0	0	1	1	0	0	0	0	0	1	0	36	161	95	0	3	2	0	35	186	162	167	0	2	4	0	88	219	219	160	0	3	3	0	140	172	129	137	0	3	0	11	178	30	170	88	0	3	1	0	143	197	86	0	1	0	0	0	1	1	0	1	0	0	
0	0	2	0	0	1	0	0	0	1	0	46	78	2	0	0	2	0	101	179	163	95	0	3	0	2	200	42	48	177	0	2	2	0	125	211	192	175	0	1	0	0	3	0	90	144	0	4	0	0	1	35	200	45	0	2	1	0	5	100	72	0	2	0	
0	0	2	0	0	0	1	0	0	0	0	164	143	120	32	0	3	0	131	217	183	255	128	0	0	10	224	54	16	202	185	0	0	108	210	0	0	175	158	0	0	101	241	76	115	253	66	0	0	0	144	230	203	101	0	2	0	0	0	0	0	0	1	0	
0	0	0	0	0	0	0	0	0	0	0	0	121	61	0	2	1	9	0	14	232	124	8	0	4	27	0	80	242	18	0	1	0	4	0	138	193	0	2	0	0	3	0	196	179	0	3	0	1	0	0	218	144	0	3	0	0	0	0	32	12	0	0	0	
0	0	0	0	0	0	0	0	0	1	0	61	158	181	16	0	2	0	40	181	146	218	9	0	0	0	4	46	196	73	0	3	2	0	41	208	87	0	2	0	0	5	205	192	77	33	0	1	0	43	198	136	163	112	0	3	0	0	0	0	0	0	0	0	
0	0	0	0	0	0	0	0	2	0	55	144	112	2	0	0	2	0	105	123	214	47	0	2	0	1	0	129	236	16	0	1	0	0	6	124	170	119	0	4	2	0	43	28	140	99	0	3	3	0	53	247	150	0	1	0	0	0	0	36	6	0	0	0	
0	0	1	0	0	0	0	0	0	2	0	24	133	76	0	2	0	42	157	0	171	218	0	0	0	66	197	0	182	61	0	1	0	89	227	187	244	185	194	20	0	110	188	147	185	40	65	2	0	5	0	130	135	0	3	0	0	0	0	37	14	0	3	0	
0	0	0	1	2	0	0	0	0	0	2	1	0	13	46	21	0	1	0	21	182	216	182	63	2	0	90	166	55	43	0	0	0	9	212	209	24	0	2	2	0	5	0	154	86	0	3	0	3	0	103	187	5	0	1	0	1	0	29	19	0	1	0	0	
0	3	0	75	50	0	2	0	3	0	65	250	79	0	4	1	0	25	218	98	2	32	11	0	0	131	137	62	202	202	205	25	0	130	153	180	123	120	226	22	0	21	211	251	229	242	90	0	1	0	13	72	55	9	0	1	0	1	1	0	0	0	2	0	
0	3	4	4	4	4	3	0	0	0	0	0	0	0	0	0	0	78	104	103	127	143	121	0	0	145	193	170	131	251	119	0	0	0	2	0	151	132	0	3	0	5	0	82	197	0	2	1	2	0	39	212	36	0	2	0	3	0	104	120	0	4	0	0	
0	0	1	0	1	0	0	0	0	1	0	117	192	55	21	0	3	0	92	197	0	111	171	0	4	0	120	157	76	224	106	0	1	0	144	241	202	251	58	0	0	150	205	62	0	131	124	0	0	139	94	8	26	167	60	0	0	0	14	10	8	6	0	0	
0	1	1	0	0	2	0	0	1	0	38	89	33	0	1	0	0	40	197	174	213	94	0	3	0	166	113	0	22	189	25	0	0	115	212	154	172	189	49	0	0	0	53	92	46	182	44	0	0	2	3	0	92	196	0	0	0	0	2	1	96	47	0	2	
0	0	2	1	0	2	1	0	0	2	0	64	179	19	0	1	2	0	67	173	103	165	0	0	0	6	165	38	0	131	62	0	0	54	125	0	0	130	49	0	0	22	190	76	27	155	0	0	1	0	29	139	150	50	0	2	0	1	0	8	8	0	0	0	
0	0	0	0	0	0	0	0	0	0	1	0	110	123	0	0	0	1	0	20	251	144	0	2	0	3	0	121	194	0	1	0	0	0	0	216	99	0	4	0	2	0	38	238	34	0	2	0	4	0	92	216	7	0	1	0	1	0	19	28	0	1	0	0	
0	0	0	10	51	14	0	1	0	3	0	81	222	187	8	0	0	0	2	0	87	199	4	0	0	1	0	137	208	42	0	2	3	0	110	143	0	0	0	0	0	48	238	129	162	148	15	0	0	48	151	110	70	87	16	0	0	0	0	0	0	0	0	0	
0	0	0	0	0	0	0	0	1	0	25	153	144	93	0	0	1	0	27	107	239	188	0	2	0	3	0	135	252	55	0	3	0	0	4	47	133	135	0	4	0	56	115	0	153	114	0	3	0	23	193	189	106	0	1	0	1	0	28	25	0	1	0	0	
0	0	1	0	0	2	2	0	0	0	6	16	0	1	1	2	3	0	77	117	0	33	131	17	0	19	196	66	29	201	57	0	0	38	157	123	219	147	7	0	0	3	0	91	133	0	4	0	0	2	0	86	32	0	2	0	0	0	0	0	1	0	0	0	
0	0	1	0	0	2	0	0	0	0	3	101	78	0	1	0	3	0	115	104	99	90	0	2	0	20	146	0	0	127	24	0	0	22	163	78	96	191	25	0	2	0	61	144	162	156	0	2	0	0	4	0	116	72	0	3	0	0	2	4	37	7	0	0	
0	0	0	1	0	1	0	0	2	0	42	202	132	0	0	0	4	0	127	167	142	161	0	2	4	0	126	98	0	208	46	0	2	0	152	33	0	190	66	0	2	0	169	75	97	197	5	0	2	0	53	194	178	39	0	2	0	0	0	0	0	1	1	0	
0	0	1	0	0	0	0	0	0	0	3	10	67	89	93	40	2	0	66	134	107	158	144	61	4	0	139	134	0	2	0	0	2	0	146	194	130	0	6	2	0	1	0	28	178	0	0	0	0	3	95	182	120	0	3	0	1	0	100	119	5	0	1	0	
0	0	0	9	88	9	0	0	1	0	0	168	138	0	2	0	4	0	98	144	0	4	0	0	1	0	152	164	201	187	42	0	0	11	232	160	0	148	122	0	1	0	172	206	158	191	39	0	0	0	4	65	68	12	0	1	0	0	1	0	0	1	1	0	
0	0	1	0	1	0	0	0	0	0	0	92	158	105	0	3	3	0	86	143	23	167	4	0	4	0	119	123	63	158	0	1	2	0	30	219	216	36	0	2	3	0	127	54	113	66	0	2	0	0	144	71	145	40	0	2	0	0	2	19	8	0	0	0	
0	0	0	0	0	0	0	0	0	2	0	74	155	39	0	2	0	2	0	32	208	100	0	4	0	0	0	138	186	1	0	1	0	0	0	96	159	41	0	2	2	0	56	8	134	78	0	9	3	0	75	213	144	0	1	2	0	0	3	50	9	0	0	0	
0	0	1	0	0	1	0	0	0	0	0	88	122	6	0	1	3	0	114	114	147	105	0	3	1	0	172	38	40	168	0	2	2	0	64	179	195	135	0	4	0	0	3	0	129	70	0	3	1	0	9	136	148	0	1	0	0	0	2	57	20	0	1	0	
0	0	2	0	0	1	1	0	0	0	0	165	159	12	0	1	3	0	118	127	121	192	1	0	0	10	180	21	0	176	84	0	0	21	174	5	0	137	119	0	0	0	198	64	31	223	50	0	3	0	82	189	195	95	0	2	0	0	0	2	3	0	1	0	
0	0	0	0	2	1	0	0	0	3	0	74	194	148	0	0	0	1	0	26	81	159	0	0	0	1	1	6	100	33	0	1	0	0	0	91	26	0	1	0	1	0	126	154	53	29	0	1	0	12	180	152	163	85	0	2	0	0	0	0	0	0	0	0	
0	0	0	0	0	0	0	0	1	0	16	117	140	32	0	2	1	0	29	81	165	75	0	3	0	2	0	91	209	15	0	1	0	1	0	51	171	68	0	3	0	10	53	0	123	66	0	2	0	12	107	175	110	0	1	0	0	0	0	39	12	0	0	0	
0	0	0	0	0	0	0	0	2	0	40	125	129	33	0	2	1	0	37	58	175	61	0	2	1	0	3	137	227	26	0	2	1	0	16	44	116	80	0	3	0	0	5	0	117	58	0	2	1	0	21	198	155	0	0	0	0	1	0	37	22	0	1	0	
0	0	0	0	0	0	0	0	2	0	88	141	131	32	0	1	1	0	55	49	166	69	0	3	0	2	0	95	224	82	0	3	0	1	0	36	57	143	0	3	1	0	33	20	76	131	0	4	2	0	39	171	167	33	0	2	0	1	0	42	29	0	1	0	
0	0	0	0	0	1	0	0	1	0	18	148	141	13	0	1	1	0	175	111	124	161	0	0	2	0	175	136	77	194	14	0	1	0	13	111	124	169	0	0	0	15	89	0	109	89	0	3	0	8	158	197	132	0	0	0	0	0	0	41	9	0	0	0	
0	0	1	0	3	2	0	0	0	0	1	6	0	0	5	2	2	0	52	102	95	156	143	50	4	0	119	121	43	40	5	1	1	0	129	163	79	0	3	0	0	1	0	37	130	0	3	0	1	0	14	130	87	0	3	0	2	0	48	156	5	0	1	0	
0	0	0	6	54	15	0	0	1	0	5	148	151	35	0	1	4	0	100	119	0	3	0	0	1	0	142	58	109	127	15	0	0	0	172	170	65	135	114	0	2	0	194	162	12	136	96	0	2	0	50	125	133	111	3	0	0	0	0	0	0	0	0	0	
0	0	0	0	0	2	0	0	0	1	47	5	0	7	100	11	0	21	147	0	0	109	106	0	0	60	166	18	83	184	10	0	0	110	225	153	212	158	49	0	0	14	7	12	131	0	0	0	0	3	0	95	99	0	4	0	0	2	0	36	19	0	1	0	
0	0	0	0	0	1	0	0	1	0	40	45	0	0	80	17	4	0	109	94	0	62	119	0	0	7	150	35	36	200	40	0	0	81	228	125	190	156	31	0	0	35	39	12	142	3	0	0	0	3	0	93	116	0	4	0	0	2	0	23	10	0	0	0	
0	0	0	0	7	2	0	0	1	0	5	127	147	114	0	0	1	0	39	101	47	194	6	0	0	2	0	24	188	56	0	2	2	0	28	191	44	0	2	0	1	0	168	136	55	79	8	0	0	32	190	139	136	131	18	0	0	0	0	0	0	0	0	0	
0	0	0	1	3	4	2	0	0	0	0	7	3	0	0	0	0	1	0	120	105	127	126	90	3	0	68	222	100	59	25	11	1	0	26	85	120	0	3	0	0	8	13	41	137	0	3	0	0	5	126	165	46	0	2	0	0	0	14	20	0	1	0	0	
0	0	1	0	0	1	1	0	0	1	1	0	1	1	36	6	3	0	77	79	0	54	172	11	0	8	187	49	0	176	55	0	0	108	223	119	190	161	46	0	0	15	0	68	172	0	1	0	0	3	0	110	65	0	3	0	0	1	1	1	1	1	0	0	
0	0	0	0	0	0	0	0	1	0	30	138	83	0	1	0	1	0	33	47	152	47	0	2	0	1	0	106	174	25	0	1	0	0	0	138	167	0	0	0	0	0	8	0	164	36	0	1	3	0	55	214	120	0	1	0	1	0	12	38	0	0	0	0	
0	1	0	0	0	2	1	0	0	11	72	79	45	2	0	0	0	102	175	116	136	143	20	0	0	101	88	0	17	159	91	0	0	27	200	245	238	198	93	0	0	0	11	69	26	135	77	0	0	1	2	0	29	191	9	0	0	0	2	0	53	80	0	2	
0	1	0	23	18	0	1	0	0	0	0	181	117	0	2	0	3	0	68	142	27	38	0	1	4	0	119	194	181	153	45	0	3	0	178	234	0	96	97	0	4	0	163	165	60	194	35	0	2	0	35	132	119	37	0	1	0	0	0	0	0	0	1	0	
0	0	0	0	0	0	0	0	1	0	2	157	219	61	0	2	4	0	93	159	80	180	35	0	2	0	53	173	104	151	18	0	3	0	56	214	230	134	0	4	4	0	135	66	115	192	4	0	3	0	87	182	157	56	0	1	0	0	0	7	2	0	0	0	
0	0	3	4	4	4	1	0	0	0	0	0	0	0	0	0	0	8	156	157	130	173	67	0	0	0	72	68	131	221	22	0	0	0	0	0	159	53	0	2	0	3	0	105	148	0	4	0	1	0	7	173	29	0	1	0	2	0	52	149	0	3	0	0	
0	0	0	0	1	2	0	0	1	0	10	86	41	0	1	0	1	0	165	187	208	44	0	2	0	20	193	0	70	191	0	1	0	6	184	167	174	202	2	0	1	0	21	44	125	170	0	3	0	1	0	11	183	90	0	3	0	1	0	83	112	0	0	0	
0	0	0	0	0	0	0	0	0	1	0	13	146	12	0	1	0	2	0	57	223	6	0	1	0	4	0	122	175	0	3	0	0	3	0	174	130	0	4	0	0	1	0	210	82	0	3	0	1	0	17	193	41	0	2	0	0	0	1	1	0	0	0	0	
0	0	0	3	4	2	0	0	0	0	0	0	0	0	11	5	0	1	0	122	156	171	213	78	2	0	38	220	118	63	39	9	2	0	168	244	22	0	1	0	0	0	125	230	74	0	4	0	0	26	150	158	8	0	1	0	0	9	53	9	0	0	0	0	
0	0	1	0	24	31	0	1	0	2	0	88	107	161	36	0	0	3	0	55	131	223	30	0	2	0	49	175	180	49	0	2	0	21	232	146	72	60	36	0	0	130	255	169	209	240	94	2	0	60	77	0	5	25	0	0	0	0	0	1	1	0	2	0	
0	0	1	11	5	4	3	0	1	0	26	166	3	0	0	0	2	0	163	116	74	151	65	0	0	71	189	142	246	146	211	32	0	119	229	163	1	42	197	10	0	68	255	140	134	211	75	0	0	0	77	107	104	31	0	1	0	1	0	0	0	0	2	0	
0	0	0	0	3	0	0	0	2	0	36	151	166	71	0	3	1	0	32	39	89	143	0	4	0	1	0	45	220	46	0	2	1	0	16	60	125	104	0	3	2	0	79	29	105	139	0	4	3	0	94	200	161	27	0	1	0	0	0	4	3	0	0	0	
0	0	0	0	0	0	0	0	0	5	29	0	11	37	0	1	0	6	166	0	56	153	0	3	0	7	157	26	124	121	0	4	0	5	156	152	209	144	0	1	0	0	2	0	153	47	0	2	0	2	0	31	187	2	0	0	0	1	0	15	66	0	0	0	
0	0	0	0	1	1	0	0	0	0	40	8	0	33	4	0	2	0	168	30	29	175	0	1	0	1	174	13	112	104	0	3	0	6	187	172	216	127	52	0	0	0	0	53	173	2	5	0	0	3	0	87	140	0	4	0	0	1	0	41	48	0	2	0	
0	0	0	1	0	0	0	0	0	1	0	18	104	5	0	0	0	3	0	77	230	8	0	1	0	1	0	92	174	0	1	0	0	3	0	61	104	0	3	0	0	4	0	108	105	0	3	0	0	4	0	140	114	0	3	0	0	1	0	20	12	0	0	0	
1	0	35	56	0	6	2	0	3	0	143	96	0	3	0	0	0	34	159	0	42	144	45	0	0	50	57	8	142	83	158	22	0	126	67	144	37	54	199	23	0	50	200	216	156	182	35	0	1	0	30	78	55	0	1	1	0	1	1	0	0	2	2	0	
0	0	0	0	0	0	0	0	0	0	6	12	0	36	8	0	3	0	78	124	0	169	9	0	3	0	155	92	78	156	0	2	1	0	147	155	210	157	42	0	0	2	0	63	151	0	3	0	0	3	0	152	81	0	3	0	0	0	0	77	11	0	0	0	
0	0	2	1	1	1	0	0	0	1	0	128	141	5	0	1	3	0	105	137	73	116	0	2	0	4	165	17	7	146	0	0	1	0	111	127	154	171	0	2	1	0	13	55	167	109	0	3	1	0	25	143	132	3	0	1	0	0	0	2	1	1	0	0	
0	0	1	0	36	15	0	1	0	2	0	51	180	25	0	1	1	0	12	173	77	10	0	1	3	0	90	213	116	139	35	0	0	3	226	86	0	72	122	0	0	0	67	148	31	163	70	0	0	1	0	53	140	110	0	0	0	0	2	1	0	0	1	0	
0	0	1	1	0	0	0	0	0	1	0	24	68	22	1	0	0	1	0	160	160	134	119	16	3	0	83	208	14	0	8	3	1	0	101	167	124	17	0	1	0	5	34	0	89	74	0	3	0	0	16	41	154	38	0	2	0	4	76	114	82	0	1	0	
0	0	0	0	0	0	0	0	0	0	3	0	85	114	0	3	0	0	5	0	178	152	0	4	0	2	0	44	238	61	0	3	1	0	18	179	119	0	3	0	3	0	99	241	13	0	1	0	3	0	127	124	0	2	0	0	0	0	0	0	0	0	0	0	
0	0	0	0	1	1	0	0	1	0	26	70	166	142	14	0	0	20	80	51	56	179	39	0	0	4	1	34	150	108	0	2	2	0	56	166	38	0	1	0	0	8	166	33	31	81	60	0	0	51	194	146	141	114	54	0	0	0	4	3	0	0	0	0	
0	0	0	11	51	3	0	0	0	0	0	161	128	5	2	1	3	0	99	123	0	2	0	0	2	0	144	27	20	125	84	0	0	21	125	47	161	79	159	55	0	16	147	193	104	42	128	18	1	0	46	128	107	50	17	0	0	0	0	0	0	0	1	1	
0	0	1	0	22	34	0	1	0	1	0	13	176	146	3	0	0	0	0	161	81	0	3	0	3	0	81	124	6	26	0	1	3	0	118	80	129	158	20	0	3	0	101	183	184	109	4	0	1	0	6	115	107	6	0	1	0	0	1	0	0	2	0	0	
0	1	4	4	4	4	2	0	0	0	0	0	0	0	0	0	0	26	127	108	130	183	105	0	0	8	108	107	133	204	39	0	0	1	0	17	185	32	0	1	0	4	0	143	118	0	5	0	1	0	23	176	7	0	0	0	4	0	108	145	0	4	0	0	
0	2	0	0	0	0	1	0	0	0	25	35	15	56	5	0	0	107	169	253	142	162	68	0	6	29	67	192	70	58	161	0	3	0	83	203	174	169	42	0	1	0	128	61	1	100	22	0	0	34	150	118	103	133	10	0	0	16	46	88	83	15	0	1	
0	0	1	0	0	0	0	0	0	1	0	44	53	43	0	1	3	0	61	174	138	127	7	0	4	0	104	113	51	137	5	0	1	0	22	217	192	68	0	3	4	0	119	81	84	90	0	3	3	0	62	166	128	0	0	0	0	1	0	39	22	0	1	0	
0	0	0	0	0	0	0	0	0	1	0	27	88	0	1	0	0	3	0	78	208	0	1	0	0	3	0	164	193	0	2	0	0	3	0	144	142	0	4	0	0	4	0	126	115	0	4	0	0	4	0	148	95	0	3	0	0	0	0	19	7	0	0	0	
0	0	0	1	1	1	1	0	1	0	13	155	173	62	0	2	4	0	131	104	52	181	15	0	3	0	67	154	152	196	9	0	1	0	5	204	118	144	28	0	3	0	95	129	15	194	18	0	2	0	44	169	168	58	0	2	0	0	0	7	3	0	1	0	
0	0	0	0	0	0	0	0	1	0	21	128	83	0	0	0	3	0	113	103	138	33	0	1	0	2	0	97	194	0	0	0	0	1	0	29	117	70	0	3	1	0	18	0	92	113	0	4	2	0	33	153	166	22	0	1	0	1	0	39	22	0	1	0	
0	1	4	4	3	3	2	0	0	0	0	0	0	0	0	0	0	48	132	125	141	183	118	0	0	18	91	77	121	237	60	0	0	1	0	25	195	40	0	2	0	3	0	173	99	0	5	0	3	0	70	169	0	3	0	0	4	0	138	83	0	3	0	0	
0	0	0	0	0	0	0	0	0	0	3	0	88	88	0	3	0	0	2	0	163	70	0	3	0	1	0	17	181	12	0	1	0	2	0	59	156	0	3	0	0	2	0	174	119	0	4	0	0	0	5	166	28	0	1	0	0	0	0	0	1	0	0	0	
0	0	0	0	3	2	0	0	0	1	0	124	189	119	0	1	0	0	5	75	56	203	21	0	0	2	0	51	199	88	0	2	3	0	117	183	30	0	1	0	0	24	211	95	103	120	12	0	0	40	196	137	97	94	15	0	0	0	0	0	0	0	0	0	
0	1	3	2	2	3	1	0	0	0	0	0	0	0	0	0	0	90	192	165	156	187	60	0	0	34	67	35	62	225	38	0	0	0	2	0	169	108	0	3	0	4	0	99	191	0	2	0	1	0	16	208	46	0	2	0	3	0	93	150	0	4	0	0	
0	0	0	0	3	1	1	0	1	0	28	168	200	161	16	0	4	0	141	239	21	114	161	0	0	24	193	25	0	4	184	35	0	125	99	0	0	18	201	31	0	140	103	25	92	214	144	0	0	33	165	181	169	72	0	1	0	0	0	0	0	0	2	0	
0	0	0	0	0	0	1	0	0	1	3	1	10	16	0	0	0	120	225	204	209	253	104	0	0	31	53	33	106	255	63	0	0	1	0	0	215	126	0	3	0	5	0	100	233	11	0	1	1	0	11	215	115	0	3	0	2	0	31	170	17	0	1	0	
0	0	0	1	3	3	4	1	0	0	1	1	0	0	0	0	0	1	0	35	110	84	146	54	1	0	10	204	170	105	76	15	3	0	63	181	112	0	3	0	0	13	18	111	131	0	6	1	0	24	142	143	7	0	1	0	0	0	0	0	1	0	0	0	
0	0	1	0	0	1	1	0	0	1	0	144	144	0	1	1	3	0	125	252	186	233	55	0	0	15	239	109	0	174	164	0	0	48	234	26	0	130	236	9	0	94	244	96	194	241	75	0	0	13	157	215	154	37	0	1	0	0	0	0	0	1	3	0	
0	0	2	0	1	0	1	0	1	0	4	174	202	125	4	0	3	0	109	214	20	197	99	0	0	16	236	78	0	102	172	0	0	64	217	11	0	175	146	0	0	61	218	34	166	231	16	0	0	0	147	218	175	34	0	2	0	0	0	0	0	1	1	0	
0	0	0	0	0	0	0	0	0	0	3	0	127	80	0	3	0	1	0	6	231	91	0	4	0	3	0	95	218	2	0	1	0	1	0	195	110	0	3	0	3	0	66	224	12	0	1	0	3	0	97	156	0	2	0	0	0	0	0	1	1	0	0	0	
0	0	0	3	1	0	0	0	0	0	1	1	0	5	40	46	0	0	3	49	96	177	137	53	2	0	57	175	8	16	0	0	3	0	59	166	68	0	5	2	0	8	0	119	118	0	4	0	0	3	133	128	3	0	0	0	0	0	3	0	1	0	0	0	
0	0	2	1	0	0	0	1	0	2	0	63	105	94	18	0	2	0	77	241	136	125	226	35	0	33	241	81	0	52	226	24	0	130	184	0	9	219	111	0	0	124	209	114	215	147	0	2	0	9	100	128	71	0	2	0	0	1	0	0	0	2	1	0	
0	0	1	0	5	0	1	0	0	0	13	87	117	103	0	1	3	0	154	175	0	182	119	0	0	58	209	13	0	118	166	0	0	146	95	0	0	190	130	0	0	130	135	25	173	226	15	0	0	19	153	190	150	31	0	1	0	0	0	0	0	1	1	0	
0	0	0	0	0	1	0	0	0	31	139	0	0	28	28	0	0	46	193	11	0	125	82	0	0	2	149	8	5	171	17	0	0	17	220	150	183	227	32	0	0	3	58	48	196	52	0	1	0	2	0	44	134	0	2	0	0	0	3	2	1	1	0	0	
0	0	0	0	23	4	0	0	1	0	17	109	94	69	0	2	4	0	100	120	11	81	0	3	4	0	106	191	200	183	41	0	3	0	127	144	127	119	0	2	2	0	177	72	150	99	0	4	1	0	43	146	115	1	0	0	0	0	0	0	0	0	0	0	
0	0	0	0	1	0	0	0	2	0	58	188	187	48	0	2	2	0	61	61	155	136	0	4	0	1	0	135	238	33	0	2	1	0	14	94	187	72	0	3	0	23	71	10	197	67	0	3	0	16	171	208	114	0	2	0	0	0	1	2	0	0	0	0	
0	0	0	0	0	0	0	0	0	1	0	18	108	5	0	0	0	2	0	50	240	26	0	2	0	2	0	62	203	1	0	1	0	4	0	147	176	0	3	0	1	0	4	220	87	0	3	0	2	0	53	205	9	0	1	0	0	0	5	18	0	0	0	0	
0	0	1	0	1	0	0	0	0	2	0	105	189	90	0	1	2	0	64	178	15	183	69	0	3	0	147	104	129	206	32	0	3	0	144	208	127	177	17	0	0	46	193	2	90	169	0	0	0	25	156	168	157	23	0	1	0	0	3	3	0	1	0	0	
0	0	0	0	2	2	0	0	1	0	5	127	186	148	6	0	1	0	15	85	52	215	46	0	0	2	0	59	213	148	0	1	3	0	88	209	48	0	1	0	0	15	220	86	31	53	0	0	0	40	206	171	158	128	0	0	0	0	0	0	0	0	0	0	
0	0	2	0	0	2	1	0	0	2	0	84	146	26	0	1	2	0	91	208	116	137	0	2	0	61	214	16	0	196	151	0	0	24	174	165	193	248	57	0	1	0	7	81	235	127	0	3	2	0	41	216	114	0	3	0	1	0	16	34	0	2	0	0	
0	0	2	0	0	0	0	0	0	2	0	92	192	70	0	1	3	0	76	223	31	100	85	0	0	8	213	59	0	149	116	0	1	0	139	192	214	255	38	0	1	0	14	66	213	139	0	1	2	0	45	192	93	0	1	0	0	0	0	2	0	2	0	0	
0	0	1	3	3	4	3	1	0	0	0	0	0	0	0	0	1	0	27	66	79	132	203	88	1	0	25	219	221	177	126	41	3	0	120	177	0	3	0	0	2	0	71	178	8	1	5	1	0	23	134	190	11	0	1	0	0	0	95	55	0	2	0	0	
0	0	0	14	58	25	0	1	0	2	0	116	171	147	10	0	0	0	3	0	77	188	12	0	0	1	0	138	201	42	0	2	2	0	129	165	0	0	1	0	0	19	237	193	183	136	22	0	0	6	51	52	20	90	76	0	0	0	0	0	0	0	0	0	
0	1	0	17	23	0	1	0	1	0	15	199	77	0	4	0	2	0	195	132	0	76	8	0	0	64	176	53	237	226	126	0	0	77	164	213	95	53	195	0	0	11	218	233	149	253	121	0	2	0	38	141	154	73	0	0	0	1	1	0	0	0	2	0	
0	0	0	0	0	2	0	0	1	0	22	104	0	18	132	1	2	0	64	165	0	115	124	0	3	0	151	86	21	200	12	0	0	33	240	189	226	218	49	0	0	14	80	94	191	19	12	0	0	2	0	144	102	0	3	0	0	0	5	6	0	1	0	0	
0	0	1	0	3	3	0	0	1	0	26	162	82	74	0	2	3	0	139	63	3	138	17	0	2	0	121	101	187	239	18	0	2	0	50	236	118	132	67	0	4	0	125	76	20	178	27	0	2	0	60	165	162	68	0	2	0	0	0	6	0	0	0	0	
1	0	16	65	29	0	1	0	3	0	116	193	163	18	0	1	0	0	4	0	191	55	0	2	1	0	13	210	155	0	4	1	3	0	153	113	0	3	0	0	0	16	231	169	143	123	79	23	0	5	91	104	100	112	140	59	0	0	0	0	0	0	0	0	
0	0	0	0	0	0	0	0	0	0	2	29	37	85	65	0	0	0	2	176	200	177	96	0	2	0	61	170	0	2	0	0	4	0	108	215	57	0	6	0	0	2	0	39	141	0	3	0	1	0	70	143	96	0	3	0	1	0	32	107	9	0	1	0	
0	0	1	0	0	2	0	0	1	0	39	16	0	1	3	0	0	0	168	29	7	100	0	0	0	59	216	98	150	208	79	4	0	73	183	152	204	203	84	0	0	0	0	0	182	46	0	2	0	4	0	86	192	0	4	0	0	1	0	35	41	0	1	0	
0	0	0	0	1	0	0	0	0	0	3	0	113	73	0	3	0	0	1	0	187	61	0	2	0	2	0	63	183	0	1	0	0	4	0	144	128	0	4	0	1	0	1	212	62	0	2	0	0	0	6	137	14	0	1	0	0	0	0	0	0	0	0	0	
0	0	4	4	4	4	1	0	0	0	0	0	0	0	0	0	0	3	96	134	168	180	50	0	0	0	138	161	169	231	31	0	0	0	1	0	180	76	0	3	0	3	0	90	171	0	3	0	1	0	10	200	50	0	2	0	2	0	60	167	0	2	0	0	
0	0	0	0	1	0	0	0	0	0	2	0	108	39	0	1	0	0	2	0	182	69	0	3	0	1	0	28	201	16	0	1	0	3	0	96	156	0	3	0	0	3	0	174	118	0	4	0	0	1	0	136	46	0	2	0	0	0	0	0	0	0	0	0	
0	0	0	0	0	1	0	0	0	0	8	6	0	31	95	0	4	0	108	80	0	178	110	0	4	0	147	52	72	147	0	2	0	23	223	141	232	138	0	1	0	41	155	194	117	42	9	0	1	0	20	142	7	0	0	0	0	0	14	30	0	3	0	0	
0	0	0	1	0	0	0	0	1	0	5	170	152	7	0	1	0	0	1	48	184	29	0	1	0	3	0	144	221	6	0	1	0	0	1	5	86	90	0	3	0	11	51	14	178	72	0	3	0	12	163	188	117	0	1	0	0	0	4	4	0	1	0	0	
0	0	2	0	0	1	0	0	1	0	14	94	85	32	0	1	0	0	162	181	89	130	0	0	0	21	173	15	26	167	20	0	1	0	128	223	216	152	13	0	0	0	0	13	0	97	27	0	2	0	49	77	42	173	7	0	1	0	14	52	46	33	0	1	
0	1	3	0	1	2	0	0	0	0	0	3	7	0	0	0	0	40	192	218	215	133	0	2	0	23	128	60	126	165	0	3	0	0	3	0	165	70	0	3	0	2	0	18	178	12	0	1	0	2	0	69	177	0	2	0	0	3	0	100	94	0	3	0	
0	0	0	0	1	0	0	0	0	0	2	0	77	126	0	3	0	0	2	0	192	90	0	3	0	2	0	67	171	0	1	0	0	3	0	153	123	0	4	0	1	0	10	222	78	0	2	0	2	0	48	145	0	1	0	0	0	0	0	0	1	0	0	0	
0	1	0	22	52	3	0	0	2	0	34	220	215	79	0	3	1	0	31	50	113	139	0	4	1	0	5	147	228	25	0	2	0	14	199	165	10	16	11	0	0	121	255	169	185	233	201	21	0	50	117	102	69	39	51	11	0	0	0	0	0	0	0	0	
0	0	3	75	61	0	2	0	4	0	118	193	40	0	3	0	3	0	171	89	0	53	0	0	0	5	201	124	215	233	140	0	0	20	229	249	137	137	219	11	1	0	175	255	210	195	49	0	1	0	13	68	51	4	0	1	0	0	1	0	0	2	2	0	
0	0	2	1	0	1	2	0	0	3	0	77	211	131	0	2	2	0	46	240	85	137	84	0	0	0	217	111	0	66	170	0	0	105	178	0	0	118	163	0	0	169	133	55	155	206	28	0	0	35	196	215	142	27	0	2	0	0	0	0	0	2	2	0	
0	3	4	4	4	3	3	0	0	0	0	0	0	0	0	0	0	104	126	120	149	184	118	0	0	68	150	139	123	254	111	0	0	0	3	0	147	154	0	3	0	5	0	97	206	1	1	1	1	0	4	205	63	0	3	0	2	0	49	172	0	2	0	0	
0	0	0	0	1	0	0	0	0	0	0	134	189	82	0	3	0	0	1	24	127	112	0	4	2	0	74	178	216	26	0	1	2	0	41	103	135	32	0	1	0	35	120	22	162	43	0	2	0	0	88	196	129	0	1	0	0	0	0	0	0	0	0	0	
0	0	1	1	0	1	0	0	0	1	0	24	186	48	0	2	2	0	34	167	104	141	3	0	2	0	143	56	0	114	43	0	0	47	125	0	0	111	70	0	0	80	81	0	34	158	15	0	0	43	117	71	165	50	0	2	0	0	10	17	5	0	1	0	
0	0	0	0	0	0	0	0	0	1	0	18	85	0	0	0	0	1	0	31	183	0	0	0	0	2	0	58	164	0	2	0	0	3	0	110	109	0	3	0	0	3	0	149	69	0	2	0	0	0	2	151	19	0	1	0	0	0	5	31	0	0	0	0	
0	0	0	10	5	0	1	0	2	0	117	165	149	60	0	2	0	0	37	8	22	149	18	0	0	0	0	3	0	107	47	0	0	0	8	73	74	129	4	0	0	0	130	186	239	159	3	0	0	5	153	106	4	85	55	0	0	0	3	2	0	0	0	0	
0	0	2	7	1	0	0	0	0	76	137	151	125	23	0	1	0	9	8	0	56	121	0	3	1	0	23	82	210	152	3	0	0	24	126	116	63	78	118	9	0	53	112	0	7	75	156	10	1	0	131	165	171	122	16	0	0	0	0	9	3	0	1	0	
0	0	1	0	0	0	0	0	0	0	2	4	0	53	21	0	2	0	55	96	0	139	37	0	2	0	122	38	0	141	7	0	0	23	178	82	130	153	0	3	0	3	65	64	160	72	0	2	0	1	0	15	130	1	0	0	0	0	1	9	20	0	0	0	
0	3	4	4	4	3	1	0	0	0	0	0	0	0	0	0	0	121	149	145	167	165	18	0	0	83	154	141	97	183	46	0	0	0	1	0	18	170	9	0	0	3	7	0	160	109	0	3	0	3	0	101	179	0	1	0	1	0	17	201	38	0	2	0	
0	0	0	1	0	0	0	0	0	1	0	18	125	84	0	1	0	0	0	117	114	138	0	2	1	0	26	109	80	69	0	2	0	3	0	141	183	0	2	0	1	0	22	113	103	35	0	1	3	0	74	130	120	44	0	2	0	0	1	46	35	0	1	0	
0	0	2	1	0	0	0	0	0	1	0	21	77	33	0	1	2	0	69	139	124	79	0	2	0	18	141	0	17	145	7	0	0	0	90	133	209	66	0	2	0	2	0	65	143	0	2	0	0	1	0	136	41	0	1	0	1	0	16	66	0	1	0	0	
