500	64	10
0	0	1	3	3	4	3	1	0	0	1	0	0	0	0	0	1	0	11	98	73	103	103	27	1	0	144	171	111	67	47	13	0	1	100	60	121	94	0	4	0	11	5	54	147	34	0	2	0	31	130	109	22	0	1	0	0	0	0	0	1	1	0	0	
0	0	0	0	6	4	0	0	0	3	30	114	166	153	40	0	0	36	197	42	3	3	9	0	0	24	186	179	171	119	4	0	0	0	0	6	15	135	125	0	0	4	130	58	29	131	75	0	0	1	170	221	162	54	0	1	0	0	0	1	1	0	2	0	
0	2	3	0	0	0	0	0	0	0	0	9	35	62	9	0	0	76	175	178	150	222	55	0	0	46	70	9	52	170	0	1	0	7	119	158	235	222	62	0	0	4	0	117	159	30	54	0	3	0	74	209	18	0	1	0	2	0	49	70	0	4	2	0	
0	0	0	41	16	0	1	0	0	1	0	63	141	1	0	0	0	0	10	75	131	0	1	0	0	2	148	184	132	47	0	1	0	0	1	0	6	136	20	0	0	10	81	68	94	117	9	0	0	2	83	130	93	13	0	1	0	0	0	0	0	1	0	0	
0	0	0	13	38	0	0	0	2	0	31	183	209	38	0	2	1	0	33	35	149	72	0	3	0	2	0	41	188	3	0	1	1	0	0	174	72	2	13	0	4	0	91	255	195	235	73	0	2	0	55	120	79	45	8	0	0	0	0	0	0	0	0	0	
0	0	1	0	1	0	0	0	0	0	0	26	20	0	1	0	2	0	66	144	135	13	0	1	1	0	131	52	127	36	0	1	1	0	47	81	153	17	0	1	0	0	0	2	129	8	0	0	0	0	0	13	139	3	0	0	0	1	0	20	112	0	1	0	
0	0	1	1	0	0	0	0	0	2	0	80	67	0	3	0	1	0	13	234	140	0	4	0	3	0	146	172	154	47	15	0	1	0	187	241	232	202	156	0	0	0	5	57	162	0	29	4	0	1	0	16	100	0	1	0	0	0	1	1	0	0	1	0	
0	0	9	5	0	0	0	0	2	0	109	160	96	2	0	0	0	1	0	22	172	21	0	1	2	0	65	185	178	66	1	0	1	0	33	32	0	88	74	0	0	6	27	0	6	123	82	0	0	1	91	122	139	85	0	1	0	0	0	8	4	0	1	0	
0	0	2	2	0	0	0	0	0	0	1	0	22	28	0	1	1	0	28	169	242	160	0	4	3	0	175	211	251	144	0	4	1	0	193	238	255	138	0	4	1	0	27	30	208	149	0	4	0	0	4	0	166	154	0	4	0	0	3	0	43	53	0	2	
0	0	0	0	2	4	0	0	0	20	9	0	1	0	0	0	0	99	151	96	111	112	4	0	0	16	21	0	95	169	0	2	0	0	3	0	148	67	0	3	0	1	0	3	168	21	0	1	0	1	0	41	162	0	2	0	0	1	0	21	59	0	1	0	
0	1	0	26	35	0	0	0	1	0	17	112	188	28	0	1	0	0	0	83	122	0	1	0	3	0	75	236	152	89	2	0	0	0	3	3	9	176	62	0	0	33	98	45	129	165	10	0	0	13	123	131	86	8	0	1	0	0	0	0	0	1	1	0	
0	0	0	0	0	0	0	0	0	1	0	38	91	0	2	0	0	2	0	46	151	0	2	0	0	2	0	41	183	0	0	0	0	2	0	59	171	0	2	0	0	3	0	104	144	0	4	0	0	3	0	83	85	0	3	0	0	0	0	0	0	0	0	0	
0	0	0	1	0	0	0	0	0	2	0	51	176	11	0	1	0	1	0	151	203	102	0	4	2	0	44	159	63	164	0	3	3	0	91	149	39	199	0	1	2	0	48	176	135	146	0	3	0	2	0	124	188	20	0	1	0	0	0	0	1	1	0	0	
0	0	0	6	4	0	0	0	0	1	10	123	160	25	0	1	0	12	114	0	92	108	0	4	2	0	98	87	138	69	0	2	0	1	0	184	217	10	0	1	1	0	13	161	64	152	3	0	0	0	0	134	143	93	0	0	0	0	0	3	11	0	0	0	
0	0	2	0	0	0	0	0	0	1	0	46	64	3	0	0	2	0	63	142	198	75	0	3	0	17	134	0	116	83	0	3	0	12	145	96	181	35	0	2	1	0	25	48	136	36	0	1	0	0	2	0	150	30	0	1	0	0	1	3	47	3	0	0	
0	0	8	4	0	0	0	0	1	0	106	150	40	0	1	0	0	2	0	86	143	0	4	0	3	0	72	214	164	54	0	1	0	0	13	13	0	102	54	0	0	1	7	3	32	140	64	0	2	0	88	154	138	66	0	1	0	0	5	9	0	0	1	0	
0	0	0	42	25	0	1	0	1	0	94	114	112	5	0	0	0	19	151	0	12	7	0	0	1	0	107	104	20	0	2	0	2	0	91	108	125	91	0	1	2	0	64	127	64	190	85	0	0	1	0	22	86	116	34	0	0	0	2	1	0	0	0	0	
0	0	0	9	8	0	0	0	0	0	15	110	133	33	0	2	2	0	101	34	29	117	0	3	2	0	38	133	109	59	0	2	0	4	0	141	244	24	0	2	1	0	24	149	50	173	9	0	1	0	8	129	117	107	10	0	0	0	0	5	17	3	0	0	
0	0	3	0	20	48	1	0	0	3	0	65	159	158	59	0	3	0	78	177	18	5	20	0	0	38	176	11	5	10	0	0	0	124	67	71	181	149	100	4	0	99	109	121	80	40	160	27	0	2	94	109	104	81	17	0	0	1	0	0	0	0	0	1	
0	0	0	0	0	0	0	0	0	1	0	37	106	0	2	0	0	1	0	29	159	0	1	0	0	1	0	36	167	0	1	0	0	2	0	63	143	0	3	0	0	3	0	80	143	0	4	0	0	3	0	75	100	0	3	0	0	0	0	0	0	0	0	0	
0	3	1	0	0	0	0	0	0	0	8	0	33	54	0	1	0	102	81	0	149	237	2	0	0	198	161	19	173	215	0	0	0	11	105	105	224	142	0	4	0	1	0	1	229	110	0	4	0	1	5	0	180	147	0	4	0	0	1	0	23	62	0	1	
0	0	2	0	0	1	0	0	0	0	0	64	67	0	1	0	3	0	98	135	125	50	0	2	0	4	144	24	168	79	0	3	2	0	84	124	183	69	0	3	0	0	3	0	149	54	0	2	0	0	2	0	160	24	0	1	0	0	0	0	60	5	0	0	
0	0	0	2	0	11	9	0	0	0	1	3	0	85	31	0	0	1	0	24	39	119	0	1	1	0	30	140	102	62	0	2	0	0	140	176	203	34	0	2	0	40	78	117	87	0	2	0	0	0	1	92	9	0	0	0	0	1	3	0	1	0	0	0	
0	0	1	0	0	0	0	0	0	1	0	26	79	92	76	11	3	0	85	168	138	133	82	9	4	0	155	154	46	0	0	0	1	0	51	124	147	99	0	3	0	0	2	0	58	140	0	3	0	30	96	103	156	26	0	1	0	32	117	61	11	0	0	0	
0	1	2	0	1	0	0	0	0	0	1	25	8	0	0	0	0	25	157	172	128	0	1	0	0	23	55	0	136	32	0	1	0	0	2	0	141	42	0	2	0	1	4	0	129	30	0	1	0	0	1	0	132	18	0	1	0	0	1	0	103	12	0	0	
0	0	0	2	3	0	0	0	3	0	68	192	69	0	3	0	2	0	160	108	31	3	0	0	1	0	174	174	153	121	0	0	0	1	4	3	0	124	66	0	2	0	67	79	0	165	60	0	3	0	92	203	175	118	0	2	0	0	0	3	6	0	1	0	
0	0	0	0	0	0	0	0	1	0	50	82	65	8	0	0	1	0	69	64	173	60	0	2	0	0	0	0	163	28	0	1	0	1	0	40	155	0	2	0	0	3	0	100	120	0	3	0	0	1	0	188	73	0	3	0	0	0	9	89	5	0	0	0	
1	0	16	19	0	1	2	0	2	0	176	134	91	91	0	2	0	48	243	41	12	214	92	0	0	106	159	0	0	30	195	16	0	114	128	0	12	130	210	6	0	76	255	236	250	252	70	0	1	0	77	154	126	32	0	2	0	0	0	0	0	0	2	0	
0	1	0	0	0	2	1	0	0	1	2	4	3	0	0	0	0	144	76	0	12	155	31	0	0	210	231	122	103	255	100	0	0	84	220	227	255	255	97	0	0	1	0	18	67	211	157	0	0	1	1	2	0	48	50	0	0	0	0	1	4	1	0	0	
0	0	0	0	0	0	0	0	0	2	0	54	27	0	1	0	0	4	0	118	88	0	3	0	0	3	0	112	118	0	4	0	0	3	0	89	117	0	4	0	0	3	0	87	117	0	4	0	0	3	0	73	109	0	3	0	0	0	0	8	16	0	0	0	
0	1	2	0	0	0	2	0	0	0	7	71	85	51	0	2	0	4	159	174	118	169	103	0	0	103	117	0	2	0	133	37	0	100	20	0	4	0	119	58	0	99	105	29	19	104	132	0	0	8	107	147	146	115	9	0	0	1	0	0	0	0	2	0	
0	0	0	0	1	0	0	0	0	3	0	77	58	0	2	0	0	3	0	107	121	0	4	0	0	3	0	97	157	0	4	0	0	1	0	39	169	0	1	0	0	1	0	19	193	13	0	1	0	0	0	9	133	8	0	0	0	0	0	0	0	0	0	0	
0	0	0	0	0	0	0	0	0	1	0	42	76	101	60	0	1	0	8	227	176	27	6	0	2	0	121	143	151	96	0	3	0	1	14	0	49	150	0	3	0	0	106	19	36	162	0	2	2	0	79	180	167	98	0	3	0	1	0	30	58	2	0	0	
0	0	1	0	1	1	0	0	0	0	2	64	45	0	1	0	2	0	111	110	117	25	0	1	1	0	129	40	98	65	0	3	1	0	15	47	136	54	0	2	0	0	4	0	104	59	0	2	0	0	4	0	123	59	0	2	0	0	1	0	49	21	0	1	
0	0	0	0	0	0	0	0	0	2	0	91	149	36	0	2	0	0	1	100	127	93	0	3	0	2	0	147	106	0	1	0	2	0	35	114	123	18	0	1	3	0	98	31	50	141	0	1	1	0	28	74	80	83	1	0	0	0	0	6	15	1	0	0	
0	0	0	1	14	3	0	0	0	0	0	73	92	70	0	1	0	0	10	10	45	127	0	2	1	0	28	109	143	44	0	2	0	3	0	165	160	0	4	0	1	0	18	143	133	43	0	2	1	0	13	133	132	27	0	1	0	0	0	7	10	0	0	0	
0	1	2	0	0	0	0	0	0	0	3	0	91	23	0	1	0	24	49	0	153	44	0	2	0	45	182	9	144	57	0	2	2	0	111	155	196	55	0	2	0	0	4	0	135	60	0	2	0	0	5	0	81	84	0	3	0	0	0	0	0	2	0	0	
1	0	39	41	0	1	0	0	0	0	130	207	132	0	0	0	0	1	0	6	184	101	0	3	0	0	3	0	79	150	0	3	1	0	48	150	232	101	0	4	0	34	237	245	189	180	67	0	0	28	145	52	0	46	94	1	0	0	0	0	3	0	0	0	
0	0	0	0	0	0	1	0	1	0	25	122	94	56	0	1	3	0	76	135	72	171	52	0	4	0	120	112	103	101	121	0	4	0	115	231	82	110	81	0	4	0	121	224	81	148	0	0	1	0	27	168	141	13	0	1	0	0	0	4	2	1	1	0	
0	0	0	61	7	0	0	0	1	0	30	164	0	4	2	0	3	0	78	126	0	3	0	0	4	0	126	102	0	129	61	0	4	0	126	115	110	208	138	0	2	0	30	206	234	151	45	0	0	1	0	26	71	33	0	1	0	0	1	1	0	0	2	0	
0	1	2	0	1	2	0	0	0	0	1	28	19	0	0	0	0	9	158	175	177	56	0	1	0	79	150	0	37	223	37	0	0	44	173	70	122	209	11	0	1	0	45	95	102	176	0	1	0	1	3	0	68	161	0	3	0	0	4	0	71	91	0	3	
0	0	1	0	0	0	0	0	0	2	0	123	206	11	0	1	3	0	68	229	184	106	0	4	2	0	191	118	0	152	11	0	0	5	207	46	0	108	72	0	0	0	210	140	57	190	78	0	2	0	65	205	222	108	0	2	0	0	0	0	0	0	1	0	
0	0	1	2	0	1	0	0	0	0	0	7	20	0	0	0	1	0	11	89	147	70	0	3	4	0	100	136	172	79	0	3	1	0	19	48	144	44	0	2	0	0	1	0	120	21	0	1	0	1	0	21	134	0	1	0	0	1	0	30	88	0	2	0	
0	0	2	1	0	0	0	0	0	0	2	0	62	31	0	1	1	0	34	0	130	64	0	2	2	0	153	35	142	45	0	2	2	0	133	153	190	22	0	1	0	0	0	21	161	6	0	0	0	1	0	26	129	0	1	0	0	0	0	7	20	0	1	0	
0	3	4	4	3	0	0	0	0	0	0	0	0	1	1	0	7	92	151	159	116	0	0	0	9	65	95	123	223	52	24	0	1	0	26	136	241	189	62	0	1	3	4	33	246	65	0	3	0	1	0	0	209	97	0	3	0	0	1	0	23	11	0	0	
0	0	0	0	0	0	0	0	1	0	10	65	84	108	140	68	3	0	86	159	128	117	75	13	4	0	113	90	0	3	0	0	1	0	18	187	78	0	5	0	0	2	26	14	175	53	0	2	0	0	201	180	164	56	0	2	0	0	23	61	26	0	1	0	
0	0	1	1	0	1	1	0	0	2	0	63	152	63	0	2	2	0	53	195	93	160	39	0	4	0	132	66	51	126	12	0	1	0	25	165	154	1	0	0	1	0	16	194	151	0	1	0	3	0	63	241	140	0	1	0	0	0	4	40	8	0	0	0	
0	0	0	15	19	0	1	0	0	3	0	122	68	0	2	0	1	0	11	163	10	0	1	0	2	0	65	144	92	126	2	0	4	0	96	162	124	152	29	0	4	0	95	210	143	96	0	2	1	0	12	102	97	0	0	0	0	0	0	0	0	2	0	0	
0	0	0	0	0	0	0	0	0	40	89	90	63	0	0	0	0	108	149	72	150	126	0	4	0	0	0	0	129	76	0	2	0	4	0	167	188	0	0	1	0	0	0	7	81	160	7	0	0	0	0	5	39	176	19	0	0	1	0	16	111	47	0	2	
0	0	1	0	0	0	0	0	0	0	3	59	87	117	104	7	3	0	68	204	119	88	36	0	4	0	124	194	114	56	0	2	1	0	35	51	7	142	27	0	0	0	1	0	22	177	26	0	0	3	165	195	190	89	0	3	0	0	42	56	12	0	1	0	
0	1	0	29	59	0	2	0	0	3	0	97	104	0	3	0	0	3	0	126	50	0	2	0	0	0	0	146	29	1	0	0	0	0	3	185	96	117	6	0	0	2	0	154	87	124	8	0	0	1	0	25	74	19	0	1	0	0	0	1	0	1	0	0	
0	0	1	1	0	2	0	0	0	2	0	86	175	0	2	0	2	0	33	218	169	97	0	1	3	0	162	134	0	126	85	0	0	24	193	15	0	43	151	0	0	39	177	0	16	182	103	0	1	0	104	153	168	100	0	0	0	0	0	10	5	0	1	0	
0	0	1	0	0	0	0	0	0	1	0	52	181	54	0	2	1	0	24	225	255	160	0	3	3	0	155	214	89	225	6	0	2	0	209	163	66	255	25	0	3	0	128	237	146	249	24	0	1	0	5	176	234	146	0	1	0	0	1	0	0	0	0	0	
0	0	0	0	0	0	0	0	2	0	75	130	93	6	0	0	0	0	2	39	193	34	0	1	1	0	91	208	173	30	0	1	0	0	97	65	15	139	36	0	0	0	1	0	28	185	37	0	1	0	62	133	158	63	0	2	1	0	36	57	3	0	1	0	
1	1	1	4	1	1	0	0	0	9	9	0	11	5	0	0	5	200	244	99	121	110	0	3	47	243	164	198	251	213	9	0	35	100	0	0	147	255	67	0	0	0	4	0	22	239	91	0	1	3	0	4	0	151	160	0	0	0	0	2	0	86	100	0	
0	0	0	0	0	0	0	0	0	1	0	40	58	0	2	0	0	3	0	92	121	0	4	0	0	3	0	94	100	0	3	0	0	3	0	91	92	0	3	0	0	3	0	106	109	0	4	0	0	3	0	98	88	0	3	0	0	1	0	13	12	0	0	0	
0	0	1	2	0	0	0	0	0	0	2	0	121	112	0	2	0	0	1	134	91	108	12	0	2	0	124	99	0	105	44	0	0	36	125	0	0	111	45	0	0	58	102	0	47	115	1	0	0	0	120	135	106	18	0	1	0	0	2	8	0	1	0	0	
0	0	1	0	1	3	0	0	0	1	0	46	175	141	1	0	0	16	111	18	31	163	25	0	0	6	190	55	82	151	0	3	1	0	19	214	228	11	0	1	3	0	69	188	164	66	0	3	3	0	80	167	145	59	0	2	0	0	0	8	7	0	0	0	
0	0	2	0	1	2	0	0	0	0	0	29	26	0	0	0	0	0	95	99	125	71	0	2	0	24	172	41	119	125	0	4	1	0	33	64	103	73	0	3	0	0	3	0	94	60	0	2	0	0	5	0	126	68	0	3	0	0	2	0	85	43	0	2	
0	2	0	61	76	0	2	0	0	3	0	136	67	0	3	0	1	0	25	170	4	0	1	0	3	0	95	119	54	106	5	0	4	0	131	159	160	131	121	0	2	0	40	184	149	114	74	0	0	0	0	2	31	24	0	0	0	0	2	2	0	1	2	0	
0	0	1	1	3	2	0	0	0	1	0	24	172	127	0	2	0	1	0	183	99	45	10	0	3	0	65	183	177	58	0	2	4	0	108	60	33	164	0	0	4	0	99	136	0	149	10	0	1	0	8	155	165	69	0	2	0	0	0	1	8	0	0	0	
0	0	0	0	0	0	0	0	1	0	36	62	31	2	0	0	0	0	184	126	53	189	62	0	0	4	30	0	64	193	5	0	0	0	0	1	187	54	0	2	0	3	0	81	186	0	2	0	0	3	0	171	101	0	3	0	0	0	0	92	25	0	1	0	
0	0	0	1	1	0	0	0	0	0	2	0	33	15	0	1	0	1	0	22	179	44	0	2	2	0	85	89	114	12	0	0	0	0	39	34	120	20	0	1	0	1	0	94	142	12	0	1	0	2	0	52	81	0	3	0	0	1	0	31	35	0	1	0	
0	0	0	4	10	8	7	0	1	0	10	156	150	175	122	0	4	0	146	135	0	3	0	0	2	0	168	226	188	138	31	0	0	0	1	13	1	125	163	0	0	37	73	36	65	180	83	0	0	70	213	183	154	62	0	1	0	0	0	0	0	0	1	0	
0	0	0	0	0	1	0	0	1	0	39	137	62	0	1	0	2	0	150	64	169	60	0	2	2	0	56	123	97	4	0	0	0	2	0	157	130	12	0	1	0	1	0	105	60	107	0	2	0	2	0	47	164	117	0	2	0	0	1	0	37	22	0	1	
0	0	2	2	0	1	0	0	0	0	0	10	25	0	0	0	1	0	23	184	170	31	0	2	4	0	133	88	101	118	0	4	2	0	71	162	196	99	0	4	0	0	3	5	67	98	0	4	0	0	4	0	89	106	0	4	0	0	2	0	61	66	0	2	
0	0	2	1	0	2	0	0	0	1	0	37	20	0	45	9	2	0	73	136	0	66	142	0	0	0	191	84	131	199	15	0	1	0	134	140	217	61	0	3	0	3	0	124	141	0	4	0	2	0	34	211	23	0	1	0	1	0	28	53	0	1	0	0	
0	0	0	6	1	0	0	0	2	0	88	166	105	0	0	0	0	0	26	23	179	19	0	1	1	0	18	196	205	77	0	2	0	0	12	39	0	129	21	0	0	8	37	4	93	146	0	0	0	0	121	188	153	25	0	1	0	0	1	3	0	0	0	0	
0	0	1	1	0	0	0	0	0	0	3	0	79	116	0	3	1	0	20	140	153	138	0	4	3	0	66	168	142	100	0	4	3	0	171	147	184	86	0	2	0	0	104	167	238	122	0	0	0	1	0	29	157	1	0	0	0	0	3	3	2	3	0	0	
0	1	0	25	15	0	0	0	2	0	44	243	101	0	3	0	1	0	188	106	62	79	0	2	0	45	174	0	0	140	39	0	0	53	147	0	0	75	120	0	0	7	199	171	102	208	124	0	1	0	26	140	164	142	15	0	0	1	1	0	0	0	0	0	
0	0	2	0	0	2	0	0	0	0	1	60	51	1	0	0	2	0	130	145	146	111	0	2	0	26	156	0	20	185	9	0	0	0	165	98	114	193	0	1	1	0	28	121	156	144	0	3	0	0	3	0	48	131	0	3	0	0	2	2	13	44	0	1	
0	0	0	7	1	0	0	0	2	0	45	161	112	11	0	1	0	0	2	0	126	77	0	3	2	0	42	181	243	60	0	3	1	0	36	73	42	131	1	0	0	11	61	17	88	139	0	0	0	1	143	193	145	19	0	1	0	0	0	0	0	1	0	0	
0	0	1	0	12	32	0	1	0	1	0	2	147	101	0	3	0	2	0	156	189	11	0	1	3	0	81	186	78	157	14	0	0	0	23	8	0	158	36	0	0	56	129	23	141	116	0	2	0	26	122	117	61	0	1	0	0	0	0	0	0	2	0	0	
0	0	0	0	0	0	0	0	0	2	0	72	26	0	1	0	0	3	0	104	78	0	3	0	0	3	0	88	117	0	4	0	0	3	0	91	116	0	4	0	0	3	0	91	114	0	4	0	0	3	0	83	85	0	3	0	0	0	0	10	10	0	0	0	
0	0	0	7	2	0	0	0	1	0	85	125	111	16	0	1	0	3	33	0	72	92	0	3	0	0	0	1	129	41	0	2	0	1	0	118	78	0	2	0	3	0	93	119	0	38	81	14	2	0	48	126	119	90	27	0	0	0	0	1	1	0	0	0	
0	0	0	0	0	0	0	0	0	9	33	0	26	38	0	1	0	25	81	0	67	93	0	3	0	15	63	74	63	95	0	3	2	0	50	130	113	93	0	4	0	0	8	32	128	79	0	3	0	0	4	0	119	64	0	2	0	0	1	0	25	8	0	0	
0	0	0	0	1	1	0	0	0	0	0	2	0	79	51	0	0	0	2	0	39	174	9	0	0	0	0	5	162	52	0	2	0	2	0	122	84	0	3	0	3	0	80	132	0	3	0	0	1	0	161	38	0	1	0	0	0	0	27	4	0	0	0	0	
0	0	2	1	6	2	1	0	0	1	0	116	178	56	0	3	3	0	108	156	36	136	12	0	0	8	194	32	0	71	126	0	0	66	151	0	0	32	157	0	0	44	154	0	0	163	105	0	2	0	72	136	153	117	0	0	0	1	0	8	9	0	1	0	
0	0	1	0	0	0	1	0	1	0	13	119	132	69	0	1	1	0	161	147	5	125	62	0	0	1	127	39	20	120	62	0	2	0	115	186	170	167	0	0	0	63	98	0	0	131	34	0	0	16	99	47	47	106	5	0	1	0	21	46	45	22	0	1	
0	0	1	2	0	1	0	0	0	0	1	0	85	13	0	0	1	0	19	46	112	6	0	0	3	0	74	135	126	11	0	1	2	0	50	137	160	9	0	1	0	1	0	35	128	0	3	0	0	1	0	31	101	0	2	0	0	0	0	0	0	0	0	0	
0	0	0	0	0	0	0	0	0	33	139	91	47	0	0	0	0	6	71	124	236	29	0	2	0	0	0	153	125	0	2	1	0	0	165	118	0	2	2	0	0	19	212	143	162	168	175	70	1	0	24	68	41	24	23	17	0	0	0	0	0	0	0	0	
0	0	2	1	0	1	0	0	0	0	0	16	25	0	0	0	2	0	43	124	124	29	0	1	2	0	138	67	154	31	0	1	1	0	49	77	148	5	0	0	0	0	0	0	124	8	0	0	0	0	1	4	132	7	0	0	0	0	0	1	94	6	0	0	
0	0	0	1	4	0	0	0	1	0	9	128	159	33	0	2	3	0	116	105	23	96	0	2	0	0	27	0	60	109	0	3	0	1	0	29	169	30	0	1	3	0	67	236	152	9	0	1	1	0	35	42	31	128	23	0	0	0	0	1	0	6	3	0	
0	0	1	3	3	2	0	0	0	0	4	1	0	0	0	0	3	0	128	149	109	50	0	1	0	2	170	49	78	164	0	2	0	3	27	0	89	107	0	4	0	0	3	0	140	54	0	2	0	0	0	5	160	15	0	1	0	1	0	17	100	0	1	0	
0	0	1	3	0	1	0	0	0	0	1	1	1	21	46	0	0	0	1	126	155	233	120	0	4	0	138	186	142	192	0	0	3	0	148	213	217	22	0	1	0	1	0	160	122	0	4	0	1	0	23	221	33	0	1	0	1	0	22	85	1	0	0	0	
0	0	1	14	4	0	0	0	3	0	61	150	119	7	0	1	0	0	4	22	167	19	0	1	1	0	6	187	208	37	0	2	0	0	2	5	31	138	4	0	1	0	27	17	23	156	14	0	2	0	53	166	165	64	0	2	0	0	0	6	4	0	0	0	
0	1	0	63	111	0	0	0	2	0	55	164	120	26	0	1	2	0	169	73	0	2	1	1	0	45	162	0	44	81	12	0	0	50	189	141	139	146	187	14	2	0	138	251	147	136	193	22	0	0	0	41	82	74	10	0	0	0	2	0	0	0	1	1	
0	0	0	0	0	0	0	0	0	2	147	180	127	15	0	1	0	2	66	39	177	110	0	4	0	2	0	28	212	57	0	2	2	0	43	221	99	0	19	10	0	39	248	241	172	181	159	39	0	27	135	90	63	31	2	0	0	0	0	0	0	0	0	1	
0	0	2	1	0	0	0	0	0	1	0	9	49	41	0	1	2	0	78	140	133	169	0	2	0	58	145	0	58	114	0	3	0	23	34	49	173	134	0	2	1	0	8	90	171	17	0	1	0	2	0	30	138	0	2	0	0	0	0	15	53	0	1	0	
0	2	0	89	25	0	1	0	1	0	6	168	19	0	1	0	2	0	62	142	0	3	0	0	3	0	85	79	71	101	4	0	4	0	81	230	127	200	99	0	3	0	70	235	159	157	36	0	0	0	7	12	20	0	0	0	0	0	0	0	0	2	1	0	
0	0	0	0	0	0	0	0	0	2	0	58	70	0	2	0	0	2	0	54	103	0	3	0	0	1	0	41	103	0	3	0	0	2	0	63	106	0	3	0	0	3	0	95	62	0	2	0	0	3	0	105	39	0	1	0	0	0	0	1	1	0	0	0	
0	0	0	0	8	5	0	0	1	0	23	140	144	57	0	2	2	0	56	153	30	0	0	0	2	0	41	152	162	69	0	3	0	0	0	0	6	100	0	0	0	0	80	27	56	137	0	1	2	0	106	171	156	43	0	2	0	0	0	3	2	0	0	0	
0	0	0	0	0	0	0	0	2	0	66	222	199	50	0	2	3	0	183	146	43	156	1	0	4	0	138	169	202	185	0	2	3	0	161	225	201	171	19	0	3	0	167	103	49	216	77	0	2	0	33	187	204	143	9	0	0	0	0	0	0	0	0	0	
0	0	1	0	0	0	0	0	0	0	1	0	31	67	0	2	0	0	28	0	79	109	0	4	0	14	150	0	83	97	0	4	0	6	161	160	174	70	0	3	0	0	3	0	109	61	0	2	0	0	4	0	71	41	0	2	0	0	0	1	0	0	0	0	
0	0	0	1	1	0	2	0	0	0	1	0	17	140	83	0	0	1	0	25	172	72	0	1	0	3	0	150	136	0	4	0	0	3	0	117	135	0	3	0	0	5	9	173	165	0	3	0	0	13	135	151	19	0	1	0	0	0	2	0	0	0	0	0	
0	2	2	2	3	4	0	0	0	0	0	0	0	0	0	0	0	84	176	127	97	91	7	0	0	155	68	12	69	207	9	0	0	29	5	0	83	132	0	4	0	0	5	0	127	88	0	3	0	2	1	0	156	34	0	1	0	0	0	6	165	16	0	1	
0	0	2	0	0	1	0	0	0	1	0	0	0	2	54	4	0	0	151	64	0	61	150	0	0	43	214	15	0	167	66	0	0	24	194	184	201	183	0	1	1	0	21	67	217	106	0	4	0	1	2	0	163	42	0	2	0	0	1	4	22	1	0	0	
0	0	1	2	0	0	0	0	0	0	0	4	33	6	0	0	1	0	25	148	141	70	0	3	3	0	121	64	46	107	0	3	2	0	77	129	183	53	0	2	0	0	3	0	137	32	0	1	0	0	0	6	144	10	0	0	0	1	0	17	96	0	1	0	
0	0	1	0	1	0	0	0	0	0	2	2	9	31	0	1	2	0	52	25	62	127	0	4	4	0	135	161	199	69	0	3	0	0	25	50	201	17	0	1	0	3	0	97	135	0	3	0	0	2	0	154	56	0	2	0	0	0	1	46	3	0	0	0	
0	1	0	0	3	1	0	0	0	0	18	9	0	6	1	0	0	46	193	149	137	166	2	0	0	97	91	0	110	165	0	3	0	2	5	0	137	101	0	4	0	1	0	6	185	26	0	1	0	3	0	79	163	0	3	0	0	3	0	85	77	0	2	0	
0	0	1	1	8	3	0	0	0	1	0	38	130	105	3	0	0	0	8	94	0	104	73	0	3	0	87	110	0	85	87	0	3	0	144	56	0	105	45	0	3	0	136	53	75	127	0	1	3	0	60	169	111	11	0	1	0	0	0	7	1	1	0	0	
0	0	1	2	0	0	0	0	0	1	0	10	104	121	48	0	0	1	0	155	255	141	162	21	3	0	124	255	84	0	159	17	0	32	225	156	0	111	122	0	0	123	140	39	96	157	0	0	0	132	138	138	147	12	0	1	0	13	63	52	0	2	1	0	
0	0	1	1	0	0	0	0	0	1	0	31	128	50	0	2	1	0	10	136	67	102	0	2	3	0	91	78	42	106	0	3	3	0	113	63	174	88	0	4	2	0	64	138	133	45	0	2	0	0	0	1	125	10	0	0	0	0	0	5	24	0	0	0	
0	0	0	0	1	0	0	0	0	0	3	0	97	79	0	3	0	0	1	0	193	72	0	3	0	1	0	15	204	27	0	1	0	3	0	81	173	0	2	0	0	2	0	166	81	0	3	0	2	0	50	169	5	0	1	0	0	0	4	2	0	0	0	0	
0	0	0	0	0	0	0	0	0	3	0	81	108	0	3	0	0	4	0	142	141	0	4	0	0	4	0	136	137	0	4	0	0	4	0	139	135	0	4	0	0	4	0	122	168	0	2	0	0	2	0	35	182	19	0	1	0	0	0	1	0	0	0	0	
0	0	0	0	0	0	0	0	0	1	0	32	120	160	45	0	0	4	0	94	98	70	131	0	0	0	0	3	0	130	99	0	0	22	119	138	155	128	0	0	8	170	142	203	231	77	0	3	9	38	27	27	10	29	0	1	0	0	0	0	1	0	0	0	
0	0	2	0	0	1	1	0	1	0	12	83	91	24	0	1	0	3	169	133	106	166	36	0	0	0	166	78	44	199	92	0	1	0	4	195	202	9	0	1	0	4	0	123	208	11	0	1	0	2	0	54	238	85	0	4	0	0	0	0	87	28	0	1	
0	0	0	0	0	0	0	0	2	0	55	146	149	91	0	0	2	0	45	94	152	223	9	0	0	2	55	151	218	156	0	2	0	21	186	137	9	173	46	0	0	0	2	0	36	183	18	0	0	94	78	78	188	60	0	3	0	40	56	59	31	0	2	0	
0	0	0	0	1	1	0	0	2	0	34	197	61	0	2	0	3	0	53	255	225	27	0	2	3	0	70	117	123	141	0	4	3	0	74	109	38	192	0	1	2	0	32	200	105	176	0	1	0	3	0	80	204	72	0	2	0	0	1	1	0	0	0	0	
0	0	4	2	0	10	6	0	0	0	0	0	6	149	19	0	0	0	91	37	51	153	0	3	1	0	167	60	103	82	0	3	0	89	220	143	230	141	11	0	0	82	73	132	100	12	81	4	0	0	0	48	7	5	74	12	0	2	3	0	2	0	0	0	
0	0	0	0	0	0	0	0	0	15	34	1	30	126	33	0	0	55	180	152	234	126	7	0	1	0	11	139	183	61	0	2	0	0	2	23	3	140	35	0	0	3	69	8	0	115	72	0	2	0	111	157	134	120	0	0	0	0	0	42	61	5	0	0	
0	0	2	0	52	61	0	2	0	0	1	0	194	78	0	3	0	3	0	143	145	0	3	0	3	0	74	161	0	19	0	0	3	0	149	64	107	174	32	0	3	0	113	214	193	155	18	0	1	0	14	81	79	22	0	1	0	0	1	0	0	1	1	0	
0	0	0	12	22	0	1	0	0	2	0	47	196	12	0	1	0	0	4	0	186	67	0	2	0	1	0	42	203	21	0	1	3	0	73	243	229	176	14	0	0	5	224	225	23	76	16	0	0	13	133	41	0	1	0	0	0	0	0	1	2	3	1	0	
0	0	0	1	3	0	0	0	0	0	1	2	0	38	16	0	0	1	0	6	124	229	33	0	1	0	21	156	127	160	5	0	0	28	187	57	73	111	0	3	0	49	86	0	151	37	0	1	0	2	0	76	143	0	3	0	0	2	0	76	42	0	1	0	
0	0	2	1	0	1	0	0	0	1	0	24	83	21	0	1	2	0	51	174	120	110	0	1	2	0	188	83	37	145	0	1	2	0	90	181	187	163	0	3	0	0	3	0	95	94	0	3	0	0	3	0	191	76	0	3	0	0	0	0	86	27	0	1	
0	0	2	2	0	1	3	0	0	1	0	6	93	44	0	2	2	0	31	191	119	94	114	56	4	0	140	92	26	208	67	0	3	0	73	195	153	26	0	1	1	0	98	230	134	0	4	0	0	55	150	43	181	11	0	1	0	1	1	10	2	0	0	0	
0	0	1	0	0	0	0	0	0	0	1	55	63	3	0	0	3	0	67	92	79	47	0	2	3	0	90	41	3	19	0	1	1	0	21	90	138	54	0	2	0	0	2	0	65	36	0	1	0	0	4	0	127	57	0	2	0	0	1	0	63	24	0	1	
0	0	0	1	0	0	0	0	0	0	3	0	105	134	1	0	0	4	0	116	221	207	68	0	3	0	70	213	30	126	82	0	0	13	210	100	0	158	57	0	0	88	150	0	96	142	0	2	0	36	175	161	137	10	0	1	1	0	23	47	1	1	1	0	
0	0	0	3	3	0	0	0	1	0	22	139	151	24	0	1	3	0	98	93	78	145	0	4	3	0	85	112	121	73	0	2	3	0	62	240	209	91	0	3	1	0	33	192	37	182	7	0	0	0	0	105	141	86	0	0	0	0	0	0	4	0	0	0	
0	0	0	0	2	0	0	0	0	0	0	0	0	125	42	0	0	0	3	0	129	234	30	0	0	2	0	48	223	27	0	2	0	2	0	180	107	0	4	0	3	0	132	174	0	3	0	0	0	51	197	12	0	1	0	0	0	17	24	0	1	0	0	0	
0	0	1	0	0	1	0	0	1	0	29	36	0	4	0	0	3	0	93	56	0	87	0	0	0	24	116	1	18	122	1	0	0	56	141	106	114	184	33	0	0	0	5	4	4	111	6	0	0	0	0	2	0	91	20	0	0	0	0	1	0	16	5	0	
0	0	0	0	0	0	0	0	0	2	0	52	139	160	28	0	1	4	0	98	101	110	132	0	0	8	64	37	0	135	116	0	17	159	120	181	216	137	4	0	26	187	131	152	201	73	0	3	0	23	56	8	7	26	0	0	0	0	0	1	2	0	0	0	
0	0	0	1	0	1	0	0	0	1	0	38	115	21	0	1	0	0	0	112	69	105	0	2	1	0	32	98	0	112	3	0	2	0	58	68	0	110	0	0	3	0	69	67	34	91	0	2	1	0	29	124	110	18	0	1	0	1	0	41	24	0	1	0	
0	0	0	1	1	1	0	0	0	2	0	42	167	178	52	0	0	2	0	12	80	214	118	0	2	0	112	235	193	207	66	0	9	9	52	71	0	138	97	0	39	205	66	28	125	167	14	0	0	57	147	162	116	15	0	1	0	0	0	0	0	2	1	0	
0	0	0	2	13	0	0	0	0	0	0	89	85	42	0	2	1	0	26	99	55	68	0	2	0	1	0	124	131	5	0	1	0	3	0	100	149	0	3	0	0	3	0	88	141	58	0	2	0	2	0	33	137	59	0	3	0	0	0	0	8	1	0	0	
0	0	0	1	1	1	1	0	0	0	1	4	0	72	110	0	0	1	0	19	22	150	22	0	1	0	30	144	159	158	14	0	0	14	176	230	171	110	52	0	0	11	71	150	20	0	1	0	1	0	102	41	0	5	1	0	0	1	4	1	1	0	0	0	
0	0	1	2	0	0	0	0	0	1	0	11	106	63	0	2	1	0	0	182	119	135	32	0	3	0	92	129	0	134	42	0	0	0	145	19	12	140	3	0	0	29	127	0	135	94	0	3	0	7	117	143	112	0	1	0	1	0	23	51	0	2	0	0	
0	0	0	3	1	0	2	0	0	0	0	0	5	19	0	0	0	2	0	88	216	209	128	19	2	0	62	165	46	29	21	7	1	0	29	145	60	0	1	0	0	76	85	24	193	107	0	4	0	40	133	126	84	21	0	1	0	0	0	0	0	0	0	0	
0	0	1	1	0	0	0	0	0	1	0	31	57	0	1	0	1	0	23	179	188	50	0	2	3	0	122	58	170	61	0	2	0	0	145	147	209	33	0	2	1	0	48	63	108	65	0	2	0	0	4	0	101	69	0	3	0	0	3	0	27	25	0	1	
0	0	0	1	5	74	3	0	11	3	3	0	135	131	0	2	3	4	0	113	176	0	0	0	3	0	80	184	41	56	4	0	0	12	198	121	152	227	38	0	0	16	208	235	178	118	0	1	1	0	31	75	32	0	0	0	0	0	0	0	0	2	0	0	
0	0	0	0	0	0	0	0	0	0	1	90	145	44	0	2	3	0	67	128	63	156	0	3	1	0	13	175	149	73	0	2	2	0	37	130	167	55	0	2	4	0	148	55	60	89	0	3	3	0	93	182	138	37	0	2	0	0	0	48	44	0	1	0	
0	0	2	4	2	0	0	0	0	0	0	0	5	19	5	0	1	0	63	111	149	241	99	0	1	0	115	90	82	191	18	0	0	2	0	20	195	49	0	2	1	0	11	187	84	0	3	0	0	14	180	92	0	4	0	0	0	105	124	0	4	0	0	0	
0	0	0	0	0	0	0	0	1	0	12	88	95	0	1	0	3	0	91	134	83	87	0	3	0	0	2	78	174	48	0	2	0	3	0	71	173	59	0	2	0	0	4	118	66	95	0	3	0	0	0	129	131	18	0	1	0	1	0	32	30	0	1	0	
0	0	0	0	0	2	0	0	0	1	0	10	154	163	8	0	0	2	0	53	155	71	46	0	0	2	0	96	217	131	44	0	0	2	115	154	183	10	0	1	0	29	211	20	149	81	0	3	2	0	63	149	189	70	0	3	0	0	0	1	4	0	0	0	
0	0	0	1	0	0	0	0	0	1	0	9	176	67	0	3	0	4	0	127	195	2	0	1	0	0	1	175	36	0	1	0	1	0	16	190	46	0	1	0	1	0	0	195	218	16	0	1	0	2	0	66	160	8	0	1	0	0	0	1	1	0	0	0	
0	0	0	3	0	0	0	0	0	0	1	0	25	20	0	0	0	1	0	79	132	92	0	1	3	0	60	197	119	28	0	1	1	0	22	62	156	17	0	1	0	2	0	80	95	0	3	0	1	0	22	130	3	0	0	0	2	0	52	47	0	2	0	0	
0	0	0	0	0	0	0	0	0	20	112	109	152	42	0	2	0	29	78	126	237	36	0	2	1	0	25	173	16	0	1	0	1	0	30	179	141	95	19	0	0	0	0	5	80	237	96	0	0	41	152	132	125	59	2	0	0	22	67	31	1	0	0	0	
0	0	2	2	0	0	1	1	0	1	0	10	87	148	72	0	1	0	25	202	212	112	173	28	0	9	211	184	1	0	157	39	0	114	242	17	0	80	158	0	0	152	116	0	110	167	21	0	0	36	170	173	127	10	0	1	1	0	16	15	0	2	1	0	
0	0	0	1	2	2	1	0	0	1	0	25	127	12	0	1	0	2	0	128	167	123	12	0	2	0	58	136	0	80	41	0	3	0	115	56	0	103	23	0	2	0	146	23	72	118	0	2	3	0	72	151	114	13	0	1	0	0	0	9	1	1	0	0	
0	0	0	0	1	0	0	0	0	0	0	0	8	120	21	0	0	0	4	0	125	167	0	1	0	1	0	38	183	16	0	1	0	3	0	165	112	0	4	0	2	0	54	195	10	0	1	0	0	0	161	67	0	2	0	0	0	11	35	0	1	0	0	0	
0	0	0	0	0	3	0	0	1	0	63	124	145	117	0	1	0	9	185	84	29	7	0	1	0	46	174	114	117	101	5	0	1	4	0	0	9	99	112	0	2	102	73	34	9	23	154	6	0	24	102	138	142	152	58	0	0	0	0	0	1	0	0	0	
0	0	0	0	0	0	0	0	0	0	0	5	86	103	12	0	0	3	0	8	51	141	119	0	0	0	8	18	1	123	78	0	0	96	167	166	237	163	0	1	8	156	154	92	25	93	12	0	0	0	0	0	0	0	0	0	0	3	2	3	2	0	0	0	
0	0	7	16	0	3	0	0	3	0	117	222	4	0	3	1	0	4	219	181	73	55	0	0	0	79	205	102	252	254	98	0	0	80	229	218	65	172	255	97	0	18	223	255	240	252	123	8	1	0	16	85	103	45	0	1	0	1	1	0	0	0	3	1	
0	1	0	20	43	2	0	0	0	2	0	43	155	142	15	0	0	0	0	10	46	185	55	0	3	0	124	216	194	190	3	0	1	0	41	18	5	185	19	0	22	82	51	69	171	114	0	2	47	154	117	104	44	0	1	0	0	0	0	0	0	2	0	0	
0	0	0	0	3	0	0	0	2	0	33	177	165	74	0	2	3	0	72	99	0	20	1	0	4	0	118	116	54	21	0	1	2	0	48	131	84	113	43	0	0	0	9	6	0	72	123	0	3	0	69	167	144	128	19	0	0	0	0	8	4	0	0	0	
0	0	0	3	0	1	0	0	0	0	2	1	0	31	80	0	0	0	6	81	0	153	81	0	3	0	106	131	70	203	6	0	0	70	238	163	231	161	42	0	0	53	34	146	116	0	4	1	2	0	40	152	2	2	1	0	0	0	17	13	0	1	0	0	
0	0	0	0	0	0	0	0	0	1	0	27	88	0	1	0	0	3	0	78	118	0	3	0	0	2	0	66	102	0	3	0	0	2	0	47	108	0	3	0	0	1	0	24	132	0	1	0	0	0	0	1	120	8	0	0	0	0	0	0	18	2	0	0	
0	0	0	0	3	1	0	0	0	0	0	2	0	33	85	18	0	2	3	0	88	200	135	50	0	3	0	93	156	30	2	0	0	51	54	133	78	0	6	1	0	41	205	153	81	0	3	0	2	0	36	163	59	0	2	0	0	1	1	0	0	0	0	0	
0	0	2	3	1	1	0	0	0	0	1	0	0	8	4	0	3	0	86	92	18	158	21	0	0	8	157	112	162	161	0	3	0	10	33	0	111	79	0	3	0	0	0	10	154	14	0	1	0	2	0	45	129	0	3	0	0	1	0	38	63	0	2	0	
0	0	0	3	0	82	23	0	0	0	4	0	60	229	25	0	0	2	0	52	211	45	0	2	2	0	42	210	84	60	19	0	0	12	189	120	163	255	72	0	0	81	239	221	233	110	0	1	0	10	76	75	35	2	0	0	0	0	0	0	0	2	1	0	
0	0	0	0	0	0	0	0	0	1	0	31	109	0	0	0	0	3	0	96	193	0	2	0	0	3	0	109	126	0	4	0	0	4	0	114	124	0	4	0	0	3	0	87	153	0	3	0	0	1	0	29	139	0	1	0	0	0	0	1	11	0	0	0	
0	0	0	4	2	0	0	0	0	0	2	0	0	19	5	0	0	1	0	98	173	217	164	0	2	0	132	222	52	171	99	0	0	77	223	2	71	180	0	1	0	52	33	13	201	39	0	2	1	0	5	184	98	0	3	0	2	0	81	135	0	2	0	0	
0	0	1	0	0	1	0	0	0	1	0	33	114	83	0	3	2	0	49	143	36	9	0	0	4	0	103	134	30	4	0	0	0	2	35	40	118	123	0	0	0	0	110	83	0	159	17	0	0	1	0	79	150	84	0	2	0	0	2	0	6	0	0	0	
0	0	0	2	0	1	3	1	0	0	0	3	59	26	0	1	0	0	4	141	130	140	108	47	1	0	14	170	94	151	75	3	2	0	64	200	148	0	1	0	0	47	169	35	173	16	0	1	0	12	107	121	77	0	0	0	0	0	0	0	0	0	0	0	
0	0	2	0	0	0	2	1	0	0	1	47	104	113	18	0	1	0	115	145	92	101	88	12	2	0	159	89	76	185	128	25	1	0	12	232	218	31	0	1	2	0	41	235	167	0	3	1	1	0	15	194	189	0	0	0	0	0	0	13	23	0	1	0	
0	0	0	3	0	0	0	0	0	0	0	0	19	17	0	0	0	0	0	89	131	169	13	0	3	0	78	173	147	135	0	2	1	0	19	88	201	32	0	2	0	3	0	84	93	0	3	0	1	0	26	153	5	0	0	0	3	0	69	64	0	2	0	0	
0	0	1	0	2	14	1	0	0	2	0	33	145	95	3	0	2	0	32	212	107	21	0	0	2	0	175	111	119	164	73	0	0	73	169	0	19	62	179	0	0	87	164	0	23	158	89	0	0	0	115	121	112	49	0	1	0	0	0	5	0	0	2	0	
0	0	2	0	42	64	0	2	0	0	1	0	173	83	0	3	0	3	0	125	137	0	3	0	3	0	66	173	1	33	4	0	2	0	165	65	76	200	76	0	2	0	155	189	171	141	19	0	1	0	9	74	65	7	0	0	0	0	1	0	0	2	1	0	
0	0	0	2	0	1	0	0	0	0	0	2	59	133	75	0	0	2	0	116	69	67	116	0	2	0	66	133	0	64	86	0	0	0	140	26	0	138	31	0	0	50	144	0	114	89	0	2	0	9	131	145	69	0	2	0	0	0	3	3	0	2	0	0	
0	0	0	2	0	1	0	0	0	0	1	2	0	45	35	0	0	0	7	42	0	149	34	0	3	0	106	103	84	143	0	4	0	16	185	137	213	104	0	0	0	7	0	88	104	0	3	0	1	0	11	140	13	0	0	0	0	0	9	21	0	1	0	0	
0	0	0	0	0	0	0	0	0	1	0	158	174	0	0	0	3	0	79	223	147	21	0	1	4	0	112	166	13	69	2	0	3	0	97	153	163	252	15	0	1	0	16	193	237	214	1	0	0	2	0	102	187	53	0	2	0	0	1	0	0	1	0	0	
0	0	3	1	0	0	0	0	0	0	0	1	66	63	0	1	0	11	88	184	172	199	17	0	0	85	162	33	30	177	2	0	0	0	4	0	155	118	0	4	0	3	0	60	197	6	0	1	2	0	27	225	70	0	3	0	2	0	41	92	0	2	0	0	
0	0	1	1	0	3	0	0	0	1	0	23	29	0	0	0	2	0	42	132	134	106	0	2	0	0	149	11	105	184	0	1	1	0	131	138	193	24	0	1	0	0	8	32	135	3	0	0	0	1	0	32	137	0	2	0	0	1	0	40	84	0	2	0	
0	0	0	2	1	1	0	0	0	0	2	1	0	27	60	0	0	2	0	78	16	104	73	0	2	0	71	138	53	188	1	0	0	6	201	150	190	76	0	1	0	8	3	76	110	0	3	0	1	0	22	140	14	0	1	0	1	0	18	25	0	1	0	0	
0	0	0	0	0	1	0	0	0	0	11	61	52	0	0	0	0	50	172	116	177	98	0	3	0	8	14	0	76	154	0	4	0	0	4	0	149	109	0	4	0	1	0	18	193	26	0	1	0	3	0	106	196	0	0	1	0	2	0	58	80	1	0	0	
0	1	0	1	3	0	0	0	0	6	0	81	159	124	3	0	0	0	0	4	82	207	11	0	3	0	73	188	211	91	0	4	1	0	20	44	151	99	0	4	0	0	62	210	226	19	0	1	0	12	194	172	35	0	1	0	0	0	0	0	1	1	0	0	
0	0	0	0	0	0	0	0	0	4	14	0	12	16	0	1	0	28	93	0	49	79	0	3	0	31	136	12	95	84	0	3	0	1	93	85	139	78	0	3	0	0	3	0	82	70	0	3	0	0	6	0	83	55	0	2	0	0	1	0	28	16	0	1	
0	0	0	3	0	85	48	0	0	0	4	0	76	179	21	0	0	3	0	70	197	12	0	1	2	0	69	204	26	109	113	0	0	34	191	36	144	252	138	0	0	98	194	176	236	126	8	0	0	16	82	73	11	0	1	0	0	0	0	0	0	3	1	0	
0	0	0	0	0	0	0	0	0	0	32	76	72	5	0	0	0	6	103	84	110	103	0	4	0	0	3	0	91	91	0	3	0	0	3	3	166	28	0	1	0	3	0	93	119	0	3	0	1	0	11	171	19	0	1	0	1	0	18	65	0	1	0	0	
0	0	0	1	25	31	2	0	0	0	0	4	155	191	95	0	0	2	1	2	0	77	147	0	1	0	13	83	139	214	56	0	0	45	138	227	216	189	38	0	24	203	164	122	0	123	67	0	9	90	60	0	0	22	10	0	0	0	0	3	1	0	0	0	
0	0	1	0	9	22	0	1	0	1	0	21	202	147	0	4	1	0	7	210	149	0	1	0	4	0	101	250	81	45	0	0	3	0	171	255	230	255	52	0	3	0	110	255	237	197	10	0	0	0	2	86	120	16	0	1	0	0	1	0	0	1	1	0	
0	0	0	0	0	0	0	0	1	0	8	93	116	147	48	0	1	0	18	146	165	255	89	0	3	0	101	233	184	200	107	0	1	0	78	103	0	114	158	0	16	220	141	0	45	224	64	0	3	155	194	170	198	73	0	2	0	0	22	28	5	0	1	0	
0	0	1	0	8	42	1	0	0	1	0	15	179	168	0	0	1	0	9	179	97	0	2	0	4	0	134	167	81	46	0	1	0	30	215	152	92	193	30	0	0	25	205	106	94	195	19	0	2	0	45	141	119	24	0	1	0	0	0	0	0	1	1	0	
0	0	0	1	1	1	0	0	0	0	2	3	0	54	81	0	0	1	0	24	12	129	38	0	2	0	45	114	138	150	0	0	1	0	171	212	179	102	17	0	1	0	67	161	14	0	1	0	0	0	103	30	0	5	1	0	0	1	5	1	1	0	0	0	
0	0	0	0	1	1	0	0	0	2	45	25	8	0	0	0	1	0	94	139	124	30	0	1	0	0	3	0	136	77	0	3	0	1	0	20	181	14	0	1	0	3	0	99	126	0	3	0	0	2	0	150	46	0	2	0	0	0	2	42	1	0	0	0	
0	0	0	2	0	1	1	0	0	0	0	0	46	25	11	44	0	2	0	74	116	116	111	46	0	3	0	129	119	100	11	0	1	0	0	172	117	0	3	2	0	1	119	99	115	0	3	0	0	13	128	106	89	0	2	0	0	0	5	13	0	0	0	0	
0	1	0	0	0	1	0	0	0	1	11	10	16	12	0	0	0	68	255	249	249	217	21	0	0	46	197	107	196	246	22	0	0	0	1	0	204	164	0	4	0	3	0	26	252	80	0	3	0	4	0	110	255	31	0	2	0	3	0	111	177	2	0	1	
0	0	1	3	0	1	1	0	0	0	0	0	27	15	0	1	1	0	7	113	130	115	15	0	4	0	102	153	62	209	44	0	1	0	29	76	163	140	0	3	0	2	0	44	150	5	0	0	2	0	41	164	30	0	2	0	1	0	112	42	0	2	0	0	
0	0	2	0	0	1	0	0	0	0	0	49	78	7	0	0	3	0	129	197	193	149	0	2	0	7	197	18	86	209	0	0	0	0	166	209	255	144	0	4	0	0	12	26	152	154	0	4	0	0	5	0	126	158	0	4	0	0	2	0	51	52	0	2	
0	0	0	2	1	0	0	0	0	2	0	67	203	73	0	3	0	1	1	0	56	184	15	0	1	0	39	51	22	151	5	0	0	58	123	136	252	64	0	3	0	122	114	125	154	132	0	3	0	15	77	20	30	112	0	2	0	0	0	1	3	0	0	0	
0	0	3	0	0	1	0	0	0	1	0	99	113	0	0	0	1	0	125	114	139	96	0	3	1	0	192	118	139	99	0	4	0	0	3	101	255	143	0	2	0	2	0	32	250	200	0	0	0	3	0	64	255	66	0	3	0	0	0	6	32	0	0	0	
0	0	0	0	0	0	0	0	0	2	0	42	171	163	32	0	1	3	0	29	52	137	143	0	0	7	49	15	0	168	67	0	4	132	146	185	196	96	0	2	46	203	124	166	214	86	0	2	0	59	78	2	41	104	0	2	0	0	0	1	1	0	0	0	
0	0	13	32	6	0	0	0	3	0	134	227	194	33	0	2	0	0	20	11	113	166	0	3	0	3	4	0	87	188	0	2	0	1	0	91	206	37	0	2	0	77	188	255	178	111	49	0	0	64	133	99	88	64	6	0	0	0	0	0	0	0	0	0	
0	0	0	2	0	1	0	0	0	0	0	12	71	63	120	5	0	2	0	107	214	199	79	0	2	0	56	192	157	42	0	2	4	0	100	232	23	0	4	0	1	0	115	171	67	0	2	0	0	5	128	155	97	0	3	0	1	0	23	45	0	0	0	0	
0	0	0	0	0	0	0	0	0	1	3	11	68	23	0	1	0	3	103	109	220	101	0	4	0	0	6	0	181	74	0	3	0	1	0	27	210	22	0	1	0	3	0	85	177	0	3	0	0	4	0	138	105	0	3	0	0	1	0	70	28	0	1	0	
0	0	0	1	4	0	0	0	0	0	1	1	0	9	31	2	0	2	0	14	133	149	125	15	2	0	50	220	125	0	1	0	0	19	130	116	134	33	0	2	0	84	151	98	139	22	0	1	0	0	9	31	7	0	0	0	0	1	0	0	1	1	0	0	
0	0	0	7	4	0	0	0	1	0	25	131	87	10	0	1	2	0	58	106	0	4	0	0	1	0	15	164	91	5	0	0	0	0	4	37	99	80	0	3	0	0	15	0	79	81	0	3	1	0	28	118	122	5	0	0	0	0	0	7	5	0	0	0	
0	0	1	4	3	0	1	0	0	3	17	0	0	46	38	0	1	0	9	137	144	162	170	0	0	0	146	202	48	34	144	0	0	130	141	0	0	149	92	0	0	186	126	98	173	100	0	1	0	24	116	114	40	0	2	0	0	0	0	0	0	2	0	0	
0	0	0	0	0	0	0	0	2	0	28	192	156	0	2	0	3	0	161	239	44	0	1	1	1	0	200	210	88	89	17	0	3	0	181	207	100	181	190	12	3	0	102	223	10	46	205	27	0	0	0	108	170	162	37	0	0	0	1	0	1	1	0	0	
0	0	0	0	0	0	0	0	0	3	0	81	237	129	27	0	1	3	0	43	103	226	121	0	0	0	40	52	0	157	127	0	17	146	136	166	248	199	27	0	39	189	166	165	188	154	0	3	0	13	38	11	30	119	0	0	0	0	0	0	3	0	0	0	
0	0	6	61	3	0	0	0	3	0	79	112	0	3	1	0	2	0	145	44	0	13	0	0	0	3	152	0	98	178	28	0	2	0	145	65	144	125	73	0	3	0	72	205	234	175	15	0	0	1	0	44	61	16	0	1	0	0	1	0	0	1	1	0	
0	0	1	4	1	0	2	0	0	0	2	0	16	68	11	0	1	0	25	147	233	248	171	10	3	0	135	237	90	68	190	0	0	65	190	0	18	173	48	0	0	142	129	75	214	77	0	3	0	51	169	150	38	0	3	0	0	0	0	0	1	2	0	0	
0	0	0	0	0	0	0	0	0	0	1	55	4	0	0	0	0	0	3	126	7	0	0	0	0	0	13	112	45	16	0	1	0	1	0	112	185	38	0	2	0	0	0	11	133	7	0	0	0	0	0	2	86	1	0	0	0	0	0	1	8	0	0	0	
0	0	0	0	1	0	0	0	0	0	0	1	0	100	33	0	0	0	2	0	155	240	24	0	0	1	0	15	218	64	0	3	0	3	0	149	143	0	3	0	3	0	62	191	2	0	1	0	2	0	153	63	0	2	0	0	0	2	29	1	1	0	0	0	
0	0	0	0	0	0	0	0	0	0	18	29	41	1	0	0	0	0	140	212	208	0	0	0	0	2	0	56	154	0	3	0	1	0	25	158	225	135	0	1	1	0	14	156	164	5	1	1	0	4	0	121	140	0	4	0	0	1	0	46	46	0	1	0	
0	0	0	0	1	0	0	0	0	0	0	6	0	112	50	0	0	0	4	0	86	240	22	0	0	1	0	5	196	92	0	3	1	0	0	172	146	0	3	0	2	0	156	163	0	3	0	0	0	77	157	0	3	1	0	0	0	22	17	0	1	0	0	0	
0	0	1	2	0	0	0	0	0	1	0	5	99	118	24	0	0	1	0	146	180	219	15	0	3	0	134	108	81	143	0	4	0	46	154	29	244	91	0	4	0	51	200	124	143	120	0	4	0	0	50	0	113	77	0	3	0	1	1	0	27	11	0	0	
0	1	0	16	47	20	0	0	0	2	0	52	202	221	25	0	0	2	4	5	0	161	88	0	0	0	1	0	12	182	43	0	0	34	102	119	219	86	0	3	62	244	250	153	155	145	0	2	12	45	16	0	18	108	0	0	0	0	0	3	3	0	0	0	
0	0	7	83	7	0	0	0	3	0	84	122	0	6	1	0	2	0	136	36	0	1	0	0	0	10	128	0	49	107	15	0	0	0	151	42	134	120	105	0	2	0	61	190	178	121	45	0	0	1	0	16	68	30	0	1	0	0	2	1	0	1	1	0	
0	0	0	3	0	0	0	0	0	0	2	0	23	88	33	0	0	0	0	87	161	177	114	0	3	0	131	153	94	65	0	3	2	0	91	89	170	113	0	3	0	1	0	35	152	10	0	1	2	0	62	171	42	0	2	0	2	0	81	38	0	2	0	0	
0	0	0	0	0	0	0	0	2	0	92	177	104	60	0	0	0	44	185	16	84	202	10	0	0	23	191	184	206	84	0	2	0	21	157	105	103	107	113	11	0	43	156	0	0	15	178	49	0	0	123	157	145	147	78	0	0	0	0	6	11	0	0	0	
0	0	1	0	14	111	11	0	0	1	0	3	185	200	12	0	0	1	0	159	152	0	1	0	0	0	157	148	66	160	102	0	0	83	182	125	109	136	188	0	0	74	240	205	133	169	42	0	0	0	62	82	80	12	0	1	0	0	0	0	0	1	2	0	
0	0	1	1	0	0	0	0	0	1	0	19	61	102	57	0	1	0	4	168	152	69	9	0	4	0	125	187	0	1	0	0	1	0	22	147	186	19	0	1	0	2	4	0	174	66	0	3	0	13	120	136	139	2	0	0	1	0	41	62	7	0	0	0	
0	0	0	1	0	0	2	0	0	1	0	8	102	78	0	0	0	0	0	168	148	162	125	20	0	1	1	160	104	151	70	0	1	0	38	202	162	0	0	1	0	59	162	62	144	0	3	0	0	83	147	132	97	0	1	0	0	0	9	8	0	0	0	0	
0	0	0	0	2	1	0	0	0	10	55	33	0	0	0	0	0	74	123	130	118	6	0	1	0	1	1	0	105	121	0	3	1	0	37	104	146	173	122	12	2	0	57	156	119	8	46	15	0	0	0	35	16	0	1	0	0	0	0	0	2	1	2	1	
0	0	0	0	0	0	0	0	0	2	41	7	0	48	38	0	0	3	70	3	41	229	53	0	0	0	3	0	148	124	0	3	0	3	0	77	182	0	2	0	1	0	21	185	29	0	1	0	3	0	150	92	0	4	0	0	0	2	69	4	0	0	0	0	
0	0	1	1	0	1	0	0	0	0	2	43	1	19	6	0	2	0	45	124	0	123	14	0	3	0	116	41	20	138	0	2	1	0	143	126	170	161	7	0	0	0	14	22	120	44	0	1	0	0	1	0	131	20	0	1	0	0	1	0	57	13	0	0	
0	0	0	0	0	1	1	0	2	0	57	160	158	32	0	2	1	0	17	113	161	192	19	0	0	0	10	27	2	157	30	0	0	94	149	147	233	246	66	0	0	154	173	142	95	59	182	0	0	3	29	15	0	0	74	8	0	1	0	0	4	2	0	0	
0	0	1	0	0	0	0	0	0	0	0	72	93	93	52	0	3	0	83	156	91	140	84	0	4	0	123	167	56	2	0	0	1	0	29	88	135	122	0	3	0	0	2	0	60	133	0	3	0	22	91	124	182	35	0	2	0	15	114	99	18	0	1	0	
0	0	0	0	1	1	0	0	0	0	0	3	0	60	108	0	0	0	2	0	29	219	75	0	0	2	0	18	193	75	0	3	1	0	8	181	87	0	4	0	0	0	154	97	0	4	0	0	0	113	111	0	4	0	0	0	0	28	2	2	0	0	0	0	
0	0	0	0	1	0	0	0	0	0	0	0	57	7	0	0	0	0	0	4	137	7	0	0	0	1	0	36	110	0	3	0	0	2	0	68	98	0	3	0	0	3	0	74	75	0	3	0	0	3	0	83	53	0	2	0	0	0	0	14	8	0	0	0	
0	0	1	2	0	0	0	0	0	2	0	50	159	169	76	0	1	0	20	217	219	112	178	0	1	0	183	251	18	52	170	0	0	86	222	125	0	182	84	0	0	185	81	113	180	130	0	2	0	126	154	155	83	0	1	0	0	0	0	0	0	2	0	0	
0	0	0	0	0	0	1	0	1	0	71	134	147	55	0	2	0	19	120	67	92	220	27	0	0	1	0	42	119	182	14	0	0	1	0	99	228	110	0	4	0	20	101	0	46	167	0	2	0	6	157	171	168	90	0	3	0	0	0	47	54	0	0	0	
0	0	0	0	12	34	0	1	0	0	3	0	158	115	0	3	0	3	0	91	164	0	2	0	1	0	13	172	110	150	8	0	4	0	105	215	134	196	20	0	5	0	113	255	160	104	0	2	1	0	20	134	88	0	0	0	0	0	0	0	0	2	0	0	
0	1	0	30	62	0	2	0	0	3	0	122	77	0	2	0	0	0	5	146	10	0	1	0	2	0	42	113	0	10	0	0	2	0	51	98	86	165	26	0	1	0	3	174	150	155	21	0	0	1	0	22	80	35	0	1	0	0	1	1	0	1	1	0	
0	0	1	2	0	0	0	0	0	0	1	1	53	66	35	0	0	1	0	134	247	153	106	0	3	0	93	255	190	119	17	0	1	0	22	25	1	196	86	0	0	24	51	97	169	132	0	0	0	147	185	117	53	0	1	0	0	1	0	0	0	2	1	0	
0	0	0	44	20	0	1	0	1	0	71	127	131	3	0	0	0	5	60	0	125	31	0	1	1	0	7	94	152	1	2	0	2	0	79	149	210	20	3	5	0	8	137	116	80	171	112	9	0	0	105	44	0	75	54	0	0	0	0	1	2	0	0	0	
0	0	0	12	1	0	0	0	0	2	0	135	147	2	0	1	0	2	0	2	197	72	0	3	0	0	37	34	111	137	0	3	0	118	179	205	234	226	123	0	0	150	171	142	24	23	100	0	0	0	3	0	0	0	0	0	0	1	0	3	2	1	3	0	
0	0	0	0	0	0	0	0	1	0	10	109	79	3	0	0	3	0	49	255	221	27	0	2	1	0	12	189	29	0	1	0	0	1	0	192	109	0	3	0	0	4	0	118	242	11	0	1	0	1	0	17	205	93	0	3	0	0	1	0	16	32	0	1	
0	0	1	2	0	0	0	0	0	0	2	0	54	77	9	0	0	0	3	117	105	99	49	0	2	0	121	81	31	155	7	0	2	0	144	116	173	114	0	3	0	0	5	31	149	13	0	1	0	2	0	128	79	0	3	0	0	0	8	74	3	0	0	0	
0	0	1	2	2	0	1	0	0	3	0	95	81	0	7	0	2	0	63	165	0	32	113	0	0	11	157	30	0	117	93	0	0	59	178	100	140	176	4	0	0	0	65	47	122	95	0	3	0	0	2	0	129	37	0	1	0	0	3	2	1	1	0	0	
0	0	1	3	0	0	0	0	0	1	3	0	38	66	2	0	1	0	10	134	141	195	37	0	0	10	167	94	20	156	1	0	0	32	68	0	165	78	0	3	0	3	0	119	142	0	3	0	2	0	102	155	0	1	0	0	0	0	89	21	0	1	0	0	
0	0	0	0	0	0	0	0	0	2	0	68	60	0	2	0	0	3	0	76	110	0	3	0	0	2	0	64	109	0	3	0	0	2	0	58	135	0	3	0	0	1	0	34	181	0	0	0	0	0	0	10	113	3	0	0	0	0	0	0	0	0	0	0	
0	0	1	2	0	0	0	0	0	0	0	5	36	116	119	3	1	0	7	143	221	148	50	4	1	0	35	184	16	3	0	0	0	19	0	132	77	0	5	0	0	88	133	27	153	0	1	0	0	0	132	179	134	0	1	0	0	0	1	34	9	0	0	0	
0	1	2	0	0	1	0	0	0	0	1	10	0	0	0	0	0	7	175	214	210	163	0	0	0	95	200	8	177	180	0	2	0	29	20	0	199	71	0	3	0	2	0	54	202	3	0	1	0	5	0	127	181	0	3	0	0	2	0	85	104	0	2	0	
0	0	0	0	0	0	0	0	0	2	0	72	143	77	0	0	0	2	0	67	68	193	55	0	1	0	31	94	181	118	0	0	2	0	50	96	110	99	0	3	0	40	44	0	108	103	0	3	0	50	206	159	124	2	0	0	1	0	29	40	0	1	0	0	
0	0	0	0	0	0	0	0	0	1	0	32	141	0	1	0	0	2	0	47	192	0	0	0	0	3	0	72	171	0	2	0	0	4	0	121	139	0	3	0	0	4	0	136	194	56	0	2	0	2	0	45	171	13	0	1	0	0	0	0	0	0	0	0	
0	0	1	2	0	1	0	0	0	1	0	22	81	16	0	1	1	0	30	142	102	93	0	3	3	0	155	99	116	153	0	3	2	0	54	104	178	60	0	2	0	1	0	38	149	0	1	0	0	1	0	140	75	0	2	0	0	0	10	74	1	0	0	0	
0	0	1	1	0	0	1	0	0	2	0	39	155	124	11	0	2	0	41	217	87	108	111	0	2	0	154	199	12	3	129	5	0	40	137	36	27	54	152	0	0	70	122	0	52	199	47	0	0	9	147	157	179	63	0	2	1	0	15	48	6	0	2	0	
0	0	0	0	0	0	0	0	0	0	2	0	128	191	5	0	0	1	1	1	65	144	85	0	1	0	29	141	174	158	43	0	0	2	131	192	101	141	10	0	0	96	162	0	53	132	0	1	0	19	134	139	125	21	0	1	0	0	4	13	1	0	0	0	
0	1	1	0	0	0	0	0	0	0	8	6	0	0	0	1	0	36	184	124	79	93	89	30	0	23	139	102	17	1	8	0	0	0	0	57	123	31	0	2	0	13	49	0	22	131	1	0	1	0	77	96	98	91	0	1	0	0	0	24	32	0	0	0	
0	0	0	0	0	0	0	0	0	1	0	55	148	118	57	0	2	0	44	213	91	203	147	0	1	0	32	182	115	106	0	0	2	0	31	238	142	0	4	0	3	0	152	111	162	1	1	0	3	0	126	184	156	0	1	0	1	0	10	62	12	0	1	0	
0	0	0	0	2	2	0	0	19	36	28	12	2	0	0	0	66	139	142	159	170	44	0	2	0	0	1	0	81	192	0	1	2	3	3	0	42	169	0	1	0	0	4	0	130	101	0	4	0	0	0	0	170	31	0	1	0	0	0	0	124	29	0	1	
0	0	0	3	10	5	0	0	0	2	0	38	154	181	85	0	0	0	4	50	93	226	128	0	3	0	55	202	148	198	35	0	0	0	2	0	3	176	38	0	16	174	110	42	184	109	0	3	13	158	179	141	51	0	1	0	0	0	3	0	0	2	0	0	
0	0	0	0	0	0	0	0	2	0	53	126	111	16	0	1	2	0	129	58	69	127	0	3	0	0	9	0	88	113	0	3	0	1	0	26	171	14	0	1	0	3	0	127	73	0	2	0	0	0	0	162	113	74	5	0	0	1	0	24	52	20	0	0	
0	0	0	0	0	2	1	0	0	2	0	54	139	32	20	16	0	1	0	170	72	123	125	9	0	3	0	128	174	99	5	0	2	0	42	195	137	0	5	1	0	4	164	45	157	6	0	0	0	0	123	166	157	0	0	0	0	0	0	51	22	0	1	0	
0	0	2	1	0	0	0	0	0	0	0	1	11	5	0	0	0	59	154	139	177	190	10	0	0	5	39	12	69	182	0	1	0	0	2	0	172	92	0	3	0	2	0	52	186	0	0	0	0	3	0	152	105	0	3	0	0	0	2	126	16	0	1	0	
0	0	0	0	1	0	0	0	0	0	1	0	25	181	28	0	0	0	4	0	146	247	16	0	0	3	0	76	255	127	0	2	2	0	26	244	149	0	1	0	0	4	208	195	7	1	1	0	0	73	194	16	0	2	0	0	0	1	0	1	1	0	0	0	
0	0	0	0	1	0	0	0	0	0	1	0	76	14	0	1	0	0	1	0	194	70	0	3	0	1	0	18	212	32	0	2	0	3	0	83	174	0	2	0	0	4	0	163	101	0	3	0	0	1	0	151	37	0	1	0	0	0	0	26	4	0	0	0	
0	0	2	2	0	0	0	0	0	1	0	11	74	138	80	0	2	0	40	188	153	60	77	0	0	9	197	53	0	104	21	0	0	11	189	134	221	172	1	0	1	0	5	141	203	4	0	1	2	0	61	172	28	0	2	0	1	0	29	21	0	2	0	0	
0	0	0	0	1	1	0	0	0	2	26	23	5	0	0	0	0	3	159	203	204	59	0	3	0	0	2	0	173	80	0	3	0	1	0	5	197	38	0	2	0	2	0	43	191	0	0	0	0	3	0	104	170	0	4	0	0	2	0	73	91	0	3	0	
0	0	0	0	1	3	2	0	0	0	0	1	0	0	1	2	0	1	0	6	37	70	130	47	0	3	0	96	155	85	33	0	0	27	17	121	35	0	1	0	0	25	143	129	9	1	2	0	1	0	33	41	0	1	0	0	0	1	1	0	0	0	0	0	
0	0	0	0	7	38	0	0	0	0	0	0	89	71	0	0	0	2	0	63	54	0	2	0	0	0	0	112	66	6	0	0	1	0	28	119	94	42	0	2	3	0	91	115	60	15	0	0	1	0	14	101	44	0	1	0	0	0	0	0	1	0	0	0	
0	0	0	2	1	0	1	0	0	0	1	1	2	11	3	0	0	4	0	89	198	147	115	0	2	0	25	222	224	41	8	4	0	4	37	35	50	147	0	3	0	183	95	65	152	76	0	2	0	64	114	103	39	0	1	0	0	0	0	0	1	2	0	0	
1	4	4	3	2	3	1	0	0	0	0	0	0	0	0	0	65	133	124	132	138	123	11	0	21	72	77	46	18	141	86	0	0	0	0	3	0	146	60	0	1	3	5	0	59	155	0	2	0	0	0	0	176	64	0	2	0	2	0	57	155	0	3	0	
0	0	2	2	0	0	1	1	0	2	0	18	121	107	13	0	2	0	46	203	209	253	203	26	0	0	193	165	164	63	188	52	0	85	191	105	20	102	164	0	0	148	134	0	150	202	13	0	0	62	226	222	164	11	0	1	0	0	31	50	0	1	1	0	
0	0	0	9	31	0	0	0	0	2	0	58	119	0	2	0	0	2	0	127	47	0	2	0	1	0	24	155	114	111	0	1	3	0	76	175	22	139	53	0	2	0	62	147	37	139	15	0	0	1	0	85	138	38	0	2	0	0	0	0	0	1	1	0	
0	0	0	0	1	1	2	0	0	0	0	1	0	140	34	0	0	0	4	0	125	178	0	2	0	2	0	48	226	36	0	2	1	0	3	207	94	0	3	0	2	0	164	154	0	4	0	0	0	20	157	10	0	1	0	0	0	0	0	2	0	0	0	0	
0	0	0	1	1	0	0	0	0	2	0	47	45	0	2	0	0	2	0	46	61	0	2	0	0	1	0	31	70	0	2	0	0	1	0	26	90	0	2	0	0	1	0	19	92	0	2	0	0	0	0	5	78	0	0	0	0	0	0	0	1	0	0	0	
0	0	0	0	1	0	0	0	0	0	2	0	41	129	4	0	0	0	4	0	136	231	1	0	0	2	0	26	247	97	0	3	0	2	0	178	176	0	2	0	3	0	119	227	11	0	1	0	0	29	210	36	0	2	0	0	0	15	30	0	2	0	0	0	
0	1	1	0	0	0	0	0	0	0	0	7	20	7	0	0	0	40	114	95	139	91	0	3	0	20	22	0	85	65	0	2	0	0	0	0	116	10	0	0	0	2	0	29	110	0	2	0	0	3	0	86	69	0	2	0	0	1	0	76	14	0	0	0	
0	0	1	3	0	0	0	0	0	0	2	0	55	83	20	0	1	0	10	142	123	99	80	0	1	0	159	104	32	142	4	0	0	3	157	145	210	104	0	4	0	1	0	33	158	7	0	1	0	2	0	133	69	0	2	0	0	0	8	55	0	1	0	0	
0	0	3	1	0	0	0	0	0	1	0	5	82	105	2	0	1	0	86	188	255	195	0	0	0	107	201	42	28	154	92	0	0	176	53	0	0	51	194	0	0	85	196	132	126	183	119	0	1	0	29	89	88	38	0	1	0	2	0	0	0	0	3	0	
0	0	1	1	0	1	0	0	0	1	0	14	135	80	0	3	1	0	10	143	193	212	89	0	2	0	49	158	175	113	0	0	1	0	0	220	128	0	4	0	3	0	88	119	148	8	0	0	3	0	134	159	138	6	0	1	0	0	7	62	17	0	1	0	
0	1	1	0	0	0	0	0	1	0	28	79	60	0	0	0	0	47	133	61	128	60	0	2	0	84	157	55	129	57	0	2	1	0	53	69	103	113	0	3	0	0	0	0	5	134	5	0	0	1	0	104	97	109	0	0	0	1	0	43	124	28	0	1	
0	0	1	0	33	48	0	1	0	0	2	0	59	225	50	0	0	3	3	3	0	96	151	0	0	0	0	5	0	143	129	0	1	65	171	229	238	188	2	0	28	227	217	117	68	117	0	2	0	10	3	0	1	7	1	0	0	0	1	4	3	1	0	0	
0	0	0	0	0	0	0	0	1	0	12	104	143	117	32	0	3	0	87	158	80	135	180	0	0	0	15	7	0	69	162	0	0	103	150	193	236	249	87	0	0	204	190	206	130	69	90	0	0	54	86	23	0	1	0	0	0	0	0	0	3	3	2	0	
0	0	0	0	10	68	0	0	0	0	3	0	143	110	0	3	0	3	0	120	123	0	2	0	2	0	62	148	42	127	11	0	0	8	167	75	141	197	14	0	0	10	162	205	160	57	0	2	1	0	19	79	26	0	1	0	0	0	1	0	1	2	0	0	
0	0	0	0	3	3	0	0	0	0	6	13	0	0	9	6	1	0	7	173	128	109	123	21	1	0	8	152	60	34	6	0	3	0	85	99	0	3	1	0	2	0	50	158	35	0	2	0	1	0	3	171	53	0	2	0	2	0	76	84	0	2	0	0	
0	0	0	4	2	0	0	0	0	1	3	0	0	83	42	0	0	1	0	84	212	188	179	0	0	2	160	224	90	98	170	0	0	134	162	0	19	191	50	0	0	180	40	23	201	74	0	3	0	104	206	173	64	0	3	0	0	1	25	10	0	2	0	0	
0	0	0	0	14	11	0	0	0	1	0	66	205	108	0	4	0	1	5	64	178	92	0	3	0	1	0	18	193	16	0	1	0	8	136	223	234	95	0	0	0	70	231	220	60	157	134	0	0	23	142	42	0	3	17	0	0	0	0	0	3	3	0	0	
0	0	0	2	0	78	12	0	0	0	3	0	95	131	0	1	0	3	0	85	170	0	0	1	1	0	29	187	11	78	46	0	3	0	138	60	103	255	67	0	0	6	168	116	211	79	0	2	1	0	53	83	8	0	1	0	0	0	0	0	1	3	0	0	
0	0	1	1	29	2	0	0	0	1	0	87	180	33	0	1	2	0	67	90	77	27	0	1	1	0	94	36	79	46	0	0	2	0	161	163	92	150	61	0	4	0	131	194	25	100	37	0	1	0	4	108	147	54	0	1	0	0	1	0	0	0	1	0	
0	0	0	1	4	1	0	0	0	0	1	1	0	2	16	3	0	1	0	12	117	162	145	19	1	0	12	209	238	81	0	1	0	1	16	35	92	175	0	1	0	127	143	94	147	34	0	1	0	44	120	86	11	0	1	0	0	0	0	0	2	2	0	0	
0	1	1	0	0	2	0	0	0	0	8	42	16	0	1	0	0	31	99	86	112	68	0	2	0	21	11	0	25	119	0	2	1	0	31	81	130	63	0	2	3	0	71	171	119	82	73	4	0	0	3	18	0	1	11	2	0	0	0	0	3	2	0	0	
0	0	0	3	0	0	1	1	0	0	4	0	30	145	60	0	0	2	0	95	246	187	188	38	1	0	131	204	52	2	173	33	0	87	204	14	0	139	128	0	0	147	70	0	136	132	0	2	0	97	201	181	114	0	2	0	0	0	47	31	0	2	0	0	
0	0	2	0	46	23	0	1	0	0	3	0	177	83	0	3	1	0	16	114	182	17	0	1	0	0	2	89	144	0	2	0	0	1	0	27	144	9	4	0	0	28	130	160	217	139	11	0	0	8	72	68	21	1	0	0	0	0	0	0	0	0	0	0	
0	0	0	0	0	0	0	0	1	0	12	187	199	48	0	1	0	0	8	74	131	199	7	0	1	0	75	135	198	96	0	0	1	0	57	105	219	126	0	0	0	0	100	196	186	4	0	1	0	13	192	160	33	0	2	0	0	0	1	1	1	1	0	0	
0	0	1	0	20	16	0	1	0	0	0	0	143	37	0	2	0	2	0	65	101	0	3	0	0	4	0	139	141	0	0	0	0	0	7	130	144	46	0	2	0	0	9	144	145	14	0	1	0	0	0	90	47	0	1	0	0	0	0	0	1	1	0	0	
0	0	0	0	1	0	0	0	0	0	0	2	0	96	68	0	0	0	3	0	65	215	19	0	0	1	0	17	226	90	0	3	0	3	0	160	189	0	2	0	3	0	58	223	24	0	1	0	0	0	160	56	0	2	0	0	0	5	33	0	1	0	0	0	
0	0	2	0	0	0	0	0	0	1	0	51	70	0	0	0	2	0	71	151	75	1	0	0	3	0	141	136	80	8	0	1	1	0	27	55	110	79	0	3	0	0	3	0	81	85	0	3	0	0	5	0	133	67	0	3	0	0	1	0	54	24	0	1	
0	0	1	1	0	0	3	1	0	1	0	15	126	133	1	0	1	0	18	198	119	92	129	59	1	0	29	213	93	160	101	8	1	0	15	201	249	43	0	2	0	7	172	136	201	21	0	2	0	43	220	181	96	0	2	0	0	0	44	25	0	1	0	0	
0	0	1	0	37	14	0	1	0	2	0	43	179	18	0	1	0	2	0	157	52	0	2	0	2	0	29	213	149	33	0	2	2	0	55	120	45	158	0	2	1	0	20	164	112	139	0	3	0	2	0	53	145	26	0	1	0	0	0	0	0	0	0	0	
0	0	0	3	0	88	46	0	0	0	3	0	110	164	10	0	0	3	0	121	174	0	0	1	3	0	75	212	92	94	4	0	0	6	220	199	163	221	9	0	0	17	240	215	164	59	0	2	1	0	42	84	23	0	1	0	0	0	0	0	1	2	0	0	
0	0	1	0	0	1	0	0	0	0	0	54	59	1	0	0	2	0	81	94	81	68	0	2	0	21	102	0	0	90	9	0	0	22	114	1	4	112	16	0	2	0	64	105	150	80	0	2	0	0	0	11	118	3	0	0	0	0	1	5	36	0	0	0	
0	0	0	4	3	0	0	0	0	0	0	0	0	18	8	0	0	0	1	93	148	213	126	0	1	0	153	238	75	194	85	0	0	0	31	0	138	151	0	2	0	3	0	137	169	0	2	0	2	0	113	177	6	0	1	0	0	13	145	19	0	2	0	0	
0	0	1	1	0	1	0	0	0	2	0	44	144	23	0	1	1	0	25	179	128	135	0	2	3	0	85	63	14	150	0	2	0	0	10	0	108	107	0	4	0	1	0	36	171	12	0	1	2	0	42	215	140	0	4	0	1	0	39	48	23	0	0	0	
0	0	0	1	4	3	0	0	0	0	0	0	0	0	18	17	0	2	0	24	89	118	146	39	0	3	0	123	155	54	1	0	0	19	20	118	30	0	2	1	0	28	145	135	34	0	1	0	2	0	54	111	2	0	0	0	0	1	1	0	0	0	0	0	
0	0	0	1	0	0	0	0	0	0	1	0	84	107	93	32	0	3	0	79	173	97	108	37	1	0	27	166	13	0	1	0	1	0	18	151	90	0	5	1	0	6	0	18	193	26	0	1	0	49	154	151	83	0	1	0	0	0	27	12	0	0	0	0	
0	0	2	1	0	1	1	0	0	2	0	17	89	53	0	1	2	0	68	172	106	164	145	0	0	54	174	3	17	190	62	0	0	75	185	120	233	122	0	4	1	0	38	94	184	6	0	1	0	1	0	165	81	0	3	0	1	0	16	81	0	1	0	0	
0	2	3	2	2	2	2	0	0	0	0	0	0	0	0	0	0	84	91	54	45	45	39	0	0	101	138	89	79	143	121	0	0	73	34	0	0	116	39	0	0	5	3	0	26	144	0	1	0	1	3	0	52	115	0	3	0	0	3	0	81	80	0	3	
0	0	2	2	0	0	0	0	0	1	0	4	64	87	22	0	1	0	21	147	123	114	75	0	0	0	187	86	84	86	0	3	0	1	127	150	229	76	0	3	0	1	0	27	173	7	0	1	0	2	0	154	90	0	3	0	0	0	8	76	2	0	0	0	
0	0	0	0	0	0	0	0	0	0	0	7	129	11	0	1	0	3	0	69	213	0	0	0	0	4	0	110	176	0	3	0	0	4	0	116	148	0	4	0	0	3	0	95	178	0	3	0	0	1	0	40	142	0	1	0	0	0	0	0	0	0	0	0	
0	0	0	2	6	4	0	0	0	2	0	44	178	188	62	0	0	0	0	31	120	208	47	0	0	1	141	164	177	149	0	4	0	0	14	57	153	157	0	3	0	38	144	187	244	42	0	2	0	76	194	141	51	0	1	0	0	0	0	0	1	1	0	0	
0	0	0	0	0	1	0	0	0	0	30	84	45	0	1	0	1	0	118	118	149	42	0	2	0	0	3	0	132	54	0	2	0	0	0	11	157	13	0	1	0	2	0	44	157	0	2	0	0	2	0	44	172	34	0	1	0	0	0	0	81	60	0	1	
0	0	1	3	0	0	0	0	0	1	1	0	25	28	87	12	1	0	13	156	139	154	240	37	0	0	197	140	0	89	190	0	0	108	182	0	24	200	53	0	0	159	97	27	203	93	0	3	0	58	203	193	80	0	3	0	0	0	18	9	0	3	0	0	
0	0	2	1	4	1	1	0	0	1	0	107	166	62	0	2	3	0	107	146	9	163	25	0	1	0	200	68	0	93	95	0	3	0	182	96	0	111	94	0	3	0	95	142	19	163	14	0	0	0	1	135	175	53	0	2	0	0	1	2	2	1	1	0	
0	0	0	8	9	0	0	0	0	2	0	96	154	128	4	0	0	0	0	43	172	183	0	1	2	0	102	154	138	156	6	0	0	0	6	58	114	203	18	0	0	11	140	133	193	135	0	3	0	19	175	157	99	0	0	0	0	0	3	7	0	2	0	0	
0	1	1	0	0	0	1	0	2	0	38	168	45	13	0	1	0	4	176	212	210	185	59	0	0	50	200	172	26	51	181	0	0	59	171	48	0	18	168	4	0	16	193	70	2	91	125	0	2	0	51	171	178	186	42	0	0	0	1	0	5	1	0	0	
0	0	0	0	1	0	0	0	0	0	1	0	9	128	22	0	0	0	3	0	133	200	0	0	0	1	0	35	228	41	0	2	0	3	0	171	139	0	4	0	3	0	60	213	14	0	1	0	3	0	156	81	0	3	0	0	0	0	31	5	0	0	0	0	
0	0	0	0	0	0	0	0	0	30	82	80	86	6	0	0	0	174	255	249	255	61	0	3	0	29	37	190	255	56	0	3	3	0	74	247	253	117	14	0	4	0	128	255	249	255	210	0	1	0	26	80	155	216	128	0	0	0	0	0	0	0	0	0	
0	0	0	2	2	0	0	0	0	0	2	2	0	104	103	0	0	3	0	26	162	175	191	2	2	0	49	206	107	38	131	0	0	47	171	22	14	175	30	0	0	174	37	43	181	62	0	2	0	142	167	141	28	0	2	0	0	13	27	0	1	2	0	0	
0	2	0	51	110	10	0	1	0	1	0	34	179	107	0	5	0	1	4	0	144	97	0	3	0	0	39	92	173	2	98	28	0	48	232	252	58	157	173	5	0	131	222	131	209	125	0	1	0	19	24	0	18	0	2	1	0	0	1	3	0	3	0	0	
0	0	0	1	2	1	3	2	0	0	1	2	0	7	129	27	0	1	0	28	99	143	89	0	1	0	13	132	174	128	2	0	0	0	168	175	214	132	26	0	1	0	166	169	20	6	0	0	0	13	100	7	0	1	1	0	0	2	4	1	2	0	0	0	
0	1	0	30	44	0	1	0	2	0	45	160	183	69	0	3	2	0	50	25	29	166	0	0	0	0	1	27	0	133	40	0	0	0	127	181	148	142	13	0	0	31	191	40	199	227	84	0	1	0	91	146	84	21	47	0	0	0	0	0	0	0	0	0	
0	0	1	3	0	0	0	0	0	0	2	0	53	134	58	0	1	0	10	145	150	57	39	0	1	0	147	93	0	32	10	0	0	21	172	64	144	229	18	0	1	0	74	104	169	117	0	3	0	1	0	36	143	7	0	1	0	1	0	25	16	0	1	0	
0	0	1	1	0	0	1	0	0	2	0	41	152	82	0	1	1	0	14	216	197	201	105	0	3	0	128	210	0	87	177	0	0	5	215	66	0	164	90	0	0	37	231	35	151	186	0	1	0	0	156	247	190	25	0	1	0	0	6	40	4	0	1	0	
0	0	1	3	1	0	0	0	0	2	2	0	9	69	64	0	1	0	4	108	170	142	181	0	0	72	214	155	0	133	83	0	0	134	85	0	130	133	0	2	0	2	0	139	147	0	2	0	1	0	135	156	0	2	1	0	0	11	94	8	0	1	0	0	
0	0	0	0	0	0	0	0	0	11	19	0	37	1	0	0	0	44	73	0	111	2	0	0	0	16	131	5	101	66	0	0	2	0	47	103	136	106	0	3	0	1	1	0	44	93	0	3	0	0	2	1	2	106	7	0	0	0	0	1	0	18	5	0	
0	0	0	0	0	0	0	0	0	1	0	22	124	119	38	0	0	1	0	12	65	193	123	0	2	0	79	151	190	151	0	1	1	0	27	68	190	133	0	3	2	0	70	152	190	32	0	2	0	17	200	154	61	0	2	0	0	0	42	27	0	2	0	0	
0	0	0	0	0	0	0	0	0	20	79	35	9	1	0	0	0	33	156	168	185	172	0	0	0	0	3	0	71	156	0	11	0	25	165	143	202	180	110	37	0	12	53	71	190	13	3	0	0	3	0	148	115	0	4	1	0	1	0	75	24	0	1	0	
0	0	0	0	28	7	0	0	0	1	3	0	157	173	1	0	1	1	0	1	0	189	113	0	0	1	21	13	0	159	133	0	26	215	251	228	220	219	15	0	10	129	190	170	126	114	0	0	0	0	0	0	0	0	1	0	1	4	3	3	4	3	0	0	
0	0	1	0	0	0	0	0	0	0	2	16	5	6	0	0	3	0	77	184	123	199	58	0	3	0	146	36	25	196	17	0	3	0	123	129	187	89	0	3	1	0	0	166	173	0	1	0	1	0	8	174	29	0	1	0	1	0	38	113	0	3	0	0	
0	0	0	1	2	83	8	0	0	0	4	0	104	159	0	1	0	3	0	82	195	14	0	1	3	0	71	194	17	2	12	0	0	6	180	20	56	224	90	0	0	14	186	139	236	120	0	1	1	0	44	94	20	0	1	0	0	0	0	0	0	3	0	0	
0	0	0	0	0	0	0	0	1	0	30	131	132	35	49	0	3	0	92	228	78	223	134	0	0	2	0	157	176	129	5	0	1	0	8	164	221	8	0	1	0	41	228	84	151	59	0	2	0	31	138	128	209	142	0	4	0	0	1	0	17	25	0	1	
0	0	0	1	3	0	0	0	0	0	1	2	0	16	18	0	0	2	0	9	134	159	124	22	1	0	11	151	74	0	2	2	0	40	84	163	57	0	2	0	0	43	109	131	205	27	0	2	0	0	0	9	10	0	0	0	0	2	3	0	0	0	0	0	
0	0	1	1	0	1	0	0	0	1	0	29	68	0	0	0	1	0	10	166	192	81	0	3	3	0	142	122	169	145	0	4	2	0	126	167	247	81	0	3	0	3	0	100	176	0	2	0	1	0	10	198	49	0	2	0	1	0	14	64	0	1	0	0	
0	0	0	1	1	2	0	0	0	0	2	2	0	7	160	34	0	3	0	24	9	151	169	0	2	0	35	177	194	185	6	0	0	65	231	245	235	216	74	0	0	76	205	211	32	45	33	0	0	5	117	31	0	1	0	0	0	2	1	1	2	2	1	0	
0	0	2	0	18	30	0	1	0	1	0	16	171	71	0	2	1	0	10	194	76	0	2	0	3	0	122	96	21	71	5	0	0	16	125	131	161	221	64	0	0	5	182	188	152	134	0	1	1	0	52	109	90	5	0	0	0	0	0	0	0	2	0	0	
0	0	0	2	3	0	0	0	0	0	2	1	0	6	16	0	0	1	0	44	113	199	111	0	3	0	93	224	84	161	9	0	2	0	110	63	108	78	0	3	0	2	0	57	143	0	2	0	2	0	37	183	28	0	1	0	3	0	67	95	0	3	0	0	
0	3	4	4	1	0	1	0	0	0	0	0	3	15	1	0	0	114	168	164	205	247	67	0	25	236	252	226	230	255	68	0	0	58	34	0	149	207	0	1	0	0	0	0	217	174	0	3	0	5	0	32	255	155	0	4	0	1	0	16	165	77	0	2	
0	0	1	2	0	1	1	0	0	0	0	8	79	44	0	1	1	0	20	148	216	181	0	0	4	0	143	161	170	234	14	0	2	0	54	126	177	149	0	4	0	2	0	37	183	24	0	1	2	0	45	206	57	0	2	0	2	0	62	60	0	3	0	0	
0	0	1	0	0	0	0	0	2	0	53	116	96	59	0	1	0	2	135	109	84	45	0	1	0	23	165	35	16	0	0	0	1	0	49	97	123	138	1	0	0	0	0	7	2	136	12	0	0	2	0	71	181	90	0	3	0	0	0	0	49	13	0	1	
0	0	0	3	3	0	0	0	0	0	2	0	1	13	2	0	0	1	0	64	121	188	24	0	1	0	99	153	65	138	0	1	0	21	116	0	117	75	0	3	0	2	0	61	134	0	2	0	0	0	4	145	33	0	1	0	2	0	41	97	0	3	0	0	
0	0	0	0	0	0	0	0	0	3	84	123	148	118	0	1	0	34	181	60	91	56	0	0	1	0	156	114	75	7	0	0	2	0	56	121	129	117	0	3	0	0	1	0	0	161	22	0	2	0	55	184	139	144	8	0	0	0	4	40	47	3	0	0	
0	0	0	3	0	0	1	0	0	0	3	0	52	137	35	0	0	3	0	112	199	144	152	0	1	0	151	213	5	18	159	2	0	111	185	126	0	167	77	0	0	171	134	133	145	63	0	1	0	24	116	82	14	0	2	0	0	0	0	0	1	3	0	0	
0	0	5	52	1	3	1	0	0	0	9	138	3	0	0	0	1	0	39	107	8	130	41	0	3	0	80	73	116	87	98	0	3	0	95	107	62	45	78	0	3	0	103	180	115	99	4	0	1	0	10	73	44	0	1	0	0	0	0	0	0	2	1	0	
0	0	0	1	0	0	0	0	3	0	0	2	28	25	0	0	8	0	36	141	191	198	0	0	1	0	20	101	211	165	0	1	3	0	74	122	47	193	21	0	0	8	23	44	150	101	0	2	0	38	146	119	46	0	1	0	0	0	0	0	0	2	0	0	
0	0	0	3	0	0	0	0	0	0	2	0	36	121	135	4	0	1	0	103	226	208	212	1	3	0	94	255	55	98	62	0	0	13	239	145	154	141	0	4	0	54	255	238	227	41	0	2	0	56	190	117	25	0	1	0	0	0	0	0	1	2	0	0	
0	0	0	2	1	2	0	0	0	0	2	1	1	7	92	8	0	0	0	89	22	112	101	0	1	0	151	167	136	220	64	0	0	29	118	180	131	9	23	0	2	0	88	107	0	1	0	0	0	65	149	0	3	1	1	0	0	22	15	0	1	0	0	0	
0	0	0	4	36	1	0	0	0	0	6	24	106	61	0	2	2	0	62	85	0	118	11	0	3	0	103	42	0	91	42	0	2	0	103	26	0	105	44	0	3	0	91	85	35	132	1	0	0	0	3	90	117	29	0	1	0	0	1	0	0	1	0	0	
0	0	0	0	3	2	0	0	0	0	1	2	0	0	10	8	0	0	0	4	91	101	114	35	1	0	7	174	96	11	5	0	0	0	4	86	139	3	0	1	0	32	76	63	137	2	0	0	0	7	71	79	11	0	1	0	0	0	0	0	1	0	0	0	
0	0	0	0	0	0	0	0	0	0	2	135	38	45	0	1	2	0	35	244	195	87	0	2	2	0	44	235	172	0	0	1	0	0	1	0	130	150	0	2	0	0	13	24	64	199	0	0	2	0	36	178	172	74	0	2	0	0	0	0	0	0	0	0	
0	0	0	1	3	0	45	16	0	0	1	3	0	107	129	19	0	0	2	0	117	106	0	1	0	2	0	145	189	90	28	0	3	0	124	228	83	166	45	0	0	45	242	115	101	32	0	1	0	25	126	78	19	0	1	0	0	0	0	0	1	2	0	0	
0	0	0	0	0	0	0	0	0	1	0	37	74	37	0	0	0	3	0	100	241	205	0	0	0	0	2	0	191	174	0	2	1	0	1	188	246	154	2	0	2	0	60	221	30	0	1	0	0	1	224	92	0	4	0	0	0	5	76	8	0	0	0	0	
0	1	2	3	2	0	0	0	0	0	0	0	0	6	7	1	0	19	53	92	62	155	220	25	0	78	166	97	30	193	118	0	0	1	0	9	149	106	0	1	2	0	41	196	79	0	4	0	0	54	196	56	0	5	0	0	0	90	63	0	4	0	0	0	
0	0	2	1	0	0	0	0	0	1	0	7	17	0	0	0	2	0	56	152	123	5	0	1	0	23	124	0	122	44	0	2	0	14	103	85	156	49	0	2	0	0	9	0	80	73	0	3	0	1	4	0	69	99	0	4	0	0	2	0	39	74	0	3	
0	0	0	3	1	0	2	1	0	0	0	0	1	10	2	0	1	0	6	97	107	99	130	24	1	0	38	162	63	136	137	24	2	0	38	201	154	37	1	0	0	36	138	138	73	0	5	1	0	40	152	106	4	1	0	0	0	0	7	2	0	0	0	0	
0	0	0	0	0	0	0	0	0	0	6	70	74	3	0	0	1	0	14	90	126	98	0	3	0	0	3	0	90	109	0	4	0	1	0	32	176	13	0	1	0	1	0	175	78	0	3	0	3	0	84	116	0	3	0	0	1	0	51	15	0	0	0	0	
0	0	0	2	0	1	1	0	0	0	1	0	22	14	0	1	1	1	0	65	102	135	14	0	33	0	70	143	65	185	28	0	1	0	20	64	140	35	0	2	1	0	6	122	44	0	2	0	0	0	118	53	0	3	0	0	0	10	35	0	2	0	0	0	
0	0	0	0	0	1	0	0	2	0	104	143	63	4	0	0	2	0	71	140	219	150	0	2	0	0	4	0	78	230	4	0	0	0	1	55	206	117	0	2	0	17	190	255	177	1	0	1	0	6	66	59	202	114	0	4	0	0	1	0	23	31	0	1	
0	0	0	3	1	0	0	0	0	0	3	0	31	137	32	0	0	3	0	61	227	223	137	0	2	0	83	252	87	27	130	0	0	62	223	151	0	124	71	0	0	143	83	32	100	109	0	1	0	119	152	132	70	0	2	0	0	10	62	22	0	3	0	0	
0	0	0	0	0	0	0	0	1	0	28	100	0	2	0	0	0	0	5	150	14	0	1	0	0	3	0	129	70	0	2	0	0	2	0	58	114	0	3	0	0	0	0	6	145	11	0	1	0	0	0	0	129	19	0	1	0	0	0	0	0	0	0	0	
0	0	0	0	2	1	0	0	0	0	0	3	0	58	118	0	0	0	3	0	47	216	61	0	0	2	0	24	202	62	0	2	0	1	0	182	105	0	5	0	2	0	128	150	0	3	0	0	0	39	197	6	0	1	0	0	0	6	22	1	1	0	0	0	
0	0	0	2	0	0	0	0	2	0	28	168	88	0	1	0	4	0	102	133	90	15	0	1	1	0	22	141	168	34	0	2	0	0	2	0	101	95	0	2	0	0	3	135	179	167	25	0	0	1	0	101	125	12	0	1	0	0	0	1	2	0	0	0	
0	0	0	2	0	0	0	0	0	0	1	0	44	93	29	0	0	2	0	113	197	224	72	0	0	2	0	23	98	142	0	1	0	2	72	132	208	169	68	0	0	138	255	120	0	38	79	0	0	56	24	0	1	0	0	0	0	0	1	3	1	1	3	0	
0	0	0	0	1	2	0	0	0	36	76	50	5	0	0	0	0	108	165	203	206	41	0	2	0	0	3	0	159	111	0	4	0	1	12	52	182	148	0	4	1	0	9	80	218	124	0	4	0	0	3	0	172	104	0	4	0	0	2	0	74	27	0	1	
0	0	0	0	0	0	0	0	0	0	0	88	110	142	98	0	0	1	0	67	135	237	92	0	0	1	65	129	206	151	0	2	0	1	118	69	34	180	3	0	0	19	2	11	173	90	0	3	0	175	162	164	71	0	2	0	0	35	59	11	0	2	0	0	
0	0	2	2	0	0	2	0	0	2	1	0	34	49	2	0	1	0	33	42	137	197	114	0	0	49	220	78	0	0	182	51	0	157	121	0	6	100	184	19	0	87	182	157	165	144	24	0	0	0	40	54	23	0	2	1	0	2	1	0	0	4	1	0	
0	0	0	0	0	2	1	0	0	1	3	3	0	0	0	0	3	1	0	0	7	36	16	0	0	36	91	106	126	221	41	0	0	56	82	15	124	89	0	2	0	0	0	107	92	0	2	0	2	0	54	83	0	3	0	0	0	0	1	1	2	0	0	0	
0	1	3	0	1	0	0	0	0	0	4	39	3	0	0	0	0	20	145	196	97	0	3	0	0	41	53	26	172	0	3	1	0	0	0	140	192	2	0	1	1	0	16	204	214	167	109	7	0	0	0	2	8	16	33	4	0	0	1	1	0	0	0	0	
0	0	0	1	2	0	0	0	0	0	2	1	1	71	63	0	0	2	0	15	151	135	141	42	2	0	34	184	70	0	102	43	0	16	182	116	0	130	102	0	0	128	172	137	112	66	0	1	0	31	83	42	5	0	2	0	0	0	0	0	1	3	0	0	
0	0	0	0	0	0	0	0	0	0	27	0	22	83	0	1	2	0	122	17	52	191	0	2	0	9	144	0	86	142	0	4	1	0	128	72	171	122	0	4	2	0	62	92	57	131	0	3	0	0	2	0	44	104	0	3	0	0	2	3	3	7	0	0	
0	0	0	0	0	0	0	0	1	0	21	43	41	51	6	0	3	0	92	149	175	198	1	0	1	0	24	117	183	152	26	0	1	0	36	67	0	157	68	0	10	28	17	38	146	119	0	1	34	111	117	105	48	0	1	0	0	0	0	0	0	2	0	0	
2	0	42	36	0	1	0	0	4	0	163	141	0	6	2	0	0	0	214	84	0	3	1	0	0	5	219	173	162	160	31	0	2	0	173	255	77	159	205	0	2	0	49	232	245	227	122	0	0	1	0	21	74	30	0	1	0	0	2	1	0	0	3	0	
0	0	1	4	3	1	0	0	0	0	0	0	0	0	7	0	1	0	23	107	79	178	145	0	2	0	41	72	80	176	24	0	0	4	0	62	150	21	0	1	2	0	84	167	13	0	2	0	0	86	152	7	0	2	0	0	0	91	21	0	2	0	0	0	
0	0	0	0	8	31	0	0	0	1	0	6	175	156	0	1	0	3	0	150	147	0	2	0	2	0	49	189	27	14	0	1	4	0	107	184	182	177	0	2	4	0	86	216	186	122	0	3	1	0	7	113	85	0	0	0	0	0	1	0	0	2	0	0	
0	0	0	1	0	0	0	0	0	0	1	0	50	83	71	12	0	3	0	75	139	92	124	28	0	3	0	130	151	79	48	0	0	0	93	141	111	0	4	0	0	82	121	121	59	0	4	0	0	93	150	54	0	1	0	0	0	1	4	0	1	0	0	0	
0	0	2	13	13	2	0	0	0	0	116	137	140	126	0	0	0	3	21	0	68	195	4	0	0	0	0	98	172	39	0	2	1	0	127	133	1	0	1	0	0	61	187	3	26	34	5	0	0	11	123	152	143	163	95	0	0	0	0	0	0	1	6	0	
0	0	0	2	3	3	0	0	0	1	2	0	0	0	0	0	1	0	3	61	110	83	0	1	3	8	122	107	59	165	33	0	0	129	160	72	68	203	42	0	0	40	87	34	101	85	0	2	0	0	0	1	25	4	0	0	0	2	4	1	0	2	0	0	
0	0	1	0	0	1	1	0	1	0	16	52	142	34	0	1	0	5	165	134	115	171	0	0	0	38	195	4	0	146	67	0	0	17	183	13	0	88	125	0	3	0	152	115	0	109	131	0	1	0	12	163	174	158	18	0	0	0	0	3	56	19	0	1	
0	0	0	2	0	26	7	0	0	0	2	0	49	160	5	0	0	1	0	27	170	30	0	1	1	0	2	155	81	111	56	0	3	0	88	165	146	195	55	0	2	0	168	243	160	44	0	1	1	0	48	117	10	0	2	0	0	0	0	0	1	2	0	0	
0	0	1	0	5	3	0	0	0	1	0	35	113	102	0	0	1	0	33	121	2	84	35	0	3	0	65	56	0	65	39	0	3	0	92	48	0	69	31	0	4	0	106	98	0	82	6	0	1	0	17	128	103	51	0	2	0	0	0	4	11	0	0	0	
0	0	0	2	0	0	0	0	0	0	1	0	86	148	95	0	0	3	0	120	255	148	158	13	3	0	67	255	63	28	161	0	0	0	223	168	4	173	60	0	0	77	238	149	181	62	0	3	0	95	250	169	36	0	3	0	0	9	44	3	0	2	0	0	
0	0	0	0	1	1	0	0	0	11	69	0	17	3	0	0	0	35	164	0	192	85	0	3	0	23	192	118	255	119	0	4	3	0	127	255	255	84	0	4	0	0	0	16	238	109	0	4	0	0	3	0	188	113	0	4	0	0	1	0	14	5	0	0	
0	0	0	2	2	1	0	0	0	0	2	1	5	0	82	39	0	2	0	37	96	83	117	0	2	0	51	192	100	193	35	0	0	36	180	148	191	100	34	0	0	11	8	127	50	0	2	0	3	0	108	89	0	6	1	0	0	0	30	3	1	0	0	0	
0	0	0	0	0	0	0	0	0	7	138	153	61	0	1	0	0	0	125	111	181	3	0	0	0	3	0	103	156	0	2	0	0	3	0	139	214	117	0	1	0	0	2	10	18	185	28	0	0	0	0	164	201	127	0	1	0	1	0	34	40	0	0	0	
0	0	0	2	0	0	0	0	0	0	3	0	81	190	86	0	0	4	0	102	194	64	137	2	3	0	69	207	2	71	127	0	0	24	190	23	76	162	13	0	0	150	209	144	143	16	0	1	0	89	159	60	0	3	1	0	0	0	0	0	2	1	0	0	
0	0	0	0	0	0	0	0	0	64	171	164	189	151	23	0	0	41	234	255	250	255	120	0	0	87	255	246	235	255	171	0	0	108	255	241	184	240	247	41	0	13	218	255	252	255	226	22	2	0	85	213	191	179	86	0	0	1	1	0	0	0	1	1	
0	0	0	2	0	0	1	0	0	0	1	0	39	115	41	0	0	1	0	81	131	122	148	0	1	0	14	174	104	123	51	0	1	0	16	182	176	0	1	0	0	21	133	133	127	0	5	0	0	69	191	130	22	0	1	0	0	6	41	7	0	0	0	0	
0	0	0	0	0	0	0	0	0	3	0	94	54	0	2	0	0	4	0	129	92	0	3	0	0	3	0	86	142	0	4	0	0	2	0	56	154	0	3	0	0	1	0	22	188	10	0	1	0	1	0	15	164	13	0	1	0	0	0	0	0	0	0	0	
0	0	0	1	1	3	68	10	0	0	1	1	1	102	90	0	0	1	1	3	107	58	0	2	0	1	0	164	156	70	11	0	3	0	116	176	69	147	20	0	0	51	220	114	102	38	0	1	0	30	49	33	0	1	1	0	0	0	0	0	2	2	0	0	
0	0	1	0	1	1	0	0	0	0	0	0	0	0	0	0	0	53	135	114	141	39	0	2	0	5	9	0	45	74	0	3	1	0	41	81	131	157	43	0	0	0	7	1	72	24	3	0	0	1	0	39	68	0	2	0	0	0	8	81	9	0	1	0	
0	0	1	3	0	0	0	0	0	0	1	0	21	56	88	14	1	0	35	130	126	177	196	9	1	0	59	205	134	103	19	0	1	0	31	150	161	0	3	1	0	52	128	131	93	0	4	0	0	123	172	95	0	0	0	0	0	5	16	0	1	0	0	0	
0	0	2	1	0	2	0	0	0	0	0	6	24	2	0	0	2	0	49	129	137	151	13	0	4	0	120	78	99	167	0	1	1	0	21	129	182	7	0	1	0	2	0	62	99	0	3	0	0	3	0	108	59	0	2	0	0	2	0	81	50	0	2	0	
0	0	1	1	1	0	0	0	0	1	0	6	4	10	18	2	1	0	6	152	126	127	190	6	2	0	153	201	31	124	82	0	0	99	159	0	104	104	0	2	0	27	0	113	108	0	2	0	3	0	110	130	0	4	0	0	0	6	139	17	0	1	0	0	
0	0	74	23	0	2	0	0	1	0	179	239	73	0	2	0	0	3	0	64	231	74	0	3	1	0	58	102	161	188	0	2	0	54	241	165	221	255	85	0	0	52	233	177	211	163	119	0	1	0	35	87	33	0	1	0	0	1	0	0	0	4	2	0	
0	0	0	2	4	1	0	0	0	0	2	0	0	5	17	1	0	1	0	46	114	208	177	0	0	0	136	175	106	199	45	0	0	7	29	33	168	46	0	2	2	0	53	190	48	0	3	0	0	74	181	34	0	3	0	0	0	135	36	0	3	0	0	0	
0	0	2	0	0	0	2	0	0	1	0	61	93	55	0	1	1	0	104	116	172	201	109	0	0	54	207	5	0	0	166	42	0	130	125	0	2	11	176	27	0	140	153	0	32	170	98	0	0	5	128	81	38	42	0	1	0	0	0	4	1	0	2	0	
0	0	0	2	2	0	0	0	0	0	1	0	7	56	49	0	0	1	0	35	105	123	137	0	1	0	21	185	152	182	31	0	1	0	7	127	192	60	0	2	2	0	64	138	15	0	2	0	0	73	156	13	0	3	0	0	0	75	25	0	2	0	0	0	
0	0	0	0	0	0	0	0	0	34	116	155	133	36	0	1	0	110	255	106	36	8	0	0	0	0	207	182	188	177	17	0	2	0	129	205	31	143	158	0	0	0	5	3	19	209	145	0	1	0	19	174	225	146	4	0	0	0	0	18	25	0	1	0	
0	0	0	0	3	0	0	0	0	0	1	3	0	47	59	0	0	1	3	0	131	192	185	28	1	0	10	175	173	38	123	0	0	8	151	194	74	142	39	0	0	118	229	153	125	21	0	1	0	29	79	27	0	2	1	0	0	0	0	0	3	1	0	0	
0	0	0	0	1	2	0	0	0	0	0	0	13	75	0	1	0	0	3	0	77	74	0	3	0	0	0	0	129	15	0	1	0	2	0	59	113	0	3	0	0	2	0	131	45	0	2	0	1	0	33	91	0	2	0	0	0	0	2	2	0	0	0	0	
0	0	0	0	0	2	0	0	0	0	2	1	3	0	53	39	0	0	0	13	0	65	93	0	1	0	55	64	60	97	1	0	0	0	129	144	148	78	10	0	1	0	90	87	0	9	0	0	0	24	71	0	1	0	0	0	0	0	0	2	0	0	0	0	
0	1	1	0	0	3	2	0	2	0	51	108	34	0	1	0	0	3	203	110	163	158	25	0	0	104	169	0	6	118	188	10	0	154	133	0	5	0	173	53	0	49	217	137	109	190	148	0	1	0	27	110	117	74	4	0	0	2	1	0	0	0	2	1	
0	0	0	2	1	0	0	0	0	0	2	0	34	53	0	1	0	2	0	52	104	168	29	0	1	0	38	128	97	133	1	0	4	0	125	247	189	15	0	1	1	0	12	184	32	0	2	0	3	0	79	89	0	3	0	0	1	0	57	18	0	0	0	0	
0	0	0	0	0	0	1	0	0	28	185	200	210	93	0	1	0	65	224	88	138	243	84	0	0	140	120	0	0	71	185	0	0	151	95	0	1	10	177	19	0	107	242	146	104	144	199	1	0	5	108	197	217	192	56	0	0	1	0	0	0	0	0	0	
0	0	0	1	2	0	0	0	0	0	1	0	5	51	12	0	0	1	0	29	93	176	45	0	1	0	10	126	126	109	0	1	4	0	105	244	166	11	0	1	2	0	33	188	30	0	2	0	3	0	89	86	0	3	0	0	1	0	62	19	0	0	0	0	
0	0	0	0	0	1	0	0	0	42	143	161	147	25	0	1	0	77	177	105	170	161	0	3	0	0	10	3	48	196	0	0	3	0	61	246	253	111	0	4	1	0	48	46	157	186	0	1	2	0	164	205	194	143	0	1	0	0	9	54	37	0	0	0	
0	0	0	3	0	0	0	0	0	0	1	0	27	52	0	0	0	0	3	98	142	174	0	0	2	0	99	105	89	99	0	3	0	2	0	55	154	0	0	0	1	0	16	156	21	0	1	0	3	0	131	73	0	3	0	0	0	0	73	8	0	0	0	0	
0	0	0	0	5	26	0	0	0	0	2	0	69	64	0	2	0	1	0	29	106	0	1	0	0	2	0	93	37	0	1	0	1	0	20	148	59	0	0	0	2	0	57	87	104	16	0	1	1	0	8	92	51	0	1	0	0	0	0	0	0	0	0	0	
0	0	0	1	2	1	2	0	0	0	1	2	1	0	10	22	0	1	0	12	62	5	115	51	1	0	22	120	70	129	57	0	0	11	172	171	189	139	0	2	0	25	42	109	74	0	2	0	2	0	56	77	0	4	0	0	0	1	2	0	2	0	0	0	
0	0	3	7	0	1	0	0	1	0	6	153	145	6	0	1	0	1	0	16	214	131	0	5	0	1	2	0	88	246	115	21	2	0	75	172	235	157	0	1	0	55	215	113	175	22	0	1	0	51	199	172	42	0	2	0	0	0	2	2	1	1	0	0	
0	0	0	1	3	0	1	1	0	0	1	0	3	35	4	0	0	1	0	6	171	233	132	9	2	0	24	222	194	10	159	36	1	0	145	125	8	88	97	0	0	94	184	100	162	87	0	1	0	68	147	97	23	0	2	0	0	0	0	0	1	3	0	0	
0	0	1	0	3	1	1	0	0	1	0	101	170	77	0	2	3	0	115	148	11	157	23	0	0	7	168	16	0	78	87	0	0	22	164	0	0	43	110	0	0	0	159	72	0	133	89	0	2	0	32	145	139	107	0	0	0	0	1	0	4	0	0	0	
0	0	0	0	0	0	0	0	0	0	2	26	53	62	29	0	2	2	0	87	132	211	92	0	2	0	66	129	190	146	0	2	1	0	68	70	91	173	0	2	13	33	2	49	160	53	0	2	24	115	129	117	21	0	1	0	0	0	0	0	1	2	0	0	
0	0	0	0	2	2	0	0	0	0	1	0	76	21	0	1	0	0	0	4	141	9	0	0	0	1	0	38	124	0	2	0	0	3	0	86	82	0	3	0	0	3	0	108	51	0	2	0	0	3	0	89	78	0	2	0	0	0	0	1	4	0	0	0	
0	0	0	0	1	0	1	0	0	0	1	2	0	0	0	0	0	0	0	3	23	9	21	6	1	0	22	116	143	81	73	25	1	0	29	136	23	0	1	0	0	30	69	101	36	0	4	1	0	0	39	29	0	1	0	0	0	0	0	1	1	0	0	0	
0	0	1	1	1	1	1	0	0	2	0	53	182	39	0	1	1	0	14	166	81	156	12	0	3	0	101	116	0	93	70	0	1	0	150	31	0	111	61	0	2	0	147	56	42	165	4	0	1	0	27	144	162	55	0	2	0	0	0	2	2	0	1	0	
0	0	0	1	2	2	0	0	0	0	0	0	4	0	1	1	0	2	0	49	196	124	121	35	0	1	0	166	116	24	7	0	0	15	9	33	121	0	2	0	0	41	150	85	136	0	2	0	2	0	59	113	15	0	1	0	0	1	0	0	0	0	0	0	
0	0	0	0	0	0	0	0	0	0	1	17	94	103	0	2	1	0	8	202	186	89	0	2	2	0	35	233	136	9	0	1	3	0	71	204	189	127	0	4	0	0	13	10	138	130	0	4	0	1	0	171	217	11	0	1	0	1	0	24	23	0	1	0	
0	0	0	0	0	0	0	0	0	1	0	38	87	136	36	0	0	0	0	105	179	210	26	0	1	0	30	135	205	82	0	3	1	0	34	56	150	78	0	3	0	57	0	55	160	0	0	1	0	139	165	158	22	0	1	0	0	16	55	8	0	1	0	0	
0	0	0	0	0	0	0	0	1	0	8	151	22	0	1	0	0	3	0	160	62	0	2	0	0	4	0	147	130	0	4	0	0	4	0	127	165	0	4	0	0	4	0	115	215	0	0	1	0	2	0	43	144	1	0	0	0	0	0	0	0	0	0	0	
0	0	0	2	0	0	0	0	0	0	0	0	69	88	40	35	0	1	0	96	112	198	141	22	2	0	50	174	114	92	1	0	2	0	53	213	104	0	5	1	0	22	144	145	53	0	2	0	0	55	192	94	0	1	0	0	0	3	14	1	1	0	0	0	
0	0	0	0	0	3	3	0	0	29	139	133	34	0	1	0	0	71	228	109	72	68	73	0	1	0	162	122	143	196	95	0	2	0	47	255	255	59	0	2	2	0	45	230	134	214	9	0	0	2	0	127	237	167	0	0	0	0	0	2	39	11	0	1	
0	0	0	2	1	0	1	0	0	0	2	0	10	31	5	0	0	1	0	65	131	110	115	0	3	0	105	162	63	180	127	0	2	0	106	112	198	103	0	1	0	2	0	111	96	0	4	0	1	0	122	124	0	4	0	0	0	42	108	0	3	0	0	0	
0	0	1	0	0	2	0	0	1	0	10	121	30	0	58	11	3	0	134	130	0	126	134	0	0	11	175	0	93	148	0	0	0	5	147	197	244	71	0	3	2	0	52	187	51	173	4	0	2	0	141	46	47	137	0	2	0	1	29	0	25	22	0	1	
0	0	0	1	0	0	0	0	0	0	1	0	29	114	91	0	0	3	0	75	193	144	163	0	0	1	0	1	2	138	48	0	0	4	68	149	211	97	0	3	0	155	208	191	110	85	0	2	0	81	69	7	0	1	0	0	0	0	0	2	4	0	0	0	
0	0	0	0	0	1	0	0	0	2	107	183	80	0	1	0	0	64	106	67	219	86	0	3	0	2	2	0	36	147	0	2	1	0	28	119	143	176	15	0	2	0	167	247	241	185	118	0	1	0	108	174	38	0	2	0	0	0	0	0	0	3	1	0	
0	0	0	3	3	3	1	0	0	0	0	0	0	0	0	0	1	0	16	110	105	108	29	0	0	1	1	30	54	194	40	0	1	0	41	164	174	129	106	8	0	77	196	135	21	0	39	15	0	25	27	0	1	3	0	0	0	0	0	3	1	0	1	1	
0	0	1	0	9	25	0	0	0	2	0	37	184	212	13	0	1	0	3	191	115	78	0	1	3	0	130	116	2	35	1	0	0	41	158	64	149	209	70	0	0	112	118	153	150	141	17	0	0	28	131	139	85	11	0	1	0	0	0	0	0	1	1	0	
0	0	0	1	3	0	1	0	0	0	1	1	0	4	3	0	0	2	0	8	125	175	120	0	2	0	31	181	103	35	139	0	0	41	146	31	25	133	43	0	0	180	158	95	88	29	0	1	0	54	78	24	0	1	2	0	0	0	0	0	2	1	0	0	
0	0	0	0	0	0	0	0	0	1	0	19	60	95	52	0	1	0	14	157	73	41	12	0	2	0	66	163	59	26	0	1	0	0	82	51	29	103	30	0	0	28	88	0	0	100	38	0	2	0	84	100	103	75	0	2	0	0	1	46	32	0	1	0	
0	0	0	1	2	0	0	0	0	0	1	1	0	18	21	0	0	1	0	23	97	103	129	0	1	0	24	185	112	143	45	0	1	0	16	76	126	79	0	2	1	0	12	116	64	0	2	0	0	21	133	59	0	3	0	0	0	89	43	0	3	0	0	0	
0	0	0	0	0	0	0	0	0	13	91	142	133	24	0	1	0	84	161	50	211	68	0	3	0	2	0	117	221	30	0	1	0	29	183	242	177	207	96	0	0	114	137	0	25	210	117	0	1	0	24	154	192	111	0	1	0	0	16	36	7	0	1	0	
0	0	1	2	4	1	0	0	0	0	0	0	0	3	13	0	0	0	14	44	109	190	149	0	0	38	180	128	91	195	45	0	0	8	15	0	135	85	0	3	0	2	0	109	121	0	4	0	3	0	87	158	0	2	0	0	2	0	124	39	0	2	0	0	
0	1	0	0	0	1	1	0	0	1	52	86	126	32	0	1	0	126	209	41	86	155	41	0	2	182	29	0	0	45	144	0	0	129	56	0	0	49	162	0	0	54	118	0	0	174	118	0	2	0	106	85	179	189	6	0	0	0	7	54	58	9	0	0	
0	0	0	0	0	0	0	0	0	0	6	80	126	114	7	0	2	0	105	123	109	211	10	0	1	0	35	120	159	187	50	0	2	0	48	89	0	166	58	0	0	15	3	0	122	137	0	2	0	146	157	159	117	0	1	0	0	12	60	30	0	2	0	0	
1	0	17	14	0	3	1	0	3	0	67	93	0	3	0	0	3	0	70	96	15	155	90	0	4	0	89	98	131	65	119	0	4	0	128	187	10	106	51	0	4	0	112	203	110	94	0	2	0	0	0	102	69	0	2	0	0	0	1	0	0	2	0	0	
0	0	0	0	1	1	1	0	0	0	0	2	0	40	116	0	0	0	1	0	6	169	55	0	0	0	3	0	166	114	0	3	0	2	0	135	151	0	2	0	2	0	117	168	0	2	0	0	0	22	168	19	0	1	0	0	0	1	1	2	1	0	0	0	
2	0	49	46	0	5	2	0	2	0	165	65	0	2	0	0	0	28	165	0	18	100	43	0	0	77	127	0	173	119	116	0	0	90	106	39	151	18	100	0	0	39	190	174	222	229	57	0	1	0	24	68	61	79	22	0	0	1	1	0	0	0	0	0	
0	0	0	0	0	0	0	0	1	0	30	81	129	126	13	0	1	0	99	132	92	204	37	0	1	0	11	103	202	175	0	1	1	0	25	84	55	199	27	0	5	6	0	20	163	119	0	2	77	176	136	167	73	0	1	0	6	47	33	0	0	2	0	0	
0	0	1	0	1	3	1	0	3	0	125	152	0	1	2	0	0	5	153	158	158	114	5	0	0	55	166	0	6	137	132	0	0	77	164	0	1	10	154	6	0	16	194	70	25	122	147	0	2	0	61	177	164	124	12	0	0	1	1	0	0	0	0	0	
0	0	0	2	0	19	32	0	0	0	3	0	37	147	65	0	0	2	0	54	128	16	0	1	2	0	46	126	7	31	5	0	0	2	119	54	75	155	43	0	0	29	194	142	92	74	5	0	0	10	83	56	20	0	0	0	0	0	0	0	0	2	0	0	
0	0	0	0	0	0	0	0	1	0	21	65	77	63	3	0	1	0	39	128	187	223	3	0	0	0	1	0	175	91	0	3	0	60	92	148	240	134	17	0	0	43	116	236	64	37	8	0	3	0	76	174	0	2	0	0	1	0	42	52	0	3	0	0	
0	0	1	0	8	45	0	0	0	1	2	0	142	98	0	3	0	3	0	122	112	0	3	0	1	0	127	107	4	95	135	22	0	85	126	17	149	112	134	26	0	116	138	164	146	74	29	0	0	2	46	24	1	0	1	1	0	1	0	0	0	3	1	0	
0	0	1	0	0	0	0	0	1	0	14	39	67	41	0	2	0	47	181	136	160	11	0	1	0	1	98	219	132	4	0	1	2	0	48	132	53	146	3	0	1	0	8	165	27	92	70	0	0	2	0	47	175	141	45	0	0	0	1	0	31	49	0	0	
0	0	0	0	0	0	0	0	0	1	0	27	87	107	58	0	0	1	0	126	108	131	123	0	1	2	1	0	34	161	18	0	0	0	59	159	229	144	0	2	4	165	251	194	25	139	85	0	22	139	65	0	0	15	26	0	0	0	0	2	2	2	0	0	
0	0	0	0	0	0	0	0	0	0	2	0	67	31	0	1	0	0	2	0	127	31	0	1	0	1	0	23	135	0	1	0	0	3	0	86	97	0	3	0	0	1	0	138	31	0	1	0	1	0	20	102	0	1	0	0	0	0	0	1	0	0	0	0	
0	0	0	0	1	1	2	0	0	0	0	2	0	55	125	0	0	0	2	0	22	210	51	0	0	1	1	0	174	94	0	3	0	0	0	147	113	0	3	0	2	0	132	124	0	4	0	0	0	40	178	9	0	1	0	0	0	2	1	2	0	0	0	0	
0	0	1	0	42	30	0	1	0	0	1	0	52	152	42	0	0	1	2	4	0	122	63	0	0	0	5	0	55	132	0	2	0	7	95	154	172	19	0	1	0	83	143	132	116	17	0	1	0	31	112	19	0	1	0	0	0	0	0	2	3	0	0	0	
0	0	0	0	0	0	0	0	0	0	5	55	98	99	15	0	1	0	113	163	67	164	99	0	0	1	1	0	10	157	35	0	0	4	83	198	231	194	17	0	0	160	237	184	35	79	140	0	0	57	39	0	0	0	6	0	0	0	0	2	2	2	1	0	
0	1	3	0	0	2	0	0	0	1	0	19	29	1	0	0	0	5	118	126	117	83	0	2	0	122	88	0	32	169	3	0	0	125	121	94	149	149	0	3	0	6	57	29	29	131	0	2	0	0	0	0	6	154	13	0	0	0	2	3	0	101	36	0	
0	0	0	3	0	18	97	25	0	0	3	0	32	144	79	5	0	2	0	61	137	19	0	1	2	0	54	154	38	26	2	0	0	7	155	101	114	163	3	0	0	31	223	181	109	57	0	1	0	0	57	68	23	0	0	0	0	0	0	0	0	2	0	0	
0	0	0	0	0	0	0	0	0	2	0	54	125	0	1	0	0	3	0	164	103	0	3	0	0	3	0	169	104	0	3	0	0	3	0	88	168	0	2	0	0	0	0	85	203	0	0	0	1	0	4	184	126	0	2	0	0	0	0	0	0	0	0	0	
0	0	0	2	2	0	1	1	0	0	2	0	2	34	21	0	0	3	0	33	174	194	168	32	2	0	45	190	69	0	154	35	0	29	172	27	2	145	98	0	0	131	162	103	164	76	0	2	0	45	138	90	13	0	2	0	0	0	0	0	1	3	0	0	
0	0	0	3	22	4	17	0	0	2	0	63	163	101	127	0	0	3	0	172	122	178	35	0	3	0	121	176	89	167	0	4	0	40	214	21	176	81	0	3	0	148	209	154	249	180	84	0	0	42	107	115	75	18	14	0	0	0	0	0	0	0	0	0	
0	0	0	0	0	0	0	0	0	1	0	64	129	93	2	0	0	0	10	182	139	212	56	0	0	0	2	0	32	167	14	0	0	58	137	197	255	150	0	3	0	66	170	192	41	162	112	0	0	89	129	9	0	37	139	12	0	5	0	2	3	1	0	0	
0	0	0	0	0	0	0	0	0	0	0	154	112	0	1	0	0	1	0	38	232	37	0	2	2	0	52	192	231	23	0	1	0	0	8	41	178	73	0	3	0	32	78	19	200	106	0	4	0	11	101	169	118	0	1	0	0	0	0	0	0	1	0	0	
0	0	0	0	0	0	0	0	0	0	0	8	21	47	17	0	2	0	42	186	155	146	174	0	0	1	2	6	0	125	138	0	0	0	44	127	207	235	129	0	0	145	207	229	156	4	14	3	0	123	111	29	0	1	0	0	0	0	0	0	3	1	0	0	
0	5	71	2	0	0	0	0	0	59	211	0	1	4	3	0	0	85	199	0	2	0	0	0	0	84	206	0	19	128	95	0	0	24	219	32	161	213	241	72	3	0	122	231	231	230	187	29	0	1	0	59	80	49	9	0	0	0	2	0	0	0	1	1	
0	0	2	1	0	0	0	0	0	1	0	31	72	54	64	7	3	0	78	176	141	255	202	10	3	0	86	146	137	204	23	0	1	0	0	205	174	0	1	1	0	19	127	188	92	0	5	0	0	119	185	154	39	0	1	0	0	34	119	42	0	1	0	0	
0	0	0	0	0	2	0	0	2	0	117	157	71	0	2	0	0	19	185	51	167	94	0	3	0	24	182	0	20	187	30	0	0	0	161	34	0	89	122	0	3	0	98	158	0	115	136	0	0	1	0	113	172	148	16	0	0	0	1	0	2	1	0	0	
0	0	0	2	0	0	0	0	0	0	0	0	51	39	0	1	0	1	0	93	129	168	12	0	3	0	64	168	158	131	0	1	0	1	0	63	158	4	0	1	1	0	10	141	35	0	2	0	0	0	139	69	0	3	0	0	0	16	66	0	2	0	0	0	
0	1	0	0	0	1	2	0	1	0	23	68	66	12	0	1	0	71	203	158	205	223	41	0	0	96	211	58	161	170	165	0	0	0	81	205	153	85	185	0	0	0	4	0	30	211	70	0	3	0	157	224	226	90	0	3	2	0	65	129	28	0	2	0	
0	0	0	0	2	3	2	1	0	0	0	1	0	0	0	0	0	1	2	0	55	86	72	20	0	2	0	110	111	53	25	4	0	36	24	56	93	0	3	0	0	25	101	112	68	0	3	0	0	0	12	27	0	0	0	0	0	1	1	0	1	0	0	0	
0	0	0	0	0	0	0	0	0	5	32	69	131	68	0	2	0	64	142	80	227	89	0	3	1	0	14	208	142	0	2	0	1	0	12	118	171	145	0	1	1	0	29	0	119	198	0	1	3	0	105	165	152	24	0	1	0	0	2	38	2	0	0	0	
0	0	0	0	1	1	0	0	0	0	0	1	0	23	86	0	0	0	1	1	1	153	79	0	0	0	2	0	152	88	0	3	0	2	0	118	128	0	3	0	3	0	94	148	0	3	0	0	0	44	148	3	1	1	0	0	0	18	17	0	1	0	0	0	
0	1	0	0	0	0	0	0	1	0	57	117	27	0	1	0	0	75	113	64	102	0	3	0	0	43	6	21	110	0	2	0	0	1	0	25	116	0	12	3	0	4	0	58	172	100	91	8	0	3	0	106	79	0	3	0	0	0	0	14	5	0	1	0	
0	0	0	1	2	0	42	21	0	0	1	1	4	103	123	32	0	1	0	8	133	83	0	1	0	1	0	143	100	0	4	1	3	0	100	186	129	104	0	3	0	36	194	91	113	42	0	2	0	27	119	73	15	0	1	0	0	0	0	0	1	1	0	0	
0	0	1	0	0	2	0	0	0	0	0	117	17	0	0	0	2	0	63	136	0	40	2	0	4	0	129	102	65	190	10	0	3	0	72	177	223	169	0	1	0	0	0	0	160	35	0	1	0	1	0	41	137	0	2	0	0	0	0	1	1	1	0	0	
0	0	0	2	0	0	0	0	0	0	0	0	74	127	44	0	0	1	0	109	124	154	168	0	0	0	5	178	135	113	16	0	2	0	49	201	106	0	4	0	0	34	137	129	83	0	4	0	0	59	190	130	5	0	0	0	0	0	39	10	0	0	0	0	
0	1	0	52	33	0	1	0	1	0	15	183	29	0	1	0	3	0	98	138	0	4	0	0	3	0	158	59	78	122	0	1	3	0	162	151	142	206	68	0	3	0	74	251	160	182	35	0	0	1	0	38	87	23	0	1	0	0	1	0	0	1	1	0	
0	0	0	3	0	0	0	0	0	0	3	0	68	150	35	0	0	2	0	124	217	166	151	1	3	0	131	169	0	13	146	2	0	86	211	6	0	129	96	0	0	188	136	89	155	99	0	1	0	82	149	110	34	0	2	0	0	0	0	0	0	3	0	0	
0	0	0	1	1	0	0	0	0	0	2	0	69	24	0	1	0	2	0	38	219	43	0	2	1	0	23	144	149	43	0	2	3	0	131	162	162	37	0	2	0	0	15	0	125	54	0	2	0	0	3	0	105	52	0	2	0	0	1	0	13	8	0	0	
0	0	0	2	2	0	3	0	0	0	2	0	1	3	0	0	0	3	0	35	143	175	101	3	2	0	78	155	42	9	160	31	0	77	161	8	28	119	87	0	0	103	160	110	94	36	0	0	0	0	3	0	0	0	2	0	0	1	0	1	3	1	0	0	
0	0	0	1	0	0	0	0	0	0	1	0	46	18	0	1	0	1	0	24	222	43	0	2	0	3	0	111	170	0	3	0	0	3	0	162	100	0	3	0	0	1	0	173	43	0	2	0	0	0	9	135	4	0	0	0	0	0	4	24	0	0	0	0	
0	0	0	3	1	0	0	0	0	0	3	0	17	165	63	0	0	2	0	70	193	255	117	0	3	0	95	171	62	223	101	0	0	38	177	0	96	189	2	0	0	128	88	100	218	23	0	1	0	55	191	165	21	0	2	0	0	0	4	0	1	1	0	0	
0	0	0	0	0	0	0	0	0	0	12	29	27	0	0	0	0	12	137	138	179	83	0	3	0	2	8	0	110	85	0	3	0	0	3	0	132	46	0	2	0	0	2	0	134	30	0	1	0	1	0	21	148	0	0	0	0	1	0	39	85	0	2	0	
0	0	0	0	1	0	0	0	0	0	3	0	75	164	0	1	0	0	2	0	200	157	0	3	0	3	0	87	234	23	0	2	1	0	8	221	116	0	3	0	3	0	154	209	0	1	0	0	1	0	172	92	0	3	0	0	0	0	0	1	1	0	0	0	
0	0	0	0	1	1	0	0	1	0	38	76	13	0	1	0	2	0	61	120	143	19	0	1	0	0	4	0	133	93	5	0	1	0	23	139	212	128	38	0	0	1	0	153	99	0	3	0	2	0	67	140	0	3	2	0	2	0	52	20	0	1	0	0	
0	0	1	7	0	1	0	0	0	0	2	6	107	214	91	0	0	4	0	20	168	242	133	0	0	0	4	10	75	194	19	0	0	78	187	237	255	140	0	4	43	250	255	238	110	210	31	0	11	90	105	37	0	72	29	0	0	0	0	0	3	0	0	0	
0	1	0	35	54	0	2	0	1	0	11	195	56	0	4	0	4	0	136	168	0	3	0	0	3	0	186	74	0	88	34	0	3	0	173	114	140	198	185	0	2	0	45	224	239	195	111	0	0	1	0	13	59	48	0	0	0	0	2	1	0	0	2	0	
0	0	0	1	3	0	0	0	0	0	1	0	15	206	158	0	0	3	0	18	125	255	127	0	0	2	0	54	171	166	68	0	0	115	175	98	12	165	79	0	0	194	255	250	232	116	0	2	0	18	75	66	18	0	1	0	0	0	0	0	0	2	0	0	
0	0	0	0	0	0	0	0	0	2	0	64	83	0	2	0	0	4	0	140	167	0	4	0	0	3	0	105	185	0	2	0	0	3	0	75	215	0	0	0	0	3	0	78	203	0	1	0	0	3	0	82	154	0	3	0	0	1	0	14	21	0	1	0	
0	0	0	1	1	1	0	0	0	0	2	3	0	87	40	0	0	1	3	2	23	207	37	0	2	0	64	183	176	104	0	4	0	41	238	255	231	166	99	0	0	36	108	194	30	2	12	0	3	0	113	73	0	3	0	0	0	0	30	4	1	0	0	0	
0	0	2	15	0	0	0	0	0	0	0	105	9	0	0	0	0	0	3	131	11	0	0	0	1	0	39	124	11	120	0	2	2	0	53	141	143	153	0	3	0	0	6	101	166	106	0	4	0	0	1	0	30	40	0	2	0	0	0	4	2	0	0	0	
0	0	0	0	3	4	2	0	0	0	1	3	0	0	0	0	0	0	0	0	72	121	148	24	1	0	11	147	171	96	37	4	1	0	13	174	77	0	3	0	0	85	155	120	32	0	3	0	0	28	79	22	0	1	0	0	0	0	0	1	1	0	0	0	
0	0	0	0	0	0	0	0	0	24	187	188	104	0	1	0	0	19	68	46	203	36	0	2	0	1	0	17	194	19	0	2	1	0	11	141	132	0	3	0	3	0	79	255	147	62	116	61	0	1	0	31	138	157	106	21	0	0	1	0	0	0	0	0	
0	0	2	0	44	54	0	2	0	1	1	0	202	100	0	3	0	1	0	153	189	0	0	1	3	0	102	236	125	172	47	0	0	25	185	168	255	255	64	0	0	41	229	240	208	105	1	0	0	0	62	78	9	0	1	0	0	0	0	0	1	4	0	0	
0	0	6	59	15	0	1	0	2	0	35	122	104	0	2	0	0	0	1	1	110	6	0	0	0	0	0	10	123	5	1	0	0	1	0	105	150	0	3	0	3	0	77	154	150	74	62	7	2	0	54	90	6	53	29	0	0	0	0	0	2	0	0	0	
0	0	0	2	1	0	0	0	0	0	0	0	6	12	0	0	0	2	0	123	216	197	4	0	0	0	0	51	131	154	0	3	0	1	0	13	157	31	0	1	1	0	8	175	74	0	3	0	2	0	153	102	0	4	0	0	0	14	123	1	1	0	0	0	
0	0	0	0	2	2	2	0	0	0	1	1	0	0	0	0	0	1	0	12	52	56	52	11	2	0	46	129	75	90	70	20	1	0	79	181	14	0	1	0	0	24	105	141	31	0	4	1	0	0	0	0	0	0	0	0	0	1	1	3	1	0	0	0	
0	0	0	1	0	2	3	0	0	0	0	0	52	14	0	1	0	3	0	86	190	131	123	53	0	4	0	110	189	143	58	0	2	0	54	207	124	0	2	0	0	55	208	143	22	0	3	0	0	44	171	52	0	2	0	0	0	0	0	1	1	0	0	0	
0	0	0	0	0	0	0	0	0	0	4	59	135	146	22	0	2	0	33	253	240	160	27	0	3	0	107	209	196	61	0	3	0	30	211	21	19	163	29	0	0	75	143	0	0	167	85	0	0	25	175	175	177	120	1	0	0	0	16	56	27	0	0	0	
0	0	0	2	2	0	0	0	0	0	3	1	0	65	65	0	0	3	0	51	190	224	198	0	2	0	115	216	53	47	183	0	0	91	202	16	25	210	84	0	0	194	158	172	206	76	0	2	0	80	143	97	13	0	2	0	0	0	0	0	1	3	0	0	
0	0	3	50	14	0	1	0	2	0	66	106	119	6	0	1	0	0	18	0	116	53	0	2	0	0	2	0	115	26	0	1	0	2	0	82	154	0	2	0	2	0	53	177	157	91	44	0	2	0	61	71	12	69	13	0	0	0	0	1	2	0	0	0	
0	0	0	0	1	1	0	0	0	0	0	3	0	72	69	0	0	0	1	0	16	208	50	0	0	0	1	0	193	124	0	3	0	3	0	143	160	0	3	0	3	0	89	183	0	2	1	0	0	0	188	68	0	3	0	0	0	4	26	1	1	0	0	0	
0	0	1	2	6	0	0	0	1	0	26	123	140	61	0	2	0	1	136	49	15	145	0	1	0	43	149	35	168	200	11	0	0	2	121	254	144	99	126	0	3	0	126	101	0	68	146	0	2	0	66	146	137	132	21	0	0	0	0	4	3	0	0	0	
0	0	0	0	0	0	0	0	0	0	0	2	126	195	51	0	0	5	0	36	128	151	129	0	0	0	1	0	18	149	39	0	1	86	154	199	255	176	0	1	26	240	228	114	50	142	65	0	0	21	7	0	0	0	0	0	0	0	1	4	3	4	0	0	
0	0	0	0	0	1	0	0	0	0	9	28	29	0	0	0	0	13	106	102	135	86	0	3	0	1	5	0	94	72	0	3	0	0	0	4	133	13	0	1	0	2	0	45	116	0	3	0	0	3	0	92	65	0	2	0	0	2	0	71	19	0	1	0	
0	0	0	0	0	0	0	0	0	0	2	0	99	205	70	0	0	0	2	0	141	255	113	0	2	0	26	145	233	211	5	0	3	0	69	156	96	225	29	0	12	121	103	113	210	110	0	2	20	170	188	166	64	0	1	0	0	0	0	0	0	2	0	0	
0	1	2	2	2	2	2	0	0	0	0	0	0	0	0	0	6	40	47	52	50	53	39	0	12	109	133	139	116	209	98	0	0	0	2	0	57	142	0	0	0	4	0	45	167	24	0	1	0	1	0	130	48	0	2	0	0	0	0	4	2	1	0	0	
0	0	0	0	0	2	0	0	0	0	3	1	0	12	69	5	0	0	0	2	0	108	119	5	1	0	128	122	67	160	0	1	0	89	184	172	223	153	28	0	0	10	3	130	41	0	1	0	2	0	61	82	0	4	0	0	0	0	1	1	1	0	0	0	
0	0	0	0	0	0	0	0	0	1	0	25	77	0	2	0	0	1	0	38	136	0	3	0	0	1	0	38	120	0	3	0	0	1	0	40	112	0	3	0	0	2	0	54	111	0	3	0	0	1	0	40	93	0	2	0	0	0	0	0	3	0	0	0	
0	0	0	0	1	3	3	0	0	0	1	2	0	0	0	0	0	1	0	0	26	90	119	10	1	0	7	165	199	122	54	1	0	7	0	103	153	0	2	0	0	97	154	120	41	0	3	0	0	14	59	12	0	1	0	0	0	0	0	1	2	0	0	0	
0	0	0	0	0	0	0	0	0	23	47	71	55	2	0	0	16	90	68	45	129	57	0	2	0	7	72	127	173	8	0	1	0	2	7	29	82	114	7	0	0	0	0	3	0	118	131	0	0	1	0	37	130	121	37	0	0	0	0	9	8	0	0	0	
0	0	0	3	0	79	17	0	0	0	5	0	114	190	1	0	0	3	0	127	182	4	0	1	2	0	100	175	9	37	19	0	0	44	166	58	202	255	90	0	0	100	222	232	246	127	12	0	0	15	85	61	12	0	0	0	0	0	0	0	0	4	1	0	
0	0	0	1	3	2	0	0	0	28	36	1	0	1	1	0	0	70	139	133	107	36	0	1	0	0	0	10	27	125	29	0	0	1	0	4	18	165	124	3	0	5	130	195	197	97	8	1	0	0	20	24	7	0	0	0	0	0	0	0	1	3	1	0	
0	0	3	4	4	4	3	0	0	0	0	0	0	0	0	0	2	0	84	147	140	148	139	0	1	0	134	164	100	207	152	0	0	0	1	0	140	132	0	2	0	0	0	166	135	0	3	0	0	0	153	107	0	3	1	0	0	62	148	0	4	1	0	0	
0	0	2	1	0	0	0	0	0	1	0	34	83	20	0	1	2	0	75	149	104	107	0	3	0	1	155	8	35	156	0	2	2	0	116	109	171	98	0	3	0	0	9	49	141	50	0	2	0	0	3	0	117	36	0	1	0	0	2	0	51	23	0	1	
0	0	0	1	0	1	4	0	0	0	0	0	48	28	0	1	0	2	0	67	167	114	84	13	0	5	0	96	217	155	88	7	2	0	82	149	158	29	0	1	0	86	182	97	70	0	4	0	0	106	137	47	3	0	0	0	0	0	0	0	2	0	0	0	
0	0	0	0	1	0	0	0	0	0	2	18	0	62	21	0	0	0	5	159	36	173	14	0	2	0	46	190	146	177	0	2	4	0	136	214	221	84	0	1	1	0	21	40	171	0	0	0	0	3	0	97	134	0	4	0	0	0	0	19	12	0	0	0	
0	0	0	3	1	0	0	0	0	0	1	0	11	11	0	0	0	3	0	67	168	228	22	0	2	0	83	207	160	202	2	0	1	0	23	125	221	25	0	2	1	0	8	141	43	0	2	0	1	0	143	78	0	3	0	0	0	25	102	0	3	0	0	0	
0	0	0	0	0	0	0	0	0	13	75	94	177	107	0	3	0	38	174	105	233	120	0	5	0	3	0	90	196	0	0	1	2	0	43	239	86	34	76	22	0	14	199	255	202	183	136	33	0	55	218	98	28	0	0	0	0	0	0	0	0	1	4	1	
0	0	0	3	2	0	0	0	0	1	2	0	0	33	31	0	1	0	5	90	130	193	163	0	0	17	154	123	0	93	146	0	0	123	53	0	46	166	39	0	0	130	124	152	152	51	0	1	0	13	42	20	0	0	1	0	0	1	0	0	2	2	0	0	
0	0	0	3	1	0	1	0	0	0	1	0	4	116	112	0	0	2	0	57	176	185	31	0	3	0	62	184	12	1	0	0	3	0	63	222	48	0	3	0	0	1	0	162	187	0	2	0	2	0	124	174	41	0	1	0	0	0	3	0	0	0	0	0	
0	0	0	0	1	2	0	0	0	0	0	2	0	33	114	1	0	0	2	1	0	198	161	0	0	2	0	5	199	192	3	0	1	0	0	176	214	23	0	2	0	8	216	157	0	2	1	0	0	102	181	2	0	2	0	0	0	29	10	0	1	0	0	0	
0	0	1	0	28	32	0	1	0	2	0	68	176	100	0	1	1	0	21	164	24	0	1	0	4	0	92	213	142	129	2	0	3	0	137	161	12	129	67	0	3	0	144	90	72	150	10	0	2	0	34	141	128	27	0	1	0	0	0	0	0	1	1	0	
0	0	0	0	1	0	2	0	0	0	0	0	1	20	3	0	0	2	3	4	139	187	118	0	0	0	0	3	9	122	100	0	0	34	158	182	194	125	0	1	0	145	226	106	78	50	0	2	0	2	1	0	0	1	0	0	0	0	1	3	3	2	0	0	
0	0	1	0	0	1	1	0	0	2	0	132	80	0	2	0	2	0	59	123	0	57	23	0	3	0	110	47	0	54	80	0	3	0	108	38	0	31	108	0	3	0	94	87	0	81	73	0	0	0	6	95	104	74	2	0	0	0	0	1	9	1	0	0	
0	0	0	0	4	38	2	0	0	0	3	0	68	229	101	0	0	0	1	0	5	146	114	0	1	0	8	124	203	182	0	0	1	0	17	101	49	170	17	0	0	124	235	169	184	95	0	3	0	101	166	121	41	4	0	0	0	0	0	0	0	1	0	0	
0	0	0	0	1	0	0	0	0	0	2	0	54	32	0	1	0	0	2	0	95	35	0	1	0	0	0	6	116	4	0	0	0	2	0	54	92	0	3	0	0	2	0	106	31	0	1	0	0	1	0	68	6	0	0	0	0	0	0	0	0	0	0	0	
0	0	0	0	0	1	1	0	0	1	0	38	46	0	0	0	1	0	14	209	221	201	36	0	0	0	6	2	82	194	7	0	0	1	0	1	187	69	0	3	1	0	3	160	121	0	3	0	0	11	195	106	0	3	0	0	0	34	87	0	3	0	0	0	
0	0	0	0	1	1	0	0	1	0	49	87	15	0	1	0	2	0	86	137	175	23	0	1	0	2	0	52	183	14	0	1	0	2	0	63	162	5	0	1	0	0	3	0	134	59	0	2	0	1	0	42	189	15	0	1	0	2	0	70	67	0	1	0	
0	0	0	2	0	2	3	0	0	0	0	1	23	2	0	3	0	2	0	80	96	48	121	52	0	1	0	160	162	142	46	0	1	0	107	202	150	0	3	0	0	54	234	164	63	0	4	0	0	5	24	19	0	1	0	0	0	0	0	0	2	0	0	0	
0	0	0	0	2	2	0	0	0	11	30	11	0	0	0	0	0	35	144	137	138	41	0	2	0	0	0	0	39	131	0	0	0	1	3	0	21	138	0	1	0	0	2	0	136	89	0	3	0	2	0	96	125	0	1	0	0	0	8	118	10	0	0	0	
0	0	3	3	0	1	2	0	0	0	0	0	15	8	0	0	1	0	59	175	239	224	70	0	0	22	236	255	252	247	62	0	0	5	44	98	238	57	0	2	1	0	6	175	112	0	4	0	3	0	158	138	0	4	0	0	0	14	145	10	0	1	0	0	
0	0	1	0	0	0	0	0	0	0	4	51	62	82	109	67	3	0	108	142	104	111	79	40	0	15	178	18	0	1	0	0	0	4	102	136	127	18	0	2	0	0	2	0	75	141	0	2	1	0	96	132	139	132	0	1	0	0	0	23	27	1	0	0	
0	0	0	1	1	2	0	0	0	0	1	5	23	5	5	0	0	3	0	87	123	115	39	0	2	0	54	218	238	205	12	0	0	18	177	85	181	16	0	1	0	11	0	122	99	0	3	0	0	0	1	143	16	0	0	0	0	0	3	52	1	0	0	0	
