500	64	10
0	0	0	0	1	0	0	0	0	1	0	15	110	0	0	0	0	1	0	33	146	0	2	0	0	2	0	47	130	0	3	0	0	3	0	76	102	0	3	0	0	3	0	102	93	0	3	0	0	3	0	80	64	0	2	0	0	0	0	0	0	0	0	0	
0	0	1	3	1	0	0	0	0	1	2	0	24	73	5	0	0	0	1	121	180	220	66	0	0	0	160	181	106	205	42	0	0	42	253	178	241	143	0	4	0	3	56	69	207	36	0	2	0	2	0	178	139	0	3	0	0	0	3	99	22	0	1	0	
0	0	0	6	5	1	0	0	2	0	34	158	126	8	0	1	1	0	148	33	80	109	0	3	0	41	137	0	43	155	18	0	0	49	115	0	0	56	80	0	0	12	146	41	0	61	104	0	2	0	40	122	119	124	40	0	0	1	1	0	10	6	0	0	
0	0	2	2	0	1	2	0	0	1	0	2	51	68	4	0	1	0	30	177	183	243	98	0	0	7	205	95	81	241	69	0	0	41	236	178	255	95	0	3	0	3	22	177	183	0	4	0	2	0	41	240	51	0	2	0	1	0	33	92	0	1	0	0	
0	0	0	0	0	0	0	0	0	0	16	42	70	76	17	0	0	29	138	118	68	218	52	0	0	2	5	0	82	159	0	2	0	1	0	34	209	35	0	2	0	1	0	200	130	0	4	0	3	0	70	228	13	0	1	0	2	0	45	79	0	2	0	0	
0	0	1	2	0	0	1	1	0	1	0	12	56	44	6	0	1	1	1	174	255	241	172	2	2	0	157	196	139	63	208	55	0	76	210	8	0	110	170	0	0	152	152	51	162	169	14	0	0	43	175	162	77	0	2	1	0	0	0	0	0	2	1	0	
0	0	0	0	2	6	0	0	0	1	0	62	146	100	0	2	0	0	7	181	79	0	1	0	0	0	3	150	169	86	0	3	0	0	30	3	32	157	0	1	0	21	125	0	22	168	7	0	0	6	135	120	140	73	0	2	0	0	5	16	7	0	0	0	
0	0	0	0	0	0	0	0	0	0	0	0	140	33	0	1	0	1	0	17	229	40	0	2	0	2	0	56	201	0	0	1	0	3	0	145	137	0	3	0	2	0	30	212	24	0	1	0	2	0	52	147	0	2	0	0	0	0	0	0	1	0	0	0	
0	1	0	34	23	0	1	0	1	0	26	172	147	0	0	0	3	0	97	72	108	51	0	2	1	0	39	12	117	64	0	2	0	1	0	16	151	7	0	0	0	0	102	184	181	115	49	0	0	8	128	55	8	72	51	0	0	0	0	0	0	0	0	0	
0	0	0	0	0	0	0	0	0	0	4	61	120	62	0	2	2	0	51	158	92	201	44	0	0	1	1	0	28	191	32	0	0	6	121	231	252	105	0	4	0	164	235	104	55	211	118	0	0	37	11	0	0	49	54	0	0	0	1	4	2	1	0	0	
0	0	0	0	0	0	0	0	1	0	7	92	137	81	1	0	1	0	9	97	164	232	31	0	1	0	18	133	94	11	0	1	1	0	25	178	112	7	0	1	0	7	10	0	118	205	1	0	0	24	156	143	146	73	0	1	1	0	43	55	6	0	0	0	
0	0	0	0	0	0	0	0	0	0	46	100	111	141	50	0	0	9	143	152	179	254	64	0	2	0	58	178	174	202	34	0	1	0	63	72	0	187	101	0	7	61	4	4	124	207	17	0	17	197	146	182	148	15	0	1	0	7	16	5	0	1	1	0	
0	1	0	0	0	0	1	1	2	0	49	195	109	85	29	0	0	31	207	96	99	135	166	2	0	119	103	0	3	0	167	29	0	105	143	0	0	79	190	0	0	26	197	124	105	249	96	0	2	0	40	192	213	107	0	1	0	1	1	0	0	0	1	0	
0	0	3	2	0	1	0	0	0	0	0	1	0	43	45	0	0	1	88	57	0	198	72	0	0	7	133	157	94	189	0	2	0	22	189	208	229	137	8	0	0	55	73	97	135	0	3	0	0	3	0	132	63	0	3	0	0	3	0	47	12	0	0	0	
0	0	1	1	1	1	1	0	0	2	0	44	133	166	54	0	1	0	30	168	33	44	123	0	1	0	171	67	0	8	128	6	0	73	136	0	0	64	102	0	0	93	128	3	85	156	9	0	0	1	116	173	135	32	0	1	0	0	0	2	0	1	1	0	
0	0	0	3	2	0	0	0	0	0	0	0	0	10	10	1	0	2	0	63	156	138	134	35	1	0	20	232	165	31	0	3	1	0	36	71	80	184	0	0	0	41	207	151	148	78	0	2	0	25	90	80	36	0	1	0	0	0	0	0	1	2	0	0	
0	0	0	1	0	0	0	0	0	2	0	61	80	0	2	0	0	2	0	202	155	0	4	0	1	0	19	239	164	0	3	0	3	0	64	136	200	2	0	1	0	0	0	22	210	24	0	1	0	1	0	6	188	38	0	2	0	0	1	0	17	4	0	0	
0	0	0	2	0	23	6	0	0	0	3	0	47	199	12	0	0	2	0	42	224	81	0	3	2	0	33	198	58	0	2	0	2	0	159	99	112	174	50	0	0	6	172	125	136	160	55	0	2	0	61	144	74	11	0	1	0	0	0	0	0	1	2	0	
0	0	1	1	0	0	0	0	0	1	0	11	48	1	0	0	2	0	33	128	168	4	0	0	0	0	109	21	156	13	0	1	0	5	123	120	173	17	0	1	1	0	36	33	105	44	0	2	0	0	4	0	129	62	0	2	0	0	3	0	50	31	0	1	
0	0	2	3	0	0	0	0	0	0	0	0	19	20	2	0	1	0	74	163	125	220	74	0	0	61	204	81	9	195	26	0	0	4	4	0	156	109	0	3	0	3	0	90	146	0	3	0	2	0	36	176	11	0	1	0	3	0	85	87	0	3	0	0	
0	0	0	0	0	0	0	0	0	1	0	39	98	0	2	0	0	2	0	61	141	0	3	0	0	3	0	73	137	0	4	0	0	2	0	71	136	0	4	0	0	3	0	75	142	0	4	0	0	1	0	40	112	0	2	0	0	0	0	0	0	0	0	0	
0	0	0	1	0	0	0	0	0	1	0	20	136	109	14	0	0	3	0	144	170	255	122	0	1	2	0	172	188	213	38	0	0	15	101	215	199	4	0	1	14	172	86	29	199	14	0	1	4	67	142	165	186	13	0	1	0	0	10	54	20	0	1	0	
0	0	1	0	1	1	0	0	1	0	16	88	51	0	1	0	2	0	155	127	129	48	0	2	0	20	180	0	173	72	0	3	1	0	134	179	218	97	0	4	0	0	6	14	71	155	0	3	0	0	3	0	47	205	2	0	0	0	1	0	14	85	2	0	
0	0	0	3	1	0	1	0	0	0	1	0	8	22	0	0	0	0	0	85	138	185	116	0	4	0	116	168	105	133	36	0	3	0	89	122	196	48	0	2	0	2	0	75	163	0	3	0	1	0	19	194	45	0	2	0	2	0	63	116	0	3	0	0	
0	0	2	0	74	15	0	1	0	2	0	82	164	1	0	0	2	0	42	154	5	0	1	0	2	0	144	40	61	150	12	0	0	40	135	35	126	120	53	0	0	12	159	135	184	120	9	0	1	0	19	80	51	4	0	0	0	1	1	0	0	2	1	0	
0	0	1	2	0	0	1	0	0	1	0	13	117	62	4	0	1	0	10	190	255	255	87	0	1	0	186	221	92	199	168	0	0	97	213	7	0	183	136	0	0	177	139	0	111	207	21	0	0	79	213	199	180	23	0	1	0	0	37	54	2	1	1	0	
0	0	0	4	11	0	0	0	0	2	0	79	93	6	0	1	0	0	2	100	7	1	0	0	0	0	2	109	12	0	0	0	0	2	0	78	120	4	0	0	0	0	3	0	85	46	0	2	1	0	12	84	79	9	0	1	0	0	0	13	6	0	0	0	
0	0	0	0	1	0	0	0	0	0	1	0	34	136	13	0	0	0	1	0	188	222	4	0	0	2	0	35	240	60	0	3	0	1	0	188	150	0	3	0	3	0	70	251	48	0	2	0	4	0	109	178	0	3	0	0	0	0	5	25	0	0	0	0	
0	0	0	0	0	0	0	0	1	0	27	95	115	85	0	0	0	1	142	134	75	168	104	0	0	3	15	0	11	165	51	0	0	1	0	37	156	98	31	9	2	0	91	245	123	120	79	3	0	77	228	133	34	6	0	0	0	17	18	0	0	1	3	0	
0	0	0	0	0	0	0	0	0	0	1	35	93	85	6	0	0	0	5	154	150	233	79	0	1	2	0	2	114	194	20	0	0	5	74	230	167	2	0	1	37	211	182	123	192	195	53	0	53	86	0	0	22	121	28	0	0	0	2	4	1	0	0	0	
0	0	0	0	0	0	0	0	0	0	0	0	80	7	0	0	0	0	0	9	152	7	0	0	0	1	0	33	145	0	1	0	0	3	0	73	131	0	4	0	0	3	0	96	121	0	4	0	0	3	0	87	82	0	3	0	0	0	0	13	14	0	0	0	
0	0	0	0	0	0	0	0	2	0	77	167	147	121	64	0	1	0	48	108	156	255	134	0	1	0	56	173	214	229	36	0	0	87	201	82	56	245	49	0	0	23	23	69	215	135	0	2	0	151	251	192	70	0	1	0	0	25	48	2	0	2	0	0	
0	0	3	1	0	0	1	0	0	1	0	5	66	55	0	0	2	0	80	192	150	187	112	0	0	88	183	13	0	182	111	0	0	98	190	116	210	185	0	1	1	0	51	64	171	80	0	3	0	1	3	0	181	77	0	3	0	0	3	0	71	31	0	1	
0	0	1	3	0	1	0	0	0	0	0	0	0	12	25	0	2	0	55	113	0	104	101	0	3	0	72	200	42	210	36	0	0	4	166	158	213	145	14	0	0	5	0	46	159	0	1	0	0	3	0	141	70	0	3	0	0	0	0	53	6	0	0	0	
0	0	0	0	0	0	0	0	1	0	8	92	122	75	2	0	1	0	38	140	22	170	13	0	1	0	33	139	149	59	0	2	1	0	27	203	197	52	0	2	2	0	53	162	22	177	0	0	1	0	28	174	159	97	0	2	0	1	0	22	36	0	0	0	
0	0	1	4	4	1	0	0	0	0	0	0	0	3	2	0	1	0	30	93	121	204	40	0	0	9	161	118	91	195	1	0	0	4	9	0	157	73	0	3	3	3	0	120	136	0	7	0	1	0	17	165	8	0	0	0	0	0	5	23	0	1	0	0	
0	0	1	0	0	0	0	0	0	0	2	152	42	0	2	0	4	0	104	255	127	0	5	0	0	21	175	130	197	52	5	0	0	31	215	223	162	188	119	0	1	0	37	207	40	79	165	0	0	2	0	49	143	173	44	0	0	0	2	1	0	0	0	0	
0	0	0	0	0	0	0	0	0	0	0	3	120	99	0	0	0	3	0	99	169	230	158	0	0	4	0	115	211	129	41	0	1	0	100	152	190	6	0	1	0	80	165	0	179	64	0	2	0	47	157	148	177	22	0	1	1	0	24	69	21	0	1	0	
0	0	0	1	0	0	0	0	0	1	0	13	62	3	0	0	0	1	0	95	190	48	0	2	1	0	10	125	120	67	0	3	0	0	3	0	96	66	0	2	0	0	3	7	136	19	0	1	2	0	42	165	72	0	2	0	0	0	11	39	0	1	0	0	
0	0	1	3	0	0	0	0	0	0	1	0	14	16	0	0	0	0	6	97	116	209	40	0	4	0	124	153	149	190	1	0	2	0	63	87	194	63	0	3	0	3	0	92	146	0	3	0	1	0	10	174	28	0	1	0	2	0	54	73	0	2	0	0	
0	1	2	0	0	0	0	0	0	0	0	5	15	9	0	0	0	74	135	123	157	112	0	4	0	16	29	0	92	84	0	3	0	0	3	0	111	53	0	2	0	1	3	0	119	32	0	1	0	0	2	0	147	48	0	2	0	0	2	0	125	58	0	2	
0	0	0	2	1	0	1	0	0	0	3	0	32	83	4	0	0	4	0	75	239	255	128	0	3	0	90	255	168	75	195	0	0	78	246	62	0	153	113	0	0	193	74	0	150	151	0	0	0	133	178	165	81	0	1	0	0	3	33	7	0	3	1	0	
0	0	2	18	12	0	0	0	1	0	28	88	129	55	0	2	0	0	0	42	119	22	0	1	2	0	58	154	141	28	0	1	0	0	1	0	23	126	0	0	0	5	57	0	28	150	0	0	2	0	100	130	132	53	0	2	0	0	1	13	5	0	0	0	
0	0	0	0	1	0	0	0	0	0	2	0	52	99	0	2	0	0	4	0	165	150	0	4	0	1	0	26	227	42	0	2	0	1	0	176	151	0	2	0	3	0	108	193	0	1	0	0	3	0	154	63	0	3	0	0	0	0	18	4	0	0	0	0	
0	0	1	1	0	0	0	0	0	1	0	16	66	9	0	0	1	0	8	126	138	86	0	3	3	0	85	65	76	69	0	3	3	0	78	125	191	38	0	2	0	0	7	54	132	30	0	1	0	0	2	0	134	27	0	1	0	0	1	0	57	12	0	0	
0	0	0	0	0	0	0	0	0	0	0	12	31	19	7	0	0	4	0	44	201	255	59	0	0	1	0	47	173	113	0	1	0	37	142	245	97	10	47	0	21	150	74	40	179	177	43	0	2	2	0	0	14	15	0	1	0	2	3	2	1	1	2	0	
0	0	2	1	3	1	0	0	0	0	0	0	0	0	0	0	0	5	118	101	111	39	0	2	0	23	114	0	114	75	0	3	0	1	8	0	95	58	0	2	0	0	2	0	97	29	0	1	0	0	1	0	115	8	0	0	0	0	0	0	108	7	0	0	
0	0	0	0	0	0	0	0	1	0	22	69	79	67	18	0	2	0	33	138	182	255	116	0	2	0	27	142	148	203	43	0	1	0	28	25	18	198	28	0	42	164	11	65	199	90	0	3	13	148	158	160	54	0	2	0	0	0	0	0	0	2	0	0	
0	0	0	2	3	0	0	0	1	0	11	173	115	0	1	0	3	0	70	128	113	20	0	1	2	0	34	222	221	73	0	2	3	0	121	117	19	150	27	0	3	0	133	69	0	155	28	0	1	0	19	134	170	105	0	2	0	0	0	2	5	0	0	0	
0	0	0	2	1	1	0	0	0	0	1	2	0	24	138	0	0	5	0	102	40	123	123	0	1	0	27	189	105	207	8	0	0	61	227	223	223	143	9	0	0	115	77	145	104	0	3	0	0	0	10	118	4	2	1	0	0	3	4	2	1	0	0	0	
0	0	0	0	0	0	0	0	1	0	30	102	61	4	0	0	3	0	68	136	36	14	0	0	1	0	17	158	78	2	0	0	0	0	4	38	119	94	0	3	0	0	1	0	17	143	0	0	0	0	6	85	117	90	0	2	0	0	0	48	51	0	0	0	
0	0	0	3	3	2	1	0	0	0	0	0	0	0	1	1	0	1	0	64	147	120	142	47	1	0	5	232	147	20	18	2	0	0	14	81	193	61	0	3	0	28	153	131	153	19	0	1	0	0	42	63	4	0	0	0	0	0	0	0	2	1	0	0	
0	0	0	0	0	0	0	0	0	1	0	82	31	0	1	0	0	3	0	110	108	0	3	0	0	2	0	67	134	0	4	0	0	3	0	77	110	0	3	0	0	3	0	94	69	0	2	0	0	3	0	88	68	0	2	0	0	0	0	11	12	0	0	0	
0	0	0	3	0	16	25	0	0	0	4	0	55	210	148	0	0	2	0	109	226	77	8	3	1	0	138	198	36	0	1	0	0	81	212	122	125	199	77	0	0	156	184	127	97	155	54	0	0	42	137	112	57	8	0	0	0	0	0	0	0	2	2	0	
0	0	2	2	0	0	0	0	0	2	0	21	116	146	110	2	2	0	39	174	120	53	119	32	0	20	229	165	39	8	0	0	0	142	198	106	147	187	80	0	0	100	179	18	33	174	135	0	1	0	125	173	162	93	0	0	0	1	0	0	0	0	1	0	
0	2	2	2	1	0	0	0	0	0	5	2	0	11	5	0	0	27	190	174	128	234	88	0	0	70	108	26	86	210	11	0	0	1	0	12	209	65	0	3	0	3	0	176	130	0	4	0	4	0	102	174	0	3	0	0	3	0	100	67	0	2	0	0	
0	0	1	0	36	8	0	0	0	2	0	53	199	50	0	2	1	0	0	187	63	0	2	0	3	0	65	211	101	59	0	1	4	0	110	151	47	180	27	0	4	0	103	161	115	116	0	1	1	0	11	116	91	0	0	0	0	0	0	0	0	1	0	0	
0	0	0	1	0	0	0	0	0	0	0	4	108	112	52	0	0	3	0	125	171	255	201	0	0	0	3	176	122	202	39	0	2	0	61	241	148	12	0	1	0	64	146	132	109	0	5	0	0	31	135	199	110	0	3	0	1	0	11	54	8	0	0	0	
0	0	0	3	0	0	0	0	0	0	1	0	49	24	0	1	0	1	0	104	222	141	0	3	3	0	67	232	185	191	0	1	1	0	20	155	248	53	0	2	0	2	0	150	132	0	3	0	4	0	98	218	2	0	1	0	2	0	45	51	0	2	0	0	
0	0	2	4	0	0	0	0	0	1	1	0	6	16	11	0	1	0	39	117	128	239	153	0	0	37	204	106	148	192	15	0	0	21	109	115	235	49	0	2	0	1	0	169	114	0	4	0	3	0	130	181	0	3	0	0	2	0	133	47	0	2	0	0	
0	0	1	0	0	0	0	0	1	0	12	79	115	84	0	0	1	0	172	255	230	249	53	0	0	35	250	255	43	211	106	0	0	44	255	95	20	248	104	0	0	32	255	92	134	245	18	0	3	0	112	255	243	73	0	2	0	0	0	39	25	0	1	0	
0	0	1	0	10	34	0	1	0	0	4	0	147	129	0	3	0	2	0	127	148	0	1	0	3	0	81	176	13	56	3	0	0	0	168	96	117	210	80	0	0	10	165	122	115	119	23	0	2	0	67	139	75	6	0	1	0	0	0	0	0	2	1	0	
0	0	0	1	0	0	0	0	0	0	0	4	21	36	13	0	1	0	14	166	241	255	92	0	2	0	30	213	201	56	4	0	2	0	42	172	189	64	0	3	6	46	35	26	184	91	0	3	6	129	177	176	75	0	2	0	0	0	0	0	0	1	0	0	
0	0	2	2	0	1	1	0	0	1	0	19	168	54	0	2	1	0	18	195	255	235	36	0	2	0	169	227	89	148	158	0	0	45	227	26	0	165	135	0	0	73	222	7	111	172	0	0	0	18	184	195	139	10	0	1	0	0	0	4	0	2	1	0	
0	0	0	0	0	0	0	0	0	0	0	51	78	11	0	1	1	0	11	88	191	66	0	3	0	0	0	6	160	18	0	1	0	2	0	61	142	0	3	0	0	2	0	150	66	0	2	0	2	0	47	173	0	1	0	0	1	0	37	55	0	2	0	0	
0	0	2	1	0	0	0	0	0	0	0	0	22	20	0	0	2	0	134	212	185	233	82	0	0	90	225	81	6	208	60	0	0	11	17	0	84	188	0	1	0	1	0	22	220	61	0	2	0	2	0	173	142	0	3	0	2	0	36	161	9	0	0	0	
0	1	0	7	45	8	0	0	2	0	28	178	194	99	0	3	2	0	171	94	0	9	0	0	0	28	148	0	89	160	32	0	0	46	153	118	164	147	128	0	0	0	192	255	142	160	74	0	1	0	30	96	137	52	0	1	0	0	1	0	0	0	1	0	
0	0	0	0	0	0	0	0	0	1	0	110	149	100	12	0	0	1	0	71	160	247	60	0	1	0	123	189	199	138	0	3	0	0	42	0	74	158	0	3	0	53	110	21	143	118	0	4	0	74	255	227	125	5	0	1	0	0	29	25	0	0	0	0	
0	0	1	0	1	1	0	0	0	0	0	67	41	0	1	0	3	0	69	147	139	21	0	1	1	0	35	1	71	113	0	4	0	0	3	0	96	90	0	3	0	1	0	21	154	10	0	1	0	3	0	120	89	0	3	0	0	1	0	51	20	0	0	0	
0	0	2	2	0	0	0	0	0	0	0	0	8	14	2	0	3	0	93	182	122	213	58	0	2	0	99	64	39	193	10	0	0	0	0	0	174	75	0	3	0	3	0	131	146	0	3	0	2	0	61	188	4	0	0	0	3	0	107	70	0	3	0	0	
0	0	0	0	0	0	0	0	0	0	0	10	59	0	1	0	0	1	0	41	146	0	3	0	0	2	0	65	145	0	3	0	0	2	0	71	124	0	3	0	0	2	0	46	131	0	3	0	0	0	0	14	98	0	1	0	0	0	0	0	5	1	0	0	
0	0	0	0	1	0	0	0	0	0	2	0	62	101	0	3	0	0	4	0	153	156	0	4	0	1	0	14	217	54	0	2	0	3	0	130	180	0	2	0	2	0	41	228	43	0	2	0	3	0	115	127	0	3	0	0	0	0	0	0	1	0	0	0	
0	0	1	0	0	1	0	0	0	0	1	105	125	8	0	1	1	0	158	95	134	102	0	4	0	24	193	0	64	181	0	1	0	9	178	133	176	187	0	2	1	0	30	49	108	179	0	3	0	0	3	0	60	173	0	3	0	0	2	1	9	29	0	0	
0	0	0	0	0	0	0	0	2	0	48	200	192	128	17	0	1	0	23	51	73	243	128	0	2	0	79	187	201	225	34	0	1	0	41	47	43	208	8	0	0	88	113	26	183	177	0	2	0	90	233	191	138	13	0	1	0	0	0	0	0	1	0	0	
0	0	0	1	0	0	2	0	0	0	0	0	68	168	82	0	0	2	0	120	120	148	67	0	0	2	0	125	80	128	0	1	0	3	0	122	212	15	0	1	0	4	103	195	135	0	4	0	0	73	201	96	19	0	1	0	0	1	1	0	0	0	0	0	
0	0	1	1	0	0	0	0	0	0	0	0	13	18	0	0	3	0	98	202	163	228	50	0	0	39	198	81	40	199	11	0	0	4	6	0	165	104	0	3	0	3	0	111	177	0	1	0	2	0	56	206	17	0	1	0	3	0	112	79	0	3	0	0	
0	0	1	0	16	30	0	1	0	1	0	15	176	110	0	3	0	1	0	164	96	4	0	1	3	0	82	207	125	162	29	0	3	0	143	106	0	150	91	0	2	0	172	85	124	178	3	0	2	0	44	137	95	12	0	1	0	0	0	0	0	1	1	0	
0	1	4	1	0	0	0	0	0	0	0	8	26	16	0	0	0	6	107	149	151	237	71	0	0	93	210	98	149	226	21	0	0	20	94	55	157	129	0	3	0	2	0	49	204	12	0	1	1	0	14	219	81	0	3	0	3	0	70	148	0	1	0	0	
0	0	0	0	0	0	0	0	2	0	100	120	20	0	1	0	0	8	131	116	161	0	1	0	0	3	0	92	155	0	3	0	0	2	0	134	186	32	0	2	0	0	2	0	64	169	0	1	0	2	0	68	189	113	0	3	0	0	0	14	49	2	0	0	
0	0	0	0	0	0	0	0	0	0	14	14	17	23	8	0	0	6	152	175	140	232	120	0	0	2	10	1	25	206	39	0	0	1	0	2	192	92	0	3	0	2	0	157	145	0	3	0	2	0	110	185	0	2	0	0	0	0	155	46	0	2	0	0	
0	0	0	0	0	0	0	0	0	0	82	20	6	60	0	1	2	0	86	92	0	131	0	0	3	0	106	62	0	118	26	0	0	25	140	28	51	162	45	0	0	41	149	114	105	178	32	0	0	0	0	0	0	110	11	0	0	1	2	2	4	18	1	0	
0	0	0	3	1	1	0	0	0	0	2	2	0	57	77	0	0	2	0	89	8	163	66	0	2	0	102	211	144	164	0	3	0	91	192	96	200	63	0	2	0	34	0	55	146	0	2	0	0	2	0	114	45	0	1	0	0	1	1	20	1	0	0	0	
0	0	0	4	0	0	0	0	0	2	0	72	46	0	2	0	0	2	0	65	91	0	3	0	0	3	0	70	82	0	3	0	0	3	0	69	77	0	3	0	0	2	0	66	123	0	3	0	0	1	0	37	90	0	2	0	0	0	0	0	0	0	0	0	
0	0	1	2	0	0	0	0	0	1	0	4	149	182	35	0	1	1	1	178	254	182	212	10	2	0	152	246	34	71	195	0	0	74	229	13	39	234	67	0	0	158	181	78	209	81	0	3	0	80	218	168	29	0	3	0	0	0	0	0	1	3	0	0	
0	0	2	0	0	0	0	0	1	5	0	2	8	17	3	0	3	166	183	195	179	235	91	0	0	35	54	32	39	210	35	0	0	0	2	0	175	133	0	3	0	5	0	95	202	0	0	0	2	0	33	221	45	0	2	0	3	0	96	125	0	3	0	0	
0	0	2	2	0	0	1	0	0	1	1	0	86	89	1	0	1	0	22	186	251	224	161	0	0	17	220	189	32	22	213	26	0	125	191	0	0	22	208	29	0	129	190	13	46	167	103	0	0	25	177	189	127	50	0	1	0	0	0	1	0	0	3	0	
0	0	1	0	15	30	0	1	0	1	0	8	179	113	0	3	0	3	0	125	112	0	3	0	1	0	18	207	108	19	0	1	4	0	92	179	90	149	0	0	3	0	70	166	71	169	0	0	0	1	0	101	150	29	0	1	0	0	1	0	0	0	0	0	
0	0	2	0	22	86	0	0	0	1	1	0	200	155	0	3	0	0	0	163	163	0	1	0	4	0	129	199	45	86	37	0	0	31	240	182	136	153	224	25	0	76	239	146	75	113	101	0	1	0	26	56	35	14	0	0	0	0	0	0	0	0	3	0	
0	0	0	0	0	0	0	0	0	0	91	146	109	16	0	1	0	0	127	121	231	166	0	3	0	1	0	110	232	48	0	2	0	0	2	142	222	68	0	2	0	0	13	15	211	185	0	3	3	0	77	252	169	22	0	1	0	0	2	32	5	0	0	0	
0	0	1	3	0	0	0	0	0	0	1	0	42	69	4	0	1	0	11	147	194	243	46	0	3	0	185	165	131	190	0	0	2	0	111	175	238	59	0	3	0	3	0	88	182	0	3	0	1	0	0	203	167	0	2	0	1	0	12	97	20	0	0	0	
0	0	0	0	1	0	0	0	2	0	54	28	0	4	0	0	3	0	149	47	56	82	0	3	4	0	123	83	135	107	0	4	2	0	36	186	226	77	0	3	0	1	0	11	136	112	0	4	0	0	2	0	11	160	20	0	0	0	0	2	0	18	8	0	
0	0	1	1	0	0	0	0	0	0	0	2	35	95	114	16	1	0	9	165	139	103	47	3	3	0	98	192	23	0	1	0	2	0	69	104	138	103	0	3	0	91	123	63	208	112	0	4	0	40	122	127	99	13	0	1	0	0	0	0	0	0	0	0	
0	1	3	0	0	2	0	0	0	1	0	24	28	0	0	0	0	5	101	129	131	123	0	1	0	108	122	0	104	204	0	1	0	60	158	119	206	69	0	3	1	0	20	21	154	21	0	1	0	1	2	0	141	37	0	1	0	0	3	0	110	71	0	2	
0	0	1	0	9	31	0	1	0	0	2	0	157	125	0	3	0	3	0	141	178	0	1	0	3	0	105	188	0	1	0	0	0	5	180	24	105	219	68	0	0	10	164	154	214	138	20	0	2	0	68	147	60	0	1	0	0	0	0	0	0	2	1	0	
0	0	3	1	0	0	0	0	0	1	0	79	138	89	0	0	1	0	71	214	107	150	27	0	0	29	193	11	49	127	0	2	0	0	79	161	178	13	0	1	0	3	0	114	194	73	0	3	0	1	0	144	179	58	0	3	0	1	0	30	45	0	1	0	
0	0	1	3	0	0	0	0	0	0	1	0	16	17	0	0	0	0	7	78	126	193	27	0	3	0	134	136	140	136	0	1	2	0	75	100	203	34	0	2	0	2	0	119	112	0	3	0	2	0	49	172	5	0	0	0	3	0	68	49	0	2	0	0	
0	3	3	0	0	0	0	0	0	0	0	12	50	76	37	0	0	103	177	180	148	246	122	0	0	36	40	0	48	205	15	0	0	71	128	114	213	182	0	2	0	54	79	118	233	37	0	1	0	4	0	127	180	0	3	0	0	3	0	55	67	0	2	0	
0	0	0	1	0	0	0	0	0	1	0	8	117	121	7	0	0	3	0	124	162	222	71	0	0	3	0	150	202	106	0	2	1	0	11	212	155	0	3	0	1	0	134	116	145	0	3	0	0	0	150	201	96	0	3	0	1	0	14	49	0	0	0	0	
0	0	1	1	0	2	2	0	0	0	0	5	63	15	0	1	3	0	79	227	205	170	39	0	4	0	148	255	44	25	25	0	1	0	29	143	192	53	0	2	0	0	18	72	163	100	0	3	1	0	0	200	202	0	0	1	0	2	0	65	46	0	1	0	
0	0	0	3	1	0	0	0	0	0	1	1	0	21	35	11	0	2	0	79	122	117	112	49	2	0	34	224	67	0	2	0	0	0	9	30	159	19	0	2	0	69	167	99	128	0	1	0	0	14	112	108	10	0	1	0	0	0	0	0	2	0	0	0	
0	0	0	64	11	0	0	0	0	0	0	175	37	0	1	0	0	0	0	161	27	0	1	0	0	0	6	156	14	0	1	0	1	0	4	196	227	106	0	2	0	2	0	58	248	223	6	0	0	0	1	0	18	41	0	0	0	0	0	2	1	0	0	0	
0	0	0	0	1	0	0	0	0	0	1	0	42	79	0	2	0	0	3	0	150	161	0	4	0	1	0	18	218	48	0	2	0	3	0	131	162	0	3	0	1	0	26	198	28	0	1	0	3	0	132	119	0	4	0	0	1	0	33	19	0	0	0	0	
1	0	26	17	0	1	0	0	2	0	45	125	0	0	0	0	0	2	0	87	88	0	3	0	0	0	0	5	126	10	0	0	0	1	0	71	184	123	0	0	1	0	27	132	134	66	0	1	0	0	3	95	71	0	1	0	0	0	0	0	0	1	0	0	
0	0	1	3	0	0	0	0	0	0	0	0	22	54	53	12	1	0	5	142	145	111	99	42	2	0	47	237	62	0	2	0	1	0	23	107	160	107	0	4	0	15	148	115	187	100	0	4	0	15	105	142	112	0	0	0	0	0	0	0	0	1	0	0	
0	0	1	2	0	1	0	0	0	1	0	7	80	137	42	0	1	0	7	130	67	35	112	0	1	0	125	75	0	4	92	1	0	40	142	0	0	26	96	0	0	47	152	0	23	120	43	0	1	0	92	136	111	39	0	1	0	0	1	9	1	0	1	0	
0	0	2	4	0	0	0	0	2	0	80	161	140	111	9	0	0	0	2	14	113	242	28	0	0	8	108	178	133	192	67	0	0	4	31	11	0	190	51	0	32	92	39	66	191	139	0	3	37	179	183	163	79	4	0	0	0	0	0	0	0	2	0	0	
0	0	0	0	0	0	0	0	0	6	62	90	93	88	91	40	0	35	241	176	138	130	106	48	0	27	215	101	64	3	0	0	0	53	234	150	158	161	0	2	0	0	7	0	28	226	31	0	1	0	69	128	206	121	0	2	1	0	35	100	49	0	1	0	
0	0	2	0	0	0	0	0	0	0	0	47	85	47	0	0	1	0	136	148	77	204	34	0	0	46	166	0	90	198	3	0	0	8	120	118	206	76	0	3	0	2	0	50	171	0	1	0	1	0	4	205	113	0	3	0	1	0	17	75	0	1	0	0	
0	0	1	2	0	0	1	0	0	3	0	85	207	90	0	1	1	0	10	201	228	225	40	0	3	0	116	189	0	149	139	0	0	49	227	22	0	104	161	0	0	40	251	137	57	159	70	0	2	0	71	204	220	141	0	0	0	1	0	0	0	0	1	0	
0	0	0	0	0	0	1	0	0	1	0	25	195	53	0	2	0	5	0	146	183	166	95	0	0	3	0	146	166	187	41	0	0	25	108	206	175	7	0	1	0	92	184	128	148	0	5	0	1	0	76	179	108	0	3	0	0	0	0	0	0	0	0	0	
0	0	0	0	0	0	0	0	0	1	0	17	95	0	1	0	0	1	0	33	170	0	1	0	0	2	0	59	157	0	3	0	0	2	0	69	151	0	3	0	0	3	0	90	139	0	4	0	0	2	0	70	145	0	2	0	0	0	0	0	1	0	0	0	
0	1	0	21	36	0	1	0	0	3	0	85	185	147	18	0	0	1	0	10	114	231	24	0	2	0	78	199	178	191	3	0	0	7	55	16	64	199	0	0	0	169	233	202	205	48	0	2	0	57	155	99	11	0	1	0	0	0	0	0	1	2	0	0	
0	0	1	1	2	0	0	0	0	1	0	35	114	50	0	1	1	0	20	96	22	123	3	0	3	0	93	47	2	101	0	1	0	7	129	0	29	81	0	3	0	0	139	16	54	65	0	2	2	0	48	128	110	19	0	1	0	0	0	9	6	0	0	0	
0	0	0	0	1	1	0	0	0	0	1	7	0	80	45	0	0	6	0	117	104	156	27	0	2	0	35	200	188	157	0	1	3	120	197	183	211	120	28	0	13	85	0	82	114	0	3	0	0	0	0	164	37	0	2	0	1	2	5	27	0	0	0	0	
0	0	1	0	0	0	0	0	0	0	6	77	45	0	1	0	2	0	155	255	222	18	0	1	0	0	199	183	255	60	0	3	3	0	144	255	230	125	0	4	1	0	21	76	135	163	0	4	0	0	5	0	112	157	0	4	0	0	1	0	15	47	0	1	
0	0	1	1	0	1	1	0	0	1	1	0	161	123	0	3	1	1	0	175	255	220	17	0	0	0	161	194	74	207	106	0	0	136	169	0	0	166	128	0	0	166	173	52	160	188	14	0	0	35	204	192	129	8	0	1	0	0	0	0	0	2	1	0	
0	0	0	0	1	1	0	0	1	0	14	137	44	0	2	0	0	1	0	69	175	9	0	1	0	0	0	10	163	18	0	1	1	0	9	170	108	0	4	0	0	2	0	67	175	0	2	0	0	2	0	71	130	0	3	0	0	1	0	20	11	0	0	0	
0	0	0	3	1	0	0	0	0	0	0	0	1	15	39	7	0	0	5	108	139	154	137	13	2	0	43	196	23	0	1	0	0	15	36	78	153	50	0	3	0	56	182	128	150	51	0	2	0	0	8	36	9	0	0	0	0	1	1	0	1	1	0	0	
0	0	3	54	14	0	1	0	0	0	0	108	166	35	0	2	0	0	2	0	56	149	0	2	1	0	34	65	33	171	15	0	0	36	224	162	199	235	50	0	0	18	169	73	182	39	0	1	1	0	39	133	57	0	2	0	0	1	1	0	1	2	0	0	
0	0	0	2	0	30	5	0	0	0	3	0	100	186	0	0	0	3	0	82	207	17	0	1	2	0	34	199	28	0	1	0	4	0	133	146	123	217	41	0	4	0	164	251	156	141	17	0	2	0	51	148	72	1	0	0	0	0	0	0	0	2	1	0	
0	0	2	1	0	0	0	0	0	1	0	13	29	40	79	36	2	0	55	168	133	120	89	26	0	4	138	22	0	1	0	0	2	0	73	94	7	1	4	1	0	1	0	45	115	0	0	0	1	0	38	45	122	7	0	0	1	0	41	110	33	0	1	0	
0	0	0	2	5	0	0	0	0	1	0	135	170	167	42	0	0	0	0	56	112	242	50	0	3	0	69	173	171	184	20	0	0	0	7	0	11	206	43	0	1	149	196	111	209	131	0	3	7	181	207	175	86	0	2	0	0	0	0	0	0	2	0	0	
0	0	1	1	0	1	3	0	0	3	0	65	181	89	0	3	3	0	66	190	83	161	84	0	0	7	180	46	0	18	174	6	0	99	138	0	0	78	149	0	0	120	99	0	98	168	23	0	0	33	156	159	126	13	0	1	0	0	2	5	0	2	1	0	
0	0	0	3	1	0	0	0	0	0	2	0	2	43	3	0	0	0	0	85	47	156	0	1	2	0	71	188	124	184	14	0	0	0	204	203	201	129	55	0	0	8	9	104	104	0	3	0	1	0	11	143	12	1	2	0	1	0	22	38	0	1	0	0	
0	0	2	0	59	28	0	1	0	0	3	0	94	48	0	2	0	0	5	0	100	42	0	2	0	0	1	0	96	10	0	0	0	1	60	121	163	0	0	0	0	1	127	131	110	34	0	2	0	0	10	16	0	0	0	0	0	0	1	1	2	0	0	0	
0	0	0	1	0	0	1	0	0	1	0	10	123	112	0	0	0	2	0	119	202	244	41	0	0	3	0	164	148	229	60	0	1	0	65	192	221	22	0	1	0	60	175	19	187	37	0	1	0	42	134	151	181	14	0	1	1	0	20	58	15	0	1	0	
0	0	0	0	0	0	0	0	0	9	49	76	84	17	0	1	0	32	172	154	221	162	0	3	0	9	68	52	214	180	54	25	0	20	150	224	231	120	104	31	0	1	0	202	123	0	4	0	2	0	34	245	48	0	5	1	0	0	8	94	12	0	1	0	
0	0	0	2	0	0	1	0	0	0	4	0	72	142	18	0	0	3	0	80	237	219	183	0	2	0	110	224	68	9	201	28	0	69	233	31	0	90	184	0	0	150	142	0	110	184	48	0	0	77	213	186	129	14	0	1	0	0	23	17	0	2	2	0	
0	0	0	6	13	2	0	0	1	0	17	72	42	66	0	1	1	0	25	48	45	115	0	3	0	0	3	73	171	58	0	2	0	4	0	115	165	0	2	0	1	0	16	118	99	64	0	2	2	0	40	80	83	17	0	1	0	0	0	4	7	0	0	0	
0	0	1	0	10	30	0	0	0	0	4	0	162	155	0	3	0	3	0	121	210	4	0	1	3	0	67	221	38	23	4	0	0	0	189	146	148	246	99	0	0	10	220	201	134	168	55	0	2	0	73	146	95	12	0	1	0	0	0	0	0	2	2	0	
0	0	0	1	1	0	0	0	2	0	57	100	0	3	0	0	2	0	43	200	5	0	0	0	0	2	0	185	120	0	3	0	0	3	0	68	232	21	0	1	0	0	1	0	212	91	0	4	0	1	0	7	157	51	0	2	0	0	0	0	0	0	0	0	
0	0	0	0	0	1	0	0	0	0	1	6	0	68	60	0	0	4	0	116	46	154	43	0	2	0	61	225	137	197	33	0	0	79	206	118	196	118	25	0	0	36	1	52	153	0	1	0	0	1	0	140	44	0	3	0	0	1	4	25	0	1	0	0	
0	0	1	0	1	0	0	0	0	0	0	142	212	78	0	2	3	0	88	225	34	115	12	0	4	0	146	229	79	4	0	0	4	0	151	175	84	128	9	0	3	0	95	147	0	119	127	0	0	1	0	102	155	162	55	0	0	0	1	0	10	4	0	0	
0	0	1	0	2	2	0	0	0	1	0	53	170	201	71	0	3	0	101	167	18	212	149	0	4	0	96	198	155	175	26	0	0	9	138	239	171	0	3	0	0	145	141	3	220	79	0	3	0	53	158	180	195	45	0	2	0	0	2	6	1	0	0	0	
0	1	14	1	0	2	2	0	0	62	176	3	1	1	1	1	0	122	122	0	2	58	38	0	0	107	159	0	115	195	190	33	0	55	228	82	198	44	189	51	1	0	94	228	235	188	93	0	0	0	0	11	67	10	0	0	0	0	3	1	0	1	3	0	
0	0	0	0	1	0	0	0	0	3	10	0	96	88	0	3	0	0	1	0	194	82	0	3	0	2	0	64	213	3	0	1	0	3	0	165	129	0	4	0	2	0	41	225	27	0	1	0	3	0	89	133	0	3	0	0	0	0	0	0	1	0	0	0	
0	0	0	0	0	2	0	0	0	4	41	1	4	0	83	34	0	9	157	11	0	95	201	5	0	11	167	10	135	248	45	0	0	13	211	184	200	119	0	4	0	2	98	52	147	44	0	2	0	1	0	15	165	5	0	0	0	0	4	2	19	2	0	0	
0	0	0	2	1	0	0	0	0	3	0	86	191	83	3	0	0	0	0	0	110	247	35	0	2	0	57	166	192	208	30	0	2	0	65	71	0	195	69	0	7	121	62	28	152	160	0	0	8	181	217	141	78	5	0	0	0	0	0	0	0	2	1	0	
0	0	0	0	0	0	1	0	0	28	134	124	89	25	0	1	0	23	88	136	154	225	65	0	0	0	2	0	42	227	45	0	0	3	0	45	227	78	0	3	2	0	32	224	124	0	1	0	1	0	179	237	108	8	0	1	0	0	21	17	0	0	0	0	
0	0	2	1	0	0	0	0	0	0	0	0	10	98	7	0	1	0	47	20	48	194	0	1	4	0	151	139	108	216	47	0	0	90	238	164	228	162	82	0	0	64	27	78	152	0	2	0	0	2	0	142	49	0	4	0	0	2	4	23	1	1	0	0	
0	0	0	36	36	0	1	0	0	0	0	112	181	48	0	2	0	0	2	0	132	53	0	2	0	3	0	102	208	8	0	1	0	1	0	29	109	168	0	3	0	0	119	93	166	84	0	2	2	0	73	165	65	0	1	0	0	0	0	0	0	2	0	0	
0	0	0	2	0	0	1	0	0	0	3	0	100	173	1	0	0	3	0	95	255	248	52	0	3	0	104	238	65	168	120	0	0	19	215	74	0	136	134	0	0	91	202	1	73	186	29	0	0	9	158	192	158	35	0	2	0	0	0	4	1	1	1	0	
0	0	0	0	0	0	0	0	0	28	79	104	45	0	2	0	0	96	84	80	137	0	3	0	1	0	35	160	171	73	10	0	0	20	135	38	37	101	123	0	0	0	7	45	0	17	143	3	0	0	2	92	123	149	58	0	0	0	0	1	26	10	0	0	
0	0	0	0	0	0	0	0	0	0	1	0	45	92	0	2	0	0	4	0	141	167	0	4	0	0	1	0	204	88	0	3	0	3	0	110	193	0	0	1	1	0	26	213	39	0	2	0	4	0	127	116	0	4	0	0	1	0	30	9	0	0	0	0	
0	0	0	0	1	1	0	0	0	0	0	4	0	105	49	0	0	0	2	0	48	169	6	0	0	1	0	16	177	49	0	2	0	0	0	165	90	0	3	0	1	0	137	130	0	3	0	0	0	42	123	0	3	0	0	0	0	1	1	2	0	0	0	0	
0	0	2	3	0	0	0	0	0	1	1	0	7	12	0	0	1	0	34	105	167	214	12	0	0	25	204	103	192	203	0	0	0	23	164	96	195	94	0	3	0	3	0	85	159	0	1	0	1	0	31	216	35	0	2	0	3	0	87	109	0	3	0	0	
0	0	1	0	0	1	1	0	1	0	19	134	127	33	0	1	3	0	152	111	109	202	3	0	0	30	157	0	17	99	99	0	0	69	159	0	0	29	114	0	0	6	167	38	0	94	120	0	2	0	65	183	155	133	19	0	0	2	0	31	48	0	0	0	
0	0	0	0	0	0	0	0	0	1	0	25	84	45	0	1	1	6	0	53	99	192	32	0	0	0	19	5	100	129	0	0	8	143	224	216	70	36	51	0	27	134	48	142	146	182	64	0	0	0	0	5	52	14	0	1	1	4	3	2	0	2	2	0	
0	0	0	0	0	0	0	0	0	1	0	28	72	0	2	0	0	1	0	43	87	0	3	0	0	2	0	53	87	0	3	0	0	1	0	38	90	0	3	0	0	1	0	30	124	0	2	0	0	1	0	36	105	0	2	0	0	0	0	0	0	0	0	0	
0	0	0	0	0	0	0	0	0	1	0	104	136	112	59	0	0	1	0	81	133	184	169	0	2	0	80	197	156	198	23	0	1	0	42	27	42	196	4	0	0	122	82	58	208	81	0	3	0	125	249	166	42	0	2	0	0	2	12	0	1	2	0	0	
0	0	0	0	0	0	0	0	0	1	0	26	63	45	0	0	0	1	0	32	86	140	0	2	0	0	3	0	94	53	0	2	0	2	0	45	122	0	2	0	0	1	0	136	35	0	1	0	2	0	55	112	0	3	0	0	1	0	21	26	0	1	0	0	
0	0	2	4	3	0	0	0	0	0	0	0	0	6	3	0	2	0	83	163	169	228	57	0	1	0	146	109	112	220	11	0	0	0	3	0	153	114	0	3	0	3	0	84	195	0	0	0	2	0	32	214	43	0	2	0	3	0	117	120	0	4	0	0	
0	2	4	4	2	3	1	0	0	0	0	0	0	0	0	0	5	55	105	105	170	168	44	0	66	198	153	109	67	235	80	0	1	2	2	0	70	232	28	0	0	1	5	0	201	156	0	4	0	3	0	47	251	47	0	2	0	1	0	32	115	7	0	1	
0	0	0	3	3	0	0	0	0	0	1	1	0	18	61	23	0	2	0	66	137	141	124	35	2	0	27	230	209	22	0	1	2	0	59	39	108	109	0	5	0	55	200	66	154	44	0	2	0	14	146	147	34	0	1	0	0	0	0	0	1	1	0	0	
0	0	1	0	15	16	0	1	0	0	0	5	124	42	0	2	0	2	0	130	77	0	2	0	2	0	62	118	0	8	0	0	4	0	116	46	151	87	0	3	2	0	42	146	220	28	0	2	0	1	0	43	63	0	1	0	0	0	2	1	1	1	0	0	
0	0	0	0	0	0	0	0	0	0	2	0	81	60	0	2	0	0	3	0	179	122	0	4	0	1	0	11	216	57	0	2	0	3	0	124	186	0	2	0	2	0	27	225	57	0	2	0	4	0	133	124	0	3	0	0	0	0	22	6	0	0	0	0	
0	0	9	23	0	2	0	0	3	0	96	177	120	6	0	1	0	0	11	0	110	119	0	2	0	0	1	16	0	145	51	0	0	7	113	133	57	232	61	0	0	56	220	48	147	120	0	2	0	4	94	111	42	0	1	0	0	0	0	0	0	2	0	0	
0	0	1	1	1	0	0	0	0	1	0	7	2	0	0	0	1	0	24	206	178	201	46	0	0	45	183	107	66	208	15	0	0	15	19	0	128	111	0	3	0	2	0	55	184	6	0	1	1	0	8	192	57	0	2	0	2	0	40	124	0	2	0	0	
0	0	2	1	0	0	0	0	0	1	0	23	73	9	0	0	2	0	55	127	114	100	0	4	0	25	142	0	131	107	0	4	0	35	138	102	173	69	0	3	1	0	32	13	86	71	0	3	0	1	4	0	99	64	0	2	0	0	3	0	44	23	0	1	
0	0	0	0	0	0	0	0	0	1	0	44	108	70	5	0	0	3	0	55	110	226	112	0	0	0	0	7	79	152	25	0	0	59	155	224	124	0	3	0	19	170	91	39	196	21	0	1	2	2	2	0	123	56	0	2	0	2	3	1	0	0	0	0	
0	0	0	4	1	0	0	0	1	0	19	135	114	0	0	0	0	0	15	0	108	73	0	3	0	1	0	39	114	60	0	2	0	1	0	114	202	31	0	2	0	1	30	0	96	88	0	3	0	0	113	146	108	11	0	1	0	0	0	5	1	0	0	0	
0	0	2	2	0	0	0	0	0	0	0	8	47	66	26	0	1	0	27	151	211	255	223	20	3	0	177	62	123	255	156	2	4	0	122	214	154	68	1	0	0	26	146	223	76	0	5	1	0	133	147	174	89	0	3	0	0	25	114	107	3	0	0	0	
0	0	1	0	0	1	1	0	0	0	0	109	155	28	0	1	3	0	126	182	111	186	6	0	3	0	178	60	0	173	81	0	3	0	168	68	0	159	77	0	4	0	105	188	0	163	44	0	1	0	19	150	172	152	0	0	0	0	0	8	50	8	0	0	
0	0	3	3	4	2	0	0	0	0	0	0	0	1	12	0	0	0	119	144	113	195	145	0	0	108	180	88	84	226	51	0	0	7	4	0	101	140	0	3	0	1	0	27	199	22	0	1	0	1	0	162	93	0	3	0	2	0	52	129	0	2	0	0	
0	0	0	2	0	0	0	0	0	0	0	5	60	8	0	0	0	2	0	93	186	44	0	2	2	0	44	163	151	44	0	2	2	0	29	176	160	0	3	0	0	3	0	94	102	0	3	0	0	3	0	134	52	0	2	0	0	1	0	59	14	0	0	0	
0	0	0	0	0	0	1	0	0	2	0	43	144	117	7	0	0	2	0	193	255	253	122	0	2	0	114	255	99	80	190	0	0	89	246	75	0	135	137	0	0	169	124	0	75	188	11	0	0	111	198	166	133	19	0	1	0	0	51	43	0	1	1	0	
0	0	0	1	1	0	0	0	0	0	1	0	62	67	38	0	0	1	0	13	180	90	40	0	0	2	0	89	90	0	1	0	1	0	22	168	76	15	0	1	0	0	5	49	153	41	0	2	2	0	68	124	39	0	1	0	0	0	26	9	0	1	0	0	
0	0	0	0	0	0	0	0	0	0	2	0	54	88	0	2	0	0	3	0	187	143	0	4	0	0	1	0	192	56	0	2	0	3	0	104	166	0	2	0	1	0	14	205	43	0	2	0	3	0	84	142	0	4	0	0	1	0	15	15	0	0	0	0	
0	1	1	0	0	0	0	0	1	0	11	72	102	132	46	0	0	24	151	101	56	42	77	0	0	58	183	111	143	113	0	0	1	0	40	42	0	119	99	0	0	7	41	0	0	131	78	0	0	14	171	119	155	105	0	1	1	0	31	67	28	0	1	0	
0	0	2	3	0	1	0	0	0	0	1	0	26	12	0	0	2	0	46	131	139	150	2	0	0	17	189	65	87	195	9	0	0	26	162	93	169	150	0	3	0	0	5	15	166	29	0	1	0	4	0	108	142	0	4	0	0	3	0	103	40	0	1	0	
0	0	0	0	1	0	0	0	0	2	0	121	194	24	0	1	1	0	29	169	77	143	0	3	1	0	20	157	136	118	0	3	1	0	20	242	196	0	1	0	3	0	170	142	184	85	0	3	2	0	83	150	173	108	0	3	0	0	0	6	8	0	0	0	
0	0	1	2	3	35	1	0	0	0	3	0	141	167	0	2	0	1	0	146	185	7	0	1	3	0	115	189	5	24	1	0	0	6	179	116	172	209	85	0	0	15	189	138	73	142	110	0	2	0	62	135	117	51	0	1	0	0	0	0	0	0	1	0	
0	0	2	0	0	1	0	0	0	0	2	68	44	0	1	0	2	0	109	130	136	49	0	2	0	0	145	0	58	114	0	4	2	0	98	79	122	121	0	4	0	0	5	57	109	110	0	4	0	0	3	0	47	116	0	3	0	0	1	0	14	53	0	1	
0	0	1	0	0	1	0	0	0	0	0	2	0	71	78	0	0	2	15	5	0	186	88	0	0	13	168	1	36	183	2	0	0	67	228	69	194	188	22	0	1	108	144	145	146	151	74	0	0	0	0	0	0	0	0	0	0	2	4	3	4	4	2	0	
0	1	1	0	0	2	0	0	1	0	41	172	129	0	1	0	0	10	216	86	145	146	0	2	0	64	172	0	7	210	58	0	0	61	170	0	0	138	161	0	0	7	203	80	62	209	86	0	2	0	50	173	184	82	0	1	0	0	0	0	0	0	1	0	
0	0	0	0	1	0	0	0	0	0	1	0	29	96	0	1	0	0	4	0	141	153	0	3	0	1	0	23	190	19	0	1	0	3	0	155	129	0	4	0	3	0	92	190	0	3	1	0	0	0	166	42	0	3	0	0	0	4	18	0	1	0	0	0	
0	0	0	0	2	2	0	0	0	7	17	14	6	0	0	0	0	20	120	130	150	67	0	3	0	1	0	48	199	60	0	2	0	4	0	134	170	77	56	9	2	0	45	187	5	8	43	16	3	0	101	68	0	3	0	0	0	0	3	1	1	0	2	1	
0	0	0	0	0	0	0	0	0	2	0	36	122	67	5	0	0	3	0	23	118	201	127	0	0	0	1	0	7	192	83	0	0	36	153	197	229	85	0	2	5	205	217	109	190	108	0	2	6	33	2	0	37	104	0	1	0	0	2	4	1	0	0	0	
0	0	0	0	3	0	0	0	0	1	0	118	166	34	0	2	0	0	4	183	42	0	1	0	0	0	2	184	163	46	0	2	0	0	7	14	42	153	0	3	2	0	40	133	118	156	0	3	0	1	0	138	180	16	0	1	0	0	0	0	0	1	0	0	
0	0	0	0	0	1	0	0	0	0	11	46	12	0	1	0	1	0	14	170	255	123	0	3	0	3	99	149	142	191	87	0	0	5	12	0	0	177	96	0	40	136	30	102	199	123	0	1	11	140	141	102	36	0	1	0	0	0	0	0	0	3	0	0	
0	0	0	0	2	5	0	0	0	0	0	73	132	40	0	2	3	0	118	152	113	2	0	0	1	0	24	151	150	0	2	0	0	2	0	104	120	66	0	2	1	0	24	139	44	127	0	3	0	0	0	128	152	32	0	2	0	0	0	4	5	0	0	0	
0	0	0	0	1	0	0	0	0	0	2	0	63	165	0	1	0	0	4	0	119	159	0	3	0	1	0	26	199	27	0	1	0	4	0	153	116	0	3	0	3	0	67	213	4	0	0	0	3	0	124	131	0	2	0	0	0	0	0	0	0	0	0	0	
0	0	0	14	40	0	1	0	0	3	0	75	74	0	3	0	0	2	0	115	26	0	1	0	1	0	14	138	101	90	2	0	1	0	24	170	30	71	40	0	1	0	4	145	115	90	6	0	0	1	0	16	69	19	0	1	0	0	0	1	0	1	0	0	
0	0	0	0	0	0	0	0	2	0	56	160	107	55	3	0	2	0	39	121	182	255	43	0	1	0	45	148	193	236	61	0	0	20	190	117	5	186	92	0	0	38	79	43	170	170	1	0	0	71	182	250	163	0	2	0	0	0	0	18	24	0	1	0	
0	0	0	0	1	4	1	0	0	91	19	0	1	0	0	0	4	154	16	0	21	153	28	0	11	148	5	0	95	192	98	0	0	161	89	0	122	205	108	0	0	41	192	179	185	186	97	0	0	0	5	24	11	0	0	0	0	2	1	0	1	4	2	0	
0	0	0	1	0	0	0	0	0	1	0	12	67	87	90	12	0	3	0	168	188	89	81	9	3	0	105	254	140	0	0	0	0	0	22	0	161	85	0	3	0	95	180	135	194	17	0	1	0	25	100	123	52	0	1	0	0	0	0	0	1	1	0	0	
0	0	0	1	1	31	3	0	0	0	0	2	89	89	0	0	0	1	0	101	65	0	1	0	1	0	33	126	1	1	0	0	3	0	89	118	91	52	0	2	2	0	60	69	30	117	0	2	0	0	0	64	98	26	0	1	0	0	1	0	0	0	0	0	
0	0	0	9	3	0	0	0	0	1	0	107	177	113	6	0	0	1	0	4	131	245	31	0	3	0	65	174	138	190	10	0	1	0	27	0	62	198	4	0	51	111	60	134	188	45	0	2	38	143	191	136	10	0	1	0	0	0	0	0	2	2	0	0	
0	0	3	2	0	0	0	0	0	0	0	2	37	61	31	0	1	0	67	128	101	83	63	8	0	0	96	105	44	2	0	0	0	1	0	0	58	86	0	2	0	0	0	5	89	95	0	2	0	34	104	135	74	3	0	0	0	33	65	8	0	2	0	0	
0	0	3	3	0	1	0	0	0	0	0	2	0	78	38	0	1	0	57	72	13	194	18	0	3	0	167	123	108	138	0	2	0	40	230	149	205	170	155	2	0	27	104	192	69	0	10	2	1	0	19	115	0	1	0	0	0	0	14	19	0	1	1	0	
0	0	1	1	0	2	0	0	0	2	0	57	123	2	0	0	1	0	3	168	162	140	0	0	3	0	86	100	0	130	68	0	0	12	106	7	0	132	58	0	0	59	51	0	67	163	0	0	0	52	111	89	125	25	0	1	0	0	31	54	9	0	1	0	
0	0	0	1	0	0	0	0	0	0	0	0	114	37	0	2	0	2	0	78	238	65	0	3	1	0	22	79	172	31	0	1	1	0	1	71	180	0	2	0	0	3	0	170	105	0	3	0	2	0	51	190	5	0	1	0	1	0	15	21	0	1	0	0	
0	1	0	14	65	15	0	1	0	2	0	93	165	175	22	0	3	0	102	165	0	97	160	0	0	37	224	29	0	10	180	24	0	123	158	0	0	63	173	0	0	120	210	107	155	173	36	0	0	19	143	154	92	14	0	1	0	0	0	0	0	1	2	0	
0	0	2	0	67	53	0	2	0	1	0	19	211	56	0	2	0	1	0	173	100	0	4	0	3	0	106	152	8	18	0	0	2	0	185	184	157	210	35	0	3	0	170	214	128	136	11	0	1	0	14	73	44	0	0	0	0	0	0	0	0	2	1	0	
0	0	1	1	0	0	2	0	0	1	0	26	102	108	0	0	2	0	33	241	214	212	137	0	2	0	175	179	4	6	202	43	0	82	182	0	0	90	174	0	0	155	198	77	173	203	34	0	0	35	133	140	114	14	0	1	0	0	0	0	0	1	2	0	
0	0	0	2	0	0	1	0	0	1	0	12	136	91	0	2	0	0	0	139	163	235	47	0	1	0	27	166	71	204	37	0	1	0	13	223	204	30	0	2	0	20	124	107	169	0	2	0	0	43	139	134	191	8	0	1	1	0	20	61	12	0	1	0	
0	0	0	0	0	0	0	0	1	0	10	98	63	63	77	0	1	0	32	188	185	156	19	0	0	2	0	185	168	0	1	0	2	0	42	198	155	0	3	0	3	0	145	66	164	28	0	1	3	0	85	172	156	3	0	1	0	0	0	47	22	0	1	0	
0	0	0	2	1	0	1	0	0	0	3	0	16	174	38	0	0	2	0	33	227	239	11	0	2	0	31	204	113	189	27	0	0	4	188	78	0	199	21	0	0	79	176	0	140	101	0	2	0	8	147	177	66	0	1	0	0	0	1	1	0	2	0	0	
0	0	0	0	0	1	1	0	2	0	73	219	187	46	0	2	2	0	198	173	65	212	43	0	0	59	244	43	0	111	175	0	0	141	205	0	0	38	228	28	0	93	240	89	121	229	232	25	0	0	115	183	195	164	37	0	0	1	0	0	0	0	1	1	
0	0	0	1	0	0	0	0	0	1	0	33	148	98	0	0	0	2	0	164	195	255	105	0	1	0	9	183	163	214	50	0	0	19	93	226	164	4	0	1	0	126	102	62	185	6	0	0	0	24	99	141	232	45	0	2	0	1	0	22	41	1	0	0	
0	0	0	0	0	0	0	0	2	0	84	151	141	36	0	2	1	0	40	67	121	116	0	4	0	0	3	0	134	98	0	4	0	2	0	62	193	4	0	1	1	0	24	210	52	0	2	0	3	0	78	236	150	57	0	2	0	0	0	22	16	0	0	0	
0	0	2	0	0	0	0	0	0	1	0	28	84	68	0	0	2	0	95	171	98	170	88	0	0	4	195	70	53	200	56	0	1	0	54	103	204	146	0	3	0	2	0	43	203	21	0	1	1	0	15	202	78	0	3	0	1	0	36	73	0	3	0	0	
0	0	0	0	0	0	0	0	0	20	71	62	46	3	0	0	0	37	162	130	223	88	0	4	0	1	0	93	157	16	0	1	2	0	42	255	161	2	0	1	0	0	0	0	126	144	0	3	1	0	20	81	133	114	0	3	0	0	0	89	108	5	0	1	
0	0	1	1	0	1	0	0	0	0	1	1	0	29	12	0	1	0	37	125	0	154	48	0	4	0	119	178	66	217	24	0	0	75	213	135	195	153	0	1	0	52	21	1	169	28	0	1	0	3	0	100	110	0	4	0	0	3	0	55	17	0	0	0	
0	0	1	0	0	0	0	0	1	0	14	96	22	0	1	0	2	0	100	70	0	0	0	0	2	0	91	21	23	102	0	2	1	0	33	107	166	92	0	3	0	1	0	22	167	9	0	1	0	1	0	25	117	0	2	0	0	0	0	3	13	0	0	0	
0	0	2	1	0	0	0	0	0	0	0	7	66	53	0	1	2	0	55	110	146	172	0	2	0	12	168	71	166	155	0	4	0	1	93	73	184	67	0	3	0	3	0	89	157	0	2	0	1	0	12	177	30	0	1	0	1	0	23	66	0	2	0	0	
0	0	3	38	25	0	1	0	1	0	20	73	105	0	1	0	0	1	0	24	101	0	2	0	0	2	0	59	60	0	2	0	0	2	0	123	42	0	1	0	1	0	12	185	113	55	2	0	1	0	28	51	17	33	0	0	0	0	0	1	0	0	0	0	
0	0	0	0	0	0	0	0	0	1	0	22	94	76	8	0	0	4	0	25	89	192	134	0	1	0	24	28	23	189	63	0	0	118	218	228	243	79	0	3	22	177	122	21	109	179	3	0	0	0	0	0	5	60	7	0	0	3	4	2	1	0	0	0	
0	0	0	0	0	0	0	0	0	0	0	6	126	13	0	1	0	2	0	36	212	9	0	1	0	3	0	72	174	0	2	0	0	3	0	77	169	0	3	0	0	3	0	98	180	0	3	0	0	2	0	72	121	0	2	0	0	0	0	0	0	0	0	0	
0	0	2	0	43	66	0	2	0	0	3	0	186	119	0	4	0	3	0	138	174	0	3	0	3	0	72	185	6	21	0	0	4	0	166	155	112	191	98	0	0	0	184	203	100	143	83	0	0	5	14	47	79	25	0	1	0	0	0	0	0	1	2	0	
0	0	0	0	0	0	0	0	0	10	102	145	124	25	0	1	0	11	76	95	255	82	0	3	1	0	23	203	178	0	0	1	2	0	70	173	212	212	16	0	0	2	0	29	228	149	0	1	0	0	103	213	93	0	1	0	0	0	54	24	0	3	0	0	
0	0	0	1	0	0	0	0	0	2	0	36	202	72	0	2	0	2	0	169	221	162	0	3	2	0	57	205	55	203	5	0	2	0	184	105	46	203	0	0	0	0	193	97	201	92	0	3	2	0	72	214	113	0	1	0	0	0	0	0	0	1	0	0	
0	0	0	0	6	8	0	0	1	0	55	113	130	109	0	1	0	23	145	25	2	0	1	0	0	71	178	88	107	61	0	0	0	3	13	35	33	110	70	0	0	36	28	0	0	32	127	0	0	25	103	114	116	142	61	0	0	0	0	9	15	6	0	0	
0	0	0	0	1	0	0	0	0	0	2	0	89	57	0	2	0	1	0	0	219	77	0	3	0	2	0	67	224	11	0	1	0	3	0	173	144	0	3	0	2	0	34	217	28	0	1	0	4	0	107	159	0	3	0	0	1	0	18	18	0	0	0	0	
0	0	0	0	2	2	0	0	0	0	1	0	92	21	0	1	0	1	0	30	120	0	2	0	0	2	0	58	95	0	3	0	0	3	0	97	94	0	3	0	0	4	0	119	85	0	3	0	0	3	0	102	73	0	3	0	0	0	0	0	0	0	0	0	
0	0	0	0	42	21	0	1	0	2	0	94	231	185	3	0	1	0	21	152	81	209	3	0	1	0	12	23	179	86	0	3	0	13	181	252	237	28	0	2	0	134	255	188	154	255	110	0	0	86	107	17	0	96	81	0	0	0	0	1	3	0	0	0	
0	0	0	1	0	0	0	0	0	0	0	0	12	8	0	0	1	0	20	107	150	118	0	3	0	0	4	0	87	83	0	3	0	1	0	14	126	6	0	0	0	3	0	106	77	0	3	0	1	0	14	140	7	0	0	0	1	0	29	69	0	2	0	0	
0	0	0	0	0	0	0	0	0	2	0	50	202	176	37	0	0	2	0	129	165	233	51	0	0	1	0	122	239	233	31	0	5	5	0	134	117	198	64	0	90	243	87	12	145	169	0	2	6	117	174	195	164	13	0	1	0	0	0	0	0	1	0	0	
0	2	1	0	1	1	0	0	0	0	9	9	0	10	4	0	0	45	155	46	4	190	26	0	0	147	60	0	123	144	0	3	0	50	160	132	160	69	0	3	0	0	17	0	77	90	0	3	0	2	4	0	82	108	0	4	0	0	2	0	26	112	0	1	
0	0	0	2	4	3	0	0	0	0	1	1	1	0	61	60	0	2	0	82	118	137	228	48	2	0	41	218	102	48	41	1	0	2	164	163	158	0	3	1	0	31	63	78	132	0	5	0	0	43	169	135	4	0	0	0	0	3	20	3	0	0	0	0	
0	0	0	1	1	0	0	0	0	0	4	0	87	78	0	3	0	2	0	28	232	91	0	4	2	0	28	181	136	35	0	2	3	0	163	197	161	98	0	3	1	0	69	79	142	121	0	4	0	0	1	0	32	85	0	2	0	0	3	4	3	2	0	0	
0	0	1	0	67	14	0	1	0	2	0	44	179	4	0	0	0	3	0	161	141	0	4	0	2	0	60	198	81	163	18	0	4	0	165	173	174	200	41	0	3	0	125	255	246	157	0	0	0	0	3	56	33	3	0	0	0	0	1	0	0	1	0	0	
0	0	0	7	4	0	0	0	2	0	101	165	146	46	0	2	0	0	21	7	30	138	0	2	0	0	0	1	69	129	0	2	1	0	9	114	151	136	0	4	3	0	141	104	125	61	0	2	2	0	98	179	85	0	1	0	0	0	0	3	0	1	0	0	
0	0	1	1	0	0	0	0	0	0	3	0	32	66	21	0	1	0	13	176	182	255	64	0	3	0	121	159	98	186	0	2	0	0	189	82	183	44	0	2	0	4	0	127	105	0	4	0	2	0	29	217	20	0	1	0	1	0	23	96	3	0	0	0	
0	0	0	4	0	0	0	0	1	0	118	187	103	0	2	0	0	8	188	37	149	43	0	2	1	0	45	23	133	48	0	2	0	2	0	79	138	0	2	0	3	0	104	237	90	50	3	0	2	0	39	140	157	175	113	0	0	0	0	0	0	1	8	1	
0	0	0	2	0	0	0	0	0	0	0	0	88	106	5	0	0	2	0	136	134	195	74	0	0	2	0	158	152	137	5	0	0	4	0	122	232	2	0	1	3	0	69	236	179	0	2	0	1	0	193	195	25	0	1	0	0	0	26	11	0	1	0	0	
0	1	2	0	0	3	2	0	0	0	4	53	59	4	0	0	0	24	186	160	149	138	39	0	0	165	98	0	26	241	66	0	0	138	146	131	197	208	0	0	0	8	58	42	76	194	0	1	0	0	1	0	22	216	57	0	0	1	2	3	0	90	54	0	
0	0	2	1	0	1	0	0	0	1	0	21	89	35	0	1	2	0	46	157	133	174	5	0	4	0	155	126	55	206	8	0	2	0	40	137	246	80	0	3	0	3	0	73	181	0	1	0	1	0	21	212	68	0	2	0	1	0	39	73	0	2	0	0	
0	0	0	0	2	0	0	0	0	0	35	31	0	3	0	0	0	160	246	219	92	0	4	0	0	58	40	154	215	54	0	1	2	0	30	211	178	213	98	0	0	2	5	10	0	41	179	0	1	0	30	129	72	93	123	0	0	0	1	6	11	10	0	0	
0	0	0	3	0	0	0	0	0	0	3	0	110	166	0	1	0	3	0	114	212	213	74	0	2	0	45	232	50	187	57	0	1	0	172	78	57	197	0	0	0	70	179	35	208	57	0	2	0	27	181	196	77	0	2	0	0	0	1	0	1	1	0	0	
0	1	2	0	0	2	1	0	1	0	4	93	47	0	1	0	0	13	178	255	234	183	19	0	0	140	239	32	10	198	162	0	0	186	191	36	29	136	212	0	0	49	214	252	250	255	114	0	0	0	0	36	46	36	0	0	0	2	1	0	0	0	1	0	
0	0	0	0	1	1	1	0	0	0	1	0	35	175	17	0	0	0	3	0	172	132	0	3	0	2	0	35	232	34	0	2	0	3	0	165	156	0	3	0	3	0	82	196	3	0	1	0	3	0	148	110	0	3	0	0	0	0	0	1	1	0	0	0	
0	0	0	0	0	0	0	0	0	0	3	0	77	62	0	2	0	0	2	0	156	51	0	2	0	1	0	28	178	2	0	0	0	3	0	85	145	0	4	0	0	3	0	164	83	0	3	0	0	0	6	143	13	0	1	0	0	0	0	0	0	0	0	0	
0	0	0	1	0	0	0	0	0	0	1	0	120	216	90	0	0	4	0	126	192	232	64	0	1	2	0	26	102	117	0	1	0	12	135	174	234	56	0	1	1	181	255	125	109	219	58	0	29	174	64	0	0	6	4	0	0	0	0	3	3	1	0	0	
0	1	0	0	0	0	0	0	0	1	20	3	3	22	1	0	0	47	130	0	9	154	17	0	0	63	165	50	129	186	10	0	0	0	118	120	156	119	0	4	0	0	3	0	146	58	0	2	0	1	2	8	150	12	0	1	0	0	0	7	55	0	0	0	
0	0	0	2	0	15	20	0	0	0	1	3	0	128	65	0	0	1	4	14	39	133	0	1	2	0	68	160	117	91	0	2	0	26	178	192	227	97	0	2	0	46	57	183	68	0	2	0	1	0	32	92	0	3	0	0	0	2	2	0	1	0	0	0	
0	0	0	0	0	0	0	0	1	0	39	89	74	29	0	1	2	0	61	142	254	111	0	4	0	1	0	153	243	46	0	2	1	0	12	106	221	85	0	3	0	3	0	102	160	0	0	0	2	0	80	204	13	0	1	0	2	0	79	47	0	2	0	0	
0	0	0	2	2	0	0	0	0	0	1	2	0	9	48	13	0	1	0	30	151	197	156	10	1	0	6	200	127	2	5	0	4	0	102	195	169	27	0	2	0	29	128	97	166	16	0	1	0	65	162	113	23	0	1	0	0	0	0	0	1	1	0	0	
0	0	0	3	1	0	0	0	0	0	24	0	11	84	8	0	2	0	86	140	162	59	0	1	0	1	0	143	152	22	0	1	0	0	2	0	26	129	0	1	0	9	19	0	21	138	0	1	0	12	99	75	125	52	0	2	1	0	25	62	22	0	1	0	
0	0	2	0	54	55	0	2	0	1	0	3	182	62	0	2	0	3	0	147	126	0	3	0	1	0	16	186	24	24	1	0	0	6	169	115	171	204	6	0	0	10	190	211	248	95	0	2	1	0	30	86	30	0	0	0	0	0	1	0	0	2	0	0	
0	2	2	0	0	0	2	0	1	0	4	60	87	37	0	1	0	46	191	165	150	225	74	0	0	191	138	11	37	195	205	0	0	109	218	193	182	254	165	0	0	64	171	72	178	214	40	0	0	35	186	183	115	16	0	1	0	0	0	0	0	1	2	0	
0	0	0	3	0	0	0	0	0	0	1	0	10	8	11	0	0	1	0	130	172	208	131	0	4	0	140	187	12	214	50	0	2	0	94	24	158	106	0	3	0	3	0	100	180	0	2	0	2	0	53	214	24	0	1	0	3	0	117	108	0	3	0	0	
0	0	0	0	0	0	0	0	0	2	0	67	163	109	17	0	1	0	19	220	133	157	34	0	3	0	60	229	12	0	1	0	4	0	84	217	196	30	0	1	0	0	10	12	166	146	0	4	0	2	0	101	243	127	0	4	0	0	0	2	41	11	0	0	
0	0	0	1	0	0	0	0	0	0	0	4	64	40	10	18	0	1	0	139	113	178	149	16	0	0	11	161	70	163	22	0	1	0	19	232	170	4	0	2	0	30	197	223	42	0	5	0	0	36	156	66	0	1	0	0	0	0	0	0	1	0	0	0	
0	0	0	0	0	1	0	0	0	31	148	180	136	0	0	0	0	39	96	43	192	71	0	3	0	0	3	0	158	91	0	3	0	1	0	58	242	132	23	5	3	0	134	255	157	140	171	25	1	0	167	175	1	0	1	0	0	0	0	0	3	4	1	0	
0	0	1	1	0	1	0	0	0	1	0	26	71	7	0	1	1	0	25	142	162	150	0	2	3	0	82	181	207	172	0	3	0	0	1	96	209	12	0	1	0	1	0	157	81	0	3	0	2	0	143	140	0	3	0	0	0	0	81	14	0	0	0	0	
0	0	1	1	0	0	0	0	0	0	0	15	24	0	0	0	1	0	16	124	126	12	0	1	3	0	95	54	96	31	0	1	2	0	55	133	121	22	0	1	0	0	2	0	53	37	0	1	0	0	4	0	56	48	0	2	0	0	1	0	34	52	0	2	
0	0	0	2	0	0	0	0	0	0	1	2	55	145	60	0	0	3	0	145	167	150	82	0	3	0	102	213	5	162	44	0	0	19	204	19	49	187	0	0	0	93	155	52	185	44	0	2	0	45	193	173	32	0	2	0	0	0	3	2	1	2	0	0	
0	0	0	0	1	1	0	0	0	30	95	143	51	0	5	0	0	134	169	248	104	0	2	0	3	0	140	229	170	182	73	0	0	0	7	4	0	39	198	1	0	0	79	81	66	151	198	0	1	0	53	115	158	176	44	0	0	0	0	0	0	0	0	0	
0	0	0	0	3	0	0	0	0	0	0	0	5	99	11	0	0	0	2	0	113	181	0	1	0	1	0	32	229	47	0	2	0	3	0	157	154	0	3	0	2	0	56	216	19	0	1	0	4	0	151	112	0	3	0	0	0	0	19	7	0	0	0	0	
0	0	1	0	16	14	0	1	0	1	1	0	186	78	0	3	0	2	0	152	145	0	3	0	3	0	109	202	112	50	0	2	0	9	195	48	67	133	39	0	0	0	141	133	41	148	118	0	1	0	17	98	126	138	20	0	0	0	2	0	0	0	0	0	
0	0	1	0	18	32	0	0	0	1	0	10	190	217	89	0	1	0	11	225	124	123	145	0	1	0	17	99	16	180	21	0	0	4	66	149	210	98	0	3	0	120	255	229	228	136	0	0	0	95	117	10	13	140	28	0	0	0	0	1	0	0	0	0	
0	0	0	2	2	32	1	0	0	0	0	0	102	87	0	2	0	0	0	104	87	0	0	0	1	0	35	141	0	1	0	0	0	1	0	63	124	11	0	1	0	0	15	8	95	79	0	3	1	0	17	98	97	19	0	1	0	0	0	0	0	0	0	0	
0	0	0	0	0	0	0	0	0	1	0	37	129	138	17	0	0	2	0	158	191	227	40	0	2	0	48	177	210	202	1	0	3	0	76	154	131	202	12	0	0	113	51	0	119	160	0	2	0	85	209	163	144	7	0	1	0	0	46	32	0	2	0	0	
0	0	0	0	0	1	0	0	1	19	17	29	28	1	0	0	0	109	165	130	177	138	0	3	0	1	6	0	156	125	0	3	0	2	0	58	194	14	0	1	0	2	0	107	230	93	9	0	0	2	0	47	150	1	3	0	0	2	0	44	64	0	2	0	
0	0	0	2	1	1	1	1	0	0	2	2	0	26	131	4	0	3	0	70	24	143	88	0	2	0	48	169	60	134	0	1	0	28	197	146	206	111	0	4	0	35	32	101	149	1	1	0	1	0	30	150	8	0	1	0	0	0	6	4	1	1	0	0	
0	0	0	0	1	0	0	0	0	2	0	49	58	0	2	0	0	3	0	73	93	0	3	0	0	2	0	61	148	0	3	0	0	2	0	45	152	0	2	0	0	2	0	46	160	0	2	0	0	1	0	17	112	0	0	0	0	0	0	0	0	0	0	0	
0	0	0	1	0	0	0	0	0	0	1	1	4	44	81	11	0	2	0	61	166	153	97	1	1	0	7	192	215	49	0	2	3	0	127	100	91	136	0	4	0	7	29	19	163	52	0	2	0	71	181	157	61	0	1	0	0	1	9	4	0	1	0	0	
0	32	24	0	2	0	0	0	0	103	186	113	9	0	1	0	1	0	5	129	147	0	4	0	0	1	3	0	147	71	0	3	1	0	21	107	183	199	76	1	3	0	82	178	167	84	55	11	1	0	5	125	99	0	1	0	0	0	0	0	0	1	2	0	
0	1	0	17	94	12	0	1	0	1	0	122	200	1	0	1	0	2	0	136	109	0	3	0	1	0	24	172	103	134	0	0	2	0	147	168	160	205	19	0	0	12	204	233	231	101	0	2	0	0	24	76	58	1	0	0	0	0	0	0	0	2	0	0	
0	0	0	0	1	0	0	0	0	1	0	21	56	0	2	0	0	2	0	55	70	0	3	0	0	2	0	50	64	0	2	0	0	2	0	53	69	0	3	0	0	2	0	53	72	0	3	0	0	1	0	25	79	0	2	0	0	0	0	0	4	0	0	0	
0	0	0	2	0	0	0	0	0	0	0	3	31	52	6	0	0	1	0	133	194	186	0	0	2	0	67	142	102	90	0	3	0	0	3	27	148	4	0	0	0	3	0	119	79	0	2	0	2	0	63	189	0	1	0	0	2	0	57	57	0	2	0	0	
0	0	0	2	1	1	0	0	1	0	16	170	98	0	2	0	3	0	93	94	131	61	0	2	4	0	123	41	73	117	0	4	1	0	24	0	103	67	0	3	3	0	81	211	202	103	7	0	2	0	50	122	24	93	96	0	0	0	0	0	0	0	4	0	
0	0	1	1	0	0	0	0	0	1	0	12	99	133	35	0	1	0	19	184	124	212	125	0	3	0	94	159	73	144	3	0	1	0	10	215	206	1	0	1	2	0	63	187	189	7	0	0	1	0	167	217	65	0	2	0	0	0	8	29	0	1	0	0	
0	0	0	1	0	4	2	0	0	0	1	1	0	77	12	0	0	0	0	30	39	74	0	2	1	0	40	68	61	33	0	1	2	0	107	69	108	5	0	0	1	0	13	105	125	14	0	1	0	2	0	42	26	0	1	0	0	0	1	3	2	1	0	0	
0	0	2	1	0	1	0	0	0	1	0	47	83	9	0	1	2	0	42	124	135	183	0	0	3	0	167	125	176	154	11	7	1	0	29	122	200	1	51	10	0	2	0	122	82	0	39	6	3	0	83	158	0	0	39	7	1	0	20	14	0	0	33	6	
0	0	1	0	21	28	0	1	0	1	0	25	196	65	0	3	0	4	0	137	128	0	3	0	1	0	15	117	25	21	0	1	3	0	68	170	169	148	0	2	2	0	29	242	136	135	0	2	0	1	0	66	136	43	0	2	0	0	0	0	0	0	0	0	
0	0	1	1	0	1	0	0	0	1	0	19	195	55	0	2	1	0	6	198	211	179	0	0	4	0	118	176	3	181	15	0	0	10	189	21	19	172	0	0	0	30	214	59	166	134	0	3	1	0	115	211	155	3	0	1	0	0	0	0	0	1	0	0	
0	0	0	0	0	0	0	0	0	0	0	14	50	68	21	0	2	0	61	155	139	217	32	0	0	0	8	0	129	145	0	4	0	3	0	79	205	14	0	1	1	0	7	197	50	0	2	0	4	0	125	161	0	4	0	0	2	0	74	36	0	1	0	0	
0	0	0	1	1	1	0	0	0	0	0	3	11	4	0	0	0	3	0	92	212	152	0	2	2	0	39	157	106	123	0	4	1	0	23	40	119	24	0	1	0	2	0	67	102	0	3	0	0	2	0	155	44	0	1	0	0	0	5	126	11	0	0	0	
0	0	0	0	0	0	0	0	1	0	43	85	70	43	0	1	1	0	34	61	174	122	0	4	0	0	0	99	84	0	0	0	3	0	76	180	128	97	0	3	0	1	0	69	167	37	0	2	2	0	74	131	12	0	1	0	1	0	61	14	0	2	0	0	
0	0	0	0	0	0	0	0	0	0	1	1	16	88	77	0	0	1	0	19	214	153	83	0	0	2	0	139	251	41	0	2	3	0	76	134	144	79	0	3	0	18	31	98	142	4	0	1	0	154	195	137	9	0	1	0	0	7	2	0	2	1	0	0	
0	0	1	0	21	13	0	1	0	0	0	1	159	34	0	1	0	3	0	87	137	0	3	0	0	2	0	149	65	37	0	1	1	0	32	147	149	163	0	3	2	0	42	207	178	52	0	2	0	0	2	115	77	0	1	0	0	0	0	0	0	1	0	0	
0	0	0	2	1	0	0	0	0	0	5	0	106	123	0	3	0	3	0	73	232	225	11	0	2	0	67	183	145	168	0	1	0	7	178	18	127	98	0	4	0	63	160	62	185	21	0	1	0	0	149	187	35	0	2	0	0	0	1	0	1	1	0	0	
0	0	0	4	12	0	0	0	0	3	0	75	201	2	0	1	0	3	0	148	242	8	0	1	1	0	0	222	150	0	3	0	2	0	48	255	170	55	6	0	3	0	73	255	255	202	15	0	1	0	3	102	95	0	0	0	0	0	0	0	0	0	0	0	
0	0	1	1	0	0	0	0	0	1	0	17	122	125	33	0	1	0	24	191	84	207	104	0	0	1	0	154	165	111	0	1	1	0	14	184	198	0	1	0	0	15	153	101	147	0	1	0	0	17	176	155	40	0	1	0	1	0	26	28	0	1	0	0	
0	1	0	0	0	0	0	0	0	0	29	41	69	96	92	6	0	84	152	107	96	96	56	4	0	97	133	74	49	2	0	0	0	0	31	77	119	147	56	0	0	5	22	0	0	67	148	0	0	0	116	144	133	146	50	0	0	0	7	41	35	4	0	0	
0	0	0	2	2	1	5	0	0	0	1	4	0	93	87	0	0	1	0	129	71	166	28	0	2	0	50	188	126	165	0	3	1	0	174	195	212	91	0	2	0	23	123	54	169	0	2	0	0	3	0	106	100	0	3	0	0	0	3	2	1	0	0	0	
0	0	2	3	0	0	0	0	0	0	0	0	8	8	0	0	2	0	55	113	156	80	0	3	2	0	70	44	98	51	0	2	0	0	1	0	120	15	0	1	0	0	0	23	115	0	1	0	0	1	0	44	100	0	3	0	0	1	0	36	70	0	2	0	
0	0	0	0	0	0	0	0	0	0	3	0	94	102	0	3	0	0	3	0	154	82	0	3	0	1	0	17	197	28	0	1	0	3	0	102	181	0	2	0	0	1	0	202	106	0	3	0	1	0	9	170	39	0	2	0	0	0	0	0	0	0	0	0	
0	0	0	1	0	2	9	0	0	0	2	0	32	142	100	2	0	1	0	17	169	58	0	2	0	0	0	194	129	0	3	0	2	0	69	121	129	67	0	2	1	0	162	95	147	3	0	0	0	1	151	143	32	0	1	0	0	0	2	2	1	1	0	0	
0	0	0	0	0	0	0	0	0	1	0	28	155	90	0	1	1	0	7	188	137	193	14	0	1	0	33	169	102	103	0	2	1	0	6	216	222	3	0	1	1	0	109	125	155	0	1	0	0	4	174	147	34	0	1	0	1	0	34	23	0	1	0	0	
0	0	0	89	16	0	1	0	2	0	57	197	3	0	3	0	3	0	159	88	0	4	0	0	0	15	175	8	105	188	46	0	0	39	211	39	0	122	162	0	1	0	137	232	200	206	69	0	0	0	0	17	69	43	0	1	0	0	3	0	0	1	2	0	
0	0	0	0	0	0	0	0	0	1	0	61	164	112	8	0	3	0	86	205	73	215	133	0	3	0	87	167	94	181	33	0	1	0	0	207	247	23	0	2	2	0	127	159	186	21	0	1	0	19	217	179	113	0	2	0	1	0	22	26	0	1	0	0	
0	0	1	1	0	0	0	0	0	0	0	2	14	0	0	0	2	0	44	176	201	40	0	2	1	0	27	26	140	68	0	3	0	1	0	15	173	11	0	1	0	3	0	81	120	0	3	0	0	3	0	122	45	0	1	0	0	0	10	89	0	0	0	0	
0	0	0	0	1	0	0	0	0	0	1	0	28	127	5	0	0	0	4	0	121	151	5	0	0	1	0	12	208	36	0	2	0	1	0	162	133	0	3	0	3	0	108	174	0	1	0	0	2	0	181	56	0	2	0	0	0	0	21	7	0	0	0	0	
0	2	1	0	0	0	0	0	0	0	1	13	22	4	0	0	0	64	149	136	156	95	0	4	0	19	21	0	102	88	0	3	0	0	1	0	153	25	0	1	0	1	0	23	149	0	0	0	0	2	0	62	127	0	3	0	0	2	0	48	83	0	2	0	
0	0	0	3	0	0	0	0	0	0	1	0	50	127	83	0	0	1	0	138	198	253	116	0	0	1	0	131	217	97	0	1	2	0	29	163	187	161	0	3	0	17	22	0	94	146	0	3	0	130	233	172	100	8	0	1	0	11	54	51	1	1	0	0	
0	0	0	0	1	0	0	0	0	63	119	54	0	3	0	0	20	103	38	117	70	0	3	0	3	0	51	170	161	70	0	1	0	0	12	8	9	109	43	0	0	0	3	11	0	86	83	0	1	0	9	130	128	148	11	0	0	1	0	16	64	18	0	1	
0	0	0	0	0	1	0	0	0	0	3	0	86	112	0	3	0	0	3	0	158	76	0	3	0	1	0	14	179	17	0	1	0	3	0	86	136	0	3	0	2	0	31	221	40	0	2	0	3	0	85	146	0	2	0	0	0	0	0	0	1	0	0	0	
1	0	36	82	0	1	0	0	3	0	82	197	0	2	0	0	2	0	40	220	22	0	2	0	0	1	0	198	67	0	3	0	0	1	0	192	199	107	33	0	3	0	58	248	151	195	176	19	1	0	21	56	0	0	1	1	0	0	0	0	4	2	0	0	
0	0	0	0	0	0	0	0	0	1	0	22	143	147	46	0	0	2	0	155	148	226	63	0	0	3	0	135	188	108	0	2	0	3	0	105	237	15	0	1	2	0	63	198	170	5	0	0	1	0	191	200	45	0	2	0	0	0	29	15	0	1	0	0	
0	0	0	1	0	0	0	0	0	1	0	23	0	47	13	0	0	0	3	112	11	121	7	0	0	4	102	101	0	99	0	1	0	60	170	102	104	113	0	3	0	0	2	0	120	104	0	3	0	0	3	0	95	23	0	1	0	0	0	0	20	2	0	0	
0	0	0	0	0	1	0	0	0	0	1	0	59	205	108	0	0	1	0	27	152	180	62	0	1	4	0	50	169	133	0	3	0	0	0	133	148	142	0	2	19	101	24	50	145	19	0	1	5	129	183	151	27	0	1	0	0	0	2	1	1	1	0	0	
0	0	2	0	0	0	0	0	0	0	6	57	33	7	0	0	2	0	90	67	79	90	0	3	0	38	97	0	77	110	0	4	0	63	119	91	104	101	0	2	0	0	16	8	0	98	13	0	0	0	0	4	0	109	88	0	0	0	1	1	0	30	36	0	
0	0	1	3	0	0	0	0	0	0	2	0	11	16	4	0	1	0	4	133	205	239	60	0	3	0	113	205	83	216	7	0	2	0	160	63	142	110	0	3	0	2	0	47	206	11	0	1	0	1	0	184	104	0	3	0	1	0	18	167	20	0	1	0	
0	0	0	0	0	0	0	0	2	0	80	76	0	21	3	0	4	0	142	109	0	126	25	0	0	1	141	17	0	158	22	0	0	19	181	137	153	184	6	0	0	0	33	58	21	146	17	0	0	0	0	2	0	130	28	0	0	0	2	3	0	16	5	0	
0	0	2	2	0	1	1	0	0	0	0	7	33	13	0	0	2	0	33	188	164	195	47	0	3	0	183	127	62	218	35	0	2	0	137	181	242	96	0	3	0	2	0	38	202	13	0	1	0	2	0	169	121	0	3	0	1	0	9	157	24	0	1	0	
0	0	1	0	0	0	0	0	0	0	4	57	54	0	0	0	0	0	113	88	161	33	0	1	0	10	81	119	47	0	1	0	0	1	0	119	112	0	2	0	0	0	3	0	136	68	0	3	0	1	0	27	155	45	0	2	0	2	0	55	70	0	1	0	
0	0	0	0	0	0	0	0	0	0	2	0	65	184	86	0	0	2	0	34	187	195	87	0	0	0	5	163	236	190	0	0	0	0	5	77	83	194	5	0	29	184	85	78	180	91	0	3	0	124	171	130	43	0	1	0	0	0	0	0	0	2	0	0	
0	0	1	0	8	2	0	0	1	0	3	131	172	83	0	2	4	0	125	154	0	15	2	2	4	0	119	118	0	113	133	19	1	0	14	204	183	91	17	0	2	0	47	213	205	31	0	2	1	0	13	101	195	136	0	3	0	0	0	0	0	0	0	0	
0	0	1	1	0	0	0	0	0	2	0	50	203	157	0	1	2	0	39	237	110	212	70	0	3	0	175	160	0	140	153	0	0	14	228	46	0	167	105	0	0	19	229	71	119	199	11	0	0	7	153	208	198	44	0	2	0	0	0	0	0	1	1	0	
0	1	15	0	1	3	2	0	0	34	109	0	3	0	1	1	0	93	88	0	31	99	36	0	0	118	40	0	125	63	126	18	0	98	98	22	122	0	91	50	0	2	112	154	166	106	76	0	0	1	0	17	25	7	0	0	0	1	3	0	0	0	2	0	
0	0	2	1	0	1	0	0	0	0	0	16	29	6	0	0	2	0	60	166	159	158	0	0	4	0	106	148	134	204	0	0	1	0	18	133	232	78	0	3	0	1	0	25	172	9	0	1	0	2	0	152	120	0	4	0	1	0	5	145	27	0	1	0	
0	0	6	37	0	2	1	0	3	0	106	134	0	2	0	0	2	0	158	46	0	42	9	0	0	6	156	29	129	171	94	0	2	0	157	154	26	60	94	0	3	0	85	187	40	146	32	0	0	1	0	78	137	56	0	2	0	0	1	0	0	1	1	0	
0	0	0	1	0	2	3	0	0	0	0	3	0	102	53	0	0	0	3	2	34	120	0	1	1	0	21	141	121	75	0	2	2	0	139	152	218	99	0	1	0	5	50	84	93	0	3	0	0	0	0	130	25	0	1	0	0	0	2	0	1	0	0	0	
0	2	1	0	1	1	0	0	1	0	16	82	38	0	4	0	0	51	182	93	155	30	0	1	0	68	181	108	176	171	68	0	1	0	31	73	173	186	53	0	0	2	0	3	200	70	0	3	0	1	0	178	134	0	5	0	1	0	15	98	3	0	0	0	
0	0	0	1	0	1	0	0	0	0	1	1	0	33	62	0	0	0	1	140	9	146	76	0	2	0	42	213	78	184	0	0	1	0	173	198	229	123	0	4	0	18	76	21	185	14	0	1	0	3	0	107	116	0	3	0	0	1	0	27	15	0	0	0	
0	0	1	0	0	0	2	0	0	0	0	105	75	0	2	0	3	0	149	218	143	203	96	0	0	43	188	6	0	39	197	21	0	115	134	0	0	58	176	2	0	62	183	15	79	206	48	0	1	0	85	171	185	48	0	3	0	1	0	2	1	1	2	0	
0	0	0	0	0	0	0	0	0	0	2	0	155	167	2	0	0	3	0	88	253	197	6	0	1	0	23	186	81	194	12	0	4	0	133	122	78	178	0	2	0	2	215	114	187	43	0	2	0	4	154	222	91	0	3	0	0	0	0	0	0	1	0	0	
0	0	0	80	15	0	1	0	3	0	69	157	6	0	2	0	2	0	133	32	0	18	0	0	0	11	129	34	161	182	41	0	2	0	145	214	35	67	89	0	3	0	72	217	99	155	25	0	0	1	0	32	86	26	0	1	0	0	1	1	0	1	1	0	
0	0	0	4	2	0	0	0	0	0	1	0	1	8	0	0	0	1	0	116	206	213	17	0	3	0	60	223	131	194	0	0	4	0	111	105	125	91	0	3	0	2	0	52	188	0	0	0	0	1	0	174	83	0	3	0	1	0	33	159	4	0	0	0	
0	1	0	0	1	0	0	0	1	0	70	135	19	0	1	0	0	56	115	92	119	0	2	0	0	10	0	67	205	50	0	2	2	0	49	208	75	136	0	1	1	0	17	18	0	128	9	0	0	0	0	118	169	89	0	3	0	0	0	37	39	0	0	0	
0	0	0	2	1	1	0	0	0	0	1	2	0	59	46	0	0	2	0	104	42	144	28	0	2	0	37	156	94	131	0	3	3	0	148	205	223	87	0	3	0	1	41	138	108	8	0	1	1	0	14	147	8	0	0	0	0	0	11	23	0	1	0	0	
0	0	0	0	0	0	0	0	0	2	0	59	53	0	2	0	0	3	0	92	87	0	3	0	0	3	0	76	141	0	3	0	0	2	0	69	158	0	3	0	0	2	0	63	163	0	3	0	0	1	0	15	138	4	0	0	0	0	0	0	0	0	0	0	
0	0	0	2	0	0	0	0	0	0	2	0	103	199	35	0	0	2	0	135	167	193	70	0	0	0	1	103	77	122	0	0	1	0	73	214	253	74	18	2	0	55	255	170	70	210	112	0	0	104	169	13	0	13	9	0	0	1	0	1	4	1	0	0	
0	0	0	1	0	0	0	0	1	0	8	182	190	21	0	1	0	0	2	26	195	30	0	1	0	2	0	97	120	0	2	0	2	0	36	173	12	0	2	0	4	0	117	162	86	146	36	0	1	0	26	185	144	77	0	0	0	0	0	0	0	0	0	0	
0	0	2	2	0	2	0	0	0	1	0	20	66	2	0	0	2	0	33	175	209	100	0	2	4	0	108	150	109	198	0	1	1	0	29	164	246	82	0	3	0	1	0	16	190	23	0	1	0	3	0	153	136	0	3	0	0	0	0	98	25	0	1	0	
0	1	2	0	0	0	0	0	0	0	0	13	21	0	0	0	0	17	125	131	179	45	0	2	0	11	37	0	130	40	0	2	0	0	0	10	133	2	0	0	0	2	0	44	123	0	3	0	0	3	0	74	103	0	3	0	0	2	0	73	57	0	2	0	
0	0	0	1	0	0	0	0	0	1	0	21	142	126	38	0	1	0	9	183	180	255	165	0	2	0	49	158	95	179	2	0	1	0	23	228	178	8	0	1	1	0	103	211	95	0	5	0	0	72	208	145	90	0	3	0	0	20	50	53	6	0	0	0	
0	0	4	0	0	1	0	0	2	0	95	169	84	0	1	0	0	0	6	77	228	110	0	4	2	0	28	171	218	54	0	2	0	0	1	0	180	88	0	3	0	2	18	0	182	111	0	4	0	32	161	164	147	4	0	1	0	1	4	9	1	0	0	0	
0	0	0	1	0	1	0	0	0	0	1	1	7	2	0	0	0	2	0	32	209	201	43	0	1	0	5	197	196	214	24	0	2	0	37	167	160	25	0	1	0	3	0	126	98	0	3	0	2	0	65	171	0	2	0	0	3	0	120	61	0	2	0	0	
0	0	1	0	0	2	0	0	1	0	28	57	0	2	0	0	3	0	100	83	0	58	12	0	0	6	140	10	0	143	14	0	0	8	136	117	146	132	0	3	0	0	12	12	122	55	0	2	0	1	0	5	151	15	0	1	0	0	0	5	24	0	0	0	
0	0	1	2	0	0	0	0	0	2	0	35	201	182	37	0	1	0	2	186	189	215	99	0	1	0	8	128	46	180	19	0	0	0	75	124	182	82	0	3	0	59	247	237	241	128	22	0	0	103	205	41	54	164	39	0	0	0	0	0	0	0	0	0	
0	0	0	0	0	0	0	0	0	0	0	4	99	4	0	0	0	1	0	30	139	0	2	0	0	2	0	48	124	0	3	0	0	2	0	57	125	0	3	0	0	2	0	65	126	0	3	0	0	1	0	30	94	0	2	0	0	0	0	0	2	0	0	0	
0	0	1	3	3	0	0	0	0	0	1	0	0	8	10	0	1	0	1	142	179	230	64	0	3	0	168	203	173	191	0	0	0	0	92	38	164	33	0	2	0	3	0	154	110	0	4	0	3	0	83	183	0	2	0	0	3	0	105	88	0	3	0	0	
0	0	1	0	32	20	0	1	0	0	2	0	99	24	0	1	0	1	0	19	95	0	1	0	0	2	0	62	143	0	1	0	0	2	0	106	127	41	0	2	2	0	41	212	111	20	0	1	0	0	4	59	33	0	1	0	0	0	0	0	1	1	0	0	
0	0	2	1	0	0	0	0	0	1	0	21	117	145	80	0	3	0	80	217	155	211	177	0	3	0	87	171	101	175	12	0	2	0	29	239	191	2	0	1	0	2	153	155	149	0	4	0	0	50	231	178	69	0	2	0	0	2	38	13	0	1	0	0	
0	0	2	3	0	0	0	0	0	1	1	0	5	9	0	0	1	0	36	77	90	30	0	2	0	21	124	98	72	63	27	0	0	119	107	23	17	0	84	32	0	42	5	0	0	39	85	12	0	1	0	14	83	68	10	0	0	2	0	7	13	0	1	1	
0	0	1	1	0	1	0	0	0	1	0	35	83	13	0	1	2	0	33	183	145	142	0	0	4	0	160	99	0	225	38	0	3	0	131	173	183	172	0	0	0	0	2	58	192	37	0	2	0	2	0	50	133	0	3	0	0	2	0	52	38	0	1	0	
0	0	1	0	0	0	0	0	0	0	0	71	112	50	0	2	2	0	64	106	26	89	5	0	0	7	95	4	0	82	22	0	0	22	67	0	0	89	22	0	0	22	74	0	23	101	0	1	0	0	92	74	104	34	0	1	1	0	13	56	17	0	1	0	
0	0	1	2	0	0	0	0	0	1	0	12	119	91	0	0	1	0	13	180	159	221	52	0	3	0	37	165	167	164	0	0	3	0	65	147	175	166	0	3	27	48	0	0	115	126	0	3	59	198	156	136	123	0	0	0	0	8	41	19	0	2	0	0	
1	0	32	91	0	2	0	0	3	0	119	105	0	7	3	0	3	0	159	49	0	2	0	0	0	3	157	8	19	123	87	0	1	0	162	103	178	181	186	0	3	0	62	221	194	103	34	0	0	0	0	7	3	0	0	0	0	0	2	1	0	4	2	0	
0	0	0	0	1	0	0	0	0	0	2	0	47	48	0	2	0	0	3	0	126	84	0	3	0	0	0	5	158	23	0	1	0	3	0	82	107	0	3	0	0	0	5	135	18	0	1	0	3	0	79	107	0	3	0	0	1	0	22	13	0	0	0	0	
0	0	0	1	0	0	0	0	0	0	0	0	167	83	0	3	0	2	0	43	250	54	0	3	0	4	0	130	203	0	2	0	0	2	0	193	175	0	3	0	1	0	6	240	106	0	4	0	0	2	0	145	110	0	3	0	0	0	0	0	0	0	0	0	
0	0	0	2	0	0	2	0	0	0	1	2	0	40	73	0	0	2	0	57	0	110	53	0	1	0	9	182	94	102	0	1	0	2	160	132	196	136	0	3	0	25	84	2	116	5	0	0	0	2	0	65	98	0	3	0	0	1	2	2	2	0	0	0	
0	0	2	2	0	1	0	0	0	1	0	5	26	3	0	0	2	0	53	182	201	106	0	3	0	23	163	29	31	160	0	1	0	31	174	142	181	138	0	1	1	0	43	78	14	103	14	0	0	0	0	2	0	126	35	0	0	0	2	5	0	63	40	0	
0	0	1	0	43	7	0	0	0	2	0	44	125	0	2	0	1	0	5	148	36	0	1	0	3	0	98	55	69	185	2	0	0	20	145	32	183	167	0	0	1	0	125	230	204	41	0	2	0	0	2	61	44	0	1	0	0	0	2	0	0	1	0	0	
0	0	1	5	0	0	0	0	1	0	9	137	118	12	0	1	0	1	0	12	191	70	0	3	0	3	0	145	160	0	2	0	0	1	0	12	107	43	0	2	0	1	3	0	133	140	0	4	0	8	87	161	169	28	0	1	0	0	10	10	0	0	0	0	
0	0	0	2	3	0	0	0	0	0	1	2	0	24	51	4	0	2	0	51	144	154	125	12	1	0	15	207	120	0	1	0	2	0	131	148	170	16	0	1	0	35	65	40	147	2	0	0	0	77	137	130	25	0	1	0	0	0	0	0	1	0	0	0	
0	0	0	0	1	0	0	0	0	2	0	76	57	0	2	0	0	4	0	162	176	0	3	0	0	3	0	75	206	0	0	0	0	2	0	43	204	3	0	1	0	2	0	49	204	0	0	0	0	2	0	43	193	0	0	0	0	0	0	4	30	1	0	0	
0	0	0	1	0	0	0	0	0	0	0	0	156	135	23	0	0	2	0	161	187	206	71	0	1	0	8	75	99	180	2	0	0	4	31	53	156	21	0	1	0	130	235	227	191	9	0	1	1	133	130	7	131	62	0	2	0	0	0	1	0	0	0	0	
0	0	0	3	1	0	0	0	0	18	63	0	0	110	118	0	0	46	181	90	164	248	71	0	1	0	51	82	89	160	0	2	0	0	2	0	147	67	0	3	0	20	42	97	207	58	9	0	0	115	163	192	163	115	23	0	0	0	0	0	0	0	0	0	
0	0	0	0	26	4	0	0	0	2	0	59	207	174	17	0	0	1	1	171	121	205	14	0	0	0	2	0	127	78	0	2	0	14	122	200	178	0	2	0	0	142	218	142	204	90	0	1	0	49	96	0	77	104	0	1	0	0	0	3	1	0	0	0	
0	0	1	1	5	1	1	0	1	0	19	92	84	36	0	1	3	0	102	85	5	113	6	0	0	0	124	15	0	74	71	0	0	12	111	0	0	32	77	0	1	0	136	41	0	107	72	0	2	0	42	141	128	84	0	0	0	0	0	7	9	0	1	0	
0	0	0	2	0	0	0	0	0	0	1	0	79	196	96	0	0	3	0	116	235	223	120	0	1	2	0	157	131	188	26	0	0	1	73	176	240	61	0	3	0	141	255	191	179	129	0	3	22	194	124	0	51	107	0	2	0	0	0	2	2	0	0	0	
0	0	0	1	1	55	4	0	0	0	2	0	80	103	0	2	0	2	0	47	142	0	0	0	0	0	0	147	31	0	1	0	3	0	64	167	65	2	0	0	3	0	83	66	148	59	0	2	1	0	11	49	53	7	0	0	0	0	0	0	0	0	0	0	
0	0	0	1	4	1	0	0	0	0	0	2	0	6	19	1	0	0	0	9	97	157	133	8	0	4	0	142	200	17	0	1	2	0	59	157	160	5	0	1	0	56	110	132	75	0	2	0	0	50	114	49	0	0	0	0	0	0	0	0	1	0	0	0	
0	0	1	0	23	11	0	0	0	0	0	8	132	21	0	1	0	3	0	89	86	0	3	0	0	3	0	120	77	0	1	0	0	1	0	150	167	21	0	1	0	1	0	134	163	31	0	1	0	2	0	57	89	0	2	0	0	0	0	0	0	0	0	0	
0	0	1	0	30	68	0	2	0	0	3	0	166	144	0	3	0	3	0	109	156	0	3	0	2	0	44	174	134	89	0	3	2	0	171	164	192	137	0	4	2	0	131	253	210	62	0	3	0	0	5	68	49	0	1	0	0	0	2	0	0	1	0	0	
0	0	0	1	0	0	0	0	0	2	0	52	71	0	2	0	0	3	0	75	96	0	3	0	0	3	0	81	97	0	3	0	0	3	0	72	95	0	3	0	0	2	0	48	124	0	3	0	0	1	0	21	97	0	2	0	0	0	0	0	1	0	0	0	
0	0	0	1	0	2	1	0	0	0	1	3	3	0	0	0	0	4	0	126	198	172	79	0	2	0	60	207	62	212	38	0	0	2	196	45	116	129	0	3	0	6	11	57	182	1	0	0	1	0	16	176	41	0	2	0	3	0	95	94	0	3	0	0	
0	0	0	3	0	0	0	0	2	0	107	140	147	79	0	2	0	0	24	5	1	164	57	0	2	0	84	153	84	161	30	0	3	0	122	230	173	166	5	0	0	0	40	20	4	171	42	0	2	0	125	180	161	75	0	2	0	0	1	7	2	0	0	0	
0	0	0	0	0	0	3	1	0	1	0	79	162	102	0	0	3	0	80	191	53	156	201	38	3	0	94	157	57	177	146	20	1	0	14	241	202	12	0	1	0	6	170	227	96	0	7	1	0	13	199	199	29	0	1	0	1	0	15	16	0	0	0	0	
0	0	1	0	0	0	0	0	0	0	15	15	14	18	0	1	3	0	120	48	82	78	0	3	0	0	181	119	175	160	0	1	0	56	205	44	68	218	24	0	0	44	51	0	39	148	0	2	0	0	2	0	11	167	9	0	0	1	2	0	0	62	8	0	
0	0	0	2	1	0	0	0	0	0	1	0	2	4	0	0	0	3	0	113	213	189	4	0	3	0	82	181	147	161	0	3	0	3	208	62	152	48	0	2	0	10	23	79	146	0	3	0	1	0	7	182	36	0	1	0	2	0	54	126	0	3	0	0	
0	0	1	0	0	0	0	0	0	1	0	43	94	90	57	8	1	0	8	229	156	55	32	3	0	12	202	226	159	38	0	2	0	31	40	0	108	167	0	4	0	73	128	20	154	149	0	4	1	0	83	181	180	24	0	1	0	1	0	2	2	0	0	0	
0	0	0	1	4	3	1	0	0	0	0	2	0	0	9	5	0	1	0	14	88	112	159	18	0	4	0	148	196	52	24	0	3	0	80	141	155	37	0	2	0	31	102	84	123	6	0	0	0	52	105	68	12	0	1	0	0	0	0	0	1	0	0	0	
0	0	0	5	10	0	0	0	1	0	32	129	133	18	0	1	1	0	68	18	105	31	0	1	0	0	0	129	168	0	0	0	0	0	2	13	71	111	0	2	2	0	66	17	51	114	0	2	3	0	103	144	90	9	0	1	0	0	1	9	0	1	0	0	
0	0	0	0	2	0	0	0	0	0	0	3	0	145	65	0	0	0	3	0	101	189	3	0	0	1	0	21	203	37	0	2	0	3	0	135	123	0	7	0	2	0	72	191	0	1	1	0	0	2	182	74	0	3	0	0	0	1	2	0	1	0	0	0	
0	0	0	2	0	0	0	0	0	0	1	0	57	16	0	1	0	2	0	94	168	40	0	2	2	0	43	210	123	45	0	2	1	0	23	63	159	47	0	2	0	1	0	29	134	0	1	0	0	3	0	132	98	0	3	0	0	1	0	72	22	0	1	0	
0	0	2	0	63	87	0	3	0	1	0	30	138	5	0	1	0	2	0	155	77	12	4	0	2	0	130	140	88	211	47	0	0	68	154	72	113	149	41	0	0	85	200	174	121	134	0	0	0	0	25	22	31	4	0	0	0	0	0	0	0	2	0	0	
0	0	0	0	0	0	0	0	0	2	0	44	123	0	2	0	0	2	0	40	174	0	0	0	0	1	0	15	178	9	0	1	0	1	0	37	187	0	0	0	0	3	0	90	154	0	3	0	0	3	0	109	104	0	3	0	0	0	0	0	0	0	0	0	
0	0	0	2	2	1	0	0	0	0	1	2	0	52	69	0	0	2	0	76	42	137	47	0	2	0	32	224	131	92	0	3	0	0	183	160	216	48	0	2	0	7	40	26	143	0	0	0	0	3	0	127	82	0	3	0	0	0	1	32	6	0	0	0	
0	0	0	0	0	0	0	0	0	2	0	53	90	0	3	0	0	3	0	76	136	0	4	0	0	3	0	73	152	0	3	0	0	3	0	76	146	0	4	0	0	2	0	55	167	0	2	0	0	1	0	13	115	0	0	0	0	0	0	0	0	0	0	0	
0	0	1	0	1	2	0	0	0	1	0	40	52	0	1	0	1	0	23	197	207	59	0	1	4	0	160	90	63	239	9	0	3	0	95	172	216	136	0	3	0	2	0	45	220	29	0	2	0	2	0	144	125	0	3	0	1	0	8	104	19	0	1	0	
0	0	1	0	0	0	0	0	0	0	0	54	98	105	62	1	4	0	133	240	169	197	154	18	2	0	53	213	142	0	0	0	0	1	0	6	197	115	0	4	0	62	37	0	142	143	0	4	0	91	177	195	203	40	0	2	0	0	2	15	10	0	0	0	
0	0	0	2	0	31	11	0	0	0	0	2	125	229	86	0	0	3	0	145	153	133	100	0	0	0	4	125	34	171	16	0	1	0	65	178	245	84	0	3	0	75	255	232	180	166	4	0	0	72	124	17	0	29	3	0	0	0	0	0	3	0	0	0	
0	1	1	0	0	1	0	0	2	0	45	143	92	1	0	0	0	3	187	108	120	109	0	2	0	67	157	0	0	161	33	0	0	70	148	0	26	182	15	0	0	13	162	118	183	185	0	2	1	0	13	74	57	173	8	0	0	1	1	0	6	33	0	0	
0	0	2	1	0	0	0	0	0	1	0	20	70	61	1	0	2	0	55	208	118	184	85	0	0	0	212	84	6	208	52	0	2	0	146	181	236	124	0	3	0	1	0	60	198	6	0	1	0	3	0	157	99	0	3	0	0	0	6	89	9	0	0	0	
0	0	0	0	0	0	0	0	0	0	5	103	97	40	0	1	0	0	3	26	95	120	0	3	0	2	0	44	146	7	0	1	0	1	0	21	116	32	0	1	0	4	11	0	78	66	0	3	0	23	73	79	114	4	0	0	1	0	33	49	5	0	0	0	
0	0	0	0	0	0	0	0	0	1	0	18	131	180	14	0	0	2	0	138	142	179	8	0	1	3	3	104	211	166	0	3	2	0	33	161	120	169	0	3	53	123	10	21	171	61	0	2	9	130	184	140	60	0	2	0	0	0	6	1	1	2	0	0	
0	0	0	0	0	0	0	0	0	2	0	110	222	112	44	0	1	0	19	201	109	32	0	1	0	0	0	163	69	0	2	0	0	16	17	25	192	18	0	1	0	8	119	42	162	117	0	4	1	0	32	150	198	60	0	2	0	0	1	1	2	0	0	0	
0	0	0	1	3	3	2	0	0	0	1	1	0	0	0	0	0	1	0	23	60	85	136	25	1	0	12	180	137	53	43	8	2	0	69	149	110	0	3	0	0	42	96	120	28	0	3	0	0	44	75	17	0	1	0	0	0	0	0	1	1	0	0	0	
0	0	0	3	1	0	0	0	0	0	2	0	16	35	0	0	0	1	0	67	211	213	0	0	3	0	98	239	222	213	1	0	0	0	206	187	228	116	0	4	0	2	7	57	206	11	0	1	0	3	0	162	100	0	3	0	0	0	0	74	14	0	0	0	
0	0	1	1	0	0	0	0	0	1	0	12	163	162	0	0	1	0	7	195	164	191	11	0	0	0	11	111	192	104	0	3	3	0	88	191	164	130	0	4	0	38	64	18	131	87	0	3	0	96	180	152	123	0	0	0	0	0	3	2	0	1	0	0	
0	0	6	49	41	16	0	1	0	0	8	79	150	77	0	3	0	0	2	0	93	32	0	1	0	0	0	12	132	7	0	0	0	1	0	31	137	0	2	0	1	0	39	137	202	117	19	0	2	0	93	142	90	37	0	0	0	0	0	0	0	0	0	0	
0	0	1	0	55	28	0	1	0	0	1	0	161	28	0	1	0	3	0	108	149	0	2	0	2	0	36	169	20	60	0	1	3	0	120	79	132	174	0	1	0	7	176	187	216	84	0	3	1	0	23	86	61	3	0	0	0	0	0	0	0	1	0	0	
0	0	0	2	0	0	0	0	0	0	1	0	25	66	9	0	0	1	0	72	87	117	90	0	2	0	57	149	41	144	20	0	1	0	27	118	215	50	0	2	0	2	0	137	82	0	3	0	3	0	79	150	0	4	0	0	2	0	46	46	0	1	0	0	
0	0	1	0	68	20	0	1	0	0	0	11	179	20	0	1	0	2	0	142	141	0	2	0	3	0	67	168	27	134	26	0	3	0	153	72	161	203	39	0	2	0	98	245	225	83	0	3	0	0	1	56	11	0	1	0	0	0	2	0	1	2	0	0	
0	0	1	1	0	0	0	0	0	0	1	0	54	18	0	1	2	0	47	9	108	40	0	1	3	0	77	87	132	32	0	1	2	0	49	142	158	31	0	1	0	0	3	0	89	49	0	2	0	0	3	0	69	70	0	3	0	0	0	0	10	11	0	0	
0	0	1	1	0	0	0	0	0	1	1	0	165	164	42	0	1	0	1	190	140	199	134	0	3	0	155	162	0	119	124	0	0	57	204	4	12	189	61	0	0	170	142	33	194	99	0	3	0	92	195	206	102	0	3	0	0	0	0	0	0	2	0	0	
0	0	0	0	0	0	0	0	0	1	0	18	71	0	2	0	0	1	0	31	127	0	2	0	0	1	0	31	133	0	2	0	0	1	0	38	147	0	2	0	0	2	0	60	134	0	3	0	0	1	0	40	111	0	2	0	0	0	0	0	1	0	0	0	
0	0	0	2	1	0	0	0	0	0	5	0	93	212	30	0	0	3	0	62	175	181	76	0	2	0	44	211	35	128	58	0	0	4	186	55	62	180	0	2	0	115	172	24	183	42	0	2	0	24	156	199	68	0	2	0	0	0	0	0	1	1	0	0	
0	0	1	0	0	0	1	0	0	0	0	136	188	57	0	2	3	0	89	202	33	132	33	0	3	0	178	91	0	114	101	0	1	0	194	72	0	180	63	0	1	0	202	73	121	175	0	2	3	0	96	193	178	23	0	1	0	0	0	5	1	1	0	0	
0	0	0	0	3	40	8	0	0	1	0	8	161	249	101	0	0	5	0	103	198	160	101	0	1	0	1	1	28	186	15	0	0	50	169	214	224	63	0	3	15	216	241	163	209	95	0	3	22	132	54	0	51	80	0	2	0	0	0	3	1	0	0	0	
0	1	0	0	0	1	2	0	1	0	27	77	59	6	0	1	0	56	210	137	191	212	53	0	0	116	87	0	6	54	171	27	0	119	48	0	2	0	168	38	0	53	142	33	56	169	116	0	1	0	73	142	132	65	0	1	0	1	0	0	0	0	2	0	
0	0	0	3	4	1	0	0	0	0	1	0	0	0	31	21	0	2	0	117	136	181	217	82	3	0	67	255	233	87	6	0	0	16	215	103	144	132	0	5	0	26	78	0	167	56	0	2	0	28	163	171	80	0	2	0	0	22	65	2	0	2	0	0	
0	0	0	1	2	3	1	0	0	1	0	8	141	119	0	3	0	1	0	137	115	146	27	0	3	0	84	131	0	75	73	0	1	0	151	30	0	88	45	0	0	0	160	17	37	140	8	0	2	0	77	143	124	30	0	1	0	0	0	5	2	0	1	0	
0	0	1	0	78	16	0	1	0	2	0	49	192	6	0	1	0	2	0	179	87	0	5	0	2	0	61	166	17	188	89	0	1	0	165	97	181	237	107	0	0	8	175	215	231	118	2	0	0	0	7	74	40	0	1	0	0	0	0	0	0	3	1	0	
0	0	0	50	32	0	1	0	2	0	89	147	159	21	0	1	1	0	53	0	103	102	0	4	0	0	5	0	117	95	0	3	1	0	107	142	215	23	0	1	0	17	168	167	164	157	45	0	0	0	98	71	0	94	63	0	0	0	0	0	3	0	0	0	
0	0	0	1	0	1	0	0	0	0	1	1	0	11	75	0	0	4	0	96	57	63	126	0	1	0	6	218	75	130	43	0	0	9	181	156	231	156	0	3	0	28	80	43	179	13	0	1	0	0	0	176	41	0	2	0	0	0	8	29	0	2	0	0	
0	0	3	0	0	1	0	0	0	0	0	12	33	4	0	0	1	0	77	107	113	98	0	3	0	50	142	10	118	141	0	3	0	10	104	117	91	107	0	2	0	0	2	0	51	100	0	3	0	1	5	0	104	78	0	3	0	0	2	0	117	37	0	1	
0	0	1	2	0	1	0	0	0	0	0	6	31	3	0	0	1	0	16	152	168	133	0	2	4	0	105	128	53	167	0	2	2	0	31	150	219	35	0	2	0	3	0	93	118	0	3	0	1	0	18	167	19	0	1	0	2	0	64	101	0	3	0	0	
0	0	0	9	8	0	1	0	2	0	46	138	145	25	0	1	4	0	100	135	13	52	2	0	0	2	0	117	211	87	0	0	2	0	34	134	112	107	0	3	3	0	150	67	8	161	0	0	2	0	63	118	145	56	0	2	0	0	0	5	5	0	0	0	
0	0	0	0	1	37	4	0	0	1	0	30	156	235	112	0	0	4	0	96	138	114	142	0	1	0	60	98	13	189	47	0	0	132	201	242	255	105	0	4	31	236	185	125	164	186	0	0	17	93	28	0	5	69	6	0	0	0	0	4	3	0	0	0	
0	1	1	0	0	0	0	0	0	1	0	25	68	20	0	1	0	33	185	234	243	144	0	4	0	6	44	129	227	60	0	3	0	3	0	76	208	0	1	0	0	4	0	150	223	0	0	0	0	4	0	172	166	0	3	0	0	2	0	54	43	0	1	0	
0	0	2	1	0	0	0	0	0	0	0	7	26	7	1	0	2	0	56	199	166	212	71	0	1	0	189	79	8	213	30	0	0	2	33	0	109	146	0	3	0	1	0	26	202	28	0	1	1	0	13	198	115	0	4	0	3	0	78	176	0	1	0	0	
0	0	0	1	0	0	0	0	0	0	0	0	66	57	0	2	0	2	0	70	76	14	0	1	1	0	14	144	90	29	0	1	0	1	0	122	187	0	1	0	0	3	0	84	73	0	2	0	0	0	2	101	9	0	0	0	0	0	2	9	0	0	0	0	
0	0	0	3	1	1	0	0	0	0	1	2	0	29	87	0	0	2	0	85	10	149	113	0	2	0	32	209	54	158	0	0	1	0	158	220	218	101	0	4	0	53	135	16	185	34	0	1	0	4	0	110	117	0	3	0	0	1	0	22	14	0	0	0	
0	0	9	3	0	0	1	0	2	0	62	147	122	37	0	1	0	1	0	23	89	193	114	0	0	0	1	0	41	215	93	0	0	13	75	131	157	56	0	2	15	201	255	201	135	115	15	0	1	33	56	56	45	52	9	0	0	0	0	0	0	0	0	0	
0	0	0	1	0	2	1	0	0	0	0	5	30	5	0	0	0	0	2	148	171	155	2	0	2	0	65	161	112	155	3	0	1	0	15	140	205	12	0	1	0	2	0	73	103	0	3	0	3	0	69	191	12	0	1	0	3	0	105	80	0	3	0	0	
0	0	0	87	49	0	1	0	0	0	4	123	163	39	0	2	0	0	6	0	132	92	0	5	0	1	0	41	162	16	0	1	1	0	88	206	99	72	114	46	0	49	250	179	122	106	119	55	0	5	13	1	0	0	0	0	0	0	0	1	3	4	4	2	
0	0	0	0	1	2	0	0	0	0	2	0	63	101	0	3	0	0	4	0	151	93	0	3	0	1	0	21	205	27	0	1	0	3	0	143	129	0	3	0	3	0	74	199	3	0	0	0	3	0	133	61	0	2	0	0	0	0	0	1	1	0	0	0	
0	0	1	0	21	3	0	0	0	1	0	50	101	0	0	0	1	0	30	101	5	0	0	0	2	0	149	98	17	0	0	0	1	0	38	101	172	99	0	3	0	0	3	0	113	134	0	4	0	0	0	69	79	2	0	0	0	0	0	0	0	0	0	0	
0	0	0	1	1	0	0	0	0	0	3	0	81	190	18	0	0	2	0	29	216	234	27	0	1	0	5	172	101	164	9	0	4	0	136	107	74	123	0	4	0	20	198	63	168	21	0	1	0	15	156	184	60	0	2	0	0	0	1	1	0	1	0	0	
0	0	1	0	0	0	0	0	0	0	0	10	20	5	0	0	1	0	129	170	207	160	0	3	0	0	36	0	164	114	0	4	0	1	0	22	205	23	0	1	0	3	0	72	182	0	2	0	0	3	0	100	161	0	4	0	0	2	0	69	88	0	3	0	
0	0	0	2	0	1	0	0	0	0	0	0	153	189	25	0	0	2	0	166	144	173	87	0	1	0	24	126	45	149	9	0	1	0	104	190	205	29	0	2	0	47	248	210	226	72	0	1	0	7	46	9	75	160	0	1	0	0	0	1	1	0	0	0	
1	0	24	56	25	0	0	0	1	0	35	79	117	36	0	2	0	0	3	0	99	85	0	3	0	1	0	72	142	7	0	0	2	0	95	129	0	0	0	0	3	0	157	147	71	96	31	0	1	0	7	91	141	124	16	0	0	0	1	0	0	0	0	0	
0	0	1	0	26	63	18	0	0	2	0	101	161	194	129	0	0	2	0	103	13	158	90	0	1	1	5	0	136	159	0	0	0	28	173	227	250	56	0	3	0	192	255	147	118	176	0	1	14	127	81	0	5	105	11	0	0	0	0	3	3	0	0	0	
0	0	1	0	32	13	0	0	0	2	0	53	175	11	0	1	0	0	0	150	30	0	1	0	2	0	46	115	8	7	0	0	4	0	92	164	113	102	0	1	3	0	84	123	6	151	10	0	0	0	3	94	118	48	0	2	0	0	0	0	0	0	0	0	
0	0	0	0	0	0	0	0	0	1	0	17	114	130	45	0	0	3	0	115	142	204	90	0	0	2	0	93	189	183	0	0	2	12	0	98	157	162	0	2	12	176	129	58	171	59	0	2	0	28	97	115	63	0	1	0	0	0	0	0	0	1	0	0	
0	0	0	0	2	1	0	0	0	1	0	71	33	0	1	0	0	1	0	57	138	17	0	1	0	0	3	0	46	145	0	2	0	2	0	12	112	77	0	2	2	0	51	133	50	0	1	0	0	40	119	9	0	3	0	0	0	17	13	0	3	0	0	0	
0	0	1	0	20	39	0	1	0	0	2	0	154	74	0	3	0	3	0	101	158	0	3	0	2	0	36	165	30	63	0	0	1	0	162	52	154	193	0	0	1	0	139	225	234	57	0	2	1	0	13	79	41	0	1	0	0	0	1	0	1	2	0	0	
1	0	30	59	5	0	0	0	0	2	111	180	120	0	3	0	0	2	0	31	172	0	2	1	0	1	0	11	164	7	0	0	0	2	0	86	212	70	62	26	0	13	197	218	109	104	144	43	0	30	129	21	0	1	0	0	0	0	0	1	4	4	4	1	
0	0	0	0	2	0	0	0	0	0	0	0	3	138	18	0	0	0	3	0	115	149	0	3	0	1	0	28	204	32	0	2	0	3	0	168	91	0	3	0	3	0	88	165	0	3	0	0	0	13	167	32	0	1	0	0	0	3	4	1	1	0	0	0	
0	2	1	0	0	0	0	0	1	0	22	82	118	40	0	1	0	77	142	59	74	125	0	0	0	129	153	86	224	121	0	2	0	0	44	164	94	132	39	0	0	0	14	88	0	92	28	0	0	0	4	139	174	100	0	2	0	1	0	25	46	0	0	0	
0	0	1	2	0	0	0	0	0	1	0	10	121	145	60	0	1	0	7	163	141	152	194	0	1	0	24	199	95	175	58	0	1	0	18	220	210	13	0	1	0	22	158	115	157	0	4	0	0	43	209	174	74	0	2	0	0	0	45	36	0	1	0	0	
0	0	1	1	0	1	0	0	0	1	0	32	71	19	0	1	2	0	44	102	77	82	0	2	1	0	102	19	5	107	1	0	0	10	96	1	119	107	0	4	1	0	76	87	80	57	0	2	0	0	3	0	87	61	0	2	0	0	3	0	46	24	0	1	
0	0	1	0	0	2	0	0	0	2	0	64	172	171	50	0	2	0	48	177	57	192	66	0	2	0	47	145	187	194	0	0	2	0	36	150	81	189	13	0	18	162	38	0	165	104	0	3	0	108	188	178	105	0	2	0	0	0	4	6	0	2	0	0	
0	0	11	39	0	5	2	0	3	0	106	101	0	3	0	0	0	12	178	19	1	115	49	0	0	46	182	0	111	212	114	0	0	40	196	78	156	128	97	0	2	0	129	255	217	173	11	0	0	0	1	58	73	11	0	1	0	0	2	0	0	1	1	0	
0	0	0	2	0	0	6	0	0	0	1	0	80	120	71	0	0	3	0	119	255	226	13	0	2	0	40	202	65	185	4	0	2	0	147	65	73	145	0	3	0	45	174	44	187	27	0	1	0	11	155	190	49	0	2	0	0	0	0	0	1	1	0	0	
0	0	0	0	3	1	0	0	1	0	6	105	171	129	0	0	2	0	42	66	21	162	13	0	1	0	59	105	223	116	0	3	2	0	86	125	134	136	2	0	0	84	92	0	10	145	16	0	0	42	147	161	172	72	0	3	0	0	0	4	3	0	0	0	
0	0	0	0	0	0	0	0	0	1	0	46	156	203	40	0	0	2	0	115	195	197	16	0	2	0	21	92	224	162	0	2	2	0	44	154	129	180	0	2	44	144	32	58	174	55	0	2	20	164	186	164	44	0	1	0	0	0	0	0	1	2	0	0	
0	0	1	1	0	1	0	0	0	0	0	12	31	1	0	0	1	0	14	121	99	68	0	2	2	0	47	126	37	47	0	1	0	1	0	43	169	27	0	1	0	0	0	9	127	4	0	0	0	2	0	52	100	0	3	0	0	1	0	29	52	0	2	0	
0	0	0	1	3	2	0	0	0	0	0	0	0	0	11	4	0	2	0	42	133	126	148	14	0	5	0	161	169	25	9	0	1	0	19	113	140	45	0	2	0	38	82	84	107	13	0	1	0	67	106	85	25	0	1	0	0	0	0	0	1	1	0	0	
0	0	0	0	0	0	0	0	2	0	67	143	134	16	0	1	2	0	84	161	233	46	0	2	0	3	0	161	193	0	1	0	0	1	0	64	150	121	0	1	0	1	5	0	77	214	7	0	0	9	118	174	202	62	0	2	0	0	25	51	17	0	1	0	
0	0	0	2	1	0	0	0	1	3	1	0	7	32	49	0	1	5	0	39	207	219	52	0	2	0	38	205	146	143	11	0	0	0	142	32	27	135	0	2	0	39	173	31	147	51	0	2	2	0	108	177	88	0	1	0	0	0	0	0	0	1	0	0	
0	0	0	0	1	0	0	0	0	0	96	103	0	1	0	0	0	47	225	195	122	0	4	0	0	49	81	12	185	11	0	1	0	0	0	15	127	0	1	1	0	4	0	125	205	57	2	0	0	0	0	24	69	157	134	13	0	0	0	0	0	0	32	14	
0	0	1	2	0	0	0	0	0	1	0	6	114	213	64	0	0	0	1	172	135	106	162	0	3	0	125	156	0	84	113	0	0	41	173	1	0	153	43	0	0	79	157	19	114	135	0	3	0	10	173	184	151	29	0	1	0	0	0	0	0	1	0	0	
0	0	0	0	0	0	0	0	0	1	0	35	75	0	2	0	0	4	0	105	194	0	2	0	0	3	0	74	180	0	2	0	0	3	0	85	156	0	4	0	0	4	0	109	169	0	4	0	0	3	0	101	148	0	3	0	0	0	0	14	11	0	0	0	
0	0	2	0	45	56	0	2	0	0	0	6	187	55	0	2	0	3	0	127	98	0	3	0	2	0	52	144	60	213	41	0	1	0	146	81	166	171	31	0	2	0	138	231	226	88	0	3	1	0	11	67	63	5	0	0	0	0	1	0	0	1	0	0	
0	0	2	2	6	1	0	0	0	2	0	31	164	87	0	2	1	0	34	80	21	157	49	0	3	0	139	70	0	128	54	0	2	0	119	21	17	148	0	0	3	0	98	61	151	74	0	3	1	0	23	162	94	0	2	0	0	0	0	1	0	1	0	0	
0	0	0	0	1	0	0	0	0	0	1	0	24	83	0	1	0	0	3	0	128	130	0	4	0	1	0	16	184	19	0	1	0	3	0	114	97	0	3	0	2	0	38	146	0	1	0	0	2	0	139	60	0	2	0	0	0	1	32	3	0	0	0	0	
0	0	0	0	5	5	0	0	0	0	0	97	175	77	0	2	2	0	36	196	11	0	1	0	2	0	34	210	135	26	0	1	0	0	0	54	116	170	0	0	1	0	39	44	49	184	3	0	3	0	78	173	142	62	0	2	0	0	0	0	0	0	0	0	
0	0	2	0	55	39	0	1	0	1	0	33	192	20	0	1	0	3	0	169	121	35	2	0	2	0	42	219	151	184	34	0	0	8	158	184	115	150	21	0	0	3	207	240	189	84	0	3	1	0	49	41	14	0	1	0	0	0	0	0	1	2	0	0	
0	0	0	1	0	0	0	0	0	0	0	12	32	0	1	0	0	3	0	110	113	0	3	0	2	0	30	223	164	14	0	1	1	0	10	83	135	8	0	1	0	1	0	39	101	0	3	0	0	2	0	55	113	0	3	0	0	1	0	25	34	0	1	0	
0	0	1	2	0	1	0	0	0	1	0	19	92	21	0	1	1	0	21	146	143	168	0	1	3	0	74	136	52	169	0	1	1	0	8	148	243	53	0	3	0	3	0	84	154	0	3	0	1	0	31	161	16	0	1	0	2	0	43	51	0	2	0	0	
0	0	1	0	0	0	0	0	0	1	0	64	152	134	19	0	3	0	78	255	213	250	120	0	2	0	192	178	0	185	109	0	0	31	198	0	59	236	35	0	0	47	190	52	233	79	0	3	0	0	172	255	130	0	3	0	0	0	6	34	2	1	0	0	
0	0	0	1	0	0	0	0	0	0	0	13	12	29	117	32	0	2	0	144	152	194	206	7	3	0	63	246	144	16	13	0	0	0	204	121	177	55	0	3	0	16	70	52	174	12	0	1	0	63	178	167	39	3	0	0	0	1	20	7	0	1	0	0	
0	0	2	1	2	3	0	0	0	1	0	16	13	0	0	0	2	0	54	151	153	114	0	2	0	0	174	117	222	140	0	4	1	0	107	119	162	81	0	3	0	0	2	0	153	35	0	1	0	0	5	0	166	46	0	2	0	0	3	0	113	71	0	3	
0	0	0	0	0	1	0	0	0	1	0	21	135	156	7	0	0	0	1	146	145	184	22	0	2	0	17	115	182	142	0	4	0	0	6	75	129	180	0	3	56	130	11	33	133	57	0	2	20	120	172	128	25	0	1	0	0	0	3	0	1	2	0	0	
0	0	0	4	4	0	0	0	0	0	73	105	139	6	0	0	0	16	71	50	112	0	2	0	0	1	0	128	139	39	0	1	0	2	19	0	16	136	22	0	0	9	129	18	0	124	24	0	2	0	68	146	118	48	0	2	0	0	0	5	7	0	0	0	
0	0	1	2	0	1	1	0	0	1	0	3	76	26	0	1	1	0	18	162	153	190	60	0	1	0	185	91	1	222	54	0	1	0	164	145	209	183	0	2	1	0	7	127	225	36	0	2	0	2	0	181	137	0	3	0	0	0	5	99	17	0	1	0	
0	0	2	1	0	0	0	0	0	0	3	0	49	59	0	2	2	0	49	29	111	79	0	3	1	0	133	12	116	56	0	2	0	12	151	50	154	61	0	2	1	0	23	25	145	59	0	2	0	0	3	0	112	61	0	2	0	0	2	0	17	13	0	0	
0	0	0	2	1	2	2	0	0	0	1	2	0	39	97	0	0	1	0	52	0	121	54	0	2	0	33	194	110	95	0	3	1	0	170	156	242	48	0	2	0	33	85	88	115	0	1	0	1	0	16	122	3	0	0	0	0	0	6	5	1	1	0	0	
0	0	2	3	4	4	0	0	0	0	0	0	0	0	0	0	2	0	116	168	130	105	5	0	0	67	216	57	77	200	60	0	0	34	89	0	22	168	11	0	0	0	4	0	117	103	0	3	0	2	0	21	160	10	0	0	0	3	0	115	90	0	3	0	
0	0	0	3	3	0	0	0	0	0	1	1	0	14	54	0	0	2	0	66	118	218	121	0	1	0	14	226	150	40	3	0	3	0	156	94	138	42	0	2	0	8	70	63	140	6	0	0	0	84	99	124	12	0	1	0	0	8	16	2	1	1	0	0	
0	0	3	43	0	0	0	0	1	0	39	146	0	6	2	0	4	0	121	99	0	3	0	0	2	0	153	43	26	147	75	0	2	0	152	104	152	65	150	13	3	0	65	213	117	76	100	4	0	1	0	30	87	74	5	0	0	0	1	0	0	0	2	0	
0	0	0	2	0	0	0	0	0	0	0	6	92	96	76	0	0	1	0	147	140	206	124	0	1	0	6	196	201	122	0	0	1	0	13	193	219	41	0	2	1	0	163	75	124	90	0	3	0	50	186	103	164	15	0	1	0	9	44	60	12	0	1	0	
0	0	0	0	0	0	0	0	0	0	2	0	106	31	0	1	0	1	0	16	158	9	0	1	0	2	0	67	108	0	3	0	0	3	0	120	55	0	2	0	0	1	0	136	48	0	1	0	0	1	0	124	53	0	2	0	0	0	0	0	0	0	0	0	
0	0	0	0	68	10	0	0	0	1	0	26	202	19	0	1	0	3	0	155	145	0	3	0	3	0	82	210	12	157	78	0	0	21	204	41	128	210	115	0	0	29	206	166	208	176	46	0	0	0	65	86	79	48	0	1	0	0	0	0	0	0	0	0	
0	0	1	1	0	0	0	0	1	125	198	196	150	7	0	1	8	64	33	28	213	94	0	3	0	0	0	0	207	84	0	3	0	5	0	136	187	30	22	0	2	0	49	251	221	242	66	0	3	0	76	213	171	62	0	1	0	0	0	0	0	0	0	0	
0	0	0	2	0	1	1	0	0	0	1	0	18	12	0	0	0	3	0	125	209	185	38	0	3	0	92	210	10	185	41	0	3	0	93	48	113	134	0	3	0	3	0	81	190	0	0	0	1	0	15	200	49	0	2	0	2	0	53	124	0	3	0	0	
0	0	1	1	0	2	1	0	0	1	0	24	67	0	48	46	1	0	24	160	37	34	138	15	4	0	154	172	109	207	30	0	1	0	35	81	227	91	0	4	0	0	0	160	136	0	3	0	3	0	126	165	0	3	0	0	1	0	32	10	0	1	0	0	
0	0	0	0	2	22	0	0	0	0	1	0	38	152	0	2	0	0	4	0	132	123	0	4	0	1	0	13	205	41	0	2	1	0	0	191	141	0	3	0	3	0	160	202	0	0	1	0	1	0	114	41	0	2	0	0	0	0	0	2	1	0	0	0	
0	0	0	2	0	33	31	0	0	0	1	2	124	196	147	4	0	1	0	159	167	8	3	2	3	0	90	155	0	2	1	0	1	0	165	45	122	147	0	0	0	4	179	144	251	170	0	0	2	0	59	152	67	0	0	0	0	0	0	0	0	2	0	0	
0	0	0	0	2	24	0	0	0	0	2	0	65	123	0	3	0	0	4	0	147	87	0	3	0	1	0	11	182	22	0	1	0	3	0	121	148	0	3	0	3	0	80	226	22	0	1	0	2	0	101	68	0	2	0	0	0	0	0	1	1	0	0	0	
0	0	0	0	0	0	0	0	0	15	97	136	53	0	1	0	0	50	50	37	174	1	0	0	2	0	73	213	150	7	0	1	1	0	59	121	109	159	12	0	1	0	28	14	0	100	95	0	2	0	37	121	94	159	69	0	0	1	0	16	65	50	0	0	
0	0	1	1	1	0	0	0	0	1	0	7	4	11	7	0	1	0	22	199	160	192	88	0	0	15	212	110	30	213	39	0	0	102	152	0	128	140	0	3	0	9	0	38	185	7	0	1	1	0	17	179	61	0	2	0	3	0	116	131	0	4	0	0	
0	0	1	1	1	1	0	0	0	2	0	68	20	40	41	0	1	0	32	137	36	149	11	0	4	0	132	54	104	57	0	2	3	0	91	140	152	72	54	0	0	1	0	162	128	52	9	0	0	2	0	105	24	0	1	0	0	0	0	23	5	2	0	0	
0	0	1	1	0	0	2	0	0	2	0	8	70	56	0	0	1	0	12	208	240	252	114	0	0	22	201	243	33	119	226	0	0	190	169	0	0	185	187	0	0	208	191	108	214	215	26	0	0	29	154	194	136	6	0	1	0	0	0	0	0	2	2	0	
0	0	0	0	13	16	0	1	0	0	2	0	121	49	0	2	0	2	0	54	132	0	2	0	0	2	0	152	69	0	2	0	2	0	52	154	109	54	0	2	3	0	84	116	121	54	0	2	1	0	17	136	64	0	2	0	0	0	0	0	1	1	0	0	
0	0	0	1	0	0	0	0	0	0	1	0	150	119	0	3	0	2	0	36	255	117	0	4	0	4	0	124	255	49	0	3	1	0	4	217	218	12	0	1	3	0	67	255	82	0	3	0	3	0	87	203	17	0	1	0	0	0	0	0	1	0	0	0	
0	0	1	0	1	1	0	0	0	0	7	34	9	0	0	0	0	6	120	106	120	12	0	1	0	26	154	67	171	91	0	4	1	0	32	13	91	98	0	4	0	0	3	0	86	103	0	4	0	0	5	0	97	110	0	4	0	0	2	0	50	67	0	2	
0	0	0	0	0	0	0	0	0	2	0	88	234	151	0	1	0	3	0	64	161	252	36	0	1	0	30	58	114	235	15	0	0	26	223	255	255	131	0	4	0	90	255	247	241	129	0	3	0	64	225	131	11	15	0	0	0	0	0	0	0	0	0	0	
0	0	0	0	0	0	0	0	0	1	0	48	8	0	0	0	0	3	0	95	44	0	2	0	0	3	0	76	83	0	3	0	0	2	0	61	84	0	3	0	0	1	0	32	95	0	2	0	0	1	0	20	90	0	2	0	0	0	0	1	7	0	0	0	
0	0	0	0	0	0	0	0	0	13	178	219	163	33	0	1	0	12	120	215	255	121	0	4	3	0	57	240	240	214	33	0	0	134	79	0	48	255	118	0	0	120	250	118	211	251	49	0	0	6	141	229	155	34	0	1	0	1	0	0	0	0	1	0	
0	1	3	3	3	2	0	0	0	0	0	0	0	0	0	0	0	19	74	74	85	50	0	0	18	180	200	190	187	228	131	0	4	17	0	0	0	179	94	0	0	2	0	34	189	109	0	2	2	0	30	212	65	0	4	0	1	0	33	66	0	3	0	0	
0	0	1	1	0	1	0	0	0	1	1	1	0	39	66	0	1	0	23	39	0	177	134	0	0	0	185	110	9	248	53	0	19	211	255	179	195	197	0	0	14	64	15	161	241	24	0	2	0	3	0	112	99	0	3	0	0	3	2	1	0	1	0	0	
0	0	0	0	0	0	0	0	0	0	1	78	147	26	0	1	2	0	41	159	201	75	0	3	0	2	0	53	206	22	0	1	0	3	0	108	255	62	0	3	0	2	0	83	219	37	0	2	0	0	162	200	39	0	2	0	0	0	39	14	0	2	0	0	
0	0	0	1	2	4	0	0	0	0	3	1	0	0	10	21	0	0	0	5	59	152	188	104	2	0	83	215	62	63	25	0	0	5	177	222	163	0	1	1	0	4	135	195	164	2	1	1	0	0	5	17	0	0	0	0	0	1	2	0	2	0	0	0	
0	0	0	0	0	0	0	0	0	19	188	209	216	96	0	2	0	53	255	253	255	87	0	3	3	0	110	255	251	118	1	0	0	30	198	251	249	255	91	0	0	66	255	253	252	255	202	0	0	8	90	177	211	211	112	0	0	0	0	0	0	0	0	0	
0	0	2	0	18	20	0	1	0	1	0	19	221	206	0	0	1	0	8	202	233	100	3	0	4	0	136	255	119	45	12	0	0	30	237	248	240	255	147	0	0	54	255	254	255	230	80	0	0	6	128	140	90	18	0	1	0	0	0	0	0	1	2	0	
0	0	0	0	0	0	0	0	0	1	0	77	114	90	0	1	0	0	0	57	159	131	0	3	0	2	0	41	147	0	0	0	0	2	0	67	96	0	3	0	0	2	0	48	174	0	0	0	1	0	123	185	58	0	2	0	1	0	40	25	0	1	0	0	
0	3	4	1	0	0	0	0	0	0	0	0	39	64	2	0	0	105	172	224	249	255	50	0	0	149	211	159	179	255	45	0	0	1	0	12	233	205	0	0	0	6	0	126	255	64	0	3	1	0	8	237	188	0	2	0	0	0	1	101	53	0	2	0	
0	0	1	0	0	0	0	0	0	0	0	8	49	35	0	1	1	0	42	102	85	105	0	2	0	0	18	0	75	72	0	3	0	0	2	0	129	30	0	1	0	2	0	56	116	0	3	0	0	0	0	138	32	0	1	0	0	0	11	49	0	1	0	0	
0	0	1	0	0	0	1	0	0	1	0	88	161	66	0	2	4	0	125	243	217	251	29	0	4	0	119	232	210	146	9	0	1	0	12	233	239	16	0	1	3	0	85	236	232	126	0	4	4	0	89	247	219	75	0	3	0	0	0	38	27	0	1	0	
0	0	3	3	0	0	1	0	0	1	1	0	42	112	27	0	2	0	60	188	185	159	175	0	0	63	237	102	8	0	164	46	0	157	114	0	0	62	192	10	0	134	188	38	107	221	64	0	0	18	157	196	153	30	0	2	0	0	0	0	0	1	2	0	
0	0	1	1	0	0	0	0	0	1	0	31	96	49	0	1	3	0	58	197	148	142	0	2	4	0	89	205	148	109	0	3	0	1	0	65	248	117	0	4	0	2	0	40	227	32	0	2	0	3	0	179	150	0	3	0	0	1	0	79	27	0	1	0	
0	0	0	2	0	0	0	0	0	20	139	156	95	0	2	0	0	19	47	34	136	0	3	0	1	0	0	167	162	6	0	1	0	0	12	63	68	142	9	0	1	0	24	47	0	150	34	0	1	0	29	162	164	80	0	2	0	0	0	7	6	0	0	0	
0	0	4	1	0	2	2	0	0	3	0	70	121	10	0	1	1	0	106	236	255	209	30	0	0	97	242	128	122	237	164	0	0	212	106	0	55	248	164	0	0	154	240	230	255	202	31	0	0	1	70	110	49	2	0	0	0	1	0	0	0	2	1	0	
0	0	0	0	0	6	3	0	0	118	30	0	0	109	40	0	0	219	98	0	21	198	20	0	0	156	126	0	107	245	31	0	0	60	255	253	251	255	141	0	0	59	193	94	87	236	98	0	0	3	5	0	0	94	37	0	0	0	2	4	4	1	0	0	
0	0	0	1	0	0	0	0	0	1	0	8	174	45	0	2	0	3	0	73	255	74	0	3	0	2	0	183	245	24	0	2	1	0	4	228	184	0	2	0	3	0	66	255	168	0	3	0	3	0	57	207	72	0	2	0	0	0	0	0	0	0	0	0	
0	1	1	0	0	1	7	0	0	0	7	31	65	130	90	0	0	35	163	115	72	32	4	0	0	83	179	61	50	7	0	0	0	36	137	97	106	147	61	0	0	0	5	3	0	159	118	0	2	0	89	168	154	115	7	0	0	0	0	8	4	0	1	0	
0	0	0	0	0	1	0	0	0	0	1	56	161	99	0	3	1	0	36	193	248	135	0	3	0	0	12	41	116	203	0	1	0	22	194	203	246	224	19	0	0	83	233	160	229	138	42	0	0	33	197	169	40	0	1	0	0	0	0	0	1	4	1	0	
0	0	0	0	0	1	0	0	1	0	20	76	34	0	0	0	2	0	46	97	97	67	0	3	0	0	3	0	94	71	0	3	0	1	0	25	152	4	0	0	0	3	0	108	72	0	2	0	2	0	43	116	0	2	0	0	2	0	44	31	0	1	0	0	
0	0	0	0	0	0	0	0	0	0	137	208	150	28	0	1	1	0	105	181	255	104	0	4	3	0	116	251	255	153	3	0	0	12	79	60	72	255	111	0	0	122	185	56	182	248	48	0	0	32	178	231	184	53	0	2	0	0	0	0	0	0	1	0	
0	0	0	0	0	0	0	0	0	5	79	189	151	21	0	1	0	42	203	169	255	104	0	4	0	2	0	166	215	5	0	1	3	0	95	240	32	27	82	23	0	1	216	239	203	235	172	35	0	0	110	141	82	20	0	0	0	0	0	0	0	0	3	1	
0	0	2	0	0	1	0	0	0	0	7	37	0	10	105	10	3	0	80	223	0	103	208	0	0	24	240	174	41	244	102	0	0	61	245	234	255	193	0	0	1	1	5	151	255	51	0	2	0	3	0	176	155	0	4	0	0	1	0	21	14	0	0	0	
0	0	0	3	0	34	16	0	0	0	3	0	91	185	19	0	0	2	0	138	145	7	0	1	3	0	86	161	6	41	6	0	4	0	140	146	135	242	40	0	3	0	167	230	148	128	0	0	2	0	75	120	52	0	0	0	0	0	0	0	0	3	0	0	
0	0	0	3	4	3	1	0	0	0	1	0	0	0	0	2	0	0	0	80	142	143	157	83	3	0	120	255	152	60	25	2	0	6	43	85	190	5	0	1	0	0	141	160	201	22	0	1	1	0	30	94	20	0	1	0	0	0	0	0	1	1	0	0	
0	0	1	0	0	1	1	0	0	0	4	53	72	33	0	1	2	0	101	101	27	109	31	0	0	3	104	0	37	133	8	0	1	0	83	98	181	55	0	2	0	0	0	22	129	2	0	0	0	2	0	62	119	0	3	0	0	1	0	29	34	0	1	0	
0	0	3	0	31	86	0	1	0	2	0	78	252	143	0	3	3	0	84	255	122	0	2	1	0	24	246	129	1	30	5	0	0	41	248	208	235	255	185	0	0	69	255	253	253	255	159	0	0	20	38	55	74	38	1	0	0	0	0	0	0	0	2	0	
0	0	0	0	0	0	0	0	0	0	0	13	86	6	0	0	0	2	0	29	250	52	0	3	0	3	0	100	244	21	0	1	1	0	0	212	209	0	1	0	3	0	46	255	95	0	3	0	2	0	41	180	9	0	1	0	0	0	0	10	1	0	0	0	
0	3	4	4	1	0	0	0	0	0	0	0	0	14	5	0	2	72	122	154	199	251	122	0	12	188	231	179	177	255	97	0	0	0	2	0	172	230	5	0	0	3	0	82	255	112	0	4	1	0	0	209	231	17	0	1	0	0	0	160	93	0	2	0	
0	1	0	27	52	0	2	0	0	3	0	137	69	0	2	0	0	0	10	147	5	0	1	0	2	0	54	138	10	52	0	0	3	0	75	196	97	160	24	0	1	0	27	183	102	124	33	0	0	1	0	19	91	30	0	1	0	0	1	2	0	0	1	0	
0	0	1	1	0	0	0	0	0	1	0	16	93	160	106	0	1	0	23	209	233	168	148	14	2	0	30	236	215	41	0	2	2	0	36	254	196	0	4	1	0	1	201	170	196	15	0	1	0	13	224	227	168	0	0	1	1	0	29	54	6	0	0	0	
0	0	1	0	52	12	0	0	0	1	0	26	135	0	1	0	0	3	0	135	134	13	0	1	2	0	41	195	118	166	41	0	3	0	146	71	0	147	60	0	2	0	149	141	148	116	0	1	1	0	9	79	54	0	0	0	0	0	1	0	0	2	0	0	
0	0	3	1	0	0	0	0	0	1	0	23	90	40	0	1	2	0	68	193	172	214	20	0	0	0	211	156	51	237	40	0	2	0	45	162	255	160	0	3	0	3	0	97	238	26	0	2	1	0	18	239	91	0	3	0	1	0	12	87	5	0	0	0	
