500	64	10
0	0	1	0	0	0	0	0	0	0	0	62	134	119	13	0	1	0	158	134	32	186	97	0	1	0	74	126	160	167	26	0	1	0	0	175	231	36	0	2	4	0	120	178	148	35	0	1	4	0	137	218	73	0	2	0	0	0	11	17	0	1	0	0	
0	0	0	0	0	0	0	0	0	1	0	29	139	104	0	0	0	4	0	98	255	243	45	0	1	0	13	202	79	149	56	0	4	0	140	105	15	182	2	0	0	40	175	19	183	86	0	3	0	39	204	213	103	0	2	0	1	0	37	28	0	2	0	0	
0	0	0	0	0	0	0	0	2	0	39	164	104	0	0	0	2	0	60	135	207	70	0	3	0	1	0	126	243	61	0	3	0	0	3	48	129	114	0	4	3	0	116	63	92	124	0	4	3	0	59	235	228	44	0	2	0	1	0	25	36	0	1	0	
0	0	0	0	0	0	0	0	1	0	12	91	120	115	12	0	2	0	147	133	68	195	16	0	0	0	18	60	212	127	0	4	2	0	108	177	98	185	4	0	0	6	17	0	120	174	0	2	0	30	181	165	166	17	0	1	1	0	43	46	0	1	0	0	
0	0	0	0	0	0	0	0	1	0	10	85	116	95	0	0	2	0	124	83	43	169	5	0	1	0	13	63	176	66	0	3	1	0	12	116	68	128	18	0	0	0	1	0	19	138	8	0	0	68	102	93	115	38	0	2	0	14	61	44	4	0	1	0	
0	0	1	4	3	0	0	0	0	0	1	0	0	11	3	0	0	12	200	135	108	186	6	0	0	18	188	73	165	145	0	4	0	0	16	0	128	80	0	3	0	0	0	12	162	14	0	1	0	3	0	70	203	0	0	1	0	3	0	74	111	0	2	0	
0	0	1	0	64	16	0	1	0	1	0	38	137	0	0	0	0	3	0	106	81	0	3	0	0	1	0	126	66	34	0	1	1	0	27	169	103	178	38	0	2	0	32	231	159	114	4	0	1	0	8	67	54	0	0	0	0	0	0	0	0	3	1	0	
0	0	0	15	20	0	1	0	0	3	0	133	81	0	3	0	1	0	35	159	0	0	0	0	4	0	110	80	82	197	38	0	2	0	136	92	216	157	7	0	3	0	100	211	157	0	1	1	0	0	0	25	61	0	2	0	0	0	1	0	1	1	0	0	
0	0	0	0	0	0	0	0	0	0	0	13	72	0	1	0	0	3	0	75	118	0	3	0	0	3	0	89	95	0	3	0	0	2	0	55	113	0	3	0	0	1	0	23	145	0	1	0	0	0	1	0	130	22	0	1	0	0	0	0	20	3	0	0	
0	0	0	0	1	0	0	0	0	0	1	0	42	90	0	2	0	0	4	0	139	134	0	4	0	0	0	6	190	32	0	1	0	3	0	86	158	0	3	0	0	2	0	164	76	0	2	0	2	0	45	172	0	1	0	0	0	0	13	21	0	1	0	0	
0	0	0	4	3	0	0	0	2	0	46	165	123	0	0	0	1	0	31	15	120	54	0	2	0	0	2	0	141	44	0	2	0	1	0	11	164	13	0	1	1	0	24	7	142	77	0	3	2	0	44	142	132	20	0	1	0	0	0	1	1	0	0	0	
0	0	0	0	0	0	1	0	1	0	8	103	149	100	0	1	4	0	98	157	39	52	9	0	3	0	176	181	127	133	160	0	1	0	65	53	0	79	155	0	0	122	56	32	143	178	22	0	0	80	166	155	89	6	0	1	0	0	0	0	0	2	1	0	
0	0	3	8	0	1	0	0	0	53	172	152	98	1	0	0	0	57	57	0	148	106	0	4	1	0	23	85	200	86	0	3	2	0	62	239	181	123	0	1	0	0	30	18	82	200	1	0	3	0	87	188	188	57	0	2	0	0	0	5	1	0	0	0	
0	0	0	0	0	0	0	0	0	0	7	86	116	114	12	0	2	0	43	238	105	24	5	0	4	0	108	200	159	68	0	2	1	0	32	3	47	185	0	1	0	6	9	0	119	138	0	3	0	38	165	153	136	11	0	1	0	0	44	33	0	1	0	0	
0	2	0	0	0	0	0	0	0	0	0	16	23	0	0	0	0	106	150	119	146	121	0	3	0	29	15	0	82	131	0	4	0	0	3	0	133	68	0	3	0	1	0	0	154	23	0	1	0	1	0	15	153	3	0	0	0	0	0	9	119	4	0	0	
0	0	1	2	0	3	0	0	0	0	0	7	22	1	0	0	1	0	19	134	195	153	15	0	4	0	123	134	150	186	0	1	1	0	33	104	196	60	0	3	0	1	0	38	155	0	2	0	0	3	0	154	98	0	3	0	0	0	5	131	10	0	0	0	
0	1	2	0	0	0	2	0	1	1	1	123	180	96	0	0	0	3	178	208	129	241	94	0	0	153	191	0	0	57	203	0	0	204	141	0	0	59	199	0	0	30	217	139	74	234	93	0	1	0	21	162	182	86	0	2	0	2	1	0	0	0	2	0	
0	0	0	2	0	0	0	0	0	0	0	2	121	70	0	2	0	0	0	150	163	152	0	2	1	0	15	170	92	98	0	2	0	2	0	173	161	0	1	0	3	0	69	175	111	0	4	0	2	0	120	165	39	0	2	0	1	0	18	40	0	1	0	0	
0	0	2	0	1	0	1	0	0	2	0	84	196	138	7	0	3	0	117	238	33	147	128	0	0	45	211	124	21	0	150	14	0	125	131	0	1	21	151	6	0	151	134	0	67	171	74	0	0	31	167	162	140	43	0	2	0	0	3	8	0	0	2	0	
0	0	0	2	0	0	0	0	0	0	0	3	137	195	13	0	0	3	0	139	201	203	36	0	3	0	69	143	0	179	37	0	2	0	155	33	43	184	0	1	0	24	158	17	188	97	0	3	0	2	144	187	92	0	2	0	0	0	2	2	0	2	0	0	
0	0	1	0	2	1	1	0	0	3	0	131	188	79	0	2	1	0	28	198	32	134	49	0	3	0	106	107	0	75	71	0	0	0	161	29	0	95	72	0	1	0	172	55	48	163	15	0	2	0	55	183	154	34	0	2	0	0	0	3	1	1	1	0	
0	0	1	1	0	0	0	0	0	0	0	10	30	8	0	0	0	0	4	117	183	139	0	4	2	0	64	140	158	104	0	4	1	0	14	112	199	30	0	1	0	1	0	38	141	0	2	0	0	2	0	146	77	0	3	0	1	0	23	131	6	0	0	0	
0	0	2	1	0	0	0	0	0	1	0	26	70	15	0	1	2	0	63	112	172	118	0	4	0	25	169	92	154	115	0	4	0	37	172	60	81	87	0	3	0	0	3	0	122	49	0	2	0	1	1	1	182	36	0	2	0	0	0	4	78	11	0	1	
0	0	2	0	0	0	0	0	0	2	0	93	191	160	0	1	3	0	128	157	46	193	18	0	0	64	165	0	0	110	114	0	0	146	51	0	0	69	153	0	0	164	54	0	74	199	86	0	0	64	172	159	160	54	0	2	0	0	4	8	0	0	2	0	
0	0	0	0	3	2	0	0	0	16	64	6	0	0	0	0	0	12	148	160	136	48	0	2	0	0	1	0	95	97	0	3	0	1	5	0	101	35	0	1	0	1	0	16	126	0	0	0	0	2	0	69	126	0	3	0	0	1	0	41	66	0	2	0	
0	0	0	0	0	0	0	0	0	0	3	0	105	57	0	2	0	0	1	0	165	36	0	1	0	1	0	27	151	0	0	0	0	3	0	73	123	0	3	0	0	4	0	139	107	0	3	0	0	2	0	143	59	0	2	0	0	0	0	0	0	0	0	0	
0	0	1	1	0	2	0	0	0	0	0	14	12	11	43	0	0	1	0	161	38	115	99	0	4	0	108	233	142	144	0	1	2	0	46	119	208	25	0	1	0	3	0	95	139	0	3	0	1	0	15	171	26	0	1	0	1	0	25	51	0	2	0	0	
0	0	0	0	4	2	0	0	0	2	0	57	174	101	0	3	0	1	0	86	75	146	0	2	0	0	4	0	145	80	0	3	0	2	0	104	128	0	2	0	2	0	82	250	96	2	0	0	0	0	115	60	140	109	0	3	0	0	0	0	0	4	0	0	
0	3	4	4	1	0	0	0	0	0	0	0	2	15	1	0	0	78	84	106	124	177	43	0	0	99	174	61	4	131	20	0	1	0	60	121	130	201	74	0	0	2	2	0	98	85	0	2	0	0	4	0	132	31	0	1	0	0	0	6	98	2	0	0	
0	0	0	0	0	0	0	0	0	0	77	148	134	26	0	1	0	84	190	40	141	113	0	4	0	7	53	146	218	74	0	3	2	0	75	105	65	155	0	0	1	0	37	9	0	166	19	0	3	0	139	211	173	126	0	1	0	0	2	51	58	4	0	0	
0	1	1	0	0	0	0	0	1	0	23	117	138	14	0	1	0	14	215	255	239	26	0	2	0	0	144	255	226	31	0	2	2	0	42	197	255	180	0	1	0	1	0	131	255	235	21	0	3	0	55	247	237	108	0	1	0	0	0	26	26	0	1	0	
0	0	2	0	0	2	1	0	0	1	1	0	1	105	10	0	2	0	73	16	37	122	0	3	0	21	164	0	100	90	0	3	0	84	161	99	197	107	0	0	0	5	0	39	182	2	1	0	0	2	0	53	122	0	2	0	0	0	0	0	0	0	0	0	
0	0	0	0	0	2	0	0	2	0	108	132	39	0	1	0	2	0	101	204	247	89	0	4	0	0	28	40	179	214	0	0	0	102	255	252	252	242	194	18	0	82	247	231	119	17	66	18	1	0	32	23	0	0	0	0	0	2	0	0	3	2	3	1	
0	0	1	1	0	0	5	1	0	1	0	74	102	105	110	0	3	0	72	161	86	75	8	0	3	0	100	169	91	109	1	0	0	7	2	6	0	118	55	0	0	105	124	0	0	149	39	0	0	20	144	141	128	95	0	1	0	0	0	7	9	0	1	0	
1	0	22	38	0	2	0	0	2	0	45	56	0	3	0	0	2	0	44	40	0	7	0	0	2	0	45	54	86	121	0	0	1	0	13	160	50	98	4	0	0	2	0	139	163	55	0	2	0	0	0	7	55	4	0	0	0	0	0	2	0	1	0	0	
0	2	0	99	37	0	1	0	1	0	32	167	2	1	1	0	4	0	113	104	0	3	1	0	3	0	151	45	3	48	0	0	3	0	163	80	154	211	113	0	2	0	42	166	230	174	103	0	0	0	0	0	16	10	0	0	0	0	2	2	0	1	2	0	
0	0	0	0	1	0	0	0	0	0	0	8	93	0	0	0	0	1	0	40	104	0	3	0	0	2	0	64	86	0	3	0	0	3	0	84	98	0	3	0	0	2	0	57	112	0	3	0	0	1	0	27	91	0	2	0	0	0	0	0	0	0	0	0	
0	0	0	1	1	0	0	0	0	16	9	0	0	5	2	0	0	108	186	152	162	201	27	0	0	0	22	18	67	192	0	0	0	0	3	0	146	133	0	4	0	2	0	30	219	33	0	2	0	3	0	140	163	0	4	0	0	2	0	125	73	0	2	0	
0	0	0	11	85	1	0	0	0	3	0	121	169	0	4	0	2	0	56	207	15	0	1	0	2	0	185	72	59	173	27	0	0	34	179	67	170	144	135	0	0	2	168	236	214	168	60	0	1	0	20	77	67	18	0	1	0	0	1	0	0	1	2	0	
0	0	0	0	0	2	0	0	0	0	3	62	50	20	37	0	4	0	122	141	95	198	71	0	3	0	79	110	106	131	0	1	1	0	0	216	148	0	3	0	3	0	79	166	105	0	3	0	3	0	61	165	170	0	0	0	0	1	0	73	85	0	1	0	
0	0	1	1	0	0	0	0	0	0	2	62	148	72	0	3	2	0	59	139	70	171	0	3	3	0	147	67	14	174	0	0	1	0	196	39	58	175	0	2	3	0	153	161	196	88	0	3	2	0	27	198	123	0	2	0	0	0	1	0	0	1	0	0	
0	0	1	1	0	1	0	0	0	1	0	15	28	0	0	0	2	0	38	147	137	57	0	2	2	0	138	29	51	147	0	3	2	0	101	105	155	60	0	2	0	0	3	7	131	19	0	1	0	0	1	2	142	10	0	0	0	0	0	9	112	3	0	0	
0	0	0	0	0	0	0	0	1	0	25	20	48	14	0	0	3	0	163	72	99	45	0	2	4	0	132	45	110	68	0	2	4	0	111	133	179	91	0	2	0	0	8	59	151	63	0	3	0	0	3	0	78	84	0	3	0	0	1	1	13	11	0	0	
0	0	2	1	0	0	1	0	0	2	0	12	75	36	0	1	2	0	70	160	123	217	48	0	0	67	161	20	0	95	148	0	0	145	24	0	0	16	158	3	0	155	67	13	40	115	97	0	0	40	118	102	111	40	0	0	0	0	0	0	0	0	2	0	
0	0	6	0	0	0	0	0	1	0	103	167	94	0	2	0	0	0	7	22	174	33	0	1	0	0	0	1	137	16	0	1	0	2	0	67	117	0	3	0	0	1	0	152	91	108	27	0	1	0	16	181	141	43	2	0	0	0	0	2	3	0	0	0	
0	0	0	0	0	0	0	0	0	0	3	0	135	51	0	2	0	1	0	22	199	20	0	1	0	3	0	84	155	0	3	0	0	4	0	157	88	0	3	0	1	0	14	210	34	0	1	0	2	0	41	170	1	0	0	0	0	0	0	0	0	0	0	0	
0	0	0	0	0	0	0	0	0	0	2	0	74	64	0	2	0	0	3	0	174	79	0	3	0	1	0	11	176	17	0	1	0	3	0	91	154	0	3	0	0	2	0	177	65	0	2	0	1	0	12	180	15	0	1	0	0	0	2	19	0	0	0	0	
0	0	1	0	44	49	0	0	0	2	0	125	165	168	43	0	0	0	2	62	0	105	80	0	0	0	1	15	1	148	40	0	0	4	130	143	226	156	0	3	0	75	194	106	155	161	9	0	0	25	136	88	4	16	4	0	0	0	0	0	3	1	0	0	
0	2	3	4	4	4	1	0	0	0	0	0	0	0	0	0	0	121	164	146	145	158	36	0	0	34	70	68	106	204	6	0	0	0	3	0	119	140	0	4	0	2	2	3	188	49	0	2	0	1	0	39	185	0	0	0	0	1	0	39	148	0	2	0	
0	0	0	5	13	0	0	0	2	0	42	127	124	101	0	2	0	0	14	0	52	149	0	3	2	0	61	188	204	40	0	2	4	0	136	131	79	92	0	3	0	0	151	17	61	136	0	3	2	0	84	191	160	29	0	1	0	0	0	3	1	0	0	0	
0	0	0	5	23	1	4	0	0	3	0	120	112	0	3	0	2	0	63	199	0	99	126	0	2	0	187	65	47	229	191	0	0	58	179	18	181	184	82	0	0	70	183	143	240	117	0	1	1	0	97	156	68	1	1	0	0	0	0	0	0	2	0	0	
0	1	0	0	0	0	0	0	0	5	21	1	0	70	45	0	0	62	126	0	4	159	22	0	0	132	100	10	67	137	0	3	14	183	129	110	203	174	3	0	2	5	3	0	154	119	0	0	0	1	5	0	189	123	0	2	0	1	0	0	30	10	0	0	
0	1	1	1	5	0	0	0	1	0	25	131	108	32	0	1	0	26	141	36	70	160	51	0	0	76	147	26	23	116	17	0	0	1	72	123	203	143	3	0	0	1	0	121	44	141	61	0	0	1	0	112	137	82	0	1	0	0	0	4	7	0	1	0	
0	1	2	0	0	0	0	0	0	0	2	27	9	104	76	0	0	5	167	145	129	139	33	0	0	10	165	155	127	33	0	2	0	0	9	26	73	151	0	2	0	11	171	9	27	151	0	1	1	0	136	179	178	73	0	3	0	0	2	56	46	0	0	0	
0	0	1	1	0	0	0	0	0	1	0	79	134	73	0	2	2	0	46	77	2	147	28	0	2	0	56	97	72	124	0	0	1	0	7	185	144	9	0	1	3	0	112	134	67	0	3	0	1	0	22	125	183	12	0	1	0	0	0	8	40	5	0	0	
0	0	2	0	74	26	0	1	0	3	0	81	211	14	0	1	2	0	41	177	11	0	1	0	2	0	151	79	104	135	16	0	0	4	172	179	88	150	85	0	3	0	136	255	166	161	31	0	0	0	0	51	93	31	0	1	0	0	2	0	0	1	1	0	
0	0	0	0	0	0	0	0	0	35	139	109	41	0	1	0	0	34	72	66	168	10	0	1	0	1	0	159	97	0	2	0	0	2	0	26	130	87	0	1	0	0	3	20	0	138	78	0	1	0	27	166	104	127	20	0	0	0	0	30	55	10	0	1	
0	0	1	0	0	0	0	0	1	0	28	19	4	7	1	0	0	0	175	136	150	174	0	0	0	7	43	0	100	107	0	3	0	0	0	7	167	20	0	1	0	3	0	93	118	0	3	0	1	0	0	192	53	0	2	0	1	0	11	90	8	0	0	0	
0	1	1	0	0	0	0	0	1	0	29	42	43	26	9	0	0	14	183	142	165	155	49	0	0	47	126	14	27	0	0	0	0	13	148	169	148	121	0	0	0	0	0	4	0	99	60	0	0	1	0	39	64	147	60	0	0	1	0	54	125	71	0	0	
0	0	0	0	0	0	0	0	0	0	1	64	89	42	0	0	3	0	89	178	77	140	52	0	1	0	19	148	45	110	110	0	0	3	0	120	237	45	0	1	2	0	43	159	153	5	0	0	3	0	56	209	125	0	2	0	0	0	1	98	27	0	1	0	
0	0	1	1	0	1	0	0	0	1	0	43	130	22	0	1	2	0	39	238	184	126	1	0	4	0	116	182	0	27	7	0	3	0	98	201	129	34	0	1	1	0	37	157	41	134	14	0	0	2	0	50	144	169	14	0	0	0	1	0	42	21	0	1	
0	0	2	0	0	2	0	0	0	0	0	20	27	0	0	0	1	0	85	134	157	122	0	2	0	1	188	65	79	173	0	2	1	0	35	79	196	67	0	3	0	1	0	26	159	3	0	0	0	3	0	122	121	0	4	0	0	3	0	118	58	0	2	0	
0	0	0	0	1	0	0	0	2	0	44	112	0	0	0	0	2	0	32	232	97	0	3	0	0	4	0	144	190	0	3	0	0	3	0	97	205	0	1	0	0	2	0	57	204	0	0	1	0	1	0	30	157	0	0	0	0	0	0	2	11	0	0	0	
0	0	2	0	0	0	0	0	0	2	0	74	109	62	49	0	3	0	114	206	181	160	178	0	0	43	190	6	44	19	108	64	0	132	79	0	0	10	159	35	0	143	93	6	67	194	113	0	0	59	196	186	153	50	0	2	0	0	3	6	0	0	2	0	
0	0	0	0	0	0	0	0	2	0	52	135	24	0	1	0	2	0	93	126	131	0	3	0	0	3	0	73	140	0	3	0	0	2	0	52	161	0	0	1	0	0	3	0	120	89	0	3	0	2	0	42	198	68	0	3	0	0	0	10	46	0	0	0	
0	0	0	0	1	0	0	0	0	0	3	0	98	101	0	3	0	0	2	0	179	83	0	3	0	2	0	56	195	2	0	1	0	4	0	136	146	0	4	0	1	0	2	207	62	0	2	0	1	0	11	167	21	0	1	0	0	0	0	0	0	0	0	0	
0	0	2	1	0	2	1	0	0	0	0	0	4	110	7	0	1	0	32	7	45	137	0	3	0	6	167	0	98	93	0	3	0	0	164	104	161	29	0	1	1	0	9	127	170	0	2	0	0	1	0	33	100	0	2	0	0	0	1	2	1	0	0	0	
0	1	1	0	0	0	0	0	1	0	30	164	162	7	0	1	0	37	216	95	152	99	0	4	0	45	74	0	133	65	0	4	1	0	3	162	193	0	1	0	3	0	169	212	182	145	61	43	0	0	92	18	11	156	163	32	0	0	0	2	2	0	0	0	
0	0	2	1	1	1	0	0	0	1	0	19	18	0	0	0	2	0	58	124	112	19	0	1	0	23	141	0	134	117	0	4	0	15	121	89	115	86	0	3	0	0	13	0	97	71	0	3	0	1	4	0	94	73	0	3	0	0	2	0	60	45	0	2	
0	0	0	0	0	0	0	0	1	0	41	140	142	15	0	1	0	1	169	85	126	98	0	4	2	0	50	157	218	108	0	4	2	0	63	144	100	161	4	0	3	0	69	93	0	146	27	0	2	0	40	214	203	158	1	0	0	1	0	22	54	8	0	0	
0	0	2	0	0	0	0	0	0	0	0	64	39	0	1	0	3	0	84	122	91	0	0	0	1	0	111	8	113	20	0	1	1	0	47	57	174	45	0	2	0	0	1	1	146	33	0	1	0	0	1	0	150	15	0	1	0	0	0	0	54	4	0	0	
0	1	0	0	0	0	0	0	0	1	13	2	0	38	42	0	0	59	149	0	0	130	58	0	0	100	171	2	25	166	8	0	0	54	179	151	175	209	26	0	0	0	3	0	122	96	0	3	0	2	6	0	157	127	0	1	0	0	1	0	27	13	0	0	
0	1	0	22	46	0	1	0	0	3	0	120	69	0	10	1	2	0	54	151	0	0	124	27	1	0	135	45	0	2	145	19	0	60	134	22	81	146	155	0	0	103	203	130	67	140	84	0	0	10	18	0	0	48	10	0	0	0	0	3	3	0	1	0	
0	0	2	0	0	0	0	0	0	0	0	48	63	42	83	0	2	0	106	172	166	176	73	0	1	0	192	139	123	52	0	2	1	0	48	57	99	145	0	3	0	37	171	0	32	132	0	2	0	0	153	201	171	70	0	3	0	0	0	35	44	0	0	0	
0	0	0	0	0	0	0	0	2	0	38	189	157	116	26	0	3	0	170	117	27	83	32	0	1	0	50	143	67	0	1	0	0	1	0	6	138	87	0	2	0	28	33	19	1	164	38	0	0	64	183	183	164	159	29	0	0	0	1	2	8	5	0	0	
0	2	0	54	94	0	2	0	1	0	6	162	41	0	3	0	3	0	100	115	0	3	0	0	1	0	148	26	5	64	44	0	1	0	157	121	201	253	163	0	2	0	63	175	240	169	13	0	0	0	0	0	12	5	0	0	0	0	3	3	0	2	1	0	
0	0	0	1	3	0	0	0	2	0	53	161	179	36	0	2	0	4	176	46	98	126	0	5	0	1	7	0	41	114	0	3	1	0	32	58	127	113	1	22	0	13	190	210	220	139	134	57	0	11	169	142	26	0	1	0	0	0	3	5	0	1	1	1	
0	3	3	4	3	4	1	0	0	0	0	0	0	0	0	0	0	128	173	151	154	156	36	0	0	76	92	78	77	207	50	0	0	0	1	0	29	139	0	1	0	3	7	0	103	95	0	3	0	0	1	0	157	36	0	1	0	1	0	17	204	53	0	2	
0	0	0	2	1	0	0	0	0	0	4	0	43	28	0	1	0	3	0	48	225	122	0	4	2	0	100	154	138	126	0	9	0	83	255	134	195	198	132	22	0	40	103	69	173	81	0	2	0	0	3	0	95	110	0	3	0	2	4	2	7	23	0	0	
0	0	0	0	0	0	1	0	0	0	0	56	88	35	0	0	2	0	54	189	88	219	102	0	1	0	16	165	117	108	26	0	0	2	0	175	163	0	3	0	2	0	62	90	113	9	0	0	4	0	98	154	102	0	2	0	1	0	14	118	36	0	1	0	
0	0	1	0	0	1	0	0	0	1	0	42	49	0	1	0	2	0	48	184	214	39	0	2	3	0	69	195	223	56	0	3	0	0	5	69	178	39	0	2	0	0	1	0	167	38	0	2	0	0	0	3	183	33	0	1	0	0	0	0	66	9	0	0	
0	0	1	1	0	0	0	0	0	1	0	38	79	11	0	1	2	0	44	126	121	70	0	3	2	0	53	120	146	29	0	1	0	1	0	25	133	0	1	0	0	2	0	61	101	0	3	0	0	3	0	98	120	0	3	0	0	1	0	45	47	0	1	0	
0	0	1	4	1	0	0	0	0	0	0	0	5	85	78	0	1	0	5	114	155	121	42	0	3	0	73	193	0	0	1	0	4	0	114	212	90	3	2	0	1	0	21	25	162	23	0	1	0	0	0	120	138	0	2	0	0	0	0	32	14	0	1	0	
0	0	1	0	65	8	0	0	0	2	0	69	145	0	2	0	1	0	3	157	34	0	1	0	4	0	100	122	4	155	34	0	2	0	148	15	112	217	68	0	2	0	131	141	234	175	0	1	1	0	14	64	61	24	0	1	0	0	1	0	0	0	0	0	
1	1	0	0	0	0	0	0	0	6	49	52	11	0	1	0	18	155	154	194	201	12	0	1	12	11	46	237	178	34	0	1	2	0	46	140	108	178	113	0	0	1	1	0	0	172	132	0	0	2	0	74	193	107	0	0	0	1	0	20	14	0	1	0	
0	0	2	0	0	1	1	0	0	1	0	85	156	54	0	2	3	0	111	213	113	185	48	0	0	27	199	23	0	50	148	0	0	73	148	0	0	61	158	0	0	63	124	0	74	202	50	0	0	7	169	188	177	51	0	2	1	0	27	47	0	1	2	0	
0	0	1	2	0	0	0	0	0	1	0	34	101	110	24	0	1	0	28	83	62	58	11	0	3	0	77	188	46	0	2	0	0	1	0	18	129	20	0	1	0	0	13	0	109	59	0	2	2	0	81	143	111	2	0	0	1	0	18	44	1	0	0	0	
0	0	0	0	3	1	0	0	0	1	0	68	173	71	0	3	0	1	0	62	113	108	0	3	0	1	0	143	233	78	0	3	0	5	2	45	32	118	0	1	0	67	143	2	61	139	0	2	0	1	112	183	163	33	0	2	0	0	0	3	4	0	0	0	
0	0	1	0	0	1	0	0	1	0	16	120	122	11	0	1	2	0	146	88	104	135	0	3	0	4	158	0	57	184	0	1	2	0	129	158	204	91	0	4	0	0	7	32	169	113	0	1	0	0	4	0	165	134	0	3	0	0	1	0	22	10	0	0	
0	0	2	0	0	0	0	0	0	1	0	1	1	68	5	0	1	0	100	16	15	145	0	1	0	45	182	18	75	124	0	3	0	43	130	96	178	135	0	2	0	0	3	0	141	59	0	2	0	2	4	0	183	51	0	2	0	0	0	2	28	1	0	0	
1	0	15	9	1	3	1	0	3	0	112	39	0	1	0	0	1	0	145	34	97	125	31	0	1	0	154	170	83	56	132	0	4	0	133	159	0	24	148	0	3	0	84	208	50	143	90	0	1	0	29	76	115	87	0	0	0	0	0	0	0	0	1	0	
0	0	0	0	11	4	0	0	0	0	3	0	97	35	0	1	0	0	1	0	140	21	0	1	0	1	0	25	143	0	1	0	0	2	0	66	123	0	3	0	0	4	0	123	105	0	3	0	0	2	0	84	66	0	2	0	0	0	0	0	0	0	0	0	
0	0	1	1	1	3	2	0	0	1	1	3	4	0	0	0	1	0	9	165	153	73	62	2	0	23	161	62	25	64	24	0	0	88	144	109	125	24	0	1	0	0	1	2	68	156	0	2	0	1	3	0	26	85	0	1	0	1	0	47	102	16	0	1	
0	0	0	0	0	1	0	0	0	23	51	0	0	57	32	0	0	88	102	0	0	151	43	0	0	150	96	29	48	192	16	0	0	146	166	135	175	185	3	0	0	0	4	0	111	130	0	3	0	2	6	0	158	152	0	3	0	0	1	0	21	12	0	0	
0	0	2	2	0	1	0	0	0	0	0	0	9	0	0	0	0	5	122	147	187	75	0	3	0	1	38	17	130	89	0	3	0	0	1	0	152	26	0	1	0	1	0	40	143	0	2	0	0	3	0	100	106	0	3	0	0	2	0	89	44	0	1	0	
0	0	1	1	0	1	1	0	0	2	0	114	129	6	0	1	2	0	65	162	146	203	15	0	3	0	139	63	0	104	85	0	0	3	156	15	0	104	76	0	0	1	170	48	120	181	0	0	2	0	84	195	149	25	0	1	0	0	0	0	0	1	1	0	
0	0	0	0	0	2	1	0	2	10	18	27	21	0	0	0	6	139	206	193	209	156	12	0	0	7	16	6	6	209	63	0	0	0	3	0	94	204	0	0	0	3	0	71	243	52	0	2	2	0	37	230	74	0	3	0	3	0	89	135	0	4	0	0	
0	0	0	0	0	1	2	0	0	1	0	77	149	64	0	2	1	0	26	181	50	105	65	0	0	0	2	134	102	155	61	0	0	3	0	157	198	4	0	1	1	0	33	165	120	3	2	0	1	0	21	187	133	0	1	0	0	1	0	40	18	0	1	0	
0	0	1	0	0	0	1	0	0	0	7	4	118	125	1	0	0	6	117	110	144	133	104	0	0	73	129	66	44	30	126	0	0	133	67	0	0	42	136	0	0	139	34	0	0	120	83	0	0	121	127	15	118	137	0	1	0	12	52	39	56	10	0	0	
0	1	0	20	83	0	1	0	0	3	0	135	116	0	2	0	3	0	74	146	0	2	1	0	3	0	136	54	0	15	1	0	0	1	162	39	136	203	59	0	3	0	103	245	231	178	45	0	0	0	0	56	75	35	0	1	0	0	2	0	0	1	1	0	
0	0	0	1	0	0	0	0	0	0	2	0	80	14	0	1	0	2	0	53	205	2	0	1	1	0	21	201	201	14	0	1	0	15	167	152	213	81	0	3	0	7	16	0	142	40	0	2	0	0	4	0	124	83	0	3	0	0	1	0	12	13	0	0	
0	0	1	0	1	0	0	0	0	0	4	2	9	108	1	0	3	0	117	49	53	138	0	3	0	20	204	24	123	106	0	2	0	35	170	158	228	170	18	0	0	1	0	14	203	28	0	1	0	2	0	34	157	3	0	0	0	0	0	1	0	0	0	0	
0	2	2	0	3	4	0	0	0	0	3	21	2	0	0	0	0	59	184	189	114	89	7	0	0	147	134	6	171	250	21	0	0	22	146	180	206	180	0	2	0	0	8	0	128	136	0	4	0	2	2	0	194	73	0	3	0	0	0	5	120	13	0	1	
0	0	1	0	0	1	1	0	0	0	1	51	66	158	50	0	2	0	160	190	140	84	1	0	2	0	125	160	146	57	0	2	0	0	2	0	49	155	0	3	2	0	132	97	93	164	0	3	2	0	73	200	204	55	0	2	0	0	0	0	0	0	0	0	
0	0	0	2	0	21	9	0	0	0	2	0	50	144	9	0	0	2	0	45	152	24	0	1	1	0	15	151	37	8	1	0	3	0	114	54	31	170	62	0	0	9	151	49	91	115	23	0	1	0	69	118	64	1	0	0	0	0	0	0	0	2	1	0	
0	1	0	0	0	1	0	0	1	0	82	22	0	52	110	0	0	31	184	8	0	140	115	0	0	145	182	86	115	216	43	0	0	103	154	131	206	190	0	1	0	0	4	0	153	190	0	0	0	3	4	2	177	127	0	1	0	0	0	0	0	0	0	0	
0	0	2	0	0	1	0	0	0	1	0	55	111	24	0	1	3	0	86	209	255	191	0	0	3	0	82	200	55	199	52	0	3	0	150	102	0	198	21	0	0	6	197	44	178	131	0	2	0	0	182	216	122	0	1	0	1	0	23	25	0	3	0	0	
0	0	1	0	0	1	1	0	0	3	0	77	197	29	0	1	3	0	63	230	159	220	16	0	0	9	214	82	0	161	123	0	0	91	148	0	0	71	145	0	0	141	149	20	29	151	108	0	0	39	179	189	174	98	0	1	0	0	0	2	1	0	1	0	
0	0	0	0	0	0	0	0	0	2	0	61	91	0	3	0	0	3	0	78	123	0	4	0	0	3	0	85	117	0	4	0	0	3	0	106	98	0	3	0	0	4	0	117	82	0	3	0	0	3	0	98	63	0	2	0	0	0	0	0	0	0	0	0	
0	0	1	0	3	3	0	0	0	0	8	7	0	0	0	0	0	0	171	185	120	153	36	0	0	36	118	4	76	168	0	0	0	0	2	0	163	70	0	3	0	3	0	63	173	0	2	0	0	3	0	151	84	0	3	0	0	1	0	121	28	0	1	0	
0	0	0	0	1	1	0	0	0	0	1	0	101	16	0	1	0	1	0	22	139	0	1	0	0	2	0	62	109	0	3	0	0	3	0	101	70	0	2	0	0	3	0	125	36	0	1	0	0	2	0	94	45	0	2	0	0	0	0	1	1	0	0	0	
0	0	1	0	0	1	1	0	0	0	5	77	85	19	0	1	3	0	128	145	84	192	138	0	3	0	128	88	83	168	50	0	1	0	0	215	154	0	1	0	2	0	45	138	101	3	2	0	2	0	55	174	135	0	1	0	0	0	0	103	48	0	2	0	
0	0	0	19	3	0	1	0	1	0	18	129	0	0	0	0	3	0	83	107	0	64	69	0	2	0	124	35	0	119	77	0	0	35	131	36	102	185	23	0	0	89	176	113	123	174	0	0	0	4	3	0	31	72	0	2	0	0	1	3	3	0	0	0	
0	0	2	0	0	0	0	0	1	0	11	59	16	0	0	0	3	0	124	175	125	133	0	2	0	4	118	0	52	142	0	3	0	0	3	0	137	78	0	3	0	1	0	23	195	19	0	1	0	4	0	136	150	0	3	0	0	1	0	72	23	0	1	0	
0	0	0	0	0	0	0	0	0	1	0	32	68	0	2	0	0	1	0	45	124	0	3	0	0	2	0	47	112	0	3	0	0	3	0	74	90	0	3	0	0	3	0	107	58	0	2	0	0	2	0	86	37	0	1	0	0	0	0	0	0	0	0	0	
0	1	1	0	0	0	0	0	0	0	9	25	27	13	0	0	0	18	191	193	181	175	0	0	0	91	122	0	46	161	0	2	0	3	5	0	118	121	0	4	0	1	0	5	191	47	0	2	0	3	0	100	225	4	0	1	0	3	0	121	104	0	1	0	
0	0	2	0	47	23	0	1	0	1	0	41	131	5	0	0	1	0	9	137	25	0	1	0	3	0	87	106	109	117	4	0	3	0	129	68	10	139	40	0	3	0	78	103	94	119	0	1	0	0	0	55	71	3	0	0	0	0	1	0	0	2	0	0	
0	0	2	0	0	0	0	0	0	0	1	53	93	25	0	1	0	0	104	133	107	116	0	0	0	41	135	7	59	171	11	0	0	2	112	133	188	135	0	4	0	0	2	0	146	43	0	2	0	3	0	67	183	0	1	0	0	2	0	47	62	0	2	0	
0	0	1	0	0	0	2	0	1	0	10	166	141	38	0	2	4	0	143	189	91	204	111	0	0	5	190	39	0	24	176	25	0	48	195	0	0	4	170	33	0	26	218	74	48	193	124	0	2	0	83	204	199	104	0	1	0	0	0	0	0	0	2	0	
0	0	1	1	0	1	1	0	0	1	0	19	151	123	0	3	1	0	30	162	85	165	16	0	0	0	149	60	0	89	89	0	0	60	87	0	0	36	103	0	0	101	108	7	14	109	81	0	0	22	143	174	108	56	5	0	0	0	0	5	1	0	1	0	
0	0	5	3	0	0	0	0	0	6	152	147	143	97	6	0	0	1	16	2	70	220	17	0	0	1	0	9	190	43	0	2	0	0	0	0	128	108	2	0	0	10	39	76	126	216	38	0	0	140	156	124	68	3	0	0	0	6	2	0	0	1	1	0	
0	0	2	0	0	0	0	0	0	1	0	46	76	7	0	1	2	0	81	167	171	67	0	3	0	0	180	86	197	92	0	4	2	0	82	134	181	43	0	2	0	1	0	9	185	22	0	1	0	2	3	39	122	2	2	0	0	7	34	31	33	40	3	0	
0	0	1	1	0	0	0	0	0	1	0	24	74	12	0	1	0	0	6	112	192	87	0	3	3	0	95	105	146	42	0	2	1	0	24	128	169	0	2	0	0	2	0	65	134	0	3	0	0	3	0	92	143	0	3	0	0	1	0	20	75	0	1	0	
0	1	1	0	0	0	0	0	1	0	32	71	68	39	0	1	0	5	191	180	184	148	0	3	0	46	128	0	69	143	0	3	0	0	4	0	129	95	0	3	0	0	2	0	171	52	0	2	0	8	6	16	207	51	0	2	0	30	38	37	76	22	3	0	
0	0	0	1	0	0	0	0	0	0	0	0	34	70	5	0	0	3	0	131	236	132	100	0	0	0	8	165	58	103	97	0	1	0	23	173	135	88	0	0	0	30	124	142	43	0	3	0	0	99	67	102	32	0	1	0	0	8	77	55	0	1	0	0	
0	0	0	0	0	1	1	0	2	0	52	32	0	88	55	0	1	0	89	26	0	133	32	0	0	56	165	27	29	166	4	0	0	78	239	196	195	210	12	0	0	4	14	0	79	176	1	0	0	0	2	0	69	86	0	3	0	0	1	1	0	1	1	0	
0	0	1	4	0	0	0	0	2	0	107	193	182	62	0	2	0	1	23	0	85	153	0	3	0	1	0	102	212	68	0	3	0	5	3	70	138	170	7	0	0	57	131	0	18	191	37	0	0	4	114	170	169	66	0	2	0	0	0	4	3	0	0	0	
0	1	0	28	122	25	0	1	0	3	0	75	187	113	0	3	0	0	0	1	0	94	13	0	2	0	98	174	55	76	15	0	0	3	169	73	214	221	12	0	1	0	163	205	175	130	83	0	1	0	17	71	18	0	3	0	0	0	0	0	2	4	0	0	
0	0	0	0	0	0	0	0	0	0	0	69	98	64	0	0	4	0	130	198	79	204	67	0	3	0	73	194	105	172	49	0	0	2	2	0	177	175	0	3	0	2	0	68	206	44	0	2	0	24	124	196	49	0	2	0	0	45	123	14	0	2	0	0	
0	0	0	0	2	5	0	0	1	0	27	130	110	58	0	2	2	0	118	146	103	2	0	0	2	0	59	128	106	83	0	1	0	3	4	0	0	81	17	0	0	14	150	75	23	80	20	0	2	0	41	144	191	108	0	2	0	0	0	0	1	0	0	0	
0	0	0	0	1	1	0	0	1	0	10	83	46	0	1	0	3	0	72	134	136	53	0	2	1	0	38	3	95	65	0	2	0	0	1	0	142	29	0	1	0	0	0	6	157	12	0	1	0	1	0	12	157	6	0	0	0	0	0	5	59	1	0	0	
0	0	0	0	9	11	0	0	0	0	0	91	91	51	0	0	2	0	42	120	36	149	21	0	0	2	0	89	186	41	0	2	0	1	0	164	115	0	1	0	2	0	47	160	89	19	0	1	1	0	10	167	143	0	2	0	0	0	0	1	1	0	0	0	
0	0	1	0	22	23	0	1	0	0	0	0	166	55	0	2	0	3	0	92	123	0	3	0	0	2	0	183	162	5	0	1	1	0	29	191	154	118	0	4	2	0	28	221	175	33	0	1	0	0	0	127	82	0	2	0	0	0	0	0	1	1	0	0	
0	0	1	0	0	0	1	0	0	0	0	17	46	123	137	0	1	0	25	63	80	101	31	0	3	0	60	149	55	17	0	1	0	17	23	8	32	65	1	0	0	44	152	8	19	90	0	1	2	0	111	200	116	10	0	1	0	0	0	4	3	0	0	0	
0	0	0	2	0	0	1	1	0	0	5	0	89	144	1	0	0	3	0	67	255	206	148	22	1	0	92	209	64	0	159	31	0	105	255	67	0	148	119	0	0	57	245	85	131	131	7	0	1	0	124	182	82	0	1	0	0	1	1	1	0	3	1	0	
0	0	1	0	0	0	0	0	0	0	3	59	71	3	0	0	2	0	53	97	117	50	0	2	1	0	130	20	80	117	0	3	1	0	49	53	109	51	0	2	0	1	0	11	137	7	0	0	0	2	0	79	119	0	3	0	0	1	0	32	40	0	1	0	
0	0	0	0	0	0	0	0	0	2	0	90	45	0	2	0	0	4	0	141	127	0	4	0	0	4	0	116	155	0	4	0	0	4	0	140	147	0	4	0	0	3	0	95	174	0	3	0	0	1	0	24	171	17	0	1	0	0	0	0	0	0	0	0	
0	0	0	1	9	9	0	0	0	0	0	113	78	73	0	1	0	0	0	66	31	103	50	0	0	3	0	98	198	61	12	0	2	0	37	166	82	2	0	0	3	0	95	113	106	23	0	1	2	0	35	185	130	0	1	0	0	0	0	1	0	0	0	0	
0	1	3	0	0	1	0	0	0	1	0	21	48	4	0	0	0	21	106	129	134	107	0	2	0	77	82	0	62	126	0	3	0	2	0	37	214	76	0	0	2	0	45	210	153	113	125	15	2	0	106	74	0	3	24	3	0	0	0	0	3	4	0	0	
0	0	0	0	0	0	2	0	0	0	1	68	118	49	0	2	1	0	30	159	22	62	55	24	0	2	0	111	147	156	79	5	1	0	6	188	183	6	0	1	4	0	99	142	109	6	3	3	3	0	61	226	121	0	7	4	0	0	0	46	12	0	0	0	
0	0	1	0	0	0	0	0	0	2	0	77	178	66	0	2	1	0	124	47	32	156	11	0	0	5	167	22	0	136	75	0	1	0	140	22	0	167	62	0	4	0	130	80	95	175	0	1	1	0	21	154	167	23	0	1	0	0	1	1	1	1	0	0	
0	0	0	0	0	0	0	0	1	0	8	73	39	30	0	1	1	0	20	100	162	157	0	4	0	0	3	0	135	83	0	3	0	1	0	28	177	10	0	1	0	3	0	153	116	0	3	0	1	0	23	222	27	0	1	0	1	0	26	81	0	0	0	0	
0	0	2	0	0	0	1	0	0	3	0	94	159	55	0	1	2	0	81	242	129	192	51	0	0	78	184	16	0	107	139	0	0	149	66	0	0	58	144	0	0	127	129	0	0	129	115	0	0	18	168	134	145	143	7	0	0	0	4	57	56	3	0	0	
0	0	0	0	1	0	0	0	0	0	3	0	118	64	0	2	0	0	1	0	179	50	0	2	0	2	0	40	193	1	0	0	0	3	0	105	185	0	3	0	0	3	0	185	125	0	4	0	0	1	0	164	67	0	2	0	0	0	0	0	0	0	0	0	
0	0	0	0	1	0	0	0	0	0	51	40	2	0	0	0	1	0	43	83	101	14	0	0	0	1	0	31	145	3	0	0	0	3	0	95	178	79	12	0	0	3	0	91	47	37	14	0	0	1	0	117	17	0	1	0	0	0	2	42	1	2	1	0	
0	0	0	3	9	0	0	0	1	0	32	135	149	83	0	3	1	0	15	62	159	80	0	3	2	0	29	177	191	37	0	2	0	0	26	0	55	133	0	3	3	0	165	147	100	130	0	4	1	0	16	168	196	35	0	2	0	0	0	0	0	0	0	0	
0	0	0	0	0	0	0	0	0	0	0	13	41	106	108	0	3	0	59	219	197	206	120	0	2	0	45	230	51	0	1	0	3	0	79	241	206	57	0	3	1	0	104	87	172	77	0	3	0	9	199	213	139	0	0	0	1	0	28	23	0	1	0	0	
0	0	1	0	0	0	1	0	0	0	0	80	118	149	39	0	3	0	97	152	103	84	0	0	3	0	103	160	72	33	0	1	0	0	2	37	102	168	8	0	3	0	140	104	11	172	39	0	2	0	47	195	195	116	2	0	0	0	0	0	0	0	0	0	
0	0	0	2	0	39	41	0	0	0	3	0	65	156	64	0	0	2	0	55	165	12	0	1	1	0	18	173	39	0	4	0	3	0	120	84	96	91	0	2	3	0	155	76	59	158	0	3	1	0	36	127	97	21	0	1	0	0	0	0	0	0	0	0	
0	0	0	0	8	3	0	0	0	2	0	76	174	111	0	2	0	3	0	58	99	122	0	2	0	2	0	113	224	69	0	3	0	23	56	0	60	117	0	4	0	58	199	33	114	54	0	2	0	0	147	216	97	0	2	0	0	0	0	0	1	1	0	0	
0	0	3	1	0	0	0	0	0	0	0	5	30	65	32	0	0	1	94	176	154	187	203	0	0	12	82	8	4	153	101	0	0	25	138	147	226	142	0	2	0	198	255	175	181	192	60	0	0	52	17	0	1	3	1	0	0	0	0	3	3	1	0	0	
0	0	0	0	0	0	0	0	0	0	2	0	73	47	0	2	0	0	2	0	125	36	0	1	0	1	0	27	144	0	1	0	0	3	0	86	102	0	3	0	0	3	0	135	48	0	2	0	0	1	0	122	35	0	1	0	0	0	0	2	3	0	0	0	
0	0	0	1	1	1	0	0	0	1	0	34	100	6	5	0	0	3	0	89	134	113	0	1	1	0	15	125	110	100	0	4	3	0	138	179	182	40	0	2	0	2	65	143	130	0	2	0	0	0	0	105	13	0	0	0	0	0	4	4	1	0	0	0	
0	1	0	21	85	0	0	0	0	3	0	153	131	0	4	0	2	0	61	168	0	1	0	0	4	0	147	83	0	111	45	0	3	0	153	41	140	248	144	0	3	0	99	188	239	163	15	0	0	0	1	71	64	6	0	0	0	0	1	0	0	2	1	0	
0	1	0	40	30	0	1	0	1	0	14	146	186	20	0	1	0	0	5	0	109	108	0	4	0	0	5	0	93	119	0	4	0	0	3	0	151	77	0	3	2	0	108	160	227	48	0	2	2	0	113	138	79	82	0	2	0	0	0	0	0	0	0	0	
0	0	1	0	0	0	0	0	0	0	0	28	57	122	83	0	3	0	73	214	174	146	54	0	4	0	137	210	162	51	0	2	1	0	28	96	59	147	11	0	3	0	148	73	0	162	36	0	3	0	110	206	197	141	0	1	0	0	0	49	46	0	0	0	
0	0	0	0	0	0	0	0	0	1	0	37	52	0	2	0	0	3	0	81	118	0	4	0	0	3	0	75	103	0	3	0	0	3	0	78	78	0	3	0	0	3	0	94	82	0	3	0	0	3	0	97	64	0	2	0	0	0	0	9	7	0	0	0	
0	0	0	0	1	1	0	0	0	2	0	42	181	110	0	2	0	2	0	30	96	159	0	0	3	0	65	218	213	59	0	2	0	7	47	64	93	83	0	3	0	90	152	0	88	129	0	4	0	3	128	193	169	22	0	1	0	0	0	3	1	0	0	0	
0	0	0	0	1	1	0	0	0	2	0	88	73	0	2	0	0	3	0	146	169	18	0	1	0	3	0	84	185	55	0	3	0	2	0	58	226	18	0	1	0	4	0	138	162	0	4	0	0	3	0	154	111	0	3	0	0	0	0	13	7	0	0	0	
0	0	0	0	0	1	1	0	1	0	19	89	44	0	1	0	0	0	158	95	102	36	29	0	1	0	93	64	43	173	29	0	0	3	0	113	194	25	0	1	0	0	9	125	66	7	0	0	1	0	19	138	112	21	0	1	0	1	0	81	73	0	2	0	
0	0	0	0	0	0	0	0	0	2	0	50	63	0	2	0	0	3	0	94	187	0	2	0	0	1	0	30	169	0	1	0	0	2	0	44	176	0	1	0	0	3	0	87	162	0	4	0	0	3	0	87	146	0	4	0	0	0	0	10	17	0	1	0	
0	0	3	3	0	0	0	0	2	3	0	0	9	8	0	0	10	156	172	163	187	135	0	3	0	25	64	50	66	145	0	3	0	0	3	0	89	110	0	4	0	1	3	0	179	61	0	2	0	3	0	84	207	0	0	1	0	3	0	112	98	0	3	0	
0	0	0	8	10	0	1	0	2	0	43	130	138	79	0	1	1	0	38	15	0	140	46	0	1	0	54	94	5	123	48	0	0	52	98	54	216	73	0	3	0	75	131	89	143	105	0	2	0	4	59	23	0	131	22	0	0	0	0	0	3	1	0	0	
0	0	0	2	4	0	0	0	2	0	61	184	167	26	0	1	1	0	29	66	170	63	0	3	3	0	111	235	221	50	0	2	0	0	103	48	30	146	0	2	0	5	165	61	42	182	6	0	2	0	45	185	199	90	0	2	0	0	0	0	1	0	0	0	
0	1	0	28	28	0	1	0	0	0	0	113	113	5	0	0	0	1	3	85	174	35	0	2	0	1	0	36	179	5	0	1	0	25	74	134	61	0	64	21	0	40	135	152	48	95	119	0	0	1	0	13	112	125	16	0	0	1	4	2	0	0	2	0	
0	0	0	0	0	0	0	0	0	0	0	5	141	19	0	1	0	2	0	53	227	13	0	1	0	4	0	116	203	0	2	0	0	3	0	177	119	0	4	0	1	0	10	228	58	0	2	0	1	0	25	196	40	0	2	0	0	0	0	0	0	0	0	0	
0	0	0	3	51	9	0	0	0	2	0	138	171	2	0	1	2	0	62	183	1	0	2	0	4	0	124	94	0	10	1	0	4	0	123	80	35	187	79	0	3	0	65	229	200	190	75	0	0	1	0	75	137	52	0	2	0	0	1	0	0	0	2	0	
0	2	0	109	78	0	3	0	2	0	48	189	27	0	2	0	2	0	166	70	0	3	0	0	0	32	168	0	51	140	29	0	0	46	180	66	225	228	111	0	1	0	126	231	215	172	54	0	0	0	1	10	12	4	0	0	0	0	2	0	0	1	2	0	
0	0	0	2	31	2	0	0	0	2	0	56	193	0	0	0	0	3	0	163	110	0	4	0	0	0	0	196	96	11	0	1	2	0	32	228	255	153	0	4	2	0	34	239	255	88	0	3	0	0	0	113	88	0	1	0	0	0	0	0	0	1	0	0	
0	0	0	0	0	1	2	0	1	0	9	80	90	30	0	1	3	0	144	159	87	130	62	0	4	0	135	102	23	179	96	0	0	1	0	188	228	37	0	2	1	0	18	169	140	14	0	1	1	0	28	184	151	37	0	2	0	1	0	83	78	0	1	0	
0	0	0	0	1	0	0	0	0	0	2	0	75	36	0	1	0	0	0	0	167	33	0	1	0	2	0	42	173	0	1	0	0	3	0	102	125	0	3	0	0	4	0	130	87	0	3	0	0	3	0	134	70	0	2	0	0	0	0	17	7	0	0	0	
0	0	1	0	0	3	1	0	0	0	7	92	115	145	6	0	3	0	86	167	105	34	0	1	3	0	83	170	120	46	0	2	0	9	10	1	12	113	17	0	0	47	126	2	0	111	69	0	1	0	99	150	163	137	19	0	0	0	0	5	7	0	0	0	
0	0	1	1	2	0	0	0	0	0	2	8	0	0	0	0	2	0	50	170	35	0	1	0	0	4	92	47	146	75	0	3	0	26	65	0	24	72	0	2	0	2	4	0	34	81	0	3	0	0	2	0	46	69	0	3	0	0	2	0	37	29	0	1	
0	1	2	0	0	1	0	0	0	0	5	70	50	0	1	0	0	3	166	141	114	65	0	2	0	61	157	0	136	149	0	4	0	13	123	147	167	144	0	4	0	0	6	0	100	123	0	4	0	1	5	0	152	142	0	4	0	0	2	0	67	56	0	2	
0	0	0	0	0	0	0	0	0	2	0	56	66	0	2	0	0	3	0	78	118	0	3	0	0	3	0	87	121	0	4	0	0	3	0	106	116	0	4	0	0	3	0	105	102	0	3	0	0	3	0	90	61	0	2	0	0	0	0	0	0	0	0	0	
0	0	0	2	11	1	0	0	2	0	47	162	150	90	0	1	2	0	75	72	4	173	10	0	0	0	1	0	139	117	0	3	0	1	0	113	121	0	1	0	3	0	88	226	44	0	2	0	1	0	144	169	134	114	25	0	0	1	1	0	1	12	1	0	
0	0	0	0	1	0	0	0	0	5	99	151	44	0	6	1	0	143	255	255	194	0	1	0	0	91	225	255	245	160	130	14	4	0	103	255	246	255	248	40	0	1	6	220	255	255	161	0	0	1	0	100	157	99	7	0	0	0	1	0	0	0	1	0	
0	0	0	0	0	0	0	0	1	0	64	165	170	18	0	1	0	0	145	79	96	113	0	4	0	0	3	0	127	98	0	4	0	2	0	43	172	6	0	1	1	0	4	211	151	0	2	0	3	0	75	137	113	118	0	1	0	0	0	0	1	8	0	0	
0	1	2	0	0	0	0	0	0	0	0	2	47	57	0	1	0	21	178	222	224	102	0	3	0	0	161	238	135	70	8	0	0	0	0	15	44	228	44	0	0	0	2	0	117	169	0	1	0	7	37	131	157	7	0	1	0	10	100	87	1	1	1	0	
0	0	2	0	0	1	0	0	0	2	0	110	213	45	0	2	3	0	114	174	183	181	0	2	0	37	182	5	21	164	42	0	0	123	87	0	0	81	77	0	0	111	100	0	1	142	70	0	0	10	125	145	162	129	3	0	0	0	0	10	8	0	0	0	
0	0	1	0	0	0	0	0	1	0	20	10	27	32	0	1	3	0	108	24	59	70	0	3	1	0	132	95	171	67	0	3	1	0	23	46	135	66	0	3	0	0	4	0	112	57	0	2	0	0	4	0	104	65	0	2	0	0	1	0	14	13	0	0	
0	1	1	0	1	1	0	0	1	0	22	85	44	0	1	0	0	22	162	107	108	28	0	0	0	107	55	0	32	163	26	0	0	61	103	82	145	147	0	2	0	0	32	11	95	98	0	4	0	1	3	0	155	59	0	2	0	0	2	0	70	34	0	1	
0	0	0	0	0	0	0	0	0	1	0	37	117	168	35	0	1	0	14	188	165	123	17	0	2	0	41	214	148	119	0	0	1	0	17	89	17	158	64	0	2	12	1	0	35	172	22	0	0	131	154	155	155	51	0	2	0	11	53	43	3	0	1	0	
0	0	0	0	1	0	0	0	0	2	0	90	205	60	0	3	1	0	8	144	105	95	0	4	0	0	5	0	115	83	0	3	0	2	0	71	174	0	0	1	2	0	69	246	138	34	27	0	1	0	140	50	85	153	6	0	0	0	0	0	1	1	0	0	
0	0	1	0	28	34	0	1	0	2	0	47	148	118	0	2	1	0	13	128	19	32	0	1	3	0	69	144	14	1	0	0	2	0	163	96	103	71	0	2	0	0	134	100	45	175	2	0	0	0	0	74	113	52	0	1	0	0	3	0	0	0	0	0	
0	0	2	1	0	1	1	0	0	1	1	2	0	101	36	0	1	0	54	11	31	168	0	0	0	19	170	7	118	97	0	4	0	60	199	142	217	131	18	0	0	1	0	43	169	1	4	0	0	2	0	43	124	0	2	0	0	0	1	0	1	1	0	0	
0	0	0	0	0	0	0	0	0	0	1	0	94	83	0	2	0	1	0	8	239	143	0	4	0	3	0	109	255	79	0	4	0	3	0	174	241	9	0	1	1	0	7	239	161	0	2	0	1	0	0	194	147	0	2	0	0	1	0	16	11	0	0	0	
0	0	1	1	1	1	0	0	0	0	11	13	0	1	0	0	4	0	92	194	166	59	0	3	1	0	35	32	75	90	0	3	0	0	3	0	88	62	0	2	0	0	3	0	150	38	0	1	0	2	0	39	187	9	0	1	0	1	0	37	53	0	2	0	
0	0	0	0	0	1	0	0	1	0	25	105	90	29	0	1	0	0	7	124	89	125	1	0	0	1	0	75	159	105	32	0	1	0	127	109	160	112	0	1	0	34	112	0	106	16	0	1	0	14	122	124	57	0	2	0	1	0	19	33	0	1	0	0	
0	0	0	0	4	0	0	0	0	1	0	120	183	54	0	2	0	0	1	15	64	128	0	3	0	0	0	152	223	54	0	3	0	0	24	48	74	102	0	2	2	0	178	106	0	138	4	0	1	0	30	140	188	119	0	2	0	0	0	0	6	0	0	0	
0	2	3	2	2	3	1	0	0	0	0	0	0	0	0	0	0	42	110	95	94	78	9	0	0	20	30	13	0	68	92	0	0	10	41	58	123	151	112	8	0	104	127	97	106	23	0	1	0	7	19	19	0	1	2	0	0	0	0	0	2	1	0	0	
0	0	0	0	1	0	0	0	0	0	2	0	80	52	0	2	0	0	0	2	153	19	0	1	0	1	0	34	144	0	2	0	0	3	0	85	120	0	3	0	0	3	0	147	73	0	3	0	0	1	0	123	26	0	1	0	0	0	0	1	0	0	0	0	
0	0	0	0	0	0	0	0	0	18	188	198	15	0	3	0	0	51	184	94	23	0	1	0	0	62	216	153	197	204	55	0	0	18	155	135	77	109	181	0	0	1	0	60	38	12	158	8	0	3	0	118	215	197	139	0	0	0	0	0	1	3	0	0	
0	0	0	0	4	1	0	0	0	2	0	98	195	87	0	3	0	1	0	72	143	125	0	3	1	0	22	169	214	46	0	2	0	3	11	1	54	109	0	3	0	42	185	23	48	136	0	2	1	0	83	159	161	56	0	2	0	0	0	1	2	0	0	0	
0	0	0	0	0	0	0	0	0	1	0	37	100	0	2	0	0	2	0	64	138	0	3	0	0	2	0	56	149	0	3	0	0	2	0	70	155	0	3	0	0	2	0	62	176	0	2	0	0	1	0	18	134	1	0	0	0	0	0	0	0	0	0	0	
0	0	15	72	0	1	0	0	3	0	95	104	0	6	1	0	0	0	151	23	0	1	0	0	0	28	145	0	29	101	13	0	0	7	168	60	152	163	101	0	2	0	45	226	221	140	61	0	0	1	0	40	63	7	0	0	0	0	2	1	0	1	2	0	
0	0	0	0	0	1	0	0	0	0	1	14	26	1	0	0	2	0	103	153	129	82	0	1	0	0	15	0	37	128	0	2	0	0	1	0	119	45	0	2	0	2	0	68	100	0	3	0	0	0	6	126	12	0	0	0	1	0	17	94	0	1	0	0	
0	0	0	1	8	0	0	0	2	0	66	155	177	80	0	3	1	0	103	37	84	108	0	4	0	1	0	15	157	20	0	1	0	0	0	149	65	0	2	0	3	0	123	240	116	32	0	1	0	0	133	107	89	150	47	0	0	0	0	0	0	3	4	0	
0	0	1	2	0	0	0	0	0	0	1	1	21	34	33	16	1	0	22	133	165	108	90	41	0	3	143	54	0	0	0	0	0	22	171	13	0	1	3	1	2	0	61	199	179	85	0	3	0	1	0	49	151	91	0	2	0	0	2	1	0	0	0	0	
0	0	0	0	2	1	0	0	0	0	2	0	99	28	0	1	0	0	0	7	132	7	0	0	0	2	0	55	132	0	3	0	0	3	0	106	100	0	3	0	0	3	0	138	53	0	2	0	0	3	0	120	81	0	2	0	0	0	0	1	3	0	0	0	
0	0	0	0	0	0	0	0	0	31	59	12	31	33	0	1	0	27	123	96	188	112	0	3	0	0	3	0	154	55	0	2	0	1	4	28	183	72	0	2	2	0	74	110	180	84	0	2	0	0	9	0	130	51	0	2	0	0	1	0	39	22	0	1	
0	0	0	0	4	0	0	0	0	0	0	108	184	58	0	2	1	0	14	99	102	125	0	4	0	1	0	6	175	37	0	2	0	2	0	146	92	0	3	0	4	0	107	251	106	28	4	0	2	0	100	40	91	174	23	0	0	0	0	0	0	0	0	0	
0	0	2	0	0	0	0	0	0	2	0	40	96	58	5	0	3	0	103	193	133	223	29	0	0	69	190	0	68	164	0	1	0	41	208	136	236	114	0	4	1	0	41	54	188	67	0	3	0	1	2	0	189	89	0	2	0	0	3	0	50	82	0	1	
0	2	0	47	44	0	2	0	1	0	4	183	53	0	2	0	4	0	122	164	0	4	0	0	1	0	179	39	84	109	0	0	3	0	144	167	156	168	54	0	2	0	25	221	210	186	26	0	0	1	0	21	90	42	0	1	0	0	2	1	0	0	0	0	
0	0	2	0	0	2	0	0	0	0	0	15	29	3	0	0	3	0	99	159	143	123	0	0	0	26	148	0	47	219	17	0	0	14	136	96	185	169	0	3	0	0	8	29	170	48	0	2	0	3	0	89	140	0	3	0	0	3	0	86	70	0	2	0	
0	0	2	0	0	2	1	0	1	0	6	183	201	28	0	2	2	0	159	123	93	176	10	0	0	68	173	0	0	91	141	0	0	137	77	0	4	0	146	30	0	148	112	10	27	92	171	13	0	35	160	178	161	135	37	0	0	0	0	1	0	0	1	1	
0	0	0	2	0	0	0	0	0	0	1	0	33	15	0	1	0	0	7	49	113	42	0	2	3	0	88	155	159	63	0	3	0	0	1	7	168	39	0	1	0	1	0	33	125	0	2	0	0	3	0	91	90	0	3	0	0	1	0	39	27	0	1	0	
0	0	0	0	30	9	0	0	1	0	61	152	212	99	0	4	0	26	169	51	128	99	0	3	0	2	0	35	195	15	0	1	1	0	11	182	73	0	3	0	0	0	181	228	99	159	57	0	0	10	136	130	93	90	66	0	0	0	0	0	0	0	0	0	
0	0	0	2	2	0	0	0	0	78	156	143	150	36	0	1	0	43	26	11	193	50	0	2	0	0	77	187	208	153	33	0	0	15	147	63	0	72	164	0	0	1	0	6	29	151	128	0	0	31	147	154	166	115	2	0	0	0	10	6	0	0	1	0	
0	0	0	0	0	0	0	0	2	0	79	183	169	35	0	2	1	0	57	44	95	135	0	4	0	0	3	0	139	101	0	3	0	2	0	56	170	2	0	1	2	0	54	243	180	29	0	1	2	0	117	98	79	162	76	0	0	0	0	0	0	2	6	0	
0	0	0	0	0	0	0	0	1	0	26	133	101	9	0	1	2	0	44	85	170	129	0	4	0	0	2	0	149	121	0	4	0	1	0	139	255	134	0	2	0	3	0	156	113	0	2	0	2	0	34	195	8	0	1	0	0	0	8	27	0	1	0	0	
0	0	0	0	0	0	0	0	0	14	10	1	6	11	0	0	0	100	200	188	175	211	19	0	0	1	27	26	89	188	0	1	0	1	2	0	175	98	0	4	0	3	0	73	197	0	0	1	0	1	0	202	105	0	3	0	1	0	1	170	86	0	2	0	
1	3	3	0	0	1	0	0	0	0	0	15	33	5	0	0	33	88	119	126	132	110	0	3	8	70	55	0	36	130	0	2	0	0	3	0	90	86	0	3	0	3	3	0	129	27	0	1	0	1	0	24	147	3	0	0	0	0	0	9	127	23	0	1	
0	0	0	0	1	0	0	0	0	0	1	0	41	130	0	2	0	0	4	0	155	121	0	4	0	1	0	33	208	18	0	1	0	3	0	143	153	0	3	0	1	0	0	224	101	0	3	0	1	0	30	174	17	0	1	0	0	0	0	0	0	0	0	0	
0	0	0	0	1	0	0	0	0	0	0	2	0	79	40	0	0	0	3	0	82	133	2	0	0	1	0	36	139	3	0	1	0	0	0	131	35	0	2	0	3	0	71	110	0	4	0	0	2	0	125	30	0	1	0	0	0	0	24	2	0	0	0	0	
0	0	0	0	0	0	0	0	1	0	33	125	139	76	0	2	2	0	95	108	91	147	0	3	2	0	59	175	221	78	0	3	2	0	53	93	53	141	2	0	0	50	14	0	0	166	26	0	0	88	145	107	155	129	0	1	0	0	42	69	49	2	0	0	
0	0	1	0	0	2	0	0	0	1	0	21	117	187	41	0	1	0	12	208	91	186	80	0	1	0	9	185	133	190	11	0	2	0	151	107	187	224	47	0	0	11	222	133	160	30	33	0	0	10	161	174	25	0	1	0	0	0	0	0	1	2	1	0	
0	0	0	0	0	0	0	0	0	0	2	56	79	31	0	1	1	0	5	132	204	144	0	4	0	0	3	0	92	117	0	4	0	1	0	13	187	30	0	1	0	3	0	143	148	0	3	0	3	0	87	182	2	0	0	0	2	0	74	37	0	1	0	0	
0	0	0	0	0	0	0	0	0	2	0	113	40	0	1	0	0	4	0	133	85	0	3	0	0	3	0	74	142	0	3	0	0	1	0	27	157	0	1	0	0	1	0	21	198	11	0	1	0	0	0	3	157	29	0	1	0	0	0	0	0	0	0	0	
0	1	1	0	1	1	0	0	1	0	37	27	0	31	22	0	0	3	153	28	0	186	49	0	0	56	203	52	110	182	1	2	0	0	91	177	234	156	63	0	0	2	0	56	169	0	8	0	0	4	0	140	162	0	4	0	0	2	0	72	49	0	2	0	
0	0	0	0	0	0	0	0	0	0	0	103	21	0	1	0	0	3	0	162	83	0	3	0	0	3	0	91	169	0	3	0	0	3	0	74	179	0	2	0	0	2	0	46	185	0	0	0	0	1	0	9	189	32	0	2	0	0	0	0	13	1	0	0	
0	0	3	3	3	3	0	0	0	0	0	0	0	0	0	0	0	18	172	187	174	179	23	0	0	5	60	49	119	197	0	0	0	0	0	0	174	53	0	2	0	3	0	81	146	0	4	0	0	1	0	172	54	0	2	0	3	0	71	170	0	2	0	0	
0	0	0	0	1	0	0	0	0	0	0	116	71	0	2	0	0	1	0	119	170	0	2	0	0	1	0	29	168	0	1	0	0	1	0	45	116	0	3	0	0	3	0	99	126	0	4	0	0	3	0	81	129	0	4	0	0	0	0	9	16	0	0	0	
0	0	1	1	1	1	0	0	0	0	0	0	0	66	8	0	1	0	20	56	41	111	0	2	3	0	81	93	98	34	0	1	1	0	8	128	195	54	0	1	0	3	0	76	82	0	2	0	0	2	0	107	32	0	1	0	0	0	0	19	3	0	0	0	
0	0	1	0	0	0	0	0	0	1	0	42	132	16	0	1	3	0	117	183	223	49	0	2	2	0	61	184	154	0	1	0	0	0	1	164	180	34	0	2	1	0	31	157	76	144	0	4	0	3	0	98	222	107	0	3	0	0	0	0	29	6	0	0	
0	0	2	0	0	1	1	0	0	0	2	84	126	35	0	2	2	0	111	107	37	79	89	1	1	0	132	34	53	141	28	0	1	0	5	196	152	3	0	1	2	0	51	125	108	7	0	0	2	0	47	155	118	0	0	0	0	0	0	41	15	0	1	0	
0	0	1	0	23	15	0	1	0	2	0	41	165	22	0	1	0	1	0	154	49	0	2	0	1	0	5	201	165	45	0	2	1	0	14	155	130	121	0	4	1	0	12	157	150	81	0	3	0	2	0	89	128	0	0	0	0	0	0	0	0	1	0	0	
0	0	2	2	0	0	0	0	0	1	0	10	74	24	0	1	1	0	27	151	112	33	0	1	0	0	155	40	24	133	0	0	0	2	118	98	185	126	0	4	0	0	7	0	141	55	0	2	0	2	0	33	170	0	0	0	0	1	0	37	65	0	2	0	
0	27	59	0	2	0	0	0	0	82	156	0	6	4	2	0	0	113	158	0	4	0	0	0	0	77	193	0	71	170	62	0	0	4	197	78	152	195	183	0	2	0	46	202	203	209	90	0	0	1	0	10	70	29	0	1	0	0	2	1	0	0	2	0	
0	0	0	3	14	2	0	0	0	4	106	150	140	112	0	2	0	51	162	37	0	160	10	0	0	0	2	0	58	153	0	2	0	1	2	0	160	59	0	2	1	0	8	164	168	13	7	0	3	0	102	207	128	157	81	0	0	0	1	0	0	0	4	0	
0	0	0	2	0	0	0	0	0	0	0	1	112	81	0	2	0	3	0	82	223	111	0	3	0	3	0	141	134	8	0	1	0	3	0	142	132	0	4	0	2	0	38	157	106	0	3	0	3	0	122	165	24	0	1	0	1	0	30	27	0	1	0	0	
0	0	2	0	0	0	0	0	0	1	0	30	72	37	0	1	2	0	88	129	47	99	1	0	0	59	140	0	67	136	0	2	0	43	133	87	163	88	0	3	0	0	13	0	117	42	0	2	0	2	0	19	151	2	0	0	0	1	0	26	67	0	1	0	
0	0	0	0	0	0	0	0	2	0	48	158	149	101	7	0	2	0	69	80	134	237	16	0	0	1	0	99	203	36	0	2	0	0	8	151	197	123	0	1	0	0	2	0	99	228	7	0	0	45	148	187	177	44	0	2	0	21	69	40	0	1	0	0	
0	0	1	0	0	0	8	5	0	0	1	43	77	111	126	31	2	0	147	158	86	40	4	0	0	0	90	80	102	52	0	2	0	0	1	0	25	147	0	0	0	22	138	15	10	144	14	0	0	1	138	166	162	102	0	2	0	0	0	6	7	0	0	0	
0	0	3	0	1	0	0	0	0	0	0	19	5	0	0	0	2	0	112	230	131	0	2	0	0	59	229	55	242	102	0	3	0	50	220	173	172	206	3	0	1	0	35	24	10	214	38	0	0	1	1	0	14	183	19	0	0	0	2	0	18	102	0	1	
0	0	0	0	1	0	0	0	0	0	1	0	82	13	0	0	0	1	0	20	122	0	1	0	0	2	0	61	110	0	3	0	0	3	0	103	83	0	3	0	0	3	0	139	40	0	1	0	0	0	6	112	5	0	0	0	0	0	1	3	0	0	0	0	
0	0	1	0	25	4	1	0	0	2	0	65	165	0	1	0	1	0	10	196	53	0	33	1	3	0	97	136	0	146	201	21	2	0	162	38	152	218	86	0	0	2	167	110	220	72	0	2	2	0	91	136	21	0	3	0	0	0	0	0	1	2	0	0	
0	0	1	1	0	36	6	0	0	1	0	48	154	154	1	0	2	0	48	184	57	1	0	0	3	0	70	158	98	64	0	2	0	5	12	0	4	152	23	0	0	24	173	114	70	175	33	0	1	0	31	116	163	97	0	1	0	0	0	0	0	0	0	0	
0	0	1	0	0	1	0	0	1	0	25	30	0	1	0	0	4	0	137	75	21	99	0	2	2	0	175	85	131	123	0	4	2	0	104	163	159	108	0	4	0	0	1	0	39	147	0	2	0	0	3	0	21	156	0	0	0	0	0	0	1	47	3	0	
0	2	0	50	48	0	2	0	1	0	6	162	37	0	2	0	3	0	90	131	0	4	1	0	3	0	150	66	0	23	2	0	3	0	157	66	112	149	116	0	3	0	59	194	196	136	95	0	0	0	0	17	59	53	0	1	0	0	2	0	0	0	2	0	
0	0	3	0	0	2	1	0	0	1	0	30	67	6	0	0	1	0	95	149	139	99	25	0	0	76	204	77	144	212	27	0	0	28	126	74	182	94	0	3	0	1	0	32	168	4	0	0	0	5	0	130	172	0	2	0	0	2	0	49	64	0	1	0	
0	0	0	0	0	0	0	0	1	0	26	91	108	111	43	0	4	0	142	96	0	53	119	22	2	0	35	140	119	113	38	14	2	0	51	206	156	2	5	0	0	0	158	32	130	13	0	1	0	0	125	117	116	0	2	0	1	0	22	52	3	0	0	0	
0	0	0	0	0	0	0	0	0	3	0	100	90	0	2	0	0	4	0	141	178	0	3	0	0	4	0	136	174	0	3	0	0	4	0	137	175	0	3	0	0	4	0	158	177	0	3	0	0	3	0	80	123	0	3	0	0	0	0	0	0	0	0	0	
0	0	0	0	4	1	0	0	0	2	0	106	197	82	0	3	0	3	2	37	114	157	0	3	3	0	64	194	228	81	0	3	0	0	91	52	65	138	0	3	0	45	170	0	91	137	0	4	0	2	135	167	159	25	0	1	0	0	0	9	2	0	0	0	
0	0	0	0	0	0	0	0	0	12	125	179	118	0	0	0	0	39	124	37	191	45	0	2	0	2	0	57	183	1	3	1	1	0	3	202	121	0	2	0	2	0	172	252	193	191	139	55	0	0	63	32	0	58	124	15	0	0	0	0	0	0	0	0	
0	0	0	0	0	11	26	0	2	0	37	139	119	131	68	0	3	0	161	110	16	14	0	0	2	0	82	150	128	138	18	0	0	14	5	2	0	163	75	0	0	99	136	66	122	189	8	0	0	9	123	154	119	30	0	1	0	0	0	0	0	1	0	0	
0	0	1	1	30	6	0	0	0	3	0	78	211	10	0	1	1	0	4	210	89	0	5	0	4	0	106	255	144	35	0	2	2	0	204	166	64	179	44	0	2	0	101	179	53	162	189	0	0	1	0	37	99	135	79	0	0	0	2	0	0	0	0	0	
0	1	0	32	20	0	1	0	2	0	31	210	38	0	4	0	1	0	169	109	0	0	0	0	0	63	170	0	6	48	42	0	0	73	160	8	145	109	185	63	0	0	121	196	203	149	145	19	0	0	2	16	35	47	8	0	0	0	2	0	0	0	2	1	
0	0	0	0	0	0	0	0	0	0	15	62	67	31	0	1	4	0	160	239	194	134	0	3	2	0	60	168	218	24	0	2	0	1	0	12	83	119	0	2	3	0	72	50	11	130	0	2	2	0	56	137	140	108	0	4	0	1	0	85	112	42	0	1	
0	2	1	0	0	1	1	0	2	0	32	130	170	87	0	2	0	47	200	77	69	201	18	0	0	156	64	0	0	97	115	0	11	148	1	0	0	23	164	0	0	162	91	15	8	77	156	0	0	17	116	137	140	136	30	0	0	1	0	0	0	0	0	0	
0	0	1	0	0	0	0	0	0	0	0	27	60	0	1	0	2	0	52	66	92	12	0	0	3	0	90	90	150	21	0	1	0	1	0	106	108	61	0	3	0	2	0	76	62	81	0	3	0	2	0	42	115	45	0	2	0	0	0	1	32	4	0	0	
0	1	2	0	0	0	0	0	0	0	1	49	86	17	0	1	0	15	148	119	134	119	0	3	0	122	103	0	0	87	104	0	0	49	164	118	131	214	41	0	0	0	16	16	94	146	0	4	0	2	5	0	150	121	0	4	0	0	2	0	70	36	0	1	
0	0	1	1	0	3	1	0	0	1	0	24	116	19	0	1	1	0	31	159	85	128	51	0	3	0	84	171	107	123	7	0	0	3	0	78	248	35	0	2	0	2	0	104	188	63	0	3	0	1	0	195	170	0	0	1	0	1	0	27	16	0	1	0	
0	0	2	0	0	0	0	0	0	0	0	40	89	53	0	1	2	0	90	137	87	126	12	0	0	33	149	0	8	92	3	0	0	3	113	97	167	122	0	4	0	0	4	0	145	40	0	2	0	2	0	43	175	0	0	0	0	1	0	37	62	0	2	0	
0	0	0	0	0	2	0	0	0	0	2	81	104	0	0	0	1	0	24	89	196	129	0	3	1	0	27	20	96	136	0	4	0	47	210	241	242	168	54	4	0	87	172	62	24	124	107	5	0	0	0	0	0	0	0	0	0	1	4	3	2	4	3	0	
0	0	1	0	21	55	1	0	0	0	2	0	54	173	65	0	0	1	0	65	76	128	38	0	1	0	35	184	158	166	16	0	0	84	123	0	0	145	42	0	0	62	210	95	125	127	0	1	2	0	51	145	90	5	0	0	0	1	0	0	0	2	0	0	
0	0	0	0	0	0	0	0	0	0	12	45	79	67	8	0	1	0	43	108	60	173	45	0	0	0	33	18	43	103	0	1	2	0	95	159	233	128	0	1	0	3	0	107	101	20	8	0	2	0	55	149	0	0	0	0	2	0	48	41	0	3	0	0	
0	0	0	0	1	0	0	0	0	0	2	0	50	142	0	1	0	0	3	0	167	128	0	4	0	1	0	36	210	19	0	1	0	3	0	150	135	0	3	0	1	0	22	234	56	0	2	0	2	0	32	198	78	0	1	0	0	0	0	0	0	0	0	0	
0	1	0	0	0	0	0	0	0	2	0	49	233	90	0	3	0	17	0	126	196	184	12	0	0	112	69	18	19	188	24	0	0	70	148	0	26	186	10	0	0	0	184	91	185	140	0	4	2	0	58	215	187	11	0	1	0	1	1	0	0	1	0	0	
0	0	0	0	1	2	0	0	0	0	1	0	42	104	0	2	0	0	2	0	145	65	0	2	0	2	0	58	166	0	2	0	0	3	0	143	87	0	3	0	1	0	19	192	14	0	1	0	2	0	40	135	0	2	0	0	0	0	0	0	0	0	0	0	
0	0	0	1	1	0	1	0	3	0	120	208	197	106	0	2	1	0	65	37	36	214	57	0	0	0	0	24	0	145	102	0	0	14	162	231	113	178	57	0	0	97	212	76	255	201	0	1	0	8	145	196	149	65	0	2	0	0	0	0	0	0	0	0	
0	0	0	2	0	5	0	0	0	0	3	0	82	173	59	0	0	2	0	152	165	33	133	0	3	0	97	231	25	19	114	0	0	13	159	128	0	87	102	0	0	59	127	68	84	153	15	0	0	7	129	145	114	12	0	1	0	0	4	10	0	2	1	0	
0	0	0	1	0	0	1	0	0	1	0	16	119	82	0	0	0	0	1	158	105	110	79	0	1	0	33	181	125	134	60	0	3	0	57	231	102	0	3	0	2	0	149	105	115	0	6	0	2	0	106	191	55	0	2	0	0	0	6	41	1	0	0	0	
0	0	0	0	0	0	0	0	1	0	19	64	39	0	1	0	0	17	111	71	152	47	0	2	0	5	5	50	203	52	0	2	1	0	20	114	85	145	11	0	2	0	29	19	86	158	6	0	5	0	95	154	98	14	0	1	0	0	0	0	0	2	0	0	
1	1	0	0	1	1	0	0	0	9	52	73	24	0	1	0	22	226	229	214	208	13	0	1	15	84	32	148	255	94	0	4	2	0	29	191	198	215	36	0	1	4	0	98	60	202	153	0	0	1	0	156	219	209	71	0	0	0	0	0	5	5	0	0	
0	0	0	2	1	0	2	0	0	0	2	1	1	0	14	25	0	2	0	75	54	0	128	42	2	0	71	129	4	119	73	0	0	25	214	109	158	86	0	3	0	11	21	127	116	0	4	0	1	0	17	100	3	1	0	0	0	0	2	1	2	0	0	0	
0	0	1	2	0	2	1	0	3	0	77	68	0	2	1	0	2	0	168	54	0	36	19	0	0	8	155	11	102	191	189	1	0	0	165	196	171	156	160	2	4	0	101	233	141	79	0	0	2	0	57	54	0	2	2	0	0	0	0	1	4	3	0	0	
0	0	0	0	2	2	3	1	0	0	0	2	0	0	0	0	0	0	0	4	41	53	72	37	1	0	4	120	92	60	34	6	0	0	5	96	92	0	1	0	0	9	102	85	80	0	2	0	0	0	22	23	0	0	0	0	0	0	0	0	2	0	0	0	
0	0	0	0	0	0	0	0	0	0	0	12	128	2	0	0	0	2	0	57	131	0	3	0	0	4	0	129	162	0	0	1	1	0	11	138	87	72	0	3	0	0	16	104	47	79	0	3	0	1	0	73	119	25	0	1	0	0	0	3	5	0	0	0	
0	0	0	3	0	30	102	17	0	0	3	0	49	172	61	10	0	2	0	38	150	23	0	1	1	0	9	148	84	6	2	1	2	0	145	160	166	167	0	2	0	19	241	202	140	43	0	1	0	4	68	57	8	0	0	0	0	0	0	0	1	2	0	0	
0	0	1	2	0	0	0	0	0	0	0	6	21	0	0	0	0	0	5	101	168	69	0	3	3	0	79	167	85	49	0	2	1	0	16	85	156	22	0	1	0	0	3	0	137	44	0	2	0	1	0	21	150	0	0	0	0	1	0	30	85	0	2	0	
0	0	0	2	2	1	0	0	0	0	0	0	0	2	24	0	2	0	49	131	108	197	110	0	0	0	0	0	105	126	7	0	0	68	82	128	213	114	73	0	0	41	191	155	29	15	0	0	0	54	117	0	1	0	1	0	0	21	14	0	3	0	0	0	
0	1	0	25	34	0	0	0	2	0	35	244	231	24	0	2	1	0	40	94	174	96	0	3	0	0	138	150	189	78	0	5	0	65	199	161	255	66	193	105	0	45	232	214	226	234	184	39	0	0	80	89	9	20	0	0	0	1	0	0	0	0	3	2	
0	0	0	2	1	0	0	0	0	0	1	0	14	64	111	16	0	2	0	52	214	169	151	7	0	4	0	158	126	110	65	0	1	0	24	178	141	50	0	1	0	48	115	157	37	0	3	0	0	104	151	116	9	0	0	0	0	6	42	11	0	0	0	0	
0	0	31	40	7	0	0	0	0	2	99	97	143	57	0	2	0	0	3	0	81	147	0	4	1	2	8	110	234	67	0	3	0	0	3	70	99	191	87	0	16	90	87	72	102	181	69	0	6	67	100	84	68	19	0	1	0	0	0	0	0	1	2	0	
0	0	0	2	0	0	0	0	0	0	1	0	55	52	0	1	0	2	0	87	131	197	22	0	2	0	62	138	89	172	0	0	2	0	44	142	213	29	0	1	0	2	0	117	105	0	3	0	3	0	70	162	0	2	0	0	2	0	53	38	0	1	0	0	
0	0	3	0	1	0	0	0	0	0	0	23	7	0	0	0	0	0	130	177	205	94	0	3	0	12	217	139	223	66	0	3	1	0	34	54	181	45	0	2	0	0	3	0	174	78	0	3	0	0	5	0	98	160	0	4	0	0	1	0	27	117	0	1	
0	0	0	3	3	0	0	0	0	1	2	0	1	104	79	0	1	0	7	71	166	103	109	10	0	10	113	106	125	6	103	0	0	100	51	42	45	99	70	0	13	123	0	24	131	100	0	1	0	104	103	116	64	0	2	0	0	8	49	17	0	3	0	0	
0	0	1	0	0	1	0	0	0	0	4	59	70	13	0	1	2	0	109	90	75	92	0	2	0	26	132	0	0	99	18	0	0	22	144	3	57	160	3	0	2	0	68	130	103	126	0	2	0	0	2	0	61	96	0	3	0	0	4	0	40	24	0	1	
0	0	0	0	1	1	3	0	0	0	0	3	0	82	89	0	0	0	2	0	41	181	14	0	0	1	0	9	177	69	0	3	0	1	0	165	98	0	3	0	2	0	128	137	0	3	0	0	0	31	155	5	0	1	0	0	0	1	1	2	0	0	0	0	
0	0	0	0	2	1	0	0	2	0	45	146	163	68	0	2	4	0	109	139	0	4	1	0	4	0	130	123	85	77	10	0	3	0	84	160	83	106	109	0	0	1	3	1	0	36	133	0	0	18	123	97	90	163	65	0	0	1	10	16	15	8	0	0	
0	0	0	0	4	11	0	0	0	1	0	20	121	160	28	0	0	2	0	33	12	166	49	0	0	0	2	0	103	129	0	2	0	17	70	160	178	2	0	1	0	178	253	151	123	137	73	0	0	67	44	0	0	8	11	0	0	0	0	4	3	0	0	0	
0	0	1	0	30	48	0	0	0	2	0	42	174	81	2	0	0	1	0	155	54	0	2	0	2	0	57	200	94	58	0	1	3	0	114	199	52	186	46	0	2	0	31	195	61	172	23	0	0	1	0	53	144	55	0	2	0	0	0	0	0	1	1	0	
0	0	0	0	0	1	0	0	0	0	31	63	52	6	0	0	0	27	115	58	108	128	0	3	0	1	4	72	202	125	0	3	1	0	14	89	37	126	51	0	6	2	26	25	87	153	19	0	0	0	103	128	89	16	0	1	0	0	0	0	0	1	1	0	
0	1	2	0	0	0	0	0	0	0	3	27	43	29	0	0	0	20	159	134	122	140	25	0	0	169	121	65	102	105	12	0	0	127	141	104	60	114	156	0	0	0	0	1	0	102	160	0	1	0	23	145	176	141	13	0	0	0	1	39	24	0	1	0	
0	0	0	2	0	0	0	0	0	0	1	0	23	54	43	3	0	3	0	69	226	119	165	37	0	3	0	152	115	98	98	0	0	1	21	171	142	76	0	0	0	56	106	162	44	0	3	0	0	93	124	139	28	0	1	0	0	2	65	46	0	0	0	0	
0	0	0	5	59	1	0	0	0	2	0	56	125	0	3	0	0	3	0	124	57	0	2	0	0	0	4	144	11	0	0	0	0	0	10	151	113	130	5	0	0	2	0	162	171	150	11	0	0	1	0	14	60	17	0	1	0	0	0	1	0	1	0	0	
0	0	0	4	1	0	0	0	0	0	3	0	26	151	125	0	0	1	0	95	233	90	148	8	1	0	125	209	100	38	130	0	0	93	111	30	22	128	91	0	0	174	50	30	157	138	0	1	0	63	141	128	72	0	1	0	0	0	0	0	0	2	0	0	
0	0	1	0	1	44	8	0	0	1	0	15	173	208	24	0	1	0	19	220	200	8	0	1	2	0	170	245	153	153	48	0	0	59	255	231	145	230	160	0	0	37	244	251	200	241	77	0	1	0	64	136	105	44	0	0	0	1	0	0	0	0	1	0	
0	0	0	0	1	1	0	0	0	0	0	3	0	48	82	0	0	0	1	0	10	216	90	0	0	1	0	6	186	101	0	3	0	1	0	176	136	0	4	0	2	0	127	174	0	2	1	0	0	60	182	0	1	1	0	0	0	14	16	0	1	0	0	0	
0	0	0	0	0	1	0	0	0	1	69	119	41	0	1	0	0	26	128	17	112	32	0	1	1	0	60	107	123	35	0	1	1	0	7	133	118	26	0	1	1	0	39	90	2	120	8	0	0	0	1	104	76	116	16	0	0	1	0	10	59	24	0	1	
0	0	0	1	0	0	0	0	0	0	1	0	14	57	23	0	0	3	0	44	140	132	170	0	0	0	0	4	0	103	106	0	0	22	102	145	202	196	7	0	0	168	203	150	60	61	23	0	0	45	38	0	0	0	0	0	0	0	0	3	3	3	1	0	
0	0	0	12	67	0	0	0	0	2	0	145	102	0	2	0	2	0	50	176	0	0	0	0	4	0	126	173	97	47	0	1	4	0	128	191	80	191	17	0	1	0	29	182	140	147	0	0	0	1	0	36	87	11	0	1	0	0	1	1	0	1	0	0	
0	0	0	0	0	0	0	0	0	2	83	146	126	30	0	1	0	25	94	25	129	167	0	3	1	0	56	144	234	76	0	3	1	0	80	111	121	131	0	2	0	9	12	0	22	195	14	0	0	32	171	168	187	92	0	2	0	0	28	56	14	0	1	0	
0	0	0	0	0	2	0	0	0	78	223	191	104	0	1	0	0	38	70	33	170	126	0	2	0	0	3	3	11	185	14	0	0	19	174	161	143	202	26	0	0	31	225	56	160	255	72	0	2	0	71	171	192	76	13	0	0	0	0	2	1	0	0	0	
0	0	0	3	4	3	0	0	0	0	0	0	0	0	10	5	0	1	5	105	111	151	175	10	0	0	0	28	95	196	46	0	0	52	114	136	193	139	46	0	0	19	186	158	21	4	3	0	0	89	108	0	2	0	0	0	0	17	5	2	2	0	0	0	
1	0	74	41	0	2	0	0	0	63	163	27	0	2	2	0	0	112	58	0	2	2	1	0	0	122	48	0	93	151	79	0	0	90	146	34	148	23	157	3	1	0	114	173	192	222	170	0	0	1	1	3	41	75	5	0	0	0	3	0	0	0	1	0	
0	0	0	1	1	0	3	1	0	0	0	0	15	14	0	1	0	1	0	15	112	102	75	28	0	3	0	61	143	126	57	0	1	0	29	163	131	0	0	1	0	42	164	142	56	0	4	0	0	0	53	87	3	0	0	0	0	0	0	0	0	0	0	0	
0	0	0	0	0	0	0	0	1	0	37	84	82	43	13	2	4	0	124	162	42	173	163	0	1	0	20	134	109	99	16	0	1	0	14	190	189	1	0	1	1	0	146	31	99	106	0	4	0	1	114	83	158	59	0	2	1	0	31	111	48	0	1	0	
0	0	0	2	0	0	0	0	0	0	1	0	37	68	33	0	0	2	0	64	91	111	141	0	0	0	2	146	125	130	15	0	0	4	0	139	181	1	0	1	2	0	84	134	2	1	2	0	0	94	140	2	1	1	0	0	0	80	13	0	1	0	0	0	
0	1	4	4	4	3	0	0	6	17	0	0	0	0	0	0	11	156	137	99	135	121	4	0	0	19	110	106	140	199	1	0	0	1	3	0	100	127	0	4	0	1	6	0	178	75	0	3	0	0	0	1	174	29	0	1	0	0	0	6	96	2	0	0	
0	0	1	1	0	1	0	0	0	1	0	16	72	25	0	1	1	0	20	111	65	131	6	0	3	0	117	59	70	201	12	0	2	0	55	90	165	78	0	3	0	2	0	44	113	0	2	0	1	0	9	141	23	0	1	0	1	0	21	60	0	2	0	0	
0	1	1	0	0	0	0	0	2	0	44	28	0	86	47	0	0	35	167	17	0	135	50	0	0	135	68	0	0	163	29	0	1	174	105	109	139	203	13	0	0	49	75	41	11	188	36	0	0	0	0	2	0	113	37	0	0	2	3	2	0	0	0	0	
0	0	0	3	1	6	2	0	0	0	3	0	35	148	80	0	0	2	0	56	148	79	86	0	2	0	46	228	46	101	62	0	1	0	138	105	10	152	11	0	0	31	130	10	144	77	0	2	0	5	118	134	53	0	2	0	0	0	4	4	0	2	0	0	
0	0	1	0	1	3	0	0	1	0	19	92	48	0	1	0	0	5	162	102	92	84	2	0	0	14	185	90	159	180	0	2	1	0	25	25	116	129	0	4	0	0	3	0	171	79	0	3	0	1	0	11	221	44	0	2	0	0	0	8	66	8	0	0	
0	0	0	0	1	1	2	0	0	0	0	3	0	120	53	0	0	0	3	0	86	174	0	1	0	1	0	20	197	32	0	2	0	2	0	168	108	0	3	0	3	0	106	171	0	3	0	0	1	0	149	37	0	1	0	0	0	1	2	1	1	0	0	0	
0	0	1	1	1	0	0	0	0	1	0	17	17	0	0	0	1	0	28	138	96	0	0	0	3	0	76	130	129	30	0	1	0	0	9	31	146	59	0	2	0	0	2	0	126	23	0	1	0	0	0	19	125	0	1	0	0	0	0	11	56	0	1	0	
0	0	0	2	1	2	0	0	0	0	1	0	2	0	58	12	0	2	0	58	11	73	92	0	2	0	77	87	70	146	0	1	2	0	123	136	163	36	0	2	1	0	24	162	22	0	1	0	2	0	113	51	0	4	0	0	0	0	28	3	1	0	0	0	
0	0	2	0	0	1	1	0	0	0	2	65	49	0	0	0	2	0	97	101	72	69	16	0	0	43	99	0	42	121	78	0	0	99	66	68	69	37	80	0	0	39	118	57	0	70	66	0	0	0	0	2	0	100	32	0	0	1	3	2	0	52	4	0	
0	0	0	3	3	3	0	0	0	0	0	0	0	0	30	11	0	0	9	90	94	173	143	8	0	0	2	8	120	167	11	0	0	30	43	97	219	103	68	7	0	44	191	179	22	3	0	0	0	11	145	16	0	1	2	0	0	15	36	0	3	0	0	0	
0	0	0	0	0	0	1	0	1	0	19	83	91	38	0	1	0	1	12	28	39	122	45	0	0	0	0	2	0	101	56	0	0	64	104	88	131	112	0	2	0	82	108	95	99	89	54	0	0	0	0	0	0	1	7	0	0	3	4	3	4	1	0	0	
0	0	0	1	1	0	0	0	0	19	122	153	164	40	0	1	0	37	72	0	104	170	0	3	3	16	0	115	217	181	0	0	1	1	0	81	22	122	80	0	0	41	32	0	44	191	36	0	0	71	168	179	163	60	0	2	0	0	3	5	0	0	1	0	
0	0	1	8	2	0	0	0	0	22	145	168	179	28	0	1	0	75	116	0	138	84	0	3	0	0	3	0	158	79	0	3	0	3	0	78	180	0	0	1	2	0	77	220	80	67	71	0	0	0	186	196	145	143	85	0	0	0	0	0	0	0	0	0	
0	0	0	0	0	0	0	0	0	0	0	0	40	76	29	0	0	2	0	71	86	131	107	0	0	0	7	0	19	121	15	0	0	58	89	140	193	139	51	0	4	142	127	125	29	23	38	0	0	52	54	0	1	0	0	0	0	0	0	2	2	1	1	0	
0	0	1	2	0	3	0	0	0	0	0	4	9	0	0	0	1	0	17	154	194	108	0	1	4	0	148	154	97	233	15	0	3	0	82	172	232	110	0	2	0	2	0	58	181	0	0	1	1	0	4	170	49	0	2	0	1	0	37	123	0	3	0	0	
0	0	0	2	0	0	0	0	0	0	2	0	31	61	22	0	0	0	2	86	86	139	69	0	2	0	119	116	116	157	0	1	1	0	98	101	187	34	0	2	0	0	0	122	69	0	2	0	2	0	122	104	0	3	0	0	0	4	72	4	1	0	0	0	
0	0	0	2	0	1	0	0	0	0	2	0	55	23	0	1	0	2	0	117	191	147	0	2	3	0	116	110	144	199	0	2	0	42	174	114	220	135	0	4	0	92	233	75	71	130	0	4	0	12	28	0	57	124	0	4	0	0	1	0	14	38	0	1	
0	0	0	3	1	0	0	0	0	0	2	0	3	51	53	0	0	3	0	70	214	146	148	0	1	0	94	207	119	63	102	0	0	71	122	103	34	159	18	0	0	155	25	99	176	55	0	2	0	85	140	113	31	0	2	0	0	0	0	0	1	2	0	0	
0	0	0	0	1	2	0	0	2	0	42	126	0	2	0	0	2	0	53	186	30	64	0	2	3	0	145	116	24	182	0	0	0	46	245	145	162	245	52	0	0	46	143	76	68	211	45	0	0	0	0	3	0	124	70	0	0	1	4	3	3	1	0	0	
0	0	0	1	2	3	2	0	0	0	1	0	0	0	0	0	0	1	0	28	61	90	97	23	2	0	64	132	60	59	25	2	1	0	17	104	37	0	2	0	0	41	82	124	64	0	3	0	0	6	57	34	0	1	0	0	0	0	0	0	1	0	0	0	
0	0	2	1	0	0	0	0	0	2	0	59	120	100	54	0	3	0	72	153	27	142	112	0	0	19	158	0	76	109	0	1	0	17	135	157	157	0	1	1	3	0	66	137	78	142	6	0	3	0	87	109	94	141	7	0	0	0	2	49	53	4	0	0	
0	0	0	2	2	0	42	20	0	0	2	0	16	132	195	37	0	2	0	41	167	86	10	0	2	0	36	167	47	0	2	1	0	4	172	145	83	124	2	0	0	63	250	135	118	156	0	1	0	6	106	130	89	13	0	1	0	0	0	0	0	1	0	0	
0	1	1	0	0	0	0	0	1	0	25	139	186	35	0	1	0	20	230	197	73	10	0	1	0	129	214	0	115	161	34	0	0	129	164	105	207	115	217	20	0	14	169	249	197	177	208	17	0	0	3	105	160	91	10	0	0	1	2	0	0	0	1	1	
0	0	0	0	0	0	0	0	0	0	1	18	25	29	56	8	0	1	5	95	89	193	163	3	0	0	2	0	73	117	0	0	0	48	110	156	210	115	15	0	0	0	133	154	4	2	1	0	0	49	133	0	0	1	0	0	0	35	22	0	2	0	0	0	
0	0	0	1	2	0	0	0	0	2	0	38	148	30	0	2	0	1	0	93	112	64	0	3	0	0	0	117	130	24	0	1	0	2	0	162	153	0	2	0	2	0	67	83	91	65	0	2	1	0	23	111	118	28	0	1	0	0	0	8	7	0	0	0	
0	1	1	0	0	1	0	0	0	0	0	30	53	2	0	0	0	30	156	152	143	95	0	3	0	9	33	102	180	112	0	12	0	2	0	71	119	136	20	0	0	0	64	36	26	169	28	0	1	0	85	142	125	48	0	2	0	0	0	0	0	0	0	0	
0	0	1	0	0	1	0	0	1	0	0	154	172	16	0	1	3	0	84	192	85	141	0	3	4	0	111	240	196	120	0	4	3	0	139	104	30	127	19	0	2	0	161	50	0	161	71	0	2	0	37	121	159	135	1	0	0	0	0	3	8	0	0	0	
0	0	0	3	0	1	1	0	0	0	1	0	20	10	0	0	0	0	0	100	143	175	29	0	3	0	108	239	169	225	18	0	2	0	53	105	187	78	0	3	0	2	0	63	148	0	1	0	1	0	21	182	29	0	1	0	3	0	74	95	0	3	0	0	
0	0	0	0	0	0	0	0	0	2	0	71	194	51	0	2	0	2	0	155	120	58	0	3	0	2	0	140	53	117	57	0	0	2	0	137	251	139	11	0	3	0	55	255	148	0	4	0	1	0	3	160	103	0	4	0	0	0	0	0	0	0	0	0	
0	0	0	3	0	2	0	0	0	0	0	0	22	5	0	0	0	1	0	84	150	156	9	0	3	0	85	199	150	190	0	1	1	0	20	69	180	76	0	3	0	1	0	33	142	0	1	0	0	1	0	146	62	0	2	0	1	0	31	106	0	2	0	0	
0	0	0	0	16	48	0	1	0	0	2	0	91	67	0	2	0	1	0	33	97	0	1	0	0	2	0	119	68	0	1	0	1	0	21	125	122	93	0	3	2	0	43	111	106	63	0	2	0	0	0	59	49	0	1	0	0	0	0	0	1	1	0	0	
0	0	0	3	5	0	0	0	0	0	79	160	167	80	0	2	0	12	82	0	73	169	0	2	0	3	0	61	211	115	0	2	0	1	0	39	12	123	79	0	0	47	45	0	56	150	25	0	0	71	164	144	129	29	0	1	0	0	4	4	0	1	1	0	
0	0	0	0	2	5	0	0	0	1	0	24	118	37	0	2	0	1	0	172	57	0	2	0	0	2	0	112	152	4	0	1	0	0	3	0	125	139	0	4	0	1	0	17	171	81	0	3	2	0	54	158	77	0	1	0	0	0	6	5	0	2	0	0	
0	0	0	0	0	0	0	0	0	1	0	16	133	131	74	0	0	3	0	138	196	195	150	0	0	5	0	99	173	154	15	0	1	0	21	170	177	0	1	1	0	80	139	131	104	0	5	0	0	134	131	135	46	0	2	0	0	2	57	43	0	1	0	0	
0	0	0	3	11	12	7	0	1	0	89	138	81	111	68	0	0	9	180	89	34	4	0	1	0	0	44	61	75	114	36	0	0	7	33	0	0	14	118	19	0	72	161	7	2	0	115	37	0	30	132	140	127	133	83	0	0	0	0	4	15	8	0	0	
0	0	0	0	1	1	1	0	0	0	0	0	2	111	41	0	0	0	3	0	93	172	0	1	0	1	0	26	178	19	0	1	0	3	0	149	96	0	3	0	3	0	87	160	0	2	0	0	2	0	130	34	0	1	0	0	0	0	0	2	0	0	0	0	
0	0	2	3	3	2	0	0	0	38	19	0	0	19	59	0	0	139	173	79	71	192	133	0	0	6	83	83	155	146	0	3	0	1	3	0	135	48	0	2	0	0	16	48	167	54	13	0	1	0	111	159	207	106	23	0	0	0	2	0	62	6	0	0	
0	0	0	0	0	0	0	0	0	0	0	5	28	5	0	0	0	3	0	54	166	98	0	4	0	0	3	0	102	80	0	3	0	19	97	160	200	102	71	8	0	87	204	128	20	31	19	3	0	2	12	0	0	0	0	0	0	0	0	3	2	1	1	0	
0	0	0	0	1	0	0	0	0	0	2	0	49	59	0	2	0	0	3	0	162	119	0	4	0	1	0	19	208	35	0	2	0	4	0	118	163	0	3	0	0	0	0	196	55	0	2	0	0	0	13	115	0	1	0	0	0	0	1	6	0	0	0	0	
0	0	2	1	0	2	2	0	0	1	0	7	36	12	0	1	2	0	62	135	96	122	38	0	0	15	167	13	24	192	64	0	0	5	143	136	192	134	0	4	0	0	12	17	127	27	0	1	0	3	0	64	132	0	3	0	0	2	0	80	52	0	2	0	
0	2	4	3	2	1	0	0	5	0	0	0	0	0	0	0	110	161	138	139	193	78	0	3	8	44	77	47	168	120	0	4	0	0	4	0	138	119	0	4	0	2	6	0	164	117	0	4	0	0	3	0	188	133	0	4	0	0	2	0	87	131	0	0	
0	0	0	3	0	26	23	0	0	0	2	0	38	166	118	0	0	2	0	53	163	31	25	0	1	0	12	177	80	7	0	0	3	0	103	151	131	149	0	2	4	0	160	184	102	88	0	3	1	0	32	138	93	3	0	0	0	0	0	0	0	1	0	0	
0	1	2	3	1	0	0	0	0	0	0	0	5	15	0	0	0	25	58	107	159	191	25	0	0	72	134	90	35	156	11	0	0	0	2	0	85	95	0	3	0	4	0	42	149	1	0	0	1	0	8	184	51	0	2	0	2	0	50	106	0	2	0	0	
0	0	0	0	2	1	0	0	0	0	8	16	0	13	49	0	1	0	29	155	114	215	98	0	0	0	1	0	141	153	0	0	0	14	52	106	219	110	40	0	0	5	147	206	49	14	0	0	0	0	143	47	0	2	1	0	0	17	74	0	4	0	0	0	
0	1	1	1	0	0	0	0	1	0	34	13	44	87	28	0	0	33	151	145	137	94	18	0	0	110	142	85	35	0	1	0	0	8	95	89	171	141	0	0	0	0	0	2	0	161	66	0	0	2	0	50	90	170	41	0	0	1	0	31	134	62	0	2	
0	0	0	1	3	3	1	0	0	0	0	1	0	0	0	0	0	1	0	23	70	96	85	6	1	0	15	144	114	78	11	0	0	0	0	96	61	0	2	0	0	61	79	123	73	0	3	0	0	21	66	38	0	0	0	0	0	0	0	0	1	0	0	0	
0	0	2	1	0	1	0	0	0	1	0	24	59	0	0	0	2	0	45	166	157	33	0	1	3	0	129	63	5	141	5	0	3	0	89	146	161	121	0	4	0	0	1	56	197	43	0	2	0	0	3	0	134	42	0	2	0	0	1	0	44	19	0	1	
0	0	0	3	0	10	44	0	0	0	2	0	35	170	98	0	0	2	0	56	200	44	0	1	1	0	15	178	55	0	4	0	4	0	125	181	118	37	0	2	3	0	182	168	180	50	0	2	2	0	41	135	59	0	1	0	0	0	0	0	0	1	0	0	
0	0	2	4	4	2	0	0	0	0	0	0	0	0	0	0	1	0	70	117	140	98	0	3	0	0	34	41	171	83	0	3	0	2	0	49	155	0	1	0	0	3	0	114	72	0	2	0	0	0	3	138	12	0	0	0	1	0	22	89	0	1	0	0	
0	0	0	0	0	0	0	0	5	120	152	137	82	0	1	0	0	53	82	59	206	91	0	3	1	0	12	188	255	113	0	3	0	1	7	52	56	158	64	0	0	0	1	0	7	165	92	0	0	27	164	155	165	96	0	1	0	6	51	36	4	0	1	0	
0	0	1	0	0	2	1	0	1	0	15	77	0	2	0	0	3	0	91	121	0	69	64	0	3	0	131	49	40	201	48	0	0	1	185	171	179	163	0	1	0	0	61	15	84	103	0	4	0	0	2	0	71	130	0	1	0	0	3	1	3	36	1	0	
0	0	0	3	0	1	1	0	0	0	1	0	2	7	32	0	0	0	0	89	47	64	126	0	4	0	123	208	51	215	63	0	2	0	50	94	214	85	0	3	0	2	0	107	105	0	3	0	2	0	90	136	0	2	0	0	0	0	75	14	0	1	0	0	
0	1	3	3	2	2	0	0	0	0	0	0	0	0	0	0	0	18	86	98	110	84	0	1	0	22	69	45	41	108	0	2	0	0	2	0	67	82	0	3	0	1	4	0	101	21	0	1	0	1	0	30	73	0	2	0	0	2	0	80	36	0	1	0	
0	0	1	2	0	3	2	0	0	0	1	1	21	4	0	0	1	0	20	128	172	159	64	0	3	0	147	90	71	210	34	0	2	0	78	135	212	27	0	2	0	1	0	135	75	0	4	0	2	0	120	123	0	3	0	0	0	12	110	5	1	0	0	0	
0	0	2	0	0	1	0	0	0	0	0	52	51	0	0	0	3	0	105	135	79	48	0	2	1	0	141	13	6	71	0	1	2	0	110	54	83	129	0	3	1	0	11	88	188	56	0	2	0	0	0	7	145	10	0	1	0	0	0	12	50	0	1	0	
0	0	0	0	1	1	0	0	0	0	0	3	0	67	45	0	0	0	1	0	27	197	27	0	0	0	1	0	181	89	0	3	0	3	0	108	168	0	3	0	2	0	45	191	19	0	1	0	1	0	150	51	0	2	0	0	0	4	24	0	1	0	0	0	
0	2	0	0	0	3	1	0	1	0	42	63	0	2	0	0	0	47	237	121	0	84	42	0	0	183	205	1	39	239	79	0	0	66	215	218	164	246	69	0	0	0	12	23	0	198	110	0	0	2	1	2	0	76	129	0	0	0	1	1	0	0	0	0	
0	0	1	0	11	56	6	0	0	1	0	65	163	176	102	0	0	2	1	95	16	104	89	0	0	0	2	0	51	161	0	0	0	48	98	90	165	35	0	2	40	161	95	207	140	82	22	0	18	116	98	11	6	39	7	0	0	0	0	1	2	0	0	0	
0	0	0	1	15	6	0	0	0	0	1	99	98	115	39	0	0	0	10	47	0	28	126	0	0	0	0	1	0	27	102	0	0	43	81	51	0	116	42	0	0	134	86	133	182	53	0	2	0	21	89	60	68	39	0	1	0	0	0	0	1	6	0	0	
0	0	0	2	1	1	1	0	0	0	1	0	16	14	0	1	0	1	0	50	132	163	19	0	2	0	42	129	106	179	11	0	3	0	60	158	198	30	0	2	0	2	0	112	84	0	3	0	2	0	55	128	0	2	0	0	2	0	96	42	0	1	0	0	
0	0	8	7	1	0	0	0	0	50	150	97	0	52	8	0	0	116	160	0	125	145	0	2	0	15	183	151	202	25	0	1	0	1	0	170	232	109	4	0	0	4	0	154	158	192	92	0	0	1	0	20	156	157	25	0	0	0	0	0	0	0	0	0	
0	0	0	0	4	2	0	0	1	0	14	113	164	152	1	0	2	0	58	72	67	178	0	0	0	1	1	91	228	84	0	3	0	0	9	74	38	145	9	0	0	12	43	0	73	172	2	0	0	70	199	154	121	29	0	1	0	0	2	6	0	1	0	0	
0	1	3	0	0	0	0	0	0	1	0	24	93	147	85	0	0	33	184	222	176	152	114	0	0	26	169	235	25	0	1	0	0	1	0	128	236	79	0	2	0	2	24	0	113	255	40	0	0	7	184	218	162	170	29	0	0	0	17	32	8	0	0	0	
0	0	0	2	0	2	1	6	0	0	2	0	3	0	69	72	0	0	3	86	3	78	117	0	0	0	119	52	86	132	0	0	0	16	157	146	135	5	0	1	3	0	89	154	0	2	1	0	0	7	116	13	0	1	0	0	0	1	2	2	1	0	0	0	
0	0	0	0	0	1	1	0	1	0	14	90	98	16	0	1	3	0	105	90	37	112	8	0	1	0	9	124	102	127	27	0	1	0	7	123	138	0	2	0	3	0	98	30	110	21	0	0	3	0	71	120	119	7	0	0	0	0	0	45	24	0	1	0	
0	0	0	2	1	2	0	0	0	0	0	1	0	5	56	4	0	1	0	42	18	94	79	0	1	0	26	119	95	111	0	2	1	0	10	173	134	5	0	1	2	0	42	137	8	0	1	0	0	4	138	31	0	2	0	0	0	6	23	0	1	0	0	0	
0	0	1	4	1	1	0	0	0	1	1	0	2	2	1	0	1	0	33	141	226	107	0	2	0	47	173	88	89	136	102	0	0	140	71	0	1	6	189	41	0	79	167	143	141	156	109	4	0	0	15	28	17	5	0	0	0	2	1	0	0	0	3	0	
0	0	7	13	2	0	0	0	3	95	145	141	135	21	0	1	6	37	7	3	162	137	0	4	0	0	0	130	162	162	25	0	0	0	0	3	0	89	117	0	0	40	33	11	32	159	72	0	0	97	166	166	161	71	0	1	0	0	1	6	0	0	1	0	
0	0	1	0	0	0	0	0	1	0	14	123	136	50	0	2	4	0	113	226	120	160	0	1	3	0	167	73	0	169	34	0	3	0	173	66	0	163	52	0	4	0	143	101	0	184	17	0	2	0	49	194	185	110	0	3	0	1	0	38	46	0	0	0	
0	0	0	0	1	1	0	0	0	0	0	4	0	95	80	0	0	0	2	0	6	168	36	0	0	1	0	9	166	85	0	3	1	0	13	176	92	0	3	0	0	3	179	96	0	4	0	0	0	70	100	0	4	0	0	0	0	2	1	2	0	0	0	0	
0	0	0	0	0	0	0	0	0	0	84	146	109	10	0	1	0	40	218	50	154	43	0	2	0	0	128	154	154	54	0	2	1	0	20	173	218	115	0	3	4	0	110	124	0	211	36	0	1	0	13	158	177	176	14	0	0	0	0	10	54	12	0	1	
0	1	4	4	3	2	0	0	0	0	0	0	0	0	17	7	0	16	101	112	120	156	189	10	0	2	51	49	57	211	80	0	0	34	83	116	185	166	55	2	0	33	77	209	71	0	2	0	2	0	136	88	0	5	2	0	0	26	124	0	2	0	0	0	
0	0	0	0	1	0	0	0	0	0	1	0	26	115	0	2	0	0	3	0	99	128	0	4	0	0	0	11	170	21	0	1	0	3	0	141	112	0	3	0	2	0	33	198	16	0	1	0	2	0	64	84	0	3	0	0	0	0	0	1	1	0	0	0	
0	0	0	2	1	0	0	0	0	16	129	168	172	113	1	0	0	23	69	3	35	223	43	0	1	0	98	169	212	147	0	3	1	0	77	96	43	164	18	0	0	52	37	0	66	212	30	0	0	134	205	155	155	57	0	2	0	0	4	3	0	1	1	0	
0	0	0	0	0	0	0	0	0	72	63	0	24	125	0	0	0	95	155	0	22	190	14	0	0	37	142	0	10	194	23	0	0	65	213	154	167	221	28	0	0	49	145	102	78	167	140	0	0	0	0	1	0	30	126	0	0	1	4	4	4	2	0	0	
0	0	1	3	0	1	2	0	0	0	2	0	53	33	3	11	1	0	4	142	134	23	140	40	1	0	171	115	14	210	111	0	0	3	136	183	207	70	0	1	2	0	39	206	43	0	3	0	0	22	200	52	0	5	0	0	0	32	69	0	3	0	0	0	
0	0	0	0	0	0	0	0	0	2	0	58	125	0	3	0	0	3	0	80	164	0	3	0	0	3	0	72	187	0	2	0	0	3	0	75	191	0	1	0	0	4	0	113	172	0	4	0	0	2	0	47	143	0	0	0	0	0	0	0	3	1	0	0	
0	0	2	1	0	0	0	0	0	1	0	13	64	79	17	0	2	0	72	135	69	92	130	0	0	27	134	0	23	168	78	0	0	37	153	109	230	124	0	2	1	0	7	141	118	0	3	0	1	0	124	121	0	3	0	0	0	12	91	5	1	1	0	0	
0	0	2	0	0	1	0	0	0	1	0	26	68	10	0	1	3	0	88	160	117	116	0	3	0	9	183	12	35	173	0	1	1	0	118	138	210	145	0	4	0	0	2	19	91	128	0	4	0	0	4	0	73	127	0	4	0	0	1	0	25	35	0	1	
0	0	0	3	0	27	80	0	0	0	3	0	73	134	54	0	0	1	0	111	119	0	0	0	2	0	110	95	14	79	11	0	0	71	131	78	144	196	12	0	0	75	178	180	128	61	0	2	0	0	61	52	8	0	0	0	0	0	0	0	1	3	0	0	
0	0	0	0	0	0	0	0	0	0	0	85	112	58	0	2	0	0	2	137	23	63	11	0	0	3	0	85	129	101	27	0	0	2	0	112	189	2	0	1	2	0	49	116	110	15	0	0	2	0	58	137	118	3	0	0	0	1	0	44	24	0	1	0	
0	0	1	1	0	0	0	0	0	0	0	2	52	59	0	0	1	0	18	121	64	120	36	0	3	0	110	66	55	151	6	0	2	0	80	89	158	82	0	3	0	2	0	62	112	0	2	0	2	0	44	145	5	0	0	0	2	0	49	42	0	2	0	0	
0	2	4	2	2	0	0	0	0	0	0	0	0	43	7	0	0	61	123	26	122	219	5	0	0	38	148	151	229	60	0	3	3	0	74	167	222	158	92	0	1	0	35	71	187	29	2	0	0	1	0	7	194	31	0	1	0	0	1	3	86	19	0	1	
0	0	0	2	0	1	1	0	0	0	1	0	26	6	84	29	0	2	0	51	115	125	154	28	0	3	0	123	83	165	44	0	1	0	6	182	142	8	0	1	0	24	123	181	18	0	3	0	0	102	171	92	0	2	0	0	0	10	53	9	0	0	0	0	
0	1	1	0	2	0	0	0	0	0	10	22	0	2	0	0	0	4	115	133	89	2	0	0	0	46	132	6	69	56	5	0	0	0	92	139	106	140	13	0	0	0	0	2	0	89	18	0	0	0	3	1	1	135	13	0	0	0	0	0	11	54	0	1	
0	0	0	0	1	2	1	0	0	0	0	2	0	81	39	0	0	0	2	0	52	139	0	1	0	0	1	0	151	41	0	2	0	3	0	91	118	0	3	0	2	0	41	150	2	0	0	0	2	0	108	56	0	2	0	0	0	0	1	1	1	0	0	0	
0	0	0	0	2	0	0	0	1	0	19	65	0	2	0	0	2	0	44	79	56	33	0	1	3	0	108	63	131	35	0	2	2	0	124	185	219	178	96	0	0	0	1	0	132	39	0	0	0	0	4	0	65	31	0	1	0	0	0	0	5	6	0	0	
0	0	0	0	1	1	3	0	0	0	0	2	0	61	104	0	0	0	2	0	43	186	23	0	0	1	0	6	204	63	0	3	0	2	0	152	127	0	4	0	3	0	126	174	0	3	0	0	0	27	160	15	0	1	0	0	0	2	2	1	1	0	0	0	
0	0	1	0	1	4	2	0	0	53	34	0	1	0	1	1	0	160	107	26	128	156	40	0	0	115	144	0	16	81	163	22	0	39	214	40	1	24	181	53	2	0	116	203	164	166	83	0	0	1	0	6	13	1	0	0	0	0	3	1	0	3	3	0	
0	0	0	3	0	41	90	0	0	0	3	0	79	153	43	0	0	3	0	93	162	8	0	1	2	0	62	163	3	3	2	0	0	0	153	92	161	196	0	0	0	44	208	202	173	78	0	2	0	1	56	65	14	0	0	0	0	0	0	0	1	2	0	0	
0	0	1	0	27	2	0	0	0	2	0	107	150	0	1	0	3	0	60	221	19	0	2	0	4	0	114	153	37	39	0	1	4	0	99	235	173	195	51	0	2	0	36	239	190	200	39	0	0	1	0	43	141	39	0	2	0	0	1	1	0	1	1	0	
0	0	0	3	0	42	30	0	0	0	1	0	112	145	46	0	0	1	0	139	131	0	1	0	3	0	93	125	25	69	2	0	0	21	143	68	101	187	40	0	0	32	209	122	82	125	0	0	1	0	83	129	97	16	0	1	0	0	0	0	0	2	0	0	
0	0	0	1	0	0	0	0	0	0	0	5	29	101	7	0	1	0	46	104	200	111	0	2	0	1	0	111	200	61	0	3	0	0	17	81	72	110	0	4	0	3	0	7	143	24	0	1	0	64	97	129	58	0	2	0	0	6	51	22	0	2	0	0	
0	0	1	1	0	0	0	0	0	1	0	17	89	114	75	0	1	0	21	172	142	78	140	0	2	0	45	133	53	124	43	0	1	0	64	213	105	11	0	1	0	69	112	63	102	0	5	0	0	37	132	127	61	0	2	0	1	0	33	30	0	1	0	0	
0	1	0	35	45	0	1	0	2	0	48	114	131	54	0	3	0	9	132	11	66	27	0	1	0	57	83	0	53	100	87	13	0	51	82	23	97	0	90	70	0	2	115	101	103	78	108	3	1	0	25	114	131	55	1	0	0	0	1	0	0	0	2	1	
0	0	0	2	1	0	0	0	0	0	0	0	9	16	0	0	0	3	0	71	84	133	100	0	0	0	2	21	32	124	27	0	0	63	138	166	205	111	30	1	0	134	165	91	28	57	31	0	0	0	0	0	0	0	0	0	0	1	2	3	2	2	1	0	
0	0	0	5	12	0	0	0	0	3	0	138	112	0	4	0	2	0	63	207	16	17	2	0	1	0	189	66	122	253	50	0	0	7	178	47	234	240	36	0	3	0	107	234	239	48	0	2	0	0	1	36	85	7	0	0	0	0	2	0	0	1	0	0	
0	0	0	2	0	0	0	0	0	0	0	2	22	55	93	12	0	1	0	89	149	89	130	25	1	0	28	119	9	124	71	0	0	0	73	164	117	53	0	1	0	88	88	129	18	0	2	0	0	66	137	118	0	3	0	0	0	2	60	21	0	1	0	0	
0	0	0	2	27	2	0	0	0	2	0	66	148	0	3	0	1	0	5	184	43	0	1	0	3	0	91	162	133	159	12	0	4	0	127	200	49	71	114	0	3	0	89	239	92	171	54	0	0	0	0	72	135	50	0	1	0	0	1	0	0	1	1	0	
0	0	0	3	0	2	1	0	0	0	1	0	3	0	61	34	0	0	0	91	24	65	125	0	3	0	126	105	110	188	9	0	1	0	100	197	155	28	0	1	3	0	82	132	0	1	0	0	0	27	146	6	1	2	0	0	0	16	19	0	1	0	0	0	
0	0	0	0	0	0	0	0	0	16	124	156	98	0	0	0	0	21	61	111	201	0	1	0	0	1	0	174	207	28	0	1	3	0	127	217	98	185	20	0	1	0	65	18	7	194	28	0	0	2	0	64	210	104	0	2	0	0	0	14	36	0	1	0	
0	0	0	1	0	0	0	0	0	0	0	6	94	125	86	2	0	0	0	157	167	0	160	47	1	0	20	167	11	76	135	0	1	0	5	175	163	102	5	0	0	10	124	208	33	0	2	0	0	86	207	100	0	5	1	0	0	8	50	9	0	0	0	0	
0	0	0	43	23	0	1	0	2	0	46	195	143	15	0	1	0	0	7	11	178	40	0	2	0	3	0	122	154	0	4	0	2	0	56	191	7	0	1	0	4	0	143	161	38	85	49	0	1	0	25	129	138	97	16	0	0	0	0	0	0	0	0	0	
0	0	1	3	0	0	1	0	0	1	3	0	42	152	36	0	1	0	13	136	155	175	170	0	0	10	162	120	0	44	177	0	0	152	81	0	0	165	87	0	0	196	75	60	159	132	0	1	0	60	152	121	65	0	2	0	0	0	0	0	0	3	0	0	
0	0	0	0	0	0	0	0	0	1	0	25	101	0	2	0	0	2	0	53	151	0	3	0	0	3	0	108	142	0	4	0	0	4	0	131	86	0	3	0	0	3	0	154	65	0	2	0	0	3	0	106	74	0	2	0	0	0	0	0	0	0	0	0	
0	0	2	0	0	0	1	0	0	2	0	67	157	92	0	1	3	0	104	241	117	162	88	0	0	44	226	30	0	46	166	0	0	48	206	5	0	89	155	0	2	0	183	93	29	213	34	0	2	0	46	208	199	69	0	3	0	1	0	25	23	0	2	0	
0	0	0	0	0	0	0	0	0	0	0	0	62	6	0	0	0	0	0	11	104	0	1	0	0	1	0	30	98	0	3	0	0	2	0	47	69	0	3	0	0	3	0	74	75	0	3	0	0	2	0	64	53	0	2	0	0	0	0	11	9	0	0	0	
0	0	0	0	0	0	0	0	0	2	0	44	116	1	0	0	0	4	0	114	244	9	0	1	0	3	0	107	212	0	1	0	0	4	0	115	190	0	2	0	0	3	0	174	149	0	4	0	0	3	0	112	193	0	1	0	0	0	0	5	29	0	0	0	
0	0	0	1	4	0	0	0	2	0	60	129	143	68	0	2	0	16	178	9	23	77	0	1	0	0	167	78	27	2	0	0	2	0	46	127	124	141	30	0	1	0	17	26	0	131	120	0	2	0	32	143	152	151	26	0	0	0	0	5	9	0	0	0	
1	0	19	26	0	1	0	0	0	0	203	225	24	0	2	0	1	0	55	208	84	0	4	1	2	0	31	220	34	0	2	0	4	0	144	149	0	2	7	33	0	0	215	210	138	153	211	151	0	0	54	113	130	114	49	2	0	0	0	0	0	0	0	1	
0	0	0	0	0	0	0	0	0	1	0	32	90	90	76	6	0	0	1	168	93	87	85	6	3	0	74	167	57	25	0	1	4	0	96	158	127	161	0	4	0	0	3	0	126	118	0	3	0	4	59	156	136	1	0	1	0	1	95	71	0	2	0	0	
0	0	0	0	0	1	1	0	0	38	148	116	54	10	0	0	0	117	233	178	231	227	36	0	0	8	64	0	106	251	20	0	0	0	3	0	79	242	49	0	0	0	22	51	80	253	128	0	0	26	225	228	211	154	22	0	0	8	47	18	0	0	0	0	
0	0	1	1	0	0	0	0	0	0	0	13	8	20	0	1	1	0	28	103	28	84	0	3	4	0	121	128	136	95	0	3	2	0	63	127	94	75	0	3	0	0	2	0	67	85	0	3	0	0	4	0	74	84	0	3	0	0	1	0	24	27	0	1	
0	0	2	1	0	2	1	0	0	1	0	26	11	0	39	15	2	0	56	154	0	47	166	7	0	13	181	23	0	185	63	0	0	10	178	94	182	121	0	4	1	0	11	197	177	18	0	1	1	0	29	159	1	0	0	0	1	0	21	43	0	3	0	0	
0	0	0	0	0	0	0	0	0	1	0	16	142	9	0	1	0	1	0	26	207	13	0	1	0	2	0	65	193	0	1	0	0	3	0	93	166	0	3	0	0	4	0	116	168	0	4	0	0	2	0	76	131	0	2	0	0	0	0	0	0	0	0	0	
0	0	0	0	3	3	0	0	0	0	12	27	0	0	0	0	0	0	126	150	157	129	0	1	0	1	10	0	185	115	0	3	0	1	0	22	156	0	0	0	0	2	0	54	144	0	3	0	0	3	0	91	158	0	4	0	0	2	0	69	77	0	2	0	
0	1	0	24	21	0	0	0	0	3	0	101	223	69	0	2	0	3	5	0	181	191	0	2	0	1	0	79	229	71	0	3	0	59	180	255	171	0	2	0	0	209	176	95	225	181	14	0	0	21	2	0	9	129	69	0	0	0	3	4	1	0	0	0	
0	0	1	0	0	0	1	0	0	0	1	62	137	57	0	3	3	0	134	137	74	136	13	2	3	0	157	112	74	128	107	41	2	0	42	255	147	0	3	5	3	0	82	123	145	12	0	0	2	0	43	198	137	0	2	0	0	1	0	42	18	0	1	0	
0	0	0	0	0	0	0	0	0	1	0	51	81	0	0	0	1	0	14	91	100	21	0	1	2	0	45	59	89	14	0	0	2	0	45	122	110	1	0	0	0	0	5	80	122	12	0	1	0	0	2	0	105	31	0	1	0	0	1	1	17	6	0	0	
0	0	2	0	0	0	0	0	0	0	1	27	39	28	0	0	2	0	123	130	85	138	60	0	2	0	141	107	98	45	6	0	0	0	7	62	186	24	18	13	0	3	0	72	119	0	12	5	0	2	0	154	46	0	26	16	1	0	14	116	0	1	0	0	
0	0	2	0	0	1	1	0	0	1	0	80	147	37	0	2	3	0	98	139	99	198	4	0	3	0	167	73	21	239	33	0	1	0	27	188	228	61	0	2	1	0	10	173	203	59	0	2	2	0	60	157	93	163	0	4	0	0	7	29	18	25	0	1	
0	1	0	0	1	0	0	0	1	0	39	83	9	56	56	0	0	65	246	217	227	230	232	31	0	162	143	66	144	15	210	55	0	158	138	0	0	41	232	35	0	127	208	0	40	209	148	0	0	29	221	199	227	154	2	0	1	0	40	113	29	0	2	0	
0	2	0	0	0	2	0	0	0	0	8	27	20	0	0	0	0	91	146	122	133	140	1	0	1	16	112	136	167	177	4	0	0	2	69	37	0	49	124	0	0	4	144	97	60	112	133	0	1	0	27	109	99	74	8	0	0	0	0	0	0	0	1	0	
0	0	0	0	0	0	0	0	0	0	0	2	163	36	0	2	0	1	0	31	194	6	0	1	0	2	0	68	171	0	2	0	0	4	0	122	163	0	3	0	1	0	20	220	64	0	2	0	2	0	60	144	0	2	0	0	0	0	0	0	1	0	0	0	
0	0	0	0	0	0	0	0	2	0	53	108	62	11	0	1	1	0	10	93	209	78	0	3	0	2	0	74	148	3	0	1	0	0	4	0	87	71	0	3	0	11	18	0	97	114	0	4	0	7	83	139	189	35	0	2	0	0	5	48	15	0	1	0	
0	0	0	0	0	0	0	0	0	5	90	180	121	17	0	1	0	53	215	164	252	110	0	4	0	3	0	122	225	24	0	2	3	0	101	221	24	0	1	0	1	0	207	163	51	78	82	28	2	0	63	180	178	178	173	58	0	0	0	0	0	0	0	0	
0	0	0	3	3	3	2	0	0	1	1	0	0	0	0	0	0	0	1	72	102	85	101	31	0	29	115	70	47	25	20	1	0	29	110	59	74	58	0	2	0	5	69	85	127	74	0	2	0	7	63	41	5	0	0	0	0	0	0	0	1	2	0	0	
0	0	0	0	1	2	0	0	0	12	171	70	3	0	0	0	0	5	86	202	230	73	0	3	0	3	0	160	223	21	0	1	0	1	0	12	169	90	0	3	0	2	63	57	130	144	0	4	0	8	83	157	210	50	0	2	0	0	0	0	0	0	0	0	
0	0	2	1	0	0	2	1	0	1	0	12	62	44	5	0	2	0	36	225	254	209	160	20	0	0	196	237	67	0	150	86	0	60	209	29	0	25	176	15	0	83	148	0	9	167	85	0	0	19	172	99	161	80	0	2	1	0	53	107	40	0	3	0	
0	2	1	0	1	1	0	0	0	0	0	2	0	36	107	0	0	54	23	0	5	183	92	0	0	190	96	0	119	183	0	1	0	107	185	180	238	153	58	0	0	4	0	129	143	0	3	0	0	2	0	173	51	0	4	0	0	0	2	25	2	0	0	0	
0	0	0	0	0	0	0	0	0	0	0	7	54	0	1	0	0	1	0	25	79	0	2	0	0	2	0	47	69	0	3	0	0	2	0	48	63	0	2	0	0	2	0	51	69	0	3	0	0	1	0	37	52	0	2	0	0	0	0	2	4	0	0	0	
0	0	0	1	3	1	0	0	0	0	0	1	0	0	0	0	0	1	0	9	112	127	129	23	0	4	0	109	127	2	15	5	0	1	0	148	28	0	1	0	0	83	119	161	11	0	1	0	0	20	72	29	0	1	0	0	0	0	0	1	0	0	0	0	
0	0	0	0	0	0	0	0	0	0	0	0	82	10	0	0	0	1	0	17	184	9	0	1	0	1	0	23	148	0	1	0	0	2	0	54	128	0	3	0	0	3	0	98	104	0	3	0	0	3	0	91	79	0	3	0	0	0	0	10	11	0	0	0	
0	0	1	1	0	42	5	0	0	1	0	15	142	141	3	0	1	0	9	175	84	0	1	0	4	0	110	129	0	5	0	0	3	0	82	185	148	35	0	2	1	0	7	169	174	135	0	4	0	2	0	79	143	27	0	1	0	0	0	0	0	0	0	0	
0	1	3	0	2	1	0	0	0	0	0	16	6	0	0	0	0	5	116	161	155	22	0	1	0	105	121	0	92	139	0	4	0	46	125	94	142	139	0	3	0	0	11	32	50	131	0	2	0	1	2	0	34	139	0	2	0	0	1	0	9	103	0	0	
0	0	0	1	3	4	2	0	0	0	14	3	0	0	0	0	0	26	172	146	138	147	61	0	0	12	20	5	81	238	57	0	0	1	0	4	155	47	0	2	0	4	0	91	139	0	5	0	0	3	0	162	70	0	2	0	1	0	9	143	14	0	1	0	
0	0	0	1	4	31	1	0	0	0	2	0	112	112	0	2	0	3	0	72	146	0	1	0	0	1	0	170	89	32	0	1	1	0	115	210	93	153	29	0	0	0	117	165	45	134	9	0	0	1	0	76	141	33	0	1	0	0	3	0	0	1	0	0	
0	0	0	0	1	8	1	0	0	0	0	78	136	157	32	0	2	0	38	175	9	13	6	0	0	1	0	157	133	28	14	0	2	0	58	104	170	22	0	1	2	0	144	30	131	67	0	2	2	0	42	147	155	10	0	1	0	0	0	3	4	0	0	0	
0	0	0	0	1	0	0	0	0	0	1	0	98	19	0	1	0	1	0	12	147	6	0	0	0	2	0	64	120	0	3	0	0	3	0	107	77	0	3	0	0	3	0	126	59	0	2	0	0	3	0	113	79	0	2	0	0	0	0	0	0	0	0	0	
0	0	1	0	0	2	0	0	0	0	9	36	15	0	0	0	1	0	146	114	131	97	0	2	1	0	117	72	8	100	0	0	0	0	3	77	158	54	0	2	0	1	0	7	166	21	0	1	0	3	0	102	119	0	3	0	0	2	0	95	35	0	1	0	
0	2	0	0	1	1	0	0	0	0	6	18	4	0	0	0	0	57	81	104	151	27	0	1	0	48	144	148	72	4	0	1	0	11	51	67	93	88	8	0	0	1	0	11	50	119	138	0	0	1	1	5	61	92	65	0	0	0	0	0	0	0	0	0	
0	1	2	0	0	1	0	0	0	0	0	125	166	1	0	0	2	0	154	224	252	94	0	4	0	67	231	49	144	171	0	2	0	72	219	0	19	234	51	0	1	0	191	201	68	214	34	0	1	0	8	125	213	131	0	1	0	1	1	0	0	0	0	0	
0	0	0	0	1	2	0	0	0	0	78	7	0	0	0	0	0	0	148	8	20	56	0	1	3	0	125	50	62	175	0	3	1	0	33	147	193	126	0	4	0	0	2	0	178	65	0	3	0	0	3	0	133	68	0	3	0	0	0	0	6	5	0	0	
0	0	0	1	1	0	0	0	0	0	2	0	78	89	0	2	0	1	0	1	221	107	0	4	0	3	0	89	205	0	0	1	0	3	0	174	117	0	4	0	1	0	7	222	58	0	2	0	1	0	19	205	24	0	1	0	0	0	0	31	4	0	0	0	
0	0	0	0	1	0	0	0	0	0	1	0	33	57	0	1	0	0	2	0	96	35	0	1	0	0	0	15	102	0	1	0	0	2	0	58	79	0	3	0	0	2	0	81	30	0	1	0	0	2	0	97	21	0	1	0	0	1	0	23	10	0	0	0	
0	0	0	0	0	0	0	0	0	0	74	147	135	20	0	1	0	21	215	181	232	84	0	3	0	3	0	137	255	52	0	2	0	2	0	20	145	243	27	0	0	1	0	37	197	169	5	0	0	23	171	202	90	0	1	0	0	7	56	13	0	3	1	0	
0	0	0	0	0	0	0	0	0	2	0	44	74	0	2	0	0	3	0	78	129	0	4	0	0	4	0	111	136	0	4	0	0	3	0	88	119	0	4	0	0	3	0	107	130	0	4	0	0	3	0	91	75	0	2	0	0	0	0	0	0	0	0	0	
0	0	1	1	1	2	0	0	0	0	1	1	0	11	74	13	0	0	11	28	19	175	118	25	4	0	103	127	137	91	0	3	3	0	85	220	221	102	6	0	1	0	15	185	47	14	0	0	3	0	74	149	0	3	0	0	1	0	32	63	0	2	0	0	
0	0	0	5	0	0	0	0	0	17	140	190	107	0	2	0	0	75	126	28	185	2	0	0	0	2	0	56	153	0	5	0	0	4	0	121	93	0	3	0	0	3	0	172	93	48	96	7	0	2	0	70	188	156	70	0	0	0	0	0	0	0	0	0	
0	0	0	0	1	3	0	0	0	0	26	20	0	0	0	0	0	13	151	153	166	134	1	0	0	1	9	0	133	168	0	2	0	1	0	31	183	20	0	1	0	2	0	158	88	0	3	0	2	0	39	194	5	0	0	0	2	0	62	104	0	2	0	0	
0	0	0	0	1	0	0	0	0	0	1	0	83	16	0	1	0	0	0	3	154	15	0	1	0	2	0	51	140	0	3	0	0	3	0	90	91	0	3	0	0	4	0	129	78	0	3	0	0	3	0	108	47	0	2	0	0	0	0	9	2	0	0	0	
0	0	1	0	0	0	0	0	1	0	11	106	149	55	0	2	2	0	161	127	75	80	0	2	2	0	170	59	0	36	75	0	3	0	76	171	73	155	38	0	0	3	0	159	195	5	0	1	0	4	0	132	137	0	6	0	0	1	0	19	23	0	0	0	
0	0	0	0	0	0	0	0	0	16	96	123	141	37	0	1	0	124	172	87	173	154	0	4	0	17	6	0	153	142	0	4	0	2	0	68	222	18	0	1	0	2	0	197	104	48	57	0	0	1	0	175	214	168	67	0	0	1	0	17	25	0	0	0	
0	0	0	0	1	0	0	0	1	0	18	75	5	1	0	0	3	0	140	178	80	0	3	0	2	0	82	146	180	54	0	2	0	0	1	10	162	82	0	3	0	0	2	0	147	17	0	1	0	1	0	23	163	2	0	0	0	1	0	17	58	0	1	0	
0	2	17	12	0	0	0	0	0	56	91	98	27	0	1	0	0	9	3	129	52	0	3	0	1	0	38	88	84	28	0	1	0	0	3	0	19	101	10	0	1	0	60	26	0	83	71	0	1	0	39	95	77	106	11	0	0	0	0	2	14	7	0	0	
0	0	0	0	0	1	0	0	0	0	2	102	167	30	0	2	4	0	144	208	147	137	0	3	2	0	43	170	138	166	16	0	0	3	0	111	255	22	0	2	0	0	4	173	199	97	0	4	0	2	0	115	245	85	0	3	0	0	0	0	28	5	0	0	
0	0	0	1	0	0	3	0	0	1	0	23	149	226	124	0	0	1	0	161	92	71	18	0	0	4	0	142	79	0	3	0	0	1	0	28	166	4	0	0	0	43	29	0	166	71	0	3	0	102	156	151	153	16	0	1	0	0	2	11	4	0	0	0	
0	0	0	6	33	0	0	0	0	3	0	98	208	26	0	2	0	0	2	168	44	8	0	1	1	0	18	181	10	0	1	0	1	0	8	205	136	13	0	1	1	0	0	201	255	74	0	3	0	2	0	70	126	8	0	1	0	0	0	0	0	0	0	0	
2	0	53	65	0	2	0	0	2	0	40	196	45	0	2	0	0	2	0	67	192	0	0	0	0	0	2	0	179	53	0	2	1	0	21	25	178	48	0	2	4	0	129	255	212	174	72	0	0	0	13	37	18	66	24	0	0	0	0	0	0	0	0	0	
0	0	0	0	0	1	0	0	0	1	0	144	227	163	21	0	0	0	4	232	129	31	26	0	0	2	0	163	185	0	0	1	0	30	136	5	207	146	0	3	0	79	240	147	175	220	1	0	0	5	83	136	188	143	0	1	0	0	0	0	0	0	0	0	
0	0	0	0	0	0	0	0	0	1	0	37	69	0	2	0	0	3	0	73	152	0	3	0	0	3	0	74	149	0	3	0	0	3	0	88	130	0	4	0	0	3	0	84	131	0	4	0	0	2	0	58	114	0	3	0	0	0	0	6	16	0	0	0	
0	0	1	0	1	3	0	0	0	2	0	77	97	0	2	0	1	0	23	207	165	70	0	1	3	0	85	163	127	196	0	1	4	0	106	143	60	144	0	3	2	0	52	198	196	62	0	3	0	0	0	202	156	0	2	0	0	0	0	20	8	0	0	0	
0	1	4	3	3	2	0	0	0	0	0	0	0	0	0	0	0	20	124	163	182	69	0	2	0	23	120	57	87	142	0	3	0	0	3	0	84	123	0	4	0	1	5	0	159	43	0	2	0	1	0	39	136	0	2	0	0	1	0	39	114	0	3	0	
0	0	1	0	45	20	0	1	0	2	0	107	185	58	0	3	2	0	57	172	0	1	1	0	4	0	104	116	23	18	0	1	3	0	72	165	179	121	10	1	1	0	0	193	185	154	4	2	0	1	0	22	131	45	0	2	0	0	1	1	0	0	0	0	
0	0	0	2	0	0	0	0	0	0	1	0	57	115	30	0	0	1	0	110	96	81	75	0	2	0	65	107	0	90	26	0	4	0	94	114	150	81	0	3	3	0	77	131	64	83	0	3	1	0	134	6	60	68	0	2	0	1	25	1	27	9	0	0	
0	0	0	0	0	0	1	0	0	0	0	52	143	133	14	0	4	0	95	248	113	194	130	0	1	0	31	197	148	109	17	6	0	1	0	207	196	0	1	0	2	0	148	204	192	5	0	1	1	0	188	244	100	0	2	0	1	0	19	40	0	0	0	0	
0	0	0	0	0	1	1	0	0	1	19	18	14	4	0	0	0	2	126	193	167	203	65	0	0	0	4	0	54	217	28	0	0	1	0	12	193	66	0	2	0	2	0	156	114	0	4	0	2	0	127	144	0	3	0	0	0	5	130	16	0	1	0	0	
0	0	1	1	0	0	0	0	0	1	0	38	99	32	0	1	2	0	49	175	106	136	0	0	2	0	48	167	70	140	5	0	0	1	0	31	224	81	0	2	0	2	0	65	155	0	2	0	1	0	0	182	72	0	2	0	1	0	22	92	0	0	0	0	
0	0	2	0	0	0	0	0	0	2	0	92	114	0	0	0	3	0	71	148	168	76	0	3	1	0	153	25	176	69	0	3	2	0	140	178	230	24	0	2	1	0	26	54	179	38	0	1	0	0	3	0	171	111	0	3	0	0	2	0	22	13	0	0	
0	0	1	1	1	1	0	0	0	0	0	3	0	46	41	0	1	0	18	18	44	162	41	0	2	0	37	137	182	67	0	2	0	3	0	163	173	67	4	0	1	0	30	147	0	0	0	0	4	0	105	114	0	6	0	0	2	0	50	52	0	1	0	0	
0	0	0	0	0	1	0	0	0	0	1	12	13	0	0	0	1	0	24	162	161	187	4	0	0	0	4	0	133	114	0	2	0	2	0	59	137	0	2	0	0	1	0	141	39	0	1	0	2	0	67	127	0	3	0	0	3	0	87	53	0	2	0	0	
0	0	0	0	2	0	0	0	0	0	0	3	0	94	75	0	0	0	4	0	107	222	52	0	0	3	0	88	225	28	0	2	1	0	18	211	50	0	4	0	4	0	140	129	0	5	0	0	0	1	175	28	0	1	0	0	0	2	25	2	0	0	0	0	
0	0	0	0	0	1	1	0	0	0	1	67	88	23	0	1	2	0	161	158	130	179	27	0	3	0	167	126	0	215	110	0	1	0	13	209	234	78	0	2	0	0	0	213	215	0	0	1	1	0	0	206	232	16	0	1	0	1	0	40	65	0	1	0	
0	0	1	3	0	0	0	0	0	0	1	0	17	29	4	0	1	0	9	126	137	178	59	0	4	0	131	183	74	141	6	0	2	0	48	139	239	75	0	2	0	3	0	120	113	0	3	0	2	0	69	184	0	1	0	0	2	0	122	62	0	2	0	0	
0	0	0	0	0	0	0	0	1	0	44	107	132	45	0	2	0	18	222	78	105	167	0	3	1	0	95	136	147	125	0	3	0	3	0	75	255	82	0	3	0	3	0	137	94	168	11	0	0	2	0	125	183	178	10	0	0	0	0	3	58	19	0	1	
0	0	3	0	0	0	0	0	0	2	0	71	219	150	0	0	1	0	141	245	228	238	17	0	0	47	255	60	110	234	1	0	0	75	255	3	106	211	0	1	0	25	254	135	107	214	0	0	2	0	90	214	216	99	0	3	0	0	0	0	0	1	0	0	
0	0	1	0	39	9	0	0	0	1	0	27	117	0	1	0	0	1	0	113	40	0	1	0	2	0	50	89	49	123	6	0	3	0	95	91	85	102	26	0	3	0	62	146	74	51	0	1	0	0	1	51	54	3	0	0	0	0	1	0	0	1	0	0	
0	0	1	3	0	2	0	0	0	0	0	1	1	5	105	24	1	0	20	82	0	145	115	0	4	0	145	116	135	140	0	1	2	0	46	205	178	88	8	0	2	0	128	125	0	1	0	0	0	86	147	0	3	2	0	0	0	30	15	0	1	0	0	0	
0	0	0	0	0	0	0	0	0	0	53	80	33	0	2	0	0	0	45	69	136	34	0	1	0	0	1	0	147	60	12	1	1	0	47	155	162	91	53	0	0	1	1	121	17	0	1	0	2	0	59	106	0	6	1	0	2	0	46	25	0	1	0	0	
0	0	1	0	0	0	1	0	0	1	0	22	83	42	0	0	2	0	47	225	178	218	162	0	3	0	84	195	0	147	93	0	1	0	15	218	200	76	0	2	1	0	10	237	195	0	3	0	2	0	20	251	190	0	2	0	0	0	3	104	43	0	1	0	
0	0	0	0	0	0	0	0	0	58	191	122	82	53	6	0	0	115	150	43	88	80	12	0	0	44	183	147	93	22	0	1	0	0	7	57	125	186	95	0	0	28	78	2	0	103	193	0	0	1	128	167	167	148	20	0	0	0	0	7	9	0	0	0	
0	0	1	1	0	0	0	0	0	1	0	21	83	62	0	0	2	0	38	177	129	192	78	0	3	0	83	163	0	52	39	0	0	0	0	114	203	41	0	2	0	2	0	49	186	3	0	0	0	3	0	160	98	0	3	0	0	0	0	80	24	0	1	0	
0	0	0	0	0	0	0	0	1	0	24	78	0	5	0	0	1	0	41	135	94	106	0	3	1	0	42	114	118	145	0	4	4	0	139	180	190	50	0	2	2	0	103	118	157	33	0	1	0	0	3	0	142	66	0	2	0	0	3	1	18	12	0	0	
0	0	0	0	1	1	0	0	0	0	0	3	0	55	111	0	0	0	2	0	14	229	109	0	0	1	1	0	200	171	0	2	0	1	0	175	198	3	0	1	3	0	140	216	14	0	2	0	0	68	219	15	0	2	0	0	0	19	27	0	2	0	0	0	
0	1	1	0	0	3	1	0	0	0	2	21	25	1	0	0	0	22	164	170	184	157	11	0	0	14	39	0	45	210	12	0	0	1	0	3	176	68	0	2	0	3	0	128	119	0	3	0	1	0	12	189	19	0	1	0	1	0	6	145	27	0	1	0	
0	0	3	0	0	2	0	0	0	0	0	1	3	0	92	60	1	0	63	13	0	155	154	15	0	44	190	0	126	148	0	1	0	7	142	214	225	79	0	3	3	0	119	161	0	15	0	0	0	54	182	0	0	0	0	0	0	12	14	0	2	0	0	0	
0	0	1	0	0	1	0	0	0	0	2	56	63	5	0	0	2	0	55	105	71	101	0	2	1	0	123	26	2	109	0	1	0	22	82	5	70	142	0	1	0	0	12	66	181	86	0	1	0	1	0	37	103	0	1	0	0	1	0	47	20	0	1	0	
0	0	1	1	0	0	0	0	0	1	0	47	126	124	9	0	2	0	37	248	198	197	71	0	3	0	168	183	11	183	85	0	0	10	209	36	1	240	89	0	0	15	218	29	102	237	16	0	1	0	158	240	208	66	0	2	0	0	7	47	11	0	1	0	
0	0	0	0	1	0	0	0	1	0	13	112	0	0	0	0	0	2	0	172	65	0	2	0	0	4	0	140	130	0	4	0	0	3	0	82	164	0	3	0	0	3	0	82	200	0	1	0	0	2	0	56	129	0	2	0	0	0	0	0	0	0	0	0	
0	1	34	11	0	0	0	0	0	2	203	210	16	0	2	2	1	0	17	229	87	0	4	0	1	0	19	231	52	0	24	47	3	0	151	190	34	135	242	157	1	0	197	248	248	189	69	4	2	0	62	151	49	0	1	1	0	0	0	0	0	3	3	0	
0	0	1	3	1	0	0	0	0	0	0	0	2	15	3	0	0	6	41	86	137	204	18	0	0	29	115	65	83	114	0	3	0	0	0	4	132	17	0	1	0	3	0	106	94	0	3	0	1	0	29	171	2	0	0	0	2	0	47	121	0	2	0	0	
0	0	0	0	0	0	0	0	0	0	2	0	124	52	0	2	0	1	0	13	204	29	0	1	0	2	0	60	203	0	0	0	0	3	0	105	164	0	3	0	0	4	0	143	124	0	4	0	0	3	0	122	143	0	1	0	0	0	0	0	7	1	0	0	
0	2	3	0	1	1	0	0	0	0	0	24	16	0	2	0	0	45	171	167	178	49	0	2	0	189	71	0	57	72	16	4	0	129	158	98	113	185	170	0	0	3	61	95	58	144	106	0	0	1	0	3	0	90	132	0	0	0	2	4	1	7	36	0	
0	0	0	2	0	0	0	0	0	0	1	0	43	108	148	57	0	2	0	97	241	126	74	23	2	0	41	198	50	12	0	0	1	0	4	176	62	0	5	1	0	30	134	203	218	9	0	1	0	0	123	164	60	0	0	0	0	0	0	0	0	0	0	0	
0	0	0	1	1	1	0	0	1	0	83	188	152	0	0	0	1	0	210	128	149	115	0	3	2	0	54	200	225	63	0	3	0	1	0	183	228	109	0	2	1	0	6	203	68	219	61	0	0	2	0	106	195	173	29	0	0	0	0	0	3	1	0	0	
0	0	1	1	1	2	0	0	0	0	0	2	0	28	48	0	3	0	117	87	0	175	60	0	3	0	97	142	157	139	0	3	1	0	0	201	212	67	1	0	1	0	25	187	28	0	1	0	3	0	84	160	0	6	0	0	1	0	31	79	0	1	0	0	
0	0	0	0	0	1	0	0	2	0	60	31	13	81	0	2	3	0	69	67	43	111	0	4	3	0	79	66	50	116	0	3	4	0	122	112	146	117	0	3	1	0	125	95	129	57	0	2	0	0	3	0	87	48	0	2	0	0	2	4	3	0	0	0	
0	0	0	1	0	0	0	0	0	2	0	57	202	33	0	2	0	2	0	169	224	167	0	3	1	0	23	203	96	156	0	3	2	0	54	194	150	109	0	4	2	0	43	250	254	56	0	3	1	0	4	166	122	1	0	1	0	0	0	0	0	0	0	0	
0	0	1	0	16	30	0	1	0	1	0	6	179	68	0	2	0	3	0	108	139	0	3	0	0	2	0	188	91	0	2	0	1	0	30	164	138	85	0	3	1	0	8	164	170	94	0	4	0	2	0	74	143	8	0	1	0	0	0	0	0	1	0	0	
0	0	1	0	0	0	0	0	0	0	0	22	24	13	0	0	2	0	41	151	176	166	0	3	1	0	22	0	124	68	0	2	0	2	0	52	146	0	2	0	0	4	0	136	98	0	3	0	0	4	0	153	80	0	3	0	0	3	0	87	51	0	2	0	
