500	64	10
0	0	0	12	45	0	1	0	0	2	0	129	81	0	4	0	1	0	35	169	2	3	0	0	3	0	63	197	158	158	16	0	3	0	142	200	0	144	97	0	0	0	52	170	143	150	22	0	0	1	0	28	70	15	0	1	0	0	2	1	0	1	1	0	
0	0	0	0	0	0	0	0	0	2	0	54	96	0	3	0	0	3	0	71	165	0	3	0	0	2	0	52	169	0	2	0	0	3	0	81	162	0	3	0	0	4	0	111	120	0	4	0	0	2	0	119	48	0	2	0	0	0	0	3	0	0	0	0	
0	0	1	1	0	0	0	0	0	1	0	34	57	0	1	0	2	0	34	161	177	39	0	2	2	0	35	162	197	50	0	2	0	1	0	9	175	34	0	1	0	0	0	6	174	22	0	1	0	1	0	26	183	0	0	0	0	0	0	14	68	0	1	0	
0	0	0	0	1	1	0	0	1	0	95	130	19	0	1	0	0	17	202	164	156	3	3	3	0	2	7	0	135	63	0	2	1	0	19	78	218	194	162	89	0	4	212	255	162	65	70	45	0	0	103	79	0	0	0	0	0	0	0	0	3	3	3	2	
0	0	0	0	0	2	0	0	1	0	11	181	133	1	0	1	2	0	46	222	104	93	0	3	3	0	77	201	10	146	0	0	4	0	102	162	41	195	0	1	4	0	111	185	180	118	0	3	1	0	22	203	133	0	2	0	0	0	0	0	0	2	0	0	
0	0	1	3	0	0	0	0	0	0	0	126	27	0	1	0	0	3	0	116	113	0	3	0	0	2	0	55	159	0	2	0	0	0	0	26	162	1	0	0	0	0	6	0	171	44	0	2	0	0	3	0	109	46	0	2	0	0	0	0	0	0	0	0	
0	0	1	2	2	1	1	0	1	0	20	163	162	10	0	1	1	0	163	70	110	156	22	0	0	33	154	0	1	90	96	0	0	36	152	0	0	40	128	0	1	0	155	93	0	108	88	0	1	0	16	128	160	134	6	0	0	0	1	0	6	1	0	0	
0	0	2	4	1	1	0	0	0	0	0	0	5	3	0	0	1	0	27	123	228	95	0	3	0	37	223	137	128	142	0	4	0	9	30	0	110	103	0	4	0	0	3	0	154	47	0	2	0	1	0	22	173	3	0	0	0	1	0	32	107	0	2	0	
0	0	2	1	0	0	0	0	0	1	0	26	91	134	65	0	2	0	45	146	118	85	18	0	4	0	129	144	0	2	0	0	0	0	0	139	109	0	4	0	0	1	0	11	163	11	0	1	2	0	67	156	111	0	1	0	1	0	22	56	2	0	0	0	
0	0	0	1	0	0	0	0	0	2	0	40	152	92	0	0	1	0	11	168	117	213	34	0	2	0	39	135	169	104	0	2	1	0	0	217	169	0	3	0	2	0	33	191	154	35	0	1	1	0	11	166	220	73	0	3	0	1	0	33	50	0	0	0	
0	0	0	0	0	0	0	0	0	0	0	64	86	13	0	1	1	0	33	70	52	102	0	1	0	0	4	122	146	77	0	2	1	0	24	105	125	70	0	3	3	0	68	42	29	109	0	3	1	0	26	102	136	49	0	2	0	1	0	25	31	0	1	0	
0	0	0	0	0	0	0	0	0	2	0	62	94	0	3	0	0	3	0	80	174	0	3	0	0	3	0	76	169	0	3	0	0	2	0	49	173	0	1	0	0	2	0	46	198	0	0	0	0	2	0	50	153	0	1	0	0	0	0	0	0	0	0	0	
0	0	3	0	0	1	1	0	0	0	0	19	31	7	0	0	1	0	123	189	180	206	24	0	0	68	133	0	71	221	20	0	0	58	144	126	153	171	4	0	0	1	58	33	51	134	0	3	0	0	1	0	155	51	0	2	0	1	0	36	106	0	1	0	
0	0	0	2	2	0	0	0	0	0	2	0	1	87	13	0	0	0	0	40	170	191	0	1	0	0	123	127	79	115	0	3	0	23	216	170	199	124	0	4	0	0	27	56	158	116	0	4	0	0	3	0	86	105	0	3	0	0	2	0	18	26	0	1	
0	0	1	1	0	0	0	0	0	1	0	17	76	116	84	1	1	0	11	179	115	42	15	0	4	0	125	191	129	78	0	2	0	0	34	0	42	174	0	2	0	0	2	0	123	132	0	4	0	39	110	146	146	11	0	1	0	12	63	36	0	1	0	0	
0	0	1	0	0	2	0	0	0	1	0	50	69	0	0	0	3	0	66	166	131	66	0	2	1	0	147	13	36	117	0	3	2	0	120	132	200	117	0	4	1	0	11	64	146	96	0	4	0	0	5	0	108	121	0	4	0	0	2	0	42	45	0	2	
0	0	0	0	0	0	0	0	1	0	27	104	64	0	1	0	3	0	90	77	0	2	0	0	2	0	40	113	96	81	0	2	0	0	2	54	48	121	0	2	0	0	2	0	65	89	0	3	2	0	60	97	119	11	0	1	0	0	10	57	19	0	1	0	
0	1	2	0	0	0	0	0	0	20	171	160	23	0	1	0	0	1	16	184	116	0	4	0	3	0	96	247	184	19	0	1	0	0	14	0	82	171	0	0	0	0	4	78	99	197	12	0	1	0	10	183	231	79	0	3	0	0	0	0	0	0	0	0	
0	0	1	0	0	0	0	0	0	1	0	21	99	132	7	0	2	0	41	192	111	66	4	0	4	0	122	226	135	42	0	2	1	0	39	86	107	182	0	0	1	0	17	12	51	183	0	0	1	0	27	176	202	52	0	2	0	1	0	31	24	0	1	0	
0	0	1	0	0	0	0	0	0	0	0	94	142	21	0	1	3	0	96	105	74	99	0	3	3	0	136	93	129	68	0	3	1	0	14	129	208	18	0	1	0	1	0	26	165	0	0	0	0	2	0	149	161	0	3	0	0	1	0	28	27	0	1	0	
1	0	23	36	0	1	0	0	2	0	172	255	126	0	0	0	0	0	39	73	250	64	0	3	0	1	0	8	212	49	0	2	2	0	45	200	255	92	0	1	0	4	209	255	220	230	78	0	0	0	104	138	26	11	10	0	0	0	0	0	1	1	0	0	
0	0	2	1	0	0	1	1	0	3	0	61	82	53	29	0	3	0	56	251	225	165	159	8	0	32	195	119	31	0	161	42	0	122	108	0	0	43	179	0	0	126	40	0	58	183	69	0	0	100	202	173	171	51	0	2	0	0	36	41	0	1	2	0	
0	0	0	1	10	0	0	0	0	2	0	62	117	16	0	1	0	3	0	99	83	35	0	2	0	3	0	98	188	14	0	1	0	3	0	119	149	0	3	0	0	0	1	109	128	7	0	0	0	2	0	95	109	0	1	0	0	0	0	4	4	0	0	0	
0	0	0	0	1	0	0	0	0	0	2	0	80	65	0	2	0	1	0	9	206	50	0	2	0	2	0	70	187	0	1	0	0	4	0	139	129	0	4	0	1	0	3	195	46	0	2	0	3	0	76	177	0	2	0	0	1	0	21	24	0	1	0	0	
0	0	1	1	0	0	0	0	0	1	0	49	135	141	24	0	1	0	18	228	140	128	57	0	3	0	81	168	77	21	0	1	2	0	49	245	50	0	3	0	2	0	53	173	110	10	0	1	1	0	10	144	209	24	0	1	0	1	0	27	39	0	1	0	
0	0	0	0	1	0	0	0	0	1	0	56	197	122	0	3	2	0	41	209	101	170	0	1	0	0	8	0	91	118	0	3	1	0	64	135	238	60	0	3	0	70	184	201	147	177	27	0	0	56	190	79	0	24	9	0	0	0	4	0	4	1	0	0	
0	1	0	0	0	0	0	0	0	0	36	66	25	0	0	0	0	50	190	158	234	43	0	2	0	51	46	0	182	110	0	4	1	0	21	91	215	124	0	4	1	0	24	129	207	164	0	4	0	0	3	0	71	188	0	3	0	0	1	0	22	68	0	1	
0	0	0	0	0	0	0	0	0	0	0	96	176	122	0	2	1	0	8	100	97	173	1	0	2	0	47	128	197	116	0	4	2	0	44	63	96	157	0	4	0	63	73	9	163	62	0	2	0	67	186	135	59	0	1	0	0	0	3	0	1	2	0	0	
0	0	0	0	0	1	0	0	0	13	69	0	13	42	0	1	0	49	154	0	23	165	6	0	0	47	192	2	0	176	25	0	0	0	140	184	137	193	15	0	0	1	0	32	101	190	0	0	0	0	3	0	15	159	6	0	0	0	0	2	2	20	1	0	
0	0	0	2	1	1	0	0	0	0	1	3	0	46	51	0	0	2	0	69	53	149	26	0	1	0	40	142	124	101	0	3	1	0	147	179	220	68	0	2	0	6	0	119	83	0	3	0	1	0	16	137	1	0	0	0	0	0	7	17	0	1	0	0	
0	0	0	0	1	1	0	0	0	0	2	0	115	39	0	2	0	1	0	30	163	0	0	0	0	3	0	108	125	0	4	0	0	2	0	180	80	0	3	0	0	1	0	182	58	0	2	0	0	1	0	143	46	0	2	0	0	0	0	0	0	0	0	0	
0	0	0	0	2	0	0	0	0	0	0	0	6	76	101	33	0	1	0	6	79	64	64	13	0	2	0	121	149	0	2	0	0	30	40	52	166	71	0	3	0	36	205	161	133	10	0	1	2	0	68	94	6	0	1	0	0	1	0	0	2	1	0	0	
0	0	0	0	0	0	0	0	0	2	0	62	159	0	1	0	0	3	0	80	186	0	2	0	0	2	0	69	149	0	3	0	0	3	0	91	181	0	3	0	0	3	0	77	230	2	0	1	0	1	0	19	145	13	0	1	0	0	0	0	0	0	0	0	
0	0	1	0	35	41	0	2	0	0	0	5	182	59	0	2	0	3	0	145	127	0	3	0	2	0	54	174	1	89	36	0	0	0	164	54	116	162	107	0	0	7	167	157	220	117	24	0	1	0	11	61	64	15	0	1	0	0	0	0	0	1	1	0	
1	3	2	2	3	4	0	0	0	0	0	0	0	0	0	0	50	91	44	45	64	118	33	0	11	67	94	85	71	150	11	0	0	0	1	0	25	128	0	2	0	2	5	0	61	100	0	3	0	0	3	0	97	70	0	3	0	0	2	0	73	32	0	1	
0	0	1	1	0	2	0	0	0	0	0	17	6	0	2	0	2	0	36	171	139	199	80	0	2	0	157	58	37	198	13	0	0	15	103	2	158	43	0	2	0	3	0	108	117	0	4	0	1	0	23	195	20	0	1	0	2	0	60	95	0	3	0	0	
0	0	2	0	0	1	0	0	0	1	0	91	199	98	0	3	2	0	138	184	128	194	0	1	0	59	201	8	0	121	67	0	0	76	93	0	0	29	152	0	0	49	138	45	77	187	159	0	1	0	110	192	168	130	12	0	0	1	0	0	0	0	1	0	
0	0	1	1	0	0	0	0	0	1	0	36	127	76	47	0	1	0	26	168	45	145	106	0	2	0	52	161	89	133	0	1	1	0	0	205	160	0	3	0	0	1	121	143	118	0	4	0	0	24	181	162	71	0	2	0	1	0	37	46	0	1	0	0	
0	0	0	2	2	0	0	0	0	0	2	0	9	30	0	1	0	1	0	52	167	165	0	2	2	0	117	124	75	115	0	3	0	0	175	136	150	94	0	4	0	0	0	55	193	29	0	1	0	2	0	67	91	0	3	0	0	1	0	43	19	0	0	0	
0	0	0	2	0	0	0	0	0	0	1	0	16	30	0	0	0	1	0	89	125	152	88	0	3	0	67	138	11	182	50	0	2	0	47	162	187	66	0	2	0	3	0	122	119	0	4	0	1	0	27	173	10	0	0	0	3	0	73	88	0	3	0	0	
0	0	0	1	3	4	3	0	0	11	17	0	0	0	0	0	0	184	238	209	171	153	102	0	0	38	48	68	151	255	142	0	0	1	0	13	210	171	0	0	1	1	0	202	202	9	0	1	4	0	137	212	2	0	2	0	3	0	127	76	0	4	0	0	
0	0	1	2	0	3	0	0	0	1	1	1	136	184	34	0	0	1	0	169	128	64	164	0	1	0	157	167	0	60	156	0	0	76	167	0	5	179	65	0	0	173	84	62	175	99	0	2	0	100	183	147	40	0	2	0	0	0	1	0	0	3	0	0	
0	0	1	3	0	0	0	0	0	0	0	2	11	0	0	0	1	0	8	120	122	2	0	0	3	0	109	75	77	92	0	3	2	0	89	130	153	88	0	3	0	0	4	0	65	56	0	2	0	0	3	0	67	38	0	1	0	0	1	0	40	21	0	1	
0	0	0	0	1	1	0	0	0	0	1	0	47	106	0	3	0	0	3	0	156	78	0	3	0	1	0	45	169	0	1	0	0	2	0	143	76	0	2	0	2	0	47	178	0	0	0	0	3	0	111	76	0	2	0	0	0	0	2	1	0	0	0	0	
0	0	1	0	0	0	0	0	0	1	0	31	95	134	143	46	3	0	93	201	99	80	63	26	0	0	183	81	0	2	0	0	1	0	58	139	163	127	3	1	0	27	95	0	25	196	24	0	0	32	189	155	181	85	0	2	0	0	6	40	19	0	1	0	
0	1	1	0	4	1	0	0	1	0	20	142	169	136	0	0	0	33	201	84	19	189	11	0	0	16	28	0	93	130	0	4	2	0	38	178	250	173	15	0	0	36	200	201	38	101	180	7	0	61	191	27	0	0	89	28	0	0	0	1	2	2	0	0	
0	0	0	3	51	25	0	1	2	0	69	118	109	90	0	2	2	0	76	142	8	0	2	0	0	2	0	74	147	56	0	2	0	4	47	6	0	120	40	0	0	17	191	68	11	124	101	0	1	0	41	109	112	72	1	0	0	0	0	0	0	0	0	0	
0	0	0	0	1	0	0	0	0	0	0	62	162	140	6	0	1	0	17	117	33	168	37	0	1	0	19	122	173	170	0	1	1	0	20	105	40	158	16	0	0	41	40	0	115	116	0	2	0	95	191	145	81	0	0	0	0	0	5	5	0	2	0	0	
0	1	3	0	0	0	0	0	0	1	0	37	70	4	0	0	0	0	140	193	224	143	0	4	0	42	249	100	209	124	0	4	1	0	105	178	224	70	0	3	0	0	3	0	176	119	0	4	0	0	7	0	120	191	0	2	0	0	1	0	19	96	4	0	
0	0	0	1	0	2	0	0	0	0	2	2	0	18	75	0	0	3	0	63	30	108	79	0	2	0	70	155	59	179	6	0	0	43	174	146	209	101	5	0	0	30	5	112	94	0	3	0	2	0	40	146	0	4	0	0	0	0	16	21	0	1	0	0	
0	0	1	0	1	1	0	0	0	0	1	82	153	151	22	0	3	0	93	92	47	16	1	0	2	0	154	153	150	123	0	1	2	0	86	70	0	119	25	0	2	0	68	51	2	121	27	0	2	0	92	172	177	104	0	1	0	0	0	1	5	0	0	0	
0	0	2	2	3	4	2	0	0	0	0	0	0	0	0	0	2	0	77	160	134	153	118	0	0	1	187	59	37	208	67	0	0	56	135	0	117	87	0	2	0	6	0	84	155	0	3	0	1	0	30	174	21	0	1	0	3	0	132	93	0	3	0	0	
0	0	2	0	0	0	0	0	0	1	0	44	71	8	0	1	3	0	77	173	230	105	0	4	0	18	198	75	253	101	0	4	0	14	190	177	200	65	0	3	1	0	18	10	150	47	0	2	0	1	0	13	189	17	0	1	0	0	0	11	87	2	0	0	
0	0	0	0	0	4	1	0	0	1	0	40	130	150	66	0	1	0	15	162	28	104	88	0	1	0	25	151	46	156	6	0	0	3	0	121	226	26	0	2	1	0	123	168	174	5	0	0	0	12	183	145	41	0	1	0	0	0	0	0	0	0	0	0	
0	0	0	0	1	0	0	0	1	0	29	97	0	0	0	0	0	1	0	188	94	0	3	0	0	4	0	139	132	0	4	0	0	3	0	89	190	0	1	0	0	2	0	37	216	16	0	1	0	0	2	0	142	69	0	3	0	0	0	0	13	18	0	1	
0	0	1	2	0	0	0	0	0	0	0	1	52	78	13	0	1	0	9	118	85	152	101	0	4	0	140	123	84	188	35	0	2	0	59	180	195	24	0	1	1	0	4	171	38	0	3	0	2	0	149	103	0	4	0	0	0	9	81	1	1	0	0	0	
0	0	0	0	0	0	0	0	0	8	107	130	53	0	2	0	0	7	37	141	108	0	4	0	0	3	0	78	110	6	0	1	0	0	3	0	54	104	0	0	0	0	0	5	2	136	19	0	0	0	1	145	149	60	0	2	0	0	0	43	26	0	1	0	
0	0	2	2	0	0	1	0	0	2	0	17	104	96	14	0	2	0	35	179	110	98	135	0	0	32	195	64	0	9	151	8	0	155	46	0	0	96	114	0	0	163	114	94	137	131	7	0	0	17	97	91	31	0	2	0	0	1	0	0	0	2	1	0	
0	0	0	34	17	0	1	0	3	0	91	255	96	0	5	0	2	0	184	89	0	2	1	0	0	42	215	16	127	193	44	0	0	39	221	156	233	145	176	0	3	0	127	255	249	241	116	0	0	0	2	98	153	110	2	0	0	0	2	0	0	0	1	0	
0	0	0	0	1	1	0	0	0	0	0	3	0	61	66	0	0	0	2	0	29	195	35	0	0	1	0	6	182	71	0	3	0	2	0	146	111	0	4	0	3	0	94	160	0	3	0	0	0	11	174	21	0	1	0	0	0	7	24	0	1	0	0	0	
0	0	0	0	1	3	1	0	3	0	102	170	38	0	2	0	4	0	112	147	38	98	45	0	1	0	9	165	186	79	13	0	0	3	0	150	163	3	0	1	0	2	0	150	99	126	1	0	0	2	0	72	174	131	0	0	0	0	0	0	6	5	0	0	
0	0	0	0	45	13	0	1	1	0	8	136	192	126	0	3	2	0	128	105	35	165	0	2	0	1	3	0	90	120	0	3	1	0	82	180	239	54	0	3	0	71	201	165	109	186	97	0	0	63	144	34	0	52	50	0	0	0	0	1	3	0	0	0	
0	0	0	0	0	0	0	0	1	0	57	136	162	92	0	0	2	0	200	242	125	253	90	0	2	0	53	197	209	202	26	0	1	0	14	186	255	86	0	4	1	0	199	237	241	89	0	3	0	18	216	238	179	16	0	1	0	0	19	23	2	0	0	0	
0	0	0	0	0	0	0	0	1	0	65	130	143	62	0	1	0	2	104	78	53	199	37	0	1	0	51	84	139	148	5	0	2	0	117	153	123	143	0	1	0	17	30	0	33	173	3	0	0	26	185	150	171	49	0	2	1	0	17	52	14	0	1	0	
0	0	0	0	0	0	0	0	0	74	226	206	218	162	14	0	0	91	140	76	85	246	46	0	0	0	2	0	164	181	0	1	1	0	5	168	183	2	1	1	0	0	178	236	92	138	198	28	0	7	186	204	196	171	93	3	0	0	0	0	0	0	0	0	
0	0	0	1	1	2	0	0	0	0	2	1	0	4	83	8	0	1	0	40	14	96	106	0	1	0	58	135	103	153	0	1	0	42	157	179	172	42	0	2	1	0	19	151	16	0	1	0	2	0	126	60	0	4	0	0	0	2	28	1	1	0	0	0	
0	0	1	0	10	3	0	0	0	2	0	116	170	58	0	2	3	0	63	182	6	5	2	0	3	0	125	63	0	2	0	0	3	0	113	43	103	160	44	0	3	0	68	146	73	84	121	0	0	0	0	84	76	93	49	0	0	0	1	0	17	10	0	0	
0	0	0	0	1	2	0	0	0	0	0	2	1	0	8	10	0	1	4	0	30	98	121	44	0	1	0	63	171	86	0	2	0	17	81	64	102	98	0	4	0	39	184	164	77	3	0	0	0	0	6	3	0	1	0	0	0	1	0	1	3	0	0	0	
0	0	0	0	0	0	0	0	1	0	23	112	127	66	0	2	4	0	116	121	18	12	0	0	4	0	120	181	118	64	0	2	2	0	54	40	74	163	0	3	0	0	2	0	52	174	0	2	0	0	61	74	116	79	0	3	0	0	24	53	44	0	0	0	
0	0	0	1	2	70	8	0	0	0	3	0	111	133	0	1	0	2	0	93	136	0	1	0	2	0	47	146	10	28	0	0	2	0	141	91	104	157	55	0	0	0	159	215	100	127	16	0	1	0	24	81	61	9	0	1	0	0	0	0	0	1	1	0	
0	0	1	0	0	0	0	0	0	0	4	47	7	10	2	0	2	0	55	137	121	150	0	1	2	0	63	10	90	58	0	2	0	1	0	51	126	17	0	0	1	0	2	179	152	48	0	1	0	0	11	127	3	0	0	0	0	0	14	45	0	3	0	0	
0	0	2	1	0	0	0	0	0	1	0	11	26	11	0	0	2	0	46	165	138	175	110	0	0	0	186	72	0	148	84	0	0	11	59	0	105	127	0	1	0	2	0	80	172	4	0	1	2	0	70	164	7	0	1	0	0	0	135	40	0	2	0	0	
0	0	3	15	2	0	0	0	2	0	80	130	116	6	0	1	0	0	14	0	124	67	0	2	0	1	0	97	191	30	0	2	0	3	43	6	80	107	0	2	1	0	126	62	4	145	0	0	1	0	11	117	156	71	0	2	0	0	1	1	9	0	0	0	
0	0	0	0	0	0	0	0	0	1	0	57	125	118	61	0	2	0	36	183	23	34	158	9	1	0	10	157	32	153	78	0	0	3	0	105	232	63	0	2	1	0	92	146	192	2	1	0	0	15	192	156	104	0	1	0	0	0	21	38	0	0	0	0	
0	0	1	0	1	1	0	0	1	0	7	79	50	0	1	0	2	0	135	110	153	60	0	2	0	21	151	0	119	112	0	4	0	8	155	22	148	78	0	3	2	0	47	109	180	73	0	3	0	0	4	0	108	104	0	4	0	0	3	0	41	43	0	2	
0	0	1	2	0	0	0	0	0	0	0	0	44	78	28	0	1	0	4	116	103	161	126	0	3	0	84	178	81	185	27	0	0	1	1	68	217	42	0	2	1	0	5	158	69	0	3	0	0	0	165	96	0	4	0	0	0	21	81	0	2	0	0	0	
0	0	0	0	0	0	0	0	0	1	0	28	65	0	2	0	0	3	0	102	140	0	4	0	0	3	0	100	137	0	4	0	0	2	0	67	131	0	3	0	0	1	0	39	178	0	1	0	0	1	0	13	167	11	0	1	0	0	0	0	13	1	0	0	
0	0	2	0	63	16	0	0	0	3	0	85	151	0	2	0	2	0	36	174	17	48	7	0	3	0	139	102	117	171	99	0	0	14	189	160	22	102	102	0	0	0	209	199	129	125	4	0	1	0	26	83	43	0	1	0	0	0	1	0	0	3	1	0	
0	0	1	1	0	0	0	0	0	2	0	56	173	84	0	3	1	0	35	151	68	129	0	3	2	0	135	34	41	117	0	3	1	0	58	51	137	81	0	2	2	0	106	163	188	77	18	0	2	0	91	130	15	0	1	0	0	0	2	6	1	3	0	0	
0	0	3	0	37	36	0	1	0	3	0	75	186	171	60	0	3	0	73	222	23	48	153	0	0	19	203	52	0	10	116	2	0	131	124	0	0	83	164	0	0	174	116	93	155	180	45	0	0	64	158	143	75	5	0	0	0	0	0	0	0	2	2	0	
0	0	2	0	0	0	0	0	0	0	2	0	61	56	0	2	0	10	56	0	107	94	0	3	0	32	168	63	180	77	0	3	0	0	50	56	167	49	0	2	0	0	3	0	165	61	0	2	0	0	5	0	145	83	0	3	0	0	1	0	15	8	0	0	
0	0	0	0	2	9	0	0	0	1	0	97	166	157	100	0	0	2	0	72	24	89	155	0	1	0	7	111	170	158	6	0	0	9	20	133	102	162	2	0	0	168	125	0	77	147	0	1	0	74	160	147	127	13	0	1	0	0	2	4	0	1	0	0	
0	0	2	1	3	0	0	0	0	0	0	3	0	68	66	0	0	14	86	0	86	186	62	0	2	0	99	213	141	15	0	1	3	0	92	207	94	0	4	0	3	0	135	60	55	64	0	2	1	0	47	69	110	80	0	3	0	0	0	1	27	6	0	0	
0	0	0	2	0	2	0	0	0	1	2	2	1	10	71	0	0	0	0	99	10	105	92	0	0	2	150	104	61	150	0	1	0	21	128	133	211	63	0	2	0	2	0	121	68	0	2	0	2	0	60	119	0	4	0	0	1	0	16	12	0	0	0	0	
0	8	13	0	0	0	0	0	0	57	195	104	33	0	1	0	0	1	67	212	135	0	6	2	0	3	0	142	109	0	3	0	3	0	75	199	1	0	53	47	3	0	163	203	163	201	224	53	1	0	35	78	78	78	28	0	0	0	0	0	0	0	0	1	
0	0	0	0	1	2	1	0	0	0	0	2	0	108	35	0	0	0	3	0	83	141	0	2	0	1	0	17	172	18	0	1	0	3	0	134	96	0	3	0	2	0	66	162	0	2	0	0	2	0	120	44	0	1	0	0	0	0	2	1	0	0	0	0	
0	0	1	1	0	1	1	0	0	1	0	49	135	83	0	2	2	0	36	216	222	178	9	0	4	0	125	85	15	131	58	0	1	0	139	26	0	99	59	0	2	0	145	32	0	173	34	0	4	0	95	124	155	99	0	2	0	0	7	57	51	1	0	0	
0	0	0	1	0	2	0	0	0	0	0	11	47	0	70	12	0	3	0	118	114	60	133	0	2	0	76	155	34	137	9	0	1	0	133	149	202	138	0	0	0	1	0	148	80	19	5	0	3	0	88	95	0	2	0	0	1	0	23	8	1	1	0	0	
0	0	0	0	0	0	0	0	1	0	14	78	120	84	0	2	1	0	30	87	106	98	0	3	0	0	3	0	116	43	0	2	0	0	0	8	135	4	0	0	0	0	4	68	142	0	1	1	2	0	74	184	162	34	0	2	0	0	0	13	7	0	0	0	
0	0	1	2	0	0	0	0	0	1	3	0	103	204	65	0	1	1	0	165	187	96	171	0	1	0	150	151	0	46	152	0	0	108	158	0	0	158	85	0	0	170	52	36	156	148	0	0	0	126	195	161	75	0	1	0	0	1	4	0	0	2	1	0	
0	0	0	1	3	2	0	0	0	6	41	6	0	0	0	0	0	3	162	128	89	43	0	0	1	0	94	23	44	143	13	0	0	0	7	0	38	113	0	2	0	0	3	0	126	46	0	2	0	1	0	20	141	0	1	0	0	0	0	12	53	0	1	0	
0	0	1	0	2	3	0	0	0	1	0	75	154	110	3	0	2	0	59	142	0	158	73	0	2	0	57	122	75	126	0	0	0	2	0	155	217	13	0	1	2	0	117	125	151	16	0	1	0	0	149	150	54	0	2	0	0	0	2	3	0	0	0	0	
0	0	0	0	1	0	0	0	1	0	14	79	0	38	1	0	3	0	74	150	31	156	0	2	3	0	97	111	138	99	0	4	2	0	50	232	234	28	0	2	0	1	0	39	165	0	0	0	0	1	0	25	169	0	0	0	0	0	0	2	29	2	0	0	
0	0	3	0	49	54	0	2	0	1	0	32	172	41	0	2	1	0	14	166	41	0	2	0	3	0	123	82	2	54	15	0	0	0	170	117	99	152	133	0	0	46	208	214	106	137	52	0	0	38	14	28	64	21	0	1	0	0	0	0	0	1	2	0	
0	0	6	15	0	0	0	0	0	2	90	103	52	0	3	0	0	59	81	0	49	0	0	1	0	71	60	0	40	77	53	4	0	41	98	38	86	15	49	66	2	0	58	137	48	10	62	58	0	1	0	11	51	68	44	0	0	0	2	0	0	0	0	1	
0	0	0	1	1	1	0	0	0	0	1	2	0	9	57	0	0	1	0	21	17	70	81	0	1	0	34	147	74	115	0	0	0	15	119	116	186	51	0	2	0	2	0	102	46	0	2	0	2	0	101	75	0	3	0	0	0	0	30	3	1	0	0	0	
0	0	2	1	0	0	0	0	0	0	1	0	21	49	0	1	2	0	119	26	101	128	0	4	4	0	119	118	125	86	0	3	2	0	39	203	232	114	0	3	0	1	0	79	236	54	0	2	0	0	1	0	181	46	0	2	0	0	0	1	24	7	0	0	
0	0	0	3	2	0	0	0	0	0	0	0	5	56	86	35	0	0	6	66	83	94	98	33	1	0	19	190	114	0	1	0	0	18	36	0	104	147	0	3	0	52	231	200	187	86	0	2	1	0	34	70	27	0	1	0	0	0	0	0	0	2	0	0	
0	0	1	0	0	3	0	0	0	1	0	105	187	131	20	0	3	0	63	195	92	121	0	1	3	0	149	80	0	126	56	0	0	7	153	12	0	110	126	0	0	26	204	40	129	167	24	0	2	0	99	185	114	6	0	1	0	0	0	0	0	2	1	0	
0	0	0	2	0	2	1	0	0	0	2	0	2	0	42	17	0	0	1	54	0	58	132	1	2	0	84	132	34	139	14	0	0	69	172	149	211	84	0	3	0	4	18	133	35	0	2	0	2	0	123	53	0	2	0	0	0	1	8	1	2	0	0	0	
0	0	0	0	12	32	0	1	0	0	1	0	154	97	0	3	0	3	0	105	137	0	3	0	1	0	2	204	52	0	2	0	2	0	42	172	117	21	0	1	2	0	38	167	173	74	0	3	0	2	0	103	123	3	0	1	0	0	0	0	0	0	0	0	
0	0	1	3	0	0	0	0	0	1	3	0	100	163	48	0	1	0	11	169	150	52	144	0	0	5	182	108	0	5	142	7	0	110	113	0	0	66	146	0	0	177	50	11	88	174	36	0	0	80	159	133	104	14	0	1	0	0	0	0	0	1	2	0	
0	1	2	0	0	0	0	0	0	0	2	33	114	114	0	1	0	5	150	205	222	189	0	1	0	14	185	27	193	81	0	3	2	0	58	180	183	0	1	0	0	1	0	179	195	51	0	2	0	1	0	149	225	78	0	3	0	1	0	17	25	0	0	0	
0	0	1	1	0	1	0	0	0	0	0	19	10	0	7	2	2	0	45	175	115	173	155	0	0	0	163	45	30	181	36	0	0	8	33	25	171	44	0	2	1	0	6	154	58	0	3	0	0	7	148	80	0	4	0	0	0	73	89	0	4	0	0	0	
0	0	1	0	17	10	0	0	0	1	0	27	197	37	0	2	0	2	0	49	172	10	0	1	0	0	0	14	117	0	0	0	0	2	0	58	98	0	3	0	0	1	17	146	96	42	3	0	0	5	83	101	116	84	0	0	0	0	0	0	0	0	0	0	
0	0	0	2	0	0	0	0	0	0	0	0	26	115	66	0	0	0	2	90	158	170	22	0	1	0	10	170	119	15	0	1	1	0	16	166	95	0	4	0	0	6	95	54	134	0	2	0	0	36	149	111	32	0	1	0	0	2	46	16	0	1	0	0	
0	0	2	0	0	1	2	0	0	1	0	154	203	42	0	2	2	0	124	116	172	253	47	0	0	48	179	0	4	214	195	0	0	104	177	0	0	83	206	0	0	79	255	119	97	154	71	0	0	0	115	210	171	55	0	1	0	1	0	0	0	0	2	0	
0	0	1	2	1	1	0	0	0	0	1	0	0	1	17	1	1	0	12	136	118	181	130	0	3	0	107	87	35	162	6	0	1	0	97	20	136	36	0	2	0	3	0	98	98	0	3	0	1	0	27	144	3	0	0	0	3	0	72	68	0	2	0	0	
0	0	0	2	0	2	0	0	0	0	0	6	10	0	62	12	0	2	0	114	38	67	137	0	3	0	113	159	28	145	16	0	1	0	64	120	175	21	0	2	0	2	0	141	110	0	1	0	3	0	79	175	26	1	0	0	1	0	20	11	0	0	0	0	
0	0	1	1	0	0	0	0	0	0	0	2	3	2	14	1	1	0	25	143	119	177	132	0	3	0	136	66	9	161	16	0	1	0	92	3	127	70	0	2	0	2	0	77	125	0	3	0	1	0	35	168	14	0	1	0	2	0	99	60	0	2	0	0	
0	0	33	20	2	0	0	0	2	0	81	183	184	42	0	2	0	1	1	4	102	214	5	0	0	0	0	0	1	186	27	0	1	0	83	124	109	215	37	0	0	26	238	255	255	210	64	0	0	3	77	107	72	5	0	0	0	0	0	0	0	1	1	0	
0	0	2	1	0	0	0	0	0	1	0	11	58	65	13	0	1	0	28	135	61	113	102	0	1	0	160	55	41	165	38	0	1	0	82	130	210	46	0	2	0	1	0	132	62	0	3	0	2	0	119	145	0	3	0	0	0	3	75	7	0	0	0	0	
0	0	0	0	0	0	0	0	0	2	0	49	84	0	2	0	0	4	0	114	132	0	4	0	0	4	0	131	131	0	4	0	0	4	0	126	154	0	4	0	0	4	0	143	137	0	4	0	0	3	0	94	90	0	3	0	0	0	0	0	0	0	0	0	
0	0	0	3	1	0	0	0	0	0	3	0	38	106	69	0	0	1	0	112	196	110	169	38	2	0	133	184	37	0	164	28	0	67	160	0	0	129	115	0	0	134	82	25	148	148	0	0	0	65	167	147	63	0	2	0	0	0	2	0	0	2	1	0	
0	0	0	0	1	0	0	0	0	0	2	0	74	31	0	1	0	0	0	2	190	36	0	2	0	2	0	58	173	0	2	0	0	4	0	122	118	0	3	0	0	4	0	127	82	0	3	0	0	2	0	68	125	0	1	0	0	0	0	0	28	6	0	0	
0	0	0	1	1	2	0	0	0	0	2	2	0	21	70	0	0	1	0	25	14	119	61	0	2	0	62	128	106	101	0	2	2	0	84	150	190	80	1	0	0	2	0	118	52	0	2	0	2	0	50	114	0	4	0	0	1	0	13	15	0	0	0	0	
0	0	2	1	0	0	0	0	0	2	0	52	140	150	10	0	3	0	69	205	61	161	67	0	0	10	191	44	0	127	82	0	0	75	126	0	0	159	52	0	0	71	150	44	179	151	0	1	1	0	142	206	101	1	0	0	0	0	0	0	0	2	1	0	
0	0	1	2	0	0	0	0	0	0	1	0	38	47	0	1	0	0	2	103	89	178	24	0	3	0	115	136	118	135	0	0	1	0	21	159	166	0	1	0	1	0	6	174	41	0	2	0	3	0	113	131	0	3	0	0	1	0	57	15	0	0	0	0	
0	0	0	2	0	0	0	0	0	0	2	1	47	8	0	0	0	2	0	67	200	31	0	2	2	0	78	135	107	15	0	1	2	0	60	117	141	0	2	0	0	1	0	27	99	0	2	0	0	1	0	35	89	0	2	0	0	0	0	14	61	0	1	0	
0	0	1	2	0	1	1	0	0	0	0	4	62	34	0	1	1	0	20	132	148	154	0	0	3	0	140	50	138	223	11	0	2	0	116	166	205	23	0	1	1	0	0	199	110	0	4	0	3	0	97	148	0	3	0	0	1	0	66	20	0	1	0	0	
0	0	2	1	0	0	0	0	0	0	0	3	21	57	88	70	2	0	42	162	121	102	75	34	4	0	108	132	0	4	0	0	1	0	10	169	48	0	5	1	0	2	0	51	162	0	1	0	0	6	87	129	152	0	1	0	0	0	31	41	7	0	0	0	
0	0	0	1	1	2	0	0	0	0	0	8	12	0	2	0	0	3	0	114	159	175	50	0	2	0	38	157	50	175	2	0	2	0	46	44	127	45	0	2	0	2	0	127	104	0	3	0	3	0	93	146	0	3	0	0	0	0	120	19	0	1	0	0	
0	0	0	16	74	0	0	0	0	3	0	101	132	0	3	0	0	1	0	171	47	0	2	0	1	0	16	188	110	33	0	1	1	0	26	221	129	181	23	0	0	0	0	155	127	176	21	0	0	1	0	15	83	24	0	1	0	0	0	1	0	1	1	0	
0	0	0	2	0	1	0	0	0	0	2	2	0	28	52	0	0	1	0	42	0	105	53	0	0	1	87	144	62	147	0	2	0	65	123	107	210	51	0	2	0	2	0	120	52	0	2	0	2	0	69	112	0	3	0	0	1	0	20	10	0	0	0	0	
0	0	1	1	0	2	0	0	0	0	0	3	10	0	0	0	1	0	15	192	187	80	0	2	2	0	149	104	82	211	0	0	0	23	175	110	162	179	0	0	0	0	122	103	75	141	0	3	0	0	4	0	105	102	0	4	0	0	5	0	49	44	0	2	
0	0	0	0	0	0	0	0	0	1	0	44	183	85	0	3	1	0	23	173	92	142	0	1	0	1	3	0	63	132	0	3	1	0	37	132	217	229	80	0	0	61	150	202	50	81	73	0	0	97	156	30	0	1	0	0	0	1	2	1	2	3	2	0	
0	0	0	2	0	35	6	0	0	0	2	0	118	210	23	0	0	3	0	96	194	10	0	1	1	0	21	166	16	0	1	0	4	0	105	162	107	83	0	2	3	0	165	234	205	160	0	4	1	0	72	136	92	13	0	1	0	0	0	0	0	0	0	0	
0	0	0	1	1	19	0	0	0	0	3	0	68	192	11	0	0	2	0	40	165	153	44	0	1	0	26	186	47	149	25	0	3	0	137	72	78	169	0	1	0	34	180	96	151	14	0	1	0	17	136	105	7	0	1	0	0	0	0	0	2	1	0	0	
0	0	2	2	0	0	0	0	0	2	0	12	48	0	2	1	1	0	28	139	74	0	4	0	0	50	120	24	5	75	121	25	0	115	53	0	122	122	119	17	0	23	102	85	106	75	18	0	0	0	0	2	0	0	1	1	0	1	1	0	2	3	1	0	
0	0	0	2	0	24	51	7	0	0	0	5	71	89	142	14	0	3	0	145	176	21	0	1	1	0	28	160	92	191	22	0	0	53	114	0	76	197	1	0	0	133	197	186	204	76	0	3	0	48	127	115	43	0	1	0	0	0	0	0	0	1	0	0	
0	0	0	0	0	0	0	0	0	0	7	41	58	86	79	11	1	0	20	176	132	125	80	5	3	0	157	163	26	0	1	0	1	0	49	88	161	61	0	3	0	0	3	0	145	68	0	3	0	16	96	114	152	0	0	0	0	0	103	112	9	0	1	0	
0	0	0	1	0	0	0	0	0	1	0	14	81	130	29	0	0	0	2	137	98	163	10	0	0	1	0	105	141	36	0	2	0	2	0	104	191	0	1	0	3	0	68	161	166	6	0	1	2	0	147	146	53	0	2	0	1	0	34	30	0	1	0	0	
0	0	1	1	0	0	0	0	0	1	0	34	111	121	50	0	2	0	36	134	159	110	13	0	3	0	79	120	0	3	0	0	0	0	0	169	77	0	3	0	1	0	4	77	173	0	2	0	3	0	79	205	97	0	2	0	0	0	6	42	3	0	0	0	
0	0	0	2	0	0	0	0	0	0	0	4	10	40	82	37	0	2	0	75	104	103	127	38	3	0	71	188	68	0	1	0	0	29	62	19	156	6	3	2	0	67	200	150	80	0	2	0	0	1	70	62	0	0	0	0	0	0	0	0	2	0	0	0	
0	0	0	5	1	0	0	0	2	0	55	172	150	65	0	2	0	1	0	6	208	97	0	3	1	0	15	192	87	0	3	0	1	0	19	120	146	32	0	1	0	4	15	0	171	124	0	4	0	13	154	162	107	5	0	1	0	0	5	5	0	0	0	0	
0	0	0	2	0	0	0	0	0	0	0	0	51	60	0	0	0	0	0	91	98	154	7	0	2	0	54	140	109	93	0	3	1	0	6	96	185	3	0	1	0	3	0	93	80	0	3	0	1	0	30	141	3	0	0	0	2	0	41	41	0	1	0	0	
0	0	0	0	0	2	0	0	2	0	45	63	0	2	0	0	3	0	170	88	0	30	2	0	0	0	209	67	57	202	0	0	3	0	128	228	244	160	0	3	0	0	5	14	151	97	0	4	0	0	4	0	97	91	0	3	0	0	1	0	10	15	0	1	
0	0	1	1	0	0	0	0	0	1	0	39	98	115	26	0	2	0	37	140	29	131	68	0	2	0	65	103	53	132	0	0	1	0	0	208	164	0	0	1	2	0	63	139	100	0	4	0	1	0	119	125	46	0	2	0	1	0	29	39	0	1	0	0	
0	0	0	2	0	1	1	0	0	0	1	0	56	38	0	1	0	0	0	117	98	139	24	0	3	0	92	101	0	105	32	0	3	0	112	120	199	49	0	2	1	0	7	75	125	0	2	0	0	3	0	78	99	0	3	0	0	1	0	31	44	0	1	0	
0	0	0	1	0	0	0	0	0	1	0	23	108	105	8	0	0	0	2	142	43	147	48	0	0	0	3	113	86	104	0	1	0	1	0	145	206	1	0	1	2	0	53	144	112	0	4	0	1	0	137	128	44	0	2	0	1	0	32	32	0	1	0	0	
0	0	0	0	1	2	1	0	1	0	35	38	0	1	0	0	4	0	101	180	119	122	49	0	4	0	117	112	32	21	15	0	4	0	119	170	114	102	0	2	1	0	35	16	26	152	0	2	1	0	24	105	143	59	0	2	0	0	3	56	36	0	1	0	
0	0	0	2	0	1	0	0	0	0	2	1	0	4	65	5	0	2	0	69	28	58	92	0	1	0	75	138	46	133	3	0	0	60	131	109	190	81	0	2	0	8	4	113	40	0	2	0	0	0	109	54	0	3	0	0	0	6	24	0	2	0	0	0	
0	0	0	0	0	0	0	0	2	0	74	134	16	0	4	1	0	15	91	94	108	0	3	0	0	3	0	52	221	165	91	29	2	0	30	180	203	58	108	69	4	0	151	184	116	0	2	0	2	0	81	107	7	0	4	2	0	0	0	0	1	0	0	0	
0	0	1	2	0	1	0	0	0	1	3	0	117	178	21	0	0	1	0	135	140	91	110	0	0	2	153	122	0	43	139	0	0	99	151	0	0	121	95	0	0	158	36	7	97	140	2	0	0	95	168	137	86	6	0	1	0	0	7	3	0	2	1	0	
0	0	1	0	0	0	0	0	0	0	7	5	0	45	11	0	3	0	115	42	0	135	38	0	0	26	202	77	29	164	41	0	0	58	237	220	220	213	24	0	0	3	14	7	0	126	33	0	0	0	0	3	0	111	48	0	0	0	1	1	0	12	8	0	
0	0	1	3	1	2	1	0	0	0	1	0	0	0	9	11	1	0	7	115	136	142	188	33	2	0	126	97	7	174	79	0	0	49	131	0	136	89	0	3	0	5	0	126	116	0	4	0	3	0	89	173	0	2	0	0	1	0	119	34	0	1	0	0	
0	0	0	5	57	2	0	0	0	2	0	53	162	0	2	0	0	3	0	134	74	0	3	0	1	0	19	192	40	0	1	0	2	0	47	205	159	116	0	3	2	0	50	209	189	114	0	3	0	1	0	48	75	0	0	0	0	0	0	0	0	1	0	0	
0	0	0	0	1	1	3	0	0	0	0	3	0	62	97	0	0	0	2	0	45	166	15	0	0	1	0	9	168	45	0	2	0	0	0	176	104	0	4	0	2	0	150	148	0	3	0	0	0	40	143	0	1	0	0	0	0	2	1	2	1	0	0	0	
0	1	2	0	0	1	0	0	1	0	15	50	0	3	1	0	0	4	144	46	0	112	90	0	0	86	135	0	38	227	60	0	0	87	174	118	151	199	8	0	0	0	65	41	96	149	0	4	0	0	3	0	138	62	0	2	0	0	2	3	20	2	0	0	
0	0	0	0	0	0	0	0	1	0	18	93	136	111	36	0	2	0	82	117	14	110	149	0	1	0	18	69	128	147	17	0	2	0	39	114	86	163	0	0	0	40	52	0	60	135	0	2	0	128	197	113	135	22	0	1	0	6	48	43	1	0	0	0	
0	0	0	0	0	0	0	0	0	0	46	96	118	55	0	1	0	6	171	30	62	129	0	3	2	0	67	102	107	35	0	1	0	3	0	111	192	0	0	0	0	3	0	102	114	137	0	2	0	3	0	106	125	139	0	1	0	0	0	10	60	10	0	1	
0	0	0	1	2	2	3	1	0	0	1	2	0	0	0	0	0	1	0	10	46	59	83	36	1	0	21	147	90	64	43	8	0	3	27	81	116	0	2	0	0	48	167	106	48	0	3	0	0	0	33	26	0	0	0	0	0	0	0	0	1	0	0	0	
0	0	0	35	33	0	0	0	0	9	132	128	147	95	0	3	0	13	44	0	88	101	0	3	0	1	0	39	163	11	0	1	0	0	0	132	45	0	2	0	2	0	143	143	32	82	60	0	0	3	127	138	117	108	38	0	0	0	0	0	0	0	0	0	
0	0	1	0	25	67	0	2	0	0	3	0	136	88	0	3	0	2	0	78	110	0	2	0	1	0	24	137	59	148	28	0	3	0	97	120	115	157	29	0	2	0	137	201	135	42	0	2	1	0	32	72	12	0	1	0	0	0	0	0	1	2	0	0	
0	0	0	5	11	0	0	0	0	2	0	59	45	0	1	0	0	1	0	89	16	0	1	0	0	0	7	97	43	46	0	1	0	1	0	129	141	127	2	0	0	3	0	97	159	52	0	2	0	1	0	32	33	0	1	0	0	0	0	0	0	2	0	0	
0	0	0	2	0	0	2	4	0	0	1	0	101	135	164	52	0	2	0	86	139	60	43	0	3	0	74	232	128	18	0	1	1	0	39	6	102	118	0	4	0	74	137	49	169	44	0	2	0	16	191	198	59	0	2	0	0	0	0	0	1	1	0	0	
0	0	0	0	1	0	0	0	0	2	0	52	44	0	1	0	0	4	0	119	171	0	1	0	0	3	0	99	74	0	0	0	0	3	0	100	76	0	3	0	0	3	0	78	110	0	3	0	0	1	0	26	157	10	0	1	0	0	0	0	35	19	0	1	
0	0	0	0	0	0	0	0	0	5	0	69	159	63	0	2	0	0	8	86	95	147	0	2	1	0	23	147	186	34	0	2	0	0	8	10	94	88	0	3	0	17	96	34	137	58	0	2	0	25	181	165	60	0	1	0	0	0	1	0	1	1	0	0	
0	0	1	0	0	0	0	0	0	0	4	31	30	6	0	0	2	0	47	143	135	36	0	1	1	0	183	147	158	111	11	0	0	10	177	177	230	163	3	0	0	0	2	0	133	24	0	1	0	0	2	0	139	18	0	0	0	0	0	1	49	2	0	0	
0	0	1	0	0	0	0	0	0	1	0	42	76	120	60	0	2	0	57	173	97	196	57	0	2	0	53	119	102	56	30	12	1	0	3	204	123	0	5	0	0	8	112	80	136	0	2	0	0	57	153	120	61	0	2	0	0	1	48	31	0	1	0	0	
0	0	0	0	0	0	0	0	0	1	0	76	79	0	1	0	0	1	0	62	134	0	3	0	0	2	0	47	104	0	3	0	0	2	0	64	108	0	3	0	0	3	0	78	110	0	3	0	0	2	0	60	121	0	3	0	0	0	0	4	18	0	0	0	
0	0	1	2	0	1	0	0	0	0	1	1	2	6	9	0	1	0	9	120	121	184	52	0	4	0	123	112	44	128	0	2	1	0	35	18	141	21	0	1	0	2	0	114	72	0	2	0	2	0	70	131	0	2	0	0	1	0	111	28	0	1	0	0	
0	0	1	0	1	1	0	0	0	0	0	92	28	0	1	0	2	0	57	153	108	41	0	2	3	0	87	47	17	110	0	2	3	0	83	55	0	86	11	0	3	0	71	69	0	109	3	0	1	0	16	95	107	66	0	2	0	1	0	22	41	0	0	0	
0	0	0	0	0	1	0	0	1	0	21	87	131	154	84	0	2	0	66	102	34	144	75	0	1	1	1	117	194	125	0	3	0	1	2	28	41	160	0	1	17	151	112	29	133	81	0	2	18	133	168	152	59	0	1	0	0	1	0	0	0	2	0	0	
0	0	0	0	2	1	0	0	0	1	0	24	21	32	8	0	0	3	0	115	117	117	0	0	0	0	12	139	153	52	0	1	0	2	0	121	220	70	0	1	0	3	0	114	64	0	2	0	0	0	2	129	10	0	0	0	0	0	6	41	0	1	0	0	
0	0	0	0	1	1	1	0	0	0	0	3	0	98	34	0	0	0	2	0	54	133	0	1	0	1	0	16	158	24	0	1	0	1	0	138	79	0	3	0	2	0	106	120	0	3	0	0	0	26	121	5	0	0	0	0	0	1	1	1	0	0	0	0	
0	0	0	2	1	0	0	0	0	0	1	0	3	11	1	0	1	0	13	99	109	160	0	0	3	0	123	149	68	102	0	3	0	8	104	0	122	33	0	1	0	2	0	51	117	0	3	0	0	2	0	117	43	0	1	0	0	0	6	82	1	0	0	0	
0	0	1	0	15	59	0	1	0	1	0	4	144	70	0	2	0	0	0	142	85	0	2	0	3	0	90	110	0	51	11	0	0	5	175	131	123	166	84	0	2	0	175	244	137	94	9	0	1	0	27	43	3	0	0	0	0	0	1	0	1	3	1	0	
0	0	1	0	0	0	0	0	1	0	12	111	26	54	65	0	3	0	62	255	230	186	88	0	2	0	174	219	91	0	1	0	0	0	185	196	175	106	0	2	0	0	9	0	128	184	0	2	3	0	107	195	161	27	0	1	1	0	25	29	0	1	0	0	
0	0	0	0	0	0	0	0	0	1	0	30	118	102	23	0	0	0	5	148	28	114	96	0	0	0	5	119	59	132	5	0	0	3	0	109	222	17	0	1	1	0	76	105	162	21	0	1	0	12	165	132	90	0	1	0	0	0	43	42	0	0	0	0	
0	0	1	1	0	1	0	0	0	1	0	42	21	0	2	0	1	0	7	229	48	80	149	0	1	0	165	209	39	210	111	0	0	35	246	214	231	213	16	0	0	0	25	21	204	58	0	2	0	3	0	98	165	0	4	0	0	2	0	52	41	0	1	0	
0	0	0	1	1	0	0	0	0	0	1	1	5	18	59	14	0	1	0	10	124	103	86	8	1	0	7	156	163	21	0	1	0	1	26	25	40	124	0	3	0	80	147	112	121	40	0	2	0	9	89	96	31	0	1	0	0	0	0	0	1	1	0	0	
0	0	4	14	1	0	0	0	0	24	119	141	101	0	2	0	0	18	12	29	139	0	3	0	2	0	28	178	146	6	0	1	1	0	22	38	79	149	29	0	0	0	0	8	0	111	80	0	0	0	0	126	141	125	4	0	0	0	0	3	14	2	0	0	
0	0	2	1	0	0	0	0	0	0	0	6	57	72	14	0	2	0	42	126	53	128	91	0	1	0	151	77	89	173	20	0	1	0	69	99	195	57	0	2	0	2	0	121	74	0	3	0	1	0	109	126	0	3	0	0	0	7	83	7	0	0	0	0	
0	0	0	1	1	3	0	0	0	1	0	5	130	55	0	2	0	2	0	106	197	7	0	1	1	0	13	162	114	0	1	0	0	2	0	82	181	36	0	2	0	3	0	65	168	80	0	4	0	3	0	98	132	0	0	0	0	0	0	0	1	0	0	0	
0	0	1	0	2	8	0	0	0	1	0	90	178	151	30	0	3	0	125	249	59	109	69	0	1	0	31	8	40	142	0	1	0	3	58	131	215	146	0	1	0	104	132	154	32	131	70	0	0	140	130	36	0	65	38	0	0	3	3	0	2	0	0	0	
0	0	2	0	2	12	8	0	1	0	13	85	136	156	104	0	2	0	167	112	6	0	2	0	0	68	207	135	150	98	0	0	0	2	3	0	11	131	101	0	0	78	57	0	0	88	147	0	0	97	161	143	154	147	37	0	0	0	1	10	3	0	0	0	
0	0	1	0	28	37	0	1	0	2	0	83	182	158	49	0	0	1	0	52	13	106	71	0	0	1	1	0	12	150	13	0	0	3	63	124	218	112	0	4	0	133	163	149	120	136	0	2	0	104	103	18	18	33	0	1	0	0	0	1	2	0	0	0	
0	2	1	0	0	0	0	0	1	0	19	88	35	0	1	0	0	74	180	183	185	0	0	0	0	26	22	12	197	56	0	0	0	32	165	174	222	201	52	0	0	7	12	0	154	94	0	3	0	0	1	0	177	50	0	2	0	0	0	8	65	0	0	0	
0	0	0	2	0	0	1	0	0	1	0	9	129	130	22	0	0	3	0	139	126	53	118	0	1	0	111	109	0	2	111	6	0	85	109	0	0	72	113	0	2	156	22	20	95	125	14	0	0	77	121	108	74	4	0	0	0	0	0	0	0	2	1	0	
0	0	0	1	0	0	0	0	0	0	0	5	38	24	0	0	0	2	0	138	255	131	0	4	0	1	0	185	223	63	0	3	0	4	0	132	134	0	4	0	0	3	0	136	140	5	0	1	0	3	0	91	193	28	0	2	0	1	0	14	86	3	0	0	
0	0	1	2	0	0	0	0	0	0	1	0	49	82	32	0	1	0	8	111	111	76	140	0	3	0	133	86	0	169	106	0	2	0	73	135	197	82	0	0	1	0	4	148	52	0	3	0	0	1	144	75	0	5	0	0	0	22	74	0	3	0	0	0	
0	3	1	0	0	3	0	0	0	0	9	19	8	0	0	0	0	77	148	147	147	86	0	0	17	199	61	0	0	196	68	0	0	69	147	105	80	202	39	0	0	0	0	10	12	158	34	0	0	3	3	0	7	192	30	0	0	0	0	1	0	108	42	0	
0	0	1	0	19	18	0	1	0	1	0	77	174	128	0	0	0	0	6	108	21	99	63	0	0	1	0	0	5	118	19	0	0	18	82	125	197	66	0	3	2	138	111	122	89	106	0	2	2	86	71	7	2	67	0	0	0	0	0	1	3	0	0	0	
0	1	3	2	3	4	2	0	0	0	0	0	0	0	0	0	0	10	158	139	115	103	39	0	0	24	185	29	19	129	105	0	0	0	132	18	0	147	24	0	0	0	18	0	68	156	0	2	0	0	2	0	134	49	0	2	0	1	0	36	136	0	2	0	
0	0	1	2	0	2	1	0	0	1	0	19	41	0	1	0	1	0	4	141	54	32	46	0	2	0	138	214	93	209	77	0	0	4	22	21	207	103	10	0	0	2	0	111	93	0	3	0	3	0	73	167	0	5	1	0	2	0	58	49	0	2	0	0	
0	0	1	2	3	2	0	0	0	0	0	0	0	0	0	0	0	25	154	152	173	86	0	3	0	0	28	27	169	95	0	3	0	0	0	2	152	18	0	1	0	1	0	21	176	4	0	0	0	1	0	15	170	5	0	0	0	0	0	0	115	10	0	0	
0	0	1	0	28	54	0	2	0	0	0	4	129	45	0	2	0	2	0	115	71	0	2	0	3	0	70	103	19	78	1	0	0	0	117	58	99	138	14	0	0	9	142	163	99	77	0	2	1	0	35	79	45	1	0	0	0	0	0	0	0	2	0	0	
1	0	17	21	0	2	0	0	3	0	155	112	0	4	1	0	0	11	199	24	45	35	0	1	0	53	172	68	203	183	51	0	0	16	182	209	86	42	140	0	3	0	94	250	206	175	143	0	0	1	0	26	113	152	30	0	0	0	3	0	0	0	0	0	
0	0	0	2	2	0	0	0	0	0	2	1	0	9	50	48	0	1	0	36	82	119	124	49	2	0	52	202	101	0	0	0	1	0	44	37	106	69	0	4	0	14	84	15	120	46	0	2	0	0	157	169	52	0	1	0	0	0	0	0	1	1	0	0	
0	0	0	0	0	1	0	0	2	0	35	179	150	0	1	0	4	0	155	140	63	15	0	1	2	0	184	179	227	175	0	0	2	0	80	173	38	171	67	0	1	0	31	48	43	204	50	0	3	0	64	220	208	99	0	1	0	0	0	0	0	0	1	0	
0	0	1	0	18	21	0	1	0	2	0	76	153	128	13	0	0	2	0	49	18	124	19	0	0	0	8	0	91	96	0	3	0	29	103	175	150	0	1	0	0	139	133	108	127	70	50	2	0	68	58	0	17	103	55	0	0	0	0	3	2	0	0	0	
0	0	2	0	0	1	1	0	1	0	13	95	4	0	0	0	1	0	143	98	0	34	27	0	0	62	129	0	0	113	46	0	0	38	150	85	104	157	6	0	1	0	38	78	59	134	0	1	0	1	1	0	11	107	0	1	0	0	2	3	3	10	0	0	
0	0	0	0	1	2	1	0	0	0	0	1	0	113	17	0	0	0	3	0	81	129	0	3	0	0	0	10	155	21	0	1	0	2	0	124	81	0	3	0	2	0	72	151	0	2	0	0	0	8	146	26	0	1	0	0	0	1	2	1	0	0	0	0	
1	0	25	67	0	4	2	0	4	0	125	98	0	3	1	1	0	8	191	26	0	63	48	0	0	37	192	0	81	198	189	47	0	47	182	0	179	11	154	79	0	0	171	168	217	180	108	0	1	0	12	78	82	41	0	2	0	0	2	0	0	0	3	0	
0	0	0	0	0	0	0	0	1	0	37	101	112	95	12	0	1	0	67	85	72	172	25	0	2	0	49	122	197	52	0	2	1	0	22	22	59	134	0	2	0	24	13	0	59	160	0	1	0	108	208	148	140	28	0	1	0	1	39	40	1	0	0	0	
0	0	0	0	0	1	0	0	2	0	109	51	0	133	20	0	0	6	234	68	23	161	0	1	0	33	206	0	42	166	0	2	0	1	188	125	20	206	31	0	3	0	69	221	171	241	56	0	0	1	1	0	7	179	46	0	0	0	2	1	0	0	0	0	
0	0	0	3	0	66	24	0	0	0	2	0	98	114	15	0	0	2	0	115	118	0	1	0	2	0	63	116	0	19	22	0	3	0	129	123	99	160	67	0	0	2	170	191	113	96	15	0	0	12	33	0	8	0	0	0	0	0	1	0	0	2	1	0	
0	0	3	1	0	0	0	0	0	0	0	2	40	35	0	1	1	0	122	171	214	140	0	4	0	22	224	25	153	138	0	4	0	15	136	10	194	52	0	2	0	1	0	15	206	29	0	1	0	0	5	0	159	123	0	2	0	0	1	0	32	92	1	0	
0	0	0	1	2	59	3	0	0	0	3	0	79	116	0	2	0	2	0	63	131	0	0	0	2	0	36	135	31	98	27	0	2	0	128	98	120	153	47	0	2	0	108	216	130	66	0	1	0	0	6	45	0	0	1	0	0	0	2	0	1	3	0	0	
0	0	0	0	0	1	0	0	2	0	83	168	146	27	0	1	0	0	23	0	83	150	0	2	2	0	64	118	141	111	0	2	2	0	56	136	208	53	0	2	0	0	23	6	49	172	0	0	1	0	44	151	182	114	0	1	0	0	0	1	4	0	0	0	
0	0	1	1	0	0	0	0	0	0	0	0	76	142	13	0	1	0	21	196	159	151	82	0	1	0	17	42	3	128	17	0	0	6	58	53	171	127	21	6	0	100	178	205	124	109	132	20	0	78	130	28	0	1	0	0	0	0	0	1	4	4	2	0	
0	0	1	1	0	0	0	0	0	1	0	17	73	69	18	0	1	0	25	162	73	110	113	0	4	0	106	73	21	123	19	0	2	0	29	173	110	11	0	1	2	0	43	151	79	0	3	0	3	0	90	89	121	6	0	0	1	0	17	107	48	0	1	0	
0	0	0	0	1	1	0	0	0	0	0	3	0	80	44	0	0	0	2	0	35	147	5	0	0	1	0	9	148	37	0	2	0	1	0	127	68	0	3	0	2	0	105	100	0	3	0	0	0	29	111	0	2	0	0	0	0	2	2	1	0	0	0	0	
0	0	0	0	0	0	0	0	0	2	5	11	23	2	0	0	0	101	176	160	216	92	0	4	0	11	19	0	144	123	0	4	0	0	4	0	138	105	0	4	0	1	3	0	160	57	0	2	0	1	0	5	197	36	0	2	0	0	0	0	144	34	0	1	
0	0	0	0	0	0	0	0	0	0	1	0	64	162	47	0	0	5	0	68	235	125	127	0	0	1	0	14	0	113	88	0	0	51	93	102	157	117	0	1	26	157	94	169	180	89	0	3	17	120	111	26	14	62	0	1	0	0	0	1	3	0	0	0	
0	0	1	0	25	8	0	0	0	2	0	57	208	19	0	1	0	2	0	183	87	0	3	0	2	0	56	175	0	1	0	0	4	0	116	143	143	95	0	2	3	0	69	220	207	183	0	2	0	1	0	92	137	22	0	1	0	0	1	0	0	0	0	0	
0	0	2	0	32	68	0	2	0	1	0	11	152	65	0	2	0	0	1	157	66	0	2	0	3	0	113	98	0	33	2	0	0	13	131	21	104	138	74	0	0	4	138	211	130	116	40	0	1	0	19	76	53	15	0	1	0	0	1	0	0	1	1	0	
0	0	0	0	3	1	0	0	0	6	92	43	0	0	0	0	1	0	72	145	106	6	0	1	0	0	1	0	95	81	0	3	0	0	6	0	115	96	0	3	0	1	0	11	199	37	0	2	0	2	0	53	146	0	2	0	0	0	0	3	9	0	0	0	
0	0	2	1	0	0	1	0	0	2	0	21	154	178	46	0	3	0	69	219	206	215	172	0	0	42	194	43	1	40	189	0	0	146	61	0	0	150	124	0	5	179	49	82	226	190	1	0	0	84	203	169	88	5	1	1	0	0	0	0	0	1	1	0	
0	0	1	1	0	0	0	0	0	0	0	11	27	14	0	1	1	0	21	88	106	47	0	2	3	0	75	106	125	4	0	0	1	0	17	124	133	0	3	0	0	1	0	29	109	0	3	0	0	0	0	21	108	0	1	0	0	0	0	0	33	1	0	0	
0	0	0	2	0	0	0	0	0	0	0	0	13	14	1	0	0	2	0	87	127	166	22	0	1	0	23	133	30	128	0	0	1	0	21	37	122	43	0	2	0	3	0	85	93	0	2	0	1	0	35	124	0	1	0	0	2	0	89	43	0	1	0	0	
0	0	11	3	0	0	0	0	0	68	121	119	20	0	1	0	0	47	13	44	106	0	4	0	1	0	30	117	185	28	0	1	2	0	161	187	72	144	35	0	0	0	8	5	0	99	111	0	0	1	0	89	136	158	32	0	0	0	0	4	15	4	0	0	
0	0	0	0	1	1	0	0	0	0	1	3	0	30	37	0	0	0	0	11	15	94	27	0	1	0	11	107	111	97	0	3	1	0	91	128	157	56	0	1	0	2	0	89	39	0	1	0	2	0	67	89	0	4	0	0	1	0	20	8	0	0	0	0	
0	0	0	0	0	0	0	0	1	0	28	47	0	18	0	1	2	0	62	80	54	83	0	3	3	0	85	38	53	61	0	2	2	0	109	67	124	73	0	3	2	0	65	97	125	66	0	3	0	0	3	0	72	83	0	3	0	0	3	1	14	22	0	1	
0	0	0	2	1	2	0	0	0	0	0	8	6	0	18	3	0	0	0	149	141	161	145	0	3	0	81	123	36	166	11	0	1	0	117	24	131	39	0	2	0	3	0	105	93	0	4	0	2	0	70	138	0	2	0	0	0	1	114	22	0	1	0	0	
0	0	0	46	30	0	1	0	2	0	36	96	100	0	0	0	0	0	0	6	108	1	0	0	0	1	0	36	119	0	4	0	0	3	0	78	79	0	3	0	0	3	0	156	153	53	37	0	0	0	2	61	54	88	23	0	0	0	0	0	0	0	0	0	
0	0	0	1	0	0	0	0	0	0	0	6	70	137	61	0	0	0	0	125	104	191	44	0	0	2	0	116	136	49	0	2	0	1	0	110	198	16	0	1	1	0	85	55	115	53	0	2	0	5	141	121	90	0	1	0	1	0	35	43	0	1	0	0	
0	0	0	0	3	1	0	0	0	42	118	46	0	2	1	0	0	147	232	240	148	3	0	1	0	2	0	20	184	160	0	1	0	0	1	0	25	193	9	0	0	2	0	80	236	248	124	0	0	1	0	172	192	81	47	0	0	0	0	2	0	0	0	0	
0	0	1	2	0	0	0	0	0	0	1	0	32	62	11	0	1	0	10	117	106	168	67	0	2	0	132	64	62	209	13	0	2	0	81	119	182	25	0	1	0	2	0	127	64	0	3	0	2	0	100	119	0	4	0	0	1	0	78	17	0	0	0	0	
0	2	0	58	32	0	2	0	1	0	22	177	22	0	1	0	4	0	107	88	0	20	4	0	1	0	122	3	72	220	70	0	0	8	122	54	177	164	52	0	2	0	125	213	225	102	0	2	1	0	15	79	46	0	1	0	0	0	1	0	0	2	0	0	
0	0	1	1	0	0	0	0	0	1	0	7	96	139	69	0	2	0	36	217	153	92	101	0	2	0	36	73	11	121	11	0	0	29	77	121	220	67	0	3	17	137	109	128	71	123	0	2	22	119	78	11	1	72	2	0	0	0	0	2	3	0	0	0	
0	0	1	0	0	4	0	0	0	1	0	64	158	88	0	2	3	0	64	174	47	0	1	0	3	0	139	154	78	23	0	1	0	0	4	27	56	108	3	0	0	26	43	0	0	108	39	0	0	13	126	122	119	140	3	0	0	0	2	14	15	4	0	0	
0	0	0	2	0	0	0	0	0	0	1	0	45	47	0	1	0	1	0	81	101	134	8	0	3	0	72	108	57	177	2	0	2	0	48	162	163	7	0	1	1	0	16	146	19	0	1	0	0	0	135	58	0	3	0	0	0	18	61	0	2	0	0	0	
0	0	0	17	62	12	0	1	0	1	0	33	164	172	0	2	1	0	19	100	132	83	0	2	2	0	32	224	154	0	2	0	0	0	3	0	152	108	0	4	0	47	162	93	215	76	0	3	0	58	164	138	62	0	1	0	0	0	0	0	0	1	0	0	
0	0	0	1	1	0	0	0	0	0	1	2	0	0	22	17	0	1	0	12	104	98	100	35	1	0	5	132	129	14	0	1	0	2	62	48	98	39	0	3	0	22	168	127	60	0	1	0	0	0	12	11	0	1	0	0	0	1	0	0	2	0	0	0	
0	0	0	0	0	2	0	0	0	52	66	37	22	2	0	0	0	52	104	99	116	103	0	2	0	0	2	0	51	149	0	2	0	2	6	0	157	64	0	2	0	2	0	60	166	0	2	0	0	2	0	159	64	0	2	0	0	0	4	76	5	0	0	0	
0	0	0	0	1	1	0	0	0	0	0	4	0	85	71	0	0	0	3	0	48	156	10	0	0	1	0	22	164	31	0	1	1	0	10	161	52	0	3	0	1	0	145	82	0	3	0	0	0	68	111	0	3	0	0	0	0	2	1	2	0	0	0	0	
0	0	0	2	0	1	0	0	0	0	2	0	67	38	0	1	0	2	0	127	201	126	0	2	1	0	33	166	0	131	24	0	3	0	94	80	3	119	0	1	4	0	105	70	68	66	0	2	1	0	12	164	146	0	2	0	0	1	0	28	22	0	1	0	
0	0	0	2	0	0	0	0	0	0	1	0	58	133	9	0	0	1	0	101	109	158	80	0	1	0	38	127	11	125	36	0	1	0	3	170	152	27	0	1	0	0	85	95	103	0	4	0	0	12	134	104	100	0	2	0	1	0	35	58	4	0	0	0	
0	1	0	0	1	0	0	0	0	7	72	77	12	0	1	0	0	118	142	128	160	0	1	0	0	25	0	36	143	0	2	0	0	3	0	156	201	123	17	0	3	0	82	176	10	78	125	0	1	0	30	18	0	83	120	0	0	0	0	3	0	76	33	0	
0	0	0	0	2	14	1	0	0	1	0	67	142	141	120	0	0	1	0	37	37	113	108	0	2	0	84	202	176	175	0	0	1	0	44	49	6	150	12	0	0	83	71	13	139	86	0	2	0	132	181	136	62	0	1	0	0	0	5	0	0	2	0	0	
0	0	0	1	0	1	0	0	0	0	0	13	53	4	0	0	1	0	2	165	255	56	0	3	3	0	90	193	165	25	0	1	4	0	85	255	145	0	4	0	0	1	0	62	175	0	1	0	0	1	0	17	207	35	0	2	0	0	1	0	83	34	0	1	
0	0	0	2	1	15	3	2	0	0	1	0	71	95	113	30	0	2	0	133	225	67	1	3	1	0	8	104	65	153	74	0	0	67	113	2	0	127	92	0	0	101	231	218	152	122	0	1	0	7	62	76	37	0	1	0	0	0	0	0	0	2	0	0	
0	0	0	0	0	0	0	0	0	1	48	55	85	107	115	7	0	4	182	255	192	137	102	6	0	1	3	67	161	49	0	2	0	0	1	0	33	178	11	0	0	86	37	0	0	177	28	0	0	66	186	172	206	137	0	1	1	0	23	64	44	1	0	0	
0	0	0	0	9	48	0	1	0	0	2	0	111	69	0	2	0	2	0	88	109	0	2	0	2	0	42	120	7	51	4	0	2	0	113	98	73	124	44	0	3	0	135	192	78	85	6	0	1	0	23	72	54	9	0	0	0	0	1	0	0	1	1	0	
0	0	1	1	0	0	0	0	0	2	0	99	95	39	5	0	1	0	10	216	183	117	5	0	3	0	84	219	52	0	1	0	1	0	28	132	190	114	0	3	0	0	3	0	91	178	0	3	2	0	70	162	181	39	0	2	1	0	19	51	8	0	0	0	
0	0	0	1	0	0	0	0	0	0	0	7	78	69	71	10	0	1	0	111	65	114	117	0	0	0	7	117	76	94	0	0	0	1	0	162	136	0	3	0	2	0	67	81	107	0	2	0	0	0	123	112	88	0	2	0	1	0	28	46	0	0	0	0	
0	1	1	0	0	1	0	0	1	0	22	125	111	3	0	0	0	22	195	112	171	118	0	3	0	113	121	0	78	210	0	0	0	89	161	0	172	229	1	0	0	0	124	159	167	195	0	1	0	1	2	0	38	185	0	0	0	0	3	0	6	29	0	0	
0	0	0	2	0	0	0	0	0	1	0	10	123	133	72	0	0	1	0	150	133	56	157	0	2	0	123	103	0	36	144	0	0	62	159	0	0	128	90	0	0	149	52	0	109	126	0	0	0	154	159	138	60	0	1	0	0	19	63	13	0	3	1	0	
0	0	0	0	0	0	0	0	0	0	2	0	81	59	0	2	0	0	1	0	175	39	0	2	0	2	0	67	165	0	2	0	0	3	0	140	89	0	3	0	1	0	14	176	17	0	1	0	2	0	58	115	0	3	0	0	0	0	0	1	1	0	0	0	
0	0	0	2	0	2	0	0	0	0	2	0	107	166	69	0	0	3	0	125	128	27	150	0	3	0	106	140	0	49	129	0	0	50	161	0	0	143	57	0	0	143	52	28	136	79	0	2	0	115	156	110	25	0	2	0	0	2	9	0	1	2	0	0	
0	0	0	6	26	0	1	0	0	3	0	76	101	0	3	0	0	0	0	113	16	2	0	0	1	0	28	138	175	157	0	1	3	0	60	193	79	153	0	0	3	0	66	201	117	78	0	3	1	0	15	131	69	0	1	0	0	0	0	0	0	2	0	0	
0	0	0	2	0	0	0	0	0	0	1	0	26	65	29	0	0	1	0	74	86	68	107	0	2	0	57	96	18	127	47	0	2	0	52	121	179	41	0	1	0	0	2	122	37	0	3	0	2	0	108	86	0	4	0	0	0	7	60	0	1	0	0	0	
0	0	1	0	0	1	0	0	0	1	0	64	64	0	1	0	3	0	71	149	165	76	0	3	4	0	125	139	193	107	0	4	1	0	14	99	198	48	0	2	0	0	3	0	151	49	0	2	0	0	3	0	174	64	0	3	0	0	1	0	80	25	0	1	
0	0	0	3	0	0	0	0	0	0	2	0	24	81	12	0	0	0	0	107	104	115	90	0	3	0	81	116	0	140	55	0	3	0	97	134	203	78	0	2	1	0	6	179	84	0	3	0	1	0	132	97	0	4	0	0	0	11	77	0	2	0	0	0	
0	0	0	0	0	0	3	0	0	1	0	126	180	177	76	0	0	2	4	208	101	10	3	0	2	0	45	251	185	122	6	0	0	58	111	96	12	196	135	0	0	189	167	12	85	242	99	0	0	12	109	163	179	61	0	1	0	1	0	0	0	0	1	0	
0	0	0	0	0	2	6	0	0	0	1	12	60	141	51	0	0	2	0	80	96	163	37	0	2	0	45	113	122	91	0	1	2	0	93	113	123	78	0	3	8	22	0	11	136	37	0	1	11	135	136	124	43	0	1	0	0	4	13	1	1	1	0	0	
0	0	0	1	0	0	0	0	0	0	1	1	58	19	0	1	0	1	0	65	159	34	0	2	2	0	48	72	88	66	0	2	3	0	86	144	177	58	0	2	1	0	13	48	119	12	0	1	0	2	0	48	97	0	3	0	0	1	0	38	22	0	1	0	
0	0	0	0	1	2	2	0	0	0	0	3	0	92	70	0	0	0	3	0	53	163	6	0	0	2	0	23	175	35	0	2	0	0	0	160	71	0	3	0	1	0	146	107	0	3	0	0	0	69	113	0	3	0	0	0	0	2	1	2	0	0	0	0	
0	0	0	1	0	0	0	0	0	0	0	4	98	99	0	0	0	3	0	149	142	137	18	0	0	3	0	123	169	102	0	2	0	3	0	138	191	0	1	1	1	0	16	171	131	0	3	0	1	0	15	191	100	0	3	0	0	0	0	37	11	0	0	0	
0	0	0	0	1	2	4	0	0	0	0	2	0	66	66	0	0	0	2	0	54	141	0	1	0	1	0	11	157	30	0	1	0	2	0	133	81	0	3	0	3	0	89	132	0	2	0	0	0	21	134	11	0	1	0	0	0	3	3	1	0	0	0	0	
0	3	3	2	3	3	0	0	0	0	0	0	0	0	0	0	6	91	135	176	184	139	0	0	12	106	62	49	47	173	24	0	0	0	2	0	59	173	0	1	0	4	3	0	186	77	0	3	0	3	0	82	157	0	2	0	0	4	0	116	108	0	3	0	
0	0	0	2	1	2	3	2	0	0	2	0	10	1	0	0	0	3	0	82	225	98	116	51	3	0	66	213	89	13	127	94	0	13	195	45	0	113	107	0	0	83	205	113	170	82	0	1	0	21	121	83	11	0	2	0	0	0	0	0	1	3	0	0	
0	0	2	0	0	0	1	0	0	2	0	104	135	94	11	0	3	0	122	170	66	131	133	0	0	57	206	10	0	0	142	34	0	121	102	0	9	0	145	52	0	89	158	0	0	70	180	4	0	4	157	183	142	131	33	0	0	0	2	28	18	0	1	0	
0	0	0	1	1	0	0	0	0	0	2	0	67	135	0	2	0	0	0	0	210	107	0	4	0	3	0	80	239	14	0	1	1	0	4	219	145	0	3	0	4	0	106	229	10	0	1	0	3	0	141	115	0	3	0	0	0	0	0	1	1	0	0	0	
0	0	0	0	0	0	0	0	0	3	0	90	57	0	2	0	0	4	0	127	90	0	3	0	0	3	0	106	93	0	3	0	0	3	0	81	136	0	4	0	0	3	0	85	189	0	2	0	0	2	0	49	144	0	1	0	0	0	0	0	0	0	0	0	
0	0	0	0	0	2	0	0	0	1	0	19	134	197	105	0	0	3	0	113	115	132	141	0	0	1	1	0	0	184	43	0	1	0	69	123	166	147	0	3	0	82	203	219	218	8	0	1	0	109	185	84	70	14	0	0	0	0	0	0	0	0	0	0	
0	0	18	1	1	2	1	0	0	16	141	0	0	5	2	0	0	28	168	0	13	171	90	0	0	28	168	0	108	123	87	0	0	2	170	36	111	101	41	0	3	0	75	173	207	143	0	1	0	1	0	43	90	32	0	1	0	0	2	0	0	1	0	0	
0	0	0	0	0	0	0	0	2	0	78	127	99	140	33	0	1	0	39	67	156	230	32	0	0	3	0	103	248	49	0	2	1	0	21	151	125	160	0	0	0	113	32	0	19	164	3	0	0	58	166	110	163	108	0	3	1	0	15	64	41	0	0	0	
0	1	2	3	4	1	0	0	0	0	0	0	0	5	1	0	0	109	179	169	133	173	14	0	0	18	41	59	200	139	0	4	0	1	0	5	196	45	0	2	0	2	0	46	201	2	0	0	0	2	0	62	219	3	0	1	0	1	0	18	143	8	0	1	
0	0	1	0	1	1	0	0	0	2	0	60	6	47	57	0	2	0	50	202	14	190	60	0	0	14	194	49	98	136	0	4	0	126	243	147	240	124	40	7	0	39	46	160	153	70	77	6	0	0	0	159	30	0	1	0	0	1	4	24	3	3	3	0	
0	0	0	0	1	1	0	0	0	0	1	0	45	102	0	2	0	0	3	0	144	93	0	3	0	1	0	29	174	6	0	1	0	3	0	140	107	0	3	0	1	0	9	176	34	0	1	0	1	0	7	145	72	0	1	0	0	0	0	1	1	0	0	0	
0	0	1	1	0	0	8	2	0	2	0	45	131	118	117	4	1	0	1	170	83	39	10	0	2	0	60	214	127	21	0	1	0	6	8	3	72	150	0	2	0	76	56	0	84	157	0	1	0	44	159	143	127	16	0	1	0	0	9	11	0	1	0	0	
0	0	0	6	9	0	0	0	0	54	130	158	217	56	0	2	0	104	102	0	179	105	0	4	0	2	0	38	212	23	0	2	1	0	18	209	123	0	20	0	0	32	234	255	207	209	219	28	0	22	81	32	55	97	93	18	0	0	0	0	0	0	0	0	
0	0	0	6	27	0	2	0	0	3	0	102	136	0	3	1	1	0	27	208	34	16	39	0	2	0	155	120	43	108	150	72	0	51	204	159	60	0	135	74	0	23	173	217	129	147	76	0	0	0	0	14	25	4	0	1	0	1	3	0	0	1	2	0	
0	1	0	42	9	0	0	0	0	1	0	129	19	0	2	0	1	0	28	143	0	6	0	0	2	0	50	189	131	130	18	0	2	0	54	228	0	100	81	0	1	0	3	160	123	152	24	0	0	0	0	8	67	32	0	1	0	0	1	1	0	1	1	0	
0	0	1	0	1	2	1	0	0	0	15	42	0	1	0	0	3	0	147	235	128	176	65	0	0	91	219	23	37	219	42	0	0	61	57	0	132	134	0	3	0	1	0	34	217	30	0	1	1	0	12	208	66	0	2	0	1	0	12	90	5	0	0	0	
0	0	1	1	1	1	0	0	0	1	0	131	138	0	0	0	3	0	82	125	92	104	0	3	2	0	165	43	130	100	0	4	3	0	94	199	137	131	3	0	2	0	152	66	0	192	54	0	2	0	98	151	139	81	0	1	0	0	0	11	4	0	0	0	
0	0	1	0	0	0	0	0	0	0	4	87	153	132	11	0	4	0	150	172	104	236	31	0	3	0	104	164	133	75	0	2	0	2	0	177	244	38	0	2	3	0	94	117	48	171	0	2	3	0	124	148	163	85	0	2	0	0	8	63	23	0	1	0	
0	1	3	3	2	2	1	0	0	0	0	0	0	0	1	1	0	16	73	87	70	56	19	0	0	47	51	27	29	33	110	32	0	1	54	76	90	115	122	15	0	27	155	83	78	55	9	0	0	0	23	24	1	0	1	1	0	0	0	0	1	2	0	0	
0	0	3	1	0	0	0	0	0	1	0	7	27	41	16	0	0	6	101	150	83	114	169	0	0	144	113	0	8	157	88	0	0	148	129	104	168	172	0	2	0	7	44	13	75	150	0	3	0	1	4	0	107	147	0	4	0	0	2	0	16	19	0	1	
0	1	1	0	1	1	0	0	1	0	36	66	11	0	1	0	0	7	184	180	157	10	0	1	0	20	180	0	142	117	0	4	3	0	121	189	232	167	0	3	0	0	6	87	66	184	39	0	0	0	1	4	0	133	114	0	0	0	0	4	0	16	37	0	
0	0	1	3	0	0	1	1	0	1	2	0	55	61	24	0	1	1	0	158	251	151	131	18	2	0	156	159	12	0	144	46	0	100	141	0	4	131	131	0	0	140	155	134	158	96	4	0	0	18	92	66	8	0	2	0	0	0	0	0	1	3	0	0	
0	0	0	1	2	29	2	0	0	0	2	0	63	150	0	1	0	1	0	18	179	36	0	2	0	3	0	118	79	0	3	0	1	0	5	165	152	40	0	2	3	0	67	216	186	64	0	3	0	0	4	100	97	0	0	0	0	0	0	0	0	0	0	0	
0	0	0	0	1	1	1	0	0	0	0	2	0	137	59	0	0	0	4	0	83	212	1	0	0	2	0	27	238	93	0	3	0	1	0	182	175	0	2	0	3	0	132	183	0	3	0	0	0	0	179	89	0	3	0	0	0	0	0	1	1	0	0	0	
0	0	0	0	2	0	0	0	0	19	53	34	0	1	0	0	0	67	140	177	106	0	3	0	0	0	0	0	154	27	0	1	2	0	45	142	204	70	26	5	4	0	99	243	146	136	112	3	0	0	8	17	0	0	0	0	0	0	0	0	4	3	2	0	
0	0	1	0	21	26	0	1	0	1	0	92	212	195	15	0	0	1	0	108	34	167	83	0	0	2	1	0	21	212	37	0	0	4	69	154	198	94	0	3	0	163	214	203	221	75	0	2	6	131	90	1	18	30	0	1	0	0	0	1	1	0	0	0	
0	0	0	2	2	0	0	0	0	5	158	206	185	56	0	2	0	25	147	2	122	121	0	4	1	0	33	151	250	97	0	2	2	0	111	169	62	152	103	0	1	0	106	59	69	210	144	0	2	0	107	214	192	133	5	0	0	0	0	0	0	0	1	0	
0	0	0	0	0	0	0	0	2	0	59	65	7	48	45	0	3	0	78	157	195	196	55	0	1	4	0	54	223	25	0	1	1	0	10	159	165	118	0	3	14	46	2	0	107	153	0	3	11	131	131	131	133	13	0	1	0	0	11	9	0	1	0	0	
0	0	1	3	0	7	50	7	0	0	2	0	77	140	128	22	1	0	1	139	131	0	0	0	3	0	133	113	53	84	12	0	0	29	162	90	95	189	81	0	0	27	195	139	118	152	6	0	2	0	87	146	95	6	0	1	0	0	0	0	0	2	1	0	
0	0	2	1	1	1	0	0	0	1	1	1	0	25	7	0	2	0	63	79	33	193	9	0	0	18	215	45	152	85	0	3	0	84	168	140	240	113	100	14	0	1	0	168	91	25	36	2	1	0	26	119	0	1	0	0	0	0	0	0	2	1	1	0	
0	0	0	0	0	0	0	0	1	0	16	64	74	20	0	1	2	0	43	164	255	62	0	3	0	2	0	59	212	4	0	1	0	4	0	136	145	0	3	0	0	3	0	172	105	0	3	0	0	3	0	183	108	0	3	0	0	1	0	61	44	0	1	0	
0	0	0	2	2	1	0	0	0	0	2	1	0	1	11	0	0	2	0	61	108	127	90	0	3	0	70	198	93	24	0	1	1	0	34	62	83	125	0	0	0	97	59	65	105	81	0	0	0	31	66	69	27	0	0	0	0	0	0	0	0	2	0	0	
0	0	0	0	2	3	0	0	0	70	43	0	0	0	0	0	0	92	147	110	127	100	0	1	0	0	1	1	44	168	0	1	0	3	5	0	104	106	0	4	0	0	1	0	166	37	0	2	0	0	0	0	180	47	0	2	0	0	0	0	66	22	0	1	
0	0	1	2	10	4	0	0	0	1	0	15	156	17	0	1	0	1	0	157	113	0	3	0	4	0	146	142	25	174	122	3	0	46	186	83	166	114	160	13	0	81	208	232	164	117	22	0	1	0	23	50	11	1	1	1	0	1	0	0	0	2	1	0	
0	0	1	1	0	0	1	0	0	1	0	19	92	80	11	0	2	0	42	233	85	86	140	0	3	0	106	149	0	40	147	0	0	6	155	24	0	95	119	0	0	49	143	0	32	165	24	0	0	5	133	96	133	47	0	2	1	0	14	60	14	0	2	0	
0	0	2	1	1	2	0	0	0	1	0	39	25	0	1	0	2	0	49	229	165	180	71	0	0	0	183	71	29	204	16	0	0	3	13	0	169	82	0	3	0	3	0	124	140	0	3	0	2	0	51	198	2	0	0	0	2	0	40	85	0	1	0	0	
0	0	0	2	0	0	0	0	0	0	2	0	94	55	0	2	0	3	0	91	230	20	0	1	2	0	35	224	208	0	0	0	0	0	0	67	205	0	0	0	0	3	0	68	216	0	0	0	0	2	0	65	189	0	1	0	0	0	0	7	21	0	1	0	
0	0	1	1	0	0	0	0	0	1	0	14	103	129	108	25	2	0	34	170	85	156	68	0	2	0	42	173	75	161	25	0	0	0	0	149	235	31	0	2	0	0	153	71	115	86	0	3	0	45	189	98	164	39	0	2	0	0	34	70	33	0	1	0	
0	1	9	1	0	4	3	0	0	20	177	14	0	1	0	0	0	74	179	0	11	153	132	0	0	143	181	0	136	183	213	22	0	161	175	15	236	210	128	0	0	79	248	199	214	231	35	0	0	1	51	32	1	11	4	0	0	1	0	0	1	0	0	0	
0	2	1	0	0	0	1	0	0	0	1	19	22	18	1	0	0	44	102	95	79	133	97	0	0	139	103	22	95	232	67	0	0	13	89	73	124	178	0	1	0	0	2	0	152	66	0	2	0	4	0	92	174	0	2	0	0	3	0	101	96	0	2	0	
0	0	0	0	0	0	0	0	2	0	29	176	148	9	0	1	2	0	119	64	26	4	0	0	2	0	143	145	136	112	9	0	0	1	43	59	0	92	99	0	0	15	156	38	1	128	78	0	2	0	78	184	168	128	1	0	0	0	0	2	3	0	0	0	
0	0	1	3	0	1	2	0	0	1	2	0	36	27	0	2	1	0	7	133	243	208	25	0	0	6	178	122	55	132	172	20	0	126	105	0	2	2	167	39	0	120	167	119	126	167	69	0	0	3	67	65	38	9	0	1	0	1	0	0	0	1	2	0	
0	0	0	0	0	0	1	0	1	0	14	114	133	59	0	2	1	1	6	13	16	156	57	0	0	1	0	18	43	150	61	0	2	75	158	213	136	175	40	0	42	107	95	111	117	85	7	0	0	48	84	62	15	0	1	0	0	0	0	0	1	3	1	0	
0	0	0	0	2	0	0	0	0	0	0	0	3	124	40	0	0	0	4	0	82	248	32	0	0	2	0	27	239	100	0	3	1	0	0	201	184	0	1	0	2	0	164	198	3	0	1	0	0	47	223	18	0	2	0	0	0	14	38	1	1	0	0	0	
0	2	1	0	0	0	0	0	1	0	21	110	134	21	0	1	0	73	185	61	150	98	0	3	0	67	37	52	218	100	0	2	2	0	44	157	66	146	72	0	2	0	67	61	0	131	106	0	2	0	35	182	165	138	0	0	0	1	0	21	57	4	0	0	
0	0	0	0	14	10	0	0	0	0	1	98	213	201	33	0	2	0	33	149	25	201	86	0	1	0	2	23	81	212	37	0	0	54	130	187	255	204	0	0	87	239	160	182	73	178	60	0	41	103	88	22	0	20	16	0	0	0	0	1	3	1	0	0	
0	0	3	2	0	1	0	0	0	0	0	2	15	3	0	0	0	2	110	169	177	119	0	3	0	12	87	35	15	195	14	0	0	0	0	0	109	176	1	0	1	0	5	156	148	10	0	1	3	0	81	130	0	3	0	0	2	0	74	48	0	3	0	0	
0	0	0	0	0	0	0	0	0	51	150	154	109	107	35	0	0	21	63	64	167	239	40	0	1	2	0	123	252	74	0	3	2	0	122	209	114	174	69	0	21	46	0	0	47	186	55	0	42	188	128	142	152	46	0	2	0	27	65	23	0	1	1	0	
0	0	0	0	26	5	0	0	0	1	0	8	223	79	0	3	0	0	5	0	168	164	0	4	0	1	4	0	150	135	0	4	2	0	55	116	207	42	0	2	0	73	188	228	234	12	0	1	0	96	31	85	107	13	0	1	0	0	1	1	0	0	0	0	
0	0	1	1	1	1	0	0	0	1	1	4	0	84	38	0	1	0	17	143	41	202	21	0	0	0	167	76	147	115	0	4	0	64	236	141	240	129	119	59	0	7	23	197	139	25	37	7	1	0	10	149	15	0	1	0	0	0	3	6	1	2	1	0	
0	3	3	0	1	1	0	0	0	0	0	12	40	0	1	0	0	106	194	245	235	18	0	1	0	149	193	151	235	49	0	0	0	4	0	120	255	255	118	0	0	3	0	67	221	78	23	0	0	1	0	18	185	7	0	1	0	0	0	6	69	8	0	0	
0	0	1	0	2	0	0	0	0	1	4	12	0	11	7	0	2	0	150	204	143	200	130	0	0	104	202	22	21	110	153	0	13	170	33	0	0	182	75	0	1	4	4	0	126	165	0	2	0	3	0	98	189	5	0	1	0	2	0	110	75	0	3	0	
0	0	1	0	0	0	0	0	0	1	0	107	120	4	0	1	2	0	73	147	86	104	0	3	2	0	121	35	84	65	0	2	1	0	0	125	175	0	1	0	0	1	0	98	121	45	0	2	0	0	3	136	118	10	0	1	0	1	0	31	24	0	1	0	
0	0	2	0	0	0	0	0	0	1	0	54	119	135	30	0	3	0	117	155	56	182	42	0	3	0	102	126	31	145	1	0	0	3	0	122	244	33	0	2	2	0	41	136	177	16	0	1	3	0	82	171	149	7	0	0	0	0	0	54	31	0	1	0	
0	0	0	0	4	2	0	0	0	0	3	119	178	74	0	3	2	0	50	166	0	3	0	0	4	0	109	111	70	89	0	0	4	0	119	215	109	185	27	0	1	0	26	14	63	161	0	1	2	0	55	151	165	24	0	1	0	0	0	9	2	0	0	0	
0	1	3	0	0	0	0	0	0	1	0	25	70	43	0	0	0	7	119	113	65	151	35	0	0	104	82	0	24	187	15	0	0	119	85	49	134	148	0	4	0	17	82	40	105	113	0	4	0	0	4	0	121	100	0	4	0	1	5	0	51	32	0	1	
0	0	0	1	0	0	0	0	0	0	1	0	47	120	165	80	0	3	0	76	232	150	108	46	2	0	46	235	55	0	2	0	3	0	85	225	105	0	6	2	1	0	146	213	144	0	3	0	0	3	216	149	0	0	0	0	0	1	28	3	0	0	0	0	
0	0	0	1	0	0	0	0	0	1	0	15	108	164	47	0	0	2	0	177	255	234	148	0	1	0	20	240	163	42	203	7	0	0	184	170	0	193	134	0	0	103	247	106	231	163	0	1	0	124	255	208	96	1	1	1	0	7	47	12	0	3	1	0	
0	0	0	0	0	0	0	0	1	0	34	89	102	9	0	1	0	0	48	23	115	12	0	0	1	0	0	133	123	0	0	0	2	0	81	96	99	136	0	2	0	0	1	0	30	123	0	2	2	0	54	92	102	34	0	1	1	0	26	56	12	0	1	0	
0	0	2	3	0	0	0	0	0	1	1	0	4	6	4	0	2	0	37	166	177	212	141	0	0	14	218	139	0	185	130	0	0	127	139	0	62	212	17	0	0	16	0	26	227	67	0	2	0	2	0	170	122	0	4	0	1	0	17	137	7	0	0	0	
0	0	0	6	7	0	0	0	0	5	99	90	113	32	0	1	0	8	61	45	190	61	0	2	0	12	147	162	105	84	55	0	0	10	57	0	0	3	140	15	0	66	160	8	46	134	85	0	1	0	95	162	117	53	0	1	0	0	0	2	0	0	2	0	
0	0	1	2	0	5	1	0	0	1	1	0	142	160	2	0	1	0	7	186	255	124	3	0	3	0	129	216	40	158	133	0	0	26	218	45	0	47	171	0	0	105	204	1	47	176	106	0	0	34	189	187	186	109	0	0	0	0	1	4	1	0	1	0	
0	2	2	0	0	0	0	0	0	0	4	61	133	114	1	0	0	44	181	169	151	215	5	0	0	85	64	0	155	111	0	3	0	3	0	118	164	0	4	0	2	0	49	199	84	115	0	0	4	0	93	239	161	34	0	2	0	0	6	39	6	0	1	0	
0	0	2	1	0	1	1	0	0	3	0	39	51	2	0	1	2	0	50	231	144	170	170	4	0	38	207	80	0	195	105	0	0	70	75	0	126	168	0	2	0	3	0	78	197	6	0	1	2	0	46	211	44	0	2	0	2	0	73	78	0	3	0	0	
0	2	1	0	2	2	0	0	0	0	12	13	0	0	0	0	0	67	215	173	184	102	0	3	0	188	111	14	221	165	0	4	0	92	191	163	212	130	0	4	0	0	17	0	91	180	0	3	0	2	2	0	38	237	46	0	0	0	1	0	0	145	39	0	
0	0	2	1	0	0	0	0	0	1	0	45	139	118	8	0	3	0	79	163	56	197	42	0	3	0	109	132	109	116	0	2	1	0	9	217	219	4	0	1	4	0	132	79	139	85	0	3	3	0	119	148	174	42	0	2	1	0	11	67	27	0	1	0	
0	0	0	0	0	0	0	0	0	0	0	12	93	0	0	0	0	1	0	28	175	1	0	0	0	2	0	67	151	0	3	0	0	3	0	110	104	0	3	0	0	2	0	154	45	0	2	0	1	0	22	120	0	0	0	0	0	0	2	2	0	0	0	0	
0	0	0	1	3	2	0	0	0	21	49	0	0	0	16	1	0	20	162	149	137	200	113	0	0	2	0	35	195	96	0	2	0	3	0	120	176	126	46	0	0	95	19	26	35	186	66	0	0	108	136	119	99	41	0	1	0	0	2	1	0	0	1	0	
0	0	0	0	0	0	0	0	0	0	39	70	37	0	0	0	0	11	109	110	198	13	0	1	0	3	0	118	94	0	1	0	0	1	0	54	130	128	8	0	0	0	2	0	62	167	0	0	1	0	20	84	154	21	0	1	2	0	56	85	11	0	1	0	
0	0	1	3	0	0	0	0	0	1	2	0	137	135	35	0	1	0	0	160	190	85	165	18	3	0	108	204	10	0	150	44	0	15	209	80	0	127	124	0	0	24	234	114	148	148	1	0	0	1	113	174	64	0	3	0	0	0	0	0	0	2	1	0	
0	0	0	0	0	0	0	0	0	2	0	43	133	0	0	0	0	3	0	69	205	0	0	0	0	2	0	65	189	0	1	0	0	3	0	71	192	0	1	0	0	4	0	111	218	0	0	0	0	2	0	64	142	0	1	0	0	0	0	0	0	0	0	0	
0	0	1	3	0	0	1	0	0	1	2	0	80	105	9	0	1	0	7	139	225	239	40	0	0	8	185	199	5	27	194	18	0	99	229	3	0	111	169	0	0	104	239	131	183	155	7	0	0	30	114	105	33	0	2	1	0	0	0	0	0	3	1	0	
0	0	0	1	0	2	0	0	0	1	0	31	115	7	0	1	0	4	0	125	157	80	2	0	0	0	0	194	163	170	0	1	0	0	8	23	147	99	0	3	0	2	0	80	181	0	0	0	1	0	117	162	16	0	1	0	0	1	40	7	0	1	0	0	
0	0	1	1	0	0	5	0	0	2	0	81	113	95	118	0	2	0	48	164	128	110	15	0	4	0	154	167	57	28	0	1	2	0	47	123	80	173	16	0	0	93	63	17	98	173	1	0	0	58	128	144	150	32	0	2	0	0	0	0	0	1	0	0	
0	0	0	10	15	0	0	0	2	0	69	109	98	71	0	2	0	0	101	13	2	126	5	0	0	0	0	6	0	89	18	0	1	0	64	96	88	112	11	0	0	21	119	0	73	185	0	0	0	1	80	100	90	25	0	0	0	0	1	12	2	0	0	0	
0	0	0	2	0	0	0	0	0	0	0	8	100	129	104	0	0	2	0	115	118	50	25	0	2	0	42	223	155	73	0	2	0	0	8	20	8	175	23	0	2	112	22	11	97	138	2	0	0	96	103	111	80	4	0	0	0	0	0	0	0	1	0	0	
0	0	2	0	0	0	0	0	0	2	0	58	150	73	4	0	3	0	91	167	129	209	10	0	0	12	181	22	0	157	57	0	0	39	165	0	0	117	58	0	0	66	198	0	9	136	12	0	0	4	126	174	140	54	0	2	0	0	0	43	27	0	1	0	
0	0	3	0	0	1	4	0	2	0	119	175	161	210	92	0	0	0	5	21	201	121	0	1	1	0	39	156	190	0	0	1	1	0	116	132	173	124	0	2	12	80	13	0	17	210	33	0	11	148	161	130	164	120	0	1	0	0	5	14	8	0	0	0	
0	0	0	1	0	0	0	0	0	1	0	33	163	36	0	2	0	3	0	159	129	0	3	0	1	0	11	209	114	8	0	1	3	0	69	154	45	138	0	3	2	0	54	150	149	129	0	4	0	2	0	134	182	5	0	1	0	0	0	0	0	1	0	0	
0	0	0	0	0	0	0	0	0	1	37	83	139	86	20	0	3	0	89	169	49	152	15	0	2	0	41	159	172	76	0	2	0	2	0	134	206	34	0	2	3	0	76	93	58	104	0	4	4	0	92	123	131	33	0	1	0	0	6	53	20	0	1	0	
0	0	0	0	0	0	0	0	0	0	4	85	44	25	0	1	1	0	19	223	200	107	0	1	1	0	14	209	187	36	0	2	0	2	2	42	95	157	0	1	0	10	115	7	50	206	3	0	2	0	53	162	200	92	0	3	0	1	0	19	30	0	1	0	
0	0	1	1	0	0	0	0	0	1	0	21	72	64	14	0	2	0	58	173	116	195	31	0	2	0	57	155	113	120	0	2	0	3	0	160	224	5	0	1	2	0	49	123	86	101	0	3	3	0	72	110	99	89	0	3	0	0	2	89	79	1	0	0	
0	0	0	0	0	0	0	0	0	0	4	0	25	31	0	1	2	0	99	14	74	71	0	3	1	0	136	11	125	109	0	3	2	0	100	129	175	79	0	3	0	0	5	0	89	88	0	3	0	0	2	0	31	107	0	2	0	0	0	0	0	18	1	0	
0	0	0	0	1	0	0	0	0	0	3	0	108	89	0	3	0	0	0	0	183	58	0	2	0	1	0	33	193	4	0	1	0	3	0	108	155	0	4	0	1	0	0	192	75	0	2	0	1	0	18	168	16	0	1	0	0	0	0	0	1	0	0	0	
0	0	0	0	0	0	0	0	0	0	4	28	35	57	3	0	1	0	31	186	99	79	10	0	2	0	51	158	94	21	0	1	2	0	34	155	73	120	0	2	0	0	1	0	28	120	0	2	0	1	0	12	131	62	0	2	0	1	0	57	58	0	1	0	
0	0	1	1	1	1	2	0	0	0	1	5	4	10	4	12	1	0	34	92	73	100	84	57	1	0	116	49	104	90	103	0	0	53	178	110	195	87	26	0	0	18	42	177	93	26	1	0	0	0	1	61	4	0	1	0	0	1	2	1	2	1	0	0	
0	2	2	0	0	3	1	0	0	0	3	29	26	0	0	0	0	48	158	150	130	118	6	0	0	184	61	0	1	224	69	0	0	77	143	116	103	209	36	0	0	0	10	38	12	132	34	0	0	2	1	3	0	109	62	0	0	0	0	3	0	62	55	0	
0	0	2	0	40	14	0	0	0	3	0	66	180	3	0	1	1	0	27	207	40	6	18	0	1	0	172	91	98	123	129	36	0	90	127	101	93	10	146	38	0	109	209	204	123	158	53	0	0	1	70	113	61	2	0	1	0	1	0	0	0	1	2	0	
0	0	3	2	1	3	0	0	0	0	0	0	0	0	0	0	0	10	133	156	151	128	10	0	0	7	58	43	12	165	30	0	0	0	3	0	82	133	0	3	0	2	0	40	167	17	0	1	1	0	14	151	29	0	1	0	3	0	114	81	0	3	0	0	
0	0	0	0	0	0	0	0	0	0	2	0	77	42	0	2	0	0	3	0	175	95	0	4	0	1	0	22	213	35	0	2	0	3	0	143	149	0	3	0	2	0	42	194	22	0	1	0	4	0	124	118	0	4	0	0	0	0	12	19	0	0	0	0	
0	0	2	1	0	1	1	0	0	2	0	67	154	34	0	2	3	0	60	217	126	175	8	0	4	0	145	113	0	141	58	0	3	0	150	52	0	127	42	0	2	0	133	24	26	195	13	0	3	0	60	176	210	101	0	3	0	0	0	49	35	0	1	0	
0	0	1	0	0	0	0	0	0	0	0	87	157	50	0	1	3	0	166	149	43	219	139	0	2	0	79	140	95	193	68	0	1	0	26	182	212	11	0	1	0	14	158	16	135	14	0	0	0	16	129	111	148	0	0	0	1	0	33	72	17	0	1	0	
0	0	0	1	1	0	0	0	0	0	1	0	30	163	12	0	0	1	0	3	209	200	0	1	0	3	0	102	239	42	0	2	1	0	4	231	139	0	4	0	3	0	108	243	31	0	1	0	3	0	156	148	0	3	0	0	0	0	0	1	2	0	0	0	
0	0	1	0	0	0	0	0	0	1	0	49	111	113	85	20	0	1	0	191	252	204	233	42	3	0	125	226	15	64	171	0	0	16	244	130	0	205	89	0	0	80	235	114	212	156	0	1	0	49	221	197	93	0	1	0	0	0	14	10	0	3	1	0	
0	0	0	0	0	0	0	0	2	0	117	177	102	0	0	0	0	47	155	53	191	56	0	2	0	5	6	0	160	70	0	3	0	2	0	55	178	0	0	0	1	0	24	205	101	8	16	0	3	0	77	206	155	148	96	0	0	0	0	0	0	0	0	0	
0	0	0	0	0	0	0	0	0	23	19	9	134	168	14	0	0	34	17	143	255	203	17	0	0	0	3	39	131	136	0	4	1	0	29	100	242	100	0	3	0	73	205	233	133	182	46	0	0	146	187	49	0	13	10	0	0	0	0	0	4	1	0	0	
0	0	0	0	12	3	0	0	0	2	0	69	125	87	0	2	1	0	21	110	0	107	2	0	0	0	7	105	38	116	0	0	0	3	0	73	196	36	0	2	1	0	22	94	122	40	0	2	2	0	60	128	81	2	0	0	0	0	0	11	2	0	0	0	
0	0	1	4	4	4	1	0	0	0	1	0	0	0	0	0	1	0	14	100	121	171	70	0	1	0	172	255	205	253	69	0	0	34	195	10	52	175	0	1	0	70	68	0	159	82	0	3	0	1	0	23	165	8	0	0	0	3	0	66	113	0	3	0	
0	0	0	1	71	13	0	1	0	2	0	50	101	0	2	0	0	1	0	97	24	0	0	0	1	0	22	144	91	81	5	0	3	0	65	148	0	109	59	0	2	0	59	109	84	99	0	0	0	0	2	65	56	0	0	0	0	0	0	0	0	2	0	0	
0	0	0	0	0	0	0	0	0	6	34	15	35	64	42	0	0	53	239	232	237	255	86	0	0	11	24	54	224	123	0	2	1	0	4	153	149	151	27	0	0	61	62	0	0	160	76	0	0	165	152	73	133	113	0	0	0	20	101	100	21	0	1	0	
0	0	0	0	0	0	0	0	0	0	1	0	53	38	0	1	0	0	3	0	173	63	0	2	0	0	0	12	137	4	0	0	0	2	0	77	121	0	3	0	0	2	0	167	58	0	2	0	0	0	4	138	10	0	0	0	0	0	1	12	0	0	0	0	
0	0	1	4	1	0	0	0	0	0	1	0	9	13	0	0	0	0	0	118	163	162	0	0	0	0	203	218	199	199	2	0	0	0	130	99	165	96	0	3	0	0	0	7	139	10	0	0	0	3	0	81	121	0	3	0	0	2	0	80	50	0	2	0	
0	0	0	0	0	0	0	0	0	0	1	0	88	18	0	1	0	0	0	2	117	6	0	0	0	1	0	27	96	0	2	0	0	3	0	76	60	0	2	0	0	2	0	116	23	0	1	0	0	0	10	91	0	0	0	0	0	0	1	2	0	0	0	0	
0	0	2	2	0	1	0	0	0	0	1	1	0	28	20	0	3	0	76	99	0	201	56	0	2	0	159	39	47	138	0	3	0	78	207	91	187	167	105	22	0	81	89	118	173	49	50	2	0	2	0	78	55	0	2	0	0	2	4	2	1	3	2	0	
0	0	1	0	0	1	1	0	0	1	0	116	205	57	0	2	2	0	146	244	182	211	26	0	0	24	244	69	0	217	60	0	0	36	232	20	16	239	54	0	0	6	218	125	166	255	32	0	2	0	52	184	193	66	0	2	0	0	1	0	0	0	0	0	
0	0	0	0	1	0	0	0	0	0	2	0	59	58	0	2	0	0	0	0	209	161	0	4	0	2	0	33	241	56	0	3	0	4	0	123	198	0	0	1	1	0	8	200	56	0	2	0	3	0	79	141	0	4	0	0	1	0	19	15	0	0	0	0	
0	0	1	0	0	0	0	0	0	0	6	11	25	101	109	7	0	0	144	92	114	94	44	0	2	0	123	135	4	0	1	0	0	1	0	119	140	0	3	0	0	10	62	0	141	36	0	1	0	1	138	152	148	7	0	1	1	0	15	66	19	0	1	0	
0	0	1	3	0	0	0	0	0	0	1	0	47	197	39	0	1	0	22	153	211	237	65	0	3	0	83	145	18	164	31	0	0	15	84	86	235	170	0	3	0	121	85	127	178	138	19	0	7	112	131	105	0	6	5	0	0	5	12	0	3	2	0	0	
0	0	0	0	0	0	0	0	0	27	101	94	6	0	0	0	0	60	26	114	24	0	2	0	1	0	34	150	75	42	0	0	1	0	32	29	27	104	56	0	0	0	1	3	0	56	100	0	1	0	27	92	80	116	24	0	0	0	0	22	49	12	0	1	
0	0	0	1	3	0	0	0	0	0	4	36	0	36	59	0	1	0	23	207	159	212	141	0	3	0	100	100	35	21	0	1	3	0	169	146	60	0	3	0	1	0	34	71	186	62	0	3	0	2	3	28	169	47	0	2	0	1	57	119	67	0	2	0	
0	0	0	0	0	0	0	0	0	0	0	1	79	7	0	0	0	1	0	17	168	3	0	0	0	1	0	26	109	0	2	0	0	2	0	65	107	0	3	0	0	3	0	83	66	0	2	0	0	3	0	85	48	0	2	0	0	0	0	12	9	0	0	0	
0	2	1	0	0	0	1	0	1	0	8	81	149	64	0	2	0	38	165	114	96	190	51	0	2	160	33	0	0	88	192	0	1	152	147	142	176	243	139	0	0	15	57	59	122	203	11	0	0	1	2	0	136	80	0	3	0	1	1	8	46	3	1	0	
0	0	1	2	0	1	0	0	0	0	0	7	16	0	0	0	1	0	11	144	183	27	0	1	2	0	58	164	154	70	0	3	0	1	0	116	192	0	0	1	0	3	0	78	121	0	4	0	0	3	0	143	58	0	2	0	0	0	3	95	6	0	0	0	
0	0	3	2	0	0	0	0	0	0	1	0	40	81	16	0	1	0	52	160	191	255	87	0	0	6	204	73	20	166	10	0	1	0	58	146	182	59	0	2	0	1	0	135	178	36	0	2	3	0	80	122	114	85	0	3	1	0	25	96	97	3	0	0	
0	0	3	2	0	0	0	0	0	9	154	159	144	53	0	1	0	8	35	1	39	206	36	0	2	0	154	188	181	162	0	0	1	0	45	86	119	174	7	0	0	14	93	0	53	229	26	0	1	0	95	174	192	80	0	2	0	0	0	4	1	0	0	0	
0	2	2	0	0	1	1	0	0	0	0	16	36	16	0	0	0	49	157	149	122	188	32	0	0	178	53	0	10	234	146	0	0	134	167	130	173	255	78	0	0	0	54	31	103	190	0	1	0	2	0	2	186	63	0	2	0	2	0	66	135	0	2	0	
0	0	0	0	1	0	0	0	1	0	34	124	33	0	1	0	1	0	127	65	102	0	0	0	2	0	104	83	126	107	0	2	0	0	1	68	178	81	0	1	0	0	11	62	164	38	0	1	1	0	24	164	140	24	0	1	0	1	0	20	14	0	0	0	
0	0	0	1	0	0	0	0	0	1	0	16	107	119	105	0	0	3	0	115	104	35	49	0	2	0	44	190	73	43	0	1	1	0	31	134	95	189	39	0	0	140	82	0	94	138	0	1	0	62	104	86	87	9	0	1	0	0	0	0	0	2	0	0	
0	0	0	0	0	0	0	0	0	0	0	64	108	3	0	0	4	0	98	212	68	3	0	0	2	0	43	185	33	0	2	0	0	1	0	41	174	27	0	1	0	0	5	0	135	109	0	4	0	1	0	90	172	35	0	2	0	0	0	37	15	0	1	0	
0	0	1	0	1	0	18	8	0	0	2	4	0	46	156	5	3	0	109	51	0	169	85	0	0	13	184	7	58	167	0	2	0	103	218	67	185	180	103	12	0	48	116	160	202	58	31	0	0	1	0	44	50	0	1	0	0	2	5	2	1	3	1	0	
0	0	0	0	0	0	0	0	0	0	0	71	8	0	0	0	0	3	0	142	43	0	1	0	0	4	0	114	95	0	3	0	0	2	0	53	144	0	2	0	0	0	0	0	145	31	0	1	0	0	4	0	106	61	0	2	0	0	0	0	12	5	0	0	
0	0	0	0	0	0	0	0	0	18	55	70	85	63	2	0	0	69	206	151	224	183	0	2	0	0	0	73	212	48	0	2	3	0	77	171	190	150	0	1	0	1	6	0	23	212	22	0	0	128	65	1	119	148	0	2	0	91	51	66	110	19	0	1	
0	0	0	0	0	0	0	0	0	0	54	130	107	9	0	1	0	39	211	67	23	3	0	0	0	20	177	91	119	82	0	1	1	0	59	100	49	178	68	0	0	0	1	0	11	180	35	0	2	0	36	110	170	87	0	3	0	0	5	42	31	0	1	0	
0	0	2	2	0	0	1	0	0	3	0	17	182	187	0	0	2	0	34	228	165	166	114	0	0	26	232	138	0	36	188	3	0	157	137	0	0	145	160	0	0	209	136	95	177	171	23	0	0	73	178	142	66	0	2	0	0	0	0	0	0	3	1	0	
0	0	3	0	0	1	0	0	0	0	0	13	30	2	0	0	0	0	100	124	130	62	0	3	0	62	109	0	40	124	0	3	0	15	89	48	127	132	0	3	1	0	15	34	142	49	0	2	0	1	2	0	120	23	0	1	0	0	0	7	91	2	0	0	
0	0	0	0	2	4	1	0	0	39	43	2	0	0	0	0	0	98	209	185	169	173	33	0	0	1	0	55	196	159	9	0	2	0	82	248	194	6	0	1	1	0	50	53	121	161	0	4	2	7	0	28	142	122	0	4	1	0	25	75	79	2	0	0	
0	0	0	0	0	1	0	0	1	0	68	11	0	3	3	0	1	0	129	15	0	72	33	0	0	0	113	33	55	124	5	0	2	0	109	137	101	132	0	2	0	0	1	0	14	101	0	2	0	0	1	0	10	125	12	0	0	0	0	1	0	28	8	0	
0	0	0	0	0	0	0	0	2	0	84	143	113	150	21	0	1	0	49	66	169	197	6	0	2	4	0	64	215	34	0	2	2	0	31	214	152	175	61	0	68	73	0	2	0	174	64	0	31	137	133	95	151	115	0	2	0	0	41	68	42	0	1	0	
0	0	2	0	1	2	0	0	1	0	20	73	24	0	1	0	1	0	124	80	29	37	0	1	0	31	142	0	130	138	0	4	0	0	109	125	118	100	0	2	0	0	9	37	4	136	11	0	0	0	2	3	0	121	77	0	0	0	0	2	0	30	48	0	
0	0	1	0	0	1	0	0	1	0	15	11	0	2	0	0	1	0	164	64	0	81	108	0	0	130	121	0	5	179	51	0	0	161	173	143	199	237	115	0	0	3	25	133	180	31	17	0	0	2	0	25	11	0	0	0	0	0	2	0	2	2	1	0	
0	0	0	11	3	0	1	0	0	4	0	136	121	0	2	0	1	0	16	196	187	119	0	2	2	0	170	126	0	180	41	0	0	0	193	42	0	211	42	0	4	0	154	162	170	152	0	2	1	0	19	134	109	0	0	0	0	0	0	0	0	2	0	0	
0	0	2	1	0	0	1	0	0	2	0	30	72	22	0	1	2	0	47	239	209	220	94	0	0	22	228	134	0	207	101	0	0	112	151	0	98	196	0	0	0	8	0	23	217	52	0	2	1	0	16	203	125	0	4	0	2	0	50	102	0	1	0	0	
0	0	2	0	0	0	1	1	0	0	0	50	76	117	55	0	3	0	99	254	123	21	132	33	0	24	166	85	0	0	78	96	0	81	102	0	11	0	85	80	0	87	105	0	0	46	110	1	0	21	154	92	106	112	12	0	1	0	20	63	49	2	1	1	
0	0	0	0	0	0	0	0	0	0	0	0	2	118	33	0	0	0	4	0	112	214	4	0	0	1	0	12	219	76	0	3	0	3	0	147	186	0	2	0	3	0	68	229	24	0	1	0	1	0	175	108	0	18	0	0	0	2	34	2	1	11	0	0	
0	0	0	0	0	0	0	0	0	1	0	17	55	52	1	0	0	2	0	38	225	141	0	1	0	2	0	59	148	0	1	0	0	3	0	158	81	0	3	0	0	0	0	186	34	0	1	0	0	0	0	187	30	0	1	0	0	0	0	89	27	0	1	0	
0	0	0	0	0	0	0	0	0	1	0	68	127	121	11	0	0	0	0	122	79	181	81	0	1	3	1	0	9	170	34	0	1	0	10	86	216	122	0	4	13	151	210	222	151	49	0	2	35	118	87	13	0	1	0	0	0	0	0	1	4	1	0	0	
0	0	0	0	0	0	0	0	0	0	3	65	80	37	0	1	1	0	35	127	160	146	0	4	0	1	0	49	119	4	0	1	0	2	0	163	110	23	0	1	0	1	0	19	216	113	0	4	1	0	4	125	101	0	0	0	1	0	30	62	0	2	0	0	
0	0	0	1	1	0	0	0	0	0	3	0	78	151	0	2	0	0	2	0	177	120	0	4	0	2	0	63	237	23	0	2	0	1	0	200	125	0	3	0	3	0	102	200	0	0	0	0	0	0	169	62	0	2	0	0	0	2	3	0	1	0	0	0	
0	0	1	4	1	0	0	0	0	0	2	0	68	119	0	0	1	0	16	100	188	234	23	0	4	0	135	180	26	150	0	0	1	0	22	164	232	69	0	3	1	0	23	157	203	55	0	2	3	0	70	201	134	29	0	1	0	0	0	39	13	0	1	0	
0	0	1	2	0	0	2	0	0	1	1	1	150	88	0	2	1	0	3	167	168	160	108	0	1	0	185	176	0	11	164	8	0	113	168	0	0	99	174	0	0	212	121	97	177	181	26	0	0	74	160	126	65	6	0	1	0	0	0	0	0	2	2	0	
0	0	0	0	0	0	0	0	0	1	0	99	16	0	1	0	0	2	0	116	26	0	1	0	0	4	0	137	61	0	2	0	0	3	0	95	107	0	3	0	0	1	0	31	164	0	0	0	0	0	2	0	115	39	0	1	0	0	0	0	2	1	0	0	
0	0	1	1	74	11	0	0	0	2	0	61	213	7	1	1	1	0	3	214	85	0	3	0	3	0	130	150	26	102	68	0	0	7	202	150	156	158	171	0	0	4	214	255	186	151	25	0	1	0	44	66	31	3	0	0	0	0	0	0	0	2	2	0	
0	1	0	24	31	0	1	0	0	1	0	126	144	16	0	1	1	0	25	87	90	84	0	3	0	0	5	0	79	59	0	2	0	0	0	25	157	46	0	2	3	0	83	188	178	113	9	0	2	0	49	112	10	5	4	0	0	0	0	0	2	2	0	0	
0	0	0	0	2	0	0	0	2	0	48	162	202	98	0	3	2	0	80	98	29	191	24	0	0	2	1	0	9	177	23	0	0	1	21	98	251	230	13	0	0	109	174	198	133	105	66	0	21	198	138	49	0	2	4	0	0	0	0	0	3	3	0	0	
0	1	0	0	0	1	0	0	0	16	15	0	6	2	0	0	0	114	98	0	33	95	0	2	0	158	128	88	152	204	14	0	0	126	218	187	166	184	68	0	0	0	1	2	0	72	115	0	0	1	0	4	0	43	145	0	0	0	0	0	0	9	62	0	
0	0	0	0	0	0	0	0	0	18	126	85	69	80	16	0	0	5	72	125	242	187	11	0	1	2	0	127	229	51	0	2	3	0	106	191	114	180	93	0	6	43	1	0	0	165	64	0	40	182	85	120	168	100	0	2	0	39	62	59	21	0	2	0	
0	1	0	24	9	0	0	0	1	0	16	183	22	0	2	0	4	0	112	115	0	4	0	0	2	0	180	178	184	146	9	0	3	0	187	129	0	123	103	0	3	0	88	182	96	185	69	0	0	1	0	83	152	75	0	1	0	0	1	0	0	0	1	0	
0	0	0	0	0	0	0	0	0	1	0	28	128	95	0	2	2	0	57	169	148	215	7	0	1	0	19	138	156	85	0	1	0	3	0	122	231	39	0	2	3	0	79	89	83	124	0	4	4	0	100	131	120	29	0	1	0	0	7	47	8	0	0	0	
0	1	0	55	22	0	1	0	2	0	35	156	6	0	1	0	3	0	146	75	0	36	13	0	0	25	152	0	123	142	129	7	0	31	141	130	92	0	141	11	2	0	74	202	116	122	85	0	0	0	0	4	65	48	0	1	0	0	3	1	0	0	2	0	
0	2	0	0	0	1	1	0	1	0	26	75	80	25	0	1	0	83	159	82	78	124	25	0	25	167	3	1	0	167	114	0	0	135	121	77	126	248	108	0	0	12	65	88	15	135	102	0	0	1	1	0	13	189	31	0	0	1	4	0	40	81	0	1	
2	3	1	1	2	4	1	0	0	0	0	0	0	0	0	0	86	103	18	31	52	98	18	0	37	167	155	157	119	155	56	0	0	0	0	1	0	126	27	0	1	3	3	0	37	142	0	2	0	0	3	0	90	121	0	4	0	0	3	0	126	66	0	2	
0	0	1	1	0	0	2	1	0	2	0	60	94	85	143	24	2	0	36	172	115	91	37	0	3	0	165	88	0	3	0	0	2	0	78	151	177	57	0	2	0	31	27	0	105	115	0	4	0	60	146	102	134	34	0	1	0	0	1	4	1	0	0	0	
0	0	0	0	0	1	0	0	1	0	23	45	0	2	0	0	2	0	67	49	0	22	0	1	1	0	79	2	33	67	0	1	2	0	87	67	107	102	2	0	0	0	10	49	114	19	0	1	0	0	1	0	65	5	0	0	0	0	0	3	13	0	0	0	
0	0	3	0	65	70	0	2	0	2	0	54	208	53	0	2	1	0	14	204	58	0	3	0	3	0	147	109	44	176	67	0	0	25	185	1	113	62	136	0	0	12	183	152	185	174	53	0	1	0	22	85	55	19	0	1	0	1	1	0	0	1	2	0	
0	0	0	0	0	0	0	0	1	0	10	113	138	120	14	0	3	0	66	147	24	66	10	0	4	0	100	103	48	21	0	1	4	0	90	185	98	154	12	0	0	0	3	0	9	163	14	0	2	0	65	112	149	77	0	2	0	0	4	54	33	0	1	0	
0	0	2	0	54	45	0	2	0	1	0	32	199	38	0	2	0	2	0	170	99	0	3	0	3	0	69	173	66	151	11	0	4	0	143	125	108	139	76	0	3	0	94	216	192	151	19	0	0	0	1	61	59	8	0	0	0	0	1	0	0	2	1	0	
0	0	0	0	1	0	0	0	0	0	2	102	11	0	0	0	0	3	0	159	66	0	2	0	0	4	0	126	118	0	4	0	0	3	0	87	133	0	4	0	0	2	0	46	164	0	2	0	0	1	0	29	170	0	0	0	0	0	0	5	33	1	0	0	
0	0	1	1	0	0	0	0	0	0	1	9	7	9	0	0	3	0	60	215	145	190	22	0	3	0	130	80	14	179	10	0	0	0	13	0	129	113	0	3	0	1	0	35	179	6	0	1	0	2	0	147	85	0	3	0	1	0	26	128	0	1	0	0	
0	0	0	1	1	0	0	0	0	2	0	44	66	0	2	0	0	2	0	45	111	0	3	0	0	1	0	36	127	0	2	0	0	0	0	12	124	0	0	0	0	1	0	35	157	0	1	0	0	2	0	64	97	0	3	0	0	0	0	1	0	0	0	0	
0	0	0	2	1	0	0	0	0	0	0	0	3	53	15	0	0	1	0	59	190	255	45	0	0	0	2	59	205	154	0	2	0	3	0	85	203	2	0	1	2	0	30	228	55	0	2	0	2	0	172	114	0	4	0	0	0	3	77	7	0	0	0	0	
0	0	0	0	0	0	0	0	1	0	32	110	72	30	0	1	4	0	116	255	204	115	0	1	0	0	6	72	171	20	0	1	0	0	3	0	108	132	0	4	0	0	43	0	91	170	0	3	2	0	126	177	205	63	0	2	0	0	3	59	37	0	1	0	
0	0	0	0	0	1	0	0	0	0	1	6	1	13	30	0	0	3	0	138	32	126	91	0	0	0	108	99	25	147	3	0	0	52	223	89	199	145	78	44	0	3	19	193	127	48	41	4	1	0	14	135	10	0	1	0	0	0	1	0	3	3	1	0	
0	0	1	2	7	1	1	0	0	0	0	84	86	78	0	2	2	0	53	120	0	120	29	0	3	0	109	62	0	77	85	0	1	0	125	18	0	86	65	0	0	8	134	8	86	120	0	0	2	0	85	145	82	3	0	0	0	0	2	5	0	2	1	0	
0	0	2	0	49	34	0	1	0	1	0	6	183	42	0	2	0	3	0	153	103	0	3	0	3	0	112	163	102	142	112	6	0	53	171	114	95	42	162	5	0	72	200	189	121	155	45	0	1	0	53	85	67	15	0	1	0	1	0	0	0	1	2	0	
0	7	35	3	0	2	0	0	0	102	211	150	42	0	2	0	0	22	9	68	195	51	0	2	0	0	5	0	102	155	0	4	0	1	4	0	128	137	0	4	2	0	68	173	250	205	123	11	2	0	92	116	53	76	70	5	0	0	0	0	0	0	0	0	
0	0	1	0	30	15	0	1	1	0	14	133	196	155	6	0	0	0	8	40	0	145	59	0	0	1	1	0	15	171	17	0	1	0	41	69	148	80	0	3	0	57	196	224	220	47	0	1	0	32	114	43	19	105	6	0	0	0	0	0	0	0	0	0	
0	0	0	0	0	1	0	0	1	0	29	122	124	117	2	0	3	0	83	141	10	20	0	0	4	0	119	180	39	0	1	0	1	0	29	93	160	71	0	3	1	0	30	14	104	142	0	4	2	0	33	167	160	19	0	1	0	0	0	2	1	0	0	0	
0	0	3	2	0	1	1	0	0	2	0	3	25	10	0	0	1	0	75	149	111	120	4	0	1	91	111	14	0	190	115	0	37	163	79	66	121	208	82	0	0	23	63	31	9	147	20	0	0	0	2	0	140	95	0	3	0	1	2	1	32	11	0	0	
0	0	1	2	0	0	0	0	0	0	1	0	22	34	55	46	1	0	26	141	141	119	112	51	0	7	145	33	0	1	0	0	0	2	94	92	26	0	4	2	0	2	0	44	128	0	2	0	0	13	101	102	106	0	2	0	1	0	46	84	6	0	0	0	
0	0	0	0	0	0	0	0	0	0	2	0	71	43	0	2	0	0	1	0	201	74	0	3	0	2	0	48	214	14	0	1	0	3	0	141	166	0	3	0	1	0	15	221	48	0	2	0	2	0	59	166	0	1	0	0	0	0	11	23	0	0	0	0	
0	0	0	0	86	17	0	1	0	2	0	72	154	0	0	0	0	0	0	148	26	0	1	0	2	0	58	145	46	10	0	0	4	0	92	163	99	128	0	1	2	0	36	164	87	162	3	0	0	1	0	50	94	20	0	1	0	0	1	1	0	1	0	0	
0	0	0	1	0	0	6	1	0	1	0	15	80	108	101	0	0	4	0	82	131	48	11	0	0	0	3	175	88	3	0	1	3	12	21	107	110	150	0	2	1	162	71	53	112	163	0	1	0	42	83	75	23	42	9	0	0	0	0	0	0	0	0	0	
0	0	1	1	36	4	0	0	0	3	0	91	147	0	2	0	2	0	36	160	10	0	1	0	4	0	146	157	120	117	4	0	1	0	186	106	7	114	88	0	2	0	144	91	15	110	84	0	1	0	19	123	133	75	0	0	0	0	1	0	0	0	1	0	
0	0	1	1	0	0	0	0	0	0	0	12	0	58	68	0	1	0	27	171	143	153	33	0	4	0	93	149	7	2	0	0	3	0	68	164	164	8	0	0	0	1	0	9	177	24	0	1	1	0	0	128	102	83	31	0	1	0	11	53	3	25	13	0	
0	0	1	0	0	0	0	0	0	0	3	33	114	109	0	2	2	0	39	235	143	198	39	0	4	0	133	195	0	191	66	0	0	0	212	100	0	176	13	0	0	0	205	34	130	158	0	4	3	0	102	225	172	20	0	1	0	0	3	48	11	0	1	0	
0	0	1	4	2	3	0	0	0	0	0	0	0	6	45	0	1	0	28	125	54	155	103	0	2	0	150	121	130	91	0	1	0	0	181	154	65	0	3	0	1	0	20	43	164	29	0	1	0	1	0	19	161	12	0	1	0	1	0	65	69	0	2	0	
0	0	2	0	0	0	0	0	0	0	2	124	136	108	88	0	3	0	84	112	24	38	34	0	0	21	205	76	52	11	0	1	0	9	95	100	110	140	11	0	0	21	10	0	0	147	37	0	0	31	138	123	154	126	0	2	1	0	18	51	47	4	0	0	
0	0	0	0	0	0	0	0	2	0	62	98	58	79	43	0	2	0	37	138	114	231	114	0	1	4	0	15	140	109	0	0	1	0	26	157	187	83	0	3	24	100	3	0	81	112	0	4	19	149	121	117	140	16	0	1	0	0	27	39	3	0	0	0	
0	0	0	0	0	0	0	0	1	0	17	127	45	0	1	0	3	0	132	135	131	22	0	1	2	0	86	118	120	23	0	1	0	3	0	99	203	12	0	1	0	3	0	86	69	74	0	2	0	2	0	43	172	86	0	2	0	0	0	1	43	6	0	0	
0	0	0	0	1	2	1	0	0	0	1	0	20	126	2	0	0	0	4	0	129	162	0	4	0	1	0	4	207	77	0	3	0	3	0	149	170	0	2	0	3	0	81	216	16	0	1	0	3	0	120	67	0	3	0	0	0	0	0	1	1	0	0	0	
0	0	0	0	0	0	0	0	0	0	2	12	11	0	0	0	0	6	110	128	151	8	0	1	0	1	5	2	146	13	0	1	0	1	0	28	131	0	2	0	0	2	0	60	103	0	3	0	0	3	0	81	92	0	3	0	0	2	0	44	83	0	2	0	
0	0	1	1	1	2	3	0	0	1	0	16	0	107	55	0	1	0	30	159	42	184	21	0	0	0	197	95	173	86	3	20	0	8	154	206	237	150	158	74	2	0	46	196	51	5	4	0	3	0	122	73	0	2	1	1	0	0	1	1	2	0	0	0	
0	1	0	15	44	23	0	1	0	3	0	78	199	203	62	0	0	1	3	4	0	117	130	0	0	1	0	27	56	192	51	0	0	19	130	199	255	175	14	0	6	209	207	199	117	0	3	0	0	86	137	58	0	3	0	0	0	0	0	0	2	0	0	0	
0	0	0	0	0	0	3	1	1	0	34	90	115	96	0	8	1	0	170	107	70	62	106	131	3	0	136	80	0	131	123	13	1	0	3	194	218	75	0	1	0	0	116	128	165	52	0	3	0	3	166	141	139	28	0	1	0	0	5	40	15	0	1	0	
0	0	1	1	0	1	0	0	0	1	0	26	1	16	82	12	2	0	45	115	0	140	68	0	0	7	131	13	45	115	0	3	0	89	169	25	104	111	0	2	0	1	63	102	180	126	0	2	0	0	2	0	64	39	0	2	0	0	3	4	1	2	0	0	
0	2	0	49	51	0	4	0	1	0	11	214	78	0	3	0	3	0	80	204	0	19	42	0	3	0	162	91	71	132	184	72	0	39	157	102	149	106	152	19	0	37	188	224	240	142	18	0	1	0	36	52	69	9	0	2	0	0	0	0	0	3	1	0	
0	1	1	0	0	0	0	0	2	0	37	112	128	148	71	0	0	6	172	144	94	52	28	0	0	110	236	150	178	125	0	0	0	99	52	0	10	152	128	0	0	12	8	1	0	126	143	0	0	146	165	83	153	185	13	0	0	22	63	62	60	10	0	1	
0	0	0	0	0	0	0	0	0	29	136	119	92	111	33	0	0	6	67	107	237	180	13	0	0	2	0	144	176	0	0	1	1	0	27	181	159	134	1	0	0	0	1	0	18	199	29	0	0	66	195	134	167	94	0	1	0	14	61	53	5	0	0	0	
0	0	1	0	0	0	1	0	1	0	14	131	162	125	7	0	3	0	128	255	112	187	123	0	0	25	251	98	0	148	130	0	0	58	241	17	17	235	69	0	0	49	253	87	199	180	0	2	0	0	163	255	179	15	0	1	0	0	5	29	3	1	1	0	
0	0	1	1	3	4	1	0	0	0	1	4	0	0	0	0	2	0	50	171	62	104	34	0	3	0	150	134	65	202	44	0	0	1	53	0	71	141	0	2	0	0	0	6	177	31	0	1	0	3	0	113	109	0	3	0	0	0	0	122	20	0	1	0	
0	0	0	0	0	0	0	0	0	1	0	43	168	158	0	0	3	0	58	193	149	176	0	2	1	0	27	16	145	98	0	3	0	2	0	124	124	0	2	0	2	0	109	241	141	141	24	0	0	17	200	153	105	67	5	0	0	0	0	0	0	0	0	0	
0	0	0	2	0	1	2	0	0	0	2	0	99	45	0	2	0	4	0	117	207	150	47	0	3	0	77	201	2	36	154	0	0	39	188	32	0	123	148	0	0	169	178	124	163	120	8	0	0	59	106	77	13	0	2	0	0	0	0	0	0	3	1	0	
0	0	1	0	0	1	0	0	0	0	0	35	64	20	0	1	2	0	61	103	52	69	0	1	2	0	114	16	0	33	0	0	2	0	105	58	101	67	0	2	1	0	17	74	127	29	0	1	0	0	3	0	108	27	0	1	0	0	2	0	36	13	0	0	
0	0	2	2	0	0	0	0	0	2	0	3	40	88	30	0	1	0	53	127	80	102	133	0	0	84	139	21	39	155	47	0	0	81	136	74	133	165	0	3	0	0	4	0	150	61	0	2	0	4	0	126	116	0	3	0	0	1	0	78	17	0	0	0	
0	0	0	0	0	0	0	0	1	0	111	122	111	32	0	1	0	0	106	125	183	181	0	2	0	0	2	0	50	190	0	0	0	0	6	0	155	142	0	3	0	13	0	101	198	3	0	1	0	64	196	198	32	0	2	0	0	2	51	16	0	2	0	0	
0	0	0	1	0	0	4	0	0	1	0	17	82	112	92	0	0	2	0	112	115	58	10	0	2	0	35	200	70	1	0	0	1	0	23	99	126	113	0	3	0	23	5	0	111	106	0	3	0	94	148	141	88	0	0	0	0	1	12	3	0	1	0	0	
0	0	0	0	3	1	0	0	0	1	0	23	132	50	0	2	0	3	0	88	78	94	9	0	0	3	0	99	27	94	29	0	0	2	0	127	141	57	0	1	0	9	145	173	50	0	2	0	1	0	81	133	7	0	0	0	0	0	1	3	1	0	0	0	
0	0	0	2	0	34	6	0	0	0	4	0	123	199	0	0	0	4	0	103	204	17	0	1	3	0	76	197	14	44	27	0	0	20	199	64	103	134	141	0	0	73	202	194	157	114	38	0	0	6	117	136	64	14	0	1	0	0	0	0	0	1	2	0	
0	0	2	2	0	1	0	0	0	1	0	4	21	3	1	0	2	0	41	125	111	160	22	0	0	14	147	21	114	161	0	2	0	37	160	111	179	95	0	3	1	0	38	20	123	38	0	1	0	1	0	27	136	0	1	0	0	1	0	29	82	0	2	0	
0	0	1	1	0	0	0	0	0	1	1	8	23	7	0	0	2	0	32	195	136	174	10	0	0	0	180	74	46	167	0	2	0	24	90	0	168	73	0	3	0	2	0	68	152	0	2	0	0	0	4	164	37	0	1	0	1	0	37	108	0	2	0	0	
0	0	0	0	2	1	0	0	0	2	0	63	176	85	0	3	2	0	61	121	94	119	0	4	0	0	11	6	143	35	0	1	0	3	0	96	78	0	2	0	1	0	34	168	65	79	0	2	3	0	124	180	134	45	0	1	0	0	2	1	0	0	0	0	
0	0	0	0	0	0	0	0	0	0	2	0	77	54	0	2	0	0	1	0	208	90	0	4	0	2	0	54	218	14	0	1	0	3	0	147	132	0	3	0	2	0	48	217	24	0	1	0	4	0	128	124	0	3	0	0	1	0	20	9	0	0	0	0	
0	0	0	0	0	0	0	0	0	1	0	41	88	0	2	0	0	3	0	96	175	0	3	0	0	3	0	95	163	0	3	0	0	3	0	78	155	0	3	0	0	3	0	71	166	0	3	0	0	2	0	62	166	0	2	0	0	0	0	4	25	0	0	0	
0	0	0	0	6	6	0	0	1	0	19	138	164	187	78	0	0	0	12	31	35	196	47	0	1	3	7	117	237	94	0	3	1	0	9	79	116	155	0	2	9	126	63	0	133	134	0	2	0	145	199	161	109	4	0	1	0	0	4	4	0	2	0	0	
0	0	0	1	0	18	8	0	0	0	3	0	29	209	55	0	0	3	1	0	195	255	52	0	1	0	19	189	129	168	70	0	0	54	207	120	17	207	61	0	20	231	218	181	177	219	95	0	3	64	75	36	0	43	84	0	0	0	0	0	1	2	0	0	
0	0	2	0	8	16	0	1	0	1	0	0	174	133	0	4	2	0	51	207	154	172	20	0	2	0	105	70	8	178	14	0	1	0	15	74	185	87	0	3	0	27	224	236	197	127	73	0	0	44	150	29	0	47	23	0	0	0	0	0	1	0	0	0	
0	0	1	0	33	61	0	1	0	1	0	16	118	36	0	1	0	2	0	120	63	0	2	0	2	0	54	120	0	2	0	0	3	0	119	48	3	46	6	0	3	0	79	165	134	142	33	0	0	0	5	77	71	24	0	1	0	0	1	0	0	0	0	0	
0	0	2	0	36	23	0	1	0	2	0	46	183	30	0	1	1	0	10	200	62	0	2	0	4	0	136	129	0	56	24	0	1	0	164	61	94	119	134	0	2	0	141	240	136	119	36	0	1	0	17	131	86	9	0	1	0	0	1	0	0	1	2	0	
0	0	0	1	1	0	0	0	0	0	2	0	69	48	0	2	0	0	0	6	177	27	0	1	0	2	0	70	137	0	3	0	0	2	0	146	59	0	2	0	1	0	14	154	4	0	0	0	1	0	23	107	0	2	0	0	0	0	1	15	0	0	0	0	
0	0	0	10	58	43	0	0	1	0	18	174	142	197	43	0	0	0	9	31	0	151	69	0	0	1	1	0	13	205	33	0	0	0	83	134	192	97	0	3	0	98	193	178	228	117	13	0	0	53	141	66	0	84	34	0	0	0	0	0	1	0	0	0	
0	0	1	0	25	15	0	0	0	1	0	38	148	18	0	1	1	0	16	187	202	77	0	2	0	0	7	3	35	160	31	0	0	10	1	3	0	105	55	0	0	90	148	116	164	137	0	0	0	2	76	160	79	0	1	0	0	1	0	0	0	2	1	0	
0	0	0	19	54	0	1	0	0	3	0	136	130	0	5	0	2	0	35	194	14	0	1	0	3	0	165	77	28	134	34	0	0	12	141	68	86	110	102	0	1	0	162	222	87	142	37	0	1	0	34	79	88	35	0	1	0	0	0	0	0	1	1	0	
0	1	1	0	1	2	0	0	1	0	13	85	91	0	0	0	0	29	164	63	27	118	3	0	0	9	60	72	189	128	0	4	0	2	0	45	172	99	21	0	0	3	0	117	44	91	37	0	0	3	0	122	132	56	0	2	0	1	0	17	37	0	1	0	
0	0	1	1	0	0	0	0	0	0	0	9	25	25	6	0	1	0	28	194	111	165	94	0	2	0	156	93	0	147	31	0	0	1	45	0	105	118	0	3	0	2	0	52	160	0	1	0	1	0	24	187	35	0	2	0	2	0	66	133	0	3	0	0	
0	0	0	0	0	0	0	0	0	1	0	42	109	42	0	1	0	1	0	156	51	26	0	0	0	2	0	65	175	80	0	2	0	2	0	58	202	49	0	2	1	0	31	102	112	53	0	2	2	0	33	160	99	0	1	0	0	0	0	36	10	0	0	0	
0	0	0	0	0	0	0	0	0	1	0	40	112	110	67	0	2	0	39	194	58	94	130	0	1	0	20	146	94	146	19	0	1	0	2	200	183	0	1	1	3	0	117	111	128	0	4	0	2	0	115	167	78	0	3	0	1	0	18	55	0	0	0	0	
0	0	0	0	0	0	0	0	0	0	3	12	5	13	0	0	0	0	5	112	208	105	0	3	0	2	0	42	150	0	0	0	1	0	16	163	161	0	2	0	2	0	54	194	43	0	2	0	0	2	0	103	18	0	0	0	0	2	0	78	35	0	1	0	
0	0	1	1	0	1	0	0	0	0	0	11	3	0	0	0	1	0	29	175	102	151	21	0	2	0	133	57	5	159	5	0	0	0	12	0	95	113	0	3	0	1	0	18	168	16	0	1	0	2	0	139	87	0	3	0	1	0	22	117	0	1	0	0	
0	0	0	1	0	0	0	0	0	0	3	0	95	102	0	3	0	1	0	15	238	93	0	4	0	4	0	103	246	18	0	1	0	3	0	188	157	0	4	0	2	0	33	241	43	0	2	0	1	0	27	175	14	0	1	0	0	0	0	0	1	0	0	0	
0	0	1	0	0	0	1	0	0	1	0	63	164	120	6	0	3	0	104	255	183	243	105	0	0	0	210	117	0	192	105	0	0	64	226	61	85	230	9	0	0	111	156	0	214	169	0	4	0	36	230	226	184	34	0	1	0	0	33	39	0	0	0	0	
0	0	1	2	0	0	0	0	0	0	0	5	53	130	74	0	1	0	19	130	143	118	32	0	3	0	83	180	0	0	1	0	1	0	3	108	159	21	0	1	0	0	5	0	150	82	0	3	2	0	103	160	138	2	0	0	1	0	31	56	4	0	0	0	
0	0	0	0	0	0	0	0	0	0	3	0	98	70	0	3	0	0	2	0	166	50	0	2	0	1	0	35	171	0	0	0	0	3	0	76	146	0	3	0	0	4	0	155	89	0	3	0	0	1	0	135	34	0	1	0	0	0	0	0	0	0	0	0	
0	0	0	1	1	0	0	0	0	0	1	0	18	60	0	1	0	1	0	32	104	101	0	4	1	0	21	112	133	65	0	2	1	0	26	158	188	28	0	1	0	3	0	95	131	0	3	0	0	2	0	125	41	0	1	0	0	0	1	22	1	0	0	0	
0	1	0	21	53	3	0	0	1	0	8	195	231	103	0	3	2	0	70	140	66	191	0	3	0	0	6	0	109	150	0	4	0	6	25	49	229	51	12	8	0	133	255	246	209	207	173	6	0	51	102	51	2	42	18	0	0	0	0	0	0	0	0	0	
0	0	2	1	0	0	0	0	0	0	0	14	41	19	0	1	2	0	36	126	136	120	0	4	3	0	132	44	141	91	0	3	2	0	61	132	198	37	0	2	0	0	2	0	132	43	0	2	0	0	3	0	165	38	0	2	0	0	1	0	51	14	0	1	
0	0	0	0	0	0	0	0	2	0	36	125	93	20	0	1	2	0	189	182	155	154	0	4	0	2	36	9	160	56	0	2	0	3	0	67	199	15	0	1	0	0	3	14	197	101	0	4	3	0	128	220	106	0	0	0	1	0	31	24	0	1	0	0	
0	0	0	0	0	0	0	0	1	0	24	34	4	0	0	0	4	0	93	211	188	55	0	2	1	0	19	49	165	35	0	1	0	3	0	82	244	41	0	2	0	1	0	44	199	38	0	2	0	0	1	0	170	40	0	2	0	0	1	0	66	23	0	1	
0	0	1	0	0	1	0	0	1	0	28	29	0	64	58	0	4	0	143	107	0	185	73	0	1	0	185	42	62	181	0	1	2	0	156	201	248	149	0	2	1	0	10	55	204	26	0	1	0	1	0	12	191	23	0	1	0	0	1	2	32	7	0	0	
0	0	0	26	12	0	0	0	0	3	0	140	87	8	1	0	1	0	22	160	111	116	0	3	3	0	94	119	2	152	29	0	2	0	155	46	0	106	78	0	2	0	180	135	140	154	0	0	1	0	35	134	97	8	0	1	0	0	0	0	0	1	1	0	
0	0	1	0	0	0	0	0	0	0	1	6	17	64	83	9	3	0	55	233	218	189	97	2	0	0	201	110	0	3	0	0	0	0	156	159	74	2	3	0	0	0	1	20	204	138	0	4	1	0	53	120	228	72	0	3	1	0	38	100	47	0	1	0	
0	0	0	0	0	1	0	0	0	65	160	141	55	0	1	0	0	128	123	100	211	94	0	3	0	0	3	0	83	188	0	3	0	2	7	0	147	130	0	4	0	2	0	48	211	18	0	1	0	3	0	87	216	163	78	0	0	0	0	0	17	39	27	0	
0	0	0	10	72	1	0	0	0	2	0	57	203	3	0	1	0	3	0	159	90	0	3	0	2	0	29	208	124	50	0	2	3	0	75	241	202	202	0	1	2	0	47	225	226	130	0	3	0	1	0	56	69	0	0	0	0	0	1	0	0	1	0	0	
0	0	0	0	0	0	0	0	0	1	0	63	11	0	0	0	0	3	0	135	76	0	2	0	0	2	0	69	128	0	4	0	0	1	0	31	140	0	2	0	0	0	0	8	134	4	0	0	0	0	2	0	102	39	0	1	0	0	0	0	13	9	0	0	
0	0	1	0	0	1	0	0	0	0	6	58	53	0	1	0	2	0	164	248	216	65	0	3	0	3	208	58	148	102	0	4	0	0	2	4	219	63	0	3	0	2	0	51	217	7	0	1	0	3	0	99	202	0	2	0	0	1	0	34	82	0	1	0	
0	0	0	0	0	0	0	0	1	0	18	111	121	125	12	0	2	0	38	87	150	207	0	0	0	1	0	25	156	25	0	1	0	2	0	185	177	0	0	1	0	1	0	89	234	34	0	2	3	0	108	221	98	0	2	0	1	0	31	24	0	1	0	0	
0	0	1	1	0	0	0	0	0	1	0	49	154	95	2	0	3	0	58	233	139	229	39	0	3	0	67	177	180	151	0	2	1	0	1	210	206	0	0	1	4	0	98	255	137	0	5	0	4	0	109	255	62	0	2	0	0	0	8	30	0	0	0	0	
0	0	0	0	0	1	0	0	1	0	13	72	131	14	0	1	4	0	144	228	152	143	0	3	4	0	157	166	0	174	17	0	4	0	133	105	0	171	26	0	3	0	71	160	20	196	7	0	0	1	0	156	221	116	0	3	0	0	0	14	44	0	0	0	
0	0	2	2	0	1	0	0	0	1	0	20	72	5	0	0	2	0	44	177	190	166	0	1	0	11	212	69	165	162	0	3	0	5	133	190	242	25	0	2	0	1	0	132	180	0	2	0	0	4	0	105	139	0	4	0	0	0	0	17	57	0	1	0	
0	0	2	2	0	1	0	0	0	1	0	5	74	38	0	1	2	0	39	137	104	120	7	0	0	23	137	64	0	125	66	0	0	106	38	17	63	152	102	0	0	61	109	79	21	86	34	0	0	0	0	0	9	102	0	1	0	2	1	0	6	50	0	0	
0	0	2	1	0	0	1	0	0	2	0	27	138	85	1	0	2	0	54	235	174	184	120	0	0	9	220	185	0	147	161	0	0	56	255	31	56	247	53	0	0	72	214	45	242	122	0	3	0	28	219	226	123	0	3	0	1	0	38	33	0	3	0	0	
0	0	1	0	0	1	0	0	2	0	72	108	0	5	111	28	1	0	193	113	0	144	169	0	0	57	202	0	36	234	43	0	0	107	253	187	236	196	0	1	0	17	74	59	220	108	0	4	0	1	0	20	217	44	0	2	0	1	3	3	26	2	0	0	
0	0	0	0	0	0	0	0	0	0	2	0	89	51	0	2	0	1	0	5	226	79	0	3	0	2	0	52	198	1	0	1	0	3	0	155	142	0	4	0	1	0	5	223	64	0	2	0	1	0	11	205	36	0	2	0	0	0	0	28	7	0	0	0	
0	0	0	8	39	0	0	0	0	2	0	64	164	71	0	3	0	0	1	8	42	126	0	3	0	0	2	0	69	84	0	3	2	0	36	146	200	76	0	1	4	0	115	250	160	102	5	0	1	0	36	102	0	0	0	0	0	0	0	0	3	3	0	0	
0	0	0	33	35	0	0	0	1	0	9	199	221	104	0	3	0	1	5	11	85	189	0	3	0	0	3	0	138	178	0	3	0	22	156	180	246	152	3	0	0	139	255	255	173	152	165	14	0	35	139	100	2	0	12	4	0	0	0	0	3	3	0	0	
0	0	0	0	0	0	0	0	1	0	11	103	156	85	0	2	1	0	18	155	84	54	0	1	0	0	7	160	119	19	0	1	0	0	4	123	67	123	1	0	2	0	48	13	27	181	14	0	3	0	62	184	203	81	0	3	0	0	0	32	19	0	1	0	
0	0	1	0	1	2	0	0	2	0	61	99	7	0	1	0	0	1	208	254	210	62	0	3	0	1	98	55	207	67	0	3	0	0	2	0	97	107	0	1	0	0	1	1	75	221	21	0	2	0	113	211	202	92	0	1	1	0	30	45	3	0	0	0	
0	0	0	3	0	0	0	0	0	0	1	0	55	46	0	1	0	0	0	99	138	124	2	0	3	0	86	179	86	148	0	0	2	0	45	166	232	53	0	2	0	3	0	113	105	0	3	0	1	0	28	168	5	0	0	0	1	0	22	44	0	1	0	0	
0	0	0	0	0	0	0	0	1	0	42	15	0	36	12	0	0	11	212	40	0	201	67	0	0	73	207	23	104	248	49	0	0	56	206	177	208	193	0	1	0	0	21	0	148	128	0	4	0	1	1	0	201	85	0	3	0	0	2	0	61	49	0	2	
