500	64	10
0	0	1	0	0	0	0	0	1	0	9	66	124	49	0	2	2	0	74	99	119	22	0	1	1	0	19	141	57	0	1	0	1	0	11	77	120	102	0	3	0	0	3	0	87	115	0	3	2	0	44	131	106	6	0	1	1	0	21	33	0	1	0	0	
0	0	0	0	0	0	0	0	3	0	98	196	126	16	0	1	4	0	134	90	17	7	0	0	4	0	130	67	9	7	0	0	4	0	131	187	100	152	7	0	1	0	20	35	24	196	23	0	0	3	0	78	204	102	0	1	0	0	1	2	1	0	0	0	
0	0	0	0	0	0	0	0	2	0	69	137	73	0	0	0	1	0	43	50	158	129	0	3	0	1	0	109	185	40	0	2	0	1	0	77	174	28	0	1	0	0	8	0	116	93	0	3	1	0	15	176	137	3	0	1	0	0	0	47	15	0	1	0	
0	0	1	1	0	0	0	0	0	2	0	30	185	208	22	0	2	0	30	228	188	227	34	0	2	0	179	171	7	224	40	0	0	33	231	26	11	215	23	0	0	64	230	72	181	189	0	0	0	21	186	217	157	20	0	1	0	0	0	0	0	1	1	0	
0	0	0	0	0	0	0	0	1	0	124	168	127	56	0	0	0	2	11	15	176	237	14	0	2	0	89	196	128	27	0	0	1	0	148	204	150	45	0	2	0	17	7	0	99	217	7	0	0	88	146	162	168	93	0	1	0	1	1	5	3	0	0	0	
0	0	0	0	1	0	0	0	0	0	3	0	81	111	0	3	0	0	1	0	192	98	0	3	0	2	0	68	197	2	0	1	0	2	0	180	108	0	3	0	2	0	56	219	18	0	1	0	3	0	125	142	0	3	0	0	0	0	0	0	0	0	0	0	
0	2	0	58	32	0	1	0	1	0	19	145	10	0	1	0	3	0	99	86	5	44	0	0	2	0	132	59	142	152	46	0	2	0	123	119	49	102	53	0	3	0	70	191	163	109	0	1	0	0	0	44	70	5	0	0	0	0	1	0	0	1	0	0	
0	0	0	0	36	13	0	1	1	0	1	143	255	132	0	4	2	0	41	230	131	211	9	0	0	0	3	0	70	219	6	0	0	27	123	131	246	185	18	0	0	163	255	244	230	255	133	0	0	79	119	28	11	29	8	0	0	0	0	0	0	0	0	0	
0	0	0	2	2	0	0	0	2	0	40	184	138	0	1	0	1	0	110	62	186	35	0	3	0	2	0	44	174	0	0	0	1	0	5	189	113	59	76	36	2	0	167	241	185	180	115	49	0	2	62	19	3	0	0	0	0	0	0	0	0	3	4	2	
0	0	0	0	0	0	0	0	2	0	44	181	188	185	102	0	3	0	136	172	36	147	181	0	0	1	3	33	129	214	57	0	0	5	0	116	255	108	0	4	0	119	228	52	216	99	0	4	0	109	223	205	121	1	0	0	0	0	0	0	0	0	0	0	
0	29	107	0	0	0	0	0	0	131	183	0	5	4	2	0	0	151	82	0	3	0	0	0	0	119	96	24	161	156	57	0	0	38	202	231	192	148	228	32	2	0	59	198	187	162	199	37	0	1	1	0	7	12	3	0	0	0	3	2	0	0	0	0	
0	0	0	0	0	1	0	0	0	0	4	19	1	11	51	0	2	0	48	190	0	117	183	0	3	0	136	221	77	215	47	0	0	54	248	194	248	163	0	3	0	19	34	37	224	37	0	2	0	3	0	164	148	0	3	0	0	2	0	82	32	0	1	0	
0	0	0	0	1	0	0	0	0	0	1	0	94	14	0	1	0	0	0	9	150	5	0	0	0	1	0	35	150	0	2	0	0	3	0	87	118	0	4	0	0	2	0	154	53	0	2	0	1	0	19	134	0	0	0	0	0	0	0	0	1	0	0	0	
0	0	0	1	4	4	4	1	0	0	1	2	0	0	0	0	0	1	0	27	120	96	141	56	1	0	0	175	255	119	79	30	0	4	41	116	189	10	0	1	0	41	210	168	110	0	6	1	0	0	37	56	2	0	0	0	0	0	0	0	1	0	0	0	
0	0	1	0	1	1	0	0	0	0	0	23	11	0	0	0	2	0	42	157	190	28	0	1	4	0	91	171	228	69	0	3	1	0	13	99	133	53	0	2	0	0	3	0	98	80	0	3	0	0	4	0	108	82	0	3	0	0	3	0	75	58	0	2	
0	0	0	4	0	70	44	0	0	0	4	0	67	246	48	0	0	2	0	96	220	54	0	2	2	0	108	255	188	88	1	0	0	44	232	224	190	223	35	0	0	52	241	252	206	135	0	1	1	0	42	78	63	6	0	0	0	1	0	0	0	1	0	0	
0	1	0	20	50	3	0	0	1	0	21	165	230	117	0	3	0	0	15	10	41	191	1	0	2	0	53	84	2	178	20	0	0	25	186	203	157	150	1	0	0	53	187	125	255	158	0	2	0	0	118	137	86	126	7	0	0	0	0	0	0	0	0	0	
0	0	1	2	0	1	2	0	0	0	0	3	13	8	0	0	1	0	19	207	224	223	100	0	2	0	48	135	135	251	66	0	0	3	0	63	232	60	0	2	2	0	55	250	89	0	4	0	0	13	228	112	0	4	0	0	0	40	154	0	2	0	0	0	
0	0	0	2	0	4	9	0	0	0	0	5	5	12	77	0	0	0	0	111	37	67	83	0	0	0	6	122	89	121	4	0	1	0	25	172	110	0	2	0	0	41	159	84	114	0	3	0	0	17	71	89	69	0	1	0	0	0	0	0	0	0	0	0	
0	0	3	0	0	0	1	0	0	1	0	52	149	94	0	0	2	0	115	201	151	255	97	0	0	29	248	89	119	163	38	0	0	6	60	203	255	52	0	3	2	0	41	183	190	92	0	3	3	0	78	237	191	20	0	1	0	0	0	41	29	0	1	0	
0	0	1	0	0	1	1	0	1	0	11	128	128	28	0	1	4	0	118	235	253	203	26	0	0	14	207	26	52	194	6	0	0	37	201	0	40	208	6	0	0	8	204	17	122	188	0	2	2	0	78	160	193	54	0	2	0	1	0	21	19	0	1	0	
0	0	2	1	0	0	0	0	0	2	0	32	99	35	0	1	3	0	66	225	170	195	7	0	0	4	194	54	2	200	19	0	0	16	205	155	221	183	0	3	1	0	31	63	178	110	0	3	0	3	0	95	209	0	0	1	0	2	0	78	83	0	2	0	
0	0	0	0	0	0	0	0	0	10	173	220	183	45	0	2	0	12	103	94	255	113	0	4	3	0	82	216	255	98	0	3	3	0	71	158	82	209	138	0	0	78	112	81	105	246	152	0	0	62	130	181	212	139	11	0	0	0	0	0	0	0	1	0	
0	0	0	2	0	0	0	0	0	0	2	0	27	82	30	0	0	3	0	96	223	185	208	26	3	0	90	229	26	35	222	22	0	31	220	40	12	207	93	0	0	115	208	131	203	92	0	2	0	59	166	110	19	0	2	0	0	0	0	0	1	3	0	0	
0	0	0	0	1	0	0	0	0	0	3	0	88	85	0	3	0	0	3	0	166	60	0	2	0	2	0	64	192	0	0	0	2	0	22	212	153	0	4	0	2	0	40	142	112	0	4	0	0	3	0	72	87	0	3	0	0	0	2	2	0	0	0	0	
0	0	0	0	2	0	0	0	0	0	0	2	0	148	52	0	0	0	3	0	128	221	11	0	0	2	0	40	236	53	0	2	1	0	11	222	127	0	3	0	1	0	185	183	0	3	0	0	0	32	175	16	0	1	0	0	0	0	0	1	1	0	0	0	
0	0	0	0	0	0	0	0	1	0	14	105	127	27	0	1	4	0	142	103	97	158	0	4	2	0	73	138	161	52	0	2	0	3	0	123	202	7	0	1	1	0	17	131	126	62	0	2	1	0	5	149	149	5	0	1	0	1	0	27	22	0	1	0	
0	0	0	0	0	0	0	0	0	1	0	5	98	183	40	0	0	6	0	89	229	230	28	0	0	0	0	0	187	89	0	3	6	112	166	189	248	236	109	0	24	235	255	135	56	71	29	0	0	30	19	0	0	0	0	0	0	0	0	3	3	3	1	0	
0	0	0	0	0	0	0	0	0	1	0	21	110	83	0	2	0	1	0	27	187	96	0	3	0	2	0	124	184	0	2	0	0	0	3	0	138	71	0	3	0	0	4	26	186	32	0	2	2	0	98	195	69	0	2	0	1	0	20	29	0	2	0	0	
0	0	0	0	0	0	0	0	1	0	15	127	179	192	68	0	4	0	118	211	81	228	95	0	0	0	6	25	135	189	9	0	16	107	0	105	255	82	0	4	5	208	130	27	203	86	0	3	0	55	205	213	153	10	0	1	0	0	0	0	0	0	0	0	
0	1	0	31	32	0	1	0	1	0	0	202	85	0	3	0	2	0	54	198	7	3	0	0	3	0	85	217	193	124	0	3	3	0	77	255	255	161	0	4	2	0	47	248	255	108	0	4	0	1	0	85	115	9	0	1	0	0	1	0	0	0	0	0	
0	0	1	2	0	1	1	0	0	1	1	1	4	1	8	4	1	0	32	141	1	4	173	32	0	9	196	244	98	126	161	0	0	109	222	109	165	241	25	0	0	6	2	0	180	84	0	3	0	3	0	111	176	0	4	0	0	1	0	19	18	0	0	0	
0	1	0	40	34	0	1	0	1	0	14	104	11	0	1	0	3	0	91	89	0	6	0	0	3	0	92	74	93	142	0	1	3	0	74	146	119	117	0	2	1	0	4	180	220	40	0	2	0	1	0	30	62	0	0	0	0	0	1	1	0	1	0	0	
0	0	0	2	2	3	4	1	0	0	1	1	0	0	0	0	0	1	1	30	47	96	122	22	2	0	60	223	140	109	94	13	0	20	44	145	108	0	3	0	0	86	156	161	62	0	5	0	1	0	35	36	0	0	0	0	0	1	0	0	1	0	0	0	
0	0	0	1	0	32	5	0	0	0	2	0	53	119	0	0	0	0	0	4	109	19	0	1	0	2	0	77	61	0	2	0	0	0	0	124	98	0	0	0	1	0	22	108	104	0	0	0	0	0	2	102	27	0	1	0	0	0	0	0	1	0	0	0	
0	0	0	1	0	9	38	0	0	0	2	2	0	176	143	0	0	1	0	2	162	183	2	0	1	0	25	188	162	4	0	1	0	11	187	223	180	107	0	3	0	74	218	208	179	121	0	3	0	13	123	143	69	2	0	0	0	0	0	0	0	1	0	0	
0	0	0	1	0	0	0	0	0	1	0	20	120	53	0	1	0	2	0	136	161	136	0	4	0	2	0	123	185	8	0	1	0	3	0	98	170	63	0	3	1	0	37	138	113	93	0	3	2	0	42	207	129	0	0	0	0	0	0	29	7	0	0	0	
0	0	0	0	0	0	0	0	0	0	2	12	12	43	42	0	3	0	72	240	197	252	167	0	1	0	19	32	95	247	59	0	0	3	0	41	232	93	0	3	2	0	69	249	90	0	4	0	0	64	248	86	0	4	0	0	0	48	65	0	4	0	0	0	
0	0	1	0	0	3	3	1	0	0	0	14	22	0	0	0	1	0	142	235	241	98	176	88	2	0	63	248	255	255	170	30	1	0	98	246	255	133	0	3	0	36	252	248	255	154	0	5	0	12	134	183	180	41	0	2	0	0	0	3	2	0	0	0	
0	1	3	0	0	0	0	0	0	1	0	32	105	151	101	0	0	10	153	195	142	229	192	0	0	41	255	154	66	204	43	0	1	0	2	191	255	89	0	4	2	0	103	174	120	129	0	4	2	0	187	202	166	65	0	3	1	0	14	62	30	0	1	0	
0	0	0	13	9	0	0	0	0	2	0	74	31	0	1	0	0	0	0	98	5	0	0	0	1	0	27	94	12	25	0	1	1	0	27	89	115	115	0	3	0	2	0	132	165	30	0	2	0	1	0	23	30	0	1	0	0	0	0	1	1	1	0	0	
0	0	1	2	0	0	1	0	0	0	2	0	60	66	0	1	0	0	0	150	171	182	49	0	2	0	136	148	0	188	102	0	0	8	208	163	246	162	0	0	1	0	5	175	182	0	0	1	3	0	78	229	12	0	2	0	1	0	40	74	0	2	0	0	
0	2	1	0	0	1	1	0	1	0	21	103	168	76	0	3	0	57	176	88	77	198	21	0	0	144	29	0	0	66	101	0	0	108	30	0	0	16	151	3	0	44	145	35	54	191	92	0	2	0	52	152	166	83	0	1	0	1	1	0	0	0	2	0	
0	0	0	2	2	0	2	0	0	0	3	0	6	14	0	0	0	2	0	71	201	203	140	1	2	0	104	204	41	173	177	0	0	42	208	13	15	217	64	0	0	130	216	155	176	65	0	2	0	31	99	55	1	0	1	0	0	0	0	0	1	3	0	0	
0	0	3	4	3	0	0	0	0	1	0	0	0	20	57	7	0	1	77	112	142	168	128	7	0	40	216	230	129	1	0	1	0	101	247	138	135	100	0	3	0	51	84	0	0	112	28	0	0	0	0	3	1	154	43	0	0	2	5	0	32	103	2	0	
0	0	0	0	1	0	1	0	0	0	0	2	0	151	61	0	0	0	3	0	80	226	15	0	0	1	0	11	215	89	0	3	0	2	0	161	190	0	2	0	3	0	119	237	25	0	1	0	1	0	173	82	0	3	0	0	0	0	0	1	1	0	0	0	
0	0	1	0	0	0	0	0	0	0	4	74	63	23	19	2	3	0	133	194	160	198	170	22	0	4	178	24	0	4	2	0	2	0	103	175	73	0	2	0	0	8	13	0	142	26	0	1	0	8	120	135	210	30	0	2	1	0	30	125	53	0	1	0	
0	0	2	1	0	0	0	0	0	0	0	9	73	58	0	0	3	0	77	210	204	206	0	0	1	0	38	41	153	89	0	3	0	14	71	179	231	122	101	0	0	163	239	150	135	157	82	0	0	27	13	0	0	0	0	0	0	0	1	4	4	4	3	0	
0	0	0	0	0	0	0	0	1	0	18	138	5	0	0	0	1	0	7	185	30	0	1	0	0	4	0	156	112	0	3	0	0	2	0	64	193	0	0	0	0	0	2	0	172	98	0	3	0	0	2	0	42	172	8	0	0	0	0	0	1	1	0	0	
0	0	0	0	0	0	0	0	0	1	0	67	144	125	91	0	1	0	32	196	133	214	167	0	1	0	10	80	166	194	18	0	0	43	27	138	210	186	0	2	0	172	172	113	206	151	0	2	0	35	152	148	79	0	0	0	0	0	0	0	0	1	0	0	
0	0	0	0	0	0	0	0	0	5	79	86	76	18	0	1	0	3	88	110	210	20	0	1	0	2	0	47	173	0	1	0	1	0	15	198	229	126	6	0	0	1	0	79	199	25	0	0	0	1	0	36	186	0	0	0	0	0	0	10	67	1	0	0	
0	0	1	1	0	1	1	0	0	2	0	18	13	0	38	19	1	0	21	182	23	22	214	32	0	12	201	226	55	183	104	0	0	103	213	102	229	188	0	2	0	2	0	54	214	31	0	2	1	0	11	219	67	0	3	0	0	0	7	52	3	1	0	0	
0	0	2	0	0	1	0	0	0	0	0	56	67	0	0	0	3	0	102	151	168	101	0	3	2	0	175	41	81	158	0	4	2	0	45	136	224	113	0	4	0	0	3	0	161	77	0	3	0	0	1	3	202	48	0	2	0	0	0	6	76	5	0	0	
0	0	0	1	3	3	1	0	0	0	1	1	0	0	0	0	0	2	0	26	149	147	164	70	2	0	41	223	187	48	34	10	0	37	57	91	184	5	0	1	0	69	172	168	68	0	4	0	0	0	66	43	0	1	0	0	0	0	0	0	2	0	0	0	
0	0	0	0	1	0	0	0	12	86	85	80	19	0	1	0	28	127	77	131	167	0	1	0	2	0	71	170	234	49	0	2	1	2	67	81	86	180	70	0	1	0	22	54	0	172	132	0	2	0	46	184	185	142	10	0	0	0	0	1	1	0	0	0	
0	0	0	3	2	0	2	1	0	0	3	0	1	100	167	13	0	2	0	70	183	164	51	0	2	0	121	193	76	2	0	0	0	86	161	41	222	182	0	2	0	96	192	211	229	82	0	2	0	0	43	43	5	0	0	0	0	1	0	0	1	2	0	0	
0	0	1	1	94	19	0	1	0	3	0	131	198	3	1	1	3	0	78	230	23	0	1	0	0	7	211	72	7	85	47	0	0	84	186	66	216	208	200	0	0	16	179	254	232	194	94	0	0	0	10	45	58	31	0	1	0	1	2	0	0	0	3	0	
0	0	0	0	0	0	0	0	0	1	0	30	36	1	20	3	1	0	10	212	211	234	198	5	0	1	1	19	182	214	27	0	0	1	0	168	195	11	0	1	0	0	174	181	0	1	2	0	0	119	208	2	0	2	0	0	0	59	43	0	2	0	0	0	
1	0	37	17	0	3	2	0	0	22	103	0	1	0	0	0	0	77	59	0	4	77	77	0	0	104	35	0	82	66	71	37	0	91	48	0	102	5	96	10	0	22	117	63	114	111	49	0	1	0	28	69	60	21	0	1	0	1	1	0	0	1	1	0	
0	0	1	0	0	0	0	0	0	0	0	40	87	74	13	0	2	0	50	241	196	253	122	0	4	0	145	131	59	230	35	0	3	0	75	217	238	81	0	3	3	0	68	255	123	0	4	0	0	10	228	241	29	0	2	0	0	2	98	57	0	1	0	0	
0	2	5	3	1	0	0	0	0	16	153	177	150	27	0	1	0	0	17	5	147	102	0	4	0	1	0	4	190	39	0	1	0	3	0	108	139	0	4	1	2	0	35	209	72	121	136	19	2	0	48	202	157	101	32	0	0	0	0	2	1	0	0	0	
0	0	2	1	0	0	1	0	0	2	0	35	95	33	0	1	3	0	81	218	184	225	41	0	0	44	252	136	77	255	140	0	0	48	192	143	233	216	17	0	0	2	0	88	245	62	0	3	3	0	112	254	62	0	3	0	2	0	74	60	0	3	0	0	
0	0	0	0	0	0	0	0	0	2	52	56	40	1	0	0	0	1	20	72	170	0	2	1	1	0	11	101	103	0	3	0	1	0	8	164	125	74	44	12	0	0	3	149	14	26	62	29	1	0	15	109	0	1	0	0	0	0	0	0	0	1	2	1	
0	0	0	4	0	73	31	0	0	0	4	0	70	234	34	0	0	3	0	99	220	46	0	2	3	0	108	210	82	33	0	1	0	59	200	93	243	183	0	2	0	84	204	216	220	63	0	2	0	0	44	68	20	0	1	0	0	0	0	0	1	2	0	0	
0	1	0	0	0	2	0	0	1	0	64	23	0	9	73	1	0	109	175	13	0	114	151	0	0	201	44	0	29	226	59	0	0	129	182	130	202	232	102	0	0	1	57	118	203	17	0	1	0	3	0	43	107	0	4	0	0	0	2	5	3	1	0	0	
0	1	2	0	0	1	0	0	1	0	11	181	166	30	0	2	0	8	189	246	244	135	0	4	0	23	186	32	163	139	0	4	0	2	0	89	232	42	11	3	0	5	164	255	240	224	219	23	0	29	210	150	105	61	45	1	0	0	0	0	0	0	0	0	
0	0	2	0	0	0	0	0	0	1	0	33	90	143	35	0	2	0	110	253	255	200	19	0	0	13	240	168	99	207	49	0	0	60	255	44	0	93	179	0	0	7	233	119	8	193	138	0	2	0	76	226	232	155	5	0	0	1	0	25	38	0	1	0	
0	1	3	1	0	0	0	0	0	0	1	3	7	12	4	1	0	5	155	223	157	219	184	0	0	72	207	62	52	225	67	0	0	4	0	18	213	81	0	3	0	2	0	172	128	0	5	0	2	0	147	186	0	3	0	0	0	12	181	49	0	2	0	0	
0	0	0	0	0	1	1	0	0	93	160	138	90	28	0	1	0	41	79	90	121	192	50	0	0	0	1	0	4	202	56	0	0	2	0	14	177	143	0	3	2	0	85	244	236	154	105	0	2	0	121	156	56	16	2	0	0	0	0	0	0	0	0	0	
0	0	0	0	0	0	0	0	0	0	1	0	28	165	8	0	0	0	4	0	122	188	0	2	0	2	0	33	229	51	0	2	0	1	0	184	149	0	3	0	2	0	127	230	15	0	1	0	0	5	193	89	0	2	0	0	0	0	1	0	1	0	0	0	
0	0	0	1	0	1	0	0	0	1	0	35	19	0	1	0	0	0	0	99	25	12	0	1	2	0	55	60	74	65	1	0	3	0	71	84	144	88	22	0	0	0	0	23	101	0	0	0	0	0	0	13	84	0	2	0	0	0	0	2	11	0	0	0	
0	0	0	2	2	4	3	0	0	0	1	1	3	0	0	0	0	3	0	59	183	128	154	26	2	0	36	236	224	79	53	6	0	14	39	86	184	8	0	1	0	133	149	128	112	0	5	0	0	17	111	81	0	1	0	0	0	0	0	0	1	0	0	0	
0	0	1	0	0	0	0	0	0	0	6	88	103	40	0	1	2	0	115	63	48	108	0	3	2	0	95	59	72	25	0	1	0	0	0	144	165	24	0	1	0	0	2	97	15	114	36	0	0	0	0	108	75	114	28	0	0	0	0	10	50	23	0	1	
0	0	1	4	0	63	60	0	0	1	2	0	102	214	48	0	1	0	8	166	151	5	0	1	0	3	177	105	14	105	21	0	0	115	130	4	208	226	36	0	0	105	182	183	244	80	0	2	0	4	55	78	36	0	1	0	0	0	0	0	0	2	0	0	
0	0	1	0	0	0	0	0	0	0	0	88	110	73	4	0	3	0	79	105	0	47	27	0	3	0	85	90	35	101	33	0	2	0	82	172	115	103	78	0	0	38	124	0	0	10	118	0	0	69	85	0	5	99	77	0	0	9	29	0	8	44	2	0	
0	0	0	0	7	31	4	0	1	0	8	160	210	239	75	0	1	0	21	127	82	214	30	0	0	2	1	0	164	117	0	3	0	1	17	167	202	34	8	0	7	190	255	253	228	207	30	0	4	136	99	25	38	10	0	0	0	0	0	0	0	0	0	0	
0	0	0	0	4	35	1	0	0	0	2	0	89	118	0	0	0	2	0	53	111	0	2	0	0	1	0	128	55	3	0	0	1	0	32	151	81	111	0	1	3	0	70	82	64	82	0	2	1	0	14	97	67	0	0	0	0	0	0	0	0	2	0	0	
0	0	0	2	4	3	4	2	0	0	1	1	0	0	0	0	0	2	0	33	93	78	121	50	1	0	19	212	205	114	121	48	1	0	53	189	146	0	4	0	0	58	165	151	71	0	6	1	0	0	113	93	0	1	0	0	0	0	0	0	1	0	0	0	
0	0	0	1	0	0	0	0	0	1	0	28	212	74	0	3	0	1	0	186	211	160	0	1	3	0	74	190	32	183	4	0	4	0	152	100	0	187	37	0	3	0	190	106	48	176	20	0	2	0	48	187	155	17	0	1	0	0	0	1	0	1	1	0	
0	0	1	3	0	0	0	0	0	1	2	0	80	192	131	0	1	0	10	186	208	141	88	0	0	0	197	188	0	135	89	0	0	127	186	0	0	208	94	0	0	202	116	34	128	215	29	0	0	95	217	194	149	44	0	1	0	0	0	0	0	0	1	0	
0	0	0	0	0	0	0	0	2	0	78	141	83	0	0	0	1	0	88	84	203	93	0	3	2	0	33	150	235	61	0	3	1	0	24	75	102	159	17	0	0	0	3	0	3	193	49	0	3	0	103	161	192	109	0	2	1	0	19	66	25	0	1	0	
0	0	0	1	3	4	4	1	0	0	1	2	0	0	0	0	0	2	0	14	84	90	153	78	1	0	7	178	159	66	73	30	0	34	116	206	106	0	4	0	0	78	185	131	38	0	4	1	0	6	61	18	0	1	0	0	0	0	0	1	1	0	0	0	
0	0	0	0	0	0	0	0	0	0	13	31	29	3	0	0	2	0	86	163	177	132	0	3	0	0	4	0	124	121	0	4	0	0	1	1	193	46	0	2	0	2	0	63	173	0	2	0	0	0	0	180	65	0	2	0	1	0	24	133	3	0	0	0	
0	0	0	2	0	1	0	0	0	0	2	1	5	1	57	9	0	2	0	99	73	72	169	0	1	0	124	195	97	182	26	0	0	79	244	117	221	101	0	4	0	15	1	67	156	0	1	0	2	0	35	212	28	0	1	0	1	0	21	54	0	1	0	0	
0	0	0	0	0	0	0	0	0	1	0	40	54	0	2	0	0	2	0	56	104	0	3	0	0	2	0	56	119	0	3	0	0	3	0	75	117	0	3	0	0	4	0	117	91	0	3	0	0	3	0	82	61	0	2	0	0	0	0	0	0	0	0	0	
0	0	2	0	0	0	0	0	0	1	0	74	118	71	4	0	2	0	146	246	211	218	7	0	1	0	65	45	171	106	0	3	1	0	10	175	235	101	90	0	0	89	255	225	153	204	118	0	0	106	90	4	0	0	0	0	0	0	0	1	4	3	3	0	
0	0	0	0	0	0	0	0	0	0	10	116	5	0	0	0	0	2	0	163	47	0	2	0	0	3	0	109	109	0	3	0	0	2	0	46	164	0	1	0	0	0	1	0	156	52	0	2	0	0	2	0	75	103	0	3	0	0	0	0	0	1	0	0	
0	0	1	3	0	0	1	0	0	1	3	0	55	115	24	0	0	1	0	123	214	177	191	18	2	0	163	222	6	75	231	7	0	87	229	13	0	124	154	0	0	152	228	120	167	206	54	0	0	56	175	158	103	15	0	1	0	0	0	0	0	1	2	0	
0	0	0	0	1	1	0	0	0	23	155	176	55	0	2	0	0	42	71	62	205	35	0	2	0	0	3	0	78	146	0	3	1	0	26	59	55	151	0	2	4	0	134	169	232	120	0	4	1	0	28	155	158	16	0	1	0	0	0	3	2	0	0	0	
0	0	3	4	4	1	0	0	0	0	0	1	0	18	23	3	1	0	91	150	144	219	213	55	2	0	152	236	226	117	14	4	3	0	68	252	145	0	2	0	0	37	223	127	172	0	2	0	0	20	160	147	51	0	2	0	0	0	0	0	0	0	0	0	
0	1	0	78	90	0	0	0	0	1	0	50	137	78	0	3	0	0	5	0	81	84	0	3	0	0	0	4	156	21	0	1	0	1	24	146	153	10	16	0	0	16	231	212	165	200	93	0	0	3	40	5	0	11	3	0	0	0	0	1	2	0	0	0	
0	0	0	0	0	1	0	0	0	0	3	0	86	105	0	3	0	0	3	0	175	90	0	3	0	1	0	34	195	6	0	1	0	4	0	129	177	0	2	0	1	0	10	225	79	0	3	0	2	0	31	177	12	0	1	0	0	0	0	0	0	0	0	0	
0	0	0	0	0	0	0	0	0	0	0	4	113	6	0	0	0	1	0	12	147	3	0	0	0	1	0	40	138	0	2	0	0	3	0	82	120	0	4	0	0	3	0	136	72	0	2	0	0	0	4	127	13	0	1	0	0	0	1	3	0	0	0	0	
0	0	3	3	2	2	0	0	0	0	0	0	0	3	5	0	2	0	58	190	190	206	146	0	0	13	226	145	166	255	77	0	0	9	29	0	180	152	0	3	0	2	0	141	220	6	0	1	3	0	103	236	27	0	2	0	3	0	123	113	0	4	0	0	
0	0	0	2	1	0	0	0	2	0	33	191	144	8	0	1	0	0	15	31	119	128	0	4	0	0	2	0	57	170	0	3	2	0	45	122	192	145	0	4	3	0	139	203	223	151	23	0	2	0	68	160	29	5	10	0	0	0	0	0	2	2	0	0	
0	0	0	0	1	0	0	0	0	0	0	2	0	135	33	0	0	0	3	0	78	170	0	1	0	0	0	5	191	50	0	2	0	3	0	126	160	0	3	0	2	0	54	240	46	0	2	0	2	0	142	111	0	2	0	0	0	0	1	0	0	0	0	0	
0	1	0	11	62	15	0	1	0	0	0	143	202	138	0	3	0	0	11	10	85	159	0	3	0	1	0	20	217	61	0	3	0	103	200	176	68	17	44	0	0	142	227	217	57	166	102	0	0	3	0	66	157	106	0	0	0	1	2	0	0	0	1	0	
0	0	0	1	0	0	0	0	0	0	0	0	79	148	55	0	0	1	0	145	166	235	123	0	3	0	62	194	118	158	0	0	1	0	9	212	253	64	0	3	3	0	98	133	114	96	0	3	1	0	192	188	146	15	0	1	0	0	27	58	8	0	0	0	
0	0	1	1	0	1	0	0	0	0	0	7	32	9	0	0	1	0	22	112	98	97	0	0	3	0	114	46	7	133	29	0	2	0	54	109	191	50	0	0	0	3	0	98	92	0	2	0	2	0	38	130	0	2	0	0	2	0	65	52	0	2	0	0	
0	0	2	0	0	0	0	0	0	1	0	26	107	135	26	0	3	0	107	221	144	241	81	0	2	0	75	84	141	191	3	0	0	17	6	103	253	145	0	4	0	96	190	4	194	133	0	4	0	16	190	250	174	9	0	1	0	0	10	37	3	0	0	0	
0	0	0	0	2	87	40	0	0	1	0	10	154	87	12	0	0	3	0	119	94	0	2	0	1	0	25	133	0	1	1	0	3	0	75	156	153	158	0	1	4	0	94	255	235	136	0	3	1	0	28	78	61	3	0	0	0	0	0	0	0	1	0	0	
0	0	3	0	0	0	0	0	0	0	0	9	40	51	76	0	0	3	123	202	193	244	149	0	0	30	221	62	31	215	50	0	0	0	95	193	245	89	0	3	1	0	3	176	239	61	0	3	4	0	123	255	159	20	0	1	1	0	22	45	9	0	0	0	
0	0	4	26	2	1	0	0	3	0	68	161	0	3	1	0	4	0	111	177	50	24	0	1	4	0	158	233	156	193	21	0	4	0	162	168	0	122	123	0	2	0	28	215	148	135	157	0	0	1	0	26	123	136	35	0	0	0	1	1	0	0	0	0	
0	0	1	1	0	0	0	0	0	0	0	0	11	8	8	0	1	0	13	192	214	241	82	0	3	0	65	150	120	208	3	0	0	2	0	46	231	44	0	2	1	0	0	197	107	0	3	0	3	0	133	146	0	4	0	0	0	0	147	44	0	2	0	0	
0	0	0	0	0	0	0	0	0	0	4	24	31	7	0	0	2	0	100	117	137	105	0	4	0	0	17	0	102	67	0	2	0	1	0	22	147	1	0	0	0	3	0	109	83	0	3	0	1	0	15	145	3	0	0	0	1	0	36	83	0	2	0	0	
0	0	0	0	2	0	0	0	0	0	0	2	0	151	49	0	0	0	3	0	104	193	0	0	0	1	0	34	218	38	0	2	0	2	0	186	150	0	3	0	3	0	66	210	7	0	1	0	3	0	133	108	0	3	0	0	0	0	1	1	1	0	0	0	
0	0	0	0	0	0	0	0	0	6	71	0	47	38	0	1	0	23	155	0	91	122	0	4	0	57	132	0	56	135	0	3	0	111	169	93	141	220	35	0	0	59	121	58	71	186	11	0	0	0	0	0	0	147	19	0	0	2	4	3	0	20	6	0	
0	0	1	2	0	1	1	0	0	0	1	0	15	6	0	0	1	0	8	175	197	221	65	0	4	0	142	188	127	191	12	0	1	0	26	85	228	27	0	2	1	0	7	206	75	0	3	0	4	0	136	172	0	4	0	0	1	0	145	59	0	2	0	0	
0	0	0	0	0	0	0	0	0	0	2	0	81	38	0	1	0	0	2	0	127	24	0	1	0	1	0	21	136	0	1	0	0	3	0	75	131	0	4	0	0	3	0	113	78	0	3	0	0	2	0	116	38	0	1	0	0	0	0	1	0	0	0	0	
0	0	1	0	0	2	1	0	0	0	4	23	28	8	0	0	0	4	194	219	190	217	67	0	0	17	113	0	63	208	28	0	0	1	0	18	220	58	0	3	0	0	0	192	142	0	2	0	3	0	117	175	0	3	0	0	1	0	146	47	0	2	0	0	
0	0	0	0	0	0	0	0	0	1	0	71	127	0	1	0	1	0	5	220	216	0	0	0	0	2	0	69	199	0	0	0	0	1	0	15	164	4	0	0	0	1	0	70	237	60	0	2	1	0	1	162	194	55	0	2	0	0	0	0	0	0	0	0	
0	0	1	3	0	0	0	0	0	1	4	0	82	215	122	0	0	1	0	151	195	211	108	0	0	0	172	198	0	96	98	0	0	104	214	0	19	217	98	0	0	202	151	136	230	110	0	2	0	100	183	131	38	0	1	0	0	0	0	0	0	3	0	0	
0	0	1	1	0	1	1	0	0	3	0	82	150	15	0	1	1	0	7	180	200	170	11	0	3	0	141	96	0	151	66	0	0	7	155	14	0	144	65	0	0	2	166	29	77	186	9	0	3	0	78	182	148	29	0	1	0	0	0	6	1	1	1	0	
0	0	0	0	1	0	0	0	0	0	2	0	83	138	0	3	0	0	2	0	186	113	0	4	0	2	0	70	207	3	0	1	0	1	0	205	128	0	4	0	3	0	63	223	17	0	1	0	3	0	114	105	0	3	0	0	0	0	0	0	1	0	0	0	
0	0	0	0	0	0	0	0	0	1	85	105	92	29	0	1	0	2	35	9	60	144	0	1	0	2	0	66	129	27	0	1	0	1	0	72	118	42	0	2	0	0	1	0	34	111	0	3	1	0	67	77	94	39	0	1	1	0	28	54	17	0	1	0	
0	0	0	0	0	2	0	0	0	0	4	34	0	36	88	0	2	0	52	158	0	149	107	0	2	0	164	202	175	183	0	0	0	20	178	105	222	65	0	3	0	3	0	118	153	0	3	0	2	0	38	219	27	0	1	0	1	0	17	39	1	0	0	0	
0	0	0	0	9	40	0	0	0	0	1	0	152	112	0	3	0	3	0	115	146	0	3	0	1	0	9	204	83	0	0	0	4	0	84	241	171	90	0	3	5	0	114	255	165	99	0	3	2	0	39	141	63	0	1	0	0	0	0	0	0	1	0	0	
0	0	0	0	0	1	0	0	1	0	23	29	0	34	98	0	4	0	122	105	0	137	148	0	1	0	163	60	74	199	12	0	0	106	255	152	220	131	0	4	0	84	58	4	197	39	0	2	0	3	0	96	201	1	0	1	0	3	0	23	21	0	1	0	
0	0	0	0	0	2	0	0	2	0	26	166	86	0	2	0	4	0	115	111	167	77	0	3	4	0	162	83	14	194	11	0	4	0	157	98	0	178	36	0	4	0	112	169	63	189	3	0	1	0	0	157	182	32	0	2	0	0	0	0	0	1	1	0	
0	0	1	0	0	1	0	0	0	0	2	51	4	18	17	0	2	0	55	158	0	151	56	0	2	0	178	186	162	167	0	1	0	33	165	54	197	90	0	3	0	1	0	14	182	20	0	1	0	3	0	89	203	0	0	1	0	2	0	51	53	0	2	0	
0	0	0	0	0	1	0	0	0	15	125	132	70	0	1	0	0	29	144	77	172	69	0	3	0	0	4	0	125	102	0	3	0	2	0	45	177	5	0	1	0	2	0	155	92	87	55	0	0	1	0	170	196	109	6	0	0	1	0	21	23	0	1	0	
0	0	0	1	2	3	0	0	0	0	0	2	0	0	8	9	0	2	0	11	163	139	178	63	0	1	0	163	200	41	24	3	0	27	110	133	196	6	0	1	0	80	165	105	118	0	3	0	0	7	104	87	0	0	0	0	0	0	0	0	1	0	0	0	
0	0	0	0	2	2	0	0	0	0	2	0	64	69	0	3	0	0	3	0	136	46	0	2	0	1	0	19	151	0	0	0	0	2	0	64	121	0	3	0	0	3	0	137	87	0	3	0	0	1	0	120	23	0	1	0	0	0	0	0	0	0	0	0	
0	0	1	1	0	0	0	0	0	1	0	31	23	7	13	0	2	0	24	230	172	231	127	0	1	0	25	45	113	178	5	0	0	3	0	69	202	19	0	1	2	0	51	216	34	0	3	0	0	15	217	75	0	4	0	0	0	32	92	0	3	0	0	0	
0	0	0	0	0	0	0	0	0	0	0	2	42	0	0	0	0	1	0	28	119	0	3	0	0	1	0	33	105	0	3	0	0	1	0	39	71	0	2	0	0	2	0	44	65	0	2	0	0	1	0	38	71	0	2	0	0	0	0	4	13	0	0	0	
0	0	1	1	0	1	0	0	0	1	2	10	0	22	81	0	2	0	44	134	0	143	110	0	0	0	192	197	179	183	2	0	0	50	175	53	224	68	0	3	0	4	0	71	148	0	3	0	0	1	0	192	73	0	3	0	0	0	0	24	4	10	1	0	
0	1	1	0	0	1	0	0	1	0	3	72	63	0	1	0	0	18	204	214	209	190	4	0	0	158	169	0	164	255	12	0	0	214	78	127	230	216	12	0	0	98	214	146	75	233	12	0	0	0	6	0	39	237	43	0	0	2	0	4	0	72	44	0	
0	0	0	1	0	1	0	0	0	0	1	5	0	61	39	0	0	0	8	101	0	145	28	0	3	0	82	206	160	133	0	3	3	0	122	94	141	76	0	3	0	1	0	14	138	2	0	0	0	2	0	73	144	0	3	0	0	1	0	16	17	0	0	0	
0	0	0	0	1	1	0	0	0	0	4	11	4	0	0	0	4	0	99	148	100	27	0	1	4	0	107	56	24	62	0	2	3	0	70	41	23	80	0	3	0	0	2	0	58	82	0	3	0	0	3	0	82	71	0	3	0	0	2	0	55	47	0	2	
0	0	1	2	0	1	1	0	0	1	0	9	81	44	0	1	1	0	14	144	144	218	23	0	3	0	116	70	81	202	1	0	3	0	131	180	239	46	0	2	0	1	0	172	94	0	3	0	2	0	59	198	3	0	0	0	2	0	52	50	0	1	0	0	
0	0	1	1	2	0	0	0	0	0	7	108	11	0	0	0	3	0	65	242	79	0	2	0	3	0	142	177	235	45	0	2	2	0	64	155	82	136	0	3	0	0	6	0	53	156	0	3	1	0	13	119	196	116	0	4	0	0	0	7	35	6	0	0	
0	0	1	4	0	2	1	0	0	0	0	0	9	2	0	0	1	0	14	151	192	220	106	0	3	0	120	155	148	200	22	0	0	3	0	98	183	0	0	1	2	0	36	214	29	0	3	0	0	2	202	86	0	4	0	0	0	60	147	0	3	0	0	0	
0	0	0	0	0	1	0	0	2	0	57	169	84	0	0	0	1	0	34	71	200	93	0	4	1	0	7	120	205	44	0	2	1	0	19	131	171	58	0	2	0	0	9	0	91	123	0	4	3	0	88	152	156	18	0	1	1	0	13	61	18	0	1	0	
0	0	1	2	0	0	0	0	0	1	0	7	83	85	0	1	1	0	10	185	187	158	0	2	1	0	41	75	96	84	0	3	0	4	7	97	228	170	116	0	0	169	254	204	122	111	64	0	0	64	73	0	0	0	0	0	0	0	0	1	4	4	2	0	
0	0	1	0	0	0	0	0	0	1	0	20	65	13	0	1	1	0	62	118	119	100	0	3	0	0	18	0	75	65	0	2	0	1	0	10	165	17	0	1	0	3	0	107	97	0	3	0	2	0	45	147	0	1	0	0	2	0	45	45	0	2	0	0	
0	0	0	3	0	73	13	0	0	0	5	0	102	165	0	0	0	2	0	97	170	3	0	1	3	0	101	191	24	24	4	0	0	44	198	50	227	244	26	0	0	42	177	223	198	67	0	1	1	0	15	65	5	0	0	0	0	1	1	0	2	3	0	0	
0	0	0	1	5	3	0	0	0	1	0	21	153	98	0	0	0	1	0	112	58	75	44	0	2	0	71	83	0	54	54	0	0	0	101	12	0	107	37	0	0	0	109	0	59	101	0	2	2	0	74	130	95	7	0	0	0	0	0	11	3	1	0	0	
0	0	0	1	4	3	0	0	0	0	1	2	0	0	14	15	0	1	0	8	101	137	180	80	1	0	0	163	151	33	12	0	0	1	77	255	167	0	3	0	0	84	146	162	89	0	3	0	0	17	118	59	0	1	0	0	0	0	0	0	2	0	0	0	
0	0	0	0	0	0	0	0	0	1	0	42	65	44	0	1	1	0	8	173	109	31	0	1	2	0	56	197	134	63	0	2	1	0	24	34	25	147	0	0	0	0	2	0	47	145	0	2	1	0	23	109	141	33	0	1	1	0	17	103	22	0	1	0	
0	0	0	0	0	0	0	0	0	2	0	89	158	110	1	0	2	0	35	205	83	178	42	0	0	0	6	33	95	173	3	0	0	6	16	121	209	177	0	3	0	69	143	0	96	154	0	3	0	53	177	153	153	16	0	1	1	0	43	48	0	0	0	0	
0	0	0	0	0	0	0	0	0	0	0	0	61	4	0	0	0	0	0	12	106	0	1	0	0	1	0	21	84	0	2	0	0	1	0	38	99	0	3	0	0	2	0	57	77	0	3	0	0	2	0	63	54	0	2	0	0	0	0	10	6	0	0	0	
0	0	2	0	0	2	3	0	0	0	0	69	91	17	0	1	3	0	120	182	116	187	76	0	0	38	185	2	0	214	128	0	0	45	208	162	252	186	0	0	0	5	43	148	207	20	0	1	1	0	19	217	43	0	2	0	1	0	27	91	2	1	0	0	
0	0	2	0	0	1	1	0	0	1	0	147	219	63	0	2	3	0	108	255	152	206	36	0	0	39	241	89	0	135	139	0	0	91	217	0	0	72	188	0	0	18	230	171	58	171	177	0	2	0	44	169	217	193	40	0	0	1	1	0	0	0	1	0	
0	0	1	0	1	1	0	0	0	0	4	12	0	55	84	0	3	0	82	134	0	165	87	0	0	12	216	215	191	197	1	0	0	151	183	24	177	111	0	3	0	31	0	32	197	12	0	1	0	3	0	130	140	0	3	0	0	2	0	26	11	0	0	0	
0	0	1	0	1	1	0	0	1	0	20	75	7	0	0	0	4	0	140	254	136	0	2	0	3	0	165	115	255	65	0	3	3	0	175	247	255	131	0	4	1	0	44	107	128	187	0	3	0	0	3	0	84	191	0	3	0	0	3	0	36	77	0	1	
0	0	1	1	0	0	0	0	0	1	0	35	122	107	0	0	1	0	6	195	199	204	10	0	1	0	17	139	194	127	0	3	2	0	42	176	215	117	0	4	0	20	168	5	178	92	0	3	0	12	209	209	130	0	1	0	1	0	28	32	0	1	0	0	
0	0	0	2	0	0	0	0	2	0	65	189	73	0	2	0	1	0	95	49	148	1	0	0	0	1	0	112	209	68	0	2	0	1	0	63	34	152	36	0	2	0	54	87	0	160	45	0	1	0	14	137	186	97	0	2	0	0	0	0	4	0	0	0	
0	0	1	1	0	2	1	0	0	1	0	29	90	12	0	1	2	0	36	190	122	141	22	0	3	0	163	86	79	252	31	0	2	0	188	196	245	146	0	3	1	0	30	87	202	23	0	1	1	0	8	220	92	0	3	0	1	0	22	101	7	0	0	0	
0	0	0	2	3	0	1	0	1	0	7	118	104	55	0	2	4	0	135	133	0	168	52	0	0	15	188	17	0	66	140	0	0	77	176	0	0	85	136	0	0	36	206	14	67	192	32	0	2	0	114	188	153	32	0	2	0	1	0	4	1	1	1	0	
0	0	1	2	0	0	0	0	0	1	0	12	87	111	70	0	1	0	12	193	206	249	205	0	0	4	198	150	0	112	176	0	0	122	176	0	57	230	68	0	0	213	103	137	238	86	0	2	0	163	230	169	31	0	3	0	0	6	13	0	1	3	0	0	
0	0	5	6	0	0	0	0	0	41	113	118	4	0	0	0	0	127	52	34	15	0	2	0	0	35	102	115	167	36	0	1	0	3	0	83	100	105	47	0	0	4	0	63	132	4	90	2	0	0	1	0	108	179	103	0	0	0	0	1	0	5	3	0	
0	0	2	3	0	0	0	0	0	0	0	2	8	99	110	0	2	0	49	170	190	255	117	0	2	0	47	214	209	88	0	2	1	0	12	187	180	0	2	0	0	10	189	107	159	20	0	1	0	41	194	152	69	0	1	0	0	0	3	4	0	0	0	0	
0	0	0	0	0	1	0	0	0	3	67	103	103	43	0	2	0	56	141	4	2	20	1	0	0	4	112	92	92	67	0	1	0	1	0	110	182	136	9	0	0	0	14	153	0	80	67	0	0	1	0	83	112	117	50	0	0	0	0	0	25	49	1	0	
0	0	0	2	1	3	2	0	0	0	0	2	6	0	0	0	0	2	0	131	221	192	141	0	2	0	41	182	204	232	51	0	0	3	0	63	189	20	0	1	2	0	33	223	52	0	4	0	0	25	212	85	0	4	0	0	0	87	125	0	4	0	0	0	
0	0	12	52	0	1	0	0	3	0	87	135	0	6	1	0	2	0	152	41	0	1	0	0	0	22	164	4	79	86	9	0	0	11	163	128	113	139	132	0	3	0	99	201	82	143	102	0	0	1	0	46	96	73	2	0	0	0	2	0	0	0	1	0	
0	0	0	2	0	1	0	0	0	0	0	3	67	20	0	1	0	2	0	123	192	135	0	2	3	0	73	190	102	214	5	0	3	0	70	179	248	92	0	3	0	3	0	121	162	0	9	0	3	0	71	213	16	0	4	0	2	0	53	48	0	2	0	0	
0	0	1	2	0	0	0	0	0	0	1	1	41	62	5	0	0	0	0	122	89	45	8	0	3	0	97	121	13	106	10	0	3	0	79	149	147	162	0	2	0	0	0	4	155	30	0	1	0	3	0	94	119	0	3	0	0	1	0	57	20	0	0	0	
0	0	0	3	1	0	1	1	0	0	3	0	37	137	40	0	0	3	0	90	229	229	201	5	3	0	123	224	39	47	190	0	0	83	200	5	0	155	122	0	0	154	202	139	211	139	3	0	0	56	147	106	28	0	2	0	0	0	0	0	0	3	1	0	
0	0	0	0	0	0	0	0	0	8	81	172	150	0	0	0	0	56	168	45	180	31	0	1	0	1	0	29	157	0	1	0	0	3	0	90	228	22	0	2	1	0	3	193	198	203	135	1	2	0	53	163	0	51	39	0	0	0	0	0	2	0	0	0	
0	0	0	4	0	62	74	0	0	0	3	0	41	221	68	0	0	2	0	49	187	40	0	2	2	0	45	174	109	55	0	1	0	4	175	151	177	193	16	0	0	29	193	231	183	114	6	0	1	0	16	63	18	0	0	0	0	0	0	0	0	2	0	0	
0	2	38	21	3	0	0	0	0	46	143	124	89	0	2	0	0	18	15	0	113	33	0	1	0	1	0	11	146	15	0	0	0	2	0	108	73	0	2	0	1	0	24	199	129	124	56	0	0	0	0	38	58	107	86	0	0	0	0	0	0	0	0	0	
0	0	1	0	0	0	0	0	0	1	0	46	135	152	34	0	3	0	85	253	129	140	145	0	1	0	35	42	27	176	76	0	1	0	17	176	240	160	0	3	28	131	6	55	200	99	0	3	12	190	170	184	125	0	1	0	0	17	66	25	0	2	0	0	
0	0	1	0	0	1	0	0	1	0	29	145	185	38	0	2	0	0	184	122	81	133	0	3	0	23	194	3	11	148	0	0	3	0	144	188	143	217	33	0	4	0	123	195	78	115	121	0	2	0	138	45	0	64	61	0	0	0	0	3	4	4	0	0	
0	0	0	3	0	0	0	0	0	0	3	0	40	120	44	0	0	3	0	92	200	217	189	0	2	0	121	239	12	133	109	0	0	93	213	5	46	192	3	0	0	197	140	89	215	87	0	3	0	91	192	157	41	0	2	0	0	0	0	0	1	2	0	0	
0	0	0	0	0	1	0	0	0	0	11	20	33	5	0	0	2	0	76	147	126	110	0	2	0	0	2	0	48	128	0	3	0	0	4	0	134	54	0	2	0	2	0	87	113	0	2	0	2	0	69	138	0	1	0	0	3	0	87	59	0	2	0	0	
0	0	1	1	0	1	0	0	0	1	1	4	4	6	78	3	1	0	21	126	0	79	168	0	2	0	150	178	103	197	45	0	0	135	226	106	213	119	0	4	0	67	8	58	156	0	1	0	1	0	3	203	64	0	2	0	0	1	8	34	1	1	0	0	
0	0	0	0	0	0	0	0	0	1	0	19	88	0	2	0	0	1	0	24	118	0	2	0	0	1	0	33	106	0	3	0	0	1	0	43	97	0	3	0	0	2	0	53	96	0	3	0	0	1	0	27	82	0	2	0	0	0	0	0	0	0	0	0	
0	0	0	2	1	0	48	13	0	0	3	0	13	158	194	27	0	3	0	40	196	103	0	1	2	0	70	196	77	84	37	0	0	40	200	67	173	254	81	0	0	138	187	177	255	130	3	0	0	47	157	139	61	4	0	0	0	0	0	0	0	2	1	0	
0	1	0	18	40	0	0	0	0	0	0	93	153	54	0	2	0	0	5	6	27	114	0	2	0	0	1	0	22	120	0	2	1	0	50	93	173	98	0	4	0	22	168	112	169	143	48	0	0	3	71	81	7	20	19	0	0	0	0	0	2	1	0	0	
0	0	1	1	0	0	0	0	0	0	0	3	121	167	67	0	1	0	19	189	175	184	180	0	0	0	9	77	122	198	72	0	0	5	0	98	221	174	0	3	2	173	28	0	166	134	0	3	0	189	209	191	150	8	0	1	0	19	59	20	0	2	0	0	
0	0	1	0	2	1	0	0	0	0	8	24	3	0	0	0	0	10	109	131	130	15	0	1	0	4	12	0	76	112	0	4	0	0	2	0	115	53	0	2	0	2	0	61	127	0	2	0	0	3	0	114	44	0	1	0	0	2	0	80	37	0	1	0	
0	0	1	2	0	0	0	0	0	0	0	4	18	19	3	0	1	0	7	194	209	226	198	6	1	0	17	71	88	223	70	0	0	3	0	43	213	61	0	2	2	0	50	216	63	0	5	0	0	34	225	67	0	4	0	0	0	70	137	0	4	0	0	0	
0	0	1	0	1	1	1	0	0	1	0	109	171	46	0	2	2	0	68	101	25	112	11	0	0	7	119	9	0	52	69	0	0	48	95	0	3	13	89	0	0	25	124	6	0	54	96	0	2	0	69	116	103	107	16	0	0	1	0	5	14	2	0	0	
0	0	0	2	0	0	0	0	0	0	1	0	142	168	0	1	0	3	0	153	232	220	35	0	3	0	85	221	0	162	73	0	0	5	207	64	25	202	29	0	0	85	204	112	223	83	0	3	0	42	199	163	32	0	2	0	0	0	0	0	1	3	0	0	
0	0	1	0	0	1	0	0	0	0	0	23	25	0	0	0	2	0	51	122	155	53	0	2	1	0	125	2	55	96	0	3	2	0	98	141	162	91	0	4	0	0	1	29	98	91	0	4	0	0	3	0	41	101	0	3	0	0	1	0	16	76	0	1	
0	0	0	0	0	0	0	0	0	0	3	0	86	112	0	3	0	0	4	0	153	128	0	4	0	1	0	24	214	37	0	2	0	4	0	117	195	0	2	0	1	0	7	223	84	0	3	0	3	0	90	178	5	0	1	0	0	0	3	1	1	0	0	0	
0	0	0	0	1	0	0	0	0	0	0	14	89	0	1	0	0	1	0	38	119	0	3	0	0	2	0	54	117	0	3	0	0	2	0	60	97	0	3	0	0	2	0	61	117	0	3	0	0	1	0	34	116	0	2	0	0	0	0	0	0	0	0	0	
0	0	1	1	0	1	0	0	0	1	1	4	4	0	82	20	1	0	30	132	0	59	188	0	1	0	169	172	53	170	63	0	0	97	231	103	213	144	0	4	0	24	11	11	168	23	0	1	0	3	0	140	156	0	4	0	0	2	0	33	12	0	0	0	
0	0	1	0	22	21	0	1	0	1	0	14	152	45	0	2	0	3	0	104	79	0	3	0	0	0	0	138	18	0	1	0	1	0	6	178	137	23	0	1	1	0	11	159	157	35	0	2	0	2	0	88	73	0	2	0	0	0	0	0	1	1	0	0	
0	0	1	0	0	0	0	0	0	0	0	76	122	130	51	0	3	0	64	209	134	255	65	0	4	0	130	139	122	125	0	3	2	0	45	251	242	26	0	2	1	0	146	133	177	56	0	2	0	7	219	203	148	0	0	0	1	0	27	62	11	0	1	0	
0	0	0	0	0	0	0	0	0	35	147	172	81	0	2	0	0	10	26	46	184	3	1	2	0	2	0	69	173	0	1	0	2	0	63	208	53	18	64	35	0	48	255	204	169	180	169	63	0	18	55	32	21	4	0	0	0	0	0	0	0	0	3	2	
0	0	1	0	0	0	0	0	0	0	0	20	46	97	122	19	3	0	92	201	208	234	162	31	3	0	77	217	180	47	0	2	2	0	59	255	144	0	7	1	0	66	203	41	175	29	0	1	0	98	196	159	136	4	0	1	1	0	27	27	0	0	0	0	
0	0	3	0	0	1	0	0	0	1	0	26	92	25	0	1	0	4	139	222	159	151	10	0	0	8	220	207	30	153	19	0	2	0	34	180	237	100	0	4	0	0	3	0	83	162	0	3	0	2	0	47	208	66	0	2	0	2	0	59	59	0	2	0	
0	0	0	0	0	0	0	0	0	0	3	0	118	54	0	2	0	0	1	0	171	39	0	2	0	1	0	26	176	0	0	0	0	3	0	84	155	0	3	0	1	0	0	193	61	0	2	0	2	0	41	167	1	0	0	0	0	0	0	1	1	0	0	0	
0	0	0	0	3	14	1	0	1	0	7	90	110	114	72	0	1	0	17	78	12	47	122	0	0	1	0	3	0	101	56	0	0	12	68	63	59	92	0	1	1	118	48	119	190	112	40	0	1	98	84	77	5	26	27	0	0	6	13	0	1	0	0	0	
0	0	1	1	0	0	0	0	0	2	0	89	193	168	0	0	3	0	56	255	154	194	25	0	2	0	59	73	42	193	2	0	1	0	36	108	225	110	0	4	0	24	228	245	247	132	0	4	0	18	175	98	96	117	0	3	0	0	0	0	1	0	0	0	
0	2	0	0	0	0	0	0	1	0	28	84	90	139	62	0	0	111	145	103	108	194	54	0	1	35	0	79	185	30	0	1	0	1	0	44	118	138	38	0	1	2	0	3	0	108	90	0	12	114	103	92	145	159	17	0	0	19	59	63	51	4	0	0	
0	0	1	2	0	0	1	0	0	1	0	8	88	50	0	1	1	0	6	169	149	194	35	0	3	0	115	116	0	216	51	0	1	0	194	159	235	154	0	3	0	0	70	132	197	13	0	1	1	0	0	173	69	0	3	0	1	0	21	85	0	2	0	0	
0	0	0	0	0	0	0	0	0	0	0	4	105	5	0	0	0	1	0	28	148	0	1	0	0	2	0	62	112	0	3	0	0	3	0	101	107	0	3	0	0	3	0	95	77	0	3	0	0	2	0	72	66	0	2	0	0	0	0	0	2	0	0	0	
0	0	0	2	0	0	0	0	0	0	0	1	64	138	28	0	0	2	0	140	229	231	27	0	0	0	1	124	226	119	0	4	0	3	73	151	189	117	0	4	0	78	118	0	164	86	0	3	0	53	177	183	122	0	1	0	1	0	47	40	0	1	0	0	
0	0	0	1	1	0	0	0	0	2	0	49	109	0	2	0	0	1	0	33	136	0	2	0	0	1	0	33	133	0	2	0	0	2	0	46	143	0	3	0	0	2	0	69	131	0	4	0	0	2	0	57	100	0	3	0	0	0	0	0	0	0	0	0	
0	0	0	0	1	0	0	0	0	0	1	0	43	141	0	2	0	0	4	0	128	124	0	4	0	0	0	1	196	48	0	2	0	3	0	87	176	0	2	0	1	0	9	217	70	0	3	0	3	0	70	184	1	0	0	0	0	0	0	1	1	0	0	0	
0	1	2	0	0	0	1	1	0	0	9	60	39	74	28	0	0	6	152	164	142	98	171	21	0	111	123	0	11	0	148	63	0	132	45	0	0	6	170	30	0	117	102	0	41	162	93	0	0	22	157	164	158	84	0	1	0	0	4	10	0	0	1	0	
0	0	3	1	0	0	0	0	0	0	0	6	35	65	67	0	1	0	72	166	144	239	117	0	0	21	222	38	69	193	29	0	2	0	66	221	191	19	0	1	1	0	98	166	157	5	1	0	0	22	224	168	110	0	1	0	0	0	38	42	0	0	0	0	
0	0	0	0	0	0	0	0	0	0	0	72	133	60	0	1	1	0	16	80	64	164	0	1	1	0	16	68	150	66	0	2	2	0	34	133	169	15	0	1	0	4	16	0	127	55	0	2	0	3	97	114	156	11	0	1	1	0	11	50	16	0	1	0	
0	0	1	1	0	1	0	0	0	1	0	29	31	1	28	0	0	1	0	161	43	86	114	0	3	0	109	195	98	203	21	0	0	23	238	137	196	121	0	4	0	7	17	47	154	6	0	1	1	0	2	192	48	0	2	0	0	0	15	71	0	1	0	0	
0	0	0	0	0	0	0	0	0	1	18	40	80	17	0	1	0	15	181	168	215	109	0	4	0	1	8	0	171	71	0	2	2	0	45	177	235	144	14	0	0	2	0	160	122	0	3	0	0	0	0	184	44	0	2	0	0	0	1	69	9	0	0	0	
0	0	1	3	0	0	0	0	0	0	1	0	25	21	0	1	1	0	12	156	203	139	0	4	1	0	35	94	92	119	0	4	0	7	99	146	231	171	142	56	0	51	231	198	77	43	53	8	0	0	22	6	0	0	0	0	0	0	0	1	3	2	2	0	
0	0	0	2	0	0	0	0	0	0	1	0	75	75	0	1	0	0	0	78	172	50	0	2	2	0	115	124	80	0	2	0	1	0	66	172	126	11	0	1	0	1	0	65	50	53	0	2	0	2	0	93	105	11	0	1	0	1	0	26	33	0	1	0	
0	0	1	1	0	1	0	0	0	1	0	33	143	36	0	2	1	0	13	159	107	176	9	0	4	0	108	154	50	205	27	0	3	0	90	154	186	130	0	4	0	1	0	31	169	17	0	1	0	1	0	195	116	0	4	0	0	0	1	34	7	0	0	0	
0	1	1	0	0	0	0	0	1	0	11	40	59	70	40	0	0	29	156	128	128	169	74	0	0	130	158	0	33	8	0	0	0	34	152	170	154	189	23	0	0	0	2	0	44	227	38	0	0	2	0	121	218	71	0	2	0	0	2	100	30	0	1	0	
0	0	0	3	1	0	0	0	0	0	0	1	0	25	94	0	1	0	7	104	144	248	127	0	3	0	68	218	159	139	3	0	1	0	18	200	182	7	0	1	0	8	168	69	117	29	0	1	0	52	205	140	93	0	1	0	0	0	37	23	0	1	0	0	
0	0	1	0	0	0	0	0	0	1	0	71	130	151	69	0	3	0	68	186	182	222	34	0	3	0	58	228	196	11	0	1	2	0	61	205	199	69	0	2	0	13	206	29	146	126	0	4	0	35	201	158	174	16	0	1	1	0	35	65	9	0	1	0	
0	1	2	2	2	1	0	0	0	0	0	0	0	0	0	0	1	0	153	170	163	72	0	4	0	103	183	47	191	54	0	2	0	12	7	172	163	58	138	24	3	0	132	218	142	123	128	29	0	0	4	0	0	0	0	0	0	0	0	2	3	4	4	1	
0	0	0	0	0	0	0	0	1	0	34	22	11	93	5	0	3	0	180	86	26	233	13	0	0	14	216	51	97	255	50	0	0	87	255	180	208	196	9	0	0	147	137	0	117	144	0	4	0	7	9	0	88	132	0	4	0	0	2	0	8	22	0	1	
0	0	1	1	0	1	1	0	0	1	0	43	137	175	49	0	1	0	28	141	84	230	56	0	3	0	79	159	158	36	0	1	3	0	66	216	140	38	0	1	0	1	183	45	76	148	0	3	0	5	153	154	112	19	0	1	0	0	2	3	0	0	0	0	
0	0	0	0	0	0	0	0	0	0	155	148	143	73	0	0	0	18	196	79	76	26	5	0	2	0	95	171	150	45	0	2	0	0	1	0	31	197	12	0	0	9	64	30	188	224	4	0	1	0	89	204	178	39	0	2	0	0	0	1	0	0	0	0	
0	0	0	2	0	78	13	0	0	0	4	0	81	166	0	1	0	2	0	46	176	12	0	1	1	0	18	178	108	53	0	1	2	0	142	155	164	187	102	0	0	14	190	214	183	120	46	0	1	0	32	66	25	2	0	0	0	0	0	0	0	2	2	0	
0	0	1	0	8	22	0	1	0	0	8	8	52	87	0	3	0	4	113	97	134	134	0	2	0	7	34	39	129	152	0	1	1	0	38	81	73	114	4	0	0	77	117	0	31	123	2	0	0	24	88	98	100	26	0	1	0	0	0	0	0	1	0	0	
0	0	0	1	2	75	8	0	0	0	4	0	91	163	0	2	0	2	0	57	176	10	0	1	2	0	33	187	147	91	0	0	1	0	165	190	150	166	19	0	0	13	215	246	161	103	0	1	1	0	30	68	33	0	0	0	0	0	0	0	0	2	0	0	
0	0	1	0	0	2	0	0	0	0	0	37	43	1	0	0	1	0	74	120	128	122	0	0	0	7	55	12	0	110	65	0	0	98	120	102	122	176	71	0	0	30	120	81	147	132	126	19	1	0	21	50	10	0	2	1	0	1	1	0	1	4	2	0	
0	0	1	3	0	0	0	0	0	0	2	0	55	79	5	0	1	0	4	124	134	164	70	0	0	0	125	86	2	168	41	0	0	63	188	87	222	124	0	3	0	16	53	92	156	0	0	0	1	0	24	170	25	0	1	0	2	0	48	65	0	2	0	0	
0	0	2	0	1	3	0	0	0	1	0	66	62	0	1	0	3	0	110	171	62	120	8	0	0	16	184	0	116	192	0	2	0	0	153	189	252	92	0	4	1	0	16	31	165	69	0	3	0	1	0	6	169	15	0	1	0	0	1	3	61	5	0	0	
0	0	0	0	2	2	0	0	1	0	14	154	194	184	28	0	1	0	32	122	39	200	31	0	0	1	5	0	129	136	0	4	0	1	0	116	152	0	0	0	0	19	169	247	160	79	0	3	0	123	202	112	114	49	0	2	0	0	0	0	0	0	0	0	
0	0	1	1	0	0	1	0	0	2	0	36	155	69	0	1	2	0	33	216	171	255	116	0	3	0	160	127	0	81	143	0	0	22	197	17	0	88	113	0	0	31	198	0	68	163	15	0	0	0	146	198	151	26	0	1	0	0	3	38	9	0	1	0	
0	0	1	2	0	1	0	0	0	0	1	1	67	46	0	1	0	0	0	128	123	156	24	0	3	0	117	150	46	186	20	0	3	0	104	126	218	74	0	3	0	2	0	112	121	0	3	0	2	0	67	195	5	0	1	0	2	0	62	45	0	2	0	0	
0	0	0	0	0	0	0	0	1	0	67	74	44	23	7	0	0	23	85	1	57	87	36	0	0	28	66	40	57	15	0	1	0	16	114	45	39	94	1	0	0	0	6	3	0	101	29	0	1	0	19	74	53	107	7	0	0	0	0	26	52	17	0	1	
0	0	0	3	0	5	50	5	0	0	3	0	17	167	143	0	0	3	0	74	191	100	0	1	2	0	127	164	47	14	0	1	0	93	163	44	211	192	1	0	0	88	212	236	217	101	0	1	1	0	116	89	8	4	0	0	0	1	0	0	0	2	0	0	
0	0	0	0	2	2	0	0	0	1	0	25	24	0	1	0	0	3	0	143	126	56	0	3	2	0	50	153	148	86	0	3	4	0	107	220	228	79	0	3	1	0	7	131	136	0	2	0	0	2	0	49	127	0	3	0	0	0	0	16	54	0	1	0	
0	0	1	1	0	0	0	0	0	1	0	9	135	213	101	0	0	1	0	196	206	205	166	0	2	0	154	198	0	93	164	0	0	78	217	1	39	219	99	0	0	209	166	151	251	105	0	2	0	152	226	161	37	0	2	0	0	0	0	0	0	2	0	0	
0	0	1	0	0	0	0	0	0	2	0	43	62	58	101	17	2	0	35	200	204	176	96	3	0	23	190	60	0	2	0	0	0	86	207	156	82	0	3	0	1	0	12	82	178	125	0	2	0	0	4	68	136	180	0	0	0	0	0	0	11	6	0	0	
0	0	0	2	3	2	4	1	0	0	1	1	0	0	0	0	0	2	0	47	65	61	125	47	1	0	5	206	241	123	109	32	3	0	92	190	165	0	1	0	0	47	154	159	83	0	6	1	0	14	130	78	0	1	0	0	0	0	0	0	2	0	0	0	
0	1	5	7	1	0	0	0	0	2	156	170	39	0	2	0	2	0	125	35	0	2	1	0	2	0	156	54	34	11	0	0	3	0	78	161	139	155	23	0	0	0	9	34	0	105	136	0	1	0	16	144	138	133	60	0	0	0	0	2	6	0	0	0	
0	0	1	0	1	1	0	0	0	2	0	85	190	141	0	1	2	0	50	192	88	180	6	0	0	0	10	70	198	141	0	4	0	2	0	60	149	197	5	0	0	135	132	11	130	192	0	1	0	60	179	193	149	16	0	1	0	0	0	0	0	1	0	0	
0	0	0	14	6	0	0	0	0	4	0	131	117	0	3	0	1	0	12	227	123	0	4	0	3	0	53	232	122	0	4	0	0	2	0	50	176	0	1	0	1	0	29	33	174	90	0	3	2	0	57	136	133	108	0	1	0	0	0	0	0	0	0	0	
0	0	0	0	0	0	0	0	0	1	0	53	133	177	24	0	1	0	19	174	117	198	24	0	0	0	4	54	194	119	0	4	1	0	13	122	181	129	0	4	0	60	126	0	164	85	0	3	0	23	170	179	118	0	1	0	0	0	3	7	0	1	0	0	
0	0	1	1	0	0	0	0	0	1	0	66	122	32	0	1	2	0	46	118	177	56	0	2	1	0	134	2	94	95	0	3	2	0	76	104	148	113	0	4	0	0	0	3	43	127	0	2	1	0	49	74	117	69	0	2	1	0	11	55	36	0	1	0	
0	0	0	1	1	25	1	0	0	0	3	0	96	170	0	2	0	2	0	53	200	29	0	2	1	0	11	181	80	38	2	0	4	0	110	178	197	228	13	0	3	0	69	255	217	90	0	1	0	0	8	100	12	0	0	0	0	0	1	0	0	3	0	0	
0	1	0	9	8	0	2	0	2	0	29	215	174	46	0	1	2	0	182	149	45	168	99	0	0	44	200	5	0	4	160	45	0	77	185	0	6	0	109	88	0	19	206	146	91	101	173	21	1	0	24	124	159	131	27	0	0	1	1	0	0	0	1	1	
0	0	0	0	0	0	0	0	0	1	0	84	188	105	0	3	2	0	43	170	153	139	0	4	0	0	7	79	203	49	0	2	0	2	21	167	201	120	0	3	0	103	131	0	131	152	0	4	0	47	188	183	150	10	0	1	0	0	2	4	0	1	0	0	
0	0	1	1	0	2	0	0	0	1	0	18	138	98	0	2	1	0	2	174	245	159	0	2	4	0	121	171	0	172	52	0	1	0	184	54	0	140	69	0	2	0	187	100	60	205	18	0	2	0	43	173	189	65	0	2	0	0	0	0	0	1	1	0	
0	0	0	0	0	0	0	0	0	0	3	0	124	77	0	3	0	0	1	0	177	49	0	2	0	1	0	31	172	0	0	0	0	3	0	107	135	0	4	0	1	0	11	196	41	0	2	0	3	0	87	136	0	2	0	0	0	0	1	1	1	0	0	0	
0	0	0	1	0	1	0	0	0	0	0	7	33	4	0	0	0	1	0	88	93	82	0	2	1	0	28	107	104	82	0	3	0	0	0	83	152	4	0	0	0	2	0	55	69	0	2	0	0	1	0	108	20	0	1	0	0	0	4	83	1	0	0	0	
0	0	0	0	0	0	0	0	2	0	50	185	159	154	10	0	3	0	133	196	88	221	26	0	0	1	5	0	137	138	0	3	0	2	0	105	180	2	2	1	0	9	170	255	170	200	162	0	0	101	200	113	102	79	31	0	0	1	0	0	0	0	0	0	
0	0	3	3	4	1	0	0	0	1	0	0	0	7	2	0	1	0	67	91	89	155	11	0	0	97	185	70	139	140	0	4	0	76	41	0	106	81	0	3	0	0	3	0	154	30	0	1	0	3	0	17	156	1	0	0	0	1	0	18	87	0	1	0	
0	0	0	2	3	3	2	0	0	0	0	1	0	0	0	0	0	2	0	42	77	86	146	59	0	1	0	157	112	57	38	10	2	0	80	218	41	0	2	0	0	41	134	160	54	0	3	0	0	4	61	35	0	1	0	0	0	0	0	1	1	0	0	0	
0	0	0	0	0	1	0	0	1	0	10	116	85	0	1	0	2	0	160	118	92	58	0	2	0	5	193	81	152	180	0	1	3	0	108	200	213	169	0	2	0	1	0	28	206	42	0	1	0	4	0	117	222	34	0	1	0	1	0	19	23	0	1	0	
0	0	1	2	0	0	0	0	0	1	3	0	63	165	133	0	0	1	1	155	193	156	187	0	1	0	168	182	0	88	120	0	0	83	199	0	54	184	29	0	0	191	196	165	203	49	0	2	0	85	143	90	7	0	1	0	0	0	0	0	2	2	0	0	
0	0	2	0	0	0	1	0	0	1	0	43	67	141	17	0	1	0	148	184	50	103	136	0	0	95	167	0	3	0	149	39	0	149	77	0	0	34	197	34	0	79	197	164	144	188	80	0	1	0	27	72	56	11	0	1	0	2	0	0	0	1	2	0	
0	0	1	1	0	0	0	0	0	2	0	46	135	138	29	0	2	0	36	216	94	163	76	0	1	0	21	46	90	172	5	0	0	1	0	143	210	160	0	3	19	139	8	0	140	111	0	3	0	140	146	156	140	3	0	1	0	5	60	45	0	1	0	0	
0	0	0	0	0	0	0	0	0	0	0	118	133	13	0	1	0	0	3	90	213	40	0	2	1	0	17	183	255	100	0	3	0	0	6	29	62	180	3	0	1	0	26	20	44	126	0	2	3	0	100	233	175	25	0	1	0	0	0	24	14	0	1	0	
0	0	2	0	0	2	1	0	0	0	0	3	27	7	0	0	1	0	154	213	167	170	177	0	0	2	128	51	13	196	108	0	0	2	0	40	203	63	0	2	1	0	15	197	78	0	6	0	0	19	200	79	0	5	22	0	0	53	143	0	3	0	2	0	
0	0	1	1	0	0	0	0	0	1	0	23	129	153	50	0	1	0	23	180	131	100	83	0	4	0	103	209	172	41	0	2	4	0	155	152	34	146	0	1	4	0	114	103	0	122	6	0	1	0	13	146	177	113	0	3	0	0	0	1	45	15	0	1	
0	0	0	0	1	1	4	0	0	0	0	3	0	130	82	0	0	0	2	0	50	213	17	0	0	1	2	0	199	94	0	3	0	2	0	144	174	0	2	0	2	0	121	210	7	0	1	0	0	2	182	54	0	3	0	0	0	0	0	1	1	0	0	0	
0	0	2	0	1	1	1	0	0	1	0	72	179	84	0	3	3	0	88	129	13	134	18	0	0	20	147	8	0	84	52	0	0	70	98	0	0	92	48	0	0	45	125	0	31	145	9	0	1	0	93	127	122	35	0	2	0	1	0	12	4	0	1	0	
0	0	0	1	2	1	3	1	0	0	2	1	0	0	0	0	0	2	0	51	78	25	77	17	2	0	42	222	171	95	91	14	2	0	47	94	156	4	0	0	0	97	113	119	95	0	5	1	0	21	62	35	0	0	0	0	0	0	0	0	2	0	0	0	
0	1	0	0	1	1	0	0	0	0	84	91	3	0	0	0	0	64	254	255	167	2	0	1	0	126	255	192	255	185	0	0	0	43	238	255	255	226	13	0	1	0	38	115	138	255	112	0	0	1	1	0	9	218	108	0	0	0	2	4	5	28	1	0	
0	0	0	2	3	4	1	0	0	0	1	0	0	0	0	0	0	1	0	125	103	112	146	69	3	0	74	255	172	41	26	10	0	2	59	44	148	0	0	0	0	62	139	138	105	0	4	0	0	6	95	76	0	1	0	0	0	0	0	0	2	0	0	0	
0	0	0	0	0	0	0	0	1	0	69	21	32	6	0	0	0	0	175	18	174	66	0	3	0	0	175	153	250	125	0	4	2	0	109	174	203	133	0	4	0	0	4	0	116	154	0	4	0	0	5	0	76	168	0	3	0	0	0	0	8	16	0	1	
0	0	2	2	0	0	2	0	0	1	0	5	69	65	0	0	2	0	30	165	115	179	104	0	0	23	177	58	16	215	121	0	0	85	202	136	255	130	0	3	0	0	15	183	147	0	3	0	4	0	132	188	0	2	1	0	2	0	89	40	0	2	0	0	
0	0	0	0	1	1	0	0	2	0	99	195	83	0	2	0	0	9	112	55	212	46	0	2	0	0	3	0	101	130	0	4	0	1	0	10	106	161	0	3	2	0	30	190	251	169	0	2	2	0	36	192	136	15	0	0	0	0	0	3	1	0	0	0	
0	0	2	0	0	0	0	0	0	1	0	35	112	153	62	0	1	0	150	205	94	186	145	0	0	8	187	179	83	177	35	0	0	4	0	121	255	79	0	3	1	0	54	180	213	50	0	2	2	0	169	221	98	0	2	0	0	0	18	44	1	0	0	0	
0	1	2	0	0	1	1	0	0	0	1	66	85	18	0	1	0	5	144	142	123	189	33	0	0	90	109	0	9	200	41	0	0	88	100	0	99	200	0	1	0	8	143	157	171	167	0	2	0	0	2	9	16	151	0	0	0	1	3	0	4	53	3	0	
0	0	0	2	2	0	0	0	0	0	2	0	2	94	87	0	0	3	0	41	175	222	197	0	3	0	84	233	51	118	129	0	0	56	200	33	45	187	15	0	0	198	186	145	175	38	0	2	0	61	75	39	0	1	1	0	0	0	0	0	2	2	0	0	
0	0	0	2	3	0	0	0	0	1	2	0	1	57	58	7	0	1	0	36	169	169	223	67	0	13	144	254	89	97	144	0	0	35	237	85	82	160	7	0	0	55	187	136	118	0	2	1	0	42	168	79	0	2	1	0	0	0	0	0	2	0	0	0	
0	0	1	1	0	1	2	0	0	1	0	17	90	36	0	1	2	0	34	179	116	147	63	0	1	0	192	171	66	213	87	0	0	0	101	101	205	140	0	3	0	2	0	61	173	10	0	1	3	0	79	227	21	0	2	0	2	0	59	82	0	3	0	0	
0	0	1	1	0	1	0	0	0	1	0	45	61	0	0	0	2	0	57	124	114	49	0	2	2	0	114	12	46	116	0	3	2	0	105	57	120	86	0	3	1	0	22	82	158	42	0	2	0	0	2	0	118	18	0	1	0	0	1	2	61	6	0	0	
0	0	1	0	0	0	1	0	0	1	0	107	134	135	33	0	3	0	81	231	219	115	147	0	0	0	179	50	4	34	191	2	0	52	170	0	0	144	124	0	0	101	126	0	151	176	0	0	0	50	200	183	147	9	0	1	1	0	36	29	0	2	1	0	
0	0	1	0	45	12	0	0	0	2	0	59	119	0	1	0	0	0	0	139	36	19	0	0	2	0	64	100	75	170	7	0	4	0	96	95	106	116	4	0	3	0	56	172	155	37	0	2	0	0	0	66	43	0	1	0	0	0	1	0	1	1	0	0	
0	0	0	0	1	0	0	0	0	0	3	0	78	126	0	3	0	0	1	0	184	91	0	3	0	2	0	64	195	0	0	1	0	3	0	140	142	0	4	0	1	0	20	240	76	0	3	0	2	0	45	188	20	0	1	0	0	0	0	0	0	0	0	0	
0	0	1	0	0	0	0	0	0	1	0	46	82	111	159	52	2	0	24	238	213	132	103	28	4	0	133	195	0	1	0	0	2	0	58	197	130	9	2	2	0	1	0	32	233	71	0	3	3	0	142	244	157	4	0	1	1	0	24	43	1	0	0	0	
0	0	0	0	0	0	0	0	0	1	29	77	95	12	0	1	13	134	147	106	151	136	0	4	3	11	3	0	82	137	0	3	0	1	0	11	162	41	0	2	2	0	44	254	187	76	53	0	3	0	76	142	104	137	31	0	0	0	0	0	0	0	0	0	
0	0	0	1	0	0	0	0	0	2	0	53	83	0	1	0	1	0	7	148	40	0	1	0	3	0	76	100	24	72	0	2	3	0	66	144	175	64	0	3	0	0	0	11	145	33	0	1	0	0	2	0	102	9	0	0	0	0	0	1	7	0	0	0	
0	2	0	0	0	0	0	0	1	0	20	67	75	11	0	1	0	71	166	98	194	107	0	4	0	28	13	65	223	65	0	3	3	0	65	164	111	154	2	0	0	1	1	0	19	152	1	0	3	0	90	117	145	63	0	2	2	0	57	129	38	0	1	0	
0	1	0	24	28	0	1	0	0	1	0	102	22	0	1	0	2	0	50	106	32	44	0	1	3	0	88	105	98	96	15	0	3	0	110	57	17	96	27	0	3	0	77	113	112	98	0	2	0	0	2	70	62	1	0	0	0	0	1	0	0	2	0	0	
0	0	1	0	1	1	0	0	0	0	2	5	0	38	30	0	2	0	67	80	2	159	24	0	3	0	154	44	100	122	0	4	0	0	156	153	222	121	0	1	0	1	0	40	174	2	0	0	0	2	0	55	150	0	3	0	0	1	0	24	49	0	1	0	
0	0	0	1	0	0	0	0	0	0	0	0	101	21	0	1	0	2	0	47	138	0	1	0	0	3	0	93	73	0	3	0	0	3	0	131	48	0	2	0	0	3	0	120	57	0	2	0	0	3	0	71	59	0	2	0	0	0	0	5	6	0	0	0	
0	0	2	1	1	0	0	1	0	0	2	7	5	21	7	0	3	0	93	196	140	149	144	46	0	41	201	79	64	3	10	15	0	27	145	125	153	143	0	3	0	0	3	0	106	122	0	4	2	0	54	148	128	2	0	0	2	0	117	116	0	1	0	0	
0	0	0	0	1	0	0	0	0	1	0	30	70	0	2	0	0	2	0	62	117	0	3	0	0	2	0	62	118	0	3	0	0	2	0	54	130	0	3	0	0	1	0	35	134	0	3	0	0	1	0	20	93	0	2	0	0	0	0	0	0	0	0	0	
0	0	2	0	75	18	0	1	0	2	0	102	187	2	0	0	2	0	43	201	17	0	1	0	4	0	144	85	35	171	60	0	2	0	163	120	150	183	73	0	3	0	123	243	230	117	0	1	1	0	10	74	44	0	1	0	0	0	1	0	0	2	0	0	
0	0	1	1	0	1	0	0	0	2	0	93	133	7	0	1	1	0	29	178	150	149	0	3	2	0	36	172	76	133	0	3	0	3	0	101	238	12	0	1	0	2	0	123	210	21	0	1	0	2	0	159	222	27	0	2	0	1	0	21	35	0	1	0	
0	1	2	1	3	4	3	0	0	0	5	11	0	0	0	0	0	19	165	193	78	87	110	0	0	24	60	49	171	237	58	0	0	0	1	0	153	61	0	2	0	4	0	120	129	0	5	0	2	0	48	224	21	0	1	0	3	0	85	129	0	1	0	0	
0	1	0	47	11	0	1	0	2	0	56	168	0	0	1	0	0	0	149	46	0	27	3	0	0	48	117	29	185	176	84	0	0	45	89	117	67	29	141	0	0	1	103	176	122	110	33	0	1	0	12	73	66	8	0	0	0	0	2	0	0	1	2	0	
0	0	2	0	0	0	0	0	0	1	0	43	134	111	10	0	2	0	90	159	60	160	162	0	3	0	159	62	41	167	66	0	3	0	57	248	195	36	0	1	0	23	164	89	166	0	3	0	0	7	130	141	87	0	2	0	1	0	21	52	0	0	0	0	
0	0	0	0	0	1	0	0	1	0	27	99	113	51	0	2	3	0	92	112	39	167	0	0	0	0	1	55	157	224	33	0	1	0	143	255	233	100	95	20	0	51	255	214	48	0	1	0	0	17	74	21	0	4	2	0	0	0	0	1	3	0	0	0	
0	0	1	2	0	1	1	0	0	0	0	2	58	33	0	1	1	0	11	127	92	143	13	0	4	0	111	79	34	190	5	0	2	0	38	122	202	36	0	2	0	3	0	95	111	0	3	0	1	0	26	162	9	0	0	0	1	0	35	53	0	2	0	0	
0	0	0	10	5	0	0	0	1	0	76	107	116	0	0	0	0	1	8	32	122	0	0	0	1	0	2	187	119	0	1	0	0	0	3	14	111	100	0	3	0	0	5	0	82	131	0	3	2	0	44	152	104	11	0	1	0	0	2	6	0	1	0	0	
0	0	1	2	0	0	0	0	0	1	0	14	193	202	19	0	1	0	10	190	127	185	50	0	3	0	161	140	0	118	78	0	0	47	177	0	0	161	60	0	0	114	162	4	154	160	0	2	0	26	173	197	120	4	0	0	0	0	1	3	0	2	0	0	
0	0	0	3	8	0	0	0	1	0	17	132	158	67	0	2	2	0	50	178	130	111	0	3	0	3	0	119	239	5	0	1	0	0	1	141	168	106	0	3	2	0	49	168	51	181	0	3	1	0	5	144	171	70	0	2	0	0	0	1	2	0	0	0	
0	0	0	0	1	1	0	0	0	0	0	0	3	172	56	0	0	0	4	0	127	172	0	2	0	2	0	39	225	36	0	2	1	0	3	198	95	0	3	0	4	0	121	223	17	0	1	0	2	0	143	153	12	0	1	0	0	0	0	0	0	0	0	0	
0	3	4	2	2	2	3	0	0	0	0	0	0	0	0	0	0	90	124	125	120	128	92	0	0	69	58	39	0	167	167	0	0	0	3	0	112	178	5	0	0	5	0	84	188	5	0	1	1	0	30	197	29	0	2	0	3	0	119	104	0	4	0	0	
0	0	0	0	5	3	0	0	1	0	69	160	167	197	56	0	0	0	159	91	33	226	41	0	0	2	1	0	172	127	0	2	1	0	7	154	113	0	3	0	0	67	236	218	83	149	110	0	0	125	120	134	155	106	23	0	0	0	0	0	0	0	0	0	
0	0	2	1	0	3	1	0	0	2	0	78	41	0	2	0	2	0	57	175	7	87	13	0	0	13	186	26	46	195	103	0	0	24	170	140	212	193	66	0	0	1	0	87	162	0	2	0	0	4	0	133	107	0	5	0	0	1	0	27	36	0	0	0	
0	0	0	0	0	0	0	0	0	111	144	145	158	87	0	1	0	72	107	72	169	198	0	2	0	2	0	55	207	64	0	2	3	0	85	255	202	194	130	0	0	0	16	18	32	216	70	0	0	25	162	113	162	91	0	2	0	0	46	70	27	0	2	0	
2	4	3	2	3	4	1	0	0	0	0	0	0	0	0	0	58	159	170	163	147	136	24	0	42	106	62	36	64	233	62	0	0	0	1	0	8	179	22	0	1	4	5	0	92	157	0	4	0	0	4	0	130	84	0	3	0	0	3	0	168	73	0	3	
0	0	1	1	0	1	0	0	0	1	0	38	11	16	49	0	1	0	31	154	0	147	96	0	4	0	168	167	112	226	12	0	1	0	46	109	233	75	2	0	0	3	0	102	141	0	3	0	1	0	8	194	38	0	2	0	1	0	16	76	0	0	0	0	
0	0	1	2	0	0	0	0	0	0	0	3	19	0	0	0	0	0	4	97	127	4	0	0	3	0	80	133	136	78	0	3	1	0	19	53	108	63	0	3	0	0	2	0	116	26	0	1	0	0	0	13	107	0	0	0	0	0	0	0	69	7	0	0	
0	3	3	4	4	4	3	0	0	0	0	0	0	0	0	0	0	107	179	138	112	84	82	1	0	87	77	72	83	219	161	0	0	0	2	0	61	158	7	0	0	4	0	24	190	31	0	2	1	0	0	180	93	0	4	0	2	0	48	170	1	0	0	0	
0	0	1	1	0	0	0	0	0	1	0	37	134	147	79	0	1	0	24	199	126	70	29	0	3	0	149	118	0	3	0	0	3	0	158	209	138	15	0	1	1	0	10	117	179	155	0	3	0	2	0	55	194	148	0	2	0	0	1	0	22	11	0	0	
0	1	0	0	0	0	0	0	1	0	49	131	150	103	4	0	0	71	191	63	47	223	152	0	0	38	180	62	149	139	20	0	1	0	15	214	243	123	49	0	3	0	85	143	0	183	211	0	0	19	213	130	125	102	14	0	0	9	39	30	8	0	0	0	
0	0	1	3	4	1	0	0	0	1	0	0	0	0	0	0	0	0	35	75	106	45	0	2	0	65	120	59	159	58	0	3	0	7	12	136	96	51	72	6	1	0	30	121	70	61	12	0	0	0	0	0	0	0	0	0	0	0	1	4	3	2	0	0	
0	0	3	1	0	0	0	0	0	0	0	3	29	21	0	1	1	0	80	133	93	157	30	0	0	50	177	27	54	187	18	0	0	6	94	102	199	115	0	4	0	2	0	45	163	0	0	0	1	0	20	172	48	0	2	0	3	0	73	74	0	3	0	0	
0	0	1	1	1	0	1	0	1	0	14	128	177	120	15	0	2	0	130	104	77	94	122	0	0	30	139	0	1	1	115	6	0	75	93	0	0	25	133	0	0	60	142	0	8	135	81	0	1	0	103	154	151	90	0	1	0	1	0	8	5	0	1	0	
0	0	1	3	0	0	0	0	0	1	3	0	49	153	129	0	1	1	1	130	193	169	160	0	0	0	150	121	6	92	154	0	0	131	117	0	0	150	92	0	2	193	45	42	165	142	0	2	0	83	168	153	77	0	1	0	0	0	0	0	0	2	0	0	
0	0	3	0	0	0	0	0	0	1	0	77	117	120	27	0	1	0	124	188	82	26	3	0	0	84	255	155	127	69	0	1	0	15	25	27	95	196	0	2	0	0	10	0	133	157	0	4	2	0	68	167	177	19	0	1	0	0	5	52	10	0	1	0	
0	0	0	0	2	0	3	0	0	0	0	3	0	135	116	0	0	0	5	0	111	234	17	0	0	3	0	57	238	56	0	2	2	0	33	221	67	0	3	0	0	0	205	166	0	4	0	0	0	29	182	43	0	1	0	0	0	0	0	0	0	0	0	0	
0	0	0	0	0	0	0	0	1	0	148	204	164	67	0	1	1	0	42	35	117	227	5	0	0	2	0	47	198	107	0	1	2	0	47	229	70	0	3	0	4	0	161	185	46	138	82	0	2	0	48	198	192	135	22	0	0	0	0	0	0	0	0	0	
0	0	0	0	7	3	0	0	1	0	6	169	174	201	58	0	0	0	4	23	51	219	30	0	0	1	0	7	205	88	0	3	0	0	0	170	129	0	2	0	0	1	174	170	23	120	42	0	0	45	221	172	170	99	6	0	0	0	0	6	1	0	0	0	
0	0	0	0	0	0	0	0	0	1	0	29	58	0	2	0	0	1	0	35	115	0	3	0	0	1	0	28	103	0	2	0	0	1	0	28	104	0	3	0	0	1	0	28	106	0	3	0	0	1	0	28	100	0	2	0	0	0	0	5	14	0	0	0	
0	0	0	0	0	0	0	0	1	0	49	86	76	50	0	1	1	0	88	127	230	163	0	2	3	0	83	237	168	17	0	1	2	0	71	135	141	191	0	0	0	0	2	0	128	137	0	2	0	9	87	169	142	0	1	0	0	4	114	76	0	1	0	0	
0	0	1	2	0	0	0	0	0	0	0	0	59	63	0	0	1	0	6	113	82	140	33	0	3	0	115	108	14	116	5	0	2	0	59	114	209	53	0	2	0	2	0	59	112	0	3	0	0	2	0	135	43	0	1	0	0	0	4	62	2	0	0	0	
0	0	1	2	0	2	0	0	0	1	0	16	38	0	55	35	1	0	2	166	67	88	163	20	3	0	136	105	72	191	5	0	3	0	135	159	238	114	0	3	0	2	0	172	104	0	3	0	1	0	9	217	63	0	2	0	1	0	12	90	18	0	1	0	
0	0	1	1	0	0	2	0	0	2	0	79	207	108	0	3	2	0	46	239	208	241	98	0	1	0	190	166	0	102	237	15	0	36	236	32	0	82	195	5	0	38	243	100	133	226	41	0	0	6	158	230	206	50	0	3	0	0	0	0	0	0	1	0	
0	0	0	2	0	0	0	0	0	1	1	5	38	45	61	15	0	1	0	117	209	141	129	35	0	0	142	117	0	0	0	0	0	26	184	137	159	33	0	3	0	3	11	26	180	37	0	2	0	16	99	138	77	0	2	0	0	0	0	0	1	1	0	0	
0	0	3	4	1	0	0	0	5	7	0	0	0	3	0	0	60	191	158	107	23	0	1	0	4	24	68	133	195	106	0	2	0	0	1	0	9	193	51	0	0	1	4	0	17	209	48	0	0	0	1	0	152	108	0	2	0	0	0	1	15	1	1	0	
0	0	2	0	34	66	0	2	0	1	0	22	192	76	0	2	1	0	7	187	79	0	3	0	3	0	140	109	42	184	99	0	0	19	160	109	160	174	110	0	0	17	178	222	234	131	0	1	1	0	36	83	52	1	1	0	0	0	0	0	0	2	1	0	
0	0	0	3	0	0	3	1	0	0	2	0	34	5	0	0	0	1	0	113	151	0	66	22	3	0	142	229	77	193	201	9	3	0	113	255	244	130	9	0	0	40	199	182	34	0	2	1	0	74	113	0	0	4	1	0	0	0	0	3	2	0	0	0	
0	0	0	3	4	3	2	0	0	1	3	2	0	0	0	0	3	0	132	156	83	83	48	0	0	71	139	50	82	218	68	0	0	19	11	0	86	132	0	3	0	0	0	8	179	32	0	1	0	4	0	105	127	0	4	0	0	2	0	112	41	0	1	0	
0	0	1	2	0	0	0	0	0	0	0	2	70	52	0	1	1	0	9	139	97	92	33	0	3	0	134	71	8	127	8	0	2	0	93	126	189	53	0	2	0	2	0	77	127	0	3	0	0	3	0	112	63	0	2	0	0	1	0	55	57	0	0	0	
0	0	0	0	0	0	0	0	1	0	19	85	131	131	51	0	3	0	87	176	54	120	135	0	0	2	0	113	107	122	57	0	1	0	6	102	235	59	0	2	0	3	161	70	137	24	0	1	0	19	166	117	113	0	2	0	1	0	31	55	0	0	0	0	
0	0	0	0	0	0	0	0	0	2	0	67	30	0	1	0	0	3	0	112	78	0	3	0	0	3	0	72	91	0	3	0	0	2	0	55	132	0	3	0	0	1	0	24	135	0	1	0	0	0	1	0	133	26	0	1	0	0	0	0	14	6	0	0	
0	0	2	1	0	2	2	0	0	0	0	17	36	8	0	0	2	0	60	130	92	132	50	0	4	0	123	89	19	227	67	0	1	0	20	100	218	116	0	3	0	2	0	70	143	0	2	0	2	0	32	184	20	0	1	0	3	0	77	94	0	3	0	0	
0	1	1	0	0	1	0	0	2	0	67	103	0	22	48	0	0	0	214	129	0	131	198	0	0	72	205	0	4	226	98	0	0	56	229	123	194	196	0	0	1	0	82	125	234	122	0	4	0	1	0	3	213	67	0	3	0	0	3	4	32	8	0	0	
0	0	2	2	0	1	1	0	0	1	0	2	26	14	0	0	2	0	50	182	190	213	56	0	0	39	188	43	0	229	122	0	0	46	192	103	193	170	0	2	1	0	37	108	221	35	0	2	0	4	0	87	140	0	4	0	0	2	0	77	93	0	3	0	
0	0	1	0	26	4	0	0	0	2	0	58	116	0	0	0	1	0	28	157	10	21	9	0	3	0	127	64	39	152	64	0	0	2	133	68	108	78	53	0	2	0	125	198	119	96	0	0	1	0	16	106	57	0	0	0	0	0	1	0	0	2	0	0	
0	1	0	2	2	0	0	0	1	0	35	24	1	27	2	0	0	14	183	174	147	208	9	0	0	11	19	39	135	128	0	3	0	1	0	25	163	13	0	1	0	3	0	140	74	0	3	0	2	0	29	215	40	0	1	0	1	0	20	90	5	0	0	0	
0	0	0	5	7	0	0	0	1	0	29	144	166	70	0	2	0	0	7	0	42	169	0	2	0	0	7	56	170	92	0	3	1	0	21	120	180	93	0	3	0	73	51	0	130	135	0	4	0	28	149	180	128	0	0	0	0	0	3	6	0	1	0	0	
0	0	0	2	1	1	0	0	0	0	2	1	0	27	75	0	0	2	0	96	22	140	71	0	2	0	79	145	82	149	0	3	3	0	110	161	201	37	0	2	0	3	0	98	117	0	3	0	0	0	1	168	31	0	1	0	0	0	4	33	2	0	0	0	
0	0	9	14	0	1	1	0	3	0	93	124	0	6	0	0	4	0	127	140	0	6	5	0	3	0	175	102	0	144	153	0	4	0	151	148	29	246	106	0	1	0	15	164	252	127	0	3	0	0	2	0	87	42	0	1	0	0	1	2	0	0	0	0	
0	0	0	0	1	0	0	0	0	0	1	0	19	142	6	0	0	0	4	0	146	140	0	3	0	2	0	38	219	20	0	1	0	1	0	186	137	0	3	0	3	0	114	203	0	0	0	0	0	13	179	29	0	1	0	0	0	1	1	1	1	0	0	0	
0	1	1	0	0	2	0	0	2	0	104	22	0	1	0	0	0	33	156	9	0	93	58	0	0	69	137	0	34	230	54	0	0	5	169	127	146	185	34	0	1	0	29	95	29	148	13	0	0	1	1	0	5	121	6	0	0	0	1	4	1	0	0	0	
0	0	0	2	2	3	4	1	0	0	1	0	0	0	0	0	0	1	0	32	61	84	109	41	2	0	49	179	114	114	74	16	1	0	28	132	85	0	1	0	0	23	44	94	155	0	4	1	0	10	95	108	10	0	1	0	0	0	0	0	1	0	0	0	
0	0	1	0	0	0	0	0	1	0	22	10	20	66	0	1	3	0	155	69	27	166	0	2	0	5	185	17	30	204	20	0	0	3	185	150	188	241	35	0	2	0	56	130	189	151	0	4	0	0	4	0	138	84	0	3	0	0	3	3	14	8	0	0	
0	0	1	2	0	0	0	0	0	0	0	3	38	61	103	23	1	0	20	146	140	134	226	36	4	0	99	203	106	133	70	0	3	0	59	212	223	46	0	2	0	3	173	63	163	37	0	1	0	21	187	158	85	0	2	0	1	0	38	33	0	2	0	0	
0	0	2	1	0	0	0	0	0	0	2	12	9	66	105	12	2	0	36	179	144	116	56	2	0	12	190	59	0	0	0	0	0	0	65	108	115	29	0	1	0	24	40	0	49	139	0	2	0	13	132	105	136	60	0	2	1	0	19	68	27	0	1	0	
0	0	1	1	0	0	0	0	0	0	0	17	51	74	18	0	3	0	61	179	128	167	125	0	3	0	79	161	0	117	91	0	1	0	11	199	212	74	0	1	2	0	64	82	148	26	0	1	3	0	147	184	90	0	2	0	2	0	74	92	0	0	0	0	
0	0	0	0	0	0	0	0	0	2	0	91	77	0	2	0	0	3	0	179	198	0	2	0	0	4	0	145	197	0	2	0	0	3	0	103	222	0	0	1	0	2	0	55	250	34	0	2	0	2	0	43	238	40	0	2	0	0	0	4	29	0	0	0	
0	0	2	2	0	0	1	0	0	1	0	7	95	218	77	0	2	0	31	184	169	182	151	0	0	7	200	85	0	19	174	5	0	111	150	0	0	118	129	0	0	121	155	0	109	182	13	0	0	19	162	181	148	18	0	1	0	0	1	5	0	2	1	0	
0	4	13	0	1	2	0	0	0	45	90	0	3	0	0	0	0	35	114	0	40	135	10	0	0	8	112	0	91	101	30	0	3	0	119	44	96	90	35	0	2	0	40	126	146	138	0	0	0	1	0	41	133	47	0	2	0	0	1	1	0	1	0	0	
0	0	3	1	0	0	1	0	0	1	0	0	18	33	3	0	0	1	84	134	124	134	107	0	0	127	144	22	11	109	137	0	0	71	142	95	189	186	2	0	0	2	0	62	166	10	0	1	2	0	58	202	30	0	2	0	2	0	130	68	0	3	0	0	
0	0	2	0	9	38	7	0	0	2	0	73	135	143	44	0	2	0	111	190	99	26	1	0	0	85	153	0	17	130	104	0	0	157	28	0	0	21	174	5	0	152	93	57	89	176	104	0	0	18	96	108	113	55	0	1	0	1	0	0	0	0	2	0	
0	0	0	0	0	0	0	0	1	0	26	79	91	76	45	0	2	0	59	157	125	221	179	0	0	1	0	25	120	153	19	0	0	39	219	255	155	0	0	1	0	6	41	38	200	88	0	3	0	42	114	126	154	17	0	1	0	35	126	71	6	0	0	0	
0	0	0	0	0	0	0	0	0	1	0	18	117	0	0	0	0	2	0	52	148	0	3	0	0	3	0	93	164	0	4	0	0	4	0	122	167	0	4	0	0	3	0	153	135	0	4	0	0	2	0	144	69	0	2	0	0	0	0	0	0	0	0	0	
0	0	2	0	1	0	0	0	3	0	88	170	172	185	132	0	0	0	13	22	30	232	139	0	0	3	0	23	184	136	0	1	2	0	43	218	94	0	7	2	0	46	242	142	83	144	83	0	0	78	225	182	141	62	5	0	0	0	0	0	0	0	0	0	
0	18	59	24	2	0	0	0	0	89	175	143	122	22	0	1	0	2	1	3	13	135	17	0	0	1	3	0	73	165	5	0	1	0	11	116	169	22	0	1	0	14	215	255	145	123	145	21	0	11	88	62	58	51	32	2	0	0	0	0	0	0	0	0	
0	0	1	1	0	0	0	0	0	1	0	43	24	5	34	0	1	0	23	166	142	209	104	0	0	0	15	6	132	110	0	2	0	3	0	98	151	0	3	0	1	0	29	176	13	0	1	0	4	0	152	136	0	4	0	0	1	0	67	23	0	1	0	0	
0	1	2	0	0	2	0	0	0	0	7	59	75	10	0	1	0	21	188	167	156	152	0	1	0	149	156	0	95	179	0	2	0	83	187	103	221	142	0	4	1	0	38	52	118	149	0	4	0	2	4	0	99	178	0	2	0	0	2	1	7	82	9	0	
0	0	1	0	0	0	1	0	0	0	0	20	42	8	28	40	3	0	83	136	103	89	158	65	3	0	80	123	0	136	67	0	0	2	0	126	219	63	0	3	0	9	116	122	158	28	0	1	0	41	159	97	55	0	1	0	0	0	1	1	0	0	0	0	
0	0	0	6	9	0	0	0	1	0	43	101	120	26	0	1	2	0	73	108	80	49	0	1	1	0	17	192	196	164	0	0	0	3	160	54	0	71	52	0	0	0	131	52	5	117	97	0	1	0	30	144	164	128	9	0	0	0	1	0	2	0	0	0	
0	0	0	0	2	0	5	2	0	0	0	3	0	58	92	0	0	0	3	0	59	172	11	0	0	2	0	39	175	30	0	2	1	0	1	170	57	0	3	0	3	0	117	118	0	5	0	0	2	0	140	35	0	1	0	0	0	0	0	1	0	0	0	0	
0	1	3	3	0	0	0	0	0	0	0	0	4	40	32	0	0	15	68	97	113	108	39	0	0	91	143	48	91	83	86	21	0	60	149	95	47	12	123	35	0	87	115	0	27	131	54	0	0	8	0	28	107	33	0	1	0	0	2	0	0	0	2	0	
0	0	0	1	0	42	18	0	0	0	2	0	113	212	33	0	0	3	0	99	200	57	0	2	2	0	47	145	54	59	0	1	3	0	121	117	93	174	24	0	2	0	160	211	132	97	0	1	2	0	56	141	79	2	0	0	0	0	0	0	0	2	0	0	
0	0	0	1	1	0	0	0	0	9	128	172	155	16	0	1	0	23	92	2	159	96	0	4	0	1	0	22	182	32	0	1	1	0	36	168	60	0	2	1	0	9	220	198	130	137	132	44	0	4	30	37	53	54	40	2	0	0	0	0	0	0	0	0	
0	0	0	0	2	1	0	0	0	0	0	4	0	68	66	0	0	0	3	0	50	231	53	0	0	1	0	29	222	82	0	3	1	0	1	198	99	0	4	0	3	0	112	158	0	4	0	0	1	0	178	78	0	3	0	0	0	0	21	25	0	1	0	0	
1	0	35	23	0	1	0	0	2	0	65	164	80	0	2	0	0	3	0	146	150	0	4	0	1	0	6	174	180	75	0	2	0	0	2	0	49	200	6	0	0	21	132	143	229	129	0	2	0	0	116	147	63	0	0	0	0	0	0	0	0	2	0	0	
0	0	1	2	0	0	0	0	0	1	1	3	133	214	63	0	1	0	0	156	122	77	133	0	0	0	170	130	0	100	102	0	0	91	170	0	9	194	48	0	0	163	107	46	178	92	0	2	0	59	182	173	58	0	2	0	0	0	0	0	0	2	0	0	
0	0	1	2	0	0	0	0	0	1	2	0	7	107	4	0	1	0	34	73	36	178	0	1	0	3	193	119	112	148	0	4	0	60	187	156	231	59	0	3	0	2	0	43	176	0	0	0	0	3	0	68	107	0	3	0	0	0	0	0	0	0	0	0	
0	0	1	3	0	0	0	0	0	0	1	0	6	15	104	8	1	0	22	88	0	163	145	0	2	0	140	54	86	151	0	1	1	0	131	159	156	7	1	1	2	0	46	195	14	0	1	0	2	0	159	74	0	3	0	0	0	0	28	3	1	0	0	0	
0	1	3	3	1	1	1	0	0	1	0	0	0	0	0	0	0	25	177	105	30	8	5	1	0	159	123	132	180	214	178	0	5	81	5	0	51	235	59	0	0	1	0	14	214	86	0	3	0	5	0	148	144	0	4	0	0	1	0	88	25	0	1	0	
0	0	0	2	3	3	3	1	0	0	2	1	0	0	0	0	0	0	0	65	71	71	85	34	2	0	68	152	106	114	96	26	1	0	142	131	34	0	2	0	0	9	30	129	58	0	5	1	0	23	80	27	0	1	0	0	0	0	0	1	1	0	0	0	
0	0	0	2	0	0	0	0	0	1	0	22	112	23	0	1	0	1	0	116	86	74	0	2	2	0	41	107	0	98	0	1	2	0	41	41	4	102	0	1	2	0	46	35	32	84	0	3	2	0	36	89	106	30	0	1	0	0	0	41	28	0	1	0	
0	0	0	0	0	0	0	0	0	2	0	74	154	108	16	0	0	1	0	9	129	242	23	0	1	0	15	103	173	58	0	2	2	0	68	219	190	63	0	2	0	0	1	0	164	128	0	4	0	82	134	155	97	0	0	0	0	42	56	11	0	1	0	0	
0	0	0	0	0	0	0	0	0	2	0	70	62	0	1	0	0	1	0	127	61	0	1	0	1	0	18	141	50	12	0	1	0	0	4	69	93	89	0	3	0	0	2	0	63	86	0	3	0	1	0	48	110	7	0	1	0	0	0	28	9	0	0	0	
0	0	2	1	0	0	0	0	0	1	0	3	59	62	2	0	2	0	50	186	148	205	59	0	0	18	161	49	0	115	168	0	0	69	168	41	160	202	52	0	0	1	84	147	222	39	0	2	0	3	0	153	111	0	6	0	0	1	0	69	15	0	0	0	
0	0	0	1	1	0	0	0	0	0	2	0	83	39	0	1	0	1	0	8	196	34	0	2	0	2	0	67	158	0	3	0	0	3	0	139	70	0	2	0	1	0	15	168	9	0	0	0	2	0	51	97	0	3	0	0	0	0	1	2	0	0	0	0	
0	0	1	2	0	1	0	0	0	1	0	6	12	0	59	43	1	0	16	160	32	80	191	14	0	13	190	72	40	176	18	0	0	50	181	147	201	28	0	3	1	0	20	187	48	0	3	0	3	0	110	121	0	4	0	0	0	0	12	4	1	0	0	0	
0	0	0	0	0	0	0	0	0	0	2	19	20	4	0	0	0	21	147	158	189	116	0	4	0	4	15	0	96	116	0	4	0	0	3	0	141	83	0	3	0	0	0	0	171	32	0	1	0	2	0	58	171	0	2	0	0	2	0	63	101	0	3	0	
0	0	0	0	0	0	0	0	0	1	0	61	93	33	0	1	0	1	0	104	166	216	20	0	0	0	1	0	87	166	5	0	2	0	63	227	171	0	0	1	0	0	5	18	155	25	0	1	0	9	46	62	155	13	0	1	0	7	80	103	28	0	1	0	
0	1	0	1	3	0	0	0	0	1	31	10	0	3	0	0	0	133	217	214	119	0	1	0	0	208	63	9	169	148	0	1	0	77	208	130	183	255	51	0	2	0	59	169	144	197	104	0	0	2	1	3	0	99	164	0	0	0	2	4	2	11	36	0	
0	0	1	0	0	1	2	0	0	2	1	0	1	1	1	1	1	0	34	13	0	24	105	14	0	67	125	0	21	130	38	0	0	76	112	88	151	42	0	2	0	2	0	62	179	4	1	0	0	3	0	26	42	0	0	0	0	0	0	0	0	0	0	0	
0	0	1	3	1	0	0	0	0	0	0	0	6	3	0	0	1	0	17	106	198	74	0	3	4	0	97	218	240	51	0	2	1	0	24	77	172	47	0	2	0	0	3	0	153	49	0	2	0	0	2	0	162	40	0	2	0	0	0	7	102	6	0	0	
0	0	5	3	0	0	0	0	2	0	58	188	153	130	49	0	0	1	1	24	67	234	155	0	0	3	0	48	178	108	2	0	1	0	95	194	46	0	2	0	0	122	192	31	41	93	33	0	0	113	192	182	146	80	15	0	0	0	4	2	0	0	0	0	
0	0	1	4	1	0	0	0	0	13	12	0	0	30	51	0	0	67	203	161	167	254	162	0	0	4	44	47	148	200	5	0	0	2	0	90	186	17	0	1	2	0	50	200	51	10	0	0	4	0	114	233	141	24	0	1	2	0	48	114	13	0	1	0	
0	0	1	2	0	0	1	0	0	1	3	0	97	134	2	0	1	0	9	156	187	170	110	0	0	13	188	120	0	22	138	0	0	156	129	0	3	149	123	0	0	164	179	122	191	136	0	0	0	10	105	113	32	0	2	0	0	1	0	0	0	3	1	0	
0	0	0	0	0	0	0	0	0	0	0	129	188	22	0	1	0	2	0	116	234	19	0	1	1	0	18	220	76	0	3	0	4	0	100	175	0	3	0	0	2	0	36	182	103	38	0	0	0	1	0	36	149	182	60	0	0	0	1	1	0	2	5	0	
0	0	0	0	1	1	1	0	0	0	1	2	0	0	0	0	0	0	0	7	30	21	33	12	0	0	12	105	108	99	84	24	2	0	43	172	45	0	2	0	0	15	60	104	55	0	4	1	0	15	39	3	0	0	0	0	0	0	0	1	2	0	0	0	
0	0	2	1	0	0	0	0	0	1	0	17	54	7	0	0	2	0	80	206	254	107	0	4	0	21	213	179	255	95	0	4	0	12	187	195	240	54	0	3	0	0	12	7	191	50	0	2	0	1	3	0	176	91	0	3	0	0	3	0	50	58	0	2	
0	0	0	3	2	0	0	0	0	1	2	0	0	27	17	0	1	0	3	74	165	187	152	0	0	23	176	148	34	13	160	8	0	161	93	0	12	162	104	0	0	177	125	128	184	80	0	1	0	29	125	90	15	0	3	0	0	1	0	0	1	3	0	0	
0	0	0	0	0	0	0	0	0	2	0	47	120	0	2	0	0	2	0	68	173	0	2	0	0	3	0	73	158	0	3	0	0	4	0	113	164	0	3	0	0	4	0	118	133	0	4	0	0	3	0	88	106	0	3	0	0	0	0	0	0	0	0	0	
0	0	0	0	1	2	0	0	0	0	0	3	0	12	90	21	0	0	3	0	18	184	135	0	0	3	0	40	209	100	0	2	2	0	51	227	81	0	5	0	0	53	223	67	0	5	0	0	0	136	88	0	5	0	0	0	0	7	2	2	0	0	0	0	
0	0	0	0	0	0	0	0	0	0	1	0	88	13	0	0	0	0	0	12	115	0	0	0	0	1	0	37	112	0	3	0	0	2	0	63	82	0	3	0	0	3	0	102	81	0	3	0	0	2	0	76	36	0	1	0	0	0	0	0	0	0	0	0	
0	0	0	0	0	0	0	0	1	0	14	82	117	102	2	0	2	0	62	127	124	191	0	0	0	1	0	38	127	17	0	1	2	0	105	232	114	16	0	1	0	0	137	93	173	86	0	3	1	0	18	98	125	6	0	1	0	0	12	63	15	0	1	0	
0	0	3	1	0	0	0	0	0	1	0	25	96	63	0	0	2	0	77	215	135	108	23	0	0	31	244	81	88	179	4	0	0	21	195	165	222	188	0	2	0	0	11	0	181	108	0	4	0	1	2	0	184	52	0	2	0	0	2	0	34	19	0	1	
0	0	0	0	6	4	0	0	2	0	90	155	159	176	22	0	1	0	48	46	19	184	18	0	0	0	3	0	134	112	0	3	0	2	0	77	128	0	1	0	2	0	98	230	90	80	13	0	0	34	175	126	114	107	13	0	0	1	1	0	0	0	0	0	
0	0	0	0	0	0	0	0	0	0	0	13	96	0	0	0	0	1	0	38	135	0	3	0	0	2	0	53	96	0	3	0	0	3	0	70	88	0	3	0	0	3	0	86	134	0	3	0	0	2	0	47	135	0	2	0	0	0	0	0	0	0	0	0	
0	0	1	2	0	1	0	0	0	1	0	6	67	27	0	1	2	0	31	158	156	150	0	2	0	0	148	32	78	205	0	0	0	16	178	129	245	98	0	3	1	0	47	114	165	0	0	0	0	3	0	148	74	0	2	0	0	0	3	85	11	0	0	0	
0	0	0	0	0	0	0	0	0	2	118	121	91	62	14	0	0	8	219	152	118	189	111	0	3	0	163	144	73	13	0	1	2	0	38	222	134	177	44	0	2	0	66	69	0	120	130	0	2	0	34	170	148	187	75	0	0	1	0	17	42	40	1	0	
0	0	0	0	1	1	0	0	0	0	1	0	41	113	0	2	0	0	4	0	145	109	0	4	0	1	0	25	178	10	0	1	0	3	0	131	114	0	3	0	1	0	24	181	9	0	1	0	1	0	32	148	3	0	0	0	0	0	0	5	2	0	0	0	
0	0	0	1	0	1	0	0	0	1	0	25	135	44	0	2	0	2	0	169	255	204	3	0	2	0	45	241	84	174	9	0	4	0	137	147	142	119	0	3	0	5	188	59	168	22	0	1	1	0	154	211	60	0	2	0	1	0	14	25	0	1	0	0	
0	0	2	0	33	81	0	1	0	2	0	46	173	91	0	2	2	0	33	186	37	0	2	0	1	0	164	64	4	117	88	0	0	57	142	64	142	158	161	0	0	37	181	213	184	120	10	0	1	0	45	72	22	0	1	0	0	0	0	0	0	3	1	0	
0	0	1	1	0	0	0	0	0	0	0	8	84	47	0	1	0	1	0	175	170	212	18	0	3	0	89	153	91	177	0	1	4	0	145	175	195	25	0	1	2	0	42	246	86	0	3	0	1	0	7	190	25	0	1	0	0	0	1	92	25	0	1	0	
0	0	1	1	0	0	1	0	0	2	0	16	133	125	24	0	1	0	20	186	179	148	136	0	0	3	191	109	0	32	179	0	0	125	147	0	0	160	121	0	0	192	47	27	158	164	0	0	0	124	209	188	105	0	1	0	0	3	24	3	0	2	1	0	
0	0	0	0	0	2	0	0	0	1	0	64	89	8	0	1	1	0	20	75	39	116	0	1	0	0	1	81	116	89	7	0	0	2	0	143	98	0	3	0	1	0	31	79	81	20	0	0	1	0	26	94	84	7	0	0	0	0	0	41	21	0	1	0	
0	0	0	0	2	0	0	0	0	0	0	4	0	121	102	0	0	0	4	0	109	217	22	0	0	3	0	107	232	34	0	2	3	0	73	239	40	0	3	0	0	0	213	100	0	5	0	0	0	0	162	79	0	3	0	0	0	0	0	1	0	0	0	0	
0	0	0	0	0	1	0	0	0	0	2	57	70	11	0	1	3	0	67	141	130	142	0	1	0	0	4	0	8	160	6	0	0	1	3	0	119	121	0	3	0	0	0	119	138	0	0	0	0	15	135	93	0	1	0	0	0	37	45	0	3	1	0	0	
0	0	0	0	1	1	0	0	0	0	1	3	0	98	54	0	0	1	8	0	41	183	10	0	0	0	0	3	181	64	0	2	0	3	0	126	127	0	4	0	3	0	75	174	0	2	0	0	3	0	132	78	0	3	0	0	0	0	0	1	1	0	0	0	
0	0	0	0	8	3	2	1	1	0	25	106	98	55	0	0	1	0	106	30	0	75	124	30	2	0	88	126	102	151	99	10	3	0	54	222	170	0	0	1	3	0	104	45	106	81	0	3	2	0	30	162	156	33	0	2	0	0	0	3	4	0	0	0	
0	0	2	1	0	0	0	0	0	1	0	19	77	86	131	32	2	0	76	165	82	156	217	11	2	0	176	58	29	193	27	0	3	0	60	227	175	32	0	2	0	10	125	145	144	0	3	0	0	50	180	96	146	0	1	0	0	0	36	68	15	0	1	0	
0	0	2	0	0	0	0	1	0	2	0	39	95	90	31	0	3	0	77	211	198	133	203	17	0	55	164	11	0	108	182	2	0	132	127	32	142	199	12	0	0	27	124	241	237	124	0	4	2	0	81	142	29	110	0	1	0	1	11	1	2	1	0	0	
0	0	1	3	0	0	0	0	0	1	3	0	42	90	70	10	0	0	1	122	161	101	82	54	1	0	149	123	0	2	139	35	0	96	126	0	43	176	105	0	0	113	161	131	158	57	0	2	0	4	81	64	1	0	2	0	0	1	0	0	2	2	0	0	
0	0	0	0	0	1	0	0	0	1	0	62	95	10	0	1	2	0	36	179	68	107	0	1	3	0	95	85	0	110	29	0	3	0	119	44	0	99	30	0	3	0	121	41	24	103	0	1	2	0	58	138	122	21	0	1	0	0	0	44	16	0	1	0	
0	0	0	2	1	2	0	0	0	0	1	1	3	0	87	44	0	2	0	75	70	109	133	2	2	0	53	161	159	124	0	1	2	0	44	216	172	15	0	2	2	0	115	109	0	3	0	0	0	52	183	0	1	1	0	0	0	17	26	0	1	0	0	0	
0	4	2	0	0	2	1	0	0	19	88	25	29	8	0	0	1	0	49	192	162	154	1	0	3	0	96	133	0	173	65	0	3	0	140	63	0	175	60	0	3	0	127	45	70	195	0	0	2	0	41	130	162	37	0	2	0	0	0	6	4	0	1	0	
0	1	4	3	3	3	4	1	0	0	0	0	0	0	0	0	0	23	141	151	157	166	185	58	0	19	127	68	40	205	194	15	0	1	0	3	158	134	0	0	1	0	23	194	107	0	4	1	0	13	213	95	0	5	1	0	0	71	174	0	3	0	0	0	
0	0	0	0	0	0	0	0	0	0	1	0	80	15	0	1	0	0	0	0	129	9	0	0	0	0	0	15	109	0	1	0	0	1	0	32	103	0	3	0	0	3	0	85	70	0	2	0	0	2	0	84	27	0	1	0	0	0	0	0	0	0	0	0	
0	0	0	0	1	3	4	1	0	10	27	12	4	0	0	0	0	79	198	182	171	161	165	26	0	0	6	0	55	235	149	1	0	3	0	68	200	62	0	2	3	0	80	217	36	0	4	1	0	87	216	26	0	4	0	0	0	96	85	0	4	0	0	0	
0	0	0	0	0	0	0	0	0	2	0	75	31	0	1	0	0	3	0	113	70	0	3	0	0	3	0	78	87	0	3	0	0	2	0	56	113	0	3	0	0	2	0	59	122	0	3	0	0	2	0	44	91	0	3	0	0	0	0	0	0	0	0	0	
0	0	0	3	0	13	22	0	0	0	3	0	32	199	122	0	0	4	0	70	178	61	6	0	3	0	67	177	4	0	1	0	0	0	158	88	65	177	65	0	0	9	208	178	114	166	15	0	2	0	73	149	113	20	0	1	0	0	0	0	0	1	1	0	
0	0	0	0	0	0	0	0	0	1	0	105	18	0	1	0	0	3	0	124	34	0	1	0	0	3	0	123	65	0	2	0	0	3	0	86	91	0	3	0	0	2	0	48	142	0	2	0	0	0	1	0	130	40	0	2	0	0	0	1	0	0	0	0	
0	0	0	0	0	0	2	0	1	0	26	77	72	15	0	1	1	0	99	155	124	161	103	0	0	1	0	11	64	166	82	0	0	1	5	167	234	85	0	3	0	0	1	0	119	112	0	3	0	35	86	139	109	2	0	0	0	67	102	37	0	1	0	0	
0	0	0	4	3	0	0	0	0	0	92	167	163	14	0	1	0	38	101	19	198	29	0	1	0	1	4	165	230	144	2	0	1	0	36	125	0	160	88	0	2	0	55	159	39	191	60	0	3	0	98	208	177	105	0	2	0	0	0	3	4	0	1	0	
0	0	3	1	0	26	27	0	0	2	0	40	148	218	98	0	2	0	100	183	62	6	1	0	0	59	183	3	31	52	22	0	0	109	139	98	87	69	157	4	0	25	213	170	37	88	140	0	1	0	11	86	146	121	17	0	0	1	1	0	0	0	1	0	
0	1	1	0	1	1	0	0	0	0	15	36	16	0	0	0	0	25	127	97	138	21	0	1	0	58	109	0	73	93	0	3	0	1	94	105	148	114	0	4	0	0	0	0	43	118	0	2	0	0	3	0	4	147	13	0	0	0	0	2	0	89	31	0	
0	0	2	3	0	0	1	0	0	2	1	0	24	105	50	0	1	0	33	152	169	222	150	0	0	66	207	85	0	47	166	0	0	195	69	0	0	159	107	0	0	172	186	134	172	123	0	0	0	7	84	114	39	0	2	0	0	1	0	0	0	3	0	0	
0	0	1	0	0	0	0	0	1	0	13	78	83	86	14	0	3	0	145	207	129	184	21	0	2	0	190	215	159	163	48	0	1	0	23	36	13	32	148	0	0	97	16	0	0	108	165	0	0	85	159	137	179	149	15	0	0	0	17	39	28	0	1	0	
0	1	2	0	0	3	0	0	0	0	2	21	7	0	7	3	0	3	173	193	162	194	175	11	0	7	163	20	82	217	30	0	0	1	0	11	208	49	0	2	0	4	0	102	182	0	4	0	3	0	71	205	21	0	1	0	3	0	103	92	0	3	0	0	
0	0	0	0	0	0	0	0	0	1	0	48	48	0	1	0	1	0	8	105	157	11	0	1	0	0	1	0	104	12	0	0	0	1	0	29	140	0	2	0	0	2	0	64	117	0	3	0	0	3	0	92	90	0	3	0	0	1	0	35	29	0	1	0	
0	0	0	0	0	0	0	0	1	0	7	100	135	60	0	2	1	0	30	80	158	113	0	4	1	0	0	117	170	4	0	1	2	0	40	154	123	140	0	0	0	0	5	28	64	144	0	0	1	0	153	187	101	14	0	1	0	2	40	10	0	2	0	0	
0	0	0	0	0	0	0	0	0	0	2	26	36	20	4	1	1	0	159	169	131	214	140	0	2	0	192	57	15	204	35	0	4	0	138	81	155	115	0	3	0	0	4	45	188	10	0	1	0	3	0	84	172	0	3	0	0	1	0	37	121	0	1	0	
0	0	2	3	3	4	3	0	0	0	1	0	0	0	0	0	1	0	43	90	73	93	125	77	0	10	180	90	102	88	37	6	0	0	99	128	13	0	1	0	0	3	0	94	122	0	5	0	0	2	107	139	42	0	2	0	0	0	6	6	0	0	0	0	
0	0	0	2	0	34	5	0	0	0	2	0	128	164	0	0	0	3	0	112	154	0	0	1	2	0	38	182	4	0	1	0	4	0	115	93	23	13	0	0	4	0	112	210	209	121	0	4	1	0	20	131	119	33	0	1	0	0	0	0	0	0	0	0	
0	0	1	1	0	1	0	0	0	0	0	7	0	40	79	0	1	0	20	129	0	162	62	0	4	0	138	132	85	135	0	3	2	0	57	146	227	39	0	2	0	2	0	64	155	0	3	0	0	4	0	141	104	0	3	0	0	1	0	25	13	0	0	0	
0	0	0	0	0	0	0	0	1	0	30	105	144	77	0	1	0	17	160	78	39	174	49	0	0	4	47	85	57	151	33	0	2	0	58	191	218	154	0	3	0	51	143	16	106	152	0	3	0	36	145	121	154	23	0	1	1	0	16	51	8	0	0	0	
0	0	1	10	7	0	0	0	2	0	31	147	179	83	0	3	0	0	7	0	143	120	0	4	0	3	0	50	184	9	0	1	1	0	19	187	50	0	6	1	0	9	215	107	26	118	76	0	0	11	135	163	152	83	3	0	0	0	0	1	0	0	0	0	
0	0	0	1	2	0	0	0	0	3	116	161	174	144	21	0	0	5	37	17	9	212	72	0	0	1	0	0	154	151	0	1	1	0	26	188	116	0	5	3	0	13	209	104	31	113	128	11	0	17	170	162	149	89	15	0	0	0	2	6	0	0	0	0	
0	0	0	1	0	1	0	0	0	0	0	2	0	57	33	0	0	0	0	102	22	127	9	0	2	0	43	124	90	121	0	4	2	0	56	168	193	30	0	1	0	3	0	93	113	0	3	0	0	1	0	169	46	0	1	0	0	0	1	32	6	0	0	0	
0	0	0	0	0	0	0	0	0	0	0	2	63	2	0	0	0	0	0	13	113	0	1	0	0	1	0	42	121	0	3	0	0	3	0	83	89	0	3	0	0	2	0	116	33	0	1	0	0	0	2	109	4	0	0	0	0	0	0	15	1	0	0	0	
0	0	0	0	2	0	0	0	0	0	0	0	3	135	20	0	0	0	4	0	122	165	0	3	0	2	0	40	204	22	0	1	0	2	0	169	96	0	3	0	3	0	82	190	0	2	0	0	4	0	108	125	0	2	0	0	0	0	0	0	0	0	0	0	
0	0	0	0	0	0	0	0	0	0	0	0	74	11	0	0	0	0	0	0	146	13	0	1	0	1	0	17	108	0	1	0	0	2	0	53	103	0	3	0	0	3	0	78	79	0	3	0	0	3	0	79	57	0	2	0	0	0	0	14	6	0	0	0	
0	1	3	0	0	0	0	0	0	1	0	20	73	113	55	0	0	10	92	130	70	143	161	0	0	61	194	31	91	136	12	0	1	0	66	210	216	52	0	3	2	0	94	68	126	74	0	2	0	20	164	107	81	0	1	0	0	1	41	24	0	1	0	0	
0	0	2	0	0	0	0	0	0	0	0	169	136	22	0	1	3	0	94	169	89	83	0	2	0	3	225	165	71	4	0	0	0	3	60	57	133	145	0	1	0	0	22	8	12	209	23	0	1	0	62	126	179	125	0	1	0	0	0	1	7	0	0	0	
0	0	0	0	0	0	0	0	0	0	122	143	70	30	0	0	0	0	70	98	120	199	4	0	0	0	1	0	116	116	0	2	2	0	71	238	143	0	2	0	1	0	14	48	177	100	0	4	0	17	93	100	132	31	0	1	0	8	59	38	4	0	0	0	
0	0	0	1	0	0	0	0	0	1	0	13	95	48	0	1	0	3	0	78	95	104	0	2	0	2	0	52	150	42	0	2	0	0	2	0	102	17	0	1	0	1	0	43	105	0	2	0	1	0	78	131	23	0	1	0	1	0	28	18	0	1	0	0	
0	0	1	3	4	3	3	1	0	0	0	0	0	0	0	0	0	0	23	130	123	62	81	16	0	75	165	89	71	229	138	4	0	6	3	0	144	86	0	2	0	2	0	149	108	0	5	1	2	0	63	163	0	4	0	0	1	0	24	29	0	1	0	0	
0	0	0	0	0	1	0	0	0	3	0	95	140	0	1	0	0	0	5	127	172	75	0	3	1	0	7	163	195	83	0	3	0	1	0	178	225	4	0	1	4	0	100	174	173	20	0	1	3	0	59	191	91	0	2	0	0	0	0	4	1	0	0	0	
0	0	0	0	3	1	0	0	0	0	0	3	0	80	89	0	0	0	4	0	71	255	152	0	0	2	0	57	245	224	34	0	2	0	74	250	221	36	0	2	0	18	242	225	35	0	3	0	0	37	242	62	0	4	0	0	0	5	31	1	2	0	0	0	
0	0	6	1	0	2	1	0	0	15	126	1	3	0	0	0	0	83	147	0	0	30	27	0	0	144	76	0	107	208	151	0	0	97	205	165	83	149	91	0	0	7	85	33	0	140	122	0	0	1	0	1	0	15	87	10	0	0	3	1	0	1	0	0	
0	0	0	3	1	0	0	0	0	0	3	0	7	108	120	0	0	3	0	74	194	227	170	0	0	0	131	173	11	62	118	0	0	123	132	0	31	181	32	0	0	189	96	110	190	63	0	2	0	53	159	113	19	0	2	0	0	0	0	0	1	2	0	0	
0	0	0	0	0	0	0	0	0	0	0	0	109	16	0	1	0	1	0	23	194	9	0	1	0	2	0	54	170	0	2	0	0	3	0	96	138	0	4	0	0	4	0	111	143	0	2	0	0	3	0	80	163	0	0	0	0	0	0	0	0	0	0	0	
0	0	2	1	0	6	0	0	0	1	0	19	156	192	70	0	2	0	37	193	94	14	24	0	0	3	184	47	9	45	1	0	0	26	186	110	119	139	99	0	0	17	245	123	23	151	82	0	1	0	69	164	191	87	0	2	0	0	0	1	1	0	2	0	
0	0	0	0	0	0	0	0	0	0	8	22	45	49	5	0	0	0	179	226	190	251	61	0	0	0	33	10	93	222	51	0	3	0	77	204	247	216	124	0	2	0	42	238	121	0	1	0	4	0	146	202	0	1	2	0	2	0	63	44	0	2	0	0	
0	1	4	2	0	3	3	0	0	0	0	0	13	4	0	1	0	35	123	150	139	150	158	27	0	36	102	37	22	211	83	0	0	1	0	14	179	66	0	2	0	2	0	164	94	0	5	0	3	0	111	142	0	4	0	0	0	0	110	21	0	1	0	0	
0	0	0	0	0	0	0	0	0	1	86	110	57	1	0	0	0	12	59	8	137	32	0	1	1	0	2	126	97	0	2	0	1	0	25	124	117	95	0	1	0	0	1	0	13	148	5	0	1	0	13	86	126	59	0	2	0	0	2	50	24	0	1	0	
0	0	0	0	1	0	0	0	0	0	0	0	4	111	21	0	0	0	4	0	112	196	5	0	0	2	0	44	201	14	0	1	0	1	0	181	85	0	3	0	3	0	77	187	0	2	0	0	3	0	162	120	0	3	0	0	0	0	22	5	0	0	0	0	
1	0	27	49	0	4	0	0	2	0	62	53	0	2	1	0	2	0	105	21	35	61	0	0	0	21	114	47	124	109	65	0	0	29	111	107	44	94	80	0	2	0	74	189	197	98	0	1	0	0	0	13	5	0	1	0	0	0	2	0	0	2	0	0	
0	0	2	46	32	2	0	0	0	0	2	124	166	159	32	0	0	0	2	2	0	186	85	0	0	2	0	0	133	161	0	0	1	0	49	171	112	0	0	0	0	98	255	138	61	86	25	0	0	60	145	134	143	121	28	0	0	0	0	0	0	0	0	0	
0	0	1	0	36	20	0	1	0	2	0	129	249	55	0	2	3	0	62	248	50	0	3	0	2	0	162	255	144	96	2	0	0	0	220	191	79	211	126	0	3	0	88	225	87	193	173	0	0	1	0	73	162	96	8	0	0	0	1	0	0	0	1	0	
0	0	0	2	4	2	2	1	0	0	1	0	0	0	0	0	0	1	0	34	126	74	45	19	3	0	79	162	111	126	90	22	2	0	52	120	104	0	0	0	0	9	3	68	133	0	4	1	0	30	126	93	9	0	1	0	0	0	0	0	2	0	0	0	
0	0	0	1	3	0	0	0	0	0	1	114	180	28	0	2	1	0	33	90	105	99	0	4	0	0	4	0	131	72	0	3	0	1	0	11	168	16	0	1	1	0	1	168	115	0	3	0	3	0	59	189	154	58	0	2	0	0	0	0	5	4	0	0	
0	0	0	1	0	0	0	0	0	0	0	10	77	116	116	3	0	0	0	155	92	120	218	16	0	1	0	153	62	148	84	0	1	0	32	165	216	50	0	1	0	97	143	150	103	0	5	0	0	120	149	101	8	1	0	0	0	14	46	1	0	0	0	0	
0	0	0	0	0	0	0	0	0	1	0	23	90	0	2	0	0	2	0	51	136	0	3	0	0	3	0	75	133	0	4	0	0	3	0	81	92	0	3	0	0	3	0	108	93	0	3	0	0	2	0	53	114	0	2	0	0	0	0	0	4	1	0	0	
0	0	0	0	0	0	0	0	0	0	2	0	47	68	0	2	0	0	3	0	160	124	0	4	0	1	0	26	206	26	0	1	0	2	0	95	171	0	2	0	0	2	0	162	65	0	2	0	1	0	18	175	8	0	1	0	0	0	0	27	6	0	0	0	
0	0	1	0	0	2	1	0	1	0	22	167	125	6	0	1	2	0	176	217	130	169	17	0	0	50	231	50	0	91	163	0	0	77	208	0	2	0	195	92	0	8	207	164	136	197	193	40	2	0	50	143	142	81	5	0	0	1	1	0	0	0	1	2	
0	0	1	1	0	0	0	0	0	1	0	21	96	69	0	1	1	0	20	95	72	108	0	1	3	0	78	114	146	57	0	2	0	0	0	118	142	0	3	0	0	1	0	113	46	0	1	0	2	0	41	194	34	0	1	0	1	0	13	30	0	0	0	0	
0	0	7	3	0	0	0	0	0	82	139	151	45	0	2	0	0	28	0	20	162	24	0	1	2	0	42	147	196	81	0	1	1	0	29	37	15	139	70	0	1	0	32	49	0	127	114	0	2	0	36	163	160	106	2	0	0	0	0	3	5	0	1	0	
0	0	0	0	0	0	0	0	0	0	0	60	119	79	0	2	0	0	5	37	143	114	0	4	0	2	0	60	179	7	0	1	0	4	0	58	154	75	0	3	0	0	0	0	122	42	0	2	0	74	118	129	62	0	2	0	0	30	52	5	0	1	0	0	
0	0	0	2	0	0	0	0	0	0	0	100	20	0	1	0	0	4	0	129	106	0	3	0	0	3	0	73	129	0	3	0	0	1	0	35	170	0	1	0	0	1	0	16	184	11	0	1	0	0	2	0	135	54	0	2	0	0	0	0	0	0	0	0	
0	0	1	3	0	0	0	0	0	0	1	0	37	61	2	0	1	0	11	102	127	207	106	0	4	0	142	161	58	121	20	0	1	0	7	145	217	3	0	1	0	1	0	121	179	14	0	0	2	0	49	209	97	0	2	0	1	0	21	99	11	0	1	0	
0	0	0	0	0	0	0	0	1	0	17	132	143	149	41	0	4	0	163	168	42	131	59	0	4	0	151	120	0	3	0	0	1	0	8	192	129	5	0	1	0	2	21	11	148	161	0	2	0	0	131	169	169	150	0	1	0	0	1	47	40	2	0	0	
0	0	0	52	35	0	0	0	0	0	0	113	188	76	0	3	0	0	4	0	109	127	0	4	0	2	0	10	185	38	0	1	0	1	0	129	89	0	3	0	0	10	163	180	77	100	67	0	0	46	154	107	106	85	40	0	0	0	0	0	0	0	0	0	
0	0	3	33	2	0	1	0	3	0	83	191	0	2	1	0	0	0	210	106	0	9	9	0	0	66	210	4	0	152	171	0	0	82	205	0	91	255	158	0	1	0	176	215	231	183	24	0	1	0	14	69	85	30	0	1	0	1	2	0	0	2	2	0	
0	0	1	0	0	0	0	0	0	0	2	29	32	29	56	6	3	0	104	142	95	197	145	9	3	0	142	64	69	105	0	1	1	0	7	204	149	0	4	1	1	0	30	158	134	0	1	0	4	0	138	137	99	0	1	0	1	0	49	98	13	0	1	0	
0	0	1	1	0	0	0	0	0	1	0	41	128	17	0	1	2	0	42	145	96	107	0	3	1	0	25	122	93	70	0	3	0	2	0	52	217	64	0	3	1	0	12	91	41	102	0	3	1	0	32	120	113	42	0	2	0	1	0	43	34	0	1	0	
0	0	1	0	0	0	0	0	0	0	0	46	92	117	78	0	3	0	85	127	46	163	114	0	4	0	117	90	99	69	0	2	1	0	0	205	162	0	4	0	3	0	76	121	144	34	0	1	3	0	135	139	67	0	1	0	0	0	34	29	0	0	0	0	
0	0	0	0	4	51	0	0	0	0	1	0	34	115	0	2	0	0	1	0	108	37	0	1	0	2	0	64	79	0	2	0	1	0	8	134	69	5	0	0	3	0	63	147	98	10	0	0	1	0	12	56	14	0	1	0	0	0	0	0	1	0	0	0	
0	0	0	0	0	2	2	0	0	0	11	20	6	1	0	0	4	0	103	195	129	162	82	0	0	0	11	8	19	198	65	0	0	1	0	6	170	67	0	2	0	1	0	153	99	0	4	0	3	0	103	139	0	4	0	0	3	0	116	69	0	2	0	0	
0	0	0	0	0	0	0	0	0	3	0	80	65	0	2	0	0	2	0	67	108	0	3	0	0	2	0	47	120	0	3	0	0	3	0	80	93	0	3	0	0	3	0	79	85	0	3	0	0	1	0	27	121	1	0	0	0	0	0	0	7	1	0	0	
0	0	0	0	1	0	0	0	0	0	0	3	0	95	48	0	0	0	3	0	82	219	15	0	0	1	0	20	220	66	0	3	0	1	0	188	115	0	4	0	3	0	126	175	0	2	0	0	0	1	195	44	0	2	0	0	0	2	28	3	0	0	0	0	
0	0	0	0	0	0	0	0	0	1	0	39	45	0	2	0	0	4	0	116	134	0	4	0	0	4	0	110	142	0	4	0	0	3	0	87	136	0	4	0	0	3	0	76	132	0	4	0	0	2	0	45	150	0	1	0	0	0	0	0	32	5	0	0	
0	1	4	3	3	4	3	0	0	0	0	0	0	0	0	0	0	23	116	148	136	150	171	20	0	54	91	29	77	242	88	0	0	1	0	24	189	60	0	2	1	0	10	200	74	0	5	0	0	0	173	105	0	5	0	0	0	46	188	1	1	0	0	0	
0	0	0	0	0	1	0	0	0	0	1	68	110	18	0	1	1	0	36	133	56	147	0	2	0	2	0	83	177	82	0	1	0	2	0	93	191	30	0	2	2	0	56	112	60	99	0	4	3	0	70	151	120	24	0	1	0	0	0	48	19	0	1	0	
0	0	1	2	0	0	0	0	0	1	1	0	54	87	18	0	1	0	9	145	120	137	92	0	0	0	155	77	0	123	47	0	0	22	198	123	225	109	0	1	0	1	29	170	138	0	3	0	2	0	37	219	28	0	2	0	2	0	48	74	0	1	0	0	
0	0	0	0	0	0	0	0	0	2	0	51	81	0	2	0	0	3	0	86	138	0	4	0	0	3	0	79	147	0	4	0	0	2	0	50	166	0	2	0	0	1	0	33	165	0	1	0	0	1	0	16	114	0	0	0	0	0	0	0	0	0	0	0	
0	1	0	27	58	23	0	0	0	2	0	59	143	207	63	0	0	0	4	0	38	196	20	0	0	3	0	44	204	61	0	2	2	0	49	178	44	0	2	0	0	56	249	95	24	44	5	0	0	36	120	133	133	92	4	0	0	0	0	0	0	0	0	0	
0	0	0	1	0	1	0	0	0	2	0	42	125	2	0	0	0	3	0	147	252	58	0	3	0	0	4	132	100	143	0	4	1	0	30	148	74	154	0	4	3	0	76	155	148	79	0	3	1	0	16	184	150	0	1	0	0	1	0	22	14	0	0	0	
0	0	0	2	1	1	0	0	0	0	2	0	123	144	0	0	0	3	0	123	102	130	70	0	3	0	84	151	0	132	62	0	0	27	169	3	37	161	0	0	0	99	134	2	155	51	0	2	0	22	149	143	48	0	2	0	0	0	4	3	0	2	0	0	
0	0	0	0	2	0	0	0	0	0	5	16	2	0	1	0	0	55	131	119	123	2	0	0	0	5	8	0	145	67	13	2	1	0	12	109	193	149	82	5	0	0	0	44	188	16	0	1	0	2	0	46	126	0	4	0	0	0	0	3	3	0	0	0	
0	0	0	0	0	0	0	0	0	1	0	19	114	0	1	0	0	1	0	27	158	0	1	0	0	2	0	61	137	0	3	0	0	3	0	108	95	0	3	0	0	2	0	154	47	0	2	0	0	0	0	116	18	0	1	0	0	0	0	0	0	0	0	0	
0	0	0	0	0	0	0	0	0	45	116	137	122	10	0	1	15	114	80	30	163	85	0	3	1	5	0	35	208	47	0	2	2	0	83	220	163	160	50	0	2	0	74	42	0	147	120	0	2	0	75	146	169	172	16	0	0	0	8	43	55	3	0	0	
0	0	0	0	0	1	0	0	2	0	53	138	118	7	0	1	3	0	161	141	115	121	0	3	0	0	3	0	42	138	0	3	0	1	4	0	75	129	0	3	1	0	9	62	208	72	0	3	0	8	179	176	95	41	0	1	0	11	43	0	0	0	0	0	
0	2	2	0	0	3	1	0	4	1	0	8	6	0	0	0	65	174	177	180	188	141	13	0	3	44	47	22	15	211	78	0	0	0	3	0	68	201	2	0	0	3	0	24	208	56	0	2	0	1	0	190	183	0	2	0	1	0	8	119	18	0	1	0	
0	0	2	0	3	2	0	0	0	1	0	85	146	0	1	0	0	1	151	164	166	72	0	3	0	6	49	10	193	106	0	4	0	2	0	98	136	149	20	0	0	3	17	0	16	166	18	0	0	10	148	143	143	54	0	2	0	0	4	13	3	0	1	0	
0	1	1	0	0	0	0	0	1	0	16	101	110	42	12	0	0	20	208	160	85	171	59	0	0	142	128	0	49	222	20	0	0	116	194	149	203	205	5	0	0	0	90	111	42	210	29	0	0	1	0	0	0	169	163	8	0	0	3	4	0	7	17	0	
0	0	1	0	0	0	0	0	2	0	47	28	15	77	0	1	3	0	125	41	20	170	0	1	0	51	196	35	31	156	0	0	0	95	146	119	154	179	0	1	0	0	2	0	46	151	0	3	0	1	5	0	42	155	0	2	0	0	0	0	6	24	0	0	
0	0	0	1	41	6	0	0	0	3	0	97	181	0	0	1	1	0	11	195	37	0	3	0	3	0	80	164	0	3	0	0	3	0	95	142	29	127	23	0	1	0	19	194	208	177	75	0	0	1	0	41	118	75	0	0	0	0	1	1	0	0	0	0	
0	0	1	3	1	0	0	0	0	1	1	0	5	33	48	17	1	0	23	109	126	123	131	70	0	20	156	46	4	0	3	3	0	47	177	117	132	18	0	1	0	0	11	5	163	36	0	2	1	0	15	135	103	0	2	0	1	0	12	55	1	0	0	0	
0	0	0	0	5	0	1	0	1	0	13	131	156	96	4	0	4	0	108	131	0	68	95	0	2	0	59	78	11	164	68	0	0	2	0	95	195	68	0	2	2	0	54	241	189	0	4	0	2	0	160	181	35	0	1	0	0	0	0	0	0	0	0	0	
0	0	1	1	69	7	0	0	0	2	0	100	148	0	1	0	2	0	41	178	4	0	1	0	4	0	132	89	51	105	0	0	2	0	177	94	198	203	11	0	2	0	72	174	214	125	16	0	0	0	1	0	12	68	39	0	0	0	2	2	1	0	0	0	
0	0	2	0	0	1	0	0	0	0	1	75	7	3	5	0	3	0	87	156	0	132	61	0	1	0	183	39	25	224	49	0	2	0	112	169	213	143	1	0	0	3	0	126	152	0	3	0	0	0	0	134	23	0	1	0	0	0	3	17	0	1	0	0	
0	0	0	0	0	0	0	0	0	12	14	21	30	5	0	0	47	128	141	139	183	100	0	4	1	1	5	0	101	130	0	4	0	0	4	0	121	110	0	4	0	0	2	0	167	52	0	2	0	0	2	0	167	46	0	2	0	0	2	0	90	80	0	2	
0	0	0	0	0	0	0	0	0	0	3	0	79	39	0	1	0	0	2	0	133	28	0	1	0	1	0	24	135	0	1	0	0	2	0	72	95	0	3	0	0	3	0	115	53	0	2	0	0	2	0	96	24	0	1	0	0	0	0	0	0	0	0	0	
0	0	3	1	0	0	0	0	0	0	0	11	37	74	50	0	0	0	70	127	146	205	29	0	0	50	202	59	87	40	0	2	0	2	23	143	217	46	0	2	1	0	18	112	24	167	11	0	3	0	79	141	86	119	0	0	0	0	5	48	49	3	0	0	
0	0	1	2	0	1	1	0	0	1	0	6	160	67	0	2	1	0	9	133	100	181	22	0	2	0	133	79	3	110	78	0	0	59	125	0	0	85	71	0	0	122	86	0	71	142	6	0	0	47	153	141	119	14	0	1	0	0	8	10	0	2	1	0	
0	0	2	0	0	0	0	0	0	0	0	24	21	0	0	0	0	0	101	77	140	54	0	2	0	3	148	71	179	69	0	3	1	0	27	49	119	70	0	3	0	0	3	0	125	45	0	2	0	0	0	6	152	13	0	1	0	1	0	21	141	6	0	1	
0	0	1	1	0	0	0	0	0	1	0	29	141	211	73	0	1	0	18	225	144	177	112	0	4	0	147	175	0	12	3	0	0	0	201	64	22	37	0	0	1	0	185	224	254	227	9	0	2	0	50	186	208	108	0	1	0	0	0	0	0	0	0	0	
0	0	2	1	0	1	3	0	0	3	0	83	208	49	0	3	2	0	45	196	152	198	68	0	0	6	163	46	0	26	177	33	0	102	136	0	3	0	156	32	0	142	135	17	74	166	84	0	0	31	157	166	123	33	0	2	0	0	0	0	0	0	2	0	
0	2	0	73	73	0	2	0	2	0	32	204	50	0	3	0	4	0	132	98	0	7	1	0	1	0	170	28	44	167	89	0	1	0	168	20	139	87	151	16	3	0	129	159	173	211	66	0	0	0	2	72	74	17	0	1	0	0	1	0	0	0	2	0	
0	0	0	0	1	0	0	0	0	0	2	0	118	36	0	1	0	0	0	4	160	16	0	1	0	1	0	39	154	0	2	0	0	3	0	80	113	0	3	0	0	3	0	134	79	0	3	0	0	2	0	117	32	0	1	0	0	0	0	0	0	0	0	0	
0	0	0	1	1	0	0	0	2	0	75	186	197	36	0	2	0	5	173	41	135	110	0	4	0	1	7	0	141	79	0	3	1	0	13	120	213	15	0	1	2	0	123	225	191	170	30	0	2	0	135	121	0	50	13	0	0	0	1	2	1	0	0	0	
0	1	0	0	0	1	0	0	1	0	57	121	90	6	0	1	0	54	233	61	107	129	0	2	0	28	38	0	7	139	6	0	0	0	2	0	66	97	0	5	0	16	184	132	199	123	122	54	0	0	98	102	43	44	20	0	0	0	0	0	0	0	0	0	
0	0	0	0	0	2	0	0	1	0	62	109	48	0	9	0	0	16	149	2	102	150	58	0	1	0	84	116	139	66	0	1	0	2	0	178	170	0	3	0	1	0	40	111	111	60	0	2	1	0	20	140	146	33	0	1	0	1	0	34	40	0	1	0	
0	0	0	0	0	0	0	0	1	0	74	163	121	19	0	1	0	0	129	122	153	96	0	4	0	2	0	23	208	117	0	2	0	0	0	19	23	139	70	0	0	45	88	0	0	130	75	0	0	64	171	97	128	107	0	0	1	0	30	53	14	0	0	0	
0	1	1	0	0	0	1	0	1	0	40	92	123	72	0	2	0	14	220	255	139	182	55	0	0	75	195	170	9	55	177	0	0	124	144	0	10	1	170	32	0	62	194	0	0	43	168	0	2	0	175	136	24	183	97	0	1	0	18	57	47	49	1	0	
0	0	0	0	0	0	0	0	0	2	3	0	0	13	107	3	0	30	134	0	0	64	189	0	0	100	110	0	0	163	129	0	0	182	170	142	161	213	48	0	0	24	34	10	131	90	0	3	0	0	2	0	162	49	0	2	0	1	2	0	20	5	0	0	
0	0	1	1	0	0	0	0	0	2	0	52	145	101	0	1	2	0	45	137	67	57	0	0	1	0	132	93	92	17	0	1	0	1	135	98	88	119	0	2	0	0	0	0	10	112	0	0	3	0	100	160	150	57	0	2	1	0	29	67	31	0	1	0	
0	0	1	3	0	0	0	0	0	0	2	0	8	43	81	33	1	0	11	133	154	145	210	54	0	0	129	102	1	6	15	0	0	49	211	114	73	0	1	2	1	0	49	91	177	15	0	1	2	0	66	138	103	0	2	0	1	0	41	70	0	0	0	0	
0	1	1	0	0	2	1	0	1	0	22	128	120	4	0	1	0	8	176	219	199	135	3	0	0	85	136	17	0	94	100	0	0	80	113	0	7	6	132	7	0	10	183	65	0	19	143	3	2	0	42	176	134	156	74	0	0	1	0	7	61	41	0	1	
0	0	4	0	39	73	0	1	0	2	0	60	157	47	0	1	2	0	87	144	17	0	1	0	0	53	145	0	0	56	30	0	0	116	101	0	47	186	115	0	0	28	180	120	207	186	28	0	1	0	21	64	54	57	0	0	0	1	1	0	0	0	1	0	
0	0	0	0	0	0	0	0	0	0	2	122	28	0	1	0	1	0	1	224	69	0	3	0	0	1	0	216	139	0	4	0	0	3	0	128	223	0	0	1	0	2	0	47	247	37	0	2	0	0	1	0	160	99	0	4	0	0	0	0	9	16	0	1	
0	2	1	0	0	0	0	0	1	0	3	18	21	16	0	0	0	68	120	120	124	178	10	0	44	108	8	0	8	155	9	0	30	14	0	0	36	153	0	1	0	2	4	0	85	116	0	4	1	1	2	0	148	48	0	2	0	0	0	3	118	11	0	0	
