500	64	10
0	0	2	1	0	0	0	0	0	3	0	107	223	82	0	3	3	0	58	205	110	150	9	0	0	0	162	41	0	120	31	0	0	38	106	0	9	152	19	0	0	41	115	53	198	130	0	3	1	0	144	223	118	0	0	0	0	0	0	0	0	1	0	0	
0	0	0	0	0	0	0	0	0	1	0	24	94	0	2	0	0	1	0	27	133	0	2	0	0	2	0	61	122	0	3	0	0	3	0	72	77	0	3	0	0	3	0	100	62	0	2	0	0	2	0	119	37	0	1	0	0	0	0	0	0	0	0	0	
0	0	0	0	0	0	0	0	0	1	0	115	220	140	0	2	1	0	9	167	105	135	41	0	0	1	1	2	0	117	37	0	2	0	50	152	157	123	0	2	0	15	185	234	248	107	0	4	0	36	179	85	6	96	2	0	0	0	0	0	0	0	0	0	
1	0	22	55	13	0	1	0	3	0	112	219	146	2	0	0	0	2	0	13	151	14	0	1	2	0	26	221	233	108	0	0	0	37	49	28	1	162	86	0	0	87	197	138	150	196	71	0	0	0	97	154	125	62	0	0	0	0	0	0	0	0	1	0	
0	0	1	1	0	0	0	0	0	0	1	0	18	49	0	1	1	0	37	93	24	98	0	3	3	0	106	52	39	92	0	3	3	0	132	170	181	56	0	2	0	0	4	67	153	0	1	0	0	3	0	73	91	0	3	0	0	0	0	18	8	0	0	0	
0	0	0	0	0	0	0	0	0	0	0	1	8	75	100	0	0	0	1	6	156	162	71	0	1	0	29	171	50	0	2	0	0	1	0	69	190	30	0	1	0	94	116	136	174	22	0	1	0	54	123	80	12	0	1	0	0	0	0	0	1	1	0	0	
0	0	0	0	13	58	0	1	0	0	3	0	118	123	0	3	0	2	0	52	165	8	0	1	0	2	0	180	227	145	2	0	2	0	40	230	95	122	2	0	4	0	81	255	213	84	0	3	1	0	17	79	63	0	1	0	0	0	0	0	0	2	0	0	
0	0	0	0	0	0	0	0	0	0	0	12	23	9	0	0	2	0	45	213	210	156	0	2	1	0	12	30	26	122	0	1	0	0	3	0	77	87	0	3	0	1	0	22	154	10	0	1	0	1	0	155	85	0	3	0	2	0	46	138	0	1	0	0	
0	0	0	0	1	0	0	0	0	2	0	64	196	42	0	2	0	0	0	107	42	121	3	0	0	0	1	91	93	105	0	2	0	4	0	109	198	0	0	1	1	0	31	135	110	11	0	0	2	0	57	155	91	0	0	0	0	0	0	8	5	0	0	0	
0	0	0	3	1	0	0	0	0	0	1	0	8	17	0	0	0	0	2	99	155	142	5	0	3	0	81	101	31	89	2	0	3	0	108	177	175	147	0	4	0	0	9	23	83	50	0	2	0	1	0	20	111	0	0	0	0	2	0	67	59	0	2	0	
0	0	1	0	0	0	0	0	0	1	0	52	141	146	43	0	2	0	46	205	88	91	137	0	0	4	139	48	0	30	127	0	0	95	104	0	0	122	95	0	0	130	26	0	97	156	3	0	0	98	174	173	137	14	0	1	0	8	63	30	0	2	1	0	
0	0	0	0	0	0	0	0	0	0	3	0	85	53	0	2	0	0	2	0	143	42	0	2	0	1	0	28	154	0	1	0	0	3	0	108	106	0	3	0	1	0	18	180	19	0	1	0	2	0	62	114	0	3	0	0	0	0	1	1	1	0	0	0	
0	0	2	5	0	1	1	0	1	0	20	176	163	58	0	2	0	1	3	24	67	160	46	0	0	0	0	3	0	138	84	0	0	15	106	159	177	122	0	1	0	181	253	167	169	84	0	3	1	53	17	0	14	118	0	0	0	0	0	4	3	1	0	0	
0	0	0	0	0	0	0	0	2	0	79	155	106	14	0	1	1	0	38	111	211	46	0	2	1	0	31	193	227	109	5	0	12	19	2	9	2	120	131	0	14	135	65	76	118	177	78	0	0	58	145	134	116	44	0	1	0	0	0	0	0	0	2	0	
0	0	1	0	0	0	0	0	0	0	2	6	11	67	0	1	2	0	67	91	6	118	0	2	3	0	131	31	38	114	0	3	3	0	112	132	154	76	0	3	0	0	0	87	174	0	1	0	0	3	0	95	77	0	2	0	0	0	0	26	7	0	0	0	
0	0	2	0	0	0	0	0	0	0	0	11	48	103	125	16	0	0	29	56	155	129	89	10	2	0	161	146	9	0	1	0	1	0	9	127	187	37	0	2	0	57	85	66	215	98	0	4	0	50	127	136	87	4	0	0	0	0	0	0	0	0	0	0	
0	0	2	0	73	57	0	2	0	0	0	0	142	27	0	1	0	3	0	88	102	0	3	0	1	0	19	128	45	63	0	1	3	0	79	136	168	168	0	3	3	0	73	235	158	36	0	2	0	0	3	21	12	0	0	0	0	0	0	0	1	2	0	0	
0	1	3	3	3	3	0	0	0	0	0	0	0	0	0	0	0	59	206	196	198	150	1	0	0	41	120	111	120	191	0	0	0	0	3	0	97	117	0	4	0	2	1	16	185	26	0	1	0	2	0	136	102	0	3	0	3	0	74	176	0	2	0	0	
0	0	2	0	0	0	3	0	0	0	2	45	85	30	0	1	1	0	82	128	151	81	76	11	0	8	154	11	0	104	166	0	3	0	120	129	131	125	2	0	1	0	13	230	98	0	4	0	4	0	97	93	114	4	0	0	2	0	46	49	53	6	0	0	
0	0	2	1	0	0	1	0	0	2	0	22	102	127	0	0	2	0	82	150	96	82	15	0	0	64	130	0	0	115	87	0	0	63	165	116	170	165	0	0	1	0	13	69	189	14	0	1	0	3	0	131	71	0	3	0	0	0	4	40	3	0	0	0	
0	1	1	0	0	1	0	0	0	0	8	23	29	10	0	0	0	102	200	197	185	142	0	1	0	20	33	9	0	164	27	0	0	0	1	0	17	163	6	0	0	1	5	0	93	145	0	4	0	1	0	25	198	37	0	2	0	3	0	104	132	0	3	0	
0	0	0	25	15	0	1	0	0	2	0	182	221	25	0	1	2	0	53	183	95	162	0	1	4	0	152	96	0	136	51	0	0	12	170	10	0	133	99	0	0	3	187	135	183	223	15	0	2	0	65	169	141	34	0	1	0	0	1	0	0	0	1	0	
0	0	1	0	59	13	0	0	0	1	0	36	153	0	1	0	0	2	0	124	44	0	2	0	1	0	35	149	103	152	37	0	3	0	77	231	92	134	66	0	3	0	66	235	177	103	0	0	0	0	2	56	31	0	1	0	0	0	0	0	0	2	0	0	
0	0	1	1	0	0	0	0	0	2	0	39	204	154	0	1	1	0	22	202	192	191	0	0	4	0	149	111	0	119	54	0	0	18	131	1	0	120	105	0	0	24	184	96	153	239	36	0	1	0	137	216	204	78	0	2	0	0	0	0	0	0	0	0	
0	0	0	0	0	1	0	0	0	0	10	21	20	3	0	0	4	0	98	211	195	178	4	0	0	0	12	0	76	176	0	1	0	1	0	10	189	46	0	2	0	3	0	151	121	0	3	0	2	0	52	169	0	2	0	0	3	0	82	74	0	3	0	0	
1	0	31	42	0	0	0	0	2	0	48	143	105	16	0	1	0	1	0	13	176	62	0	3	1	0	12	181	219	94	1	0	0	0	1	5	0	99	66	0	0	28	38	75	132	145	21	0	0	77	132	119	65	9	0	1	0	0	0	0	0	1	1	0	
0	0	0	0	3	3	0	0	0	0	17	6	0	0	0	0	0	0	143	191	155	86	0	1	0	0	3	26	51	127	2	0	0	0	1	0	37	118	0	2	0	0	0	0	150	47	0	2	0	3	0	110	108	0	3	0	0	0	7	123	11	0	0	0	
0	0	0	0	0	0	0	0	1	0	134	203	172	29	0	1	0	1	76	31	99	126	0	3	0	2	0	67	219	188	0	1	1	0	7	164	98	165	39	0	0	32	80	21	125	172	6	0	0	6	160	207	160	25	0	1	0	0	1	1	0	1	1	0	
0	0	2	0	0	2	0	0	0	0	0	4	11	0	0	0	0	4	174	219	226	124	0	2	0	4	79	61	31	130	13	0	0	0	2	0	42	142	0	1	0	1	3	0	174	66	0	3	0	2	0	139	131	0	3	0	0	0	1	144	24	0	1	0	
0	0	1	1	0	1	0	0	0	1	0	10	72	8	0	0	1	0	13	145	132	13	7	0	2	0	105	51	0	143	58	0	2	0	134	148	157	186	0	0	1	0	18	27	103	73	0	3	0	1	0	32	140	3	0	0	0	1	0	50	45	0	1	0	
0	0	0	0	3	3	0	0	0	0	6	8	0	0	0	0	2	0	51	216	180	146	4	0	0	0	6	29	103	190	0	0	0	1	0	18	154	34	0	2	1	0	2	165	70	0	3	0	2	0	132	99	0	4	0	0	0	24	124	0	2	0	0	0	
0	0	0	0	0	0	0	0	0	0	1	11	0	34	42	0	1	0	23	125	0	77	76	0	3	0	88	74	0	112	26	0	1	0	177	141	132	142	0	3	1	0	37	98	187	46	0	1	0	1	0	34	68	0	2	0	0	0	0	10	10	0	0	0	
0	0	1	4	30	1	1	0	0	2	0	131	246	39	0	2	3	0	87	161	92	210	21	0	0	1	141	27	0	112	112	0	0	51	120	0	0	46	109	0	0	30	228	167	118	189	78	0	2	0	64	137	142	86	0	1	0	0	0	0	0	0	1	0	
0	0	0	41	15	0	1	0	0	1	0	163	213	144	4	0	0	2	2	7	24	167	83	0	0	0	0	3	0	77	107	0	1	107	155	172	182	187	16	0	29	157	165	206	168	213	37	0	10	63	14	0	0	73	55	0	0	0	0	2	4	0	0	0	
0	0	2	0	41	48	0	1	0	0	0	4	151	61	38	0	0	2	0	125	88	0	3	0	1	0	40	113	24	74	0	1	3	0	86	82	179	168	0	3	4	0	83	241	204	49	0	2	1	0	9	68	38	0	1	0	0	0	0	0	1	2	0	0	
0	0	1	0	15	29	0	0	0	2	0	76	207	65	0	2	0	1	0	82	53	0	1	0	3	0	71	110	0	3	0	0	1	0	11	148	168	28	0	2	0	4	38	40	177	132	0	4	0	6	81	139	113	20	0	1	0	0	0	0	0	0	0	0	
0	0	0	0	8	12	0	0	0	0	0	5	63	2	0	0	0	2	0	75	90	29	16	0	1	0	14	184	156	180	109	0	3	0	93	169	23	0	11	0	4	0	153	179	132	94	0	0	1	0	12	80	62	5	0	0	0	0	0	0	0	0	0	0	
0	0	1	0	31	84	41	0	0	0	0	8	124	104	28	0	2	0	42	98	0	3	0	0	1	0	24	160	118	19	0	1	0	1	0	7	102	193	34	0	4	114	125	137	172	191	25	0	0	44	89	91	63	9	0	1	0	0	0	0	0	1	1	0	
0	14	6	0	0	0	0	0	0	12	10	85	95	25	0	1	0	0	9	62	75	136	10	0	0	1	1	2	0	132	27	0	1	0	14	57	129	109	0	2	0	28	112	157	148	12	0	1	0	36	104	16	0	2	0	0	0	0	0	0	3	0	0	0	
0	0	2	1	0	0	0	0	0	1	0	24	48	0	1	0	2	0	45	197	153	0	0	0	1	0	80	31	0	94	35	0	1	0	34	90	40	115	14	0	0	0	10	14	37	56	0	2	0	0	3	0	109	47	0	2	0	0	1	0	58	6	0	0	
0	0	0	1	0	0	0	0	0	0	1	0	39	152	114	0	0	0	5	6	126	143	50	0	1	0	33	142	0	1	0	0	0	1	0	115	120	1	2	0	0	27	55	91	191	30	0	2	0	95	139	107	42	0	1	0	0	0	0	0	0	0	0	0	
0	0	0	0	0	0	0	0	3	0	95	185	175	71	0	2	2	0	68	94	190	133	0	4	1	0	24	201	247	90	0	1	3	7	11	57	58	158	130	0	0	128	111	62	60	134	188	0	0	35	156	164	163	127	24	0	0	0	0	0	0	0	0	0	
0	0	3	1	0	1	1	0	0	1	0	9	59	9	0	0	1	0	91	178	194	58	16	0	0	59	136	2	22	164	37	0	0	32	149	154	194	128	0	4	1	0	23	26	118	33	0	1	0	3	0	75	121	0	2	0	0	1	0	69	20	0	1	0	
0	0	3	1	0	0	2	2	0	1	0	3	54	30	0	1	1	0	80	156	148	41	54	70	0	46	120	6	16	144	181	45	0	47	103	75	179	86	4	0	3	0	93	234	59	0	4	2	2	0	37	135	124	0	2	0	0	0	1	57	39	0	1	0	
1	0	15	50	4	0	0	0	2	0	41	203	177	28	0	1	0	1	2	0	124	84	0	3	0	1	129	206	247	79	0	2	5	15	55	71	56	159	86	0	1	92	83	75	79	155	148	0	0	40	116	133	152	102	12	0	0	0	0	0	0	0	0	0	
0	0	1	2	0	1	0	0	0	2	0	48	37	6	64	0	1	0	27	181	18	73	96	0	0	0	142	49	0	144	14	0	0	17	180	81	130	113	0	3	1	0	20	128	176	0	1	0	0	2	0	109	45	0	2	0	0	0	3	28	2	1	0	0	
0	0	0	3	0	0	0	0	0	2	0	53	232	116	0	2	0	2	0	145	128	149	18	0	3	0	82	143	0	113	39	0	0	13	141	13	0	132	40	0	0	68	129	2	116	174	0	0	0	19	176	190	158	26	0	1	0	0	2	3	0	1	0	0	
0	0	0	1	4	3	3	0	0	0	1	1	0	0	0	0	0	1	0	19	112	136	119	12	2	0	58	124	47	57	41	6	1	0	27	127	60	0	2	0	0	52	110	111	135	0	2	0	0	4	38	46	8	0	0	0	0	0	0	0	0	0	0	0	
0	0	1	1	0	19	4	0	0	0	4	45	0	110	12	0	2	0	67	143	9	140	0	1	2	0	154	26	65	83	0	2	2	0	164	159	196	142	20	0	1	0	6	178	175	109	11	0	0	1	0	74	14	0	0	0	0	0	1	0	3	4	0	0	
0	0	1	0	25	44	0	2	0	0	1	0	116	51	0	2	0	2	0	67	101	0	2	0	0	0	1	117	24	37	0	1	2	0	45	73	85	162	0	4	2	0	44	125	145	44	0	2	0	0	2	67	28	0	1	0	0	0	0	0	1	2	0	0	
0	0	0	0	0	0	0	0	2	0	42	128	107	73	7	0	2	0	45	88	54	161	117	0	0	1	0	27	123	142	33	0	2	0	112	169	185	93	0	4	2	0	17	41	158	83	0	3	18	142	148	138	63	0	1	0	0	35	26	0	1	1	0	0	
0	0	0	1	1	0	0	0	0	0	1	0	24	54	0	2	0	2	0	62	75	97	0	3	0	0	3	106	89	61	0	2	1	0	14	129	148	17	0	1	0	2	0	81	123	0	3	0	0	3	0	99	48	0	2	0	0	0	0	23	7	0	0	0	
0	0	0	1	6	1	0	0	1	0	9	116	140	28	1	0	3	0	72	67	0	130	59	0	2	0	60	74	92	134	0	1	0	2	0	176	181	0	2	0	2	0	45	102	96	45	0	2	1	0	31	108	123	39	0	2	0	0	0	11	9	0	0	0	
0	0	0	1	0	0	0	0	0	0	0	4	161	82	0	2	0	3	0	96	154	110	12	0	1	0	16	143	0	83	21	0	3	0	87	85	0	105	11	0	3	0	115	33	81	99	0	3	2	0	56	162	113	3	0	0	0	0	0	8	1	1	0	0	
0	0	0	0	12	16	0	1	0	0	2	0	113	55	0	2	0	2	0	51	120	0	2	0	0	2	0	114	51	23	0	1	1	0	26	90	108	97	0	3	1	0	33	124	92	5	0	0	0	0	0	110	63	0	1	0	0	0	0	0	0	0	0	0	
0	0	1	0	0	0	0	0	0	0	4	7	0	63	7	0	3	0	79	60	0	138	5	0	1	0	119	16	10	118	0	1	0	8	147	55	73	118	0	4	1	0	35	71	167	60	0	2	0	1	0	13	133	1	0	0	0	0	0	13	24	0	1	0	
0	0	1	0	0	2	2	0	0	1	0	55	75	0	0	0	2	0	47	155	101	58	60	0	3	0	90	58	86	161	40	0	1	0	0	189	112	0	1	0	0	0	7	97	54	0	3	0	0	0	4	103	112	0	0	0	0	2	0	74	74	0	2	0	
0	0	0	0	1	0	0	0	0	1	0	16	90	0	1	0	0	0	0	9	112	0	0	0	0	1	0	25	127	0	2	0	0	2	0	63	102	0	3	0	0	3	0	119	57	0	2	0	0	0	2	104	6	0	0	0	0	0	0	2	1	0	0	0	
0	0	0	0	0	0	0	0	0	19	142	203	195	62	0	2	0	55	130	40	104	112	0	4	1	0	24	110	236	139	0	2	3	0	98	184	129	170	97	0	0	23	9	5	25	145	115	0	0	78	178	185	185	136	8	0	0	1	7	3	0	0	0	0	
0	0	1	0	0	0	0	0	0	0	7	38	0	58	39	0	2	0	56	101	0	85	28	0	2	0	107	29	0	94	4	0	3	0	122	176	166	124	0	3	1	0	11	48	156	44	0	2	0	0	0	1	98	6	0	0	0	0	0	3	2	0	0	0	
0	0	0	0	0	1	1	0	0	34	108	110	96	14	0	1	0	80	192	205	249	216	27	0	0	2	0	98	25	120	127	0	1	0	33	128	0	57	135	0	4	0	97	86	11	185	100	0	3	0	63	222	209	116	0	0	0	0	0	40	28	0	2	0	
0	0	0	0	0	0	0	0	0	0	2	0	74	18	0	1	0	0	0	5	125	7	0	0	0	1	0	42	101	0	3	0	0	3	0	94	62	0	2	0	0	0	4	127	10	0	0	0	1	0	27	84	0	2	0	0	0	0	1	1	0	0	0	0	
0	0	2	2	0	2	1	0	0	0	0	7	72	22	0	1	2	0	34	151	122	79	18	0	2	0	125	45	10	142	15	0	2	0	120	150	208	80	0	3	0	0	1	34	117	0	1	0	0	3	0	116	72	0	2	0	0	0	0	57	8	0	0	0	
0	1	0	11	88	17	0	1	0	2	0	51	208	173	36	0	0	2	1	1	0	53	112	0	0	0	4	5	0	34	103	0	0	65	175	219	181	158	34	0	0	174	192	123	139	168	0	1	0	25	12	0	0	48	7	0	0	0	0	3	4	0	0	0	
0	0	0	0	0	0	0	0	3	0	56	208	60	0	2	0	0	0	2	55	121	0	1	0	0	1	0	136	204	27	0	1	0	1	12	114	129	147	3	0	0	3	111	67	17	136	14	0	1	0	30	139	203	84	0	3	0	0	0	0	1	0	0	0	
0	0	3	4	4	4	1	0	0	0	0	0	0	0	0	0	0	11	71	97	121	115	17	0	0	39	169	146	117	183	30	0	0	0	1	0	36	104	0	2	0	1	6	0	113	56	0	2	0	1	0	15	123	0	0	0	0	2	0	65	83	0	3	0	
0	0	2	1	0	1	0	0	0	1	0	30	76	8	0	1	2	0	60	107	48	79	27	0	0	27	117	0	51	156	6	0	0	29	146	123	114	86	0	3	0	0	18	0	85	52	0	2	0	1	0	25	121	0	0	0	0	1	0	30	41	0	1	0	
0	0	0	0	1	18	1	0	0	0	1	0	32	88	0	2	0	0	3	0	124	61	0	2	0	1	0	33	144	0	1	0	0	3	0	112	71	0	3	2	1	0	15	179	20	0	3	8	1	0	22	101	2	0	0	0	0	0	0	0	0	0	0	0	
0	0	0	1	0	1	0	0	3	0	72	208	185	60	0	2	1	1	18	36	65	163	8	0	0	0	0	2	0	140	30	0	4	91	82	102	150	94	0	2	0	115	184	243	197	84	10	0	0	0	0	6	82	204	60	0	0	3	3	0	0	1	1	0	
0	0	0	2	0	0	0	0	0	0	0	0	41	113	53	0	0	1	0	82	104	87	66	0	1	0	12	173	92	24	0	1	0	0	0	10	65	165	2	0	0	58	67	92	160	101	0	2	0	56	103	94	41	0	1	0	0	0	0	0	0	2	0	0	
0	0	0	2	1	0	0	0	0	1	0	38	130	0	2	0	0	1	0	20	185	4	0	0	0	1	0	14	173	6	0	0	0	2	0	42	170	0	1	0	0	3	0	107	133	0	4	0	0	3	0	105	84	0	3	0	0	0	0	0	0	0	0	0	
0	2	4	2	0	1	0	0	0	0	0	0	13	7	0	0	0	41	161	162	191	161	2	0	0	81	114	45	28	168	15	0	0	0	3	0	74	130	0	3	0	2	5	0	165	56	0	2	0	2	0	65	173	0	2	0	0	3	0	102	79	0	3	0	
0	1	0	30	28	0	1	0	0	3	0	81	211	35	0	2	0	0	2	0	44	136	0	1	1	0	19	117	112	115	0	2	2	0	139	167	255	90	0	4	0	28	154	108	49	125	23	0	0	15	78	16	0	44	48	0	0	0	0	1	3	1	0	0	
0	0	2	0	0	1	0	0	0	0	0	57	23	3	16	0	2	0	76	149	61	77	126	0	2	0	117	18	114	186	40	0	3	0	81	239	124	7	0	1	0	4	119	92	63	0	3	0	0	16	69	16	118	8	0	0	1	0	27	99	56	0	1	0	
0	2	3	3	3	3	0	0	0	0	0	0	0	0	0	0	6	134	156	140	156	99	0	1	0	39	60	58	54	136	7	0	0	0	1	0	23	113	0	1	0	1	5	0	94	82	0	3	0	0	0	9	144	12	0	1	0	3	0	86	98	0	3	0	
0	0	0	0	0	0	0	0	0	0	3	80	145	129	9	0	1	0	7	199	105	144	77	0	1	0	32	136	0	59	86	0	3	0	109	76	0	86	79	0	0	0	135	6	55	176	16	0	1	0	163	201	167	42	0	2	1	0	18	46	4	0	1	0	
0	0	0	0	0	0	0	0	0	0	0	4	98	3	0	0	0	0	0	0	120	10	0	0	0	1	0	18	110	0	1	0	0	2	0	51	96	0	3	0	0	3	0	102	56	0	2	0	0	0	3	110	9	0	0	0	0	0	1	4	0	0	0	0	
0	0	2	1	0	0	0	0	0	2	0	13	74	28	0	1	2	0	58	151	135	90	0	3	0	33	108	7	0	56	80	0	0	94	79	43	105	182	49	0	0	43	159	112	73	112	0	1	0	0	2	0	56	75	0	3	0	2	5	0	42	21	0	1	
0	0	2	0	71	18	0	1	0	2	0	50	110	0	3	0	0	0	3	126	26	0	1	0	3	0	73	78	0	66	59	0	0	0	142	4	76	255	59	0	1	0	130	189	184	68	0	2	0	0	3	27	6	0	1	0	0	0	2	0	1	3	0	0	
0	0	1	1	0	1	0	0	0	0	2	47	0	35	38	0	1	0	37	113	0	108	44	0	2	0	103	34	8	132	0	1	1	0	134	98	130	91	0	3	1	0	14	60	159	28	0	1	0	1	0	25	106	0	2	0	0	0	0	15	19	0	1	0	
0	0	0	0	1	0	0	0	0	0	1	0	25	86	0	2	0	0	3	0	82	101	0	3	0	0	0	3	150	22	0	1	0	2	0	73	124	0	3	0	0	0	0	158	39	0	1	0	1	0	23	151	3	0	0	0	0	0	0	0	1	0	0	0	
0	1	0	20	48	0	1	0	0	2	0	43	207	161	11	0	0	2	2	0	0	105	107	0	0	0	2	3	0	29	120	0	0	43	170	184	120	140	73	0	0	140	173	186	247	139	0	3	0	40	93	48	4	51	1	0	0	0	0	0	0	0	0	0	
0	0	2	49	11	0	0	0	1	0	7	172	170	44	0	2	0	0	2	0	87	127	0	3	1	0	25	175	250	63	0	3	1	0	12	62	103	136	0	1	0	6	117	101	128	163	0	0	2	0	98	162	124	36	0	1	0	0	0	0	0	0	0	0	
0	0	0	0	0	2	2	0	0	17	32	27	12	0	0	0	0	73	177	166	146	140	33	0	0	0	0	1	0	54	120	0	0	1	2	2	0	117	77	0	0	1	0	6	134	102	0	1	1	0	9	162	91	0	3	0	3	0	85	128	0	5	0	0	
0	0	0	5	4	0	0	0	0	1	0	22	182	47	0	2	0	2	0	35	207	101	0	4	1	0	7	145	79	73	0	3	3	0	86	71	92	86	0	3	4	0	104	106	166	15	0	1	2	0	57	184	38	0	2	0	0	0	0	0	1	1	0	0	
0	1	0	18	84	1	0	0	0	1	0	2	151	133	0	2	0	1	0	2	0	132	34	0	0	3	35	43	33	121	18	0	0	105	145	198	237	171	1	0	0	119	122	92	6	99	98	0	0	4	9	0	0	8	35	0	0	0	0	3	1	2	0	0	
0	0	0	0	1	0	0	0	0	0	1	0	80	9	0	0	0	0	1	0	114	13	0	0	0	1	0	19	135	0	0	0	0	3	0	85	91	0	3	0	0	0	1	137	16	0	1	0	2	0	52	99	0	3	0	0	0	0	3	3	0	0	0	0	
0	9	55	29	0	1	0	0	0	52	186	172	25	0	2	0	1	0	11	176	79	0	3	0	3	0	92	206	164	133	12	0	1	3	0	1	0	61	130	0	0	100	110	82	74	135	133	0	0	10	72	139	156	116	15	0	0	0	0	0	0	0	0	0	
0	0	0	0	1	1	0	0	0	0	2	0	58	32	0	1	0	0	1	0	96	18	0	1	0	0	0	14	101	0	1	0	0	2	0	61	107	0	3	0	0	3	0	89	66	0	2	0	0	2	0	90	21	0	1	0	0	0	0	2	0	0	0	0	
0	0	0	0	0	0	0	0	0	0	19	21	8	0	0	0	3	0	120	203	181	28	0	2	0	0	4	0	109	50	0	2	0	0	2	0	127	25	0	1	0	1	0	28	135	0	1	0	0	3	0	100	76	0	3	0	0	0	2	115	13	0	0	0	
0	0	13	26	1	0	0	0	3	0	108	205	153	18	0	1	0	1	9	3	90	143	0	3	0	0	0	0	9	144	4	0	0	20	57	60	146	136	0	3	0	189	247	180	190	198	117	0	0	44	20	0	0	26	88	2	0	0	0	2	3	0	0	0	
0	0	0	0	1	1	0	0	0	0	2	0	56	51	0	2	0	0	2	0	107	31	0	1	0	1	0	29	120	0	2	0	0	3	0	96	73	0	2	0	1	0	15	143	5	0	0	0	2	0	58	77	0	2	0	0	0	0	2	1	0	0	0	0	
0	0	1	0	40	23	0	1	0	1	0	33	74	0	1	0	0	0	3	86	35	35	0	1	2	0	42	143	141	136	13	0	3	0	87	144	5	102	19	0	2	0	54	172	163	82	0	2	0	0	0	19	21	0	0	0	0	0	1	0	0	2	0	0	
0	0	0	0	0	0	0	0	0	1	0	45	110	54	0	2	1	0	16	101	28	17	0	0	1	0	22	70	6	49	0	1	0	2	0	92	138	28	0	1	0	0	0	53	80	17	0	1	0	1	0	54	112	67	0	3	0	0	0	3	45	15	0	1	
0	0	2	0	11	11	0	0	0	2	0	36	225	129	0	3	1	0	26	175	61	154	33	0	3	0	131	74	0	83	73	0	0	18	114	0	0	102	75	0	0	8	175	133	119	168	7	0	2	0	61	164	133	40	0	1	0	0	0	0	0	1	0	0	
0	0	1	0	0	0	0	0	0	0	0	30	70	48	0	1	3	0	60	155	113	65	0	1	4	0	99	68	0	89	16	0	1	0	17	147	141	87	0	1	0	3	0	140	111	0	3	0	1	0	17	130	74	0	2	0	0	0	3	102	32	0	1	0	
0	1	2	0	0	0	0	0	0	1	1	20	63	45	0	1	0	4	111	125	100	71	0	1	0	97	55	0	0	65	108	0	0	98	116	59	68	209	35	0	0	5	61	42	146	104	0	3	0	3	0	38	140	0	1	0	0	2	0	63	49	0	2	0	
0	0	0	0	1	1	0	0	0	0	3	0	90	48	0	2	0	0	1	0	139	21	0	1	0	1	0	23	133	0	1	0	0	2	0	74	108	0	3	0	0	2	0	149	47	0	2	0	1	0	27	114	0	1	0	0	0	0	3	3	0	0	0	0	
0	0	1	0	65	13	0	0	0	1	0	21	95	0	1	0	0	2	0	70	33	0	1	0	1	0	27	99	81	121	8	0	4	0	101	168	66	142	20	0	3	0	97	161	101	63	0	2	0	0	0	22	15	0	0	0	0	0	1	0	0	2	0	0	
0	0	0	1	0	0	0	0	0	0	0	2	95	19	0	1	0	3	0	92	255	71	0	3	0	0	1	147	155	50	0	2	2	0	65	114	101	57	0	2	4	0	100	93	138	12	0	1	4	0	82	203	63	0	2	0	0	0	10	37	0	1	0	0	
0	0	0	0	0	0	0	0	0	0	1	0	89	26	0	1	0	1	0	9	179	18	0	1	0	2	0	64	138	0	3	0	0	3	0	99	107	0	3	0	0	3	0	128	76	0	3	0	0	3	0	139	51	0	2	0	0	0	0	14	9	0	0	0	
0	0	0	2	5	0	0	0	1	0	107	175	177	57	0	2	0	33	185	18	139	102	0	4	0	4	13	2	184	30	0	1	0	3	0	83	137	0	23	5	1	0	24	229	179	139	114	16	3	0	86	188	100	21	0	0	0	0	0	0	0	0	2	1	
0	0	0	0	0	0	0	0	1	0	9	83	119	31	0	1	2	0	63	76	116	77	0	3	1	0	10	92	182	21	0	1	2	0	54	73	110	78	0	3	0	0	2	0	139	39	0	1	3	0	58	157	97	0	2	0	0	0	10	45	1	1	0	0	
0	0	1	2	0	2	3	0	0	0	0	2	0	121	49	0	1	0	23	87	5	150	5	0	3	0	79	101	27	129	0	3	3	0	160	120	153	128	0	1	0	10	182	113	168	41	1	0	0	1	0	20	79	0	2	0	0	0	1	3	1	2	0	0	
0	0	1	1	0	0	0	0	0	1	0	24	90	115	101	70	1	0	7	177	105	29	20	12	3	0	104	169	36	7	0	0	3	0	156	168	146	99	0	4	0	0	3	0	118	111	0	4	0	8	81	129	150	3	0	1	0	0	37	54	3	0	0	0	
0	0	5	3	79	10	0	0	0	0	2	60	161	0	1	0	0	3	0	121	80	0	3	0	1	0	14	162	11	18	0	0	2	0	55	171	135	183	0	2	2	0	21	231	240	76	0	3	0	1	0	37	37	0	1	0	0	0	0	0	0	2	0	0	
0	0	3	1	0	0	0	0	0	0	0	5	6	6	0	0	2	0	118	129	145	147	0	3	2	0	165	32	92	113	0	3	1	0	31	11	149	27	0	1	0	2	0	43	136	0	2	0	0	3	0	104	84	0	3	0	0	2	0	71	26	0	1	0	
0	0	1	0	0	1	1	0	0	1	0	55	139	88	0	2	2	0	62	138	51	115	16	0	2	0	48	154	52	82	14	0	0	3	0	144	190	1	0	1	2	0	42	138	126	0	2	0	2	0	52	154	135	0	0	0	0	0	0	52	24	0	1	0	
0	0	0	2	0	0	0	0	0	0	1	0	52	51	0	1	0	1	1	92	83	104	0	0	3	0	73	130	94	60	0	2	2	0	51	112	147	33	0	1	0	1	0	24	128	0	1	0	0	3	0	100	83	0	3	0	0	1	0	55	15	0	0	0	
0	0	0	2	0	0	0	0	0	0	1	0	106	70	0	2	0	3	0	73	231	105	0	3	1	0	11	164	39	97	0	1	3	0	90	94	18	119	0	3	2	0	146	17	77	72	0	3	3	0	105	149	83	0	1	0	0	0	4	46	7	0	0	0	
0	0	0	0	1	0	0	0	0	0	2	0	94	38	0	1	0	0	0	2	151	19	0	1	0	2	0	50	120	0	3	0	0	3	0	99	88	0	3	0	0	3	0	121	50	0	2	0	0	2	0	99	41	0	1	0	0	0	0	2	4	0	0	0	
0	0	0	0	0	0	0	0	2	0	44	135	131	96	0	1	0	0	189	127	68	181	0	1	0	3	27	0	141	110	0	4	0	2	0	58	164	0	4	1	2	0	24	229	185	97	149	69	0	0	186	197	65	9	10	7	0	6	44	2	0	0	0	0	
0	0	0	0	0	0	0	0	1	0	11	98	114	112	7	0	1	0	23	125	84	202	14	0	0	0	0	63	228	62	0	3	0	9	166	134	109	120	0	3	0	9	87	0	99	131	0	4	1	0	180	171	155	17	0	1	1	0	25	52	10	0	1	0	
0	0	0	1	1	1	0	0	0	0	1	2	0	45	40	0	0	0	0	89	17	156	25	0	1	0	24	117	79	132	0	4	4	0	123	197	191	106	1	0	1	0	55	88	137	0	3	0	0	3	0	112	65	0	2	0	0	0	0	22	8	0	0	0	
0	0	1	2	1	0	0	0	0	0	0	0	0	12	2	0	3	0	68	151	162	163	0	1	0	0	14	14	153	84	0	3	0	1	0	40	166	0	0	0	0	3	0	126	109	0	3	0	1	0	20	180	15	0	1	0	1	0	36	116	0	2	0	0	
0	0	0	2	0	0	1	0	0	0	0	0	97	121	0	1	0	0	0	123	112	119	49	0	1	0	38	136	0	113	47	0	0	2	0	124	177	55	0	2	1	0	13	224	117	0	5	0	4	0	89	235	31	0	2	0	1	0	14	22	0	1	0	0	
0	0	0	2	0	0	0	0	0	0	0	1	28	6	0	0	0	1	0	94	160	65	0	3	3	0	79	147	103	56	0	2	2	0	71	94	134	41	0	2	0	0	0	12	132	1	0	0	0	2	0	83	97	0	3	0	0	2	0	90	34	0	1	0	
0	0	0	2	0	0	0	0	0	0	2	0	174	98	0	3	0	3	0	81	225	149	0	2	2	0	44	190	10	153	19	0	2	0	152	66	14	151	0	0	0	20	156	45	131	35	0	1	0	0	141	175	58	0	2	0	0	0	3	3	0	2	0	0	
0	0	0	0	0	0	0	0	0	0	1	0	43	51	0	2	0	0	3	0	171	89	0	3	0	1	0	14	178	12	0	1	0	3	0	87	142	0	3	0	0	0	0	165	43	0	2	0	1	0	36	136	0	2	0	0	0	0	5	21	0	0	0	0	
0	0	0	0	0	0	0	0	0	0	1	106	163	57	0	2	3	0	75	173	146	187	0	2	0	0	15	0	149	112	0	3	0	3	0	97	187	0	0	0	2	0	56	241	161	67	0	1	2	0	189	214	114	53	0	1	0	0	29	7	0	0	0	0	
0	0	0	0	0	0	0	0	1	0	34	115	103	63	0	1	0	0	5	48	157	177	0	3	2	0	69	188	219	24	0	1	1	0	44	39	104	147	0	3	0	0	2	0	134	127	0	3	1	0	113	167	137	2	0	1	1	0	48	42	0	2	0	0	
0	0	0	0	0	1	5	0	0	0	2	5	0	84	81	0	2	0	60	122	0	173	16	0	1	0	151	41	66	135	0	4	0	69	229	98	186	128	42	0	0	25	39	58	164	0	9	0	0	2	0	59	91	0	3	0	0	1	2	0	1	1	0	0	
0	0	0	2	0	0	0	0	0	0	0	4	53	73	78	27	0	2	0	158	197	86	80	33	2	0	38	208	22	0	1	0	3	0	161	221	150	35	0	3	0	0	48	0	119	99	0	2	1	0	11	101	165	21	0	0	1	0	62	112	15	0	1	0	
0	2	4	0	17	10	0	0	0	8	18	0	129	59	0	2	0	2	0	57	175	0	0	0	0	3	0	157	166	55	0	1	2	0	33	224	221	198	0	1	3	0	59	211	125	117	0	3	0	0	2	122	122	2	0	0	0	0	0	0	0	1	0	0	
0	0	2	4	3	0	0	0	0	0	0	0	0	6	2	0	1	0	32	108	110	182	17	0	0	16	203	114	60	157	0	0	0	19	65	0	111	94	0	3	0	1	0	17	179	17	0	1	0	4	0	123	111	0	3	0	0	1	0	125	27	0	1	0	
0	0	1	1	0	0	0	0	0	1	0	11	69	132	57	0	1	0	6	142	96	63	84	0	2	0	38	157	0	90	19	0	0	2	0	160	218	50	0	2	3	0	83	214	157	0	3	0	3	0	118	182	57	0	2	0	1	0	16	47	0	0	0	0	
0	0	0	1	0	0	0	0	0	0	1	0	178	109	0	4	0	3	0	96	233	39	0	2	0	2	0	202	151	0	3	0	2	0	37	238	255	142	0	3	3	0	65	238	169	153	0	3	0	1	0	113	138	18	0	1	0	0	0	2	2	0	0	0	
0	0	0	1	0	0	0	0	0	0	1	0	27	49	0	2	0	0	9	0	69	106	0	4	2	0	59	115	107	119	0	1	3	0	131	176	184	87	5	0	0	0	16	38	119	0	2	0	0	3	0	71	65	0	3	0	0	0	0	14	6	0	0	0	
0	0	2	0	0	0	0	0	0	0	0	69	158	78	0	2	0	0	182	164	133	163	0	4	0	15	133	0	118	84	0	3	0	2	0	52	149	46	63	6	2	0	41	233	175	123	98	14	0	25	197	104	17	0	0	0	0	15	34	0	1	3	4	0	
0	0	1	0	72	28	0	1	0	1	0	28	179	11	0	1	0	3	0	114	101	0	3	0	0	0	3	141	17	0	1	0	2	0	41	144	124	135	0	2	1	0	15	208	216	107	0	2	0	1	0	46	52	0	0	0	0	0	0	0	0	2	0	0	
0	0	0	0	1	2	0	0	0	0	1	0	20	95	0	1	0	0	6	0	77	90	0	3	3	0	90	38	125	76	15	0	0	2	183	159	159	74	28	0	0	13	48	101	57	0	2	0	0	1	0	72	16	0	1	0	0	0	3	1	1	0	0	0	
0	0	3	2	0	0	0	0	0	0	0	0	13	14	0	0	0	0	100	140	147	154	0	2	0	2	76	15	94	94	0	3	0	0	0	0	149	28	0	1	0	2	0	57	128	0	3	0	0	3	0	124	50	0	2	0	0	0	0	94	11	0	0	0	
0	0	1	1	0	0	0	0	0	1	0	15	112	120	81	9	1	0	4	182	100	26	43	7	3	0	72	212	77	34	0	1	3	0	106	165	111	164	0	2	0	1	3	0	59	141	0	2	0	16	88	107	162	35	0	2	1	0	32	66	13	0	1	0	
0	0	0	1	0	0	0	0	0	1	0	8	103	129	95	27	0	2	0	150	124	30	76	35	3	0	72	218	56	5	0	0	3	0	141	168	177	111	0	5	0	0	2	0	162	81	0	3	0	21	84	120	138	0	0	0	0	7	42	17	0	1	0	0	
0	0	0	0	0	1	0	0	0	0	1	1	0	108	14	0	0	0	6	4	25	140	0	1	3	0	69	46	69	86	0	3	3	0	152	124	156	90	0	1	0	9	124	80	149	14	1	0	0	2	0	51	72	0	2	0	0	0	3	5	2	1	0	0	
0	0	1	0	0	0	0	0	0	0	1	17	20	10	0	0	2	0	94	140	141	150	0	3	0	0	15	0	90	109	0	4	0	0	0	0	159	34	0	1	0	2	0	56	144	0	3	0	0	4	0	135	74	0	2	0	0	3	0	105	55	0	2	0	
0	0	1	0	0	0	0	0	0	1	0	39	115	84	0	0	2	0	37	145	39	107	7	0	1	0	17	128	77	49	0	2	0	3	0	80	191	0	1	0	0	0	0	113	153	0	0	0	1	0	18	180	74	0	2	0	0	0	2	37	5	0	0	0	
0	0	2	1	0	0	0	0	0	1	0	22	89	35	0	1	2	0	53	154	93	106	0	0	0	2	162	28	101	130	0	2	0	1	134	109	189	65	0	3	0	0	1	13	152	13	0	1	0	2	0	45	144	0	2	0	0	1	0	25	65	0	1	0	
0	0	0	1	4	0	0	0	1	0	96	178	188	84	0	3	0	3	117	28	86	164	0	4	0	0	0	0	179	76	0	3	0	3	0	122	135	0	33	21	3	0	68	248	168	163	146	50	1	0	164	171	64	21	0	0	0	1	2	0	0	0	2	1	
0	0	1	2	0	0	0	0	0	0	0	0	24	17	0	0	1	0	13	100	77	97	4	0	3	0	80	131	78	124	0	2	1	0	18	69	158	70	0	3	0	1	0	20	130	0	1	0	0	3	0	84	99	0	3	0	0	2	0	55	35	0	1	0	
0	0	0	0	0	0	0	0	2	0	50	132	118	29	0	1	2	0	55	44	151	55	0	2	0	2	0	120	157	0	2	0	2	0	43	113	120	54	0	2	0	0	2	0	57	108	0	4	2	0	40	90	131	48	0	2	1	0	23	64	23	0	1	0	
0	0	0	3	0	1	0	0	0	0	2	0	16	17	0	1	0	0	0	99	135	150	13	0	3	0	106	85	21	126	0	0	3	0	133	105	188	73	0	3	1	0	16	60	151	9	0	0	0	2	0	50	122	0	3	0	0	1	0	47	65	0	2	0	
0	0	0	0	0	0	0	0	1	0	45	119	115	5	0	0	1	0	24	133	164	0	2	0	0	0	104	208	143	55	0	2	0	16	114	17	16	152	17	0	0	0	0	0	0	163	31	0	2	0	55	84	128	85	0	2	1	0	15	53	24	0	1	0	
0	0	2	1	0	1	0	0	0	1	0	24	77	31	0	1	3	0	79	126	85	145	1	0	2	0	74	123	61	69	0	2	0	3	0	109	176	0	2	0	1	0	15	92	118	15	0	1	2	0	42	138	106	2	0	0	0	0	2	91	28	0	1	0	
0	0	1	0	0	0	0	0	0	0	1	68	81	0	0	0	0	0	139	91	128	34	0	2	0	4	32	10	130	6	0	0	0	2	0	105	75	0	18	11	2	0	49	218	120	115	92	59	1	0	35	57	6	0	0	0	0	0	0	0	0	1	2	1	
0	0	0	2	0	0	0	0	0	0	3	0	125	103	0	3	0	3	0	97	178	116	0	2	2	0	38	189	24	119	4	0	4	0	116	90	0	132	0	0	5	0	138	79	89	105	0	3	2	0	43	172	121	4	0	1	0	0	0	4	1	1	0	0	
0	0	0	1	0	0	0	0	0	1	0	21	73	76	44	0	0	2	0	184	194	113	50	0	1	0	4	203	60	0	2	0	3	0	79	194	148	72	0	3	2	0	70	24	48	130	0	4	2	0	56	59	114	97	0	3	0	0	5	85	96	4	0	0	
0	0	0	2	0	0	0	0	0	0	3	0	89	137	9	0	0	2	0	103	210	248	38	0	2	0	48	178	36	182	11	0	4	0	153	68	73	147	0	4	2	0	182	42	137	71	0	2	3	0	115	203	122	0	2	0	0	0	5	50	5	0	0	0	
0	0	0	0	0	0	0	0	0	0	5	7	27	0	0	0	1	0	37	120	194	7	0	1	0	1	0	33	186	0	0	0	0	2	0	60	145	0	3	0	0	3	0	108	106	0	3	0	0	4	0	133	77	0	3	0	0	1	0	51	17	0	1	0	
0	0	0	1	0	0	0	0	0	0	0	0	169	73	0	2	0	2	0	49	209	32	0	2	0	2	0	123	104	34	0	2	1	0	35	110	110	40	0	1	3	0	63	140	151	1	0	0	1	0	27	167	52	0	2	0	0	0	0	3	1	0	0	0	
0	0	0	0	1	0	0	0	0	0	0	0	10	71	0	0	0	0	5	0	87	108	0	4	1	0	42	58	100	88	0	2	4	0	107	135	150	91	4	0	1	0	35	62	121	0	2	0	0	2	0	57	90	0	3	0	0	0	0	18	12	0	0	0	
0	0	0	0	0	0	0	0	2	0	41	160	118	0	1	0	3	0	86	204	178	36	0	2	0	1	13	0	134	37	0	1	0	2	0	38	176	38	47	2	1	0	0	184	181	76	57	0	2	0	149	144	0	0	0	0	0	0	30	2	0	3	2	0	
0	0	0	8	60	0	0	0	0	2	0	65	144	0	2	0	0	2	0	146	60	0	1	0	1	0	30	142	0	8	0	0	2	0	94	103	129	165	0	3	2	0	26	203	182	73	0	2	0	1	0	51	46	0	1	0	0	0	0	0	0	2	0	0	
0	0	0	1	0	0	0	0	0	0	1	0	62	91	2	0	0	3	0	96	255	100	0	3	0	1	0	150	130	36	0	2	2	0	41	182	107	74	0	3	1	0	35	15	73	83	0	3	2	0	61	111	130	16	0	1	0	0	0	49	26	0	1	0	
0	0	0	0	0	0	0	0	1	0	11	65	59	16	0	1	2	0	41	108	112	112	0	3	0	1	0	73	151	11	0	1	2	0	89	134	116	22	0	1	0	0	14	0	116	45	0	2	2	0	52	106	107	0	1	0	1	0	26	82	7	0	0	0	
0	0	0	1	0	0	0	0	0	1	0	35	49	39	13	0	0	2	0	177	157	84	38	0	2	0	30	218	85	11	0	1	3	0	68	187	90	130	0	2	1	0	38	0	62	126	0	3	1	0	29	62	154	31	0	1	1	0	15	94	31	0	1	0	
0	0	0	0	0	0	0	0	0	1	5	94	126	39	0	2	0	1	3	38	154	69	0	3	1	0	15	134	192	8	0	1	2	0	105	83	76	96	0	4	0	0	14	1	93	108	0	4	3	0	115	151	126	13	0	1	1	0	22	54	6	0	0	0	
0	0	0	0	0	0	0	0	0	1	0	38	71	84	13	0	2	0	50	127	6	90	38	0	1	0	33	122	89	109	0	1	0	3	0	146	119	0	2	0	1	0	20	197	71	0	3	0	3	0	55	179	27	0	1	0	0	0	6	35	0	0	0	0	
0	0	0	2	0	0	0	0	0	4	9	0	94	91	0	0	0	2	0	106	163	157	70	0	2	0	40	211	0	136	82	0	4	0	111	110	0	147	10	0	1	0	175	42	124	90	0	3	2	0	145	185	88	0	2	0	1	0	17	44	0	2	0	0	
0	0	0	2	0	0	0	0	0	0	0	7	89	56	0	2	0	3	0	117	222	120	0	4	3	0	73	158	51	144	0	3	4	0	136	73	67	117	0	4	2	0	144	41	162	40	0	2	3	0	108	186	85	0	2	0	0	0	10	42	0	1	0	0	
0	0	2	0	0	0	0	0	0	1	0	16	64	13	0	1	3	0	96	243	211	83	0	4	2	0	48	197	211	9	0	1	2	0	35	158	173	57	0	2	1	0	27	11	25	148	0	2	0	30	59	32	125	91	0	2	0	13	79	93	64	0	0	0	
0	0	0	1	0	0	0	0	0	0	2	0	28	76	0	2	0	0	5	6	95	88	0	3	1	0	24	120	115	32	0	1	4	0	112	205	182	66	0	1	1	0	82	101	96	0	3	0	0	2	0	73	43	0	1	0	0	0	0	18	6	0	0	0	
0	0	0	0	0	0	0	0	0	0	2	0	53	25	0	1	0	0	3	0	136	35	0	1	0	0	2	26	151	2	0	0	0	2	0	56	116	0	3	0	0	3	0	107	68	0	2	0	0	0	0	116	13	1	4	0	0	0	1	15	1	0	0	0	
0	0	1	1	0	0	0	0	0	0	0	32	39	62	66	33	2	0	43	212	131	109	82	48	4	0	114	153	19	0	1	0	0	0	196	144	153	42	0	3	0	5	38	0	139	59	0	2	0	2	52	107	134	1	0	0	0	0	58	69	9	0	1	0	
0	0	0	0	0	0	0	0	1	0	11	75	114	105	4	0	1	0	32	85	54	184	10	0	1	0	14	61	174	49	0	2	2	0	71	94	121	78	0	2	0	0	2	0	53	143	0	3	0	18	128	92	135	45	0	2	0	4	48	53	13	0	0	0	
0	0	0	2	0	0	0	0	0	0	1	0	147	137	0	3	0	2	0	138	150	146	5	0	3	0	67	161	0	114	8	0	2	0	167	61	26	141	0	2	1	0	171	54	137	69	0	3	2	0	52	186	99	0	2	0	0	0	0	2	0	1	0	0	
0	0	0	0	0	0	0	0	0	1	0	47	115	105	23	0	2	0	44	147	60	156	42	0	1	0	17	146	117	17	0	1	0	1	0	143	133	0	4	0	2	0	61	92	114	12	0	0	2	0	48	177	96	0	2	0	0	0	0	45	11	0	0	0	
0	0	0	0	0	0	0	0	1	0	58	133	142	44	0	2	0	0	145	68	75	148	0	3	0	1	0	41	176	89	0	3	2	0	53	171	107	137	5	0	0	0	10	0	8	165	14	0	1	0	106	96	135	86	0	2	1	0	18	52	19	0	1	0	
0	0	1	2	0	0	0	0	0	1	0	9	134	80	0	2	1	0	4	152	197	188	0	2	3	0	121	132	0	133	9	0	0	7	177	15	16	134	0	1	0	30	154	0	120	110	0	3	0	0	147	158	141	6	0	1	0	0	11	44	2	0	0	0	
0	0	1	0	53	9	0	0	0	1	0	17	163	8	0	0	0	3	0	100	98	0	3	0	1	0	7	152	54	50	0	1	3	0	68	106	117	167	5	0	3	0	83	111	111	85	0	1	1	0	13	77	48	1	0	0	0	0	0	0	0	1	0	0	
0	0	0	0	0	0	0	0	0	0	82	120	89	2	0	0	0	10	214	141	192	75	0	4	0	0	6	0	149	78	0	3	0	2	0	43	177	19	55	36	2	0	26	215	202	134	141	70	0	3	187	175	45	3	0	0	0	4	20	0	0	1	4	2	
0	0	2	3	1	0	0	0	0	0	1	0	0	8	2	0	2	0	38	104	124	151	0	0	0	0	153	45	55	122	0	3	0	9	50	0	97	89	0	3	0	1	3	0	135	18	0	1	0	2	0	41	106	0	2	0	0	2	0	50	45	0	2	0	
0	0	0	0	0	0	0	0	0	0	2	0	73	36	0	1	0	0	1	0	168	49	0	2	0	1	0	23	164	0	0	0	0	3	0	81	125	0	3	0	0	3	0	146	58	0	2	0	0	0	7	132	3	0	0	0	0	0	2	21	0	0	0	0	
0	0	0	0	0	0	0	0	0	0	0	1	75	4	0	0	0	2	0	45	158	0	0	0	0	2	0	50	135	0	3	0	0	3	0	90	100	0	3	0	0	3	0	116	58	0	2	0	0	0	5	140	11	0	0	0	0	0	4	22	0	0	0	0	
0	0	1	1	0	0	0	0	0	1	0	23	80	73	7	0	1	0	28	147	69	195	45	0	1	0	20	123	63	72	0	0	0	4	0	123	151	0	2	0	2	0	31	121	103	0	3	0	3	0	103	129	83	0	3	0	1	0	40	95	7	0	1	0	
0	0	0	0	0	0	0	0	0	0	2	0	73	38	0	1	0	0	0	0	167	31	0	1	0	1	0	42	136	0	2	0	0	3	0	93	104	0	3	0	0	0	0	155	36	0	1	0	2	0	64	125	0	3	0	0	1	0	13	15	0	0	0	0	
0	0	1	2	0	0	0	0	0	0	0	0	16	10	0	0	0	0	4	101	144	136	0	2	3	0	154	108	13	130	0	2	1	0	59	0	81	105	0	4	0	0	2	0	138	38	0	1	0	2	0	53	127	0	2	0	0	2	0	79	43	0	1	0	
0	0	0	0	1	0	0	0	0	0	1	0	85	27	0	1	0	0	0	0	170	29	0	1	0	2	0	50	135	0	3	0	0	2	0	126	80	0	3	0	0	1	0	145	24	0	1	0	1	0	36	127	0	2	0	0	0	0	11	19	0	1	0	0	
0	0	0	0	0	0	0	0	0	0	3	91	141	97	0	0	2	0	54	150	57	174	10	0	0	0	4	41	191	96	0	3	0	5	129	151	121	130	3	0	0	9	34	0	19	171	11	0	0	5	98	97	145	75	0	2	0	0	43	56	7	0	0	0	
0	0	0	0	0	0	0	0	0	1	0	41	115	94	13	0	1	0	25	158	32	174	49	0	0	0	0	117	94	68	0	1	1	0	4	165	127	0	4	0	2	0	116	96	108	0	3	0	2	0	72	156	56	0	2	0	0	0	6	43	1	0	0	0	
0	0	1	3	0	0	0	0	0	0	0	0	29	14	0	1	1	0	5	112	140	131	0	0	3	0	79	121	63	58	0	0	2	0	45	113	156	22	0	1	0	1	0	23	129	0	2	0	0	3	0	81	97	0	3	0	0	3	0	87	52	0	2	0	
0	0	2	2	0	0	0	0	0	0	0	0	21	8	0	0	2	0	57	139	148	91	0	3	3	0	123	56	93	59	0	2	0	0	7	6	140	8	0	0	0	2	0	49	109	0	3	0	0	3	0	91	70	0	2	0	0	2	0	63	47	0	2	0	
0	0	0	2	60	2	0	0	0	2	0	53	144	0	2	0	0	3	0	114	70	0	3	0	0	0	0	144	35	0	0	0	1	0	27	166	208	133	0	3	1	0	28	181	181	76	0	3	0	1	0	51	45	0	1	0	0	0	1	0	0	2	0	0	
0	0	1	4	3	2	0	0	0	0	0	0	0	0	0	0	2	0	34	145	115	121	0	1	2	0	56	110	96	111	0	3	0	0	3	0	123	39	0	1	0	1	0	26	136	0	1	0	0	3	0	79	79	0	3	0	0	2	0	89	28	0	1	0	
0	0	0	2	0	0	0	0	0	0	0	0	4	76	5	0	0	0	6	45	48	112	0	3	2	0	41	121	84	72	0	3	4	0	117	176	180	83	4	0	1	0	39	65	105	0	3	0	0	2	0	61	80	0	3	0	0	0	0	12	14	0	0	0	
0	0	0	0	0	0	0	0	0	0	2	0	50	47	0	2	0	0	4	0	113	75	0	3	0	0	1	0	154	28	0	1	0	3	0	65	140	0	3	0	0	2	0	136	45	0	1	0	1	0	23	133	0	1	0	0	0	0	5	20	0	0	0	0	
0	0	0	9	67	0	0	0	0	2	0	77	137	0	3	0	0	1	0	163	47	0	2	0	2	0	51	141	0	3	0	0	4	0	124	98	132	208	20	0	3	0	74	248	249	149	0	0	1	0	9	74	41	0	0	0	0	0	1	0	0	3	0	0	
0	0	1	4	4	2	0	0	0	0	1	0	0	0	0	0	1	0	27	125	128	107	0	2	4	0	143	133	133	94	0	3	0	0	25	3	142	18	0	1	0	2	0	62	137	0	3	0	0	2	0	129	48	0	2	0	1	0	21	101	0	2	0	0	
0	0	0	0	0	0	0	0	0	2	0	48	139	89	58	5	0	1	0	190	164	81	78	8	3	0	89	255	142	35	0	2	2	0	145	122	87	158	0	3	0	19	56	0	86	143	0	3	0	18	95	136	163	18	0	1	1	0	25	55	3	0	0	0	
0	0	0	0	0	0	0	0	0	2	6	0	89	77	0	3	0	8	17	0	149	56	0	2	0	1	0	20	150	0	0	0	0	3	0	78	131	0	4	0	0	3	0	156	63	0	2	0	0	0	6	139	12	0	1	0	0	0	0	0	1	0	0	0	
0	0	3	3	3	2	0	0	0	0	0	0	0	0	0	0	3	0	98	134	104	118	0	2	1	0	185	84	77	134	0	4	0	5	31	0	122	62	0	2	0	0	0	11	144	8	0	0	0	3	0	67	111	0	3	0	0	3	0	101	56	0	2	0	
0	0	0	0	0	0	0	0	0	0	2	0	106	28	0	1	0	0	1	0	157	32	0	1	0	2	0	46	167	0	1	0	0	3	0	109	113	0	4	0	0	2	0	162	57	0	2	0	1	0	13	140	7	0	0	0	0	0	1	1	0	0	0	0	
0	0	0	2	1	0	0	0	0	0	2	0	5	9	0	0	0	2	0	58	186	238	23	0	2	0	75	107	165	155	0	0	0	31	146	92	180	7	0	1	0	14	95	95	104	0	3	0	0	3	0	96	51	0	2	0	0	1	0	99	16	0	0	0	
0	0	1	1	0	0	0	0	0	1	0	9	83	124	10	0	1	0	15	117	77	141	18	0	3	0	71	110	42	59	0	2	0	3	0	152	140	0	2	0	1	0	18	146	138	0	3	0	3	0	105	148	64	0	2	0	1	0	19	38	0	0	0	0	
0	0	0	1	0	0	0	0	0	0	1	0	146	110	0	3	0	2	0	75	131	133	0	0	0	0	4	157	18	100	11	0	3	0	73	138	5	147	0	0	4	0	103	106	100	79	0	3	2	0	47	184	96	0	2	0	0	0	0	4	0	1	0	0	
0	0	1	0	22	14	0	1	0	1	0	8	177	35	0	2	0	3	0	95	107	0	3	0	0	0	2	135	12	0	0	0	2	0	57	100	47	63	0	1	2	0	52	181	144	127	0	3	0	1	0	107	81	4	0	0	0	0	0	0	0	1	0	0	
0	0	1	2	0	0	0	0	0	0	1	0	47	53	0	1	0	0	0	122	119	128	13	0	3	0	105	83	9	114	0	0	3	0	95	114	176	83	0	3	0	0	4	52	153	14	0	1	0	2	0	48	121	0	3	0	0	1	0	34	60	0	1	0	
0	0	0	1	0	0	0	0	0	0	2	0	38	51	0	2	0	0	4	14	73	47	0	2	1	0	38	106	111	65	0	1	3	0	76	143	140	34	1	0	0	1	0	41	71	0	2	0	0	2	0	61	34	0	1	0	0	0	0	8	3	0	0	0	
0	0	0	3	1	0	0	0	0	0	1	0	12	10	0	0	0	1	0	79	147	162	0	1	2	0	59	127	98	123	0	2	3	0	81	148	180	37	0	1	0	1	0	39	127	0	2	0	0	3	0	99	63	0	2	0	0	2	0	98	24	0	1	0	
0	0	1	2	0	0	0	0	0	0	1	0	19	10	0	0	1	0	7	102	132	115	0	3	3	0	109	69	69	112	0	3	2	0	114	104	170	55	0	2	0	0	5	45	123	1	0	0	0	3	0	98	75	0	2	0	0	1	0	91	16	0	0	0	
0	0	0	0	0	0	0	0	1	0	18	97	123	67	0	2	1	0	23	51	68	163	0	2	1	0	29	99	176	46	0	2	2	0	90	101	126	39	0	2	0	0	1	0	145	41	0	2	0	39	117	147	89	0	2	0	0	7	58	28	0	1	0	0	
0	0	1	4	2	2	0	0	0	0	0	0	0	0	0	0	1	0	34	110	106	131	3	0	4	0	121	126	54	140	0	3	3	0	74	26	109	69	0	3	0	1	0	14	136	2	0	0	0	2	0	63	91	0	3	0	0	3	0	93	52	0	2	0	
0	0	0	0	0	0	0	0	0	0	2	0	73	30	0	1	0	0	2	0	165	51	0	2	0	2	0	55	155	0	2	0	0	3	0	130	72	0	2	0	1	0	21	149	2	0	0	0	2	0	62	89	0	3	0	0	0	0	10	10	0	0	0	0	
0	0	1	3	0	0	0	0	0	0	1	0	9	11	0	0	1	0	10	112	144	189	18	0	2	0	143	95	65	169	1	0	2	0	133	120	186	97	0	4	0	0	0	30	149	5	0	0	0	3	0	124	87	0	6	3	0	1	0	110	20	0	3	2	
0	0	0	0	0	0	0	0	1	0	25	96	109	29	0	1	2	0	130	99	138	93	0	4	0	1	5	7	163	24	0	1	0	0	0	148	118	56	60	29	0	0	162	225	114	88	90	67	0	10	72	7	0	0	0	0	0	0	0	0	3	3	3	2	
0	0	0	0	6	3	0	0	1	0	22	141	165	142	0	0	1	0	20	66	40	153	0	0	0	0	4	0	109	91	0	3	0	2	0	56	149	0	0	0	2	0	72	239	162	107	68	0	0	54	173	68	22	13	4	0	0	4	2	0	0	0	0	0	
0	0	1	0	0	0	0	0	0	0	11	37	17	64	76	22	3	0	80	234	132	98	84	30	0	6	216	219	52	0	2	0	0	45	168	85	157	85	0	4	0	0	2	0	69	146	0	3	0	14	55	67	194	65	0	3	0	6	68	110	48	0	1	0	
0	0	0	0	0	0	0	0	0	1	13	54	91	37	0	1	0	0	18	152	116	163	0	1	1	0	10	111	168	113	0	4	2	0	96	155	125	110	0	4	0	0	3	0	101	116	0	3	0	3	95	116	139	7	0	1	0	3	102	70	0	0	0	0	
0	0	2	2	0	0	0	0	0	0	0	0	18	10	0	0	1	0	31	89	138	142	0	3	2	0	128	52	53	118	0	3	0	0	8	0	133	49	0	2	0	2	0	47	128	0	2	0	0	2	0	113	42	0	1	0	0	0	5	72	0	0	0	0	
0	0	0	0	0	0	0	0	0	1	0	25	92	100	19	0	0	2	0	130	62	36	20	0	0	3	0	90	119	0	1	0	0	3	0	111	142	0	4	0	1	0	25	111	95	2	0	0	1	0	23	152	99	0	2	0	0	1	0	40	17	0	1	0	
0	0	2	0	5	2	0	0	0	2	0	84	173	91	0	2	2	0	56	171	24	137	1	0	1	0	104	29	23	125	0	2	1	0	25	93	196	88	0	4	0	15	125	110	168	143	1	0	0	16	141	110	6	47	10	0	0	0	7	3	2	1	0	0	
0	0	0	0	0	0	0	0	1	0	68	139	111	9	0	1	0	39	146	15	133	84	0	3	0	10	5	43	218	62	0	3	1	0	25	145	91	143	10	0	0	0	1	0	6	152	19	0	0	0	76	120	141	67	0	2	0	0	48	61	9	0	1	0	
0	0	1	1	0	1	0	0	0	0	0	14	0	53	28	0	1	0	23	124	4	135	17	0	3	0	123	50	42	114	0	3	2	0	92	116	179	87	0	3	0	0	1	30	138	7	0	0	0	0	0	18	105	0	2	0	0	0	0	3	17	0	0	0	
0	0	0	1	0	0	0	0	0	1	0	37	89	38	34	0	0	2	0	122	132	113	63	0	3	0	64	187	34	0	1	0	1	0	36	91	131	63	0	2	0	0	3	0	110	79	0	3	0	7	93	122	111	0	0	0	0	1	54	38	0	1	0	0	
0	1	0	17	72	0	1	0	0	4	0	103	100	0	3	0	1	0	19	156	5	0	0	0	3	0	97	100	5	92	28	0	2	0	141	68	110	164	78	0	3	0	112	194	169	79	0	0	1	0	12	66	38	0	0	0	0	0	1	0	0	2	0	0	
0	0	1	1	3	3	0	0	0	0	1	5	0	0	0	0	2	0	46	167	76	110	6	0	0	0	133	70	60	135	0	2	0	5	24	0	88	68	0	3	0	0	0	5	131	11	0	0	0	2	0	63	104	0	3	0	0	2	0	78	41	0	1	0	
0	0	0	0	0	0	0	0	0	1	0	38	111	36	7	0	0	0	6	128	41	162	28	0	0	0	0	116	131	56	0	2	0	4	0	129	145	0	4	0	1	0	29	104	109	3	0	0	2	0	41	159	89	0	2	0	0	0	1	46	10	0	0	0	
0	0	0	2	1	0	0	0	0	0	1	0	18	17	0	0	0	1	0	62	114	121	8	0	2	0	57	132	87	87	0	1	2	0	35	103	171	28	0	1	0	2	0	57	104	0	3	0	0	2	0	129	42	0	1	0	0	0	0	79	6	0	0	0	
0	0	1	0	0	1	1	0	0	0	3	143	131	45	0	1	3	0	92	155	31	147	57	0	1	0	154	39	0	24	134	0	0	57	136	0	0	15	149	6	0	101	109	0	39	143	71	0	0	19	145	158	137	40	0	2	0	0	2	9	1	0	2	0	
0	0	0	0	1	0	0	0	0	0	2	0	95	41	0	2	0	0	0	5	154	15	0	1	0	2	0	52	132	0	3	0	0	3	0	112	74	0	2	0	1	0	9	153	9	0	0	0	1	0	32	152	2	0	0	0	0	0	0	1	0	0	0	0	
0	1	2	0	7	6	0	0	0	0	1	105	133	117	2	0	0	11	139	108	0	132	29	0	0	30	57	0	1	125	14	0	1	0	28	104	170	152	0	3	0	18	127	98	144	115	19	0	0	26	146	118	20	1	5	0	0	0	8	3	1	2	0	0	
0	0	0	0	0	0	0	0	2	0	72	141	80	0	1	0	1	0	82	18	156	47	0	2	1	0	6	84	197	28	0	1	2	0	57	112	104	121	0	3	0	0	1	0	33	154	0	2	1	0	71	104	144	68	0	2	0	0	44	65	22	0	1	0	
0	0	1	1	0	0	0	0	0	0	0	2	0	67	13	0	1	0	12	93	40	126	0	2	3	0	109	65	73	86	0	3	2	0	70	129	186	42	0	2	0	1	0	50	121	0	3	0	0	3	0	89	64	0	2	0	0	0	0	17	7	0	0	0	
0	0	1	0	0	0	0	0	1	0	21	77	106	118	85	2	1	0	154	109	35	47	47	3	0	4	179	79	10	0	1	0	1	0	46	122	170	62	0	2	0	0	2	0	67	173	0	2	0	0	104	137	168	60	0	2	1	0	39	66	17	0	1	0	
0	0	1	0	109	29	0	1	0	3	0	102	124	0	2	0	1	0	34	164	4	0	1	0	3	0	129	61	0	21	6	0	2	0	152	59	81	152	127	0	2	0	43	171	200	141	82	0	0	0	0	2	19	19	0	0	0	0	2	2	0	0	2	0	
0	0	1	3	4	2	0	0	0	0	1	0	0	8	4	0	1	0	34	123	84	135	12	0	0	3	133	43	112	109	0	3	0	14	43	0	122	21	0	1	0	2	0	67	99	0	3	0	0	3	0	116	35	0	1	0	0	0	0	78	9	0	0	0	
0	0	1	1	3	1	1	0	0	2	0	53	177	115	12	0	1	0	5	172	54	80	127	0	3	0	113	91	0	11	149	7	0	27	139	0	0	67	119	0	0	99	100	9	88	114	18	0	0	53	172	133	68	3	0	0	0	0	7	2	0	2	1	0	
0	0	0	0	1	0	0	0	0	0	1	0	25	79	0	2	0	0	3	0	103	82	0	3	0	0	0	11	130	5	0	0	0	3	0	82	90	0	3	0	0	0	0	135	20	0	1	0	2	0	65	104	0	3	0	0	1	0	14	11	0	0	0	0	
0	0	2	1	0	0	0	0	0	3	0	64	129	81	0	2	2	0	52	161	49	145	4	0	0	28	142	12	30	118	0	3	0	4	54	107	198	92	0	2	0	51	162	154	69	103	122	22	0	45	123	19	0	0	33	27	0	0	0	1	3	2	0	0	
0	0	0	0	0	0	0	0	0	4	83	116	102	25	0	1	0	15	67	8	51	162	0	1	0	0	0	45	171	81	0	2	2	0	64	118	110	91	0	3	1	1	2	0	75	118	0	3	0	10	71	115	111	9	0	1	0	8	57	33	0	1	0	0	
0	0	2	1	0	1	0	0	0	0	0	33	0	30	55	0	2	0	66	123	0	151	47	0	0	14	175	7	51	134	0	3	0	5	121	132	195	57	0	2	0	1	0	54	146	0	2	0	0	4	0	108	84	0	3	0	0	1	0	21	13	0	0	0	
0	0	2	0	0	0	0	0	0	0	0	51	108	125	91	20	3	0	85	111	38	48	35	12	3	0	148	71	0	1	0	0	1	0	32	128	131	5	0	1	0	0	3	0	117	87	0	3	1	0	72	125	140	30	0	1	1	0	35	55	8	0	0	0	
0	1	1	1	72	14	0	1	0	7	0	87	124	0	3	0	1	0	25	174	13	0	1	0	4	0	127	85	0	44	27	0	0	17	143	0	64	126	136	0	0	25	158	86	134	123	70	0	1	0	33	86	69	23	0	1	0	0	0	0	0	0	2	0	
0	0	0	0	0	1	0	0	0	0	25	19	12	2	0	0	0	23	122	140	127	163	29	0	0	1	2	0	51	178	1	0	0	0	4	0	163	59	0	2	0	3	0	119	121	0	3	0	2	0	36	174	4	0	0	0	2	0	47	99	0	3	0	0	
0	0	0	0	4	6	0	0	0	0	0	0	117	126	0	0	0	2	0	49	178	158	50	0	0	3	0	113	184	12	0	1	2	0	46	196	101	0	3	0	0	8	123	79	118	0	3	0	0	3	135	141	33	0	1	0	0	0	5	5	0	0	0	0	
0	0	2	2	0	2	1	0	0	0	0	1	31	13	0	1	1	0	25	129	103	160	50	0	1	0	175	82	65	193	22	0	1	0	86	128	224	47	0	2	0	2	0	132	75	0	3	0	3	0	87	139	0	4	0	0	2	0	104	39	0	1	0	0	
0	0	2	1	0	0	0	0	0	1	0	30	113	85	0	0	2	0	56	112	31	160	22	0	3	0	103	98	85	77	0	2	0	1	0	162	186	11	0	1	2	0	75	64	93	67	0	2	3	0	92	112	101	0	0	0	0	0	6	47	7	0	0	0	
0	0	0	0	0	0	0	0	0	0	2	0	82	32	0	1	0	0	2	0	140	35	0	1	0	1	0	14	144	2	0	0	0	2	0	59	132	0	3	0	0	3	0	118	88	0	3	0	0	2	0	120	35	0	1	0	0	0	0	0	1	0	0	0	
0	0	0	1	0	1	0	0	0	2	0	69	154	11	0	1	0	0	0	137	74	108	0	1	2	0	57	115	0	106	35	0	3	0	96	62	0	111	29	0	4	0	111	43	57	112	0	2	2	0	62	161	112	11	0	1	0	0	0	8	1	1	0	0	
0	0	1	1	0	0	0	0	0	2	0	125	105	76	16	0	1	0	35	125	52	49	20	0	3	0	157	169	111	60	7	0	0	0	73	42	18	150	23	0	0	0	4	0	1	147	27	0	2	0	85	128	124	68	0	2	0	0	0	12	8	0	1	0	
0	0	1	0	0	0	0	0	0	0	2	138	58	57	0	0	2	0	56	159	104	58	0	1	2	0	170	134	82	35	0	1	0	8	131	95	56	167	26	0	0	4	7	0	1	169	43	0	0	13	127	125	138	86	0	1	0	0	3	15	5	0	0	0	
0	0	0	0	0	2	0	0	0	0	2	0	53	49	0	2	0	0	2	0	125	35	0	1	0	1	0	20	124	0	1	0	0	3	0	72	95	0	3	0	0	2	0	124	43	0	1	0	0	0	0	107	13	0	0	0	0	0	0	0	0	0	0	0	
0	0	0	2	0	0	0	0	0	0	2	0	43	42	0	1	0	2	0	74	134	105	0	0	2	0	51	167	129	55	0	2	2	0	53	121	168	20	0	1	0	1	0	40	115	0	2	0	0	2	0	134	66	0	2	0	0	0	0	78	10	0	0	0	
0	0	2	0	4	1	1	0	0	2	0	62	180	110	0	2	3	0	90	177	7	170	77	0	0	17	199	41	0	60	151	0	0	88	153	0	0	38	171	0	0	64	184	16	31	164	97	0	1	0	130	195	164	85	0	1	0	1	0	2	0	0	2	0	
0	0	0	0	0	1	0	0	0	0	1	8	0	34	72	0	1	0	20	133	0	140	46	0	1	0	121	65	66	125	0	3	0	25	173	121	207	135	70	0	0	2	0	94	114	0	6	0	0	3	0	132	41	0	1	0	0	0	0	23	6	0	0	0	
0	0	0	0	1	0	0	0	0	0	0	0	10	80	0	0	0	0	3	0	75	105	0	3	0	0	0	6	138	16	0	1	0	4	0	100	90	0	3	0	1	0	28	131	0	1	0	0	3	0	92	69	0	2	0	0	1	0	18	7	0	0	0	0	
0	0	1	3	0	0	1	0	0	1	1	0	17	25	0	0	1	0	33	106	99	133	55	0	0	45	124	29	8	153	48	0	0	49	134	89	148	153	0	3	1	0	26	21	124	43	0	2	0	3	0	55	128	0	2	0	0	2	0	93	35	0	1	0	
0	0	0	0	0	0	0	0	0	0	51	115	125	72	1	0	0	6	83	39	14	169	46	0	0	1	0	34	155	119	0	1	0	4	3	47	134	79	0	3	0	0	1	0	126	50	0	2	0	83	104	128	85	0	1	0	0	47	55	13	0	1	0	0	
0	0	0	1	1	0	0	0	0	0	1	0	54	97	4	0	0	1	0	15	156	169	29	0	0	2	0	64	200	27	0	3	1	0	3	161	124	0	6	2	3	0	84	76	109	2	0	0	3	0	93	133	92	0	2	0	1	0	12	56	6	0	0	0	
0	0	1	0	0	1	0	0	0	1	3	7	0	3	77	7	2	0	76	72	0	88	112	0	0	34	130	0	9	137	11	0	0	81	161	81	154	142	0	2	0	0	24	54	162	16	1	0	0	3	0	87	88	0	3	0	0	1	0	20	12	0	0	0	
0	2	3	2	2	2	2	0	0	0	0	0	0	0	0	0	0	55	69	55	46	39	49	0	1	67	86	95	74	194	104	0	0	0	1	0	92	101	0	1	0	5	0	90	134	0	3	0	2	0	54	139	0	2	0	0	2	0	55	36	0	2	0	0	
1	4	4	4	4	4	0	0	0	0	0	0	0	0	0	0	35	128	121	124	123	88	3	0	23	80	91	108	97	217	48	0	0	0	3	0	68	183	0	0	1	4	0	17	202	56	0	2	0	3	0	132	132	0	4	0	0	0	0	27	8	0	0	0	
0	0	0	1	0	0	0	0	0	0	0	0	86	74	61	3	0	2	0	69	108	134	89	0	0	3	0	117	158	51	0	2	1	0	0	185	89	0	5	0	3	0	103	137	71	0	3	0	2	0	119	153	39	0	2	0	1	0	19	42	0	1	0	0	
0	0	1	1	1	1	0	0	0	2	0	54	116	20	29	0	1	0	13	192	184	144	29	0	2	0	68	186	171	37	0	2	0	0	3	0	79	108	0	4	0	46	133	3	133	112	0	4	0	25	145	160	143	11	0	1	0	0	0	3	1	0	0	0	
0	0	2	0	3	8	0	0	0	2	0	65	114	117	35	0	2	0	42	176	0	80	89	0	2	0	156	63	0	84	89	0	0	52	131	0	0	142	63	0	0	83	159	45	129	125	0	1	0	13	144	202	115	8	0	1	0	0	0	0	0	2	0	0	
0	0	1	0	32	66	0	1	0	0	0	1	126	51	0	1	0	2	0	74	78	0	2	0	1	0	11	119	88	74	0	1	3	0	78	179	85	160	3	0	4	0	105	199	82	41	0	1	1	0	20	73	22	0	1	0	0	0	0	0	1	2	0	0	
0	0	1	1	0	0	0	0	0	1	0	32	131	96	75	0	0	1	0	157	155	55	7	0	3	0	81	185	109	59	0	2	0	0	8	0	25	132	0	2	0	29	118	0	81	137	0	3	0	5	112	132	130	30	0	1	0	0	0	10	4	0	0	0	
0	0	0	2	0	0	0	0	0	1	0	26	123	34	65	6	0	2	0	111	144	118	60	2	3	0	84	221	90	10	0	1	1	0	30	31	70	107	0	3	0	24	46	29	121	119	0	4	0	48	177	154	100	4	0	5	0	0	0	0	0	0	0	0	
0	0	1	0	0	0	0	0	0	0	0	48	90	112	58	0	2	0	103	109	40	160	117	0	1	0	43	49	152	113	0	1	2	0	59	130	99	113	0	2	15	39	1	0	42	160	0	2	28	132	120	113	156	60	0	2	0	4	43	34	4	0	0	0	
0	0	7	15	12	0	0	0	1	0	48	111	130	102	0	0	0	0	1	0	16	171	15	0	2	0	43	126	214	63	0	3	1	0	67	69	76	120	0	3	18	41	0	0	119	115	0	3	22	117	117	130	92	2	0	0	0	6	16	4	0	1	0	0	
0	0	0	0	0	0	0	0	0	27	73	82	77	44	0	0	0	77	90	55	99	213	31	0	2	0	51	137	195	58	0	1	1	0	50	64	98	101	0	3	0	0	2	0	65	162	0	3	0	32	56	104	178	48	0	2	0	78	112	83	15	0	1	0	
0	0	1	3	0	0	0	0	0	1	1	0	16	22	0	0	1	0	19	94	80	150	47	0	0	24	134	63	71	155	10	0	0	39	135	61	137	81	0	3	0	0	0	21	117	1	0	0	0	3	0	123	58	0	2	0	1	0	14	127	6	0	0	0	
0	0	0	1	0	0	0	0	0	0	0	1	93	108	21	0	0	2	0	89	144	198	39	0	1	0	17	155	151	29	0	1	1	0	0	203	88	0	4	0	1	0	6	169	104	0	3	0	3	0	56	173	97	0	3	0	1	0	9	51	13	0	1	0	
0	0	0	0	0	0	0	0	0	0	8	0	102	46	0	2	0	0	1	0	149	30	0	1	0	1	0	36	148	0	1	0	0	4	0	121	95	0	3	0	1	0	24	168	7	0	0	0	2	0	50	111	0	3	0	0	0	0	0	1	1	0	0	0	
0	0	0	1	0	1	0	0	0	0	1	3	0	70	24	0	0	0	1	81	41	115	0	1	2	0	76	97	78	63	0	2	1	0	122	133	182	108	22	0	0	2	0	56	80	7	11	0	0	2	0	91	25	0	1	0	0	0	0	21	1	1	0	0	
0	0	0	1	0	1	1	0	0	2	0	39	186	67	0	3	0	3	0	148	130	122	23	0	2	0	55	141	0	60	95	0	1	0	143	42	0	67	100	0	0	21	126	0	74	131	14	0	0	0	122	147	108	13	0	1	0	0	5	8	0	2	1	0	
0	0	2	0	52	59	0	2	0	1	0	31	159	31	0	1	0	1	0	141	46	0	2	0	3	0	72	109	87	138	34	0	1	0	128	117	54	107	76	0	2	0	142	191	118	93	0	1	1	0	22	73	33	0	1	0	0	0	1	0	0	2	0	0	
0	0	0	0	1	0	0	0	0	0	0	1	0	99	29	0	0	0	3	0	92	137	0	1	0	1	0	22	157	9	0	1	0	2	0	128	72	0	3	0	2	0	57	135	0	3	0	0	4	0	99	77	0	3	0	0	1	0	18	17	0	0	0	0	
0	0	0	1	1	1	0	0	0	0	3	0	121	139	0	1	0	3	0	96	121	123	49	0	1	0	27	157	0	78	61	0	3	0	122	71	0	150	36	0	1	0	159	43	115	93	0	2	3	0	94	193	86	0	1	0	0	0	1	2	0	2	0	0	
0	0	2	0	3	5	0	0	0	1	0	122	74	126	24	0	2	0	136	163	0	108	115	0	0	71	188	0	0	42	161	0	0	155	58	0	0	45	164	0	0	163	107	5	63	175	69	0	0	36	177	176	164	57	0	2	0	0	1	4	0	1	2	0	
0	0	0	2	0	32	29	0	0	0	3	0	58	150	41	0	0	2	0	53	136	10	0	1	1	0	19	146	107	115	37	0	2	0	123	158	32	69	110	0	0	8	167	131	60	124	29	0	1	0	87	131	75	13	0	1	0	0	0	0	0	1	1	0	
0	0	0	0	0	0	0	0	0	1	0	49	126	126	60	0	0	2	0	101	71	25	143	3	1	0	12	22	0	49	124	0	0	29	97	109	153	134	20	0	3	143	62	84	160	141	19	0	0	86	115	63	0	16	15	0	0	0	0	0	3	1	0	0	
0	0	0	0	1	0	0	0	0	0	0	1	0	96	28	0	0	0	3	0	97	167	0	1	0	1	0	19	195	32	0	2	0	2	0	162	96	0	3	0	3	0	88	146	0	3	0	0	3	0	150	50	0	2	0	0	0	0	22	3	0	0	0	0	
0	0	0	0	2	0	0	0	0	0	0	1	0	85	12	0	0	0	3	0	109	126	0	2	0	2	0	46	175	3	0	1	0	1	0	158	67	0	2	0	3	0	68	135	0	4	0	0	3	0	109	51	0	2	0	0	0	0	21	6	0	0	0	0	
0	0	0	6	6	0	0	0	1	0	14	106	132	93	2	0	0	0	3	4	0	143	80	0	1	0	7	74	149	115	9	0	1	0	16	64	143	61	0	2	2	8	0	3	132	33	0	1	6	106	107	126	56	0	2	0	0	7	16	3	0	1	0	0	
0	0	1	3	0	1	1	0	0	0	0	0	2	4	0	0	0	0	13	86	110	97	25	0	2	0	66	66	0	103	45	0	0	40	110	115	136	110	15	8	0	42	121	95	71	59	73	25	0	0	0	0	0	0	0	0	0	1	2	3	3	3	2	1	
0	0	0	1	0	0	0	0	0	0	1	0	47	117	30	0	0	1	0	32	186	152	50	0	0	3	0	101	173	0	0	1	2	0	32	140	108	0	2	0	0	0	95	32	119	0	0	0	0	11	133	119	50	0	2	0	0	0	40	32	0	1	0	0	
0	0	0	0	1	0	0	0	0	0	1	0	30	123	44	0	0	0	0	1	165	193	99	0	0	2	0	99	181	18	0	1	2	0	31	167	99	0	5	0	2	0	104	95	90	0	3	0	1	0	131	130	39	0	2	0	1	0	26	28	0	1	0	0	
0	0	1	3	1	2	0	0	0	0	1	0	0	3	9	0	1	0	10	102	104	151	61	0	2	0	121	73	44	148	0	0	0	3	25	5	140	31	0	1	0	2	0	118	80	0	3	0	2	0	65	109	0	2	0	0	2	0	91	22	0	1	0	0	
0	0	0	2	0	0	0	0	0	0	0	1	60	111	60	0	0	0	0	100	83	141	91	0	1	0	24	120	85	68	0	1	0	2	0	160	118	0	4	0	2	0	48	114	94	0	3	0	3	0	71	151	52	0	2	0	0	0	5	40	2	0	0	0	
0	0	1	1	0	1	0	0	0	0	3	2	0	63	46	0	0	0	26	66	3	147	21	0	2	0	105	51	60	88	0	3	0	7	167	95	172	37	0	1	0	0	5	114	129	0	1	1	0	2	0	111	28	0	1	0	0	0	2	26	3	0	0	0	
0	1	0	20	73	0	1	0	0	2	0	135	80	0	3	0	2	0	65	145	0	12	1	0	2	0	144	38	95	136	78	0	0	27	123	89	97	101	114	0	0	16	150	204	148	92	1	0	1	0	28	68	20	0	1	0	0	0	0	0	0	3	0	0	
0	0	2	0	2	1	0	0	0	2	0	100	198	153	17	0	3	0	83	192	17	108	136	0	0	8	198	45	0	13	151	6	0	82	135	0	0	48	171	0	0	117	126	11	113	170	43	0	0	35	168	178	120	18	0	1	0	0	1	2	0	1	2	0	
0	0	2	1	0	0	0	0	0	1	0	15	75	42	0	1	1	0	52	133	76	123	5	0	1	0	66	38	19	109	0	1	0	31	83	128	211	53	0	2	0	96	142	75	42	113	75	6	0	1	5	1	0	15	54	8	0	0	0	2	2	1	0	0	
0	0	1	1	0	1	1	0	0	2	0	40	206	142	0	0	1	0	3	168	72	120	77	0	3	0	133	105	0	43	130	0	0	30	150	1	0	56	122	0	0	67	115	0	57	158	36	0	0	7	154	159	139	30	0	1	0	0	3	10	0	1	1	0	
0	0	0	0	0	0	0	0	1	0	9	89	120	87	3	0	1	0	69	81	30	186	43	0	0	1	8	61	164	82	0	1	2	0	82	131	143	63	0	2	0	0	3	0	79	135	0	4	0	100	105	103	120	18	0	1	0	27	59	20	0	1	0	0	
0	0	2	0	52	36	0	1	0	1	0	25	161	27	0	1	0	1	0	152	61	0	2	0	3	0	84	118	53	103	13	0	0	4	168	124	65	124	109	0	1	0	183	172	81	114	36	0	1	0	14	70	66	10	0	1	0	0	1	0	0	1	2	0	
0	0	0	1	0	2	1	0	0	0	0	0	28	7	28	44	0	1	0	31	117	118	121	35	0	3	0	52	155	91	13	0	1	0	22	155	103	0	4	1	0	22	105	128	31	0	2	0	0	47	138	64	0	1	0	0	0	0	12	2	0	0	0	0	
0	0	1	2	0	1	0	0	0	0	1	1	0	17	20	0	1	0	30	63	0	158	80	0	2	0	123	112	131	141	0	1	0	57	107	0	106	17	0	1	0	15	0	89	81	0	3	0	1	0	33	121	0	1	0	0	1	0	42	33	0	1	0	0	
0	0	0	0	1	2	0	0	0	0	1	0	25	78	0	2	0	0	3	0	100	85	0	3	0	0	0	10	129	7	0	0	0	3	0	89	84	0	3	0	1	0	23	140	5	0	0	0	3	0	90	64	0	2	0	0	0	0	4	1	0	0	0	0	
0	0	0	2	0	0	0	0	0	0	1	0	3	7	17	8	0	1	0	84	111	93	90	35	2	0	78	107	0	0	0	0	2	0	48	78	88	5	1	1	0	24	44	36	115	10	0	0	0	15	78	64	16	0	1	0	0	0	0	0	1	0	0	0	
0	0	3	2	0	0	2	0	0	0	0	0	11	27	3	0	0	0	59	124	114	104	116	0	0	91	158	16	6	100	128	0	0	27	129	109	119	202	8	0	0	0	2	0	140	69	0	3	0	3	0	91	116	0	3	0	1	0	18	120	4	0	0	0	
0	0	0	3	0	0	0	0	0	0	2	0	12	68	62	1	0	0	5	98	127	89	138	31	0	0	132	84	11	140	40	0	0	12	149	93	216	81	0	2	0	2	0	123	141	0	3	0	2	0	66	155	5	0	1	0	2	0	70	37	0	1	0	0	
0	0	0	0	0	0	0	0	0	1	0	62	113	73	5	0	0	0	0	19	16	138	107	0	0	0	4	39	76	126	28	0	1	0	18	141	139	0	1	0	0	1	0	35	129	0	4	0	22	107	92	129	52	0	2	0	0	38	43	9	0	0	0	0	
0	0	1	0	2	7	0	0	0	1	0	36	130	135	25	0	2	0	35	211	96	87	64	0	1	0	21	53	0	94	31	0	0	7	61	66	67	105	0	1	0	105	67	101	202	127	0	1	0	108	110	96	8	50	18	0	0	5	12	0	1	1	0	0	
0	0	1	1	0	0	6	3	0	0	2	24	0	19	125	12	2	0	52	134	0	119	94	0	2	0	133	49	0	149	12	0	0	32	185	66	137	141	0	4	0	3	73	122	200	54	0	1	0	2	0	67	79	0	2	0	0	0	3	8	2	2	0	0	
0	0	0	2	0	0	0	0	0	0	1	0	66	34	0	1	0	0	0	107	117	123	0	2	3	0	101	123	100	147	0	3	3	0	114	140	158	91	0	3	0	0	0	12	136	11	0	1	0	3	0	116	87	0	3	0	0	0	3	69	5	0	0	0	
1	1	0	1	0	1	1	0	0	0	1	1	0	1	2	0	16	21	0	21	0	44	57	0	32	45	5	80	6	100	12	0	2	0	59	105	101	104	0	2	1	1	0	51	124	17	3	0	0	0	0	8	19	0	1	0	0	0	0	1	1	1	0	0	
0	0	1	0	26	13	0	0	0	1	0	29	132	23	0	2	1	0	12	130	18	11	21	0	2	0	107	52	60	92	119	39	0	31	111	74	116	64	96	10	0	9	135	181	85	58	4	0	1	0	24	49	0	1	1	1	0	1	1	0	2	2	0	0	
0	0	0	2	9	0	0	0	0	1	0	42	109	0	28	1	0	3	0	95	127	97	81	0	3	0	70	190	97	63	0	1	0	6	34	27	13	141	14	0	0	145	78	27	89	85	0	1	0	41	84	86	43	0	0	0	0	0	0	0	0	2	0	0	
0	0	0	8	56	14	0	1	0	3	0	79	148	147	2	0	0	0	0	7	0	157	22	0	1	4	0	30	171	129	0	3	0	1	0	4	75	147	0	3	18	118	53	49	150	87	0	3	10	94	113	118	43	0	1	0	0	0	0	0	0	1	0	0	
0	0	2	0	4	5	0	0	0	0	0	85	177	122	7	0	2	0	131	226	55	109	65	5	0	0	31	0	34	113	34	13	0	14	71	133	187	19	60	19	0	146	152	142	124	119	18	6	0	63	67	11	0	97	72	0	0	0	0	2	3	1	5	0	
0	0	0	0	12	16	0	1	0	0	3	0	92	43	0	0	0	3	0	54	149	87	50	0	2	0	39	177	173	93	0	1	0	23	72	16	25	104	0	1	0	61	114	5	49	114	0	1	1	0	53	100	87	17	0	1	0	0	0	0	0	1	0	0	
0	0	1	2	1	3	1	0	0	1	0	27	83	0	1	0	0	0	0	139	165	92	89	5	4	0	117	189	141	82	0	3	1	0	33	56	46	132	2	0	0	2	4	0	39	148	0	0	0	75	136	99	123	33	0	2	0	11	56	39	0	0	0	0	
0	0	0	2	0	0	0	0	0	0	1	0	32	56	0	0	0	2	0	72	121	121	25	0	2	0	47	147	15	128	11	0	1	0	28	119	192	47	0	2	0	2	0	107	104	0	3	0	3	0	96	154	0	3	0	0	1	0	66	25	0	1	0	0	
0	0	0	1	1	1	5	1	0	0	1	2	0	33	85	0	0	1	0	39	10	104	29	0	1	0	38	73	64	74	0	2	3	0	115	92	127	10	0	0	1	0	27	167	93	12	0	1	2	0	50	65	0	2	0	0	0	0	5	3	3	1	0	0	
0	0	0	0	1	3	4	0	0	0	0	2	0	64	46	0	0	0	1	0	27	122	0	0	0	0	3	0	123	47	0	2	0	2	0	68	114	0	2	0	2	0	38	140	7	0	0	0	0	0	116	35	0	1	0	0	0	1	5	1	1	0	0	0	
0	0	1	0	40	88	0	0	0	0	0	6	155	66	0	1	0	2	0	124	68	0	2	0	2	0	58	121	1	15	0	0	3	0	119	99	140	151	0	2	3	0	94	246	138	72	0	2	0	4	13	60	29	0	0	0	0	0	1	0	0	2	0	0	
0	0	0	1	0	0	0	0	0	0	0	4	39	30	15	7	0	1	0	102	163	104	119	40	3	0	90	114	0	2	0	0	2	0	54	121	104	9	0	1	0	21	30	0	133	65	0	3	0	17	99	108	103	13	0	1	0	0	0	1	0	0	0	0	
0	1	2	0	0	2	2	0	0	0	5	41	33	0	1	0	0	8	171	128	206	184	45	0	0	101	150	0	150	143	142	0	0	152	89	0	5	0	167	42	0	66	188	53	66	144	135	0	1	0	76	137	145	79	2	0	0	1	0	0	0	0	2	0	
0	0	0	0	1	0	0	0	0	0	0	7	137	13	0	1	0	3	0	69	184	0	2	0	0	3	0	93	181	0	3	0	0	4	0	130	148	0	4	0	0	4	0	125	173	0	3	0	0	2	0	59	142	0	2	0	0	0	0	0	0	0	0	0	
0	1	1	0	0	0	0	0	1	0	29	116	71	0	1	0	0	39	184	132	193	6	1	0	0	22	12	29	193	0	1	2	2	0	79	223	209	148	25	0	0	42	255	138	0	100	203	48	0	32	80	0	1	0	56	53	0	0	0	2	1	3	0	0	
0	1	0	0	0	0	0	0	1	0	70	158	134	21	0	1	0	124	219	70	218	92	0	3	0	86	35	59	164	0	0	1	0	2	0	153	218	96	11	0	0	4	0	140	166	190	163	0	0	1	0	162	158	173	84	0	0	0	0	2	58	32	0	1	
0	0	1	4	0	1	0	0	2	0	53	103	0	29	41	0	4	0	152	106	0	141	82	0	0	1	198	39	1	182	50	7	0	53	229	112	184	244	136	19	0	56	218	133	201	150	0	4	0	0	3	0	132	87	0	4	0	0	1	4	1	1	0	0	
0	1	2	0	0	2	2	0	0	0	3	83	174	200	53	0	0	25	117	164	59	17	5	0	0	99	194	118	138	56	0	2	0	0	23	40	47	183	46	0	0	11	115	25	25	196	58	0	0	15	152	188	187	94	0	1	0	0	0	2	0	0	0	0	
0	1	0	17	69	0	1	0	0	3	0	104	117	0	3	0	0	0	2	177	29	0	2	0	2	0	41	155	81	54	0	1	4	0	100	129	91	169	60	0	3	0	69	179	78	167	60	0	0	0	0	63	98	37	0	1	0	0	1	0	0	0	1	0	
1	3	4	4	4	3	0	0	0	0	0	0	0	0	0	0	54	172	139	139	157	84	0	1	14	61	68	56	66	198	16	0	0	0	2	0	41	182	0	0	1	2	6	0	124	139	0	4	0	0	2	0	182	59	0	2	0	0	0	0	184	44	0	2	
0	1	2	0	0	1	3	1	0	0	8	69	90	24	0	1	0	10	141	98	124	116	57	18	0	45	194	79	123	135	116	29	2	0	47	198	180	45	0	2	0	0	164	40	59	206	5	0	1	0	51	132	147	88	0	1	0	0	0	0	0	0	0	0	
0	0	2	0	0	1	0	0	0	0	0	47	81	10	0	1	3	0	83	158	119	139	0	2	2	0	147	38	0	54	0	0	2	0	60	152	141	91	0	3	0	0	2	0	122	80	0	3	0	0	2	0	170	34	0	1	0	0	0	0	85	28	0	1	
0	1	2	0	0	1	2	0	0	1	1	48	61	23	0	1	0	11	167	186	253	208	60	0	0	141	98	0	80	105	139	0	2	195	32	0	0	14	170	7	0	117	197	47	50	118	140	0	0	1	98	157	162	110	6	0	0	1	0	0	0	0	1	0	
0	0	0	0	0	0	0	0	0	1	0	14	133	6	0	0	0	3	0	68	211	0	0	0	0	3	0	92	179	0	3	0	0	4	0	122	169	0	3	0	0	4	0	142	179	0	3	0	0	3	0	118	117	0	3	0	0	0	0	0	0	0	0	0	
0	1	2	0	0	0	0	0	1	0	6	102	71	0	1	0	0	17	160	136	191	45	0	2	0	124	134	0	171	26	0	1	1	1	10	178	233	119	45	0	0	6	222	163	37	131	191	32	0	8	53	5	0	0	6	3	0	0	0	2	3	4	1	0	
0	1	1	0	0	0	0	0	2	0	37	141	104	0	0	0	0	37	199	96	216	68	0	3	0	85	126	49	181	2	0	1	0	3	0	101	198	60	0	1	0	1	0	80	106	228	48	0	1	0	12	205	191	111	1	0	0	1	0	29	30	0	0	0	
0	0	1	0	0	3	0	0	0	0	1	74	6	0	0	0	2	0	59	166	1	82	7	0	4	0	129	107	44	174	0	5	0	9	218	204	200	203	135	65	0	36	108	16	172	161	17	8	0	0	0	0	13	24	0	1	0	1	4	2	0	0	1	0	
0	2	0	2	1	0	0	0	1	0	29	0	52	153	138	0	0	57	129	87	189	102	60	0	0	185	180	162	168	30	0	2	0	58	48	0	29	196	58	0	0	3	91	42	45	200	68	0	0	16	140	149	174	75	0	2	0	0	0	0	0	0	1	0	
0	0	1	0	29	13	0	1	0	1	0	14	202	37	0	2	0	1	0	169	107	0	3	0	3	0	64	245	174	66	0	2	3	0	83	157	73	173	45	0	3	0	67	224	81	181	58	0	0	0	2	98	160	88	0	1	0	0	0	0	0	0	0	0	
2	2	2	3	4	2	0	0	0	0	0	0	0	0	0	0	44	55	64	89	101	50	0	1	103	157	148	124	122	205	19	0	0	0	2	0	35	193	4	0	3	3	7	0	104	175	0	3	0	1	0	2	200	74	0	3	0	0	0	2	19	3	0	0	
0	0	0	0	0	0	2	1	1	0	22	107	117	22	0	1	0	36	219	94	134	121	33	35	0	25	183	118	78	128	105	27	1	0	12	217	250	88	0	3	0	0	166	109	107	154	0	5	0	0	148	178	183	48	0	2	0	0	0	17	4	0	0	0	
0	0	2	1	0	2	0	0	0	1	0	20	32	1	0	0	2	0	56	123	159	167	2	0	0	29	219	62	19	110	19	0	0	1	106	116	156	41	0	2	0	0	3	0	150	79	0	3	0	1	0	14	197	26	0	1	0	1	0	13	144	11	0	1	
0	1	1	0	0	0	0	0	1	0	25	111	115	73	0	1	0	21	145	171	210	221	23	0	0	159	60	26	140	169	91	0	10	153	6	4	0	26	180	1	0	190	67	0	0	93	167	0	0	60	180	140	144	140	30	0	1	0	19	63	30	0	1	0	
0	0	0	0	2	1	0	0	0	0	0	1	92	11	0	1	0	1	0	30	189	4	0	1	0	2	0	65	150	0	3	0	0	3	0	112	124	0	4	0	0	4	0	151	149	0	4	0	0	3	0	108	113	0	3	0	0	0	0	0	0	0	0	0	
0	1	1	0	0	0	0	0	1	0	23	129	88	0	1	0	0	35	187	59	175	54	0	2	0	22	26	0	170	35	0	2	0	0	111	235	221	91	16	2	0	54	250	111	17	126	185	69	0	4	8	0	0	0	12	6	0	0	0	3	2	3	1	0	
0	0	2	0	0	0	0	0	0	1	0	23	93	48	0	1	2	0	98	193	162	214	14	0	0	46	202	0	82	187	0	0	0	18	22	48	212	24	0	1	0	2	0	54	198	27	0	1	0	0	11	122	213	95	0	4	0	0	4	101	47	0	0	0	
0	0	1	0	0	1	1	0	0	0	7	52	1	1	4	0	3	0	79	150	0	63	90	0	2	0	163	79	0	175	152	23	0	19	224	132	189	218	26	0	0	4	120	114	90	146	0	2	0	0	0	0	0	1	2	0	0	0	4	4	2	1	0	0	
0	0	2	2	0	0	0	0	0	1	0	3	51	86	73	5	0	4	30	93	124	127	100	5	0	96	173	127	90	2	0	0	0	29	64	46	78	123	0	1	0	19	66	0	17	179	15	0	0	16	124	119	167	92	0	2	0	0	0	16	9	0	0	0	
0	0	1	0	19	17	0	1	0	0	1	0	196	90	0	3	0	1	0	137	128	0	3	0	3	0	81	249	138	31	0	1	3	0	163	183	92	162	28	0	3	0	168	154	103	174	9	0	2	0	34	157	120	17	0	1	0	0	0	0	0	1	1	0	
1	2	3	4	4	4	1	0	0	0	0	0	0	0	0	0	31	64	85	114	114	105	10	0	62	143	124	76	44	186	78	0	0	0	0	2	0	171	52	0	2	4	6	0	85	184	0	1	0	0	3	0	158	79	0	3	0	0	0	0	11	3	0	0	
0	0	0	3	2	1	3	0	0	1	88	141	147	76	0	3	0	56	235	39	13	75	112	52	1	0	87	220	184	132	50	2	3	0	104	130	193	87	0	3	3	0	157	86	86	207	0	1	2	0	30	184	205	104	0	2	0	0	0	0	0	0	0	0	
0	0	2	0	0	1	0	0	0	0	0	71	48	0	1	0	3	0	108	95	134	81	0	3	4	0	140	107	82	51	0	2	1	0	16	74	145	99	0	4	0	0	3	0	155	69	0	3	0	2	0	59	174	0	2	0	0	1	0	37	62	0	2	0	
0	2	0	49	52	0	2	0	0	0	0	179	61	0	3	0	3	0	81	159	0	5	0	0	4	0	139	176	182	165	20	0	0	4	180	54	21	149	99	0	0	0	168	162	137	163	30	0	1	0	12	80	86	14	0	1	0	0	1	0	0	1	1	0	
0	0	1	0	1	1	0	0	1	0	19	113	0	6	0	0	3	0	74	135	5	116	0	1	4	0	143	72	69	120	0	4	0	6	187	168	206	193	67	0	0	2	12	0	147	116	16	0	0	0	2	0	117	43	0	2	0	0	1	0	0	2	1	0	
0	0	2	1	0	0	0	0	0	2	0	56	180	66	0	3	3	0	88	181	124	150	0	4	2	0	119	32	114	111	0	4	1	0	49	143	243	81	0	2	0	67	149	154	83	140	160	11	0	55	152	52	0	0	110	57	0	0	1	0	3	2	0	0	
0	0	1	0	31	6	0	0	0	1	0	38	164	0	0	0	0	2	0	132	89	0	3	0	2	0	28	221	143	81	0	1	3	0	62	215	63	73	60	0	3	0	73	162	35	161	50	0	1	0	4	116	148	78	0	1	0	0	0	0	0	0	1	0	
0	0	0	0	0	1	0	0	1	0	20	63	0	8	6	0	3	0	91	102	0	108	35	0	3	0	141	44	3	148	3	0	0	17	195	140	146	187	37	0	0	7	21	0	103	123	2	0	0	0	3	0	97	82	0	3	0	0	2	0	19	17	0	0	
1	3	4	3	2	4	0	0	0	0	0	0	0	0	0	0	19	77	122	161	151	119	6	0	36	117	84	56	30	193	48	0	0	0	1	0	23	185	10	0	1	3	6	0	104	132	0	4	0	0	0	1	174	35	0	1	0	2	0	54	171	0	1	0	
0	1	0	0	10	5	0	0	0	14	37	142	164	133	33	0	0	95	98	100	48	6	7	0	0	141	178	149	174	140	1	0	0	11	30	1	0	136	129	0	0	65	153	11	4	122	163	0	0	15	130	169	183	174	41	0	0	0	0	2	5	1	0	0	
0	1	1	0	8	10	0	0	0	0	0	101	161	137	64	0	0	6	141	102	9	1	23	0	0	60	227	136	156	110	1	0	0	11	61	34	6	139	129	0	0	26	111	0	3	133	159	0	0	24	157	161	168	137	9	0	0	0	0	6	4	0	1	0	
0	0	1	0	0	1	0	0	0	0	4	111	5	15	9	0	2	0	61	160	0	151	26	0	4	0	140	87	35	135	0	3	0	15	209	69	142	201	45	0	0	28	176	148	225	106	8	0	0	0	1	0	132	28	0	1	0	1	3	3	1	2	1	0	
0	0	4	1	0	4	1	0	1	10	1	1	3	0	0	0	95	240	130	183	179	122	13	0	25	94	88	51	18	198	85	0	0	0	0	0	0	188	50	0	1	4	6	0	97	173	0	2	0	1	0	5	222	108	0	3	0	2	0	50	161	33	0	1	
0	1	1	0	0	1	2	0	1	0	24	109	125	15	0	1	0	41	155	20	65	54	35	0	0	26	156	117	93	100	33	0	1	0	25	203	208	40	0	2	2	0	59	82	29	186	3	0	1	0	10	120	137	165	6	0	0	1	0	22	60	10	0	1	
0	1	2	0	0	0	0	0	0	0	7	73	90	33	0	1	0	1	128	101	63	179	22	0	0	18	200	84	44	49	9	0	2	0	61	89	155	75	0	3	0	0	3	0	147	64	0	2	0	1	0	28	203	10	0	1	0	1	0	11	95	12	0	1	
0	0	0	1	2	0	0	0	1	0	51	154	158	18	0	1	0	8	172	29	133	90	0	3	0	0	10	9	155	67	0	6	2	0	100	190	255	95	4	0	0	5	194	168	41	122	184	97	0	0	33	10	0	0	37	67	0	0	0	1	3	3	0	0	
0	0	1	0	1	2	0	0	0	0	1	75	46	0	1	0	3	0	85	131	141	78	0	3	3	0	163	84	71	83	0	2	2	0	59	110	142	19	0	1	0	0	3	0	149	49	0	2	0	0	0	17	182	12	0	1	0	0	0	11	84	0	0	0	
0	0	0	5	6	0	0	0	0	0	59	123	154	55	0	2	0	68	168	0	137	105	0	4	0	15	2	91	209	15	0	1	0	2	0	51	161	173	20	0	2	0	47	180	52	172	71	0	2	0	41	166	149	139	5	0	0	0	0	1	11	1	0	0	
0	0	2	0	0	2	0	0	0	1	0	19	20	0	1	0	2	0	76	116	162	120	0	3	0	3	175	40	67	141	0	2	1	0	73	125	122	11	0	1	0	0	4	0	117	82	0	3	0	0	1	8	178	26	0	1	0	1	0	32	116	0	1	0	
0	1	0	0	0	0	0	0	1	0	66	142	71	0	1	0	0	114	170	74	203	17	0	1	0	104	37	77	160	0	3	0	0	2	0	43	154	124	6	0	0	3	0	48	14	143	129	0	0	3	0	140	159	144	50	0	0	0	0	9	47	10	0	0	
0	0	0	0	0	1	2	0	0	6	91	135	119	38	0	2	0	73	224	46	34	186	95	0	0	2	115	159	126	120	30	0	0	2	0	159	226	99	0	3	1	0	25	158	0	205	55	0	0	0	0	96	167	172	16	0	0	0	0	0	48	17	0	1	
0	0	1	1	0	0	0	0	0	1	0	25	76	6	0	0	1	0	21	171	164	101	0	4	1	0	28	32	88	67	0	3	0	14	58	138	203	56	0	1	0	63	181	113	61	131	139	55	0	11	45	2	0	0	22	10	0	0	0	2	3	3	0	0	
0	0	2	0	0	0	2	0	0	1	0	76	159	55	0	1	2	0	143	211	188	214	128	0	0	60	192	6	0	9	168	16	0	113	127	0	6	9	169	12	0	77	184	0	0	97	158	0	0	0	153	171	148	166	27	0	0	0	3	56	54	5	0	1	
0	0	1	0	1	0	0	0	0	0	5	79	29	0	1	0	3	0	79	159	119	3	0	0	4	0	112	154	180	34	0	2	1	0	26	118	176	96	0	4	0	0	3	0	94	87	0	3	0	0	4	0	144	54	0	2	0	0	0	0	60	7	0	0	
0	1	1	0	0	2	3	1	1	0	34	137	124	0	0	0	0	55	183	64	106	66	79	21	0	46	192	94	127	155	97	31	2	0	38	222	225	78	0	2	2	0	51	140	0	206	37	0	1	0	8	145	168	141	0	0	0	1	0	18	63	11	0	1	
0	1	1	0	0	0	2	0	1	0	15	132	133	42	0	0	0	18	185	153	175	152	86	0	0	98	141	0	0	38	183	0	0	157	107	0	0	33	183	0	0	47	205	138	94	176	111	0	1	0	34	125	137	66	0	1	0	2	1	0	0	0	1	0	
0	0	1	0	1	15	5	0	0	1	0	50	135	131	66	0	0	11	116	123	26	0	3	0	0	47	215	132	81	21	0	1	0	12	54	31	79	142	31	0	0	26	112	6	0	112	137	0	0	5	94	128	150	144	21	0	0	0	0	2	11	2	0	0	
0	0	0	0	59	6	0	0	0	1	0	43	148	0	1	0	0	3	0	140	51	0	2	0	1	0	16	162	135	61	0	2	2	0	38	165	72	170	27	0	1	0	18	172	83	126	8	0	0	1	0	44	93	21	0	1	0	0	0	0	0	1	0	0	
0	0	1	0	0	1	1	0	0	0	1	141	209	52	0	2	3	0	151	204	234	216	35	0	0	31	200	18	11	92	171	0	0	79	177	0	0	45	187	0	0	55	236	81	20	167	118	0	1	0	84	181	179	108	3	0	0	0	0	0	0	0	1	0	
0	0	0	0	0	0	0	0	0	2	0	48	74	34	15	0	0	3	0	106	104	21	14	0	0	3	0	104	111	0	4	0	0	3	0	105	116	21	7	0	0	3	0	107	122	0	5	0	0	3	0	81	91	0	3	0	0	0	0	0	0	1	0	0	
0	0	2	0	0	0	0	0	0	2	0	73	134	93	0	1	3	0	124	210	221	211	0	1	0	65	219	23	76	166	80	0	0	156	108	0	0	125	104	0	0	95	168	0	0	170	65	0	0	1	163	195	169	141	4	0	0	0	3	44	21	0	0	0	
0	0	1	0	0	1	1	0	1	0	42	47	0	2	14	1	3	0	156	87	0	33	132	0	0	36	161	1	0	105	128	0	0	121	187	98	121	205	130	7	0	68	130	77	108	202	3	0	0	0	1	0	20	53	0	1	0	2	4	3	1	0	0	0	
0	0	2	0	0	0	0	0	0	1	0	103	163	26	0	1	3	0	134	118	135	115	0	4	1	0	48	0	140	64	0	3	0	30	72	173	221	69	0	1	0	128	226	99	39	183	142	12	0	17	33	0	0	3	29	6	0	0	0	3	2	2	0	0	
0	1	0	35	70	0	1	0	0	3	0	158	117	0	4	0	2	0	42	186	5	0	2	0	4	0	123	190	124	106	1	0	4	0	151	176	29	130	108	0	4	0	125	203	115	147	57	0	0	0	2	69	95	29	0	1	0	0	1	0	0	1	1	0	
0	0	2	1	0	0	0	0	0	0	2	0	42	71	114	53	0	7	93	51	130	54	35	15	0	40	184	125	58	0	2	0	0	3	13	10	105	76	0	3	0	32	153	28	123	128	0	4	1	0	67	119	92	0	0	0	0	0	0	0	0	0	0	0	
0	0	1	0	0	0	0	0	0	0	9	4	24	59	30	0	0	0	98	101	129	48	26	0	0	2	111	71	77	56	0	1	0	0	9	89	61	140	0	1	0	0	0	53	87	33	0	1	0	2	10	1	0	8	7	0	0	7	46	42	51	72	28	0	
0	1	0	0	0	3	6	0	0	1	5	81	139	165	117	0	0	46	115	114	41	13	10	1	0	128	193	110	106	57	0	1	0	48	36	23	38	179	68	0	0	25	150	20	0	119	154	0	0	5	123	163	149	166	35	0	0	0	0	4	11	0	0	0	
0	0	0	1	1	2	0	0	0	0	2	106	10	0	1	0	1	0	38	141	0	61	9	0	3	0	94	92	50	152	9	1	3	0	124	156	200	152	61	0	0	1	0	19	154	2	0	0	0	1	0	29	126	0	3	0	0	0	0	0	0	0	0	0	
0	0	1	0	0	0	0	0	1	0	33	142	119	7	0	1	0	4	200	116	170	67	0	2	0	20	183	45	162	32	0	1	0	1	0	14	154	151	46	0	0	1	0	22	0	89	150	0	2	0	42	199	125	157	44	0	0	0	10	48	59	14	0	1	
1	0	16	13	0	1	0	0	3	0	95	61	0	3	0	0	3	0	150	42	17	84	0	2	0	3	181	14	93	106	0	8	0	39	224	143	199	176	133	26	0	17	40	0	155	97	11	0	0	0	1	0	68	23	0	1	0	1	2	0	0	1	1	0	
0	0	0	0	0	0	0	0	0	0	0	10	117	2	0	0	0	1	0	31	162	0	1	0	0	2	0	56	141	0	3	0	0	3	0	83	118	0	3	0	0	4	0	112	143	0	3	0	0	2	0	47	132	0	2	0	0	0	0	0	0	0	0	0	
0	0	1	0	0	4	0	0	0	1	0	65	145	147	8	0	1	0	65	142	21	4	5	0	0	49	167	89	97	46	0	1	0	39	133	60	62	136	79	0	1	0	26	66	0	70	158	0	1	0	35	157	140	151	32	0	0	0	0	5	12	1	0	0	
0	0	0	12	7	0	0	0	2	0	69	133	149	48	0	2	0	18	120	0	159	55	0	2	0	13	20	118	134	0	2	0	0	1	0	98	127	144	22	0	0	16	140	36	0	178	55	0	0	28	168	131	142	94	0	1	0	0	2	14	7	0	0	0	
0	1	2	0	0	1	3	0	1	0	24	169	126	21	0	1	0	4	188	131	100	133	84	0	0	103	174	0	0	23	187	20	0	154	104	0	5	0	176	60	0	107	213	86	68	156	164	5	0	1	91	139	122	71	2	0	0	0	0	0	0	0	2	1	
0	1	1	0	0	1	2	0	1	0	6	102	149	26	0	1	0	21	171	94	40	59	38	0	0	29	194	95	133	147	61	0	1	0	15	190	207	73	0	2	1	0	28	116	0	188	31	0	1	0	21	144	143	150	12	0	0	1	0	36	64	5	0	0	
0	0	0	9	2	0	0	0	0	14	157	174	153	2	0	0	0	126	134	58	168	0	2	0	0	16	0	174	134	26	0	1	0	1	0	47	96	159	73	0	2	0	86	150	48	165	100	0	3	0	93	160	150	91	0	1	0	0	0	4	3	0	1	0	
0	2	2	0	0	0	1	0	1	0	14	110	145	100	6	0	0	28	196	140	96	230	161	0	0	184	123	0	0	63	202	0	0	211	60	0	0	29	188	3	0	118	218	125	84	187	142	0	0	3	73	139	131	57	0	0	0	1	0	0	0	0	2	0	
0	0	1	0	34	6	0	0	0	2	0	44	158	4	0	0	0	2	0	149	66	0	3	0	2	0	34	228	184	107	0	1	4	0	99	175	79	152	85	0	3	0	84	171	19	140	75	0	0	0	0	101	140	66	0	1	0	0	0	0	0	0	1	0	
0	0	0	0	2	0	0	0	1	0	28	130	181	67	0	3	2	0	163	129	64	155	0	3	0	1	4	0	120	131	0	4	0	0	32	122	220	37	0	2	0	79	185	178	128	180	44	0	0	68	105	7	0	76	156	1	0	0	0	2	4	0	0	0	
1	2	0	0	0	2	1	0	0	1	6	20	26	1	0	0	73	168	173	183	188	154	13	0	20	32	17	11	0	180	79	0	0	0	0	0	2	176	38	0	1	1	3	0	61	170	0	2	0	0	2	0	175	86	0	3	0	1	0	17	175	25	0	1	
0	0	0	0	1	0	0	0	0	0	3	0	92	62	0	2	0	0	0	0	188	44	0	2	0	1	0	38	182	0	0	0	0	3	0	84	151	0	4	0	0	4	0	146	113	0	3	0	0	2	0	138	86	0	3	0	0	0	0	0	0	0	0	0	
0	0	0	0	0	1	0	0	0	0	2	0	116	46	0	2	0	0	0	5	180	24	0	1	0	2	0	52	155	0	2	0	0	4	0	117	145	0	4	0	0	3	0	182	95	0	3	0	0	1	0	156	45	0	2	0	0	0	0	0	1	0	0	0	
0	0	1	0	0	0	0	0	1	0	32	113	133	49	0	1	0	10	195	97	26	22	8	1	1	0	109	136	78	119	85	5	0	3	0	102	251	112	0	4	0	0	11	147	28	165	6	0	0	0	0	125	168	123	0	1	0	1	0	16	56	4	0	0	
0	0	0	0	0	0	0	0	0	0	2	0	122	49	0	2	0	1	0	13	194	21	0	1	0	3	0	77	153	0	3	0	0	4	0	120	120	0	4	0	0	1	0	190	70	0	3	0	0	0	3	140	18	0	1	0	0	0	0	0	0	0	0	0	
0	0	0	0	0	2	0	0	0	4	29	34	24	0	0	0	0	25	147	143	167	108	0	3	0	0	2	0	51	167	0	3	0	0	5	0	113	108	0	3	0	1	0	7	170	24	0	1	0	3	0	129	125	0	3	0	0	1	0	146	50	0	2	0	
0	0	0	1	1	0	0	0	0	0	2	0	82	35	0	1	0	1	0	6	183	30	0	1	0	3	0	104	160	0	3	0	0	3	0	179	95	0	3	0	0	0	0	187	42	0	2	0	0	1	0	167	34	0	1	0	0	0	0	21	5	0	0	0	
0	1	2	0	0	0	0	0	1	0	11	115	147	48	0	2	0	5	168	122	110	158	0	3	0	63	103	0	169	46	0	2	0	1	0	29	148	114	17	0	3	0	71	138	0	137	94	0	2	0	47	179	137	138	17	0	0	1	0	25	48	6	0	0	
0	0	0	0	0	0	0	0	1	0	30	96	123	111	18	0	4	0	131	171	11	132	37	0	0	2	0	117	203	101	0	1	1	0	15	148	123	123	0	2	3	0	132	63	4	175	6	0	3	0	86	130	156	115	0	2	0	0	3	58	40	0	0	0	
0	0	4	1	0	10	4	0	0	1	0	34	128	152	92	0	0	6	129	176	39	0	8	1	0	58	232	165	112	36	0	1	0	7	35	9	47	161	35	0	1	0	133	33	0	148	103	0	2	0	98	142	154	118	11	0	0	0	0	2	5	0	0	0	
0	0	0	0	0	1	0	0	1	0	101	15	0	3	8	0	0	4	165	20	0	65	87	0	0	24	149	3	0	108	63	0	0	41	221	163	139	209	155	28	0	56	110	7	29	176	81	9	0	0	0	2	0	95	26	0	0	1	2	1	1	0	2	1	
0	0	2	0	0	0	0	0	1	0	10	133	142	7	0	1	0	2	160	63	137	100	0	4	0	12	55	0	93	117	0	6	2	0	54	114	220	105	0	3	0	15	165	141	159	152	147	69	1	0	90	106	0	0	39	47	0	0	0	0	3	2	0	0	
0	1	0	10	4	0	1	0	2	0	83	157	123	84	25	0	0	50	191	0	157	160	166	3	0	90	144	0	15	0	141	67	0	89	141	0	6	0	166	74	0	73	197	9	11	105	147	0	0	0	132	179	173	149	8	0	0	0	0	5	6	0	2	1	
0	0	1	0	1	1	0	0	0	0	0	31	27	0	0	0	3	0	92	131	112	55	0	2	3	0	142	64	101	114	0	4	2	0	40	117	123	99	0	3	0	0	2	0	64	119	0	4	0	0	5	0	121	76	0	3	0	0	2	0	102	37	0	1	
2	3	4	4	3	3	0	0	0	0	0	0	0	0	0	0	41	67	113	144	140	106	0	0	97	115	109	64	38	182	27	0	0	0	1	0	35	171	0	0	2	4	7	0	108	112	0	4	0	0	0	0	186	42	0	2	0	1	0	21	137	6	0	1	
0	1	0	23	42	0	1	0	0	1	0	127	40	0	2	0	3	0	70	172	49	59	0	0	4	0	122	211	137	128	61	0	0	0	167	31	0	86	98	0	3	0	133	167	145	163	15	0	1	0	7	72	79	10	0	1	0	0	1	0	0	2	1	0	
0	1	1	0	0	1	0	0	0	0	0	16	32	10	0	0	16	153	151	167	176	173	5	0	4	35	22	1	17	175	11	0	0	0	3	0	99	153	0	4	0	2	1	0	163	48	0	2	0	3	0	86	159	0	3	0	0	2	0	133	96	0	2	0	
0	0	1	0	0	1	0	0	0	0	17	58	0	5	21	0	3	0	118	85	0	86	91	0	0	23	153	3	0	143	21	0	0	120	210	125	162	168	48	7	0	56	84	38	152	136	15	0	0	0	2	0	47	49	0	2	0	2	3	2	1	1	1	0	
0	0	0	0	1	4	0	0	0	0	2	0	52	94	0	3	0	0	1	0	166	46	0	2	0	2	0	65	160	0	2	0	0	4	0	136	104	0	3	0	1	0	4	204	40	0	2	0	1	0	22	156	6	0	0	0	0	0	0	0	1	0	0	0	
0	0	1	0	50	11	0	0	0	1	0	40	140	0	0	0	0	3	0	129	59	0	2	0	1	0	17	192	130	44	0	2	3	0	122	127	26	150	0	2	2	0	55	145	116	118	0	3	0	1	0	56	76	3	0	0	0	0	0	0	0	1	0	0	
0	0	0	0	0	0	0	0	2	0	58	115	111	40	0	1	3	0	144	55	47	143	9	0	1	0	24	182	151	46	9	0	2	0	50	138	129	49	0	2	3	0	96	76	37	151	0	3	1	0	15	138	131	100	0	2	0	1	0	30	61	4	0	0	
0	0	0	2	0	1	0	0	0	0	14	92	0	6	4	0	2	0	51	134	0	115	32	0	4	0	98	115	13	142	0	1	0	0	174	141	161	177	44	0	0	6	46	0	135	93	2	0	0	0	3	0	100	45	0	2	0	0	2	0	1	3	0	0	
1	3	3	4	2	3	0	0	0	0	0	0	0	0	0	0	25	166	104	126	133	98	1	0	32	113	84	70	23	147	39	0	0	0	1	0	16	176	10	0	1	4	6	0	109	120	0	4	0	1	0	17	177	18	0	1	0	3	0	80	154	0	3	0	
0	1	2	0	0	0	0	0	0	1	0	59	141	135	111	9	0	39	105	122	19	22	45	7	0	80	150	111	122	19	0	1	0	15	37	0	58	148	4	0	0	114	153	5	9	177	26	0	0	7	84	125	140	94	0	2	0	0	0	1	1	0	0	0	
0	0	0	0	1	1	0	0	0	3	4	0	83	31	0	1	0	1	1	0	137	19	0	1	0	1	0	30	154	0	1	0	0	3	0	86	135	0	4	0	0	4	0	124	90	0	3	0	0	3	0	102	50	0	2	0	0	0	0	0	0	0	0	0	
0	0	2	1	0	0	0	0	0	1	0	26	108	93	0	0	1	0	71	150	94	162	15	0	0	4	113	19	38	142	0	3	0	16	56	119	226	98	0	3	0	123	112	108	102	132	121	6	0	30	74	31	0	4	54	13	0	0	0	0	4	2	0	0	
0	0	1	0	72	14	0	1	0	2	0	61	163	0	1	0	0	1	0	163	52	0	2	0	2	0	43	220	120	48	0	1	3	0	107	123	8	153	24	0	3	0	87	165	113	168	9	0	0	0	0	67	90	21	0	1	0	0	0	0	0	1	1	0	
0	0	0	0	0	1	0	0	0	21	14	15	21	1	0	0	2	161	185	135	154	144	0	1	0	1	8	0	54	179	0	1	0	0	4	0	121	128	0	4	0	1	0	0	175	41	0	2	0	3	0	116	159	0	3	0	0	0	0	156	62	0	2	0	
0	0	0	0	1	1	0	0	0	0	2	0	83	54	0	2	0	1	0	7	183	24	0	1	0	2	0	68	171	0	2	0	0	3	0	150	112	0	3	0	1	0	6	203	36	0	1	0	1	0	10	141	10	0	1	0	0	0	0	0	1	0	0	0	
0	0	2	0	1	1	0	0	0	0	6	35	9	0	0	0	0	1	122	147	127	3	0	0	0	22	163	66	205	48	0	2	1	0	27	82	145	71	0	3	0	0	4	0	96	77	0	3	0	0	4	0	153	68	0	2	0	0	1	0	118	35	0	1	
0	1	0	0	0	1	1	0	1	0	50	135	106	0	0	0	0	114	181	50	119	53	27	0	0	51	148	142	158	128	120	9	2	0	50	182	157	81	0	3	2	0	64	132	0	191	17	0	0	0	0	131	144	153	8	0	0	1	0	10	64	16	0	1	
0	1	1	0	0	0	1	0	2	0	43	183	174	117	5	0	0	29	215	96	130	171	129	0	0	120	178	0	0	26	161	0	0	100	164	0	2	4	179	29	0	37	231	69	19	134	174	0	2	0	79	195	188	150	14	0	0	1	0	0	2	0	1	0	
0	0	0	14	62	0	1	0	0	3	0	82	118	0	4	0	0	2	0	164	68	0	1	0	2	0	50	171	154	143	5	0	3	0	81	154	0	127	62	0	2	0	37	192	119	155	13	0	0	1	0	48	90	17	0	1	0	0	1	1	0	1	1	0	
0	0	2	0	1	2	0	0	0	1	0	26	17	0	0	0	3	0	89	167	134	68	0	2	0	30	186	4	18	151	7	0	0	19	135	135	119	80	0	2	0	0	2	0	38	139	0	2	0	1	5	0	105	110	0	4	0	0	3	0	98	62	0	2	
0	0	1	1	0	3	1	0	2	0	50	54	0	107	3	0	3	0	133	37	72	130	0	4	0	19	140	0	128	61	0	3	0	72	194	110	201	126	92	0	0	32	100	68	183	50	14	0	0	0	0	2	117	8	0	0	0	1	4	2	0	2	1	0	
0	0	1	0	1	1	0	0	0	0	0	69	52	0	1	0	3	0	72	118	99	48	0	2	4	0	115	62	125	95	0	4	2	0	42	125	169	19	0	1	0	0	0	14	118	0	0	0	0	2	0	62	128	0	3	0	0	1	0	40	55	0	2	0	
0	0	1	0	1	1	0	0	0	0	1	31	12	0	0	0	3	0	73	124	103	11	0	1	4	0	109	57	142	63	0	2	1	0	22	84	109	70	0	3	0	0	3	0	92	70	0	3	0	0	3	0	118	34	0	1	0	0	1	0	88	22	0	1	
0	1	0	26	52	0	1	0	0	3	0	125	98	0	4	0	2	0	34	185	49	8	0	0	4	0	98	132	125	169	10	0	4	0	125	121	0	127	122	0	2	0	48	191	128	173	47	0	0	1	0	44	93	30	0	1	0	0	1	1	0	1	2	0	
0	0	0	0	38	11	0	0	1	0	6	118	209	117	0	3	4	0	106	153	21	167	0	0	0	0	3	0	67	136	0	4	0	2	56	115	230	127	0	0	0	72	187	167	107	132	181	24	0	44	143	38	0	0	35	15	0	0	0	1	4	3	0	0	
0	0	0	7	5	0	0	0	1	0	99	161	146	6	0	1	0	64	177	21	158	8	0	0	0	27	1	107	157	0	1	1	0	1	0	16	94	158	31	0	3	0	88	84	0	160	69	0	2	0	42	160	161	102	0	0	0	0	0	2	9	0	0	0	
1	4	4	2	2	3	0	0	0	0	0	0	0	0	0	0	14	141	165	136	132	108	0	0	45	124	76	33	18	161	31	0	0	0	1	0	22	175	7	0	1	4	6	0	118	123	0	4	0	1	0	9	170	19	0	1	0	3	0	87	142	0	3	0	
6	2	0	0	17	24	0	1	16	6	0	0	170	81	0	3	0	2	0	44	208	8	0	1	0	4	0	124	192	0	2	0	0	2	0	184	157	0	4	0	1	0	12	242	202	0	0	1	0	0	0	118	71	0	2	0	0	0	0	0	0	0	0	0	
0	0	2	0	1	2	0	0	0	0	0	71	67	0	0	0	3	0	103	119	116	75	0	2	3	0	155	80	111	140	0	4	1	0	26	88	134	95	0	4	0	0	1	0	151	52	0	2	0	2	0	89	131	0	7	1	0	2	0	63	31	0	6	1	
0	0	0	1	7	0	0	0	1	0	30	136	170	64	0	3	0	17	139	35	60	134	0	4	0	6	13	0	92	108	0	4	1	0	48	133	216	60	0	3	0	32	214	136	91	169	86	0	0	22	88	7	0	17	157	55	0	0	0	2	4	1	1	3	
0	0	1	1	0	0	0	0	0	1	0	32	164	93	0	3	1	0	26	187	89	177	1	0	1	0	19	46	43	166	0	1	0	43	109	111	222	69	0	3	0	159	97	149	101	160	88	0	0	87	131	38	0	27	99	0	0	0	0	1	4	1	0	0	
0	1	2	0	0	7	1	0	1	0	12	102	124	122	5	0	0	5	150	108	16	0	1	0	0	32	172	118	140	81	0	1	0	0	4	1	1	158	52	0	0	15	140	15	0	158	62	0	0	0	96	135	143	85	0	1	0	0	0	4	5	0	0	0	
0	1	0	5	2	0	0	0	1	0	79	172	117	0	1	0	0	72	171	46	150	0	2	0	0	46	28	131	132	14	0	1	0	1	0	20	88	156	23	0	1	0	40	106	0	123	83	0	3	0	61	158	133	105	5	0	0	0	0	4	9	0	0	0	
0	0	1	0	1	3	0	0	0	19	13	3	2	0	0	0	10	149	150	160	175	77	0	2	2	2	11	4	72	182	0	3	0	0	3	0	91	145	0	4	0	0	4	0	168	79	0	3	0	2	0	45	182	2	0	0	0	3	0	92	81	0	3	0	
0	0	0	4	11	1	0	0	1	0	12	126	119	42	0	1	4	0	118	118	0	53	3	0	1	0	11	144	210	107	0	1	0	1	0	124	148	80	0	2	2	0	45	143	6	163	1	0	0	0	0	108	157	108	0	2	0	0	0	1	12	2	0	0	
0	0	1	0	0	0	1	1	0	2	0	70	146	139	19	0	2	0	54	255	216	226	181	0	0	0	209	174	0	34	244	48	0	81	237	23	0	78	234	23	0	159	182	0	98	244	97	0	0	92	230	203	213	69	0	3	0	0	29	52	5	0	3	0	
0	0	0	1	1	0	0	0	0	0	3	0	115	87	0	3	0	1	0	9	218	56	0	2	0	3	0	68	222	5	0	1	0	3	0	160	196	0	1	0	0	0	0	230	154	0	4	0	1	0	4	185	66	0	2	0	0	0	0	0	0	0	0	0	
0	0	1	0	1	0	0	0	1	0	8	128	210	131	0	1	0	0	205	172	30	222	41	0	0	6	57	0	47	220	12	0	1	0	19	91	204	106	0	4	0	24	211	232	255	109	0	1	0	29	206	124	43	101	1	0	0	0	0	0	0	0	0	0	
0	0	0	0	3	0	0	0	1	0	23	161	193	182	14	0	1	0	23	40	119	242	14	0	0	2	0	93	246	67	0	3	2	0	47	166	193	130	0	3	0	30	34	10	197	159	0	4	0	88	200	202	147	4	0	1	0	0	2	2	0	0	0	0	
0	0	2	0	0	0	0	0	0	0	8	23	0	102	41	0	3	0	87	118	3	187	14	0	0	31	245	66	81	154	0	3	0	133	154	164	225	177	12	0	0	10	0	72	244	60	0	1	0	3	0	79	123	0	2	0	0	1	0	0	1	2	0	0	
0	0	1	1	0	0	0	0	0	0	0	14	42	65	54	5	0	0	0	167	150	142	113	8	3	0	101	215	53	3	0	0	2	0	64	79	141	120	0	4	0	52	39	31	178	89	0	3	0	53	152	145	68	0	1	0	0	0	0	0	0	1	0	0	
0	1	0	22	76	0	1	0	0	16	0	140	134	0	4	0	2	0	54	218	12	0	1	0	3	0	154	107	69	118	17	0	0	3	183	163	121	148	125	0	2	0	108	255	151	148	32	0	0	0	0	52	62	11	0	1	0	0	2	0	0	1	1	0	
0	2	1	0	0	0	0	0	1	1	0	0	16	21	7	0	0	88	161	143	146	220	93	0	33	199	27	6	34	191	18	0	25	54	0	0	129	128	0	4	0	1	0	1	187	40	0	2	1	5	0	72	177	0	2	0	0	2	0	50	139	3	0	1	
0	0	0	0	0	2	0	0	0	2	0	92	46	31	108	0	1	0	11	158	0	160	116	0	0	0	3	116	141	142	0	1	0	2	0	168	174	0	2	0	3	0	115	164	108	0	4	0	3	0	128	178	102	0	3	0	0	0	7	53	5	0	0	0	
0	0	2	1	0	0	1	0	0	2	0	9	124	159	33	0	2	0	30	233	175	162	176	0	0	11	217	200	0	36	201	3	0	124	255	40	0	66	191	0	0	159	161	0	40	202	69	0	0	78	199	157	191	71	0	2	1	0	40	66	10	0	2	0	
0	0	0	0	0	0	0	0	0	1	0	7	150	22	0	1	0	1	0	31	222	21	0	1	0	3	0	80	221	0	0	1	0	4	0	158	177	0	3	0	1	0	0	228	110	0	4	0	1	0	7	176	39	0	2	0	0	0	0	0	0	0	0	0	
0	0	0	0	22	7	0	0	1	0	31	135	164	169	11	0	2	0	136	92	21	200	13	0	0	0	3	0	115	148	0	4	1	0	65	168	217	15	0	1	0	59	250	222	211	124	87	24	0	14	82	29	18	89	75	5	0	0	0	0	0	0	0	0	
0	0	0	0	0	0	0	0	0	0	108	159	111	28	0	1	0	3	73	58	186	140	0	4	0	1	0	94	196	17	0	1	2	0	112	180	140	124	0	1	0	0	12	0	78	203	0	0	2	0	126	207	163	30	0	1	1	0	18	50	2	0	0	0	
0	0	2	1	0	1	1	0	0	2	0	41	0	82	42	0	2	0	45	186	25	161	11	0	0	12	200	41	88	154	0	7	0	90	224	113	196	187	105	1	0	3	11	65	231	86	8	0	0	1	0	15	157	12	0	1	0	0	1	1	0	2	1	0	
0	0	1	1	0	0	0	0	0	1	0	66	182	146	109	7	1	0	25	208	57	16	15	2	4	0	135	193	95	41	0	2	1	0	41	33	48	151	0	2	0	76	70	0	121	141	0	4	0	29	137	175	157	21	0	1	0	0	0	1	0	1	0	0	
0	9	12	8	48	0	1	0	0	6	0	96	138	0	5	0	1	0	20	208	39	0	2	0	3	0	147	118	83	157	70	0	0	14	181	131	127	159	145	0	1	0	138	244	160	153	18	0	0	0	2	62	48	0	1	0	0	0	2	0	0	3	1	0	
0	1	2	0	0	0	0	0	0	0	4	30	29	13	3	0	0	6	134	148	119	172	116	0	0	114	119	0	0	166	48	0	0	71	28	0	91	153	0	4	0	0	1	0	178	50	0	2	0	5	0	90	150	0	3	0	0	3	0	105	78	0	2	0	
0	0	0	0	0	0	0	0	0	1	0	22	127	79	59	8	0	3	0	121	102	196	137	0	0	4	0	125	197	87	0	2	1	0	10	213	110	0	5	0	0	1	136	169	55	0	2	0	0	2	135	172	43	0	2	0	1	0	15	44	0	0	0	0	
0	0	1	2	0	0	0	0	0	1	2	0	99	188	84	0	0	1	0	162	202	75	198	26	1	0	173	230	9	4	189	32	0	91	220	60	0	161	118	0	0	154	128	12	175	134	0	2	0	43	161	156	78	0	2	0	0	0	0	0	0	2	0	0	
0	0	0	1	1	1	0	0	0	0	3	0	77	146	0	2	0	0	1	0	199	110	0	4	0	3	0	76	235	16	0	1	0	3	0	171	159	0	4	0	2	0	36	248	59	0	2	0	3	0	81	166	0	1	0	0	0	0	0	0	0	0	0	0	
0	0	0	0	9	4	0	0	1	0	58	152	152	157	51	0	0	0	85	58	0	109	150	0	0	1	1	0	0	192	73	0	1	0	56	78	150	156	0	2	0	87	177	215	255	98	11	0	0	96	204	118	56	84	11	0	0	0	4	0	0	0	0	0	
0	0	0	9	14	1	0	0	1	0	28	131	136	152	5	0	0	0	3	0	93	166	0	0	1	0	30	162	218	36	0	2	1	0	29	49	47	164	0	1	0	18	79	0	112	164	0	2	0	10	146	186	149	22	0	1	0	0	0	3	0	1	0	0	
0	0	1	2	0	1	2	1	0	2	0	26	33	17	107	0	1	0	1	167	53	133	104	0	0	6	191	118	32	199	6	0	0	150	210	127	200	208	28	0	1	19	0	19	214	93	6	0	0	2	0	45	147	0	1	0	0	1	0	1	0	3	0	0	
0	0	0	2	2	1	0	0	0	0	0	12	10	0	16	4	0	2	0	142	158	127	123	33	3	0	81	204	94	19	0	1	1	0	23	18	94	95	0	4	0	18	31	24	157	50	0	2	0	13	124	149	61	0	1	0	0	0	0	0	1	1	0	0	
0	0	2	0	62	32	0	1	0	1	0	34	199	21	0	1	1	0	0	187	92	0	4	0	3	0	107	153	0	28	2	0	3	0	170	82	105	164	150	0	3	0	100	238	192	139	97	0	0	0	4	59	73	44	0	1	0	0	1	0	0	0	2	0	
1	2	3	2	0	0	0	0	0	0	0	0	25	18	0	0	15	48	86	122	106	175	23	0	46	122	62	16	21	162	4	0	0	0	3	0	115	110	0	4	1	4	0	20	195	22	0	1	0	4	0	130	136	0	4	0	0	2	0	131	57	0	2	0	
0	0	0	0	0	0	0	0	0	1	0	34	123	72	0	0	0	2	0	126	115	176	9	0	0	3	0	142	221	62	0	2	1	0	10	215	81	0	3	0	4	0	102	153	94	0	3	0	3	0	103	181	70	0	3	0	0	0	9	45	1	0	0	0	
0	0	0	0	0	1	0	0	0	1	0	42	66	0	0	0	1	0	18	100	137	109	0	4	1	0	21	93	190	97	0	3	0	2	0	51	169	0	1	0	0	3	0	119	91	0	3	0	1	0	12	169	13	0	1	0	1	0	18	67	0	1	0	0	
0	0	0	0	0	5	0	0	0	1	0	7	133	187	78	0	1	5	0	70	121	152	131	0	0	1	12	0	63	192	1	0	7	97	149	177	229	76	0	2	46	207	164	190	150	139	19	0	0	51	40	0	1	0	0	0	0	0	0	2	4	2	0	0	
0	0	0	0	0	0	0	0	0	0	1	0	160	49	0	2	0	1	0	10	222	52	0	2	0	3	0	98	214	0	0	1	0	3	0	184	164	0	4	0	1	0	18	245	84	0	3	0	2	0	37	190	23	0	1	0	0	0	0	0	1	0	0	0	
0	0	0	0	39	32	0	1	1	0	6	119	153	168	21	0	2	0	53	100	6	174	20	0	0	0	3	0	109	143	0	4	0	6	106	126	172	19	0	1	0	98	184	224	186	90	34	0	0	42	125	34	46	61	6	0	0	0	0	0	0	0	0	0	
0	0	0	0	1	0	0	0	0	0	3	0	106	53	0	2	0	0	1	0	195	76	0	3	0	2	0	35	219	19	0	1	0	3	0	106	199	0	1	0	0	2	0	198	126	0	4	0	0	0	0	158	48	0	2	0	0	0	0	0	0	0	0	0	
0	0	0	0	5	0	0	0	0	0	3	103	174	118	0	3	0	0	7	43	170	92	0	3	0	3	0	120	208	54	0	2	0	0	3	2	60	152	0	3	0	32	55	35	183	63	0	2	0	37	180	156	63	0	2	0	0	0	1	0	0	1	0	0	
0	0	2	1	0	0	0	0	0	1	0	21	80	26	0	1	2	0	47	162	111	168	12	0	0	4	146	17	18	170	9	0	0	7	129	68	205	80	0	3	1	0	10	98	140	0	3	0	0	2	0	171	61	0	2	0	0	0	2	73	8	0	0	0	
0	0	1	2	0	1	0	0	0	1	0	17	81	23	0	1	1	0	13	142	118	153	11	0	4	0	120	76	0	172	13	0	3	0	99	111	194	93	0	3	0	1	0	68	183	0	1	0	0	3	0	102	130	0	4	0	0	1	0	51	35	0	1	0	
0	0	0	1	0	0	0	0	0	1	0	9	128	95	0	0	0	3	0	103	131	232	73	0	0	4	0	113	173	180	26	0	1	0	0	194	140	0	2	0	0	0	108	195	94	0	5	0	0	14	174	163	81	0	3	0	1	0	37	46	0	1	0	0	
0	0	0	2	0	0	0	0	0	0	0	0	8	64	78	0	0	1	0	108	129	132	74	0	0	0	13	144	89	0	0	0	1	6	3	0	125	62	0	2	0	101	98	91	149	11	0	1	0	16	76	88	23	0	1	0	0	0	0	0	1	1	0	0	
0	0	0	0	0	0	0	0	0	0	7	59	113	110	6	0	3	0	79	144	115	231	23	0	0	2	0	72	198	75	0	2	1	0	13	111	182	48	0	2	0	34	8	0	168	59	0	2	0	115	167	177	117	0	2	0	0	5	59	37	0	1	0	0	
0	0	3	4	1	0	0	0	0	0	0	0	5	16	4	0	0	4	117	118	158	242	66	0	0	74	187	51	73	210	15	0	0	6	6	0	179	114	0	4	0	3	0	81	212	8	0	1	0	1	0	187	91	0	3	0	1	0	8	158	18	0	1	0	
0	0	2	1	0	1	1	0	0	2	0	50	162	72	0	2	2	0	44	251	164	197	56	0	0	11	222	217	0	82	162	0	0	37	255	82	0	59	174	0	0	15	200	18	5	170	83	0	2	0	108	197	183	96	0	1	0	0	0	51	30	0	2	0	
0	0	2	2	1	0	0	0	0	1	1	0	6	13	0	0	3	0	116	185	163	235	44	0	0	37	219	55	70	196	5	0	0	90	122	0	167	105	0	4	0	2	0	42	203	14	0	1	0	4	0	162	150	0	4	0	0	1	0	162	72	0	2	0	
0	0	3	1	0	1	0	0	0	1	0	5	29	7	0	0	2	0	85	138	157	137	0	3	0	49	170	2	86	135	0	4	0	12	11	0	175	44	0	2	0	2	0	77	160	0	3	0	0	4	0	147	96	0	3	0	0	3	0	105	54	0	2	0	
0	0	0	1	2	2	1	0	0	0	1	1	0	0	0	0	0	3	0	79	141	115	84	0	2	0	45	217	141	44	6	0	2	0	153	112	93	146	0	4	3	54	23	2	156	91	0	3	0	74	60	78	78	0	1	0	0	0	0	0	0	1	0	0	
0	0	1	2	3	4	3	0	0	1	5	2	0	0	0	0	1	0	162	85	80	106	89	0	0	100	205	108	70	179	135	0	0	88	26	0	51	172	1	0	0	1	0	11	195	46	0	2	0	6	0	125	147	0	4	0	0	0	0	146	31	0	1	0	
0	0	2	1	0	0	1	0	0	2	0	16	85	40	0	1	2	0	46	157	103	169	49	0	0	23	160	28	0	159	59	0	0	60	148	37	180	145	0	3	1	0	36	92	218	23	0	1	0	3	0	128	113	0	4	0	0	0	0	97	28	0	1	0	
0	0	1	1	0	1	0	0	0	1	0	33	76	10	0	1	2	0	41	142	88	126	0	2	1	0	117	18	90	119	0	3	0	5	114	75	193	43	0	2	1	0	17	71	123	0	2	0	0	3	0	135	82	0	3	0	0	0	0	78	11	0	0	0	
0	0	0	2	1	1	0	0	0	0	2	0	19	108	0	1	0	2	0	39	154	108	0	4	2	0	32	165	184	18	5	3	3	0	156	212	188	117	113	0	1	0	25	201	72	21	6	0	1	0	22	133	0	0	0	0	0	0	1	0	2	1	0	0	
0	0	3	3	0	0	0	0	0	1	1	0	6	54	17	0	0	0	67	108	114	209	34	0	0	51	162	18	90	133	0	3	0	24	21	0	175	30	0	1	0	3	0	115	140	0	4	0	0	2	0	185	53	0	2	0	0	0	4	77	7	0	0	0	
0	0	1	1	0	0	1	0	0	1	0	36	140	68	0	1	1	0	20	220	221	217	45	0	4	0	105	255	28	120	133	0	3	0	159	168	0	126	119	0	0	5	225	61	44	198	28	0	3	0	118	220	204	60	0	2	0	0	0	37	18	0	2	0	
0	0	0	1	7	1	0	0	3	0	61	158	160	199	27	0	0	0	14	3	116	200	9	0	1	3	1	140	255	81	0	3	1	0	29	112	97	205	0	0	9	128	41	60	210	135	0	3	3	136	203	190	88	0	0	0	0	0	1	0	0	1	0	0	
0	0	0	2	1	1	0	0	0	0	2	1	0	56	7	0	0	1	0	81	63	155	0	1	3	0	114	171	157	123	0	3	2	0	96	181	230	84	0	1	0	3	0	153	107	0	3	0	0	0	6	158	19	0	1	0	0	0	2	18	0	0	0	0	
0	0	0	1	0	0	0	0	0	0	2	0	139	53	0	2	0	1	0	31	219	27	0	1	0	4	0	124	197	0	2	0	0	3	0	188	128	0	4	0	1	0	15	233	59	0	2	0	2	0	41	166	2	0	0	0	0	0	0	0	1	0	0	0	
0	0	0	2	1	1	0	0	0	1	0	18	31	45	51	0	0	2	0	136	100	164	38	0	0	2	150	174	103	152	0	4	0	74	200	174	232	184	26	0	0	2	0	47	196	38	2	0	0	3	0	98	141	0	4	0	0	1	0	21	22	0	1	0	
0	0	0	1	1	1	0	0	0	1	0	40	36	45	44	0	0	3	0	149	83	170	40	0	2	0	92	142	96	147	0	4	0	37	241	166	205	160	0	0	0	14	21	98	217	50	0	1	0	3	0	72	147	0	3	0	0	1	0	18	18	0	0	0	
0	0	3	4	3	0	0	0	0	0	1	0	0	8	2	0	2	0	76	109	138	201	13	0	0	6	191	104	135	156	0	3	0	10	50	0	166	76	0	3	0	3	0	89	182	0	2	0	1	0	4	203	60	0	2	0	1	0	30	129	0	1	0	0	
0	0	0	1	1	0	0	0	0	0	1	2	0	19	73	29	0	2	0	48	146	130	104	17	1	0	19	217	69	0	2	0	2	0	53	145	162	31	0	2	0	38	137	131	143	17	0	1	0	10	66	49	2	0	0	0	0	0	0	0	2	1	0	0	
0	0	0	0	4	6	0	0	0	3	0	35	136	128	22	0	0	6	0	153	88	123	4	0	0	4	0	141	211	70	0	2	1	0	5	203	142	0	4	0	2	0	136	188	122	0	4	0	1	0	143	164	34	0	1	0	0	0	2	4	0	0	0	0	
0	0	0	0	0	2	0	0	0	0	2	0	58	139	0	2	0	0	2	0	189	109	0	4	0	2	0	38	225	21	0	1	0	3	0	155	147	0	3	0	2	0	28	228	38	0	2	0	3	0	77	156	0	2	0	0	0	0	0	0	1	0	0	0	
0	0	1	2	1	1	0	0	0	0	2	2	0	57	26	0	1	0	16	48	20	164	7	0	1	0	142	97	116	128	0	1	0	62	192	150	225	146	31	0	0	7	0	75	154	0	3	0	0	4	0	117	86	0	4	0	0	1	0	22	11	0	0	0	
0	0	0	0	0	0	1	0	0	1	0	30	156	121	5	0	0	3	0	142	112	146	97	0	0	1	0	164	48	157	98	0	0	1	0	184	193	39	0	2	0	6	116	210	108	0	6	0	0	48	195	172	61	0	2	0	0	0	47	40	0	1	0	0	
0	0	1	2	1	1	0	0	0	1	0	22	16	25	25	0	0	0	0	138	64	165	38	0	2	0	161	186	132	167	0	3	0	0	43	123	247	100	0	1	0	4	0	127	129	0	3	0	1	0	21	188	20	0	1	0	1	0	19	74	0	1	0	0	
0	0	0	0	0	0	0	0	0	0	3	0	126	70	0	3	0	1	0	16	220	46	0	2	0	3	0	99	204	0	1	0	0	2	0	185	113	0	3	0	2	0	45	229	18	0	1	0	2	0	56	152	0	1	0	0	0	0	0	0	0	0	0	0	
0	0	0	0	0	0	0	0	0	0	0	0	94	135	49	0	0	3	0	104	125	179	95	0	0	4	0	83	160	122	0	2	1	0	0	140	209	2	1	1	0	6	150	89	155	9	0	0	0	10	165	140	135	0	1	0	1	0	15	67	12	0	1	0	
0	0	0	5	31	0	0	0	0	3	0	95	137	0	4	0	2	0	44	187	12	0	1	0	1	0	182	69	53	129	36	0	0	35	158	75	138	82	144	0	2	0	128	239	118	131	43	0	0	0	2	90	93	11	0	1	0	0	1	0	0	1	2	0	
0	0	0	6	28	0	0	0	0	3	0	93	112	0	4	0	1	0	16	170	18	0	1	0	4	0	110	89	0	55	39	0	4	0	105	99	124	202	116	0	1	0	0	175	203	68	8	0	0	1	0	40	54	0	2	0	0	0	1	1	1	4	1	0	
0	0	0	1	0	1	0	0	0	1	0	30	75	17	27	0	0	4	0	160	89	139	64	0	3	0	97	173	50	169	0	1	0	50	228	160	213	192	106	4	0	46	33	51	188	38	30	0	0	4	0	125	107	0	3	0	0	2	0	19	11	0	1	0	
