500	64	10
0	0	0	0	0	0	0	0	0	18	72	36	37	11	0	0	0	20	124	165	185	201	12	0	0	0	3	0	99	186	0	1	0	3	0	36	230	48	0	2	1	0	1	201	104	0	3	0	3	0	159	178	0	3	0	0	0	0	90	26	0	1	0	0	
0	0	0	0	0	1	0	0	1	0	15	139	174	36	0	2	0	0	9	49	126	165	0	2	2	0	35	146	212	73	0	3	0	14	5	16	74	134	2	0	0	123	86	3	0	168	31	0	0	8	92	134	150	98	0	1	0	0	0	2	4	0	0	0	
0	0	1	0	0	1	1	0	1	0	12	168	172	43	0	2	2	0	33	249	210	209	39	0	1	0	184	206	9	98	169	0	0	71	202	1	0	122	171	0	0	85	179	32	160	249	48	0	0	3	155	216	166	38	0	1	0	0	0	0	0	0	1	0	
0	0	0	0	1	0	0	0	0	0	3	0	119	68	0	3	0	1	0	10	170	17	0	1	0	2	0	56	164	0	2	0	0	3	0	128	115	0	3	0	1	0	26	186	15	0	1	0	3	0	85	99	0	3	0	0	0	0	1	1	1	0	0	0	
0	0	0	0	0	1	0	0	1	0	68	98	98	0	1	0	2	0	151	103	74	40	0	0	4	0	113	146	99	147	53	0	3	0	120	116	0	89	83	0	0	1	12	1	0	153	35	0	1	0	110	110	139	106	0	2	1	0	9	64	44	0	1	0	
0	0	0	1	0	0	0	0	0	1	0	10	95	188	36	0	0	2	0	86	161	174	5	0	0	3	0	125	183	22	0	1	2	0	81	151	7	0	1	0	0	29	210	106	137	152	16	0	0	51	159	62	26	49	15	0	0	0	0	0	0	0	0	0	
0	0	0	0	0	0	0	0	0	1	0	72	48	0	2	0	1	0	22	108	96	13	0	1	2	0	42	47	64	27	0	1	0	1	0	97	121	0	2	0	0	2	0	65	99	31	0	1	0	1	0	86	88	15	0	1	0	1	0	21	30	0	1	0	
0	0	0	0	0	0	0	0	0	1	0	20	99	101	73	0	0	4	0	98	141	45	55	0	2	0	31	179	145	51	0	2	1	0	26	30	9	157	18	0	6	124	21	0	27	153	2	0	0	63	126	126	139	52	0	2	0	0	2	19	8	0	0	0	
0	0	1	0	4	2	0	0	0	2	0	59	159	96	1	0	1	0	22	178	56	130	5	0	4	0	126	110	0	138	45	0	0	6	165	21	0	110	96	0	0	20	173	5	36	151	14	0	2	0	114	170	150	47	0	2	0	0	0	9	3	1	1	0	
0	0	0	3	4	0	0	0	0	1	0	94	185	59	0	2	0	2	0	107	120	158	10	0	3	0	80	159	0	108	58	0	0	9	180	38	0	111	77	0	0	73	148	0	31	161	18	0	0	26	157	146	133	59	0	2	0	0	4	12	2	0	1	0	
0	0	0	0	0	0	0	0	0	0	0	6	72	1	0	0	0	2	0	45	119	0	3	0	0	3	0	85	80	0	3	0	0	3	0	98	71	0	3	0	0	3	0	91	70	0	3	0	0	3	0	85	51	0	2	0	0	0	0	13	12	0	0	0	
0	0	0	0	2	1	0	0	2	0	55	152	172	97	0	3	1	0	33	40	84	152	0	3	3	0	80	170	210	51	0	2	1	0	14	50	66	151	14	0	0	39	89	0	0	148	43	0	0	5	106	140	148	122	0	1	0	0	0	7	14	1	0	0	
0	0	0	0	0	0	0	0	0	3	0	79	89	0	3	0	0	3	0	92	116	0	4	0	0	3	0	86	142	0	4	0	0	3	0	83	176	0	3	0	0	2	0	46	188	0	0	0	0	1	0	11	150	13	0	1	0	0	0	0	0	0	0	0	
0	0	0	0	1	0	0	0	0	0	0	0	12	100	5	0	0	0	2	0	138	144	0	0	0	2	0	60	150	0	2	0	0	3	0	136	57	0	2	0	1	0	24	156	1	0	0	0	3	0	96	88	0	3	0	0	1	0	21	8	0	0	0	0	
0	0	1	1	0	0	0	0	0	2	0	58	57	0	2	0	1	0	9	194	150	0	3	0	2	0	80	88	141	0	2	0	0	1	0	29	143	0	2	0	0	1	0	16	133	0	0	0	1	0	4	120	167	9	0	1	0	0	4	40	9	0	0	0	
0	0	1	3	0	36	35	0	0	0	0	0	152	161	65	0	0	0	1	146	110	0	1	0	3	0	119	247	112	43	0	1	0	13	12	43	77	188	23	0	0	102	118	35	80	194	28	0	0	5	93	130	139	57	0	1	0	0	0	0	0	0	0	0	
0	0	0	0	0	0	0	0	2	0	66	184	196	37	0	2	3	0	125	126	159	156	0	4	0	1	1	0	202	109	0	3	0	1	0	167	166	0	1	0	0	4	157	255	177	110	11	0	0	28	203	130	144	186	13	0	0	0	0	0	0	0	0	0	
0	0	1	2	0	24	5	0	0	0	0	7	102	101	0	0	0	2	0	158	131	3	0	1	3	0	83	188	91	114	0	1	3	27	40	23	0	139	51	0	0	119	37	15	69	161	17	0	0	25	101	99	89	23	0	1	0	0	0	0	0	1	1	0	
0	0	1	0	26	61	0	1	0	1	0	14	153	46	0	2	0	3	0	143	87	0	3	0	1	0	32	180	80	65	0	0	4	0	92	236	64	131	13	0	2	0	52	201	150	102	0	2	0	1	0	45	61	1	0	0	0	0	1	0	0	2	0	0	
0	0	2	1	0	0	0	0	0	1	0	22	79	30	0	1	2	0	60	149	64	120	13	0	4	0	103	150	82	168	9	0	0	0	4	6	158	101	0	4	0	2	0	49	154	0	0	0	1	0	5	161	44	0	2	0	1	0	25	60	0	2	0	0	
0	3	3	2	2	2	0	0	0	0	0	0	0	0	0	0	0	94	144	141	156	74	0	2	0	47	53	21	45	148	0	2	0	0	1	0	24	113	0	2	0	2	4	0	59	92	0	3	0	0	3	0	102	55	0	2	0	0	3	0	114	39	0	1	
0	0	0	0	9	11	0	0	0	1	0	0	156	83	0	3	0	3	0	84	160	66	0	3	0	3	0	101	177	24	0	1	0	0	0	114	175	8	0	1	3	0	93	125	101	74	0	3	1	0	18	87	114	19	0	1	0	0	0	0	0	0	0	0	
0	0	0	1	0	0	0	0	3	0	113	213	167	69	0	1	1	0	68	44	178	224	0	0	0	2	0	169	255	66	0	3	0	1	0	38	137	142	0	0	0	25	86	16	88	239	23	0	0	8	160	207	212	97	0	2	0	0	0	0	0	0	0	0	
0	0	1	0	0	0	2	0	0	0	1	100	160	61	0	0	3	0	77	245	147	203	124	0	0	0	208	143	0	30	187	2	0	64	245	26	0	47	174	0	0	74	232	5	3	139	101	0	0	4	191	203	188	116	0	1	1	0	16	60	17	0	2	0	
0	0	0	0	1	3	0	0	2	0	38	77	14	0	1	0	2	0	44	222	232	130	2	0	0	1	0	31	158	216	1	0	1	0	2	169	255	141	0	2	0	3	0	151	204	2	0	1	2	0	44	204	27	0	2	0	1	0	27	32	0	2	0	0	
0	0	2	0	0	0	0	0	0	1	0	45	74	10	0	1	2	0	90	111	64	107	0	2	1	0	149	76	95	135	0	1	0	0	0	76	189	6	0	1	0	3	0	83	117	0	4	0	0	1	0	165	55	0	2	0	0	0	12	64	0	0	0	0	
0	0	1	1	0	1	0	0	0	1	0	53	63	0	0	0	2	0	63	125	92	59	0	2	2	0	136	23	43	120	0	3	3	0	104	82	137	84	0	3	1	0	10	75	139	71	0	3	0	0	4	0	93	82	0	3	0	0	1	0	27	32	0	1	
0	0	0	2	0	0	1	0	0	0	1	0	146	134	0	3	0	3	0	154	210	193	50	0	3	0	76	229	0	173	89	0	1	0	199	83	15	230	36	0	0	44	226	71	208	124	0	3	0	18	158	198	93	0	2	0	0	0	0	0	0	2	0	0	
0	0	0	1	0	0	0	0	1	0	24	171	142	3	0	1	4	0	151	106	168	63	0	2	2	0	39	151	246	67	0	3	0	1	0	146	245	54	0	3	3	0	73	209	219	190	11	0	3	0	63	196	29	152	52	0	0	0	0	0	0	0	0	0	
0	0	0	0	1	0	0	0	0	0	0	1	0	130	24	0	0	0	3	0	62	194	0	0	0	0	1	0	201	92	0	3	0	0	0	165	175	0	2	0	3	0	84	239	19	0	1	0	3	0	109	161	0	2	0	0	0	0	0	0	1	0	0	0	
0	1	1	0	1	1	0	0	1	0	49	86	94	32	0	1	0	42	123	15	3	0	1	1	0	76	87	0	23	23	20	0	0	18	167	129	81	33	119	56	0	2	123	139	100	82	115	48	0	0	0	4	38	51	15	0	0	0	4	2	0	0	1	2	
0	0	0	0	1	0	0	0	1	0	10	144	201	63	0	2	1	0	40	79	118	134	0	4	0	1	1	0	187	134	0	2	0	25	142	255	197	189	110	0	24	225	243	139	0	132	134	0	5	89	52	0	0	141	31	0	0	0	0	3	1	1	0	0	
0	0	1	2	0	0	0	0	0	1	1	2	72	69	0	0	1	0	22	168	129	179	48	0	0	4	158	48	20	191	23	0	0	88	149	40	223	194	0	1	0	28	163	124	140	105	0	4	0	0	2	0	155	40	0	1	0	1	3	0	50	18	0	1	
0	0	0	1	1	0	0	0	0	0	0	102	219	80	0	3	0	0	2	136	230	44	0	2	1	0	18	211	231	84	0	1	0	5	4	0	87	225	3	0	0	95	133	62	228	130	0	3	0	16	187	210	107	3	0	0	0	0	0	0	0	1	0	0	
0	2	4	3	1	2	1	0	0	0	0	0	0	0	1	0	0	58	117	115	33	43	130	0	0	91	82	42	73	224	63	0	0	1	0	2	183	101	0	3	0	3	0	153	120	0	4	0	3	0	77	163	0	3	0	0	0	0	5	2	2	0	0	0	
0	0	1	1	0	1	0	0	0	0	3	28	3	0	82	20	2	0	45	155	0	60	186	0	0	1	184	69	0	199	54	0	0	87	235	148	218	148	0	4	0	11	1	94	196	8	0	1	0	3	0	109	67	0	2	0	0	1	0	11	6	0	0	0	
0	0	0	0	0	0	0	0	0	0	1	51	128	78	0	1	2	0	51	213	91	171	0	0	2	0	33	181	145	102	0	2	0	4	0	126	192	0	2	0	0	2	0	122	188	10	0	1	0	1	0	152	193	15	0	1	0	1	0	30	33	0	1	0	
0	0	2	2	0	0	1	1	0	0	1	0	38	128	187	61	0	0	40	63	185	139	59	4	0	46	235	92	7	0	1	0	0	15	96	183	129	0	3	0	0	8	16	57	233	51	0	2	0	39	183	182	137	9	0	1	0	0	0	0	0	0	0	0	
0	0	0	0	0	0	0	0	0	9	115	4	0	24	19	0	0	50	154	0	0	177	97	0	0	112	148	0	34	248	54	0	0	114	171	0	118	206	0	0	0	17	151	147	212	121	0	4	0	0	2	0	41	153	5	0	0	1	2	0	0	6	3	0	
0	0	0	11	86	5	0	0	0	2	0	42	221	14	0	1	0	1	0	168	139	0	3	0	4	0	90	234	11	0	1	0	3	0	161	194	56	69	12	0	0	7	203	255	252	255	95	0	0	0	5	45	76	50	5	0	0	0	0	0	0	0	0	0	
0	0	0	1	6	0	0	0	1	0	19	109	118	106	23	0	3	0	77	124	0	137	51	0	0	1	1	123	129	107	0	1	0	2	36	109	180	53	0	2	0	131	122	0	46	109	0	3	0	64	81	96	127	42	0	2	0	0	1	11	4	0	0	0	
0	0	4	4	0	1	1	0	0	1	0	0	14	17	0	0	1	0	76	161	188	199	49	0	0	146	255	120	7	186	79	0	0	106	41	0	64	206	0	0	0	0	3	0	169	125	0	4	0	6	0	70	180	0	1	0	0	2	0	68	68	0	2	0	
0	0	0	0	0	1	2	0	1	0	10	70	45	3	0	0	4	0	80	255	238	210	52	0	0	0	9	6	84	255	88	0	0	3	0	75	242	104	0	3	0	2	129	244	78	0	3	0	0	131	211	43	0	4	0	0	0	59	12	0	3	0	0	0	
0	0	1	2	0	0	1	0	0	5	9	50	146	84	2	0	0	0	141	190	91	173	130	0	2	0	39	177	41	167	81	0	1	0	4	189	228	40	0	2	0	19	150	70	181	17	0	1	0	41	183	135	190	18	0	1	1	0	31	71	18	0	1	0	
0	0	1	0	0	0	1	0	0	2	0	57	201	126	0	2	3	0	71	244	101	182	48	0	2	0	189	164	0	98	144	0	0	27	240	48	0	125	129	0	0	14	232	76	98	227	26	0	2	0	128	216	199	51	0	2	0	0	0	0	0	0	1	0	
0	0	1	3	0	0	0	0	0	0	1	0	25	14	0	0	1	0	17	136	166	141	0	2	3	0	165	210	138	139	0	3	1	0	52	88	226	95	0	3	0	2	0	52	184	2	0	1	0	2	0	158	83	0	3	0	0	0	4	108	8	0	0	0	
0	1	0	0	2	2	0	0	0	7	11	1	0	0	0	0	0	177	212	176	180	66	0	2	0	150	120	5	119	153	0	4	0	14	23	0	38	151	0	2	0	3	0	52	172	218	19	0	0	2	0	29	107	195	26	0	0	0	0	2	0	115	51	0	
0	0	0	2	0	0	0	0	0	0	2	0	105	153	0	0	0	3	0	82	255	143	0	3	2	0	53	179	24	163	21	0	3	0	154	79	0	170	24	0	0	25	180	7	136	119	0	3	0	6	140	172	105	0	0	0	0	0	3	7	0	2	0	0	
0	0	1	1	0	0	0	0	0	1	0	40	126	142	114	10	1	0	29	198	116	74	29	2	1	0	190	215	62	8	0	0	0	0	100	101	145	170	0	1	2	0	77	28	30	206	8	0	3	0	76	204	197	92	0	2	0	1	0	44	38	0	1	0	
0	0	0	0	2	0	0	0	0	0	0	2	0	131	28	0	0	0	4	0	94	188	0	0	0	2	0	44	217	34	0	2	1	0	2	210	100	0	3	0	3	0	154	153	0	4	0	0	0	10	157	20	0	1	0	0	0	0	0	2	0	0	0	0	
0	0	0	0	2	2	0	0	0	13	77	36	0	0	0	0	0	102	133	68	104	58	0	2	0	67	84	0	82	167	0	3	0	4	107	5	85	162	0	3	1	0	27	115	175	144	0	3	0	1	1	0	33	130	0	2	0	0	2	0	15	51	0	1	
0	0	0	10	53	14	0	1	1	0	14	204	210	192	46	0	0	0	9	63	0	135	157	0	0	2	1	0	2	204	85	0	1	0	40	115	215	159	0	2	0	105	255	230	215	150	0	4	0	100	135	10	66	60	0	2	0	0	0	1	1	0	0	0	
0	0	0	0	0	1	0	0	2	0	78	120	101	12	0	1	0	5	190	45	48	108	0	2	0	5	134	41	99	69	0	2	3	0	78	175	109	115	5	0	3	0	95	70	0	104	100	0	2	0	41	136	76	111	43	0	0	1	0	24	57	21	0	1	
0	0	0	11	4	0	0	0	1	0	19	135	174	34	0	2	0	1	0	45	226	53	0	2	0	3	0	150	255	61	0	2	0	2	3	0	72	182	0	2	0	71	99	25	183	124	0	3	0	30	181	208	129	2	0	1	0	0	0	0	0	1	0	0	
0	1	0	33	42	0	1	0	0	1	0	125	46	0	2	0	2	0	43	101	0	5	0	0	2	0	63	48	112	182	18	0	3	0	54	177	115	73	74	0	1	0	13	214	90	107	23	0	0	1	0	20	83	32	0	1	0	0	0	0	0	1	1	0	
0	0	1	2	0	2	1	0	0	0	2	0	2	0	29	16	1	0	25	97	0	49	165	15	1	0	144	87	1	189	51	0	0	92	248	131	207	87	0	4	0	26	23	119	161	0	3	0	0	2	0	81	49	0	2	0	0	1	2	1	2	0	0	0	
0	0	2	1	0	0	1	0	0	1	0	9	69	56	0	0	1	0	44	130	66	108	57	0	0	31	112	5	16	110	27	0	0	83	125	60	164	134	0	4	0	3	49	14	57	103	0	4	0	0	3	0	78	91	0	3	0	0	3	0	42	27	0	1	
0	0	0	4	3	0	0	0	0	0	1	0	0	13	46	36	0	0	2	85	152	174	149	76	0	5	195	177	60	9	0	1	0	3	117	138	103	0	3	3	0	9	78	63	214	46	0	2	1	0	89	155	108	5	0	0	0	0	0	0	0	0	0	0	
0	3	1	0	0	0	0	0	1	0	28	74	2	63	81	0	0	87	156	121	47	49	174	0	0	185	59	0	0	113	86	0	0	51	133	137	178	207	45	0	1	0	22	145	130	168	66	0	3	0	133	212	129	58	0	2	0	0	4	14	0	1	1	0	
0	0	2	0	9	90	6	0	0	2	15	0	152	174	0	2	0	2	0	132	204	8	0	1	3	0	63	226	21	0	1	0	4	0	164	185	95	99	10	0	4	0	124	255	255	239	35	0	0	0	4	58	68	18	0	1	0	0	1	0	0	0	0	0	
0	0	1	1	0	0	0	0	0	1	0	33	73	10	0	1	1	0	35	113	80	63	0	2	3	0	117	40	32	113	0	3	3	0	118	76	178	81	0	3	1	0	33	99	150	51	0	2	0	0	3	0	115	36	0	1	0	0	2	0	49	11	0	0	
0	0	0	1	3	4	2	0	0	2	2	0	0	0	0	0	0	0	0	25	87	157	69	0	0	47	193	193	105	153	124	0	24	201	122	7	0	181	59	0	6	12	1	0	97	166	0	1	0	2	0	34	162	13	0	1	0	2	0	24	27	0	1	0	
0	0	3	0	0	0	0	0	0	1	0	24	59	6	0	0	1	0	116	152	104	3	1	0	0	74	231	120	120	58	0	1	0	44	157	71	57	130	95	0	0	0	0	1	0	25	143	0	0	1	3	3	12	136	116	0	0	0	0	0	68	96	2	0	
0	0	0	1	0	0	0	0	0	1	0	26	134	98	2	0	0	0	4	26	60	207	19	0	2	0	59	117	103	117	0	2	1	0	9	218	165	0	0	0	2	0	40	238	61	0	3	0	4	0	134	237	30	0	2	0	1	0	18	27	0	1	0	0	
0	0	0	0	0	0	0	0	0	1	0	17	48	0	1	0	0	0	0	13	91	0	1	0	0	0	0	9	81	0	1	0	0	1	0	25	87	0	2	0	0	1	0	32	67	0	2	0	0	1	0	29	49	0	2	0	0	0	0	5	8	0	0	0	
0	0	1	3	0	0	0	0	0	0	1	0	22	24	0	0	1	0	14	124	150	158	10	0	0	0	197	165	46	162	76	0	0	0	106	108	170	238	32	0	0	2	0	34	195	46	0	2	1	0	19	187	62	0	3	0	2	0	63	91	0	5	0	0	
0	1	1	9	18	0	1	0	0	3	0	76	206	2	0	1	0	45	179	239	230	11	0	1	0	49	232	170	235	32	0	3	0	0	59	0	188	126	0	4	1	0	28	99	199	238	139	34	1	0	34	128	116	110	131	49	0	0	0	0	0	0	0	0	
0	0	1	1	0	0	1	0	0	1	0	15	175	210	22	0	1	0	1	201	138	156	118	0	2	0	174	178	0	91	175	0	0	53	224	15	0	144	110	0	0	69	227	76	149	200	18	0	0	0	125	210	140	18	0	1	0	0	0	0	0	1	1	0	
0	0	0	0	0	0	0	0	0	3	0	88	192	9	0	1	0	1	0	31	210	50	0	2	0	3	0	111	250	29	0	2	0	1	0	22	210	32	0	2	2	0	91	65	212	52	0	2	2	0	75	192	159	5	0	1	0	0	0	0	0	0	0	0	
0	0	0	0	1	1	1	0	0	0	0	0	3	153	26	0	0	0	3	0	86	181	0	2	0	1	0	15	213	59	0	3	0	2	0	165	148	0	3	0	4	0	115	192	0	1	0	0	3	0	133	53	0	2	0	0	0	0	0	2	1	0	0	0	
0	0	0	0	0	0	0	0	0	0	0	8	99	2	0	0	0	1	0	15	193	18	0	1	0	2	0	45	180	0	1	0	0	3	0	87	136	0	4	0	0	4	0	124	90	0	3	0	0	3	0	108	74	0	3	0	0	0	0	0	0	0	0	0	
0	1	0	20	51	2	0	0	0	2	0	45	204	186	38	0	0	3	1	3	0	151	158	0	0	0	8	8	0	191	111	0	0	69	175	193	228	222	13	0	30	245	225	233	145	215	71	0	1	70	102	35	0	60	73	0	0	0	0	0	3	1	0	0	
0	0	1	0	33	14	0	1	0	2	0	54	199	28	0	2	0	0	1	173	47	0	1	0	3	0	67	162	0	2	0	0	3	0	77	217	142	63	0	2	1	0	17	186	144	147	0	3	0	1	0	44	139	43	0	2	0	0	1	1	0	0	0	0	
0	0	0	34	18	0	1	0	0	2	0	135	217	112	0	3	0	4	0	11	224	139	0	3	0	0	3	0	155	150	0	1	9	71	5	0	69	215	3	0	6	182	178	160	245	91	0	3	0	4	108	159	53	0	1	0	1	1	0	0	0	2	0	0	
0	0	0	1	3	0	0	0	0	3	4	0	0	1	0	0	0	21	211	223	103	0	1	0	0	0	75	136	235	80	0	3	0	0	2	0	205	112	0	4	0	1	0	35	236	36	0	2	0	2	0	46	206	4	0	1	0	1	0	17	91	0	0	0	
0	0	1	2	0	1	3	0	0	1	2	0	1	2	0	0	1	0	39	105	0	11	115	18	0	14	176	89	0	175	119	0	0	86	229	101	181	145	0	2	1	0	8	175	165	0	3	0	0	1	0	101	23	0	1	0	0	0	1	0	1	1	0	0	
0	0	1	0	0	4	2	0	2	0	36	204	167	147	16	0	3	0	139	141	7	18	0	0	0	48	255	188	112	9	0	1	0	23	68	54	141	173	4	0	0	9	35	20	17	207	60	0	0	25	124	158	200	159	13	0	0	0	0	0	0	0	0	0	
0	0	0	2	4	4	4	1	0	0	2	0	0	0	0	0	0	1	0	40	110	116	139	51	3	0	86	198	98	71	63	17	2	0	100	165	50	0	2	0	0	33	137	166	177	0	4	1	0	0	14	48	17	0	1	0	0	0	0	0	0	0	0	0	
0	0	0	7	28	0	1	0	0	2	0	85	76	0	2	0	0	0	11	96	0	1	0	0	2	0	46	88	2	89	9	0	1	0	37	89	84	115	37	0	0	0	0	142	115	55	15	0	0	2	0	46	102	22	0	1	0	0	0	1	0	1	0	0	
0	0	1	1	6	93	9	0	0	1	0	0	175	173	0	2	1	0	5	187	165	4	0	1	4	0	135	177	0	2	0	0	0	0	207	122	127	166	45	0	2	0	176	255	227	247	50	0	1	0	24	74	76	38	0	1	0	0	1	0	0	0	1	0	
0	0	0	0	0	0	0	0	0	58	158	169	67	0	2	0	0	40	54	80	183	0	1	0	0	2	0	58	146	0	5	0	0	5	0	122	74	0	3	0	1	0	3	188	110	141	152	16	0	0	2	123	136	89	45	2	0	0	0	0	0	0	0	0	
0	0	2	2	2	0	1	0	0	2	1	1	1	11	2	0	3	0	70	220	169	203	111	0	0	41	241	179	28	125	162	0	0	149	115	0	35	214	39	0	0	5	0	8	218	103	0	3	0	1	0	180	140	0	4	0	1	0	28	141	1	1	0	0	
0	1	1	0	0	0	2	0	1	0	21	183	212	57	0	1	1	0	189	192	165	225	77	0	0	55	193	0	0	69	175	0	0	85	177	0	0	68	156	0	0	26	220	89	80	212	68	0	3	0	95	219	197	83	0	2	0	1	1	0	0	0	1	0	
0	0	0	1	0	0	1	0	0	1	0	18	141	137	28	0	1	0	0	189	146	105	190	6	0	3	0	169	103	72	179	0	0	3	0	103	255	184	26	0	0	18	167	255	152	0	3	1	0	91	255	177	24	0	3	0	0	7	32	2	0	1	0	0	
0	0	0	1	3	0	0	0	2	0	31	155	155	14	0	1	3	0	144	60	53	13	0	0	3	0	136	87	0	139	38	0	1	0	7	181	227	62	0	1	2	0	48	147	140	106	0	3	2	0	35	159	141	79	0	2	0	0	0	4	5	0	0	0	
0	0	1	3	0	0	0	0	0	0	0	0	18	26	0	0	2	0	30	157	149	193	77	0	3	0	78	236	117	215	82	0	0	2	0	43	235	159	0	2	1	0	0	166	151	0	1	0	2	0	172	167	0	3	1	0	0	15	157	16	0	2	0	0	
0	0	0	3	29	0	0	0	0	3	0	66	237	34	0	2	0	3	0	80	174	103	0	4	0	1	5	0	125	89	0	3	1	0	16	91	176	2	0	1	0	19	221	235	180	82	0	1	0	23	133	26	23	122	12	0	0	0	0	1	1	0	0	0	
0	0	2	0	71	22	0	1	0	1	0	41	151	0	0	0	0	3	0	148	71	0	2	0	2	0	60	170	0	1	0	0	4	0	114	142	103	101	0	1	3	0	71	255	253	164	0	2	0	0	0	57	43	0	0	0	0	0	1	0	0	1	0	0	
0	0	1	0	0	3	1	0	0	0	4	53	3	0	0	0	4	0	108	171	0	105	68	0	1	0	203	62	0	206	39	0	2	0	114	177	202	162	0	3	0	2	0	55	231	36	0	1	0	2	0	54	171	0	2	0	0	1	0	25	59	0	1	0	
0	0	0	0	1	0	0	0	0	0	1	0	25	114	0	1	0	0	3	0	125	112	0	3	0	1	0	24	190	15	0	1	0	3	0	147	129	0	4	0	2	0	36	208	19	0	1	0	3	0	75	115	0	3	0	0	0	0	0	1	1	0	0	0	
0	0	0	0	12	30	0	1	0	0	2	0	112	79	0	2	0	2	0	60	118	0	2	0	0	2	0	160	56	0	2	0	2	0	37	149	112	21	0	1	2	0	48	134	129	23	0	1	0	0	0	107	56	0	2	0	0	0	0	0	0	0	0	0	
0	0	1	2	0	0	0	0	0	1	0	6	86	33	0	1	1	0	21	149	139	139	0	2	3	0	176	144	90	179	0	1	1	0	115	108	196	115	0	4	0	2	0	42	169	2	0	1	0	2	0	150	72	0	2	0	0	0	3	61	4	0	0	0	
0	0	1	0	0	1	0	0	0	1	0	45	64	0	0	0	2	0	53	130	137	71	0	3	4	0	96	90	182	70	0	3	2	0	30	141	195	10	0	1	0	1	0	22	135	0	1	0	0	3	0	79	120	0	3	0	0	2	0	45	40	0	1	0	
0	0	2	1	0	0	0	0	0	1	0	31	78	10	0	0	3	0	77	204	174	117	0	4	0	23	200	25	80	224	26	0	0	55	211	117	155	224	22	0	0	0	60	34	193	85	0	3	0	3	0	108	148	0	3	0	0	2	0	57	26	0	1	0	
0	0	0	3	4	0	0	0	0	2	0	65	185	46	0	2	0	0	3	0	115	164	0	4	1	0	11	150	200	48	0	2	0	0	0	101	182	0	0	1	0	39	98	35	221	20	0	1	0	24	147	191	96	0	1	0	0	0	3	5	0	0	0	0	
0	0	1	3	0	1	0	0	0	0	1	0	20	9	0	0	1	0	5	109	169	130	0	2	1	0	171	149	101	150	0	2	0	0	141	106	189	108	0	4	0	1	0	4	190	34	0	2	0	3	0	86	155	0	2	0	0	2	0	88	39	0	1	0	
0	0	0	54	32	0	1	0	3	0	91	157	144	33	0	1	2	0	139	7	92	91	0	3	2	0	92	5	102	75	0	3	0	0	4	23	145	39	0	2	3	0	117	213	202	149	94	9	2	0	68	122	19	17	106	40	0	0	0	0	1	1	0	0	
0	0	1	0	0	1	1	0	0	0	3	27	1	0	38	18	2	0	60	150	0	18	172	23	0	2	187	70	0	152	107	0	0	105	235	127	179	162	0	2	0	14	5	51	202	20	0	1	0	3	0	80	104	0	4	0	0	1	1	1	1	1	0	0	
0	1	0	0	0	2	0	0	1	0	25	81	55	0	1	0	0	49	145	85	133	78	0	0	0	97	70	0	51	174	0	0	0	30	134	74	69	167	0	3	0	0	3	0	37	201	5	0	0	1	2	1	0	169	43	0	0	0	0	2	0	43	26	0	
0	0	2	2	0	1	2	2	0	1	1	0	2	0	125	35	2	0	48	56	0	129	147	0	0	23	206	28	58	203	7	0	0	85	175	147	227	73	0	3	1	1	0	198	112	0	4	0	2	0	43	146	0	2	0	0	0	0	0	0	1	0	0	0	
0	0	0	0	0	1	0	0	1	0	28	136	84	0	2	0	3	0	86	118	96	73	0	5	2	0	50	119	57	204	121	90	1	0	3	201	185	66	24	3	3	0	88	104	138	0	1	0	3	0	114	165	147	5	0	1	0	0	8	59	12	0	1	0	
0	0	0	5	3	0	0	0	2	0	48	164	197	118	0	2	0	1	0	93	253	114	0	2	0	4	0	65	239	55	0	3	0	0	3	0	72	192	0	1	17	171	70	34	130	201	0	0	0	114	198	199	177	42	0	2	0	0	0	0	0	0	0	0	
0	0	1	1	0	0	0	0	0	2	0	68	10	21	21	0	1	0	27	162	0	107	73	0	0	4	151	62	0	139	41	0	0	147	201	121	139	152	0	1	4	21	3	3	90	122	0	4	0	0	3	0	76	93	0	3	0	1	1	0	8	12	0	0	
0	0	0	0	2	1	0	0	0	2	0	60	198	169	20	0	0	1	3	186	65	149	176	0	0	2	0	129	221	195	86	0	0	49	187	168	233	41	0	2	0	186	113	111	212	4	0	1	0	93	191	195	49	0	2	0	0	0	4	0	0	0	0	0	
0	0	1	1	0	0	1	1	0	2	0	49	101	16	2	0	1	0	10	160	124	115	94	20	3	0	101	64	0	1	10	7	1	0	125	85	35	0	1	0	0	5	11	12	119	39	0	2	0	12	69	66	154	36	0	2	0	0	7	47	34	0	1	0	
0	0	0	0	1	0	0	0	0	0	1	0	17	103	2	0	0	0	3	0	71	199	0	0	0	1	0	18	207	54	0	2	0	2	0	155	132	0	4	0	3	0	70	189	0	1	0	0	4	0	120	70	0	2	0	0	0	0	14	5	0	0	0	0	
0	0	1	0	0	1	1	0	1	0	14	124	111	16	0	1	4	0	127	151	52	142	8	0	1	0	177	109	0	116	79	0	0	2	138	38	0	52	78	0	3	0	151	71	0	125	74	0	2	0	38	164	143	134	0	0	0	1	0	24	52	5	0	0	
0	0	0	1	0	1	1	0	0	2	0	62	33	0	6	2	0	3	0	159	35	10	154	7	3	0	82	120	0	120	116	0	0	45	233	131	119	160	0	0	0	72	60	73	212	17	0	1	0	3	0	105	88	0	3	0	0	2	1	19	7	0	0	0	
0	0	1	1	1	2	1	0	0	1	0	37	127	28	0	1	2	0	30	199	127	142	55	0	3	0	102	80	0	96	118	0	0	0	121	17	0	113	66	0	0	7	141	0	48	137	0	0	2	0	87	108	114	23	0	1	0	0	1	16	4	0	1	0	
0	0	0	0	1	0	0	0	0	0	0	1	0	128	23	0	0	0	3	0	67	184	0	0	0	0	2	0	185	81	0	3	0	2	0	148	186	0	0	0	3	0	100	223	12	0	1	0	0	0	163	51	0	2	0	0	0	0	0	1	1	0	0	0	
0	0	1	0	28	14	0	1	0	2	0	50	201	31	0	2	0	3	0	172	90	0	3	0	1	0	10	187	18	0	1	0	1	0	5	220	138	0	0	0	0	1	0	183	255	73	0	3	0	1	0	32	131	32	0	1	0	0	0	1	0	0	0	0	
0	0	0	1	2	0	0	0	0	0	0	0	1	3	2	0	0	0	11	123	56	0	2	1	0	1	0	36	158	64	121	51	0	29	127	191	169	71	33	2	0	34	153	113	10	0	1	0	0	0	0	0	2	3	1	0	0	1	1	3	1	0	0	0	
0	0	0	0	5	49	5	0	0	0	2	0	139	154	0	0	0	3	0	118	141	0	2	0	2	0	36	169	14	8	0	0	4	0	127	199	176	180	0	1	4	0	148	248	182	90	0	2	2	0	52	138	52	0	1	0	0	0	0	0	0	2	0	0	
0	0	3	3	0	0	0	0	0	1	1	0	17	56	35	5	1	0	64	132	147	135	115	38	0	33	202	62	0	1	0	0	0	62	182	120	131	17	0	2	1	0	18	41	168	100	0	4	1	0	13	120	120	22	0	1	0	0	0	0	0	0	0	0	
0	1	0	0	0	0	0	0	0	9	24	0	0	28	26	0	0	102	179	0	0	122	134	0	0	189	143	8	50	183	137	0	0	165	244	224	168	215	129	0	0	6	39	28	0	112	126	0	0	1	0	4	0	127	144	0	0	1	2	3	0	36	63	0	
0	0	0	3	0	1	5	0	0	0	3	0	32	176	71	0	0	1	0	95	229	255	77	0	2	0	156	251	40	130	140	0	0	80	213	7	17	216	66	0	0	204	182	139	232	110	0	2	0	71	175	150	50	0	2	0	0	0	0	0	0	3	0	0	
0	1	1	0	0	2	1	0	0	0	2	23	25	3	0	0	0	21	131	123	100	136	15	0	0	7	22	3	99	166	0	1	0	3	0	118	230	122	86	9	0	2	0	170	69	0	26	10	2	0	45	173	0	1	0	0	3	0	72	70	0	2	1	0	
0	0	1	2	0	0	0	0	0	0	0	3	74	60	2	0	1	0	3	145	141	179	27	0	4	0	93	193	144	164	0	0	1	0	9	80	233	36	0	2	0	3	0	111	169	0	3	0	2	0	71	200	32	0	1	0	1	0	67	31	0	1	0	0	
0	0	1	1	1	1	0	0	0	1	0	53	31	0	1	0	2	0	60	165	140	35	0	1	4	0	115	45	141	86	0	3	2	0	57	125	166	36	0	2	0	0	3	5	108	39	0	1	0	0	4	0	134	57	0	2	0	0	1	0	47	25	0	1	
0	0	0	2	0	0	0	0	0	0	2	0	36	146	165	16	0	1	0	123	236	154	61	14	3	0	127	178	13	0	1	0	2	0	134	168	157	50	0	2	0	68	58	29	198	113	0	4	0	83	162	169	105	4	0	1	0	0	0	0	0	0	0	0	
0	0	0	0	1	0	0	0	0	0	2	0	63	41	0	2	0	0	1	0	171	47	0	2	0	2	0	64	148	0	3	0	0	4	0	131	82	0	3	0	0	1	0	142	27	0	1	0	0	2	0	117	47	0	2	0	0	0	0	12	14	0	1	0	
0	0	0	0	0	0	0	0	2	0	35	199	211	84	0	2	2	0	40	109	194	151	0	3	0	3	0	135	225	11	0	1	0	0	0	108	170	151	0	2	0	60	113	0	114	179	0	3	0	19	156	194	192	37	0	2	0	0	0	3	1	1	0	0	
0	0	1	3	0	0	0	0	0	0	0	0	14	7	4	0	1	0	19	124	217	223	54	0	0	0	182	229	210	201	0	0	0	2	22	0	176	81	0	3	0	3	0	75	189	0	1	0	0	0	0	196	63	0	2	0	1	0	36	126	0	1	0	0	
0	0	1	1	0	1	1	0	0	2	0	153	211	20	0	1	2	0	46	241	228	188	4	0	1	0	192	184	7	231	59	0	0	46	255	61	0	213	110	0	0	49	255	110	121	240	42	0	0	0	126	224	186	42	0	1	0	0	0	0	0	0	1	0	
0	0	1	0	1	0	0	0	1	0	11	66	25	0	1	0	1	0	122	73	99	4	0	0	0	11	138	0	128	17	0	1	2	0	121	153	163	80	0	3	0	0	7	13	17	139	0	1	0	0	1	0	8	122	3	0	0	0	0	0	2	28	0	0	
0	0	1	1	0	2	1	0	0	1	0	36	15	0	13	2	1	0	28	207	11	69	170	0	2	0	124	100	0	180	79	0	0	51	225	70	130	143	0	2	0	25	91	108	200	18	0	1	0	3	0	78	106	0	3	0	0	2	0	49	30	0	1	0	
0	0	2	1	0	0	0	0	0	0	0	7	72	110	103	7	3	0	76	169	97	50	28	0	0	8	195	85	35	6	0	0	0	0	78	101	146	152	0	1	0	3	2	0	2	179	21	0	0	31	112	115	140	129	0	1	0	0	7	37	53	6	0	0	
0	0	1	3	0	1	1	0	0	1	2	0	15	7	0	0	1	0	6	166	210	187	26	0	0	0	181	194	128	245	51	0	0	25	210	141	136	224	12	0	0	1	0	2	198	103	0	3	0	3	0	140	185	0	2	0	0	0	7	144	20	0	1	0	
0	0	0	0	2	0	0	0	1	0	4	158	30	0	1	0	0	2	0	184	117	0	2	0	0	3	0	105	206	0	1	0	0	3	0	69	202	0	0	1	0	3	0	90	198	0	2	0	0	3	0	79	164	0	1	0	0	0	0	0	0	0	0	0	
0	0	0	0	0	0	0	0	0	1	0	32	71	131	34	0	0	0	3	0	95	227	18	0	0	1	0	19	236	84	0	3	0	3	0	159	184	0	2	0	3	0	66	241	41	0	2	0	4	0	172	140	0	3	0	0	1	0	19	10	0	0	0	0	
0	0	0	0	0	0	1	0	0	0	11	27	24	15	0	0	0	49	116	113	114	135	48	0	0	3	3	0	0	133	32	0	0	0	4	0	115	104	0	3	0	2	0	43	148	0	1	0	0	0	0	156	46	0	2	0	1	0	12	143	22	0	1	0	
0	0	3	3	0	0	0	0	0	0	0	0	8	5	0	0	2	0	105	185	229	136	0	3	2	0	136	95	148	166	0	4	0	0	0	0	193	61	0	2	0	3	0	125	142	0	3	0	1	0	28	171	10	0	1	0	3	0	69	67	0	2	0	0	
0	0	1	0	0	0	0	0	0	1	4	3	0	123	35	0	2	0	121	26	3	155	11	0	0	43	209	51	9	165	8	0	0	123	137	131	162	193	8	0	1	10	2	0	75	181	0	3	0	1	6	0	44	133	0	2	0	1	0	0	1	0	0	0	
0	0	0	0	0	1	1	0	0	1	0	93	38	0	2	0	1	0	14	210	35	29	119	0	3	0	93	135	0	166	97	0	0	18	217	107	78	158	0	1	0	49	113	96	223	58	0	2	0	1	0	35	128	0	2	0	0	2	2	14	17	0	0	0	
0	0	0	3	6	0	0	0	1	0	23	148	61	0	2	0	2	0	51	132	23	5	0	0	2	0	52	174	109	91	0	0	0	0	20	16	0	84	73	0	0	1	73	4	0	121	69	0	1	0	33	76	102	110	0	0	0	0	0	9	15	1	0	0	
0	0	1	0	0	2	1	0	0	1	0	41	8	0	28	15	3	0	84	181	0	68	199	23	0	11	230	74	0	224	95	0	0	26	173	171	203	143	0	3	0	2	0	62	222	17	0	1	0	5	0	125	153	0	4	0	0	2	0	62	40	0	1	0	
0	0	0	0	0	0	0	0	0	0	5	82	127	97	0	0	1	0	15	77	27	164	13	0	1	0	30	122	153	84	0	2	3	0	72	174	128	92	0	2	0	28	88	0	14	154	7	0	0	13	129	110	146	74	0	2	1	0	14	59	27	0	1	0	
0	0	0	1	1	0	0	0	0	0	0	0	4	63	0	0	0	1	0	4	148	183	0	1	0	0	0	0	203	76	0	3	0	3	0	91	170	0	2	0	1	0	5	193	45	0	2	0	3	0	106	141	0	4	0	0	1	0	24	12	0	0	0	0	
0	0	0	0	0	2	1	0	0	70	125	95	57	4	0	0	0	16	26	61	121	159	6	0	0	34	46	23	105	130	3	0	0	63	127	176	215	29	0	2	0	0	1	0	29	161	12	0	1	0	34	68	109	117	3	0	1	0	28	48	53	10	0	1	
0	0	0	0	2	2	0	0	0	2	0	37	155	134	21	0	0	1	0	32	16	138	77	0	0	1	0	108	172	160	4	0	0	1	0	160	174	1	0	1	0	0	140	235	58	0	3	0	0	0	162	127	0	2	0	0	0	0	1	1	0	0	0	0	
0	0	0	0	0	0	0	0	0	0	0	0	88	19	0	1	0	1	0	9	206	35	0	2	0	2	0	63	204	0	0	0	0	3	0	98	190	0	2	0	0	3	0	98	157	0	3	0	0	4	0	119	115	0	4	0	0	1	0	19	22	0	1	0	
0	0	2	4	4	3	1	0	0	0	0	0	0	0	0	0	1	0	46	122	133	171	40	0	0	42	206	136	123	213	18	0	0	18	28	0	132	74	0	2	0	2	0	71	141	0	3	0	0	2	0	145	36	0	1	0	1	0	32	91	0	2	0	0	
0	0	1	0	12	17	0	1	0	1	0	22	167	34	0	2	0	3	0	146	179	66	0	3	1	0	13	192	88	135	0	3	3	0	77	186	100	165	0	4	3	0	60	229	227	79	0	3	0	1	0	118	111	0	1	0	0	0	0	0	0	1	0	0	
0	0	0	0	10	18	0	1	0	0	2	0	135	68	0	3	0	1	0	39	202	8	0	1	0	3	0	124	170	0	1	1	1	0	19	205	166	159	0	0	3	0	66	217	134	85	0	1	1	0	17	101	31	0	0	0	0	0	0	0	0	2	0	0	
0	0	0	4	3	0	0	0	1	0	58	118	154	17	0	1	0	0	45	0	124	42	0	2	0	1	0	14	119	3	1	0	0	2	0	65	65	0	2	0	2	0	41	189	124	123	40	0	0	5	129	65	29	64	37	0	0	1	3	0	0	0	0	0	
0	0	0	1	0	0	0	0	0	1	0	26	150	119	3	0	0	3	0	139	255	229	27	0	3	0	72	242	69	202	33	0	0	0	201	47	85	191	0	1	0	36	189	70	227	46	0	2	0	2	181	237	67	0	3	0	0	0	15	23	0	2	0	0	
0	0	0	0	0	0	0	0	0	1	0	46	19	10	0	0	0	1	0	93	55	62	0	2	0	0	9	85	47	51	0	2	1	0	14	106	124	60	0	2	0	0	1	34	127	23	0	1	0	0	0	3	97	2	0	0	0	0	0	5	17	0	0	0	
0	0	0	0	0	0	0	0	0	1	0	68	94	131	51	0	0	7	0	165	224	169	162	0	0	20	0	112	194	192	79	0	1	0	12	152	242	45	0	2	0	27	174	92	176	5	1	0	0	56	190	156	141	0	2	0	1	0	41	59	3	0	0	0	
0	0	0	0	0	2	3	0	0	0	15	8	0	1	0	1	2	0	175	100	0	42	103	79	3	0	147	89	50	147	33	3	1	0	21	202	141	0	0	1	0	0	0	184	194	18	0	1	0	1	0	50	121	20	0	1	0	0	0	0	0	0	0	0	
0	0	0	1	0	0	0	0	0	0	0	0	28	99	4	0	0	2	6	44	154	188	0	2	0	2	0	39	223	47	0	2	0	3	0	160	139	0	3	0	1	0	31	200	19	0	1	0	4	0	100	132	0	4	0	0	1	0	14	12	0	0	0	0	
0	0	1	0	6	2	0	0	0	1	0	96	168	80	0	2	3	0	82	147	0	15	0	0	4	0	112	61	0	3	0	0	4	0	98	162	155	67	0	2	2	0	42	182	33	146	14	0	0	1	0	40	134	132	3	0	0	0	1	1	0	0	0	0	
0	0	1	3	0	0	0	0	0	1	0	28	192	126	3	0	1	0	38	114	27	202	108	0	0	1	61	196	111	189	75	0	0	11	52	162	237	62	0	1	0	71	196	128	162	0	3	0	0	13	144	155	35	0	1	0	0	0	5	5	0	0	0	0	
0	0	0	0	2	0	0	0	0	0	1	0	19	73	0	0	0	0	1	0	122	56	0	2	0	2	0	59	116	0	3	0	0	2	0	124	40	0	1	0	0	0	7	130	3	0	0	0	0	0	2	103	5	0	0	0	0	0	0	18	2	0	0	0	
0	0	0	1	0	0	0	0	0	0	0	0	2	4	1	0	0	0	6	21	0	0	2	4	0	1	0	134	104	115	123	36	0	17	135	193	111	59	19	0	0	35	143	43	0	1	0	0	0	0	0	1	3	2	1	0	0	1	3	2	0	0	0	0	
0	0	0	0	1	0	0	0	2	0	48	128	12	0	1	0	1	0	18	92	145	0	0	0	0	0	0	95	175	1	0	0	0	0	2	103	173	50	0	2	0	0	4	0	124	95	0	3	0	1	0	73	169	15	0	1	0	0	0	41	20	0	1	0	
0	0	2	0	68	24	0	1	0	1	0	20	188	20	0	1	0	2	0	150	118	0	4	0	3	0	71	212	54	33	0	1	4	0	163	227	115	172	50	0	3	0	147	216	83	145	36	0	0	0	0	60	83	18	0	1	0	0	1	0	0	1	1	0	
0	0	0	0	0	0	0	0	10	105	127	139	31	0	1	0	10	20	142	226	22	0	2	0	3	0	123	194	146	46	0	2	0	1	0	20	81	184	27	0	0	1	0	95	7	155	91	0	0	1	0	152	180	187	24	0	0	1	0	12	66	26	0	1	
0	0	0	0	0	0	0	0	0	3	0	76	227	101	0	1	0	4	0	21	123	230	15	0	0	0	5	12	66	255	162	0	0	94	164	196	255	168	46	0	0	192	199	200	164	2	0	1	0	27	82	63	3	1	3	0	0	0	0	0	2	1	0	0	
0	0	1	0	0	0	0	0	0	0	2	47	6	0	0	0	3	0	100	193	0	0	0	0	4	0	142	118	174	24	0	1	2	0	47	208	206	73	0	3	0	0	3	0	88	129	0	4	0	0	4	0	90	117	0	4	0	0	1	0	21	35	0	1	
0	0	1	1	0	0	1	0	0	2	0	35	207	131	0	0	1	0	4	189	118	169	115	0	3	0	124	152	0	68	157	0	0	30	185	13	0	140	128	0	0	70	164	5	131	189	5	0	0	13	162	187	153	26	0	1	0	0	2	2	0	2	1	0	
0	0	0	0	0	0	0	0	0	2	0	49	104	0	1	0	0	3	0	80	242	9	0	1	0	3	0	76	249	23	0	2	0	3	0	78	246	15	0	1	0	4	0	108	209	0	1	0	0	4	0	122	177	0	3	0	0	1	0	15	25	0	0	0	
0	0	2	2	0	1	0	0	0	0	0	4	33	14	0	0	1	0	32	162	161	170	13	0	4	0	148	216	135	205	15	0	1	0	28	54	114	178	0	2	0	1	0	17	207	56	0	2	1	0	0	199	106	0	3	0	1	0	31	142	0	2	0	0	
0	0	0	0	0	0	0	0	0	1	0	42	86	0	2	0	0	2	0	71	143	0	3	0	0	3	0	89	140	0	4	0	0	4	0	131	141	0	4	0	0	4	0	172	116	0	4	0	0	2	0	127	53	0	2	0	0	0	0	0	0	0	0	0	
0	0	0	0	2	1	0	0	0	0	0	4	0	108	84	0	0	0	3	0	55	219	30	0	0	1	0	21	230	86	0	3	1	0	0	189	137	0	3	0	3	0	123	192	0	2	0	0	0	0	156	38	0	2	0	0	0	0	0	2	1	0	0	0	
0	0	1	0	0	3	1	0	0	0	7	30	13	0	0	0	1	0	159	150	105	198	64	0	0	12	193	2	98	186	8	0	0	0	178	40	178	49	0	2	2	0	56	61	154	0	2	0	0	2	0	42	151	0	2	0	0	0	2	3	124	20	0	1	
0	0	0	3	2	0	2	1	0	0	0	0	0	3	0	0	0	1	1	84	47	0	45	19	0	1	0	53	191	110	107	5	0	25	95	149	182	69	0	0	0	59	206	137	4	0	2	0	0	0	3	0	2	3	0	0	0	1	1	3	1	0	0	0	
0	0	0	0	0	0	0	0	0	1	0	17	97	2	0	0	0	1	0	30	207	15	0	1	0	2	0	49	180	0	1	0	0	3	0	99	149	0	4	0	0	3	0	167	79	0	3	0	1	0	13	166	13	0	1	0	0	0	1	13	0	0	0	0	
0	0	0	1	3	0	0	0	0	0	2	2	0	19	78	11	0	1	0	14	111	163	83	0	2	0	68	214	123	0	1	0	2	0	103	134	125	42	0	2	0	65	101	67	174	79	0	3	0	49	96	80	42	0	1	0	0	0	0	0	0	1	0	0	
0	0	0	0	0	0	0	0	1	0	27	100	106	132	70	0	3	0	160	157	84	97	25	0	3	0	175	152	56	2	0	0	2	0	95	125	125	151	5	0	0	0	2	0	61	202	7	0	0	1	97	177	196	58	0	2	1	0	40	58	5	0	1	0	
0	0	0	0	0	2	0	0	0	0	1	16	0	27	74	0	1	0	28	133	0	159	76	0	3	0	117	67	83	153	0	3	0	16	196	166	200	25	0	1	0	5	0	145	124	0	4	0	0	0	2	156	25	0	1	0	0	0	6	27	0	0	0	0	
0	1	1	0	0	0	0	0	1	0	22	9	0	1	2	1	0	15	127	8	0	6	1	0	0	92	53	0	43	78	79	15	0	86	47	0	98	25	103	42	0	11	56	76	98	69	36	0	0	1	0	0	0	0	0	0	0	1	2	1	2	2	2	0	
0	0	1	1	0	0	1	0	0	1	0	3	86	174	129	0	0	2	0	155	174	74	25	0	2	0	180	170	0	2	0	0	2	0	89	194	71	0	3	0	0	48	98	94	245	39	0	2	0	8	101	156	198	66	0	3	0	0	0	0	0	0	0	0	
0	0	1	0	0	1	0	0	0	1	0	64	16	4	6	0	1	0	21	169	3	118	26	0	3	0	95	67	10	136	0	1	0	18	191	77	73	99	0	4	0	21	42	91	202	54	0	2	0	0	3	0	117	54	0	2	0	1	3	1	12	7	0	0	
0	1	3	3	4	4	2	0	1	2	0	0	0	0	0	0	0	10	83	76	103	135	85	0	5	154	205	131	69	176	114	0	10	46	1	0	46	172	6	0	0	0	4	0	171	57	0	2	0	4	0	54	141	0	3	0	0	2	0	75	48	0	2	0	
0	0	0	0	0	2	1	0	0	0	35	5	0	0	0	0	0	22	161	4	0	82	32	0	0	63	159	0	0	162	41	0	0	4	144	168	132	198	19	0	0	0	1	23	45	171	13	0	0	1	2	1	0	132	22	0	0	0	0	2	0	45	14	0	
0	0	2	1	1	0	0	0	0	0	0	4	9	15	0	0	2	0	87	238	169	193	23	0	0	19	220	123	29	170	14	0	0	5	18	0	114	145	0	4	0	1	0	19	186	26	0	1	0	3	0	145	115	0	3	0	0	0	4	130	11	0	0	0	
0	0	1	0	0	0	0	0	0	2	0	97	151	28	0	2	2	0	56	97	18	114	0	1	3	0	67	96	82	84	0	1	2	0	47	134	125	75	0	3	2	0	124	18	33	110	0	2	2	0	83	107	89	11	0	1	0	0	2	11	0	0	0	0	
0	0	0	3	1	0	0	0	0	0	2	0	10	96	162	43	0	0	0	89	215	147	58	12	3	0	133	219	55	0	2	0	2	0	88	167	155	32	0	2	0	31	89	27	159	159	0	4	0	19	154	174	165	67	0	2	0	0	0	0	0	0	0	0	
0	0	0	2	1	0	0	0	0	0	1	2	0	83	19	0	0	2	0	40	72	135	0	2	1	0	11	123	131	58	0	2	4	0	132	167	131	3	0	0	1	0	30	133	105	0	3	0	0	1	0	127	24	0	1	0	0	0	5	28	0	0	0	0	
0	0	0	39	39	0	1	0	1	0	12	142	189	108	0	3	0	1	1	7	157	111	0	3	0	2	0	157	244	59	0	2	2	18	2	0	73	190	0	3	0	152	122	78	211	121	0	4	0	23	102	143	110	10	0	1	0	0	0	0	0	1	0	0	
0	0	0	0	0	0	0	0	0	0	11	9	7	52	0	1	3	0	77	57	31	111	0	3	3	0	139	117	128	98	0	4	1	0	63	70	164	68	0	3	0	0	2	0	119	24	0	1	0	1	0	30	125	0	1	0	0	1	0	14	21	0	1	0	
0	0	1	3	0	0	0	0	0	1	0	12	194	152	15	0	1	0	10	169	120	163	115	0	1	0	186	155	0	149	105	0	0	65	207	0	11	234	72	0	0	118	199	109	200	120	0	1	0	58	194	177	61	0	1	0	0	0	0	0	0	3	0	0	
0	0	0	0	2	0	0	0	0	0	5	88	143	28	0	1	2	0	56	38	105	49	0	2	0	0	16	38	108	0	1	0	0	2	0	97	36	0	1	0	0	0	8	137	19	17	0	0	0	2	0	100	172	93	0	0	0	0	0	0	4	0	0	0	
0	0	0	0	0	1	0	0	0	1	0	55	50	0	1	0	0	3	0	68	196	59	0	3	1	0	57	50	120	122	0	4	0	53	180	170	240	177	124	29	0	26	134	136	38	9	40	9	0	0	0	0	0	0	0	0	0	1	3	3	2	1	1	0	
0	0	0	0	0	0	0	0	0	0	9	55	61	18	0	1	2	0	55	86	37	36	0	1	3	0	79	41	6	33	0	0	2	0	59	119	71	115	19	0	0	0	5	12	9	93	1	0	0	0	2	11	88	46	0	2	0	1	0	51	58	0	1	0	
0	0	0	3	2	0	0	0	0	0	0	0	0	1	2	1	0	0	4	79	43	0	1	0	0	0	4	41	149	51	62	52	0	1	160	177	158	105	70	17	1	0	60	80	6	0	0	0	0	0	0	0	2	3	2	1	0	0	2	3	0	0	0	0	
0	0	0	0	1	0	0	0	0	0	1	0	65	12	0	0	0	1	0	18	154	2	0	0	0	2	0	57	125	0	3	0	0	3	0	99	88	0	3	0	0	3	0	103	50	0	2	0	0	2	0	72	43	0	1	0	0	0	0	6	9	0	0	0	
0	0	0	0	0	0	0	0	0	1	0	22	170	96	0	2	0	2	0	11	59	191	23	0	1	0	18	50	74	180	1	0	0	39	142	161	255	192	37	4	0	119	209	157	75	73	124	13	0	9	59	17	0	1	0	0	0	0	0	1	3	3	3	0	
0	2	0	23	125	63	0	2	2	0	56	177	135	83	0	3	0	3	197	65	0	2	1	0	0	77	157	0	94	88	1	0	0	96	136	108	139	167	156	0	0	12	171	245	132	132	154	0	1	0	11	63	93	66	0	0	0	1	1	0	0	0	2	0	
0	1	3	3	2	2	0	0	0	0	0	0	0	0	0	0	0	17	85	141	155	136	0	0	0	83	159	36	94	172	0	3	0	0	2	0	162	64	0	2	0	2	0	50	158	0	2	0	0	3	0	104	98	0	3	0	0	3	0	103	36	0	1	0	
0	0	0	0	1	0	0	0	0	0	1	0	26	92	0	2	0	0	3	0	126	100	0	3	0	1	0	23	167	7	0	1	0	3	0	117	102	0	3	0	1	0	21	178	11	0	1	0	2	0	51	123	0	3	0	0	0	0	0	1	1	0	0	0	
0	0	0	1	0	0	0	0	0	11	190	179	160	118	11	0	0	2	52	10	129	255	46	0	0	4	0	131	222	69	0	2	0	2	0	92	207	57	0	2	13	121	69	17	176	169	0	3	0	106	176	210	180	24	0	1	0	0	0	0	0	0	0	0	
0	0	0	1	0	0	0	0	0	0	0	12	47	17	38	20	0	3	0	123	251	154	107	22	0	2	0	169	72	0	1	0	0	4	0	155	91	0	6	1	0	3	0	131	167	0	3	0	0	27	164	156	17	0	1	0	0	27	81	2	0	0	0	0	
0	0	0	0	1	0	0	0	0	0	1	0	17	97	1	0	0	0	3	0	117	191	0	2	0	1	1	0	204	88	0	3	0	3	0	123	178	0	1	0	0	6	14	211	41	0	2	0	3	0	78	165	0	3	0	0	0	0	12	20	0	0	0	0	
0	0	0	1	0	0	0	0	0	1	0	25	36	36	64	7	0	2	0	135	202	179	136	14	3	0	73	181	19	0	1	0	2	0	63	92	85	32	0	2	0	1	1	0	139	54	0	2	0	73	156	166	93	0	2	0	0	10	41	9	0	1	0	0	
0	0	2	0	0	1	0	0	0	1	0	0	0	6	47	0	3	0	107	66	0	100	163	0	0	55	218	23	42	207	33	0	0	32	164	148	234	91	0	3	0	3	0	102	158	0	3	0	0	1	0	177	47	0	2	0	0	0	12	73	0	1	0	0	
0	0	0	0	0	0	0	0	1	0	34	115	81	0	0	0	0	28	143	34	146	30	0	1	0	7	3	77	187	56	0	2	0	0	3	76	23	128	22	0	0	6	11	0	0	140	39	0	0	14	108	76	138	104	0	2	1	0	30	62	28	0	1	0	
0	0	1	2	0	2	1	0	0	1	2	0	2	0	28	11	1	0	30	129	0	61	179	12	1	0	154	96	21	215	45	0	0	103	250	141	236	96	0	4	0	31	78	135	163	0	4	0	0	3	0	116	60	0	2	0	0	2	2	26	6	0	0	0	
0	0	1	0	25	31	0	1	0	1	0	15	170	46	0	2	0	2	0	143	98	0	3	0	2	0	35	237	93	23	0	1	4	0	119	179	89	198	1	0	4	0	111	170	119	151	0	3	1	0	7	120	110	7	0	1	0	0	1	0	0	1	0	0	
0	0	0	0	5	1	0	0	0	3	0	140	211	110	0	3	0	1	0	40	140	169	0	3	0	3	0	57	238	71	0	3	0	2	0	24	118	161	0	3	12	155	33	13	167	124	0	3	0	101	189	190	125	0	0	0	0	0	3	2	0	1	0	0	
0	0	0	2	3	0	0	0	0	0	0	0	1	39	2	0	1	12	15	41	139	135	0	2	0	77	134	103	164	56	0	2	0	0	1	0	119	15	0	0	0	2	0	20	102	0	1	0	0	1	0	37	137	0	2	0	0	0	0	11	76	0	0	0	
0	0	1	0	0	0	0	0	1	0	13	106	146	193	42	0	2	0	96	255	255	239	30	0	0	41	255	197	197	254	38	0	0	77	255	131	132	255	76	0	0	34	244	255	253	255	62	0	1	0	60	181	179	74	0	1	0	0	0	0	0	0	0	0	
0	0	0	0	0	0	0	0	0	1	0	35	55	0	2	0	0	3	0	87	140	0	4	0	0	2	0	65	110	0	3	0	0	3	0	86	98	0	3	0	0	3	0	114	74	0	3	0	0	3	0	101	85	0	3	0	0	0	0	11	12	0	0	0	
0	0	2	2	0	0	1	0	0	1	1	0	62	95	10	0	2	0	60	208	249	255	126	0	0	50	248	169	54	104	230	17	0	158	190	0	0	100	212	0	0	150	215	61	112	243	132	0	0	25	176	218	179	80	0	1	0	0	1	3	0	0	1	0	
0	0	0	0	0	0	0	0	3	0	94	218	133	1	0	0	1	0	31	125	231	29	0	2	0	1	0	30	205	14	0	1	0	3	0	135	163	27	10	0	2	0	42	243	252	229	14	0	3	0	86	191	80	30	0	0	0	0	0	0	0	0	0	0	
0	0	0	2	1	1	0	0	0	0	1	2	0	24	31	0	0	1	0	62	21	139	50	0	2	0	52	203	163	81	0	4	1	0	1	179	111	0	48	16	2	0	59	128	0	2	10	4	2	0	121	38	0	1	1	0	0	2	46	2	1	0	15	6	
0	0	1	0	2	1	0	0	0	0	5	61	22	0	1	0	2	0	75	82	111	35	0	1	0	7	105	0	168	65	0	3	0	3	99	80	123	45	0	2	0	0	13	0	85	56	0	2	0	0	4	0	82	45	0	2	0	0	1	0	31	16	0	1	
0	0	3	1	0	0	0	0	0	0	1	7	8	7	0	0	0	2	125	183	163	135	0	4	0	18	85	7	97	119	0	4	0	0	0	3	160	28	0	1	0	4	0	110	114	0	3	0	1	0	10	162	18	0	1	0	1	0	38	88	0	2	0	0	
0	0	1	0	26	7	0	0	0	3	0	93	255	87	0	4	2	0	51	194	184	111	0	4	1	0	22	56	196	31	0	2	0	2	0	157	129	7	27	0	2	0	151	255	192	180	116	1	0	0	129	106	39	4	0	0	0	0	0	0	0	0	1	0	
0	0	1	2	0	0	0	0	0	0	0	9	23	0	0	0	1	0	27	134	160	29	0	1	4	0	101	165	164	71	0	3	0	0	3	21	167	45	0	2	0	2	0	45	152	0	2	0	0	3	0	114	83	0	3	0	0	2	0	86	26	0	1	0	
0	1	0	17	54	1	0	0	1	0	11	188	135	0	1	0	4	0	105	150	0	3	0	0	4	0	144	210	224	98	0	3	4	0	138	148	28	184	28	0	2	0	45	219	89	168	44	0	0	1	0	56	166	100	0	1	0	0	1	0	0	0	0	0	
0	0	2	1	0	0	0	0	0	0	1	8	0	7	2	0	3	0	85	228	151	202	44	0	0	26	227	81	22	187	21	0	0	14	42	0	106	143	0	4	0	1	0	14	193	31	0	1	0	4	0	114	123	0	3	0	0	0	0	113	19	0	0	0	
0	0	0	0	2	0	0	0	0	13	37	31	2	0	0	0	0	98	173	175	147	1	0	0	0	3	0	18	195	20	0	1	0	3	0	116	172	0	4	0	0	4	0	154	225	180	143	15	0	0	0	8	28	32	19	2	0	0	0	0	0	0	0	0	
0	0	0	0	1	1	0	0	0	1	0	10	149	144	5	0	0	1	0	51	63	144	84	0	0	2	0	42	205	157	18	0	1	0	36	165	206	22	0	1	0	9	168	158	118	0	4	0	1	0	122	156	26	0	1	0	0	0	2	4	0	0	0	0	
0	1	0	32	67	0	1	0	2	0	47	149	39	0	1	0	1	0	136	41	0	1	1	1	0	45	136	0	10	20	14	0	0	31	169	116	109	44	115	36	2	0	50	202	138	81	148	74	0	1	0	5	55	89	45	0	0	0	2	2	0	0	0	0	
0	0	0	0	0	0	0	0	0	1	0	21	117	125	43	0	0	2	0	88	44	93	110	0	0	0	12	68	21	147	21	0	0	2	0	147	164	30	0	1	1	0	50	188	77	0	4	0	0	0	165	143	8	0	0	0	1	0	30	16	0	1	0	0	
0	0	0	1	0	0	1	0	2	11	58	195	167	52	0	2	1	125	25	24	68	207	43	0	0	148	46	0	0	69	137	0	0	116	77	0	0	48	157	0	0	65	180	34	89	205	68	0	1	0	122	198	160	72	0	1	0	0	0	0	0	0	1	0	
0	0	2	1	0	0	0	0	0	0	0	0	10	11	0	0	2	0	59	188	153	167	5	0	0	0	147	62	25	168	1	0	0	1	8	0	126	100	0	3	0	1	0	32	176	6	0	1	0	3	0	135	106	0	3	0	0	0	0	134	25	0	1	0	
0	1	0	1	1	0	1	0	2	0	53	169	189	132	12	0	0	78	226	55	25	138	142	0	0	159	118	0	3	3	152	13	0	104	154	0	1	11	174	22	0	33	224	98	69	189	120	0	2	0	55	170	186	121	0	0	0	1	0	0	0	0	2	0	
0	0	2	1	0	0	0	0	0	1	0	37	98	54	0	1	2	0	77	167	98	140	12	0	0	0	190	114	96	161	3	0	1	0	71	96	87	185	0	0	0	0	2	0	174	93	0	3	0	3	0	103	168	0	1	0	0	2	0	63	31	0	1	0	
0	0	0	1	0	0	1	0	0	1	0	40	178	143	19	0	0	1	0	199	115	120	106	0	3	0	68	188	0	80	124	0	3	0	164	74	0	147	72	0	0	11	170	13	113	145	0	2	0	4	152	171	115	3	0	0	0	0	3	8	0	2	0	0	
0	0	0	0	7	31	0	0	0	0	2	0	147	124	0	3	0	3	0	123	190	0	1	0	1	0	25	204	31	0	1	0	2	0	60	180	36	97	28	0	2	0	43	240	212	213	58	0	2	0	48	80	0	2	0	0	0	0	0	0	0	2	1	0	
0	0	2	0	1	1	0	0	0	0	0	23	23	0	0	0	2	0	56	133	132	58	0	2	2	0	137	26	145	114	0	3	2	0	63	103	172	11	0	1	0	0	2	0	119	38	0	1	0	0	5	0	100	75	0	3	0	0	2	0	42	82	0	2	
0	0	0	0	2	0	0	0	2	0	53	174	178	145	18	0	2	0	48	99	6	217	102	0	0	4	0	38	184	193	22	0	4	5	0	42	229	106	0	4	32	160	66	10	171	136	0	4	0	71	158	194	163	28	0	2	0	0	0	0	0	0	0	0	
0	0	0	1	0	0	0	0	0	0	0	3	14	56	0	1	0	2	0	70	96	76	0	3	1	0	32	140	95	37	0	1	3	0	66	128	160	46	1	0	0	2	0	54	88	4	2	0	0	3	0	87	41	0	1	0	0	0	0	12	5	0	0	0	
0	0	0	0	1	0	0	0	0	0	1	0	18	134	3	0	0	0	3	0	80	186	0	3	0	0	2	0	186	105	0	3	0	3	0	132	189	0	1	0	3	0	93	216	21	0	1	0	0	2	180	57	0	3	0	0	0	1	2	1	2	0	0	0	
0	2	2	4	5	4	0	0	0	0	0	0	0	0	1	0	7	32	43	103	113	79	0	0	45	253	255	254	254	255	72	0	31	117	77	16	85	255	81	0	0	0	2	0	32	255	75	0	0	3	5	0	40	203	37	0	0	0	1	0	31	29	0	1	
0	2	3	1	0	1	1	0	0	1	0	0	21	18	0	1	0	36	170	160	152	177	34	0	0	172	109	29	0	154	69	0	4	24	0	0	27	197	12	0	0	0	6	0	143	122	0	4	0	3	0	55	177	3	0	1	0	3	0	100	61	0	2	0	
0	1	0	0	0	1	0	0	0	1	6	0	47	21	0	1	0	94	149	0	158	129	0	4	6	216	229	123	199	201	0	1	10	147	159	135	191	255	105	0	0	0	3	0	74	248	33	0	1	3	5	0	38	215	23	0	0	0	0	0	0	37	12	0	
0	0	2	2	0	0	0	0	0	1	0	13	81	45	0	1	2	0	43	174	106	170	29	0	0	14	209	99	78	154	10	0	0	17	166	121	221	114	0	4	0	2	0	58	176	4	0	1	0	2	0	171	59	0	2	0	0	0	3	62	3	0	0	0	
0	0	1	0	0	0	0	0	2	0	118	130	84	17	0	1	1	0	28	85	137	138	0	3	0	0	3	0	81	142	0	3	0	2	0	37	176	17	0	1	1	0	45	216	195	98	27	0	1	0	149	94	59	85	12	0	0	0	0	0	0	0	0	0	
0	0	1	0	23	30	0	1	0	1	0	24	186	51	0	2	0	2	0	176	117	0	6	1	2	0	49	193	2	0	1	0	4	0	135	113	0	60	109	17	3	0	97	212	196	212	123	12	1	0	10	109	49	6	0	0	0	0	1	0	0	1	4	1	
0	0	2	8	0	0	0	0	1	0	122	142	7	2	3	2	0	59	177	0	2	0	0	0	0	90	146	0	72	137	158	65	0	70	188	146	137	46	144	127	2	0	136	245	124	139	128	12	0	1	0	27	72	45	1	0	0	0	2	0	0	0	2	1	
0	0	0	5	4	0	0	0	2	0	33	177	188	93	0	3	1	0	10	59	228	118	0	3	2	0	50	255	127	0	3	0	1	0	17	136	183	88	0	2	0	91	126	10	160	226	0	0	0	36	169	211	175	68	0	1	0	0	0	0	0	0	0	0	
0	0	0	0	1	2	0	0	2	0	65	186	117	0	3	0	2	0	37	134	183	19	0	1	0	1	0	162	183	154	3	0	0	0	3	21	0	120	15	0	0	9	114	38	107	114	0	3	1	0	113	200	164	15	0	1	0	0	0	0	0	1	0	0	
0	0	0	2	9	0	0	0	2	0	33	164	152	111	2	0	1	0	16	23	40	232	29	0	0	2	0	42	237	86	0	2	0	13	0	24	185	117	0	2	0	147	144	20	62	208	6	0	0	28	133	186	199	91	0	2	0	0	0	1	1	0	0	0	
0	0	0	0	0	0	0	0	0	11	82	86	72	12	0	1	0	15	72	52	174	97	0	3	0	6	36	129	172	27	0	1	0	27	110	123	77	152	60	0	0	0	2	0	46	181	38	0	0	14	64	126	167	44	0	2	0	28	88	38	2	1	1	0	
0	0	0	0	0	0	0	0	0	0	2	0	48	132	0	2	0	0	3	0	157	163	0	4	0	0	2	0	174	67	0	3	0	2	0	145	146	0	2	0	3	0	102	192	0	0	1	0	1	0	160	49	0	2	0	0	0	0	0	2	1	0	0	0	
0	0	0	1	2	0	0	0	11	119	149	140	149	26	0	1	14	67	21	0	164	85	0	3	1	0	35	176	175	6	0	1	3	0	86	145	135	136	4	0	0	0	100	16	0	189	118	0	2	0	101	175	149	148	60	0	0	0	0	5	4	0	0	0	
0	0	0	4	4	0	1	0	0	2	0	77	164	42	0	2	0	1	0	23	213	201	2	0	1	0	2	202	102	183	54	0	4	0	138	160	0	212	45	0	1	0	200	87	156	153	0	2	3	0	97	215	149	5	0	1	0	0	0	1	0	2	0	0	
0	0	1	1	0	0	0	0	0	1	4	0	85	89	0	3	1	0	18	0	105	123	0	4	0	21	190	98	168	69	0	3	0	31	178	111	191	84	0	3	0	0	4	0	114	133	0	4	0	1	5	0	83	96	0	3	0	0	0	0	0	0	0	0	
0	0	0	0	0	0	0	0	0	1	1	9	136	82	0	2	0	1	0	3	67	179	12	0	0	3	82	79	101	123	0	4	0	94	119	122	244	159	46	8	0	96	152	140	20	66	113	10	0	1	23	6	0	0	0	0	0	1	0	2	2	2	4	0	
0	2	4	1	0	0	0	0	0	0	0	1	19	4	0	0	0	40	126	135	165	105	0	3	0	72	71	1	80	114	0	4	0	0	3	0	92	76	0	3	0	2	5	0	124	48	0	2	0	0	0	0	143	25	0	1	0	1	0	34	104	0	1	0	
0	0	2	0	17	14	0	1	0	2	0	69	243	122	0	4	2	0	68	208	83	45	0	2	0	1	212	191	149	188	61	0	0	61	255	202	40	105	203	0	0	45	255	136	111	198	102	0	0	5	126	159	140	51	0	1	0	1	0	0	0	0	2	0	
0	0	2	0	0	1	0	0	0	1	0	47	64	3	0	0	2	0	67	109	56	56	0	1	3	0	147	70	99	127	0	3	2	0	52	161	151	82	0	3	0	0	2	0	49	90	0	3	0	0	3	0	38	136	0	2	0	0	0	0	4	35	0	0	
0	0	3	7	0	0	1	0	1	0	7	150	179	82	0	2	2	0	75	221	231	239	95	0	0	65	237	101	45	63	216	17	0	156	163	0	0	16	236	49	0	86	233	87	65	199	168	0	0	0	117	180	169	120	11	0	0	0	0	0	0	0	2	1	
0	2	12	5	0	0	0	0	0	89	154	151	31	0	1	0	0	11	0	43	155	0	1	0	2	0	42	180	103	0	2	0	2	0	77	148	134	95	0	1	1	0	20	56	17	176	58	0	1	0	15	104	147	179	39	0	0	0	0	0	3	5	0	0	
0	0	0	2	0	0	0	0	0	0	2	0	28	82	93	17	0	3	0	94	184	134	130	53	2	0	57	242	43	0	2	0	2	0	33	122	157	7	3	2	0	34	77	7	174	24	0	1	0	25	140	174	150	0	0	0	0	0	0	3	4	0	0	0	
0	0	0	0	0	0	0	0	0	0	0	104	23	0	1	0	0	2	0	190	156	0	3	0	0	3	0	108	178	0	3	0	0	3	0	71	199	0	1	0	0	3	0	75	179	0	2	0	0	3	0	106	158	0	3	0	0	1	0	18	20	0	1	0	
0	0	2	0	74	46	0	2	0	2	0	74	204	21	0	1	1	0	0	217	96	0	4	0	3	0	70	206	0	0	1	0	4	0	104	179	70	111	0	0	2	0	44	238	255	217	9	0	0	1	0	46	74	14	0	1	0	0	1	1	0	1	0	0	
0	0	0	0	0	0	0	0	0	0	74	97	94	63	0	1	0	47	123	4	94	163	0	1	0	6	23	116	184	31	0	2	2	0	69	118	89	127	0	1	0	0	1	2	0	154	37	0	2	0	116	106	135	105	2	0	0	0	16	57	31	0	1	0	
0	0	2	0	62	20	0	1	0	1	0	21	191	22	0	1	0	3	0	155	113	0	4	0	2	0	49	207	44	10	0	0	4	0	123	216	148	180	0	0	4	0	111	194	156	124	0	2	0	0	4	79	64	0	0	0	0	0	0	0	0	2	0	0	
0	0	0	0	0	0	0	0	1	0	28	0	77	45	0	2	0	10	160	0	127	75	0	3	0	19	194	0	134	95	0	3	2	0	121	172	213	95	0	4	0	0	4	23	180	123	0	4	0	0	5	0	80	96	0	3	0	0	0	2	1	0	0	0	
0	0	0	0	0	0	2	0	2	0	70	148	110	43	0	1	1	0	66	61	70	147	74	0	1	0	22	20	0	86	136	0	2	0	56	184	125	136	13	0	0	11	112	185	69	0	2	0	0	16	168	153	24	0	2	0	1	0	32	37	0	1	0	0	
0	3	4	4	4	4	2	0	0	0	0	0	0	0	0	0	6	79	123	142	137	166	95	0	12	107	101	105	84	226	88	0	0	0	3	0	95	193	0	1	0	5	0	28	220	48	0	2	0	3	0	137	108	0	3	0	1	0	17	151	5	0	0	0	
0	2	3	2	0	0	0	0	0	0	0	0	23	20	0	0	0	82	176	142	150	189	33	0	0	80	110	27	17	176	14	0	0	0	3	0	131	133	0	4	0	4	0	52	198	8	0	1	1	0	2	185	59	0	2	0	1	0	36	113	0	3	0	0	
0	0	1	0	0	0	0	0	0	106	190	161	37	0	3	0	0	88	53	214	110	0	4	0	0	5	174	183	177	169	30	0	0	2	0	1	0	97	172	0	0	20	92	35	0	70	197	0	0	1	102	150	157	174	58	0	0	0	0	1	7	0	0	0	
0	0	0	0	3	0	0	0	0	2	0	63	176	96	0	3	0	1	0	0	144	176	0	3	0	3	0	105	197	33	0	2	0	2	0	152	124	0	3	0	0	55	131	45	205	15	0	1	0	12	123	191	158	2	0	1	0	0	0	1	0	0	0	0	
0	0	1	2	19	1	0	0	0	0	1	0	117	30	0	1	0	0	4	88	165	29	0	1	4	0	99	188	138	8	0	0	1	0	16	155	218	52	0	3	0	1	0	165	183	15	0	1	0	0	0	121	55	0	2	0	0	0	0	0	1	1	0	0	
0	0	2	3	0	0	0	0	0	0	0	0	12	56	94	32	1	0	27	143	171	157	129	29	3	0	178	154	0	2	0	0	2	0	72	171	71	0	6	1	0	34	123	179	235	15	0	1	0	6	67	88	69	8	0	0	0	0	0	0	0	0	0	0	
0	1	2	0	0	2	1	0	0	0	2	29	21	0	0	0	0	18	122	125	127	118	29	0	0	114	66	0	0	151	79	0	0	62	137	52	97	197	22	0	1	0	53	85	96	128	0	2	0	1	1	0	12	141	0	1	0	0	2	1	11	89	0	1	
0	0	1	2	0	0	0	0	0	1	0	20	132	92	0	0	1	0	23	91	59	176	90	0	3	0	85	122	0	182	45	0	2	0	29	209	182	71	0	2	0	6	137	194	78	0	4	0	0	3	146	186	50	0	2	0	1	0	17	39	0	1	0	0	
0	0	0	0	0	0	0	0	0	0	0	36	110	89	0	2	1	0	13	112	170	141	0	4	0	1	0	81	197	23	0	1	0	0	8	75	170	36	0	1	0	22	52	36	159	0	0	0	0	31	178	175	43	0	2	0	1	0	32	30	0	1	0	0	
0	1	0	42	38	0	0	0	1	0	18	150	208	97	0	3	0	1	0	11	216	79	0	3	0	2	0	25	217	113	0	3	0	0	1	0	33	191	7	0	0	153	155	118	165	189	0	0	0	52	110	152	149	29	0	1	0	0	0	0	0	1	0	0	
0	0	0	1	0	0	0	0	0	2	0	50	39	0	1	0	0	1	0	108	19	0	1	0	2	0	46	106	0	59	0	1	1	0	16	102	149	111	0	3	0	0	2	0	124	45	0	2	0	0	3	0	69	50	0	2	0	0	0	0	8	9	0	0	
0	0	1	1	5	3	0	0	0	1	0	25	147	166	9	0	0	0	4	162	184	255	102	0	4	0	99	177	161	109	128	0	0	10	150	146	31	119	82	0	0	44	182	129	119	168	0	0	0	7	150	202	116	7	0	1	0	0	0	1	0	2	1	0	
0	0	0	0	0	0	0	0	4	15	10	10	17	2	0	0	10	124	153	135	208	83	0	3	0	1	6	0	160	52	0	2	0	2	0	34	184	0	0	0	0	2	0	44	169	0	1	0	0	1	0	33	211	15	0	1	0	0	0	0	137	36	0	2	
0	0	0	0	1	0	0	0	0	0	3	0	79	111	0	4	0	0	2	0	174	102	0	4	0	2	0	58	205	4	0	1	0	3	0	122	132	0	4	0	2	0	28	213	34	0	1	0	3	0	89	137	0	3	0	0	0	0	0	0	1	0	0	0	
0	0	1	0	25	12	0	0	0	1	0	36	168	8	0	1	0	3	0	142	95	0	3	0	1	0	14	192	80	0	0	0	1	0	17	162	103	115	0	3	0	1	0	158	174	130	0	4	0	2	0	69	155	14	0	1	0	0	0	1	0	1	0	0	
0	0	1	0	0	0	0	0	0	1	0	33	200	113	0	3	2	0	47	203	135	176	0	2	0	0	14	5	74	147	0	3	1	0	61	139	237	65	0	3	0	68	189	182	255	78	0	3	0	45	184	119	45	38	0	1	0	0	3	0	0	0	0	0	
0	2	2	0	0	0	1	0	0	1	0	43	105	96	17	0	0	38	86	244	241	255	188	0	0	139	201	206	84	91	215	0	0	156	202	1	0	104	170	0	0	87	244	50	80	248	113	0	1	0	159	255	235	118	0	1	0	0	8	44	11	0	1	0	
0	0	0	0	1	1	0	0	0	1	0	51	149	153	4	0	0	1	0	74	80	176	8	0	0	0	3	18	155	87	0	3	1	0	20	157	197	43	0	2	0	48	113	19	165	35	0	2	0	23	163	152	60	0	2	0	0	0	2	1	0	1	0	0	
0	0	0	17	23	0	1	0	1	0	11	83	86	42	0	1	2	0	52	61	0	98	17	0	1	0	17	130	83	108	9	0	2	0	84	81	67	85	0	0	3	0	97	66	23	99	10	0	1	0	15	104	105	30	0	1	0	0	0	0	0	0	0	0	
0	0	0	3	1	1	0	0	0	0	2	0	2	4	15	0	0	1	0	87	134	184	115	0	3	0	108	154	34	173	9	0	0	16	141	14	143	53	0	2	0	4	0	98	115	0	3	0	1	0	20	149	10	0	0	0	2	0	58	85	0	3	0	0	
0	0	0	0	0	0	0	0	0	10	64	0	27	10	0	0	0	26	142	0	131	84	0	3	0	26	169	39	141	100	0	4	0	0	115	128	209	102	0	4	0	0	4	0	112	131	0	4	0	0	6	0	79	187	0	1	0	0	0	0	7	37	1	0	
0	0	0	1	0	0	0	0	0	1	0	20	111	152	38	0	0	0	0	169	102	223	79	0	0	0	6	135	99	135	0	0	1	0	15	211	144	0	0	1	0	7	130	154	74	0	4	0	0	91	186	123	46	0	2	0	0	16	54	20	0	1	0	0	
0	0	3	1	0	0	0	0	0	1	0	23	54	1	0	0	1	0	87	194	192	7	0	1	0	21	144	50	205	139	4	0	0	0	0	181	126	164	29	0	2	0	52	88	42	159	0	1	0	2	0	39	179	35	0	2	0	2	0	63	51	0	2	0	
0	0	1	1	0	0	0	0	0	1	0	9	74	39	0	1	1	0	19	134	97	144	0	0	1	0	117	32	120	207	2	0	0	23	148	64	228	83	0	3	1	0	45	161	143	0	2	0	1	0	26	143	9	0	1	0	2	0	47	54	0	2	0	0	
0	0	1	0	0	0	0	0	0	1	0	57	143	120	3	0	3	0	98	201	87	205	28	0	1	0	27	4	81	166	0	1	0	3	0	69	174	12	0	1	2	0	54	217	100	70	7	0	0	13	223	209	116	34	0	0	0	8	43	10	0	0	0	0	
0	0	1	2	0	0	1	1	0	1	2	0	62	120	14	0	1	0	6	129	208	183	148	23	1	0	134	176	134	0	134	64	0	70	141	101	8	31	157	8	0	126	117	60	59	178	43	0	0	53	186	161	141	30	0	2	0	0	18	8	0	1	2	0	
0	0	2	2	0	0	0	0	0	0	0	5	23	3	0	0	1	0	47	122	152	53	0	2	0	0	99	33	125	30	0	1	0	0	0	5	141	7	0	0	0	1	0	30	132	0	2	0	0	1	0	34	136	0	3	0	0	0	0	11	89	0	0	0	
0	0	1	0	2	1	0	0	0	1	0	59	173	107	0	2	2	0	67	144	70	163	0	1	1	0	12	103	213	124	0	4	0	1	0	87	74	144	0	1	0	75	114	0	101	111	0	3	0	26	143	147	109	1	0	0	0	0	5	9	0	2	0	0	
0	0	0	0	12	7	0	0	0	2	0	93	92	109	8	0	0	1	0	120	64	152	10	0	0	0	0	197	180	20	0	1	3	0	84	155	135	0	2	0	3	0	157	28	128	64	0	2	2	0	50	124	127	43	0	2	0	0	0	9	7	0	0	0	
0	0	0	0	0	1	0	0	1	0	25	81	0	10	73	0	3	0	92	111	0	63	135	0	0	2	214	89	0	153	59	0	0	63	149	138	207	162	0	3	0	5	0	10	189	42	0	2	0	3	0	102	144	0	3	0	0	1	0	31	14	0	0	0	
0	0	2	1	0	0	2	0	0	3	0	43	123	105	1	0	2	0	43	156	127	203	106	0	0	47	164	20	0	16	152	3	0	135	33	0	0	18	155	2	0	126	24	0	5	150	87	0	0	57	137	111	145	84	0	1	0	0	3	20	8	0	1	0	
0	0	1	2	2	3	0	0	0	0	1	0	0	4	15	0	1	0	14	161	134	173	96	0	0	0	175	87	85	177	0	1	0	20	72	0	155	33	0	1	0	3	0	90	139	0	3	0	1	0	39	172	17	0	1	0	3	0	102	60	0	2	0	0	
0	0	0	0	0	1	0	0	0	0	2	0	111	60	0	2	0	0	0	4	187	31	0	1	0	2	0	61	183	0	1	0	0	4	0	135	120	0	4	0	0	0	0	175	42	0	1	0	2	0	43	173	4	0	1	0	0	0	3	3	1	0	0	0	
0	0	0	0	0	0	0	0	0	0	0	2	93	135	70	0	0	3	0	95	140	107	160	0	0	4	0	87	188	118	18	0	2	0	55	171	162	2	0	1	0	30	166	39	117	0	2	0	0	41	164	138	67	0	2	0	1	0	35	45	0	1	0	0	
0	1	3	0	0	0	1	0	0	0	0	64	139	98	4	0	0	6	141	255	219	207	109	0	0	110	253	73	18	24	188	6	0	140	173	0	0	64	207	5	0	87	176	0	0	169	116	0	1	0	126	179	198	177	5	0	0	1	0	46	58	5	0	0	
0	0	2	2	0	0	1	0	0	1	0	6	112	108	1	0	2	0	28	192	255	177	84	0	0	13	152	211	108	26	132	0	0	111	98	115	0	66	110	0	2	138	19	9	16	155	36	0	0	80	155	125	150	54	0	2	1	0	29	61	11	0	1	0	
0	0	1	1	0	0	0	0	1	0	19	11	22	68	7	0	3	0	156	218	213	243	70	0	0	7	223	255	154	7	4	0	2	0	90	153	223	86	0	3	0	2	0	43	242	73	0	3	2	0	47	244	125	0	2	0	2	0	44	82	0	2	0	0	
0	0	0	0	1	1	0	0	0	0	1	0	29	131	0	1	0	0	3	0	137	109	0	3	0	2	0	41	184	4	0	1	0	3	0	140	89	0	3	0	2	0	39	216	19	0	1	0	3	0	94	118	0	3	0	0	0	0	1	0	0	0	0	0	
0	0	1	0	1	2	0	0	0	0	4	6	1	1	7	0	3	0	139	131	0	99	152	0	0	62	208	74	184	246	47	0	0	24	176	163	166	154	0	4	0	0	5	0	146	74	0	3	0	1	2	0	179	51	0	2	0	0	3	0	77	69	0	3	
0	0	0	1	0	0	0	0	0	1	0	11	114	199	57	0	0	1	0	182	194	147	116	0	0	1	2	31	1	157	46	0	1	0	29	146	229	87	0	3	0	41	250	206	165	126	0	3	0	118	157	0	32	132	0	1	0	0	0	2	2	0	0	0	
0	0	0	0	0	0	0	0	0	2	0	54	117	0	2	0	0	3	0	86	179	0	3	0	0	3	0	83	168	0	3	0	0	3	0	110	174	0	3	0	0	3	0	92	180	0	2	0	0	1	0	26	136	0	0	0	0	0	0	0	0	0	0	0	
0	0	1	0	0	0	0	0	0	1	0	28	131	108	19	0	2	0	43	175	101	218	78	0	2	0	36	145	169	111	0	2	1	0	26	110	174	82	0	13	0	16	142	0	129	92	0	3	0	0	128	169	162	6	0	1	1	0	10	62	12	0	0	0	
0	0	0	0	0	1	0	0	0	0	6	25	22	1	0	0	0	53	202	185	219	81	0	3	0	11	36	0	113	111	0	4	0	1	0	86	214	125	0	3	0	1	0	58	213	74	0	2	0	0	1	0	171	36	0	1	0	0	0	5	125	16	0	1	
0	0	2	1	0	1	1	0	0	1	0	52	12	0	37	21	2	0	52	155	0	15	159	19	0	12	185	35	0	154	97	0	0	105	197	108	146	180	0	2	0	16	1	130	211	13	0	1	0	3	0	108	63	0	2	0	0	1	1	7	2	1	0	0	
0	0	0	0	1	2	0	0	0	1	0	6	9	0	0	0	0	36	206	203	214	73	0	3	0	5	59	31	81	161	0	3	0	0	3	0	94	143	0	3	0	1	2	0	202	66	0	3	0	3	0	75	183	0	0	0	0	3	0	94	70	0	2	0	
0	0	1	3	0	0	0	0	0	0	0	0	5	21	46	18	1	0	14	145	140	133	150	49	2	0	52	217	84	0	2	0	0	1	0	6	149	24	0	2	0	42	129	49	167	27	0	1	0	4	92	134	46	0	1	0	0	0	0	0	0	0	0	0	
0	0	0	0	0	0	0	0	0	1	0	17	122	0	0	0	0	1	0	27	168	0	0	0	0	3	0	74	132	0	4	0	0	4	0	112	112	0	3	0	0	1	0	180	58	0	2	0	0	0	0	165	43	0	2	0	0	0	0	0	0	0	0	0	
0	0	2	0	11	66	0	0	0	1	0	4	158	97	0	3	1	0	19	166	80	0	3	0	0	0	173	68	39	156	135	0	0	88	132	61	183	144	141	0	0	36	179	246	184	100	7	0	1	0	21	72	25	0	2	0	0	1	1	0	1	3	1	0	
0	0	0	0	0	0	0	0	0	1	0	73	114	97	11	0	1	0	16	122	51	30	5	0	2	0	41	189	144	80	0	2	1	0	15	129	20	113	17	0	0	0	1	0	7	125	8	0	2	0	92	120	133	62	0	2	1	0	21	67	28	0	1	0	
0	0	2	3	1	3	1	0	0	1	1	0	0	0	4	0	2	0	41	79	32	79	130	0	0	34	206	117	106	216	64	0	0	163	83	0	69	129	0	2	3	25	0	22	172	22	0	1	0	2	0	143	85	0	3	0	1	0	10	99	3	0	0	0	
0	0	0	6	18	0	0	0	0	2	0	53	78	0	7	0	0	3	0	82	130	109	22	0	0	1	0	149	97	0	0	0	1	0	39	65	90	67	0	2	0	15	55	4	77	85	0	3	0	1	78	109	85	6	0	0	0	0	0	0	0	0	0	0	
0	0	0	1	0	9	5	0	0	0	0	0	107	154	122	0	0	2	0	87	105	40	158	0	0	4	0	117	108	151	39	0	2	0	33	207	148	13	0	1	0	39	161	120	95	0	5	0	0	34	154	130	66	0	2	0	0	0	8	11	0	0	0	0	
0	0	2	0	0	2	0	0	0	1	0	55	71	0	0	0	3	0	96	175	126	81	0	2	0	1	169	7	88	132	0	4	1	0	99	130	196	31	0	1	0	0	0	8	147	11	0	0	0	1	0	13	188	23	0	1	0	0	1	0	80	31	0	1	
0	0	1	2	0	0	0	0	0	1	0	4	57	50	0	0	1	0	27	133	93	146	15	0	0	9	136	26	67	165	22	0	0	37	142	50	209	155	0	0	0	2	46	117	184	17	0	1	1	0	29	151	29	0	2	0	2	0	56	52	0	3	0	0	
0	0	3	1	0	1	0	0	0	2	0	68	118	6	0	1	0	1	89	218	190	160	0	1	0	16	245	146	142	169	0	2	1	0	45	226	205	155	1	0	2	0	53	168	17	206	17	0	1	0	10	181	192	67	0	2	0	1	0	27	22	0	1	0	
0	0	0	0	3	3	1	0	0	0	1	2	0	0	27	29	0	0	0	6	88	103	158	49	1	0	20	186	162	61	6	0	2	0	45	105	125	0	1	1	0	67	102	27	142	0	1	0	0	16	123	127	28	0	1	0	0	0	0	0	1	0	0	0	
0	0	1	0	0	1	1	0	2	0	61	133	146	77	0	3	2	0	181	166	39	184	27	0	0	46	236	31	0	77	141	0	0	59	198	0	0	90	184	0	1	0	167	56	85	243	57	0	2	0	37	173	209	68	0	2	0	0	1	0	0	0	2	0	
0	0	0	0	2	2	1	0	0	0	0	1	1	140	22	0	0	0	3	0	135	125	0	3	0	2	0	58	198	1	0	1	0	2	0	174	89	0	3	0	3	0	87	207	0	1	0	0	3	0	132	77	0	2	0	0	0	0	0	0	0	0	0	0	
0	0	0	0	2	2	0	0	0	0	0	92	129	17	0	1	1	0	13	140	21	0	0	0	1	0	14	147	101	63	0	1	0	1	0	39	18	124	27	0	2	0	52	33	59	133	0	1	1	0	26	148	145	15	0	1	0	0	0	3	2	1	0	0	
0	0	1	3	0	0	0	0	0	0	2	0	47	48	0	1	1	0	12	113	117	156	8	0	1	0	128	56	65	227	27	0	0	26	158	59	232	126	0	4	1	0	84	93	155	14	18	18	0	1	0	128	75	0	24	18	1	0	20	83	0	1	0	0	
0	0	1	0	31	16	0	1	0	1	0	33	193	29	0	1	0	2	0	152	76	0	3	0	1	0	39	148	48	148	0	0	3	0	76	105	180	202	0	2	2	0	47	157	198	108	0	3	0	1	0	98	79	0	1	0	0	0	0	0	0	2	0	0	
0	0	2	1	0	0	1	0	0	1	0	15	106	105	0	0	2	0	39	166	58	113	93	0	0	5	140	34	0	149	94	0	0	32	156	10	106	151	0	1	1	0	80	143	213	28	0	1	0	3	0	94	129	0	3	0	0	1	0	33	10	0	0	0	
0	0	2	0	0	3	2	0	0	1	0	51	77	0	0	0	1	0	134	255	239	166	30	0	0	109	160	61	36	95	157	0	2	165	21	0	0	52	184	0	0	107	170	149	169	196	73	0	0	1	70	97	59	7	0	0	0	2	0	0	0	1	3	0	
0	0	0	2	1	0	0	0	0	0	2	0	5	16	40	0	0	2	0	80	145	206	119	0	2	0	74	145	46	155	7	0	0	29	154	20	147	32	0	1	0	8	0	124	95	0	4	0	3	0	76	167	0	3	0	0	2	0	60	51	0	2	0	0	
0	0	0	0	0	0	0	0	1	0	31	69	0	4	0	0	4	0	130	141	0	4	0	0	4	0	134	81	0	110	6	0	3	0	70	187	164	191	0	0	0	1	0	34	187	113	0	4	0	0	4	0	78	105	0	3	0	0	0	2	4	10	0	0	
0	0	0	0	1	1	2	0	0	0	0	3	0	116	65	0	0	0	3	0	86	171	0	0	0	1	0	32	188	21	0	1	0	2	0	160	89	0	3	0	3	0	93	236	13	0	1	0	2	0	143	74	0	2	0	0	0	0	0	0	0	0	0	0	
0	0	2	0	2	1	0	0	0	0	6	34	10	0	0	0	0	4	105	89	93	11	0	1	0	20	138	21	177	48	0	2	2	0	69	120	161	29	0	1	0	0	3	0	125	40	0	1	0	0	6	0	117	73	0	3	0	0	2	0	65	59	0	2	
0	0	0	2	0	4	5	0	0	0	3	0	35	157	35	0	0	3	0	54	184	188	23	0	2	0	42	190	19	93	107	0	0	0	162	53	0	137	83	0	0	83	137	9	147	135	0	0	0	52	182	146	73	0	1	0	0	0	5	1	0	2	0	0	
0	0	1	0	0	1	0	0	0	1	0	89	150	25	0	1	4	0	93	176	109	140	0	4	3	0	88	57	83	136	0	4	0	2	0	38	197	22	0	1	0	2	0	169	72	0	2	0	0	1	0	159	168	95	1	0	0	0	0	9	64	29	0	0	
0	0	1	2	0	0	0	0	0	0	2	0	55	59	0	0	0	0	0	117	135	180	16	0	2	0	118	83	63	216	23	0	0	38	184	64	202	139	0	3	0	5	88	90	176	27	0	1	0	2	0	131	85	0	3	0	0	0	15	73	0	1	0	0	
0	0	0	0	0	0	0	0	1	0	11	87	127	91	0	0	3	0	72	249	97	148	37	0	4	0	129	124	25	121	9	0	2	0	34	187	163	26	0	1	1	0	12	169	198	22	0	1	3	0	67	172	194	66	0	3	0	0	0	50	41	0	1	0	
0	0	0	2	0	37	6	0	0	3	3	0	93	185	0	0	0	4	0	75	158	149	8	0	2	0	54	157	4	167	23	0	0	10	173	16	96	156	0	2	0	100	173	111	171	14	0	1	0	42	141	91	4	0	1	0	0	0	0	0	2	1	0	0	
0	2	1	0	0	0	0	0	0	0	7	26	33	7	0	0	0	66	131	110	130	133	0	3	0	17	11	0	48	123	0	3	0	0	3	0	84	80	0	3	0	1	3	0	114	42	0	2	0	0	0	1	144	13	0	1	0	1	0	18	109	0	0	0	
0	0	0	3	1	0	0	0	0	0	2	0	7	32	83	64	0	1	0	67	166	140	102	48	3	0	101	211	31	0	2	0	1	0	39	99	130	0	5	2	0	17	71	48	152	0	2	0	0	4	132	149	30	0	1	0	0	0	1	2	0	0	0	0	
0	0	0	0	0	0	0	0	0	3	27	77	48	0	0	0	0	91	198	129	187	126	0	4	0	8	7	4	135	78	0	3	0	2	0	187	181	0	0	1	0	1	2	0	106	173	0	2	0	1	0	66	156	90	0	2	0	1	0	80	68	0	1	0	
0	0	0	2	0	0	0	0	0	0	2	0	55	118	23	0	0	1	0	124	112	177	97	0	3	0	97	94	26	222	46	0	3	0	125	153	196	57	0	2	2	0	26	193	79	0	4	0	1	0	164	121	0	5	0	0	0	2	39	6	1	0	0	0	
0	2	3	3	4	3	0	0	0	0	0	0	0	0	0	0	0	71	94	75	179	102	0	2	0	33	136	116	117	173	0	2	0	0	3	0	75	113	0	4	0	1	7	0	159	97	0	4	0	1	0	11	184	22	0	1	0	0	0	13	123	1	0	0	
0	0	0	3	2	3	0	0	0	1	2	0	0	0	10	1	1	0	7	110	57	122	158	0	0	0	143	129	78	207	66	0	0	118	107	0	105	93	0	3	2	34	0	118	116	0	3	0	3	0	83	110	0	4	0	0	0	0	13	5	1	0	0	0	
0	0	1	2	0	0	0	0	0	0	0	3	48	43	2	0	2	0	28	183	222	229	14	0	1	0	37	43	152	154	0	3	0	2	0	43	206	18	0	1	0	15	111	234	121	0	4	0	0	0	158	168	0	2	0	0	1	0	41	26	0	1	0	0	
0	0	0	0	2	0	0	0	0	0	0	2	0	132	35	0	0	0	3	0	94	158	0	1	0	2	0	39	183	16	0	1	0	1	0	154	58	0	2	0	3	0	122	200	0	1	0	0	2	0	150	82	0	1	0	0	0	0	0	0	0	0	0	0	
0	0	1	0	2	1	0	0	0	0	5	29	5	0	0	0	1	0	148	181	125	5	0	1	0	1	173	5	123	87	0	3	3	0	132	32	66	90	0	3	1	0	43	16	45	122	0	3	0	0	2	0	39	163	0	2	0	0	2	0	8	93	0	0	
0	0	0	0	0	1	0	0	0	1	0	14	106	189	36	0	0	2	0	69	101	172	76	0	0	3	0	49	101	146	0	0	0	0	0	70	192	61	0	3	8	86	0	33	159	7	0	0	2	136	147	152	49	0	2	0	0	2	13	3	0	1	0	0	
0	0	1	0	0	0	0	0	0	0	2	0	85	22	0	1	0	16	58	0	142	51	0	2	0	52	114	0	107	90	0	3	0	15	159	104	192	105	0	4	1	0	30	58	119	117	0	4	0	1	2	0	40	86	0	3	0	0	1	3	1	0	0	0	
0	0	3	0	46	33	0	1	0	2	0	48	127	12	0	1	2	0	36	151	19	0	1	0	0	4	152	38	0	67	70	2	0	84	103	0	139	139	152	10	0	35	144	196	182	90	26	0	1	0	16	61	2	0	1	0	0	1	1	0	1	3	2	0	
0	0	0	0	0	1	1	0	0	0	16	14	2	3	0	0	2	0	96	143	109	161	86	0	0	0	2	0	17	161	39	0	0	0	2	0	138	61	0	2	0	2	0	111	97	0	4	0	2	0	75	130	0	2	0	0	0	0	143	35	0	1	0	0	
0	0	0	0	0	0	0	0	0	1	0	24	159	41	0	2	1	0	17	126	137	119	0	4	0	0	4	60	146	46	0	2	0	1	0	43	183	48	0	2	0	17	85	0	150	39	0	2	1	0	108	146	60	0	2	0	0	0	3	4	0	1	0	0	
0	0	0	2	0	0	0	0	0	0	2	0	97	82	0	2	0	3	0	74	255	202	0	0	1	0	5	209	82	170	66	0	4	0	95	177	0	173	30	0	4	0	155	136	136	87	0	3	3	0	137	233	77	0	3	0	0	0	12	31	0	2	0	0	
0	0	0	0	40	12	0	0	1	0	4	124	189	110	0	3	1	0	27	76	51	136	0	3	0	0	3	0	105	120	0	4	3	0	112	203	255	99	0	4	0	12	150	152	126	145	9	0	0	0	108	90	0	12	3	0	0	0	0	0	3	1	0	0	
0	0	0	0	0	0	0	0	0	9	85	138	183	221	29	0	0	45	165	116	223	120	0	1	1	1	0	186	228	105	10	0	0	0	2	14	24	166	149	0	0	114	231	51	26	163	126	0	0	60	164	185	186	125	4	0	0	0	0	4	0	0	1	0	
0	0	0	2	0	1	0	0	0	0	3	0	93	125	0	2	0	2	0	99	216	148	0	1	3	0	87	164	0	147	43	0	0	19	182	21	0	183	32	0	0	50	132	0	137	120	0	2	0	11	151	153	83	0	0	0	0	0	5	6	0	2	0	0	
0	0	0	0	0	0	2	0	2	0	74	176	118	38	0	1	0	13	215	102	89	170	82	0	0	123	132	0	0	28	171	2	0	142	81	0	5	0	157	51	0	69	198	81	71	152	158	6	1	0	69	135	143	82	3	0	0	1	0	0	0	0	2	1	
0	0	1	2	0	0	0	0	0	0	0	5	63	29	0	1	0	0	6	101	121	119	0	2	4	0	104	83	116	168	0	1	2	0	53	137	208	56	0	2	0	2	0	80	96	0	2	0	2	0	49	131	0	1	0	0	2	0	49	31	0	1	0	0	
0	0	1	1	1	1	0	0	0	2	0	33	59	0	4	0	1	0	15	193	152	0	0	1	0	2	177	89	150	74	87	0	0	39	230	153	223	203	94	0	1	0	32	124	189	0	0	0	0	2	0	46	124	0	5	0	0	0	2	5	7	0	0	0	
0	0	1	2	0	1	0	1	0	0	4	0	83	126	14	0	0	2	0	155	213	116	142	22	3	0	121	226	25	0	163	39	0	29	222	40	0	111	132	0	0	133	210	14	127	133	1	0	0	76	198	153	81	0	2	0	0	1	3	1	0	2	1	0	
0	0	0	2	7	0	0	0	0	0	5	89	146	52	0	2	1	0	26	110	104	42	0	2	0	3	0	172	130	0	4	0	2	0	41	114	132	15	0	1	3	0	118	39	75	110	0	3	1	0	34	116	113	66	0	2	0	0	0	6	8	0	0	0	
0	0	2	0	24	7	0	0	0	2	0	40	156	3	0	0	1	0	9	177	55	0	2	0	3	0	161	106	0	180	129	0	0	26	155	0	168	255	66	0	0	36	174	181	196	28	0	1	0	0	23	98	44	0	3	0	0	0	0	0	2	2	0	0	
0	0	2	0	0	1	0	0	0	1	0	52	68	3	0	0	3	0	84	119	121	90	0	3	0	7	147	0	98	90	0	3	0	0	123	94	158	85	0	3	0	0	13	21	66	109	0	4	0	0	2	0	24	146	0	1	0	0	1	0	4	70	3	0	
0	0	0	0	2	0	0	0	0	0	2	0	55	112	0	3	0	0	2	0	161	100	0	3	0	3	0	96	204	0	0	1	0	2	0	184	73	0	2	0	2	0	64	171	0	2	0	0	3	0	118	74	0	2	0	0	0	0	0	1	0	0	0	0	
0	0	0	0	0	0	0	0	0	84	111	86	55	4	0	0	0	19	42	36	121	103	0	3	0	1	0	30	116	19	0	1	0	2	0	144	155	80	0	1	0	0	6	3	12	138	0	0	1	0	32	109	114	69	0	2	0	1	0	40	42	0	0	0	
0	0	1	0	3	2	0	0	0	0	2	10	0	8	5	0	2	0	47	183	144	173	19	0	0	0	167	37	126	132	0	4	0	20	72	0	177	31	0	1	0	3	0	76	133	0	3	0	0	1	0	168	44	0	2	0	1	0	32	117	0	1	0	0	
3	3	4	4	3	1	0	0	0	0	0	0	0	1	0	0	67	126	124	105	69	6	0	0	48	50	77	89	160	162	0	1	0	0	1	0	10	180	15	0	2	2	5	0	76	164	0	3	0	0	1	0	156	62	0	2	0	1	0	12	110	2	0	0	
0	0	1	0	26	66	0	1	0	1	0	56	185	61	0	2	1	0	20	197	250	76	0	3	0	0	3	0	74	181	45	6	0	96	135	102	142	232	73	0	0	99	255	238	243	73	0	3	0	0	14	68	35	0	2	0	0	2	0	0	0	2	0	0	
0	0	1	0	0	1	0	0	0	1	0	134	197	20	0	1	3	0	106	250	232	155	0	3	0	6	235	118	40	233	11	0	0	54	223	0	54	255	39	0	0	34	218	113	229	211	8	0	1	0	97	206	162	20	0	1	0	0	0	0	0	1	1	0	
0	0	0	2	0	0	0	0	0	0	1	0	69	146	45	0	0	2	0	91	126	88	148	0	0	3	0	141	79	128	49	0	3	0	67	237	196	33	0	2	0	17	138	68	119	0	3	0	0	44	159	99	54	0	1	0	0	0	41	21	0	1	0	0	
0	0	2	2	0	1	0	0	0	0	0	0	10	1	0	0	2	0	82	181	200	89	0	3	1	0	42	36	125	122	0	4	0	0	1	0	161	37	0	2	0	1	0	30	148	0	1	0	0	3	0	78	125	0	4	0	0	2	0	53	80	0	2	0	
0	0	0	0	0	1	0	0	0	1	0	27	111	150	7	0	0	3	0	102	118	174	44	0	0	2	0	60	196	108	0	3	0	33	17	0	102	94	0	3	0	147	97	8	163	30	0	1	0	6	118	158	61	0	2	0	0	0	1	3	0	1	0	0	
1	0	52	15	0	5	3	0	0	23	174	9	0	1	0	0	0	95	128	0	42	166	107	0	0	135	60	0	191	106	185	52	0	142	72	6	170	65	194	28	0	54	205	188	227	210	67	0	1	0	14	60	34	0	1	1	0	2	1	0	0	2	3	0	
0	0	1	0	0	1	0	0	0	0	6	12	0	4	75	7	2	0	66	62	0	53	133	0	0	9	194	65	0	160	41	0	0	109	222	153	209	163	0	2	0	27	10	41	186	6	0	1	0	1	0	142	57	0	2	0	0	0	5	32	1	1	0	0	
0	0	2	0	0	1	0	0	0	2	0	20	34	2	0	0	1	0	85	126	119	91	0	1	0	62	111	0	0	34	12	0	0	114	56	0	14	51	118	1	0	30	122	92	87	58	116	37	0	0	0	0	2	0	58	31	0	1	2	0	1	3	0	0	
0	0	0	3	4	3	0	0	0	0	1	0	0	3	15	0	1	0	8	147	100	177	111	0	3	0	133	121	84	194	5	0	0	24	116	1	160	56	0	2	0	4	0	138	143	0	3	0	2	0	52	165	5	0	0	0	3	0	96	56	0	2	0	0	
0	0	0	18	70	0	1	0	0	3	0	108	95	0	4	0	1	0	18	142	5	0	0	0	3	0	105	90	0	104	41	0	0	0	155	14	169	244	31	0	0	3	154	109	202	34	0	2	1	0	31	71	11	0	2	0	0	0	0	0	1	2	0	0	
0	0	0	2	2	55	2	0	0	0	3	0	75	113	0	2	0	2	0	70	141	1	0	0	2	0	54	136	16	105	14	0	3	0	118	71	154	198	15	0	3	0	114	218	147	21	0	1	1	0	12	55	0	1	1	0	0	0	1	0	2	2	0	0	
0	0	0	2	3	0	0	0	0	3	57	11	0	1	0	0	0	0	96	151	67	0	1	0	0	1	0	15	148	53	0	2	0	0	6	0	106	80	0	3	0	0	0	3	138	16	0	1	0	2	0	74	105	0	3	0	0	2	0	57	31	0	1	0	
0	0	0	2	2	30	0	0	0	0	2	0	114	107	0	2	0	1	0	126	100	0	2	0	3	0	86	140	17	95	62	0	3	0	115	91	133	154	132	0	2	0	151	215	125	89	7	0	2	0	50	114	23	0	1	0	0	0	0	0	0	3	1	0	
0	1	3	0	0	0	0	0	0	0	0	48	54	0	0	0	0	8	129	175	202	7	0	1	0	57	160	0	164	47	0	2	0	1	135	109	185	108	0	4	0	0	4	38	89	180	1	0	0	1	2	2	0	152	122	0	0	0	0	3	0	20	68	0	
0	0	0	1	0	0	0	0	0	0	0	5	81	124	12	0	0	0	1	132	128	195	39	0	0	2	5	155	192	98	0	3	0	0	8	66	159	103	0	4	0	86	25	0	148	66	0	2	0	124	145	137	100	0	2	0	0	0	55	41	0	1	0	0	
0	0	0	0	1	1	0	0	1	0	22	130	64	0	2	0	3	0	125	61	106	36	0	1	3	0	73	115	111	9	0	1	1	0	0	192	131	0	1	0	0	1	0	98	113	78	0	2	0	2	0	43	160	120	0	3	0	0	1	0	46	26	0	1	
0	0	1	0	16	11	0	0	1	0	25	143	201	102	0	4	1	0	30	97	65	150	0	2	0	1	4	0	85	144	0	4	1	0	17	118	231	62	0	3	0	37	230	231	173	136	0	2	0	56	142	27	2	34	0	0	0	0	0	0	3	0	0	0	
0	1	1	0	0	1	0	0	0	0	0	7	7	0	0	0	0	27	211	239	230	62	0	3	0	30	167	99	255	107	0	4	0	1	0	14	248	78	0	3	0	2	0	34	241	43	0	2	0	3	0	76	223	0	0	0	0	2	0	46	136	0	1	0	
0	0	0	0	0	0	0	0	0	0	1	0	76	108	0	3	0	1	0	26	129	163	11	0	0	1	0	24	105	103	0	1	0	0	11	32	163	25	0	1	0	11	116	23	130	11	0	0	0	0	100	148	52	0	2	0	0	0	6	8	0	1	0	0	
0	0	1	1	0	0	0	0	0	2	0	62	124	57	16	0	2	0	38	184	76	160	100	0	3	0	157	96	0	113	80	0	0	0	177	27	7	154	9	0	0	13	163	8	146	89	0	3	1	0	162	201	97	0	2	0	1	0	18	32	0	2	0	0	
0	0	0	0	0	0	0	0	0	1	0	7	124	109	4	0	0	3	0	93	97	138	97	0	0	4	0	87	143	130	23	0	1	0	18	184	155	3	0	1	0	22	134	156	72	0	4	0	0	68	180	106	20	0	1	0	0	0	42	13	0	1	0	0	
0	0	0	0	0	0	0	0	0	2	114	119	135	71	0	2	0	44	162	16	37	13	0	0	0	22	203	155	116	44	0	1	0	0	129	50	5	94	33	0	0	0	0	3	0	67	128	0	2	0	45	144	129	197	104	0	0	0	0	7	50	57	3	0	
0	0	2	1	0	0	0	0	0	2	0	13	106	118	16	0	2	0	60	158	50	129	75	0	0	48	152	0	57	199	11	0	0	84	161	97	243	93	0	3	0	1	35	136	132	0	2	0	1	0	21	193	29	0	1	0	0	0	16	30	0	1	0	0	
0	0	1	1	0	1	0	0	0	1	0	44	45	0	1	0	2	0	59	100	123	72	0	3	4	0	95	111	160	53	0	2	0	0	0	62	155	0	0	0	0	3	0	73	115	0	3	0	0	3	0	119	56	0	2	0	0	1	0	48	13	0	0	0	
0	0	0	2	0	1	1	0	0	1	0	13	76	0	11	2	0	2	0	112	89	12	122	0	2	0	120	183	0	148	55	0	0	30	121	112	206	82	0	3	0	4	0	89	120	0	4	0	1	0	27	143	3	1	0	0	0	0	12	20	0	1	0	0	
0	0	0	0	0	2	0	0	0	68	152	150	81	0	1	0	0	131	74	64	170	100	0	3	0	0	0	0	7	146	11	0	0	2	1	42	58	162	23	0	3	0	50	255	252	241	101	0	1	0	13	97	54	20	18	0	0	0	0	0	0	0	0	0	
0	0	0	1	0	0	0	0	0	0	2	0	68	155	61	0	0	2	0	59	122	140	134	0	0	4	0	83	153	98	12	0	2	0	33	174	133	0	2	0	0	16	123	92	91	0	4	0	0	50	163	111	24	0	1	0	0	2	44	12	0	0	0	0	
0	0	1	2	0	1	0	0	0	1	0	11	80	33	3	0	1	0	18	161	48	88	57	0	3	0	139	68	38	136	0	1	0	17	153	0	156	70	0	0	0	1	129	176	192	79	4	0	0	2	0	104	80	0	3	0	0	1	0	9	11	0	1	0	
0	0	0	1	0	0	0	0	0	0	1	0	88	112	16	0	0	1	0	119	122	146	140	0	0	1	0	115	67	122	35	0	1	0	0	173	148	3	0	1	0	8	109	133	71	0	4	0	0	61	172	105	36	0	1	0	0	3	52	37	0	1	0	0	
0	0	0	0	0	0	0	0	0	0	15	82	46	0	1	0	2	0	184	150	215	128	0	3	2	0	85	141	204	66	0	2	0	3	0	87	241	37	0	2	0	3	0	124	95	157	1	0	0	3	0	116	168	164	0	1	0	1	0	7	99	37	0	2	
0	0	1	3	4	2	0	0	0	1	2	0	0	0	10	2	1	0	21	138	110	149	182	0	0	8	162	101	38	176	89	0	0	70	103	0	106	123	0	2	0	2	0	63	167	7	0	1	2	0	52	180	19	0	1	0	3	0	116	78	0	3	0	0	
0	0	1	0	1	0	0	0	1	0	31	38	0	8	1	0	0	11	110	6	67	42	0	1	0	11	104	38	132	73	43	4	1	0	24	65	137	50	26	2	0	1	0	8	105	0	0	0	0	0	0	11	103	0	1	0	0	0	0	0	42	2	0	0	
0	0	0	0	1	0	0	0	0	0	0	0	8	108	4	0	0	0	3	0	104	126	0	3	0	1	0	22	179	17	0	1	0	2	0	146	102	0	3	0	3	0	89	179	0	2	0	0	1	0	143	45	0	2	0	0	0	0	1	1	1	0	0	0	
0	0	1	1	0	0	0	0	0	1	0	72	91	0	0	0	2	0	42	139	193	48	0	2	4	0	111	179	88	0	3	0	1	0	36	191	144	26	0	1	0	0	11	95	65	120	0	4	0	1	0	101	137	51	0	2	0	0	0	8	34	0	0	0	
0	0	1	2	0	2	0	0	0	1	1	2	123	169	35	0	0	1	0	154	105	71	119	0	3	0	123	120	0	65	110	0	0	42	158	0	0	146	62	0	0	132	96	28	153	104	0	2	0	84	174	124	48	0	2	0	0	0	5	0	0	2	0	0	
0	0	0	0	0	0	0	0	0	0	0	3	56	2	0	0	0	1	0	17	120	0	1	0	0	1	0	40	115	0	3	0	0	3	0	76	78	0	3	0	0	2	0	114	27	0	1	0	0	0	7	112	0	0	0	0	0	0	2	17	0	0	0	0	
0	0	0	0	1	4	0	0	0	1	0	4	135	151	52	0	0	3	0	98	68	37	134	0	0	4	0	100	86	125	40	0	1	0	22	164	153	15	0	1	0	9	137	84	117	0	3	0	0	29	156	108	37	0	1	0	0	0	6	4	0	0	0	0	
0	0	0	0	5	20	0	0	0	0	4	0	116	182	0	2	0	2	0	55	204	25	0	1	1	0	1	195	159	56	0	2	3	0	111	242	255	130	0	4	0	0	207	243	180	14	0	1	0	0	115	110	9	0	1	0	0	0	0	0	2	1	0	0	
0	0	1	1	1	2	0	0	0	0	1	4	1	0	5	0	1	0	0	184	151	175	104	0	2	0	150	174	34	190	23	0	0	15	119	0	142	65	0	2	0	3	0	103	138	0	3	0	2	0	37	214	27	0	1	0	3	0	82	99	0	2	0	0	
0	0	0	0	3	1	0	0	0	15	55	10	0	1	0	0	0	19	121	157	101	0	0	0	0	0	0	0	129	125	0	4	0	1	7	0	101	124	0	4	0	0	0	2	177	37	0	2	0	3	0	85	148	0	3	0	0	1	0	44	37	0	1	0	
0	0	1	1	2	2	0	0	0	1	1	6	2	6	45	0	0	0	0	151	143	159	144	0	1	0	140	136	36	199	38	0	0	45	116	0	133	80	0	2	0	3	0	112	122	0	3	0	2	0	73	168	0	3	0	0	2	0	67	50	0	2	0	0	
0	2	4	3	3	1	0	0	0	0	0	0	0	0	0	0	0	64	116	105	139	90	0	3	0	59	56	21	108	89	0	3	0	0	3	0	107	40	0	1	0	2	0	8	118	2	0	0	0	1	0	39	124	0	3	0	0	2	0	46	116	0	3	0	
0	0	0	0	2	3	1	0	0	0	1	2	0	0	2	4	0	0	0	4	37	71	121	55	1	0	5	148	125	50	16	0	1	0	12	58	103	0	0	0	0	49	107	44	100	0	2	0	0	3	56	73	11	0	1	0	0	0	0	0	1	0	0	0	
0	1	0	11	60	18	0	1	2	0	65	164	121	124	0	1	0	0	15	18	0	122	7	0	0	2	3	0	61	112	0	3	0	0	0	30	180	50	0	2	0	74	171	205	100	124	85	0	0	85	135	26	0	5	36	8	0	0	0	1	4	2	0	0	
0	0	2	2	0	0	1	0	0	1	0	5	48	51	0	0	1	0	31	134	104	179	35	0	0	2	151	50	109	211	45	0	0	7	134	117	223	86	0	2	0	1	0	126	93	0	3	0	3	0	113	169	0	4	0	0	1	0	77	25	0	1	0	0	
0	0	0	1	0	0	0	0	3	0	111	221	163	27	0	1	1	0	51	41	180	126	0	4	0	3	0	110	247	36	0	2	0	1	0	11	191	86	0	3	3	0	118	128	149	167	0	4	1	0	43	146	208	88	0	3	0	0	0	0	0	0	0	0	
0	0	1	0	29	15	0	1	1	0	11	126	191	116	0	3	0	0	14	43	62	139	0	3	0	0	3	0	146	80	0	3	0	39	156	213	199	103	0	2	0	144	211	77	0	171	81	0	0	37	29	0	0	44	76	0	0	0	1	3	1	1	0	0	
0	0	0	1	1	3	2	0	0	0	1	0	24	146	50	0	0	0	1	0	158	73	0	2	0	3	0	85	147	0	1	0	1	0	13	138	98	28	0	1	3	0	94	99	148	52	0	2	2	0	52	155	76	0	2	0	0	0	0	3	0	0	0	0	
0	0	0	0	4	2	0	0	1	0	30	116	182	111	0	2	2	0	86	99	25	180	11	0	0	2	0	59	189	106	0	3	0	65	82	32	131	108	0	3	0	108	203	1	21	167	1	0	0	0	89	150	168	77	0	2	0	1	0	5	7	0	0	0	
0	0	0	0	6	30	0	0	0	0	1	0	127	95	0	1	0	2	0	80	100	0	2	0	1	0	15	194	112	48	0	1	4	0	94	128	29	141	18	0	4	0	104	97	53	113	0	0	1	0	15	117	112	21	0	1	0	0	0	0	0	1	0	0	
0	0	0	0	1	1	0	0	0	0	1	0	23	129	0	0	0	0	3	0	122	121	0	4	0	0	0	11	185	23	0	1	0	3	0	121	121	0	3	0	2	0	70	174	0	0	0	0	2	0	138	58	0	2	0	0	0	0	0	1	1	0	0	0	
0	0	2	0	0	1	1	0	0	0	12	74	0	78	35	0	3	0	110	130	0	140	22	0	0	20	178	8	28	161	1	0	0	114	155	74	174	198	34	0	0	54	145	97	164	36	0	1	0	0	1	0	127	60	0	1	0	2	4	2	4	8	0	0	
0	0	0	0	1	1	0	0	0	0	2	0	45	115	0	3	0	0	3	0	94	111	0	4	0	0	2	0	165	43	0	2	0	3	0	90	140	0	3	0	1	0	27	193	26	0	1	0	3	0	108	106	0	3	0	0	0	0	2	1	1	0	0	0	
0	0	0	0	10	13	0	1	0	0	0	2	137	42	0	2	0	3	0	90	157	0	2	0	0	3	0	161	89	0	3	0	0	1	0	166	176	17	0	1	0	1	0	160	225	41	0	2	0	2	0	79	125	0	0	0	0	0	0	0	0	0	0	0	
0	0	2	0	0	1	0	0	0	0	13	66	0	3	78	8	3	0	121	103	0	51	166	0	0	33	232	88	0	170	91	0	0	49	115	137	231	184	0	0	0	1	0	24	184	17	0	1	0	4	0	138	112	0	4	0	0	0	0	29	7	0	0	0	
0	2	1	0	0	0	0	0	0	0	1	4	0	92	51	0	0	85	56	0	0	120	68	0	0	165	105	34	28	160	34	0	0	131	179	139	123	211	69	0	0	0	1	0	36	168	0	2	0	1	3	0	35	113	0	2	0	0	0	0	0	0	0	0	
0	0	1	3	3	2	0	0	0	0	0	0	0	2	33	6	1	0	6	124	155	142	129	7	3	0	75	218	67	21	0	0	0	2	0	58	114	0	4	0	0	92	83	75	127	0	3	0	0	17	103	115	14	0	1	0	0	0	0	0	1	0	0	0	
0	0	0	0	0	0	0	0	0	0	2	0	62	74	0	2	0	0	3	0	177	91	0	3	0	3	0	74	193	0	0	1	0	2	0	177	83	0	3	0	2	0	37	193	4	0	0	0	2	0	41	172	0	1	0	0	0	0	3	31	2	0	0	0	
0	0	0	1	3	3	1	0	0	0	2	1	0	0	3	13	0	1	0	15	68	87	115	82	2	0	63	163	61	48	16	0	1	0	23	94	71	0	2	1	0	19	82	74	96	0	3	0	1	0	76	76	0	0	0	0	0	0	0	0	1	0	0	0	
1	0	27	44	0	1	0	0	2	0	50	197	74	0	3	0	0	3	0	76	166	0	3	0	0	1	0	11	176	25	0	1	1	0	2	129	243	181	113	0	2	0	164	255	69	0	14	0	1	0	113	58	0	2	0	0	0	0	0	0	2	1	0	0	
0	0	0	3	0	0	1	0	0	0	3	0	33	169	94	0	0	3	0	98	172	190	50	0	3	0	101	162	0	67	104	0	0	49	165	4	0	112	89	0	0	155	67	12	131	141	1	0	0	78	173	151	87	0	1	0	0	0	6	1	0	2	1	0	
0	0	0	0	0	0	0	0	1	0	37	97	105	98	18	0	3	0	79	161	83	39	2	0	3	0	152	71	0	3	0	0	3	0	112	190	79	0	1	0	0	1	0	52	167	123	0	2	0	0	3	0	84	176	0	1	0	0	0	2	47	22	0	1	
0	0	1	1	0	1	0	0	0	1	2	21	1	3	102	6	2	0	47	119	0	75	140	0	0	27	214	54	0	165	44	0	0	133	134	135	213	103	0	3	1	9	0	68	165	0	2	0	0	3	0	120	81	0	2	0	0	0	0	0	1	0	0	0	
0	0	0	0	0	0	0	0	0	46	170	162	79	0	2	0	0	4	63	212	119	0	5	0	2	0	45	212	143	4	0	1	0	0	2	0	86	169	23	0	2	0	135	125	8	178	105	0	2	0	47	173	195	154	14	0	0	0	0	0	0	0	0	0	
0	0	0	1	1	0	0	0	0	0	2	0	88	137	19	0	0	1	0	40	139	81	144	0	0	3	0	112	58	101	88	0	1	0	21	184	121	46	0	1	0	16	125	150	41	0	3	0	0	44	165	122	33	0	1	0	1	0	44	31	0	1	0	0	
0	0	0	0	1	1	1	0	0	0	0	2	0	109	30	0	0	0	3	0	95	141	0	2	0	1	0	37	164	6	0	1	0	0	0	149	58	0	2	0	3	0	104	112	0	4	0	0	2	0	137	44	0	1	0	0	0	0	1	2	0	0	0	0	
0	0	1	1	0	1	0	0	0	0	1	2	5	4	49	3	1	0	2	170	155	204	152	0	1	0	162	123	69	190	2	0	0	56	142	15	184	34	0	2	0	1	2	161	74	0	3	0	1	0	164	110	0	4	0	0	0	6	93	9	0	0	0	0	
0	0	0	2	4	1	0	0	0	21	5	0	0	0	0	0	0	98	159	140	116	15	0	1	0	0	17	19	145	79	0	3	0	1	4	0	118	82	0	3	0	0	4	0	110	76	0	3	0	0	3	0	94	109	0	3	0	0	2	0	43	124	0	2	
0	0	1	2	0	1	0	0	0	1	0	25	36	0	65	15	0	0	0	165	45	36	148	0	1	0	132	95	0	153	46	0	0	62	208	100	163	153	0	3	0	12	0	150	170	0	1	0	2	0	42	143	0	0	0	0	1	0	20	21	0	2	0	0	
0	0	0	2	1	0	7	5	0	0	2	0	11	96	139	26	0	2	0	59	159	89	15	0	2	0	39	244	115	0	3	0	0	0	19	35	189	49	0	2	0	57	81	31	192	17	0	1	0	18	161	183	56	0	2	0	0	0	3	2	0	1	0	0	
0	0	0	2	0	0	0	0	0	0	1	0	33	54	14	0	0	0	0	102	100	134	70	0	3	0	94	86	58	198	2	0	3	0	69	125	200	36	0	2	0	1	0	126	73	0	3	0	2	0	92	104	0	3	0	0	0	0	71	9	0	0	0	0	
0	1	0	27	54	0	1	0	0	1	0	130	46	0	2	0	2	0	48	107	0	9	0	0	3	0	82	78	113	96	4	0	1	0	104	96	11	102	57	0	3	0	84	130	92	121	9	0	0	0	2	64	60	4	0	0	0	0	1	0	0	2	1	0	
0	0	0	0	0	11	19	0	0	1	0	15	121	205	72	0	0	2	0	37	104	151	74	0	0	0	1	9	2	159	22	0	0	3	97	142	231	108	0	3	0	103	172	133	185	74	0	3	0	52	122	44	0	6	0	0	0	0	0	0	3	0	0	0	
0	1	0	17	54	0	0	0	0	1	0	11	144	85	0	3	0	1	3	0	25	117	0	2	0	0	0	0	7	118	0	0	0	7	83	89	158	128	0	2	0	75	84	54	136	8	0	1	0	22	83	78	6	0	0	0	0	0	0	0	2	1	0	0	
0	0	0	0	0	1	0	0	0	1	0	39	162	39	0	2	2	0	33	135	112	154	0	1	0	1	7	8	93	122	0	2	2	0	33	153	183	18	0	1	0	55	55	0	147	21	0	1	0	37	143	126	77	0	2	0	0	0	5	6	0	0	0	0	
0	1	0	40	47	0	1	0	1	0	8	130	27	0	2	0	3	0	92	114	0	4	0	0	4	0	115	66	15	128	26	0	4	0	104	87	95	126	120	0	2	0	31	169	177	123	53	0	0	1	0	24	77	34	0	1	0	0	1	1	0	1	1	0	
0	0	1	0	17	64	0	1	0	1	0	4	144	65	0	2	1	0	1	156	78	27	20	0	2	0	128	86	66	144	110	0	0	32	141	62	109	74	93	0	0	8	142	207	166	118	6	0	1	0	18	74	49	1	1	0	0	1	1	0	0	2	1	0	
0	0	0	0	0	1	0	0	0	19	90	89	56	0	0	0	0	17	121	112	172	107	0	3	0	0	3	0	102	146	0	4	0	1	5	0	185	64	0	3	0	3	0	94	170	0	2	0	0	0	0	203	65	0	2	0	0	0	9	82	4	0	0	0	
0	0	1	1	0	1	1	0	0	1	0	34	6	0	102	11	2	0	44	138	0	53	136	0	0	0	163	49	0	149	44	0	0	72	209	114	171	140	0	3	0	18	2	62	172	12	0	1	0	2	0	110	64	0	2	0	0	1	1	3	2	1	0	0	
0	0	0	0	0	0	0	0	0	8	77	101	100	58	0	1	0	123	102	12	26	58	0	0	0	34	99	79	80	26	0	1	0	2	0	69	136	115	27	0	0	2	0	112	6	27	128	0	0	1	0	96	97	108	87	0	0	0	0	7	51	45	2	0	
0	0	0	0	1	1	0	0	0	0	0	2	0	100	29	0	0	0	2	0	46	160	0	0	0	0	2	0	169	61	0	2	0	3	0	104	133	0	3	0	2	0	48	184	12	0	1	0	3	0	106	68	0	2	0	0	0	0	0	1	1	0	0	0	
0	0	0	1	0	0	0	0	0	1	0	40	13	34	22	0	0	0	4	136	0	112	43	0	2	0	58	73	18	150	5	0	2	0	147	157	185	132	0	4	0	11	103	39	109	38	0	1	0	1	0	20	116	0	1	0	0	1	1	12	22	0	1	0	
0	0	0	0	5	34	0	0	0	2	0	74	169	187	35	0	0	2	0	63	32	122	63	0	0	0	3	37	45	171	11	0	0	15	131	125	227	118	0	4	0	157	150	127	166	89	0	3	0	98	132	59	0	8	0	0	0	0	0	0	2	0	0	0	
0	0	0	2	1	0	0	0	0	0	2	0	37	23	0	1	0	1	0	38	236	134	0	4	1	0	24	212	219	100	0	4	4	0	141	215	164	66	0	3	1	0	38	62	173	17	0	1	0	1	0	30	170	0	0	0	0	0	0	22	57	0	1	0	
0	0	2	1	0	1	1	0	0	1	1	13	3	0	80	23	2	0	53	110	0	39	163	4	0	20	218	66	4	175	64	0	0	61	126	125	204	155	0	4	0	1	0	26	175	20	0	1	0	4	0	138	92	0	3	0	0	0	0	24	4	0	0	0	
0	0	0	0	0	2	1	0	1	0	22	68	57	1	0	0	4	0	148	224	196	194	17	0	2	0	42	213	217	137	7	0	1	0	23	219	226	25	0	2	4	0	114	139	85	127	0	4	2	0	40	173	156	107	0	4	0	1	0	38	112	13	0	1	
0	0	0	0	1	2	1	0	0	0	0	3	0	83	47	0	0	0	2	0	44	159	0	1	0	0	2	0	165	69	0	3	0	3	0	101	161	0	3	0	2	0	57	180	16	0	1	0	1	0	130	45	0	2	0	0	0	1	1	1	1	0	0	0	
0	0	0	0	0	0	0	0	1	0	41	142	92	0	1	0	0	7	152	110	220	49	0	3	0	2	0	96	173	1	0	1	0	21	169	254	107	113	115	15	0	103	239	168	164	167	164	28	0	2	3	0	0	0	0	0	0	0	1	2	3	4	4	1	
0	0	1	2	0	0	1	0	0	0	0	1	61	146	70	0	0	0	1	123	157	54	5	0	4	0	118	225	84	3	0	0	1	0	19	34	141	110	0	4	0	7	96	0	149	87	0	3	2	0	100	183	103	0	0	0	0	0	0	3	0	1	0	0	
0	0	1	0	0	0	1	0	1	0	33	72	172	144	9	0	0	3	226	191	21	119	123	0	0	59	235	25	0	14	171	9	0	59	231	31	0	31	172	0	1	0	188	152	16	171	85	0	1	0	29	165	176	121	0	1	0	1	1	0	0	0	1	0	
0	0	0	0	2	0	0	0	0	0	0	0	12	98	3	0	0	0	3	0	111	145	0	3	0	1	0	11	209	43	0	2	0	3	0	81	153	0	3	0	0	0	0	179	48	0	2	0	3	0	82	139	0	3	0	0	1	0	20	12	0	0	0	0	
0	1	0	0	1	1	0	0	0	80	185	166	43	0	2	0	0	10	46	106	186	24	0	1	0	0	1	0	205	97	0	4	0	3	0	89	229	19	0	1	1	0	16	238	195	145	60	0	1	0	22	170	209	130	0	1	0	0	0	0	0	0	0	0	
0	0	0	2	1	0	0	0	0	0	2	0	32	46	0	1	0	2	0	50	139	143	0	1	2	0	39	133	155	187	15	0	3	0	131	97	211	89	0	3	1	0	38	150	125	0	3	0	1	0	8	135	19	0	1	0	1	0	30	60	0	2	0	0	
0	0	0	0	0	0	0	0	0	1	0	61	127	74	0	1	1	0	30	114	60	142	0	2	0	0	2	94	112	49	0	2	1	0	6	121	129	0	1	0	2	0	92	56	90	0	0	0	1	0	104	111	68	0	2	0	1	0	18	48	1	0	0	0	
0	0	0	0	0	0	0	0	0	0	1	0	72	135	0	1	0	2	0	35	163	177	0	1	0	2	0	70	165	56	0	2	0	0	0	60	167	38	0	2	0	25	44	49	141	12	0	1	0	97	194	114	18	0	1	0	0	0	3	1	1	1	0	0	
0	0	1	1	2	3	0	0	0	1	0	30	126	15	0	1	1	0	3	148	43	0	2	0	1	0	28	176	60	1	0	0	0	1	0	35	151	110	0	3	0	0	3	0	89	119	0	3	0	1	0	86	123	7	0	1	0	0	0	4	2	1	0	0	
0	0	0	1	0	28	10	0	0	0	1	0	51	168	11	0	0	2	0	78	190	160	0	1	0	2	1	1	26	154	1	0	1	0	18	149	240	89	0	4	0	48	236	222	145	149	0	3	0	80	100	4	9	52	0	1	0	0	0	1	3	0	0	0	
0	2	3	0	0	0	0	0	0	0	0	4	22	18	2	0	0	62	126	141	148	225	40	0	1	52	44	0	65	178	0	0	0	1	0	2	195	58	0	2	0	5	0	130	143	0	3	0	2	0	44	201	11	0	1	0	2	0	52	92	0	3	0	0	
0	0	1	2	0	0	0	0	0	1	0	12	143	166	70	0	1	0	18	177	105	20	151	8	0	7	190	85	0	34	152	0	0	104	129	0	22	174	71	0	0	160	69	78	178	70	0	2	0	71	173	116	18	0	2	0	0	0	0	0	1	2	0	0	
0	0	2	1	0	0	0	0	0	0	0	2	0	58	35	0	2	0	71	92	0	182	34	0	2	0	190	44	64	174	0	3	3	0	131	126	171	94	0	3	0	0	0	82	219	18	0	1	0	2	0	54	156	0	2	0	0	0	0	7	22	0	0	0	
0	0	0	2	0	0	0	0	0	0	3	0	77	212	98	0	0	2	0	129	195	109	165	9	3	0	121	221	7	0	147	31	0	54	178	86	0	94	149	0	0	153	101	3	119	164	14	0	0	80	182	159	101	7	0	1	0	0	5	1	0	2	1	0	
0	0	2	2	0	1	0	0	0	1	0	4	67	33	0	1	2	0	37	155	123	149	10	0	0	5	212	88	0	134	33	0	0	5	196	188	130	165	2	0	1	0	13	47	59	171	3	0	0	0	3	0	136	88	0	3	0	0	0	9	85	4	0	0	
0	0	1	3	0	4	3	0	0	0	2	0	64	172	18	0	1	0	13	123	200	182	8	0	2	0	72	106	10	169	15	0	0	1	0	31	176	74	0	3	0	7	197	240	186	90	0	3	0	44	190	29	18	67	0	2	0	0	0	1	2	0	0	0	
1	3	1	0	1	1	0	0	0	0	0	22	24	0	0	0	34	130	139	128	152	37	0	1	15	43	24	0	54	73	0	3	0	0	0	32	106	132	2	0	3	0	50	174	189	173	19	0	0	0	7	0	87	36	0	1	0	0	1	0	79	19	0	0	
0	0	1	2	0	0	0	0	0	2	0	17	114	117	7	0	1	0	24	164	72	149	62	0	0	10	160	49	0	209	83	0	0	112	99	0	148	161	0	2	0	93	150	133	229	41	0	2	0	3	0	112	117	0	2	0	0	1	0	35	5	0	0	0	
0	0	1	0	2	3	0	0	0	1	0	28	6	0	0	0	1	0	28	136	35	78	0	1	3	0	58	194	179	177	0	3	0	0	10	51	167	62	0	2	0	2	0	64	146	0	2	0	0	0	0	163	38	0	1	0	0	0	11	67	0	1	0	0	
0	0	0	0	0	1	1	0	0	1	0	20	133	171	2	0	1	0	19	153	120	195	12	0	0	0	0	79	148	108	0	2	0	24	17	32	166	55	0	2	0	152	52	14	162	21	0	1	0	64	149	168	56	0	2	0	0	0	9	5	0	1	0	0	
0	0	0	0	0	0	0	0	0	0	119	132	140	175	93	0	0	12	224	151	131	121	39	0	0	41	250	158	157	148	65	4	0	0	79	127	63	195	248	26	0	37	20	0	87	240	115	0	0	105	232	226	224	111	0	0	1	0	30	46	3	0	2	0	
0	0	3	0	49	27	0	1	0	2	0	82	125	6	0	1	3	0	100	135	0	9	12	0	0	33	157	0	46	129	142	9	0	84	91	55	124	70	118	0	0	18	189	220	109	114	22	0	1	0	50	57	28	1	1	0	0	1	1	0	0	2	1	0	
0	0	0	0	0	0	0	0	1	0	21	35	6	44	0	1	3	0	108	61	39	108	0	4	3	0	107	27	87	82	0	3	2	0	36	130	185	46	0	2	0	0	2	0	129	46	0	2	0	0	4	0	118	37	0	1	0	0	0	0	8	2	0	0	
0	2	3	1	0	1	2	0	0	1	0	20	66	27	0	1	0	24	169	227	255	252	80	0	0	169	213	67	45	120	210	0	0	202	101	0	0	86	212	0	0	124	241	97	147	254	93	0	0	2	111	204	183	84	0	1	0	1	0	0	0	0	2	0	
0	0	2	0	0	1	0	0	0	0	0	39	73	21	0	1	0	0	119	129	82	137	0	0	0	58	115	0	38	184	1	0	0	54	132	48	148	161	0	1	1	0	58	90	33	133	11	0	0	0	0	3	0	132	42	0	0	0	2	5	0	33	23	0	
0	0	0	0	0	0	0	0	0	3	0	123	101	0	3	0	0	4	0	158	164	0	4	0	0	4	0	119	175	0	3	0	0	3	0	91	204	0	1	0	0	2	0	60	231	12	0	1	0	1	0	28	173	10	0	1	0	0	0	0	0	0	0	0	
0	1	0	25	38	0	1	0	1	0	15	176	152	0	0	0	3	0	74	143	0	24	11	0	1	0	7	182	148	86	12	0	1	0	15	122	183	52	0	2	3	0	76	147	109	182	0	3	0	0	4	98	132	44	0	1	0	0	0	0	0	0	0	0	
0	0	0	0	1	0	0	0	0	0	113	133	22	0	1	0	0	2	108	175	161	0	5	2	0	1	0	11	174	11	0	1	1	0	173	239	234	149	156	77	2	0	164	213	83	99	108	51	0	0	3	2	0	0	0	0	0	0	1	2	4	4	4	2	
0	0	0	0	0	0	0	0	0	1	0	10	118	19	0	1	0	2	0	39	249	42	0	2	0	3	0	84	239	11	0	1	0	4	0	139	207	0	1	0	0	3	0	175	180	0	3	0	0	3	0	149	136	0	4	0	0	0	0	11	12	0	0	0	
0	0	0	0	0	0	0	0	0	20	74	64	6	1	0	0	18	152	131	180	136	0	5	0	5	2	92	209	206	31	0	1	0	0	79	46	90	191	42	0	2	0	43	156	50	160	130	0	1	0	18	119	157	142	25	0	0	0	0	0	0	0	0	0	
0	1	3	3	4	3	0	0	0	0	0	0	0	0	0	0	89	147	143	151	155	116	0	0	6	23	44	54	122	190	0	2	0	0	3	0	102	144	0	4	0	1	5	0	163	90	0	3	0	0	3	0	166	96	0	3	0	0	3	0	105	142	0	3	
0	1	0	0	0	0	0	0	0	0	2	0	38	131	0	2	0	106	53	0	54	148	0	3	0	157	87	0	51	186	22	0	0	80	205	170	197	248	73	0	0	0	21	38	48	201	17	0	0	1	1	0	7	155	23	0	0	0	1	2	1	0	0	0	
0	0	0	6	9	0	0	0	2	0	65	160	138	46	0	2	1	0	74	28	35	139	0	1	0	1	1	0	1	128	11	0	1	0	21	78	103	128	0	2	0	43	151	62	163	163	16	0	0	56	130	111	69	6	10	0	0	0	11	12	0	1	0	0	
0	0	0	0	0	0	0	0	0	4	81	155	135	20	0	1	0	101	196	63	121	93	0	3	0	47	196	139	164	74	0	2	0	8	163	94	89	196	20	0	2	0	50	52	0	148	92	0	2	0	48	203	181	208	47	0	0	1	0	13	63	32	0	1	
0	0	0	1	0	1	0	0	0	0	1	0	114	44	0	2	0	3	0	87	231	13	0	1	0	1	0	104	161	0	1	0	0	1	0	42	133	6	1	0	1	0	54	165	181	39	0	1	2	0	108	181	14	0	1	0	0	0	0	0	1	2	0	0	
0	1	0	93	31	0	1	0	3	0	69	208	14	1	3	0	2	0	183	88	0	3	0	0	0	23	207	12	59	151	61	0	0	30	210	70	221	234	216	8	3	0	124	255	248	241	136	0	0	0	0	37	66	35	0	0	0	0	2	0	0	0	2	0	
0	0	1	3	3	1	0	0	0	0	0	0	0	0	0	0	0	58	124	98	73	20	0	1	0	4	18	46	63	110	14	0	0	0	0	0	2	104	9	0	0	0	3	0	63	79	0	3	0	0	1	0	96	20	0	1	0	0	0	8	105	1	0	0	
0	0	2	2	0	0	0	0	0	0	0	1	11	1	0	0	0	86	212	196	221	22	0	1	0	23	100	90	220	48	0	2	0	1	0	4	204	47	0	2	0	1	2	8	204	45	0	2	0	1	0	5	212	49	0	2	0	0	0	0	141	38	0	2	
0	0	2	3	1	0	0	0	0	0	0	0	1	14	18	9	2	0	39	183	195	167	149	78	3	0	182	156	39	11	0	0	3	0	131	142	0	2	0	0	0	1	0	156	133	0	3	0	0	7	33	148	139	0	3	0	1	0	105	143	9	0	1	0	
0	1	0	0	0	1	1	0	1	0	75	165	128	12	0	1	0	59	202	79	192	186	2	0	0	70	177	0	36	200	32	0	1	0	140	243	229	192	0	1	4	0	107	174	1	177	59	0	3	0	62	196	190	170	11	0	0	1	0	29	65	16	0	1	
0	0	0	3	1	0	0	0	0	0	5	0	27	80	38	0	3	0	105	187	133	199	171	0	0	1	0	159	217	150	27	0	1	0	15	162	193	55	0	3	3	0	146	85	111	97	0	3	3	0	164	166	147	0	0	0	2	0	50	125	17	0	1	0	
0	1	1	0	1	1	0	0	1	0	21	81	27	0	1	0	0	13	185	143	128	33	0	2	0	25	212	11	96	140	0	3	2	0	83	205	241	95	0	4	0	0	2	0	93	146	0	4	0	0	5	0	64	189	0	2	0	0	1	0	32	72	0	1	
0	0	0	0	0	0	0	0	0	0	1	0	66	9	0	0	0	0	0	0	98	6	0	0	0	0	0	12	86	0	1	0	0	1	0	28	84	0	2	0	0	2	0	54	65	0	2	0	0	2	0	54	30	0	1	0	0	0	0	0	0	0	0	0	
0	1	2	0	0	0	3	0	0	0	1	98	79	7	0	0	0	0	172	226	190	197	114	0	0	95	208	3	0	9	200	45	0	158	112	0	1	110	196	8	0	70	233	204	206	187	36	0	0	0	56	82	43	0	0	1	0	1	0	0	0	2	2	0	
0	0	0	0	0	0	0	0	0	3	0	116	132	0	2	0	0	4	0	153	210	0	1	0	0	4	0	120	219	0	0	0	0	4	0	108	220	0	0	0	0	4	0	125	237	2	0	1	0	3	0	83	180	0	0	0	0	0	0	0	0	0	0	0	
0	0	0	0	0	0	0	0	0	0	2	0	131	76	0	3	0	1	0	3	225	76	0	3	0	2	0	39	215	15	0	1	0	3	0	120	199	0	2	0	1	0	4	234	117	0	3	0	1	0	16	165	24	0	1	0	0	0	0	0	1	0	0	0	
0	0	1	0	0	1	0	0	1	0	19	181	196	59	0	2	2	0	168	255	255	200	0	0	0	3	230	164	133	251	23	0	0	23	252	195	58	225	22	0	0	0	188	255	255	191	0	1	2	0	50	188	170	62	0	2	0	0	1	0	0	0	0	0	
0	1	2	0	0	0	0	0	0	0	0	43	116	24	0	1	0	3	152	211	211	129	0	4	0	21	149	35	106	106	0	4	0	36	163	139	245	143	10	3	0	58	181	170	158	144	160	46	1	0	55	87	1	0	1	0	0	0	0	0	2	3	1	0	
0	0	0	0	0	0	0	0	1	0	20	111	117	9	0	1	2	0	70	73	102	108	0	4	0	2	0	41	194	55	0	2	0	1	0	38	115	58	0	2	1	0	34	13	28	105	0	3	3	0	71	154	134	35	0	2	0	0	0	45	20	0	1	0	
0	0	0	0	0	0	0	0	0	14	95	132	102	9	0	0	0	99	177	148	251	53	0	3	2	0	35	215	255	150	6	0	0	0	11	50	36	185	124	0	0	0	25	3	0	177	133	0	3	0	162	206	211	172	11	0	1	0	25	63	30	0	1	0	
0	0	0	0	0	0	0	0	0	2	0	45	110	0	2	0	0	2	0	57	213	1	0	1	0	2	0	54	215	3	0	1	0	2	0	57	183	0	1	0	0	3	0	73	173	0	2	0	0	3	0	75	134	0	2	0	0	0	0	0	0	0	0	0	
0	1	2	0	1	0	0	0	0	1	0	0	8	69	5	0	0	16	95	0	74	150	0	3	0	109	168	2	159	175	104	20	0	85	193	175	232	122	50	4	0	2	0	77	175	0	2	0	0	4	0	87	119	0	5	0	0	0	0	0	1	0	0	0	
0	0	1	0	1	1	0	0	0	0	4	6	2	45	3	0	3	0	111	78	11	176	0	0	0	46	183	22	172	166	0	4	0	88	198	135	164	124	0	4	0	0	25	0	114	72	0	3	0	1	1	0	190	54	0	2	0	0	1	0	72	16	0	1	
0	0	2	0	0	0	0	0	0	0	9	93	134	163	70	0	3	0	97	255	201	103	28	0	0	49	253	207	188	201	37	0	0	40	71	0	0	106	196	0	0	162	157	108	95	174	174	0	0	75	159	155	159	118	10	0	0	0	0	0	0	0	1	0	
0	0	1	1	0	2	1	0	0	2	0	55	105	7	0	1	2	0	45	153	90	166	3	0	3	0	158	107	0	125	76	0	0	20	147	3	0	48	104	0	0	0	134	27	0	44	58	0	2	0	51	126	40	96	6	0	0	1	0	26	41	15	0	1	
0	2	0	39	94	0	1	0	2	0	27	220	130	0	5	1	0	0	201	128	0	2	0	0	0	34	204	2	24	118	111	21	0	45	216	21	207	208	233	68	0	0	165	231	250	228	116	0	0	0	3	62	79	52	0	1	0	1	2	0	0	0	2	0	
0	0	1	0	0	0	0	0	0	0	3	0	47	13	0	0	0	0	96	6	106	8	0	0	2	0	113	70	136	50	0	1	1	0	11	83	138	13	0	1	0	0	1	0	115	7	0	0	0	0	3	0	113	32	0	1	0	0	1	0	19	10	0	0	
0	1	2	1	4	4	1	0	0	1	2	8	0	0	0	0	0	18	187	216	151	162	147	0	0	154	173	21	147	243	64	0	0	129	38	0	141	128	0	3	0	1	0	22	210	33	0	1	0	5	0	96	181	0	14	0	0	2	0	74	88	0	2	0	
