500	64	10
0	0	0	0	0	0	0	0	0	0	50	65	42	16	0	0	1	0	52	89	130	135	0	3	0	0	3	0	88	66	0	2	0	0	0	9	139	9	0	0	0	2	0	55	101	0	3	0	0	3	0	108	94	0	2	0	0	2	0	53	50	0	1	0	
0	0	1	0	0	1	0	0	0	0	0	69	61	0	1	0	3	0	123	161	164	81	0	3	4	0	143	119	208	119	0	4	1	0	26	130	230	47	0	2	0	3	0	70	184	0	1	0	0	2	0	187	87	0	3	0	0	0	2	76	10	0	0	0	
0	0	1	1	0	0	0	0	0	1	0	32	28	20	34	9	2	0	49	209	164	148	127	29	0	30	168	16	0	1	0	0	0	53	203	119	85	10	0	2	1	0	38	82	135	196	8	0	0	3	0	81	174	133	1	0	0	0	0	16	45	0	0	0	
0	0	1	0	0	0	1	0	1	0	10	184	210	69	0	2	3	0	91	255	239	230	32	0	3	0	168	244	51	244	97	0	1	0	199	189	115	255	38	0	3	0	164	255	255	194	0	1	3	0	88	222	179	35	0	2	0	0	0	0	0	1	0	0	
0	0	0	0	0	1	1	0	0	1	0	37	127	69	0	2	0	1	0	191	222	165	37	0	3	0	76	107	0	82	84	0	1	0	122	20	0	146	50	0	0	18	116	0	114	125	0	2	1	0	118	169	107	0	1	0	1	0	17	36	0	2	0	0	
0	0	0	0	0	0	0	0	0	0	2	0	144	97	0	3	0	1	0	8	240	102	0	4	0	3	0	61	234	20	0	1	0	3	0	143	188	0	3	0	1	0	14	243	89	0	3	0	1	0	12	186	44	0	2	0	0	0	0	0	1	0	0	0	
0	0	1	0	25	17	0	1	0	1	0	18	149	23	0	1	0	3	0	107	96	0	3	0	0	4	0	132	126	0	0	0	0	1	0	111	97	78	0	3	0	0	6	128	152	56	0	2	0	1	0	89	100	0	1	0	0	0	0	0	0	0	0	0	
0	0	5	2	0	0	0	0	1	0	169	214	31	0	2	0	0	2	114	158	167	0	3	0	0	1	0	27	227	32	0	4	0	1	76	179	255	103	0	1	0	14	240	245	166	194	214	93	0	0	41	23	0	0	72	72	0	0	0	0	3	2	0	0	
0	0	0	3	40	3	0	0	0	3	0	98	170	0	1	0	1	0	15	191	29	0	1	0	3	0	87	230	131	76	0	0	0	9	210	185	52	156	41	0	0	3	71	166	41	144	16	0	0	2	0	60	151	59	0	2	0	0	2	0	0	1	1	0	
0	0	0	0	0	0	0	0	0	0	8	57	130	74	0	2	2	0	49	210	194	237	29	0	0	0	0	144	226	187	4	0	0	26	25	63	198	164	0	3	0	41	182	0	162	171	0	3	2	0	149	229	218	39	0	2	0	0	4	48	16	0	1	0	
0	0	0	0	0	0	1	0	0	81	206	208	220	86	0	2	0	146	117	53	92	230	107	0	0	0	0	2	0	184	157	0	0	10	18	16	69	255	115	0	0	198	249	245	249	188	89	0	0	104	201	133	41	0	0	0	0	0	0	0	0	2	3	0	
0	0	1	2	1	1	0	0	0	0	1	1	0	24	35	0	2	0	65	158	0	181	109	0	0	0	199	87	92	199	0	0	0	0	161	182	223	37	0	2	0	1	0	191	124	0	4	0	1	0	29	205	20	0	1	0	1	0	19	64	0	1	0	0	
0	0	0	0	0	0	0	0	0	1	0	19	84	0	1	0	0	1	0	43	149	0	2	0	0	2	0	66	146	0	3	0	0	3	0	97	114	0	4	0	0	3	0	147	64	0	2	0	0	0	3	133	9	0	0	0	0	0	0	16	1	0	0	0	
0	0	0	0	0	0	0	0	0	1	0	30	41	58	78	23	0	3	0	177	217	169	132	23	0	3	0	123	82	0	3	0	0	46	74	52	122	0	7	1	0	7	168	147	156	2	0	0	0	0	0	145	181	1	0	1	0	1	2	0	0	0	0	0	
0	0	0	0	0	0	0	0	0	3	35	0	3	2	0	0	0	2	120	0	80	86	0	3	0	0	135	0	139	111	0	4	2	0	66	137	164	91	0	4	0	0	1	0	46	113	0	3	0	0	2	0	18	129	0	0	0	0	0	1	0	42	5	0	
0	0	0	8	19	0	0	0	0	2	0	138	181	0	3	0	3	0	61	253	58	0	2	0	4	0	157	142	88	189	1	0	4	0	152	180	233	250	32	0	3	0	55	252	255	117	0	3	0	1	0	82	107	0	0	0	0	0	1	0	0	2	0	0	
0	0	0	4	1	0	0	0	0	0	2	0	9	70	36	0	0	0	0	120	201	141	29	0	3	0	119	175	35	0	1	0	0	2	192	80	0	3	2	0	1	0	31	136	168	14	0	1	0	0	3	0	123	110	0	4	0	0	3	0	22	44	0	2	
0	2	4	3	0	1	0	0	0	0	0	0	12	8	0	0	0	105	179	186	228	176	0	0	0	67	171	96	84	219	7	0	0	0	0	0	199	144	0	4	0	6	0	108	251	27	0	2	2	0	23	240	92	0	3	0	2	0	45	158	0	1	0	0	
0	1	3	3	2	0	0	0	0	0	0	0	1	0	0	0	0	16	127	159	45	0	5	1	0	35	65	41	164	6	0	1	0	0	3	113	208	155	89	20	2	0	144	166	7	47	120	42	0	0	23	2	0	0	0	0	0	0	0	3	1	2	4	2	
0	0	0	0	0	0	0	0	0	1	0	16	38	87	116	0	0	2	0	146	245	218	39	0	0	2	0	173	239	44	0	2	2	0	38	239	110	0	4	0	0	0	191	211	38	0	2	0	0	6	175	193	33	0	2	0	0	0	8	35	0	0	0	0	
0	0	0	0	1	0	0	0	0	0	5	79	9	0	0	0	0	1	0	60	84	0	2	0	0	2	0	67	79	0	3	0	0	1	0	79	104	0	0	0	0	0	1	0	116	17	0	1	0	0	0	7	102	2	0	0	0	0	0	4	20	0	0	0	
0	0	1	1	0	1	1	0	0	1	0	23	88	24	0	1	1	0	18	181	184	230	35	0	2	0	55	217	177	219	18	0	0	0	0	87	253	75	0	3	0	1	0	132	170	0	3	0	2	0	47	249	43	0	6	1	1	0	28	86	0	1	0	0	
0	0	0	0	0	0	0	0	0	96	36	0	22	80	0	1	0	154	78	0	42	183	0	0	0	111	123	0	27	168	1	0	0	66	254	187	140	209	11	0	0	7	39	74	119	201	52	0	0	0	0	3	0	91	105	0	0	0	2	3	4	2	4	0	
0	0	2	3	4	0	0	0	0	1	1	0	0	9	0	0	3	0	93	171	142	228	42	0	0	26	244	145	159	238	14	0	0	54	165	0	180	135	0	4	0	2	0	68	216	9	0	1	0	1	0	209	129	0	4	0	1	0	10	153	29	0	1	0	
0	1	2	3	4	2	0	0	0	0	0	0	0	0	0	0	0	36	64	88	139	117	0	2	0	106	116	55	128	126	0	4	0	0	3	0	103	79	0	3	0	2	7	0	129	51	0	2	0	0	4	0	118	64	0	2	0	0	3	0	88	62	0	2	
0	0	1	2	0	0	0	0	0	0	0	0	5	95	8	0	1	0	38	85	42	182	0	0	4	0	135	130	139	94	0	3	1	0	24	136	197	4	0	1	0	4	0	115	129	0	4	0	1	0	5	170	34	0	1	0	0	0	6	24	0	1	0	0	
0	1	2	2	1	0	0	0	0	0	0	0	0	1	2	0	0	84	132	101	125	63	0	1	0	175	151	143	119	117	93	0	1	57	48	14	0	5	154	10	0	0	0	2	20	144	124	0	0	2	108	140	144	86	0	0	0	0	7	18	0	0	2	0	
0	0	1	1	0	2	0	0	0	1	0	144	171	0	0	0	2	0	40	237	245	145	0	2	5	0	122	208	30	232	18	0	5	0	127	185	47	246	15	0	3	0	73	215	228	162	0	2	0	2	0	128	199	17	0	1	0	0	1	0	0	2	0	0	
0	0	0	2	0	26	23	0	0	0	2	0	57	157	38	0	0	2	0	52	108	4	0	1	0	0	2	97	7	0	2	0	1	0	34	122	71	14	0	1	2	0	57	130	133	31	0	1	1	0	23	94	35	0	1	0	0	0	0	0	0	0	0	0	
0	0	1	1	0	1	0	0	0	0	4	3	0	66	45	0	2	0	167	92	0	195	83	0	0	4	208	40	27	210	9	0	2	0	145	157	191	157	0	4	1	0	6	96	254	69	0	3	0	3	0	56	220	17	0	1	0	0	0	12	26	0	0	0	
0	0	2	3	0	0	0	0	0	1	0	7	121	50	0	2	2	0	45	174	182	208	14	0	2	0	55	201	125	186	5	0	1	0	27	223	239	22	0	1	4	0	152	138	104	119	0	3	1	0	30	155	199	78	0	3	0	1	0	15	35	0	0	0	
0	0	0	0	0	2	0	0	0	1	0	100	201	17	0	1	2	0	34	246	252	104	0	3	4	0	117	222	24	185	14	0	4	0	137	151	12	227	27	0	4	0	119	209	212	198	0	0	1	0	10	182	169	21	0	1	0	0	0	0	0	0	0	0	
0	0	2	0	0	0	0	0	0	1	0	34	87	15	0	1	2	0	97	171	137	186	0	1	0	29	226	59	163	141	0	2	0	4	108	150	229	30	0	2	0	2	0	43	189	0	0	0	0	4	0	108	201	0	2	0	0	1	0	43	66	0	2	0	
0	0	0	0	0	0	0	0	0	0	3	0	89	89	0	3	0	0	3	0	167	110	0	4	0	1	0	23	219	35	0	2	0	4	0	126	189	0	2	0	1	0	1	223	97	0	3	0	0	0	1	152	31	0	1	0	0	0	0	0	1	0	0	0	
0	1	0	2	4	1	0	0	0	2	12	0	0	1	0	0	0	85	207	138	101	29	0	2	0	105	136	21	77	150	24	0	0	11	15	78	95	172	103	0	0	1	0	13	43	143	21	7	0	1	4	0	128	73	0	3	0	0	0	11	115	9	0	1	
0	0	2	2	0	0	0	0	0	0	0	0	59	27	0	1	2	0	97	209	255	146	0	4	1	0	52	87	130	170	0	3	0	0	1	0	204	97	0	3	0	3	0	102	210	0	0	1	0	1	0	207	87	0	3	0	0	0	0	78	15	0	0	0	
0	0	1	1	1	0	0	0	0	0	0	10	11	60	4	0	2	0	45	171	101	169	0	2	3	0	140	74	166	51	0	0	2	0	127	150	231	149	29	0	2	0	42	227	92	10	0	1	2	0	39	165	0	2	1	0	1	0	16	65	0	1	0	0	
0	0	0	2	0	0	0	0	0	0	0	0	63	26	0	1	0	2	0	110	236	86	0	4	1	0	6	197	227	54	0	3	0	1	0	86	228	23	0	1	0	3	0	73	160	0	3	0	0	2	0	178	80	0	3	0	0	0	0	72	12	0	0	0	
0	0	1	2	0	1	0	0	0	0	0	7	16	43	9	0	1	0	11	100	123	162	0	0	4	0	99	165	172	58	0	2	1	0	11	51	145	4	0	0	0	1	0	36	115	0	3	0	0	2	0	65	145	0	3	0	0	0	0	12	63	0	0	0	
0	0	1	0	0	0	0	0	0	0	1	16	35	83	128	47	2	0	56	228	223	188	123	31	4	0	96	127	0	3	0	0	0	16	25	143	23	0	5	1	0	75	121	81	132	0	3	0	0	0	162	235	117	0	3	0	0	0	5	27	2	0	0	0	
0	0	1	0	0	0	0	0	0	0	0	8	19	1	0	0	1	0	56	107	154	46	0	2	0	0	20	0	107	40	0	1	0	0	0	0	121	11	0	0	0	0	0	9	105	0	0	0	0	2	0	45	109	0	3	0	0	2	0	63	55	0	2	0	
0	0	0	0	0	0	0	0	0	1	0	9	155	21	0	1	0	2	0	45	244	33	0	2	0	2	0	52	222	12	0	1	0	4	0	122	211	0	1	0	1	0	7	228	118	0	4	0	1	0	26	190	29	0	1	0	0	0	0	0	0	0	0	0	
0	0	0	0	0	0	0	0	0	0	2	0	117	30	0	1	0	1	0	18	166	5	0	0	0	2	0	68	134	0	3	0	0	4	0	116	94	0	3	0	0	4	0	146	66	0	2	0	0	3	0	112	53	0	2	0	0	0	0	0	1	0	0	0	
0	0	1	0	0	1	0	0	0	0	2	11	0	78	35	0	3	0	101	125	0	186	45	0	3	0	154	75	66	175	0	2	1	0	15	104	225	61	0	3	0	2	0	67	184	0	1	0	0	2	0	163	88	0	3	0	0	0	0	25	7	0	0	0	
0	1	4	2	3	3	0	0	0	0	0	0	0	0	0	0	0	31	133	151	144	77	0	1	0	34	72	27	53	188	5	0	0	0	3	0	122	117	0	3	0	3	0	67	159	0	0	1	0	3	0	138	46	0	2	0	0	0	0	117	13	0	0	0	
1	0	39	26	0	1	0	0	3	0	72	200	21	0	1	0	0	4	0	145	170	0	4	0	0	3	4	197	133	0	3	0	0	69	255	255	131	15	11	7	0	28	181	97	159	209	208	73	0	0	0	0	0	20	32	2	0	1	3	4	3	0	0	0	
0	0	0	0	0	0	0	0	0	3	0	105	111	0	3	0	0	4	0	143	132	0	4	0	1	0	49	196	92	0	4	0	0	0	57	41	112	0	1	0	0	0	0	5	150	83	9	0	1	0	22	145	125	102	21	0	0	0	1	3	0	0	0	0	
0	0	1	0	0	3	1	0	0	0	2	74	78	0	4	1	2	0	145	193	139	173	138	0	2	0	169	44	97	229	23	0	2	0	34	211	206	22	0	1	3	0	64	248	70	0	4	0	4	0	143	214	102	0	3	0	1	0	25	122	59	0	2	0	
0	0	3	1	0	1	1	0	0	0	0	0	1	0	22	11	1	0	122	113	0	24	198	35	0	108	240	28	0	174	108	0	0	81	230	179	192	194	0	1	1	0	24	115	235	32	0	2	0	4	0	66	153	0	2	0	0	0	1	8	7	0	0	0	
0	0	2	0	0	2	0	0	0	1	0	65	37	0	1	0	2	0	106	205	218	81	0	3	3	0	108	189	238	112	0	4	0	0	1	23	191	48	0	2	0	2	0	42	191	1	0	1	0	4	0	143	144	0	4	0	0	2	0	63	43	0	1	0	
0	0	0	0	1	0	0	0	0	0	3	0	109	79	0	3	0	0	0	0	211	100	0	4	0	2	0	55	250	43	0	2	0	2	0	188	170	0	2	0	3	0	65	238	33	0	2	0	3	0	93	121	0	3	0	0	0	0	0	1	1	0	0	0	
0	1	3	0	0	1	0	0	0	0	0	1	0	36	141	0	0	21	91	4	0	142	164	0	0	159	183	0	31	225	57	0	0	173	204	160	234	171	0	3	0	16	61	47	222	69	0	3	0	1	0	30	147	1	0	0	0	1	3	1	0	1	0	0	
0	0	0	0	0	0	0	0	0	1	0	16	151	13	0	1	0	2	0	55	192	0	0	0	0	3	0	128	141	0	4	0	0	3	0	180	101	0	3	0	0	2	0	166	56	0	2	0	0	2	0	123	102	0	3	0	0	0	0	1	4	0	0	0	
0	0	0	0	0	0	0	0	1	0	6	108	165	103	2	0	1	0	17	165	171	254	37	0	1	0	20	172	203	169	0	2	1	0	8	120	240	50	0	2	0	61	149	1	207	116	0	4	0	13	178	242	212	43	0	2	0	0	0	28	16	0	1	0	
0	0	0	0	0	0	0	0	0	0	2	0	70	30	0	1	0	0	0	0	167	33	0	1	0	2	0	47	157	0	2	0	0	3	0	103	106	0	3	0	0	3	0	129	51	0	2	0	0	1	0	137	23	0	1	0	0	0	0	15	4	0	0	0	
0	0	0	0	1	0	0	0	0	0	2	0	68	67	0	2	0	0	0	0	208	98	0	3	0	2	0	48	205	8	0	1	0	3	0	150	120	0	3	0	2	0	42	210	18	0	1	0	4	0	105	149	0	3	0	0	1	0	16	16	0	0	0	0	
0	0	1	2	3	0	0	0	0	0	0	1	0	33	72	18	0	0	10	36	112	115	55	11	4	0	133	228	47	0	1	0	1	0	16	99	82	0	3	0	0	0	0	0	119	10	0	0	0	19	53	75	97	0	2	0	0	3	69	85	8	0	1	0	
0	0	3	3	0	0	0	0	0	0	0	0	7	6	0	0	0	0	73	167	234	131	0	3	0	32	207	90	117	158	0	4	0	2	5	0	164	88	0	3	0	2	0	53	203	6	0	1	0	2	0	172	102	0	3	0	1	0	11	147	13	0	1	0	
0	0	2	1	0	0	0	0	0	0	2	0	43	76	0	2	0	13	158	0	142	211	0	2	1	0	196	83	192	151	0	4	2	0	47	209	255	67	0	3	0	3	0	74	234	17	0	1	0	3	0	80	163	0	2	0	0	0	0	12	12	0	0	0	
0	0	0	0	0	0	0	0	0	1	0	32	91	27	90	3	1	0	15	159	150	239	91	0	1	0	41	109	135	128	0	1	1	0	11	222	121	0	4	0	2	0	133	202	23	0	1	0	0	10	180	182	51	0	2	0	1	0	29	43	0	0	0	0	
0	0	0	0	0	0	0	0	0	1	0	81	59	0	2	0	0	2	0	192	127	0	4	0	0	4	0	135	145	0	4	0	0	3	0	86	172	0	3	0	0	2	0	36	207	13	0	1	0	1	0	4	214	50	0	2	0	0	0	0	30	10	0	0	
0	0	0	0	0	0	0	0	0	25	114	15	0	1	1	1	0	23	134	125	0	7	1	0	3	0	73	99	0	0	42	71	0	35	206	63	70	133	182	51	1	0	76	168	155	101	20	0	0	0	0	0	0	0	1	1	0	0	3	3	3	4	1	0	
0	0	0	0	0	0	0	0	0	1	95	137	144	78	0	0	1	0	206	196	142	114	1	0	4	0	108	222	158	69	0	2	2	0	50	176	55	190	37	0	1	0	25	80	0	135	123	0	2	0	30	193	182	192	39	0	0	1	0	34	55	12	0	1	
0	0	1	0	0	1	0	0	0	0	3	6	0	101	73	0	3	0	76	127	0	197	53	0	0	4	204	62	90	207	0	2	0	60	255	182	236	82	0	4	0	6	66	129	200	2	0	1	0	2	0	75	103	0	3	0	0	0	4	2	0	0	0	0	
0	0	0	1	0	2	0	0	0	2	0	138	132	0	1	0	0	0	8	112	175	162	0	2	2	0	51	132	8	202	14	0	4	0	99	147	2	183	7	0	4	0	92	203	131	115	0	3	1	0	4	179	183	8	0	1	0	0	0	0	0	2	0	0	
0	0	0	0	0	0	0	0	1	0	18	138	155	126	8	0	2	0	41	167	177	248	18	0	0	3	0	21	211	81	0	2	0	3	0	55	203	8	0	1	0	107	54	0	186	76	0	3	0	50	196	216	193	9	0	1	1	0	25	58	8	0	0	0	
0	0	0	1	1	0	0	0	3	0	64	209	161	5	0	1	3	0	113	118	174	7	0	1	0	1	0	136	253	92	0	2	1	0	13	143	68	214	40	0	1	0	126	37	60	209	13	0	2	0	102	189	166	50	0	2	0	0	0	1	0	1	1	0	
0	0	0	1	27	3	0	0	0	1	0	21	188	12	0	1	0	4	0	131	169	0	2	0	0	0	0	202	69	0	3	0	1	0	26	184	138	79	0	3	0	1	0	185	255	102	0	4	0	2	0	62	111	4	0	1	0	0	0	0	0	0	0	0	
0	0	0	0	0	0	0	0	0	2	0	49	162	5	0	1	0	4	0	142	213	0	1	0	0	3	0	169	195	0	2	0	0	4	0	165	202	0	2	0	0	4	0	107	240	6	0	1	0	2	0	34	188	26	0	1	0	0	0	1	0	0	0	0	
0	0	1	2	0	0	0	0	0	0	0	0	72	35	0	1	1	0	14	152	220	51	0	2	4	0	113	219	201	38	0	2	3	0	57	190	235	44	0	2	0	2	0	61	193	0	1	0	0	2	0	177	105	0	3	0	0	1	0	76	22	0	1	0	
0	0	0	0	0	1	1	0	0	1	49	83	145	45	0	2	0	22	242	246	134	207	23	0	0	53	233	66	0	159	141	0	0	70	219	0	0	85	202	0	0	25	212	22	2	190	145	0	3	0	125	160	146	140	9	0	0	0	1	44	14	0	1	0	
0	0	1	3	0	0	0	0	0	0	0	5	64	16	0	1	1	0	10	118	168	117	0	2	2	0	54	184	197	137	0	3	0	0	2	76	212	51	0	2	0	3	0	89	183	0	2	0	1	0	1	204	58	0	2	0	0	0	6	73	4	0	0	0	
0	0	0	0	0	1	0	0	1	0	26	141	83	0	2	0	1	0	30	36	132	42	0	2	0	0	3	0	100	72	0	3	0	4	92	143	211	116	42	2	0	106	205	63	29	68	87	13	0	17	5	0	0	0	0	0	0	0	2	3	1	3	3	0	
0	0	0	1	0	0	0	0	0	1	0	0	158	174	104	11	0	2	0	55	222	107	69	15	0	21	0	83	149	0	3	0	0	117	68	0	154	30	0	2	0	53	206	60	182	104	0	4	2	0	78	215	189	31	0	2	0	1	0	0	0	0	0	0	
0	0	0	1	0	0	0	0	0	2	0	53	130	120	63	0	0	0	2	130	51	63	23	0	2	0	64	142	34	5	0	0	3	0	86	141	107	84	0	3	0	0	14	0	72	84	0	3	2	0	55	141	121	6	0	1	0	0	3	48	12	0	0	0	
0	0	0	0	0	0	0	0	0	8	24	5	109	78	0	1	0	24	61	113	255	199	17	0	0	3	0	177	187	15	0	1	2	0	38	255	95	0	4	0	3	0	84	120	131	22	0	1	2	0	44	165	195	53	0	2	0	1	0	35	52	1	0	0	
0	0	0	0	0	0	0	0	0	1	0	48	60	0	1	0	1	0	10	164	211	27	0	1	2	0	38	183	211	35	0	2	0	0	0	104	192	0	0	0	0	1	0	40	159	0	2	0	0	2	0	72	161	0	3	0	0	1	0	27	63	0	1	0	
0	0	1	0	62	11	0	0	0	2	0	69	200	4	0	1	0	1	0	189	90	0	3	0	1	0	29	178	3	0	0	0	2	0	52	117	84	140	0	2	1	0	11	179	251	174	0	3	0	1	0	36	78	9	0	1	0	0	0	0	0	0	0	0	
0	0	1	1	0	0	0	0	0	1	0	39	46	0	1	0	1	0	22	159	152	0	3	0	2	0	107	129	193	9	0	1	2	0	126	174	197	47	0	2	0	0	11	1	139	45	0	2	0	0	4	0	152	57	0	2	0	0	2	0	48	25	0	1	
0	0	2	1	0	0	0	0	0	0	1	0	54	47	0	1	2	0	78	131	138	139	0	4	1	0	53	15	132	93	0	3	0	2	0	42	211	16	0	1	0	3	0	132	119	0	3	0	1	0	16	203	30	0	1	0	1	0	15	68	0	1	0	0	
0	3	3	3	3	3	1	0	0	0	0	0	0	0	0	0	31	155	151	185	177	187	76	0	7	81	78	51	42	223	92	0	0	0	3	0	113	183	0	0	0	6	0	105	224	12	0	1	2	0	40	227	49	0	3	0	3	0	65	189	0	2	0	0	
0	0	0	0	0	0	2	0	0	0	58	132	156	67	0	2	0	0	159	255	250	239	48	0	3	0	110	249	7	145	188	0	0	0	227	113	0	209	162	0	0	3	218	138	211	238	37	0	1	0	163	255	164	21	0	1	1	0	14	37	0	0	2	0	
2	0	83	48	0	1	0	0	3	0	98	219	16	0	1	0	0	3	0	155	109	0	6	0	0	2	0	72	171	0	2	0	0	2	0	57	210	63	62	6	2	0	35	224	237	189	127	13	1	0	16	72	18	0	0	0	0	0	0	0	0	2	3	0	
0	0	1	0	40	12	0	0	0	2	0	62	213	15	0	1	1	0	1	206	94	0	3	0	3	0	74	190	1	31	0	0	4	0	125	121	172	250	21	0	4	0	89	207	247	144	0	1	1	0	14	141	74	0	0	0	0	0	0	0	0	2	0	0	
0	0	1	0	0	1	0	0	1	0	77	13	0	3	0	0	0	12	140	0	47	135	0	2	0	51	99	0	11	163	8	0	0	87	150	78	103	167	8	0	0	23	86	50	50	157	1	0	0	0	0	0	0	131	13	0	0	1	3	2	0	13	2	0	
0	0	0	0	0	0	0	0	0	1	0	30	125	109	93	0	0	3	0	75	241	254	98	0	0	3	0	113	253	74	0	2	3	0	67	232	175	4	1	0	1	0	197	88	135	25	0	1	0	3	184	209	157	0	1	0	0	0	14	54	14	0	1	0	
0	0	3	2	1	1	0	0	0	0	0	4	8	0	0	0	0	0	96	180	179	20	0	1	0	5	125	44	89	76	0	3	0	0	3	0	116	61	0	2	0	0	3	3	152	16	0	1	0	1	0	34	155	0	2	0	0	1	0	24	80	0	2	0	
1	0	15	44	3	0	0	0	3	0	52	255	181	14	0	1	0	1	3	29	210	136	0	5	0	1	4	0	204	125	0	4	0	85	203	170	254	105	88	21	0	130	255	236	214	213	187	21	0	15	96	35	4	2	0	0	0	0	0	0	0	0	2	1	
0	0	2	1	0	0	0	0	0	2	0	29	73	4	0	0	2	0	76	160	134	86	0	3	0	30	165	2	110	154	0	4	0	71	171	103	164	163	0	3	0	0	68	32	55	145	0	3	0	0	3	0	83	117	0	4	0	0	4	0	31	35	0	1	
0	0	0	4	26	1	0	0	0	3	0	105	229	13	0	1	1	0	2	218	101	0	2	0	3	0	89	183	0	27	17	0	4	0	155	72	8	247	134	0	4	0	140	158	164	255	71	0	1	0	24	153	142	48	0	0	0	0	1	0	0	0	1	0	
0	0	2	1	0	1	0	0	0	0	0	19	5	3	2	0	2	0	61	102	5	102	0	0	0	0	188	133	134	185	10	0	0	0	10	95	210	97	31	0	0	3	0	88	99	0	3	0	1	0	18	160	12	1	2	0	2	0	42	86	0	2	0	0	
0	0	0	0	0	0	0	0	0	0	1	107	149	105	3	0	1	0	11	160	158	229	24	0	0	2	0	49	251	110	0	3	0	8	2	22	194	55	0	2	0	31	167	0	142	120	0	4	2	0	124	225	191	17	0	1	0	0	0	37	13	0	1	0	
0	0	0	15	27	0	0	0	1	0	3	191	221	62	0	3	0	0	7	27	37	170	0	0	1	0	33	98	139	196	0	1	0	91	215	185	255	236	45	0	0	122	211	204	190	86	88	0	0	5	104	92	7	0	1	0	0	1	0	0	1	3	2	0	
0	0	1	2	0	0	0	0	0	0	0	1	60	74	2	0	1	0	28	135	204	177	1	0	3	0	81	216	212	67	0	3	1	0	6	117	202	3	0	1	0	2	0	166	95	0	3	0	4	0	104	188	0	1	0	0	2	0	69	48	0	2	0	0	
0	0	0	0	0	0	0	0	0	1	0	43	127	0	0	0	0	4	0	130	222	0	0	1	0	4	0	113	233	3	0	1	0	4	0	125	218	0	0	1	0	4	0	106	223	0	0	1	0	3	0	79	118	0	2	0	0	0	0	0	0	0	0	0	
0	0	0	0	0	0	0	0	1	0	17	85	136	125	24	0	4	0	94	246	114	188	109	0	0	0	9	3	102	189	26	0	0	2	0	31	210	157	0	2	0	95	60	0	150	132	0	2	0	56	184	196	126	1	0	0	1	0	36	41	0	2	0	0	
0	0	2	1	0	3	0	0	0	1	0	50	86	0	1	0	2	0	45	194	168	100	12	0	3	0	139	134	128	21	8	0	3	0	93	208	183	62	0	2	0	3	0	69	135	132	3	0	0	1	0	7	195	135	0	3	0	0	1	0	25	14	0	1	
0	0	0	0	0	0	0	0	0	2	154	189	53	0	2	0	0	16	162	190	185	0	4	2	0	2	0	159	178	0	2	0	3	0	114	186	0	4	46	91	3	0	180	180	154	229	197	74	2	0	52	153	131	70	6	0	0	0	0	0	0	0	1	2	
0	0	1	2	0	0	0	0	0	0	0	1	107	33	0	1	0	0	7	81	138	83	0	3	3	0	94	48	111	133	0	4	3	0	105	155	232	64	0	3	0	1	0	88	202	1	0	1	0	3	0	112	112	0	3	0	0	0	0	14	7	0	0	0	
0	0	0	0	0	0	0	0	0	0	0	35	73	73	62	0	3	0	155	225	235	255	104	0	3	0	129	156	221	118	0	3	2	0	40	255	143	0	4	0	4	0	164	247	85	0	3	0	2	0	73	215	160	0	3	0	0	1	0	39	76	0	1	0	
0	0	0	1	0	0	0	0	0	1	0	26	118	8	0	1	0	4	0	119	255	39	0	2	0	0	5	137	157	26	0	1	2	0	44	111	87	35	0	1	3	0	68	94	115	29	0	1	2	0	40	190	102	0	2	0	0	0	0	35	6	0	0	0	
0	0	0	7	27	0	0	0	0	2	0	140	190	0	2	0	2	0	41	226	35	0	2	0	4	0	109	162	0	14	4	0	4	0	126	105	11	255	132	0	3	0	65	245	245	219	46	0	0	1	0	97	136	44	0	2	0	0	1	0	0	2	2	0	
0	1	4	2	0	0	0	0	0	0	0	2	33	48	37	2	0	22	117	134	95	56	128	35	0	40	147	129	36	68	67	0	0	2	0	38	204	87	0	2	1	0	68	87	109	66	0	3	0	11	124	55	108	14	0	1	1	0	45	68	6	0	0	0	
0	0	0	0	1	0	0	0	0	0	2	0	48	75	0	2	0	0	3	0	168	158	0	4	0	2	0	34	229	42	0	2	0	3	0	145	180	0	2	0	1	0	3	216	73	0	3	0	2	0	36	198	8	0	1	0	0	0	1	20	1	0	0	0	
0	0	1	4	1	0	0	0	0	1	117	117	31	35	0	0	2	0	125	127	78	88	0	2	0	1	0	112	190	0	0	0	0	2	0	48	213	47	0	2	0	4	0	119	126	123	0	3	0	3	0	88	171	89	0	3	0	0	0	0	10	2	0	0	
0	1	4	3	0	0	0	0	0	0	1	0	26	62	3	0	0	24	109	163	238	251	35	0	0	35	195	112	152	187	0	1	0	0	1	0	197	83	0	3	0	4	0	125	204	0	0	0	2	0	25	237	66	0	3	0	1	0	20	98	5	0	0	0	
0	0	1	1	0	0	0	0	0	2	0	37	125	127	22	0	1	0	12	193	131	113	115	0	3	0	131	76	0	34	128	0	0	40	151	0	0	104	72	0	0	77	131	0	91	161	2	0	0	43	170	139	149	17	0	1	1	0	41	41	0	2	1	0	
0	0	1	0	0	1	0	0	0	0	1	2	0	22	40	0	3	0	119	74	0	166	125	0	0	21	236	60	47	219	12	0	0	14	155	189	241	135	0	2	0	3	0	99	194	0	1	0	0	3	0	179	94	0	3	0	0	1	0	63	25	0	1	0	
0	0	0	2	5	0	0	0	1	0	50	151	144	90	0	1	3	0	145	64	0	167	52	0	2	0	56	124	87	146	0	0	0	3	0	138	233	53	0	2	3	0	85	146	22	186	37	0	3	0	89	147	108	59	0	1	0	0	0	11	4	0	0	0	
0	0	1	1	0	0	0	0	0	1	0	16	85	107	131	8	1	0	27	192	212	255	114	0	3	0	71	166	199	116	0	2	2	0	22	249	160	0	4	1	4	0	92	255	111	0	3	0	4	0	89	251	191	1	0	1	0	0	3	30	28	0	0	0	
0	0	0	5	44	0	0	0	0	2	0	54	98	0	2	0	0	2	0	102	24	0	1	0	1	0	20	101	44	46	0	1	2	0	49	142	50	101	0	0	2	0	55	126	85	49	0	2	0	0	0	65	47	0	1	0	0	0	0	0	0	1	0	0	
0	0	0	2	0	0	0	0	0	0	0	1	74	154	57	0	0	1	0	167	255	237	67	0	1	0	20	242	216	30	0	2	3	0	108	255	56	0	5	0	0	4	211	170	141	0	2	0	2	0	126	191	186	0	1	0	0	0	0	20	23	0	1	0	
0	0	1	1	0	0	0	0	0	2	0	31	205	150	0	0	1	0	0	187	183	207	29	0	4	0	110	144	0	139	50	0	1	0	180	40	0	175	33	0	1	0	179	55	145	174	0	2	3	0	82	208	163	19	0	1	0	0	0	2	0	1	0	0	
0	0	1	2	0	0	0	0	0	0	0	0	56	41	0	1	0	4	9	156	230	182	0	2	3	0	84	191	146	184	0	3	3	0	62	219	255	101	0	4	0	2	0	69	232	18	0	1	0	4	0	152	153	0	3	0	0	2	0	59	30	0	1	0	
0	0	0	2	0	3	0	0	0	0	1	2	18	0	0	0	0	1	0	101	109	85	20	0	3	0	99	164	105	166	0	0	2	0	56	109	180	51	0	2	0	1	0	18	124	0	1	0	0	3	0	91	87	0	3	0	0	2	0	87	36	0	1	0	
0	0	1	0	0	0	2	0	0	3	0	123	162	53	1	0	3	0	57	254	254	255	116	0	1	0	192	213	50	131	205	0	0	82	228	11	3	226	136	0	0	93	215	115	239	213	15	0	1	0	159	208	104	13	0	1	0	0	0	0	0	1	1	0	
0	0	2	0	0	0	0	0	0	0	1	17	26	5	0	0	0	3	126	112	144	109	0	4	0	22	133	0	56	102	0	4	0	7	32	24	124	79	0	2	0	0	7	81	187	97	0	2	0	0	2	0	120	11	0	0	0	0	0	3	88	8	0	0	
0	0	0	0	0	0	0	0	0	2	0	91	202	90	0	3	0	2	0	96	228	136	0	4	0	2	0	50	250	50	0	2	0	28	45	0	87	176	0	0	0	54	177	19	156	169	0	0	2	0	107	211	155	7	0	1	0	1	0	0	0	2	0	0	
0	0	0	0	0	0	0	0	2	0	67	125	108	39	0	1	1	0	25	46	189	115	0	4	1	0	9	104	78	1	0	0	2	0	54	211	47	0	1	0	0	1	0	44	129	143	3	0	0	0	2	85	142	159	8	0	0	1	0	30	67	12	0	1	
0	0	0	0	0	0	0	0	1	0	21	145	215	132	0	3	2	0	49	178	250	137	0	4	0	4	0	51	255	129	0	2	0	0	2	0	39	222	13	0	0	136	96	70	200	162	0	2	0	105	227	199	129	8	0	1	0	0	0	0	0	1	0	0	
0	0	2	0	0	0	0	0	0	1	0	37	96	129	63	0	0	0	126	145	131	234	89	0	0	87	121	0	0	55	86	0	0	123	17	3	0	86	119	0	4	131	9	0	41	142	26	0	0	107	124	123	138	29	0	1	0	12	63	53	5	0	2	0	
0	0	1	1	0	1	0	0	0	1	0	31	87	9	0	1	1	0	19	165	153	125	0	3	2	0	61	137	142	170	0	4	0	0	1	107	234	58	0	3	0	2	0	53	176	0	1	0	0	3	0	157	108	0	3	0	0	1	0	74	21	0	1	0	
0	0	0	0	0	0	0	0	0	2	0	48	93	0	3	0	0	2	0	66	115	0	3	0	0	3	0	73	88	0	3	0	0	3	0	73	84	0	3	0	0	2	0	43	145	0	2	0	0	0	0	12	123	2	0	0	0	0	0	0	0	0	0	0	
0	0	0	0	0	0	1	0	2	0	68	184	191	33	0	2	1	0	198	255	245	214	14	0	0	54	255	120	13	240	84	0	0	43	255	39	57	255	152	0	1	0	189	219	244	243	41	0	2	0	43	213	197	52	0	2	0	0	1	0	0	0	0	0	
0	0	2	1	2	0	2	0	0	0	3	5	1	42	9	0	3	0	120	117	124	173	141	0	0	43	179	89	58	0	160	57	0	136	90	0	0	85	165	7	0	133	120	39	132	169	29	0	0	31	148	129	81	9	0	1	0	0	0	0	0	2	2	0	
0	0	0	1	0	0	0	0	0	1	0	24	116	165	138	10	0	3	0	185	203	101	43	3	1	0	3	189	33	0	1	0	0	78	28	99	106	0	5	0	0	54	210	137	209	28	0	1	2	0	63	155	181	51	0	2	0	1	0	0	0	0	0	0	
0	1	0	38	17	0	1	0	1	0	13	138	7	0	2	0	3	0	74	135	0	30	0	0	4	0	121	85	95	196	61	0	4	0	111	84	126	127	112	0	4	0	93	176	223	192	8	0	0	0	1	63	64	18	0	1	0	0	0	0	0	1	1	0	
0	0	6	15	0	0	0	0	3	0	81	212	28	0	2	1	0	3	0	152	109	0	6	0	1	0	19	192	29	0	2	25	0	0	186	220	100	131	165	117	0	5	164	179	179	175	78	4	0	0	0	0	0	0	0	1	0	0	3	3	3	4	3	0	
0	0	2	0	0	1	2	0	0	1	0	91	160	37	0	2	1	0	153	243	155	198	53	0	0	48	255	110	0	136	159	0	0	38	245	55	0	134	118	0	4	0	153	127	0	223	58	0	1	0	25	159	212	166	0	3	0	1	0	13	53	13	0	1	
0	0	0	3	3	0	0	1	0	0	0	0	0	2	3	0	0	3	0	74	170	172	157	54	0	1	0	167	100	21	11	6	0	47	41	98	35	0	1	0	0	32	168	166	126	0	4	0	1	0	18	100	36	0	1	0	0	1	1	0	0	0	0	0	
0	0	10	37	0	0	0	0	3	0	142	201	0	3	2	0	0	20	224	53	0	2	0	1	0	86	194	0	27	94	42	0	0	34	191	113	222	158	223	76	3	0	77	254	184	107	187	57	0	1	0	13	26	41	11	0	0	0	2	1	0	0	2	2	
0	1	12	16	11	0	0	0	0	2	1	180	132	0	4	0	3	0	57	255	217	27	0	1	4	0	125	207	138	212	4	0	4	0	149	183	0	238	73	0	3	0	75	239	232	236	29	0	0	1	0	91	148	33	0	1	0	0	1	0	0	1	1	0	
0	0	1	1	0	52	25	0	0	1	0	9	137	147	71	0	0	1	0	130	80	0	2	0	3	0	89	141	11	18	0	0	3	0	162	130	120	123	4	0	3	0	149	103	58	158	9	0	2	0	36	140	111	32	0	1	0	0	0	0	0	0	0	0	
0	0	2	0	0	2	0	0	0	1	0	42	72	0	0	0	2	0	108	231	185	114	0	2	0	10	208	57	117	207	0	1	1	0	125	187	255	112	0	4	0	0	0	46	214	32	0	2	0	4	0	124	163	0	3	0	0	2	0	55	42	0	1	0	
0	0	0	0	0	0	0	0	0	0	6	9	10	4	0	0	1	0	35	70	55	47	0	2	1	0	41	27	35	75	23	14	0	0	108	80	115	132	72	35	0	37	122	27	14	50	0	1	0	3	2	0	1	3	3	1	0	0	3	1	0	0	0	0	
0	0	1	0	1	1	0	0	0	0	7	5	0	34	3	0	3	0	131	49	21	183	2	0	0	0	154	2	127	130	0	4	2	0	72	170	214	26	0	1	0	2	0	77	176	0	2	0	0	4	0	135	106	0	3	0	0	2	0	52	34	0	1	0	
0	0	2	0	0	1	0	0	0	0	0	2	0	34	17	0	1	0	93	14	1	160	21	0	3	0	144	52	56	136	0	4	1	0	27	140	195	59	0	2	0	1	0	18	151	3	0	0	0	2	0	61	108	0	3	0	0	1	0	34	32	0	1	0	
0	0	0	0	1	0	0	0	0	0	1	0	37	86	0	2	0	0	4	0	139	127	0	4	0	1	0	35	187	9	0	1	0	4	0	137	127	0	4	0	1	0	12	176	23	0	1	0	2	0	62	169	0	3	0	0	0	0	6	22	0	0	0	0	
0	0	0	0	0	0	0	0	1	0	26	12	0	41	7	0	1	0	185	64	0	185	59	0	0	58	238	105	127	215	25	0	0	44	182	155	181	150	0	3	0	0	3	0	156	89	0	3	0	2	0	20	196	22	0	1	0	0	0	13	74	0	0	0	
0	0	0	0	0	0	0	0	0	1	0	29	206	97	0	3	1	0	0	189	255	90	0	3	3	0	79	241	227	52	0	2	4	0	151	153	181	98	0	4	4	0	135	195	242	83	0	4	2	0	28	207	180	17	0	1	0	0	1	0	0	0	0	0	
0	1	2	0	0	3	1	0	0	1	1	26	29	1	0	0	0	28	174	163	147	138	10	0	0	165	80	10	114	241	69	0	0	153	147	157	81	154	29	0	0	11	31	0	56	150	0	3	0	1	3	0	146	80	0	3	0	1	3	0	114	37	0	1	
0	0	0	0	0	0	0	0	0	0	0	58	144	53	0	2	4	0	95	223	185	206	0	0	1	0	17	40	198	117	0	3	0	2	0	34	222	58	0	3	0	7	120	0	132	137	0	4	3	0	99	218	219	51	0	2	0	0	0	44	25	0	1	0	
0	0	2	1	0	0	0	0	0	1	0	25	75	46	0	0	2	0	64	162	79	139	12	0	0	14	164	29	9	129	3	0	0	41	122	10	162	166	0	3	0	5	111	108	93	98	0	3	0	0	3	0	71	89	0	3	0	0	3	0	30	39	0	1	
0	0	1	1	0	0	0	0	0	1	0	10	68	56	0	0	1	0	15	175	184	203	0	0	0	0	15	32	144	116	0	3	0	2	0	62	202	1	0	1	0	0	0	181	80	0	3	0	3	0	77	201	0	1	0	0	1	0	33	51	0	1	0	0	
0	0	0	6	7	0	0	0	2	0	51	136	133	42	0	2	1	0	28	14	31	146	0	0	0	1	1	1	0	126	18	0	1	0	57	89	66	165	18	0	0	43	134	79	211	97	28	0	0	22	122	117	32	0	1	0	0	0	10	5	0	4	1	0	
0	0	0	4	2	0	0	0	0	0	0	0	1	28	39	12	0	1	0	97	197	186	137	38	1	0	31	191	55	3	0	0	0	23	17	93	16	0	3	1	0	50	131	123	135	0	3	0	2	0	89	183	104	0	2	0	0	0	0	0	0	0	0	0	
0	0	0	0	0	0	0	0	0	1	0	26	98	0	2	0	0	1	0	30	128	0	2	0	0	1	0	35	104	0	3	0	0	2	0	70	121	0	3	0	0	3	0	85	102	0	3	0	0	3	0	74	113	0	2	0	0	0	0	1	4	0	0	0	
0	0	0	3	3	2	1	0	0	0	0	1	0	93	19	0	0	1	0	81	181	129	0	3	0	0	3	157	206	34	0	2	0	3	0	169	111	0	3	0	3	0	62	237	65	0	3	0	3	0	70	193	63	0	3	0	0	0	0	2	0	0	0	0	
0	2	0	0	1	1	0	0	0	0	29	27	1	1	0	0	0	91	148	121	139	18	0	1	0	134	123	0	73	106	0	2	0	3	114	144	169	144	0	3	0	1	1	0	48	157	0	2	0	1	4	0	23	186	10	0	0	0	0	1	0	124	24	0	
0	1	3	3	1	1	0	0	0	0	0	0	8	8	0	0	0	22	162	194	232	194	1	0	0	123	246	124	133	224	8	0	0	22	33	0	132	176	0	3	0	1	0	12	231	83	0	3	0	4	0	149	204	0	0	1	0	2	0	135	65	0	2	0	
0	0	1	0	27	44	0	1	0	1	5	0	143	66	0	3	0	4	0	120	207	58	12	0	0	3	128	240	189	190	191	13	0	107	255	120	0	103	202	13	0	52	147	231	220	176	22	0	0	0	0	62	58	0	1	0	0	2	3	0	0	2	2	0	
0	1	4	4	1	0	0	0	0	0	1	0	14	51	2	0	0	16	142	166	211	254	37	0	0	32	200	129	145	220	2	0	0	1	0	0	208	117	0	4	0	4	0	122	207	0	0	1	1	0	15	231	68	0	3	0	0	0	10	84	6	0	0	0	
0	0	0	0	0	0	0	0	0	0	2	0	66	105	0	3	0	0	3	0	162	85	0	3	0	1	0	25	180	10	0	1	0	3	0	122	136	0	3	0	0	0	0	215	100	0	3	0	1	0	13	151	22	0	1	0	0	0	0	0	1	0	0	0	
0	0	1	1	0	2	1	0	0	0	0	19	38	0	41	22	2	0	46	206	187	176	181	27	2	0	50	187	184	180	15	0	3	0	66	255	125	0	3	1	4	0	120	194	92	0	5	0	2	0	27	234	114	0	4	0	0	1	0	81	37	0	1	0	
0	0	1	1	0	1	0	0	0	1	0	23	32	0	1	0	1	0	18	181	218	48	0	2	5	0	126	159	189	112	0	4	3	0	60	201	235	31	0	2	0	1	0	25	207	14	0	1	0	0	0	13	192	22	0	1	0	0	1	0	60	13	0	0	
2	0	45	118	18	0	1	0	3	0	99	235	175	4	0	1	0	3	0	31	242	45	0	2	0	3	0	68	226	9	0	1	0	37	65	145	235	148	101	9	0	48	255	254	240	218	188	49	1	0	48	61	17	0	0	0	0	0	0	0	0	2	3	1	
0	2	2	0	0	3	0	0	0	0	0	0	0	0	1	0	0	29	213	119	0	53	2	0	0	136	231	23	31	251	153	0	0	117	252	109	58	222	255	36	0	8	128	232	231	189	103	6	0	1	1	3	19	4	0	0	0	1	4	1	0	2	4	0	
0	0	2	0	0	1	0	0	0	1	0	62	66	0	0	0	3	0	107	176	210	101	0	3	3	0	133	162	231	107	0	4	0	0	6	69	226	48	0	2	0	2	0	48	213	13	0	1	0	4	0	161	143	0	3	0	0	2	0	58	36	0	1	0	
0	0	0	0	0	0	0	0	0	1	0	25	123	24	0	1	0	3	0	88	110	118	63	0	0	3	0	103	29	102	40	0	0	3	0	113	170	55	0	2	2	0	44	178	68	0	3	0	3	0	60	157	38	0	2	0	0	0	0	39	9	0	0	0	
0	0	3	3	0	0	0	0	0	0	1	0	28	39	0	1	1	0	66	171	241	179	0	3	0	0	148	120	173	128	0	4	0	2	0	36	211	23	0	1	0	2	0	190	121	0	3	0	3	0	65	202	4	0	1	0	1	0	40	58	0	2	0	0	
0	0	3	0	1	2	0	0	0	0	0	20	14	0	0	0	0	0	114	137	147	65	0	2	0	36	208	82	193	101	0	4	1	0	55	71	163	67	0	3	0	0	4	0	134	108	0	4	0	0	6	0	96	149	0	4	0	0	2	0	44	116	0	2	
0	0	0	0	0	0	0	0	0	0	1	0	104	63	0	2	0	0	1	0	218	154	0	4	0	2	0	52	255	90	0	4	0	3	0	169	236	13	0	1	1	0	13	247	120	0	4	0	1	0	13	215	51	0	2	0	0	0	0	25	6	0	0	0	
0	2	0	0	0	0	0	0	1	0	64	156	197	142	1	0	0	94	185	53	33	190	73	0	0	133	218	113	69	33	18	0	3	0	129	236	219	154	0	2	3	0	92	223	74	230	126	0	0	0	0	108	192	165	50	0	0	0	1	0	0	0	0	0	
1	0	29	110	18	0	1	0	4	0	89	239	152	0	2	0	0	5	0	134	190	0	6	2	2	0	36	237	75	0	3	0	0	41	246	154	0	40	94	38	0	28	223	212	208	245	187	36	1	0	14	79	87	37	0	1	0	1	1	0	0	0	2	2	
0	0	2	0	0	0	0	0	0	2	0	60	150	168	50	0	3	0	103	255	207	132	188	20	0	46	255	203	22	0	170	59	0	142	255	41	0	19	203	34	0	77	252	180	134	223	173	0	1	0	63	161	183	107	7	0	0	1	0	0	0	0	1	0	
0	0	0	4	24	0	0	0	0	3	0	74	223	14	0	1	1	0	7	215	99	0	2	0	3	0	92	184	0	2	0	0	4	0	111	88	44	58	0	1	3	0	56	179	255	183	0	2	0	1	0	87	151	41	0	2	0	0	1	0	0	0	0	0	
0	0	1	0	0	0	0	0	0	0	0	79	86	97	25	0	2	0	53	122	57	53	6	0	4	0	127	142	90	33	0	1	0	0	17	23	37	120	20	0	1	0	34	19	0	123	49	0	2	0	125	119	114	101	0	1	0	0	6	56	32	0	1	0	
0	0	1	0	0	1	0	0	0	0	3	36	0	12	15	0	3	0	74	186	0	160	115	0	0	0	179	47	28	223	23	0	0	9	195	143	209	176	0	1	2	0	50	148	212	10	0	1	0	4	0	118	127	0	4	0	0	1	0	49	29	0	1	0	
0	0	2	0	0	0	0	0	0	2	0	101	197	15	0	1	3	0	91	215	192	26	0	1	2	0	177	97	164	11	0	0	2	0	57	193	220	12	0	1	0	1	0	41	226	206	20	0	0	0	4	0	63	220	56	0	0	0	0	2	1	0	0	0	
0	0	0	34	15	0	1	0	3	0	73	255	156	0	1	0	2	0	54	85	200	21	0	1	0	3	0	133	185	0	3	1	2	0	56	222	52	0	3	0	2	0	190	243	178	239	158	0	1	0	29	125	149	84	47	0	0	0	0	0	0	0	0	0	
0	0	0	1	0	0	0	0	0	0	0	12	7	90	0	0	0	0	7	97	37	120	0	3	2	0	61	87	83	84	0	3	2	0	52	147	186	16	0	1	0	2	0	79	139	0	3	0	0	2	0	105	38	0	1	0	0	0	0	4	0	0	0	0	
0	0	0	2	0	0	0	0	0	1	0	13	46	54	81	34	0	0	2	155	228	179	141	50	0	0	9	160	23	0	0	0	0	61	55	63	87	0	6	2	0	73	136	63	153	0	1	0	0	0	139	181	80	0	1	0	0	0	0	0	0	0	0	0	
0	0	1	0	0	0	0	0	0	0	0	76	93	0	0	0	2	0	89	73	92	59	0	2	0	0	86	0	92	58	0	2	0	0	6	15	129	33	0	1	1	0	13	101	161	31	0	1	0	2	0	63	85	0	3	0	0	0	0	18	16	0	0	0	
0	0	9	30	0	0	0	0	1	0	169	221	29	0	2	0	0	14	65	142	91	0	7	1	1	0	28	201	31	0	1	6	0	8	232	129	49	104	174	146	0	5	184	221	222	196	126	34	0	0	6	21	1	0	0	0	0	1	1	0	0	2	5	1	
0	0	0	0	0	0	0	0	0	1	0	36	24	51	0	1	0	4	0	112	90	107	0	3	1	0	14	115	93	76	0	3	1	0	157	169	164	87	0	3	0	15	99	25	132	103	0	3	0	0	3	0	116	64	0	2	0	0	4	0	25	5	0	0	
0	0	0	0	0	0	0	0	1	0	24	146	202	69	0	2	4	0	105	204	218	185	0	3	0	2	0	48	250	67	0	3	0	1	0	6	195	96	0	4	0	6	109	86	233	120	0	4	1	0	138	233	172	13	0	1	0	0	0	0	0	0	0	0	
0	0	0	0	0	1	0	0	0	2	23	19	14	2	0	0	0	8	178	193	138	137	12	0	0	0	8	3	37	177	3	0	0	0	1	0	156	68	0	2	0	3	0	103	134	0	3	0	1	0	9	160	15	0	1	0	0	0	4	106	16	0	1	0	
0	1	0	22	26	0	1	0	1	0	6	213	109	0	3	0	3	0	80	228	9	0	1	0	4	0	119	161	0	4	0	0	3	0	89	166	142	173	0	0	1	0	2	189	255	204	2	0	0	1	0	32	116	11	0	1	0	0	1	1	0	0	0	0	
0	0	0	0	0	0	0	0	3	0	126	191	19	0	1	0	3	0	94	249	125	0	4	0	0	4	0	156	94	0	3	0	0	2	0	72	178	23	0	1	0	1	0	19	232	167	0	4	0	2	0	138	208	63	0	2	0	0	0	1	0	0	0	0	
0	0	0	1	0	0	0	0	0	1	0	16	188	66	0	3	0	3	0	152	170	5	0	1	1	0	21	188	13	0	1	0	2	0	50	143	81	73	0	2	1	0	8	184	255	147	0	4	0	3	0	79	156	15	0	1	0	0	0	0	0	0	0	0	
0	0	0	0	1	1	0	0	1	0	35	15	97	12	0	0	3	0	88	51	143	31	0	1	4	0	144	44	141	67	0	3	4	0	143	191	216	80	0	3	0	0	16	17	114	135	0	4	0	0	2	0	46	129	0	3	0	0	1	2	0	0	0	0	
0	0	0	1	0	0	0	0	0	1	0	14	100	81	53	2	1	0	8	201	248	184	124	15	1	0	17	175	15	0	1	0	0	39	0	93	60	0	5	0	0	97	109	70	149	0	3	0	0	1	157	240	103	0	3	0	0	0	4	15	0	0	0	0	
0	0	1	52	22	0	1	0	2	0	124	212	208	63	0	2	0	0	31	1	208	104	0	4	0	2	0	99	211	4	1	0	3	0	56	242	55	0	2	0	4	0	121	253	133	129	175	15	1	0	30	139	162	146	95	4	0	0	0	0	0	0	0	0	
0	0	1	0	0	0	0	0	0	3	0	125	142	0	2	0	2	0	28	252	194	0	1	0	4	0	96	252	225	103	0	3	4	0	136	177	43	215	4	0	3	0	57	231	226	219	3	0	0	1	0	133	217	53	0	2	0	0	1	0	0	0	0	0	
0	0	0	0	0	0	0	0	0	0	0	11	98	0	0	0	0	1	0	26	146	0	1	0	0	2	0	56	151	0	3	0	0	3	0	83	140	0	4	0	0	3	0	82	152	0	3	0	0	1	0	39	127	0	2	0	0	0	0	0	0	0	0	0	
0	0	0	0	0	1	0	0	0	0	0	93	163	0	0	0	4	0	98	255	255	78	0	3	5	0	122	207	100	188	0	0	4	0	155	106	11	229	19	0	4	0	151	150	211	157	0	1	2	0	50	234	143	0	1	0	0	0	1	0	0	2	0	0	
0	0	0	2	0	0	0	0	2	0	108	183	53	0	2	0	0	1	67	80	122	0	4	0	2	0	105	208	177	91	0	1	0	0	44	22	0	120	61	0	0	1	59	15	30	161	71	0	2	0	75	176	169	98	0	1	0	0	0	3	2	0	1	0	
0	0	4	5	2	0	1	0	0	1	0	0	0	9	2	0	0	3	99	140	189	238	98	0	0	106	255	149	92	251	89	0	0	126	107	0	104	219	3	0	0	2	1	0	215	97	0	3	0	4	0	85	236	16	0	1	0	3	0	91	119	0	2	0	
0	1	0	44	56	0	1	0	0	1	0	12	95	11	0	0	0	0	2	0	47	33	0	1	0	0	2	0	49	26	0	1	1	0	16	99	96	1	0	0	2	0	37	135	161	36	0	1	0	0	3	52	31	46	0	1	0	0	0	0	1	0	0	0	
0	0	1	0	0	0	0	0	0	0	2	19	44	124	152	25	3	0	59	248	221	178	123	17	3	0	78	201	0	1	0	0	0	23	12	164	36	0	5	1	0	89	144	114	165	0	3	0	1	0	126	242	143	0	2	0	0	1	0	18	7	0	0	0	
0	0	1	0	0	0	0	0	0	0	6	7	20	29	0	1	3	0	82	38	60	82	0	3	2	0	60	117	156	36	0	2	0	1	0	76	157	0	2	0	0	2	0	76	91	0	3	0	0	3	0	123	54	0	2	0	0	0	0	11	5	0	0	0	
0	0	0	0	0	0	0	0	3	0	71	235	105	0	2	0	1	0	22	79	215	35	0	4	0	2	0	43	229	30	0	2	0	0	80	197	255	215	151	50	0	1	213	255	113	51	90	70	3	0	134	123	0	2	0	0	0	0	0	0	3	3	3	3	
0	0	1	2	0	0	0	0	0	1	1	1	23	7	0	0	1	0	13	144	161	170	18	0	0	16	190	113	117	231	18	0	0	32	209	149	151	176	0	1	0	0	24	0	94	145	0	4	0	0	3	0	133	63	0	2	0	0	2	0	62	7	0	0	
0	0	0	0	0	2	1	0	0	0	0	62	74	2	6	7	4	0	83	246	217	190	207	65	3	0	75	190	171	255	95	0	2	0	35	250	221	38	0	2	4	0	164	224	142	0	5	0	3	0	93	232	176	0	2	0	0	0	0	94	62	0	1	0	
0	0	1	1	0	0	0	0	0	1	0	46	68	0	0	0	2	0	41	151	139	43	0	2	3	0	117	25	49	102	0	4	3	0	97	121	137	112	0	4	0	0	5	97	65	88	0	1	0	0	1	2	0	101	29	0	0	0	0	5	0	33	22	0	
0	0	0	0	1	0	0	0	0	0	2	0	51	49	0	2	0	0	3	0	177	140	0	4	0	1	0	20	218	45	0	2	0	3	0	111	189	0	2	0	0	1	0	199	93	0	3	0	1	0	17	183	15	0	1	0	0	0	3	21	0	0	0	0	
0	0	0	0	0	0	0	0	1	0	66	116	96	85	15	0	1	0	57	68	159	199	26	0	0	2	0	141	114	0	1	0	0	3	0	59	140	44	0	2	4	1	2	0	54	151	0	3	63	96	91	118	150	78	0	2	1	25	43	27	9	0	0	0	
0	0	1	0	21	14	0	1	0	2	0	29	236	97	0	3	0	3	0	166	189	0	0	1	2	0	28	224	41	0	2	0	3	0	67	182	43	103	0	1	2	0	30	212	239	196	0	1	0	2	0	92	158	33	0	2	0	0	0	0	0	0	0	0	
0	1	1	0	0	0	0	0	0	0	10	49	80	69	2	0	0	55	123	73	32	123	35	0	0	7	8	0	6	101	7	0	0	21	61	53	158	89	0	3	0	98	119	120	85	101	68	0	0	4	53	26	0	4	32	5	0	0	0	0	3	2	0	0	
0	0	0	0	2	0	0	0	0	0	1	0	11	118	16	0	0	0	3	0	135	238	13	0	0	1	0	24	230	66	0	2	0	3	0	139	178	0	3	0	2	0	32	244	72	0	3	0	4	0	133	168	0	3	0	0	1	0	21	16	0	0	0	0	
0	0	1	0	0	0	0	0	1	0	32	119	103	89	56	0	4	0	142	188	85	105	38	0	2	0	172	44	0	2	0	0	4	0	155	149	50	8	0	0	1	0	24	115	127	146	14	0	0	1	0	28	113	199	34	0	0	0	0	25	63	18	0	1	
0	0	0	1	0	0	0	0	0	0	1	0	150	59	0	2	0	3	0	139	255	87	0	4	3	0	90	224	72	195	11	0	0	0	204	75	60	249	17	0	0	28	229	166	249	104	0	2	3	0	120	211	62	0	1	0	0	0	0	0	0	2	0	0	
0	0	1	0	1	0	0	0	0	0	0	26	9	0	0	0	2	0	53	157	106	0	1	0	3	0	81	92	81	48	0	2	0	0	1	69	161	84	0	3	0	0	2	0	107	25	0	1	0	0	2	0	91	19	0	1	0	0	2	0	50	46	0	2	
0	0	1	0	0	1	0	0	0	0	1	18	0	6	36	0	3	0	85	175	0	110	170	0	3	0	168	79	33	228	43	0	3	0	102	199	247	96	0	3	0	1	0	199	159	0	3	0	3	0	80	205	4	0	1	0	2	0	41	61	0	2	0	0	
0	1	2	0	0	0	0	0	0	38	191	128	41	0	1	0	0	5	16	167	163	0	4	0	0	2	0	120	140	12	0	1	0	0	2	0	42	127	15	0	0	0	3	153	28	166	62	0	0	2	0	105	219	135	0	1	0	0	0	0	0	0	0	0	
0	0	0	0	0	0	0	0	0	1	0	44	134	153	79	0	0	1	0	174	221	255	160	0	0	3	0	59	176	199	15	0	0	4	0	161	247	24	0	2	0	112	23	196	201	0	3	0	0	106	248	194	43	0	1	0	0	1	39	7	0	0	0	0	
0	0	0	0	0	0	0	0	0	59	102	87	67	0	1	0	0	25	9	92	129	0	3	0	1	0	19	136	23	4	0	0	1	0	17	105	118	124	13	0	0	0	0	2	0	144	40	0	0	0	1	76	135	93	0	1	0	0	0	49	42	0	1	0	
0	0	0	0	0	0	0	0	0	0	3	0	103	113	0	3	0	0	4	0	162	143	0	4	0	2	0	41	207	26	0	1	0	1	0	195	126	0	4	0	3	0	91	213	7	0	1	0	3	0	124	89	0	3	0	0	0	0	0	1	1	0	0	0	
0	0	3	4	2	0	0	0	0	0	0	0	0	0	0	0	0	4	73	118	167	61	0	3	0	48	139	47	157	26	0	1	0	3	0	91	211	104	122	40	1	0	15	169	61	43	26	3	1	0	18	41	0	1	0	0	0	0	0	1	3	2	1	0	
0	0	1	0	20	14	0	1	0	0	1	0	163	56	0	2	0	3	0	122	135	0	3	0	1	0	21	188	20	0	1	0	3	0	75	146	0	12	0	0	1	0	22	150	176	158	0	2	0	1	0	60	141	36	0	1	0	0	1	1	0	0	0	0	
0	0	1	0	0	2	2	0	0	1	0	90	98	0	2	1	2	0	99	197	155	98	37	0	0	44	121	0	0	31	141	17	0	119	62	0	4	0	137	55	0	110	152	47	66	119	80	0	0	0	89	132	97	30	0	1	0	1	0	0	0	0	2	0	
0	0	0	0	1	0	0	0	0	0	1	0	30	95	0	1	0	0	3	0	95	182	0	3	0	1	0	18	214	58	0	2	0	3	0	168	158	0	3	0	2	0	48	215	20	0	1	0	4	0	106	149	0	4	0	0	1	0	15	19	0	0	0	0	
0	2	1	3	4	1	0	0	0	0	3	1	0	0	0	0	0	43	207	170	119	31	0	1	0	94	122	83	225	125	0	4	0	2	5	84	166	221	47	0	0	1	2	50	169	130	1	0	0	0	4	0	142	116	0	4	0	0	2	0	91	68	0	2	
0	0	1	1	0	0	0	0	0	1	0	9	122	61	0	2	0	0	0	142	147	110	0	2	2	0	45	176	168	112	0	3	0	3	0	107	215	1	0	1	1	0	0	176	65	0	2	0	3	0	128	155	0	3	0	0	1	0	34	11	0	0	0	0	
0	0	2	1	0	2	1	0	0	1	0	23	100	132	100	0	2	0	50	194	79	18	146	0	0	0	179	61	0	32	82	0	0	61	146	0	0	103	28	0	0	96	124	2	136	115	0	1	0	11	143	159	80	0	1	0	0	0	3	2	0	2	0	0	
0	0	1	1	0	0	0	0	0	1	0	43	61	137	61	0	2	0	22	239	181	105	173	15	3	0	140	178	14	0	151	29	0	2	187	38	0	75	144	0	0	47	174	0	83	182	30	0	0	26	189	177	143	21	0	1	1	0	33	40	0	1	1	0	
0	0	0	0	0	0	0	0	0	0	0	5	75	2	0	0	0	1	0	34	131	0	3	0	0	2	0	51	123	0	3	0	0	2	0	67	112	0	3	0	0	2	0	68	126	0	3	0	0	1	0	30	103	0	3	0	0	0	0	0	0	0	0	0	
0	0	0	0	0	0	0	0	0	2	0	63	115	0	3	0	0	3	0	72	162	0	3	0	0	3	0	92	138	0	4	0	0	3	0	108	115	0	3	0	0	3	0	148	72	0	3	0	0	1	0	152	46	0	2	0	0	0	0	0	0	0	0	0	
0	0	1	1	0	2	0	0	0	1	0	17	27	0	0	0	1	0	28	151	151	100	0	3	3	0	130	92	188	99	0	4	2	0	74	171	215	7	0	1	0	2	0	64	153	0	3	0	0	3	0	94	135	0	4	0	0	2	0	68	78	0	2	0	
0	0	0	0	0	0	0	0	1	0	21	93	114	19	0	1	0	3	128	102	125	121	0	4	0	0	2	0	64	107	0	4	0	24	89	100	193	102	3	1	0	128	181	170	91	105	136	20	0	21	73	17	0	0	6	5	0	0	0	1	4	3	1	0	
0	0	2	0	0	1	0	0	0	0	9	19	0	19	23	0	1	0	97	37	0	126	39	0	0	14	154	25	124	127	0	3	1	0	86	126	164	48	0	2	0	0	1	0	124	13	0	0	0	0	0	14	145	3	0	0	0	0	0	2	51	2	0	0	
0	0	0	0	12	10	0	0	2	0	44	127	121	139	27	0	1	0	54	42	0	145	26	0	0	3	0	5	135	61	0	2	8	4	0	77	140	54	0	1	69	114	16	0	24	134	0	1	0	65	135	108	120	38	0	2	1	0	3	16	7	0	0	0	
0	0	0	0	0	5	0	0	0	20	102	122	148	104	0	0	0	133	150	40	29	0	1	1	0	144	163	88	82	71	5	0	0	33	74	34	65	117	143	7	2	0	53	59	2	51	207	35	1	0	23	117	155	148	62	0	0	0	0	0	0	0	0	0	
0	0	0	0	0	1	0	0	0	3	34	2	0	26	23	0	0	23	136	0	0	160	85	0	0	70	226	137	100	178	16	0	0	83	130	14	127	152	0	3	0	0	3	0	82	98	0	3	0	1	6	0	134	64	0	2	0	0	1	0	72	20	0	1	
0	0	2	1	0	1	0	0	0	1	0	21	89	26	0	1	2	0	41	187	133	181	5	0	0	0	167	68	151	192	0	0	0	16	185	165	244	39	0	2	1	0	30	99	167	0	2	0	0	2	0	174	99	0	3	0	0	0	1	81	15	0	0	0	
0	0	1	2	0	0	0	0	0	0	0	2	29	71	46	0	1	0	15	101	78	113	78	0	1	0	16	156	77	14	0	1	3	48	1	26	52	131	0	0	0	80	124	59	81	98	0	1	1	0	17	55	45	2	0	0	0	2	0	0	0	2	0	0	
0	0	0	8	36	3	0	0	2	0	28	211	251	72	0	3	1	0	22	137	243	55	0	3	0	3	0	138	155	0	5	1	1	0	135	162	0	2	0	0	0	58	255	198	172	158	164	44	0	12	67	127	111	110	81	10	0	0	0	0	0	0	0	0	
0	0	0	0	14	12	0	0	0	2	7	0	109	39	0	1	0	2	0	29	122	0	1	0	0	3	0	128	118	0	1	0	1	0	23	110	74	65	0	2	3	0	72	96	67	53	0	2	1	0	31	118	59	0	1	0	0	0	0	0	0	1	0	0	
0	0	0	8	2	0	0	0	0	21	129	112	117	11	0	0	0	16	40	134	217	18	0	1	1	0	6	115	98	112	19	0	0	34	15	0	0	115	94	0	0	96	72	0	62	189	38	0	0	12	107	140	141	44	0	2	0	0	1	5	0	1	1	0	
0	0	1	1	0	0	0	0	0	1	0	10	32	21	2	0	2	0	45	176	152	212	54	0	1	0	169	68	0	172	50	0	0	60	165	0	54	162	0	1	0	35	32	0	169	54	0	2	0	1	0	135	112	0	3	0	1	0	44	127	0	1	0	0	
0	0	0	0	0	0	0	0	0	20	105	4	0	1	3	0	0	9	168	28	0	32	111	0	0	19	138	0	0	64	105	0	0	8	135	119	87	168	44	0	0	0	8	26	59	161	0	1	0	0	4	0	79	127	0	4	0	0	1	0	19	22	0	1	
0	0	0	0	0	0	0	0	0	1	0	13	73	84	26	0	0	3	0	75	113	66	153	4	0	3	0	80	95	77	85	0	1	0	73	179	116	23	0	0	0	63	86	98	37	0	3	0	0	79	105	92	3	1	0	0	0	12	99	26	0	1	0	0	
0	0	1	0	0	0	0	0	1	0	27	111	63	0	1	0	0	8	141	43	89	13	0	0	0	31	131	13	182	12	0	1	1	0	94	134	163	39	0	2	0	0	3	0	80	74	0	1	0	0	3	0	24	165	66	0	0	0	0	1	0	33	17	0	
0	0	2	0	0	1	1	0	0	0	1	26	38	11	0	1	0	0	108	123	90	137	17	0	0	50	131	3	62	188	20	0	0	8	91	99	129	131	0	3	0	0	0	0	148	32	0	1	0	3	0	103	114	0	3	0	0	1	0	114	22	0	1	0	
0	0	29	15	0	2	2	1	1	0	53	156	91	0	2	0	0	1	0	3	194	77	30	27	0	1	0	37	201	214	91	27	3	0	87	192	220	50	0	2	0	3	212	170	119	0	4	1	0	0	92	145	18	0	1	0	0	0	0	0	1	0	0	0	
0	0	1	1	0	0	1	1	0	2	0	24	146	131	25	0	2	0	37	246	197	117	163	3	0	13	179	140	15	0	143	39	0	114	134	0	0	16	144	18	0	147	152	0	48	170	61	0	0	19	190	192	179	63	0	2	1	0	20	55	8	0	2	0	
0	2	0	57	46	0	2	0	0	3	0	154	61	0	4	0	3	0	103	119	0	10	0	0	0	37	175	11	113	148	77	0	0	143	56	82	113	0	160	44	0	81	152	152	175	145	103	0	0	0	37	58	46	22	0	0	0	2	0	0	0	0	2	0	
0	0	0	0	1	4	0	0	0	0	2	0	58	104	0	3	0	0	3	0	134	84	0	3	0	0	0	10	151	10	0	1	0	3	0	89	119	0	3	0	1	0	3	162	33	0	1	0	1	0	33	158	0	0	0	0	0	0	0	1	1	0	0	0	
0	0	0	2	1	0	0	0	0	0	2	1	61	6	2	1	0	4	0	82	224	14	0	1	2	0	73	165	195	82	66	18	0	57	252	152	206	152	84	15	0	68	87	7	139	77	0	3	0	0	3	0	90	86	0	4	0	2	4	1	2	1	0	0	
0	0	0	1	3	0	0	0	2	0	46	141	157	100	0	1	1	0	56	56	3	159	54	0	0	0	2	14	0	117	55	0	0	84	119	122	165	136	0	1	8	161	33	66	154	155	94	0	0	75	124	70	2	15	123	0	0	0	0	0	2	3	0	0	
0	0	2	0	2	1	0	0	0	1	0	20	113	8	0	1	1	0	55	115	139	80	0	3	0	18	93	0	12	103	0	1	0	13	96	0	0	96	14	0	2	0	92	42	7	95	0	0	1	0	13	95	89	31	0	1	0	0	0	6	9	0	0	0	
0	0	0	0	0	0	0	0	0	1	0	70	133	108	50	0	1	2	0	9	0	110	109	0	0	2	0	55	150	83	1	0	31	62	0	25	72	70	0	2	1	123	96	0	30	115	0	2	0	12	103	118	112	25	0	1	0	2	0	2	1	0	0	0	
0	0	0	6	3	0	0	0	0	3	0	130	109	0	3	0	0	1	0	190	62	0	2	0	1	0	35	162	0	2	0	0	2	0	38	209	182	78	0	2	1	0	0	184	203	159	0	3	0	1	0	16	132	62	0	2	0	0	1	1	0	0	0	0	
0	0	1	0	0	1	0	0	0	0	3	4	0	3	2	0	2	0	94	39	0	162	54	0	0	13	192	73	51	213	16	0	0	59	156	63	155	94	0	3	0	2	3	0	127	44	0	2	0	1	0	39	141	0	1	0	0	2	0	65	73	0	2	0	
0	0	0	0	0	0	0	0	0	21	136	149	80	0	1	0	0	26	63	38	186	21	0	1	2	0	53	172	224	41	0	2	2	0	77	124	105	192	14	0	0	0	1	0	5	187	33	0	0	0	111	150	194	120	0	2	0	0	39	66	26	0	1	0	
0	0	0	1	3	3	3	0	0	0	0	0	0	0	0	0	0	1	0	14	73	91	80	11	0	0	0	135	74	50	41	4	0	29	6	64	90	20	0	1	0	53	105	47	103	23	0	1	0	0	19	35	15	0	0	0	0	1	0	0	1	1	0	0	
0	0	1	0	0	0	0	0	0	1	0	69	127	15	0	1	2	0	39	146	78	71	0	3	3	0	87	37	18	87	0	3	3	0	90	29	23	99	0	2	2	0	63	51	29	93	0	3	0	0	4	84	139	74	0	3	0	0	0	10	45	3	0	0	
0	0	0	1	0	28	9	0	0	0	4	0	29	143	7	0	0	1	0	3	134	44	0	2	1	0	0	149	159	0	2	0	1	0	27	133	95	81	0	3	3	0	81	109	83	55	0	2	2	0	47	133	58	0	1	0	0	0	0	0	1	1	0	0	
0	0	1	2	0	0	0	0	0	1	0	20	111	59	47	3	1	0	12	166	148	69	54	5	2	0	68	162	102	69	0	1	0	0	1	0	7	166	18	0	0	44	10	0	141	92	0	2	0	59	141	156	95	0	1	0	0	0	45	42	0	3	0	0	
0	0	1	0	0	2	3	1	0	0	2	21	11	0	0	0	3	0	100	202	131	119	147	46	0	19	178	38	0	70	173	22	0	52	74	0	58	144	18	0	0	2	0	58	159	25	0	2	1	0	85	135	13	0	2	0	0	34	115	2	1	2	0	0	
0	2	2	0	1	1	0	0	0	0	4	44	27	0	0	0	0	30	122	110	129	47	0	2	0	126	62	0	37	161	0	1	0	30	109	79	116	150	0	3	0	0	6	18	16	130	10	0	0	1	1	2	0	67	110	2	0	0	0	1	1	0	34	10	
0	0	0	0	0	0	0	0	0	1	0	14	67	73	27	0	0	4	0	74	89	52	156	5	0	1	0	75	108	78	89	0	0	46	104	138	150	30	2	0	0	137	21	111	49	0	3	0	0	54	110	76	0	2	0	0	0	0	0	0	1	0	0	0	
0	0	0	2	1	0	0	0	0	0	0	0	7	1	0	0	0	2	0	61	217	32	0	2	0	2	0	90	191	43	0	2	0	0	0	13	122	0	0	0	0	3	0	81	105	0	3	0	0	3	0	116	42	0	1	0	0	1	0	65	11	0	0	0	
0	0	2	1	0	0	1	0	0	0	0	16	36	22	2	0	2	0	48	118	80	123	87	0	3	0	83	110	81	169	17	0	0	1	0	16	150	64	0	2	0	2	0	102	82	0	3	0	2	0	59	120	0	3	0	0	0	0	95	20	0	1	0	0	
0	0	1	1	0	1	0	0	0	1	0	42	78	11	0	1	3	0	63	134	76	103	0	1	1	0	148	24	81	45	0	0	1	0	118	110	171	27	0	1	0	0	6	2	121	32	0	1	0	0	4	0	133	46	0	2	0	0	2	0	49	33	0	1	
0	0	1	2	0	0	1	1	0	1	0	5	126	113	5	0	1	0	24	137	135	144	131	16	1	0	144	62	0	0	98	62	0	79	109	0	0	16	115	15	0	131	66	12	62	153	55	0	0	36	138	126	89	21	0	1	0	0	0	0	0	1	2	0	
0	0	0	0	8	8	0	0	0	1	0	21	132	32	0	1	0	3	0	115	108	137	41	0	0	3	0	146	200	30	0	1	0	1	0	134	181	69	0	3	3	0	78	135	121	57	0	2	2	0	43	162	71	0	2	0	0	0	0	4	1	1	0	0	
0	0	0	0	1	1	0	0	0	0	0	2	0	58	95	0	0	0	1	1	0	196	108	0	0	1	4	0	153	116	0	3	0	3	0	134	151	0	2	0	1	0	130	148	0	2	0	0	0	117	137	0	2	1	0	0	0	32	8	0	1	0	0	0	
0	0	0	2	0	1	0	0	2	0	56	175	98	6	0	0	1	0	161	52	81	129	0	1	0	29	157	0	0	99	79	0	0	20	161	3	0	65	115	0	3	0	154	96	0	143	90	0	1	0	15	146	155	125	0	0	0	0	0	3	11	0	1	0	
0	0	0	0	0	0	1	0	0	0	0	12	54	64	6	0	1	3	0	105	102	126	114	0	0	0	0	2	0	70	122	0	9	82	89	117	68	108	16	0	47	176	77	154	188	107	0	2	0	24	19	2	0	48	11	0	0	0	0	2	2	0	0	0	
0	0	1	0	0	0	0	0	0	0	3	3	9	7	0	0	3	0	116	169	146	145	0	0	0	17	134	7	45	174	0	1	0	14	37	0	161	85	0	3	0	2	0	73	167	0	2	0	0	0	4	174	46	0	2	0	2	0	49	116	0	3	0	0	
0	0	0	0	0	0	0	0	0	0	7	73	90	68	14	0	1	0	16	77	45	117	177	0	0	1	0	40	78	109	98	0	1	49	0	48	151	40	0	2	2	143	26	0	83	73	0	3	0	50	140	120	107	7	0	1	0	0	8	21	3	0	0	0	
0	0	1	1	0	0	0	0	0	1	0	31	76	19	0	1	2	0	46	113	85	85	0	3	2	0	121	28	12	78	0	2	2	0	79	98	114	71	0	2	0	0	0	42	141	6	0	0	0	2	0	51	98	0	3	0	0	1	0	40	35	0	1	0	
0	0	1	0	0	1	0	0	0	1	4	4	0	1	2	0	3	0	98	76	0	56	152	0	0	77	194	46	3	215	126	0	0	146	139	94	185	143	0	1	0	2	0	51	153	0	2	0	0	2	0	156	47	0	2	0	1	0	28	103	0	2	0	0	
0	0	0	0	2	1	0	0	0	2	0	71	177	27	0	2	0	2	0	104	100	84	0	2	1	0	20	137	92	79	0	2	2	0	64	222	172	60	0	3	2	0	72	48	78	64	0	2	3	0	75	139	97	0	1	0	0	0	3	14	0	0	0	0	
0	0	0	1	3	3	3	0	0	0	0	1	0	0	0	0	0	2	0	17	109	99	74	13	1	0	11	132	57	32	41	6	0	29	22	49	96	24	0	1	0	41	118	61	108	31	0	1	0	0	9	40	22	0	1	0	0	1	1	0	1	1	0	0	
0	0	0	3	39	3	0	0	0	3	0	74	205	46	0	2	1	0	8	182	37	2	0	0	3	0	100	129	0	49	66	0	3	0	153	50	30	255	90	0	3	0	111	153	202	140	0	2	0	0	2	58	98	36	0	1	0	0	1	0	0	1	0	0	
0	0	0	2	0	38	6	0	0	1	4	0	108	156	1	0	0	5	0	93	133	0	0	1	2	0	40	189	9	0	1	0	4	0	96	119	97	8	0	0	4	0	105	67	125	63	0	2	1	0	17	124	92	6	0	1	0	0	0	0	0	0	0	0	
0	0	0	0	1	1	0	0	0	0	60	77	11	0	1	0	0	19	120	120	159	18	0	1	0	1	0	23	178	23	0	1	2	0	110	194	196	50	0	2	0	0	10	0	23	183	15	0	0	0	1	0	63	160	2	0	0	0	0	2	101	38	0	2	
0	0	1	2	0	0	0	0	0	0	0	5	68	48	0	1	1	0	11	135	126	146	41	0	3	0	121	79	0	125	33	0	0	0	30	0	92	101	0	3	0	2	0	56	133	0	0	0	2	0	46	148	16	0	1	0	1	0	68	32	0	2	0	0	
0	0	0	0	0	0	0	0	1	0	41	87	73	74	1	0	0	1	28	19	79	108	0	0	1	0	34	132	188	70	0	2	1	0	49	55	0	129	9	0	0	9	68	0	68	102	0	2	2	0	125	147	99	6	0	0	0	0	8	48	2	1	0	0	
0	0	0	1	0	0	2	0	0	0	0	0	18	22	1	0	0	2	0	29	98	96	90	0	0	3	0	97	55	23	110	0	0	19	61	152	86	53	13	0	0	109	82	94	0	1	1	0	0	40	74	14	0	3	1	0	0	0	0	1	0	0	0	0	
0	0	3	5	0	1	0	0	0	13	95	165	63	0	2	0	0	17	15	40	185	8	0	1	0	0	3	0	138	47	0	9	1	0	25	148	208	64	82	58	1	0	159	182	122	153	83	0	0	0	50	42	0	1	0	1	0	0	0	0	4	3	2	0	
0	0	0	1	3	4	3	0	0	0	0	1	0	0	0	0	0	1	0	11	75	111	86	0	0	2	0	97	144	80	44	0	2	0	33	123	77	33	0	1	0	74	91	77	101	19	0	1	0	4	23	30	11	0	0	0	0	0	0	0	1	1	0	0	
0	0	0	3	3	0	0	0	0	0	1	94	132	0	1	0	1	0	2	116	148	0	0	1	2	0	53	109	97	132	5	0	0	0	1	4	0	113	67	0	0	38	45	0	31	137	26	0	0	30	142	129	116	38	0	1	0	0	1	10	1	1	1	0	
0	0	1	3	0	0	1	1	0	1	2	0	45	104	52	0	1	0	18	163	137	64	159	35	0	0	167	106	0	0	140	62	0	92	135	0	3	105	137	0	0	104	182	94	116	127	7	0	0	9	94	86	7	0	2	0	0	1	0	0	0	3	1	0	
0	0	0	0	1	0	0	0	1	0	11	141	61	0	2	0	2	0	27	254	175	0	1	0	2	0	38	251	230	15	0	1	0	1	0	166	255	51	0	3	0	4	0	100	255	66	0	3	0	3	0	67	255	110	0	4	0	0	0	0	38	14	0	1	
0	0	0	1	1	26	2	0	0	0	3	0	53	123	0	2	0	1	0	13	127	24	0	1	1	0	3	156	135	0	1	0	3	0	101	106	90	119	0	4	0	4	132	35	114	46	0	2	0	0	93	109	37	0	1	0	0	0	0	0	1	1	0	0	
0	1	0	0	0	0	0	0	1	0	87	88	64	33	0	2	0	52	126	0	96	118	0	2	0	30	159	129	129	81	99	17	0	48	105	6	4	0	67	96	0	74	111	0	19	68	109	24	0	0	91	109	100	64	9	0	0	0	0	0	0	0	1	1	
0	0	0	0	0	0	1	0	0	0	0	9	42	44	5	0	0	5	0	141	160	94	121	0	0	2	0	92	152	74	147	0	0	39	92	171	132	58	21	0	1	138	81	133	8	0	1	0	0	78	113	16	0	3	1	0	0	0	0	1	1	0	0	0	
0	0	0	2	0	0	0	0	0	0	2	0	10	26	44	25	0	3	0	68	125	120	108	57	2	0	54	186	57	3	0	0	0	12	114	126	111	120	0	4	0	19	132	26	107	125	0	3	2	0	73	121	92	11	0	1	0	0	0	0	0	1	0	0	
0	0	0	3	1	0	1	0	0	0	2	0	9	19	0	0	0	0	3	82	127	148	72	0	0	0	157	161	89	195	87	0	0	9	175	97	85	174	0	0	0	1	0	17	149	38	0	2	0	0	1	165	73	0	3	0	2	0	64	119	0	4	0	0	
0	0	0	0	0	0	0	0	0	0	0	12	81	0	1	0	0	1	0	28	145	0	2	0	0	1	0	29	123	0	2	0	0	1	0	39	107	0	3	0	0	2	0	60	103	0	3	0	0	2	0	58	85	0	3	0	0	0	0	0	0	0	0	0	
0	0	1	2	0	1	0	0	0	1	2	2	0	44	54	0	1	0	26	79	0	157	60	0	0	18	171	176	123	142	0	2	0	58	66	2	192	35	0	1	0	2	0	53	131	0	3	0	0	4	0	126	70	0	2	0	0	0	0	30	6	0	0	0	
0	0	2	3	3	2	0	0	1	16	1	0	0	0	0	0	0	120	152	109	148	103	0	2	0	4	40	25	152	145	0	4	0	1	2	0	176	71	0	3	0	1	0	17	196	18	0	1	0	2	0	65	197	0	1	0	0	2	0	63	116	0	3	0	
0	0	0	0	1	1	0	0	0	1	3	0	54	56	0	2	0	2	7	0	120	40	0	1	0	0	0	18	131	0	0	0	0	3	0	89	80	0	3	0	1	0	22	129	4	0	0	0	2	0	82	47	0	2	0	0	0	0	5	1	0	0	0	0	
0	0	1	0	0	0	0	0	0	1	0	137	118	0	0	0	2	0	93	161	155	100	0	4	0	2	8	23	175	64	0	3	0	2	0	81	196	93	0	3	1	0	36	22	94	142	0	4	3	0	68	200	150	22	0	1	0	0	0	4	1	0	0	0	
0	0	1	2	0	2	1	0	0	0	0	2	30	8	0	0	1	0	26	119	106	109	17	0	0	3	130	26	7	182	41	0	0	10	128	66	148	102	0	3	1	0	11	52	110	3	0	0	0	0	3	109	28	0	1	0	2	0	41	82	0	3	0	0	
0	0	2	9	0	2	0	0	2	0	79	126	70	0	1	0	0	12	120	0	73	88	0	1	0	28	109	0	0	103	56	0	0	7	122	7	0	60	95	0	3	0	88	85	0	114	41	0	0	0	7	110	124	76	0	2	0	0	1	3	11	0	1	0	
0	0	1	1	0	0	1	1	0	2	0	32	129	123	62	0	1	0	15	165	70	21	125	32	0	0	166	81	0	0	110	61	0	81	115	0	1	8	148	20	0	137	82	0	17	145	86	0	0	40	169	135	127	65	0	1	1	0	13	31	1	0	2	0	
0	0	0	0	12	1	0	0	1	0	25	125	199	59	0	3	2	0	142	101	132	110	0	4	0	4	0	40	206	26	0	1	2	0	56	219	69	6	66	12	0	65	241	203	152	168	103	6	0	71	59	2	23	5	0	0	0	0	0	0	0	1	3	0	
0	0	1	1	0	1	0	0	0	1	1	3	0	53	28	0	1	0	26	20	0	142	21	0	0	2	163	108	96	121	0	3	0	19	48	15	136	56	0	2	0	1	0	13	105	0	0	0	0	3	0	90	56	0	2	0	0	0	0	22	3	0	0	0	
0	0	0	4	20	0	0	0	0	2	0	47	99	0	3	0	0	3	0	88	53	0	2	0	0	1	0	131	117	30	0	1	0	0	8	138	100	84	0	3	0	0	8	98	117	45	0	2	0	2	0	64	91	0	1	0	0	0	0	0	0	1	0	0	
0	0	0	0	0	0	0	1	0	0	5	31	19	60	36	0	0	0	15	131	56	53	103	84	0	0	0	148	64	64	104	53	0	0	72	184	91	49	12	0	0	55	90	120	0	1	1	1	0	46	141	58	0	4	0	0	0	1	17	1	0	0	0	0	
0	0	0	0	0	0	0	0	0	4	96	139	146	45	0	2	0	44	131	30	174	69	0	3	0	3	0	93	148	0	2	0	1	0	103	185	17	0	15	15	0	22	235	177	144	161	167	63	0	0	11	19	12	11	7	0	0	0	0	0	0	0	0	1	
0	0	0	3	1	0	0	0	0	0	2	0	20	73	8	0	1	0	10	100	134	153	71	0	0	7	126	82	20	148	47	0	0	28	160	75	196	131	0	4	0	0	42	80	156	4	0	0	0	1	0	138	42	0	2	0	0	0	12	64	0	1	0	0	
0	0	0	0	1	0	0	0	0	0	1	0	80	16	0	1	0	0	0	0	178	34	0	1	0	1	0	32	199	1	0	0	0	3	0	88	179	0	2	0	0	4	0	151	109	0	3	0	0	2	0	120	33	0	1	0	0	0	1	14	1	0	0	0	
0	0	0	0	1	1	0	0	0	0	0	1	0	124	18	0	0	0	3	0	63	153	0	2	0	1	0	7	168	42	0	2	0	2	0	141	100	0	3	0	2	0	108	139	0	3	0	0	0	22	140	7	0	1	0	0	0	1	1	1	0	0	0	0	
0	0	0	0	1	0	0	0	1	0	29	109	21	0	1	0	0	0	5	38	94	0	0	0	0	0	0	66	118	3	0	0	0	1	0	68	131	9	0	1	0	0	3	0	71	57	0	2	0	1	0	40	102	12	0	1	0	1	0	30	20	0	1	0	
0	0	1	1	0	1	1	0	0	1	2	1	4	0	23	14	1	0	27	66	0	14	161	27	0	23	191	139	61	168	89	0	0	62	107	23	136	136	0	3	0	1	0	38	122	1	1	0	1	0	17	140	28	0	1	0	1	0	23	42	0	2	0	0	
0	0	1	0	0	2	0	0	2	0	31	179	91	1	1	0	2	0	178	129	144	131	0	1	0	10	172	13	0	128	72	0	0	14	187	18	0	86	121	0	1	0	187	129	12	153	89	0	2	0	28	171	205	137	4	0	0	0	1	0	1	0	0	0	
0	0	0	0	0	2	0	0	0	0	0	4	110	31	0	1	1	0	1	183	208	120	3	0	3	0	102	142	0	129	44	0	0	17	163	2	39	150	7	0	0	10	156	156	142	23	0	1	1	0	23	50	102	63	0	1	0	0	1	0	16	44	0	0	
0	0	1	2	0	1	1	0	0	0	0	8	76	23	0	1	0	0	2	133	128	107	8	0	3	0	106	81	17	175	22	0	3	0	115	155	219	58	0	2	1	0	0	118	125	0	4	0	0	3	0	129	62	0	2	0	0	1	0	63	22	0	1	0	
0	0	0	2	1	1	0	0	0	0	0	0	0	0	0	0	0	0	0	58	94	98	67	0	1	0	25	126	40	13	3	0	1	0	19	49	72	79	0	3	0	56	52	29	90	31	0	1	0	19	52	51	18	0	0	0	0	0	0	0	1	1	0	0	
0	1	1	0	0	0	0	0	0	0	1	28	89	103	0	1	0	13	82	109	110	43	0	1	0	6	66	98	54	45	13	0	0	46	151	76	63	52	85	0	0	8	11	0	0	32	105	0	1	0	49	74	81	117	24	0	1	0	19	53	49	7	0	1	
0	0	0	0	0	0	0	0	0	0	0	0	61	6	0	0	0	0	0	5	144	23	0	0	0	1	0	21	141	0	1	0	0	2	0	54	120	0	3	0	0	3	0	102	82	0	3	0	0	2	0	119	24	0	1	0	0	0	1	19	0	0	0	0	
0	0	0	4	17	10	0	0	1	0	66	100	51	96	46	0	0	13	98	0	14	106	16	0	0	5	100	38	103	30	0	1	2	0	115	155	19	0	1	0	0	5	89	58	103	46	0	0	1	0	28	82	109	151	22	0	0	0	0	1	7	1	0	0	
0	0	1	1	0	0	0	0	0	0	0	0	12	33	51	9	1	0	7	134	158	112	82	8	4	0	98	140	80	41	0	1	0	54	42	60	35	143	21	0	0	109	160	80	120	70	0	1	0	5	49	54	19	0	0	0	0	0	0	0	0	2	0	0	
0	0	1	0	0	6	5	0	1	0	18	115	131	143	46	0	3	0	116	94	17	2	0	0	3	0	149	141	141	69	0	2	3	0	127	102	0	141	29	0	0	5	107	19	38	172	44	0	2	0	97	184	160	74	0	2	0	0	0	3	1	0	1	0	
0	0	1	1	0	0	0	0	0	1	1	1	2	5	5	0	2	0	63	73	0	122	65	0	0	13	189	121	83	154	6	0	0	54	133	16	130	76	0	3	0	0	1	0	131	22	0	1	0	1	0	32	133	0	2	0	0	1	0	35	88	0	2	0	
0	0	0	0	0	3	1	0	0	20	148	117	15	0	1	0	0	28	95	70	124	127	1	0	0	1	0	2	0	129	127	0	0	1	2	2	53	140	80	0	0	83	145	210	159	23	0	1	0	16	17	54	109	102	10	0	0	0	0	0	0	40	15	0	
0	1	1	0	0	0	1	0	1	0	8	85	162	115	0	0	0	7	195	252	123	150	92	0	0	30	250	91	0	82	175	0	0	81	151	0	0	140	201	0	0	145	167	18	191	234	70	0	0	14	162	208	119	9	0	1	0	1	1	9	0	1	3	0	
0	1	0	0	0	0	0	0	2	0	79	48	3	28	0	1	0	57	215	17	48	182	0	1	0	156	114	0	23	203	19	0	0	162	222	172	159	245	98	0	0	15	35	32	24	204	91	0	0	0	0	4	0	161	91	0	0	1	2	2	0	26	13	0	
0	0	2	3	4	4	2	0	0	1	1	0	0	0	0	0	3	0	94	154	105	112	87	0	0	43	172	44	45	153	109	0	0	123	82	0	32	146	6	0	0	19	0	18	174	42	0	2	0	0	0	139	72	0	3	0	3	0	84	98	0	4	0	0	
0	0	0	0	0	0	0	0	0	70	141	134	125	71	10	0	0	89	124	46	95	227	124	0	0	3	0	76	254	114	3	0	0	1	0	13	103	158	29	0	0	34	138	74	0	128	133	0	0	56	204	153	171	171	30	0	1	0	17	56	37	2	0	0	
0	0	2	0	44	27	0	1	0	0	0	6	138	19	0	1	0	3	0	90	91	0	3	0	1	0	4	197	140	50	0	1	3	0	78	145	151	169	0	2	4	0	114	127	83	23	0	1	1	0	24	81	20	0	1	0	0	0	0	0	1	1	0	0	
0	0	1	1	0	0	0	0	0	1	0	12	47	41	0	1	1	0	39	97	34	70	10	0	0	6	96	9	0	136	14	0	0	26	82	0	109	162	0	1	0	0	73	87	111	29	0	1	0	0	1	0	89	10	0	0	0	0	2	4	41	0	0	0	
0	0	1	1	0	1	0	0	0	3	0	91	193	17	0	1	1	0	21	203	130	119	11	0	3	0	152	88	0	122	79	0	0	15	148	7	0	135	87	0	0	31	157	4	88	137	0	0	1	0	115	181	114	11	0	1	0	0	0	3	0	2	1	0	
0	0	0	0	14	15	0	1	0	0	6	0	166	105	0	4	0	2	0	42	199	25	0	1	0	0	134	209	154	0	4	0	0	1	48	38	147	0	1	0	1	0	34	122	219	130	38	0	2	0	71	140	87	75	25	0	0	0	0	0	0	0	0	0	
0	0	0	0	1	0	0	0	0	0	1	0	43	114	0	1	0	0	3	0	155	136	0	3	0	2	0	84	212	8	0	1	0	3	0	170	115	0	3	0	2	0	39	177	5	0	1	0	3	0	147	85	0	3	0	0	0	0	27	5	0	0	0	0	
0	0	0	0	0	0	0	0	0	1	0	70	43	0	1	0	0	0	0	9	119	5	0	0	0	1	0	74	76	0	1	0	0	1	0	92	99	0	2	0	0	0	0	1	103	4	0	0	0	1	0	33	85	0	2	0	0	1	0	15	15	0	1	0	
0	0	2	0	0	2	1	0	0	0	0	20	29	4	0	0	2	0	96	125	133	135	10	0	0	44	125	0	0	148	31	0	0	5	8	0	93	122	0	3	0	1	0	37	163	9	0	1	1	0	34	167	44	0	2	0	2	0	115	59	0	3	0	0	
0	0	1	0	0	0	0	0	1	0	15	59	31	6	0	0	0	7	72	51	202	104	0	4	0	40	103	38	170	32	0	2	1	0	53	87	90	0	2	0	0	1	0	31	117	0	3	0	0	1	0	26	163	3	0	1	0	0	0	2	90	15	0	1	
0	0	0	0	0	0	1	0	0	0	6	62	119	107	25	0	1	0	6	173	115	80	129	5	2	0	119	101	0	0	147	39	0	70	137	0	0	88	176	0	0	134	59	0	95	171	33	0	0	72	156	129	87	7	0	1	0	0	17	6	0	2	2	0	
0	0	1	0	15	30	0	1	0	0	0	0	161	84	0	3	0	3	0	119	124	0	3	0	1	0	31	174	30	8	0	0	4	0	91	200	109	132	0	0	2	0	158	148	57	124	0	1	0	1	11	88	101	9	0	1	0	0	0	0	0	1	0	0	
0	0	1	0	23	21	0	1	0	0	2	0	190	97	0	4	0	3	0	88	112	0	2	0	1	0	19	182	95	39	0	1	4	0	106	180	91	183	18	0	3	0	119	57	31	70	2	0	2	0	70	124	65	0	1	0	0	0	0	0	0	2	0	0	
0	3	4	2	0	2	0	0	0	0	0	0	5	1	0	0	0	89	172	205	245	115	0	3	0	140	188	120	116	227	14	0	0	0	3	0	103	224	3	0	0	4	0	16	241	172	0	3	0	4	0	111	255	36	0	2	0	2	0	72	123	0	2	0	
0	0	0	0	0	0	0	0	0	1	0	11	86	130	103	12	0	3	0	142	82	19	133	41	0	3	0	111	96	74	78	0	0	12	129	175	157	2	1	1	0	99	97	43	112	0	5	0	0	34	117	137	57	0	2	0	1	0	21	21	0	0	0	0	
0	0	0	0	0	0	0	0	0	0	2	0	130	42	0	2	0	0	1	0	193	64	0	3	0	1	0	20	212	26	0	1	0	3	0	92	200	0	1	0	0	3	0	183	124	0	4	0	0	0	1	163	36	0	1	0	0	0	0	0	1	0	0	0	
0	0	2	2	0	0	0	0	0	0	0	0	25	61	13	0	1	0	35	103	88	128	50	0	0	0	143	77	70	145	1	0	1	0	32	63	166	44	0	2	0	2	0	84	92	0	3	0	2	0	51	142	0	1	0	0	2	0	57	46	0	1	0	0	
0	0	1	1	1	0	0	0	0	0	146	60	0	2	0	0	3	0	91	219	12	0	1	0	0	2	0	188	147	0	3	0	0	3	0	82	228	9	0	1	0	1	0	12	242	87	0	4	0	0	0	0	178	70	0	3	0	0	0	0	0	0	0	0	
0	0	0	0	2	3	3	0	0	0	0	1	0	0	0	0	0	1	0	3	75	94	83	14	0	1	3	103	59	41	33	2	0	43	41	71	98	3	0	0	0	62	86	54	90	1	1	0	0	0	29	47	8	0	0	0	0	1	0	0	1	0	0	0	
0	1	4	3	1	0	0	0	0	0	0	0	0	14	8	0	0	38	107	133	194	169	84	3	0	103	227	218	192	13	0	1	2	0	60	153	93	144	12	0	2	0	63	128	0	128	95	0	1	0	6	157	161	156	27	0	0	0	0	9	47	8	0	0	
0	0	1	1	0	0	2	0	0	1	2	13	3	1	7	6	1	0	38	90	0	0	122	30	0	17	193	123	30	136	105	0	0	99	148	28	162	182	0	2	0	1	0	5	139	26	0	1	0	3	0	102	96	0	3	0	0	1	0	73	13	0	0	0	
0	0	0	2	1	0	0	0	0	0	1	0	39	55	0	1	0	2	0	62	235	185	0	2	2	0	35	239	253	121	0	4	1	0	14	98	203	27	0	1	0	3	0	80	151	0	3	0	1	0	19	198	37	0	1	0	1	0	30	76	0	2	0	0	
0	0	1	1	0	0	0	0	0	1	0	29	75	39	4	0	1	0	27	128	70	110	132	0	2	0	128	60	0	98	85	0	0	48	111	0	90	109	0	0	0	5	0	78	125	0	1	0	1	0	76	124	0	1	1	0	0	3	80	13	0	1	0	0	
0	0	0	0	0	0	0	0	1	0	82	154	164	38	0	2	0	19	150	19	117	109	0	4	0	3	0	49	188	187	47	0	2	5	0	149	60	114	87	0	14	146	40	0	78	154	12	0	0	71	173	162	115	5	0	1	0	0	4	6	0	2	1	0	
0	0	1	0	36	73	0	2	0	0	1	0	193	107	0	3	0	3	0	134	139	0	3	0	2	0	39	191	61	133	61	0	4	0	138	221	111	184	132	0	3	0	176	219	138	110	5	0	1	0	23	81	48	0	1	0	0	0	0	0	0	3	1	0	
0	0	0	0	1	0	0	0	0	0	6	99	9	0	0	0	0	2	0	182	103	0	3	0	0	3	0	94	176	0	3	0	0	2	0	44	197	1	0	0	0	1	0	24	205	12	0	1	0	1	0	21	174	6	0	1	0	0	0	5	18	0	0	0	
0	0	0	2	0	0	0	0	0	0	3	0	139	165	0	0	0	3	0	126	167	128	88	0	3	0	87	205	0	67	91	0	0	17	194	36	0	170	75	0	0	119	149	24	184	129	0	2	0	64	196	185	87	0	1	0	0	0	3	1	0	2	0	0	
0	0	0	6	2	0	0	0	1	0	125	156	147	50	0	2	0	0	42	0	142	147	0	4	0	1	0	22	214	53	0	2	1	0	16	186	93	0	3	0	0	4	211	198	99	137	83	3	0	0	44	68	82	80	151	44	0	0	0	0	0	0	0	0	
0	0	0	2	1	1	2	1	0	0	0	8	28	0	1	0	0	4	0	112	195	114	144	6	0	1	0	156	201	122	182	22	0	27	122	145	177	50	12	0	0	133	75	53	130	0	4	0	0	35	142	143	32	0	2	0	0	0	8	7	0	0	0	0	
0	0	1	0	0	0	0	0	0	0	2	71	58	0	1	0	2	0	63	107	140	35	0	1	2	0	137	31	149	40	0	2	2	0	69	124	167	28	0	1	0	0	2	0	134	37	0	1	0	0	2	0	158	24	0	1	0	0	0	0	64	6	0	0	
0	0	0	0	1	1	0	0	0	0	0	1	0	69	10	0	0	0	2	0	58	140	0	2	0	0	1	2	140	41	0	2	0	3	0	115	88	0	3	0	2	0	57	127	0	2	0	0	0	3	115	18	0	1	0	0	0	5	20	0	1	0	0	0	
0	0	0	1	3	0	0	0	0	1	7	0	107	14	0	0	0	11	109	0	126	54	0	2	0	50	148	8	173	130	4	0	0	62	235	149	192	194	127	0	0	50	140	0	120	117	0	4	0	0	2	0	59	130	0	3	0	0	2	1	0	0	1	0	
0	0	0	2	0	1	0	0	0	0	2	0	30	10	0	0	0	0	0	113	143	122	0	1	1	0	111	82	1	134	2	0	0	3	50	0	91	81	0	3	0	2	0	65	120	0	0	0	2	0	62	128	3	0	0	0	0	0	109	23	0	1	0	0	
0	0	0	1	0	0	0	0	0	0	0	0	110	35	0	1	0	2	0	29	236	44	0	2	0	3	0	85	225	3	0	1	0	4	0	155	176	0	3	0	0	2	0	192	134	0	4	0	0	3	0	180	98	0	3	0	0	1	0	24	14	0	0	0	
0	0	1	2	0	1	0	0	0	1	1	2	31	11	0	0	1	0	13	118	136	142	13	0	0	0	171	89	0	151	25	0	0	11	73	0	89	120	0	3	0	1	0	27	142	8	0	1	1	0	25	126	31	0	1	0	2	0	88	54	0	2	0	0	
0	0	1	26	5	2	0	0	1	0	141	123	0	2	3	1	0	59	236	50	195	92	0	2	0	62	255	47	165	255	107	1	0	61	255	88	0	113	255	81	0	13	195	253	154	149	153	14	1	0	24	92	112	65	0	1	0	1	1	0	0	0	3	1	
0	0	0	0	1	2	2	0	0	0	0	1	0	128	24	0	0	0	3	0	76	145	0	3	0	0	0	9	192	38	0	2	0	3	0	131	126	0	3	0	2	0	53	176	2	0	0	0	3	0	124	83	0	3	0	0	0	0	1	1	1	0	0	0	
0	0	1	0	0	1	0	0	1	0	17	128	162	26	0	1	4	0	139	160	104	125	0	4	1	0	203	61	0	176	17	0	0	0	198	55	0	140	101	0	4	0	144	139	9	165	71	0	1	0	23	158	195	106	0	1	0	0	1	1	2	0	1	0	
0	0	0	0	23	27	0	0	0	0	0	8	94	152	79	0	0	2	1	0	17	126	46	0	0	2	0	30	158	107	0	2	13	76	0	0	10	136	5	0	25	164	75	51	117	89	0	2	0	43	107	100	49	1	0	0	0	0	0	0	0	2	0	0	
0	0	0	0	0	0	0	0	0	5	35	71	96	131	21	0	0	30	116	77	119	160	12	0	0	2	0	130	140	0	0	0	0	1	0	105	133	110	3	0	1	0	71	2	29	170	12	0	3	0	110	125	142	41	0	2	1	0	12	62	15	0	1	0	
0	0	1	0	1	1	0	0	0	0	0	0	1	0	0	0	1	0	36	104	98	37	0	2	0	0	4	0	87	64	0	2	0	17	103	152	153	91	47	1	0	53	143	42	2	35	91	46	0	0	0	0	0	0	0	0	0	1	2	2	0	1	3	0	
0	0	2	0	1	0	1	0	0	2	0	49	162	133	4	0	3	0	72	167	6	137	136	0	0	0	194	71	0	23	141	0	0	54	194	0	0	22	149	0	0	71	211	34	60	178	105	0	0	1	138	198	171	73	0	1	0	0	0	0	0	0	2	0	
0	0	0	0	0	0	0	0	0	8	100	132	122	114	14	0	0	55	113	34	0	158	110	0	0	1	0	19	155	185	11	0	0	85	25	39	96	111	65	0	7	165	15	0	0	42	139	0	0	79	163	116	101	150	50	0	1	0	21	65	48	19	0	1	
0	0	2	1	0	0	1	0	0	1	0	17	97	109	5	0	2	0	49	202	104	193	88	0	0	0	225	149	0	84	137	0	0	1	211	63	0	106	97	0	0	8	230	47	20	197	21	0	1	0	162	161	152	65	0	2	0	0	1	52	20	0	1	0	
0	0	0	0	1	0	0	0	0	0	2	0	50	105	0	3	0	0	4	0	141	99	0	3	0	1	0	29	172	7	0	1	0	3	0	135	86	0	3	0	2	0	47	159	0	2	0	0	3	0	98	79	0	3	0	0	0	0	1	1	0	0	0	0	
0	2	2	0	0	0	0	0	1	0	4	37	67	38	3	0	0	28	157	130	128	160	81	0	12	217	225	130	80	18	0	1	7	56	58	93	150	198	55	0	0	0	0	4	0	100	157	0	1	1	6	111	134	184	65	0	0	1	0	13	63	29	0	1	
0	0	1	2	0	0	1	1	0	1	0	13	56	55	16	0	1	0	16	173	146	135	167	27	0	22	193	162	0	0	132	60	0	104	117	0	5	0	147	53	0	122	142	41	101	153	107	0	0	26	154	152	93	23	0	1	0	0	0	0	0	0	2	0	
0	0	0	1	4	0	0	0	1	0	81	161	190	79	0	3	0	25	117	29	80	145	0	4	0	0	4	0	135	97	0	4	0	2	0	64	165	0	0	0	2	0	87	209	66	65	113	25	0	0	174	189	147	125	56	5	0	0	0	0	0	0	0	0	
0	0	2	2	0	0	2	1	0	1	1	0	4	8	2	0	1	0	103	201	158	128	106	7	0	17	177	89	33	0	100	50	0	111	83	0	0	16	148	20	0	87	131	34	83	139	62	0	0	0	74	88	70	12	0	1	0	1	0	0	0	1	2	0	
0	0	0	1	2	0	0	0	0	0	12	123	157	54	0	2	0	0	11	30	65	147	0	3	0	22	143	55	75	108	0	3	0	107	88	166	252	108	12	0	0	87	144	143	92	134	171	28	0	5	40	7	0	0	10	3	0	1	0	1	4	4	1	0	
0	0	0	2	0	0	0	0	0	0	1	0	18	17	0	0	0	2	0	79	140	156	15	0	2	0	48	205	28	142	3	0	4	0	98	120	81	89	0	3	0	0	1	42	130	0	0	0	0	0	1	132	34	0	1	0	2	0	49	67	0	2	0	0	
0	0	0	0	0	0	0	0	0	1	0	11	171	226	32	0	0	4	0	139	177	47	13	0	0	3	0	116	160	90	49	0	1	0	127	210	228	142	10	0	0	2	233	140	119	145	0	4	2	0	40	169	200	66	0	2	0	0	0	0	0	0	0	0	
0	0	0	0	0	0	1	0	0	1	0	12	110	79	14	0	0	2	0	30	126	62	130	1	0	1	0	85	152	77	121	6	0	20	106	142	107	31	7	0	0	94	32	75	50	0	3	0	0	77	107	104	5	1	0	0	0	7	56	14	0	1	0	0	
0	0	0	0	0	0	0	0	0	0	5	0	35	15	0	1	1	0	72	1	65	37	0	1	3	0	96	34	83	57	0	2	2	0	45	102	133	40	0	2	0	0	3	0	73	40	0	2	0	0	3	0	57	80	0	3	0	0	0	0	7	24	0	1	
0	0	0	2	0	1	1	0	0	0	2	0	2	1	3	1	0	2	1	71	5	13	121	1	2	0	97	145	22	127	118	0	0	80	188	70	121	141	0	1	0	52	6	20	119	10	0	1	0	0	0	118	36	0	2	0	0	1	3	16	0	1	0	0	
0	0	0	0	0	1	0	0	0	10	11	0	2	1	0	0	0	34	124	106	108	128	0	1	0	0	6	0	80	121	0	3	0	1	2	0	143	31	0	1	0	2	0	48	137	0	2	0	0	3	0	127	74	0	3	0	0	1	0	103	16	0	0	0	
0	0	0	3	1	0	0	0	0	0	1	0	3	9	4	0	0	0	1	76	124	181	19	0	2	0	86	84	121	135	0	3	2	0	121	97	176	30	0	1	0	0	0	102	91	0	3	0	1	0	24	120	7	0	0	0	3	0	70	61	0	2	0	0	
0	2	0	55	33	0	1	0	1	0	19	182	29	0	2	0	4	0	116	111	0	6	0	0	0	0	173	29	90	180	38	0	0	0	167	51	118	135	92	0	3	0	67	174	206	169	7	0	0	1	0	50	73	10	0	1	0	0	1	0	0	1	1	0	
0	0	0	0	0	0	0	0	0	1	0	38	136	155	47	0	1	3	0	38	28	144	124	0	0	1	4	0	120	199	12	0	19	90	0	28	85	140	21	0	36	191	86	33	40	152	13	0	0	49	140	128	119	40	0	1	0	0	0	0	0	0	0	0	
0	0	0	6	2	0	0	0	2	0	116	133	125	79	0	0	3	0	126	124	0	87	23	0	0	2	0	163	174	17	0	1	2	0	66	137	170	88	0	3	3	0	164	65	14	158	0	1	2	0	57	156	132	101	0	1	0	0	0	7	13	0	0	0	
0	0	0	2	1	0	2	0	0	0	0	0	11	31	6	0	0	2	0	114	145	116	117	0	0	4	0	101	117	63	142	0	0	11	60	159	195	91	14	0	0	148	188	171	31	0	2	0	0	70	80	28	0	4	1	0	0	0	0	1	1	0	0	0	
0	1	0	0	0	1	2	0	0	4	90	64	120	16	0	1	0	60	203	48	153	186	38	0	0	103	78	0	0	73	180	2	0	130	75	0	6	0	128	62	0	71	217	95	93	130	177	24	2	0	78	179	146	141	39	0	0	1	0	0	0	0	1	1	
0	0	0	2	0	0	2	0	0	1	3	0	4	3	0	0	0	1	0	78	46	0	117	38	0	35	143	188	90	154	115	0	0	67	70	0	153	115	0	2	0	2	0	112	96	0	4	0	2	0	80	107	0	3	0	0	1	0	47	9	0	0	0	0	
0	0	1	0	0	0	0	0	0	0	3	102	124	42	0	2	2	0	51	212	234	157	0	4	3	0	68	169	158	21	0	1	1	0	20	233	131	12	1	0	4	0	129	95	42	221	29	0	3	0	83	164	140	138	0	0	0	0	0	41	52	3	0	0	
0	0	0	2	1	0	0	0	0	0	2	0	24	69	51	0	0	3	0	73	151	117	175	0	2	0	50	181	0	105	86	0	0	22	161	22	126	116	0	1	0	6	3	150	121	0	3	0	0	0	138	103	0	4	0	0	0	35	77	0	3	0	0	0	
0	0	0	0	1	1	0	0	0	0	1	0	102	18	0	1	0	0	0	9	113	0	0	0	0	1	0	32	116	0	3	0	0	2	0	57	79	0	3	0	0	3	0	92	80	0	3	0	0	3	0	77	67	0	2	0	0	0	0	1	1	0	0	0	
0	0	0	0	5	3	0	0	0	1	0	16	110	135	31	0	1	1	0	4	0	65	127	0	0	0	30	18	0	114	57	0	19	175	159	180	203	83	0	3	16	126	92	50	64	154	41	0	0	0	0	1	0	19	22	0	1	3	3	2	3	2	0	0	
0	0	0	0	0	1	0	0	0	12	81	88	63	2	0	0	0	145	230	190	251	150	0	2	0	75	26	0	141	207	0	2	0	0	3	0	183	118	0	4	0	5	0	48	255	69	0	3	0	3	0	72	255	70	0	3	0	1	0	33	117	18	0	1	
0	0	0	3	0	0	0	0	0	0	2	0	11	50	60	0	0	0	2	116	151	159	111	0	3	0	84	179	40	2	0	0	4	0	109	121	104	139	0	1	8	124	11	0	83	120	0	2	0	64	126	112	78	4	0	0	0	0	0	0	0	2	0	0	
0	0	0	0	0	1	1	0	1	0	16	76	76	16	3	15	1	0	158	75	92	208	141	54	2	0	113	108	112	111	36	0	3	0	84	254	53	0	3	1	0	11	155	45	138	18	0	1	2	0	95	115	175	79	0	3	0	0	0	56	85	9	0	1	
1	1	0	3	0	67	38	0	3	2	3	0	68	152	12	0	0	2	0	57	142	7	0	1	2	0	49	209	72	4	0	0	1	0	134	78	101	147	0	1	0	21	158	76	121	70	0	1	1	0	60	87	28	0	1	0	0	0	0	0	0	2	0	0	
0	0	0	0	0	0	0	0	0	9	46	77	54	2	0	0	0	79	120	58	163	43	0	2	0	1	0	117	135	1	0	1	3	0	85	170	108	111	0	0	0	0	1	0	16	146	2	0	0	0	0	37	141	57	0	2	0	0	5	87	48	0	1	0	
0	0	0	0	0	0	0	0	0	0	6	79	94	84	15	0	1	0	28	98	35	105	124	0	0	1	2	0	46	125	42	0	8	44	0	23	107	139	9	0	22	162	87	61	53	127	8	0	0	29	80	87	85	21	0	1	0	0	0	0	0	1	0	0	
0	0	0	1	1	3	0	0	0	0	2	0	31	45	0	2	0	0	6	27	74	48	0	2	1	0	38	64	80	15	0	0	3	0	79	83	130	45	0	0	1	0	5	122	95	0	1	0	0	2	0	52	23	0	1	0	0	0	1	1	1	0	0	0	
0	0	0	1	0	65	8	0	0	0	3	0	58	120	0	1	0	1	0	20	141	17	0	1	0	1	0	169	86	0	3	0	3	0	87	149	66	113	0	0	4	0	112	97	54	142	4	0	1	0	13	74	77	18	0	1	0	0	0	0	0	1	0	0	
0	0	0	0	0	0	0	0	0	0	1	0	97	16	0	1	0	0	1	0	143	19	0	1	0	1	0	21	143	0	0	0	0	1	0	42	134	0	3	0	0	3	0	99	105	0	3	0	0	3	0	96	58	0	2	0	0	0	0	0	0	0	0	0	
0	0	2	3	0	3	2	0	0	0	0	0	0	0	0	0	1	0	36	111	107	148	58	0	0	16	173	83	81	214	67	0	0	4	67	56	154	92	0	3	0	1	0	30	128	0	2	0	0	3	0	110	63	0	2	0	0	0	4	127	7	0	0	0	
0	0	0	2	0	0	0	0	0	0	3	0	107	209	30	0	0	3	0	114	235	157	115	0	3	0	67	211	8	91	114	0	0	0	186	57	22	187	16	0	0	26	195	80	197	57	0	2	0	5	169	176	43	0	2	0	0	0	0	0	1	2	0	0	
0	0	2	1	1	0	0	0	0	0	3	1	10	48	0	0	2	0	102	35	70	172	0	3	0	39	189	134	198	67	0	3	0	10	4	23	173	14	0	1	0	1	0	51	148	0	3	0	0	3	0	78	118	0	3	0	0	1	0	38	41	0	1	0	
0	0	0	0	12	5	0	0	1	0	9	119	130	133	19	0	1	0	26	96	0	76	80	0	0	0	22	21	0	71	75	0	0	37	135	92	93	163	25	0	0	115	64	18	169	172	50	0	0	48	135	121	41	1	16	0	0	0	5	0	0	2	0	0	
0	0	1	0	77	21	0	1	0	2	0	69	183	3	0	1	0	3	0	129	91	0	4	0	2	0	41	215	129	101	0	1	2	0	56	119	0	159	50	0	4	0	145	172	98	132	31	0	1	0	54	82	52	7	0	0	0	0	0	0	0	1	1	0	
0	0	0	2	0	0	0	0	0	0	0	14	17	21	3	0	0	2	0	107	67	136	0	0	2	0	53	207	162	121	0	4	1	0	153	68	149	57	0	2	0	3	16	5	156	10	0	0	0	1	0	43	153	0	2	0	0	1	0	32	54	0	2	0	
0	0	1	2	0	0	0	0	0	0	0	0	15	22	0	0	1	0	17	95	109	162	59	0	2	0	155	116	97	162	9	0	1	0	53	51	141	64	0	2	0	2	0	49	120	0	3	0	1	0	10	146	22	0	1	0	1	0	30	110	0	2	0	0	
0	0	0	0	0	0	0	0	0	1	0	31	145	5	0	1	0	1	0	32	178	0	0	0	0	3	0	81	168	0	3	0	0	2	0	166	80	0	3	0	0	2	0	173	82	0	2	0	0	2	0	38	163	30	0	2	0	0	0	0	4	2	0	0	
0	0	0	3	1	0	1	0	0	0	4	0	62	199	23	0	0	3	0	88	181	148	102	0	3	0	102	197	15	49	130	0	0	79	177	12	0	132	80	0	0	168	74	1	134	152	0	0	0	69	182	153	89	3	0	0	0	0	6	4	0	2	1	0	
0	0	2	0	22	7	0	0	0	3	0	93	206	12	0	1	3	0	70	203	109	171	27	0	0	20	220	69	0	100	176	0	0	111	160	0	0	132	168	0	0	105	190	85	184	167	14	0	0	15	140	155	66	0	1	0	0	0	0	0	0	2	1	0	
0	0	0	0	0	1	0	0	0	0	0	2	29	8	0	0	0	3	0	28	104	106	0	2	0	0	1	0	70	93	0	2	0	34	136	158	136	106	92	13	0	59	107	26	0	2	16	5	0	0	0	0	2	1	0	0	0	2	4	1	0	0	1	0	
0	0	0	0	0	0	0	0	2	0	32	182	203	61	0	3	3	0	77	110	226	108	0	4	2	0	28	188	255	73	0	3	2	0	55	129	158	216	0	0	0	18	154	105	208	173	0	2	2	0	87	217	154	10	0	1	0	0	0	0	0	1	0	0	
0	0	0	1	2	0	0	0	0	0	0	2	0	7	17	4	0	1	1	0	85	135	106	13	0	1	0	151	144	15	0	1	0	29	22	72	76	128	0	2	0	90	116	85	110	55	0	2	0	2	19	26	7	0	0	0	0	1	0	0	1	2	0	0	
0	0	0	0	0	0	0	0	2	0	68	134	42	0	2	0	4	0	137	149	20	0	1	0	1	0	8	137	86	13	0	1	0	3	0	101	213	11	0	1	0	2	0	110	117	90	0	3	0	2	0	34	167	136	0	3	0	0	1	0	19	19	0	1	
0	0	0	2	2	2	1	0	0	0	0	0	0	0	0	0	0	0	9	45	75	159	132	18	1	0	27	176	108	48	18	1	0	23	31	33	83	98	0	2	0	102	127	77	119	48	0	2	0	9	57	58	12	0	0	0	0	0	0	0	1	2	0	0	
0	0	0	0	0	0	0	0	0	22	93	122	119	0	0	0	0	29	79	162	136	0	3	0	2	0	32	209	119	36	0	1	0	2	1	5	68	171	49	0	0	0	12	87	0	107	105	0	1	0	23	180	121	166	21	0	0	1	0	34	65	13	0	1	
0	0	0	0	1	1	0	0	0	0	0	2	0	117	39	0	0	0	3	0	75	172	0	1	0	1	0	18	190	36	0	2	0	1	0	149	91	0	3	0	2	0	119	134	0	3	0	0	0	19	139	5	0	0	0	0	0	0	1	2	0	0	0	0	
0	1	3	0	0	0	1	0	0	1	0	49	112	68	0	0	0	4	151	255	237	255	130	0	0	122	234	71	0	98	245	26	0	159	131	0	0	110	231	18	0	138	203	84	191	253	62	0	0	22	182	211	159	35	0	2	0	0	0	0	0	0	2	0	
0	0	0	0	0	0	0	0	1	0	4	93	123	58	0	1	1	1	0	21	36	178	72	0	0	3	0	30	143	150	14	0	14	12	0	0	28	129	0	2	86	121	30	16	84	113	0	2	0	77	125	118	95	8	0	1	0	0	0	0	0	1	0	0	
0	0	0	3	18	0	0	0	0	3	0	86	119	0	3	0	0	3	0	155	68	0	2	0	0	0	7	161	85	50	0	1	1	0	28	195	125	167	24	0	1	0	20	187	137	137	0	0	0	2	0	67	117	9	0	1	0	0	0	0	0	2	0	0	
0	0	0	0	0	0	0	0	0	0	3	94	109	79	1	0	1	0	6	36	0	132	74	0	1	4	0	18	108	155	15	0	84	62	0	14	10	127	44	0	80	144	123	98	90	94	10	0	0	10	24	30	20	0	0	0	1	0	0	0	0	2	1	0	
0	0	0	0	0	0	0	0	0	0	6	34	106	29	0	1	0	0	159	141	104	3	0	0	2	0	139	124	122	85	0	2	3	0	87	122	0	132	25	0	0	0	4	17	0	88	83	0	0	0	1	109	112	141	52	0	0	0	0	6	61	36	0	1	
0	0	1	3	1	2	1	0	0	0	1	0	1	1	0	0	1	0	17	97	96	154	50	0	0	0	129	71	100	145	3	0	0	0	92	79	156	36	0	1	0	2	0	43	108	0	2	0	0	3	0	112	52	0	2	0	0	0	7	119	4	0	0	0	
0	0	0	0	1	0	0	0	0	0	2	0	53	88	0	3	0	0	3	0	164	78	0	3	0	2	0	38	182	2	0	1	0	3	0	136	94	0	3	0	1	0	22	181	9	0	1	0	2	0	45	128	0	2	0	0	0	0	0	1	1	0	0	0	
0	0	0	0	0	1	0	0	0	1	0	43	61	1	0	0	0	1	0	117	120	82	0	3	2	0	57	101	22	119	0	3	4	0	146	70	51	66	0	2	0	0	34	13	119	7	0	0	0	2	0	82	83	0	3	0	0	1	0	57	12	0	0	0	
0	0	1	2	0	0	0	0	1	0	0	172	136	0	0	0	0	1	0	33	233	78	0	3	0	1	0	1	215	73	0	3	2	0	43	196	170	0	1	0	3	0	62	241	209	50	0	1	0	1	0	18	160	166	0	0	0	0	2	1	0	0	0	0	
0	0	0	0	0	0	0	0	0	0	10	63	65	72	40	0	1	0	35	194	89	71	155	32	0	0	11	117	11	77	105	7	1	0	49	185	126	54	3	0	0	48	100	114	12	0	2	1	0	116	97	82	0	4	0	0	0	31	105	18	0	1	0	0	
0	1	1	0	0	0	0	0	1	0	25	11	15	16	0	1	0	22	121	0	86	35	0	1	0	13	128	59	121	49	42	6	1	0	23	82	159	80	59	9	0	1	0	21	84	0	2	0	0	2	0	53	70	0	5	0	0	1	0	23	25	0	1	0	
0	0	1	2	0	2	0	0	0	1	0	12	20	0	0	0	1	0	17	137	143	107	0	0	2	0	150	100	2	165	2	0	0	9	83	0	109	80	0	3	0	2	0	59	128	0	1	0	1	0	29	139	18	0	1	0	2	0	80	48	0	2	0	0	
0	0	0	1	52	24	0	1	0	4	0	121	156	126	11	0	0	1	0	81	7	115	60	0	1	0	62	44	0	148	34	0	0	96	141	101	151	137	0	3	0	117	38	62	223	145	25	0	0	21	113	106	16	29	29	0	0	0	0	0	1	1	0	0	
0	0	0	0	2	6	0	0	0	1	0	28	119	162	74	0	1	2	0	9	0	105	110	0	0	1	62	54	0	128	19	0	6	131	117	158	236	89	0	3	23	173	108	99	98	131	0	1	0	27	52	2	0	10	1	0	0	0	0	2	4	1	0	0	
0	0	0	0	0	0	0	0	1	0	21	16	28	40	0	1	2	0	120	199	217	145	0	4	0	0	3	0	170	100	0	4	0	2	0	47	202	10	0	1	0	2	0	193	132	0	3	0	2	0	50	206	8	0	1	0	1	0	35	78	0	2	0	0	
0	0	0	0	1	0	0	0	0	0	0	9	12	0	0	0	0	0	11	74	105	19	0	1	0	0	24	27	99	31	0	1	0	46	139	133	150	92	40	8	0	14	48	20	0	42	77	24	0	0	0	0	2	0	0	0	0	1	2	1	0	2	3	1	
0	0	0	0	0	1	1	0	0	1	0	84	121	43	0	2	2	0	58	134	7	143	24	0	2	0	44	126	56	150	8	0	0	4	0	146	186	0	2	0	1	0	13	119	139	31	0	1	0	0	10	120	167	61	0	3	0	1	0	32	53	0	0	0	
0	0	0	1	3	3	2	0	0	0	1	1	0	0	0	0	0	2	0	24	106	94	93	10	1	0	21	122	81	37	22	0	0	29	45	45	59	43	0	2	0	72	87	46	85	20	0	1	0	0	28	35	9	0	0	0	0	1	0	0	1	1	0	0	
0	1	0	0	0	0	0	0	1	0	41	82	34	5	0	0	0	54	158	37	180	83	0	3	0	55	163	28	192	103	0	4	1	0	52	91	180	99	0	4	0	1	4	0	128	103	0	4	0	0	6	0	146	128	0	4	0	0	2	0	57	69	0	2	
0	0	1	3	0	0	0	0	0	0	1	0	13	36	11	0	2	0	56	161	107	101	163	7	1	0	187	142	0	58	128	0	0	47	122	0	28	155	20	0	0	2	0	41	157	46	0	2	2	0	82	158	24	0	2	0	0	12	136	24	0	3	0	0	
0	0	2	0	0	1	1	0	0	2	0	72	81	4	0	0	1	0	61	111	117	161	19	0	0	39	130	1	88	98	4	0	1	0	112	185	137	4	0	1	2	0	55	111	87	106	0	3	0	2	0	47	119	177	10	0	0	0	2	0	8	38	4	0	
0	0	2	0	0	0	0	0	0	0	0	10	27	22	0	0	2	0	78	124	80	100	35	0	0	16	147	10	0	104	94	0	0	0	79	84	111	179	9	0	0	1	0	25	131	24	0	1	1	0	23	140	33	0	2	0	3	0	89	64	0	3	0	0	
0	0	0	0	0	0	0	0	0	0	7	71	46	0	1	0	1	0	24	157	155	0	3	0	1	0	14	176	73	0	3	0	2	0	40	136	148	41	0	2	0	0	4	0	107	86	0	3	0	0	0	29	130	13	0	1	0	0	0	67	49	0	1	0	
0	0	0	2	0	1	0	0	0	0	0	0	27	12	0	0	0	1	0	107	106	115	5	0	2	0	42	91	8	99	0	0	1	0	48	95	165	82	22	1	0	81	184	93	29	55	91	18	0	13	5	0	0	0	0	0	0	0	1	3	1	2	2	0	
0	0	0	0	0	0	0	0	0	2	88	129	130	67	0	2	0	14	71	27	24	145	31	0	0	2	0	1	0	113	17	0	1	0	29	52	135	147	0	2	0	112	170	182	166	92	113	0	0	86	111	68	3	0	19	3	0	0	0	0	2	3	0	0	
0	0	0	0	2	0	0	0	0	0	0	0	10	93	2	0	0	0	3	0	118	167	0	3	0	1	0	21	197	28	0	1	0	4	0	129	133	0	3	0	1	0	17	182	29	0	1	0	4	0	119	100	0	3	0	0	0	0	20	7	0	0	0	0	
0	0	1	1	0	1	0	0	0	0	0	9	24	0	0	0	1	0	31	132	142	112	0	3	2	0	142	46	141	118	0	3	1	0	135	148	208	20	0	1	0	1	0	60	137	0	2	0	0	3	0	91	113	0	3	0	0	2	0	63	68	0	2	0	
0	0	0	0	0	0	0	0	1	0	14	88	103	93	34	0	1	0	12	48	30	145	121	0	0	1	0	8	140	122	0	1	6	15	0	3	19	124	3	0	57	118	0	0	68	106	0	2	9	113	123	109	96	11	0	1	0	0	16	13	0	1	0	0	
0	0	0	1	4	29	1	0	0	0	0	0	123	81	0	1	0	3	0	124	114	0	3	0	1	0	24	158	10	0	0	0	3	0	69	182	140	78	0	2	3	0	65	184	100	163	0	2	0	1	0	74	131	22	0	1	0	0	0	0	0	0	0	0	
0	0	1	2	0	1	0	0	0	1	0	12	177	110	0	3	1	0	19	180	180	170	0	1	4	0	127	137	0	170	75	0	3	0	177	57	0	163	75	0	3	0	167	85	128	162	0	0	3	0	61	193	123	6	0	1	0	0	0	0	0	2	1	0	
0	0	0	0	0	0	0	0	0	0	2	0	69	30	0	1	0	1	0	22	156	4	0	1	0	3	0	71	116	0	3	0	0	3	0	93	69	0	2	0	0	3	0	106	36	0	1	0	0	1	0	89	15	0	0	0	0	0	0	11	3	0	0	0	
0	0	0	0	1	0	0	0	0	0	2	0	51	88	0	2	0	0	2	0	174	118	0	4	0	1	0	32	204	12	0	1	0	3	0	125	156	0	3	0	0	0	0	197	53	0	2	0	1	0	19	185	13	0	1	0	0	0	4	24	0	0	0	0	
0	0	0	0	0	0	0	0	0	1	0	9	174	127	0	0	0	2	0	54	87	94	54	0	0	2	0	55	94	141	24	0	1	0	6	163	214	58	0	2	4	0	129	233	45	0	2	0	2	0	66	161	3	1	0	0	0	0	0	0	0	0	0	0	
0	1	0	19	38	0	0	0	2	0	66	191	212	24	0	1	2	0	70	47	190	67	0	3	0	2	0	67	223	15	0	1	1	0	69	197	41	0	59	13	0	94	244	201	130	202	209	17	0	10	12	86	129	92	16	0	0	0	0	0	0	0	1	1	
0	0	0	0	0	0	0	0	0	0	1	60	115	75	0	1	3	0	115	113	42	74	8	0	2	0	57	130	6	0	1	0	0	2	0	69	162	9	0	1	0	0	16	0	89	111	0	4	2	0	69	119	137	90	0	3	0	0	0	32	41	0	0	0	
0	0	0	0	0	0	0	0	0	3	34	85	159	64	0	2	0	22	154	117	115	192	2	0	0	0	8	28	147	177	0	2	1	0	24	170	174	183	2	0	0	0	9	0	62	177	0	1	0	14	181	171	193	62	0	2	0	3	24	55	33	0	1	0	
0	0	1	2	0	1	1	0	0	1	0	15	134	76	0	2	1	0	9	167	120	172	18	0	2	0	157	96	10	225	32	0	0	55	171	0	195	121	0	3	0	36	180	213	144	0	3	0	1	1	3	124	81	0	3	0	0	1	0	10	20	0	0	0	
0	0	0	1	0	0	0	0	0	1	0	19	112	0	1	1	0	4	0	122	204	0	1	0	2	0	33	164	153	1	11	12	0	8	189	127	209	149	160	68	0	64	186	126	179	19	7	0	0	4	0	23	80	0	2	0	0	0	2	4	1	1	0	0	
0	0	1	1	0	2	2	0	0	1	0	38	121	22	0	1	1	0	22	225	255	197	39	0	4	0	122	247	90	133	169	0	2	0	200	105	0	138	126	0	2	0	197	120	96	200	10	0	3	0	67	249	206	30	0	2	0	1	0	30	15	0	2	0	
0	0	0	0	0	4	2	0	0	3	0	80	168	152	38	0	0	4	0	145	163	0	1	0	0	4	0	169	227	153	4	0	1	0	8	148	32	192	25	0	0	40	49	9	159	138	0	1	0	46	175	158	107	0	1	0	0	0	2	1	0	2	0	0	
0	0	1	0	0	0	0	0	1	0	11	133	140	145	73	0	3	0	90	186	26	46	24	0	4	0	162	184	161	77	0	2	2	0	109	125	95	190	0	1	1	0	29	0	93	180	0	2	3	0	107	209	195	38	0	2	0	0	3	32	11	0	1	0	
0	1	0	47	44	0	1	0	0	4	0	157	91	0	5	0	2	0	47	219	25	4	1	0	1	0	186	102	46	226	44	0	0	77	176	0	182	255	75	0	0	40	174	187	253	104	0	1	1	0	32	94	48	0	1	0	0	1	1	0	0	3	0	0	
0	0	0	1	0	0	0	0	0	1	0	11	93	127	0	2	0	2	0	99	178	109	0	3	0	0	13	117	99	18	0	1	0	2	0	173	94	0	3	0	2	0	47	171	105	0	3	0	2	0	48	167	61	0	2	0	0	0	0	2	0	0	0	0	
0	0	2	1	0	0	0	0	0	0	0	3	5	12	4	0	2	0	132	189	166	210	94	0	0	33	201	32	31	200	35	0	0	9	20	0	132	128	0	4	0	3	0	78	193	0	0	0	1	0	18	198	42	0	2	0	2	0	54	117	0	3	0	0	
0	0	0	0	0	0	0	0	0	2	0	50	37	0	1	0	0	3	0	73	85	0	3	0	0	2	0	64	103	0	3	0	0	1	0	34	113	0	3	0	0	1	0	15	125	0	0	0	0	0	0	0	94	8	0	0	0	0	0	0	0	0	0	0	
0	0	1	2	0	0	0	0	0	0	0	3	9	45	130	13	1	0	5	122	82	186	107	0	4	0	115	148	87	57	0	2	1	0	24	209	194	0	3	1	1	0	19	210	213	7	0	1	4	0	100	235	88	0	1	0	1	0	16	23	0	0	0	0	
0	0	0	0	1	1	0	0	0	19	99	112	66	0	3	0	0	47	106	107	107	8	0	1	0	13	160	148	121	150	33	0	1	0	69	22	0	48	108	0	0	0	55	35	0	4	97	1	1	0	46	121	131	160	74	0	0	0	0	0	31	41	0	0	
0	0	1	3	0	0	0	0	0	0	1	0	19	13	0	0	0	0	0	116	147	224	36	0	3	0	153	167	157	200	10	0	2	0	130	135	205	87	0	3	0	0	0	4	170	27	0	1	0	3	0	115	121	0	3	0	0	2	0	118	47	0	2	0	
0	0	0	1	0	0	0	0	0	1	0	33	33	32	0	0	0	1	0	177	67	113	0	1	2	0	89	135	0	137	25	0	0	96	238	111	107	218	167	8	0	50	78	59	34	113	55	0	0	0	0	0	0	0	0	0	0	2	3	2	2	2	1	0	
0	0	1	3	0	0	0	0	0	0	2	0	40	186	92	0	1	0	2	153	195	240	121	0	4	0	135	212	0	197	86	0	0	11	204	19	83	201	0	0	0	61	228	139	222	48	0	2	0	37	207	164	38	0	2	0	0	0	0	0	1	2	0	0	
0	1	2	0	0	0	0	0	0	2	0	43	132	150	57	0	0	4	170	232	175	255	150	0	0	133	213	21	0	178	107	0	0	216	70	0	0	150	107	0	0	153	190	0	41	226	33	0	0	4	172	220	227	132	0	2	0	0	2	52	39	0	1	0	
0	0	0	1	1	0	0	0	0	0	3	0	107	100	0	4	0	1	0	10	217	59	0	3	0	2	0	52	223	10	0	1	0	4	0	110	182	0	2	0	0	1	0	201	121	0	4	0	1	0	17	178	28	0	1	0	0	0	0	0	1	0	0	0	
0	0	1	0	0	0	0	0	1	0	14	165	181	84	68	9	2	0	151	128	42	38	14	1	2	0	173	139	0	2	0	0	0	7	32	128	176	52	0	2	0	8	124	72	155	214	0	0	1	0	18	127	157	136	0	0	0	0	1	0	0	0	0	0	
0	0	0	0	0	0	0	0	0	0	2	103	143	4	0	1	1	0	37	142	190	103	0	4	0	1	0	31	188	49	0	2	0	40	162	255	129	19	148	16	0	90	128	76	169	210	122	0	0	0	0	0	3	12	0	0	0	2	4	4	2	0	3	0	
0	1	1	0	0	0	1	0	1	0	27	117	116	55	0	0	0	13	226	154	36	118	78	0	0	43	150	0	0	12	117	0	0	65	64	0	6	0	125	10	0	47	83	0	0	80	90	0	0	0	121	96	114	86	3	0	1	0	15	63	22	0	2	0	
0	0	0	0	0	0	0	0	0	2	0	55	186	33	0	2	0	2	0	41	158	87	0	3	0	0	4	80	196	67	0	3	0	0	3	27	111	121	0	4	0	5	141	96	156	56	0	2	0	3	172	184	40	0	2	0	0	0	0	0	1	2	0	0	
0	0	0	1	11	1	0	0	1	0	57	108	80	3	0	0	1	0	105	23	0	1	0	0	3	0	110	116	35	68	17	0	0	4	86	30	0	62	71	0	1	0	59	25	0	80	68	0	1	0	18	91	92	81	4	0	0	0	0	2	9	0	0	0	
0	0	0	2	1	0	0	0	0	0	4	0	80	52	0	2	0	4	0	69	255	116	0	4	1	0	93	183	214	38	0	2	0	146	240	111	206	160	139	0	0	63	97	210	178	86	87	1	0	1	0	139	38	0	1	0	0	2	6	16	2	4	3	0	
0	0	1	1	0	0	0	0	0	0	0	0	16	91	63	0	1	0	24	181	195	104	7	0	3	0	67	160	0	0	0	0	2	0	55	130	118	18	0	1	0	0	3	0	84	114	0	4	0	25	111	13	113	63	0	2	0	10	37	27	43	0	0	0	
0	0	0	1	0	0	0	0	0	1	0	22	89	55	118	77	0	2	0	127	139	128	98	17	1	0	11	205	115	4	0	1	1	0	16	52	123	137	0	4	0	33	196	130	156	58	0	2	0	13	170	133	22	0	1	0	0	0	0	0	1	2	0	0	
0	0	2	0	0	0	0	0	0	1	0	30	68	106	97	0	2	0	119	216	210	241	130	0	0	17	244	162	32	1	0	0	0	10	161	190	204	134	0	1	0	24	52	0	127	237	10	0	0	28	197	215	192	51	0	2	0	0	19	31	0	0	0	0	
0	0	2	0	48	59	0	2	0	0	1	0	178	67	0	2	0	2	0	68	178	0	2	0	1	0	7	172	131	142	8	0	4	0	132	188	222	210	0	0	3	0	102	231	255	64	0	3	0	0	0	30	59	3	0	0	0	0	1	0	0	1	0	0	
0	0	2	1	0	0	1	0	0	2	0	25	126	130	16	0	2	0	33	219	119	148	195	0	0	15	220	96	0	31	202	16	0	124	159	0	0	110	160	0	0	156	104	0	106	210	34	0	0	60	210	198	168	20	0	1	1	0	21	37	0	1	2	0	
0	0	3	2	0	2	1	0	0	0	0	3	21	2	0	0	1	0	103	191	197	202	101	0	0	43	210	56	61	252	59	0	0	7	13	0	179	110	0	3	0	3	0	77	211	4	0	1	1	0	0	199	114	0	3	0	1	0	27	151	9	0	1	0	
0	1	0	28	47	0	0	0	1	0	85	142	153	84	0	3	0	6	84	9	14	142	0	1	0	0	1	0	24	147	0	1	0	0	41	10	87	92	0	3	0	70	170	176	216	71	14	0	0	26	120	75	52	80	7	0	0	0	0	0	0	0	0	0	
0	0	1	0	0	0	0	0	0	1	0	33	105	103	85	1	3	0	75	216	84	147	205	0	3	0	174	98	0	137	91	0	2	0	33	205	194	100	0	1	1	0	61	222	171	0	5	0	1	0	187	222	88	0	3	0	1	0	26	42	0	0	0	0	
0	0	0	0	0	0	0	0	0	0	1	112	131	62	0	2	0	2	0	133	42	12	0	0	0	2	0	145	94	0	1	0	0	0	0	45	115	86	0	2	0	0	7	0	16	132	0	1	2	0	47	112	116	63	0	2	0	0	0	31	38	0	0	0	
0	0	2	2	0	1	0	0	0	0	0	3	26	5	0	0	1	0	31	126	161	144	0	3	2	0	161	77	192	169	0	4	3	0	116	159	239	82	0	3	0	1	0	42	167	0	0	0	0	1	0	143	79	0	3	0	2	0	41	140	0	1	0	0	
0	0	3	1	1	1	0	0	0	0	0	7	9	0	0	0	2	0	63	242	211	11	0	1	2	0	198	170	193	43	0	2	3	0	127	217	237	49	0	2	1	0	9	59	116	126	0	4	0	0	1	0	3	163	27	0	0	0	1	6	0	87	61	0	
0	0	0	2	0	0	0	0	0	0	2	0	69	199	37	0	0	2	0	145	165	135	137	0	3	0	84	189	0	36	166	0	0	2	168	36	0	128	91	0	0	66	153	36	169	125	0	1	0	35	187	179	69	0	2	0	0	0	3	1	0	2	0	0	
0	0	0	0	0	0	0	0	1	0	20	7	5	47	0	0	0	1	138	4	50	129	0	3	2	0	119	30	72	64	0	2	1	0	27	114	162	65	16	1	0	2	0	43	166	78	55	0	0	3	0	85	69	0	2	0	0	1	0	46	16	0	2	0	
0	0	0	0	0	0	0	0	0	0	3	0	99	86	0	3	0	0	3	0	180	93	0	3	0	1	0	34	213	22	0	1	0	3	0	140	132	0	3	0	1	0	7	198	47	0	2	0	3	0	77	138	0	2	0	0	0	0	1	1	1	0	0	0	
0	0	1	0	0	0	0	0	0	1	0	105	168	138	39	0	3	0	69	186	17	16	8	0	3	0	84	206	124	189	105	0	0	1	0	42	79	218	55	0	46	162	37	61	174	93	0	2	7	122	164	145	55	0	2	0	0	0	0	0	0	2	0	0	
0	0	0	0	0	0	0	0	2	0	46	158	154	1	1	0	2	0	75	80	192	19	0	1	0	5	0	70	162	0	38	0	1	0	19	197	105	80	189	0	0	134	224	195	189	182	49	0	0	65	43	0	12	2	0	0	0	0	0	2	0	2	2	0	
0	0	0	0	1	0	0	0	0	0	1	0	44	114	0	3	0	0	3	0	160	99	0	3	0	2	0	40	185	6	0	1	0	4	0	120	122	0	4	0	1	0	3	183	37	0	1	0	2	0	43	145	0	2	0	0	0	0	1	1	0	0	0	0	
0	0	0	0	3	2	0	0	0	0	4	82	152	122	0	0	2	0	38	133	56	184	11	0	0	3	4	33	174	100	0	3	1	0	21	126	174	61	0	3	0	78	53	0	159	58	0	2	0	119	194	161	91	0	1	0	0	0	5	4	0	0	0	0	
0	0	1	3	0	1	0	0	2	0	33	172	63	0	2	0	0	1	0	49	198	39	0	2	0	0	4	0	103	117	0	4	0	2	0	74	211	48	0	2	1	0	11	34	184	12	0	1	3	0	59	161	81	0	1	0	0	0	1	5	0	0	0	0	
0	0	0	1	1	0	0	0	0	0	4	0	36	163	7	0	0	4	0	20	215	164	0	3	2	0	64	177	247	124	21	1	0	73	250	178	217	223	122	0	0	135	140	162	156	0	1	0	0	2	0	75	45	0	3	0	0	3	4	3	1	1	0	0	
0	0	0	0	0	0	0	0	0	3	0	74	62	0	2	0	0	3	0	102	86	0	3	0	0	3	0	96	123	0	4	0	0	2	0	62	133	0	3	0	0	1	0	44	149	0	2	0	0	1	0	18	131	0	0	0	0	0	0	0	1	0	0	0	
0	0	0	2	0	0	3	0	0	0	1	0	66	124	120	0	0	3	0	95	178	76	16	0	2	0	42	254	149	3	0	1	2	0	53	75	121	176	0	3	0	40	59	0	153	127	0	3	0	43	165	178	122	3	0	1	0	0	0	4	0	1	0	0	
0	0	0	0	0	0	0	0	0	0	0	9	88	2	0	0	0	1	0	37	186	0	0	0	0	3	0	92	157	0	3	0	0	4	0	124	107	0	3	0	0	2	0	162	53	0	2	0	0	0	8	134	4	0	0	0	0	0	1	13	0	0	0	0	
0	0	0	0	53	5	0	0	0	1	0	19	171	4	0	0	0	3	0	121	113	0	3	0	1	0	31	149	71	158	15	0	4	0	88	150	204	152	0	1	2	0	28	172	255	62	0	3	0	0	0	7	56	4	0	0	0	0	1	2	0	1	0	0	
0	0	0	0	0	0	0	0	0	0	0	0	26	3	0	0	0	1	0	12	188	19	0	1	0	2	0	51	168	0	1	0	0	3	0	102	97	0	3	0	0	2	0	128	34	0	1	0	1	0	20	110	0	1	0	0	0	0	11	22	0	1	0	0	
0	0	3	0	0	0	0	0	0	0	0	12	8	1	0	0	1	0	127	210	176	177	5	0	0	2	89	18	97	170	0	2	0	1	0	0	202	72	0	3	0	3	0	137	133	0	2	0	3	0	72	206	2	0	0	0	3	0	110	85	0	3	0	0	
0	0	2	1	0	0	0	0	0	2	0	65	27	77	14	0	2	0	74	165	32	173	5	0	0	8	184	13	69	149	0	4	0	13	186	21	127	117	0	4	2	0	94	184	222	44	0	2	0	1	0	10	173	20	0	1	0	0	2	5	25	0	0	0	
0	0	1	1	0	0	0	0	0	1	0	22	72	113	65	0	1	0	22	171	173	236	42	0	2	0	35	199	168	84	0	3	1	0	0	199	183	2	0	0	3	0	140	96	169	39	0	2	0	2	193	179	103	0	2	0	1	0	32	34	0	1	0	0	
0	0	0	2	0	2	1	0	2	0	88	160	126	15	0	1	0	39	184	9	81	159	9	0	0	77	119	0	0	99	125	0	0	72	139	0	1	9	159	11	0	28	193	29	7	98	144	0	2	0	83	175	155	126	13	0	0	1	0	5	5	0	1	0	
0	0	1	1	0	0	0	0	0	1	0	19	77	42	0	1	1	0	31	163	107	188	11	0	4	0	120	161	122	186	0	0	2	0	59	126	208	82	0	3	0	2	0	38	178	10	0	1	1	0	15	200	68	0	2	0	1	0	29	80	0	2	0	0	
0	0	6	2	0	1	0	0	2	0	42	166	50	0	1	0	2	0	106	163	161	42	0	2	0	12	173	0	104	114	0	4	1	0	88	170	185	142	2	0	0	3	0	106	83	95	81	0	0	1	0	20	137	145	25	0	0	0	0	0	5	7	0	0	
0	0	3	0	0	0	0	0	0	1	0	34	77	110	19	0	1	0	104	192	182	221	5	0	0	37	202	2	106	127	0	3	0	1	128	177	217	25	0	1	0	3	0	108	185	101	0	4	0	3	0	140	200	100	0	4	0	1	0	24	51	1	0	0	
0	0	0	0	0	0	0	0	0	0	0	75	101	50	0	1	1	0	28	109	35	46	0	0	3	0	67	97	0	3	0	0	2	0	37	112	106	9	0	1	0	0	3	0	75	71	0	3	0	0	6	51	125	52	0	2	0	0	0	30	41	0	0	0	
0	0	1	2	0	0	1	0	0	0	1	0	17	12	0	0	1	0	4	161	221	232	43	0	4	0	123	154	73	255	44	0	3	0	170	190	225	128	0	3	1	0	5	108	226	23	0	1	0	3	0	127	139	0	3	0	0	2	0	132	60	0	2	0	
0	1	2	0	0	0	0	0	0	0	4	36	18	18	0	1	0	8	171	165	132	156	0	3	0	96	197	54	244	178	0	3	0	44	196	178	202	175	0	3	0	0	6	0	146	189	0	3	0	1	5	0	154	176	0	4	0	0	2	0	60	43	0	2	
0	0	0	0	2	0	30	8	0	2	0	50	170	139	100	2	0	4	0	141	121	31	7	0	1	0	0	190	184	149	9	0	1	0	63	140	28	209	22	0	0	109	247	220	229	91	0	2	0	27	134	88	28	0	1	0	0	0	0	0	0	3	0	0	
