500	64	10
0	0	1	1	6	1	0	0	0	0	1	140	78	0	3	0	3	0	83	211	34	18	0	1	1	0	168	241	204	196	4	0	0	23	218	173	2	225	38	0	2	0	49	209	98	207	2	0	0	2	0	121	200	72	0	2	0	0	1	0	0	0	0	0	
0	0	0	0	0	0	2	0	0	1	0	16	143	81	0	2	0	3	0	131	117	164	93	0	0	2	0	131	151	141	33	0	1	0	4	206	108	0	1	0	3	0	110	218	29	0	3	0	3	0	130	192	10	0	1	0	1	0	14	32	0	1	0	0	
0	0	2	1	0	1	0	0	0	2	0	70	157	32	0	2	3	0	76	172	164	190	0	0	0	4	162	45	136	63	0	0	0	5	181	232	67	0	3	0	1	0	14	209	226	31	0	2	0	3	0	83	255	78	0	3	0	0	1	2	31	3	0	0	
0	0	3	0	0	0	1	0	0	1	0	32	78	40	0	1	1	0	121	172	100	120	40	0	0	76	130	0	20	140	65	0	0	100	177	141	167	197	12	0	0	6	80	27	111	80	0	3	0	2	0	36	165	0	0	0	0	2	0	35	63	0	2	0	
0	0	2	0	4	8	0	0	0	0	6	10	86	127	36	0	2	0	99	156	96	28	109	0	0	30	133	74	34	0	93	0	0	70	101	0	0	32	103	0	0	38	149	5	23	125	51	0	2	0	90	155	124	59	0	1	0	1	0	4	0	0	1	0	
0	0	1	2	0	0	0	0	0	1	2	0	83	146	32	0	0	2	0	138	251	199	52	0	0	0	153	135	149	140	54	0	0	95	140	0	0	92	75	0	0	124	18	1	117	138	0	0	0	105	166	147	119	4	0	1	0	11	52	11	0	2	1	0	
1	0	12	68	6	0	0	0	2	0	39	164	161	28	0	1	0	2	6	0	106	151	0	4	0	0	3	0	77	161	0	3	0	49	116	107	227	173	18	0	0	80	253	201	119	135	164	22	0	0	5	1	0	0	4	3	0	1	0	2	5	4	1	0	
0	0	0	0	2	1	0	0	0	0	1	0	20	146	3	0	0	0	3	0	149	127	0	4	0	2	0	71	204	0	0	1	0	1	0	185	78	0	3	0	3	0	83	177	0	2	0	0	4	0	104	96	0	3	0	0	0	0	0	1	0	0	0	0	
0	0	1	1	0	1	0	0	0	1	0	13	124	46	0	2	1	0	28	198	197	139	0	4	4	0	116	133	21	211	6	0	3	0	156	54	44	181	0	2	4	0	143	126	153	149	0	4	1	0	21	181	186	26	0	1	0	0	1	0	0	1	0	0	
0	0	5	43	6	0	0	0	0	0	144	220	154	0	1	0	0	4	41	0	131	80	0	5	0	0	2	0	69	114	0	4	2	0	59	172	242	207	138	47	0	11	228	255	152	25	57	34	0	5	91	54	0	0	0	0	0	0	0	0	3	2	2	1	
0	0	0	0	0	0	0	0	1	0	3	178	122	0	3	0	4	0	106	197	160	0	2	0	4	0	103	205	138	0	3	0	0	2	0	137	84	0	13	2	1	0	22	215	147	165	146	16	4	0	89	196	85	26	2	0	0	0	1	0	0	0	0	0	
0	0	0	0	0	0	0	0	1	0	72	151	95	0	0	0	0	20	161	94	164	66	0	3	0	2	5	54	201	86	0	3	2	0	34	193	136	144	4	0	0	0	2	0	64	185	3	0	2	0	80	203	223	67	0	2	1	0	18	46	10	0	1	0	
0	0	2	0	0	0	1	0	0	2	0	38	94	44	0	1	3	0	98	173	120	178	34	0	0	47	159	0	8	70	28	0	0	89	125	0	195	161	0	4	0	16	128	80	160	125	0	4	0	0	3	0	164	78	0	3	0	1	3	0	56	23	0	1	
0	0	2	4	3	2	0	0	0	0	0	0	0	0	0	0	2	0	64	161	97	53	0	1	0	0	158	151	94	135	0	2	3	0	2	0	46	132	0	3	1	0	4	0	127	89	0	3	0	1	0	26	183	11	0	1	0	1	0	20	42	0	1	0	
0	0	2	0	0	1	0	0	1	0	22	91	0	16	10	0	2	0	172	145	0	180	65	0	0	40	200	0	15	215	34	0	0	32	208	177	198	180	0	2	1	0	35	60	204	137	0	4	0	0	3	0	147	89	0	3	0	0	2	1	13	5	0	0	
0	0	0	1	0	0	0	0	0	0	1	0	65	138	66	0	0	2	0	51	177	78	65	0	0	4	0	111	116	98	122	20	0	2	77	208	160	90	31	0	0	112	166	155	1	0	0	0	0	109	198	88	0	6	1	0	0	6	37	5	0	0	0	0	
0	0	1	1	0	0	1	0	0	1	0	13	150	126	0	2	1	0	20	210	242	233	26	0	4	0	140	215	7	233	102	0	0	0	220	79	12	241	73	0	0	15	239	106	195	110	0	3	2	0	140	217	73	0	3	0	0	0	0	0	0	2	0	0	
0	0	2	0	0	2	1	0	0	0	0	26	35	6	0	0	1	0	99	144	121	131	21	0	0	45	157	25	57	199	35	0	0	14	138	143	148	141	0	3	0	0	0	2	155	25	0	1	0	4	0	113	125	0	4	0	0	2	0	118	41	0	1	0	
0	0	1	4	3	0	0	0	0	0	0	0	0	36	7	0	1	0	28	147	170	168	0	1	1	0	10	84	220	130	54	0	0	39	157	175	226	117	9	0	0	13	74	197	25	0	1	0	3	0	80	102	0	6	1	0	1	0	30	27	0	1	0	0	
0	2	1	0	0	0	0	0	1	0	18	66	12	1	1	0	0	49	215	194	116	0	4	0	0	44	57	123	187	71	2	0	1	0	26	158	50	101	66	0	0	2	2	3	0	96	72	0	0	1	0	26	138	149	1	0	0	1	0	15	120	27	0	1	
0	0	2	0	0	0	1	1	0	1	0	33	97	117	26	0	3	0	116	203	140	126	175	14	0	39	201	15	3	0	152	63	0	129	112	0	0	31	177	11	0	115	177	15	54	186	81	0	0	5	133	160	153	72	0	2	0	1	0	0	0	0	2	0	
0	0	0	0	1	1	1	0	0	0	0	2	0	130	65	0	0	0	6	0	66	174	0	1	0	18	108	0	165	82	22	1	0	79	143	65	242	197	89	0	0	50	189	231	116	17	0	1	0	1	0	86	10	0	2	0	0	1	2	2	3	1	0	0	
0	0	1	1	0	0	0	0	0	1	0	30	120	40	115	40	2	0	35	171	95	175	111	7	3	0	160	82	138	78	0	2	2	0	130	225	162	0	3	1	3	0	98	192	210	47	0	2	4	0	138	217	84	0	2	0	1	0	13	36	0	1	0	0	
0	0	0	0	0	0	0	0	0	0	2	0	124	36	0	1	0	0	0	4	191	36	0	2	0	3	0	78	181	0	2	0	0	3	0	160	91	0	3	0	1	0	23	183	8	0	1	0	2	0	58	144	0	2	0	0	0	0	1	1	0	0	0	0	
0	0	1	0	0	1	2	0	2	0	53	36	14	16	0	1	1	0	193	238	178	176	62	0	0	56	215	68	11	48	183	0	0	128	111	0	4	0	174	43	0	117	207	113	122	180	157	1	0	5	102	128	104	54	7	0	0	1	0	0	0	0	1	1	
0	0	0	0	0	1	0	0	0	0	16	88	0	6	67	2	2	0	51	180	0	93	156	0	2	0	160	97	4	193	28	0	0	55	255	181	211	206	28	0	0	13	55	98	205	50	21	0	0	3	0	104	98	0	3	0	0	1	1	25	6	1	1	0	
0	0	0	1	2	0	2	0	0	0	1	0	6	102	131	20	0	1	0	18	146	98	8	5	0	0	0	148	51	0	2	0	3	0	81	130	46	8	0	0	3	0	122	66	146	76	0	3	2	0	52	155	109	12	0	1	0	0	0	7	4	0	0	0	
0	0	0	3	0	87	30	0	0	0	2	0	117	163	11	0	0	2	0	109	126	0	2	0	2	0	53	168	26	42	0	1	3	0	128	137	148	159	0	0	3	0	105	228	133	121	0	2	0	0	4	54	69	8	0	0	0	0	1	0	0	1	0	0	
0	0	0	0	0	0	0	0	0	1	0	62	144	18	0	1	2	0	50	201	70	11	0	1	1	0	15	156	19	0	1	0	0	2	0	60	138	0	0	0	0	0	3	0	134	34	0	1	0	3	0	101	169	0	0	0	0	1	0	23	18	0	1	0	
0	0	2	0	32	83	0	1	0	1	0	12	207	117	0	3	1	0	2	195	122	0	2	0	3	0	126	144	14	196	99	0	0	22	191	31	159	203	109	0	0	10	179	201	237	149	10	0	1	0	31	88	68	11	0	1	0	0	1	0	0	2	1	0	
0	0	2	0	2	1	0	0	0	2	0	54	166	138	4	0	2	0	64	153	11	207	100	0	0	18	154	18	0	114	65	0	0	103	100	0	0	141	51	0	0	135	51	0	94	150	0	0	0	48	156	150	113	8	0	1	0	0	6	5	0	2	0	0	
0	0	4	3	1	0	0	0	0	0	0	0	7	5	0	0	0	5	130	144	174	112	0	4	0	22	147	50	83	134	0	4	0	0	4	0	107	114	0	4	0	1	5	0	168	48	0	2	0	3	0	75	179	0	2	0	0	3	0	99	88	0	3	0	
0	0	0	9	4	0	0	0	2	0	41	100	74	0	2	0	1	0	21	114	94	0	2	0	0	3	0	93	137	0	2	0	0	2	0	52	101	70	0	2	0	0	13	83	1	114	4	0	0	0	1	100	110	49	0	1	0	0	0	6	9	0	0	0	
0	0	0	0	0	0	0	0	1	0	48	136	93	0	0	0	0	40	139	57	193	31	0	1	0	13	33	171	200	1	0	1	2	0	40	102	111	111	0	3	0	1	3	0	79	154	0	3	2	0	44	168	187	33	0	2	1	0	12	61	11	0	1	0	
0	0	0	2	0	0	0	0	1	0	81	157	56	0	2	0	0	7	88	65	142	0	3	0	1	0	16	152	171	37	0	2	0	0	24	4	34	146	0	0	2	0	131	35	3	148	3	0	2	0	44	132	132	80	0	3	0	0	0	9	13	0	0	0	
0	0	0	0	0	0	0	0	2	0	60	156	68	0	1	0	1	0	32	40	143	38	0	2	1	0	9	123	195	19	0	1	1	0	23	91	61	101	0	1	0	4	4	0	54	131	0	2	0	17	126	153	129	16	0	1	1	0	37	48	0	1	0	0	
0	0	0	0	0	0	0	0	0	1	0	40	89	0	2	0	0	3	0	82	114	0	3	0	0	3	0	75	105	0	3	0	0	3	0	76	104	0	3	0	0	3	0	72	126	0	3	0	0	1	0	13	136	29	0	1	0	0	0	0	5	3	0	0	
0	0	0	0	0	1	0	0	0	6	137	152	103	7	0	1	0	12	91	44	106	116	0	2	0	0	1	0	18	166	4	0	0	6	113	183	228	215	96	19	0	62	245	217	109	13	67	32	0	9	96	39	0	1	0	0	0	0	0	0	3	1	3	1	
0	0	0	3	1	0	0	0	0	0	1	0	18	58	122	50	0	2	0	105	135	170	101	15	2	0	44	170	2	0	1	0	4	0	139	172	0	2	4	0	4	0	89	227	93	0	4	0	3	0	65	218	43	0	2	0	0	0	8	30	0	0	0	0	
0	0	0	0	1	0	0	0	0	0	1	0	36	86	0	2	0	0	3	0	167	150	0	4	0	2	0	39	219	23	0	1	0	4	0	138	144	0	4	0	1	0	37	201	28	0	1	0	1	0	15	188	41	0	2	0	0	1	0	26	15	0	1	0	
0	0	0	0	0	0	0	0	0	9	169	175	84	0	0	0	0	6	51	54	205	55	0	2	0	3	0	108	255	61	0	2	0	0	0	1	55	194	11	0	0	0	21	18	88	186	2	0	2	0	89	195	177	36	0	2	0	0	0	2	0	1	0	0	
0	0	1	2	0	0	0	0	0	0	0	5	68	12	0	1	1	0	4	158	212	101	0	4	4	0	125	138	121	142	0	4	3	0	94	169	220	34	0	2	0	2	0	75	142	0	3	0	0	3	0	149	79	0	3	0	0	1	0	64	23	0	1	0	
0	0	2	1	3	2	1	0	0	1	0	5	1	0	1	1	1	0	75	180	104	59	28	0	0	61	112	20	37	33	113	36	0	121	36	0	0	8	121	36	0	68	132	103	111	108	41	0	0	0	13	29	12	0	1	1	0	2	0	0	0	2	2	0	
0	0	1	2	0	0	22	5	0	0	2	0	0	11	139	7	1	0	22	76	0	81	126	0	2	0	131	117	0	189	45	0	0	55	255	176	220	181	0	2	0	34	65	119	219	14	0	1	0	2	0	63	56	0	2	0	0	1	4	1	1	1	0	0	
0	0	0	0	0	0	0	0	0	0	7	64	89	29	0	1	3	0	80	116	137	160	0	3	0	1	0	57	145	45	0	2	0	2	0	127	160	0	1	0	0	1	0	20	166	12	0	1	0	0	70	161	51	0	2	0	0	0	88	33	0	1	0	0	
0	1	3	0	0	1	1	0	0	0	0	20	28	4	0	0	0	30	159	151	130	183	94	0	0	96	116	0	18	200	50	0	0	0	3	0	164	117	0	3	0	3	0	82	190	0	2	0	1	0	6	206	66	0	2	0	2	0	44	132	0	2	0	0	
0	0	2	0	0	0	0	0	0	0	0	28	68	48	0	2	1	0	138	142	140	170	0	1	2	0	125	140	137	73	0	2	0	3	0	175	215	0	0	1	1	0	17	155	163	75	0	3	0	0	1	189	157	5	0	1	0	1	0	27	13	0	0	0	
0	0	2	2	0	0	0	0	0	60	199	177	55	0	3	0	0	21	24	58	166	0	2	0	0	2	0	157	224	114	9	0	0	0	1	83	6	102	88	0	0	2	24	4	0	153	89	0	0	13	155	168	179	151	4	0	0	0	0	8	6	0	0	0	
0	0	0	0	0	0	0	0	0	0	6	47	0	1	0	0	0	0	12	138	0	0	0	0	0	0	0	161	29	0	1	0	0	3	0	92	99	0	3	0	0	0	0	8	146	12	0	1	0	0	2	0	76	54	0	2	0	0	0	0	6	12	0	0	
0	0	0	3	3	2	2	1	0	0	1	0	0	0	0	0	0	0	0	71	86	46	60	17	3	0	97	131	90	149	106	25	2	0	47	101	2	0	0	0	0	19	31	138	82	0	6	1	0	21	115	96	13	0	1	0	0	0	0	0	0	0	0	0	
0	0	0	0	0	0	0	0	0	0	1	0	55	23	0	1	0	0	2	0	142	26	0	1	0	1	0	29	140	0	1	0	0	3	0	88	92	0	3	0	0	0	0	135	22	0	1	0	2	0	42	97	0	3	0	0	0	0	7	13	0	0	0	0	
0	0	2	0	0	2	2	2	0	2	0	91	30	0	108	26	3	0	93	166	0	111	133	0	0	34	171	0	51	185	7	0	0	32	181	124	227	168	56	0	3	0	72	252	122	70	50	0	2	0	127	97	0	2	0	0	0	0	0	0	3	3	2	0	
0	0	0	1	11	3	0	0	1	0	65	109	100	107	0	1	0	0	152	26	0	15	0	0	3	0	100	127	97	111	16	0	1	0	11	60	0	115	100	0	0	0	35	0	16	170	42	0	1	0	103	141	146	60	0	2	0	0	3	13	2	0	1	0	
0	0	1	3	1	0	1	0	0	1	2	0	7	17	1	0	1	0	12	118	167	166	93	0	0	8	145	81	15	149	52	0	0	22	172	102	210	125	0	3	2	3	0	127	180	0	1	0	2	0	36	179	16	0	1	0	2	0	49	63	0	3	0	0	
0	0	0	1	1	0	0	0	0	2	0	0	0	0	2	0	0	0	7	19	22	13	2	0	0	107	93	76	76	69	69	0	0	91	36	0	0	18	104	0	0	2	4	0	10	106	26	0	0	2	1	0	23	34	0	1	0	0	0	0	0	1	1	0	
0	0	0	0	1	0	0	0	0	0	0	0	9	129	7	0	0	0	3	0	96	155	0	3	0	1	0	27	202	29	0	1	0	1	0	189	112	0	3	0	3	0	116	170	0	3	0	0	0	0	149	36	0	1	0	0	0	0	0	2	1	0	0	0	
0	0	1	5	0	0	0	0	1	0	40	71	0	74	2	0	0	4	128	11	37	123	0	3	0	30	134	0	39	117	0	3	1	0	136	55	60	152	0	2	2	0	33	131	112	135	0	2	0	0	1	0	17	101	0	1	0	0	1	3	2	0	0	0	
0	0	0	0	1	0	0	0	0	0	2	0	52	112	0	3	0	0	3	0	103	125	0	4	0	0	0	7	190	34	0	2	0	3	0	130	144	0	3	0	2	0	52	212	16	0	1	0	3	0	117	90	0	3	0	0	0	0	2	1	1	0	0	0	
0	0	0	3	2	0	0	0	0	0	0	1	0	21	79	2	0	1	0	61	182	175	68	0	1	0	15	223	135	11	0	1	0	1	2	41	145	115	0	3	0	7	0	11	142	69	0	2	0	53	132	133	48	0	1	0	0	9	51	11	0	2	0	0	
0	0	1	1	0	0	0	0	0	2	0	38	174	152	1	0	1	0	5	185	154	218	36	0	3	0	87	154	0	119	90	0	3	0	148	52	0	137	56	0	0	14	193	54	154	177	0	0	1	0	110	193	124	15	0	1	0	0	0	0	0	1	0	0	
0	0	1	1	0	1	0	0	0	1	0	14	75	8	0	0	1	0	6	137	167	93	0	3	2	0	112	50	109	209	0	1	0	13	170	83	213	80	0	3	1	0	27	174	72	0	2	0	0	0	0	127	13	0	0	0	0	0	6	60	1	0	0	0	
0	0	0	0	0	0	0	0	0	0	2	0	82	76	0	2	0	0	2	0	185	84	0	3	0	2	0	44	186	1	0	1	0	4	0	137	115	0	3	0	1	0	9	181	28	0	1	0	2	0	57	162	0	2	0	0	1	0	13	20	0	1	0	0	
0	0	2	0	0	2	1	0	0	0	0	79	132	22	0	1	2	0	133	211	183	194	3	0	0	41	242	113	155	255	60	0	0	17	132	160	67	171	86	0	0	0	10	21	59	228	27	0	2	0	34	228	239	82	0	3	0	0	0	39	32	0	2	0	
0	0	1	1	1	0	0	0	0	0	1	1	0	92	23	0	1	0	20	36	56	170	1	0	3	0	91	70	132	53	0	1	3	0	127	198	204	131	23	0	1	0	11	162	27	0	0	0	2	0	62	67	0	2	0	0	1	0	19	7	0	0	0	0	
0	0	0	4	3	0	1	0	2	0	45	65	104	34	0	1	2	0	104	17	15	117	8	0	0	1	103	7	0	77	57	0	1	0	107	16	0	83	48	0	3	0	77	85	0	117	14	0	0	0	0	92	119	67	0	2	0	0	1	1	10	1	0	0	
0	1	0	31	61	0	2	0	0	3	0	94	133	0	4	0	0	0	0	172	54	40	5	0	3	0	74	150	146	227	31	0	3	0	123	164	111	125	45	0	3	0	149	243	187	118	0	1	1	0	21	76	47	1	0	0	0	0	0	0	0	2	0	0	
0	1	0	0	0	1	1	0	1	0	78	159	138	27	0	1	0	75	240	78	158	238	25	0	0	149	160	0	0	199	146	0	0	127	162	0	0	164	172	0	0	60	248	71	6	215	83	0	1	0	108	213	231	182	3	0	0	2	0	14	47	3	0	0	
0	0	0	1	0	0	0	0	0	0	2	0	161	173	0	0	0	3	0	153	193	169	45	0	3	0	82	211	0	120	65	0	0	3	193	62	0	173	28	0	0	60	178	39	193	136	0	4	0	12	175	196	89	0	0	0	0	0	0	0	0	1	0	0	
0	0	0	2	0	0	1	1	0	1	0	8	37	0	1	0	0	0	0	113	73	0	33	14	0	2	101	63	0	43	123	1	0	100	159	59	115	147	17	0	0	19	32	32	142	30	0	2	0	2	0	53	56	0	3	0	0	1	2	0	1	1	0	0	
0	0	0	7	43	4	0	0	0	3	0	113	232	93	0	3	0	1	1	26	53	150	0	2	0	1	3	0	77	150	0	3	1	0	54	148	244	180	0	0	0	42	253	252	111	154	102	0	0	33	123	26	0	1	6	0	0	0	0	0	4	3	0	0	
0	0	2	3	4	4	0	0	0	0	0	0	0	0	0	0	3	0	117	182	144	103	10	0	1	0	36	65	75	200	26	0	0	0	3	0	94	95	0	3	0	1	0	35	151	4	0	0	0	2	0	120	47	0	2	0	1	0	26	129	0	2	0	0	
0	0	0	3	2	0	0	0	0	0	1	0	0	49	65	1	0	0	0	66	173	217	166	14	3	0	86	165	41	8	0	0	2	0	72	132	0	2	2	0	0	3	0	109	73	0	2	0	0	10	66	154	90	0	3	0	0	8	118	105	2	0	0	0	
0	0	0	0	0	0	0	0	0	0	0	55	77	15	0	1	1	0	22	96	167	70	0	3	1	0	8	101	162	3	0	1	1	0	18	91	137	59	0	2	0	0	2	0	125	51	0	2	1	0	23	135	119	0	2	0	2	0	53	87	0	0	0	0	
0	1	0	24	37	0	1	0	1	0	14	164	172	16	0	1	1	0	26	22	77	66	0	2	0	0	3	0	97	66	0	3	1	0	23	145	235	149	2	0	4	0	149	211	119	24	12	0	2	0	83	118	7	0	1	0	0	0	0	0	2	2	0	0	
0	0	0	1	0	0	0	0	1	0	25	150	31	0	1	0	0	2	0	74	53	0	2	0	0	3	0	111	71	0	2	0	0	3	0	107	110	0	4	0	0	2	0	52	181	0	0	1	0	0	1	0	118	41	0	2	0	0	0	1	0	0	0	0	
0	0	0	0	0	0	0	0	0	0	1	0	109	60	0	2	0	0	3	0	164	63	0	2	0	1	0	25	199	24	0	1	0	3	0	122	151	0	3	0	1	0	31	193	16	0	1	0	3	0	79	108	0	3	0	0	0	0	0	1	1	0	0	0	
0	0	0	0	0	0	0	0	0	0	9	1	30	9	0	0	2	0	64	27	49	25	0	1	3	0	77	18	52	38	0	1	3	0	76	68	113	62	0	3	1	0	32	62	63	64	0	2	0	0	1	0	33	55	0	2	0	0	1	2	5	7	0	0	
0	0	2	1	0	0	0	0	0	0	0	11	24	12	0	0	2	0	100	183	132	178	8	0	0	0	116	16	71	133	0	2	0	0	0	6	156	20	0	1	0	3	0	102	110	0	3	0	1	0	17	166	14	0	1	0	2	0	52	93	0	3	0	0	
0	0	0	0	0	0	0	0	0	1	0	16	113	0	0	0	0	3	0	73	209	0	0	0	0	3	0	95	191	0	2	0	0	4	0	121	171	0	3	0	0	3	0	176	143	0	4	0	0	2	0	137	72	0	2	0	0	0	0	0	0	0	0	0	
0	0	2	2	1	1	1	0	0	2	0	27	21	0	1	0	1	0	20	201	207	182	117	0	0	16	203	225	216	103	17	3	0	47	123	27	18	143	0	0	0	1	0	3	131	100	0	2	0	25	107	155	94	0	0	0	0	28	111	25	0	3	0	0	
0	0	2	0	3	1	0	0	0	1	0	92	169	117	0	3	1	0	146	140	27	195	34	0	0	57	172	0	0	60	111	0	0	79	136	0	0	23	135	0	0	27	193	42	0	63	134	0	2	0	61	168	147	136	25	0	0	1	0	3	11	1	0	0	
0	0	1	2	0	0	1	0	0	2	8	0	87	147	35	0	1	0	14	177	181	147	159	0	0	0	186	138	0	72	158	0	0	113	132	0	42	223	59	0	0	190	152	163	208	89	0	2	0	56	132	107	19	0	2	0	0	0	0	0	1	3	0	0	
0	2	1	0	0	0	0	0	1	0	21	131	182	213	56	0	0	27	203	146	58	151	172	0	0	152	118	0	0	46	170	0	0	180	62	0	0	111	144	0	0	138	189	32	43	213	71	0	0	7	127	190	204	120	0	1	0	0	0	0	0	0	1	0	
0	0	1	3	0	0	1	0	0	1	2	0	116	153	8	0	1	0	3	170	224	191	133	0	0	6	200	186	0	87	194	0	0	135	158	0	17	231	110	0	0	192	134	123	220	159	6	0	0	95	190	158	59	0	1	0	0	0	0	0	0	3	1	0	
0	0	0	1	0	0	0	0	0	0	1	0	80	54	0	2	0	0	0	73	134	95	0	3	2	0	71	40	72	75	0	3	2	0	100	114	162	4	0	1	1	0	8	90	85	0	3	0	0	2	0	47	100	0	0	0	0	0	0	5	36	4	0	0	
0	0	0	15	6	0	1	0	1	0	5	181	163	31	0	2	0	2	7	24	39	155	9	0	0	0	0	6	0	174	57	0	0	62	134	159	220	232	116	0	0	207	193	177	220	37	5	4	0	44	73	63	15	0	1	0	0	0	0	0	1	2	0	0	
1	1	0	0	2	1	0	0	0	0	0	0	0	7	1	0	40	33	12	13	61	124	0	0	39	105	97	69	95	119	0	3	0	0	1	0	38	103	0	3	1	2	3	0	48	82	0	3	0	0	2	0	44	90	0	3	0	0	1	0	18	71	0	2	
0	0	0	2	2	0	0	0	2	0	107	179	159	22	0	1	0	2	98	59	209	66	0	3	0	3	0	128	221	125	0	2	0	2	2	1	0	165	30	0	1	0	68	52	146	202	2	0	3	0	106	224	168	33	0	1	0	0	0	0	0	1	0	0	
0	1	0	48	33	0	1	0	0	2	0	52	115	0	1	0	0	0	1	0	121	21	0	1	0	8	99	53	93	33	0	1	0	28	105	51	181	85	23	7	1	0	88	83	92	60	87	36	1	0	22	57	3	0	0	0	0	0	1	0	2	3	3	1	
0	0	3	1	0	0	0	0	0	0	0	9	23	22	2	0	1	0	104	216	141	213	108	0	0	15	187	56	8	203	53	0	0	0	2	0	172	113	0	3	0	3	0	90	182	0	1	0	1	0	20	189	25	0	1	0	3	0	78	96	0	3	0	0	
0	1	1	0	0	0	2	0	1	0	35	94	83	27	0	2	0	42	219	184	239	245	50	0	0	150	180	0	11	98	215	19	0	157	144	0	0	33	216	25	0	137	224	26	83	230	121	0	0	23	188	177	126	44	0	1	0	0	0	0	0	0	2	0	
0	0	1	0	34	58	0	2	0	0	2	0	170	85	0	3	0	3	0	139	129	0	3	0	3	0	65	179	88	48	0	2	1	0	156	123	169	167	0	0	0	10	173	192	178	93	0	1	1	0	36	85	54	1	0	0	0	0	0	0	0	2	0	0	
0	1	1	0	0	0	0	0	1	0	12	72	25	0	1	0	0	20	150	132	99	0	2	0	0	126	64	0	0	29	84	0	0	127	107	38	48	120	134	0	0	12	99	92	56	39	108	0	0	1	0	1	0	18	109	0	0	1	4	3	1	7	39	0	
0	0	1	2	0	0	0	0	0	0	0	4	83	32	0	1	1	0	6	164	169	107	0	0	4	0	111	117	0	159	37	0	3	0	112	148	205	143	0	2	0	2	0	89	185	0	0	1	0	1	0	164	57	0	2	0	0	0	2	77	9	0	0	0	
0	0	0	0	0	0	0	0	0	2	61	108	123	34	0	1	0	113	195	90	49	2	1	0	0	70	169	80	123	52	0	1	0	6	215	131	78	180	80	0	0	0	11	5	0	120	156	0	0	3	0	75	177	182	27	0	0	0	0	5	41	11	0	0	
0	0	0	2	1	0	0	0	0	0	1	0	27	124	21	0	0	2	0	45	221	246	159	0	0	2	0	205	137	126	106	0	1	0	15	210	165	100	0	0	0	98	172	161	28	0	2	0	0	102	195	144	0	4	0	0	1	0	44	35	0	1	0	0	
0	1	0	84	73	0	2	0	0	1	0	110	169	49	0	2	0	0	4	0	120	145	0	4	0	2	4	0	176	66	0	3	0	3	0	86	167	0	2	0	0	62	185	238	175	110	69	3	0	31	95	52	50	48	23	2	0	0	0	0	0	0	0	0	
0	0	1	2	0	0	0	0	0	0	0	10	49	15	0	0	1	0	10	173	220	158	4	0	3	0	70	125	39	173	0	0	0	0	1	0	169	96	0	3	0	3	0	118	169	0	3	0	2	0	49	223	25	0	1	0	2	0	42	77	0	2	0	0	
0	0	1	0	0	0	0	0	1	0	8	97	107	9	0	1	0	0	147	53	153	86	0	3	0	8	146	81	147	15	0	1	1	0	1	126	173	56	0	2	0	3	0	118	29	129	12	0	0	2	0	89	126	108	2	0	0	0	0	7	49	9	0	0	
0	0	0	1	0	0	1	1	0	1	0	26	142	110	1	0	0	0	1	169	104	94	38	10	0	0	21	132	8	88	151	33	1	0	26	208	177	79	7	0	0	34	181	208	26	0	2	1	0	65	200	127	0	3	1	0	0	0	48	25	0	1	0	0	
0	0	1	0	0	0	2	0	2	0	44	189	107	35	0	1	4	0	130	251	141	183	100	0	0	1	221	84	0	35	183	9	0	19	216	25	0	8	146	10	1	0	196	144	0	75	164	0	2	0	37	187	186	186	49	0	0	0	1	0	4	2	0	0	
0	0	0	3	0	0	0	0	0	0	2	0	35	94	38	0	0	0	0	120	146	91	148	5	3	0	99	99	50	117	94	1	2	0	129	146	209	84	15	0	1	0	11	206	71	0	3	0	4	0	106	145	0	6	1	0	2	0	56	45	0	1	0	0	
0	1	1	0	0	1	0	0	1	0	38	93	51	0	0	0	0	30	144	60	143	89	0	3	0	57	153	45	171	105	0	4	1	0	56	57	168	58	0	2	0	1	0	17	161	3	0	0	0	2	0	53	195	58	0	2	0	1	0	14	108	30	0	1	
0	0	0	0	0	0	0	0	2	0	44	202	154	3	0	1	1	0	38	50	151	82	0	3	0	0	4	0	131	57	0	2	0	1	0	63	235	130	13	0	2	0	152	255	116	97	61	0	0	8	196	89	0	2	0	0	0	0	0	0	4	4	1	0	
0	0	0	0	0	2	1	0	1	0	30	18	0	2	0	0	3	0	131	50	0	63	37	0	0	9	152	6	0	150	35	0	0	0	145	123	144	168	4	0	1	0	25	55	38	100	0	2	0	0	1	0	34	86	0	3	0	0	2	0	12	31	0	1	
0	0	0	14	3	1	1	0	1	0	16	171	159	24	0	1	0	1	3	0	83	159	0	0	1	0	30	80	60	190	52	0	0	29	202	150	220	215	138	52	0	77	199	157	175	23	0	2	0	5	73	77	6	0	2	0	0	0	0	0	2	2	0	0	
0	0	0	0	0	0	0	0	1	0	12	140	81	0	2	0	1	0	17	114	144	0	2	0	0	3	0	99	172	0	0	0	0	0	3	9	158	50	0	2	0	1	0	14	168	19	0	1	2	0	28	178	76	0	3	0	1	0	16	45	0	1	0	0	
0	0	2	1	0	1	1	0	0	1	0	13	78	49	0	1	2	0	32	168	126	113	11	0	3	0	137	87	0	164	72	0	2	0	69	117	213	175	0	1	0	5	0	42	151	7	0	1	0	0	14	185	42	0	2	0	1	0	25	79	0	2	0	0	
0	0	0	0	0	0	0	0	0	0	0	0	98	8	0	0	0	0	0	8	141	5	0	0	0	1	0	45	133	0	3	0	0	3	0	108	98	0	3	0	0	1	0	162	37	0	1	0	0	0	9	134	7	0	0	0	0	0	0	0	1	0	0	0	
0	0	3	2	0	1	0	0	0	1	0	4	31	8	0	0	1	0	75	146	152	158	0	0	0	72	141	40	98	182	13	0	0	92	128	80	66	114	0	2	0	1	29	0	115	72	0	3	0	2	0	31	162	0	0	0	0	2	0	48	70	0	2	0	
0	0	0	0	1	1	0	0	0	1	0	16	129	19	0	1	0	3	0	102	141	0	1	0	0	3	0	124	68	0	2	0	0	3	0	116	101	0	3	0	0	2	0	93	151	14	0	1	0	2	0	42	139	21	0	1	0	0	0	0	4	0	0	0	
0	0	0	1	0	0	0	0	0	0	1	1	3	5	1	0	0	3	0	76	170	133	107	16	2	0	58	164	9	5	6	1	1	0	33	83	70	0	2	0	0	47	62	113	103	0	3	0	0	30	89	75	3	0	0	0	0	0	0	0	1	0	0	0	
0	0	0	0	1	0	0	0	0	0	1	0	22	83	0	1	0	0	3	0	124	101	0	3	0	0	0	7	169	21	0	1	0	3	0	88	139	0	3	0	0	1	0	163	46	0	2	0	2	0	59	135	0	3	0	0	0	0	13	19	0	0	0	0	
0	0	0	1	0	1	0	0	0	0	0	21	2	20	50	0	0	2	0	168	15	111	112	0	2	0	68	129	0	168	18	0	0	43	218	76	140	228	131	12	0	112	207	160	196	59	35	1	0	0	0	9	36	0	1	0	0	0	1	3	1	3	1	0	
0	0	0	0	0	0	0	0	0	20	126	188	119	0	1	0	0	105	145	98	224	16	0	1	0	2	0	42	214	12	0	1	1	1	0	169	161	0	3	0	3	0	68	255	228	203	202	38	0	0	0	33	60	100	92	7	0	0	0	0	0	0	0	0	
0	0	0	0	0	2	0	0	0	0	3	3	0	18	93	0	3	0	88	72	0	140	96	0	0	20	202	33	106	157	0	2	0	64	187	155	232	154	61	0	0	3	0	133	88	0	3	0	1	0	13	152	6	0	1	0	0	0	4	20	0	0	0	0	
0	0	0	0	0	0	0	0	1	0	95	162	114	15	0	1	0	64	198	49	138	113	0	4	0	17	9	78	200	57	0	3	1	0	8	186	230	95	0	3	3	0	97	143	0	192	30	0	3	0	81	195	120	157	16	0	0	0	0	44	64	11	0	1	
0	0	1	2	0	1	1	0	0	1	0	25	12	0	33	20	1	0	11	139	12	21	150	20	2	0	134	72	0	156	52	0	0	14	199	160	188	167	0	3	0	1	0	107	171	5	3	0	0	0	0	118	29	0	1	0	1	0	19	49	0	2	0	0	
0	1	0	31	37	0	1	0	0	1	0	25	144	8	0	0	0	0	4	0	116	40	0	1	0	0	9	61	157	43	0	0	2	0	93	141	189	117	43	0	0	1	155	144	40	0	2	0	1	0	33	50	0	3	0	0	0	0	0	1	1	0	0	0	
0	0	1	3	0	0	0	0	0	0	2	0	60	101	79	0	0	1	0	142	218	163	135	0	3	0	124	215	6	31	131	0	0	26	181	25	0	119	84	0	0	96	124	3	140	166	1	0	0	26	168	184	113	6	0	1	0	0	3	2	0	1	1	0	
0	0	1	0	21	24	0	1	0	0	1	0	131	49	0	2	0	1	0	40	81	0	2	0	0	3	0	119	119	0	0	0	0	0	4	125	90	86	0	3	1	0	17	123	83	65	0	2	0	1	0	86	92	0	0	0	0	0	0	0	0	1	0	0	
0	0	0	2	0	0	0	0	0	0	1	3	82	112	56	0	0	3	0	129	181	89	88	0	2	0	57	221	5	138	66	0	2	0	167	60	41	195	1	0	0	13	171	76	221	66	0	3	2	0	131	221	90	0	2	0	0	0	0	0	1	2	0	0	
0	0	0	0	0	0	0	0	1	0	21	4	25	32	0	1	1	0	138	20	55	86	0	3	0	10	137	0	41	85	0	3	2	0	134	125	108	145	0	3	1	0	14	83	110	141	0	1	0	0	1	0	0	112	12	0	0	0	1	3	2	17	3	0	
0	0	2	3	0	0	1	1	0	0	1	0	10	11	0	0	1	0	33	120	119	97	22	37	0	18	147	16	60	150	136	51	0	6	110	115	165	55	0	1	3	0	149	205	4	0	2	2	0	0	170	127	0	3	0	0	0	0	5	5	0	0	0	0	
0	1	0	0	0	0	1	0	1	0	42	120	154	100	0	1	0	78	194	87	38	154	48	0	0	68	188	74	82	137	62	0	1	0	31	213	227	159	4	0	2	0	57	151	0	101	174	0	3	0	61	198	119	157	117	0	0	1	0	41	59	25	0	0	
0	0	0	11	63	0	1	0	0	2	0	66	97	0	4	0	0	0	0	125	17	0	1	0	3	0	70	96	0	123	49	0	1	0	117	5	80	217	40	0	1	0	133	102	141	81	0	2	1	0	35	80	21	0	1	0	0	0	0	0	1	3	0	0	
0	0	0	0	0	1	1	0	0	0	4	86	149	60	5	8	1	0	13	215	136	124	168	17	0	4	0	73	234	159	23	0	2	0	46	193	222	24	0	2	0	21	172	115	166	0	2	0	0	44	198	150	43	0	2	0	0	0	43	20	0	1	0	0	
0	0	0	8	68	0	0	0	0	3	0	103	145	0	3	0	2	0	42	167	5	0	1	0	3	0	149	65	41	126	23	0	0	4	132	76	143	140	80	0	2	0	133	149	98	113	29	0	1	0	17	67	63	26	0	1	0	0	1	0	0	1	1	0	
0	0	0	0	0	1	1	0	1	0	3	170	128	14	0	1	4	0	107	216	154	188	23	0	2	0	173	79	0	102	122	0	1	0	197	60	0	118	130	0	4	0	141	144	83	228	33	0	1	0	20	186	198	44	0	2	0	0	1	0	0	1	1	0	
0	0	0	2	1	0	0	0	0	0	1	0	26	89	16	0	0	2	0	62	170	162	55	0	1	0	8	140	35	65	41	0	1	0	22	185	154	112	18	0	3	0	58	194	18	0	1	0	3	0	85	176	10	0	1	0	1	0	24	88	0	0	0	0	
1	4	0	0	3	4	0	0	0	134	173	34	0	1	0	0	0	18	160	221	165	82	0	0	0	2	0	57	255	184	0	0	0	1	3	190	255	69	0	2	0	0	1	56	206	255	40	0	0	0	0	122	204	111	0	0	0	0	0	3	2	0	0	0	
0	0	0	3	3	0	0	0	0	0	1	0	0	8	16	1	0	1	0	85	168	150	125	12	3	0	76	138	32	9	0	0	1	0	31	101	19	0	1	0	0	55	55	70	139	0	1	0	0	30	105	117	68	0	1	0	0	0	0	0	0	0	0	0	
0	0	0	1	1	0	0	0	0	0	1	0	45	45	0	1	0	1	0	19	214	60	0	2	0	3	0	87	173	0	3	0	0	3	0	170	108	0	3	0	0	0	0	197	53	0	2	0	0	0	7	152	9	0	0	0	0	0	9	43	0	1	0	0	
0	0	0	0	2	1	4	0	0	0	0	1	0	163	78	0	0	0	3	0	129	158	0	1	0	2	0	66	209	9	0	1	0	1	0	193	83	0	3	0	3	0	107	199	0	2	0	0	3	0	119	123	0	3	0	0	0	0	0	1	0	0	0	0	
0	0	0	1	1	3	0	0	0	0	0	0	139	86	0	2	0	3	0	105	143	0	3	0	0	1	0	176	132	0	0	0	2	0	44	118	109	82	0	3	2	0	51	118	150	33	0	1	0	0	0	154	120	0	2	0	0	0	0	3	2	0	0	0	
0	1	2	0	1	3	1	0	0	0	10	15	0	0	0	0	0	34	162	148	120	163	52	0	0	53	52	0	56	182	16	0	0	0	1	0	142	39	0	2	0	4	0	92	127	0	4	0	1	0	19	167	23	0	1	0	3	0	72	87	0	3	0	0	
0	0	0	0	1	0	0	0	0	2	0	111	174	15	0	1	2	0	50	132	105	132	0	4	1	0	25	138	150	48	0	2	0	4	0	113	211	0	0	1	0	1	0	137	137	152	0	3	0	1	0	126	160	56	0	2	0	0	0	2	3	0	0	0	
0	0	2	1	0	0	0	0	0	2	0	25	106	168	83	0	2	0	61	204	129	83	183	0	0	63	194	32	0	33	74	0	0	142	26	0	0	50	81	0	0	163	105	29	20	135	47	0	0	27	139	157	135	64	0	1	0	1	0	0	0	0	1	0	
0	0	2	0	32	29	0	1	0	2	0	79	130	61	0	1	2	0	42	125	0	1	0	0	4	0	104	78	98	94	0	0	4	0	113	154	15	157	31	0	4	0	97	107	58	139	0	0	1	0	13	121	103	14	0	1	0	0	0	0	0	2	0	0	
0	0	1	4	0	0	0	0	1	0	117	179	110	1	0	0	0	2	25	0	119	87	0	3	1	0	23	132	210	53	0	2	1	0	17	76	105	120	0	1	0	1	12	0	59	169	0	1	0	0	118	182	189	58	0	2	0	0	2	6	0	0	0	0	
0	0	2	0	0	2	1	2	0	0	0	79	81	0	108	53	3	0	127	190	45	130	142	0	3	0	89	113	113	178	0	0	0	3	0	142	254	31	0	2	3	0	86	234	203	43	0	2	3	0	106	207	89	0	1	0	0	0	0	0	0	0	0	0	
0	0	2	1	4	103	14	0	0	1	1	3	171	164	0	0	1	0	10	177	126	4	43	0	0	0	178	124	70	230	187	0	0	99	145	90	207	176	119	0	0	81	217	242	210	122	6	0	1	0	47	79	44	1	1	0	0	1	0	0	0	2	1	0	
0	0	0	0	1	1	0	0	0	80	131	111	37	0	1	0	0	43	89	91	165	47	0	2	0	1	0	9	177	64	0	3	1	0	14	172	85	0	2	0	2	0	49	200	68	52	57	15	0	1	0	53	129	133	119	18	0	0	0	0	0	0	0	0	
0	1	4	1	0	1	3	0	0	0	0	13	35	7	0	0	0	8	136	170	141	183	138	0	0	50	165	21	0	210	137	0	0	0	0	0	174	150	0	2	0	2	0	166	147	0	3	0	3	0	116	190	0	2	1	0	0	0	156	51	0	2	0	0	
0	0	1	0	1	1	0	0	0	0	0	23	4	0	0	0	2	0	66	98	33	14	0	1	0	10	84	2	131	62	0	3	0	1	81	79	58	44	0	2	0	0	9	0	50	48	0	2	0	0	3	0	56	47	0	2	0	0	2	0	40	34	0	1	
0	0	0	1	0	0	0	0	0	1	0	11	143	90	0	2	0	3	0	120	149	111	2	0	0	2	0	163	126	56	0	1	2	0	29	227	121	25	0	1	4	0	92	162	57	0	3	0	3	0	78	196	20	0	1	0	0	0	8	28	0	1	0	0	
0	0	3	1	0	0	0	0	0	0	0	0	7	5	0	0	2	0	85	139	139	112	0	3	3	0	141	61	69	104	0	4	1	0	36	31	145	36	0	1	0	2	0	49	144	0	2	0	0	3	0	121	70	0	2	0	0	1	0	102	16	0	0	0	
0	0	0	0	0	0	0	0	2	0	48	152	68	0	2	0	1	0	30	43	149	26	0	1	1	0	4	129	226	43	0	2	1	0	25	114	104	123	0	4	0	0	1	0	159	85	0	3	2	0	63	188	130	0	1	0	1	0	44	42	0	1	0	0	
0	0	0	0	0	2	0	0	0	0	137	206	117	0	1	0	2	0	192	194	178	132	0	3	3	0	172	126	0	199	50	0	0	21	211	25	0	88	140	0	0	9	212	96	33	163	130	0	2	0	55	187	176	127	7	0	0	0	0	0	0	0	0	0	
0	0	0	0	2	0	0	0	0	0	1	0	42	142	0	2	0	0	3	0	105	138	0	4	0	0	0	2	193	55	0	2	0	3	0	128	163	0	2	0	1	0	23	199	21	0	1	0	3	0	71	121	0	3	0	0	0	0	0	1	1	0	0	0	
0	16	40	0	1	1	0	0	0	16	97	106	24	0	1	0	0	1	0	37	120	7	0	1	0	1	3	0	85	56	0	2	0	3	66	51	132	32	0	1	0	9	129	145	123	85	75	20	0	0	9	9	0	3	8	2	0	0	1	1	4	0	0	0	
0	0	0	0	10	3	0	0	0	2	0	100	174	133	0	0	0	0	0	36	64	174	8	0	0	3	0	96	255	80	0	3	0	0	0	3	37	153	2	0	0	9	23	43	116	169	2	0	7	132	155	148	99	13	0	1	2	6	0	0	0	1	0	0	
0	0	2	0	18	56	34	0	0	2	0	81	138	96	53	0	3	0	66	146	0	0	0	0	3	0	143	53	0	2	2	0	3	0	146	148	95	86	6	0	3	0	73	188	57	151	129	0	0	1	0	69	133	105	38	0	0	0	1	0	0	0	0	0	
0	0	1	3	0	0	1	0	0	0	2	0	33	77	22	0	1	0	8	142	140	116	93	0	1	0	147	124	56	148	34	0	0	0	159	139	219	116	0	3	0	2	0	53	148	0	1	0	1	0	18	160	27	0	1	0	1	0	34	56	0	2	0	0	
0	0	2	3	0	2	0	0	0	0	0	0	10	3	0	0	1	0	34	131	200	155	0	0	0	6	225	188	182	216	0	0	0	6	80	55	190	88	0	3	0	3	0	132	156	0	2	0	1	0	35	207	21	0	1	0	3	0	76	106	0	3	0	0	
0	0	0	2	3	3	2	0	0	0	2	0	0	0	0	0	0	1	0	65	87	73	65	10	0	0	74	117	113	119	112	28	0	32	159	57	29	1	0	0	0	0	60	89	151	22	0	2	1	0	46	104	43	0	1	0	0	0	0	0	0	0	0	0	
0	0	0	0	0	0	0	0	0	42	148	157	106	13	0	0	0	72	95	94	231	82	0	3	1	0	22	163	186	171	25	0	0	0	11	33	0	85	132	0	0	21	119	0	0	117	134	0	0	10	168	153	172	173	24	0	1	0	11	63	49	1	0	0	
0	0	1	2	0	0	0	0	0	0	1	0	56	39	0	1	0	0	4	103	171	170	0	2	3	0	130	134	107	156	0	3	1	0	116	77	130	71	0	3	0	1	0	27	161	5	0	1	0	2	0	141	73	0	2	0	0	0	0	64	8	0	0	0	
0	0	2	1	0	1	0	0	0	1	0	28	68	0	0	0	2	0	64	139	145	92	0	3	0	17	172	0	128	125	0	4	0	0	109	111	198	94	0	4	0	0	8	7	106	89	0	3	0	0	5	0	89	90	0	3	0	0	2	0	42	38	0	1	
0	0	0	2	0	0	0	0	0	0	0	0	57	19	0	1	0	1	0	131	200	76	0	3	2	0	63	169	120	149	0	4	2	0	30	152	216	31	0	2	0	3	0	87	111	0	3	0	0	0	0	179	37	0	1	0	0	0	4	82	14	0	1	0	
0	0	46	62	7	0	1	0	0	78	136	119	153	3	0	1	0	66	29	0	121	126	0	3	0	0	7	5	8	166	13	0	1	0	133	148	14	138	48	0	2	0	147	146	225	202	14	0	1	0	21	124	127	46	0	2	0	0	0	0	0	0	0	0	
0	0	1	3	0	0	0	0	0	0	1	0	71	133	94	6	0	0	2	109	207	135	71	7	3	0	89	221	4	0	1	0	0	1	0	112	101	0	5	0	0	84	74	17	161	6	0	0	0	25	133	167	147	1	0	0	0	0	0	1	1	0	0	0	
0	0	2	0	0	0	1	0	0	0	7	98	122	106	21	0	2	0	145	164	29	81	155	0	0	72	167	0	4	0	138	59	0	141	63	0	0	17	161	30	0	114	159	68	118	180	75	0	0	3	77	111	91	26	0	2	0	1	0	0	0	1	2	0	
0	0	0	3	1	0	0	0	0	0	4	0	19	197	121	0	0	2	0	82	217	147	112	34	1	0	132	182	39	0	59	38	0	85	146	0	0	16	122	17	0	139	95	66	112	141	59	0	0	46	173	150	100	15	0	1	0	0	0	0	0	1	2	0	
0	0	0	0	0	0	0	0	0	1	0	40	158	11	0	1	0	0	2	133	157	47	0	2	0	2	0	112	142	0	1	0	0	1	0	88	146	44	0	2	1	0	40	81	65	124	0	4	1	0	7	104	135	27	0	1	0	0	0	3	4	0	0	0	
0	0	2	1	0	1	1	0	0	1	2	43	8	0	66	35	2	0	60	129	0	20	150	16	0	41	225	112	65	190	131	0	0	123	208	140	213	186	53	1	0	4	0	35	150	3	0	1	0	3	0	131	77	0	5	0	0	1	0	12	3	0	0	0	
0	0	1	0	0	0	0	0	0	1	0	47	50	19	0	1	2	0	62	103	93	136	0	4	2	0	117	1	105	92	0	3	2	0	103	79	155	24	0	1	1	0	12	87	146	1	0	0	0	1	0	21	122	0	1	0	0	0	0	10	48	0	1	0	
0	0	0	6	4	0	0	0	0	2	0	93	152	7	0	1	0	1	0	11	155	22	0	1	2	0	28	190	181	30	0	1	0	0	12	20	22	162	0	0	0	0	10	16	120	117	0	2	2	0	116	184	95	1	0	0	0	0	2	2	0	2	0	0	
0	0	2	0	0	1	0	0	0	0	3	138	19	2	7	0	3	0	105	191	0	138	59	0	0	9	213	47	38	204	3	0	0	37	215	162	191	126	0	4	1	0	8	79	247	77	0	3	0	0	1	0	152	62	0	2	0	0	1	3	0	0	0	0	
0	0	0	0	1	0	0	0	0	0	0	2	0	133	27	0	0	0	3	0	73	181	0	1	0	1	0	6	180	47	0	2	0	3	0	138	118	0	3	0	3	0	86	186	0	1	0	0	2	0	134	57	0	2	0	0	0	0	0	2	1	0	0	0	
0	1	2	0	2	2	0	0	1	0	9	74	21	0	1	0	0	16	155	140	125	46	0	1	0	138	133	0	170	193	0	3	0	51	153	155	129	167	0	1	0	0	1	0	23	160	0	0	0	2	2	0	23	188	10	0	0	0	0	0	5	76	5	0	
0	0	0	0	0	0	0	0	0	0	10	43	71	71	3	0	0	11	162	171	169	216	22	0	0	3	13	0	29	141	0	1	0	0	2	0	172	94	0	3	0	2	0	122	172	0	1	0	0	0	152	178	6	0	1	0	0	4	113	29	0	2	0	0	
0	1	0	16	53	0	1	0	0	2	0	64	93	0	3	0	0	3	0	98	44	0	1	0	0	1	0	117	15	0	0	0	0	0	5	106	76	73	0	1	0	1	0	159	200	127	0	2	0	1	0	33	61	2	0	0	0	0	0	0	0	1	0	0	
0	0	0	3	0	12	23	0	0	0	3	0	24	203	93	0	0	2	0	61	208	98	0	1	2	0	43	219	114	10	0	1	2	0	178	222	211	133	0	4	0	6	228	232	180	76	0	3	2	0	85	137	53	0	0	0	0	0	0	0	0	1	0	0	
0	1	0	25	24	0	1	0	0	0	0	193	91	0	3	0	2	0	28	232	36	0	2	0	2	0	46	235	145	75	0	2	2	0	42	249	255	182	0	3	1	0	18	230	255	145	0	4	0	1	0	80	123	11	0	1	0	0	0	0	0	1	0	0	
0	0	0	3	0	0	0	0	0	1	4	0	85	181	58	0	1	3	0	118	218	120	177	0	1	0	151	219	45	15	163	0	0	135	159	0	0	113	142	0	1	197	67	99	182	158	22	0	0	98	158	116	41	0	2	0	0	0	0	0	0	3	1	0	
0	0	2	0	3	3	0	0	0	2	0	42	175	61	0	2	2	0	55	180	39	0	1	0	3	0	85	185	168	123	0	0	0	0	0	10	17	175	19	0	0	3	5	3	133	122	0	3	0	8	111	159	130	6	0	1	0	0	7	8	0	2	0	0	
0	0	0	0	1	0	0	0	0	0	0	0	11	153	16	0	0	0	4	0	93	189	0	1	0	1	0	12	216	81	0	3	0	1	0	178	158	0	3	0	2	0	160	208	3	0	1	0	0	19	192	41	0	2	0	0	0	0	0	2	1	0	0	0	
0	0	0	0	0	0	0	0	1	0	10	107	160	61	0	2	4	0	97	234	191	157	0	4	0	0	4	141	224	49	0	2	0	1	0	151	207	128	0	1	2	0	144	147	30	211	14	0	0	11	204	127	162	71	0	1	1	0	29	59	11	0	0	0	
0	0	2	1	0	0	0	0	0	1	0	10	96	126	35	0	3	0	61	241	232	98	123	8	2	0	58	89	2	17	140	0	0	0	1	0	5	143	80	0	0	64	170	204	219	145	0	3	0	162	185	84	56	86	0	1	0	0	0	0	0	0	0	0	
0	1	2	0	1	1	0	0	0	0	0	38	25	0	1	0	0	16	141	149	160	27	0	2	0	98	75	0	142	43	0	2	0	9	0	55	137	0	42	15	0	2	0	172	154	145	121	11	0	0	0	104	102	34	0	0	0	0	0	0	0	0	2	1	
0	0	0	2	18	12	0	0	0	7	110	140	88	105	54	0	0	65	87	0	10	137	84	0	2	0	54	165	239	106	0	1	2	0	74	80	40	114	76	0	0	35	9	0	6	121	111	0	0	70	166	144	146	116	5	0	0	0	7	6	0	0	1	0	
0	0	1	1	0	0	0	0	0	8	41	0	5	0	0	0	1	0	158	38	109	21	0	1	4	0	99	167	149	26	0	1	1	0	20	188	220	35	0	2	0	0	1	0	190	65	0	3	0	0	3	0	155	48	0	2	0	0	1	0	57	24	0	1	
0	0	0	1	0	1	0	0	0	0	0	12	6	53	46	0	0	3	0	100	62	143	42	0	2	0	64	198	120	184	15	1	1	0	130	180	218	107	73	0	1	0	2	156	66	0	2	0	3	0	90	140	0	7	2	0	0	0	12	18	0	0	0	0	
0	0	0	0	0	0	0	0	0	1	0	32	75	0	1	0	0	2	0	54	186	0	1	0	0	2	0	60	182	0	1	0	0	3	0	77	181	0	2	0	0	3	0	76	177	0	2	0	0	3	0	78	114	0	3	0	0	0	0	11	10	0	0	0	
0	0	0	2	1	0	0	0	0	1	3	0	4	28	51	18	1	0	26	118	80	94	70	13	0	5	158	161	75	34	0	1	0	35	90	13	26	137	66	0	0	17	129	95	107	115	22	0	0	0	29	57	25	0	0	0	0	0	0	0	0	2	1	0	
0	0	0	2	1	0	0	0	0	0	3	0	46	111	0	3	0	0	6	88	87	135	0	4	3	0	123	112	83	105	0	4	0	22	181	153	197	72	0	3	0	7	5	41	180	20	0	1	0	0	3	0	125	48	0	2	0	0	1	1	4	5	0	0	
0	0	0	4	0	62	22	0	0	0	3	0	53	156	7	0	0	3	0	69	154	25	0	1	2	0	49	167	58	66	3	0	0	31	195	124	124	185	17	0	0	49	255	187	117	137	0	1	1	0	56	78	58	8	0	0	0	1	0	0	0	1	0	0	
0	0	0	0	0	2	0	0	0	49	77	78	30	0	0	0	3	54	38	64	121	87	0	1	0	0	0	2	0	127	29	0	0	65	105	89	112	143	5	0	0	59	84	142	146	94	65	0	0	0	1	3	0	0	0	0	0	2	2	0	4	3	0	0	
0	1	4	1	0	0	0	0	0	0	0	2	46	74	8	0	0	27	112	140	90	145	79	0	0	58	107	19	0	135	44	0	0	0	1	0	129	102	0	2	0	1	0	134	104	0	2	0	3	0	132	141	0	4	0	0	2	0	84	41	0	2	0	0	
0	0	0	0	4	1	0	0	0	56	62	8	0	0	0	0	0	89	171	177	141	18	0	1	0	1	0	2	149	143	0	4	0	3	6	0	109	145	0	4	0	0	2	0	176	60	0	2	0	1	0	26	186	8	0	1	0	1	0	19	70	0	1	0	
0	0	2	1	0	7	0	0	0	1	0	23	165	111	0	2	2	0	65	143	128	85	0	3	4	0	133	158	119	64	0	2	1	0	0	178	244	78	0	2	3	0	88	118	37	174	0	0	3	0	90	160	141	74	0	1	0	0	0	12	4	0	0	0	
0	0	1	0	0	1	0	0	0	0	3	96	115	2	0	0	3	0	136	144	164	138	0	3	0	30	159	0	10	149	52	0	0	53	126	0	0	44	131	0	0	33	164	1	0	109	90	0	2	0	107	162	145	104	0	0	0	1	0	39	26	0	2	0	
0	0	3	2	0	0	0	0	0	1	0	1	17	25	5	0	2	0	67	154	122	179	49	0	0	50	193	17	0	153	41	0	0	24	152	127	172	212	2	0	0	0	10	18	177	106	0	3	0	3	0	52	151	0	1	0	0	2	0	83	54	0	2	0	
0	0	3	2	0	2	2	0	0	2	0	1	18	8	0	1	2	0	65	174	245	193	24	0	0	72	170	137	95	104	157	0	0	177	39	10	9	7	145	5	0	158	113	22	35	133	87	0	0	17	119	120	114	55	0	1	0	1	0	0	0	0	2	0	
0	0	0	1	3	0	0	0	0	0	1	2	0	20	20	2	0	2	2	0	136	191	188	22	1	0	3	186	123	48	146	0	0	6	170	107	0	168	54	0	0	143	187	79	143	62	0	2	0	64	146	89	2	0	2	0	0	0	0	0	1	2	0	0	
0	0	0	0	0	0	0	0	0	0	0	1	124	13	0	1	0	1	0	20	189	10	0	1	0	2	0	66	201	0	0	0	0	3	0	101	149	0	3	0	0	3	0	169	176	0	0	1	0	2	0	120	120	0	1	0	0	0	0	0	0	0	0	0	
0	0	0	0	1	1	2	0	0	0	0	4	0	128	59	0	0	0	4	0	85	212	8	0	0	2	0	50	226	49	0	2	2	0	24	222	81	0	3	0	3	0	180	135	0	5	0	0	0	8	153	14	0	1	0	0	0	0	0	2	0	0	0	0	
0	0	0	1	1	0	0	0	1	0	26	47	0	26	29	6	3	0	69	196	152	132	89	13	3	0	109	56	4	0	0	0	2	0	149	107	22	1	3	1	1	0	26	73	169	122	0	3	0	0	3	90	142	31	0	1	0	0	7	49	8	0	0	0	
0	0	2	2	0	0	0	0	0	0	0	0	76	113	45	0	1	0	35	171	121	67	111	0	2	0	64	127	56	149	33	0	0	49	109	114	211	173	51	0	44	188	134	141	15	87	115	0	30	134	76	4	0	24	17	0	0	0	0	2	2	0	0	0	
0	0	1	0	0	0	2	1	1	0	17	146	125	100	8	0	1	0	169	156	114	139	159	0	0	80	161	0	6	0	179	60	0	157	94	0	2	5	188	49	0	89	207	88	90	200	130	0	1	0	85	157	152	77	0	1	0	1	0	0	0	0	2	0	
0	2	2	0	0	0	0	0	1	0	8	100	120	88	29	0	0	66	230	127	0	60	153	0	0	133	122	76	148	188	31	0	0	0	1	85	70	113	97	0	0	1	0	0	0	119	109	0	0	39	137	153	165	94	0	0	0	3	55	46	3	0	1	0	
0	0	0	0	0	1	1	0	1	0	24	49	91	168	76	0	2	0	189	212	134	34	3	0	0	34	198	138	131	100	8	0	2	10	4	0	13	112	112	0	11	138	125	38	0	92	121	0	0	11	99	172	170	148	14	0	0	0	0	2	8	1	0	0	
0	0	0	1	0	1	1	0	0	1	1	10	9	0	55	15	0	2	0	118	29	12	119	0	0	15	160	195	74	182	105	0	0	75	128	37	188	107	20	4	0	0	0	117	85	0	1	0	3	0	102	111	0	4	1	0	1	0	29	9	0	0	0	0	
0	0	1	1	0	1	0	0	0	2	0	45	151	53	0	2	2	0	44	156	73	157	3	0	4	0	136	97	0	116	34	0	2	0	127	27	0	109	17	0	2	0	131	16	34	122	0	2	3	0	114	170	137	37	0	2	0	0	8	61	20	0	1	0	
0	2	4	3	1	0	0	0	0	0	0	0	5	28	10	0	0	45	96	131	134	161	142	0	0	111	142	65	0	128	79	0	0	0	2	0	108	130	0	2	0	1	0	115	144	0	1	0	0	4	146	132	1	1	1	0	0	54	136	0	4	1	0	0	
0	1	0	14	62	18	0	1	1	0	30	156	120	75	0	2	3	0	137	79	0	3	1	0	0	7	140	5	4	32	1	0	0	10	149	4	109	162	58	0	3	0	99	137	120	146	100	0	0	1	0	66	117	97	10	0	0	0	2	0	0	0	0	0	
0	0	3	1	0	4	0	0	0	1	0	40	167	122	0	3	2	0	97	152	101	165	0	2	2	0	169	132	147	93	0	3	1	0	11	177	165	140	14	0	3	0	120	77	0	197	57	0	3	0	87	154	158	67	0	2	0	0	0	12	5	0	0	0	
0	0	1	0	38	38	0	1	0	1	0	22	157	25	0	1	0	3	0	133	74	0	2	0	1	0	22	157	23	5	0	0	3	0	59	200	117	102	0	2	1	0	26	183	122	96	0	2	0	1	0	44	68	1	0	0	0	0	1	1	0	2	0	0	
0	0	2	3	0	0	0	0	0	0	0	0	12	18	2	0	1	0	39	108	105	181	21	0	0	49	194	87	124	242	38	0	0	18	87	52	122	162	0	1	0	2	0	53	148	21	0	1	2	0	72	167	12	0	1	0	2	0	95	35	0	2	0	0	
0	0	0	0	0	0	0	0	0	1	0	22	77	0	2	0	0	2	0	62	117	0	3	0	0	3	0	78	91	0	3	0	0	3	0	71	91	0	3	0	0	1	0	24	129	0	1	0	0	0	0	8	101	2	0	0	0	0	0	1	2	0	0	0	
0	0	0	1	3	0	0	0	0	0	2	1	0	18	18	0	0	2	0	20	149	152	167	24	2	0	46	199	81	5	137	4	0	17	181	52	0	129	97	0	0	127	177	87	149	76	0	1	0	31	93	68	11	0	2	0	0	0	0	0	1	3	0	0	
0	1	0	14	61	8	0	0	1	0	11	123	134	120	0	0	0	0	11	23	0	91	41	0	0	0	7	30	0	78	30	0	0	1	101	143	151	86	0	2	0	54	122	80	204	134	0	1	0	23	130	76	0	80	16	0	0	0	0	0	2	0	0	0	
0	0	0	0	1	2	0	0	0	0	0	1	0	11	120	20	0	0	2	1	5	182	124	0	0	1	2	0	173	160	0	2	1	0	23	187	163	0	2	1	0	10	209	135	0	2	1	0	0	87	150	0	5	1	0	0	0	15	14	0	1	0	0	0	
0	0	1	0	12	92	10	0	0	1	0	16	167	103	0	1	0	0	0	160	81	0	2	0	3	0	80	211	7	0	1	0	4	0	136	184	183	51	0	2	4	0	143	142	150	148	0	4	1	0	15	80	71	28	0	1	0	0	0	0	0	0	0	0	
0	0	1	2	0	0	0	0	0	0	0	0	32	63	17	0	1	0	9	144	173	64	115	0	1	0	21	161	49	76	69	0	0	29	78	123	180	168	34	0	0	161	169	130	40	23	67	0	0	27	36	2	0	1	0	0	0	0	0	2	2	1	2	0	
0	0	0	0	0	0	0	0	0	1	0	30	66	0	2	0	0	2	0	53	134	0	3	0	0	1	0	40	101	0	3	0	0	3	0	84	90	0	3	0	0	3	0	107	60	0	2	0	0	3	0	126	32	0	1	0	0	0	0	20	5	0	0	0	
0	1	4	1	0	0	2	0	0	0	0	0	4	5	0	0	0	26	100	93	72	56	76	1	0	110	100	96	94	101	112	0	2	0	32	143	102	172	29	0	0	76	99	72	93	118	12	0	0	38	56	57	51	8	0	0	0	0	0	0	0	2	1	0	
0	0	0	3	3	3	1	0	0	1	1	0	0	0	0	0	1	1	4	71	138	142	28	0	0	85	178	149	54	198	40	0	0	14	25	0	135	112	0	3	0	2	0	51	153	0	1	0	0	4	0	116	83	0	3	0	0	2	0	73	39	0	1	0	
0	0	0	2	1	1	1	0	0	0	3	0	1	1	28	2	0	2	0	53	27	45	137	0	0	2	100	178	43	170	39	0	0	140	181	161	216	152	43	0	4	12	42	174	45	0	9	0	2	0	92	57	0	3	0	0	0	1	0	1	2	0	0	0	
0	1	3	0	4	3	0	0	0	1	0	74	164	161	6	0	0	5	110	105	4	19	6	0	0	146	214	89	82	37	0	1	0	14	40	71	90	152	110	0	1	0	25	42	0	117	123	0	1	0	20	140	152	109	1	0	0	0	0	4	5	0	1	0	
0	1	3	4	2	1	3	1	0	0	0	0	0	0	0	0	0	35	84	103	130	138	127	13	0	84	163	88	13	47	172	19	0	0	2	0	66	170	37	0	0	1	3	125	162	21	0	2	0	0	149	94	0	1	2	0	0	9	67	0	3	1	0	0	
0	0	0	0	0	0	0	0	0	0	0	14	88	0	1	0	0	1	0	39	142	0	3	0	0	1	0	43	141	0	3	0	0	2	0	60	140	0	3	0	0	2	0	64	129	0	3	0	0	2	0	52	98	0	3	0	0	0	0	0	0	0	0	0	
0	0	2	3	0	0	2	2	0	0	1	0	43	119	156	17	1	0	31	148	133	209	125	0	0	16	243	155	79	135	0	0	1	0	57	191	233	97	0	3	0	22	168	188	148	225	16	0	0	65	183	126	87	20	0	0	0	0	0	0	0	0	0	0	
0	0	1	2	0	0	0	0	0	0	0	4	46	57	15	0	1	0	12	106	84	152	40	0	2	0	124	54	65	58	0	1	1	0	72	164	142	0	2	0	0	1	0	58	81	21	0	1	0	0	6	108	83	0	1	0	0	0	0	71	24	0	1	0	
0	0	1	3	0	0	0	0	0	1	1	0	3	10	1	0	1	0	9	70	136	154	0	3	0	56	230	138	149	207	49	0	0	30	91	32	29	173	30	0	0	1	0	0	152	88	0	3	1	0	18	156	89	0	3	0	3	0	76	90	0	4	0	0	
0	0	0	6	1	0	0	0	3	0	65	187	137	24	0	1	4	0	116	86	40	35	0	1	4	0	105	161	36	1	0	0	1	0	35	116	42	97	6	0	1	0	34	78	43	179	26	0	1	0	13	140	193	147	1	0	0	0	0	0	0	0	0	0	
0	0	0	0	8	58	0	0	0	0	3	0	95	112	0	3	0	1	0	35	154	7	0	1	0	0	0	153	134	161	71	0	3	0	104	217	148	161	75	0	2	0	171	255	134	44	0	1	1	0	22	53	0	0	1	0	0	0	1	0	2	2	0	0	
0	0	0	1	1	0	0	0	0	0	1	0	39	43	0	1	0	1	0	22	95	14	0	1	0	3	0	94	157	22	0	1	0	2	0	56	134	0	2	0	0	2	0	89	41	0	1	0	1	0	24	108	0	1	0	0	0	0	8	13	0	0	0	0	
0	0	1	0	0	1	0	0	0	0	0	17	0	67	15	0	1	0	22	123	18	121	0	1	3	0	139	81	87	125	7	0	2	0	106	157	186	88	27	0	0	3	0	107	74	0	2	0	0	0	11	114	5	2	1	0	0	0	6	18	0	0	0	0	
0	0	0	0	0	0	0	0	0	1	0	34	187	36	0	2	0	4	0	135	255	28	0	2	3	0	56	232	211	14	0	1	4	0	135	158	148	0	2	0	1	0	46	135	190	19	0	1	0	0	0	152	176	60	0	2	0	0	2	0	0	0	0	0	
0	0	1	1	0	0	0	0	0	0	0	0	118	169	53	0	2	0	32	232	186	65	157	0	3	0	59	121	0	111	99	0	0	10	69	68	149	154	0	1	0	153	181	223	147	160	66	0	0	158	123	20	0	27	42	0	0	1	0	0	4	1	0	0	
0	0	0	0	0	0	0	0	0	0	3	23	67	28	0	1	3	0	132	181	131	42	0	2	4	0	145	116	0	3	0	0	2	0	41	166	168	46	0	2	0	0	3	0	80	162	0	3	0	0	2	27	144	82	0	3	0	0	4	85	67	0	1	0	
0	0	2	0	47	52	0	2	0	1	0	3	183	63	0	3	0	1	0	173	93	9	11	0	3	0	134	146	92	165	141	5	0	82	211	152	133	66	169	12	0	122	255	195	129	130	26	0	0	10	70	46	8	0	1	0	0	1	0	0	0	3	1	0	
0	0	1	0	0	1	2	0	0	27	20	63	129	39	0	2	0	123	211	161	248	214	51	0	0	157	217	18	29	146	177	0	0	154	199	0	0	201	185	0	0	72	248	56	130	255	103	0	1	0	106	229	246	134	0	0	0	1	0	14	17	0	1	0	
0	0	0	2	0	1	0	0	0	0	3	1	0	25	61	0	0	1	0	86	3	90	71	0	0	0	137	143	43	191	32	0	0	17	154	127	199	78	28	0	0	0	0	123	55	0	2	0	3	0	77	98	0	6	1	0	1	0	15	10	0	0	0	0	
0	0	23	37	3	0	0	0	1	0	93	182	168	13	0	1	0	1	2	0	137	143	0	4	0	0	3	0	97	139	0	4	0	18	139	103	198	66	0	3	0	38	229	206	217	198	27	0	1	0	74	112	6	46	8	0	0	0	0	0	1	0	0	0	
0	0	0	3	0	0	1	0	0	0	2	0	24	28	0	0	0	1	0	115	156	141	87	0	1	0	161	182	0	97	110	0	0	17	120	0	55	152	1	0	0	2	0	38	176	23	0	1	1	0	26	161	41	0	2	0	3	0	77	72	0	3	0	0	
0	0	0	1	1	0	0	0	0	0	0	87	138	8	0	0	2	0	53	52	95	18	0	1	3	0	85	143	212	94	0	1	1	0	1	143	109	111	29	0	0	2	0	101	53	107	4	0	0	3	0	94	165	24	0	1	0	0	0	1	3	1	1	0	
0	0	1	2	0	6	1	0	0	1	1	0	69	157	100	0	1	0	10	141	112	148	92	0	0	0	194	114	117	129	0	3	1	0	142	209	144	155	20	0	0	0	162	83	44	182	23	0	0	7	156	142	132	32	0	1	0	0	1	1	0	1	1	0	
0	0	0	0	0	0	0	0	0	1	48	44	19	37	0	0	0	13	81	80	135	131	0	3	0	0	2	0	92	41	0	2	1	0	23	143	173	109	77	0	0	3	0	107	101	42	10	0	1	0	24	119	0	0	0	0	1	0	24	39	0	3	0	0	
0	0	0	3	1	0	0	0	0	1	3	0	14	58	13	0	0	0	0	91	86	152	76	0	0	1	125	127	66	220	53	0	0	57	225	105	197	176	0	2	0	4	1	66	150	22	0	1	2	0	64	178	23	0	2	0	2	0	68	42	0	3	0	0	
0	0	0	1	4	0	0	0	2	0	31	164	156	26	0	1	4	0	118	105	0	3	0	0	3	0	96	146	142	80	0	2	0	1	0	46	13	156	36	0	1	0	28	124	21	173	32	0	1	0	15	143	163	68	0	2	0	0	0	1	0	0	1	0	
0	0	0	3	2	1	2	0	0	0	0	0	0	1	0	0	0	0	4	69	116	85	85	0	0	1	113	115	53	85	120	0	0	2	0	104	137	171	20	0	5	100	74	108	102	69	2	0	0	50	78	42	15	0	0	0	0	0	0	0	0	2	0	0	
0	0	1	0	36	9	0	0	0	3	0	83	221	17	0	1	1	0	3	217	87	0	3	0	4	0	95	243	92	96	30	0	2	0	177	199	238	255	148	0	2	0	196	219	238	138	9	0	2	0	68	156	55	0	1	0	0	0	0	0	0	3	1	0	
0	0	1	3	1	0	0	0	0	2	1	0	5	40	39	0	1	0	23	102	90	145	154	0	0	81	182	108	78	204	82	0	0	163	175	62	136	198	6	0	0	0	0	100	161	26	0	1	3	0	144	150	8	0	2	0	0	0	37	9	0	2	0	0	
0	0	2	1	1	0	0	0	0	0	0	20	21	8	0	0	2	0	46	100	94	91	0	3	3	0	109	93	157	31	0	1	1	0	14	77	139	0	0	0	0	2	0	46	111	0	3	0	0	3	0	84	76	0	3	0	0	2	0	77	45	0	2	0	
0	0	2	3	0	0	1	0	0	0	0	0	8	20	1	0	1	0	38	136	122	108	126	0	2	0	51	113	60	126	98	0	0	0	0	87	173	107	0	3	0	160	109	16	136	56	0	2	0	50	94	115	67	0	1	0	0	0	0	0	1	1	0	0	
0	0	2	2	0	0	0	0	3	0	61	185	88	0	1	0	0	0	7	14	151	29	0	1	0	2	0	35	200	12	0	1	0	2	0	162	163	0	3	0	1	0	15	202	47	0	2	0	0	2	0	43	155	148	71	0	0	0	1	0	5	14	5	0	
0	0	1	0	0	0	0	0	0	1	0	27	112	175	114	0	13	0	112	225	93	182	84	0	3	0	85	183	179	201	4	0	1	0	26	146	78	129	103	0	0	62	224	90	47	183	42	0	0	83	189	146	153	53	0	1	0	0	2	1	0	1	1	0	
0	0	0	0	0	0	0	0	1	0	31	83	63	2	0	0	1	0	64	88	168	57	0	2	0	0	2	0	139	48	0	2	0	1	0	72	205	47	0	2	0	3	0	100	115	0	4	0	0	3	0	111	60	0	2	0	0	1	0	49	14	0	0	0	
0	0	2	2	0	0	0	0	0	0	0	0	36	50	6	0	1	0	36	195	201	75	93	0	2	0	79	99	0	49	92	0	0	18	79	130	171	202	38	0	0	170	209	143	56	60	147	0	0	25	10	0	0	3	29	1	0	0	0	2	3	1	0	0	
0	0	0	0	0	0	0	0	0	0	8	17	12	10	0	0	2	0	50	107	73	79	0	3	4	0	110	86	99	95	0	3	2	0	58	129	213	129	0	0	0	1	0	28	162	3	0	0	0	1	0	37	147	0	2	0	0	0	0	11	52	0	1	0	
0	0	0	1	0	1	1	0	0	1	0	21	76	11	0	1	0	4	0	118	241	171	20	0	1	0	125	216	6	90	157	0	0	118	242	38	0	0	174	50	0	118	227	164	146	175	109	1	0	0	29	43	17	7	0	0	0	0	0	0	0	0	3	0	
0	2	4	1	0	0	0	0	0	0	0	1	15	3	0	0	0	51	117	130	175	73	0	3	0	48	79	5	94	112	0	4	0	0	3	0	113	75	0	3	0	2	5	0	147	43	0	2	0	1	0	24	171	8	0	1	0	2	0	45	99	0	2	0	
0	0	0	1	2	0	0	0	0	0	2	0	4	55	11	0	0	1	0	22	99	188	32	0	2	0	47	157	154	173	0	0	0	23	218	116	109	112	0	3	0	12	23	30	158	10	0	1	1	0	0	158	68	0	2	0	1	0	21	61	0	1	0	0	
0	0	2	0	14	58	9	0	0	2	0	72	206	199	40	0	3	0	88	223	69	0	2	0	0	1	211	91	0	1	0	0	0	13	214	150	171	142	9	0	0	0	183	174	136	254	102	0	1	0	18	112	127	100	19	0	0	0	1	0	0	0	0	0	
0	0	0	2	0	0	0	0	0	4	5	0	144	53	0	2	0	2	0	105	211	82	0	4	3	0	76	194	130	23	0	1	1	0	10	189	186	8	0	1	3	0	93	135	163	59	0	2	3	0	71	207	108	0	0	0	0	0	0	1	0	0	0	0	
0	0	0	0	0	0	0	0	0	1	0	69	26	0	1	0	0	3	0	121	69	0	2	0	0	3	0	93	73	0	3	0	0	2	0	62	91	0	3	0	0	1	0	36	124	0	3	0	0	0	0	16	108	0	1	0	0	0	0	1	20	1	0	0	
0	0	0	0	19	4	0	0	0	1	0	53	161	2	0	0	0	4	0	132	254	74	0	3	2	0	50	190	36	185	36	0	1	0	178	74	0	194	61	0	0	45	230	125	203	125	0	3	0	15	111	137	71	2	0	0	0	0	0	0	0	2	0	0	
0	0	0	0	0	0	0	0	1	0	7	125	104	10	0	1	0	0	0	41	203	135	0	4	0	1	0	170	136	0	1	0	0	1	0	52	153	38	0	2	0	0	2	0	146	122	0	4	1	0	129	173	95	2	0	0	0	0	51	22	0	1	0	0	
0	0	0	0	0	2	2	0	0	0	8	21	43	16	0	1	3	0	92	206	255	198	49	0	1	0	21	203	111	81	221	26	0	23	193	105	0	34	224	49	0	128	243	113	174	167	66	0	0	41	144	129	39	2	0	0	0	0	0	0	0	2	3	0	
0	0	0	0	0	0	0	0	0	4	84	122	141	62	0	2	0	19	106	49	151	95	0	3	1	0	9	121	218	81	0	3	1	0	38	66	37	180	12	0	1	0	124	19	0	161	38	0	3	0	115	169	102	141	0	1	0	0	4	54	62	16	0	1	
0	0	0	0	2	1	1	0	0	0	0	2	0	128	36	0	0	0	4	0	105	169	0	2	0	2	0	57	197	18	0	1	1	0	20	204	57	0	2	0	4	0	150	130	0	5	0	0	3	0	107	96	0	3	0	0	0	0	0	3	0	0	0	0	
0	0	0	0	0	0	0	0	1	0	28	167	158	63	0	1	0	0	14	26	83	220	17	0	0	7	147	186	199	66	0	1	0	0	11	40	120	102	1	0	0	81	26	0	6	197	71	0	0	122	180	159	151	102	4	0	0	0	5	8	0	0	0	0	
0	0	0	3	2	1	2	0	0	0	3	0	3	6	0	0	0	3	0	64	138	171	66	0	1	0	117	151	11	23	153	0	0	129	181	3	21	132	115	0	0	97	155	182	163	114	6	0	0	0	1	9	1	0	1	0	0	3	2	0	1	4	0	0	
0	0	0	1	0	4	3	0	0	0	2	0	56	118	19	0	0	1	0	31	142	7	0	1	1	0	11	157	56	0	2	0	1	0	4	122	105	13	0	1	0	0	1	47	91	56	0	2	0	1	0	101	118	2	0	0	0	0	0	4	4	0	0	0	
0	0	1	4	4	3	3	1	0	0	0	0	0	0	0	0	1	0	24	95	83	82	92	32	0	3	193	188	121	49	23	7	0	7	45	45	80	151	11	0	0	45	169	135	124	137	5	0	0	0	20	35	11	2	0	0	0	0	0	0	0	2	1	0	
0	0	0	0	0	0	0	0	0	0	4	21	49	76	16	0	4	0	120	228	149	100	7	0	3	0	137	215	131	42	0	1	0	1	0	18	126	186	0	1	2	0	64	48	29	163	0	2	1	0	24	176	189	80	0	3	0	2	0	71	99	0	1	0	
0	0	1	2	0	0	1	0	0	0	0	1	26	16	0	0	1	0	7	102	108	97	82	0	1	0	75	93	56	123	41	0	0	2	0	140	178	141	0	1	15	156	143	94	79	43	0	1	0	29	23	0	0	0	0	0	0	0	0	1	3	2	0	0	
0	0	2	0	0	0	1	0	0	2	0	78	193	105	0	1	3	0	76	191	61	170	87	0	0	3	184	46	0	86	129	0	0	44	168	0	0	154	67	0	0	53	180	23	131	152	0	1	0	0	146	183	116	11	0	1	0	0	0	2	0	2	0	0	
0	0	0	1	1	0	0	0	0	0	3	0	8	13	16	1	0	3	0	53	153	85	69	7	1	0	73	163	123	82	5	0	0	24	109	53	26	141	43	0	0	56	167	142	86	34	0	1	0	0	0	0	0	0	0	0	0	2	2	3	3	2	0	0	
0	0	0	0	0	0	0	0	0	1	0	32	133	39	3	0	0	3	0	132	141	110	3	0	0	3	0	67	158	25	0	1	0	2	0	145	149	0	3	0	1	0	36	146	115	22	0	1	1	0	6	153	153	0	0	0	0	1	0	21	13	0	0	0	
0	0	2	3	0	0	0	0	0	0	0	5	43	24	0	0	2	0	36	140	125	153	51	0	2	0	67	128	98	162	14	0	0	1	0	82	85	139	100	0	20	116	99	96	85	108	39	0	0	36	51	34	15	0	0	0	0	0	0	0	0	2	2	0	
0	0	0	2	0	0	0	0	0	2	0	80	53	0	2	0	0	1	0	37	86	0	3	0	0	2	0	75	118	0	2	0	0	1	0	41	131	34	0	1	0	0	2	0	102	19	0	1	0	1	0	39	94	0	2	0	0	0	0	4	3	0	0	0	
0	0	3	1	0	0	0	0	0	1	0	14	104	193	79	0	1	0	91	182	69	162	117	0	1	0	205	181	92	161	16	0	1	0	69	206	192	140	31	0	0	138	146	41	35	205	147	0	18	199	154	124	136	88	15	0	0	0	9	1	0	0	0	0	
0	0	0	0	0	0	0	0	0	3	0	85	56	0	2	0	0	3	0	93	111	0	4	0	0	3	0	88	117	0	4	0	0	3	0	89	117	0	4	0	0	2	0	63	148	0	3	0	0	1	0	15	124	0	0	0	0	0	0	0	0	0	0	0	
0	0	0	2	0	0	1	0	0	0	4	0	108	137	0	0	0	4	0	104	188	175	140	0	2	0	110	215	18	19	187	3	0	110	189	10	2	162	170	0	0	217	183	151	191	157	10	0	0	58	130	111	25	0	2	0	0	0	0	0	0	3	1	0	
0	0	2	0	0	0	0	0	0	0	1	117	84	25	7	0	3	0	82	176	122	145	19	0	0	0	203	98	0	1	0	0	2	0	86	239	152	35	0	2	0	0	0	113	175	181	0	0	0	0	1	1	93	235	46	0	0	0	1	2	0	27	10	0	
0	0	0	2	3	3	1	0	0	0	2	0	0	0	0	0	0	3	0	69	130	93	24	0	0	0	95	133	11	84	167	0	0	141	170	43	88	113	72	0	0	64	93	89	55	10	0	0	0	0	0	0	0	1	2	0	0	2	4	3	2	0	0	0	
0	0	1	0	67	11	0	0	0	2	0	68	138	0	1	0	1	0	7	153	26	0	2	0	3	0	87	104	45	39	0	1	3	0	134	151	77	133	28	0	3	0	139	95	0	122	50	0	1	0	25	50	38	50	0	1	0	0	0	0	0	0	0	0	
0	0	0	1	1	1	1	0	0	0	2	0	12	4	0	0	0	4	0	32	164	110	58	0	2	0	56	177	139	110	52	0	1	68	60	17	0	110	109	0	0	89	129	145	144	102	6	0	0	0	2	13	3	0	0	0	0	3	2	0	1	3	1	0	
0	0	0	0	0	0	0	0	0	1	0	86	145	47	8	0	2	0	54	163	67	197	22	0	1	0	25	132	122	81	0	2	0	2	0	177	190	0	2	0	3	0	84	115	124	43	0	1	3	0	64	154	156	21	0	1	0	0	0	51	33	0	1	0	
0	1	1	2	0	1	1	0	0	0	1	2	6	0	10	3	1	77	26	110	28	13	129	1	3	0	159	88	9	144	53	0	1	0	69	169	194	162	49	0	2	0	58	159	7	12	24	0	0	0	131	29	0	1	0	0	0	2	14	1	1	1	1	0	
0	1	0	0	0	3	1	0	0	2	14	0	8	91	2	0	0	45	124	0	40	121	0	3	0	103	96	0	94	106	50	8	0	38	139	120	186	153	91	0	0	0	0	38	151	0	1	0	0	3	0	48	102	0	5	0	0	0	0	1	1	0	0	0	
0	0	0	0	0	0	0	0	0	0	0	30	76	94	46	0	2	0	48	154	50	104	122	0	1	1	3	6	69	150	13	0	0	2	0	67	130	153	3	0	16	27	0	34	109	105	0	1	29	139	132	131	61	1	0	0	0	10	12	0	0	2	0	0	
0	0	0	0	0	0	0	0	0	0	0	7	104	13	0	1	0	1	0	30	211	14	0	1	0	3	0	66	205	0	0	0	0	3	0	108	174	0	3	0	0	4	0	124	140	0	4	0	0	4	0	125	130	0	4	0	0	1	0	21	24	0	1	0	
0	0	0	1	0	0	0	0	0	0	0	7	32	77	0	0	0	3	0	112	67	118	18	0	2	0	90	144	48	133	0	2	0	4	192	156	206	155	46	0	0	3	0	120	119	0	15	0	2	0	46	162	0	0	0	0	1	0	16	23	0	1	0	0	
0	0	1	0	16	21	0	1	0	1	0	26	178	108	0	2	0	0	0	155	60	0	4	0	3	0	103	160	49	45	0	0	1	0	190	147	73	157	83	0	1	0	169	110	37	127	86	0	1	0	21	125	120	38	0	1	0	0	1	0	0	0	1	0	
0	0	0	0	1	1	1	0	0	0	0	3	0	102	53	0	0	0	2	0	26	199	23	0	0	0	2	0	169	118	0	3	0	3	0	111	192	0	1	0	3	0	95	233	30	0	1	0	1	0	156	70	0	3	0	0	0	0	0	1	1	0	0	0	
0	0	0	0	1	0	0	0	0	1	0	113	31	0	1	0	0	4	0	147	132	0	4	0	0	3	0	102	163	0	4	0	0	3	0	77	186	0	2	0	0	1	0	15	198	32	0	2	0	0	3	0	123	75	0	3	0	0	0	1	1	0	0	0	
0	0	0	2	1	0	0	0	0	0	2	1	3	22	57	27	0	2	0	58	137	94	71	12	2	0	83	193	102	30	0	1	1	0	75	65	71	146	8	0	0	34	182	168	166	49	0	1	0	7	74	53	3	0	0	0	0	0	0	0	1	2	0	0	
0	2	3	0	1	1	0	0	0	0	0	13	15	0	1	0	0	51	156	166	183	40	0	2	0	55	63	0	138	111	0	2	2	0	90	165	216	147	57	0	0	2	19	57	156	0	1	0	0	3	0	99	96	0	4	0	0	2	0	66	34	0	1	0	
0	0	0	2	0	0	0	0	0	0	0	3	97	112	49	0	0	1	0	115	76	73	123	0	1	0	13	109	98	143	23	0	1	0	12	108	127	137	0	2	29	75	26	57	113	68	0	2	10	93	112	72	22	0	1	0	0	0	0	0	1	2	0	0	
0	0	1	4	1	0	0	0	0	0	0	0	4	44	57	15	1	0	11	135	189	170	121	24	2	0	183	218	76	0	1	0	1	0	53	108	122	73	0	3	0	19	30	22	163	172	0	3	0	12	110	166	131	14	0	1	0	0	0	0	0	0	0	0	
0	0	0	0	0	0	0	0	0	2	0	50	191	173	4	0	0	2	0	37	221	220	140	0	1	1	0	176	124	33	144	0	3	0	126	195	0	125	152	0	0	113	254	120	153	143	17	0	0	89	175	148	43	0	1	0	0	0	0	0	0	3	1	0	
0	0	0	34	15	0	1	0	0	1	0	72	168	97	0	1	0	1	3	0	4	195	53	0	0	1	2	0	43	181	17	0	0	7	104	158	245	178	31	0	0	115	200	164	57	11	25	0	0	58	97	13	0	1	0	0	0	0	0	1	3	1	1	0	
0	0	0	3	0	78	15	0	0	1	4	0	86	163	0	0	0	2	0	119	151	9	5	0	0	0	148	125	53	148	157	0	0	128	134	93	91	108	121	0	0	171	235	213	100	140	17	0	0	13	72	71	54	8	0	0	0	0	0	0	0	2	1	0	
0	0	0	0	2	0	0	0	0	2	0	77	194	150	0	1	1	0	13	181	79	221	20	0	3	0	130	109	36	198	0	0	0	3	178	2	141	149	0	4	0	13	190	89	235	55	0	2	2	0	110	223	104	0	2	0	0	0	0	0	0	1	0	0	
0	0	1	0	2	1	0	0	0	1	0	29	150	117	39	0	2	0	53	174	39	68	129	0	1	0	11	5	23	139	33	0	0	40	137	219	192	110	0	3	30	219	170	79	1	182	34	0	10	35	3	0	2	35	3	0	0	0	1	3	0	0	0	0	
0	0	2	1	0	0	0	0	0	1	0	17	124	165	30	0	2	0	67	216	179	122	35	0	4	0	179	164	0	3	0	0	2	0	50	190	180	58	0	2	0	0	2	4	187	131	0	4	2	0	46	228	199	13	0	1	0	0	1	40	22	0	1	0	
0	2	4	2	0	0	1	0	0	0	0	0	15	29	2	0	0	44	96	123	135	156	92	0	0	137	107	29	0	27	138	0	0	0	1	0	1	145	70	0	0	3	0	7	157	95	0	2	2	0	34	151	60	0	2	0	3	0	87	55	0	4	0	0	
0	0	0	1	4	0	0	0	2	0	80	161	174	82	0	2	2	0	142	36	58	178	0	3	0	0	5	0	144	97	0	3	0	2	0	99	146	0	2	0	3	0	110	239	100	74	4	0	1	0	130	106	79	170	63	0	0	0	0	0	0	1	3	0	
0	0	0	0	0	1	2	1	0	0	0	1	0	12	129	9	0	0	1	5	0	133	131	0	0	1	4	0	94	178	4	0	0	0	0	133	172	14	0	1	0	10	179	149	0	2	1	0	0	76	187	0	1	2	0	0	0	0	0	2	1	0	0	0	
0	0	0	0	0	0	0	0	0	0	2	55	121	163	123	3	2	0	37	224	117	109	60	0	3	0	117	173	0	3	0	0	0	0	191	224	200	45	0	2	0	2	13	0	120	153	0	4	0	10	155	158	193	60	0	2	0	0	46	66	18	0	1	0	
0	0	0	0	0	4	0	0	0	0	0	3	0	94	68	0	0	0	1	3	0	174	53	0	0	0	3	0	142	125	0	3	0	0	0	142	133	0	1	0	2	0	148	126	0	3	0	0	0	44	147	0	3	1	0	0	0	2	2	2	0	0	0	0	
0	1	0	41	62	0	2	0	0	0	2	179	65	0	5	0	3	0	128	140	0	3	0	0	0	9	187	22	0	80	98	0	0	28	189	55	147	187	226	19	2	0	124	255	166	155	108	0	0	0	2	50	82	58	0	0	0	0	2	0	0	0	2	0	
0	0	1	3	0	10	11	0	0	0	1	0	27	94	100	0	1	0	11	114	108	149	52	0	3	0	112	93	77	89	0	1	2	0	61	190	143	0	1	0	0	23	149	45	145	108	0	4	0	10	95	102	87	24	0	1	0	0	0	0	0	0	0	0	
0	3	3	4	3	1	0	0	0	0	0	0	0	5	6	0	7	110	114	103	98	190	55	0	9	48	40	46	60	184	1	0	0	0	3	0	152	93	0	3	0	4	0	90	170	0	2	0	2	0	49	180	20	0	1	0	3	0	101	76	0	3	0	0	
0	0	0	0	1	2	3	0	0	0	0	3	0	97	60	0	0	0	2	0	37	174	5	0	0	0	2	0	170	71	0	3	0	3	0	125	147	0	3	0	3	0	79	185	1	0	0	0	1	0	146	54	0	2	0	0	0	0	1	1	1	0	0	0	
0	0	0	0	2	7	0	0	1	0	31	66	182	143	0	0	4	0	124	178	0	4	0	0	4	0	103	241	142	102	2	0	2	0	38	156	73	227	44	0	0	11	48	3	103	239	19	0	0	9	145	199	175	63	0	2	0	0	0	1	0	0	0	0	
0	1	2	3	3	1	2	0	0	0	0	0	0	0	0	0	0	17	67	92	125	146	109	0	0	104	122	82	13	82	162	0	0	0	2	0	84	141	18	0	0	1	0	115	145	5	0	1	0	11	130	93	0	1	2	0	0	96	84	0	5	1	0	0	
0	0	0	1	4	1	0	0	0	0	1	1	0	3	29	25	0	1	0	35	96	130	112	53	1	0	29	149	72	15	0	1	4	0	149	75	0	3	2	2	2	0	70	141	4	0	0	0	1	0	27	133	0	0	0	0	2	0	78	49	0	2	0	0	
0	0	0	0	1	1	0	0	0	0	0	4	0	109	116	0	0	0	3	0	43	204	36	0	0	2	0	18	192	62	0	2	1	0	14	199	92	0	4	0	0	10	192	110	0	4	0	0	0	66	160	0	3	0	0	0	0	0	0	3	0	0	0	0	
0	0	1	0	0	0	1	0	0	1	0	109	161	112	5	0	3	0	134	212	77	189	121	0	0	17	245	89	0	71	150	0	0	60	226	18	0	165	141	0	0	48	199	0	94	232	42	0	1	0	136	181	193	46	0	2	1	0	10	55	10	0	2	0	
0	0	1	1	0	1	2	0	0	0	0	7	10	2	0	0	1	0	29	105	83	123	85	0	1	0	26	109	146	152	37	0	2	1	4	18	28	133	12	0	19	100	92	90	107	63	0	0	0	11	20	19	5	0	0	0	0	0	0	0	1	2	0	0	
0	0	0	0	0	0	0	0	0	33	119	118	102	23	0	1	0	9	35	10	90	149	0	3	0	1	0	40	166	50	0	2	0	0	2	127	141	116	20	0	0	0	1	0	15	178	45	0	0	27	130	133	147	57	0	2	0	2	41	41	1	0	1	0	
0	0	2	2	0	1	1	0	0	0	0	0	83	72	81	29	2	0	48	144	89	66	138	0	2	0	162	81	44	133	24	0	1	0	74	197	182	9	0	1	0	97	129	0	140	53	0	2	0	75	122	108	112	13	0	1	0	0	9	12	0	0	0	0	
0	1	2	0	0	1	0	0	0	0	0	23	31	1	0	0	0	22	139	126	143	103	0	3	0	11	36	0	79	113	0	4	0	0	1	0	138	33	0	1	0	2	0	45	143	0	2	0	0	2	0	70	128	0	3	0	0	1	0	28	88	0	2	0	
0	0	0	1	0	0	0	0	0	1	0	29	60	33	67	11	0	2	0	114	137	96	64	2	2	0	76	202	102	39	0	1	0	0	97	9	52	134	0	3	0	49	92	112	158	31	0	2	0	50	110	111	48	0	1	0	0	0	0	0	1	1	0	0	
0	0	0	1	2	0	0	0	0	0	2	64	102	58	0	2	2	0	71	41	35	32	0	1	2	0	63	93	24	0	1	0	2	0	33	129	83	17	0	1	2	0	46	62	32	95	0	2	0	1	0	62	109	32	0	1	0	0	0	1	8	0	0	0	
0	0	0	1	0	1	0	0	0	2	0	45	38	42	19	0	0	2	0	142	34	136	38	0	2	0	115	122	50	177	13	1	0	67	227	152	219	130	88	1	0	22	17	153	71	0	2	0	3	0	110	151	0	7	2	0	1	0	34	21	0	1	0	0	
0	2	1	0	0	0	0	0	0	0	2	0	35	32	0	1	0	99	68	0	177	153	0	4	0	194	131	45	212	175	0	3	0	159	206	162	224	174	0	3	0	5	8	0	103	211	0	1	0	0	3	0	51	226	15	0	0	1	1	0	15	45	0	1	
0	0	0	0	0	0	1	0	0	1	0	22	106	102	14	0	1	0	25	176	109	43	116	1	0	0	5	14	0	44	109	0	0	41	112	174	194	166	10	0	0	175	176	118	60	145	26	0	0	18	19	0	0	14	5	0	0	0	0	3	3	0	0	0	
0	0	0	0	3	2	0	0	1	0	20	32	0	1	0	0	2	0	42	176	141	44	0	1	0	0	1	0	71	204	14	0	0	2	0	22	177	87	0	2	1	0	27	184	74	0	2	0	0	0	163	67	0	4	0	0	0	15	50	0	3	0	0	0	
0	0	2	0	13	19	0	1	0	2	1	3	195	150	0	4	1	0	8	207	169	176	69	0	0	12	195	203	0	108	178	0	0	190	182	0	0	43	202	0	0	202	214	108	128	225	136	0	0	31	149	161	149	75	0	0	0	0	0	0	0	0	2	0	
0	0	0	13	27	0	0	0	0	1	0	147	161	0	2	0	2	0	58	143	6	1	2	0	4	0	102	104	43	49	0	0	3	0	58	227	98	109	81	0	2	0	40	232	99	90	107	0	1	0	24	81	81	93	7	0	0	0	0	0	0	0	1	0	
0	0	1	3	0	0	0	0	0	2	2	0	14	56	9	0	1	0	15	90	122	166	21	0	0	60	199	109	64	209	78	0	0	58	123	54	187	136	0	1	0	2	0	107	105	0	2	0	2	0	78	135	0	3	1	0	2	0	50	20	0	1	0	0	
0	1	0	1	4	4	2	0	0	1	27	13	0	0	1	1	0	76	255	202	115	133	31	0	0	153	155	49	61	125	192	16	0	104	128	0	3	0	190	54	0	7	210	167	75	182	149	0	1	0	31	150	168	78	0	0	0	1	1	0	0	0	1	0	
0	0	0	3	1	0	1	0	0	0	1	0	30	63	0	1	1	0	12	91	154	126	68	0	2	0	40	98	0	91	81	0	1	50	83	121	159	120	0	2	36	175	122	122	43	116	36	0	3	34	21	0	0	51	25	0	0	0	0	3	2	1	0	0	
0	0	4	3	0	0	0	0	0	1	1	0	43	89	49	0	0	0	106	163	141	128	113	10	0	113	170	124	22	0	1	0	0	60	126	98	135	130	11	0	0	0	2	3	9	182	27	0	0	3	0	104	186	139	0	0	0	0	0	5	8	0	0	0	
0	0	1	0	12	61	0	0	0	1	1	0	128	112	0	3	1	0	3	138	124	0	2	0	0	8	173	119	46	98	115	12	0	123	174	187	100	103	208	25	0	102	201	213	111	95	52	0	0	2	23	13	7	0	0	0	0	1	0	0	0	3	3	0	
0	0	3	3	2	2	1	0	1	1	0	0	0	0	0	0	0	7	93	146	153	162	43	0	14	124	105	42	33	102	30	0	60	117	0	35	69	100	98	0	3	66	75	78	0	88	100	0	0	0	0	3	0	111	56	0	0	3	2	5	0	74	46	0	
0	1	4	4	1	0	0	0	0	0	0	0	0	20	21	2	0	27	95	136	155	145	203	32	0	55	128	73	5	54	164	3	0	0	2	0	58	196	44	0	1	0	5	139	173	29	0	2	0	44	205	104	0	1	2	0	0	76	138	0	3	2	0	0	
0	0	0	0	0	0	0	0	0	0	3	10	20	86	4	0	2	0	34	163	123	74	0	2	2	0	54	194	101	5	0	0	2	0	43	63	96	105	0	3	0	0	2	0	65	110	0	4	0	1	0	63	162	33	0	2	0	1	0	36	26	0	1	0	
0	0	0	0	1	1	0	0	0	0	0	2	0	51	56	0	0	0	1	1	1	161	50	0	0	1	2	0	146	102	0	2	1	0	9	143	106	0	2	0	0	0	154	84	0	3	0	0	0	80	99	0	5	0	0	0	0	14	7	1	0	0	0	0	
0	1	0	15	47	9	0	0	0	2	0	52	100	129	0	1	0	0	2	0	69	102	0	2	0	2	0	74	116	0	0	0	1	0	18	113	4	0	0	0	3	0	69	113	115	70	0	2	1	0	23	138	108	65	0	2	0	0	0	0	0	0	0	0	
0	0	0	2	1	0	0	0	0	0	3	0	26	60	0	0	0	2	0	47	106	173	39	0	2	0	54	155	141	195	9	0	0	18	220	131	169	105	0	3	0	14	29	25	145	6	0	0	1	0	13	156	52	0	2	0	2	0	46	62	0	2	0	0	
0	0	0	0	0	0	0	0	0	2	0	68	66	0	2	0	0	4	0	154	164	0	4	0	0	4	0	120	159	0	4	0	0	4	0	122	160	0	4	0	0	4	0	126	162	0	4	0	0	3	0	105	156	0	4	0	0	0	0	11	25	0	1	0	
0	0	1	0	15	19	0	2	0	0	3	0	130	50	0	2	0	3	0	92	103	1	28	33	3	0	73	164	112	149	138	23	0	20	218	165	57	98	68	0	0	37	218	156	105	71	0	1	0	0	3	14	2	0	1	0	0	1	1	0	1	3	0	0	
0	0	1	1	0	0	0	0	0	0	1	0	49	20	0	1	1	0	35	43	77	66	0	2	3	0	80	36	80	61	0	2	1	0	35	100	165	44	0	2	0	0	0	10	118	3	0	0	0	1	0	32	93	0	2	0	0	0	0	10	13	0	0	0	
0	0	0	1	1	1	0	0	0	0	2	2	4	26	16	0	0	2	0	60	101	111	18	0	1	0	99	159	146	152	31	7	0	12	126	179	162	59	68	10	2	0	52	128	2	0	0	0	1	0	143	28	0	4	2	0	0	2	40	1	1	0	0	0	
0	0	0	0	0	0	0	0	0	0	3	56	66	0	0	0	2	0	58	184	156	78	0	3	4	0	138	83	123	57	0	2	2	0	46	203	185	66	0	2	0	0	5	103	55	113	0	3	0	1	0	12	152	38	0	2	0	2	0	56	58	0	2	0	
0	0	0	2	0	45	73	0	0	0	1	2	0	146	60	0	0	1	2	0	125	86	0	2	1	0	7	140	147	125	69	0	0	7	157	245	127	150	77	0	0	94	190	165	113	39	0	1	0	8	21	2	0	0	1	0	0	0	0	2	4	2	0	0	
0	0	2	2	0	2	0	0	0	1	0	3	23	5	0	0	2	0	44	150	117	106	1	0	0	8	163	27	28	153	4	0	0	16	153	73	154	100	0	4	1	0	25	30	78	64	0	2	0	0	5	0	112	70	0	3	0	0	3	0	61	33	0	1	
0	0	1	0	10	16	0	1	0	1	0	6	134	162	6	0	1	0	2	171	123	67	100	0	0	1	1	8	0	96	82	0	0	0	45	74	104	120	0	0	0	104	158	193	190	143	0	1	0	83	114	31	8	127	16	0	0	0	0	0	3	0	0	0	
1	0	15	58	18	0	1	0	3	0	78	165	181	45	0	2	0	0	4	0	85	151	0	4	0	1	1	0	162	96	0	3	1	0	7	156	118	0	7	3	3	0	184	204	76	148	111	0	1	0	77	147	135	80	9	0	0	0	0	0	0	0	0	0	
0	0	0	0	0	0	0	0	1	0	28	82	80	42	0	0	0	1	121	77	47	165	13	0	1	0	15	93	181	90	0	2	2	0	21	93	79	123	35	0	0	0	1	1	18	141	67	0	30	102	121	113	101	52	0	1	8	23	12	0	0	0	0	0	
0	1	4	0	0	0	0	0	18	143	166	133	41	0	2	0	12	40	0	153	138	0	3	0	0	0	0	117	122	128	14	0	1	0	14	28	0	68	102	0	3	0	58	198	64	104	124	0	0	0	0	105	181	149	25	0	0	0	0	0	0	0	0	0	
0	0	1	3	3	3	2	0	0	2	1	0	0	0	0	0	1	0	17	81	115	124	42	0	0	39	173	108	13	97	115	0	11	135	40	0	6	148	31	0	2	3	2	0	134	95	0	3	0	4	0	83	130	0	2	0	0	0	0	56	10	0	0	0	
0	0	2	6	0	0	0	0	1	0	18	141	114	10	0	1	0	0	2	0	94	164	0	2	1	0	9	113	177	52	0	1	0	0	8	36	122	59	0	2	0	3	37	0	111	133	0	4	1	0	117	170	113	11	0	1	0	0	2	6	0	0	0	0	
0	0	0	0	1	1	0	0	0	0	0	4	0	108	47	0	0	0	2	0	38	187	12	0	0	1	0	3	178	81	0	3	0	2	0	144	147	0	3	0	3	0	73	186	0	2	0	0	3	0	134	77	0	3	0	0	0	0	0	1	1	0	0	0	
0	0	0	2	0	2	0	0	0	1	0	24	75	0	1	0	0	1	0	135	126	79	0	1	2	0	103	105	64	159	0	3	2	0	188	106	167	87	0	3	1	0	30	109	189	32	0	2	0	0	0	5	107	3	0	0	0	0	2	3	12	2	0	0	
0	0	2	3	0	0	1	0	0	0	1	0	17	64	15	0	1	0	42	149	150	95	114	0	1	0	40	57	0	34	120	0	0	21	76	127	154	175	25	0	0	154	195	145	93	67	3	0	0	25	13	0	0	0	1	0	0	0	0	2	4	2	0	0	
0	0	1	1	0	1	0	0	0	2	0	52	136	10	0	1	2	0	53	223	230	131	0	3	4	0	145	154	21	188	0	0	4	0	138	148	6	186	5	0	3	0	91	140	103	158	0	3	2	0	29	219	216	32	0	2	0	0	0	38	28	0	1	0	
0	0	2	2	0	0	0	0	0	0	0	11	36	45	59	23	1	0	28	184	178	106	89	23	0	0	118	94	58	116	15	0	0	13	32	22	11	147	67	0	0	34	232	244	199	97	0	1	0	0	24	30	3	0	0	0	0	0	0	0	0	3	0	0	
0	0	0	0	2	3	0	0	0	0	27	18	0	0	0	0	0	2	137	182	164	126	1	0	0	0	1	0	118	173	0	2	0	0	4	0	143	66	0	2	0	1	0	36	154	0	1	0	0	4	0	136	93	0	3	0	0	2	0	107	32	0	1	0	
0	0	1	1	0	0	1	0	0	0	0	7	21	22	0	0	2	0	60	138	87	130	88	0	2	0	30	70	99	141	37	0	1	0	21	109	100	148	7	0	22	84	65	56	82	130	12	0	7	81	87	79	56	9	0	0	0	0	0	0	0	1	0	0	
0	0	2	0	0	0	0	0	0	1	0	49	64	6	0	0	2	0	100	94	174	104	0	4	0	34	202	113	188	42	0	2	0	12	89	45	154	42	0	2	0	0	0	1	163	22	0	1	0	1	3	0	184	54	0	2	0	0	1	0	64	19	0	1	
0	0	2	2	2	2	3	0	0	1	0	0	0	0	0	0	1	0	61	186	120	135	73	0	0	119	186	85	13	45	175	0	0	34	10	0	30	169	65	0	0	2	0	66	197	65	0	2	3	0	78	171	20	0	3	0	2	0	66	29	0	3	0	0	
0	0	1	1	0	1	0	0	0	0	0	10	15	0	0	0	0	0	5	113	158	26	0	1	1	0	33	115	152	35	0	1	0	1	0	20	120	0	0	0	0	2	0	53	100	0	3	0	0	3	0	81	70	0	2	0	0	2	0	54	27	0	1	0	
0	0	2	1	0	0	17	5	0	0	0	11	59	16	116	7	2	0	49	136	67	120	85	0	3	0	120	110	94	104	0	1	1	0	36	197	148	0	2	0	0	66	155	19	145	63	0	2	0	41	117	108	90	11	0	1	0	0	0	0	0	0	0	0	
0	0	0	42	11	2	2	0	3	0	83	162	2	0	1	0	3	0	81	79	0	139	52	0	2	0	89	24	42	191	96	0	0	11	170	9	0	107	33	0	1	0	187	147	219	124	0	3	1	0	25	134	114	0	1	0	0	0	0	0	0	2	0	0	
0	0	1	1	0	0	0	0	0	1	0	40	140	140	28	0	1	0	26	200	221	233	91	0	3	0	131	90	27	163	77	0	0	11	145	0	62	195	0	0	0	24	137	50	228	63	0	3	1	0	169	232	79	0	3	0	1	0	23	23	0	2	0	0	
0	0	1	1	2	0	0	0	0	1	0	64	143	75	0	1	2	0	64	142	9	125	32	0	2	0	132	35	0	78	59	0	0	4	119	7	0	84	78	0	3	0	133	82	3	139	27	0	1	0	22	140	148	58	0	2	0	0	0	3	5	0	1	0	
0	0	0	0	0	0	0	0	0	0	0	0	124	14	0	1	0	0	0	4	146	10	0	0	0	1	0	40	135	0	2	0	0	3	0	92	109	0	3	0	0	3	0	142	58	0	2	0	1	0	13	126	5	0	0	0	0	0	2	3	0	0	0	0	
0	1	0	0	0	0	0	0	0	8	65	2	6	36	0	0	0	46	140	0	13	140	0	0	0	120	239	147	61	155	9	0	0	91	117	108	148	173	8	0	0	0	0	2	0	178	121	0	0	2	4	7	0	142	105	0	0	0	0	0	0	13	6	0	
0	0	0	0	0	0	0	0	1	0	108	227	80	0	3	0	0	30	206	130	164	0	2	0	0	2	15	13	146	3	0	0	0	2	0	59	136	0	7	0	0	2	0	167	214	189	65	0	0	0	0	168	175	56	0	1	0	0	0	0	0	0	0	0	
0	0	0	4	8	0	0	0	0	1	0	121	138	41	0	2	2	0	63	139	11	132	0	1	3	0	97	47	0	123	27	0	3	0	92	39	0	133	38	0	3	0	97	96	7	148	5	0	1	0	10	135	156	58	0	2	0	0	0	5	7	0	1	0	
0	0	0	0	0	0	0	0	0	1	0	54	141	23	0	1	2	0	45	164	183	57	0	2	1	0	10	27	128	1	0	0	0	1	0	22	161	10	0	1	0	0	1	0	182	69	0	3	1	0	5	165	177	6	0	1	0	0	9	55	8	0	0	0	
0	0	2	1	0	0	0	0	0	2	0	90	239	112	0	3	2	0	67	211	152	139	0	3	4	0	165	127	0	5	0	0	0	0	200	208	198	162	9	0	1	0	188	248	117	232	43	0	1	0	35	147	196	91	0	2	0	0	0	0	0	0	0	0	
0	0	1	0	0	1	0	0	0	0	7	12	0	36	75	0	3	0	106	52	0	146	85	0	4	0	143	125	91	182	0	0	1	0	20	159	237	32	0	2	0	3	0	107	113	0	3	0	1	0	19	169	13	0	1	0	0	0	12	24	0	1	0	0	
0	0	0	0	0	0	0	0	0	23	134	142	114	15	0	1	0	8	74	32	115	156	0	4	0	2	0	39	207	61	0	2	0	2	0	47	203	62	0	3	0	0	4	0	98	168	0	4	2	0	49	153	189	67	0	2	0	0	4	54	31	0	1	0	
0	0	0	1	2	1	2	2	0	0	1	1	0	0	0	0	0	1	0	34	43	22	58	42	1	0	9	122	145	140	96	28	3	0	81	87	0	3	0	0	1	0	84	155	0	4	3	1	0	0	90	60	0	2	0	0	0	0	0	0	0	0	0	0	
0	0	0	5	11	1	0	0	2	0	70	156	107	25	0	1	2	0	41	117	6	2	0	0	1	0	29	132	84	79	0	1	1	0	21	17	0	92	37	0	2	0	64	92	13	163	38	0	0	0	4	121	185	103	0	2	0	0	0	1	3	0	0	0	
0	0	0	0	8	62	0	0	0	0	3	0	134	136	0	3	0	3	0	102	175	0	0	1	2	0	41	196	91	134	4	0	2	0	138	129	255	180	0	1	0	4	201	226	141	1	0	1	1	0	42	59	0	2	0	0	0	0	0	0	3	1	0	0	
0	0	0	2	2	1	0	0	0	0	2	1	0	15	40	0	0	2	0	54	53	114	78	0	2	0	76	168	76	207	41	0	0	38	251	170	202	150	12	0	0	8	45	25	166	23	0	1	0	1	0	33	157	0	2	0	0	1	0	18	44	0	1	0	
0	2	5	4	2	0	0	0	0	0	0	0	0	11	2	0	0	48	127	144	180	222	40	0	0	54	163	145	75	202	57	0	0	0	3	0	109	172	0	2	0	3	0	27	224	47	0	2	1	0	5	206	139	0	3	0	2	0	50	151	0	1	0	0	
0	0	2	3	15	0	0	0	0	1	0	36	132	0	2	0	1	0	53	172	98	0	3	0	0	2	64	73	110	0	3	0	0	0	0	2	113	8	0	0	1	0	38	71	157	98	0	0	2	0	95	124	82	55	0	0	0	0	0	0	0	0	0	0	
0	0	0	0	1	1	0	0	0	1	0	109	74	0	53	3	0	1	0	201	236	191	169	0	1	0	21	229	226	54	0	0	2	0	167	147	168	2	0	1	0	34	150	15	178	4	0	0	0	12	141	186	95	0	3	0	1	0	37	52	0	0	0	0	
0	0	0	0	1	1	0	0	1	0	21	93	176	107	0	3	3	0	181	234	90	8	0	1	0	3	197	180	173	128	0	0	2	0	89	44	0	160	107	0	4	0	110	170	23	92	173	0	0	0	0	115	184	177	60	0	0	0	0	0	0	0	0	0	
0	0	0	2	0	0	0	0	0	0	1	0	61	38	0	1	0	2	0	80	164	62	0	3	2	0	33	190	124	112	0	2	1	0	16	98	179	135	0	4	0	2	0	36	168	14	0	1	1	0	6	179	61	0	2	0	1	0	22	57	0	2	0	0	
0	0	1	0	0	0	3	0	0	1	0	98	164	67	0	1	2	0	140	238	166	215	112	0	0	56	182	3	0	102	167	0	0	140	116	0	0	141	88	0	0	93	156	0	90	179	4	0	0	6	178	201	177	36	0	2	0	0	8	36	4	1	1	0	
0	0	2	1	0	0	0	0	0	1	1	0	111	176	1	0	2	0	62	219	219	178	69	0	0	0	191	109	7	120	76	0	0	54	147	0	49	201	11	0	0	86	155	98	236	75	0	3	0	23	187	178	57	0	2	0	0	0	0	0	0	2	0	0	
0	0	0	0	0	0	0	0	0	0	3	31	57	104	100	0	2	0	49	186	156	137	59	0	4	0	102	99	0	3	0	0	2	0	56	176	138	12	0	1	0	0	1	0	171	75	0	3	0	36	175	188	147	5	0	1	0	3	37	44	2	0	0	0	
0	0	0	0	0	0	0	0	0	0	3	0	116	66	0	2	0	1	0	19	217	41	0	2	0	3	0	98	183	0	3	0	0	3	0	170	104	0	3	0	1	0	10	214	40	0	2	0	2	0	58	151	0	1	0	0	0	0	2	1	0	0	0	0	
0	0	0	0	0	0	0	0	1	0	25	183	185	195	85	0	2	0	30	231	79	18	14	0	4	0	133	255	149	88	1	0	0	26	63	113	75	238	112	0	0	135	184	3	59	245	106	0	0	4	157	196	187	88	0	2	0	1	0	1	0	0	1	0	
0	0	0	0	0	0	0	0	0	1	0	138	198	8	0	1	3	0	64	213	201	50	0	2	0	0	9	20	179	28	0	1	0	3	0	98	182	41	38	0	1	0	0	196	255	203	57	0	1	0	21	192	95	2	0	0	0	0	0	0	0	1	1	0	
0	0	0	0	0	0	0	0	0	2	0	57	90	0	3	0	0	3	0	71	120	0	3	0	0	3	0	86	122	0	4	0	0	3	0	98	127	0	4	0	0	3	0	93	126	0	4	0	0	3	0	89	67	0	2	0	0	0	0	3	0	0	0	0	
0	0	0	0	1	0	0	0	0	0	2	123	203	75	0	3	1	0	18	100	191	89	0	3	0	1	0	30	187	2	0	0	0	1	0	2	178	54	0	2	1	0	28	72	211	101	0	4	3	0	97	229	156	17	0	1	0	0	0	0	0	0	0	0	
0	0	2	0	0	0	1	0	1	0	11	120	151	81	0	1	2	0	145	255	251	255	77	0	0	2	213	218	186	215	122	0	0	0	218	94	49	251	81	0	0	0	226	167	163	202	0	1	2	0	104	251	251	69	0	3	0	0	0	31	33	0	1	0	
0	0	1	0	0	2	0	0	1	0	27	27	0	6	37	0	4	0	146	80	0	143	173	0	3	0	169	131	123	228	31	0	2	0	55	177	255	75	0	3	0	3	0	126	161	0	3	0	2	0	50	204	18	0	1	0	1	0	13	25	10	0	0	0	
0	0	0	2	3	0	0	0	0	0	1	1	0	1	2	0	0	7	1	36	105	92	74	22	0	44	208	135	24	3	1	1	1	0	53	143	69	0	2	0	0	1	0	12	155	9	0	1	0	1	0	16	148	7	0	0	0	1	0	29	50	0	1	0	
0	0	0	14	31	0	1	0	0	2	0	145	117	0	3	0	1	0	16	211	53	0	2	0	0	2	0	109	231	37	0	2	0	0	4	0	167	118	0	4	0	4	99	160	245	59	0	3	0	0	113	171	74	0	1	0	0	0	0	0	0	1	0	0	
0	0	0	0	0	0	0	0	1	0	11	101	18	0	1	0	3	0	70	124	90	0	3	0	2	0	52	132	131	0	1	0	0	0	5	9	98	36	0	1	0	0	3	0	48	72	0	3	0	1	0	50	119	40	0	2	0	0	0	15	43	0	0	0	
0	0	3	4	2	0	0	0	0	0	0	0	0	9	3	0	0	1	127	175	192	239	83	0	0	1	136	184	156	244	49	0	0	0	2	0	173	149	0	3	0	3	0	138	233	14	0	1	3	0	66	249	52	0	2	0	3	0	101	106	0	3	0	0	
0	0	0	4	79	6	0	0	0	3	0	97	137	0	3	0	0	0	4	169	21	0	1	0	2	0	62	159	59	108	28	0	4	0	94	217	84	192	86	0	2	0	44	188	127	149	5	0	0	1	0	33	68	8	0	0	0	0	1	1	0	2	1	0	
0	0	0	1	0	0	1	0	0	1	0	23	80	20	0	1	1	0	2	171	219	125	0	4	1	0	30	165	107	232	151	3	1	0	11	234	189	59	15	0	2	0	45	144	104	0	3	0	4	0	81	184	137	0	4	0	1	0	12	129	35	0	1	0	
0	0	0	0	0	0	0	0	0	2	0	80	57	0	2	0	0	3	0	83	105	0	3	0	0	3	0	80	140	0	4	0	0	2	0	61	157	0	3	0	0	1	0	32	177	1	0	1	0	0	0	0	156	31	0	1	0	0	0	0	0	0	0	0	
0	0	0	1	0	1	1	0	0	1	0	13	123	93	0	2	0	0	0	142	102	103	29	0	2	0	36	198	150	254	49	0	0	3	0	68	248	117	0	3	2	0	29	195	130	0	2	0	0	27	197	96	0	4	0	0	0	18	28	0	3	0	0	0	
1	4	3	3	3	3	0	0	0	0	0	0	0	0	0	0	27	132	153	156	182	174	25	0	19	84	81	70	80	224	29	0	0	0	3	0	89	161	0	3	1	3	5	0	187	90	0	3	0	1	0	29	193	15	0	1	0	3	0	79	217	0	0	0	
0	0	1	4	1	0	0	0	0	1	1	1	0	41	62	0	1	0	10	147	208	238	211	0	0	12	214	181	137	248	197	0	0	170	130	0	11	178	131	0	0	213	138	104	219	171	3	0	0	88	219	201	95	1	1	1	0	0	0	0	0	2	1	0	
0	0	0	0	35	8	0	0	2	0	39	150	220	95	0	4	2	0	86	46	110	110	0	4	0	2	0	41	165	6	0	1	1	0	20	177	43	3	28	0	0	11	218	224	158	182	56	0	0	15	114	104	95	24	0	1	0	0	0	0	0	0	1	0	
0	0	0	0	1	0	0	0	0	0	3	0	117	81	0	3	0	0	0	0	213	106	0	4	0	2	0	41	234	31	0	2	0	4	0	139	202	0	2	0	1	0	18	242	110	0	3	0	3	0	94	168	0	0	0	0	0	0	2	0	1	0	0	0	
0	0	1	1	0	0	0	0	0	2	0	49	162	157	12	0	2	0	39	222	96	194	41	0	0	0	203	103	0	77	130	0	0	62	176	0	0	55	173	0	0	56	202	53	86	191	69	0	1	0	124	197	161	49	0	2	0	0	0	0	0	1	2	0	
0	0	0	7	32	0	0	0	1	0	6	159	243	31	0	2	3	0	160	208	240	56	0	3	0	4	28	88	206	0	2	0	1	0	0	217	104	0	3	0	3	0	77	255	170	161	71	0	2	0	35	142	152	115	35	0	0	0	0	0	0	0	0	0	
0	0	0	0	1	2	0	0	0	4	60	31	2	0	0	0	0	1	74	92	119	46	0	2	0	0	0	0	9	139	11	0	0	0	5	0	59	129	0	1	0	1	0	37	146	18	0	1	1	0	15	145	28	0	1	0	1	0	25	39	0	2	0	0	
0	0	0	0	0	0	0	0	1	0	39	181	136	0	2	0	0	8	131	177	156	0	3	0	0	5	0	109	198	10	0	1	0	1	0	0	159	174	0	3	1	0	27	73	197	154	0	3	3	0	67	223	151	6	0	1	0	0	0	0	0	1	0	0	
0	0	4	62	2	0	0	0	2	0	63	147	0	6	1	0	4	0	129	80	0	3	1	0	4	0	137	67	33	89	8	0	3	0	87	145	126	106	125	0	1	0	11	160	217	175	92	0	0	0	0	10	74	74	2	0	0	0	1	1	0	0	1	0	
0	0	0	0	0	0	0	0	0	2	9	2	2	48	35	0	0	25	229	222	212	255	125	0	0	2	81	68	112	255	66	0	0	1	0	15	226	156	0	1	2	0	31	225	201	5	0	1	3	0	176	206	14	0	2	0	1	0	72	33	0	2	0	0	
0	0	0	0	0	0	0	0	0	0	6	68	128	77	0	2	3	0	109	156	34	155	26	0	1	0	149	44	0	71	83	0	0	14	151	9	0	100	87	0	0	14	150	0	48	169	9	0	1	0	113	147	154	45	0	2	0	0	7	50	5	0	1	0	
0	0	1	1	0	0	3	1	0	1	0	33	146	49	0	2	1	0	20	186	122	7	80	29	3	0	71	152	45	194	228	30	1	0	98	255	209	118	18	0	0	97	131	98	171	0	2	1	0	56	50	113	177	3	1	0	1	0	20	43	10	0	0	0	
0	0	1	0	0	0	0	0	0	0	0	38	18	0	1	0	3	0	75	243	190	9	0	1	4	0	134	141	164	41	0	2	2	0	56	150	244	87	0	4	0	1	0	47	203	128	0	4	0	0	3	0	39	184	2	0	0	0	0	3	0	80	18	0	
0	0	0	1	1	0	1	0	0	0	1	0	30	46	0	1	0	1	0	20	186	173	4	0	0	6	0	111	180	223	67	0	0	4	0	185	255	98	0	2	3	0	66	221	45	0	2	0	0	0	176	53	0	4	0	0	0	11	86	1	2	0	0	0	
1	0	14	74	0	1	0	0	3	0	86	137	0	4	2	0	4	0	148	85	23	21	0	1	3	0	153	205	172	182	63	0	4	0	161	174	0	73	181	0	2	0	63	209	145	189	82	0	0	1	0	44	93	30	0	1	0	0	1	0	0	0	2	0	
0	0	1	1	0	0	1	1	0	1	0	33	53	2	6	0	0	0	0	170	227	227	185	24	3	0	147	235	41	52	39	7	2	0	62	167	197	7	0	1	0	1	0	20	234	53	0	3	0	4	113	230	141	0	0	0	0	14	111	61	0	1	0	0	
0	0	0	0	0	1	1	0	2	0	59	25	0	2	2	1	3	0	91	69	0	21	18	0	1	0	127	38	12	149	172	13	0	29	211	158	184	204	47	8	0	2	26	3	135	65	0	2	0	1	0	17	136	2	2	0	0	0	0	5	12	0	0	0	
0	0	1	2	0	0	0	0	0	1	167	174	0	0	0	0	0	72	157	175	58	0	6	2	0	11	1	170	49	0	2	0	1	0	30	191	31	63	113	56	3	0	147	255	216	211	192	68	1	0	68	69	21	1	0	0	0	0	0	0	0	0	3	2	
0	0	1	1	0	0	0	0	0	1	0	15	76	92	47	0	2	0	44	230	210	173	85	0	0	0	215	159	0	2	0	0	1	0	97	215	174	13	0	1	0	1	0	12	219	58	0	3	2	0	85	140	155	13	0	1	2	0	60	134	28	0	1	0	
0	0	3	2	0	0	0	0	0	0	0	4	59	29	47	0	2	0	85	158	186	255	186	0	3	0	181	210	176	149	2	0	1	0	2	220	221	2	0	1	1	0	32	165	179	77	0	3	2	0	50	181	160	49	0	2	1	0	6	100	46	0	1	0	
0	0	0	0	3	1	0	0	0	1	0	29	114	0	1	0	0	2	0	63	106	0	3	0	0	3	0	79	96	0	3	0	0	3	0	78	98	0	3	0	0	2	0	45	166	0	1	0	0	0	1	0	109	34	0	1	0	0	0	0	2	2	0	0	
0	0	0	1	0	0	0	0	2	3	0	0	114	34	0	1	3	7	0	23	245	71	0	3	0	3	0	98	251	26	0	2	0	3	0	179	184	0	3	0	2	0	29	255	89	0	3	0	3	0	82	183	0	0	0	0	0	0	12	17	0	0	0	0	
0	0	0	0	0	0	0	0	0	3	1	0	0	0	2	0	0	0	1	9	13	11	1	0	0	83	110	98	92	85	76	0	0	130	34	0	0	9	106	3	0	12	6	1	0	85	37	0	0	1	2	0	45	75	0	1	0	1	1	0	13	5	0	0	
0	1	4	4	1	0	0	0	0	0	0	0	5	6	0	0	0	27	92	120	223	138	0	3	0	42	182	134	140	164	0	3	0	0	4	0	135	116	0	4	0	2	2	7	200	45	0	2	0	3	0	80	161	0	2	0	0	2	0	70	39	0	1	0	
0	0	0	13	25	0	1	0	0	3	0	126	76	0	2	0	1	0	13	175	12	0	1	0	1	0	19	151	25	3	0	0	2	0	34	202	132	133	0	1	2	0	39	169	100	159	0	0	0	1	0	22	145	59	0	2	0	0	2	2	0	0	0	0	
0	0	0	0	0	0	0	0	2	0	31	198	144	0	0	0	3	0	105	169	203	62	0	2	0	0	3	0	184	78	0	3	0	2	0	38	213	64	10	0	2	0	33	215	255	200	59	0	3	0	65	208	71	3	0	1	0	0	0	0	0	2	1	0	
0	0	1	0	0	0	1	0	0	2	0	61	203	101	0	2	2	0	56	213	49	195	90	0	1	0	193	101	0	60	177	0	0	64	203	1	0	103	165	0	0	74	222	76	164	210	35	0	0	7	166	188	112	15	0	1	0	0	0	0	0	1	2	0	
0	0	0	0	1	1	0	0	2	0	50	31	0	63	45	0	2	0	177	67	0	209	90	0	2	0	189	143	178	232	19	0	2	0	67	163	240	135	0	4	0	2	0	40	229	38	0	2	0	2	0	162	144	0	3	0	0	0	1	31	5	0	0	0	
0	0	2	2	0	0	0	0	0	1	1	1	71	101	3	0	2	0	44	153	153	246	88	0	0	24	189	38	8	177	95	0	0	129	102	0	2	163	72	0	0	135	68	0	35	153	15	0	0	47	154	116	137	33	0	1	1	0	37	60	7	0	1	0	
0	0	0	0	0	0	0	0	0	0	2	0	131	58	0	2	0	3	9	0	179	92	0	3	0	4	5	6	194	35	0	2	0	3	0	108	203	0	1	0	1	0	10	224	84	0	3	0	2	0	51	148	0	1	0	0	0	0	0	0	1	0	0	0	
0	0	0	0	0	0	0	0	0	0	64	119	74	0	1	0	0	11	62	71	152	0	1	0	1	0	26	155	158	69	0	1	1	0	21	19	2	152	19	0	0	0	2	0	69	125	0	2	2	0	86	124	121	16	0	1	1	0	32	54	2	1	0	0	
0	0	2	1	1	1	0	0	0	0	0	4	0	62	28	0	2	0	48	23	14	187	18	0	3	0	151	120	162	108	0	3	1	0	51	101	189	16	0	1	0	3	0	86	127	0	3	0	0	2	0	124	46	0	1	0	0	0	0	16	1	0	0	0	
0	2	1	0	0	1	2	0	0	0	5	9	9	4	0	0	28	135	148	162	158	160	60	0	0	207	101	0	0	110	154	0	0	89	189	0	0	180	81	0	0	23	96	0	54	197	1	0	0	1	3	0	182	130	0	4	0	1	4	0	74	20	0	1	
0	0	0	0	1	0	0	0	0	0	1	0	30	140	0	0	0	0	4	0	110	187	0	3	0	2	0	14	231	87	0	3	0	1	0	161	193	0	0	1	0	0	178	220	17	0	1	0	0	67	149	8	0	1	0	0	0	5	1	1	1	0	0	0	
0	0	0	3	1	0	0	0	0	0	4	0	35	191	96	0	0	2	0	95	237	197	163	0	3	0	94	242	44	108	112	0	0	21	244	68	32	223	19	0	0	49	252	173	237	92	0	2	0	2	173	221	59	0	2	0	0	0	0	0	0	2	0	0	
0	0	1	0	1	2	0	0	1	0	10	72	12	0	37	9	0	0	197	141	0	145	238	27	2	0	148	121	185	213	37	0	4	0	88	255	160	0	2	0	0	12	176	133	133	0	5	0	0	14	108	100	130	0	2	0	2	0	45	104	19	0	1	0	
0	0	0	0	0	0	0	0	1	0	40	116	116	16	0	1	0	35	151	49	165	38	0	2	0	5	0	117	209	33	0	2	0	0	10	41	73	152	0	2	0	0	1	0	24	159	0	0	2	0	36	161	154	51	0	2	0	0	2	46	30	0	1	0	
0	0	0	0	0	0	0	0	0	1	0	90	186	39	0	2	1	0	2	193	255	86	0	4	0	1	0	46	227	31	0	2	0	1	0	18	195	24	0	1	1	0	34	97	228	43	0	2	1	0	150	238	151	0	0	0	0	1	2	0	0	0	0	0	
0	0	0	9	6	0	0	0	1	0	23	103	102	2	0	0	1	0	10	52	109	0	0	0	0	2	0	82	123	0	0	0	0	0	3	0	70	73	0	3	3	0	71	70	50	89	0	3	1	0	15	95	127	28	0	1	0	0	0	3	6	0	0	0	
0	1	4	4	4	1	0	0	0	0	0	0	0	7	7	0	0	68	164	133	157	221	151	0	0	63	201	177	155	255	100	0	0	0	3	0	138	242	24	0	0	3	0	138	253	52	0	2	2	0	153	236	64	0	2	0	0	3	133	49	0	3	0	0	
0	0	0	0	0	0	0	0	0	0	1	0	104	19	0	1	0	0	0	2	146	14	0	1	0	1	0	40	127	0	3	0	0	3	0	99	99	0	3	0	0	2	0	147	40	0	1	0	0	0	10	101	0	0	0	0	0	0	0	1	0	0	0	0	
0	0	1	1	0	1	3	1	0	1	0	35	56	0	1	0	2	0	41	219	172	25	128	34	4	0	101	142	151	233	142	12	4	0	81	255	152	20	0	1	3	0	98	151	84	0	6	1	1	0	52	137	147	0	3	0	1	0	3	114	63	0	2	0	
0	0	0	5	22	1	0	0	0	3	0	73	212	2	0	1	0	4	0	109	254	21	0	2	0	4	0	164	255	35	0	2	2	0	42	194	215	85	42	8	0	30	200	192	234	160	125	20	0	48	60	7	96	19	0	1	0	0	0	0	0	3	3	0	
0	0	1	0	0	2	0	0	0	0	2	5	1	6	44	0	3	0	78	103	0	155	170	0	4	0	142	129	135	205	10	0	2	0	34	207	234	22	0	2	1	0	16	206	58	0	3	0	4	0	122	131	0	4	0	0	1	0	42	22	0	1	0	0	
0	0	0	2	0	1	0	0	0	0	1	0	18	5	0	0	0	1	0	85	137	85	0	2	2	0	53	86	85	142	0	3	1	0	139	109	173	72	0	3	1	0	29	18	113	28	0	1	0	0	0	12	120	0	0	0	0	0	0	6	69	1	0	0	
0	0	1	0	0	0	0	0	0	0	0	108	108	0	1	0	4	0	140	255	246	36	0	2	2	0	83	177	223	13	0	1	0	2	0	51	238	73	0	3	0	0	4	15	227	137	0	4	1	0	5	210	211	18	0	1	0	0	0	31	17	0	1	0	
0	0	1	0	0	1	2	0	1	0	25	127	56	9	0	0	0	0	144	237	180	138	45	0	0	47	138	23	0	38	141	0	0	53	120	0	0	83	112	0	0	2	139	24	0	190	49	0	2	0	53	150	161	100	0	2	0	1	0	36	43	0	1	0	
0	0	1	0	0	3	3	0	0	2	0	81	178	17	9	0	3	0	76	255	251	42	0	2	2	0	61	126	214	57	0	2	0	0	2	0	179	168	0	4	2	0	33	160	255	141	0	3	3	0	60	214	120	1	10	13	0	0	0	0	0	0	3	3	
0	0	1	0	25	52	0	1	0	0	1	0	17	119	0	1	0	0	2	0	23	97	0	2	0	0	2	0	54	88	0	3	0	5	44	9	81	37	0	1	0	16	159	187	173	20	0	1	0	0	1	9	39	26	0	1	0	1	1	0	0	0	0	0	
0	0	0	0	0	2	4	2	0	0	1	3	0	0	0	0	0	0	0	0	8	47	124	48	2	0	130	144	167	152	101	23	2	0	80	204	15	0	1	0	0	1	94	174	1	1	4	1	0	16	111	26	0	1	0	0	0	0	0	1	0	0	0	0	
0	0	1	2	0	0	0	0	0	0	0	3	58	48	0	1	1	0	12	148	169	183	0	2	2	0	44	164	93	75	0	2	0	4	0	143	146	0	3	0	0	1	0	133	125	0	1	0	1	0	20	117	130	25	0	1	0	1	0	69	74	0	1	0	
0	0	1	0	19	21	0	1	0	1	0	23	232	99	0	3	0	3	0	113	164	0	3	0	0	1	0	198	176	60	0	2	2	0	49	237	255	178	0	3	4	0	152	231	200	41	0	2	2	0	112	114	9	0	1	0	0	0	0	0	2	2	0	0	
0	0	0	0	0	0	0	0	0	0	1	17	26	17	3	0	2	0	61	157	183	205	2	0	0	0	5	0	157	85	0	3	0	2	0	56	167	0	2	0	0	3	0	141	74	0	3	0	1	0	11	187	19	0	1	0	1	0	27	126	0	0	0	0	
0	0	2	3	2	0	0	0	0	0	1	0	20	48	0	1	3	0	96	188	199	244	26	0	2	0	80	121	190	214	0	0	0	1	0	4	207	78	0	3	1	1	0	179	173	0	3	0	4	0	110	222	13	0	1	0	2	0	55	32	0	1	0	0	
0	0	0	0	0	0	0	0	0	0	6	14	80	11	0	0	0	34	148	138	191	11	0	1	0	6	11	0	128	22	0	1	1	0	27	87	194	176	14	0	2	0	63	144	174	70	0	1	0	0	3	0	97	83	0	3	0	0	2	2	10	16	0	1	
0	0	1	1	0	0	1	0	0	2	0	33	186	165	0	0	1	0	0	190	244	251	89	0	3	0	118	190	29	231	155	0	0	12	226	61	132	255	46	0	0	25	236	223	255	96	0	3	0	1	173	200	67	0	2	0	0	0	0	0	0	2	0	0	
0	0	0	0	7	1	0	0	0	3	0	74	170	90	0	2	0	3	0	81	125	152	3	0	0	2	0	29	209	83	0	2	2	0	36	157	183	4	0	0	0	7	158	89	135	0	2	0	0	7	130	169	65	0	2	0	0	0	6	6	0	0	0	0	
0	0	0	2	90	38	0	2	0	1	0	24	234	60	0	3	0	1	0	144	126	0	3	0	2	0	46	191	4	7	1	0	3	0	154	197	194	247	53	0	3	0	169	255	249	141	7	0	1	0	30	78	20	0	0	0	0	0	0	0	0	3	1	0	
0	0	0	2	0	0	0	0	2	0	51	156	139	6	0	1	0	0	13	5	155	73	0	3	0	0	1	0	159	52	0	2	0	3	0	92	149	0	2	0	1	0	29	189	25	1	0	0	2	0	44	163	126	35	0	2	0	0	0	8	8	0	0	0	
0	0	0	0	0	0	0	0	0	0	2	0	66	121	0	3	0	0	3	0	185	104	0	3	0	2	0	36	222	20	0	1	1	1	0	180	139	0	3	0	4	0	96	210	5	0	1	0	1	0	120	37	0	1	0	0	0	1	3	1	1	0	0	0	
0	0	1	0	3	16	3	0	0	1	0	35	141	92	13	0	1	0	14	199	56	0	2	0	3	0	77	158	0	6	0	0	2	0	51	198	96	97	0	1	0	0	0	182	59	149	14	0	0	2	0	46	173	107	0	2	0	0	0	0	3	1	0	0	
0	0	0	2	0	55	31	0	0	0	2	0	36	169	21	0	0	0	1	2	80	14	0	0	0	3	0	96	203	12	0	1	1	0	24	195	255	91	0	4	4	0	132	255	127	0	0	0	1	0	44	54	0	0	0	0	0	0	0	0	3	1	0	0	
0	0	0	0	0	0	0	0	0	0	2	0	84	61	0	2	0	0	2	0	193	69	0	3	0	1	0	29	192	3	0	1	0	3	0	84	167	0	3	0	0	4	0	148	112	0	3	0	1	0	2	189	39	0	2	0	0	0	2	26	2	0	0	0	
0	0	0	0	1	4	2	0	0	0	21	30	22	3	0	0	0	15	118	0	82	174	83	0	0	6	183	151	236	160	30	0	4	0	99	255	143	0	3	0	2	0	99	93	162	17	0	1	0	0	8	0	164	60	0	2	0	0	0	12	33	3	0	0	
0	0	0	0	0	0	0	0	0	0	0	5	58	0	0	0	0	1	0	37	182	0	0	0	0	2	0	46	193	0	0	0	0	2	0	43	173	0	1	0	0	3	0	81	129	0	3	0	0	3	0	89	93	0	3	0	0	0	0	7	10	0	0	0	
0	0	1	2	0	0	0	0	0	1	2	0	75	87	32	0	1	0	2	165	238	123	202	21	2	0	178	198	0	116	205	0	0	90	206	2	143	245	43	0	0	144	224	222	200	23	0	2	0	28	127	80	1	1	2	0	0	0	0	0	2	2	0	0	
0	0	0	1	2	0	0	0	1	0	6	140	155	11	0	1	2	0	67	137	128	91	0	3	0	0	4	0	128	72	0	3	0	0	4	93	169	3	0	0	4	0	80	255	198	14	0	1	3	0	82	147	49	32	0	1	0	0	0	0	0	0	0	0	
0	0	0	0	1	0	0	0	0	0	2	0	46	69	0	3	0	0	3	0	112	76	0	3	0	0	0	13	164	11	0	1	0	3	0	98	126	0	3	0	1	0	22	168	19	0	1	0	0	1	134	62	0	2	0	0	0	2	7	0	1	0	0	0	
0	0	0	0	0	0	0	0	1	0	92	151	41	0	1	0	0	46	157	86	189	0	0	0	0	10	0	79	219	53	0	2	0	0	1	2	54	164	0	2	1	0	20	0	48	173	0	2	2	0	42	138	153	56	0	2	0	0	0	49	26	0	1	0	
0	0	0	0	21	7	0	0	0	0	0	5	173	23	0	1	0	3	0	109	139	0	0	0	0	2	0	180	113	0	2	0	0	1	9	0	178	44	0	2	0	0	76	97	203	30	0	2	2	0	90	157	56	0	1	0	0	0	0	0	0	0	0	0	
0	0	1	2	0	0	0	0	0	0	0	8	21	0	0	0	1	0	11	119	134	24	0	1	3	0	78	134	105	45	0	2	1	0	13	48	117	30	0	1	0	1	0	30	105	0	1	0	0	3	0	96	51	0	2	0	0	1	0	60	9	0	0	0	
0	0	1	1	0	0	1	0	0	0	1	0	148	151	0	2	0	1	0	174	255	230	26	0	4	0	112	195	0	172	94	0	0	29	182	6	87	227	25	0	0	119	181	163	239	56	0	2	0	82	212	143	26	0	2	0	0	0	0	0	1	2	0	0	
0	1	2	0	0	0	0	0	0	0	7	72	37	0	1	0	0	2	113	104	141	16	0	1	0	57	167	0	168	70	0	2	0	4	116	154	216	109	0	4	0	0	4	0	129	67	0	3	0	0	7	0	141	79	0	3	0	0	2	0	58	38	0	1	
0	1	4	1	1	4	1	0	0	0	0	7	4	0	5	1	0	27	169	179	150	120	233	65	0	43	251	181	216	205	85	13	1	0	10	232	191	0	2	0	2	0	45	101	139	24	0	1	4	0	98	115	161	12	0	1	3	0	68	187	56	0	2	0	
0	0	0	0	0	0	0	0	0	0	2	0	49	35	0	1	0	0	1	0	132	28	0	1	0	1	0	30	110	0	2	0	0	2	0	65	64	0	2	0	0	2	0	95	26	0	1	0	0	0	3	103	3	0	0	0	0	0	0	21	2	0	0	0	
0	0	0	1	39	7	0	0	0	3	0	73	200	5	0	1	0	2	0	173	53	0	2	0	0	2	0	162	161	0	1	0	0	0	0	0	188	113	0	4	0	0	4	72	223	120	0	4	2	0	39	153	125	4	0	1	0	0	0	0	0	1	0	0	
0	1	0	0	0	1	0	0	0	1	11	29	27	2	0	0	1	128	164	158	170	126	0	2	0	19	9	0	46	187	0	0	0	0	4	0	117	146	0	4	0	1	3	0	171	82	0	3	0	1	0	21	217	33	0	2	0	1	0	35	139	3	0	0	
0	0	0	0	1	0	0	0	0	0	2	0	75	39	0	1	0	0	1	0	193	71	0	3	0	2	0	51	197	0	0	1	0	4	0	134	133	0	4	0	2	0	32	202	26	0	1	0	4	0	108	134	0	3	0	0	1	0	14	8	0	0	0	0	
0	0	0	16	85	0	0	0	0	3	0	99	160	0	3	0	1	0	18	194	36	0	1	0	4	0	100	255	199	127	0	2	4	0	169	217	26	223	37	0	3	0	120	226	142	214	18	0	0	0	3	53	87	29	0	1	0	0	1	0	0	1	1	0	
0	2	3	2	0	2	0	0	0	0	0	8	40	0	38	4	1	46	49	181	120	74	178	0	0	133	255	98	61	223	38	0	1	0	83	206	231	37	0	2	2	0	32	177	168	39	0	1	2	0	43	166	177	39	0	2	0	1	0	69	56	0	1	0	
0	0	2	5	0	0	0	0	1	0	7	117	54	0	2	0	0	0	0	5	135	20	0	1	0	1	0	34	131	21	0	1	0	2	0	67	117	0	3	0	0	3	3	0	132	22	0	1	0	13	83	104	65	0	1	0	0	0	8	10	0	0	0	0	
0	0	0	0	1	1	0	0	0	0	5	17	0	27	28	0	2	0	55	114	0	178	66	0	3	0	69	165	179	168	0	3	1	0	14	152	241	39	0	2	0	3	0	80	154	0	3	0	0	0	0	179	53	0	2	0	1	0	15	77	0	1	0	0	
0	0	0	2	1	0	0	0	0	20	136	171	195	47	0	2	0	80	96	0	186	146	0	4	0	0	5	0	161	106	0	4	0	22	152	175	255	209	22	0	0	121	135	117	75	151	187	0	0	97	158	59	0	12	69	5	0	0	0	0	3	2	0	0	
0	0	2	4	4	1	0	0	0	0	0	1	0	24	31	0	1	0	98	116	121	237	114	0	1	0	30	57	154	217	9	0	0	2	0	18	192	48	0	2	1	0	6	214	114	0	4	0	0	5	197	138	0	3	0	0	0	23	104	4	0	0	0	0	
0	0	1	1	0	3	0	0	0	1	0	126	156	90	0	2	1	0	27	178	38	9	0	0	4	0	107	196	29	0	1	0	2	0	60	107	140	105	0	1	1	0	28	7	25	207	36	0	3	0	69	179	174	80	0	1	0	0	0	4	2	0	0	0	
0	0	0	2	0	76	10	0	0	0	3	0	91	173	0	0	0	2	0	57	175	8	0	1	1	0	9	213	75	26	2	0	3	0	109	222	255	208	2	0	0	8	216	224	180	29	0	1	0	0	61	61	1	0	0	0	0	0	0	0	2	2	0	0	
0	0	0	0	0	1	0	0	0	40	160	122	46	0	1	0	0	25	112	132	227	72	0	3	0	2	0	61	198	35	0	2	0	4	0	128	205	8	0	1	0	0	6	0	113	132	0	4	1	0	20	183	189	56	0	2	0	0	0	38	29	0	1	0	
0	0	0	2	0	0	0	0	0	0	1	0	79	95	0	2	0	3	0	95	255	164	0	3	1	0	15	226	255	79	0	3	0	2	0	129	218	3	0	1	1	0	3	203	82	0	3	0	3	0	142	186	0	2	0	0	1	0	37	20	0	1	0	0	
0	2	0	12	22	0	0	0	1	0	40	75	97	55	0	2	0	36	92	28	102	0	1	1	0	88	94	102	79	16	10	0	0	3	84	184	98	75	127	16	0	2	0	111	24	29	137	6	0	2	0	39	106	93	27	0	0	0	0	0	0	0	1	0	
0	0	0	1	0	18	8	0	0	0	0	0	2	183	45	0	0	0	4	0	131	174	0	2	0	3	0	57	235	34	0	2	1	0	5	215	115	0	3	0	0	10	208	190	0	1	0	0	0	32	152	28	0	1	0	0	0	0	0	1	1	0	0	0	
0	0	0	0	0	0	0	0	0	1	0	48	122	31	0	1	1	0	23	85	149	51	0	2	0	0	0	19	118	0	0	0	0	0	4	0	90	75	0	3	0	1	0	36	160	32	0	2	2	0	61	170	40	0	1	0	1	0	21	15	0	1	0	0	
0	0	0	2	0	0	0	0	0	0	1	0	43	36	0	1	0	3	0	79	255	219	6	0	0	1	0	141	229	142	0	3	0	2	0	38	178	20	0	1	1	0	1	194	77	0	3	0	0	1	167	127	0	3	0	0	0	12	83	1	1	0	0	0	
0	1	2	0	0	2	2	0	1	0	19	53	16	0	1	0	0	1	176	191	139	148	37	0	0	96	121	0	0	59	150	0	0	128	36	0	4	0	130	45	0	67	118	26	16	58	155	15	1	0	55	119	122	108	22	0	0	1	0	0	0	0	1	0	
0	0	1	2	0	0	0	0	0	1	0	13	189	198	19	0	0	0	0	183	149	154	137	0	3	0	113	167	0	161	113	0	0	41	175	0	117	234	19	0	0	125	156	170	227	43	0	2	0	99	220	121	12	0	2	0	0	0	0	0	1	2	0	0	
1	0	15	58	20	0	1	0	0	36	119	155	192	88	0	2	0	10	11	0	36	199	6	0	0	1	6	0	111	179	0	2	0	1	0	71	170	24	0	1	0	44	152	253	121	77	44	0	0	88	168	136	96	47	4	0	0	0	0	0	0	0	0	0	
0	0	0	1	2	24	0	0	0	0	5	0	99	173	0	2	0	3	0	74	203	24	0	1	2	0	38	244	139	0	1	1	4	0	151	188	232	167	0	3	2	0	181	190	212	73	0	3	1	0	92	127	23	0	1	0	0	0	0	0	1	2	0	0	
0	0	0	1	0	0	0	0	0	0	0	5	13	81	96	7	0	2	0	117	176	162	107	5	2	0	46	154	0	0	0	0	1	0	14	126	93	1	4	1	0	20	14	29	174	30	0	1	0	67	169	183	111	0	2	0	0	0	5	0	0	0	0	0	
0	0	3	3	0	0	0	0	0	0	1	0	28	48	0	1	0	5	140	158	222	181	0	3	0	0	78	59	142	102	0	3	0	2	0	48	203	10	0	1	1	0	0	194	87	0	5	0	4	0	107	177	0	9	35	0	2	0	59	35	0	1	3	0	
0	2	1	1	2	1	0	0	0	0	4	4	0	28	8	0	0	98	204	146	58	184	13	0	0	35	35	53	196	130	0	4	0	0	1	0	153	41	0	2	0	4	0	69	157	0	3	0	0	2	0	182	102	0	3	0	0	0	0	93	40	0	1	0	
0	0	0	0	0	0	0	0	0	0	3	0	91	93	0	3	0	0	3	0	160	109	0	4	0	0	0	4	198	42	0	2	0	2	0	54	204	1	0	1	1	0	0	197	115	0	3	0	3	0	89	185	8	0	1	0	0	0	4	1	1	0	0	0	
