500	64	10
0	0	0	0	1	0	0	0	0	0	0	0	17	88	0	0	0	0	3	0	131	96	0	3	0	1	0	32	161	0	0	0	0	3	0	114	92	0	3	0	0	2	0	132	27	0	1	0	0	1	0	105	13	0	0	0	0	0	0	20	6	0	0	0	
0	0	0	0	0	3	1	0	0	1	0	97	112	0	142	37	1	0	11	191	76	124	162	6	1	0	9	209	215	110	8	0	0	3	127	108	178	19	0	2	0	42	178	0	157	81	0	3	0	0	128	198	123	1	0	0	0	0	0	3	0	0	0	0	
0	0	2	0	0	0	0	0	0	0	7	84	90	102	52	0	3	0	101	117	58	74	25	0	0	22	222	141	136	26	0	1	0	21	101	32	67	122	0	3	0	0	2	0	44	133	0	3	2	0	90	124	169	57	0	2	1	0	28	70	32	0	1	0	
0	0	2	1	0	0	0	0	0	1	0	52	79	6	0	0	2	0	66	150	166	104	0	4	4	0	146	129	39	152	35	0	1	0	25	133	227	180	0	1	0	1	0	16	190	44	0	2	0	1	0	179	104	0	3	0	0	0	8	89	6	0	0	0	
0	1	0	0	0	3	4	0	1	0	35	146	103	0	1	0	0	22	236	213	210	115	145	15	0	146	233	8	179	255	106	0	0	130	248	201	255	117	0	4	1	0	115	254	223	253	44	0	2	0	40	235	219	128	5	0	0	1	1	27	16	0	0	0	
0	0	2	2	0	0	2	1	0	1	0	7	66	53	0	1	1	0	19	199	196	188	157	0	0	12	207	141	0	0	173	59	0	128	104	0	1	13	126	18	0	141	147	40	108	156	52	0	0	34	173	154	94	15	0	1	0	0	0	0	0	1	2	0	
0	0	0	1	5	0	0	0	0	0	0	8	76	7	0	0	0	0	4	0	117	58	0	2	1	0	28	149	173	13	0	1	1	0	14	69	156	6	0	0	0	2	0	57	148	1	0	0	1	0	29	136	15	0	1	0	0	0	2	2	1	0	0	0	
0	0	0	0	1	0	0	0	0	0	2	0	51	97	0	3	0	0	10	0	136	108	0	4	0	1	0	21	195	20	0	1	0	3	0	122	144	0	3	0	1	0	12	194	29	0	1	0	2	0	44	112	0	2	0	0	0	0	1	1	0	0	0	0	
0	0	0	0	0	0	0	0	0	0	83	129	79	1	0	0	0	23	101	14	142	32	0	1	1	0	11	124	185	24	0	1	2	0	70	76	56	146	12	0	0	0	1	0	10	148	17	0	1	0	33	115	142	47	0	2	1	0	17	56	9	0	1	0	
0	0	0	5	10	0	0	0	2	0	44	167	202	80	0	3	3	0	119	82	50	181	0	1	0	0	1	0	22	159	1	1	0	4	115	190	207	113	0	4	0	68	223	209	247	205	139	39	0	7	88	64	1	78	90	10	0	0	0	0	0	0	0	0	
0	0	0	0	1	0	0	0	0	0	3	0	89	103	0	3	0	0	2	0	208	146	0	4	0	2	0	55	251	46	0	2	0	3	0	172	191	0	2	0	2	0	27	245	75	0	3	0	2	0	41	136	0	1	0	0	0	0	0	0	2	0	0	0	
0	0	0	2	0	1	0	0	0	2	3	0	2	0	60	21	0	0	2	48	0	63	134	0	0	38	177	108	19	159	16	0	0	44	106	127	200	62	0	3	0	3	0	125	134	0	4	0	1	0	38	128	0	1	0	0	0	0	4	6	0	0	0	0	
0	0	0	0	0	0	0	0	2	0	64	151	139	71	0	2	1	0	33	88	218	128	0	4	3	0	63	215	237	31	0	2	2	0	47	66	115	163	0	3	2	32	8	0	83	172	0	3	0	83	171	183	224	72	0	3	0	0	25	62	26	0	1	0	
0	0	1	3	1	0	0	0	0	0	1	0	0	4	19	5	1	0	11	133	163	185	174	19	2	0	178	163	23	19	11	0	0	10	59	99	153	48	0	2	0	79	123	78	188	62	0	3	0	1	86	126	44	0	1	0	0	1	0	0	0	1	0	0	
0	0	1	0	22	18	0	1	0	0	0	1	158	161	0	0	0	1	0	13	126	84	23	0	1	0	12	60	183	96	0	4	0	21	169	87	108	131	0	4	0	10	166	60	107	100	0	3	1	0	21	101	121	17	0	1	0	1	1	0	0	0	0	0	
0	0	2	1	0	92	30	0	0	2	0	29	199	214	21	0	2	0	29	233	148	0	0	0	1	0	193	146	56	152	90	0	0	68	183	136	220	191	195	0	0	35	225	255	216	176	57	0	1	0	39	78	63	13	0	1	0	1	1	0	0	1	2	0	
0	0	0	0	1	1	0	0	0	0	2	0	71	67	0	3	0	0	2	0	142	42	0	2	0	2	0	48	140	0	2	0	0	3	0	120	78	0	3	0	0	0	0	154	20	0	1	0	0	0	4	109	7	0	0	0	0	0	0	0	0	0	0	0	
0	0	0	0	0	0	0	0	1	0	40	65	66	84	15	0	3	0	154	227	139	210	92	0	0	0	10	3	0	192	57	0	0	1	1	0	172	164	0	2	1	0	9	187	197	4	0	1	2	0	182	200	4	0	1	0	0	0	84	23	0	2	0	0	
0	1	1	0	2	0	0	0	0	0	10	34	7	0	0	0	0	13	115	111	123	0	0	0	0	55	118	0	168	81	0	3	0	1	79	84	169	51	0	2	0	0	3	0	104	46	0	2	0	0	6	0	117	89	0	3	0	0	2	0	63	86	0	3	
0	0	0	0	0	1	1	0	0	1	0	36	42	0	94	29	2	0	34	183	112	39	205	28	2	0	50	134	80	210	64	0	2	0	23	240	177	8	0	1	0	2	145	100	151	0	4	0	0	7	168	160	122	0	2	0	1	0	20	56	3	0	0	0	
0	0	0	0	0	0	0	0	0	0	0	86	7	0	0	0	0	1	0	131	25	0	1	0	0	3	0	106	63	0	2	0	0	2	0	57	101	0	3	0	0	1	0	17	131	0	0	0	0	0	2	0	110	29	0	1	0	0	0	0	2	2	0	0	
0	0	1	0	0	0	0	0	0	0	0	64	59	0	1	0	2	0	127	104	134	44	0	2	2	0	138	138	119	123	0	0	0	0	3	44	165	140	0	4	0	1	0	22	160	13	0	1	0	2	0	153	88	0	3	0	0	0	2	66	6	0	0	0	
0	0	0	38	5	1	0	0	1	0	35	114	0	2	0	0	3	0	89	71	12	62	1	0	2	0	94	39	110	110	46	0	0	2	130	71	34	53	67	0	2	0	90	154	109	109	15	0	0	0	2	53	80	16	0	1	0	0	2	0	0	1	1	0	
0	0	0	0	0	0	2	0	0	0	7	86	140	107	5	0	3	0	73	214	220	174	128	0	3	0	102	194	60	0	120	51	0	32	173	20	0	0	161	53	0	121	88	0	71	174	124	0	0	75	201	181	166	75	0	1	0	0	25	15	0	0	2	0	
0	0	2	1	0	0	0	0	0	1	0	30	83	60	8	0	1	0	29	160	134	81	13	0	3	0	135	80	0	2	0	0	1	0	13	145	91	0	2	0	0	0	1	0	143	42	0	2	0	0	4	67	117	10	0	1	1	0	9	92	19	0	1	0	
0	0	0	0	1	0	0	0	0	0	3	0	85	82	0	3	0	0	3	0	166	92	0	3	0	2	0	38	212	17	0	1	0	3	0	162	130	0	3	0	2	0	53	209	12	0	1	0	3	0	86	89	0	3	0	0	0	0	0	1	1	0	0	0	
0	0	1	0	0	0	0	0	1	0	11	109	122	15	0	1	3	0	150	219	227	63	0	3	2	0	123	176	123	0	1	0	0	1	0	191	161	0	2	0	0	2	0	131	165	96	0	3	0	2	0	78	173	128	0	3	0	0	0	0	40	10	0	0	
0	0	0	28	48	10	0	1	0	1	184	212	166	197	28	0	0	19	166	50	0	120	157	0	0	0	0	3	0	121	160	0	0	46	112	52	89	216	30	0	0	202	255	249	255	226	58	0	0	98	128	66	56	117	75	0	0	0	0	0	0	0	0	0	
0	0	0	0	0	0	0	0	0	10	14	0	10	3	0	0	0	36	131	106	163	41	0	2	0	0	5	0	110	46	0	2	0	1	2	0	122	26	0	1	0	1	0	24	135	0	1	0	0	3	0	87	83	0	3	0	0	2	0	75	26	0	1	0	
0	0	0	0	0	0	0	0	2	0	55	151	147	36	0	1	2	0	41	103	129	212	20	0	2	0	90	168	180	167	2	0	1	0	38	99	163	164	0	0	0	30	97	0	2	167	27	0	0	20	194	204	198	105	0	1	0	0	4	48	23	0	0	0	
0	0	1	1	2	4	1	0	0	0	6	3	0	0	0	0	1	0	172	175	141	130	52	0	3	0	143	69	38	208	24	0	4	0	135	42	113	100	0	3	1	0	42	22	154	25	0	1	0	1	0	10	169	11	0	1	0	0	3	0	108	52	0	2	
0	0	1	2	0	2	1	0	0	2	2	0	3	0	70	27	1	0	15	46	0	72	157	0	0	51	237	117	38	190	22	0	0	43	95	182	244	102	0	4	1	0	26	174	44	0	2	0	2	0	81	56	0	2	0	0	0	0	0	1	2	0	0	0	
0	0	0	1	14	10	0	0	2	0	34	164	132	82	0	1	3	0	77	113	0	3	0	0	4	0	137	169	160	66	0	2	1	0	32	71	47	167	0	0	0	0	110	17	49	180	0	0	2	0	85	184	145	44	0	2	0	0	0	5	2	0	0	0	
0	0	1	2	0	0	0	0	0	0	1	0	8	15	2	0	0	0	8	57	151	171	166	68	3	0	166	188	22	1	19	11	0	5	62	101	153	98	0	2	0	31	165	87	158	153	0	3	2	0	60	140	96	8	0	1	0	0	0	0	0	1	0	0	
0	0	1	4	1	0	0	0	0	0	0	0	1	16	1	0	1	0	29	128	192	168	0	1	1	0	19	48	172	66	0	3	0	2	0	45	162	0	1	0	0	4	0	140	89	0	3	0	1	0	6	167	21	0	1	0	1	0	25	92	0	2	0	0	
0	0	1	3	0	9	8	0	8	2	3	0	64	199	35	0	1	1	0	142	220	82	0	1	2	0	145	182	17	0	1	0	0	65	208	95	180	236	52	0	0	38	215	253	225	200	33	0	1	0	21	49	68	23	0	1	0	1	1	0	0	1	1	0	
0	1	1	0	0	0	0	0	1	0	17	58	98	142	8	0	0	13	197	178	152	89	3	0	0	58	244	159	182	110	0	2	0	7	95	69	34	214	44	0	1	0	42	13	32	198	12	0	3	0	77	189	192	78	0	3	0	1	0	48	33	0	2	0	
0	0	0	1	0	1	1	0	0	0	4	4	2	2	0	0	1	0	179	219	194	211	89	0	0	0	59	66	21	190	101	0	0	0	2	0	72	202	4	0	0	2	0	63	229	60	0	2	2	0	111	219	46	0	2	0	0	9	165	47	0	4	0	0	
0	0	1	1	0	0	0	0	0	1	0	75	129	121	5	0	1	0	29	132	78	77	1	0	3	0	65	168	30	0	2	0	0	0	0	60	152	6	0	0	0	10	13	0	93	43	0	2	0	16	118	110	139	14	0	1	1	0	24	55	20	0	1	0	
0	0	0	1	0	1	0	0	0	1	0	28	72	61	105	0	0	0	1	156	91	111	95	0	0	0	1	157	105	125	7	0	2	0	37	194	159	0	2	0	0	13	183	69	140	0	3	0	0	0	120	174	78	0	2	0	0	0	0	7	1	0	0	0	
0	0	0	0	0	1	0	0	1	0	13	61	33	0	0	0	3	0	91	135	115	44	0	2	0	0	11	0	66	54	0	2	1	0	10	130	189	82	72	10	0	36	178	99	41	38	58	30	0	16	20	0	1	0	0	0	0	0	1	3	2	1	2	1	
0	0	1	1	0	0	0	0	0	1	0	28	87	17	0	1	2	0	50	151	125	114	0	3	3	0	64	184	138	101	0	3	0	1	0	26	210	45	0	2	0	2	0	136	124	0	3	0	2	0	75	161	0	1	0	0	2	0	66	26	0	1	0	0	
0	1	0	0	0	0	0	0	0	0	14	30	31	8	0	0	0	62	159	145	183	122	0	3	0	14	9	0	82	128	0	4	1	0	57	105	195	167	10	0	0	0	62	80	190	46	9	0	0	3	0	104	108	0	3	0	0	1	0	92	26	0	1	0	
0	0	0	0	0	0	0	0	1	0	21	159	176	6	0	1	1	0	24	104	161	89	0	3	2	0	54	181	217	113	0	4	2	0	50	131	69	130	1	0	0	0	62	8	53	134	0	1	1	0	125	199	181	39	0	2	0	0	0	2	1	0	0	0	
0	1	0	24	29	0	1	0	0	4	0	151	119	0	4	0	0	2	0	181	81	0	3	0	1	0	22	231	241	91	0	3	2	0	44	209	99	241	16	0	1	0	26	221	209	169	0	0	0	2	0	91	146	9	0	1	0	0	0	0	0	1	1	0	
0	0	1	0	0	0	0	0	0	0	1	98	155	167	107	0	4	0	123	196	112	118	75	0	4	0	144	198	26	0	1	0	0	0	0	98	220	88	0	3	0	70	138	0	43	173	0	1	0	26	174	217	217	152	0	2	0	0	0	31	60	17	0	1	
0	0	0	0	0	0	0	0	0	0	0	2	67	1	0	0	0	1	0	21	98	0	2	0	0	2	0	46	87	0	3	0	0	2	0	59	69	0	3	0	0	3	0	69	66	0	2	0	0	1	0	42	58	0	2	0	0	0	0	0	1	0	0	0	
0	0	0	0	1	1	0	0	0	1	0	147	210	135	0	0	0	2	0	123	139	169	11	0	1	0	7	178	237	150	0	4	0	27	33	10	6	141	10	0	0	149	217	39	154	141	0	2	0	50	190	198	125	9	0	1	0	0	0	0	0	1	0	0	
0	0	0	0	0	0	0	0	0	2	0	75	55	0	2	0	0	3	0	119	81	0	3	0	0	3	0	103	132	0	4	0	0	2	0	64	142	0	3	0	0	1	0	18	167	4	0	0	0	0	0	0	140	25	0	1	0	0	0	0	0	0	0	0	
0	0	0	0	0	0	0	0	1	0	10	118	197	169	22	0	4	0	129	215	53	120	129	0	1	0	15	8	0	72	149	0	0	62	153	104	101	208	40	0	0	154	255	249	255	84	0	3	0	43	79	30	124	187	14	0	0	0	0	0	0	2	0	0	
0	0	0	1	21	4	0	0	0	0	1	0	164	76	0	3	0	1	0	82	157	100	0	4	3	0	78	106	55	125	0	4	2	0	160	25	44	149	0	3	2	0	155	88	159	82	0	3	1	0	29	138	67	0	1	0	0	0	0	0	0	1	0	0	
0	0	2	1	0	0	0	0	0	1	0	27	82	22	0	1	2	0	62	161	154	159	0	0	1	0	174	80	20	119	0	0	2	0	91	195	245	110	0	4	0	1	0	9	168	25	0	1	0	3	0	109	94	0	3	0	0	0	0	76	13	0	0	0	
0	2	3	3	4	2	0	0	0	0	0	0	0	0	0	0	0	56	71	75	108	51	0	2	0	105	145	110	144	172	0	3	0	0	3	0	76	122	0	4	0	3	7	0	129	71	0	3	0	0	2	0	106	21	0	1	0	0	1	0	108	9	0	0	
0	0	0	0	0	0	0	0	2	0	118	209	210	68	0	3	2	0	132	175	175	154	0	3	3	0	82	226	241	186	0	1	2	0	66	131	46	150	96	0	0	4	139	125	61	167	111	0	0	2	146	229	212	139	8	0	0	0	0	0	0	0	0	0	
0	0	0	0	0	0	0	0	0	0	24	50	71	31	0	1	2	0	140	107	41	13	0	1	3	0	96	40	56	52	0	1	3	0	71	143	97	107	0	2	0	0	2	2	22	114	0	2	0	0	1	12	76	95	0	3	0	1	0	50	96	19	0	1	
0	1	0	44	69	4	0	0	1	0	27	235	255	160	0	1	1	0	10	69	28	176	103	0	0	33	104	35	0	83	123	0	0	195	203	228	188	212	54	0	0	173	223	238	231	249	134	0	0	3	50	47	0	30	39	0	0	1	0	0	0	0	0	0	
0	0	1	0	0	1	1	0	0	1	0	105	109	9	0	1	4	0	95	177	135	184	7	0	4	0	118	134	6	179	9	0	1	0	0	176	252	31	0	2	0	2	0	127	186	104	0	3	0	0	1	161	182	114	0	3	0	1	0	26	53	0	0	0	
0	0	0	0	1	0	0	0	0	0	2	0	67	82	0	3	0	0	2	0	159	60	0	2	0	2	0	48	169	0	1	0	0	3	0	133	89	0	3	0	2	0	43	174	0	0	0	0	3	0	88	82	0	3	0	0	0	0	0	1	1	0	0	0	
0	1	0	0	3	1	0	0	0	3	18	25	1	1	0	0	16	140	175	196	171	19	0	1	5	18	11	0	123	175	0	1	0	0	1	0	28	185	4	0	0	1	3	0	81	176	0	2	0	1	0	24	200	39	0	2	0	2	0	69	112	0	2	0	
0	0	0	0	1	1	0	0	0	0	2	3	0	42	36	0	0	0	1	0	11	132	18	0	2	0	67	77	90	75	0	2	3	0	105	211	210	43	0	2	0	1	0	128	43	0	0	0	2	0	59	82	0	2	0	0	1	0	15	8	0	0	0	0	
0	0	0	1	0	0	0	0	0	0	3	0	23	27	0	1	2	0	62	114	60	97	0	3	3	0	121	79	66	101	0	4	1	0	170	121	138	127	0	4	1	0	25	16	22	129	0	2	0	0	1	0	26	119	0	2	0	0	2	0	16	49	0	1	
0	0	1	2	0	0	1	1	0	0	0	3	3	0	0	0	0	1	0	113	182	171	167	54	0	0	182	235	48	23	38	18	0	2	20	84	138	0	1	0	0	43	130	130	132	0	3	1	0	19	132	124	18	0	1	0	0	0	0	0	0	0	0	0	
0	0	2	1	0	1	0	0	0	1	0	60	71	0	0	0	2	0	70	135	78	31	0	1	3	0	167	84	95	136	0	4	1	0	27	47	117	92	0	3	0	0	4	0	119	93	0	3	0	0	5	0	115	96	0	3	0	0	1	0	34	38	0	1	
0	0	2	2	0	0	0	0	0	0	0	6	47	43	9	0	2	0	59	213	209	213	203	30	3	0	84	248	172	5	33	10	0	11	3	0	160	86	0	3	0	127	194	131	200	74	0	3	0	31	150	180	105	0	1	0	0	0	0	0	0	0	0	0	
0	0	1	4	4	2	0	0	0	1	3	0	0	0	0	0	0	31	181	120	103	39	0	1	0	63	152	41	74	165	48	0	0	28	60	0	0	134	25	0	0	0	2	0	58	127	0	3	0	1	5	0	112	86	0	3	0	0	2	0	106	29	0	1	
2	2	0	3	18	1	0	0	4	8	0	109	255	171	14	0	0	2	0	58	61	151	140	0	0	12	75	35	0	63	120	0	0	153	255	251	218	233	65	0	3	215	255	250	207	210	74	0	0	45	83	39	2	0	0	0	0	0	0	0	2	1	1	0	
0	0	0	1	0	0	0	0	0	0	1	0	75	23	0	1	0	0	0	102	204	14	0	1	0	1	0	76	201	63	0	2	1	0	9	170	129	1	1	0	0	3	0	113	73	0	3	0	0	3	0	130	53	0	2	0	0	1	0	16	11	0	0	0	
0	0	0	0	0	0	2	0	2	0	129	219	154	25	0	1	0	0	69	84	131	195	78	0	2	0	39	190	151	202	116	0	2	0	36	148	189	226	17	0	0	1	85	72	144	169	0	1	0	17	207	225	156	23	0	1	0	0	0	0	0	0	0	0	
0	0	0	0	1	2	2	0	0	2	0	104	192	60	0	3	2	0	63	175	13	109	73	0	2	0	48	164	102	145	22	0	0	2	0	179	249	21	0	2	2	0	47	179	152	147	0	4	1	0	10	165	172	49	0	2	0	0	0	2	5	0	0	0	
0	0	7	32	4	0	0	0	1	0	172	255	204	33	0	2	0	6	140	88	191	175	0	2	0	1	2	0	41	198	3	0	0	34	160	129	199	134	0	3	0	162	255	251	253	255	156	0	0	63	81	32	51	127	109	0	0	0	0	0	0	0	0	0	
0	0	1	0	3	1	0	0	0	1	0	40	108	28	0	1	2	0	50	78	76	45	0	2	3	0	58	133	113	0	2	0	0	3	0	157	143	0	0	0	0	1	0	139	136	50	0	2	0	2	0	110	135	1	0	0	0	0	0	1	4	0	0	0	
0	0	0	0	1	1	0	0	0	0	2	0	59	38	0	1	0	0	2	0	102	25	0	1	0	1	0	28	98	0	2	0	0	3	0	83	51	0	2	0	1	0	15	115	0	0	0	0	2	0	49	60	0	2	0	0	0	0	1	1	0	0	0	0	
0	1	0	0	0	0	0	0	1	0	48	13	1	9	0	0	0	25	174	0	43	137	0	3	0	90	158	11	117	141	0	4	0	22	105	79	158	119	0	4	0	0	4	0	110	130	0	4	0	1	7	0	122	131	0	4	0	0	1	0	32	53	0	1	
0	0	0	0	0	0	0	0	0	2	0	72	230	131	0	0	0	2	0	103	131	183	23	0	0	1	0	87	157	125	0	1	1	0	12	149	199	134	0	4	0	19	125	47	89	130	0	3	0	8	173	229	174	19	0	1	0	0	0	0	0	1	0	0	
0	0	1	4	4	2	0	0	0	8	7	0	0	0	0	0	0	59	212	139	125	39	0	2	0	0	57	100	149	168	0	3	0	0	3	0	104	126	0	4	0	1	0	22	189	24	0	1	0	3	0	146	99	0	3	0	0	0	1	98	9	0	0	0	
0	0	2	3	0	0	0	0	0	1	1	0	25	15	0	0	1	0	27	124	183	135	0	3	0	9	187	105	74	163	1	0	0	19	198	201	206	220	8	0	0	0	10	0	119	102	0	3	0	3	0	77	162	0	0	0	0	1	0	117	32	0	1	0	
0	0	0	0	0	0	0	0	0	1	0	60	72	2	0	0	0	2	0	110	246	54	0	3	0	1	0	16	186	29	0	1	0	1	0	187	244	132	0	0	0	2	0	167	81	5	0	0	0	3	0	168	76	0	2	0	0	2	0	64	53	0	2	0	
0	0	1	4	1	0	0	0	0	0	0	0	3	6	0	0	1	0	21	164	210	206	15	0	3	0	66	111	96	178	0	1	0	1	0	6	166	57	0	2	1	0	0	180	113	0	2	0	1	0	151	130	0	3	0	0	0	20	124	1	2	0	0	0	
0	1	1	0	0	0	0	0	1	0	28	93	49	3	0	0	0	15	193	147	151	50	0	2	0	73	147	0	72	127	0	3	0	60	181	34	205	147	0	4	1	0	99	166	129	168	0	1	0	0	1	0	9	210	33	0	0	0	3	3	0	86	26	0	
0	0	0	0	0	0	0	0	0	3	0	76	192	71	0	2	0	2	0	185	178	195	30	0	0	5	76	44	0	133	52	0	0	86	255	236	210	228	108	10	0	129	248	211	165	174	121	1	0	7	37	6	0	0	0	0	0	0	0	1	4	4	3	0	
0	0	0	0	0	0	0	0	0	0	87	14	5	8	0	0	3	0	177	40	90	153	0	3	0	1	189	21	91	172	0	3	0	45	244	166	209	155	0	3	0	18	68	25	79	174	0	3	0	0	1	0	20	181	20	0	0	1	3	2	0	22	11	0	
0	0	0	0	1	1	0	0	0	0	2	0	83	52	21	0	0	1	0	16	151	5	1	0	0	3	0	103	114	0	18	0	1	0	11	180	19	20	49	0	4	0	111	113	0	15	21	0	1	0	116	24	0	1	0	0	0	0	0	1	0	0	1	0	
0	0	0	3	1	0	0	0	0	0	2	0	43	73	0	2	0	2	0	76	232	105	0	3	1	0	15	220	131	0	2	0	0	1	0	193	88	0	3	0	0	4	0	125	182	0	1	0	0	3	0	89	218	11	0	1	0	0	0	7	31	0	0	0	
0	0	0	3	16	0	0	0	0	3	120	220	228	45	0	2	0	46	250	161	114	145	0	2	0	5	5	0	5	139	8	0	0	0	82	71	117	143	0	3	0	13	226	255	255	226	92	0	1	0	98	117	44	131	69	0	0	0	0	0	0	0	0	0	
0	0	2	3	0	1	0	0	0	0	0	1	0	35	27	0	2	0	63	120	0	183	81	0	1	0	207	191	98	176	0	0	1	0	62	140	255	91	0	4	0	3	0	90	174	0	1	0	1	0	2	210	64	0	2	0	0	0	1	63	9	0	0	0	
0	0	0	0	0	2	1	0	0	1	0	97	108	1	48	8	1	0	22	187	109	105	150	0	0	0	0	145	126	196	35	0	1	0	0	186	235	29	0	2	1	0	155	196	163	18	1	0	3	0	140	231	115	0	3	0	1	0	14	57	9	0	0	0	
0	2	1	0	2	1	0	0	0	0	0	0	0	0	0	0	33	138	22	6	45	26	0	1	0	55	116	98	99	158	29	0	0	0	8	8	0	126	56	0	0	2	2	0	21	123	0	1	0	0	2	0	85	48	0	2	0	1	0	30	96	0	1	0	
0	0	1	2	0	0	0	0	0	1	0	10	70	14	0	1	1	0	19	152	206	95	0	4	4	0	113	223	188	110	0	4	2	0	40	107	205	66	0	3	0	2	0	60	178	0	0	0	0	0	0	177	50	0	2	0	0	0	12	60	0	1	0	0	
0	0	1	1	3	0	0	0	0	2	0	76	149	23	0	1	1	0	26	88	72	74	0	3	1	0	25	4	104	52	0	2	0	1	0	20	123	2	2	0	1	0	14	165	163	90	10	0	0	17	159	91	35	11	0	0	0	2	4	0	0	0	0	0	
0	0	0	0	1	0	0	0	0	0	1	0	30	82	0	2	0	0	3	0	110	92	0	3	0	1	0	15	157	12	0	1	0	3	0	133	109	0	3	0	1	0	33	176	8	0	1	0	3	0	82	73	0	2	0	0	0	0	2	1	1	0	0	0	
0	0	0	0	2	1	0	0	0	0	0	31	21	0	1	0	1	0	35	161	98	9	0	1	1	0	16	113	148	39	0	2	0	0	3	0	118	33	0	1	0	0	0	4	125	8	0	0	0	0	0	7	143	6	0	0	0	0	0	5	46	0	0	0	
0	0	0	0	0	1	1	0	0	1	0	66	151	51	30	21	1	0	23	173	61	188	157	12	0	2	0	144	131	151	32	0	1	0	23	145	216	10	0	2	0	0	130	58	141	9	0	0	0	7	158	168	98	0	2	0	1	0	38	45	0	0	0	0	
0	0	2	1	0	0	0	0	0	1	0	27	64	51	0	0	2	0	62	133	43	118	54	0	1	0	152	31	7	127	17	0	2	0	58	121	160	54	0	2	0	0	2	0	136	35	0	1	0	1	0	22	144	7	0	1	0	1	0	40	54	0	2	0	
0	0	0	0	0	0	0	0	0	2	0	81	166	123	80	0	1	0	21	203	111	252	129	0	0	2	0	162	188	108	5	0	2	0	43	219	184	0	1	0	0	17	193	83	184	24	0	1	0	20	200	224	150	0	2	0	1	0	21	57	9	0	0	0	
0	0	0	0	0	0	0	0	0	14	72	0	67	81	0	2	0	46	167	0	139	147	0	4	0	76	144	0	154	127	0	4	0	42	172	96	222	113	0	4	1	0	36	33	152	82	0	3	0	1	4	0	121	134	0	4	0	0	2	0	11	23	0	1	
0	0	1	1	0	0	0	0	0	0	0	2	57	45	0	1	2	0	49	200	211	171	0	3	1	0	30	31	114	113	0	3	0	2	0	56	196	9	0	1	1	0	21	210	61	0	2	0	3	0	168	126	0	4	0	0	0	1	76	10	0	0	0	0	
0	0	0	1	2	0	0	0	1	0	18	13	0	2	0	0	3	0	67	121	101	64	0	3	0	0	12	15	111	40	0	2	0	0	0	6	95	1	0	0	0	1	0	33	83	0	2	0	0	2	0	56	81	0	3	0	0	1	0	21	47	0	1	0	
0	0	0	0	2	1	2	0	0	0	10	28	1	0	5	48	4	0	105	213	108	0	101	112	1	0	31	154	131	164	102	0	1	0	15	184	207	31	0	2	0	3	139	39	132	17	0	1	1	0	125	133	126	5	0	0	1	0	12	41	17	0	1	0	
0	0	13	2	1	1	2	1	0	1	135	12	0	0	0	0	0	12	158	0	45	131	98	0	0	32	148	71	139	3	99	71	0	6	190	145	2	0	131	46	4	0	112	216	112	130	127	0	1	0	24	104	78	45	0	0	0	0	1	0	0	0	2	0	
0	0	0	0	1	0	0	0	0	0	2	0	57	94	0	3	0	0	4	0	137	100	0	3	0	2	0	42	189	10	0	1	0	3	0	167	114	0	3	0	3	0	73	176	0	2	0	0	3	0	122	61	0	2	0	0	0	0	0	1	0	0	0	0	
0	0	0	9	21	6	0	0	2	0	99	154	123	147	38	0	1	0	80	33	0	79	148	0	0	0	0	3	0	109	121	0	0	31	108	143	142	165	7	0	32	223	192	197	186	175	17	0	4	50	39	3	0	47	20	0	0	0	0	1	3	0	0	0	
0	0	1	0	0	0	1	0	0	3	0	88	192	183	36	0	3	0	73	244	65	144	164	0	0	6	203	77	0	61	178	0	0	82	197	0	0	156	176	0	0	76	236	98	157	244	51	0	0	15	171	229	168	38	0	2	0	0	0	0	0	0	1	0	
0	0	2	1	0	1	0	0	0	1	0	4	30	5	0	0	1	0	60	131	154	106	0	3	0	44	138	0	94	171	0	3	0	60	167	122	184	108	0	4	0	0	38	8	100	83	0	3	0	0	3	0	118	54	0	2	0	0	3	0	87	18	0	1	
0	0	0	2	0	1	0	0	0	0	4	0	135	105	0	3	0	3	0	111	247	191	7	0	3	0	74	240	45	153	33	0	0	4	191	43	12	169	6	0	0	42	207	68	190	99	0	3	0	4	146	208	88	0	1	0	0	0	0	0	0	2	0	0	
0	1	0	18	61	19	0	1	2	0	30	140	139	186	36	0	0	0	19	20	0	175	67	0	0	0	1	0	34	197	7	0	0	12	100	62	173	120	0	3	0	108	213	232	231	154	85	0	0	44	145	78	6	38	10	0	0	0	0	0	0	0	0	0	
0	0	1	0	43	21	0	1	0	0	2	0	158	33	0	1	0	3	0	109	136	0	3	0	2	0	53	168	0	27	17	0	3	0	145	89	171	254	52	0	3	0	135	239	221	105	0	2	1	0	11	69	31	0	1	0	0	0	1	0	0	2	0	0	
0	0	0	1	2	0	0	0	0	0	3	0	25	93	0	0	0	1	0	8	189	122	0	3	2	0	75	196	244	48	0	2	0	1	133	192	204	51	0	1	0	4	0	115	125	0	4	0	0	3	0	103	64	0	2	0	0	1	0	19	6	0	0	0	
0	0	4	2	2	4	2	0	0	0	0	0	0	0	0	0	0	0	122	65	45	98	41	0	0	59	255	227	179	240	99	0	0	7	18	4	45	185	15	0	0	1	0	18	184	59	0	2	0	3	0	138	90	0	4	0	1	0	36	146	0	3	0	0	
0	0	0	0	0	0	0	0	0	1	0	111	67	10	0	0	2	0	37	176	127	77	0	2	3	0	62	130	88	118	7	0	1	0	24	140	10	85	62	0	0	1	46	1	0	122	37	0	2	0	89	99	116	78	0	2	1	0	16	63	27	0	1	0	
0	0	1	2	3	1	0	0	0	0	0	1	0	0	0	0	3	0	86	212	187	179	11	0	2	0	72	125	78	175	12	0	0	0	3	0	111	119	0	3	0	2	0	52	181	11	0	1	2	0	30	190	29	0	1	0	3	0	85	81	0	3	0	0	
0	0	0	0	0	0	0	0	0	1	0	34	84	0	2	0	0	3	0	72	149	0	3	0	0	3	0	95	102	0	3	0	0	3	0	94	104	0	3	0	0	2	0	58	150	0	3	0	0	0	0	12	120	1	0	0	0	0	0	0	0	0	0	0	
0	0	2	3	4	2	0	0	0	0	1	3	0	0	0	0	3	0	104	189	165	189	34	0	0	45	244	193	132	220	30	0	0	20	40	0	118	154	0	3	0	2	0	94	223	19	0	1	2	0	73	234	57	0	2	0	2	0	116	63	0	3	0	0	
0	0	0	0	0	1	0	0	1	11	5	6	12	2	0	0	0	138	209	196	211	84	0	3	0	14	40	22	93	169	0	3	0	0	4	0	150	134	0	4	0	1	1	0	205	61	0	3	0	2	0	67	191	0	1	0	0	2	0	62	109	0	3	0	
0	0	2	2	0	0	0	0	0	0	0	2	17	28	27	3	1	0	38	97	163	169	170	60	4	0	139	194	45	0	3	4	0	24	22	81	183	82	0	3	0	55	190	67	124	116	0	4	1	0	72	169	145	12	0	1	0	1	0	0	0	0	0	0	
0	0	0	0	0	0	0	0	0	2	0	65	73	0	2	0	0	3	0	80	114	0	3	0	0	3	0	88	115	0	4	0	0	3	0	92	117	0	4	0	0	3	0	103	128	0	4	0	0	3	0	93	94	0	3	0	0	0	0	0	0	0	0	0	
0	0	0	0	14	69	0	2	0	0	4	0	75	106	0	3	0	2	0	70	183	16	0	1	3	0	91	183	123	61	0	1	0	30	144	138	170	201	7	0	0	31	184	214	155	85	0	1	0	0	21	21	4	0	0	0	0	0	0	0	1	3	0	0	
0	1	4	1	0	0	0	0	0	0	0	1	47	83	49	0	0	10	115	155	160	116	48	0	0	146	251	120	12	0	1	0	0	17	55	138	197	126	7	0	0	0	19	6	20	208	115	0	1	0	54	119	138	165	51	0	0	0	0	0	4	1	0	0	
0	0	0	0	1	0	0	0	0	0	0	0	6	80	1	0	0	0	2	0	72	155	0	3	0	0	1	0	187	73	0	3	0	3	0	91	162	0	3	0	1	0	10	183	36	0	1	0	3	0	89	122	0	3	0	0	1	0	16	11	0	0	0	0	
0	0	1	0	1	0	0	0	0	0	3	32	6	0	0	0	2	0	125	130	94	0	0	0	2	0	86	89	168	55	0	2	0	0	2	8	133	55	0	2	0	0	3	0	140	20	0	1	0	1	0	27	142	0	1	0	0	1	0	40	95	0	2	0	
0	0	3	0	0	0	0	0	0	2	0	80	145	134	96	2	2	0	115	207	140	142	126	3	0	58	255	204	182	109	0	2	0	20	31	8	38	167	40	0	0	36	164	50	49	165	19	0	0	3	168	251	238	92	0	3	0	0	0	29	19	0	1	0	
0	0	0	0	0	0	0	0	0	62	119	107	103	68	17	0	0	24	48	39	10	161	106	0	0	0	2	0	80	150	0	0	2	0	47	165	161	0	1	1	0	70	240	123	122	55	0	2	0	65	51	0	14	148	56	0	0	0	0	4	0	18	32	0	
0	0	1	1	0	0	0	0	0	0	0	0	9	17	4	0	3	0	142	223	220	239	107	0	1	0	78	94	30	180	106	0	0	0	2	0	117	205	7	0	0	1	0	149	226	28	0	2	0	0	178	202	11	0	2	0	0	25	145	9	0	2	0	0	
0	1	2	0	0	1	0	0	0	0	1	4	0	49	23	0	0	14	67	0	3	132	13	0	0	57	151	38	110	140	0	3	0	2	84	91	163	67	0	3	0	0	2	0	134	43	0	1	0	1	2	5	156	23	0	1	0	0	0	0	16	0	0	0	
0	0	0	0	7	13	0	0	0	0	2	0	48	69	0	3	0	0	3	0	97	53	0	2	0	0	0	16	143	5	0	0	0	3	0	124	88	0	3	0	3	0	69	161	0	1	0	0	2	0	67	40	0	1	0	0	0	0	0	1	0	0	0	0	
0	0	2	2	0	0	0	0	0	1	0	3	35	97	61	0	1	0	33	167	122	52	129	41	0	23	163	57	0	1	120	20	0	122	85	0	25	142	63	0	0	115	138	89	157	59	0	2	0	9	96	96	14	0	2	0	0	1	0	0	1	2	0	0	
0	0	0	0	27	9	0	0	0	0	0	169	230	184	14	0	1	0	24	158	14	139	80	0	0	0	1	0	12	175	43	0	0	55	81	92	226	148	0	2	27	238	255	240	236	214	81	0	14	110	67	2	10	12	1	0	0	0	0	0	0	0	0	0	
0	0	0	0	4	3	0	0	0	1	0	28	123	100	6	0	0	2	0	104	35	110	33	0	0	2	0	90	107	76	0	2	0	1	0	148	119	0	2	0	3	0	93	101	71	0	2	0	2	0	84	125	72	0	2	0	0	0	0	12	3	0	0	0	
0	0	0	1	3	3	3	1	0	0	1	0	0	0	0	0	0	2	3	14	94	175	153	17	3	0	70	192	50	64	52	9	0	56	58	167	114	0	3	0	0	61	185	196	151	0	5	0	1	0	15	54	7	0	0	0	0	2	1	0	1	0	0	0	
0	0	0	0	8	2	0	0	1	0	20	103	65	0	1	0	3	0	98	101	52	29	0	1	3	0	150	146	68	135	24	0	1	0	49	23	0	96	69	0	0	27	35	0	1	138	43	0	0	8	86	114	125	80	0	2	0	0	0	11	7	0	1	0	
0	0	0	3	1	0	1	0	0	1	0	17	200	157	0	0	0	3	0	99	202	210	113	0	3	0	106	231	20	91	150	0	0	38	182	7	47	221	52	0	0	136	193	151	254	94	0	3	0	71	214	155	48	0	2	0	0	0	0	0	0	2	0	0	
0	0	1	2	0	3	0	0	0	0	1	0	127	109	0	3	1	0	0	177	188	0	0	1	4	0	130	243	176	103	0	2	0	1	196	40	0	195	19	0	1	0	179	75	131	155	0	2	2	0	42	176	142	9	0	1	0	0	1	0	0	2	0	0	
0	1	1	0	0	0	0	0	0	0	1	2	10	8	3	4	0	22	200	218	204	188	11	3	0	15	69	35	78	160	5	37	0	1	0	5	172	47	15	62	0	0	0	177	109	0	9	13	2	0	150	146	0	3	0	0	0	13	124	6	0	0	0	1	
0	0	1	1	1	2	0	0	0	0	0	6	6	0	0	0	0	0	1	149	143	67	0	2	3	0	109	167	33	126	0	2	1	0	52	0	71	98	0	3	0	0	0	0	136	27	0	1	0	2	0	60	98	0	3	0	0	1	0	76	21	0	1	0	
0	0	1	2	0	0	0	0	0	0	0	2	59	69	0	0	0	0	1	133	146	183	62	0	3	0	81	144	11	141	40	0	3	0	63	167	250	103	0	3	0	2	0	118	145	0	2	0	3	0	107	166	0	1	0	0	1	0	79	19	0	1	0	0	
0	0	0	0	0	0	0	0	0	2	0	93	92	0	2	0	0	1	0	51	185	11	0	1	0	1	0	76	157	0	0	0	0	1	0	109	169	0	2	0	0	2	0	50	147	0	1	0	2	0	45	170	30	0	1	0	1	0	21	23	0	1	0	0	
0	0	1	2	0	1	0	0	0	0	0	1	23	9	0	0	1	0	11	142	181	174	8	0	4	0	133	165	32	142	25	0	2	0	69	163	223	104	0	4	0	1	0	35	174	15	0	1	2	0	36	195	56	0	2	0	3	0	95	72	0	3	0	0	
0	1	1	1	5	0	0	0	1	0	30	119	161	43	0	2	0	16	149	44	139	46	0	2	0	22	38	24	195	43	0	2	0	0	1	0	21	175	15	0	0	7	47	0	54	169	11	0	0	0	111	148	141	28	0	1	0	0	1	11	1	1	1	0	
0	0	1	4	0	1	2	0	0	0	1	146	181	49	0	2	0	2	0	162	218	239	68	0	2	0	149	208	0	96	184	0	0	60	185	5	0	89	164	0	0	124	179	97	189	204	27	0	0	67	226	204	125	13	0	1	0	0	0	0	0	1	1	0	
0	0	0	0	2	0	0	0	0	1	0	41	77	0	2	0	0	1	0	31	136	0	1	0	0	0	0	10	143	4	0	0	0	1	0	27	144	0	1	0	0	2	0	66	136	0	4	0	0	3	0	75	81	0	3	0	0	0	0	0	0	0	0	0	
0	0	0	0	0	0	0	0	1	0	2	168	226	92	0	2	1	0	12	105	200	179	0	3	3	0	80	227	250	62	0	3	1	0	28	78	196	126	0	4	0	87	175	49	152	128	0	4	0	28	167	229	166	12	0	1	0	0	0	0	0	1	0	0	
0	0	2	0	0	0	1	0	0	1	0	12	110	114	29	0	2	0	68	207	104	63	123	10	0	33	142	31	15	0	113	25	0	112	53	0	0	62	101	0	0	110	54	0	38	94	4	0	0	39	147	107	103	6	0	1	1	0	37	57	3	1	1	0	
0	0	0	0	0	1	0	0	0	2	0	68	75	25	62	0	0	0	6	159	77	142	86	0	0	2	0	126	105	121	3	0	1	0	5	145	191	0	0	0	1	0	141	31	125	29	0	1	1	0	149	183	121	0	0	0	0	0	7	50	10	0	0	0	
0	1	0	24	7	0	0	0	1	0	33	108	0	7	1	0	1	0	126	28	28	118	0	1	0	60	94	0	111	69	0	3	0	49	146	96	177	110	66	0	1	0	15	73	164	44	27	0	0	1	0	6	80	3	0	0	0	0	1	2	0	2	1	0	
0	0	0	1	0	1	1	0	0	1	2	2	3	0	81	12	0	0	0	84	1	40	121	0	0	0	143	174	0	135	50	0	0	83	213	130	203	132	0	3	0	10	6	4	169	26	0	1	0	2	0	64	86	0	3	0	0	1	0	2	2	1	0	0	
0	1	0	25	69	0	1	0	0	4	0	129	132	0	3	0	0	2	0	175	62	0	2	0	1	0	12	193	97	51	0	1	2	0	32	234	232	162	0	3	1	0	11	211	231	116	0	3	0	1	0	37	77	5	0	0	0	0	0	0	0	1	0	0	
0	0	0	1	1	2	0	0	0	0	0	4	30	28	38	0	0	2	0	53	184	149	22	0	0	3	0	79	172	67	0	2	0	3	0	115	175	0	3	0	2	0	36	119	107	0	2	0	3	0	73	178	59	0	2	0	0	0	8	41	0	0	0	0	
0	0	0	1	1	1	0	0	0	0	1	2	7	26	43	0	0	2	0	56	78	106	38	0	1	0	36	140	107	106	0	3	2	0	44	128	172	20	0	1	0	3	0	106	75	0	2	0	0	0	0	114	13	0	0	0	0	0	1	17	1	0	0	0	
0	0	0	1	0	1	1	1	0	2	3	2	4	0	82	34	0	0	3	114	0	60	121	0	0	30	200	140	1	151	16	0	0	113	184	171	203	108	0	4	0	4	0	117	176	17	0	1	0	1	0	88	17	0	1	0	0	0	0	0	3	2	0	0	
0	0	1	0	22	10	0	0	0	1	0	28	231	77	0	3	0	2	0	182	136	0	3	0	3	0	69	244	129	109	20	0	4	0	146	241	126	221	150	0	4	0	115	225	138	164	42	0	1	0	6	112	77	3	0	0	0	0	1	0	0	2	2	0	
0	0	0	0	1	2	0	0	0	0	1	0	34	124	0	2	0	0	4	0	148	116	0	4	0	2	0	50	201	10	0	1	0	0	0	196	88	0	3	0	3	0	110	164	0	3	0	0	1	0	128	30	0	1	0	0	0	0	0	1	0	0	0	0	
0	0	0	0	0	2	0	0	0	0	4	83	1	0	0	0	0	0	8	125	17	64	0	1	1	0	34	117	46	112	0	3	0	30	174	148	146	93	0	3	0	26	48	21	157	99	0	3	0	0	2	0	62	83	0	3	0	1	2	2	1	0	0	0	
0	0	0	0	1	1	1	0	0	2	0	66	199	95	0	3	0	0	10	150	28	123	38	0	0	1	0	143	81	117	41	0	1	0	3	175	197	8	0	1	0	2	113	129	125	0	5	0	0	12	174	163	38	0	1	0	0	0	4	6	0	0	0	0	
0	0	0	2	0	0	0	0	0	0	0	0	103	53	0	2	0	1	0	114	92	4	1	0	0	0	6	156	113	82	0	2	0	1	0	8	184	71	0	3	0	3	0	84	118	0	2	0	1	0	12	187	27	0	1	0	1	0	12	40	0	0	0	0	
0	0	1	0	8	99	0	0	0	1	2	0	144	138	0	3	1	0	5	157	118	0	1	0	2	0	137	131	78	91	0	0	0	34	190	182	191	217	17	0	0	6	192	237	177	113	0	0	0	0	4	15	6	0	0	0	0	1	1	0	1	3	0	0	
0	0	0	2	4	0	0	0	1	0	71	160	162	28	0	1	0	14	134	21	103	76	0	3	0	0	1	0	147	30	0	1	0	2	0	72	119	0	3	0	1	0	13	189	97	70	25	0	3	0	70	190	133	137	39	0	0	0	0	0	0	0	0	0	
0	0	1	3	0	0	0	0	0	0	0	0	25	32	38	4	0	0	12	85	152	176	124	7	2	0	50	225	36	0	2	0	0	68	53	81	194	27	0	2	0	57	189	181	180	18	0	1	0	0	4	32	12	0	0	0	0	2	1	0	1	1	0	0	
0	1	4	0	0	1	2	0	0	1	0	35	39	0	0	0	0	19	145	237	255	199	21	0	0	160	255	255	179	223	162	0	0	107	237	227	98	195	182	0	0	0	15	11	130	255	124	0	0	4	0	144	255	164	9	0	0	1	0	54	86	1	0	0	
0	0	3	1	0	0	1	0	0	1	0	21	69	24	0	0	2	0	85	179	173	210	92	0	0	7	224	196	144	224	64	0	1	0	80	115	185	167	0	2	0	2	0	56	190	23	0	1	3	0	73	237	52	0	2	0	2	0	65	54	0	3	0	0	
0	1	0	22	16	0	1	0	0	0	0	187	186	51	0	2	4	0	100	176	10	148	35	0	1	0	173	55	0	72	118	0	0	43	191	0	0	64	125	0	0	24	213	105	83	177	47	0	2	0	60	155	146	61	0	1	0	0	0	0	0	0	1	0	
0	0	1	3	0	0	1	0	0	0	4	0	80	197	17	0	0	2	0	157	176	158	118	0	3	0	136	210	14	62	123	0	0	50	192	5	0	163	64	0	0	122	186	109	224	147	0	2	0	46	209	169	67	0	1	0	0	0	0	0	0	1	0	0	
0	0	0	0	0	1	0	0	0	0	67	77	50	5	0	0	1	0	105	133	153	146	0	1	0	0	2	0	49	189	0	0	0	0	7	0	158	118	0	4	0	2	0	68	203	7	0	1	1	0	7	207	60	0	2	0	1	0	16	81	0	1	0	0	
0	0	1	0	21	10	0	0	0	0	3	0	182	157	0	3	0	2	0	150	173	182	26	0	3	0	117	203	0	134	56	0	0	21	180	11	16	173	18	0	0	59	229	152	205	102	0	3	0	2	130	155	52	0	2	0	0	0	0	0	0	2	0	0	
0	0	0	1	0	5	2	0	0	0	2	0	85	149	1	0	0	2	0	55	191	15	0	1	0	3	0	136	76	0	3	0	0	0	1	158	37	0	1	0	0	1	0	185	193	0	0	0	0	1	0	136	74	0	2	0	0	0	0	0	0	0	0	0	
0	0	1	3	0	2	0	0	0	1	4	0	127	176	18	0	1	0	22	161	187	104	107	0	0	13	193	119	6	11	96	0	0	115	93	0	0	82	107	0	0	136	75	30	124	167	12	0	0	53	189	192	128	14	0	1	0	0	0	0	0	2	1	0	
0	2	1	0	0	0	0	0	1	0	9	75	139	39	0	2	0	38	160	117	196	38	0	2	0	113	35	70	188	54	9	0	1	3	0	9	26	159	147	0	0	0	21	0	39	177	54	0	2	0	74	163	177	44	0	2	0	0	6	57	13	0	2	0	
0	0	0	0	0	0	0	0	0	3	0	94	224	126	0	0	0	3	0	94	164	215	25	0	1	0	3	173	254	153	0	3	0	25	13	0	33	153	10	0	0	145	133	65	161	181	0	0	0	67	204	202	163	35	0	2	0	0	0	0	0	1	0	0	
0	0	1	1	0	0	0	0	0	1	0	19	77	7	0	0	1	0	7	152	205	88	0	4	4	0	118	131	152	106	0	4	3	0	104	132	196	45	0	2	0	2	0	66	142	0	2	0	1	0	9	182	32	0	1	0	1	0	24	75	0	2	0	0	
0	1	3	2	0	0	0	0	0	0	0	0	2	15	5	0	0	41	192	195	211	248	90	0	0	60	165	102	99	246	44	0	0	1	0	3	207	147	0	3	1	0	8	206	182	0	1	0	1	0	182	183	0	1	1	0	0	18	148	16	0	2	0	0	
0	0	0	0	0	0	0	0	2	0	80	117	95	52	0	1	2	0	75	75	72	174	35	0	0	0	1	0	15	131	6	0	0	1	0	11	141	53	0	2	1	0	30	134	61	0	2	0	3	0	139	192	127	43	0	2	0	0	8	48	15	0	0	0	
0	0	0	0	1	0	0	0	0	0	0	0	14	122	0	0	0	0	3	0	77	146	0	3	0	0	3	0	186	68	0	3	0	3	0	125	191	0	1	0	3	0	85	228	26	0	1	0	0	0	162	52	0	2	0	0	0	0	0	1	1	0	0	0	
0	0	0	0	0	1	0	0	0	3	37	71	73	19	7	1	0	159	190	93	73	169	148	0	0	47	137	78	111	168	28	0	1	0	27	172	162	107	14	0	4	0	111	97	0	67	170	0	2	0	38	147	135	138	67	0	0	0	0	3	17	3	0	0	
0	0	1	3	0	70	13	0	0	0	2	0	145	190	0	0	0	1	0	161	172	10	0	1	3	0	126	151	9	23	0	0	0	33	172	111	187	224	37	0	0	38	221	236	182	163	15	0	1	0	42	78	58	6	0	0	0	1	0	0	0	2	1	0	
0	0	0	2	1	1	2	0	0	0	2	0	49	168	84	0	0	2	0	45	192	54	0	1	0	0	0	180	62	0	2	0	3	0	84	238	155	11	0	1	4	0	147	100	171	38	0	2	2	0	56	167	101	0	1	0	0	0	0	4	0	0	0	0	
0	0	0	0	0	2	1	0	0	1	4	1	3	0	53	46	0	0	0	5	0	65	136	10	0	14	115	141	67	135	9	0	0	22	166	209	204	49	0	3	2	0	35	158	65	9	0	0	1	0	70	28	0	1	0	0	0	0	0	2	3	0	0	0	
0	1	0	0	0	2	0	0	1	0	22	151	124	0	1	0	0	21	217	255	245	85	0	1	0	119	254	129	246	255	98	0	0	147	255	10	61	255	200	0	0	102	255	233	166	255	193	0	0	0	100	140	184	172	26	0	0	1	0	0	0	0	0	0	
0	0	0	46	67	15	0	1	2	0	45	123	123	166	8	0	4	0	122	141	77	110	103	0	2	0	36	122	9	98	101	0	0	4	61	22	27	136	6	0	0	45	254	248	246	162	21	0	0	11	122	97	43	111	91	0	0	0	0	0	0	0	0	0	
0	0	1	2	0	0	1	0	0	2	0	53	225	111	0	2	0	1	0	193	163	113	62	0	3	0	123	147	0	30	92	0	0	10	161	18	0	33	122	0	0	49	183	12	23	138	74	0	0	5	147	179	139	73	0	1	0	0	1	3	0	0	1	0	
0	0	3	0	66	59	0	2	0	1	0	25	151	20	0	1	0	1	0	131	45	0	2	0	3	0	91	92	58	125	8	0	0	20	158	89	144	185	19	0	0	10	153	209	147	63	0	1	0	0	5	15	8	0	0	0	0	1	2	0	1	3	0	0	
0	0	3	0	0	3	2	0	0	0	0	15	17	0	0	0	1	0	121	178	148	119	33	0	0	24	205	45	99	215	29	0	0	1	126	132	137	147	0	4	0	0	3	0	152	77	0	3	0	1	1	8	202	37	0	2	0	1	0	19	135	5	0	0	
0	0	0	2	0	135	22	0	0	0	3	0	41	154	0	0	0	2	0	39	142	24	0	1	2	0	58	148	76	71	4	0	0	25	151	83	154	188	29	0	0	35	164	195	195	72	0	1	0	0	9	20	10	0	0	0	0	1	1	0	0	3	0	0	
0	0	0	0	2	0	0	0	0	2	0	98	176	25	0	1	0	2	0	99	112	57	0	2	0	3	0	85	101	0	2	0	0	0	2	126	64	5	0	0	2	0	46	151	47	79	0	3	0	0	0	121	146	19	0	1	0	0	0	1	1	0	0	0	
0	0	1	3	0	10	7	0	0	1	2	0	59	212	121	0	1	0	6	165	171	85	191	2	0	0	179	143	0	25	191	3	0	120	149	0	1	155	142	0	0	198	200	161	221	156	1	0	0	35	118	118	54	0	1	0	0	0	0	0	0	2	1	0	
0	0	0	8	71	1	0	0	0	3	0	81	112	0	2	0	0	2	0	120	24	0	1	0	1	0	21	124	53	32	0	1	2	0	45	158	134	137	0	3	2	0	44	170	131	41	0	2	0	0	2	68	30	0	1	0	0	0	0	0	1	2	0	0	
0	0	0	0	0	5	17	0	0	0	1	4	0	63	78	0	0	0	0	0	16	133	13	0	1	0	30	88	88	50	0	2	1	0	127	224	183	35	0	1	0	0	15	125	75	52	0	1	1	0	32	45	0	2	0	0	0	0	0	1	3	2	0	0	
0	0	2	1	0	1	1	0	0	1	0	48	6	0	1	0	2	0	58	194	0	76	63	0	0	1	184	81	0	145	152	0	0	117	241	144	177	232	171	7	0	67	119	71	25	166	63	0	0	0	0	2	0	83	30	0	0	2	4	3	2	0	0	0	
0	0	0	3	0	0	0	0	0	0	0	0	28	35	31	5	0	1	0	73	176	162	181	64	3	0	131	251	42	0	2	2	0	14	11	54	146	9	0	1	0	60	149	78	164	24	0	1	0	2	102	148	56	0	2	0	0	0	0	0	0	0	0	0	
0	0	0	0	15	23	0	1	0	0	3	0	106	80	0	3	0	1	0	16	137	6	0	0	0	3	0	126	105	0	3	0	1	0	13	182	150	95	0	3	2	0	59	132	115	104	0	4	1	0	9	108	83	0	0	0	0	0	0	0	0	1	0	0	
0	0	0	1	0	1	1	0	0	1	2	0	2	0	24	31	0	0	0	22	0	32	120	22	0	17	200	93	12	125	22	0	0	6	110	169	204	60	0	4	1	0	13	147	82	10	0	0	1	0	27	27	0	1	0	0	0	0	0	1	3	1	0	0	
0	0	3	60	4	0	0	0	0	2	0	112	81	0	3	0	0	1	0	26	116	0	3	0	0	1	0	66	125	0	1	0	1	0	21	135	187	97	6	0	1	0	30	155	72	79	56	0	0	0	0	45	8	0	0	0	0	0	0	0	1	3	1	0	
0	0	0	0	2	1	1	0	0	0	0	3	0	123	58	0	0	0	3	0	65	182	3	0	0	2	0	23	195	38	0	2	2	2	1	178	98	0	3	0	0	5	169	112	0	4	0	0	0	88	111	0	4	0	0	0	0	2	0	2	0	0	0	0	
0	1	1	3	2	0	3	1	1	0	9	112	12	0	1	0	1	0	143	100	0	0	75	42	0	75	141	0	0	113	153	5	0	69	159	31	100	161	0	0	0	0	71	172	206	7	0	2	0	2	0	43	129	0	1	0	0	0	3	2	4	2	0	0	
0	0	0	0	0	0	0	0	0	1	0	16	165	176	111	0	0	1	0	3	125	247	68	0	2	0	91	178	71	177	59	0	2	0	69	161	243	130	0	4	0	118	118	23	152	96	0	3	0	82	173	196	120	5	0	1	0	0	0	0	0	0	0	0	
0	0	0	0	0	0	0	0	0	0	0	11	77	1	0	0	0	1	0	38	162	0	2	0	0	1	0	37	156	0	2	0	0	2	0	53	144	0	3	0	0	3	0	76	119	0	3	0	0	3	0	84	97	0	3	0	0	0	0	10	14	0	0	0	
0	0	0	0	0	1	2	0	1	0	18	131	88	0	1	0	3	0	69	82	81	56	57	0	1	0	20	82	58	198	77	0	0	2	0	180	216	44	0	1	3	0	80	98	84	3	1	0	3	0	72	101	99	36	0	1	0	0	2	54	44	3	0	0	
0	0	0	14	38	0	0	0	0	0	6	104	150	24	0	1	3	0	77	77	66	40	0	1	2	0	45	190	121	0	1	0	0	3	0	142	193	33	0	2	0	1	0	144	130	159	0	2	0	2	0	54	135	54	0	1	0	0	0	0	0	0	0	0	
0	0	0	0	7	73	1	0	0	0	3	0	144	148	0	2	0	3	0	114	158	0	1	0	2	0	38	175	58	72	2	0	4	0	116	192	159	221	31	0	4	0	119	253	180	139	0	0	1	0	8	72	55	1	0	0	0	0	0	0	0	2	0	0	
0	3	3	3	1	1	1	0	0	0	0	0	0	0	0	0	16	95	68	105	110	118	30	0	3	50	69	39	0	105	92	0	0	0	1	0	37	155	7	0	0	2	0	8	152	37	0	2	0	2	0	110	73	0	3	0	1	0	15	142	2	1	0	0	
0	0	0	0	0	0	0	0	3	0	63	212	187	33	0	2	1	0	18	79	137	166	0	3	2	0	80	217	238	161	0	4	3	0	122	175	91	178	28	0	0	101	115	71	67	191	33	0	0	85	206	221	207	80	0	2	0	0	0	0	0	0	0	0	
0	0	0	0	0	0	0	0	1	0	43	124	151	45	0	2	0	16	189	143	236	116	0	4	1	0	51	171	255	132	0	1	1	0	160	209	70	199	116	0	1	0	16	138	34	231	95	0	1	0	8	197	235	102	0	1	0	1	0	30	29	0	1	0	
0	0	2	1	0	0	0	0	0	1	0	23	88	72	5	0	2	0	40	164	106	139	113	0	4	0	132	209	67	59	72	0	1	0	26	117	207	89	0	3	0	1	0	28	160	29	0	1	1	0	91	205	48	0	2	0	0	0	113	53	0	3	0	0	
0	0	2	0	0	0	2	1	1	0	12	145	177	164	118	9	1	0	159	146	37	21	12	0	0	0	188	171	127	60	0	2	0	0	136	63	35	156	58	0	0	21	167	23	9	153	104	0	2	0	103	192	177	124	2	0	0	0	0	2	1	0	0	0	
0	0	1	1	0	0	0	0	0	1	0	21	80	34	0	1	1	0	25	164	163	179	22	0	4	0	129	145	20	148	26	0	2	0	45	178	238	187	0	2	0	1	0	20	188	56	0	2	1	0	17	195	74	0	2	0	1	0	32	75	0	3	0	0	
0	0	1	1	0	0	0	0	0	0	0	16	49	82	97	18	2	0	38	177	112	102	49	1	4	0	147	106	0	1	0	0	1	0	52	122	154	22	0	1	0	0	3	0	99	106	0	3	0	11	157	125	130	34	0	1	0	3	52	42	6	0	0	0	
0	0	0	2	3	3	0	0	0	0	1	0	0	0	8	9	0	2	0	32	97	134	139	40	3	0	63	221	73	39	7	0	0	30	92	118	171	2	0	1	0	9	141	175	108	0	1	0	0	0	1	13	2	0	0	0	0	1	2	0	2	0	0	0	
0	0	1	1	0	0	0	0	0	1	0	14	65	39	0	1	2	0	38	114	169	117	0	4	2	0	50	136	109	0	0	0	0	1	0	119	104	2	0	0	0	0	0	0	159	32	0	1	1	0	32	152	80	0	2	0	1	0	73	57	0	1	0	0	
0	0	1	3	0	0	0	0	0	0	1	0	46	71	4	0	1	0	4	143	189	195	40	0	4	0	106	143	51	167	15	0	3	0	90	193	241	154	0	4	0	2	0	83	192	14	0	1	2	0	37	202	41	0	2	0	1	0	37	46	0	3	0	0	
0	0	1	0	0	0	0	0	1	0	17	95	92	112	70	0	2	0	119	120	60	52	44	0	0	45	183	32	33	14	0	1	0	12	99	141	122	132	48	0	0	0	0	2	0	133	107	0	0	56	122	115	140	114	1	0	0	16	40	43	24	0	1	0	
0	0	0	0	0	0	0	0	0	2	0	49	212	196	62	0	0	2	0	63	132	201	123	0	0	4	0	33	232	210	22	0	0	1	0	7	163	135	0	4	30	186	151	144	213	73	0	3	19	154	200	184	87	0	1	0	0	0	0	0	0	1	0	0	
0	0	0	12	7	0	0	0	0	4	0	131	118	0	3	0	0	2	0	152	178	0	1	0	1	0	19	134	148	22	0	0	0	0	0	6	142	9	0	0	1	0	1	106	197	106	44	0	1	0	25	127	73	92	31	0	0	0	0	0	0	0	0	0	
0	0	2	2	2	4	2	0	0	0	0	3	4	0	0	0	1	0	27	191	186	157	97	0	3	0	97	157	96	233	89	0	0	1	0	5	169	117	0	2	1	0	18	205	130	0	2	0	0	5	200	105	0	5	0	0	0	45	112	0	4	0	0	0	
0	1	0	0	0	1	1	0	0	95	61	0	3	1	0	1	0	120	110	0	0	31	23	0	0	122	108	0	22	174	181	26	0	65	186	36	90	232	170	15	2	0	70	160	142	163	85	0	0	1	0	0	0	0	1	1	0	0	3	3	3	4	1	0	
0	0	0	2	0	17	38	0	0	0	2	0	6	140	54	0	0	1	0	9	136	72	0	2	1	0	25	184	156	85	9	0	0	0	168	196	68	159	24	0	0	11	218	171	138	75	0	2	1	0	47	80	26	0	1	0	0	0	0	0	0	2	0	0	
0	2	2	0	1	1	0	0	0	0	6	47	12	0	0	0	0	35	198	216	176	15	0	1	0	149	134	0	192	107	0	3	0	88	209	191	188	196	17	0	0	0	33	51	0	186	83	0	0	1	0	2	0	92	184	11	0	0	2	2	1	0	21	6	
0	0	0	1	2	0	1	0	1	0	39	133	199	163	14	0	0	16	196	179	169	125	119	0	0	22	137	80	1	38	147	0	0	3	1	0	2	162	73	0	0	148	187	122	212	127	0	2	0	85	202	168	198	151	11	0	0	0	0	0	0	2	0	0	
0	0	0	2	0	0	0	0	0	0	0	2	58	81	52	11	0	3	0	111	240	195	168	56	3	0	69	177	5	0	1	0	3	0	92	168	0	2	3	1	1	0	0	185	141	0	4	0	0	0	87	198	103	0	3	0	0	0	75	55	0	0	0	0	
0	0	0	0	0	1	0	0	2	0	52	155	160	48	0	2	0	0	190	134	90	194	5	0	0	0	0	0	0	182	40	0	0	19	165	176	176	156	0	2	0	62	255	239	202	208	103	12	0	1	31	14	0	49	140	38	0	0	0	0	2	0	0	0	
0	0	2	0	0	2	1	0	0	1	0	40	89	15	0	1	2	0	60	96	90	106	37	0	0	5	165	31	41	178	27	0	1	0	103	161	178	122	0	4	0	0	3	0	124	51	0	2	0	1	0	9	172	15	0	1	0	0	0	6	65	3	0	0	
0	0	2	0	10	33	0	0	0	1	2	0	84	231	73	0	2	0	25	191	163	107	179	0	0	17	221	121	0	58	194	0	0	164	119	0	2	171	126	0	0	196	209	190	231	182	9	0	0	32	145	159	76	0	1	0	0	0	0	0	0	3	1	0	
0	0	2	4	1	0	0	0	0	9	8	0	36	50	0	2	0	38	113	85	187	52	0	2	1	0	25	65	127	0	27	20	0	9	36	95	175	117	112	35	0	5	53	147	123	9	0	1	0	3	0	84	70	0	4	1	0	0	1	11	8	0	0	0	
0	0	1	1	0	0	1	0	0	2	0	80	166	66	0	2	2	0	47	248	134	139	65	0	2	0	170	148	17	3	84	3	0	24	155	0	10	0	101	24	0	23	149	0	0	103	153	0	2	0	103	176	179	160	17	0	0	0	0	38	42	1	1	0	
0	1	1	0	0	0	0	0	1	0	31	90	70	23	0	1	0	12	220	202	194	220	20	0	0	63	218	0	25	234	40	0	0	48	237	24	26	236	34	0	0	0	147	23	74	226	3	0	0	1	5	0	124	198	0	3	0	0	4	0	55	66	0	2	
0	0	0	0	0	0	0	0	0	0	0	11	70	0	0	0	0	1	0	24	163	0	0	0	0	1	0	30	146	0	1	0	0	2	0	46	125	0	3	0	0	2	0	66	104	0	3	0	0	3	0	74	106	0	3	0	0	0	0	9	15	0	0	0	
0	0	0	0	0	4	0	0	0	1	0	12	76	151	60	0	0	1	0	61	49	122	57	0	0	0	3	0	45	125	0	2	1	0	10	78	168	29	0	1	2	0	128	215	70	0	3	0	1	0	156	99	0	2	0	0	0	0	0	0	2	0	0	0	
0	0	0	0	0	0	0	0	0	23	89	145	159	28	0	1	0	173	206	83	67	95	0	2	0	23	5	0	47	124	0	3	0	0	1	0	139	54	0	2	1	0	17	186	241	161	91	0	2	0	47	163	98	134	104	0	0	0	0	0	0	0	0	0	
0	0	0	0	0	0	0	0	2	0	76	139	133	64	0	2	1	0	133	46	128	129	0	4	0	4	183	171	195	156	0	0	2	0	74	64	0	201	46	0	0	27	56	0	103	164	0	0	0	19	160	136	121	7	0	1	1	0	36	54	0	1	1	0	
0	0	0	0	0	1	0	0	0	31	124	137	85	4	0	0	0	44	202	161	215	78	0	3	0	3	0	58	251	87	0	3	0	3	0	24	71	106	52	0	0	12	125	41	0	14	143	5	1	0	76	186	206	194	140	0	0	0	0	7	51	33	3	0	
0	0	0	0	0	0	0	0	0	2	0	61	30	0	1	0	0	4	0	137	82	0	3	0	0	3	0	79	154	0	3	0	0	1	0	20	152	0	0	0	0	0	0	7	162	15	0	1	0	0	0	0	128	19	0	1	0	0	0	0	9	3	0	0	
0	0	0	0	2	18	0	0	0	0	14	2	12	102	0	1	4	0	102	44	13	123	0	2	3	0	137	55	37	132	0	1	0	0	202	231	223	187	12	0	0	0	43	23	88	125	0	4	0	0	1	0	24	55	0	2	0	0	2	2	1	0	0	0	
0	0	0	0	6	1	0	0	0	40	135	153	154	116	0	1	0	52	76	2	104	171	0	2	0	0	80	162	236	46	0	2	0	28	230	125	98	132	51	0	0	108	193	22	18	72	213	45	0	37	126	149	164	155	102	10	0	0	0	0	0	0	0	0	
0	0	0	0	0	0	0	0	0	0	0	5	40	73	77	3	1	0	7	203	255	226	121	0	2	0	61	141	38	8	0	0	4	0	130	109	0	3	3	0	1	0	27	160	105	0	1	0	0	0	92	134	181	21	0	1	1	0	37	118	107	3	0	0	
0	0	2	0	1	1	0	0	0	1	0	23	19	0	1	0	3	0	93	180	146	20	0	1	0	31	176	0	164	121	0	4	0	17	159	122	188	125	0	4	1	0	26	10	99	111	0	4	0	0	4	0	135	78	0	3	0	0	3	0	102	30	0	1	
0	0	14	51	0	1	0	0	2	0	66	102	0	5	0	0	4	0	97	83	0	3	0	0	3	0	125	58	88	192	18	0	3	0	109	91	221	230	36	0	3	0	52	233	222	58	0	2	0	1	0	31	36	0	1	0	0	0	1	0	1	3	0	0	
0	0	0	5	8	0	0	0	0	3	0	86	125	0	4	0	1	0	0	192	72	0	2	0	3	0	70	234	187	123	0	2	4	0	108	232	95	173	0	0	3	0	75	179	167	117	0	3	0	0	0	119	101	0	1	0	0	0	1	0	0	2	0	0	
1	3	3	2	2	3	2	0	0	0	0	0	0	0	0	0	17	90	69	51	61	83	39	0	25	170	192	201	172	232	106	0	0	0	0	3	0	138	40	0	1	3	2	0	23	144	0	0	0	0	3	0	69	114	0	4	0	0	4	0	133	100	0	3	
0	0	0	0	0	0	0	0	0	35	109	102	74	8	0	0	0	50	71	27	153	12	0	0	0	3	0	94	110	0	2	0	0	3	0	111	149	106	0	0	0	0	0	2	0	160	29	0	0	2	0	33	157	97	0	1	0	0	0	8	40	0	0	0	
0	0	1	1	0	0	0	0	0	2	0	51	143	7	0	1	1	0	17	187	101	60	46	0	2	0	63	69	23	148	21	0	2	0	28	188	159	38	0	2	1	0	23	198	70	0	4	0	1	0	18	189	89	0	3	0	0	0	0	41	13	0	0	0	
0	1	1	0	0	0	2	1	2	0	44	117	131	115	7	0	0	30	216	139	50	146	168	6	0	133	152	0	6	0	174	61	0	122	111	0	0	112	187	6	0	149	115	5	134	196	22	0	0	49	211	198	118	3	0	1	0	0	12	7	0	2	2	0	
0	0	0	2	1	1	0	0	0	0	1	0	11	6	0	0	0	1	0	61	181	76	0	2	2	0	57	157	122	84	0	1	3	0	90	114	86	40	0	0	0	0	0	2	84	8	2	0	0	0	0	20	85	1	6	0	0	1	0	20	47	6	8	0	
0	0	2	0	0	2	0	0	0	0	0	34	71	6	0	0	1	0	137	131	156	163	0	0	0	43	189	19	153	193	0	1	0	17	141	106	196	84	0	3	0	1	0	7	174	26	0	1	0	3	0	71	178	0	2	0	0	1	0	29	61	0	1	0	
0	0	3	25	0	1	1	0	3	0	77	150	43	47	0	1	0	1	173	70	175	196	27	0	0	70	140	40	36	65	126	0	0	101	67	0	0	11	140	3	0	88	161	96	109	175	112	0	0	6	104	146	142	69	0	0	0	1	0	0	0	0	2	0	
0	0	1	3	26	0	0	0	0	3	0	112	185	0	0	0	2	0	45	215	42	0	2	0	4	0	130	242	200	57	0	2	4	0	140	227	67	155	0	2	3	0	68	233	209	198	5	0	0	1	0	107	130	18	1	0	0	0	1	0	0	0	0	0	
0	0	0	0	0	0	0	0	0	1	0	43	81	0	2	0	0	3	0	84	115	0	3	0	0	3	0	88	93	0	3	0	0	3	0	78	109	0	3	0	0	4	0	128	104	0	3	0	0	3	0	97	85	0	3	0	0	0	0	0	0	0	0	0	
0	0	1	1	0	0	0	0	0	1	0	8	57	25	0	1	1	0	14	103	51	97	0	0	1	0	92	24	51	111	0	2	0	3	104	59	157	34	0	2	1	0	7	89	66	0	2	0	0	0	0	95	9	0	0	0	0	0	5	42	1	0	0	0	
0	0	0	0	1	0	0	0	0	18	139	147	29	0	1	0	0	26	102	95	150	3	1	2	0	0	3	0	96	46	0	2	1	0	38	120	202	27	43	38	2	0	151	199	142	141	147	28	0	0	0	0	0	0	0	0	0	0	0	3	4	1	2	1	
0	2	0	0	0	1	0	0	0	0	3	3	3	2	4	0	0	84	10	0	0	59	75	0	5	173	110	90	61	117	75	0	34	98	36	44	78	148	95	0	0	0	0	1	0	31	73	0	0	2	1	3	0	59	70	0	0	0	0	1	0	38	17	0	
0	0	0	0	0	0	0	0	0	31	128	154	151	67	0	1	0	83	207	121	88	192	12	0	0	0	1	0	106	156	0	0	0	3	0	137	255	46	0	2	0	36	52	5	45	143	3	0	0	42	205	185	170	145	2	0	1	0	23	61	65	20	0	1	
0	0	0	0	0	0	0	0	1	0	80	104	119	125	48	0	1	0	192	253	172	124	51	0	4	0	104	208	0	1	0	0	2	0	36	240	222	149	6	0	0	2	0	92	255	172	0	0	2	0	103	218	139	1	0	1	1	0	32	48	0	2	1	0	
0	0	1	0	0	1	0	0	0	0	14	8	5	98	1	0	3	0	100	34	25	139	0	2	0	0	174	55	97	154	16	1	0	20	205	190	223	184	61	0	0	2	10	0	127	56	0	2	0	0	2	0	111	37	0	1	0	0	1	0	0	0	0	0	
0	0	1	1	0	1	1	0	0	2	0	38	203	44	0	2	1	0	12	198	176	214	28	0	3	0	124	143	0	189	77	0	0	16	185	20	0	143	70	0	0	63	231	24	130	160	0	1	0	0	146	202	121	11	0	1	0	0	0	1	0	1	1	0	
0	0	1	0	0	1	0	0	1	0	17	128	166	166	6	0	3	0	103	170	77	38	1	0	2	0	152	179	135	19	0	1	0	0	1	0	65	136	5	0	0	0	104	63	0	112	65	0	2	0	68	163	179	139	9	0	0	0	0	0	2	0	0	0	
0	0	0	0	0	0	0	0	0	1	0	22	102	62	5	0	0	2	0	112	30	61	81	0	0	2	0	89	70	101	18	0	0	0	0	128	124	3	0	1	1	0	117	80	50	0	3	0	0	0	112	88	78	0	2	0	0	0	8	49	9	0	0	0	
0	0	0	10	79	0	0	0	0	3	0	91	133	0	3	0	0	0	1	160	22	0	2	0	2	0	46	103	38	56	0	0	4	0	84	198	116	151	58	0	3	0	74	222	105	123	37	0	0	0	0	60	89	22	0	1	0	0	0	0	0	1	1	0	
0	0	0	0	0	0	0	0	0	1	0	16	65	0	1	0	0	1	0	26	167	0	0	0	0	1	0	32	148	0	2	0	0	2	0	57	112	0	3	0	0	3	0	131	73	0	2	0	0	0	7	128	6	0	0	0	0	0	2	12	0	0	0	0	
0	0	3	2	0	0	0	0	0	0	0	0	8	3	0	0	1	0	119	187	212	51	0	2	0	1	89	53	111	63	0	2	0	0	3	0	132	46	0	2	0	2	0	41	163	0	0	0	0	3	0	131	88	0	3	0	0	0	10	114	4	0	0	0	
0	0	2	1	0	1	1	0	0	1	0	23	94	50	0	1	2	0	80	238	182	188	16	0	4	0	161	107	20	207	28	0	3	0	77	146	194	64	0	2	2	0	25	242	71	0	3	0	0	1	0	193	157	0	2	0	0	1	0	36	87	0	0	0	
0	0	0	1	0	0	0	0	0	1	0	8	133	75	0	2	0	1	0	138	168	161	0	1	1	0	23	119	43	127	0	2	1	0	21	227	169	9	0	1	0	2	139	95	108	0	0	0	0	9	127	85	113	4	0	0	1	0	10	61	20	0	1	0	
0	0	2	1	0	0	1	0	0	3	0	58	204	110	3	0	2	0	67	211	83	162	164	0	0	20	210	50	0	13	190	24	0	128	113	0	0	116	135	0	0	142	178	16	101	179	11	0	0	9	152	177	102	9	0	1	0	0	0	0	0	2	1	0	
0	0	0	2	1	0	0	0	0	0	1	0	14	8	0	0	0	1	0	59	156	67	0	3	3	0	70	139	113	64	0	3	3	0	79	130	152	21	0	1	0	0	0	15	117	0	1	0	0	2	0	48	94	0	3	0	0	2	0	59	62	0	2	0	
0	1	2	0	0	0	0	0	1	0	39	73	0	15	9	0	0	0	167	64	0	123	48	0	0	108	154	23	31	151	59	0	0	121	174	118	113	183	59	0	0	0	2	3	0	96	108	0	0	0	1	5	0	66	106	0	0	0	0	0	0	6	18	0	
0	0	1	0	0	1	2	0	1	0	33	151	55	19	0	1	3	0	155	231	135	163	62	0	0	12	211	119	0	22	129	22	0	39	114	0	8	0	86	60	0	14	162	37	8	110	137	0	2	0	56	165	153	114	10	0	0	0	0	2	3	0	1	1	
0	0	0	0	0	1	0	0	0	0	89	74	49	8	0	0	1	0	35	61	99	153	9	0	0	1	0	31	97	159	7	0	0	4	0	127	163	3	0	1	0	0	0	9	133	9	0	0	0	1	76	126	141	11	0	1	0	0	37	42	5	0	0	0	
0	0	0	0	0	0	0	0	0	1	0	30	100	0	2	0	0	1	0	45	134	0	3	0	0	2	0	65	114	0	3	0	0	3	0	101	127	0	4	0	0	4	0	130	77	0	3	0	0	2	0	105	25	0	1	0	0	0	0	0	0	0	0	0	
0	0	2	0	0	0	0	0	0	0	0	42	81	29	0	1	0	2	104	101	56	4	0	0	0	16	148	81	108	107	14	0	2	0	48	111	0	78	100	0	0	0	0	2	0	84	74	0	1	0	26	107	101	69	0	0	1	0	14	49	13	0	1	0	
0	0	0	0	1	0	0	0	0	47	114	81	0	0	0	0	0	99	154	158	65	0	6	1	0	3	0	86	56	0	2	0	1	0	30	193	95	107	124	18	2	0	48	198	174	172	116	13	0	0	0	0	0	0	0	0	0	0	0	2	3	4	4	1	
0	0	0	5	52	14	0	1	1	0	1	134	190	159	0	0	1	0	35	89	0	189	38	0	0	0	1	0	9	191	32	0	0	141	141	28	148	119	0	3	0	171	221	249	177	31	41	0	0	14	46	31	108	132	38	0	0	1	0	0	0	0	0	0	
0	0	0	0	0	0	0	0	1	0	31	124	143	36	0	2	3	0	64	154	200	131	0	4	0	2	0	88	201	39	0	2	0	2	0	107	211	22	0	1	1	0	16	1	76	153	0	3	3	0	58	202	182	117	0	2	0	0	1	37	39	0	0	0	
0	0	0	0	1	1	0	0	0	0	8	33	3	0	0	0	0	0	5	120	138	16	0	1	0	1	0	7	143	69	0	3	0	1	0	26	170	33	0	1	0	1	0	30	85	0	2	0	0	2	0	97	43	0	1	0	0	0	2	45	2	0	0	0	
0	0	0	0	0	0	0	0	1	0	32	24	0	60	13	0	4	0	110	56	0	138	3	0	3	0	117	74	43	133	0	0	0	0	154	157	169	174	6	0	0	0	3	0	95	63	0	2	0	0	1	0	122	19	0	1	0	0	0	1	19	1	0	0	
0	1	2	0	0	0	0	0	0	0	1	0	41	67	0	0	0	14	44	7	165	95	15	0	0	24	184	31	130	3	0	0	1	0	132	85	180	35	0	1	1	0	33	99	129	17	0	1	0	0	4	0	108	71	0	3	0	0	2	0	28	44	0	2	
0	0	0	0	0	8	2	0	0	2	0	57	165	154	12	0	0	0	1	98	45	10	0	0	3	0	71	168	35	0	1	0	1	0	15	48	148	53	0	2	2	0	68	37	46	117	0	3	2	0	57	193	177	55	0	2	0	0	0	2	4	0	0	0	
0	1	3	0	1	2	0	0	0	0	0	23	13	0	1	0	0	9	123	156	166	50	0	2	0	52	193	6	50	91	0	1	0	0	87	156	144	185	42	0	0	0	1	0	36	165	2	0	0	0	6	0	89	121	0	4	0	0	3	0	86	51	0	2	
0	0	0	1	0	0	0	0	0	0	1	0	23	52	0	0	0	1	0	19	99	85	0	1	1	0	7	156	149	11	0	1	0	0	0	90	108	0	3	0	0	2	0	60	58	0	2	0	0	2	0	105	24	0	1	0	0	0	1	50	1	0	0	0	
0	2	1	0	0	1	0	0	0	0	2	5	13	1	0	0	13	162	190	193	204	145	0	2	1	64	44	24	59	187	0	1	0	0	3	0	72	199	0	1	0	3	4	0	185	109	0	3	0	0	1	0	198	84	0	2	0	0	3	0	101	136	0	0	
0	0	0	0	0	0	0	0	0	1	0	37	86	0	2	0	0	1	0	34	120	0	3	0	0	2	0	56	101	0	3	0	0	3	0	96	91	0	3	0	0	4	0	142	90	0	3	0	0	1	0	122	31	0	1	0	0	0	0	0	0	0	0	0	
0	0	0	0	0	0	0	0	0	1	12	14	46	68	6	0	1	0	102	166	98	166	20	0	0	0	0	0	53	59	30	0	0	11	113	125	209	134	40	0	0	6	57	149	92	0	1	0	0	0	0	154	27	0	3	0	1	0	19	88	1	0	0	0	
0	0	0	0	0	0	0	0	1	0	8	94	144	25	0	1	3	0	152	182	166	115	0	4	1	0	41	140	214	76	0	3	1	0	15	153	153	95	0	3	2	0	113	102	0	119	12	0	1	0	11	154	212	146	0	1	0	0	1	0	35	20	0	1	
0	0	0	0	0	1	0	0	1	0	48	27	0	34	38	0	2	0	202	111	0	189	126	0	0	30	253	151	108	239	49	0	0	29	193	168	211	194	0	1	0	0	2	0	179	110	0	4	0	2	0	36	220	18	0	1	0	0	0	11	71	2	0	0	
0	0	1	0	0	0	0	0	0	1	0	65	160	208	172	0	2	0	50	229	133	102	63	0	3	0	81	229	131	36	0	1	2	19	0	8	17	116	31	0	0	168	97	43	59	165	48	0	0	54	193	186	184	90	0	2	0	0	0	0	0	0	1	0	
0	0	0	0	2	1	0	0	0	0	0	3	0	56	41	0	0	0	2	0	50	173	18	0	0	1	0	34	176	33	0	2	0	0	0	174	68	0	3	0	3	0	94	127	0	4	0	0	2	0	138	30	0	1	0	0	0	0	21	3	0	0	0	0	
0	0	0	2	0	0	0	0	0	0	1	0	39	37	0	1	0	2	0	56	207	131	0	3	1	0	8	173	174	43	0	1	2	0	37	206	169	8	0	1	0	1	0	53	110	0	3	0	0	2	0	141	60	0	2	0	0	0	3	64	3	0	0	0	
0	0	0	0	0	0	0	0	0	0	10	15	21	16	0	1	2	0	69	82	83	71	0	2	3	0	93	56	74	56	0	2	2	0	57	131	168	112	0	1	0	0	0	14	130	111	0	0	0	0	3	0	77	35	0	1	0	0	1	0	29	14	0	0	
0	0	0	1	0	1	0	0	0	0	0	16	12	21	12	0	0	3	0	111	62	126	33	0	1	0	25	156	54	128	0	3	4	0	110	225	187	78	0	3	1	0	13	57	178	13	0	1	0	2	0	49	109	0	3	0	0	1	0	29	31	0	1	0	
0	0	0	0	0	0	0	0	0	1	0	132	225	85	0	3	1	0	18	108	180	170	0	4	0	1	0	7	210	63	0	2	0	1	0	156	158	0	3	0	3	0	108	255	185	158	41	0	2	0	146	177	136	123	12	0	0	0	0	0	0	0	0	0	
0	0	0	0	0	0	0	0	0	1	0	34	122	0	2	0	0	2	0	65	173	0	2	0	0	3	0	70	147	0	3	0	0	4	0	115	103	0	3	0	0	2	0	188	71	0	3	0	0	0	0	140	23	0	1	0	0	0	0	0	0	0	0	0	
0	0	0	0	0	0	0	0	0	1	0	58	153	61	0	2	1	0	33	150	74	190	20	0	0	0	2	127	154	120	0	0	1	0	10	177	200	0	0	1	4	0	131	84	86	49	0	2	2	0	64	171	167	18	0	1	0	1	0	23	27	0	1	0	
0	0	4	4	1	0	0	0	0	1	1	0	3	5	0	0	0	67	153	129	228	127	0	4	0	7	142	164	146	116	0	4	0	0	3	0	109	73	0	3	0	1	4	0	152	21	0	1	0	2	0	60	163	0	2	0	0	3	0	100	80	0	2	0	
0	0	0	0	3	2	0	0	0	24	151	100	0	2	0	0	0	67	255	237	150	145	0	0	0	22	184	221	255	190	0	1	3	0	59	245	255	177	4	0	2	0	39	231	255	255	150	0	0	2	0	58	185	191	52	0	0	0	1	1	0	0	0	0	
0	1	4	1	0	1	0	0	0	0	0	3	13	0	0	0	0	23	181	212	234	64	0	3	0	17	132	78	103	104	0	4	0	0	4	0	128	84	0	3	0	1	5	0	154	36	0	1	0	3	0	103	137	0	3	0	0	2	0	135	69	0	2	0	
0	0	0	0	0	0	0	0	2	0	60	118	79	6	0	0	4	0	122	60	146	118	0	4	2	0	49	172	92	20	0	1	1	0	4	130	128	5	0	1	0	0	9	0	90	133	0	4	2	0	62	116	145	70	0	2	0	0	3	57	40	0	1	0	
0	3	160	108	0	1	0	0	0	15	131	190	75	0	3	0	0	1	0	41	117	0	7	2	0	1	0	121	98	0	3	0	0	0	168	236	88	104	114	66	0	11	202	212	197	198	197	133	0	0	0	2	0	0	0	0	0	0	1	0	1	3	3	2	
0	0	1	0	6	2	0	0	0	2	0	55	145	121	5	0	1	0	25	145	30	163	9	0	3	0	82	189	124	60	0	2	0	4	0	130	203	0	2	0	2	0	63	158	140	123	0	3	2	0	47	157	169	114	0	3	0	0	0	2	4	0	0	0	
0	0	0	0	0	0	0	0	0	0	2	0	110	38	0	1	0	0	1	0	169	38	0	2	0	1	0	22	150	0	0	0	0	3	0	72	145	0	3	0	0	4	0	132	97	0	3	0	0	2	0	123	44	0	2	0	0	0	0	0	0	0	0	0	
0	0	0	2	2	0	0	0	0	0	1	0	6	3	0	0	0	1	0	36	168	20	0	1	1	0	7	107	154	0	1	0	2	0	42	109	80	0	3	0	1	0	11	134	76	0	3	0	0	1	0	21	60	0	2	0	0	0	0	16	42	0	1	0	
0	0	0	0	0	1	0	0	1	0	50	18	0	37	28	0	1	0	147	27	0	123	47	0	0	31	130	0	6	123	4	0	0	50	232	184	167	205	36	0	0	2	46	42	142	139	15	0	0	0	3	0	122	66	0	2	0	0	3	0	20	8	0	0	
0	3	4	3	4	3	0	0	0	0	0	0	0	0	0	0	4	97	145	166	174	71	0	2	9	82	77	47	112	196	0	0	0	0	2	0	63	185	0	1	0	3	5	0	174	104	0	4	0	2	0	43	191	0	0	0	0	2	0	49	123	0	3	0	
0	0	0	1	0	0	0	0	0	1	0	27	146	105	0	1	1	0	5	153	106	148	15	0	2	0	46	101	106	120	0	2	1	0	14	237	163	0	2	0	4	0	111	105	60	9	0	0	2	0	46	138	150	37	0	2	0	1	0	32	55	1	0	0	
0	0	0	0	4	3	0	0	0	1	0	93	100	0	1	0	2	0	45	164	88	86	0	2	0	0	0	117	168	120	0	3	0	3	0	71	247	50	0	3	1	0	31	166	89	128	0	4	1	0	16	146	163	55	0	2	0	0	0	4	7	0	0	0	
0	0	0	0	0	0	0	0	1	0	29	135	161	64	0	2	2	0	58	98	80	154	0	2	0	0	9	77	152	94	0	2	1	0	23	153	172	48	0	2	0	0	13	0	25	111	0	2	3	0	118	178	159	61	0	2	1	0	12	64	28	0	1	0	
0	0	0	0	0	0	0	0	0	28	101	125	131	42	0	1	1	122	63	34	65	168	13	0	1	2	0	0	2	164	19	0	0	1	5	0	111	115	5	3	0	1	0	111	227	140	82	0	0	7	167	148	46	22	0	0	0	7	41	0	0	0	1	0	
0	0	1	0	0	0	0	0	0	1	0	61	156	74	2	0	2	0	57	165	94	215	24	0	4	0	102	105	117	139	0	2	1	0	4	230	171	0	2	0	3	0	70	141	109	5	0	0	2	0	48	180	144	3	0	0	0	1	0	41	30	0	1	0	
0	1	1	0	0	0	0	0	1	0	15	120	78	0	3	0	0	5	167	84	99	20	0	1	0	75	129	0	0	43	33	0	0	50	155	25	29	148	128	0	1	0	73	116	72	48	126	0	0	1	0	2	0	57	133	0	0	0	3	3	0	13	19	0	
0	0	0	9	56	16	0	1	0	0	1	163	167	118	0	1	0	0	10	59	0	89	24	0	0	0	8	9	0	101	33	0	0	0	140	164	123	148	0	0	0	27	173	157	255	83	0	3	0	0	116	109	8	11	0	0	0	0	0	0	0	0	0	0	
0	0	1	0	0	1	0	0	1	0	13	110	0	11	12	0	2	0	62	184	0	87	67	0	4	0	104	124	0	184	38	0	3	0	79	140	111	171	0	3	1	0	0	152	243	34	0	2	0	2	0	47	92	0	2	0	0	0	1	2	1	1	0	0	
0	0	0	2	0	0	0	0	0	0	2	0	49	37	0	1	0	2	0	62	219	125	0	3	1	0	17	213	175	13	0	0	2	0	48	219	155	0	2	0	0	2	0	52	91	0	3	0	0	3	0	131	65	0	2	0	0	1	0	59	9	0	0	0	
0	0	1	0	1	1	0	0	1	0	21	84	32	0	1	0	1	0	134	95	113	11	0	1	0	0	151	0	145	115	0	4	3	0	78	134	158	124	0	3	0	0	2	53	38	125	0	1	0	0	2	0	11	159	5	0	0	0	0	2	1	64	7	0	
0	0	0	0	0	0	0	0	0	1	0	102	150	19	0	1	0	0	2	103	177	121	0	4	1	0	6	76	173	67	0	3	1	0	8	195	178	0	2	0	2	0	58	20	127	50	0	2	3	0	79	220	161	17	0	1	0	1	0	30	26	0	1	0	
0	0	1	0	0	0	0	0	0	2	0	33	101	156	65	0	2	0	47	242	255	226	87	0	0	15	223	215	75	2	0	0	0	16	189	195	192	148	0	0	0	0	18	39	131	230	10	0	2	0	141	245	227	85	0	2	0	0	10	30	7	0	0	0	
0	0	0	1	0	0	0	0	0	2	0	37	199	76	0	3	0	0	2	127	95	87	0	3	0	0	0	130	128	98	0	3	2	0	31	212	192	3	0	1	3	0	92	55	84	13	0	0	2	0	41	154	130	0	0	0	0	0	0	8	5	0	0	0	
0	0	0	0	0	0	0	0	0	1	0	17	89	0	1	0	0	1	0	29	126	0	2	0	0	1	0	38	130	0	3	0	0	3	0	72	122	0	3	0	0	3	0	121	81	0	3	0	0	1	0	111	25	0	1	0	0	0	0	0	0	0	0	0	
0	0	1	1	0	0	0	0	0	2	0	41	176	201	27	0	0	0	2	142	102	68	5	0	3	0	72	240	70	0	2	0	1	0	36	50	161	52	0	2	3	0	128	111	118	99	0	4	2	0	44	222	161	13	0	1	0	0	0	0	0	0	0	0	
0	0	0	1	0	0	0	0	0	0	0	9	49	107	92	0	0	2	0	156	251	177	72	0	1	0	28	202	24	0	1	0	0	1	0	159	113	0	4	0	0	1	0	16	204	30	0	1	0	11	155	212	121	0	1	0	0	9	61	54	5	0	0	0	
0	0	0	1	1	0	0	0	0	0	1	0	5	51	0	0	0	1	0	36	54	72	0	2	1	0	12	118	99	37	0	1	2	0	44	184	170	26	28	0	0	2	0	61	69	1	29	0	0	0	1	92	11	0	0	0	0	0	5	22	0	1	1	0	
0	0	0	0	0	0	0	0	0	0	0	62	140	135	23	0	1	0	26	190	63	167	76	0	0	1	4	0	36	177	9	0	0	2	0	28	185	55	0	2	0	2	82	210	212	68	0	1	0	167	192	28	9	10	0	0	0	35	8	0	0	0	0	0	
0	0	1	1	0	0	0	0	0	1	0	32	75	23	0	1	1	0	23	204	255	128	0	4	2	0	55	145	195	110	0	4	0	1	0	197	200	0	0	1	0	0	6	162	91	3	0	0	0	0	8	118	135	30	0	1	0	2	0	57	88	0	1	0	
0	0	0	1	0	1	2	0	0	0	3	0	87	51	0	2	0	2	0	29	217	175	61	0	1	0	6	181	58	14	26	0	1	0	3	141	56	0	2	0	0	2	4	24	166	2	0	0	0	0	114	161	102	0	2	0	1	0	24	44	0	0	0	0	
0	0	0	0	0	0	0	0	0	2	0	73	170	62	0	2	1	0	8	187	119	84	0	1	1	0	24	92	108	129	0	3	2	0	42	252	211	27	0	2	4	0	138	143	70	5	0	0	2	0	49	118	144	58	0	2	0	0	0	32	57	6	0	0	
0	0	0	1	0	0	3	1	0	2	0	52	93	0	2	0	0	2	0	157	76	0	84	18	3	0	105	231	117	192	130	0	0	12	211	118	190	174	0	1	0	5	3	39	182	10	0	1	0	3	0	91	127	0	3	0	0	0	1	0	1	1	0	0	
0	0	1	1	0	1	0	0	0	1	0	36	49	0	1	0	0	0	1	164	105	10	0	1	3	0	68	129	149	76	0	3	3	0	73	182	117	35	0	2	0	0	9	6	74	26	0	1	0	0	1	0	120	19	0	1	0	0	1	0	53	6	0	0	
0	0	0	0	0	1	1	0	0	2	0	83	147	17	0	1	2	0	42	229	180	190	9	0	4	0	117	129	0	171	69	0	3	0	146	47	0	185	54	0	3	0	161	51	85	182	0	1	3	0	91	231	190	30	0	2	0	0	0	47	24	0	1	0	
0	0	0	1	1	1	0	0	0	2	1	0	3	56	2	0	0	7	0	97	49	106	0	2	2	0	45	158	75	71	0	3	4	0	117	211	208	79	0	3	0	0	10	34	123	2	0	0	0	2	0	45	94	0	3	0	0	0	0	15	16	0	0	0	
0	0	0	1	1	1	0	0	0	1	0	16	14	13	0	0	0	2	0	80	63	74	0	2	1	0	39	119	127	86	0	3	1	0	16	93	153	15	0	1	0	0	0	12	110	0	0	0	0	1	0	28	141	0	1	0	0	0	0	7	50	0	0	0	
0	0	0	0	0	0	0	0	1	0	4	189	210	46	0	2	1	0	19	95	135	129	0	4	2	0	29	191	231	50	0	2	0	2	45	88	110	99	0	2	1	0	154	131	53	188	19	0	1	0	17	147	217	118	0	1	0	0	0	0	0	0	0	0	
0	0	0	0	1	4	3	0	1	0	32	76	12	0	1	0	4	0	163	247	182	110	118	0	3	0	83	191	215	219	58	0	2	0	33	255	178	0	1	0	4	0	133	150	138	24	0	1	3	0	67	178	175	38	0	2	0	1	0	73	77	0	1	0	
0	0	0	2	1	1	0	0	0	0	2	0	38	34	0	1	0	2	0	65	216	132	0	2	1	0	25	163	79	112	5	0	3	0	90	117	174	42	0	2	2	0	44	179	157	0	0	0	0	2	0	56	115	0	3	0	0	1	0	48	37	0	1	0	
0	1	1	0	0	0	0	0	1	0	15	57	57	3	1	0	0	45	240	252	255	59	0	3	0	29	214	255	255	140	8	0	2	0	44	197	133	201	187	0	0	1	3	0	32	220	145	0	2	0	45	208	234	130	0	0	1	0	6	98	40	0	3	0	
0	0	0	27	19	0	1	0	2	0	39	235	199	28	0	2	0	0	12	23	40	117	0	1	0	0	8	54	38	105	17	0	0	17	175	103	137	255	63	0	0	69	186	96	192	88	93	6	0	0	114	154	47	0	19	5	0	0	0	0	0	3	1	0	
0	0	0	0	2	0	0	0	0	0	0	1	1	72	7	0	0	0	3	0	92	175	0	1	0	1	0	29	186	21	0	1	0	1	0	173	75	0	3	0	3	0	82	133	0	4	0	0	3	0	88	31	0	1	0	0	0	0	6	2	0	0	0	0	
0	0	0	1	0	0	0	0	0	0	1	2	5	68	88	0	0	2	0	30	214	233	140	0	1	0	19	211	86	0	1	0	2	5	5	133	140	10	0	1	0	101	93	0	72	82	0	3	0	21	128	183	155	32	0	2	0	1	0	26	18	0	0	0	
0	0	0	0	0	2	0	0	0	0	1	0	24	75	0	2	0	0	3	0	79	68	0	3	0	0	0	0	126	14	0	1	0	2	0	76	106	0	3	0	1	0	6	153	26	0	1	0	2	0	45	89	0	3	0	0	0	0	0	1	1	0	0	0	
0	0	2	4	1	1	0	0	0	0	0	0	5	2	0	0	3	0	70	169	209	62	0	3	2	0	53	124	161	93	0	4	0	0	3	0	119	52	0	2	0	1	0	25	150	0	1	0	0	1	0	125	80	0	3	0	1	0	22	134	2	0	0	0	
0	0	0	0	0	0	0	0	2	0	44	58	5	49	2	0	4	0	115	154	44	251	19	0	4	0	135	164	148	209	0	0	2	0	37	153	255	102	0	3	0	2	0	54	238	25	0	1	0	3	0	131	190	0	2	0	0	0	0	16	19	0	1	0	
0	0	1	0	0	0	0	0	0	0	6	42	0	73	13	0	2	0	48	101	14	143	0	1	4	0	132	59	66	90	0	3	3	0	121	201	206	99	0	0	0	3	0	80	164	48	4	0	0	1	0	143	39	0	1	0	0	0	4	31	2	3	0	0	
0	0	2	0	0	1	1	0	0	0	4	86	138	41	0	2	1	0	155	205	150	198	8	0	0	78	149	37	11	63	133	0	0	134	70	0	8	0	133	35	0	123	120	0	0	32	145	12	0	18	168	144	132	133	34	0	1	0	14	64	49	6	0	1	
0	0	0	0	1	0	0	0	0	0	2	0	144	40	0	2	0	0	0	0	179	33	0	1	0	2	0	41	195	2	0	1	0	3	0	87	179	0	2	0	0	3	0	179	97	0	3	0	0	0	0	131	32	0	1	0	0	0	0	0	0	0	0	0	
0	0	1	3	0	0	0	0	0	2	2	0	2	37	18	0	1	0	10	107	139	194	35	0	0	36	178	107	21	132	2	0	0	144	218	147	185	219	67	0	0	1	11	0	95	80	8	0	0	0	1	0	98	12	0	0	0	0	1	1	31	2	1	0	
0	2	31	5	0	0	0	0	0	81	255	206	46	0	2	0	0	52	125	111	166	0	1	0	0	1	0	9	183	22	0	1	0	1	6	141	233	187	148	0	4	0	120	255	251	255	100	0	2	0	38	147	117	32	0	1	0	0	0	0	0	0	2	0	
0	0	2	2	0	0	0	0	1	0	27	148	6	0	0	0	0	3	0	157	103	0	3	0	0	3	0	75	167	0	3	0	0	2	0	41	196	0	0	0	0	1	0	10	200	30	0	1	0	0	1	0	144	44	0	2	0	0	0	0	0	0	0	0	
0	0	0	0	0	0	0	0	1	0	118	127	31	0	1	0	2	0	139	187	201	32	0	2	0	1	0	103	224	33	0	2	0	2	0	126	230	45	0	2	0	13	76	0	22	149	6	0	1	0	104	166	153	140	0	0	0	0	0	42	70	22	0	1	
0	0	0	0	0	0	0	0	0	2	0	47	121	0	2	0	0	3	0	94	201	0	2	0	0	3	0	90	193	0	2	0	0	3	0	87	193	0	2	0	0	3	0	79	195	0	2	0	0	2	0	49	145	0	1	0	0	0	0	0	0	0	0	0	
0	0	0	0	0	0	0	0	0	0	10	47	84	137	18	0	3	0	60	215	201	205	42	0	3	0	99	153	0	0	1	0	3	0	145	216	151	7	0	0	0	11	138	29	93	88	0	3	0	0	113	198	222	107	0	4	0	0	0	13	50	8	0	0	
0	0	2	0	44	61	0	2	0	0	2	0	48	126	0	3	0	1	4	0	41	114	0	3	0	0	2	0	66	90	0	3	0	15	98	98	144	33	0	1	0	47	148	160	185	25	0	1	0	0	17	13	9	11	0	0	0	0	0	0	2	0	0	0	
0	0	2	2	0	0	0	0	0	1	1	0	63	53	0	1	1	0	29	146	197	138	0	0	0	12	153	62	58	171	14	0	0	41	180	146	212	120	0	4	0	1	66	39	84	44	0	2	0	1	0	14	145	7	0	0	0	1	0	21	57	0	1	0	
0	0	0	0	8	22	0	1	0	0	1	0	127	87	0	3	0	2	0	104	106	10	0	1	2	0	36	164	68	13	0	1	3	0	96	69	85	119	0	4	3	0	116	72	112	64	0	2	2	0	40	128	48	0	1	0	0	0	0	0	0	1	0	0	
0	0	0	0	0	0	0	0	0	0	2	0	63	40	0	1	0	0	3	0	106	38	0	1	0	1	0	19	115	0	1	0	0	2	0	70	113	0	3	0	0	3	0	93	54	0	2	0	0	1	0	104	13	0	0	0	0	0	0	16	1	0	0	0	
0	0	0	0	0	0	0	0	1	0	28	121	150	49	0	2	4	0	115	255	214	34	0	2	4	0	163	241	221	101	0	2	1	0	70	26	38	196	6	0	0	4	21	0	74	160	0	1	0	0	159	214	190	27	0	2	0	0	5	38	12	0	1	0	
0	0	0	0	52	4	0	0	0	1	0	28	142	0	0	0	0	2	0	123	62	0	2	0	1	0	21	118	120	74	0	2	2	0	51	194	159	158	0	0	1	0	20	225	172	118	0	1	0	1	0	41	75	8	0	1	0	0	1	1	0	1	0	0	
0	0	1	0	1	2	0	0	0	1	0	98	63	0	1	0	1	0	21	131	128	53	0	2	3	0	75	56	18	112	0	2	0	0	7	0	47	129	0	2	1	0	8	97	204	74	0	2	0	1	0	100	77	0	2	0	0	0	0	18	4	2	0	0	
0	0	1	0	25	8	0	0	0	1	0	11	152	82	0	3	0	2	0	151	116	113	0	4	2	0	49	135	23	160	0	1	3	0	107	30	56	143	0	3	2	0	169	202	219	62	0	3	2	0	52	138	38	0	1	0	0	0	0	0	1	2	0	0	
0	3	2	0	0	0	0	0	0	0	9	19	56	20	0	1	0	54	196	213	255	107	0	4	0	214	173	148	250	181	0	1	0	44	200	147	27	229	64	0	0	0	0	0	0	224	101	0	0	2	1	7	0	165	197	0	0	0	0	2	0	55	75	0	
0	0	0	0	0	0	0	0	0	0	2	0	67	24	0	1	0	0	2	0	141	38	0	1	0	1	0	14	140	1	0	0	0	2	0	56	126	0	3	0	0	3	0	98	79	0	3	0	0	3	0	113	33	0	1	0	0	0	0	12	2	0	0	0	
0	0	1	0	0	0	0	0	0	0	12	3	9	59	0	0	0	5	132	2	24	154	0	2	0	72	167	42	67	140	0	2	0	64	156	82	151	158	0	3	0	0	2	0	40	167	0	2	0	1	3	0	26	160	0	0	0	0	0	0	2	31	2	0	
0	0	1	1	0	0	0	0	0	2	0	58	151	109	0	0	1	0	10	229	134	123	24	0	4	0	96	174	0	99	57	0	3	0	160	80	0	178	50	0	3	0	181	172	200	175	0	1	3	0	76	237	135	2	0	1	0	0	0	0	0	2	0	0	
0	0	1	1	0	1	0	0	0	2	0	56	150	37	0	2	2	0	32	217	165	117	0	3	4	0	127	79	2	139	0	1	1	0	127	0	72	143	0	4	1	0	112	19	192	62	0	3	3	0	74	214	113	0	2	0	0	0	6	41	1	0	0	0	
0	0	0	1	0	1	0	0	0	2	0	60	141	0	2	0	0	2	0	156	187	86	0	3	1	0	25	187	27	115	0	1	2	0	63	148	0	123	0	0	3	0	75	160	137	138	0	4	1	0	1	145	201	25	0	2	0	0	0	0	0	0	0	0	
0	0	0	0	1	2	0	0	12	14	3	3	1	0	0	0	61	169	167	177	182	140	0	0	0	10	21	15	109	225	10	0	1	0	3	0	160	104	0	3	0	2	0	40	159	0	1	0	0	2	0	68	183	0	1	0	0	1	0	25	157	13	0	1	
1	0	12	57	15	0	1	0	0	10	186	207	136	0	2	0	0	4	30	0	120	16	0	1	0	1	0	29	154	2	1	1	0	1	0	151	76	0	3	0	4	0	137	255	166	172	172	113	1	0	46	97	91	76	50	20	0	0	0	0	0	0	0	0	
0	0	0	0	0	0	0	0	0	12	29	5	20	24	5	0	0	55	167	187	148	206	183	0	0	0	3	7	85	197	38	0	0	3	0	24	203	46	0	2	1	0	0	171	93	0	5	0	0	0	177	138	0	3	0	0	0	39	158	1	1	0	0	0	
0	0	0	0	0	0	0	0	0	1	0	21	141	28	0	1	0	3	0	115	181	117	0	3	0	2	0	96	142	89	0	3	0	3	0	145	234	3	0	1	2	0	43	118	60	48	0	2	2	0	40	126	121	21	0	1	0	0	0	48	27	0	1	0	
0	0	0	8	10	0	0	0	0	3	0	81	68	0	2	0	0	2	0	111	29	0	1	0	0	0	4	167	159	51	0	2	1	0	35	79	28	128	0	2	2	0	52	75	88	103	0	3	0	0	4	96	97	2	0	0	0	0	0	0	0	1	0	0	
0	0	1	1	0	0	0	0	0	0	0	10	23	3	0	0	2	0	37	190	210	60	0	3	1	0	26	26	88	48	0	2	0	0	1	0	108	16	0	0	0	0	0	14	120	0	0	0	0	2	0	65	114	0	3	0	0	2	0	62	53	0	2	0	
0	0	0	0	2	2	1	0	0	0	2	1	0	0	0	0	0	0	0	4	59	102	116	75	2	0	68	96	48	31	16	7	1	0	134	149	44	0	2	0	0	10	59	131	63	0	3	0	0	1	71	56	0	1	0	0	0	0	0	0	1	0	0	0	
0	1	0	36	122	15	0	1	0	3	0	86	210	112	0	2	0	0	0	3	0	106	9	0	0	0	10	5	0	112	9	0	0	2	169	147	153	111	0	3	0	9	185	234	220	152	40	0	1	0	54	61	0	25	16	0	0	0	0	0	1	0	0	0	
0	1	0	0	1	3	0	0	1	0	39	49	0	0	1	0	0	26	240	217	171	121	0	1	0	134	193	0	16	167	114	0	0	96	229	29	0	51	212	10	2	0	122	240	203	215	191	8	0	2	0	41	92	82	12	0	0	0	2	0	0	0	1	1	
0	0	1	1	0	0	0	0	0	2	0	41	130	43	14	0	1	0	19	140	219	246	120	0	1	0	188	203	33	27	7	0	0	0	24	65	146	1	0	0	0	21	45	0	103	60	0	2	0	12	170	197	173	20	0	1	0	0	9	59	34	0	1	0	
0	0	0	1	0	0	0	0	0	1	2	1	34	4	0	0	0	3	0	77	230	19	0	1	0	13	75	12	176	51	0	2	0	117	154	100	214	183	88	0	2	20	19	40	203	58	0	1	0	0	0	1	95	11	0	0	0	1	1	1	0	1	0	0	
0	0	0	0	0	0	0	0	0	0	1	0	97	10	0	0	0	0	0	4	139	7	0	0	0	1	0	26	148	0	1	0	0	2	0	52	147	0	3	0	0	3	0	107	107	0	3	0	0	3	0	90	63	0	2	0	0	0	0	0	1	0	0	0	
0	0	0	0	0	0	0	0	0	0	18	33	32	25	1	0	0	23	140	74	99	78	0	0	0	0	109	12	0	0	0	0	3	0	83	136	105	57	0	2	0	0	6	16	7	125	21	0	0	0	0	3	0	104	32	0	0	0	1	0	17	87	0	1	
0	0	0	0	0	0	0	0	0	0	1	0	105	20	0	1	0	0	0	2	166	20	0	1	0	1	0	22	145	0	0	0	0	2	0	63	139	0	4	0	0	3	0	95	98	0	3	0	0	3	0	98	48	0	2	0	0	0	0	0	1	0	0	0	
0	0	1	1	0	0	0	0	0	2	0	54	86	47	33	0	1	0	0	193	227	151	52	0	4	0	107	227	48	0	1	0	2	0	65	150	177	115	0	3	0	0	5	0	107	160	0	4	3	0	72	195	195	31	0	2	0	0	3	42	13	0	0	0	
0	0	0	1	0	0	0	0	0	1	0	16	142	78	0	2	0	2	0	142	176	169	0	2	2	0	47	147	148	140	0	3	2	0	27	243	131	0	0	0	2	0	45	175	74	0	3	0	2	0	39	157	112	0	1	0	0	0	0	54	26	0	1	0	
0	0	0	3	2	3	2	0	0	0	0	0	1	0	0	0	0	0	5	66	82	179	154	22	1	0	13	209	129	69	40	4	0	13	0	49	194	2	0	0	0	116	182	186	92	0	3	0	0	20	76	73	5	0	0	0	0	0	0	0	2	0	0	0	
0	0	0	2	0	0	1	0	0	0	0	3	74	162	110	0	0	3	0	79	166	86	14	0	2	0	29	229	100	0	1	0	0	0	19	45	107	82	0	2	0	24	115	10	47	105	0	3	1	0	114	190	166	35	0	2	0	0	0	1	0	0	0	0	
0	0	0	0	0	0	0	0	0	0	1	77	33	0	1	0	3	0	97	154	151	17	0	3	2	0	133	98	120	0	1	0	1	0	45	154	10	0	33	65	3	0	84	121	57	123	104	32	1	0	14	90	78	18	0	0	0	0	0	0	0	0	2	1	
0	0	0	13	58	0	1	0	0	3	0	79	113	0	3	0	0	1	0	129	29	0	1	0	1	0	31	100	58	62	0	1	3	0	66	183	158	150	0	1	3	0	72	253	166	83	0	2	0	0	3	60	56	0	0	0	0	0	0	0	0	2	0	0	
0	0	0	0	0	0	0	0	0	0	0	12	86	0	1	0	0	1	0	38	97	0	3	0	0	1	0	43	90	0	3	0	0	2	0	52	105	0	3	0	0	1	0	43	123	0	3	0	0	1	0	21	79	0	2	0	0	0	0	0	0	0	0	0	
0	0	0	0	0	1	0	0	0	0	2	15	3	102	6	0	1	0	28	111	43	120	0	3	3	0	89	94	84	63	0	2	3	0	171	220	219	96	0	1	0	2	19	118	138	14	4	0	0	3	0	92	65	0	2	0	0	0	2	4	2	1	0	0	
0	0	0	1	0	1	0	0	0	0	1	1	0	29	6	0	0	0	0	90	25	131	3	0	2	0	56	118	80	110	0	4	3	0	68	169	200	43	0	2	0	1	0	30	136	0	1	0	0	3	0	79	97	0	3	0	0	1	0	34	29	0	1	0	
0	0	1	1	0	2	1	0	0	1	0	33	200	34	0	2	1	0	6	171	122	147	9	0	3	0	97	107	0	112	76	0	0	10	118	5	0	60	85	0	0	56	115	0	35	132	76	13	0	10	156	175	130	36	0	1	0	0	1	7	0	0	2	0	
0	0	1	1	0	0	0	0	0	1	0	15	122	81	4	0	1	0	7	122	72	127	114	0	1	0	24	139	74	122	29	0	1	0	15	205	100	0	1	0	3	0	82	87	95	0	4	0	3	0	60	144	90	0	3	0	0	0	4	50	8	0	0	0	
0	0	0	0	1	0	0	0	0	1	0	40	53	0	1	0	0	4	0	120	186	19	0	1	1	0	2	179	173	9	1	0	1	0	20	221	240	155	6	0	0	3	0	99	112	4	1	0	0	3	0	107	38	0	1	0	0	0	0	15	5	0	0	0	
0	0	0	1	0	0	0	0	0	2	0	71	47	0	2	0	1	0	11	117	7	0	0	0	1	0	34	124	106	19	0	1	0	1	0	50	153	2	0	0	0	0	0	11	117	0	0	0	0	0	0	0	104	7	0	0	0	0	0	0	12	2	0	0	
0	0	4	4	4	3	0	0	0	0	0	0	0	0	0	0	0	7	124	105	152	156	4	0	0	4	163	200	177	172	0	1	0	0	3	0	76	76	0	3	0	0	4	0	160	37	5	1	0	2	0	50	158	0	7	0	0	3	0	96	100	0	3	0	
0	1	3	1	0	0	0	0	0	0	0	7	33	13	0	0	0	24	94	123	108	130	0	1	0	38	67	0	34	108	0	2	0	0	3	0	114	54	0	2	0	2	0	22	142	0	1	0	0	3	0	91	82	0	3	0	0	0	0	88	13	0	0	0	
0	0	0	0	0	0	0	0	0	0	0	178	216	102	0	2	0	0	1	41	98	197	3	0	2	0	50	166	227	74	0	2	2	0	55	139	172	52	0	2	0	94	170	0	115	114	0	4	0	39	176	198	156	12	0	1	0	0	0	1	0	0	0	0	
0	0	0	0	0	0	0	0	0	1	0	26	130	0	0	0	0	2	0	43	198	0	0	0	0	3	0	69	209	0	0	0	0	3	0	82	203	0	1	0	0	3	0	83	178	0	3	0	0	2	0	56	120	0	2	0	0	0	0	0	0	0	0	0	
0	2	0	56	45	0	2	0	0	3	0	140	62	0	2	0	1	0	26	168	3	0	0	0	3	0	63	158	137	119	0	0	4	0	117	250	132	201	28	0	3	0	88	245	199	91	0	2	0	0	2	17	9	0	0	0	0	0	1	0	1	3	0	0	
0	0	1	0	4	3	0	0	0	1	0	42	138	85	0	1	2	0	48	143	53	191	16	0	2	0	44	186	195	57	0	2	3	0	79	199	165	11	0	1	4	0	116	107	179	50	0	2	1	0	15	173	117	0	1	0	0	0	0	0	0	0	0	0	
0	0	1	2	0	0	0	0	0	0	0	0	73	54	2	0	1	0	11	147	144	176	27	0	3	0	97	74	73	92	0	1	3	0	77	195	116	3	0	0	2	0	50	184	37	0	2	0	2	0	49	117	96	0	2	0	0	0	0	86	51	0	2	0	
0	0	2	0	0	0	1	0	0	1	0	64	121	96	0	1	3	0	134	187	77	120	37	0	0	45	146	8	0	66	75	0	0	69	34	0	0	81	78	0	0	61	24	0	0	144	37	0	0	35	146	121	157	106	0	2	1	0	18	49	25	0	1	0	
0	0	1	0	0	2	0	0	0	0	0	163	131	0	1	0	3	0	83	233	171	127	0	2	3	0	121	56	0	129	49	0	0	4	129	11	0	62	104	0	0	7	137	38	99	210	59	0	3	0	92	202	181	74	0	1	0	0	0	1	0	0	1	0	
0	2	3	0	0	2	0	0	0	0	0	11	25	3	0	0	0	40	138	134	145	127	0	0	0	76	69	0	2	177	21	0	0	0	3	0	68	182	0	1	0	3	0	15	197	55	0	2	0	0	0	155	91	0	3	0	2	0	41	77	0	3	0	0	
0	0	0	0	0	1	1	0	0	33	130	161	135	37	0	1	0	70	195	138	137	184	27	0	0	0	1	0	21	214	58	0	1	0	14	179	242	94	0	3	0	48	62	27	29	53	10	0	0	19	114	121	119	151	22	0	0	0	3	54	63	13	0	1	
0	0	0	0	0	0	0	0	0	0	0	41	67	12	0	1	1	0	15	119	159	103	0	4	0	0	3	0	102	80	0	3	0	2	0	53	157	0	0	0	1	0	8	171	41	0	2	0	3	0	91	99	0	3	0	0	1	0	38	20	0	0	0	0	
0	0	3	4	5	2	0	0	0	0	0	0	0	0	0	0	0	0	162	162	121	65	0	2	0	0	88	78	139	126	0	4	0	0	2	0	104	42	0	2	0	0	3	1	109	10	0	0	0	1	0	38	70	0	2	0	0	3	0	113	86	0	3	0	
1	0	22	23	0	1	0	0	1	0	145	222	101	0	2	0	0	1	5	20	198	55	0	2	0	0	7	49	184	105	0	4	1	0	141	176	243	189	27	0	0	0	180	204	125	58	171	2	2	0	63	114	1	0	22	6	0	0	0	0	1	2	0	0	
0	0	1	4	0	26	5	0	0	0	12	64	0	79	6	0	0	0	13	19	38	84	0	3	1	0	158	51	100	91	0	3	0	4	192	217	235	106	0	3	0	2	0	54	180	1	1	0	0	2	0	50	80	0	2	0	0	0	0	0	1	1	0	0	
0	0	0	0	0	0	0	0	0	1	0	25	117	111	4	0	0	1	0	173	201	171	10	0	2	0	25	246	105	0	1	0	3	0	94	140	118	0	4	0	3	0	104	58	128	11	0	0	1	0	24	154	156	1	0	0	0	1	0	30	38	0	1	0	
0	1	0	26	17	0	0	0	0	0	0	183	97	0	3	0	2	0	64	83	75	61	0	2	1	0	32	4	15	114	3	0	0	0	0	2	0	82	27	0	1	0	47	59	118	118	0	0	2	0	63	150	121	10	0	1	0	0	0	0	0	2	0	0	
0	0	0	0	0	0	0	0	0	0	0	101	124	1	0	0	0	2	0	100	185	0	2	0	1	1	0	164	194	37	0	2	2	0	61	164	115	157	0	4	0	0	4	0	148	66	0	2	1	0	20	162	137	0	2	0	0	0	0	45	13	0	0	0	
3	0	81	53	0	2	0	0	2	0	132	37	0	4	1	0	0	5	148	10	0	0	0	0	0	31	164	0	13	167	154	0	0	34	153	2	121	255	213	5	0	9	196	222	220	175	44	0	0	0	4	20	10	0	0	0	0	0	1	0	0	2	3	0	
0	0	0	0	0	2	0	0	0	1	0	87	28	0	1	0	1	0	11	165	68	117	0	3	2	0	57	121	100	173	0	4	3	0	62	208	212	53	0	2	1	0	15	98	168	14	0	1	0	0	1	0	165	36	0	1	0	0	1	1	29	10	0	0	
0	0	1	2	0	0	0	0	0	1	0	4	73	54	0	1	1	0	6	158	182	151	9	0	2	0	129	90	7	100	0	1	0	20	131	5	163	124	0	4	0	0	144	175	161	60	0	3	0	0	7	0	117	46	0	2	0	0	2	0	69	17	0	1	
0	0	1	1	0	0	0	0	0	1	0	50	103	103	36	0	2	0	47	108	0	106	112	0	3	0	84	85	55	136	9	0	1	0	11	215	135	0	0	1	0	5	115	70	111	0	2	0	0	6	125	87	131	5	0	0	1	0	10	61	18	0	1	0	
1	0	15	49	5	0	0	0	0	1	166	227	126	0	3	0	0	9	44	5	133	17	0	1	0	0	3	0	131	54	0	2	0	1	0	38	165	6	4	0	2	0	109	243	231	197	151	2	1	0	123	125	76	51	20	3	0	0	0	0	0	0	0	0	
0	0	1	1	0	0	0	0	0	2	0	46	158	54	0	2	1	0	12	128	36	147	24	0	3	0	82	84	0	97	48	0	3	0	104	36	0	138	26	0	3	0	118	43	60	105	0	2	2	0	33	151	114	7	0	1	0	0	0	6	2	1	0	0	
0	0	3	84	3	0	0	0	0	0	9	135	4	0	1	0	2	0	51	117	0	20	0	0	3	0	79	93	86	220	25	0	3	0	124	121	193	173	26	0	3	0	97	232	202	48	0	2	0	0	4	22	3	0	1	0	0	0	1	0	1	2	0	0	
0	0	1	1	0	0	0	0	0	0	4	81	4	47	2	0	2	0	42	100	1	135	0	1	1	0	132	43	36	166	31	1	0	111	209	126	160	185	76	1	1	47	18	0	66	107	0	4	0	0	2	0	63	71	0	3	0	2	1	0	0	0	0	0	
0	0	0	1	0	1	0	0	0	1	0	29	172	187	29	0	0	1	0	97	58	27	4	0	2	0	52	204	25	0	1	0	1	0	11	67	146	17	0	1	0	23	31	0	118	57	0	2	0	52	166	164	128	8	0	1	0	0	2	3	0	0	0	0	
0	0	2	1	0	3	1	0	0	2	0	17	76	7	0	0	2	0	55	181	171	161	22	0	0	30	190	43	119	246	22	0	0	56	203	133	221	199	0	2	1	0	38	4	118	149	0	3	0	0	2	0	196	101	0	4	0	0	2	0	64	33	0	1	
0	0	0	2	0	0	0	0	0	0	0	0	25	106	50	0	0	1	0	76	88	183	75	0	1	0	33	98	69	95	0	1	1	0	11	203	143	1	0	1	3	0	62	174	52	0	3	0	3	0	71	156	103	0	2	0	0	0	0	55	30	0	1	0	
0	0	0	0	0	3	1	0	0	8	33	31	10	0	0	0	0	20	89	108	117	104	12	0	0	0	0	3	0	116	58	0	0	1	6	0	46	117	0	0	0	1	0	48	105	9	0	1	2	0	72	125	8	0	1	0	0	13	111	8	0	1	0	0	
0	0	2	0	46	36	0	1	0	1	0	9	204	55	0	2	0	3	0	137	120	0	3	0	1	0	21	174	110	39	0	2	3	0	66	231	190	151	0	3	3	0	74	255	201	105	0	2	0	0	4	70	55	0	0	0	0	0	0	0	0	2	0	0	
0	0	1	0	0	0	0	0	0	1	0	110	91	0	2	0	2	0	63	132	170	33	0	1	3	0	88	143	171	24	0	1	0	1	0	120	246	68	0	3	0	3	0	104	229	61	0	3	0	3	0	177	168	0	2	0	0	1	0	20	14	0	0	0	
0	0	0	2	1	1	0	0	0	0	0	4	15	0	0	0	0	2	0	130	175	15	0	1	3	0	66	150	141	92	0	4	3	0	91	152	125	49	0	2	0	0	3	0	95	39	0	1	0	0	1	0	110	12	0	0	0	0	1	0	82	7	0	0	
0	2	4	2	0	3	2	0	0	1	0	0	0	0	0	0	0	33	97	111	125	158	62	0	0	185	154	65	47	137	169	0	0	73	117	120	112	243	75	0	0	0	2	0	132	119	0	2	0	6	0	92	168	0	4	0	0	1	0	45	61	0	2	0	
0	0	1	1	0	0	0	0	0	1	0	3	171	118	0	3	0	0	0	183	202	167	3	0	4	0	104	165	0	112	31	0	0	0	147	26	0	115	15	0	0	21	174	59	140	76	0	2	1	0	148	191	73	0	1	0	0	0	0	0	0	2	0	0	
0	2	3	0	0	0	0	0	0	0	0	13	27	11	0	0	0	35	180	186	203	198	0	0	0	178	177	0	76	226	4	0	0	98	49	0	136	156	0	4	0	0	3	0	193	108	0	4	0	4	0	14	227	46	0	2	0	1	0	23	152	14	0	1	
0	0	0	0	0	1	0	0	0	0	10	89	0	94	37	0	2	0	54	138	0	140	9	0	3	0	96	74	24	99	0	3	4	0	155	227	198	125	6	0	1	0	10	113	188	56	9	0	0	2	0	70	68	0	2	0	0	0	1	5	2	3	0	0	
0	0	3	1	0	0	0	0	0	0	0	7	34	19	0	0	0	1	111	174	109	186	43	0	0	29	122	15	22	198	24	0	0	0	2	0	174	112	0	4	0	4	0	92	185	0	2	0	1	0	0	188	48	0	2	0	1	0	17	135	7	0	0	0	
0	0	0	2	0	1	0	0	0	0	0	4	172	74	0	3	0	3	0	125	144	152	5	0	2	0	59	156	0	110	63	0	2	0	94	39	0	109	69	0	0	4	132	42	121	141	0	0	2	0	130	193	123	19	0	1	0	0	0	0	0	2	0	0	
0	0	1	7	0	0	0	0	0	0	92	129	46	0	2	0	0	10	35	89	89	0	3	0	2	0	53	184	131	39	0	2	0	0	3	0	38	135	11	0	0	0	22	0	6	137	27	0	2	0	91	125	129	62	0	2	0	0	1	13	3	0	0	0	
0	1	0	43	45	0	2	0	0	2	0	133	47	0	2	0	1	0	36	108	0	2	0	0	3	0	77	135	178	140	3	0	4	0	124	202	64	180	51	0	4	0	129	210	159	124	3	0	1	0	11	71	47	0	0	0	0	0	0	0	0	2	1	0	
0	0	0	1	1	0	0	0	0	0	2	3	0	62	19	0	0	1	0	19	37	146	12	0	2	0	39	148	117	103	0	3	0	11	208	134	160	74	0	3	0	18	143	53	134	44	0	2	0	0	2	0	79	38	0	1	0	0	4	1	5	5	0	0	
0	0	0	0	0	0	0	0	0	0	0	0	82	15	0	1	0	0	0	10	145	6	0	0	0	2	0	62	132	0	3	0	0	3	0	100	76	0	3	0	0	1	0	121	21	0	1	0	1	0	14	142	0	0	0	0	0	0	6	24	0	0	0	0	
0	0	1	0	0	0	1	0	0	1	0	37	157	87	0	2	2	0	55	213	115	186	49	0	4	0	162	99	0	123	115	0	0	3	165	27	0	119	98	0	0	11	186	26	28	181	25	0	3	0	110	212	200	82	0	2	0	0	0	26	20	0	1	0	
0	0	0	2	0	0	0	0	0	0	2	0	43	51	0	1	0	2	0	99	184	156	1	0	2	0	62	161	109	105	7	0	4	0	93	213	200	27	0	1	0	0	1	51	121	0	2	0	0	3	0	112	69	0	2	0	0	0	0	66	8	0	0	0	
0	0	3	3	0	0	0	0	0	0	0	0	10	5	0	0	0	9	79	145	195	131	0	3	0	89	130	33	139	92	0	3	0	0	0	0	191	48	0	2	0	3	0	120	200	8	0	1	0	3	0	141	98	0	3	0	0	2	0	78	35	0	1	0	
0	0	0	0	0	0	0	0	2	0	48	117	0	0	1	1	1	0	16	112	32	0	2	0	0	0	6	67	6	0	10	25	2	0	176	175	126	165	160	83	0	3	101	123	104	67	14	0	0	0	0	0	0	0	0	1	0	0	4	5	4	3	1	0	
0	0	1	1	0	2	0	0	0	1	0	47	90	7	90	5	2	0	52	162	35	149	97	0	2	0	50	114	177	89	0	2	0	2	0	70	215	28	0	1	1	0	21	168	132	0	0	0	2	0	51	220	42	0	2	0	0	0	8	27	0	1	0	0	
0	0	1	0	0	1	0	0	0	2	0	132	177	12	0	1	2	0	57	218	137	169	0	1	3	0	143	80	0	115	64	0	0	4	151	15	0	91	86	0	0	2	145	47	130	202	12	0	3	0	110	217	160	29	0	1	0	0	0	0	0	1	1	0	
0	0	0	0	0	0	0	0	1	0	24	92	113	20	0	1	1	0	165	124	140	123	0	4	2	0	87	108	68	97	0	3	0	3	0	130	232	24	0	2	2	0	66	112	76	126	0	4	3	0	94	120	130	53	0	2	0	0	8	59	26	0	1	0	
0	0	1	1	0	1	0	0	0	1	0	16	77	8	0	0	1	0	12	147	158	59	0	3	3	0	92	47	60	95	0	3	3	0	85	152	187	45	0	2	0	0	10	29	91	33	0	1	0	0	0	1	122	9	0	0	0	0	0	12	61	0	1	0	
0	0	0	0	0	1	0	0	0	0	17	24	17	1	0	0	0	55	131	119	147	116	0	3	0	8	7	0	67	130	0	3	0	0	3	0	151	56	0	2	0	3	0	77	139	0	3	0	0	2	0	148	43	0	1	0	0	1	0	99	26	0	1	0	
0	0	0	1	0	10	3	0	0	1	0	20	142	148	26	0	0	2	0	84	45	0	0	0	2	0	42	180	40	0	1	0	1	0	17	75	138	57	0	2	1	0	73	43	31	105	0	2	1	0	28	135	183	74	0	2	0	0	0	0	2	0	0	0	
0	0	0	0	0	0	0	0	0	0	50	107	110	21	0	1	0	49	122	15	130	77	0	3	0	2	11	103	216	101	0	1	3	0	76	161	22	132	58	0	0	0	1	2	0	145	61	0	2	0	59	141	164	100	0	1	1	0	11	63	25	0	1	0	
0	0	0	0	0	0	0	0	0	0	1	0	89	12	0	0	0	0	0	15	115	0	1	0	0	1	0	40	100	0	3	0	0	3	0	78	86	0	3	0	0	2	0	104	40	0	1	0	0	0	5	99	3	0	0	0	0	0	0	2	0	0	0	0	
0	0	0	0	0	0	0	0	0	2	0	90	182	14	0	1	1	0	27	149	124	102	0	4	3	0	67	76	19	110	0	3	2	0	82	26	8	98	0	2	2	0	114	31	84	87	0	3	3	0	77	188	115	5	0	1	0	0	0	3	0	1	0	0	
0	0	0	0	0	1	0	0	1	0	5	142	111	0	1	0	2	0	40	137	160	81	0	3	0	0	9	49	131	96	0	3	1	0	5	139	200	17	0	1	0	12	43	0	49	91	0	3	0	4	169	113	108	75	0	3	1	0	29	66	31	0	0	0	
0	0	0	0	1	1	0	0	0	0	20	34	13	0	0	0	0	3	90	100	147	40	0	2	0	0	3	0	116	40	0	1	0	0	1	4	122	6	0	0	0	1	0	21	104	0	2	0	0	2	0	58	93	0	3	0	0	2	0	53	88	0	2	0	
0	0	1	3	4	2	0	0	0	0	0	0	0	0	0	0	2	0	55	116	99	73	0	2	2	0	127	106	78	88	0	2	0	1	20	0	39	69	0	3	0	0	3	0	86	31	0	1	0	1	0	23	105	0	1	0	0	2	0	61	50	0	2	0	
0	0	0	0	0	0	0	0	0	5	11	3	4	14	2	0	0	57	66	0	0	88	33	0	0	96	165	151	155	199	85	0	0	125	231	164	163	177	133	0	0	9	3	0	2	0	123	38	0	0	1	4	7	0	63	41	0	1	1	0	0	0	1	0	
0	0	1	0	60	17	0	1	0	1	0	24	163	15	0	1	0	3	0	143	77	0	3	0	2	0	48	139	14	98	0	0	3	0	128	56	124	232	22	0	3	0	111	218	238	131	0	0	0	0	2	64	58	7	0	0	0	0	1	0	0	2	0	0	
0	0	1	1	0	1	0	0	0	1	0	35	80	2	0	0	1	0	29	129	167	85	0	3	4	0	117	58	59	87	0	3	3	0	80	163	156	15	0	1	0	1	0	85	150	0	2	0	0	2	0	52	117	0	3	0	0	1	0	26	39	0	1	0	
0	0	0	3	1	0	0	0	0	0	1	0	5	39	0	0	0	1	0	99	191	73	0	1	3	0	83	194	203	3	0	1	3	0	140	149	123	72	0	1	0	0	0	31	104	1	1	0	0	3	0	73	77	0	3	0	0	1	0	28	21	15	2	0	
0	1	3	0	0	2	1	0	0	1	0	34	19	0	1	0	0	15	143	192	165	135	10	0	0	161	140	0	0	133	109	0	0	156	91	0	0	81	172	0	0	21	186	175	147	197	108	0	0	1	0	46	84	35	0	1	0	1	2	0	0	0	2	0	
0	0	0	1	0	1	0	0	0	1	0	29	30	31	49	0	0	2	0	126	34	117	47	0	2	0	48	169	56	129	0	2	3	0	152	210	236	100	0	4	0	0	21	13	127	10	0	0	0	3	0	77	99	0	3	0	0	1	0	18	12	0	0	0	
0	0	2	0	5	37	2	0	0	2	0	36	175	166	3	0	2	0	31	216	108	0	1	0	4	0	156	210	40	1	0	0	3	0	179	136	146	143	0	1	4	0	115	174	98	228	21	0	0	0	1	114	151	36	0	1	0	0	1	0	0	0	0	0	
0	0	0	1	0	0	0	0	0	0	0	0	97	104	0	2	0	3	0	84	154	91	2	0	0	0	0	139	88	73	2	0	1	0	22	221	91	0	0	0	3	0	81	95	54	0	2	0	2	0	65	137	101	0	2	0	0	0	1	47	17	0	1	0	
0	0	1	0	0	0	0	0	1	0	14	100	108	24	0	1	0	0	128	66	97	109	0	4	0	4	8	37	210	114	0	3	0	5	0	40	40	124	17	0	0	20	79	0	11	135	6	0	1	0	81	102	123	75	0	2	0	0	0	42	43	0	1	0	
0	0	0	6	4	0	0	0	3	0	72	191	99	23	0	1	1	0	23	9	20	115	0	2	1	0	18	131	150	51	0	2	1	0	13	61	120	39	0	2	0	6	29	0	59	98	0	3	0	11	114	147	155	40	0	2	0	0	0	4	5	0	0	0	
0	0	1	2	0	0	1	0	0	0	12	14	108	105	2	0	1	0	163	173	75	108	87	0	0	21	183	133	0	24	121	0	0	53	145	34	0	12	113	0	0	25	153	4	0	72	104	0	3	0	94	142	109	108	12	0	0	1	0	38	25	0	1	0	
0	1	3	1	2	3	2	0	0	0	0	0	0	0	0	0	0	20	166	125	154	147	71	0	0	141	159	0	32	101	104	0	0	59	17	0	0	107	58	0	0	0	2	0	20	114	0	0	0	2	4	0	97	105	0	4	0	0	0	2	150	25	0	1	
0	0	0	1	3	0	0	0	0	0	0	0	2	34	0	0	0	2	0	41	172	111	0	3	0	3	0	151	255	77	0	3	0	4	0	136	189	12	0	1	0	0	2	170	36	0	1	0	2	0	59	135	0	4	0	0	1	0	25	34	0	1	0	0	
0	0	0	0	0	0	0	0	0	0	0	4	13	7	0	0	0	1	0	150	207	85	0	4	0	0	0	18	66	68	0	3	0	0	3	0	88	32	0	1	0	1	0	33	102	0	1	0	1	0	32	128	15	0	1	0	3	0	89	61	0	2	0	0	
0	0	1	2	0	0	0	0	0	0	2	0	27	135	69	0	1	0	3	169	203	75	157	15	3	0	101	214	115	0	151	3	0	16	169	30	121	180	88	0	0	88	124	0	125	156	0	1	0	90	163	142	125	0	2	0	0	2	56	53	0	2	1	0	
0	0	0	0	49	17	0	1	0	2	0	71	81	0	2	0	1	0	17	124	5	17	2	0	3	0	86	65	109	216	37	0	3	0	131	163	155	181	58	0	3	0	121	255	169	106	4	0	0	0	1	11	4	0	0	0	0	0	1	0	1	4	0	0	
0	0	0	0	7	8	0	0	0	0	3	0	80	91	0	3	0	0	3	0	129	65	0	2	0	1	0	17	183	18	0	1	0	3	0	104	101	0	3	0	0	0	0	200	48	0	2	0	1	0	10	119	24	0	1	0	0	0	0	0	0	0	0	0	
0	0	0	0	0	0	0	0	0	1	0	38	92	24	0	1	1	0	14	218	224	144	0	3	0	0	5	8	26	133	0	2	3	0	59	175	210	45	0	2	1	0	39	72	86	30	0	1	0	0	31	28	49	63	0	2	1	0	64	111	90	13	0	1	
0	0	2	1	0	0	0	0	0	1	0	52	79	19	0	1	2	0	63	107	84	92	0	3	3	0	135	75	139	78	0	3	1	0	28	64	156	42	0	2	0	1	0	16	154	1	0	0	0	2	0	74	139	0	3	0	0	1	0	39	44	0	1	0	
0	0	1	1	0	1	1	0	0	2	0	21	115	94	0	2	2	0	32	194	216	189	30	0	0	1	148	69	2	40	90	0	0	79	106	0	8	0	65	30	0	120	73	0	0	19	116	7	0	40	137	71	85	110	53	0	1	0	27	54	39	7	0	1	
0	0	0	1	0	0	0	0	0	1	0	18	169	64	0	2	0	2	0	118	142	153	0	3	1	0	31	106	65	142	0	3	3	0	123	52	134	87	0	3	4	0	152	114	184	30	0	1	2	0	50	200	77	0	2	0	0	0	0	1	1	1	0	0	
0	0	1	1	0	0	0	0	0	0	0	21	71	115	92	0	2	0	29	136	130	105	44	0	4	0	113	153	23	0	1	0	2	0	66	120	117	32	0	1	0	22	18	0	17	48	0	2	0	32	170	126	112	47	0	2	1	0	20	65	43	0	0	0	
0	2	3	4	2	0	0	0	0	0	0	0	1	6	0	0	0	48	90	129	186	204	21	0	0	80	171	82	71	189	9	0	0	0	3	0	95	130	0	4	0	2	3	4	166	31	0	1	0	2	0	57	154	0	3	0	0	2	0	66	78	0	2	0	
0	0	0	12	104	0	0	0	0	2	0	105	89	0	3	0	2	0	39	113	0	7	0	0	3	0	104	41	109	197	58	0	0	13	160	103	78	77	116	0	1	0	118	234	148	85	31	0	0	0	2	20	19	0	0	0	0	0	2	0	0	2	2	0	
0	0	1	0	0	0	0	0	1	0	16	98	144	57	0	2	1	0	155	88	101	185	0	2	0	0	177	36	108	109	0	3	2	0	35	143	190	91	0	4	0	0	14	33	166	152	0	0	3	0	122	249	163	37	3	0	1	0	12	44	4	0	0	0	
0	0	0	26	21	0	1	0	1	0	17	200	234	86	0	3	0	0	7	23	73	136	0	2	0	0	2	0	42	95	0	3	0	0	6	94	196	113	31	0	0	1	208	255	243	132	22	0	0	0	105	97	44	13	0	0	0	0	0	0	0	1	1	0	
0	0	1	1	0	1	0	0	0	1	0	38	67	0	0	0	1	0	12	187	246	66	0	3	4	0	95	141	203	77	0	3	3	0	69	243	200	0	0	0	0	0	0	53	172	0	0	0	0	1	0	13	203	31	0	1	0	0	0	1	80	20	0	1	
1	0	52	112	57	0	1	0	0	0	144	217	124	0	1	0	0	0	3	0	71	61	0	2	0	1	0	10	131	30	0	1	1	0	36	147	112	0	3	0	0	34	247	222	214	218	106	0	0	10	67	31	49	85	50	0	0	0	0	0	0	0	0	0	
0	0	0	0	0	0	0	0	0	2	0	56	183	55	0	2	0	3	0	105	113	32	0	1	0	0	3	145	15	0	1	0	1	0	14	171	49	0	2	0	0	1	0	12	178	56	0	2	1	0	64	119	159	48	0	2	0	0	3	8	2	0	0	0	
0	1	1	0	0	0	1	0	2	0	81	225	216	104	0	1	0	48	239	133	54	156	100	0	0	151	170	0	0	32	191	6	0	116	119	0	0	102	235	15	0	32	176	82	147	255	145	0	2	0	54	190	229	124	2	0	0	1	1	0	0	0	1	0	
0	0	0	1	0	0	0	0	0	1	0	26	170	16	0	1	0	3	0	89	255	40	0	2	0	3	0	158	255	37	0	2	1	0	20	234	217	5	0	1	2	0	25	255	179	0	2	0	0	0	0	161	99	0	3	0	0	0	0	0	1	0	0	0	
0	0	1	1	0	0	0	0	1	0	14	145	12	0	1	0	0	3	0	158	65	0	2	0	0	3	0	108	144	0	4	0	0	2	0	66	151	0	3	0	0	2	0	45	180	0	1	0	0	1	0	15	153	13	0	1	0	0	0	0	0	0	0	0	
0	2	1	1	2	0	0	0	0	0	0	0	0	3	1	0	0	108	146	138	88	0	2	0	0	26	5	72	199	69	40	0	3	0	98	205	201	116	104	0	0	1	12	56	140	0	3	0	0	1	0	18	171	13	0	0	0	0	2	0	65	20	0	1	
0	0	0	0	1	1	0	0	0	74	220	168	58	0	2	0	0	43	94	95	173	50	0	2	0	0	2	0	64	162	0	2	1	0	39	154	164	192	0	1	3	0	50	255	254	218	77	0	1	0	0	166	141	2	3	0	0	0	0	0	0	0	0	0	
0	0	0	0	0	0	0	0	7	55	42	54	79	72	4	0	15	100	202	255	252	196	12	0	2	0	91	206	222	54	0	2	0	22	14	0	92	211	35	0	0	125	149	0	0	154	135	0	0	14	169	162	157	215	59	0	0	0	5	72	96	33	0	1	
0	0	0	0	0	0	0	0	0	12	127	153	28	0	1	0	0	83	185	115	140	0	3	0	0	1	24	189	185	0	1	0	3	0	90	169	152	137	4	0	0	0	7	11	0	112	101	0	1	0	21	144	143	187	49	0	0	1	0	26	69	23	0	1	
0	1	0	0	0	0	0	0	0	20	66	63	107	94	3	0	0	136	139	94	67	11	0	0	0	128	113	90	95	107	38	0	0	7	61	66	51	92	167	0	0	0	1	18	11	154	86	0	1	0	31	203	174	78	0	1	0	0	5	40	11	0	2	0	
0	0	0	0	3	1	0	0	0	8	9	0	64	63	0	2	0	65	70	0	36	133	0	1	0	72	138	0	0	128	28	0	0	35	229	191	138	187	55	0	1	0	40	90	56	43	117	0	0	1	0	0	2	0	100	51	0	0	2	3	2	1	1	1	
0	1	1	0	2	3	0	0	1	0	30	79	6	0	0	0	0	13	169	141	143	86	0	2	0	75	133	0	167	209	0	1	0	30	162	142	95	148	18	0	1	0	27	40	0	152	36	0	0	1	1	3	0	156	72	0	0	0	1	3	0	66	29	0	
0	0	0	0	0	0	0	0	0	14	142	142	138	149	46	0	0	93	159	51	89	82	26	0	0	84	135	33	11	1	0	0	0	0	52	139	184	159	20	0	0	7	50	3	0	133	113	0	1	0	82	158	170	206	25	0	0	1	0	34	68	18	0	1	
0	0	0	0	2	3	0	0	1	0	36	68	9	0	1	0	2	0	148	142	178	56	4	0	2	0	82	106	86	174	50	0	0	0	0	3	0	110	32	0	0	0	3	0	69	123	0	2	1	0	22	111	145	18	0	1	2	0	51	96	7	0	1	0	
0	15	43	0	1	0	0	0	0	24	145	0	2	1	1	0	1	0	151	34	0	2	0	0	2	0	138	23	94	167	14	0	2	0	144	27	115	124	88	0	3	0	83	206	219	198	57	0	0	0	0	48	64	9	0	1	0	0	1	0	0	1	2	0	
0	2	1	0	0	0	0	0	0	0	0	61	93	23	0	1	0	72	184	181	163	158	0	3	0	30	35	0	49	189	3	0	1	0	7	105	209	220	49	0	3	0	111	151	193	41	0	2	0	1	0	51	146	0	3	0	0	1	0	40	41	0	1	0	
0	1	3	2	3	2	0	0	0	0	0	0	0	0	0	0	0	55	182	170	184	67	0	2	0	70	105	33	78	136	0	2	0	0	1	0	36	145	0	2	0	0	5	0	97	94	0	3	0	0	3	0	121	51	0	2	0	0	2	0	106	24	0	1	
0	0	0	0	0	1	0	0	0	4	32	0	19	17	0	1	0	40	160	0	112	157	0	3	0	74	129	0	98	189	0	3	0	56	221	180	205	149	0	3	0	0	128	97	23	163	11	0	0	0	0	2	0	142	38	0	0	0	3	5	0	41	17	0	
0	0	1	0	0	0	1	0	0	0	2	61	82	51	0	1	0	1	127	138	100	222	55	0	1	0	86	56	137	162	19	0	3	0	54	255	121	0	3	0	3	0	140	71	80	17	0	0	2	0	112	102	145	40	0	2	0	0	0	103	103	0	0	0	
0	0	1	1	0	1	0	0	0	0	0	13	62	5	0	0	0	0	5	111	141	83	0	3	3	0	81	100	132	116	0	4	2	0	57	136	171	74	0	3	0	0	0	1	144	20	0	1	0	2	0	107	111	0	3	0	0	0	5	80	9	0	0	0	
0	0	1	0	1	0	0	0	0	0	5	30	5	0	0	0	0	0	143	141	91	2	0	0	0	0	170	182	197	35	0	2	1	0	24	85	68	107	0	2	0	0	1	0	2	129	9	0	0	0	1	2	4	148	13	0	0	0	0	0	4	109	6	0	
0	0	0	0	1	1	0	0	2	0	57	189	74	0	3	0	2	0	96	195	135	9	0	1	1	0	14	203	237	202	25	0	2	0	133	114	1	186	40	0	0	0	11	51	153	150	0	3	2	0	26	212	153	6	0	1	0	0	0	0	0	1	0	0	
0	1	1	0	0	1	3	0	1	0	19	127	37	0	1	1	0	25	189	143	127	114	79	3	0	90	170	0	20	0	75	98	0	90	147	0	0	32	152	79	0	28	181	117	150	186	69	0	2	0	43	141	99	6	0	1	0	1	1	0	0	1	3	0	
0	0	0	0	0	0	0	0	0	1	0	35	101	0	2	0	0	1	0	39	161	0	1	0	0	2	0	48	141	0	3	0	0	3	0	102	104	0	3	0	0	3	0	161	71	0	2	0	0	2	0	123	35	0	1	0	0	0	0	0	0	0	0	0	
0	0	1	1	0	0	0	0	2	0	59	98	0	3	0	0	1	0	11	169	24	0	1	0	0	4	0	130	96	0	3	0	0	2	0	59	153	0	3	0	0	0	0	0	183	83	0	3	0	0	3	0	99	120	0	3	0	0	0	0	1	0	0	0	
0	0	0	0	0	0	0	0	1	0	38	82	60	1	0	0	0	0	127	187	200	0	0	1	1	0	25	196	37	0	2	0	0	0	0	77	121	22	0	1	0	0	2	0	49	165	0	1	0	0	2	98	167	112	0	2	0	0	0	86	58	0	1	0	
0	0	0	0	0	2	0	0	0	72	179	168	94	0	1	0	0	61	58	25	161	93	0	3	0	0	1	0	17	137	0	0	1	0	17	97	115	172	1	0	3	0	69	255	255	135	0	3	1	0	5	160	131	0	1	0	0	0	0	0	0	2	0	0	
0	0	0	1	1	0	0	0	0	0	1	0	45	41	0	1	0	2	0	41	214	144	0	4	0	4	0	110	223	75	0	3	0	1	0	29	201	15	0	1	0	2	0	122	97	0	3	0	2	0	68	117	0	1	0	0	1	0	62	17	0	1	0	0	
0	3	3	1	2	0	0	0	0	0	0	0	0	0	0	0	7	97	125	130	65	0	2	0	24	94	27	78	204	25	0	1	0	2	0	126	155	128	26	0	1	5	0	40	120	163	97	0	0	0	0	0	80	82	6	0	0	0	0	0	0	0	0	0	
0	0	1	0	1	1	0	0	0	0	3	33	0	21	19	0	3	0	75	170	10	192	43	0	3	0	162	53	144	96	0	3	2	0	105	122	233	68	0	2	1	0	0	200	108	10	0	1	0	0	13	107	0	0	0	0	0	0	11	20	0	1	0	0	
0	0	0	0	0	2	0	0	0	1	2	0	21	8	0	0	0	69	106	0	119	106	0	3	0	134	129	0	38	182	3	0	0	71	228	185	160	206	40	0	0	0	24	44	20	93	100	0	0	1	0	1	0	24	136	2	0	0	1	2	2	0	39	14	
0	0	0	0	0	0	0	0	0	1	0	35	134	43	0	2	0	0	2	118	105	114	0	4	0	0	6	1	100	85	0	3	1	0	14	167	202	0	0	1	4	0	131	197	153	18	0	1	1	0	38	5	103	56	0	2	0	0	0	0	13	8	0	0	
0	0	0	0	0	0	0	0	0	18	72	78	136	89	0	2	0	107	243	160	145	58	0	2	0	37	156	137	151	126	12	0	0	0	0	0	4	63	109	0	2	0	108	90	2	67	176	5	2	0	37	191	230	208	44	0	0	0	0	9	37	6	0	0	
