500	64	10
0	1	4	3	1	0	0	0	0	0	0	0	3	12	0	0	0	23	128	141	167	178	0	0	0	94	125	39	89	137	0	3	0	1	4	0	113	96	0	3	0	0	6	0	155	49	0	2	0	1	0	23	175	3	0	0	0	1	0	20	134	0	0	0	
0	0	0	0	1	1	0	0	11	47	16	11	3	0	0	0	14	143	156	154	190	199	54	0	0	2	0	137	255	103	0	1	1	3	0	37	85	176	92	0	2	0	103	125	70	198	106	0	1	0	84	149	131	52	0	1	0	0	0	0	0	0	1	0	
0	0	0	0	2	3	0	0	0	64	45	7	2	0	0	0	0	78	105	147	164	114	0	2	0	0	4	0	138	165	0	4	0	4	0	19	209	47	0	2	0	3	0	142	158	0	3	0	0	0	0	188	46	0	2	0	0	0	1	58	5	0	0	0	
0	0	0	0	1	4	0	0	1	0	47	34	2	0	0	0	2	0	56	153	164	110	8	0	0	0	2	0	70	223	14	0	0	2	0	36	209	61	0	2	2	0	40	209	77	0	3	0	0	13	189	62	0	4	0	0	0	30	55	0	4	0	0	0	
0	0	0	2	1	0	0	0	0	0	2	0	64	45	0	2	0	2	0	59	128	22	0	1	1	0	17	130	1	0	0	0	0	0	0	96	48	0	1	0	0	0	0	8	120	5	0	0	0	1	0	87	77	0	2	0	0	0	1	34	3	0	0	0	
0	0	0	0	0	2	0	0	0	28	75	48	39	6	0	0	0	55	197	197	225	155	0	1	0	0	2	0	41	202	5	0	0	2	5	0	150	147	0	4	0	2	0	60	218	25	0	1	1	0	0	213	169	4	0	1	1	0	10	97	14	0	1	0	
0	0	2	0	0	0	0	0	0	2	0	50	44	87	0	1	2	0	97	140	46	211	8	0	0	67	186	0	95	196	0	2	0	118	201	112	220	147	0	4	0	1	71	84	234	61	0	3	0	2	0	27	168	5	0	0	0	0	3	1	15	2	0	0	
0	0	1	3	0	0	0	0	0	1	1	0	10	24	0	0	1	0	15	135	183	177	22	0	0	19	218	202	151	176	25	0	0	21	160	118	156	177	0	2	0	0	3	0	153	89	0	3	0	2	0	43	202	9	0	1	0	2	0	63	115	0	2	0	
0	0	2	0	0	1	1	0	0	0	3	56	69	18	0	1	0	0	111	81	52	86	55	0	0	59	71	0	0	102	52	0	0	95	48	46	79	114	19	0	0	22	85	54	12	103	0	0	0	0	1	0	34	90	0	3	0	1	4	0	25	40	0	2	
0	0	0	0	1	0	0	0	0	0	2	0	65	37	0	1	0	0	2	4	187	39	0	2	0	2	0	45	197	0	0	0	0	3	0	83	164	0	3	0	0	4	0	136	123	0	4	0	0	3	0	119	80	0	3	0	0	0	0	13	13	0	0	0	
0	0	2	1	0	0	1	0	0	3	0	54	157	158	38	0	2	0	44	199	59	66	136	0	0	15	175	42	0	0	137	50	0	104	96	0	0	38	148	7	0	136	92	12	90	163	45	0	0	31	157	153	116	15	0	1	0	0	0	0	0	1	2	0	
0	0	1	0	0	0	0	0	0	2	0	86	62	20	0	1	1	0	20	188	165	94	0	4	4	0	123	109	134	96	0	0	0	27	225	153	219	177	33	0	0	21	80	67	200	15	0	1	0	1	0	14	188	23	0	1	0	1	3	2	25	3	0	0	
0	0	0	0	0	0	0	0	0	1	0	49	117	7	0	1	3	0	85	161	140	61	0	2	4	0	103	110	138	42	0	2	1	1	0	159	209	111	0	3	0	1	0	60	87	138	0	3	0	1	0	27	159	39	0	2	0	1	0	23	28	0	1	0	
0	0	3	3	0	0	0	0	0	0	0	0	0	0	1	2	2	0	91	72	0	1	0	0	1	0	32	171	32	0	42	61	3	0	89	191	112	121	99	46	2	0	85	93	35	5	0	0	0	0	0	0	0	0	3	2	0	0	3	4	1	0	0	0	
0	0	0	0	0	0	0	0	0	0	4	0	45	15	0	0	2	0	61	7	98	44	0	2	3	0	119	86	123	54	0	2	1	0	60	63	130	67	0	3	0	0	2	0	55	89	0	3	0	0	3	0	46	93	0	3	0	0	0	0	2	13	0	0	
0	0	0	0	0	1	2	0	0	4	19	18	9	2	0	0	0	91	217	214	192	213	95	0	0	8	21	19	43	254	102	0	0	0	2	0	174	150	0	2	0	3	0	109	188	0	2	0	2	0	50	236	36	0	2	0	3	0	91	164	0	0	0	0	
0	0	0	0	0	0	0	0	1	0	18	93	135	19	0	1	0	20	155	183	117	16	0	1	0	28	148	88	86	116	43	0	0	0	0	0	0	16	98	0	0	5	89	1	1	109	96	0	2	0	107	160	184	130	0	0	0	0	2	49	36	0	1	0	
0	0	0	0	1	0	0	0	1	0	75	95	11	0	1	1	0	0	55	125	202	12	0	1	0	2	0	129	147	0	1	15	2	0	141	215	57	100	128	94	0	9	197	173	143	106	44	2	0	0	0	0	0	0	0	1	0	0	0	2	4	4	2	0	
1	1	2	4	5	2	0	0	0	0	0	0	0	0	0	0	37	38	59	108	130	54	0	2	74	131	140	101	95	167	16	0	0	0	0	2	0	145	32	0	2	2	4	1	10	181	15	0	0	0	2	0	63	159	0	3	0	0	2	0	49	64	0	2	
0	0	0	1	0	0	0	0	0	0	0	7	67	73	51	7	0	0	0	143	175	129	119	32	3	0	100	171	0	2	0	0	2	0	65	165	185	65	0	3	0	1	0	21	215	71	0	3	2	0	59	214	108	0	3	0	2	0	85	87	0	2	0	0	
0	0	0	1	1	1	1	0	2	0	81	196	167	30	0	2	1	0	166	57	71	181	6	0	1	0	33	8	0	161	44	0	0	0	50	110	131	194	7	0	0	51	255	242	222	185	100	0	0	5	83	100	15	14	155	40	0	0	0	0	1	2	2	3	
0	0	1	2	0	0	1	1	0	6	2	8	129	139	58	0	0	0	15	56	75	33	165	53	2	0	53	204	53	80	175	68	0	25	160	198	175	103	46	0	0	46	115	130	76	0	3	0	0	5	162	186	20	0	3	0	1	0	28	30	0	1	0	0	
0	1	0	25	76	0	1	0	0	3	0	81	184	0	1	0	0	3	0	156	98	0	4	0	0	3	0	174	184	28	0	1	2	0	32	226	243	198	0	0	4	0	96	255	237	160	0	2	0	0	4	36	67	15	0	1	0	0	0	0	0	1	0	0	
0	0	3	0	78	64	0	2	0	1	0	127	205	43	0	2	3	0	144	194	1	0	1	0	0	34	206	50	155	178	120	0	0	103	165	149	83	20	196	25	0	46	225	219	108	161	96	0	1	0	32	78	89	37	0	0	0	1	0	0	0	0	3	0	
0	0	5	1	0	0	0	0	2	0	117	165	13	0	1	0	0	1	0	158	64	0	2	0	0	0	0	161	118	0	0	0	0	0	0	0	111	102	0	2	1	0	14	42	35	149	0	2	1	0	4	135	177	48	0	2	0	0	0	1	2	0	0	0	
0	0	1	3	4	3	3	0	0	2	1	0	0	0	0	0	1	0	6	81	141	175	90	0	0	45	199	147	58	67	183	0	0	181	70	0	0	110	120	0	0	146	147	136	170	127	4	0	0	8	56	46	12	0	1	0	0	1	0	0	0	3	1	0	
0	0	0	10	63	17	0	1	0	3	0	118	167	86	0	2	1	0	44	143	0	2	0	0	4	0	105	207	152	131	6	0	0	29	235	101	0	120	100	0	0	45	121	168	68	167	74	0	0	1	0	82	153	76	0	1	0	1	3	0	0	0	1	0	
0	0	1	1	0	0	0	0	0	2	0	68	56	0	2	0	1	0	5	164	156	57	0	3	3	0	115	110	138	58	0	2	0	21	217	119	214	154	107	9	0	7	77	105	191	59	43	3	0	1	0	43	148	0	2	0	0	1	1	15	25	0	2	0	
0	0	0	0	0	0	0	0	0	17	73	67	5	0	0	0	0	79	113	147	162	0	2	0	0	0	0	127	77	0	2	0	2	0	50	194	157	79	0	2	0	0	0	7	44	173	15	0	0	0	2	0	52	159	1	0	0	0	2	0	76	63	0	2	
0	0	3	1	0	0	1	0	0	2	0	20	106	104	16	0	2	0	52	236	177	194	178	0	0	47	247	131	0	13	199	30	0	157	173	0	2	91	197	6	0	105	243	180	211	203	53	0	0	2	79	114	51	3	0	1	0	1	0	0	0	2	2	0	
0	0	1	1	0	1	0	0	0	1	0	38	89	0	1	0	1	0	3	153	46	19	13	0	3	0	100	91	8	143	9	0	3	0	86	111	177	56	0	2	0	3	0	100	114	0	3	0	0	1	0	121	21	0	1	0	0	0	0	16	2	0	0	0	
0	0	0	1	3	2	1	0	0	20	49	0	0	0	0	0	0	35	191	178	191	201	51	0	1	0	84	223	229	101	11	0	0	32	229	221	159	226	148	0	0	1	4	0	130	224	59	0	2	0	44	201	157	17	0	1	2	0	61	81	0	2	2	0	
0	0	0	0	5	0	0	0	0	1	0	103	179	82	0	3	1	0	25	139	174	103	0	3	0	3	0	90	179	0	2	0	0	0	7	26	168	61	0	2	3	0	116	25	148	133	0	4	3	0	79	173	118	7	0	1	0	0	0	5	0	0	0	0	
0	0	0	1	0	0	1	1	0	0	4	0	46	136	49	0	0	0	6	89	56	82	138	23	1	0	100	221	75	42	175	59	0	86	145	201	167	152	119	5	0	117	146	174	7	0	1	0	0	16	128	50	0	6	4	0	0	0	0	1	1	0	0	0	
0	0	0	11	3	0	1	0	1	0	99	149	108	35	0	1	0	0	152	31	8	89	16	0	1	0	16	154	173	94	12	0	2	0	67	102	68	113	47	0	0	0	147	22	0	59	157	0	1	0	100	123	120	113	27	0	0	0	2	15	12	0	0	0	
0	0	0	0	0	0	0	0	0	0	1	0	53	26	0	1	0	1	0	22	212	33	0	2	0	3	0	113	180	0	3	0	0	4	0	141	118	0	3	0	0	3	0	151	71	0	2	0	0	3	0	129	39	0	1	0	0	1	0	42	17	0	1	0	
0	0	0	0	0	0	0	0	0	2	0	84	71	0	2	0	0	3	0	147	66	0	2	0	0	3	0	122	73	0	3	0	0	3	0	83	118	0	3	0	0	2	0	53	147	0	3	0	0	1	0	11	179	25	0	1	0	0	1	0	23	11	0	0	
0	0	0	3	2	0	3	0	0	0	3	0	4	6	0	0	0	2	0	70	188	242	86	0	1	0	147	182	62	112	172	47	0	97	159	0	0	19	157	29	0	141	149	91	154	171	49	0	0	22	114	94	37	2	0	1	0	0	0	0	0	2	2	0	
0	0	2	1	0	0	0	0	0	1	0	25	71	7	0	0	2	0	50	112	122	90	0	3	0	6	129	10	177	113	0	4	0	16	138	104	204	55	0	2	1	0	18	12	137	24	0	1	0	1	0	32	136	0	2	0	0	1	0	18	39	0	1	0	
0	0	0	0	0	0	1	0	0	6	84	45	11	4	0	0	0	1	90	158	218	243	128	0	0	0	100	221	202	101	24	0	0	0	103	145	125	191	41	0	0	6	25	82	151	175	27	0	0	129	158	103	43	1	0	0	1	10	0	0	0	2	1	0	
0	2	4	0	0	3	0	0	0	0	0	8	23	0	0	0	0	63	176	179	185	120	0	2	0	103	94	23	8	202	23	0	0	0	1	0	24	193	12	0	0	2	7	0	119	116	0	3	0	1	0	2	199	42	0	2	0	1	0	11	138	15	0	1	
0	0	0	2	4	4	3	0	0	0	2	0	0	0	0	0	0	1	0	45	97	108	86	2	1	0	119	170	76	48	161	46	0	89	173	0	12	111	115	0	0	80	186	147	135	82	2	0	0	0	19	15	0	0	2	0	0	1	0	0	2	3	0	0	
0	0	0	0	0	0	0	0	0	1	0	98	23	0	1	0	1	0	27	177	4	0	0	0	3	0	71	139	124	130	0	2	1	0	23	176	192	157	0	3	0	0	3	0	139	73	0	3	0	0	0	4	111	7	0	0	0	0	0	0	0	1	0	0	
0	0	1	1	0	0	0	0	0	1	0	14	50	12	0	1	0	0	7	153	142	107	0	4	3	0	130	100	132	85	0	11	0	41	232	120	210	145	137	48	0	24	90	96	189	24	3	0	0	0	1	0	106	27	0	2	0	1	4	3	1	1	0	0	
0	0	1	1	0	0	0	0	0	1	0	0	0	13	2	0	0	48	106	103	137	147	0	1	0	1	17	0	103	74	0	3	0	0	2	0	127	26	0	1	0	1	0	25	132	0	1	0	0	2	0	60	112	0	3	0	0	2	0	61	68	0	2	0	
0	0	0	0	0	2	1	0	1	0	38	46	6	1	0	0	2	0	42	140	112	157	41	0	0	0	2	0	40	180	17	0	0	2	0	27	170	38	0	2	1	0	18	170	55	0	3	0	0	4	137	58	0	3	0	0	0	26	46	0	3	0	0	0	
0	0	0	9	3	0	0	0	0	21	139	154	153	54	0	2	0	23	85	0	39	161	7	0	0	0	0	0	0	140	17	0	1	0	89	121	143	197	74	20	0	22	146	61	192	94	111	37	0	1	117	145	41	0	2	0	0	0	5	4	0	3	4	1	
0	0	0	2	0	0	0	0	0	1	4	0	100	44	0	2	0	3	0	115	238	134	0	3	1	0	130	130	60	144	0	3	0	115	225	60	152	217	47	0	0	94	146	78	161	112	0	3	0	0	3	0	104	52	0	2	0	2	4	2	13	3	0	0	
0	0	0	0	1	1	0	0	0	1	20	28	18	0	0	0	0	15	95	88	118	67	0	3	0	0	3	0	84	68	0	3	0	0	4	0	102	28	0	1	0	0	0	5	105	2	0	0	0	1	0	38	108	0	3	0	0	1	0	41	65	0	2	0	
0	0	2	3	0	0	0	0	0	1	1	0	33	63	0	0	1	0	26	127	126	114	42	0	0	39	203	102	36	123	38	0	0	48	179	111	227	137	0	1	0	2	0	70	155	0	1	0	0	4	0	172	70	0	3	0	0	1	0	64	33	0	1	0	
0	0	0	0	0	0	0	0	0	0	0	11	9	0	0	0	1	0	33	151	145	48	0	2	2	0	57	78	78	59	0	2	0	0	6	0	106	24	0	1	0	0	1	0	130	18	0	1	0	0	1	0	134	13	0	0	0	0	1	0	96	14	0	1	
0	0	0	0	0	1	0	0	1	0	16	131	46	0	1	0	0	0	7	80	201	77	0	3	0	1	0	11	167	52	0	8	2	0	67	226	132	93	133	71	0	9	209	192	122	80	22	1	0	2	7	0	0	0	0	0	0	0	0	1	4	3	1	0	
0	0	5	4	0	1	0	0	0	3	135	174	112	0	0	0	0	3	14	11	179	87	0	3	0	0	4	0	134	96	0	3	0	1	0	26	181	17	0	1	1	0	14	205	159	9	0	1	3	0	84	166	135	166	39	0	0	0	0	0	0	7	7	0	
0	0	3	2	0	0	0	0	0	1	0	0	51	74	0	0	2	0	65	169	159	142	21	0	0	59	203	52	1	69	29	0	0	53	183	134	234	206	16	0	0	1	0	83	190	9	0	1	0	3	0	180	62	0	3	0	0	1	0	70	20	0	0	0	
0	1	0	68	15	0	1	0	2	0	58	181	4	3	3	0	3	0	149	68	0	2	0	0	0	20	165	0	83	136	72	0	0	22	169	125	146	70	182	9	3	0	93	245	116	126	70	0	0	1	0	37	73	26	0	1	0	0	2	0	0	1	2	0	
0	0	0	0	1	0	0	0	0	0	1	0	15	103	5	0	0	0	3	0	135	174	0	3	0	1	0	9	216	62	0	3	0	3	0	120	185	0	2	0	2	0	29	218	49	0	2	0	4	0	102	154	0	4	0	0	0	0	12	15	0	0	0	0	
0	0	2	0	2	2	0	0	0	0	0	15	4	0	0	0	2	0	101	207	93	48	0	1	0	2	200	136	217	169	0	3	1	0	93	132	144	109	0	4	0	0	1	0	166	43	0	2	0	2	0	67	151	0	3	0	0	3	0	75	72	0	2	0	
0	0	1	3	3	0	0	0	0	0	0	0	0	0	0	0	0	7	116	117	53	2	2	2	0	2	0	66	191	18	0	1	2	0	62	172	62	30	49	36	3	0	89	147	87	92	77	34	0	0	0	0	0	0	0	0	0	0	2	3	2	3	3	1	
0	0	0	0	0	1	0	0	0	0	168	203	118	18	0	1	0	56	252	147	125	132	0	2	0	31	179	0	57	149	0	2	3	0	162	249	249	225	91	0	1	0	174	130	77	87	180	8	2	0	115	74	49	135	69	0	0	0	2	19	21	11	0	0	
0	0	0	2	0	0	0	0	0	0	1	6	33	26	3	0	0	1	0	140	155	165	145	46	2	0	135	194	31	12	9	5	1	0	139	126	208	144	0	4	0	18	37	88	183	33	0	2	0	25	132	129	28	0	1	0	0	0	0	0	1	1	0	0	
0	0	0	6	20	4	0	0	0	1	0	46	82	126	4	0	0	0	2	0	61	101	0	1	0	0	64	135	102	0	1	0	0	9	96	58	99	56	0	2	0	17	82	0	11	134	8	0	1	0	53	100	99	76	0	1	0	0	0	8	15	1	0	0	
0	0	0	0	0	0	0	0	1	0	12	79	37	0	0	0	1	0	17	134	170	193	5	0	0	0	2	0	148	135	0	3	0	3	0	108	195	0	0	1	1	0	19	206	36	0	2	0	4	0	117	126	0	4	0	0	1	0	51	16	0	0	0	0	
0	0	1	2	3	2	3	1	0	1	1	0	0	0	0	0	0	0	6	48	81	71	76	35	0	44	180	79	25	75	117	45	0	26	46	117	136	63	7	0	2	0	79	112	115	0	2	1	1	0	79	82	21	0	1	0	0	0	0	1	0	0	0	0	
0	0	0	0	0	0	0	0	0	0	0	3	99	15	0	1	0	1	0	27	220	25	0	1	0	3	0	94	202	0	1	0	0	4	0	134	155	0	4	0	0	4	0	163	123	0	4	0	0	3	0	149	59	0	2	0	0	1	0	22	11	0	0	0	
0	0	0	0	1	0	0	0	0	0	1	0	39	40	0	2	0	0	3	0	144	66	0	3	0	1	0	8	176	21	0	1	0	2	0	71	159	0	2	0	0	4	0	137	80	0	3	0	0	1	0	133	20	0	1	0	0	0	0	15	1	0	0	0	
0	0	0	0	1	4	1	0	0	7	20	7	1	0	0	0	0	124	207	194	178	127	14	0	0	12	14	21	81	230	23	0	0	0	2	0	173	125	0	3	0	3	0	73	216	7	0	1	0	4	0	162	128	0	4	0	0	2	0	130	77	0	2	0	
0	0	1	0	1	2	0	0	1	0	11	82	38	0	1	0	0	0	132	100	152	49	0	2	0	52	91	0	106	123	0	4	0	45	120	44	161	63	0	3	0	0	71	87	83	81	0	3	0	1	2	0	53	127	0	3	0	0	3	0	16	59	0	1	
0	0	0	0	0	0	0	0	0	1	0	36	119	0	0	0	0	2	0	60	213	0	0	0	0	3	0	81	169	0	2	0	0	4	0	124	133	0	4	0	0	3	0	163	88	0	3	0	0	0	0	138	19	0	1	0	0	0	2	17	0	0	0	0	
0	2	4	3	3	3	0	0	0	0	0	0	0	0	0	0	19	122	121	92	101	126	13	0	0	26	53	55	46	168	19	0	0	0	2	0	45	138	0	2	0	1	5	0	129	73	0	3	0	0	0	8	151	13	0	1	0	1	0	26	129	0	2	0	
0	1	0	36	60	0	2	0	0	0	0	199	100	0	6	0	4	0	98	187	0	1	0	0	0	0	185	62	0	110	83	0	0	28	189	0	84	255	97	0	0	3	185	148	223	160	0	0	1	0	30	97	50	0	2	0	0	0	1	0	0	2	1	0	
0	0	0	0	0	0	0	0	0	0	174	216	63	0	1	0	0	7	70	149	229	8	0	1	0	2	0	35	228	26	0	2	0	3	0	75	208	40	26	0	1	0	19	188	253	214	134	0	1	0	150	212	80	6	0	0	0	0	0	0	0	1	1	0	
0	0	0	0	0	3	1	0	2	11	3	7	0	0	0	0	11	178	205	215	208	161	19	0	0	22	42	44	46	227	66	0	0	0	3	0	76	195	0	0	0	2	0	18	220	69	0	3	0	4	0	134	193	0	3	0	0	3	0	109	96	0	3	0	
0	0	0	0	0	1	0	0	0	7	12	4	23	4	0	0	0	26	139	139	166	114	0	3	0	0	6	0	56	138	0	3	0	1	2	0	140	49	0	2	0	2	0	64	134	0	2	0	0	0	0	164	43	0	1	0	1	0	34	123	0	1	0	0	
0	0	0	0	0	0	0	0	0	27	76	71	79	61	12	0	0	47	173	163	235	253	60	0	1	0	61	191	252	111	0	0	0	12	192	182	117	228	51	0	0	0	1	0	125	190	4	0	0	2	106	198	156	9	0	1	0	5	115	56	0	2	1	0	
0	0	1	0	0	0	0	0	1	0	33	130	94	119	25	0	0	0	182	137	138	107	17	0	0	0	168	143	51	0	0	0	1	0	11	81	121	122	0	1	0	0	2	0	66	200	7	0	0	3	123	186	191	54	0	2	0	0	36	40	2	0	0	0	
0	0	0	0	0	0	0	0	0	16	134	114	109	30	0	1	0	2	50	151	251	50	0	2	0	1	158	253	210	118	35	0	0	5	73	62	31	178	160	0	1	0	36	58	95	207	39	0	0	23	230	229	161	32	0	1	0	4	44	24	0	1	2	0	
0	0	0	69	15	0	1	0	3	0	71	166	1	1	2	0	3	0	160	76	0	3	0	0	0	20	178	32	141	172	51	0	0	18	186	195	68	46	159	0	3	0	92	255	165	100	108	0	0	1	0	29	90	79	7	0	0	0	2	0	0	0	1	0	
0	1	0	8	30	0	1	0	0	0	0	153	108	0	4	0	2	0	153	163	0	3	0	0	0	68	195	0	0	3	15	1	0	74	193	25	127	217	248	83	1	0	101	212	243	177	113	20	0	2	0	42	87	0	1	0	0	0	4	1	0	3	4	1	
0	0	0	1	0	0	0	0	0	1	0	30	147	50	0	2	0	0	0	139	127	157	0	2	1	0	12	149	89	130	0	3	0	4	0	124	245	16	0	1	1	0	31	118	133	66	0	2	2	0	33	177	164	31	0	1	0	1	0	32	28	0	1	0	
0	0	0	2	4	2	1	0	0	0	1	1	0	0	0	0	0	2	0	43	101	50	27	2	3	0	73	196	99	86	82	11	0	12	36	50	141	60	0	2	0	81	108	91	109	12	0	1	0	1	32	34	1	0	0	0	0	1	0	0	2	1	0	0	
0	0	0	0	1	0	0	0	0	0	12	82	0	0	0	0	0	1	0	166	53	0	2	0	0	3	0	94	120	0	4	0	0	2	0	62	140	0	3	0	0	1	0	25	137	0	1	0	0	0	0	10	129	2	0	0	0	0	0	2	19	0	0	0	
0	0	1	1	0	0	0	0	0	2	0	45	101	0	6	1	2	0	28	211	65	0	2	0	1	0	182	109	0	68	142	48	0	77	171	0	145	183	207	73	0	50	186	155	208	121	45	0	0	0	12	24	1	0	0	1	0	1	1	0	1	3	2	0	
0	2	1	0	1	1	0	0	0	64	148	117	51	0	1	0	0	5	21	30	133	36	0	1	0	0	1	19	79	71	0	3	0	2	40	86	197	108	3	0	0	9	148	34	134	92	149	30	2	0	75	138	26	0	21	12	0	0	1	1	1	4	1	0	
0	0	0	1	2	4	3	0	1	22	11	0	0	0	0	0	0	124	164	163	167	140	68	0	0	0	7	37	30	126	206	0	0	1	3	0	70	205	66	0	0	1	0	111	204	46	0	2	2	0	146	176	9	0	3	0	0	9	128	13	0	3	0	0	
0	0	0	0	0	0	0	0	7	77	112	122	42	0	2	0	20	61	16	101	218	8	0	1	1	0	115	173	190	145	0	0	1	2	6	4	0	148	101	0	0	0	74	26	0	76	145	0	2	0	74	167	149	206	68	0	0	0	0	5	50	36	0	1	
0	0	1	1	0	0	0	0	0	2	0	31	118	13	0	1	1	0	26	170	61	0	1	0	0	3	160	50	35	76	64	14	0	57	190	155	138	95	171	88	0	0	183	168	78	94	61	2	0	0	4	2	0	0	0	0	0	1	1	1	1	2	3	0	
0	0	0	0	0	0	0	0	0	0	3	87	122	36	0	1	2	0	35	186	80	137	0	4	0	1	0	142	174	89	0	3	0	3	0	94	238	6	0	1	1	0	11	152	93	112	0	3	1	0	12	132	101	73	0	3	0	1	0	16	39	0	0	0	
0	0	0	0	0	0	1	1	0	0	6	39	0	8	13	0	2	0	64	209	0	39	174	14	2	0	40	186	1	15	184	37	0	83	183	227	152	174	87	0	0	84	225	170	8	6	0	0	1	0	47	29	0	2	2	0	0	2	0	0	1	0	0	0	
0	0	0	2	1	0	0	0	0	0	2	0	16	19	0	0	0	0	0	78	130	110	0	0	2	0	91	110	79	105	0	1	1	0	140	119	119	124	0	3	0	0	10	0	86	41	0	2	0	1	0	15	100	0	1	0	0	0	0	14	45	0	1	0	
0	0	0	0	0	0	0	0	0	1	0	42	31	70	114	0	0	5	0	149	104	0	185	28	1	0	18	206	52	52	178	32	0	81	209	239	159	168	82	0	0	115	253	146	0	3	0	0	0	10	138	43	0	5	3	0	0	1	0	1	0	0	0	0	
0	0	1	0	0	0	0	0	1	0	38	12	30	47	0	2	2	0	133	19	87	95	0	3	0	9	163	0	96	86	14	0	2	0	87	140	186	136	22	0	0	0	2	1	124	40	0	2	0	0	5	0	112	54	0	2	0	0	0	0	12	12	0	0	
3	0	72	115	0	4	0	0	2	0	31	208	93	0	1	0	0	3	0	36	226	97	0	5	0	1	0	29	215	103	0	3	0	16	143	242	148	69	121	54	0	48	230	202	186	188	168	68	0	0	0	2	4	0	0	0	0	1	0	0	0	2	4	2	
0	0	1	0	35	48	0	0	0	2	0	45	154	70	1	0	0	1	0	154	35	0	1	0	2	0	54	129	52	22	0	1	4	0	91	169	86	123	2	0	3	0	83	139	64	141	0	1	0	0	0	105	124	19	0	1	0	0	0	0	0	0	0	0	
0	0	1	1	0	0	0	0	0	1	0	25	80	3	0	0	1	0	19	161	106	13	0	1	4	0	113	184	124	107	0	3	2	0	37	124	218	56	0	2	0	2	0	52	161	0	1	0	0	3	0	133	134	0	4	0	0	2	0	61	54	0	1	0	
0	0	3	2	0	1	0	0	0	0	0	3	27	7	0	0	1	0	85	161	172	131	2	0	0	46	217	84	64	90	12	0	0	9	106	133	157	141	0	4	0	0	3	0	96	122	0	4	0	0	7	0	136	90	0	3	0	0	2	0	79	37	0	1	
0	0	0	0	0	0	0	0	0	0	2	107	132	83	33	0	3	0	53	255	159	115	83	0	1	0	178	110	18	0	1	0	0	0	163	169	153	133	0	0	0	0	2	9	145	195	0	1	1	0	110	183	165	19	0	1	1	0	24	56	4	0	1	0	
0	1	2	0	0	0	0	0	0	0	2	63	97	31	0	1	0	22	192	218	164	173	0	0	0	136	198	0	36	181	8	0	0	56	208	184	197	225	12	0	1	0	21	41	25	239	79	0	0	1	1	3	0	182	110	0	0	0	1	4	0	55	42	0	
0	0	0	0	0	0	0	0	0	28	85	85	73	23	0	1	0	46	160	143	205	245	25	0	0	0	1	79	191	117	0	0	0	12	211	255	204	147	21	0	0	5	33	12	130	241	27	0	1	0	112	191	169	30	0	1	0	4	105	65	0	1	1	0	
0	1	1	0	0	0	1	0	1	0	25	72	44	3	1	0	0	24	165	112	134	141	46	0	0	115	125	69	0	132	119	0	0	39	224	224	107	109	144	33	0	27	152	38	54	16	142	28	1	0	59	144	113	101	48	0	0	0	0	6	6	0	1	1	
0	1	0	0	2	4	1	0	0	0	17	11	0	0	0	0	0	65	177	181	177	119	10	0	0	23	9	16	53	242	82	0	0	0	3	0	155	164	0	1	0	2	0	145	181	5	0	1	2	0	147	168	0	1	1	0	0	2	156	32	0	2	0	0	
0	0	1	0	0	0	1	1	0	0	0	12	64	76	8	0	0	5	172	234	152	137	196	24	3	0	155	162	0	140	191	14	3	0	76	195	193	164	4	0	3	0	103	255	146	0	5	1	2	0	179	185	173	1	1	0	1	0	12	80	75	0	0	0	
0	0	0	2	0	0	0	0	0	1	2	0	137	41	0	2	0	3	0	131	255	52	0	3	1	0	164	175	175	85	20	0	0	140	250	137	208	156	93	0	0	58	17	0	175	57	0	2	0	0	2	0	56	136	0	1	0	2	1	0	0	5	1	0	
0	0	1	4	0	1	0	0	0	72	183	175	115	1	0	0	0	74	66	1	118	111	0	3	0	0	0	0	10	141	4	0	0	0	20	25	9	156	9	0	4	0	134	255	238	150	0	3	2	0	42	134	103	116	16	0	0	0	0	0	0	3	2	0	
0	0	0	0	0	0	1	0	0	42	158	119	90	43	0	1	0	16	103	86	109	221	169	0	0	1	0	44	146	185	87	0	1	0	23	239	142	0	1	0	0	1	0	55	221	145	0	3	0	89	150	149	159	85	0	2	0	36	35	6	0	0	0	0	
0	0	1	0	0	0	0	0	1	0	23	30	8	52	0	1	4	0	116	67	37	126	0	3	0	1	123	0	68	145	0	1	0	3	148	112	177	176	17	0	1	0	51	55	111	66	0	3	0	0	3	0	80	94	0	3	0	0	2	1	7	20	0	1	
0	0	1	1	0	1	2	0	0	2	0	58	148	10	0	1	0	2	0	180	255	225	73	0	3	0	80	231	42	87	168	0	2	0	181	99	0	164	110	0	0	35	226	87	195	164	0	0	0	16	186	198	96	2	1	0	0	0	0	0	0	2	1	0	
0	0	0	0	0	0	0	0	0	1	0	24	113	0	1	0	0	2	0	58	165	0	2	0	0	3	0	81	173	0	3	0	0	3	0	104	163	0	4	0	0	3	0	78	195	0	1	0	0	1	0	24	151	2	0	0	0	0	0	0	0	0	0	0	
0	0	1	0	0	0	0	0	0	0	8	90	10	17	0	0	2	0	64	183	50	173	0	3	4	0	169	91	79	194	0	3	0	2	213	202	236	143	0	4	0	1	69	33	183	79	0	3	0	0	3	0	154	127	0	2	0	0	3	0	13	42	0	0	
0	0	0	0	2	3	0	0	0	2	0	59	39	0	1	0	0	1	0	178	109	67	14	0	1	0	33	181	89	95	10	0	2	0	59	191	0	1	0	0	0	0	0	115	175	54	0	2	0	0	4	0	136	142	0	4	0	0	1	0	29	12	0	0	
0	0	1	1	0	0	0	0	0	2	0	87	73	0	5	1	2	0	35	192	15	0	1	0	4	0	114	98	17	71	77	14	4	0	128	243	156	123	200	73	0	27	158	119	105	90	47	0	0	32	43	0	1	0	0	0	0	0	2	4	2	3	2	0	
0	0	0	15	6	0	0	0	2	0	69	109	91	1	0	0	0	1	0	33	132	0	1	0	2	0	35	196	145	10	0	1	1	0	22	22	37	103	0	2	0	4	5	0	65	121	0	3	0	18	103	113	125	22	0	1	0	0	5	13	2	0	0	0	
0	0	3	0	45	61	0	2	0	2	0	46	174	46	0	2	1	0	24	191	45	0	2	0	2	0	176	96	0	13	31	1	0	35	160	0	93	163	217	44	0	36	167	102	226	155	87	3	0	0	64	83	25	2	0	0	0	0	0	0	0	1	3	0	
0	3	37	65	30	0	1	0	0	36	140	159	217	33	0	2	0	1	0	4	199	40	0	2	0	4	0	136	151	0	7	1	2	0	61	181	8	0	1	0	2	0	197	192	113	120	147	63	0	0	79	119	129	125	94	10	0	0	0	0	0	0	0	0	
0	0	3	0	0	0	0	0	0	0	0	39	90	21	0	1	0	3	134	134	115	27	0	1	0	21	202	101	88	70	1	0	1	0	31	77	83	202	17	0	0	0	3	0	89	148	0	3	0	1	0	28	187	24	0	1	0	1	0	35	62	0	2	0	
0	0	0	0	0	1	1	0	1	0	25	65	27	2	0	0	3	0	156	255	223	212	66	0	3	0	171	129	96	94	15	0	4	0	108	231	146	159	4	0	0	0	11	58	0	172	51	0	0	3	52	55	141	175	8	0	0	0	93	115	91	12	0	1	
0	0	1	4	1	0	1	1	0	1	2	0	0	34	37	0	1	0	6	120	160	157	160	32	0	4	173	148	18	0	135	64	0	126	147	0	5	108	152	0	0	98	200	161	161	126	13	0	0	0	31	36	7	0	2	1	0	1	0	0	0	3	1	0	
0	0	0	0	0	2	1	0	0	64	61	0	4	0	0	0	0	111	36	0	2	59	35	0	0	104	25	0	98	120	134	18	0	60	129	110	130	30	131	34	1	0	38	102	135	128	51	0	0	1	0	0	0	0	0	0	0	0	2	4	3	4	2	0	
0	0	0	0	2	0	0	0	0	0	0	0	10	97	5	0	0	0	3	0	135	133	0	3	0	2	0	48	198	5	0	1	0	4	0	135	119	0	4	0	0	0	3	174	28	0	1	0	1	0	12	147	7	0	0	0	0	0	0	21	6	0	0	0	
0	1	0	0	0	1	0	0	1	0	25	106	128	48	0	2	0	29	118	58	55	161	5	0	0	20	10	0	14	160	7	0	0	0	2	0	110	121	0	3	0	33	157	172	202	11	0	1	0	1	21	15	103	134	0	3	0	0	0	0	6	34	0	0	
0	0	0	0	0	0	0	0	0	0	2	0	74	76	0	2	0	0	4	0	143	138	0	4	0	1	0	10	213	62	0	3	0	4	0	118	178	0	2	0	1	0	18	204	44	0	2	0	4	0	113	121	0	3	0	0	1	0	20	10	0	0	0	0	
0	2	1	0	0	0	0	0	2	0	31	109	137	83	0	1	0	52	158	64	38	183	19	0	19	154	21	0	23	185	11	0	36	149	0	1	157	223	4	0	0	84	146	136	94	161	11	0	0	0	10	5	1	163	19	0	0	2	0	1	1	22	5	0	
0	0	0	0	0	0	0	0	0	22	77	74	36	6	0	0	0	49	139	155	246	197	3	0	0	26	138	221	252	108	0	1	0	78	197	156	110	203	104	0	0	0	2	0	88	218	50	0	2	0	73	190	177	29	0	1	2	0	98	80	0	2	2	0	
0	0	0	0	17	2	0	0	0	2	0	40	232	53	0	2	0	2	0	188	186	0	0	1	2	0	45	255	95	0	3	0	4	0	84	252	233	83	0	3	2	0	40	241	255	164	0	4	0	1	0	75	114	22	0	1	0	0	0	0	0	0	0	0	
0	0	0	2	2	0	0	0	0	0	4	7	0	1	3	1	1	0	25	159	39	0	1	0	0	2	0	40	185	36	90	51	1	0	52	166	231	135	81	12	0	35	188	131	34	0	0	0	0	2	2	0	0	1	3	0	0	0	1	4	2	0	0	0	
0	0	0	0	11	9	0	0	0	1	0	71	161	43	0	2	0	0	2	18	99	11	0	0	0	0	0	14	110	0	1	0	0	1	0	35	96	0	3	0	2	0	34	131	151	14	0	1	1	0	19	110	98	12	0	1	0	0	0	0	0	0	0	0	
0	0	0	0	3	1	0	0	0	0	0	4	0	98	153	0	0	13	7	0	76	243	74	0	0	5	0	33	227	86	0	3	2	0	30	236	113	0	5	0	0	6	224	149	0	4	0	0	0	18	190	34	0	2	0	0	0	0	0	2	1	0	0	0	
0	0	0	0	1	0	0	0	0	0	3	0	79	64	0	2	0	0	3	0	130	55	0	2	0	1	0	28	142	0	1	0	0	3	0	90	82	0	3	0	0	2	0	164	53	0	2	0	0	0	2	124	25	0	1	0	0	0	0	0	0	0	0	0	
0	1	4	2	0	1	2	0	0	1	0	11	112	31	0	2	0	16	115	208	255	214	37	0	0	110	255	181	64	157	204	5	0	58	236	23	0	28	227	40	0	47	240	131	117	217	114	0	1	0	66	146	135	62	0	1	0	0	0	0	0	0	2	0	
0	0	0	0	0	0	0	0	0	2	0	81	35	0	1	0	0	4	0	127	92	0	3	0	0	3	0	102	98	0	3	0	0	3	0	88	111	0	3	0	0	2	0	50	148	0	3	0	0	0	0	5	142	13	0	1	0	0	0	0	20	7	0	0	
0	0	0	2	0	0	0	0	0	0	2	0	152	129	0	3	0	3	0	127	246	212	30	0	3	0	72	234	18	155	65	0	1	0	195	68	48	207	9	0	0	52	214	117	203	52	0	2	0	33	197	141	17	0	1	0	0	0	0	0	1	2	0	0	
0	0	0	0	0	0	0	0	1	0	23	64	65	40	7	0	1	0	136	202	148	108	12	0	1	0	30	225	162	135	12	0	4	0	118	203	0	158	48	0	2	0	89	30	34	161	0	0	0	1	0	58	181	54	0	2	0	1	0	84	39	0	2	0	
0	0	0	0	1	0	0	0	0	0	1	0	40	152	0	0	0	0	4	0	121	186	0	2	0	1	0	16	219	61	0	3	0	3	0	147	158	0	3	0	2	0	28	228	46	0	2	0	3	0	90	149	0	2	0	0	0	0	0	0	1	0	0	0	
0	0	2	0	3	2	0	0	0	0	0	5	1	1	2	0	2	0	96	206	177	44	0	2	2	0	79	154	229	182	38	1	0	34	181	206	255	198	220	78	0	61	237	213	148	0	21	21	0	0	56	42	0	2	0	0	0	0	0	0	2	1	1	1	
0	0	0	2	0	0	0	0	0	0	1	0	86	168	5	0	0	2	0	113	255	239	17	0	0	1	0	172	255	137	0	3	2	0	124	254	255	114	0	4	0	53	255	213	110	211	3	0	0	107	181	15	7	113	11	0	0	0	0	1	2	0	0	0	
0	0	0	0	0	0	0	0	0	3	0	105	81	0	3	0	0	4	0	123	124	0	4	0	0	4	0	112	115	0	4	0	0	4	0	113	118	0	4	0	0	4	0	119	157	0	4	0	0	3	0	81	116	0	3	0	0	0	0	0	0	0	0	0	
0	0	0	0	0	0	0	0	0	0	0	97	138	101	3	0	3	0	65	184	205	224	4	0	1	0	13	114	242	82	0	3	1	0	31	109	163	140	0	4	1	0	113	45	186	67	0	2	0	0	201	228	92	0	2	0	1	0	28	26	0	2	0	0	
0	0	1	3	29	1	0	0	0	0	3	0	122	103	0	3	3	0	73	141	0	177	31	0	4	0	152	92	0	180	60	0	1	0	179	26	67	195	0	0	2	0	154	143	212	56	0	2	1	0	23	143	59	0	2	0	0	0	0	0	1	2	0	0	
0	0	0	0	1	2	0	0	0	2	0	43	70	0	2	0	0	4	0	139	131	40	0	1	0	0	0	168	159	163	0	2	0	2	0	151	250	125	0	0	0	4	0	121	125	0	3	0	0	1	0	175	47	0	2	0	0	0	1	32	4	0	0	0	
0	1	0	3	2	0	0	0	2	0	53	124	16	0	4	0	0	22	187	29	0	1	0	0	0	85	141	0	54	110	88	0	0	55	163	113	156	59	155	86	2	0	93	225	159	112	121	26	0	1	0	2	40	35	3	0	0	0	3	0	0	0	2	1	
0	1	3	3	3	3	1	0	0	0	0	0	0	0	0	0	0	68	208	196	193	192	67	0	0	38	159	113	124	255	74	0	0	0	2	0	160	174	0	2	0	5	0	116	215	13	0	1	3	0	77	234	35	0	2	0	0	0	203	88	0	4	0	0	
0	0	1	1	0	0	1	0	0	2	0	29	158	126	0	1	1	0	25	182	54	157	46	0	1	0	158	82	0	99	109	0	0	73	152	0	0	88	105	0	0	94	149	1	49	168	35	0	0	0	130	186	154	48	0	2	0	0	1	4	0	0	1	0	
0	0	3	1	0	0	0	0	0	1	0	19	109	92	6	2	2	0	76	201	248	255	123	0	0	34	242	196	246	162	8	0	0	7	168	247	238	58	0	3	0	7	212	44	128	166	0	4	0	8	188	179	205	113	0	3	0	0	8	61	47	0	0	0	
0	0	2	0	0	0	0	0	0	0	3	1	7	62	0	1	2	0	92	33	17	122	0	2	0	24	135	0	45	106	0	3	0	32	140	53	117	158	0	1	1	0	42	71	74	124	0	2	0	0	1	0	9	122	3	0	0	0	2	3	0	21	5	0	
0	0	0	3	0	0	0	0	0	0	2	0	47	59	0	0	0	0	0	105	186	187	0	0	3	0	125	208	190	191	0	2	1	0	175	196	191	149	0	4	0	0	7	0	150	73	0	3	0	3	0	86	160	0	1	0	0	2	0	66	26	0	1	0	
0	2	3	4	3	4	2	0	0	0	0	0	0	0	0	0	16	110	120	116	105	96	43	0	2	19	48	63	26	165	93	0	0	0	1	0	39	136	0	1	0	1	4	0	139	66	0	2	0	2	0	56	146	0	3	0	0	3	0	104	70	0	2	0	
0	0	0	3	0	0	1	0	0	0	3	0	115	163	0	2	0	2	0	127	230	226	51	0	3	0	92	237	0	164	86	0	0	2	202	46	81	198	0	0	0	96	197	105	218	37	0	2	0	64	207	143	23	0	2	0	0	0	1	0	1	2	0	0	
0	0	0	0	0	0	0	0	0	1	0	25	94	36	0	2	0	1	0	115	148	22	0	1	0	3	0	103	107	0	3	0	0	3	0	81	142	0	2	0	0	2	0	82	132	8	0	0	0	3	0	98	144	0	0	0	0	1	0	17	30	0	1	0	
0	0	0	0	0	0	0	0	0	0	3	0	90	131	0	3	0	0	2	0	198	113	0	4	0	3	0	81	216	11	0	1	0	3	0	182	132	0	3	0	3	0	86	211	3	0	1	0	3	0	146	89	0	3	0	0	0	0	2	1	1	0	0	0	
0	0	0	2	0	2	0	0	0	1	0	27	89	0	5	0	0	1	0	152	95	126	29	0	3	0	103	158	71	136	0	3	3	0	92	176	232	73	0	3	0	2	0	48	218	58	0	2	0	3	0	118	105	0	3	0	0	1	0	20	14	0	0	0	
0	0	1	2	0	0	0	0	0	1	0	5	102	192	28	0	1	0	2	181	255	233	18	0	0	0	7	97	209	106	0	3	2	0	62	210	228	12	0	1	0	91	255	152	195	145	0	4	0	130	117	0	60	160	0	1	0	0	0	3	2	0	0	0	
0	0	0	0	0	0	0	0	2	0	79	195	152	137	69	0	1	0	172	79	65	34	7	0	3	0	82	169	16	0	1	0	0	17	41	61	190	50	0	2	0	12	187	51	43	208	14	0	2	0	47	166	180	121	1	0	0	0	1	0	4	0	0	0	
0	0	0	0	0	0	0	0	0	1	0	70	137	21	0	1	3	0	58	224	255	146	0	4	1	0	24	169	233	37	0	2	2	0	38	148	182	113	0	3	0	1	1	0	169	105	0	3	1	0	140	206	118	0	2	0	1	0	38	33	0	2	0	0	
1	2	0	0	1	4	1	0	0	0	5	6	0	0	0	0	21	159	184	191	196	146	25	0	12	52	25	34	28	179	138	0	0	0	2	0	44	200	40	0	0	3	0	25	213	70	0	3	0	2	0	182	126	0	4	0	0	1	0	122	67	0	1	0	
0	0	0	0	1	1	0	0	0	2	0	80	54	0	2	0	1	0	3	189	112	112	0	2	3	0	65	173	148	169	0	0	2	0	27	215	232	174	38	0	0	2	0	183	86	0	3	0	2	0	38	191	3	0	1	0	0	0	12	29	0	1	0	0	
0	0	0	0	1	0	0	0	1	0	26	123	30	0	1	0	4	0	121	219	107	0	1	0	1	0	7	105	172	6	0	0	0	3	0	90	212	11	0	1	0	2	0	143	89	81	0	3	0	2	0	55	163	78	0	3	0	0	0	1	38	6	0	0	
0	1	0	0	0	0	0	0	0	0	0	0	12	16	0	0	0	70	225	205	198	238	48	0	0	19	64	43	75	233	26	0	0	0	3	0	163	149	0	4	0	4	0	77	221	18	0	1	1	0	17	226	73	0	3	0	2	0	58	144	0	2	0	0	
0	0	7	21	1	1	0	0	3	0	82	161	0	4	0	0	4	0	143	114	60	11	0	0	2	0	153	163	208	104	0	3	4	0	126	255	21	137	38	0	1	0	15	213	181	190	61	0	0	1	0	23	121	113	2	0	0	0	1	1	0	0	0	0	
0	0	2	1	0	0	0	0	0	1	0	29	125	124	2	0	2	0	82	207	211	243	16	0	2	0	193	209	230	184	0	1	2	0	56	246	209	155	0	3	0	10	198	77	69	202	0	1	0	16	202	161	206	77	0	3	1	0	23	60	15	0	1	0	
0	0	2	0	10	15	0	0	0	1	0	86	125	113	56	0	3	0	94	125	11	126	39	0	3	0	99	69	114	60	0	2	2	0	45	237	104	0	3	0	0	0	146	21	115	83	0	3	0	0	116	127	112	33	0	2	0	0	4	16	3	0	0	0	
0	0	2	2	0	0	0	0	0	1	1	1	56	87	26	0	1	0	22	157	150	218	125	0	0	22	211	168	140	245	85	0	0	86	255	213	199	207	2	0	0	13	54	4	157	110	0	3	0	2	0	56	217	11	0	1	0	2	0	52	78	0	2	0	
0	1	2	0	0	0	0	0	0	1	0	5	42	76	16	0	0	12	84	74	184	176	32	0	0	104	173	21	29	4	0	0	0	90	215	188	177	201	32	0	0	0	20	27	0	148	62	0	0	0	2	0	67	210	23	0	0	0	3	0	67	57	0	1	
0	0	0	2	0	0	0	0	0	0	4	0	58	195	33	0	0	3	0	89	219	209	115	0	3	0	91	244	34	62	132	0	0	27	226	53	0	156	88	0	0	150	159	45	172	142	0	0	0	101	195	147	58	0	1	0	0	0	4	0	0	2	1	0	
0	0	3	4	3	0	0	0	0	0	0	1	0	40	16	0	0	5	129	124	159	244	45	0	0	15	194	104	151	202	0	0	4	0	101	176	209	126	0	0	0	1	0	177	118	0	3	0	3	0	94	150	0	4	0	0	2	0	79	30	0	1	0	0	
0	0	0	0	1	0	0	0	0	0	1	0	39	171	3	0	0	0	3	0	167	177	0	3	0	3	0	74	237	26	0	2	1	0	4	216	113	0	3	0	4	0	130	197	0	2	0	0	0	1	182	67	0	2	0	0	0	1	2	0	0	0	0	0	
0	0	1	0	0	1	0	0	1	0	6	104	121	9	0	1	2	0	144	133	155	159	0	4	2	0	170	40	103	148	0	3	2	0	30	216	229	15	0	1	1	0	31	186	145	133	0	3	1	0	11	153	214	113	0	3	0	1	0	14	36	0	0	0	
0	0	0	2	0	0	0	0	0	0	2	0	113	164	6	0	0	2	0	129	244	255	70	0	0	1	0	45	78	226	30	0	1	0	34	117	231	123	0	4	0	41	244	250	244	161	0	2	0	61	212	53	12	58	0	0	0	0	0	0	0	0	0	0	
0	0	0	0	0	0	0	0	0	0	6	16	86	48	0	2	3	0	117	152	120	9	0	1	4	0	117	171	95	104	0	1	3	0	75	96	0	109	53	0	1	0	42	16	0	101	73	0	2	0	53	140	111	127	5	0	0	1	0	24	53	6	0	0	
0	0	0	0	0	0	0	0	1	0	13	134	132	47	0	1	1	0	28	129	223	163	0	3	1	0	13	141	233	35	0	2	2	0	66	129	185	108	0	4	0	6	31	31	198	35	0	2	0	0	184	206	58	0	2	0	1	0	28	24	0	2	0	0	
0	0	0	1	1	0	0	0	0	0	1	0	33	9	0	0	0	1	0	23	200	27	0	1	0	0	0	133	173	12	0	1	1	0	21	140	166	21	0	1	0	1	0	21	132	0	1	0	0	2	0	53	116	0	3	0	0	1	0	30	44	0	1	0	
0	0	0	0	0	0	0	0	0	1	0	83	29	2	1	0	0	0	2	174	103	119	0	3	2	0	37	193	174	193	0	0	1	0	1	166	225	79	8	0	0	3	0	160	91	0	3	0	1	0	27	207	17	0	1	0	0	0	8	32	0	0	0	0	
0	0	0	0	1	3	0	0	0	9	11	4	0	0	0	0	0	120	191	149	148	109	0	0	0	50	68	0	52	180	0	1	0	0	3	0	81	143	0	4	0	1	6	0	129	95	0	3	0	0	2	0	172	52	0	2	0	0	0	0	127	20	0	1	
0	0	0	2	2	0	0	0	0	0	1	1	0	0	7	7	0	2	0	76	202	190	181	63	2	0	59	245	135	43	20	1	3	0	67	179	190	0	0	1	0	42	86	118	151	0	3	0	0	20	199	158	7	0	1	0	0	0	6	3	1	0	0	0	
0	0	0	3	4	0	0	0	1	0	9	114	110	40	0	2	1	0	18	12	99	99	0	4	0	2	0	45	138	0	0	0	0	1	0	21	138	11	0	1	1	0	60	13	147	36	0	1	1	0	29	138	90	0	2	0	0	0	0	3	1	0	0	0	
0	0	0	1	0	22	5	0	0	0	2	0	64	196	7	0	0	1	0	24	226	82	0	3	0	2	0	168	133	0	2	0	2	0	48	236	185	158	0	2	4	0	138	222	174	129	0	2	2	0	53	138	72	0	0	0	0	0	0	0	0	1	0	0	
0	0	0	0	0	0	0	0	2	0	48	202	130	2	0	0	3	0	83	83	147	110	0	4	0	1	0	48	180	141	0	4	3	0	131	200	220	238	47	0	0	17	216	109	210	87	75	0	2	0	78	199	115	0	2	0	0	0	0	0	0	2	2	0	
0	0	0	0	0	1	1	0	0	0	13	20	20	7	0	0	2	0	162	237	227	197	26	0	0	0	20	31	35	234	54	0	0	0	2	0	147	184	0	1	0	2	0	132	218	19	0	1	3	0	114	219	16	0	2	0	0	0	160	54	0	3	0	0	
0	0	1	0	0	1	1	0	0	1	0	95	109	23	0	1	3	0	70	208	96	150	21	0	2	0	167	76	0	116	105	0	0	21	179	8	0	111	101	0	0	8	167	14	0	179	37	0	2	0	74	107	139	118	0	3	0	1	0	30	49	0	0	0	
0	0	1	2	0	0	0	0	0	0	0	1	47	126	77	0	1	0	16	164	243	255	215	16	3	0	149	247	232	213	68	0	3	0	114	255	244	70	0	3	0	42	194	53	170	140	0	4	0	128	212	161	186	36	0	2	0	7	55	55	6	0	0	0	
0	0	0	0	0	0	0	0	0	0	0	3	75	3	0	0	0	1	0	20	147	0	0	0	0	1	0	34	129	0	3	0	0	2	0	52	129	0	3	0	0	3	0	91	95	0	3	0	0	3	0	86	82	0	3	0	0	0	0	9	11	0	0	0	
0	0	1	2	0	0	0	0	0	0	1	0	95	79	0	2	0	1	0	149	255	220	10	0	3	0	96	255	252	102	0	3	3	0	104	255	193	0	0	1	2	0	58	147	168	85	0	3	4	0	139	178	154	50	0	2	1	0	16	62	25	0	1	0	
0	0	1	1	1	3	0	0	0	42	69	0	8	0	0	0	0	47	210	151	178	136	0	1	1	0	24	105	194	100	0	2	0	1	0	101	193	73	0	2	0	0	8	34	2	193	39	0	1	0	5	163	165	138	9	0	0	1	0	26	54	1	0	0	
0	0	0	1	0	0	1	0	0	1	0	35	167	111	0	0	0	1	0	185	122	163	47	0	3	0	69	192	0	140	76	0	4	0	153	90	0	189	35	0	1	0	170	77	174	98	0	3	2	0	115	188	67	0	2	0	0	0	0	0	0	2	0	0	
2	4	4	4	4	3	0	0	0	0	0	0	0	0	0	0	61	158	118	120	108	62	3	0	49	112	105	114	99	200	69	0	0	0	0	0	0	185	44	0	2	4	6	0	70	199	0	0	0	0	4	0	129	135	0	4	0	0	3	0	84	53	0	2	
0	0	0	2	0	0	0	0	0	0	1	0	68	132	147	37	0	2	0	112	200	138	106	11	2	0	46	255	116	0	1	0	1	0	22	94	193	78	0	3	1	0	126	62	174	33	0	2	2	0	162	217	70	0	2	0	1	0	19	29	0	2	0	0	
0	0	1	2	0	0	0	0	0	0	0	5	13	1	0	0	1	0	15	161	179	15	0	1	2	0	35	139	133	0	1	0	0	1	0	22	99	0	2	0	0	1	0	32	94	0	2	0	0	2	0	66	86	0	3	0	0	2	0	47	42	0	2	0	
0	0	0	0	12	27	0	1	0	0	3	0	150	110	0	4	0	2	0	53	199	7	0	1	0	3	0	157	196	34	0	1	1	0	16	229	181	178	2	0	3	0	71	217	150	124	0	1	2	0	31	141	94	2	0	0	0	0	0	0	0	1	0	0	
0	0	0	2	0	0	0	0	0	1	0	16	100	62	10	0	0	1	0	105	52	124	47	0	0	0	3	116	93	77	0	0	0	1	0	118	173	30	0	2	2	0	100	51	73	59	0	2	2	0	101	79	89	0	0	0	0	0	6	33	3	0	0	0	
0	0	0	1	3	27	0	0	0	0	3	0	86	156	0	3	0	1	0	30	205	38	0	2	0	2	0	160	111	0	3	0	3	0	66	232	158	103	0	3	4	0	156	199	136	95	0	3	2	0	65	133	64	0	1	0	0	0	0	0	0	1	0	0	
0	1	0	38	22	0	1	0	0	3	0	108	100	0	3	0	0	2	0	88	91	0	3	0	1	0	20	89	53	0	1	0	0	0	4	19	53	17	11	0	2	0	30	153	140	95	34	0	1	0	37	85	4	0	0	0	0	0	0	0	0	2	1	0	
0	0	0	1	0	0	0	0	0	0	2	0	165	101	0	3	0	3	0	110	216	153	0	1	2	0	40	212	26	134	19	0	3	0	162	95	8	140	0	0	0	24	190	31	159	67	0	2	0	11	160	158	60	0	2	0	0	0	3	2	0	2	0	0	
0	0	0	0	0	1	0	0	0	35	116	112	82	10	0	1	0	111	177	124	160	171	0	1	0	0	1	0	155	154	0	2	0	9	90	232	217	49	59	5	0	38	230	203	211	214	169	13	0	1	4	0	8	6	0	0	0	0	0	2	0	0	2	0	
0	0	1	2	0	0	0	0	0	0	1	0	61	140	38	0	0	0	0	138	230	255	102	0	4	0	109	220	192	193	7	0	3	0	72	250	252	106	0	4	2	0	150	117	125	171	0	4	0	7	211	176	172	49	0	2	1	0	22	57	8	0	0	0	
0	1	1	3	4	1	0	0	1	0	0	0	0	0	0	0	53	211	218	185	133	25	0	1	4	90	172	207	255	169	0	3	0	0	1	0	197	227	1	0	0	3	7	0	165	255	23	0	0	0	3	0	98	255	40	0	0	0	1	0	7	120	42	0	
0	0	0	2	0	0	1	0	0	0	2	0	142	150	0	3	0	3	0	124	231	214	50	0	2	0	51	232	17	112	95	0	3	0	171	120	0	176	60	0	0	4	210	67	146	153	0	1	1	0	138	192	99	1	1	0	0	0	0	0	0	2	0	0	
0	0	1	1	0	1	0	0	0	0	0	13	34	6	0	0	1	0	28	119	73	92	0	2	2	0	129	28	83	77	0	2	2	0	86	104	166	13	0	1	0	0	2	9	124	10	0	0	0	0	0	12	130	1	0	0	0	0	0	6	81	0	0	0	
0	0	1	1	0	0	0	0	0	1	0	1	156	101	0	3	1	0	10	195	237	207	2	0	0	0	16	30	126	143	0	3	0	2	0	71	213	13	0	1	2	0	133	246	219	98	0	1	0	20	187	39	26	90	1	0	0	1	1	0	0	0	0	0	
0	1	4	1	0	3	2	0	0	0	0	5	11	1	0	1	0	10	136	177	194	177	34	0	0	48	255	190	49	105	224	14	0	119	202	12	0	133	229	16	0	152	210	74	191	191	38	0	0	19	137	175	94	0	1	1	0	0	0	0	0	3	2	0	
0	0	0	0	0	0	0	0	0	2	0	81	202	146	22	0	0	1	0	92	129	218	34	0	0	2	0	21	204	119	0	4	0	0	4	20	158	133	0	4	0	67	209	85	174	36	0	2	0	27	174	166	53	0	2	0	0	0	2	2	0	1	0	0	
0	0	1	0	0	0	1	0	0	0	0	123	201	55	0	2	4	0	104	205	88	215	53	0	0	0	199	73	0	125	120	0	0	12	198	28	0	147	90	0	3	0	166	144	79	200	7	0	1	0	19	174	206	49	0	2	0	0	1	0	0	1	1	0	
0	0	0	0	0	0	0	0	0	0	9	13	10	11	0	0	3	0	106	226	194	210	11	0	0	0	9	21	96	208	0	0	0	0	0	0	199	82	0	3	0	3	0	124	182	0	2	0	2	0	40	216	29	0	1	0	3	0	80	105	0	3	0	0	
0	0	0	0	0	1	0	0	0	0	8	4	8	7	0	0	0	27	196	193	205	175	0	0	0	6	34	26	58	195	5	0	0	0	3	0	152	119	0	3	0	3	0	72	196	0	0	1	0	2	0	170	80	0	3	0	0	1	0	140	46	0	2	0	
0	0	0	3	1	0	0	0	0	0	2	0	23	62	7	0	0	2	0	85	201	235	26	0	3	0	96	234	209	191	0	1	3	0	142	159	209	94	0	3	0	2	0	65	181	0	0	0	1	0	11	205	60	0	2	0	1	0	29	83	0	2	0	0	
0	0	0	0	0	0	0	0	1	0	20	61	64	54	0	0	2	0	40	188	197	189	0	2	0	0	2	0	136	78	0	3	2	0	41	150	218	17	0	1	2	0	29	224	129	12	0	1	2	0	45	185	0	0	0	0	1	0	28	65	0	2	0	0	
0	0	0	0	1	0	0	0	0	2	0	86	61	36	5	0	0	0	0	192	142	167	0	1	1	0	25	207	210	183	34	0	0	1	0	183	237	161	56	0	1	0	3	205	65	0	2	0	3	0	86	205	0	4	2	0	1	0	19	29	0	1	0	0	
0	0	2	0	0	0	0	0	0	1	0	50	136	43	0	2	2	0	96	158	74	34	0	1	0	52	147	0	23	124	0	1	0	58	140	49	163	140	0	4	1	0	50	95	131	120	0	4	0	0	3	0	66	117	0	4	0	0	2	2	13	14	0	0	
0	0	0	0	0	0	0	0	0	0	8	10	13	4	0	0	2	0	120	191	190	166	0	2	0	0	12	0	144	143	0	4	0	2	0	57	202	13	0	1	0	1	0	189	83	0	3	0	3	0	85	157	0	4	0	0	3	0	103	57	0	2	0	0	
0	0	2	0	0	1	3	0	1	0	11	53	27	7	0	1	1	0	151	253	170	173	99	0	0	64	255	101	0	17	198	70	0	86	190	0	0	28	218	56	0	58	213	22	41	185	101	0	2	0	97	168	164	78	0	3	0	1	0	1	0	0	2	0	
0	0	0	0	2	0	0	0	0	0	0	0	8	160	19	0	0	0	3	0	98	178	0	2	0	1	0	7	202	57	0	2	0	3	0	142	148	0	3	0	3	0	61	211	10	0	1	0	3	0	122	99	0	3	0	0	0	0	1	1	1	0	0	0	
0	0	0	0	0	0	0	0	2	0	43	168	119	73	22	0	3	0	77	189	67	90	22	0	0	0	0	90	109	5	0	1	0	1	4	0	112	160	0	3	0	0	142	96	193	121	0	3	2	0	82	199	118	0	0	0	0	0	0	0	0	1	0	0	
0	0	0	2	3	1	0	0	0	2	11	0	0	0	0	0	0	17	209	204	186	194	34	0	1	0	45	92	127	241	23	0	0	0	3	0	144	161	0	3	0	2	0	55	226	31	0	2	2	0	27	229	92	0	3	0	3	0	104	147	0	3	0	0	
0	0	0	0	0	0	0	0	0	1	0	25	81	0	1	0	0	2	0	46	167	0	2	0	0	2	0	68	174	0	2	0	0	4	0	143	162	0	3	0	0	2	0	184	89	0	3	0	0	2	0	134	48	0	2	0	0	0	0	8	7	0	0	0	
0	0	0	0	1	0	0	0	0	0	0	0	4	120	23	0	0	0	4	0	113	209	0	0	0	1	0	29	233	57	0	3	0	3	0	156	170	0	3	0	2	0	49	227	26	0	1	0	4	0	161	148	0	3	0	0	0	0	29	9	0	0	0	0	
0	0	0	2	0	0	0	0	0	0	2	0	59	45	0	1	0	1	0	112	129	94	0	0	3	0	91	97	11	119	0	0	0	7	156	54	156	105	0	4	0	0	109	77	81	73	0	3	0	0	3	0	109	54	0	2	0	0	4	0	48	20	0	1	
0	0	1	0	1	1	0	0	0	1	0	42	23	3	2	0	1	0	11	180	91	125	0	3	3	0	101	157	157	179	35	0	3	0	67	227	206	120	38	0	1	0	3	190	45	0	2	0	4	0	115	152	0	7	1	0	2	0	60	35	0	1	0	0	
0	0	0	0	0	0	0	0	0	1	0	28	68	0	1	0	0	3	0	75	188	0	2	0	0	3	0	69	176	0	2	0	0	2	0	60	171	0	2	0	0	2	0	55	163	0	2	0	0	1	0	38	170	0	0	0	0	0	0	3	20	0	0	0	
0	0	0	2	1	0	0	0	0	0	2	0	45	170	17	0	0	2	0	35	230	244	39	0	1	0	1	205	123	151	14	0	4	0	119	141	48	159	0	2	1	0	184	98	188	44	0	2	0	0	150	177	48	0	2	0	0	0	2	3	0	1	0	0	
0	0	0	0	0	0	0	0	1	0	66	129	141	22	0	1	4	0	153	162	29	11	0	0	2	0	162	86	84	98	4	0	0	0	204	225	135	210	74	0	0	0	40	12	21	198	42	0	1	0	2	164	209	59	0	2	0	0	4	51	17	0	1	0	
0	0	0	1	0	0	0	0	0	3	0	81	180	74	11	0	1	0	1	202	168	229	72	0	3	0	82	210	0	157	51	0	3	0	176	99	29	189	1	0	0	8	209	90	201	72	0	3	0	0	161	195	59	0	2	0	0	0	0	1	0	2	0	0	
0	0	1	1	3	2	0	0	0	0	4	48	0	0	1	1	1	0	31	188	121	128	105	27	3	0	115	118	82	24	3	1	1	0	108	120	118	109	0	2	0	0	2	0	62	123	0	3	1	0	13	105	141	16	0	1	0	0	7	58	12	0	1	0	
0	0	1	0	1	0	0	0	0	1	0	43	28	45	0	0	1	0	20	204	144	165	0	3	4	0	114	192	199	217	12	0	4	0	125	242	205	87	5	0	1	0	2	214	79	0	3	0	2	0	48	235	25	0	1	0	2	0	40	92	0	0	0	0	
0	0	1	0	10	7	0	0	0	1	0	37	112	10	0	1	0	0	5	99	48	78	30	0	2	0	51	116	95	27	0	1	1	0	14	196	70	0	2	0	1	0	18	106	123	50	0	2	0	0	0	103	99	2	0	0	0	0	0	6	6	0	0	0	
0	0	0	1	1	0	0	0	0	0	3	0	121	97	0	4	0	1	0	24	241	73	0	3	0	3	0	105	206	0	1	0	0	1	0	197	159	0	3	0	3	0	56	253	43	0	2	0	4	0	106	152	0	1	0	0	0	0	0	0	1	0	0	0	
0	0	0	0	0	0	0	0	0	63	166	131	100	91	22	0	0	121	232	191	237	255	129	0	0	1	0	19	219	240	31	0	1	0	8	198	255	62	0	3	3	0	161	255	191	166	184	3	3	0	122	255	251	203	46	0	0	0	2	42	38	3	0	0	
0	0	0	0	0	0	1	0	1	0	16	62	33	7	0	0	3	0	146	247	197	230	68	0	0	0	20	2	73	220	20	0	0	1	0	14	201	64	0	2	0	2	0	162	221	1	0	1	2	0	44	244	61	0	2	0	2	0	42	88	0	1	0	0	
0	0	3	27	2	0	0	0	1	0	12	215	83	0	3	0	0	2	0	69	169	0	2	0	0	1	0	22	190	8	0	1	1	0	40	109	220	70	8	0	3	0	159	255	193	151	24	0	2	0	65	131	10	0	1	0	0	0	0	0	2	3	1	0	
0	0	1	2	0	0	0	0	0	0	1	0	110	93	63	3	0	1	0	125	221	198	130	0	4	0	118	255	101	7	0	1	2	0	56	177	200	13	0	1	1	0	91	185	154	0	2	0	0	4	210	177	16	0	1	0	0	0	33	17	0	1	0	0	
0	0	17	12	0	1	2	0	2	0	183	76	0	5	0	0	0	59	205	50	176	205	77	0	0	132	152	155	116	51	189	7	0	130	138	146	77	11	195	16	0	38	190	229	253	251	145	0	0	0	5	71	119	75	4	0	0	2	1	0	0	0	1	0	
0	0	0	0	0	2	1	0	0	0	12	14	3	1	0	0	4	0	110	230	201	213	75	0	0	0	13	18	153	215	15	0	0	1	0	20	209	45	0	2	0	3	0	144	141	0	4	0	2	0	28	222	34	0	1	0	2	0	50	137	0	2	0	0	
0	1	1	0	0	0	0	0	0	0	11	59	85	90	22	0	0	18	132	116	84	94	155	0	0	5	10	1	0	70	126	0	0	70	109	27	77	162	8	0	6	149	98	229	128	0	2	1	0	42	84	66	138	3	0	0	0	0	2	0	67	35	0	1	
0	0	0	0	1	0	0	0	0	0	1	0	14	169	24	0	0	0	4	0	127	219	0	0	0	2	0	34	242	161	0	0	1	0	0	188	175	0	2	0	3	0	98	250	29	0	2	0	2	0	159	115	0	3	0	0	0	0	1	0	1	0	0	0	
0	0	1	1	0	0	0	0	0	0	0	8	61	90	31	0	2	0	53	190	123	132	86	0	1	0	21	167	122	30	0	2	0	1	2	0	146	171	0	3	0	2	0	59	185	31	0	2	2	0	102	204	48	0	2	0	1	0	104	49	0	3	0	0	
0	0	2	1	0	0	0	0	0	1	0	27	73	19	0	1	3	0	88	239	255	217	7	0	1	0	43	124	231	119	0	2	1	0	26	180	241	58	0	3	1	0	3	118	222	39	0	2	0	12	189	221	55	0	2	0	0	17	117	20	0	2	0	0	
1	0	20	47	6	0	1	0	1	0	30	127	150	41	0	2	0	1	2	0	31	155	10	0	0	0	23	27	0	96	63	0	0	78	191	123	129	194	85	0	0	49	169	70	138	121	0	3	1	0	38	131	99	4	0	1	0	1	1	0	0	2	0	0	
0	0	2	0	0	0	0	0	0	0	0	3	9	55	18	0	2	0	121	232	220	255	62	0	1	0	90	146	255	164	0	1	1	0	6	172	254	151	0	4	0	1	0	68	238	105	0	3	3	0	98	242	111	0	2	0	2	0	86	70	0	2	0	0	
0	0	1	0	0	0	0	0	1	0	33	51	0	44	6	0	3	0	108	51	0	131	28	0	0	19	129	0	4	125	8	0	0	41	108	4	125	143	0	3	0	1	109	127	118	100	0	3	0	0	2	0	43	68	0	3	0	0	2	1	8	7	0	0	
0	0	0	0	0	0	0	0	0	1	0	32	71	71	13	0	2	0	28	211	250	250	40	0	0	1	0	140	255	103	0	2	0	0	4	115	232	63	0	3	1	0	20	117	206	18	0	1	0	61	255	230	47	0	2	0	0	33	117	16	0	1	0	0	
0	0	2	0	0	0	0	0	0	1	0	18	29	0	0	0	1	0	56	93	101	39	0	2	0	24	95	0	61	87	0	3	0	25	93	46	148	61	0	3	1	0	37	38	83	28	0	1	0	0	3	0	79	18	0	1	0	0	3	0	56	20	0	1	
0	0	0	1	1	0	0	0	0	0	2	0	57	89	0	2	0	2	0	27	244	118	0	4	0	4	0	121	234	7	0	1	0	4	0	165	136	0	4	0	2	0	36	210	25	0	1	0	4	0	144	130	0	4	0	0	1	0	30	10	0	0	0	0	
0	0	0	0	24	6	0	0	0	1	0	14	157	33	0	2	0	0	0	0	107	30	0	1	0	0	2	2	117	9	0	0	0	1	0	21	109	0	2	0	2	0	60	165	149	0	1	0	1	0	32	85	72	0	1	0	0	0	0	0	0	0	0	0	
0	0	0	0	4	28	0	0	0	0	3	0	118	151	0	3	0	2	0	60	211	14	0	1	0	2	0	168	85	0	2	0	2	0	40	216	183	177	0	1	3	0	80	206	193	88	0	2	1	0	23	124	55	0	1	0	0	0	0	0	0	2	0	0	
0	0	3	1	0	0	0	0	0	2	0	67	134	81	0	2	2	0	108	178	173	116	0	3	0	81	152	98	128	0	2	0	0	75	159	201	36	0	2	0	1	0	25	180	208	57	0	1	0	2	0	11	184	244	52	0	0	0	2	0	16	53	20	0	
0	0	1	3	0	0	0	0	0	0	1	0	46	56	0	0	1	0	4	140	214	231	12	0	3	0	147	184	194	177	0	2	0	6	213	177	240	76	0	3	0	0	15	54	210	20	0	1	0	4	0	140	136	0	3	0	0	1	0	76	22	0	1	0	
0	0	1	0	1	4	0	0	1	0	28	50	0	0	0	0	4	0	136	229	181	101	5	0	1	0	44	4	79	234	22	0	0	1	0	12	167	79	0	2	1	0	0	178	92	0	3	0	3	0	67	241	23	0	1	0	1	0	30	74	1	0	0	0	
0	0	0	0	0	0	0	0	0	0	3	9	4	4	0	0	3	0	71	228	190	185	9	0	1	0	14	39	76	205	2	0	0	0	2	0	167	106	0	3	0	3	0	107	176	0	2	0	2	0	44	212	24	0	1	0	3	0	101	103	0	3	0	0	
0	0	2	1	0	0	0	0	0	0	1	0	32	50	0	2	1	0	35	17	65	87	0	3	3	0	130	43	84	67	0	3	3	0	89	129	165	46	0	2	0	0	3	15	141	13	0	0	0	0	0	12	154	4	0	0	0	0	0	3	18	0	0	0	
0	0	1	0	0	1	0	0	0	2	0	75	42	4	16	0	1	0	8	213	36	157	87	0	4	0	123	164	86	210	2	0	0	0	196	222	237	165	13	0	0	2	24	199	84	0	3	0	3	0	66	170	0	3	0	0	1	0	21	19	0	1	0	0	
0	3	3	1	3	1	0	0	0	0	0	0	0	0	0	0	0	74	137	142	118	17	0	1	0	79	64	1	178	61	0	2	0	2	0	72	129	0	2	0	0	6	0	151	160	112	105	0	0	1	0	15	65	45	28	1	0	0	0	0	0	0	0	0	
0	0	0	0	0	0	0	0	1	0	28	135	110	75	6	0	3	0	141	182	161	248	34	0	0	1	0	73	229	148	0	3	0	0	0	87	162	183	0	2	2	0	91	165	209	86	0	3	2	0	192	244	90	0	1	0	1	0	28	17	0	2	0	0	
0	0	0	2	13	1	0	0	1	0	25	134	147	96	0	3	1	0	37	27	83	114	0	3	0	2	0	90	210	93	0	3	1	0	30	24	5	140	12	0	0	16	154	5	39	155	0	0	1	0	80	139	156	52	0	2	0	0	0	7	5	0	0	0	
0	0	0	2	1	0	0	0	0	0	3	0	126	84	0	2	0	2	0	33	251	159	0	3	1	0	4	214	104	153	23	0	4	0	130	162	7	187	14	0	0	17	218	95	179	88	0	3	0	16	176	150	52	0	1	0	0	0	0	0	0	2	0	0	
0	1	0	39	34	0	2	0	2	0	32	165	25	0	2	0	4	0	120	92	0	25	7	0	2	0	125	23	77	180	83	0	3	0	121	89	117	45	108	0	2	0	29	188	169	136	32	0	0	1	0	17	74	33	0	1	0	0	1	1	0	1	1	0	
0	0	0	0	0	0	0	0	0	0	1	0	149	137	0	3	0	4	0	78	255	185	0	3	0	0	9	20	218	132	0	4	0	22	186	205	197	29	0	2	0	76	192	205	214	6	0	1	0	2	131	95	161	72	0	3	0	0	0	0	0	0	0	0	
0	0	0	0	0	0	0	0	0	35	97	83	17	0	1	0	0	48	137	221	134	0	6	0	0	3	0	162	86	0	3	0	1	0	27	191	16	53	65	1	1	0	19	205	205	180	169	27	0	0	0	18	25	0	0	0	0	0	0	0	0	2	2	0	
0	0	0	0	10	24	0	1	0	0	3	0	140	130	0	4	0	2	0	60	216	16	0	1	0	1	0	185	94	0	2	0	2	0	45	231	196	151	0	1	3	0	79	213	175	155	0	2	1	0	15	129	91	2	0	0	0	0	0	0	0	1	0	0	
0	1	0	25	43	0	1	0	0	2	0	107	63	0	2	0	1	0	20	117	0	1	0	0	2	0	58	87	121	84	0	2	3	0	51	206	94	92	13	0	1	0	25	153	102	116	0	1	0	1	0	30	70	6	0	0	0	0	0	1	0	1	0	0	
0	0	0	2	0	0	0	0	0	0	3	0	143	166	0	1	0	3	0	93	253	206	12	0	2	0	24	242	76	163	57	0	3	0	160	136	39	207	7	0	0	16	237	161	213	71	0	3	0	10	187	156	30	0	6	0	0	0	0	0	1	2	1	0	
0	0	1	1	0	0	0	0	0	1	0	27	63	0	0	0	1	0	4	164	134	25	0	1	3	0	86	117	100	93	0	3	4	0	92	173	189	53	0	2	0	0	3	67	196	38	0	2	0	0	0	3	154	14	0	1	0	0	0	8	60	0	0	0	
0	0	1	1	0	0	0	0	0	1	0	14	111	103	0	2	1	0	23	201	255	210	1	0	4	0	117	240	248	124	0	2	1	0	23	220	239	24	0	2	2	0	112	166	195	37	0	2	0	7	217	204	114	0	1	0	0	0	29	23	0	0	0	0	
0	0	0	0	0	2	0	0	0	16	78	0	5	1	0	0	0	34	160	0	4	63	2	0	0	61	173	123	154	175	32	0	0	66	255	173	129	209	86	0	0	24	75	0	0	47	136	0	0	0	0	3	2	10	113	3	0	1	3	0	0	1	0	0	
0	0	0	3	1	0	0	0	0	0	2	0	8	9	0	0	0	2	0	61	228	125	0	4	2	0	54	237	255	130	0	4	4	0	151	202	196	80	0	3	0	0	12	33	166	7	0	1	0	3	0	135	104	0	3	0	0	0	3	114	11	0	0	0	
0	0	0	0	0	0	0	0	0	43	141	119	107	91	61	0	0	44	192	101	0	118	100	0	0	0	2	55	172	84	0	3	0	3	0	106	137	98	14	0	2	0	61	127	0	168	57	0	3	0	125	135	167	91	0	1	1	0	29	60	11	0	0	0	
0	0	0	0	1	0	0	0	0	1	0	43	23	0	1	0	1	0	6	170	96	92	0	3	1	0	37	166	189	148	0	4	0	2	0	154	213	41	0	2	0	2	0	170	59	0	2	0	2	0	51	177	0	3	0	0	1	0	32	57	0	1	0	0	
0	0	0	0	0	0	0	0	0	1	0	33	124	0	1	0	0	1	0	39	175	0	1	0	0	2	0	60	155	0	3	0	0	2	0	62	154	0	3	0	0	3	0	79	160	0	3	0	0	2	0	54	117	0	3	0	0	0	0	0	0	0	0	0	
0	0	0	0	0	0	0	0	0	2	0	93	169	73	0	2	0	1	0	84	193	177	0	3	0	2	0	66	229	151	0	4	0	1	0	68	221	102	0	3	0	0	110	154	165	0	0	1	1	0	208	217	10	0	1	0	1	0	23	17	0	1	0	0	
0	0	2	2	0	39	26	0	0	1	0	19	115	121	27	0	2	0	34	165	61	0	1	0	2	0	146	57	0	2	1	0	0	10	155	4	56	86	7	0	2	0	123	170	176	146	14	0	0	0	4	85	70	6	0	0	0	0	1	0	0	1	0	0	
0	0	0	2	0	0	0	0	0	0	0	1	90	103	99	27	0	2	0	122	214	156	148	29	2	0	42	255	82	0	3	0	1	0	3	89	204	8	2	2	0	35	108	86	176	0	1	0	0	43	219	177	26	0	1	0	1	0	17	10	0	1	0	0	
0	0	0	1	0	0	0	0	0	0	2	3	0	51	64	0	0	1	0	129	12	122	69	0	2	0	85	139	0	156	12	0	0	12	224	125	138	124	0	4	0	9	67	17	148	42	0	2	0	1	0	22	150	0	0	0	0	0	2	7	22	0	0	0	
0	0	0	1	1	2	0	0	0	1	0	31	83	0	2	0	0	3	0	125	155	51	0	2	1	0	7	170	187	151	0	4	0	2	0	158	182	17	0	1	0	0	0	156	35	0	1	0	2	0	59	146	0	5	0	0	1	0	14	18	0	0	0	0	
0	0	0	3	7	0	0	0	1	0	32	141	99	4	1	0	0	11	166	21	31	137	0	2	0	0	126	108	165	60	0	2	0	1	0	169	203	67	0	2	1	0	18	166	15	170	23	0	0	1	0	99	150	119	2	0	0	0	0	0	10	2	0	0	
0	0	1	2	0	0	0	0	0	1	0	11	111	112	2	0	1	0	13	164	252	254	67	0	4	0	104	242	241	123	0	1	2	0	41	231	211	13	0	1	1	0	144	96	176	28	0	1	0	12	201	172	79	0	2	0	1	0	26	27	0	1	0	0	
0	0	0	5	9	0	0	0	0	2	0	67	129	50	0	2	0	0	1	0	36	127	0	2	1	0	30	102	135	59	0	2	1	0	11	52	155	22	0	1	0	1	0	19	155	20	0	1	0	50	99	125	50	0	2	0	0	13	11	0	0	0	0	0	
0	0	0	0	1	0	0	0	0	0	3	0	97	96	0	3	0	0	1	0	191	78	0	3	0	2	0	65	193	0	0	0	0	3	0	174	104	0	3	0	2	0	41	211	17	0	1	0	3	0	96	114	0	3	0	0	0	0	2	1	0	0	0	0	
0	0	0	0	3	1	0	0	0	20	106	26	0	1	0	0	0	2	73	123	103	17	0	1	0	1	0	10	151	100	0	4	2	0	42	169	166	8	0	1	0	0	4	0	118	51	0	2	0	1	0	33	129	4	0	0	0	1	0	24	19	0	1	0	
0	0	0	3	0	0	0	0	0	0	2	0	45	24	7	6	0	2	0	83	229	215	196	43	3	0	74	255	161	26	30	1	2	0	48	116	214	24	0	1	0	10	0	100	170	0	3	0	0	64	236	187	24	0	1	0	0	14	123	31	0	2	0	0	
0	0	1	0	43	34	0	1	0	1	0	13	137	15	0	1	0	3	0	100	76	0	3	0	0	0	12	118	16	9	0	0	2	0	39	168	111	130	14	0	1	0	4	185	133	120	7	0	0	1	0	23	60	4	0	0	0	0	0	1	0	2	1	0	
0	0	1	3	0	0	0	0	0	0	2	0	38	68	4	0	1	0	11	132	209	230	15	0	0	0	171	226	237	158	0	3	0	18	200	160	227	110	0	4	0	1	0	25	188	17	0	1	0	1	0	174	109	0	3	0	1	0	13	91	4	0	0	0	
0	0	0	4	24	1	0	0	0	2	0	77	112	0	3	0	1	0	10	143	137	80	0	2	2	0	66	99	36	189	7	0	4	0	98	83	0	140	12	0	2	0	44	168	130	120	0	3	0	2	0	62	137	12	0	1	0	0	1	1	0	1	0	0	
0	0	1	2	0	1	1	0	0	0	1	0	149	114	0	3	1	0	3	163	252	223	42	0	3	0	93	246	7	154	90	0	0	0	207	97	6	206	33	0	0	50	227	90	214	115	0	3	0	32	193	174	60	0	2	0	0	0	0	0	0	2	0	0	
0	0	2	0	0	0	0	0	0	1	0	67	123	107	3	0	2	0	106	152	63	40	0	1	0	1	196	162	108	148	54	0	0	0	6	24	0	179	112	0	0	18	89	0	95	166	0	0	0	0	133	151	147	20	0	1	0	0	8	42	6	0	1	0	
0	0	0	0	6	26	0	0	0	0	3	0	113	162	0	3	0	0	0	4	202	58	0	2	0	3	0	120	132	0	3	0	1	0	22	205	132	48	0	2	3	0	53	245	242	102	0	4	1	0	11	125	74	0	0	0	0	0	0	0	0	1	0	0	
0	0	0	0	0	0	0	0	0	27	118	71	5	0	0	0	0	5	30	139	103	0	3	0	0	1	0	108	152	8	0	1	0	0	3	0	79	99	0	3	1	0	40	26	24	114	0	2	1	0	16	106	129	90	0	3	0	0	0	7	52	8	0	0	
0	0	0	1	0	3	0	0	0	2	0	57	60	0	2	0	0	2	0	163	73	38	4	0	1	0	28	179	118	197	0	0	1	0	1	145	245	98	0	0	0	4	0	135	102	0	3	0	1	0	7	196	35	0	2	0	0	0	6	32	1	0	0	0	
0	0	0	0	0	0	0	0	0	0	1	0	123	22	0	1	0	1	0	16	174	10	0	1	0	2	0	53	152	0	3	0	0	3	0	102	123	0	4	0	0	4	0	143	84	0	3	0	0	3	0	103	61	0	2	0	0	0	0	0	0	0	0	0	
0	0	0	0	0	0	0	0	0	0	0	100	142	100	5	0	1	0	9	141	228	211	1	0	1	4	2	131	246	66	0	3	1	0	21	101	202	83	0	3	0	12	0	62	189	9	0	1	0	96	198	182	33	0	1	0	0	12	60	13	0	2	0	0	
0	0	0	0	0	0	0	0	0	0	0	97	124	43	0	1	0	0	2	46	160	209	0	0	1	0	18	148	146	36	0	1	2	0	56	235	135	16	0	1	0	1	0	22	228	92	0	4	0	0	93	171	107	0	1	0	0	0	55	27	0	1	0	0	
0	0	0	1	3	36	2	0	0	0	3	0	115	172	0	2	0	2	0	57	226	27	0	2	1	0	1	195	70	0	3	0	3	0	100	214	124	87	0	2	2	0	179	202	255	114	0	3	1	0	100	112	23	0	1	0	0	0	0	0	0	2	0	0	
0	0	0	2	4	0	0	0	0	33	136	146	168	48	0	2	0	19	59	0	85	129	0	4	0	0	3	0	120	80	0	3	0	2	0	27	145	0	0	0	1	0	8	179	125	13	2	0	3	0	92	180	131	167	41	0	0	0	0	0	0	3	3	0	
0	0	0	0	0	0	0	0	0	0	3	75	122	131	15	0	2	0	39	173	216	229	14	0	0	1	0	93	246	112	0	3	0	0	8	99	119	187	0	2	0	10	60	0	176	102	0	3	0	19	216	201	109	0	2	0	0	0	37	33	0	2	0	0	
0	2	2	0	2	0	0	0	0	0	2	14	1	0	0	0	0	59	159	174	109	0	2	0	0	43	44	0	152	39	0	2	0	0	3	0	99	81	0	3	0	2	5	0	126	85	0	3	0	1	0	18	170	16	0	1	0	2	0	59	94	0	3	0	
0	0	0	0	0	0	0	0	0	0	0	35	81	57	0	0	1	0	24	187	204	231	18	0	0	0	0	49	196	134	0	3	1	0	26	168	219	107	0	4	0	1	0	21	193	60	0	2	0	31	155	192	93	0	2	0	0	14	127	51	0	3	0	0	
0	0	0	45	19	0	1	0	1	0	28	101	121	0	0	0	0	0	0	14	130	0	0	0	0	2	0	58	109	0	4	0	0	3	0	117	43	0	1	0	1	0	26	211	79	52	38	0	1	0	35	68	77	102	24	0	0	0	0	0	0	0	0	0	
0	0	2	2	0	0	0	0	0	1	0	2	90	121	21	0	2	0	41	199	255	255	103	0	0	27	229	238	255	119	0	2	0	21	140	240	241	24	0	2	3	0	81	155	177	102	0	4	3	0	162	195	174	42	0	2	1	0	21	62	25	0	1	0	
0	0	0	2	0	0	0	0	0	1	1	2	111	123	68	1	0	2	0	139	191	133	99	6	1	0	157	164	0	1	0	0	0	21	201	205	117	0	4	1	1	0	33	51	195	112	0	4	2	0	60	173	198	50	0	2	0	0	0	39	37	0	1	0	
0	0	0	0	1	0	0	0	0	0	2	0	126	50	0	2	0	1	0	10	196	29	0	1	0	2	0	67	161	0	2	0	0	3	0	147	111	0	3	0	1	0	11	203	37	0	2	0	2	0	44	139	0	1	0	0	0	0	0	0	1	0	0	0	
0	0	0	10	5	0	0	0	2	0	58	140	147	85	0	1	1	0	116	89	73	119	55	0	1	0	103	147	13	82	64	0	1	0	57	55	0	124	19	0	0	70	111	132	195	109	0	3	0	32	103	117	124	110	11	0	0	0	5	4	0	2	2	0	
0	0	0	0	1	0	0	0	0	2	0	73	37	0	2	0	0	1	0	175	78	115	0	2	2	0	45	181	137	178	1	0	1	0	19	173	216	89	15	0	0	3	0	119	106	0	3	0	1	0	2	187	32	0	2	0	0	0	4	37	4	0	0	0	
0	0	0	0	1	1	0	0	0	45	80	77	31	0	1	0	0	103	104	72	141	39	0	2	0	6	5	0	58	106	0	4	2	0	93	110	149	144	0	1	2	0	100	135	168	110	133	16	0	0	0	51	31	0	12	6	0	0	1	0	1	4	1	0	
0	0	0	0	0	0	0	0	0	0	15	5	0	9	4	0	2	0	160	233	199	240	63	0	1	0	19	46	173	216	4	0	0	1	0	21	228	68	0	3	0	3	0	167	169	0	3	0	3	0	67	241	30	0	2	0	3	0	132	139	0	2	0	0	
0	0	3	1	0	0	0	0	0	2	0	16	76	87	19	0	0	0	107	225	202	255	86	0	0	127	243	74	0	119	152	0	0	217	161	0	0	129	174	0	0	91	243	220	152	214	99	0	1	0	30	63	12	120	90	0	0	2	0	0	0	1	1	0	
0	0	1	2	0	0	0	0	0	1	0	12	89	115	146	45	1	0	4	160	191	140	94	19	3	0	86	252	47	0	2	0	1	0	0	115	180	0	5	1	0	29	17	110	153	0	3	0	0	73	222	167	20	0	1	0	0	5	51	12	0	1	0	0	
0	0	0	0	0	0	0	0	0	2	0	70	68	0	2	0	0	3	0	95	132	0	4	0	0	2	0	62	154	0	3	0	0	2	0	50	172	0	1	0	0	1	0	34	170	0	1	0	0	0	0	10	118	3	0	0	0	0	0	0	0	0	0	0	
0	0	1	4	2	0	0	0	0	6	10	0	2	13	2	0	0	50	221	161	166	229	54	0	0	1	72	94	80	209	21	0	0	0	2	0	156	106	0	3	0	3	0	111	171	0	2	0	2	0	59	190	13	0	1	0	3	0	115	68	0	3	0	0	
0	0	0	5	15	0	0	0	0	2	0	80	119	0	4	0	1	0	1	181	49	20	2	0	3	0	97	144	110	240	38	0	3	0	132	120	152	175	26	0	3	0	126	188	221	70	0	3	2	0	51	151	77	0	2	0	0	0	0	0	0	2	0	0	
0	0	1	2	0	0	0	0	0	1	0	0	158	103	0	3	1	0	18	186	255	90	0	4	2	0	68	133	197	61	0	2	0	0	0	118	243	33	0	2	0	0	183	242	180	196	0	0	0	28	202	49	12	147	11	0	0	0	0	0	2	0	0	0	
0	0	5	79	5	0	0	0	2	0	53	170	32	0	2	0	4	0	113	62	0	4	2	0	4	0	111	57	0	2	0	0	3	0	71	109	57	128	49	0	0	0	0	168	150	139	89	0	0	0	0	11	66	51	0	0	0	0	1	1	0	0	1	0	
0	0	2	1	0	0	0	0	0	1	0	15	177	147	0	1	3	0	72	213	204	202	0	0	2	0	59	37	147	107	0	3	0	3	0	102	204	0	0	0	2	0	109	228	221	69	0	3	0	5	144	18	102	137	0	3	0	0	0	1	1	0	0	0	
0	0	1	1	0	2	0	0	0	1	0	52	93	25	33	0	2	0	44	131	9	108	57	0	3	0	74	83	65	107	0	2	0	3	0	139	164	0	2	0	1	0	11	112	107	0	0	0	2	0	47	165	95	0	1	0	0	0	1	47	13	0	1	0	
0	0	0	2	1	0	0	0	0	0	3	0	47	201	22	0	0	2	0	42	209	214	36	0	1	0	25	224	58	121	51	0	2	0	177	91	30	183	5	0	0	58	189	67	197	56	0	2	0	48	179	130	35	0	2	0	0	0	0	0	1	2	0	0	
0	0	0	0	0	0	0	0	0	1	0	22	112	0	1	0	0	1	0	42	116	0	3	0	0	1	0	43	103	0	3	0	0	1	0	44	115	0	3	0	0	2	0	49	135	0	3	0	0	2	0	46	137	0	1	0	0	0	0	0	0	0	0	0	
0	0	0	2	0	0	1	0	0	0	4	0	99	200	4	0	0	3	0	77	250	229	30	0	2	0	44	249	78	158	66	0	2	0	189	131	0	201	37	0	0	49	219	65	203	119	0	3	0	27	191	173	61	0	1	0	0	0	1	1	0	2	0	0	
0	0	1	0	12	11	0	0	0	0	3	0	93	74	0	3	0	0	146	11	86	110	0	3	0	9	188	10	49	169	0	3	0	63	255	121	113	220	5	0	0	20	46	122	131	198	34	0	0	0	0	0	0	78	12	0	0	1	3	3	4	1	0	0	
0	0	0	0	1	0	0	0	0	0	1	0	36	98	0	1	0	0	3	0	146	167	0	3	0	1	0	34	220	33	0	2	0	3	0	145	143	0	3	0	2	0	43	215	25	0	1	0	3	0	170	100	0	3	0	0	0	0	32	6	0	0	0	0	
0	0	3	1	0	0	0	0	0	1	0	8	97	144	37	0	2	0	69	199	149	85	54	0	2	0	172	68	0	2	0	0	2	0	46	127	40	0	3	0	0	1	0	16	140	34	0	2	0	1	92	110	191	91	0	4	1	0	40	68	36	1	0	0	
0	0	0	0	0	0	0	0	0	0	15	3	19	8	0	0	1	0	154	186	195	164	0	3	0	0	16	13	108	160	0	4	0	1	0	3	196	52	0	2	0	3	0	148	147	0	3	0	3	0	76	184	4	0	1	0	1	0	144	55	0	2	0	0	
0	0	0	0	0	0	0	0	0	0	1	0	121	25	0	1	0	1	0	13	221	38	0	2	0	2	0	49	202	2	0	1	0	4	0	128	165	0	4	0	0	4	0	164	170	0	4	0	0	2	0	87	128	0	2	0	0	0	0	0	0	0	0	0	
0	0	0	0	3	4	0	0	0	0	10	16	0	0	0	0	3	0	74	227	170	129	8	0	0	0	3	15	161	195	0	1	0	1	0	18	191	32	0	1	0	2	0	161	109	0	3	0	3	0	71	188	0	2	0	0	3	0	92	92	0	3	0	0	
0	1	2	0	0	1	0	0	0	0	0	31	58	0	0	0	0	20	147	178	179	96	0	3	0	10	41	0	87	138	0	4	0	0	0	0	174	53	0	2	0	3	0	98	170	0	3	0	1	0	6	198	57	0	2	0	1	0	16	58	0	1	0	0	
0	0	0	3	0	0	0	0	0	0	3	0	31	77	21	0	0	0	0	112	177	247	72	0	2	0	129	221	198	202	5	0	0	2	196	152	218	86	0	3	0	1	0	46	193	3	0	0	0	3	0	173	145	0	3	0	0	0	0	80	18	0	1	0	
0	0	0	0	0	0	0	0	0	0	0	44	76	6	0	0	2	0	106	155	187	48	0	2	0	0	15	0	123	40	0	1	0	1	0	82	219	77	0	2	0	1	0	81	181	9	0	1	0	0	0	6	141	6	0	0	0	0	0	8	52	0	0	0	
0	0	0	2	1	0	0	0	0	0	3	0	85	114	95	14	0	2	0	41	210	201	125	1	2	0	46	250	181	0	2	0	1	0	28	117	203	7	1	1	0	18	59	155	109	0	3	0	0	6	225	162	0	1	0	0	1	0	26	10	0	0	0	0	
0	0	0	0	0	3	9	0	1	0	25	79	128	172	101	0	2	0	176	177	78	32	0	1	1	0	17	185	58	0	3	0	0	1	4	40	211	31	0	2	0	0	165	69	109	188	0	1	1	0	40	141	168	179	10	0	0	0	0	0	3	1	0	0	
0	0	0	3	2	0	0	0	0	0	2	0	6	19	3	0	0	1	0	63	162	230	74	0	3	0	87	225	231	185	12	0	0	0	190	186	245	57	0	3	0	2	0	162	128	0	4	0	2	0	51	189	2	0	0	0	3	0	111	92	0	3	0	0	
0	0	0	2	2	0	0	0	0	0	2	0	19	18	0	1	0	1	0	39	167	23	0	1	1	0	30	159	177	39	0	0	2	0	52	138	148	35	0	1	0	1	0	23	101	0	2	0	0	1	0	34	103	0	3	0	0	0	0	9	29	0	1	0	
0	0	3	1	0	1	2	0	0	1	0	19	111	125	2	0	2	0	75	199	248	245	59	0	0	12	221	216	249	167	28	0	0	0	26	193	234	18	0	1	3	0	90	110	181	49	0	2	3	0	157	175	161	6	0	1	0	0	10	49	9	0	0	0	
0	0	0	0	1	0	0	0	0	0	2	0	83	36	0	1	0	0	0	0	185	41	0	2	0	2	0	54	167	0	2	0	0	3	0	97	112	0	3	0	0	3	0	156	68	0	2	0	0	1	0	160	33	0	1	0	0	0	0	25	3	0	0	0	
0	0	1	3	0	0	0	0	0	0	2	0	33	77	19	0	0	0	0	115	193	255	76	0	2	0	156	232	187	229	22	0	0	0	147	142	236	111	0	4	0	2	0	74	180	0	0	0	1	0	26	225	58	0	2	0	2	0	46	86	0	2	0	0	
0	0	0	0	0	0	0	0	0	1	0	112	113	0	1	0	2	0	63	154	176	56	0	2	1	0	31	116	137	44	0	2	0	3	0	94	190	0	2	0	0	3	0	129	185	6	0	1	0	3	0	121	169	0	0	0	0	0	0	12	25	0	1	0	
0	0	0	1	0	18	14	0	0	0	1	0	8	201	61	0	0	0	1	0	186	144	0	2	0	3	0	146	184	0	1	0	2	0	50	238	216	120	0	3	3	0	174	179	192	91	0	3	1	0	99	138	49	0	1	0	0	0	0	0	0	2	0	0	
0	0	0	2	2	0	0	0	1	0	10	135	170	19	0	1	2	0	46	97	101	122	0	4	3	0	79	100	39	155	0	3	4	0	129	51	69	132	0	4	4	0	152	67	164	71	0	3	2	0	46	185	132	0	1	0	0	0	0	4	1	0	0	0	
0	0	1	1	0	0	1	0	0	0	0	7	93	139	24	0	1	0	13	169	193	255	90	0	3	0	85	209	179	250	75	0	0	1	0	152	255	128	0	4	1	0	105	156	157	123	0	4	0	50	255	174	164	43	0	2	0	10	39	23	4	0	0	0	
0	0	0	0	2	1	0	0	0	39	149	84	8	0	1	0	0	25	97	140	170	24	0	1	0	0	2	0	79	128	0	3	0	1	6	0	58	179	0	2	0	0	0	9	188	93	0	3	0	0	0	190	135	0	2	0	0	0	0	26	3	1	0	0	
0	0	1	2	0	2	0	0	0	0	2	0	85	65	0	2	0	1	0	129	255	194	22	0	4	0	121	255	251	167	0	0	2	0	71	179	255	47	0	3	1	0	9	124	187	50	0	2	3	0	77	213	122	3	0	0	1	0	10	51	12	0	0	0	
0	0	0	0	12	55	0	1	0	0	2	0	111	87	0	2	0	2	0	69	123	0	1	0	1	0	4	202	176	111	0	0	3	0	87	162	57	154	0	1	3	0	89	183	145	39	0	2	0	0	6	84	36	0	1	0	0	0	0	0	1	2	0	0	
0	0	0	0	0	0	0	0	0	1	0	27	143	110	0	1	1	0	13	196	204	196	0	0	0	0	10	0	119	105	0	3	0	2	0	83	182	0	0	0	3	0	67	229	218	79	0	2	0	0	180	51	57	94	0	2	0	4	24	0	1	0	0	0	
0	0	0	0	1	0	0	0	0	0	1	0	22	33	0	1	0	0	3	0	149	96	0	3	0	2	0	44	169	0	0	0	0	3	0	142	81	0	3	0	1	0	15	164	7	0	0	0	1	0	36	111	0	2	0	0	0	0	8	24	0	1	0	0	
0	0	0	0	0	0	0	0	1	0	24	142	78	0	1	0	3	0	105	195	212	27	0	1	0	2	0	59	241	149	7	0	1	0	7	148	67	188	27	0	2	0	61	56	88	118	0	3	2	0	41	218	137	0	0	0	0	1	0	27	10	0	0	0	
0	0	0	0	0	0	0	0	2	0	71	178	195	92	0	2	2	0	98	102	152	210	0	1	0	1	2	0	192	129	0	3	0	2	0	112	248	32	0	2	0	6	155	255	239	173	47	0	0	12	198	133	74	108	28	0	0	0	0	0	0	0	0	0	
0	0	0	0	7	79	3	0	0	0	3	0	105	161	0	2	0	2	0	47	191	11	0	1	0	2	0	168	74	0	2	0	2	0	34	224	192	193	0	0	4	0	94	255	188	99	0	1	1	0	10	70	33	0	1	0	0	0	0	0	0	2	0	0	
0	0	0	0	0	0	0	0	0	1	0	20	69	0	2	0	0	1	0	33	97	0	3	0	0	1	0	38	79	0	3	0	0	2	0	59	64	0	2	0	0	3	0	84	41	0	1	0	0	2	0	76	21	0	1	0	0	0	0	0	0	0	0	0	
0	0	0	0	1	0	0	0	0	0	3	0	80	92	0	3	0	0	4	0	156	93	0	3	0	1	0	30	179	8	0	1	0	3	0	134	102	0	3	0	1	0	26	192	12	0	1	0	3	0	85	143	0	2	0	0	0	0	2	1	0	0	0	0	
0	0	2	1	0	0	1	1	0	1	1	6	47	96	33	0	2	0	55	190	147	91	127	9	0	21	178	34	7	0	116	51	0	117	95	0	0	41	157	0	0	139	84	0	52	150	47	0	0	33	164	142	125	31	0	2	0	0	5	12	0	1	2	0	
0	0	0	0	0	0	0	0	1	0	11	148	223	102	0	1	3	0	100	201	157	221	5	0	0	1	4	0	146	134	0	4	0	2	0	105	179	0	0	1	0	11	154	255	204	77	0	0	0	93	167	49	122	155	0	0	0	2	0	0	0	0	0	0	
0	1	0	6	9	0	1	0	2	0	48	129	78	71	0	0	0	9	166	35	0	124	76	0	0	79	96	0	0	91	151	0	0	129	59	0	0	89	138	0	0	59	136	0	68	221	55	0	1	0	79	122	152	117	0	1	0	1	0	6	9	0	1	0	
0	0	1	2	0	0	0	0	0	0	1	0	48	66	1	0	1	0	8	129	249	175	0	2	2	0	155	211	239	151	0	4	0	10	225	165	214	98	0	3	0	2	1	76	167	0	0	0	1	0	7	223	78	0	3	0	1	0	26	96	1	0	0	0	
0	0	0	14	63	23	0	1	2	0	44	138	122	166	11	0	1	0	24	8	20	147	0	0	0	2	0	3	142	52	0	2	1	0	3	123	69	0	2	0	0	21	209	150	56	58	21	0	0	35	109	98	116	126	74	0	0	0	0	0	0	0	0	0	
0	0	1	2	0	0	0	0	0	0	1	0	56	125	15	0	0	0	0	114	211	255	55	0	4	0	98	221	214	193	7	0	1	0	10	152	255	42	0	2	2	0	50	185	180	0	2	0	3	0	168	206	69	0	2	0	1	0	26	38	0	1	0	0	
0	0	2	0	0	0	1	1	0	2	0	112	177	117	19	0	3	0	95	204	57	137	182	0	0	14	211	47	0	8	185	30	0	99	156	0	0	59	195	2	0	96	196	34	79	212	69	0	0	0	143	213	163	63	0	2	0	0	0	0	0	1	2	0	
0	0	0	3	2	0	0	0	0	0	2	0	7	29	41	35	0	2	0	49	185	210	197	84	3	0	67	255	114	0	5	0	1	0	20	149	137	0	4	2	0	4	36	129	112	0	4	0	0	0	178	234	16	0	1	0	0	0	10	25	0	1	0	0	
0	0	0	0	0	0	0	0	0	2	0	93	38	0	1	0	0	4	0	110	96	0	3	0	0	3	0	81	108	0	3	0	0	2	0	59	135	0	3	0	0	1	0	19	164	2	0	0	0	0	1	0	118	24	0	1	0	0	0	0	0	0	0	0	
0	0	0	1	0	11	15	0	0	0	2	0	41	202	116	0	0	2	0	28	206	255	78	0	1	0	22	37	124	183	0	1	2	0	143	255	165	20	0	1	0	21	240	255	187	12	0	1	0	18	117	37	120	33	0	1	0	0	0	0	0	0	0	0	
0	0	0	0	0	0	0	0	0	1	0	29	121	62	0	2	0	1	0	100	162	103	0	4	0	0	2	149	220	99	0	3	0	0	7	35	142	157	0	3	0	1	0	110	158	8	0	1	0	27	162	128	1	0	1	0	0	18	37	0	3	1	0	0	
0	0	0	1	1	34	4	0	0	8	4	0	79	186	0	0	0	3	0	32	217	53	0	2	0	1	0	183	129	0	3	0	3	0	94	246	221	115	0	4	0	0	211	199	189	80	0	3	0	0	107	108	25	0	1	0	0	0	0	0	0	2	0	0	
0	0	1	1	0	0	0	0	0	1	0	38	110	94	8	0	0	0	11	116	8	98	64	0	1	0	32	132	56	97	7	0	0	3	103	109	150	32	0	1	0	61	81	0	97	42	0	1	0	41	84	79	95	0	1	0	1	0	32	51	5	0	0	0	
0	0	1	2	0	0	0	0	0	0	1	0	121	140	0	1	2	0	28	191	241	210	1	0	1	0	28	63	161	113	0	3	1	0	9	104	151	0	0	0	0	1	199	255	135	15	0	1	0	19	124	40	183	142	0	2	0	0	0	0	0	0	0	0	
0	0	1	1	0	0	0	0	0	1	0	48	144	133	44	0	2	0	37	155	102	95	22	0	4	0	93	168	89	86	0	0	1	0	25	74	66	173	5	0	3	15	0	0	132	69	0	2	2	124	135	151	85	0	2	0	0	6	54	26	0	3	0	0	
0	0	0	1	0	0	0	0	0	1	0	35	106	15	2	0	0	2	0	157	158	132	0	2	3	0	93	131	139	152	0	0	2	0	170	213	188	173	70	0	1	0	23	196	33	0	5	0	3	0	112	111	0	6	0	0	1	0	32	10	0	1	0	0	
0	0	1	0	0	2	0	0	1	0	24	132	71	0	0	0	4	0	119	148	208	121	0	3	0	13	130	0	13	169	17	0	0	32	88	0	0	100	32	0	0	14	140	7	15	138	11	0	3	0	103	199	180	77	0	2	0	0	0	37	23	0	1	0	
0	0	0	3	0	0	0	0	0	0	1	0	31	118	73	0	0	1	0	107	223	255	98	0	3	0	63	250	252	168	0	0	1	0	8	182	255	69	0	3	0	0	136	121	190	37	0	1	0	26	217	166	121	0	1	0	0	0	41	39	0	1	0	0	
0	0	1	3	0	1	2	0	0	1	2	0	66	54	0	1	1	0	18	132	129	181	53	0	0	14	179	92	0	48	171	0	0	159	83	0	0	87	148	0	0	163	124	95	166	153	29	0	0	15	108	106	39	0	1	0	0	1	0	0	0	3	2	0	
0	0	0	2	1	0	0	0	0	0	1	1	1	10	60	29	0	2	0	37	189	185	170	41	1	0	23	214	119	12	0	1	1	0	10	110	194	6	0	2	0	21	78	136	105	0	2	0	0	31	200	83	0	1	0	0	0	0	0	0	2	0	0	0	
1	1	0	1	2	0	0	0	0	14	36	6	0	1	0	0	27	141	101	137	52	0	2	0	34	155	36	25	165	138	0	1	0	35	121	116	152	205	11	0	1	1	0	6	12	160	40	0	0	1	3	4	0	126	102	0	0	0	0	2	0	69	94	0	
0	0	0	2	0	0	0	0	0	0	0	7	116	59	0	0	0	3	0	127	255	186	64	0	2	0	50	202	93	55	97	0	3	0	173	96	0	97	78	0	0	19	174	7	0	159	33	0	0	16	170	46	156	87	0	3	1	0	35	53	47	0	1	0	
0	0	0	0	1	1	0	0	2	0	46	206	75	0	3	0	2	0	117	163	210	27	0	1	0	1	7	10	157	95	0	3	2	0	55	230	255	87	0	3	4	0	149	242	193	253	55	0	1	0	24	49	0	144	41	0	0	0	0	0	2	0	0	0	
0	0	0	0	1	0	0	0	0	0	2	0	70	85	0	3	0	0	4	0	138	96	0	3	0	0	0	4	173	27	0	1	0	3	0	88	135	0	3	0	0	0	0	172	46	0	2	0	2	0	55	119	0	3	0	0	0	0	3	2	1	0	0	0	
0	0	1	0	31	26	0	1	0	1	0	35	165	50	0	2	0	3	0	161	112	0	3	0	0	1	0	32	156	67	0	2	0	0	57	0	42	129	0	3	1	0	142	60	145	87	0	3	2	0	42	125	85	0	0	0	0	0	0	0	0	1	0	0	
0	0	1	18	2	0	0	0	1	0	7	136	128	0	1	0	0	1	3	0	134	65	0	3	0	0	14	0	93	65	0	2	0	47	149	175	208	58	12	5	0	41	131	86	48	98	118	43	0	0	0	0	0	0	0	0	0	1	3	3	2	3	1	0	
0	1	1	0	0	0	0	0	0	0	107	9	2	16	0	0	0	16	174	0	49	172	0	1	0	64	150	0	71	190	0	3	0	83	218	135	174	218	21	0	0	5	44	64	123	227	24	0	0	0	1	0	19	130	1	0	0	0	2	3	3	0	1	0	
0	0	0	6	8	0	0	0	0	2	0	82	170	33	0	2	0	1	0	29	166	42	0	2	2	0	32	178	173	3	0	1	0	0	6	0	84	117	0	4	0	15	9	3	137	117	0	4	0	72	162	159	121	2	0	0	0	0	10	5	0	1	0	0	
0	0	0	0	1	3	0	0	0	2	55	39	0	0	0	0	0	7	187	225	220	138	0	1	1	0	10	217	251	116	0	1	1	0	4	128	216	49	0	2	0	0	3	0	97	218	1	0	1	0	14	121	181	163	0	0	1	0	12	103	71	4	0	0	
0	0	1	0	0	1	0	0	1	0	34	55	0	4	74	9	3	0	124	115	0	97	166	0	0	12	206	31	0	195	56	0	0	18	218	31	64	191	0	1	2	0	99	170	225	138	0	1	0	2	0	61	159	0	1	0	0	1	0	23	18	0	1	0	
0	1	4	2	0	0	0	0	0	0	0	0	6	3	0	0	0	30	99	129	206	35	0	2	0	71	90	96	144	0	1	0	0	2	0	173	142	149	5	0	0	2	7	50	146	131	0	2	0	1	0	28	135	5	0	1	0	2	0	62	59	0	2	0	
0	1	8	0	31	76	0	2	0	5	29	0	162	98	0	3	0	2	0	62	197	0	0	0	0	1	0	184	84	0	3	0	2	0	49	209	79	70	0	1	4	0	83	240	177	184	0	1	1	0	24	62	34	45	0	1	0	0	0	0	0	0	0	0	
0	0	1	0	6	2	1	0	0	2	0	47	118	47	0	1	1	0	23	128	6	132	25	0	2	0	116	59	0	85	55	0	0	1	146	14	0	107	44	0	2	0	135	45	28	97	3	0	1	0	30	141	114	21	0	1	0	0	0	5	2	1	0	0	
0	0	0	0	0	0	0	0	0	7	28	29	26	14	0	0	0	31	182	166	197	230	26	0	0	0	4	0	77	211	0	0	0	1	1	0	195	92	0	3	0	3	0	83	202	0	0	1	1	0	1	203	73	0	2	0	2	0	46	151	0	1	0	0	
0	0	1	0	1	1	0	0	0	0	6	39	0	27	9	0	3	0	107	133	8	143	5	0	4	0	125	91	99	112	0	4	1	0	12	127	207	29	0	1	0	1	0	23	144	0	1	0	0	2	0	65	123	0	3	0	0	1	0	19	36	0	1	0	
0	0	0	0	0	0	0	0	0	1	0	32	60	107	3	0	0	0	0	145	95	169	8	0	0	3	0	135	163	72	0	3	0	2	0	186	140	0	3	0	4	0	92	212	98	0	3	0	3	0	86	200	92	0	3	0	0	0	3	48	7	0	0	0	
0	0	0	2	2	0	0	0	0	4	94	155	163	71	0	2	0	50	116	11	64	141	0	3	0	0	2	0	130	69	0	4	0	2	0	99	114	0	2	0	2	0	129	146	39	76	68	36	0	0	139	155	138	115	102	50	0	0	0	1	0	0	0	0	
0	0	1	1	0	1	0	0	0	2	0	41	194	32	0	2	0	1	0	182	255	121	0	3	3	0	86	255	116	154	12	0	1	0	178	63	18	179	9	0	0	20	189	7	137	125	0	3	1	0	137	194	138	5	0	1	0	0	1	5	0	1	0	0	
0	0	1	2	3	3	0	0	0	0	5	3	0	0	1	0	3	0	103	120	77	69	0	1	0	16	113	11	106	126	14	0	0	21	40	24	142	50	13	0	0	1	0	41	96	0	3	0	0	3	0	84	46	0	2	0	0	1	0	84	14	0	0	0	
0	0	0	0	0	0	0	0	0	0	2	0	75	29	0	1	0	0	0	6	178	25	0	1	0	2	0	44	166	0	1	0	0	4	0	117	102	0	3	0	0	0	2	159	23	0	1	0	1	0	39	126	0	2	0	0	0	0	8	15	0	0	0	0	
0	0	0	0	0	13	3	0	0	0	1	1	0	113	15	0	3	0	105	43	0	142	9	0	3	0	132	42	6	132	0	1	1	0	178	81	51	137	0	3	0	2	180	125	178	147	0	3	0	1	23	0	38	57	0	2	0	0	1	3	0	1	0	0	
0	0	6	7	0	1	0	0	0	0	104	172	119	0	0	0	0	2	8	5	151	93	0	3	0	0	2	0	58	159	0	3	0	25	113	122	174	80	0	3	0	107	231	177	160	135	27	0	0	6	26	5	0	64	112	9	0	0	0	2	4	0	1	1	
0	3	4	4	3	4	2	0	0	0	0	0	0	0	0	0	15	110	147	148	160	156	73	0	3	56	77	72	44	230	122	0	0	0	3	0	125	167	0	0	0	4	0	66	201	7	0	1	0	2	0	168	66	0	3	0	0	2	0	135	48	0	1	0	
0	0	0	5	1	0	0	0	0	1	0	110	104	0	2	0	1	0	3	115	155	0	3	0	3	0	60	200	155	0	1	0	0	0	3	0	138	91	0	3	0	0	6	53	182	82	0	3	3	0	62	215	98	0	1	0	0	0	2	1	0	1	0	0	
0	0	1	0	0	0	0	0	0	0	1	54	77	11	0	1	1	0	131	107	184	41	0	2	0	1	21	5	130	6	0	0	1	0	4	82	205	46	0	2	2	0	76	171	168	57	0	1	0	2	0	64	139	0	4	0	0	0	0	21	71	0	1	0	
0	0	1	0	1	1	0	0	0	0	1	2	0	52	72	0	0	15	141	4	4	189	49	0	0	30	193	0	87	159	0	3	0	13	199	85	191	118	0	1	1	0	32	172	216	56	3	0	0	3	0	90	104	0	3	0	0	0	0	17	9	1	0	0	
0	0	0	0	1	0	0	0	0	0	38	70	5	0	0	0	0	7	93	134	77	0	3	0	0	3	0	66	194	27	0	2	0	2	0	47	81	104	0	3	0	0	2	0	61	97	0	3	0	1	0	29	136	31	0	1	0	1	0	79	58	0	1	0	
0	0	0	0	0	0	5	3	0	2	0	53	148	143	122	25	0	4	0	172	133	7	7	0	1	1	5	128	155	0	3	0	0	24	122	27	207	18	0	1	0	47	165	0	204	71	0	3	1	0	126	194	163	14	0	1	0	0	1	5	0	0	0	0	
0	0	0	0	0	0	0	0	0	3	0	108	147	0	2	0	0	4	0	147	209	0	1	0	0	3	0	180	177	0	3	0	0	2	0	190	208	0	1	0	0	1	0	214	188	0	2	0	0	1	0	176	148	0	2	0	0	0	0	0	3	1	0	0	
0	0	0	0	0	0	0	0	0	1	0	11	91	115	4	0	0	4	0	158	173	159	30	0	0	4	0	122	181	106	0	2	0	2	0	145	201	0	0	1	4	0	98	170	147	11	0	0	3	0	64	157	164	10	0	1	0	1	0	42	31	0	1	0	
0	0	0	1	3	0	0	0	0	3	0	85	176	48	0	2	1	0	13	138	12	4	0	0	2	0	53	175	103	30	0	1	1	0	31	35	54	139	0	1	0	10	119	0	87	127	0	2	1	0	94	135	114	9	0	1	0	0	1	1	0	1	0	0	
0	0	2	2	0	1	0	0	0	0	0	3	29	10	0	0	2	0	51	146	131	173	7	0	1	0	199	160	140	216	4	0	1	0	47	79	186	115	0	4	0	0	1	0	177	49	0	2	0	2	0	55	191	0	0	0	0	3	0	84	109	0	3	0	
0	0	1	2	3	0	0	0	1	0	24	133	154	20	0	1	1	0	142	50	134	132	0	3	0	37	131	0	5	142	13	0	0	68	86	0	0	112	51	0	0	46	143	5	0	139	62	0	2	0	81	136	137	104	0	0	0	0	0	7	13	1	0	0	
0	0	1	1	0	1	0	0	0	2	0	103	224	62	0	2	2	0	28	224	133	184	8	0	4	0	149	154	0	186	73	0	0	0	197	55	0	157	94	0	1	0	197	73	52	193	20	0	2	0	67	189	172	53	0	2	0	0	0	2	2	0	1	0	
0	0	2	1	0	0	0	0	0	0	1	0	11	65	0	1	2	0	58	46	18	105	0	2	3	0	127	45	27	86	0	3	0	7	163	102	131	101	0	3	0	9	40	4	138	63	0	1	0	0	1	0	89	7	0	0	0	0	2	1	1	1	0	0	
0	0	0	0	1	0	0	0	0	0	2	0	52	71	0	2	0	0	2	0	184	102	0	4	0	1	0	29	217	23	0	1	0	3	0	94	168	0	2	0	0	2	0	175	77	0	2	0	1	0	25	145	0	0	0	0	0	0	6	15	0	0	0	0	
0	0	1	0	0	1	1	0	1	0	13	132	155	35	0	1	4	0	136	255	124	134	23	0	3	0	198	163	0	87	106	0	3	0	194	141	0	32	128	0	3	0	161	95	0	88	176	0	1	0	32	150	130	189	41	0	0	1	0	12	62	22	0	1	
0	0	0	1	0	0	0	0	0	2	0	111	152	0	0	1	0	1	2	0	171	62	0	3	0	0	9	0	121	104	0	4	0	34	195	183	234	158	53	10	0	34	155	149	68	42	94	29	0	0	0	0	0	0	0	0	0	1	3	3	3	2	3	1	
0	1	0	0	1	3	0	0	0	5	31	31	12	0	0	0	2	138	160	131	124	68	0	2	12	168	39	0	117	177	0	3	0	48	134	124	112	165	2	0	0	0	0	1	0	172	39	0	0	2	3	4	0	145	51	0	0	0	0	3	0	92	47	0	
0	0	6	37	1	0	0	0	0	2	0	135	73	0	2	0	2	0	45	199	116	0	3	0	1	0	42	80	170	53	0	2	0	0	3	0	89	143	0	4	2	0	75	113	190	75	0	3	2	0	77	145	52	0	1	0	0	0	0	0	0	1	0	0	
0	0	0	1	0	0	0	0	0	0	0	2	51	4	0	0	0	2	0	68	168	0	2	0	0	4	0	110	104	0	3	0	0	4	0	114	89	0	3	0	0	3	0	102	66	0	2	0	0	3	0	95	60	0	2	0	0	1	0	24	17	0	1	0	
0	1	0	0	1	2	0	0	0	2	42	2	0	28	93	0	0	49	149	0	2	190	89	0	0	80	178	0	112	160	0	3	0	1	158	164	229	81	0	2	0	3	0	143	154	6	2	0	0	3	0	158	47	0	2	0	0	0	0	24	6	0	0	0	
0	0	1	0	0	3	2	0	1	0	14	88	60	0	0	0	1	0	171	181	141	150	54	0	0	73	151	0	39	254	92	0	0	108	115	88	161	186	70	0	0	24	153	135	13	154	39	0	0	0	0	0	8	163	12	0	0	1	3	4	0	60	8	0	
0	0	0	1	0	0	0	0	0	0	0	0	51	112	101	0	1	0	5	178	168	98	31	0	0	1	0	199	69	0	3	0	0	5	0	150	106	0	5	0	0	7	84	81	177	0	3	0	2	0	112	197	144	0	2	0	0	0	7	53	7	0	0	0	
0	0	3	1	1	0	0	0	2	0	55	134	0	1	0	0	1	0	0	207	97	0	3	0	0	4	0	171	187	0	3	0	0	4	0	133	231	4	0	1	0	3	0	68	255	40	0	2	0	1	0	29	167	22	0	1	0	0	0	0	0	0	0	0	
0	0	2	0	49	34	0	1	0	1	0	31	172	17	0	1	0	3	0	161	105	0	3	0	2	0	57	173	13	41	0	1	4	0	105	189	143	206	17	0	2	0	40	219	145	163	13	0	0	1	0	24	88	32	0	1	0	0	1	1	0	1	0	0	
0	0	3	5	0	1	0	0	2	0	73	131	61	0	1	0	0	0	10	2	111	73	0	3	0	0	0	15	62	93	0	3	0	2	0	63	142	0	0	0	1	0	33	44	118	20	0	1	1	0	29	65	146	42	0	2	0	0	0	0	2	0	0	0	
0	0	0	0	0	0	0	0	0	1	16	14	21	16	0	0	0	17	129	148	157	194	8	0	0	1	3	0	54	186	0	0	0	0	4	0	171	114	0	4	0	2	0	69	182	0	0	0	1	0	20	183	37	0	1	0	3	0	74	98	0	4	0	0	
0	0	1	0	3	3	0	0	1	0	22	113	146	50	0	2	2	0	136	59	0	1	0	0	1	0	135	134	113	91	2	0	0	0	3	28	10	113	101	0	0	20	83	0	20	115	46	0	0	0	127	141	116	44	0	1	0	0	2	11	0	1	1	0	
0	0	0	0	0	0	0	0	0	1	0	27	119	109	5	0	0	3	0	140	124	141	23	0	0	3	0	129	126	112	0	2	1	0	0	190	174	3	0	1	4	0	104	147	125	0	2	0	3	0	64	161	141	0	2	0	0	0	0	51	19	0	1	0	
0	0	1	2	0	0	0	0	0	1	0	14	147	124	25	0	1	0	2	158	139	149	133	0	3	0	80	203	4	0	2	0	1	0	21	148	192	40	0	2	0	2	5	0	170	99	0	4	0	24	159	168	127	5	0	1	0	0	49	32	0	0	0	0	
0	0	1	2	0	0	0	0	0	0	0	2	22	4	0	0	1	0	27	121	166	100	0	3	4	0	113	173	180	100	0	4	0	0	0	62	193	8	0	1	0	3	0	85	129	0	3	0	0	0	0	169	41	0	1	0	2	0	39	122	0	2	0	0	
0	0	0	1	0	2	1	0	0	1	0	22	23	0	1	0	0	3	0	169	78	97	69	0	2	0	79	222	53	195	40	0	0	0	205	213	231	154	0	4	0	0	23	4	172	39	0	1	0	2	0	61	156	0	2	0	0	1	0	37	49	0	2	0	
0	0	1	1	0	4	1	0	0	1	0	19	126	204	75	0	1	0	16	188	193	53	142	0	2	0	166	119	36	14	147	0	0	61	169	0	0	130	121	0	0	118	133	35	167	144	0	0	0	40	195	174	75	0	2	0	0	0	1	1	0	2	1	0	
0	0	0	1	0	0	0	0	0	0	0	17	20	0	0	0	1	0	8	112	135	15	0	1	1	0	34	117	134	15	0	1	0	1	0	53	113	0	2	0	0	1	0	42	61	0	2	0	0	2	0	67	36	0	1	0	0	2	0	48	23	0	1	0	
0	0	0	0	1	0	0	0	0	0	2	0	111	47	0	2	0	0	0	1	165	27	0	1	0	1	0	41	171	0	1	0	0	4	0	125	113	0	3	0	0	0	1	174	32	0	1	0	1	0	35	107	0	2	0	0	0	0	1	1	0	0	0	0	
0	0	1	0	1	0	0	0	0	0	0	48	29	0	1	0	2	0	56	90	67	10	0	0	3	0	79	17	62	75	0	3	1	0	24	76	145	47	0	2	0	0	0	5	125	28	0	1	0	0	2	0	115	17	0	1	0	0	0	0	41	3	0	0	
0	0	0	0	0	0	0	0	0	11	29	15	16	11	0	0	0	30	143	143	175	158	0	3	0	0	3	0	111	107	0	4	0	1	2	0	170	35	0	1	0	2	0	58	158	0	2	0	0	3	0	144	72	0	2	0	0	0	2	121	12	0	0	0	
0	0	0	5	0	0	0	0	0	3	0	104	71	0	2	0	0	3	0	92	162	0	4	0	0	3	0	82	206	0	1	0	0	3	0	84	216	0	1	0	0	3	0	68	247	21	0	2	0	1	0	14	165	24	0	1	0	0	0	0	0	0	0	0	
0	0	1	2	0	0	0	0	0	0	0	2	63	28	0	1	1	0	9	125	158	134	0	3	2	0	46	173	177	97	0	3	0	1	0	24	182	13	0	1	0	3	0	95	131	0	3	0	0	1	0	165	49	0	2	0	0	0	5	64	1	0	0	0	
0	0	1	2	0	0	0	0	0	1	0	11	69	12	0	1	1	0	18	111	123	103	0	4	3	0	126	53	115	103	0	4	2	0	74	99	180	27	0	1	0	1	0	39	147	0	1	0	0	3	0	107	98	0	3	0	0	1	0	57	23	0	1	0	
0	0	0	2	0	0	0	0	0	0	0	5	25	74	164	51	0	2	0	124	178	126	62	2	3	0	88	168	1	0	1	0	2	0	30	141	145	8	1	1	0	45	152	0	178	46	0	2	0	2	113	159	115	1	0	0	0	0	0	0	0	0	0	0	
0	0	0	0	0	0	0	0	0	2	23	0	7	9	1	1	0	4	91	0	37	64	0	2	0	27	73	0	40	108	66	18	0	59	49	62	126	115	29	3	0	82	98	46	45	58	0	2	0	2	2	0	29	51	0	2	0	0	2	2	2	3	0	0	
0	0	0	0	0	0	0	0	0	0	3	0	89	109	0	3	0	0	4	0	127	131	0	4	0	0	0	1	186	45	0	2	0	3	0	116	154	0	3	0	2	0	34	193	18	0	1	0	3	0	103	96	0	3	0	0	0	0	1	1	1	0	0	0	
0	0	0	0	0	0	0	0	0	2	0	45	88	0	1	0	0	3	0	95	115	0	3	0	0	3	0	94	125	0	4	0	0	3	0	73	126	0	4	0	0	2	0	54	136	0	3	0	0	1	0	45	126	0	3	0	0	0	0	3	17	0	0	0	
0	0	0	1	2	0	0	0	0	0	1	0	26	118	20	0	0	1	0	30	113	173	44	0	0	3	0	87	218	100	0	1	1	0	17	182	164	0	3	0	3	0	109	90	123	0	4	0	2	0	75	154	94	0	3	0	0	0	5	49	6	0	0	0	
0	0	1	0	1	1	0	0	1	0	20	131	75	11	10	0	0	4	202	94	54	188	41	0	0	3	161	125	169	50	0	2	0	1	0	161	219	8	0	1	0	3	0	101	161	105	0	4	0	2	0	45	218	123	0	4	0	0	0	0	27	11	0	0	
0	0	3	1	0	0	0	0	0	0	0	11	26	7	0	0	2	0	111	174	195	136	0	4	1	0	171	186	209	73	0	3	0	1	0	31	195	10	0	1	0	3	0	75	168	0	3	0	0	3	0	146	109	0	3	0	0	2	0	132	47	0	2	0	
0	2	2	0	3	0	0	0	0	0	4	6	0	1	0	0	0	43	180	194	119	0	0	0	0	49	69	15	170	124	0	4	0	0	1	0	27	173	0	0	0	2	4	0	34	140	0	2	0	0	3	0	127	78	0	3	0	0	0	3	120	15	0	1	
0	0	1	1	0	1	0	0	0	0	1	1	0	37	54	0	1	0	34	91	0	130	37	0	3	0	97	103	41	143	0	2	0	6	179	99	163	139	25	0	0	8	22	0	137	16	0	1	0	2	0	58	107	0	3	0	0	1	0	14	12	0	0	0	
0	0	0	0	0	0	0	0	0	3	0	104	125	0	3	0	0	4	0	142	147	0	4	0	0	4	0	153	145	0	4	0	0	4	0	146	173	0	3	0	0	4	0	146	181	0	3	0	0	3	0	109	150	0	2	0	0	0	0	0	1	0	0	0	
0	1	0	24	56	0	0	0	0	2	0	45	167	61	0	3	0	0	9	32	131	38	0	2	2	0	82	159	157	13	0	1	0	0	2	0	65	125	0	3	0	18	147	55	111	121	0	4	0	9	122	136	107	9	0	1	0	0	0	0	0	0	0	0	
0	0	0	0	0	0	0	0	0	1	0	30	64	0	2	0	0	2	0	50	128	0	3	0	0	2	0	46	119	0	3	0	0	2	0	45	120	0	3	0	0	1	0	42	118	0	3	0	0	1	0	31	123	0	2	0	0	0	0	3	18	0	0	0	
0	0	0	0	1	0	0	0	0	0	1	0	42	87	0	2	0	0	3	0	124	115	0	4	0	0	0	3	188	38	0	2	0	2	0	71	161	0	2	0	0	2	0	167	68	0	2	0	2	0	40	164	0	1	0	0	1	0	13	21	0	1	0	0	
0	0	0	3	0	0	1	0	0	0	3	0	45	163	56	0	0	0	0	95	104	71	16	0	2	0	106	97	0	1	0	0	0	38	122	0	0	57	72	0	0	56	105	0	117	127	49	0	0	0	90	142	69	0	1	0	0	0	5	9	0	3	2	0	
0	0	0	0	0	0	0	0	0	1	12	10	17	18	2	0	0	75	169	152	170	215	14	0	0	8	8	0	92	145	0	3	0	0	1	0	175	52	0	2	0	3	0	63	174	0	2	0	0	2	0	164	71	0	2	0	1	0	31	131	0	0	0	0	
0	1	3	0	2	1	0	0	0	0	0	14	5	0	0	0	0	4	148	221	186	20	0	1	0	56	237	63	255	152	0	4	0	17	211	147	164	190	11	0	2	0	65	161	25	193	39	0	0	0	0	0	0	201	35	0	0	0	3	4	1	132	20	0	
0	0	0	0	0	0	0	0	0	1	0	76	70	97	9	0	0	0	0	213	117	168	49	0	0	2	0	164	142	113	0	1	0	2	0	174	196	0	0	1	4	0	121	159	133	0	2	0	3	0	105	140	137	0	0	0	0	0	4	61	24	0	1	0	
0	0	1	1	0	1	0	0	0	1	0	16	23	0	0	0	1	0	24	98	158	36	0	2	0	0	118	13	46	111	0	2	0	4	114	12	3	123	5	0	0	0	3	0	44	86	0	3	0	0	3	0	99	33	0	1	0	0	0	6	101	5	0	0	
0	0	1	0	1	0	0	0	0	0	0	15	2	0	1	1	2	0	48	139	75	0	4	0	0	0	10	11	111	0	28	43	0	31	147	144	141	40	122	31	0	9	70	58	61	91	39	0	0	0	0	0	0	0	0	1	0	0	3	2	3	3	2	0	
1	0	18	26	0	5	0	0	3	0	126	58	20	66	0	2	0	5	158	5	17	148	0	0	0	9	164	13	0	132	54	0	3	0	154	55	0	73	85	0	3	0	72	180	46	149	81	0	0	1	0	67	128	96	7	0	0	0	2	0	0	0	0	0	
0	0	0	0	0	1	0	0	0	0	2	17	0	37	50	0	1	0	17	142	0	122	54	0	3	0	119	174	11	183	6	0	0	4	172	134	177	132	0	3	0	1	2	0	148	21	0	1	0	2	0	51	110	0	3	0	0	1	0	15	16	0	0	0	
0	0	1	0	0	1	0	0	0	1	0	41	46	0	1	0	1	0	27	85	118	73	0	3	3	0	74	35	152	70	0	3	2	0	58	112	131	37	0	2	0	0	5	4	92	42	0	2	0	0	4	0	99	43	0	2	0	0	2	0	44	21	0	1	
0	1	0	26	61	7	0	0	0	2	0	69	151	111	0	2	0	2	0	8	154	96	0	3	0	0	1	0	124	106	0	4	0	67	78	0	11	141	6	0	0	27	203	119	71	152	7	0	1	0	21	117	142	38	0	2	0	1	1	0	0	0	0	0	
0	1	0	0	0	2	2	0	0	13	21	0	2	0	0	0	0	98	85	0	0	63	46	0	0	125	69	0	88	125	131	37	0	94	130	22	179	83	129	22	0	4	113	131	143	103	25	0	0	1	0	0	0	0	1	1	0	0	3	2	3	3	1	0	
0	0	0	0	10	23	0	1	0	0	2	0	130	75	0	3	0	2	0	81	180	0	1	0	0	2	0	175	75	0	2	0	1	0	25	187	69	17	0	1	1	0	22	211	187	89	0	4	0	1	0	75	117	11	0	1	0	0	0	0	0	0	0	0	
0	0	1	0	0	0	0	0	1	0	10	88	62	0	1	0	2	0	145	108	104	36	0	1	1	0	173	100	112	48	0	2	1	0	16	81	156	80	0	3	0	0	4	0	127	66	0	2	0	1	0	13	184	22	0	1	0	1	0	17	67	0	1	0	
0	0	1	2	1	2	0	0	0	0	0	4	19	0	0	0	1	0	9	109	155	60	0	2	3	0	75	194	196	74	0	3	0	0	1	71	194	10	0	1	0	2	0	50	129	0	2	0	0	3	0	111	73	0	2	0	0	2	0	93	24	0	1	0	
0	0	2	0	21	35	0	0	0	1	0	72	153	146	0	0	2	0	44	139	11	29	0	0	1	0	108	36	1	0	0	0	0	11	157	112	150	90	0	1	1	0	134	94	96	186	2	0	1	0	18	112	115	32	0	1	0	0	1	0	0	0	0	0	
0	0	1	2	0	0	0	0	0	0	0	2	18	7	0	0	1	0	5	112	218	92	0	4	3	0	75	200	196	42	0	2	0	0	1	59	178	0	0	0	0	2	0	65	122	0	3	0	0	3	0	135	71	0	2	0	0	0	0	104	12	0	0	0	
0	0	0	0	0	0	0	0	0	1	0	58	88	11	0	1	0	0	6	80	57	69	0	3	0	0	2	85	101	46	0	2	0	3	0	127	89	0	2	0	0	1	0	152	52	0	2	0	0	0	2	120	69	0	2	0	0	0	0	15	18	0	0	0	
0	0	0	1	2	2	3	1	0	0	0	0	0	0	0	0	0	2	0	22	78	81	81	27	0	3	0	114	129	28	28	14	0	27	34	0	107	45	0	2	0	35	159	99	91	2	1	1	1	0	18	37	3	0	0	0	0	1	1	0	2	0	0	0	
0	0	1	0	0	0	2	0	1	0	13	182	160	55	0	2	3	0	150	176	91	199	77	0	0	39	201	9	0	44	174	0	0	73	199	0	0	58	173	0	0	34	232	111	65	209	89	0	2	0	68	209	207	109	0	0	0	1	0	0	0	0	1	0	
0	0	0	1	0	0	0	0	0	2	10	8	101	65	26	0	0	7	5	117	134	142	31	0	0	4	0	123	192	123	0	4	0	4	0	117	224	18	0	1	2	0	43	168	152	11	0	1	3	0	77	162	145	16	0	1	0	0	0	53	30	0	1	0	
0	0	0	0	0	1	0	0	1	0	40	96	56	0	1	0	0	3	116	10	73	47	0	0	1	0	48	104	77	39	0	0	1	0	16	123	100	24	0	1	1	0	23	85	0	87	17	0	0	1	0	45	77	116	55	0	0	0	1	0	20	48	2	0	
0	0	3	0	30	56	0	2	0	0	7	0	139	69	0	3	0	2	0	79	159	0	2	0	1	0	3	203	53	0	2	0	1	0	16	171	117	91	0	2	0	0	0	196	205	121	0	3	0	1	0	38	74	9	0	1	0	0	0	0	0	0	0	0	
0	0	0	3	0	2	0	0	0	0	1	0	23	4	0	0	0	1	0	106	167	102	0	2	3	0	100	141	139	162	0	3	2	0	159	137	168	91	0	4	0	0	13	15	141	29	0	1	0	1	0	41	149	0	2	0	0	1	0	39	81	0	2	0	
0	0	1	0	38	14	0	0	0	0	0	0	132	17	0	1	0	2	0	69	120	0	3	0	0	2	0	137	46	0	1	0	1	0	35	130	100	104	0	2	2	0	37	168	109	64	0	2	0	0	0	53	50	0	0	0	0	0	0	0	0	1	0	0	
0	0	0	3	0	0	0	0	0	2	0	77	43	0	1	0	0	3	0	81	76	0	3	0	0	3	0	70	80	0	3	0	0	2	0	60	111	0	3	0	0	1	0	34	128	0	2	0	0	0	0	5	121	14	0	1	0	0	0	0	4	1	0	0	
0	0	0	1	0	0	0	0	0	0	0	4	73	81	3	0	0	3	0	89	141	135	0	1	0	3	0	120	220	84	0	3	0	3	0	124	161	0	2	0	2	0	38	173	98	0	3	0	3	0	62	140	94	0	3	0	0	0	0	47	16	0	1	0	
0	0	1	0	0	0	0	0	1	0	19	72	114	137	30	0	2	0	173	208	160	76	5	0	0	54	255	195	184	133	7	0	0	25	80	40	0	185	84	0	0	5	35	0	94	196	12	0	0	2	150	177	199	54	0	2	1	0	28	50	4	0	1	0	
0	1	0	19	27	0	1	0	0	1	0	29	186	40	0	2	0	2	4	0	123	108	0	4	0	0	12	0	95	86	0	3	0	63	119	159	193	15	0	1	0	103	124	75	88	146	0	1	0	3	4	0	0	83	10	0	0	1	0	3	2	0	0	0	
0	0	1	1	1	1	0	0	0	2	0	46	185	92	0	2	1	0	15	212	64	132	46	0	4	0	138	176	0	105	104	0	1	0	199	76	0	133	101	0	0	0	214	63	92	189	7	0	2	0	113	200	168	34	0	2	0	0	0	3	0	1	1	0	
0	0	1	0	48	29	0	1	0	1	0	42	152	7	0	1	0	1	0	186	69	0	3	0	3	0	94	134	40	89	3	0	4	0	147	143	96	175	51	0	4	0	115	229	98	117	7	0	1	0	8	69	72	9	0	1	0	0	0	0	0	2	1	0	
0	0	2	1	0	0	0	0	0	0	0	10	24	0	0	0	1	0	85	122	153	54	0	2	0	2	34	0	110	23	0	1	1	0	18	144	188	63	0	1	1	0	3	130	71	6	2	0	0	2	0	99	25	0	1	0	0	2	0	73	33	0	1	0	
0	0	0	17	41	0	1	0	0	1	0	14	162	44	0	2	1	0	17	115	181	32	0	2	2	0	40	153	174	29	0	1	0	1	2	0	51	145	0	3	0	65	135	41	96	155	0	2	0	4	87	136	122	22	0	1	0	0	0	0	0	0	0	0	
0	0	0	0	0	0	0	0	0	1	0	38	84	0	2	0	0	3	0	75	107	0	3	0	0	3	0	110	106	0	3	0	0	4	0	150	111	0	3	0	0	4	0	134	113	0	4	0	0	2	0	53	84	0	3	0	0	0	0	0	0	0	0	0	
0	0	1	3	0	0	0	0	0	0	0	1	17	12	0	0	1	0	14	105	168	141	0	3	3	0	70	196	183	90	0	2	0	1	0	49	172	7	0	0	0	2	0	66	130	0	3	0	0	3	0	110	81	0	3	0	0	2	0	77	25	0	1	0	
0	1	2	0	0	0	0	0	0	0	0	99	191	56	0	2	0	5	177	148	147	126	0	4	0	107	160	0	143	133	0	5	0	6	0	16	204	54	0	2	0	5	63	197	233	139	104	5	0	40	217	131	65	80	43	2	0	0	0	0	0	0	0	0	
0	0	3	60	25	0	1	0	0	0	6	98	136	20	0	1	0	0	2	0	138	42	0	2	2	0	27	162	181	21	0	1	0	0	2	0	26	127	0	0	0	4	139	52	60	139	0	1	2	0	55	132	111	25	0	1	0	0	0	0	0	0	0	0	
0	0	0	0	1	1	0	0	0	0	0	3	0	93	94	0	0	0	2	0	10	221	75	0	0	1	2	0	188	146	0	2	0	1	0	169	198	1	0	1	0	4	165	179	8	0	1	0	0	91	119	0	2	1	0	0	0	5	0	2	1	0	0	0	
0	0	0	0	1	1	0	0	0	0	6	75	16	0	1	0	0	0	4	102	138	7	0	0	0	0	3	0	154	25	12	12	0	90	179	161	93	6	122	14	0	39	87	83	90	119	55	0	0	0	0	0	0	0	0	0	0	2	3	3	1	1	2	0	
0	0	0	0	0	0	0	0	1	0	5	188	136	13	0	1	0	0	3	90	206	194	0	1	0	1	0	11	198	157	0	2	2	0	40	224	126	0	0	0	1	0	201	209	85	59	0	1	1	0	90	151	179	126	0	2	0	0	0	0	0	0	0	0	
0	0	0	0	1	0	0	0	0	0	1	0	33	72	0	1	0	0	3	0	157	121	0	4	0	1	0	29	190	15	0	1	0	4	0	124	123	0	4	0	0	0	1	169	30	0	1	0	1	0	28	119	0	2	0	0	0	0	3	12	0	0	0	0	
0	0	0	0	0	0	0	0	0	1	0	22	91	0	0	0	0	3	0	91	231	2	0	1	0	4	0	131	200	0	2	0	0	4	0	164	157	0	4	0	0	1	0	209	110	0	4	0	0	2	0	145	60	0	2	0	0	0	0	7	4	0	0	0	
0	0	0	0	0	0	0	0	0	0	8	29	31	4	0	0	0	4	118	123	152	91	0	4	0	1	6	0	91	92	0	3	0	0	3	0	133	42	0	2	0	1	0	20	144	0	0	0	0	3	0	95	93	0	3	0	0	2	0	83	25	0	1	0	
0	0	1	0	0	0	0	0	1	0	15	30	0	32	7	0	2	0	115	56	4	118	0	0	0	32	119	0	51	117	12	0	0	46	111	17	119	151	21	0	0	2	76	64	105	63	0	3	0	0	2	0	45	98	0	2	0	0	3	3	1	56	8	0	
0	0	1	0	0	1	0	0	0	0	14	27	0	14	68	0	3	0	89	93	0	110	77	0	0	0	142	27	34	136	0	1	0	68	197	67	180	87	0	3	0	19	7	30	120	0	2	0	0	3	0	83	63	0	2	0	0	1	0	13	7	0	0	0	
0	0	2	0	6	3	0	0	0	1	0	68	98	119	6	0	3	0	98	231	44	110	117	0	0	7	216	53	0	27	134	0	0	52	179	0	0	14	119	0	0	38	196	37	19	120	119	0	2	0	78	167	163	117	9	0	0	0	0	0	0	0	0	0	
0	0	0	0	0	0	0	0	0	0	0	0	103	88	2	0	0	2	0	47	195	152	11	0	0	2	0	48	192	64	0	2	0	3	0	110	177	0	2	0	2	0	47	202	133	0	3	0	2	0	53	172	83	0	3	0	0	0	0	45	12	0	0	0	
0	0	0	2	0	0	0	0	0	0	3	0	127	32	0	1	0	3	0	91	227	13	0	1	2	0	63	134	130	7	0	0	0	19	218	138	207	57	0	2	0	5	47	58	185	39	0	2	0	0	2	0	121	40	0	2	0	0	2	3	1	0	0	0	
0	0	0	1	0	0	0	0	0	0	1	0	84	79	0	2	0	3	0	77	243	123	0	4	0	4	0	118	208	33	0	2	1	0	0	196	124	0	4	0	3	0	114	147	105	0	3	0	3	0	98	143	81	0	3	0	0	0	9	55	6	0	0	0	
0	1	3	0	0	0	0	0	0	0	2	54	145	94	0	1	0	15	171	207	163	232	21	0	0	117	135	0	117	181	0	2	0	8	0	70	230	25	0	2	1	0	14	221	70	12	56	0	1	0	21	190	181	184	75	0	0	0	0	10	50	16	0	1	
0	0	0	2	0	0	0	0	0	0	0	6	58	10	0	0	0	1	0	143	135	63	0	2	0	0	1	109	160	101	0	4	0	0	2	0	130	37	0	1	0	2	0	53	130	0	2	0	0	2	0	122	44	0	1	0	0	0	4	57	1	0	0	0	
0	0	0	0	0	0	0	0	0	0	28	67	32	0	1	0	0	3	147	179	158	0	2	0	0	1	0	16	166	4	0	0	0	1	0	27	158	0	0	0	0	1	0	24	159	0	0	0	0	1	0	24	177	0	0	0	0	0	0	9	71	0	0	0	
0	0	2	0	0	0	1	0	0	2	0	108	219	150	1	0	3	0	121	234	98	218	89	0	0	62	221	26	0	136	171	0	0	166	140	0	0	106	169	0	0	180	167	31	126	227	65	0	0	60	214	200	160	50	0	1	0	0	0	0	0	1	2	0	
0	0	1	0	1	0	0	0	1	0	12	108	11	4	0	0	3	0	75	160	79	113	0	4	4	0	154	122	142	109	0	4	3	0	132	220	229	69	0	3	0	1	0	42	224	24	0	1	0	1	0	31	180	2	0	0	0	0	1	0	18	1	0	0	
0	0	0	3	16	2	0	0	0	1	0	77	120	109	0	0	0	1	0	17	96	121	0	0	0	4	0	68	192	63	0	3	0	0	1	0	29	133	0	2	0	60	73	2	97	134	0	3	0	34	139	154	131	19	0	1	0	0	0	2	0	0	0	0	
0	0	2	1	0	0	1	0	0	2	0	32	80	48	0	1	2	0	82	147	45	109	85	0	0	36	148	6	0	0	102	32	0	129	66	0	5	0	106	46	0	125	74	15	37	84	110	0	0	25	85	64	84	51	4	0	0	0	0	0	0	0	2	0	
0	0	0	7	6	0	0	0	0	1	0	80	136	26	0	1	0	0	3	0	112	100	0	4	1	0	11	155	192	48	0	2	0	0	5	1	50	129	0	3	0	9	33	17	140	95	0	3	0	33	183	151	75	0	0	0	0	0	2	2	0	1	0	0	
0	3	2	0	0	0	0	0	0	0	0	0	0	2	1	0	21	115	42	10	2	0	0	0	3	59	170	121	109	103	28	0	0	0	36	4	0	53	131	0	0	2	2	0	16	133	73	0	0	0	2	0	95	66	0	1	0	0	0	0	0	0	2	0	
0	0	0	2	0	0	0	0	0	0	1	0	38	20	0	1	0	2	0	79	138	61	0	2	2	0	44	173	127	114	0	4	1	0	23	114	200	33	0	2	0	2	0	48	145	0	2	0	0	2	0	141	57	0	2	0	0	0	4	62	2	0	0	0	
0	1	2	2	0	0	2	0	2	0	64	62	0	3	0	0	0	11	157	22	0	0	65	15	0	119	116	0	0	60	153	0	0	60	171	152	113	189	79	0	0	0	5	21	121	140	0	4	0	2	4	0	75	65	0	2	0	0	0	2	1	1	0	0	
0	0	2	2	0	1	1	0	0	1	0	32	209	57	0	2	1	0	24	208	239	204	8	0	3	0	178	204	6	222	77	0	0	25	243	85	0	174	87	0	0	73	255	89	171	216	24	0	0	5	167	219	155	25	0	1	0	0	0	0	0	1	1	0	
0	0	0	0	0	0	0	0	0	3	12	5	16	9	0	0	0	46	187	153	224	99	0	3	0	4	8	29	202	27	0	1	0	1	0	21	203	19	0	1	0	1	0	17	184	14	0	1	0	1	0	16	201	21	0	1	0	1	0	14	130	6	0	1	
0	0	1	0	1	0	0	0	0	2	0	88	195	95	72	8	3	0	81	225	46	3	15	1	3	0	144	201	116	56	0	2	0	0	1	13	26	152	44	0	0	65	98	14	31	162	65	0	0	76	200	157	151	90	0	1	0	0	1	3	0	0	0	0	
0	0	0	0	0	0	0	0	0	2	0	61	48	0	2	0	0	4	0	132	142	0	4	0	0	3	0	108	145	0	4	0	0	4	0	111	144	0	4	0	0	4	0	110	149	0	4	0	0	3	0	116	110	0	3	0	0	0	0	18	6	0	0	0	
0	2	0	62	100	0	1	0	0	1	0	15	166	127	0	3	0	2	5	0	10	200	35	0	0	0	0	4	0	137	77	0	0	35	95	67	29	171	38	0	0	174	216	223	235	176	0	2	0	27	76	54	13	24	0	0	0	0	0	0	0	0	0	0	
0	0	2	0	0	2	1	0	0	1	0	65	87	14	0	1	3	0	130	168	131	156	0	0	0	43	158	0	8	213	42	0	0	68	135	0	97	236	11	0	0	5	160	136	141	183	5	0	1	0	22	23	44	200	0	0	0	1	2	0	23	67	0	1	
0	0	1	2	0	2	0	0	0	0	0	4	27	2	0	0	1	0	8	124	139	116	0	1	3	0	66	180	137	166	0	3	0	0	6	33	171	51	0	2	0	2	0	52	162	0	2	0	0	2	0	147	60	0	2	0	0	0	11	103	0	1	0	0	
