500	64	10
0	0	1	0	3	0	0	0	0	0	7	51	2	0	0	0	2	0	140	234	99	0	1	0	0	4	187	221	251	54	0	3	1	0	20	66	146	109	0	4	0	0	4	0	114	124	0	4	0	0	4	0	88	172	0	3	0	0	1	0	23	77	0	1	
0	0	0	2	0	0	0	0	0	0	2	0	45	26	0	1	0	2	0	50	182	52	0	2	1	0	23	170	99	0	1	0	2	0	52	120	123	27	0	1	0	0	0	11	121	4	0	0	0	2	0	83	76	0	2	0	0	1	0	48	13	0	0	0	
0	0	0	7	59	43	0	0	1	0	9	145	154	166	42	0	1	0	16	44	0	105	89	0	0	0	4	1	0	161	50	0	0	105	135	138	186	147	0	3	1	188	112	159	167	151	96	0	0	49	102	35	0	21	28	0	0	0	0	0	4	1	0	0	
0	0	0	0	1	0	0	0	0	0	0	0	17	111	0	1	0	0	3	0	93	133	0	4	0	1	0	9	177	26	0	1	0	3	0	115	118	0	3	0	1	0	12	173	15	0	1	0	2	0	60	124	0	3	0	0	0	0	1	1	1	0	0	0	
0	1	1	0	0	3	2	0	1	0	18	105	84	0	2	0	0	17	208	220	138	91	187	33	0	20	235	67	125	210	56	2	2	0	64	225	255	50	0	3	1	0	10	199	245	105	0	4	1	0	4	184	224	36	0	2	0	1	0	17	27	0	1	0	
0	0	1	3	1	0	0	0	0	0	0	0	9	7	0	0	1	0	14	82	173	137	0	3	2	0	75	82	106	116	0	4	0	0	0	0	150	25	0	1	0	3	0	83	127	0	3	0	0	1	0	144	38	0	1	0	0	0	11	97	0	1	0	0	
0	0	0	0	0	0	0	0	0	0	1	0	39	9	0	0	0	0	3	0	119	41	0	2	0	1	0	12	162	12	0	1	0	3	0	93	113	0	3	0	0	3	0	111	31	0	1	0	0	1	0	62	7	0	0	0	0	0	0	3	1	0	0	0	
0	0	0	0	2	0	0	0	0	0	0	0	12	82	0	1	0	0	4	0	113	155	0	4	0	1	0	34	197	19	0	1	0	1	0	163	81	0	9	6	3	0	93	156	0	3	3	3	3	0	138	65	0	2	0	0	0	0	21	9	0	0	0	0	
0	1	1	0	0	0	0	0	1	0	12	99	114	101	3	0	0	17	191	85	30	222	25	0	0	19	184	113	183	141	0	3	2	0	181	149	117	182	8	0	0	23	206	4	43	227	18	0	0	0	127	101	174	103	0	3	0	0	0	40	35	0	1	0	
0	0	1	2	0	2	0	0	0	1	0	17	75	3	36	0	1	0	2	141	70	112	67	0	3	0	137	70	82	112	0	2	2	0	113	150	209	50	0	1	1	0	2	176	88	27	0	1	2	0	47	102	0	3	0	0	0	0	12	15	0	2	0	0	
0	0	0	0	0	0	0	0	0	15	27	0	59	98	0	2	0	105	154	0	125	176	0	3	0	183	198	23	132	159	0	4	17	171	176	180	228	216	48	0	0	0	3	0	73	255	67	0	0	1	5	0	50	227	28	0	0	0	0	0	5	25	1	0	
0	0	1	0	0	0	0	0	0	1	0	77	81	7	3	0	3	0	83	255	238	228	84	0	3	0	173	226	42	128	129	0	0	26	214	31	0	185	72	0	0	41	217	4	142	187	0	1	0	0	171	235	190	24	0	1	1	0	12	49	6	0	1	0	
0	0	0	0	0	0	0	0	0	3	0	79	153	0	0	1	0	2	0	34	220	29	0	2	0	3	0	144	209	0	0	1	0	2	0	40	226	26	0	2	1	0	0	149	197	0	0	1	2	0	42	199	35	0	2	0	0	0	0	0	1	0	0	0	
0	0	1	0	0	1	1	0	0	0	0	163	110	0	1	0	2	0	44	240	230	166	0	0	4	0	115	169	0	210	45	0	4	0	156	125	35	203	3	0	4	0	127	194	210	102	0	3	2	0	40	212	110	0	2	0	0	0	0	0	0	1	0	0	
0	0	0	0	0	0	0	0	0	0	1	2	35	78	55	0	0	1	0	2	202	255	159	0	1	0	23	159	192	57	7	0	2	0	43	170	240	70	0	3	0	77	72	96	208	41	0	2	0	109	169	128	29	0	1	0	0	0	0	0	1	1	0	0	
0	0	0	2	2	0	0	0	0	0	1	0	2	70	5	0	0	2	0	60	106	127	0	3	2	0	40	140	140	46	0	2	2	0	53	190	194	16	0	1	0	3	0	129	83	1	0	1	0	0	8	120	2	0	0	0	0	0	3	20	1	1	0	0	
0	0	0	0	0	0	0	0	0	0	0	0	114	23	0	1	0	0	0	4	188	32	0	1	0	1	0	30	190	7	0	1	0	3	0	86	179	0	3	0	0	4	0	149	127	0	4	0	0	3	0	114	79	0	3	0	0	0	0	0	0	0	0	0	
0	0	0	0	1	0	0	0	0	0	2	0	63	83	0	3	0	0	3	0	137	94	0	3	0	1	0	18	148	10	0	0	0	3	0	96	90	0	3	0	0	0	6	150	16	0	1	0	2	0	53	114	0	3	0	0	0	0	2	2	0	0	0	0	
0	0	0	2	0	0	0	0	0	0	0	0	66	127	37	0	0	2	0	107	214	221	63	0	0	1	0	127	173	105	0	1	1	0	0	191	146	0	2	0	1	0	131	142	126	0	4	0	0	7	153	132	72	0	2	0	1	0	31	47	0	0	0	0	
0	0	3	3	1	0	0	0	0	0	0	0	10	8	0	0	1	0	107	173	201	142	0	3	0	0	59	59	112	128	0	4	0	0	0	0	172	36	0	2	0	3	0	89	134	0	2	0	1	0	16	178	21	0	1	0	1	0	38	114	0	2	0	0	
0	0	0	1	0	1	0	0	0	1	0	16	135	18	0	1	0	3	0	104	158	120	0	3	1	0	24	134	16	149	0	1	2	0	62	97	50	130	0	4	2	0	48	140	139	52	0	2	0	0	0	162	101	0	2	0	0	0	0	0	1	1	0	0	
0	0	0	2	1	0	0	0	0	0	3	0	82	140	12	0	0	2	0	51	204	154	44	0	0	1	0	187	54	0	2	0	0	2	0	66	144	0	3	0	1	10	11	126	142	0	2	0	0	103	161	87	3	0	0	0	0	4	6	0	1	0	0	0	
0	0	2	1	0	0	0	0	0	1	2	0	45	72	0	2	1	0	49	0	106	167	0	4	0	34	208	118	207	210	0	0	0	151	228	85	167	152	0	3	0	31	19	0	117	157	0	4	0	0	5	0	137	125	0	4	0	2	2	0	19	11	0	0	
0	0	0	0	0	0	0	0	0	2	3	4	25	15	0	0	0	2	17	127	199	162	0	3	0	0	5	0	142	86	0	3	0	2	0	42	154	0	1	0	0	3	0	149	69	0	2	0	1	0	33	161	0	1	0	0	2	0	42	72	0	2	0	0	
0	0	0	0	3	4	1	0	0	47	23	9	1	0	0	0	0	185	255	249	210	148	25	0	0	7	77	121	114	252	159	0	0	0	3	0	80	255	85	0	0	2	0	103	255	110	0	2	3	0	57	255	126	0	3	0	1	0	30	94	0	2	0	0	
0	0	0	0	0	0	0	0	0	0	2	0	65	33	0	1	0	0	1	0	120	19	0	1	0	1	0	32	113	0	2	0	0	3	0	93	66	0	2	0	0	0	1	124	12	0	0	0	1	0	27	99	0	2	0	0	0	0	1	2	0	0	0	0	
0	0	1	3	1	1	0	0	0	0	1	3	0	96	82	0	1	0	24	99	15	188	31	0	1	0	188	129	128	179	0	2	0	0	161	201	229	137	6	0	0	2	0	191	121	0	4	0	0	1	0	134	35	0	2	0	0	0	0	0	1	0	0	0	
0	0	0	0	0	0	0	0	0	1	0	60	85	77	32	0	0	1	0	95	144	247	101	0	0	1	0	19	142	100	0	1	1	0	23	235	143	0	3	0	0	1	0	87	169	0	2	0	0	86	117	168	49	0	2	0	0	47	131	36	0	1	0	0	
0	0	1	0	2	1	0	0	1	0	21	71	12	0	1	0	0	4	127	85	116	19	0	1	0	5	158	33	160	56	0	2	2	0	46	117	180	46	0	2	0	0	4	0	125	63	0	2	0	0	5	0	161	78	0	3	0	0	1	0	63	29	0	1	
0	0	0	0	0	0	0	0	0	2	0	75	160	110	54	0	0	1	0	34	69	199	158	0	0	1	0	61	122	99	6	0	0	4	0	121	181	0	1	1	11	94	0	51	189	18	0	1	0	117	145	150	35	0	1	0	0	13	34	0	0	0	0	0	
0	0	0	0	0	0	0	0	0	0	0	73	12	0	0	0	0	0	0	174	28	0	1	0	0	3	0	151	75	0	3	0	0	3	0	82	134	0	3	0	0	1	0	18	165	2	0	0	0	0	2	0	109	50	0	2	0	0	0	0	11	15	0	1	
0	0	0	0	0	0	0	0	1	0	30	123	85	107	56	0	3	0	72	185	152	255	88	0	0	2	0	22	152	71	0	1	0	11	5	51	213	55	0	2	0	89	33	27	192	71	0	3	0	118	163	177	62	0	2	0	0	23	50	1	0	2	0	0	
0	0	0	0	0	0	0	0	0	7	94	151	182	102	0	1	0	68	151	65	57	194	43	0	0	2	3	0	66	218	17	0	0	1	0	90	207	55	0	2	0	97	217	255	180	135	108	0	0	124	141	80	93	111	71	0	0	0	0	0	0	0	0	0	
0	0	0	0	0	0	0	0	0	0	1	0	36	98	0	1	0	0	3	0	130	139	0	4	0	0	0	1	180	37	0	2	0	3	0	84	162	0	2	0	0	1	0	185	62	0	2	0	2	0	43	169	0	1	0	0	0	0	8	22	0	0	0	0	
0	0	1	1	0	0	0	0	0	2	0	48	112	3	0	0	1	0	19	125	18	1	0	0	3	0	62	162	78	0	1	0	1	0	20	102	146	43	0	2	0	0	3	0	82	64	0	2	0	0	3	0	54	126	0	2	0	0	0	0	2	22	0	0	
0	0	0	1	2	25	0	0	0	0	2	0	83	106	0	2	0	1	0	33	130	0	0	0	0	3	0	134	169	6	0	1	1	0	30	116	107	54	0	2	3	0	66	112	99	6	0	0	2	0	32	117	28	0	1	0	0	0	0	0	1	0	0	0	
0	2	3	0	0	0	0	0	0	0	0	7	28	16	0	0	0	61	168	196	194	228	75	0	0	52	69	21	23	219	47	0	0	1	0	0	177	139	0	3	0	4	0	154	166	0	1	0	3	0	69	203	1	0	1	0	3	0	89	127	0	3	0	0	
0	0	0	1	0	1	0	0	0	0	1	0	103	53	0	2	0	3	0	84	157	148	0	3	1	0	22	104	107	163	0	3	3	0	70	170	182	32	0	2	1	0	0	171	113	0	4	0	0	0	6	147	14	0	0	0	0	0	6	28	0	0	0	0	
0	0	1	0	0	0	0	0	3	0	82	77	0	5	2	0	0	4	183	48	0	2	0	0	0	13	179	13	0	72	60	0	3	0	93	138	60	223	64	0	0	0	0	62	131	150	0	3	0	0	2	0	9	98	3	0	0	0	0	3	3	2	1	0	
0	0	2	4	2	0	0	0	0	0	0	0	0	11	2	0	0	1	59	114	169	183	1	0	0	4	118	109	131	118	0	4	0	0	0	0	149	28	0	1	0	3	0	104	118	0	3	0	1	0	22	177	13	0	1	0	2	0	55	94	0	3	0	0	
0	1	1	0	1	1	0	0	1	0	16	54	31	0	1	0	0	107	212	173	204	49	0	2	0	33	35	18	198	37	0	2	0	3	0	137	103	0	3	0	0	1	0	189	90	65	142	32	0	1	0	76	168	166	100	0	0	0	0	0	0	0	0	0	
0	0	0	1	0	1	0	0	0	0	0	4	74	29	49	0	0	3	0	135	107	116	77	0	2	0	65	112	50	117	0	2	4	0	123	113	173	78	1	0	0	1	0	175	153	42	0	0	1	0	14	115	2	0	0	0	0	0	9	20	0	3	0	0	
0	0	3	2	0	0	1	2	0	0	0	4	23	18	1	0	2	0	69	210	211	228	220	95	0	13	242	99	58	215	86	32	0	6	205	117	208	59	0	2	4	0	139	254	45	0	5	1	1	0	209	173	0	5	0	0	0	0	108	34	0	1	0	0	
0	0	1	2	0	0	0	0	0	0	0	3	33	68	64	0	1	0	16	161	185	251	127	0	0	0	12	34	108	117	0	1	0	3	0	91	189	0	1	1	0	38	17	138	184	6	0	1	0	129	171	98	4	0	0	0	0	4	5	0	1	1	0	0	
0	0	0	1	1	0	0	0	0	0	2	0	119	31	0	1	0	0	0	6	174	19	0	1	0	3	0	84	164	0	3	0	0	3	0	156	84	0	3	0	1	0	2	190	35	0	1	0	1	0	33	141	0	0	0	0	0	0	0	0	0	0	0	0	
0	0	1	4	2	0	2	0	0	1	1	0	3	19	3	0	1	0	25	93	186	254	129	0	0	59	195	92	36	161	214	0	0	157	71	0	108	216	64	0	0	199	152	205	170	26	0	1	0	81	150	41	0	1	2	0	0	0	0	0	3	2	0	0	
0	0	2	3	4	1	0	0	0	0	0	0	0	38	3	0	2	0	77	118	110	141	0	1	0	10	144	22	148	71	0	3	0	6	23	0	136	21	0	1	0	1	0	32	140	0	2	0	0	3	0	84	99	0	3	0	0	1	0	39	27	0	1	0	
0	0	0	2	46	7	0	0	0	3	0	68	156	82	0	3	0	2	0	41	57	100	0	3	0	0	3	0	92	89	0	3	0	3	97	128	141	13	0	1	0	24	158	198	133	0	4	0	1	0	34	20	68	3	0	0	0	0	0	1	0	0	0	0	
0	0	0	1	4	0	0	0	0	2	0	51	84	12	29	0	0	3	0	119	161	114	33	0	1	0	11	190	86	0	0	0	1	0	35	163	0	3	1	0	0	2	0	145	206	51	0	2	2	0	54	157	133	22	0	1	0	0	3	7	0	0	0	0	
0	0	0	0	4	33	0	0	0	0	3	0	89	111	0	2	0	1	0	29	137	4	0	1	0	3	0	118	69	0	2	0	1	0	10	167	132	14	0	1	2	0	48	141	138	19	0	1	1	0	15	126	39	0	1	0	0	0	0	0	1	1	0	0	
0	0	1	1	0	1	0	0	0	2	0	60	132	2	0	0	2	0	34	181	166	97	0	3	4	0	103	94	29	145	0	3	3	0	136	40	48	147	0	3	4	0	139	75	123	79	0	3	2	0	43	205	153	1	0	1	0	0	0	31	12	0	0	0	
0	0	0	1	0	0	0	0	0	0	0	0	74	102	0	1	0	2	0	50	125	127	0	3	0	3	0	100	189	48	0	2	0	3	0	142	184	3	0	1	2	0	60	184	10	0	1	0	2	0	136	144	0	1	0	0	1	0	23	25	0	1	0	0	
0	0	0	0	0	2	0	0	0	9	19	16	15	0	0	0	0	90	193	159	176	143	0	1	0	2	3	0	43	200	1	0	1	0	86	118	164	161	0	3	0	0	83	52	182	116	0	4	0	1	0	6	208	49	0	2	0	1	0	31	131	0	0	0	
0	0	0	0	1	0	0	0	0	0	1	0	28	95	0	2	0	0	3	0	114	102	0	3	0	1	0	17	163	8	0	1	0	3	0	114	114	0	3	0	0	0	4	168	24	0	1	0	1	0	38	116	0	2	0	0	0	0	0	1	0	0	0	0	
0	0	1	0	17	35	0	1	0	0	1	0	147	130	0	3	0	3	0	107	108	0	1	0	1	0	35	133	27	38	0	1	4	0	106	155	78	123	23	0	4	0	154	177	34	121	9	0	1	0	32	124	107	20	0	1	0	0	0	0	0	1	0	0	
0	0	0	1	0	0	0	0	0	0	3	0	118	195	79	0	0	2	0	54	227	121	41	0	1	0	2	186	54	0	2	0	1	0	2	173	100	0	3	0	1	4	0	125	209	0	1	0	1	112	171	143	25	0	1	0	0	10	8	0	0	0	0	0	
0	0	2	3	0	1	0	0	0	0	0	0	37	16	10	2	1	0	23	124	187	123	70	0	0	0	164	157	28	8	2	0	0	1	8	56	123	5	0	1	0	0	2	0	120	32	0	1	0	22	35	86	122	0	1	0	0	2	73	92	7	0	0	0	
0	0	0	2	0	0	0	0	0	0	1	0	55	36	0	1	0	2	0	83	225	103	0	4	2	0	43	136	174	96	0	4	2	0	49	180	188	7	0	1	0	3	0	142	88	0	3	0	2	0	58	154	0	2	0	0	2	0	47	44	0	1	0	0	
0	0	0	0	1	1	0	0	0	0	0	11	20	0	1	0	0	2	0	119	125	9	0	1	0	0	11	115	147	72	0	3	0	1	0	103	194	12	0	1	0	0	0	9	102	0	0	0	0	1	0	43	106	0	3	0	0	1	0	41	57	0	2	0	
0	0	0	1	0	0	0	0	0	1	0	12	135	159	59	0	0	4	0	143	176	161	171	0	2	0	40	219	36	203	79	0	3	0	164	130	165	154	0	2	0	37	230	218	150	0	3	0	0	97	255	125	0	3	1	0	0	18	36	0	2	1	0	0	
0	0	0	0	0	2	1	0	0	6	90	138	155	46	0	3	0	88	237	56	74	118	119	4	0	18	185	100	65	167	23	0	1	0	10	190	250	37	0	2	0	2	0	152	169	163	0	1	0	1	0	154	202	192	6	0	0	1	0	15	61	12	0	1	
0	0	0	2	0	20	17	0	0	0	2	0	26	173	37	0	0	1	0	23	171	53	0	2	0	1	0	155	57	0	3	0	3	0	69	199	89	1	0	0	3	0	139	145	172	0	1	0	2	0	66	138	26	0	1	0	0	0	0	0	1	0	0	0	
0	0	1	0	0	0	0	0	0	1	0	60	74	2	0	0	2	0	59	46	82	43	0	2	2	0	97	68	161	64	0	2	1	0	4	101	92	82	0	2	0	2	0	62	62	74	0	3	0	2	0	39	133	38	0	2	0	0	0	3	30	1	0	0	
0	0	0	0	3	31	0	0	0	0	2	0	77	115	0	2	0	1	0	16	141	10	0	1	0	3	0	100	83	0	3	0	1	0	15	160	150	27	0	1	3	0	72	145	113	4	0	0	2	0	41	119	17	0	1	0	0	0	0	0	1	0	0	0	
0	0	2	7	0	0	0	0	1	0	31	130	88	0	1	0	0	0	0	0	149	16	0	1	0	9	65	124	147	0	1	0	0	19	107	75	129	83	0	3	0	0	3	0	103	120	0	4	2	0	53	134	132	10	0	1	0	0	2	9	0	0	0	0	
0	0	0	0	0	0	0	0	1	0	19	95	109	130	105	0	1	0	17	53	83	233	82	0	0	1	0	16	131	69	0	2	0	2	1	190	117	0	4	0	0	2	0	102	202	0	0	0	1	99	145	158	34	0	1	0	0	50	56	2	0	0	0	0	
0	0	0	0	0	0	0	0	0	0	1	107	101	75	33	0	2	0	49	182	84	79	41	0	4	0	131	176	96	41	0	2	2	0	97	107	44	167	6	0	0	0	2	0	30	167	2	0	3	0	65	150	159	66	0	2	0	0	1	50	23	0	1	0	
0	0	0	0	0	0	0	0	1	0	19	100	124	157	67	0	2	0	49	85	131	241	42	0	0	4	0	68	196	16	0	1	0	1	0	34	159	44	0	2	13	45	1	3	162	105	0	4	8	144	175	174	101	0	1	0	0	7	28	3	0	0	0	0	
0	2	1	0	2	2	2	1	0	0	6	4	0	1	0	0	0	55	138	0	37	75	41	25	0	155	126	0	167	191	170	23	0	48	160	207	237	104	9	0	0	0	2	16	160	111	16	0	0	2	4	0	46	103	1	0	0	0	0	1	1	0	0	0	
0	0	0	0	3	1	0	0	0	0	0	2	135	56	0	2	0	3	0	64	151	71	0	3	0	3	0	107	206	24	0	1	0	3	0	146	125	0	1	0	2	0	33	180	73	0	3	0	3	0	71	135	27	0	1	0	0	0	2	8	0	0	0	0	
0	0	0	0	0	0	0	0	0	19	116	144	59	0	1	0	0	37	90	104	164	0	3	0	1	0	0	182	199	34	0	2	0	0	10	77	79	169	34	0	1	0	16	14	0	171	67	0	2	0	41	163	167	126	0	1	0	1	0	33	50	0	0	0	
0	0	0	0	1	2	0	0	0	0	2	0	59	78	0	3	0	0	3	0	122	56	0	2	0	0	0	13	139	2	0	0	0	3	0	75	110	0	3	0	0	1	0	143	37	0	1	0	1	0	16	118	0	0	0	0	0	0	0	1	1	0	0	0	
0	1	4	2	0	0	0	0	0	0	0	0	11	25	35	15	0	18	118	128	115	187	140	43	0	25	203	164	31	171	39	0	0	2	0	86	255	111	0	4	2	0	42	185	204	42	0	2	3	0	165	168	119	1	1	0	0	0	35	53	20	0	1	0	
0	0	0	0	0	1	0	0	0	1	0	32	63	42	53	0	0	4	0	142	108	132	52	0	1	0	15	139	104	131	0	3	3	0	131	135	166	41	0	1	1	0	66	203	192	73	0	1	1	0	14	141	10	0	1	0	0	0	13	23	0	2	0	0	
0	0	1	3	0	0	0	0	0	1	2	0	76	208	96	0	1	0	13	169	201	57	156	30	0	11	203	146	3	0	164	49	0	96	162	0	0	117	146	0	0	119	166	54	168	176	8	0	0	29	167	163	84	2	1	1	0	0	0	0	0	2	1	0	
0	0	0	1	4	3	0	0	1	0	36	36	0	1	0	0	2	0	42	154	105	101	1	0	0	1	0	5	109	148	0	3	0	0	4	0	133	50	0	2	0	2	0	67	137	0	3	0	1	0	3	158	32	0	1	0	1	0	18	67	0	1	0	0	
0	0	1	3	0	0	0	0	0	18	157	191	73	0	2	0	0	35	72	34	188	13	0	1	0	2	0	40	223	62	0	2	0	2	0	9	33	160	24	0	2	0	51	79	3	152	38	0	2	0	50	148	183	136	0	1	0	0	0	0	0	0	0	0	
0	0	1	0	27	43	0	1	0	0	0	96	142	180	37	0	1	0	16	58	0	146	33	0	0	0	3	0	77	147	0	3	1	0	50	84	167	29	0	1	0	27	201	254	219	35	2	0	0	30	127	34	87	124	13	0	0	0	0	0	0	0	0	0	
0	0	0	2	0	0	0	0	0	1	0	14	85	6	0	0	0	2	0	128	255	44	0	2	1	0	152	159	169	113	0	0	0	62	247	180	227	178	7	0	0	4	16	0	142	105	0	4	0	0	3	0	101	102	0	3	0	0	2	0	10	16	0	1	
0	0	0	0	7	2	0	0	0	2	0	61	166	109	0	2	2	0	40	138	7	168	29	0	0	0	12	3	37	171	1	0	1	0	100	131	172	71	0	3	0	20	174	234	150	0	4	0	0	0	81	70	125	27	0	1	0	0	0	0	6	4	0	0	
0	0	0	0	0	1	0	0	1	0	42	82	46	0	0	0	1	0	51	74	131	72	0	3	0	0	2	0	49	81	0	3	2	0	75	150	173	61	0	3	1	0	37	10	47	109	0	4	0	0	0	3	106	44	0	2	0	1	0	41	61	0	1	0	
0	0	0	0	0	0	0	0	0	2	0	46	160	150	41	0	1	0	0	207	192	234	76	0	2	0	43	206	33	205	22	0	4	0	112	166	97	200	0	2	4	0	130	205	215	88	0	3	4	0	106	255	114	0	2	0	0	0	12	26	0	2	0	0	
0	0	2	2	0	0	0	0	0	0	0	0	4	5	0	0	1	0	87	125	160	150	0	3	0	0	25	12	112	89	0	3	0	1	0	30	148	0	0	0	0	3	0	112	81	0	3	0	1	0	23	161	4	0	0	0	2	0	51	101	0	2	0	0	
0	0	0	1	0	0	0	0	0	1	0	10	152	165	0	0	0	3	0	155	150	195	34	0	2	0	40	191	28	185	10	0	4	0	121	98	110	161	0	4	3	0	170	169	209	36	0	2	3	0	111	221	51	0	2	0	0	0	0	0	1	1	0	0	
0	0	1	0	0	0	0	0	0	0	4	89	131	129	43	0	2	0	159	178	98	83	21	0	0	1	199	133	90	16	0	1	1	0	30	96	149	164	0	3	0	0	5	0	137	128	0	3	3	0	63	237	170	6	0	1	1	0	15	50	7	0	0	0	
0	0	0	0	1	0	0	0	0	0	1	0	24	73	0	2	0	0	3	0	117	102	0	3	0	1	0	12	173	16	0	1	0	3	0	108	108	0	3	0	0	0	0	154	23	0	1	0	2	0	46	120	0	3	0	0	0	0	10	16	0	0	0	0	
0	0	2	3	0	1	1	0	0	1	0	2	18	13	0	0	1	0	28	161	222	207	28	0	0	2	176	85	164	227	57	0	0	62	187	71	241	134	0	1	0	12	111	142	200	7	0	1	0	0	0	1	182	50	0	2	0	1	7	0	86	128	0	2	
0	0	0	4	2	0	0	0	1	0	33	8	0	11	1	0	1	0	169	132	160	174	0	1	1	0	41	88	164	99	0	3	0	1	0	11	155	12	0	1	0	3	0	106	122	0	3	0	0	1	0	172	50	0	2	0	0	0	5	96	17	0	1	0	
0	1	1	0	0	1	1	0	1	0	32	147	130	31	0	1	0	36	229	143	106	205	51	0	0	131	249	51	0	79	172	0	0	151	213	0	0	12	167	7	0	43	231	101	19	113	186	0	2	0	76	177	199	214	57	0	0	1	1	0	10	8	0	0	
0	0	0	1	0	0	0	0	0	0	0	1	38	40	0	1	1	0	12	114	213	105	0	4	0	0	3	17	149	16	0	1	0	3	0	91	122	0	3	0	0	0	0	162	34	0	1	0	3	0	86	135	0	3	0	0	2	0	55	32	0	1	0	0	
0	0	5	8	0	0	0	0	1	0	22	121	73	0	1	0	0	0	1	0	128	20	0	1	0	1	0	62	129	0	1	0	2	0	54	153	113	86	0	2	0	0	15	0	84	120	0	2	1	0	87	125	81	1	0	0	0	0	5	10	0	2	0	0	
0	0	0	0	4	3	0	0	0	0	1	0	80	104	0	2	0	1	0	27	86	123	0	2	0	3	0	58	179	52	0	2	0	1	0	148	128	0	2	0	3	0	81	145	36	0	2	0	2	0	85	110	32	0	1	0	0	0	3	11	0	0	0	0	
0	0	2	2	0	0	2	0	0	1	0	6	89	53	0	1	2	0	25	206	253	255	114	0	0	10	189	183	34	117	175	6	0	128	122	0	0	35	159	0	0	183	45	0	78	191	58	0	0	95	185	177	137	25	0	1	0	0	20	19	0	1	2	0	
0	0	0	1	0	0	0	0	0	0	0	7	62	7	0	0	0	2	0	65	162	61	0	3	1	0	28	159	207	115	0	4	2	0	30	178	219	24	0	1	0	2	0	121	76	0	2	0	3	0	88	142	0	3	0	0	2	0	77	39	0	1	0	0	
0	0	0	1	1	1	0	0	0	1	0	15	52	0	0	0	0	3	0	95	169	61	0	3	0	0	13	135	164	88	0	3	0	0	0	139	198	7	0	1	0	2	0	47	110	0	3	0	0	3	0	95	73	0	3	0	0	1	0	38	26	0	1	0	
0	0	0	0	0	8	23	0	0	0	0	3	0	106	73	0	0	0	3	0	83	122	0	1	0	2	0	47	164	6	0	1	0	0	0	146	208	25	0	1	4	0	90	194	109	0	1	0	2	0	67	122	12	0	1	0	0	0	0	0	1	0	0	0	
0	0	0	1	1	1	0	0	1	0	5	162	176	5	0	1	1	0	24	189	160	77	0	3	0	3	0	99	196	85	0	4	1	0	14	149	248	99	0	3	3	0	70	210	78	183	0	1	1	0	1	142	198	106	0	2	0	0	0	0	4	1	0	0	
0	0	0	0	4	6	0	0	0	0	2	0	71	160	21	0	0	1	0	26	98	133	48	0	0	2	0	48	179	77	12	0	1	0	0	164	131	0	1	0	3	0	92	172	83	0	4	0	3	0	106	149	36	0	2	0	0	0	3	6	0	0	0	0	
0	0	0	1	0	0	0	0	0	2	0	44	108	60	0	2	0	2	0	112	39	22	0	1	1	0	10	162	77	37	0	2	0	0	4	16	134	79	0	3	0	1	0	96	99	0	1	0	3	0	106	116	0	3	0	0	1	0	28	8	0	0	0	0	
0	0	0	0	7	3	0	0	0	0	0	4	106	68	0	2	0	2	0	49	90	89	0	3	0	2	0	83	155	71	0	3	0	1	0	174	139	0	0	0	2	0	39	189	46	0	2	0	3	0	94	134	28	0	1	0	0	0	1	4	0	0	0	0	
0	0	1	9	12	0	0	0	1	0	18	82	118	55	0	2	0	0	0	5	96	58	0	2	1	0	14	137	141	1	0	1	0	0	3	0	59	100	0	3	0	1	24	0	53	109	0	2	1	0	71	123	110	13	0	1	0	0	0	8	2	0	0	0	
0	0	0	1	55	25	0	1	0	2	0	37	136	166	13	0	0	0	3	5	0	159	37	0	0	0	2	0	68	143	0	2	1	0	79	118	160	31	0	1	0	41	211	248	149	0	3	0	0	34	133	33	82	25	0	1	0	0	0	0	0	0	0	0	
0	0	0	3	3	0	0	0	0	0	1	133	153	49	0	2	3	0	73	118	20	154	1	0	4	0	111	62	0	124	37	0	4	0	118	55	0	131	47	0	3	0	85	125	24	168	2	0	0	0	2	120	170	59	0	2	0	0	1	2	5	0	1	0	
0	0	0	0	0	0	0	0	1	0	8	95	112	157	54	0	1	0	18	76	177	217	20	0	0	4	0	115	178	0	0	1	0	1	1	50	170	26	0	1	0	71	54	4	196	48	0	2	0	125	197	172	85	0	2	0	0	12	58	11	0	0	0	0	
0	0	0	0	0	2	0	0	0	44	89	60	29	0	0	0	0	44	105	70	133	106	0	2	0	0	0	0	0	151	20	0	0	1	6	0	51	166	0	1	0	1	0	1	165	65	0	3	0	3	0	130	121	0	3	0	0	0	2	68	5	0	0	0	
0	1	0	18	59	6	0	0	6	0	9	119	154	137	0	3	2	0	59	49	2	171	8	0	0	1	2	0	36	184	0	0	0	0	13	0	146	92	0	3	0	31	223	224	200	61	12	0	0	18	142	94	77	74	3	0	0	0	0	0	0	0	0	0	
0	0	2	0	0	1	0	0	0	0	0	111	32	4	38	0	2	0	149	193	0	99	163	0	0	73	196	0	1	212	155	0	0	49	191	163	219	215	60	0	1	0	14	114	241	33	0	2	0	4	0	157	109	0	6	0	0	0	0	31	14	0	0	0	
0	0	0	1	0	0	0	0	0	0	1	0	52	16	0	1	0	2	0	53	190	30	0	2	1	0	16	127	175	17	0	1	2	0	50	184	157	0	1	0	0	1	0	63	86	0	3	0	0	2	0	131	38	0	1	0	0	0	0	68	8	0	0	0	
0	0	0	0	0	1	0	0	0	0	14	10	1	0	0	0	1	0	119	195	213	99	0	3	0	0	4	8	178	119	0	4	0	1	0	13	194	26	0	1	0	4	0	115	164	0	3	0	1	0	22	199	38	0	1	0	3	0	69	100	0	3	0	0	
0	0	0	0	1	0	0	0	0	0	2	0	73	47	0	2	0	0	0	0	169	86	0	3	0	2	0	47	162	33	0	2	0	3	0	143	143	0	1	0	1	0	16	149	11	0	1	0	3	0	79	152	0	4	0	0	0	0	13	24	0	0	0	0	
0	0	0	0	6	5	0	0	0	2	0	46	143	96	38	4	0	3	0	108	139	151	102	0	0	2	0	143	208	16	0	1	3	0	98	137	135	21	0	1	0	0	178	18	138	75	0	3	2	0	98	167	123	2	0	0	0	0	1	10	1	0	0	0	
0	0	0	1	1	0	0	0	0	0	3	0	104	71	0	1	0	1	0	31	191	115	20	0	1	0	6	159	43	0	2	0	1	0	11	84	120	20	0	1	0	7	26	8	136	26	0	1	0	7	113	120	37	0	1	0	0	0	8	2	0	1	0	0	
0	0	0	0	0	0	0	0	0	20	57	0	18	7	0	0	0	33	170	0	123	60	0	2	0	29	200	8	127	106	0	4	0	16	200	159	186	146	0	4	0	0	6	0	15	174	13	0	0	0	0	4	0	146	93	0	0	0	1	1	0	15	17	0	
0	0	0	5	54	11	0	1	0	1	0	27	123	127	0	1	0	0	3	0	11	156	3	0	0	0	3	0	84	120	0	3	0	1	70	121	158	23	0	1	0	59	180	195	149	18	0	1	0	38	123	17	6	11	0	0	0	0	0	1	1	0	0	0	
0	0	2	1	0	2	1	0	0	0	0	10	33	6	0	0	2	0	66	153	108	138	15	0	2	0	131	24	32	165	10	0	2	0	70	135	170	20	0	1	0	3	0	99	68	0	3	0	1	0	14	130	4	0	0	0	1	0	15	113	9	0	1	0	
0	0	1	0	18	11	0	0	0	0	0	1	179	46	0	2	0	3	0	83	177	0	2	0	0	3	0	167	124	0	2	0	2	0	38	234	255	71	0	3	4	0	89	255	206	19	0	1	2	0	45	138	25	0	1	0	0	0	0	0	1	1	0	0	
1	0	20	56	7	0	0	0	1	0	86	118	106	0	1	0	0	0	3	0	126	23	0	1	0	0	2	0	119	25	0	1	1	0	19	122	190	65	0	1	2	0	105	114	117	105	51	0	0	4	49	67	28	3	19	0	0	0	1	1	1	2	0	0	
0	0	1	0	29	41	0	0	0	2	0	47	150	171	16	0	0	1	0	28	29	137	8	0	0	0	3	0	108	114	0	4	0	0	46	54	151	15	0	1	0	38	226	235	159	11	0	1	0	26	123	30	23	10	0	0	0	0	0	0	0	0	0	0	
0	0	0	0	7	5	0	0	0	0	2	0	56	47	0	2	0	0	3	0	106	63	0	2	0	0	0	2	128	9	0	0	0	3	0	75	101	0	3	0	0	1	0	150	33	0	1	0	0	0	2	92	11	0	0	0	0	0	0	0	0	0	0	0	
0	0	0	1	1	1	0	0	0	0	0	18	63	28	38	0	0	2	0	69	118	102	30	0	0	0	6	102	88	101	0	2	3	0	125	115	161	89	0	0	0	6	73	152	112	0	0	1	0	0	9	114	5	0	0	0	0	0	10	24	0	1	0	0	
0	0	0	1	0	2	0	0	0	1	0	15	66	3	0	0	0	2	0	134	212	149	0	1	3	0	74	129	112	189	0	2	2	0	45	187	200	17	0	1	0	3	0	151	111	0	4	0	1	0	17	200	25	0	1	0	1	0	22	84	0	1	0	0	
0	0	0	0	5	5	0	0	0	0	1	0	84	102	0	0	0	1	0	31	100	110	1	0	0	2	0	38	183	64	0	3	0	1	0	127	140	0	1	0	2	0	52	143	57	0	3	0	2	0	50	125	28	0	1	0	0	0	1	8	0	0	0	0	
0	0	10	37	5	0	0	0	0	6	176	182	120	0	0	0	0	5	35	0	154	53	0	2	0	1	0	15	196	37	0	1	0	3	0	116	111	0	3	0	1	0	22	202	87	126	88	0	1	0	4	109	158	144	51	0	0	0	0	0	0	0	0	0	
0	0	0	1	1	1	0	0	0	0	0	20	64	34	19	0	0	3	0	99	111	121	11	0	2	0	40	132	95	67	0	2	4	0	121	106	157	32	0	1	2	0	57	211	142	13	0	1	1	0	37	109	0	2	0	0	1	0	17	19	0	2	0	0	
0	0	0	4	3	0	0	0	1	0	14	136	132	3	0	1	2	0	104	30	112	89	0	3	0	0	6	0	55	130	0	3	1	0	63	103	169	94	0	4	0	21	128	80	229	99	0	3	1	0	94	105	13	112	10	0	0	0	0	0	0	1	1	0	
0	0	0	0	3	32	1	0	0	0	2	0	84	108	0	2	0	1	0	35	125	0	0	0	0	3	0	125	76	0	3	0	1	0	7	154	131	0	1	0	2	0	50	192	92	0	2	0	1	0	24	117	10	0	1	0	0	0	0	0	1	0	0	0	
0	0	0	0	0	0	0	0	0	85	125	112	41	0	2	0	0	37	44	178	108	0	5	0	1	0	111	168	31	22	0	0	0	29	193	134	121	153	126	0	0	2	0	105	37	63	170	0	0	2	0	82	134	122	24	0	0	0	0	0	0	0	1	0	
0	0	0	2	1	1	0	0	0	0	2	0	86	140	15	0	0	2	0	46	210	160	46	0	0	0	1	191	49	0	2	0	0	21	24	41	157	42	0	1	0	77	42	60	184	31	0	2	0	65	167	125	23	0	1	0	0	1	7	0	1	1	0	0	
0	0	0	0	0	0	0	0	0	0	2	0	101	36	0	1	0	0	2	0	162	35	0	1	0	1	0	23	169	1	0	0	0	2	0	68	129	0	3	0	0	2	0	149	52	0	2	0	1	0	20	140	3	0	0	0	0	0	1	2	1	0	0	0	
0	0	0	1	0	0	0	0	0	0	2	0	130	154	0	1	0	4	0	137	176	166	48	0	2	0	56	202	5	175	41	0	2	0	178	68	127	176	0	2	0	42	196	165	227	24	0	2	0	44	209	142	15	0	1	0	0	0	0	0	2	1	0	0	
0	0	1	0	0	0	0	0	0	0	6	0	5	67	2	0	0	10	75	0	19	98	0	2	0	46	97	0	37	117	0	1	0	12	89	72	66	95	0	2	0	0	1	0	37	73	0	3	0	1	4	0	52	81	0	3	0	0	0	0	7	10	0	0	
0	0	0	0	1	0	0	0	0	0	3	0	77	92	0	3	0	0	1	0	161	54	0	2	0	2	0	60	175	0	2	0	0	3	0	137	91	0	3	0	1	0	20	180	12	3	1	0	2	0	49	121	0	3	0	0	0	0	0	0	0	0	0	0	
0	0	0	10	8	0	0	0	0	1	0	102	148	37	0	2	0	0	3	0	79	136	0	4	1	0	11	111	187	40	0	2	0	0	8	61	152	47	0	2	0	21	93	0	155	67	0	3	0	3	108	143	107	0	1	0	0	0	0	6	1	0	0	0	
0	0	1	0	38	29	0	1	0	3	0	70	217	153	0	0	0	1	0	57	37	144	17	0	0	0	3	0	91	148	0	3	1	0	67	172	207	32	0	2	0	12	235	246	190	17	0	1	0	3	126	61	78	33	0	1	0	0	0	1	1	0	0	0	
0	0	3	1	0	2	1	0	0	3	0	32	90	16	0	1	2	0	100	165	190	153	9	0	0	78	168	13	0	66	139	0	0	162	39	0	0	37	179	4	0	118	174	98	117	162	61	0	0	2	72	89	56	3	0	0	0	1	0	0	0	2	3	0	
0	0	0	0	0	0	0	0	0	2	0	57	206	98	0	3	0	3	0	125	238	152	0	4	0	2	0	144	255	74	0	3	0	1	0	27	89	132	0	3	0	31	145	77	95	141	0	3	0	18	126	178	181	23	0	1	0	0	0	0	0	0	0	0	
0	0	0	0	0	0	0	0	0	0	2	75	136	104	0	1	1	0	2	212	209	64	0	1	2	0	50	238	127	41	0	1	0	0	7	36	49	191	25	0	0	11	52	0	116	193	0	0	0	12	168	200	192	34	0	2	1	0	19	46	1	0	1	0	
0	0	1	1	0	1	0	0	0	0	1	2	0	116	41	0	3	0	79	55	3	183	16	0	0	0	173	38	95	169	0	2	0	46	233	181	242	155	0	0	0	11	12	110	155	0	3	0	0	3	0	112	63	0	2	0	0	0	2	0	1	0	0	0	
0	0	2	3	0	0	0	0	0	0	0	0	60	28	0	1	0	0	34	142	213	170	0	3	0	0	205	175	176	201	0	2	0	0	210	190	183	132	0	4	0	3	115	36	140	63	0	2	0	2	0	45	175	0	1	0	0	2	0	45	66	0	2	0	
0	0	1	1	0	0	0	0	0	3	0	103	213	188	94	0	1	0	28	205	111	102	49	0	3	0	98	178	67	38	0	1	1	0	18	150	179	170	8	0	0	63	81	30	10	169	37	0	0	88	201	194	206	122	0	2	0	0	0	0	1	0	0	0	
0	0	0	0	0	0	0	0	0	0	0	118	126	5	0	1	0	0	4	86	236	88	0	4	0	2	0	63	203	25	0	1	1	0	0	187	212	7	0	1	0	1	0	0	180	61	0	3	0	3	0	125	213	7	0	1	0	1	0	36	26	0	1	0	
0	1	0	35	34	0	1	0	0	3	0	135	75	0	3	0	1	0	16	180	13	0	1	0	3	0	117	121	42	126	1	0	0	2	161	89	198	210	56	0	1	0	126	230	227	154	14	0	1	0	13	76	58	7	0	0	0	0	1	0	0	2	1	0	
0	0	0	1	1	0	0	0	0	0	2	0	117	43	0	2	0	1	0	12	181	15	0	1	0	3	0	88	172	0	2	0	0	4	0	153	121	0	4	0	0	2	0	185	69	0	3	0	0	1	0	145	47	0	2	0	0	0	0	0	0	0	0	0	
0	0	1	1	0	0	1	0	0	0	0	7	11	5	0	0	1	0	8	204	202	202	54	0	2	0	162	166	5	201	57	0	0	0	48	0	130	141	0	2	0	3	0	103	199	2	0	1	2	0	43	225	33	0	2	0	3	0	71	98	0	3	0	0	
0	0	1	0	0	0	0	0	0	1	0	82	82	96	12	0	3	0	59	237	183	182	6	0	3	0	148	239	68	0	1	0	2	0	122	163	226	98	0	3	0	9	80	0	191	137	0	4	2	0	99	228	215	29	0	2	0	0	0	39	19	0	1	0	
0	0	0	3	0	0	0	0	0	0	3	0	133	135	0	2	0	1	0	89	239	196	0	2	1	0	17	193	203	92	0	3	2	0	29	223	192	1	0	1	2	0	187	130	157	39	0	2	2	0	65	173	115	0	0	0	0	0	0	1	0	0	0	0	
0	1	3	0	0	0	0	0	0	0	0	36	48	0	1	0	0	5	121	192	199	0	0	0	0	52	223	126	238	43	0	2	0	2	117	153	199	97	0	4	0	0	4	0	124	182	0	2	0	0	7	0	81	239	9	0	0	0	1	0	13	58	0	0	
0	0	0	2	0	0	0	0	0	0	0	3	76	26	0	1	0	1	0	135	220	110	0	4	1	0	17	179	175	126	0	4	0	1	0	121	243	37	0	2	0	3	0	129	117	0	3	0	2	0	66	193	3	0	0	0	2	0	72	54	0	2	0	0	
0	0	0	0	0	0	0	0	0	1	0	60	146	133	18	0	4	0	100	216	86	52	12	0	4	0	146	85	0	5	0	0	1	0	166	178	175	149	16	0	0	0	14	11	0	187	68	0	0	1	0	115	190	124	0	1	0	0	0	49	39	0	1	0	
0	0	0	2	1	0	0	0	0	0	4	0	83	205	62	0	0	3	0	60	241	159	99	0	2	0	39	238	105	121	105	0	0	5	196	67	64	222	10	0	0	107	183	127	235	43	0	2	0	72	214	165	27	0	2	0	0	0	2	0	1	2	0	0	
0	0	1	0	1	1	0	0	0	0	2	0	11	91	0	1	3	0	80	58	1	139	0	1	2	0	122	26	33	142	0	3	0	0	177	56	99	130	0	4	2	0	57	154	216	94	0	4	0	0	3	0	94	51	0	2	0	0	2	3	0	0	0	0	
0	0	0	0	1	0	0	0	0	0	0	0	10	149	13	0	0	0	3	0	95	183	0	2	0	1	0	6	203	54	0	2	0	3	0	137	155	0	3	0	2	0	53	218	17	0	1	0	3	0	115	104	0	3	0	0	0	0	0	1	1	0	0	0	
0	0	0	0	0	0	0	0	0	3	30	0	41	21	0	1	0	28	232	20	188	144	0	4	0	35	244	67	222	159	0	4	0	9	175	229	246	172	0	3	0	0	4	5	67	208	0	0	0	1	4	0	65	243	18	0	0	0	2	0	30	109	8	0	
0	0	0	0	11	49	2	0	0	2	0	48	206	218	82	0	0	2	0	48	54	107	114	0	0	0	6	86	111	181	23	0	1	0	150	178	254	164	0	4	0	75	246	175	146	127	0	2	0	36	140	76	4	33	0	0	0	0	0	0	2	0	0	0	
0	1	0	22	28	0	1	0	0	1	0	119	39	0	3	0	2	0	45	100	0	3	0	0	3	0	97	54	0	107	68	0	3	0	97	64	109	206	54	0	1	0	13	145	181	51	0	0	0	0	0	8	14	0	2	0	0	0	1	1	1	3	0	0	
0	0	0	1	2	0	0	0	0	3	0	105	200	74	0	3	0	1	0	10	172	151	0	4	1	0	23	188	242	35	0	2	0	0	11	28	87	105	0	4	0	55	81	22	158	85	0	3	0	44	193	189	106	0	0	0	0	0	1	1	0	1	0	0	
0	0	1	0	0	0	0	0	0	0	51	0	36	25	0	1	0	25	150	0	108	59	0	2	0	52	95	0	109	89	41	0	0	4	111	117	195	154	24	0	1	0	16	96	127	0	2	0	0	2	0	42	80	0	4	0	0	0	0	14	13	0	0	0	
0	0	1	0	1	0	0	0	0	0	0	0	5	90	6	0	0	1	29	0	71	158	0	2	0	21	162	0	167	67	0	3	0	7	171	185	246	141	0	1	1	0	6	185	89	16	0	1	1	0	13	158	7	0	0	0	0	0	4	21	1	1	0	0	
0	0	2	0	0	1	0	0	0	1	0	54	88	11	0	1	3	0	77	174	132	115	0	1	0	0	163	17	35	152	0	2	2	0	131	115	179	80	0	3	1	0	5	102	202	7	0	1	0	3	0	71	146	0	3	0	0	1	0	43	50	0	1	0	
0	0	2	0	0	0	0	0	0	1	0	32	124	168	156	28	3	0	70	241	181	154	123	14	4	0	136	255	159	15	0	1	0	0	6	54	146	135	0	4	0	85	90	0	44	168	0	2	0	57	227	218	237	100	0	3	1	0	16	58	38	0	0	0	
0	2	4	3	3	3	0	0	0	0	0	0	0	0	0	0	21	149	157	148	157	133	3	0	0	49	91	72	63	210	21	0	0	0	2	0	58	171	0	2	0	2	7	0	133	111	0	4	0	0	0	6	176	25	0	1	0	2	0	43	139	0	2	0	
0	0	1	0	20	74	0	1	0	0	2	0	178	136	0	4	0	3	0	121	177	0	2	0	2	0	47	219	114	58	0	1	4	0	146	255	193	212	25	0	4	0	125	255	217	179	12	0	0	0	9	68	52	7	0	0	0	0	1	0	0	1	1	0	
0	0	0	0	0	0	0	0	0	3	0	84	62	0	2	0	0	3	0	100	86	0	3	0	0	3	0	73	125	0	3	0	0	2	0	63	145	0	4	0	0	1	0	32	162	0	0	0	0	0	0	0	117	17	0	1	0	0	0	0	0	0	0	0	
0	0	2	3	4	0	0	0	0	1	0	1	0	22	50	0	2	0	59	184	156	233	191	0	0	38	245	171	128	250	76	0	0	26	63	0	197	143	0	3	1	0	0	179	182	4	0	1	2	0	151	206	0	1	1	0	0	0	92	32	0	2	0	0	
0	0	0	12	42	0	0	0	0	2	0	100	134	14	0	1	2	0	46	111	0	2	0	0	3	0	100	50	94	125	10	0	0	0	97	111	36	97	52	0	3	0	124	190	70	111	0	0	1	0	16	117	104	16	0	1	0	0	0	0	0	1	0	0	
0	0	1	2	0	0	0	0	0	0	0	5	79	144	32	0	1	0	17	181	204	243	109	0	2	0	42	221	146	197	33	0	0	2	104	243	245	61	0	3	0	144	217	19	133	79	0	3	0	84	190	139	167	15	0	1	0	0	48	63	9	0	0	0	
0	0	1	0	20	27	0	1	0	1	0	29	226	134	0	4	1	0	0	200	120	0	2	0	3	0	97	179	11	38	0	1	3	0	179	193	165	222	51	0	4	0	173	249	100	205	60	0	1	0	30	130	161	92	0	1	0	0	0	0	0	0	1	0	
0	0	0	2	0	0	0	0	0	0	0	3	71	68	4	0	0	1	0	133	172	230	40	0	3	0	67	187	162	166	0	2	1	0	7	154	227	15	0	1	1	0	0	186	79	0	3	0	3	0	152	154	0	4	0	0	1	0	79	25	0	1	0	0	
0	0	2	4	4	2	0	0	3	11	0	0	0	0	1	0	15	154	172	149	126	55	0	1	0	7	42	85	93	170	123	0	0	0	1	0	6	174	86	0	0	1	2	0	174	88	0	3	0	3	0	98	148	0	5	0	0	2	0	70	67	0	2	0	
0	0	0	2	1	27	5	0	0	0	3	0	22	232	80	0	0	3	0	17	193	155	114	0	2	0	40	197	102	101	113	0	0	35	187	55	67	192	15	0	6	209	156	160	189	23	0	1	5	105	154	86	0	1	1	0	0	0	0	0	2	2	0	0	
0	0	2	1	0	0	0	0	0	2	0	22	159	166	26	0	2	0	35	197	91	113	136	0	0	15	192	57	0	54	162	0	0	117	130	0	0	165	99	0	0	178	104	17	149	155	0	0	0	65	197	179	90	0	1	0	0	0	0	1	0	2	1	0	
0	0	0	0	0	0	0	0	0	1	0	80	145	121	21	0	0	0	0	112	100	197	28	0	0	2	0	65	204	93	0	3	1	0	10	125	129	104	0	4	0	50	19	0	128	81	0	3	0	141	172	157	132	0	1	0	1	0	41	56	1	1	0	0	
0	0	0	21	49	3	0	0	2	0	43	131	128	107	0	2	1	0	27	14	2	142	7	0	0	0	1	0	40	155	0	2	0	14	93	89	149	59	0	2	0	108	168	186	172	78	31	2	0	21	67	15	6	87	90	9	0	0	0	1	2	0	0	0	
0	0	2	0	1	1	0	0	0	0	0	2	0	90	18	0	0	0	28	0	52	161	0	1	0	10	188	42	172	124	0	1	0	23	150	187	213	107	5	0	0	3	0	118	80	0	3	0	0	2	0	156	42	0	2	0	0	0	1	32	4	0	0	0	
0	0	0	1	0	0	0	0	0	1	0	37	29	0	1	0	1	0	6	185	120	0	3	0	0	0	5	78	127	8	0	0	0	0	0	0	136	15	0	1	0	2	0	55	128	0	3	0	0	3	0	75	66	0	2	0	0	1	0	20	11	0	0	0	
0	0	2	1	0	0	0	0	0	1	0	18	53	55	77	0	2	0	63	192	216	236	136	0	4	0	130	230	143	25	0	1	0	4	0	27	112	98	0	3	0	149	112	0	94	127	0	4	0	33	147	170	161	21	0	1	0	0	0	2	0	0	0	0	
0	0	0	0	1	0	0	0	2	0	52	120	138	204	19	0	1	0	23	55	190	112	0	2	1	0	6	174	78	0	1	0	3	0	136	105	0	2	53	38	0	4	165	20	53	151	128	13	2	0	107	168	129	49	0	1	0	0	1	5	0	0	2	1	
0	0	2	0	33	74	0	2	0	1	0	1	183	100	0	3	0	1	0	149	109	0	3	0	3	0	114	168	87	92	5	0	0	29	157	137	139	188	37	0	0	26	158	216	189	120	0	1	1	0	26	74	41	2	0	0	0	1	1	0	0	2	0	0	
0	0	1	1	3	3	1	0	0	0	0	0	0	0	0	0	0	1	7	34	57	142	166	0	0	123	214	187	156	255	97	0	0	18	29	0	148	112	0	1	0	2	0	136	140	0	4	0	3	0	70	190	0	3	1	0	2	0	58	82	0	2	0	0	
0	0	1	0	0	0	0	0	0	0	0	43	51	56	6	0	3	0	93	227	124	203	33	0	2	0	57	29	52	188	8	0	0	3	0	62	218	41	0	2	2	0	60	225	48	0	3	0	0	15	214	67	0	4	0	0	0	20	63	0	3	0	0	0	
0	0	0	9	4	0	0	0	2	0	68	133	155	21	0	1	0	1	19	78	162	14	0	1	0	0	0	168	103	0	2	0	0	0	1	0	94	109	0	2	0	3	14	0	99	200	0	0	0	9	118	148	134	27	0	1	0	0	2	7	1	0	0	0	
0	0	0	2	0	0	0	0	0	0	1	0	62	152	60	0	0	1	0	129	187	238	147	0	1	0	7	215	195	145	13	0	2	0	114	198	193	35	0	2	0	42	201	0	129	67	0	2	0	8	139	178	156	6	0	1	1	0	10	54	10	0	0	0	
0	0	1	1	0	0	0	0	0	2	0	60	125	57	0	0	2	0	44	163	137	196	0	1	4	0	106	153	170	69	0	2	2	0	43	225	204	26	0	1	4	0	134	115	182	76	0	3	3	0	88	200	159	3	0	1	0	0	1	48	12	0	0	0	
0	0	1	1	0	1	1	0	0	1	0	21	82	35	0	1	1	0	28	178	201	179	29	4	4	0	120	162	161	213	9	0	1	0	24	160	246	46	0	8	1	0	7	198	78	0	12	8	3	0	159	150	0	4	0	0	0	0	95	21	0	1	0	0	
0	0	0	0	0	1	0	0	0	6	134	184	70	0	2	0	0	1	22	66	199	20	0	2	0	0	3	0	174	64	0	3	1	0	15	89	226	177	143	73	4	0	123	252	144	43	47	15	3	0	87	149	1	0	0	0	0	0	0	0	2	2	2	1	
0	0	0	2	1	1	0	0	0	0	0	8	46	0	0	0	0	2	0	102	193	50	0	2	2	0	59	100	164	101	0	4	3	0	73	137	200	30	0	1	0	1	0	83	165	0	2	0	0	3	0	93	96	0	3	0	0	1	0	47	23	0	1	0	
0	0	2	1	3	0	0	0	0	3	0	63	121	59	26	0	2	0	47	188	20	95	161	0	0	2	197	67	0	48	178	0	0	101	134	0	0	123	121	0	0	153	35	27	153	146	0	0	0	113	161	141	84	4	1	0	0	1	7	0	0	2	1	0	
0	0	1	3	1	0	0	0	0	0	1	0	4	12	0	0	1	0	7	149	176	206	15	0	4	0	123	156	68	176	0	1	1	0	47	4	154	74	0	3	0	2	0	58	179	0	2	0	0	2	0	162	79	0	3	0	1	0	11	138	9	0	0	0	
0	0	0	28	7	0	1	0	2	0	34	201	95	52	0	1	4	0	127	105	39	198	23	0	0	0	161	34	0	96	102	0	0	17	179	9	0	53	130	0	3	0	171	156	75	179	70	0	1	0	18	129	149	67	0	1	0	0	1	0	0	0	1	0	
0	0	1	0	0	0	3	0	0	1	0	63	130	158	133	0	3	0	82	231	116	75	21	0	3	0	119	215	186	80	0	3	0	0	0	0	34	178	3	0	0	52	222	61	99	181	0	2	0	17	143	197	186	33	0	2	0	0	0	1	1	0	0	0	
0	2	4	3	3	2	0	0	0	0	0	0	0	0	0	0	0	46	124	163	181	66	0	3	0	79	106	32	115	123	0	4	0	0	3	0	90	85	0	3	0	2	6	0	135	48	0	2	0	0	0	0	132	14	0	1	0	1	0	21	139	0	1	0	
0	0	0	0	0	0	0	0	1	0	18	145	144	26	0	1	1	0	25	57	172	87	0	3	0	4	0	63	170	3	25	1	3	0	78	242	72	95	167	0	0	101	208	107	139	149	37	0	0	107	35	0	1	0	0	0	0	0	1	4	3	4	2	0	
0	0	2	12	1	0	0	0	2	0	67	120	85	0	0	0	0	1	0	78	153	0	1	0	0	1	0	154	83	0	0	0	0	0	2	0	92	137	0	3	1	0	49	24	153	67	0	2	3	0	89	165	64	0	2	0	0	0	1	6	0	2	0	0	
0	0	1	2	0	0	0	0	0	0	0	2	67	52	0	1	1	0	2	135	161	192	13	0	4	0	101	184	153	174	0	1	1	0	20	141	235	28	0	2	0	2	0	145	95	0	3	0	3	0	82	212	0	1	0	0	2	0	62	63	0	2	0	0	
0	0	0	0	0	0	0	0	1	0	21	60	23	17	0	0	1	0	13	192	195	191	26	0	0	2	0	50	213	79	0	1	1	0	15	122	138	19	0	1	3	0	110	82	116	15	0	0	3	0	132	164	79	0	3	0	2	0	60	97	0	1	0	0	
0	0	0	1	0	0	0	0	0	1	0	34	152	119	58	0	0	4	0	162	255	242	195	0	3	0	94	255	55	84	222	0	0	51	252	101	0	202	183	0	0	186	236	135	240	226	34	0	0	69	178	191	109	7	0	1	0	0	0	0	0	1	2	0	
0	0	0	1	5	0	0	0	1	0	57	134	162	70	0	2	1	0	84	33	101	148	0	4	2	0	58	190	178	7	0	1	0	0	0	44	163	48	0	2	0	15	57	0	70	136	0	3	0	22	152	126	154	63	0	2	0	0	0	11	8	0	0	0	
0	0	0	0	1	0	0	0	0	0	1	0	29	138	0	1	0	0	4	0	114	136	0	3	0	1	0	26	198	19	0	1	0	3	0	158	111	0	3	0	3	0	90	207	0	0	0	0	1	0	150	76	0	2	0	0	0	0	0	0	0	0	0	0	
0	0	0	0	3	1	0	0	1	0	33	111	1	0	0	0	2	0	24	181	157	19	0	1	0	1	0	108	142	131	0	2	0	0	2	0	25	140	0	2	0	1	0	7	160	97	0	3	1	0	8	173	94	0	2	0	0	0	5	33	0	2	0	0	
0	0	1	0	0	0	0	0	0	1	0	106	206	217	101	0	3	0	73	208	62	67	42	0	4	0	122	203	120	102	1	0	0	0	2	91	91	201	115	0	13	133	112	47	52	207	78	0	8	117	172	198	198	89	0	1	0	0	0	0	0	0	1	0	
0	0	0	0	0	0	0	0	0	0	67	117	114	0	0	0	1	0	29	136	121	0	1	0	2	0	43	191	19	0	1	0	0	2	0	52	149	89	0	1	0	0	2	0	49	181	2	0	0	9	87	119	139	44	0	2	0	5	51	26	0	0	0	0	
0	0	2	1	0	0	0	0	0	1	0	23	112	145	24	0	2	0	77	189	173	241	56	0	3	0	150	177	133	172	1	0	2	0	25	237	238	23	0	1	3	0	170	113	141	51	0	2	3	0	109	198	197	27	0	1	0	0	0	47	38	0	1	0	
0	0	0	0	1	4	0	0	7	13	20	9	1	0	0	0	74	186	171	173	181	130	0	0	4	24	2	18	31	202	45	0	0	0	2	0	47	200	10	0	0	2	0	5	201	84	0	3	0	3	0	148	127	0	3	0	0	1	0	118	55	0	2	0	
0	0	0	0	0	0	0	0	0	0	0	116	163	119	26	0	4	0	95	218	54	213	87	0	1	0	21	163	130	175	15	0	1	0	12	186	255	84	0	4	0	0	208	96	86	126	0	4	1	0	144	159	180	58	0	2	0	0	1	57	46	0	1	0	
0	0	0	0	0	0	0	0	1	0	42	111	120	73	0	2	0	28	179	75	161	152	0	3	1	0	61	183	175	5	0	1	2	0	69	148	124	126	7	0	0	0	1	0	67	201	22	0	0	0	149	191	139	31	0	1	0	1	48	15	0	1	0	0	
0	0	0	3	1	0	2	0	0	1	3	0	17	27	0	0	0	3	0	86	224	221	109	0	0	0	144	215	35	63	192	0	0	150	194	18	89	222	108	0	0	151	203	189	167	57	0	1	0	0	41	22	0	1	2	0	0	1	0	0	4	3	0	0	
0	0	0	3	6	2	0	0	3	0	89	162	112	103	15	0	3	0	129	95	40	33	0	0	1	0	137	123	96	127	89	0	0	66	51	0	4	0	155	56	0	107	107	18	27	99	145	9	0	7	93	135	128	112	20	0	0	0	0	0	0	0	1	1	
0	0	0	2	0	0	0	0	0	0	1	0	85	69	0	2	0	2	0	76	143	130	0	2	1	0	25	142	181	123	0	4	1	0	11	157	194	5	0	1	0	3	0	111	152	0	2	0	0	0	0	198	113	0	2	0	0	0	3	33	2	0	0	0	
0	1	0	0	0	0	1	0	1	0	15	70	97	43	0	1	0	90	235	159	135	241	58	0	0	46	50	9	131	196	27	0	0	14	186	242	126	4	0	1	0	13	154	176	164	114	3	0	0	0	1	0	43	219	29	0	0	1	5	0	39	82	0	1	
0	0	0	0	0	0	0	0	0	1	0	26	174	112	0	2	0	1	0	24	203	150	0	3	0	4	0	76	251	77	0	3	0	1	0	12	48	128	0	2	0	24	147	54	145	96	0	3	0	35	200	182	96	0	1	0	0	0	1	1	0	1	0	0	
0	3	1	0	3	3	0	0	0	0	3	22	1	0	0	0	0	103	148	107	133	83	0	2	2	206	111	63	240	198	0	2	0	35	148	129	116	150	0	3	0	0	4	0	124	148	0	4	0	2	7	0	122	184	0	3	0	0	2	0	44	142	0	0	
0	0	1	0	17	23	0	1	0	2	0	121	207	154	0	2	0	1	0	54	85	166	0	2	0	0	4	9	170	68	0	3	2	0	144	255	219	32	13	2	0	47	255	150	78	201	143	0	0	34	103	0	0	7	10	0	0	0	0	2	4	1	0	0	
0	0	0	6	58	32	0	1	2	0	102	184	124	55	0	2	1	0	43	169	15	0	2	0	0	3	0	96	150	10	0	1	0	0	2	0	93	157	17	0	1	0	141	92	15	151	86	0	1	0	71	123	120	101	10	0	0	0	0	0	0	0	0	0	
0	0	3	4	4	4	2	0	0	1	0	0	0	0	0	0	1	0	77	111	146	146	153	0	0	61	247	140	46	176	152	0	0	165	77	0	54	180	8	0	1	14	0	13	199	51	0	2	0	4	0	156	124	0	4	0	0	2	0	63	17	0	0	0	
0	0	0	0	0	0	0	0	0	0	1	0	49	22	0	1	0	0	4	0	129	63	0	2	0	0	0	4	169	26	0	1	0	3	0	75	147	0	3	0	0	3	0	133	80	0	3	0	0	0	0	123	15	0	0	0	0	0	0	12	1	0	0	0	
0	0	1	3	0	0	0	0	0	0	1	0	26	133	68	0	1	0	10	124	187	241	162	0	2	0	55	224	108	212	48	0	1	0	5	200	247	63	0	2	0	23	214	177	142	0	3	0	0	18	180	198	103	0	3	0	0	0	5	47	10	0	0	0	
0	0	0	3	3	0	1	0	0	1	0	41	147	60	0	2	2	0	52	122	14	176	28	0	3	0	122	96	0	100	89	0	0	1	144	16	0	132	58	0	0	12	168	26	118	144	0	1	2	0	82	174	129	9	0	1	0	0	0	0	0	2	0	0	
0	0	1	1	1	1	0	0	0	0	1	2	0	72	33	0	1	0	19	17	32	165	6	0	1	0	162	70	147	108	16	0	0	10	157	188	206	140	48	0	0	1	0	158	38	0	1	0	2	0	58	137	0	5	1	0	0	0	11	15	0	1	0	0	
0	0	2	1	0	0	0	0	0	2	1	2	48	129	142	18	2	0	65	203	186	122	59	3	0	54	248	222	53	0	2	0	0	48	74	80	217	58	0	2	0	1	34	0	149	161	0	4	0	10	113	187	200	57	0	2	0	0	0	18	13	0	0	0	
0	0	1	0	0	3	2	0	0	0	10	69	0	122	37	0	2	0	60	107	22	153	0	2	2	0	144	43	113	116	5	0	0	18	189	146	211	155	61	0	0	3	0	52	194	11	0	1	0	3	0	80	148	0	2	0	0	0	1	1	0	0	0	0	
0	0	0	0	0	0	0	0	1	0	41	144	133	0	0	0	1	0	193	73	145	68	0	3	1	0	63	44	170	56	0	2	0	2	0	74	141	0	2	0	1	0	19	174	30	151	57	0	3	0	83	178	106	197	42	0	0	0	0	0	3	3	0	0	
0	0	2	2	0	0	0	0	0	2	0	32	152	168	72	0	2	0	55	197	233	176	52	0	0	0	211	153	34	0	1	0	0	3	145	170	174	133	0	1	0	57	84	0	50	212	7	0	0	74	225	188	194	99	0	2	0	0	7	48	15	0	0	0	
0	0	2	0	0	0	0	0	0	0	0	3	8	9	0	0	0	8	145	179	188	146	0	3	0	8	34	0	130	154	0	3	1	0	76	175	237	129	0	2	0	5	68	138	161	0	2	0	0	3	0	154	94	0	3	0	0	2	0	119	37	0	1	0	
0	0	1	1	0	0	0	0	0	1	0	24	81	17	0	1	1	0	25	154	120	165	0	2	3	0	154	97	127	165	0	2	0	0	136	187	227	17	0	1	0	3	0	108	125	0	4	0	0	1	0	179	53	0	2	0	0	0	3	78	8	0	0	0	
0	0	0	0	0	0	0	0	0	35	119	89	12	0	1	0	0	2	39	202	64	0	4	0	4	54	159	225	146	62	0	1	24	144	110	49	78	196	77	0	0	0	0	3	0	140	135	0	0	5	0	36	168	171	15	0	0	0	0	8	35	3	0	0	
0	0	1	0	37	51	0	2	0	0	2	0	152	62	0	2	0	3	0	104	125	0	3	0	1	0	25	161	73	80	0	1	4	0	117	129	148	205	31	0	4	0	123	251	188	100	1	0	1	0	17	59	21	1	0	0	0	0	0	0	0	3	0	0	
0	0	1	2	3	3	3	1	0	0	0	0	0	0	0	0	0	1	4	53	77	62	68	20	0	61	206	127	51	80	144	34	1	0	42	184	147	75	26	0	2	0	94	186	97	0	4	1	0	3	55	47	7	1	1	0	0	0	0	0	1	0	0	0	
0	0	0	0	1	0	0	0	0	0	1	0	18	162	12	0	0	0	4	0	101	188	0	2	0	1	0	23	224	57	0	3	0	3	0	159	147	0	3	0	2	0	54	223	18	0	1	0	4	0	105	123	0	3	0	0	0	0	0	1	1	0	0	0	
0	0	0	0	1	1	0	0	1	0	15	47	0	44	9	0	2	0	64	71	39	116	0	2	2	0	59	97	96	39	0	1	0	0	0	120	179	35	4	0	0	1	0	25	157	66	10	0	0	0	0	19	103	0	2	0	0	0	0	1	15	2	0	0	
0	0	0	3	0	0	1	0	0	0	5	0	116	167	0	0	0	3	0	115	235	220	82	0	2	0	130	241	50	69	168	0	0	82	200	1	0	176	160	0	0	196	94	97	221	170	13	0	0	114	194	168	62	0	1	0	0	0	2	0	0	3	1	0	
0	0	0	0	0	0	0	0	0	66	106	107	23	0	1	0	0	97	29	79	147	0	5	0	2	0	79	167	95	0	2	0	2	0	93	122	97	136	53	0	0	1	0	106	34	24	168	1	0	1	0	42	125	137	108	0	0	0	0	0	4	35	5	0	
0	0	2	0	0	0	0	0	0	1	0	2	0	136	53	0	0	0	136	19	22	222	40	0	0	54	213	0	124	143	0	4	0	66	204	163	238	194	113	0	0	2	0	133	165	17	33	0	0	2	0	142	61	0	2	0	0	0	1	1	1	2	1	0	
0	0	0	0	0	0	0	0	0	0	0	4	99	11	0	1	0	2	0	66	157	0	2	0	0	3	0	90	133	0	4	0	0	2	0	70	130	0	3	0	0	3	0	94	125	0	4	0	0	3	0	100	118	0	3	0	0	0	0	11	23	0	1	0	
0	0	2	1	0	0	0	0	0	1	0	54	105	136	146	16	3	0	76	200	152	127	85	9	0	1	216	157	73	16	0	1	1	0	49	115	168	168	0	2	0	42	22	0	38	178	0	0	0	88	203	178	210	86	0	3	1	0	16	61	43	0	0	0	
0	0	1	2	0	0	2	1	0	0	0	5	75	39	0	2	1	0	21	153	146	51	56	64	4	0	89	190	109	123	64	13	3	0	66	211	21	2	0	0	2	0	38	249	65	0	4	1	0	1	0	119	240	38	0	2	0	0	1	0	31	17	0	1	
0	0	0	0	3	0	0	0	0	1	0	123	188	137	9	0	0	1	0	6	104	208	12	0	1	0	23	164	255	75	0	3	1	0	23	103	71	179	2	0	0	42	165	20	126	153	0	2	0	0	121	205	135	8	0	1	0	0	0	0	0	1	0	0	
0	1	2	0	0	1	2	0	1	0	9	69	113	45	0	2	0	16	164	189	88	114	50	0	0	118	116	0	0	14	152	17	0	136	76	0	6	0	140	63	0	78	176	74	70	121	160	18	1	0	76	135	121	98	20	0	0	1	0	0	0	0	1	1	
0	0	2	2	0	0	1	0	0	1	0	16	85	66	0	0	2	0	52	187	105	160	108	0	0	8	213	67	44	216	80	0	0	2	154	172	247	163	0	3	0	0	0	47	201	29	0	1	0	1	0	191	121	0	3	0	0	0	7	97	16	0	0	0	
0	0	0	0	0	0	0	0	0	0	4	13	16	1	0	0	1	0	178	182	232	81	0	3	2	0	155	85	188	23	0	1	1	0	0	134	237	32	0	1	0	2	0	170	202	46	0	2	0	3	0	82	184	0	2	0	0	1	0	26	145	3	0	0	
0	0	2	1	0	1	0	0	0	0	1	0	0	79	13	0	3	0	73	64	12	179	4	0	1	0	160	23	97	118	0	4	0	28	204	123	219	152	4	0	1	0	11	146	155	3	4	0	0	2	0	140	55	0	2	0	0	0	3	30	3	1	0	0	
0	0	11	25	0	1	0	0	3	0	168	255	142	8	0	1	2	0	121	91	121	113	0	4	0	0	2	0	48	176	0	1	1	0	32	98	125	186	0	1	3	0	186	235	239	213	8	0	2	0	99	117	125	69	9	0	0	0	0	0	0	0	0	0	
0	0	0	0	0	4	0	0	0	1	0	37	154	182	58	0	0	3	0	81	86	130	96	0	0	1	2	0	40	193	11	0	0	13	66	89	206	67	0	2	2	171	151	242	197	0	1	0	0	120	146	41	42	11	0	0	0	2	3	0	0	0	0	0	
0	0	0	2	0	0	0	0	0	0	0	0	23	83	45	0	0	2	0	78	99	90	183	50	0	0	0	178	129	87	67	6	3	0	62	213	33	0	1	0	3	0	117	158	21	0	4	0	3	0	81	203	49	0	2	0	1	0	14	102	8	0	0	0	
0	0	0	1	0	0	1	0	0	1	0	12	66	61	6	0	0	5	0	163	178	164	136	0	3	0	101	208	0	58	211	0	0	64	203	29	0	157	161	0	0	190	141	65	192	189	22	0	0	44	153	126	64	0	1	0	0	0	0	0	0	2	2	0	
0	0	1	0	6	11	0	0	0	2	0	42	135	105	73	6	2	0	30	198	33	0	9	3	0	0	7	105	159	35	0	2	0	0	2	0	61	136	0	3	0	56	27	0	136	102	0	3	0	44	146	164	120	1	0	0	0	0	8	8	0	1	0	0	
0	0	0	0	0	0	0	0	1	0	34	76	75	81	57	1	4	0	139	255	242	254	180	12	0	5	214	85	18	5	0	0	0	0	135	195	191	63	0	3	0	6	4	0	70	201	0	1	0	93	208	112	154	166	0	1	0	5	65	121	122	16	0	1	
0	0	0	0	0	0	0	0	0	3	0	102	79	0	3	0	0	4	0	123	150	0	4	0	0	3	0	84	185	0	1	0	0	1	0	30	196	6	0	1	0	2	0	39	218	13	0	1	0	2	0	49	148	1	0	1	0	0	0	0	0	0	0	0	
0	0	1	1	0	0	0	0	0	1	0	15	156	194	58	0	0	2	0	174	250	145	184	0	2	0	149	224	10	40	199	0	0	95	228	15	0	172	170	0	0	205	159	95	229	197	36	0	0	89	185	176	71	0	1	0	0	0	0	0	0	2	2	0	
0	0	0	0	0	0	0	0	1	0	21	156	78	0	1	0	3	0	155	179	204	20	0	1	3	0	166	148	227	57	0	3	1	0	39	95	90	177	0	1	0	0	0	2	0	187	63	0	2	0	44	181	169	163	23	0	1	0	16	33	14	8	0	0	
0	0	0	0	2	0	0	0	0	0	0	0	2	98	11	0	0	0	3	0	103	171	0	2	0	1	0	32	200	20	0	1	0	3	0	160	99	0	3	0	2	0	40	186	3	0	0	0	4	0	122	116	0	3	0	0	1	0	19	9	0	0	0	0	
0	0	0	0	3	1	0	0	0	2	0	52	117	22	0	1	0	2	0	138	141	101	0	3	0	0	0	176	158	6	0	1	0	3	0	162	160	0	2	0	1	0	19	160	157	9	0	0	1	0	20	177	69	0	2	0	0	0	0	0	0	0	0	0	
0	0	1	0	55	15	0	1	0	0	0	11	158	13	0	0	0	3	0	126	113	0	3	0	3	0	65	159	34	110	24	0	0	0	156	71	126	151	101	0	0	8	151	204	159	122	24	0	1	0	21	70	42	3	0	0	0	0	1	0	0	2	1	0	
0	0	0	0	0	1	0	0	0	95	159	121	104	11	0	1	0	17	37	29	118	139	0	3	0	1	0	1	135	108	0	3	1	0	105	179	188	133	26	0	0	0	41	8	13	185	91	0	2	0	88	133	134	88	0	0	0	0	3	11	0	0	0	0	
0	0	0	2	0	0	0	0	0	0	0	0	61	29	0	0	0	1	0	92	141	121	0	1	2	0	48	156	121	105	0	3	1	0	0	122	195	0	0	1	0	2	0	134	66	0	2	0	3	0	78	149	0	3	0	0	2	0	57	41	0	1	0	0	
0	0	0	0	0	0	0	0	0	1	0	49	175	149	0	1	0	1	0	76	215	162	0	3	0	1	0	29	206	33	0	2	0	2	0	166	110	0	3	0	3	0	90	229	153	95	0	1	2	0	141	185	69	3	0	0	0	0	0	0	0	0	0	0	
0	0	0	0	0	0	0	0	0	2	0	67	180	151	0	1	0	0	0	105	125	135	0	1	0	3	0	30	215	101	0	4	0	1	0	22	62	108	0	3	0	74	170	11	131	64	0	2	0	48	207	186	99	0	1	0	0	0	0	2	0	1	0	0	
0	0	0	2	0	0	0	0	2	0	55	179	120	3	0	0	0	0	2	61	173	8	0	1	1	0	21	142	10	0	1	0	1	0	8	154	85	0	1	0	0	1	0	28	188	145	0	2	0	0	1	119	169	87	0	1	0	0	0	0	2	0	0	0	
0	0	1	0	16	22	0	1	0	1	0	9	204	131	0	4	0	0	0	2	98	103	0	4	0	0	3	0	103	59	0	2	2	0	61	192	244	36	0	2	2	0	153	176	158	128	0	3	2	0	97	91	4	43	0	1	0	0	0	0	2	0	0	0	
0	0	0	1	2	2	0	0	0	2	0	40	167	82	0	2	0	0	0	133	40	92	17	0	2	0	48	97	0	99	5	0	4	0	101	52	31	101	0	3	3	0	101	44	117	35	0	1	2	0	52	152	69	0	2	0	0	0	1	5	0	1	0	0	
0	0	0	2	0	0	0	0	0	0	0	3	72	30	0	1	0	1	0	104	178	142	0	3	2	0	55	136	103	109	0	3	1	0	28	164	202	16	0	1	0	2	0	50	117	0	3	0	0	3	0	158	127	0	4	0	0	0	0	87	21	0	1	0	
0	0	0	4	56	5	0	0	0	2	0	79	95	0	2	0	1	0	17	122	5	26	6	0	3	0	83	71	60	151	36	0	1	0	115	58	125	97	7	0	0	8	110	128	158	16	0	1	1	0	44	72	26	0	1	0	0	0	0	0	1	1	0	0	
0	0	0	0	1	1	0	0	0	0	1	0	24	98	0	2	0	0	3	0	99	92	0	3	0	0	0	7	150	14	0	1	0	3	0	84	108	0	3	0	0	0	0	144	25	0	1	0	1	0	36	104	0	2	0	0	0	0	2	3	0	0	0	0	
0	0	3	3	3	1	0	0	0	0	0	0	0	3	23	8	0	1	77	108	159	159	165	95	0	23	169	46	51	19	0	2	0	17	131	3	2	0	1	0	0	0	165	178	151	10	0	1	0	0	16	0	168	70	0	3	0	0	0	0	104	27	0	1	
0	0	0	0	10	49	0	1	0	0	3	0	91	94	0	3	0	2	0	43	147	1	0	0	0	0	0	147	180	80	0	2	3	0	84	198	133	130	0	2	3	0	127	234	184	59	0	2	1	0	11	76	33	0	1	0	0	0	0	0	1	2	0	0	
0	1	0	17	72	0	0	0	2	0	51	180	99	0	3	0	0	8	149	45	0	1	0	0	0	75	108	0	56	103	30	0	0	61	217	61	66	186	177	0	3	0	93	250	214	199	116	0	0	1	0	22	67	41	2	0	0	0	2	0	0	0	1	0	
0	0	0	2	1	0	0	0	0	0	3	0	35	200	38	0	0	3	0	59	235	234	102	0	2	0	36	247	116	93	128	0	1	0	190	86	4	222	55	0	0	98	211	107	241	119	0	2	0	69	206	200	61	0	2	0	0	0	0	0	0	3	0	0	
0	0	2	0	1	2	0	0	0	1	0	171	104	0	4	0	3	0	92	226	204	68	0	2	0	0	217	60	38	210	39	0	0	12	227	47	0	137	117	0	1	0	197	117	7	207	91	0	2	0	51	192	194	135	0	0	0	0	0	0	3	0	0	0	
0	0	0	0	2	0	0	0	0	0	0	0	6	140	16	0	0	0	3	0	87	189	0	1	0	1	0	18	213	52	0	2	0	3	0	146	155	0	3	0	2	0	53	223	25	0	1	0	3	0	102	104	0	3	0	0	0	0	0	0	1	0	0	0	
0	0	0	0	0	1	0	0	1	0	16	83	75	17	0	1	0	23	201	131	120	195	12	0	0	10	180	98	78	196	7	0	1	0	6	137	255	158	0	3	0	4	0	101	230	166	0	2	0	4	0	143	255	47	0	2	0	2	0	57	60	0	2	0	
0	0	0	0	1	0	0	0	0	0	0	1	2	134	22	0	0	0	3	0	102	190	0	1	0	1	0	23	215	45	0	2	0	3	0	169	131	0	4	0	3	0	76	196	3	0	0	0	3	0	116	87	0	3	0	0	0	0	0	1	1	0	0	0	
0	0	0	6	30	0	0	0	0	2	0	71	151	0	2	0	0	0	0	173	40	0	2	0	2	0	51	158	101	73	0	2	4	0	111	248	163	175	7	0	2	0	51	203	128	184	7	0	0	1	0	57	148	29	0	1	0	0	1	1	0	1	0	0	
0	0	0	2	0	0	0	0	0	0	1	0	109	142	0	2	0	0	0	133	185	179	0	1	1	0	29	179	147	104	0	3	1	0	5	196	203	1	0	1	3	0	167	125	140	61	0	2	2	0	108	182	117	7	0	1	0	0	0	4	0	0	0	0	
0	0	0	0	0	0	0	0	0	0	1	0	79	23	0	1	0	0	156	15	162	77	0	3	0	0	198	44	156	57	0	2	3	0	90	217	233	38	0	2	0	0	2	13	179	71	0	3	0	0	4	0	124	79	0	3	0	0	0	0	6	7	0	0	
0	0	0	0	1	4	0	0	0	0	1	1	131	166	20	0	0	3	0	69	154	49	112	0	2	0	40	175	17	62	112	0	0	0	167	50	0	167	40	0	0	54	123	22	180	98	0	3	0	18	150	169	69	0	2	0	0	0	5	2	0	2	0	0	
0	0	4	1	0	2	0	0	0	0	0	0	0	14	32	0	0	0	92	41	0	134	78	0	0	51	180	7	34	171	0	0	0	9	151	106	180	110	0	4	1	0	13	64	177	21	0	1	0	1	0	19	142	0	0	0	0	0	0	3	43	3	0	0	
0	0	0	1	1	1	0	0	0	0	0	5	0	71	10	0	1	0	14	113	46	161	0	1	3	0	78	116	117	94	0	1	3	0	97	198	210	152	23	0	0	3	0	116	113	0	3	0	0	2	0	142	36	0	2	0	0	0	1	24	3	0	0	0	
0	0	0	1	0	0	1	0	0	1	0	23	179	89	0	1	0	4	0	142	199	191	83	0	2	0	41	223	6	99	154	0	4	0	150	115	4	220	82	0	0	19	216	119	219	122	0	2	0	11	189	180	42	0	2	0	0	0	0	0	0	3	0	0	
0	0	1	3	0	0	1	0	0	1	1	1	23	18	0	0	1	0	9	149	184	185	89	0	1	0	179	134	0	136	101	0	0	18	126	0	80	160	0	0	0	2	0	51	190	16	0	1	1	0	25	218	67	0	3	0	3	0	81	123	0	3	0	0	
0	0	12	18	0	1	0	0	3	0	127	92	0	12	0	0	0	3	196	20	84	111	0	4	0	58	183	0	50	192	3	0	0	46	206	62	34	209	56	0	1	0	84	169	139	190	114	0	0	0	0	1	0	42	78	0	0	0	3	3	2	1	0	0	
0	0	3	4	2	1	0	0	0	0	1	0	0	2	3	0	2	0	73	164	179	219	98	0	0	1	224	157	82	235	37	0	0	7	60	0	172	111	0	3	0	3	0	117	182	0	2	0	3	0	75	222	26	0	1	0	3	0	114	84	0	3	0	0	
0	0	0	0	0	0	0	0	1	0	7	121	132	66	0	1	0	0	11	40	130	204	0	0	1	0	18	155	146	28	0	1	1	0	14	107	159	67	0	2	0	1	0	0	180	128	0	4	0	64	129	174	115	0	0	0	0	23	64	19	0	1	0	0	
0	0	0	0	7	56	0	0	0	0	3	0	107	79	0	2	0	3	0	77	117	0	2	0	1	0	26	148	82	163	47	0	2	0	123	117	113	134	65	0	1	0	144	171	146	103	0	1	1	0	30	76	42	3	0	0	0	0	0	0	0	2	0	0	
0	0	0	0	0	0	0	0	0	0	1	67	66	6	0	0	4	0	103	170	147	138	0	4	4	0	123	117	117	111	0	3	2	0	36	144	183	38	0	2	0	0	5	0	144	49	0	2	2	0	88	88	157	21	0	1	1	0	11	99	47	0	1	0	
0	0	0	2	1	0	0	0	0	0	3	0	19	175	112	0	0	3	0	44	200	178	161	0	3	0	53	246	68	110	121	0	0	28	216	59	46	204	18	0	0	186	179	112	212	47	0	2	0	147	204	127	17	0	2	0	0	0	0	0	1	2	0	0	
0	0	0	0	0	0	0	0	0	0	0	24	50	34	0	1	2	0	61	118	196	81	0	3	0	0	1	17	163	7	0	0	0	1	0	40	162	0	1	0	0	2	0	52	142	0	3	0	0	3	0	82	136	0	4	0	0	1	0	39	66	0	2	0	
0	0	2	2	0	0	0	0	0	0	0	3	6	7	9	0	2	0	44	176	162	223	61	0	2	0	147	68	109	163	0	2	0	2	0	63	172	3	0	1	1	0	17	197	34	0	2	0	4	0	138	118	0	4	0	0	1	0	120	25	0	1	0	0	
0	0	0	0	0	0	0	0	0	1	0	13	98	4	0	0	0	2	0	50	215	6	0	1	0	3	0	88	181	0	2	0	0	4	0	145	140	0	4	0	0	4	0	153	105	0	3	0	0	4	0	120	105	0	3	0	0	0	0	12	16	0	1	0	
0	0	0	0	0	0	0	0	0	1	0	88	196	62	0	3	0	0	1	103	149	106	0	4	0	3	0	59	193	38	0	2	0	2	0	100	166	25	0	1	0	26	132	0	117	33	0	1	0	8	154	173	113	0	2	0	0	0	2	10	0	0	0	0	
0	2	4	1	0	0	0	0	0	0	0	0	10	43	14	0	0	80	166	167	154	239	50	0	0	47	58	0	82	151	0	3	0	5	81	98	188	185	64	0	0	29	120	95	186	59	46	0	0	3	0	71	169	0	3	0	0	2	0	42	88	0	3	0	
0	0	0	2	0	0	0	0	0	0	0	0	22	97	166	6	0	1	0	144	207	182	67	0	2	0	26	247	209	20	0	1	0	1	33	26	150	100	0	3	0	6	209	75	148	58	0	2	3	0	120	224	97	0	2	0	0	0	0	0	0	1	0	0	
0	0	0	0	0	0	0	0	0	0	2	77	140	22	0	1	4	0	139	178	141	102	0	4	3	0	109	143	45	116	0	4	0	1	0	162	205	45	0	2	0	3	0	79	247	15	0	1	0	3	0	61	229	95	0	4	0	1	0	11	48	20	0	1	
0	0	1	1	1	1	0	0	0	0	1	2	0	75	25	0	1	0	33	85	21	164	5	0	3	0	104	80	90	122	0	2	4	0	134	210	234	146	0	2	1	0	0	139	153	0	2	0	0	2	0	153	56	0	2	0	0	0	2	36	5	0	0	0	
0	0	0	68	69	0	0	0	0	0	3	40	102	70	0	3	0	0	2	0	57	123	0	4	0	0	5	0	112	90	0	3	0	1	0	62	209	21	0	1	1	0	157	208	122	118	0	1	0	3	67	19	0	16	1	0	0	0	0	1	4	0	0	0	
0	0	0	0	13	23	0	1	0	2	0	34	197	187	1	0	0	2	0	62	90	156	11	0	0	0	3	0	104	126	0	3	3	0	86	230	255	93	0	4	0	0	219	217	77	155	0	2	0	6	105	25	20	78	0	1	0	0	0	1	2	0	0	0	
0	0	0	0	0	1	0	0	0	0	131	229	146	4	0	1	0	61	176	53	226	78	0	3	0	6	14	0	124	130	0	4	0	0	3	22	171	141	0	2	4	0	113	251	244	221	135	0	2	0	45	180	120	2	19	0	0	0	0	0	0	0	0	0	
0	0	1	2	1	1	0	0	0	0	1	0	17	113	0	1	1	0	37	61	80	96	0	3	4	0	115	81	134	86	11	0	3	0	132	203	218	105	5	0	1	0	5	176	44	0	1	0	1	0	26	110	0	4	0	0	0	0	3	3	1	0	0	0	
0	0	0	1	0	0	0	0	0	2	0	92	30	0	1	0	0	4	0	127	85	0	3	0	0	3	0	71	122	0	3	0	0	2	0	47	139	0	3	0	0	1	0	22	166	6	0	1	0	0	2	0	126	34	0	1	0	0	0	0	0	0	0	0	
0	0	0	0	1	0	0	0	0	0	0	0	5	108	7	0	0	0	3	0	77	115	0	3	0	0	1	0	143	28	0	1	0	2	0	72	126	0	3	0	0	0	2	154	31	0	1	0	3	0	74	119	0	3	0	0	0	0	4	2	0	0	0	0	
0	0	0	0	0	0	0	0	0	10	86	111	109	18	0	1	0	19	41	0	92	134	0	4	1	0	48	88	161	36	0	2	0	0	73	91	143	89	0	2	0	0	2	0	69	154	0	3	0	22	80	104	157	32	0	2	0	7	48	50	9	0	0	0	
0	0	0	1	0	0	0	0	0	0	1	0	109	130	0	2	0	3	0	108	195	143	0	3	0	3	0	102	212	72	0	3	1	0	0	150	209	30	0	2	3	0	146	166	115	47	0	2	2	0	93	184	126	0	1	0	0	0	0	6	1	0	0	0	
0	0	0	0	1	0	0	0	0	0	1	0	20	151	12	0	0	0	4	0	137	132	0	3	0	1	0	32	180	10	0	1	0	3	0	124	118	0	4	0	1	0	26	180	11	0	1	0	3	0	91	128	0	3	0	0	0	0	4	2	0	0	0	0	
0	0	0	0	0	0	0	0	0	2	0	50	185	98	0	3	0	1	0	17	169	145	0	4	0	3	0	42	198	145	0	0	0	0	0	3	12	141	8	0	0	90	125	3	130	104	0	3	0	30	160	192	123	3	0	0	0	0	0	2	0	1	0	0	
0	0	0	0	0	0	0	0	1	0	28	25	0	57	7	0	3	0	74	67	0	107	27	0	2	0	131	44	0	116	19	0	0	14	157	109	127	133	0	2	0	1	3	0	41	91	0	3	0	0	3	0	57	104	0	3	0	0	1	0	11	17	0	1	
0	0	1	1	0	0	0	0	0	1	0	26	132	129	37	0	1	0	16	169	126	129	46	0	4	0	134	116	28	19	0	1	2	0	63	178	172	124	0	0	0	4	63	6	0	126	22	0	1	0	118	170	176	117	0	2	0	0	0	33	46	1	0	0	
0	1	0	27	59	0	2	0	1	0	7	178	66	0	3	0	4	0	136	131	0	8	0	0	0	10	184	13	83	194	58	0	0	23	177	27	122	120	103	0	2	0	129	176	151	146	7	0	0	0	0	65	85	17	0	1	0	0	1	0	0	1	1	0	
0	0	1	0	26	50	0	2	0	0	4	0	124	96	0	4	0	2	0	48	185	7	0	1	0	1	0	157	81	0	0	0	3	0	67	212	161	163	0	1	4	0	87	244	186	137	0	1	0	0	4	67	60	4	0	0	0	0	0	0	0	1	0	0	
0	1	0	0	0	0	0	0	1	0	36	84	92	64	26	2	0	84	213	95	82	165	179	8	0	33	147	109	108	135	23	0	1	0	19	197	228	43	0	2	4	0	116	89	30	151	0	2	2	0	57	153	118	134	0	3	0	1	0	57	110	21	0	1	
0	0	0	2	1	0	0	0	0	0	1	0	3	10	1	0	0	1	0	156	175	220	73	0	3	0	103	185	91	194	20	0	1	0	28	30	186	49	0	2	1	0	0	182	84	0	4	0	3	0	131	131	0	4	0	0	0	0	113	16	0	0	0	0	
0	0	0	0	0	0	0	0	0	1	0	40	83	106	115	0	3	0	83	223	142	134	101	0	3	0	169	172	6	0	1	0	1	0	134	165	165	73	0	2	0	0	2	0	58	178	0	1	3	0	87	204	164	64	0	2	1	0	25	37	1	0	0	0	
0	0	0	2	0	0	0	0	0	0	3	0	73	196	45	0	0	2	0	114	254	164	136	0	3	0	125	245	15	126	162	0	0	33	240	44	48	247	50	0	0	89	191	86	255	103	0	3	0	24	184	214	93	0	2	0	0	0	1	0	0	2	0	0	
0	0	2	1	0	0	1	0	0	1	0	10	68	85	10	0	2	0	52	161	104	106	125	0	0	15	153	31	0	139	121	0	0	45	143	0	123	216	9	0	1	0	106	184	172	14	0	1	1	0	15	169	23	0	2	0	1	0	26	52	0	3	0	0	
0	0	0	1	6	21	0	0	0	0	4	0	116	146	0	3	0	2	0	70	213	18	0	1	1	0	6	214	87	0	3	0	4	0	116	212	181	123	0	3	3	0	123	202	221	141	0	3	1	0	16	125	97	2	0	0	0	0	1	0	0	1	0	0	
1	0	16	50	16	0	0	0	4	0	147	234	223	153	0	0	1	0	38	19	64	255	65	0	1	1	1	0	26	238	51	0	0	11	63	91	213	185	0	2	26	225	255	253	215	240	65	0	20	142	137	50	0	95	65	0	0	0	0	0	1	0	0	0	
0	0	1	4	1	0	0	0	0	0	1	0	4	11	4	0	1	0	5	130	163	231	102	0	4	0	152	154	76	197	15	0	1	0	33	26	196	48	0	2	1	0	2	190	91	0	3	0	2	0	162	135	0	5	0	0	0	5	148	22	0	1	0	0	
0	0	7	45	53	3	0	0	0	19	165	177	195	167	1	0	0	24	67	0	80	173	0	2	0	2	0	45	221	74	0	3	1	0	44	188	65	0	2	0	0	20	242	203	126	175	179	35	0	18	137	134	109	79	42	4	0	0	0	0	0	0	0	0	
0	0	0	0	1	0	0	0	0	0	1	0	36	125	0	2	0	0	4	0	144	125	0	4	0	2	0	42	199	10	0	1	0	2	0	171	93	0	3	0	3	0	101	179	0	2	0	0	2	0	147	51	0	2	0	0	0	0	0	2	1	0	0	0	
0	0	0	0	0	0	0	0	0	1	0	20	82	0	1	0	0	2	0	50	177	0	1	0	0	2	0	50	148	0	3	0	0	2	0	66	145	0	4	0	0	3	0	73	146	0	4	0	0	2	0	49	157	0	2	0	0	0	0	7	24	0	0	0	
0	0	1	0	16	50	0	0	0	1	0	22	176	173	40	0	0	1	0	17	35	144	39	0	0	1	3	0	107	144	0	2	0	1	96	207	239	53	2	1	0	109	236	181	37	108	72	0	0	56	134	28	0	1	0	0	0	0	0	1	2	2	1	0	
0	0	0	2	0	0	0	0	0	1	2	0	13	48	60	24	0	0	0	56	100	69	57	28	0	23	107	55	3	0	0	0	0	46	133	49	10	1	3	1	0	0	4	56	106	0	1	0	0	0	9	65	104	0	1	0	0	0	8	77	18	0	1	0	
0	0	2	1	0	0	0	0	0	1	0	19	70	97	154	22	2	0	44	207	160	165	74	0	4	0	123	240	80	0	0	0	0	0	6	43	131	111	0	3	0	128	129	0	139	119	0	3	0	52	152	173	119	0	0	0	0	0	0	0	0	1	0	0	
0	0	0	1	0	42	10	0	0	0	1	0	150	167	14	0	0	3	0	122	126	0	2	0	2	0	27	231	117	3	0	0	4	0	120	180	142	138	0	3	4	0	138	92	112	103	0	3	1	0	22	137	103	3	0	0	0	0	0	0	0	1	0	0	
0	0	1	1	0	0	0	0	0	1	0	31	118	148	46	0	2	0	56	198	192	255	74	0	2	0	46	212	187	91	0	1	1	0	111	214	154	14	0	1	0	32	226	12	131	74	0	3	1	0	115	196	144	1	0	1	0	0	8	46	2	0	0	0	
0	0	0	0	0	0	0	0	1	0	36	128	145	17	0	1	4	0	164	199	202	84	0	3	1	0	23	160	212	31	0	2	0	3	0	122	238	32	0	2	1	0	34	172	106	166	0	4	1	0	20	201	200	88	0	3	0	1	0	36	31	0	1	0	
0	0	0	0	1	1	0	0	0	0	0	0	9	109	1	0	0	0	3	0	83	117	0	4	0	0	0	3	158	23	0	1	0	3	0	91	127	0	3	0	1	0	9	166	25	0	1	0	2	0	65	112	0	3	0	0	0	0	0	1	1	0	0	0	
0	0	0	1	0	1	0	0	0	0	0	13	56	0	0	0	0	1	0	124	172	24	0	1	3	0	77	154	179	64	0	3	2	0	41	95	163	19	0	1	0	0	0	13	130	0	0	0	0	2	0	68	108	0	3	0	0	1	0	37	40	0	1	0	
0	0	0	1	0	2	0	0	0	1	0	28	78	10	0	1	1	0	19	150	86	136	1	0	1	0	27	136	149	173	0	1	0	2	0	39	208	32	0	2	0	3	0	132	96	0	3	0	2	0	63	171	0	2	0	0	2	0	52	52	0	2	0	0	
0	0	0	0	1	0	0	0	0	11	77	57	0	0	0	0	0	33	157	159	100	0	2	0	0	1	0	23	145	0	2	0	0	3	0	100	77	0	3	1	2	0	34	212	125	132	126	35	1	0	8	62	62	36	21	1	0	0	0	0	0	0	0	0	
0	0	0	0	0	0	0	0	0	2	0	56	152	143	0	1	0	1	0	35	107	159	0	2	0	2	0	72	199	38	0	2	0	0	0	45	145	54	0	2	0	52	94	17	143	17	0	1	0	28	161	152	35	0	1	0	0	0	4	2	0	1	0	0	
0	0	0	0	0	0	0	0	0	0	0	5	40	64	52	0	0	2	0	42	113	113	50	0	0	3	0	80	64	0	0	0	0	2	0	60	71	0	3	0	0	1	0	23	111	1	0	0	0	13	78	88	19	0	1	0	0	22	65	2	0	0	0	0	
0	0	1	1	0	0	0	0	0	1	0	36	116	109	17	0	2	0	33	174	64	200	30	0	2	0	41	128	108	119	0	2	0	3	0	166	209	1	0	1	3	0	102	102	118	78	0	3	3	0	124	137	148	23	0	1	0	0	9	60	13	0	1	0	
0	0	4	12	0	0	0	0	0	16	107	124	80	0	2	0	0	8	0	58	118	0	4	0	2	0	72	192	116	31	0	1	0	0	65	29	34	124	34	0	1	0	47	11	0	119	54	0	2	0	65	125	132	87	0	1	0	0	0	8	8	0	0	0	
0	0	0	0	3	6	0	0	0	1	0	33	155	157	21	0	0	1	0	44	43	148	42	0	0	1	2	0	49	140	0	2	1	0	30	140	241	72	0	3	0	23	209	217	129	120	0	1	0	28	186	61	0	36	6	0	0	0	0	0	3	1	0	0	
0	0	0	0	2	0	0	0	0	0	1	0	33	77	0	2	0	0	2	0	158	152	0	4	0	2	0	56	235	28	0	2	0	2	0	189	138	0	3	0	2	0	36	189	15	0	1	0	2	0	62	113	0	3	0	0	0	0	1	16	1	0	0	0	
0	0	0	1	0	0	0	0	0	1	0	10	99	123	48	0	0	0	0	167	117	217	76	0	0	1	0	145	188	112	0	1	1	0	1	153	213	49	0	2	3	0	143	105	94	101	0	3	2	0	162	154	125	9	0	1	1	0	11	57	8	0	0	0	
0	0	0	0	0	1	1	0	0	1	0	41	80	38	0	1	1	0	27	165	124	201	81	0	1	0	24	217	121	31	16	0	3	0	77	83	127	3	0	0	2	0	97	1	113	73	0	3	2	0	56	107	159	56	0	2	0	1	0	85	72	0	1	0	
0	0	0	1	0	0	0	0	0	1	0	17	87	110	54	0	1	0	5	158	171	213	28	0	0	2	0	145	183	30	0	2	1	0	16	179	166	0	3	0	1	0	169	69	141	29	0	1	1	0	123	172	119	0	2	0	0	0	3	55	13	0	0	0	
0	0	0	0	0	0	0	0	0	0	2	0	82	37	0	1	0	0	0	2	191	41	0	2	0	1	0	38	193	4	0	1	0	3	0	122	134	0	4	0	1	0	5	193	39	0	1	0	2	0	59	128	0	3	0	0	1	0	14	10	0	0	0	0	
0	0	3	1	0	0	0	0	0	1	0	18	28	17	1	0	2	0	95	189	136	187	105	0	0	79	185	19	0	154	59	0	0	31	22	0	98	137	0	3	0	1	0	19	184	24	0	1	0	1	0	161	77	0	3	0	2	0	43	115	0	2	0	0	
0	0	0	0	0	0	0	0	2	0	34	179	211	193	26	0	3	0	92	169	187	240	16	0	0	3	0	53	237	80	0	3	2	0	62	236	105	0	24	0	0	64	255	253	220	243	114	0	0	20	154	156	92	58	6	0	0	0	0	0	0	0	1	0	
0	0	0	0	1	0	0	0	0	0	1	0	23	128	0	0	0	0	4	0	136	136	0	3	0	2	0	41	194	12	0	1	0	3	0	168	110	0	3	0	3	0	96	184	0	2	0	0	0	0	165	50	0	2	0	0	0	2	3	0	1	0	0	0	
0	0	0	2	2	1	0	0	0	0	6	0	0	0	0	0	2	0	126	140	134	23	0	1	2	0	104	32	104	52	0	2	0	0	32	0	104	52	0	2	0	0	3	0	92	32	0	1	0	0	4	0	91	42	0	2	0	0	2	0	53	36	0	1	
0	0	3	3	1	0	0	0	0	2	0	0	0	10	2	0	1	0	136	166	146	167	124	0	0	136	213	75	8	128	123	0	34	154	13	0	47	187	7	0	0	1	0	19	199	54	0	2	1	0	7	172	78	0	3	0	2	0	43	94	0	3	0	0	
0	0	0	0	0	0	0	0	0	1	0	59	103	42	4	0	1	0	22	122	19	151	48	0	0	1	0	106	119	51	0	1	1	0	4	162	104	0	4	0	3	0	91	57	79	35	0	1	2	0	54	83	96	70	0	3	0	0	0	42	51	6	0	0	
0	0	0	2	0	1	1	0	0	0	1	1	74	36	0	1	0	1	0	120	130	157	18	0	3	0	102	148	49	196	20	0	3	0	111	172	238	65	0	3	0	3	0	127	127	0	3	0	3	0	72	174	0	1	0	0	2	0	68	47	0	2	0	0	
0	0	0	0	0	0	0	0	0	0	0	179	103	0	2	0	0	0	0	225	178	0	3	0	0	0	0	219	170	0	3	0	0	0	0	220	190	0	2	0	0	3	0	174	255	34	0	2	0	3	0	79	220	62	0	3	0	0	0	1	0	0	0	0	
0	0	0	1	0	26	21	0	0	0	2	0	43	190	142	0	0	0	2	2	0	88	104	0	0	3	0	27	85	136	10	0	2	0	71	216	246	55	0	3	0	107	255	118	102	50	0	2	0	123	96	0	36	11	0	0	0	0	0	2	1	0	0	0	
0	0	1	0	0	0	0	0	0	1	0	24	58	35	0	1	0	6	140	205	190	182	0	0	0	1	21	3	42	182	0	0	0	1	50	105	225	172	0	2	0	23	175	220	202	9	0	1	1	0	27	182	22	0	1	0	1	0	25	62	0	3	0	0	
0	0	2	0	0	0	1	1	0	1	0	89	140	158	46	0	2	0	157	222	214	141	187	10	0	69	224	31	36	0	158	62	0	154	131	0	6	0	175	59	0	155	155	0	5	107	179	3	0	33	202	208	200	162	19	0	1	0	13	52	35	0	1	1	
0	0	1	0	29	34	0	1	0	1	0	36	159	65	0	1	0	2	0	152	72	0	3	0	2	0	34	198	79	36	0	1	4	0	109	189	104	160	28	0	4	0	130	145	64	154	18	0	1	0	10	134	141	28	0	1	0	0	0	0	0	1	1	0	
0	0	0	0	1	0	0	0	0	0	1	0	31	122	3	0	0	0	3	0	158	189	0	2	0	2	0	66	225	23	0	1	0	2	0	191	135	0	4	0	2	0	30	234	41	0	2	0	4	0	113	188	0	2	0	0	1	0	22	22	0	1	0	0	
0	0	0	0	0	0	0	0	0	0	2	0	72	35	0	1	0	0	2	0	131	35	0	1	0	1	0	21	143	0	0	0	0	2	0	71	108	0	3	0	0	2	0	140	37	0	1	0	0	0	0	91	11	0	0	0	0	0	0	0	0	0	0	0	
0	0	0	0	0	1	1	0	0	1	0	21	115	188	50	0	0	5	0	111	167	189	40	0	0	0	2	0	27	171	9	0	0	40	134	188	238	86	0	4	0	127	230	155	167	140	0	3	0	6	20	0	36	135	0	2	0	0	0	2	3	0	0	0	
0	0	2	2	4	3	0	0	0	9	1	0	0	0	0	0	0	141	186	164	149	71	1	0	0	116	141	23	83	213	19	0	0	2	11	0	69	165	0	2	0	0	5	0	118	126	0	4	0	0	4	0	150	119	0	4	0	0	3	0	95	91	0	3	
0	0	0	0	4	3	0	0	0	2	0	105	190	190	41	0	0	3	0	75	161	210	42	0	0	3	0	93	237	152	0	3	4	21	0	0	18	207	22	0	49	189	37	78	185	153	0	1	26	193	156	144	88	1	0	0	0	0	0	0	0	2	0	0	
0	0	0	0	2	3	0	0	4	30	23	6	0	0	0	0	7	93	125	128	121	81	0	1	0	0	0	2	32	164	3	0	0	3	5	0	83	107	0	3	0	0	2	0	118	35	0	1	0	1	0	14	159	4	0	0	0	0	0	11	110	2	0	0	
0	0	2	2	0	1	0	0	0	2	1	1	0	25	94	0	2	0	74	92	0	130	152	0	0	46	223	50	7	205	46	0	0	108	221	120	228	142	0	4	0	2	0	129	201	5	0	1	2	0	44	207	28	0	2	0	1	0	20	30	0	2	0	0	
0	0	0	1	4	2	0	0	0	0	7	2	0	0	0	0	0	0	199	172	112	44	0	1	1	0	142	59	77	187	0	1	0	0	3	0	97	139	0	4	0	0	4	0	174	71	0	3	0	0	3	0	174	68	0	3	0	0	2	0	109	43	0	2	
0	0	2	1	0	0	0	0	0	2	0	42	125	96	98	0	2	0	61	198	88	121	73	0	0	0	206	201	103	29	0	1	0	7	57	29	51	157	0	0	0	0	2	0	44	189	1	0	0	60	176	156	207	91	0	3	0	12	38	58	30	0	1	0	
0	0	1	0	0	0	0	0	0	1	0	55	57	0	1	0	3	0	84	124	171	43	0	2	0	6	150	0	154	60	0	2	0	0	151	155	190	123	0	3	1	0	18	39	20	156	1	0	0	0	1	1	0	155	41	0	0	0	1	3	0	42	35	0	
0	0	2	0	37	50	0	2	0	1	1	0	160	71	0	3	0	1	0	157	117	0	2	0	3	0	143	151	28	87	13	0	0	66	165	76	139	200	83	0	0	52	179	195	172	124	17	0	1	0	28	57	73	34	0	1	0	1	0	0	0	2	1	0	
0	0	1	0	25	35	0	1	0	0	2	113	149	151	0	1	1	0	16	63	40	98	0	2	0	0	2	0	129	39	0	1	0	1	0	90	77	0	2	0	3	0	110	178	77	87	7	0	2	0	104	128	94	61	3	0	0	0	0	0	0	0	0	0	
0	0	2	1	0	3	0	0	0	1	0	48	34	0	7	0	2	0	87	210	146	171	105	0	0	6	150	27	53	216	12	0	0	1	0	13	192	64	0	2	0	1	0	169	122	0	4	0	3	0	77	203	0	2	0	0	2	0	45	64	0	2	0	0	
0	0	0	0	1	3	0	0	1	0	62	70	11	0	1	0	2	0	134	188	185	84	0	2	0	0	2	0	61	176	0	2	2	0	65	123	157	112	0	4	1	0	27	73	178	62	0	3	0	0	2	0	149	34	0	1	0	0	2	0	61	12	0	0	
0	0	0	0	0	0	0	0	0	1	0	49	136	140	38	0	2	0	35	226	111	230	92	0	1	0	16	199	138	51	0	1	1	0	3	219	171	0	3	0	3	0	122	112	175	49	0	2	0	4	196	189	157	2	0	1	0	1	39	57	8	0	0	0	
0	1	2	0	0	0	2	0	2	0	52	51	0	3	0	0	0	0	156	44	0	0	60	9	0	84	129	0	0	53	142	0	0	29	142	141	95	182	57	0	0	0	4	8	102	159	0	3	0	1	4	0	131	48	0	2	0	0	0	0	27	3	0	0	
0	0	2	1	0	0	2	0	0	1	0	3	31	26	0	0	2	0	52	146	101	129	87	0	0	25	197	22	34	189	90	0	0	12	135	126	208	45	0	1	0	3	0	149	109	0	5	0	2	0	48	188	3	1	0	0	3	0	79	83	0	2	0	0	
0	0	0	0	43	14	0	0	0	0	2	0	144	162	0	1	0	3	0	72	133	126	58	0	2	0	81	184	42	112	97	0	0	44	225	39	11	173	16	0	0	115	206	138	194	61	0	2	0	10	128	115	17	0	2	0	0	0	0	0	1	2	0	0	
0	0	2	2	0	0	0	0	0	2	0	5	102	126	31	0	2	0	49	174	228	216	150	2	0	31	193	55	55	11	134	14	0	161	103	0	0	42	156	0	0	182	80	0	14	147	94	0	0	67	189	146	158	83	0	1	1	0	14	22	2	0	1	0	
0	0	0	0	0	0	0	0	1	0	8	101	140	91	3	0	1	0	25	195	58	75	10	0	0	0	0	151	18	0	1	0	1	0	14	222	146	78	4	0	0	0	3	27	97	211	4	0	1	0	37	125	194	54	0	2	0	0	3	49	22	0	1	0	
0	0	0	0	1	0	0	0	0	0	0	2	0	129	34	0	0	0	2	0	49	192	1	0	0	0	3	0	176	81	0	3	0	3	0	113	191	0	2	0	2	0	49	228	35	0	2	0	3	0	140	106	0	3	0	0	0	0	2	0	1	0	0	0	
0	0	0	0	0	0	0	0	2	0	76	45	0	7	1	0	3	0	172	64	141	38	0	1	0	6	174	47	189	113	44	0	0	13	130	128	214	124	43	0	0	0	0	0	177	34	0	1	0	1	3	0	170	35	0	1	0	0	0	0	24	4	0	0	
0	0	0	0	1	5	0	0	1	0	5	124	175	149	49	0	2	0	26	187	64	92	149	0	0	0	7	10	0	175	93	0	9	98	109	169	221	155	0	1	47	212	149	177	247	81	0	3	1	40	54	12	39	12	0	0	0	0	0	0	0	0	0	0	
0	0	1	0	0	3	1	0	2	0	50	154	98	2	0	0	0	5	150	75	102	105	26	0	0	34	120	0	33	228	63	0	1	0	135	123	173	62	0	2	1	0	7	156	222	57	0	2	0	3	0	70	113	127	0	1	0	0	0	8	20	18	0	0	
0	0	0	0	0	0	0	0	0	0	5	57	135	55	2	0	2	0	34	142	129	218	52	0	1	0	75	122	171	142	0	0	1	0	89	86	173	74	0	3	2	61	11	0	175	81	0	3	0	109	160	183	141	0	0	1	0	0	28	44	1	0	0	0	
0	0	1	1	1	2	0	0	0	0	3	1	1	0	0	0	4	0	101	144	115	69	0	2	0	0	158	40	25	146	0	2	0	4	44	0	55	112	0	3	0	0	3	0	112	54	0	2	0	1	0	11	129	4	0	0	0	1	0	25	66	0	2	0	
0	0	1	2	0	1	0	0	0	2	2	1	3	0	99	28	1	0	1	169	42	124	149	0	0	41	206	113	71	198	3	0	0	79	217	169	243	174	43	0	2	0	72	243	77	21	14	0	1	0	124	74	0	2	0	0	0	0	0	0	2	1	0	0	
0	0	5	12	0	1	0	0	0	30	157	153	86	0	2	0	0	57	64	0	100	48	0	3	0	0	1	0	39	97	0	3	1	0	92	144	136	92	9	26	0	2	174	156	221	166	151	34	1	0	43	81	17	18	14	0	0	0	0	0	0	0	1	1	
0	0	0	3	1	0	0	0	0	0	1	0	12	33	22	14	0	1	0	73	131	114	148	59	2	0	60	232	125	1	0	1	0	0	10	0	127	66	0	4	0	45	89	54	167	12	0	1	0	21	130	133	36	0	1	0	0	0	0	0	1	1	0	0	
0	0	1	0	0	0	0	0	0	0	0	65	102	5	0	0	0	0	153	220	212	6	0	1	0	5	27	81	155	0	3	0	1	0	0	156	248	150	0	2	1	0	3	186	166	0	2	0	0	3	0	111	146	0	4	0	0	0	0	17	21	0	1	0	
0	1	1	3	0	82	21	0	0	3	5	0	76	186	7	0	0	2	0	88	201	20	0	1	3	0	74	219	88	91	42	0	1	0	203	218	127	187	151	0	1	0	179	255	99	102	53	0	1	0	15	71	70	13	0	1	0	0	1	0	0	1	2	0	
0	0	0	0	0	0	0	0	0	14	109	105	108	164	46	0	0	24	74	60	183	193	28	0	1	0	23	170	226	65	0	2	2	0	52	72	28	200	41	0	0	25	17	0	1	191	52	0	0	103	202	133	185	108	0	2	0	5	54	67	34	0	1	0	
0	0	3	0	0	0	0	0	0	1	0	32	64	12	8	0	0	0	117	198	125	197	129	0	0	11	101	18	10	200	51	0	0	1	0	11	199	97	0	3	1	0	15	197	123	0	4	0	2	0	191	160	0	4	0	0	0	3	89	13	0	1	0	0	
0	1	2	0	0	0	0	0	0	0	0	0	12	11	0	0	0	35	144	158	166	196	20	0	0	19	42	12	70	176	0	1	0	0	3	0	156	72	0	3	0	3	0	67	152	0	2	0	0	3	0	162	66	0	2	0	0	2	0	106	62	0	2	0	
0	0	0	0	0	0	0	0	0	1	0	42	112	129	93	0	0	1	0	189	172	236	141	0	0	5	0	151	198	36	0	2	1	0	28	193	164	0	5	0	0	38	181	77	181	0	1	0	0	101	224	189	125	0	3	0	0	0	46	56	3	0	0	0	
0	0	2	0	3	0	0	0	0	0	1	0	0	8	2	0	0	0	157	227	194	217	29	0	0	61	255	88	143	238	13	0	0	38	122	0	106	182	0	3	0	0	3	0	181	135	0	4	0	2	4	0	217	98	0	4	0	0	0	0	152	46	0	2	
0	0	2	2	0	0	0	0	0	0	0	2	46	88	44	0	1	0	25	150	120	77	75	0	4	0	150	118	0	83	4	0	2	0	75	124	206	99	0	2	0	3	0	91	160	0	2	0	2	0	60	203	20	0	1	0	2	0	67	59	0	2	0	0	
0	0	0	3	87	19	0	1	0	3	0	97	99	0	2	0	1	0	17	134	0	0	0	0	3	0	73	106	24	93	56	0	3	0	81	192	84	39	118	6	2	0	56	182	63	95	51	0	0	1	0	43	94	44	0	1	0	0	1	0	0	0	2	0	
0	0	3	1	0	0	0	0	0	2	0	23	85	120	94	0	2	0	62	227	209	126	167	50	0	33	219	74	0	0	113	45	0	138	113	0	0	24	157	3	0	136	132	0	0	159	93	0	0	15	166	158	159	92	0	2	0	1	1	35	18	0	2	0	
0	0	0	0	0	0	0	0	0	0	2	0	60	117	0	2	0	0	3	2	87	163	24	0	0	1	0	20	153	120	0	0	0	0	64	158	121	4	0	1	0	33	150	94	37	0	2	0	0	0	93	131	10	0	1	0	0	0	1	2	0	0	0	0	
0	0	0	0	1	0	0	0	0	0	1	0	40	172	6	0	0	0	4	0	164	171	0	3	0	2	0	53	221	18	0	1	1	0	0	194	117	0	3	0	3	0	97	208	0	1	0	0	2	0	156	88	0	3	0	0	0	0	0	1	1	0	0	0	
0	0	2	3	4	3	0	0	0	0	0	0	0	0	0	0	2	0	114	172	140	103	0	1	2	0	138	58	84	150	0	2	1	0	96	0	78	100	0	4	0	0	7	0	116	60	0	2	0	0	2	0	142	38	0	1	0	0	2	0	123	34	0	1	
0	0	0	0	0	0	0	0	0	2	0	61	161	207	63	0	1	5	0	87	138	112	126	0	0	0	8	12	0	113	112	0	8	123	118	132	211	209	27	0	47	216	131	145	174	199	4	0	1	21	32	4	43	135	0	1	0	0	0	0	4	1	0	0	
0	0	0	0	0	2	0	0	1	0	20	85	33	0	1	0	3	0	165	136	195	101	0	3	3	0	164	118	229	149	0	4	1	0	34	113	212	112	0	4	0	0	1	0	203	91	0	3	0	1	0	9	233	113	0	4	0	0	0	3	69	8	0	0	
0	0	0	0	0	0	0	0	1	0	20	125	143	113	0	0	2	0	61	132	183	191	0	1	0	25	149	163	242	131	0	3	0	36	124	56	24	195	19	0	7	4	2	0	99	195	0	0	34	123	152	164	203	54	0	2	0	16	54	54	9	0	1	0	
0	0	1	33	32	9	0	0	2	0	54	88	68	74	0	3	0	0	16	0	33	86	0	3	0	1	1	6	71	71	0	3	2	0	54	112	201	69	0	3	0	19	129	87	99	80	6	0	0	6	105	82	0	2	1	0	0	0	0	0	2	2	0	0	
0	0	1	3	0	2	0	0	0	1	1	0	0	12	86	0	1	0	24	94	0	128	123	0	0	27	204	85	24	206	21	0	0	36	181	112	214	110	0	4	0	2	0	147	203	0	0	1	1	0	31	197	41	0	2	0	0	0	12	23	0	2	0	0	
0	0	10	63	0	0	0	0	3	0	68	149	0	5	1	0	4	0	138	100	0	3	1	0	3	0	160	66	0	53	7	0	4	0	126	145	123	218	132	0	1	0	17	192	237	195	109	0	0	0	0	6	57	45	0	0	0	0	1	2	0	0	1	0	
0	0	1	3	1	2	0	0	0	0	0	6	34	0	19	8	1	0	3	131	184	157	140	20	1	0	153	222	92	39	6	0	0	0	29	0	152	51	0	2	0	69	37	29	185	20	0	1	0	79	163	154	67	0	2	0	0	0	2	1	0	1	0	0	
0	0	1	0	0	1	0	0	2	0	42	46	0	1	0	0	4	0	119	53	0	13	0	0	2	0	135	59	144	89	0	3	2	0	61	126	164	89	0	3	0	0	4	0	108	66	0	2	0	0	5	0	92	74	0	2	0	0	0	0	10	27	0	1	
0	0	1	4	0	71	41	0	0	0	1	0	101	170	29	0	1	0	3	153	131	0	0	1	4	0	111	164	96	139	17	0	0	0	180	170	101	145	93	0	2	0	143	251	101	114	37	0	0	0	7	66	84	17	0	1	0	0	1	0	0	1	1	0	
0	0	2	2	0	0	0	0	0	0	0	3	10	9	2	0	1	0	54	142	141	151	0	1	3	0	146	90	105	71	0	2	0	0	4	19	117	0	0	0	0	3	0	78	84	0	3	0	0	2	0	140	50	0	2	0	0	1	0	114	32	0	1	0	
0	0	1	2	0	4	3	0	0	0	0	11	30	0	1	0	1	0	0	167	187	102	92	0	3	0	134	161	0	210	127	0	0	0	14	0	167	133	0	2	1	0	3	191	135	0	2	0	3	0	166	140	0	4	1	0	1	0	70	14	0	1	0	0	
0	0	0	0	0	3	7	0	0	4	63	34	93	134	51	0	1	0	60	181	69	3	0	0	1	0	29	114	74	84	0	1	3	0	86	198	42	140	40	0	0	14	109	38	14	135	18	0	0	2	80	100	121	36	0	1	0	0	2	13	1	1	1	0	
0	0	0	0	0	0	0	0	0	0	1	0	79	148	79	0	0	2	0	72	173	202	143	0	0	4	0	81	196	115	4	0	2	0	41	187	189	0	2	1	0	18	182	71	172	10	0	0	0	26	165	165	167	0	0	0	1	0	19	66	16	0	1	0	
0	1	0	1	1	0	1	0	0	10	49	95	147	103	0	0	0	117	92	0	15	148	85	0	9	136	2	1	0	23	161	1	5	153	11	0	0	68	173	0	0	98	118	42	104	209	73	0	1	0	70	132	127	30	0	1	0	2	0	0	0	1	2	0	
0	0	2	2	0	0	1	0	0	0	0	1	24	25	0	0	2	0	44	149	97	146	104	0	0	7	173	30	11	141	37	0	0	7	149	74	182	72	0	3	1	0	0	130	145	0	5	0	1	0	8	172	31	0	1	0	2	0	44	123	0	2	0	0	
0	0	0	0	19	4	0	0	0	1	0	22	140	4	0	0	0	3	0	102	138	0	4	0	0	4	0	130	174	0	3	0	0	3	0	115	178	0	3	0	0	4	0	163	207	0	0	1	0	2	0	76	133	2	0	0	0	0	0	0	0	0	0	0	
0	0	0	0	11	25	0	0	0	2	0	31	214	213	21	0	0	4	0	27	54	141	98	0	0	0	8	10	0	155	98	0	0	116	116	157	127	177	18	0	17	199	139	203	255	67	0	3	0	45	95	27	72	42	0	1	0	0	0	0	0	0	0	0	
0	0	0	0	0	0	0	0	0	5	60	70	66	30	0	0	0	6	104	115	127	218	4	0	0	0	3	0	99	155	0	3	0	1	1	7	207	51	0	2	0	3	0	94	171	0	2	0	0	0	0	206	72	0	2	0	0	0	0	78	25	0	1	0	
0	0	1	1	0	0	0	0	0	2	0	39	48	88	95	0	1	0	14	161	143	181	64	0	1	0	176	168	15	0	1	0	0	10	144	106	146	61	0	2	0	7	18	0	139	88	0	3	0	15	153	148	161	5	0	1	1	0	26	66	12	0	1	0	
0	0	0	0	0	0	0	0	1	0	7	100	93	0	1	0	4	0	147	128	110	17	0	1	2	0	43	165	98	120	79	0	0	3	0	126	249	124	3	0	0	1	0	133	95	62	0	3	0	2	0	59	169	73	0	3	0	0	0	2	47	7	0	0	
0	0	0	0	2	0	0	0	0	0	0	0	6	129	10	0	0	0	3	0	99	158	0	3	0	1	0	9	196	39	0	2	0	3	0	133	142	0	3	0	2	0	36	203	17	0	1	0	3	0	100	114	0	3	0	0	0	0	1	1	1	0	0	0	
0	0	0	5	13	0	0	0	1	0	7	98	104	52	0	1	2	0	76	68	0	3	0	0	2	0	93	99	80	58	0	0	0	0	0	1	0	90	59	0	0	1	25	1	0	103	49	0	1	0	70	81	95	64	0	1	0	0	2	16	9	0	1	0	
0	0	2	0	33	56	0	2	0	1	0	5	184	76	0	2	0	1	0	176	118	0	3	0	3	0	120	142	8	113	26	0	0	8	195	101	147	194	78	0	1	0	157	255	143	113	20	0	0	0	6	56	65	13	0	1	0	0	1	0	0	1	1	0	
0	0	0	0	0	0	0	0	0	5	20	30	20	0	0	0	0	57	173	142	212	53	0	2	0	1	5	0	186	73	0	3	0	1	0	18	212	30	0	2	0	3	0	76	190	0	1	0	0	4	0	134	160	0	4	0	0	3	0	93	101	0	3	0	
0	0	0	2	1	1	0	0	0	0	1	3	0	53	58	0	0	2	0	75	28	150	32	0	1	0	31	145	79	120	0	4	2	0	182	145	161	60	0	2	0	2	17	113	156	0	3	0	0	2	0	133	42	0	2	0	0	0	4	28	1	0	0	0	
0	0	1	1	0	0	0	0	0	1	0	27	77	4	0	0	1	0	17	157	153	100	0	3	2	0	43	185	60	27	0	1	0	1	0	61	181	0	0	0	0	2	0	48	137	0	3	0	0	4	0	116	97	0	3	0	0	2	0	55	33	0	1	0	
0	0	0	0	6	29	0	0	0	2	0	42	161	187	92	0	0	2	0	17	44	142	76	0	1	5	0	97	203	166	0	1	43	181	13	36	35	149	12	0	4	203	215	78	149	106	0	3	0	25	110	112	49	0	0	0	1	1	0	0	0	2	0	0	
0	0	1	0	0	2	0	0	1	0	22	156	49	0	1	0	3	0	128	101	81	74	0	2	2	0	118	18	0	112	19	0	3	0	85	52	0	99	55	0	2	0	61	109	0	141	22	0	0	0	0	117	132	72	0	2	0	0	0	4	11	0	0	0	
0	0	2	2	0	0	0	0	0	0	1	0	37	82	24	0	2	0	40	160	99	130	131	0	0	2	181	48	40	176	48	0	0	3	142	113	224	100	0	3	0	3	0	125	179	0	3	0	1	0	21	194	37	0	2	0	1	0	37	74	0	2	0	0	
0	0	0	7	19	0	0	0	0	2	0	61	144	0	3	0	0	3	0	98	113	0	3	0	0	3	0	134	187	63	0	2	0	0	2	182	141	122	0	3	1	0	31	167	136	77	0	3	0	0	0	114	84	0	1	0	0	0	0	0	0	1	0	0	
0	0	2	1	0	0	0	0	0	1	0	9	65	83	6	0	2	0	36	172	79	131	91	0	1	0	162	63	29	156	67	0	1	0	151	131	234	150	0	2	0	2	0	95	178	0	0	1	2	0	40	194	38	0	2	0	2	0	54	66	0	3	0	0	
0	1	3	0	1	1	0	0	0	0	2	0	127	144	0	0	0	15	120	193	124	146	55	0	0	119	117	71	35	147	129	0	0	126	107	0	0	152	78	0	0	66	226	39	72	189	8	0	1	0	101	180	179	41	0	2	0	0	0	1	1	1	1	0	
0	0	1	2	0	0	0	0	0	1	0	7	151	171	30	0	1	0	6	197	124	116	124	0	3	0	166	164	0	114	89	0	0	75	194	0	0	158	32	0	0	129	149	18	148	125	0	3	0	20	184	174	83	0	1	0	0	0	1	0	0	1	0	0	
0	0	1	0	4	1	0	0	0	2	0	119	201	157	8	0	3	0	64	179	11	128	51	0	3	0	145	127	190	98	0	3	2	0	179	225	45	166	48	0	4	0	132	193	15	193	67	0	1	0	22	132	197	177	3	0	0	0	1	0	0	0	0	0	
0	0	3	0	0	1	2	0	0	2	0	22	74	41	0	1	0	0	117	154	143	234	73	0	0	120	122	0	43	209	105	0	0	117	149	43	63	179	10	0	0	0	56	87	227	76	0	3	0	4	0	87	161	0	2	0	0	2	0	74	31	0	1	0	
0	0	0	0	0	0	0	0	0	3	0	116	83	0	3	0	0	4	0	147	129	0	4	0	0	3	0	103	151	0	4	0	0	4	0	143	127	0	4	0	0	4	0	138	122	0	4	0	0	1	0	37	154	2	0	0	0	0	0	0	3	1	0	0	
0	0	3	1	0	1	0	0	0	1	0	33	94	23	3	2	0	0	94	208	139	213	116	0	0	52	192	37	54	220	25	0	0	3	0	46	217	40	0	2	1	0	18	224	90	0	4	0	2	0	174	204	0	2	0	0	0	3	103	27	0	1	0	0	
0	0	0	0	0	0	0	0	0	4	95	108	122	80	0	2	0	10	59	119	246	59	0	2	3	0	81	252	174	34	0	1	1	0	52	70	99	234	25	0	0	0	3	0	84	213	0	0	0	25	164	139	202	65	0	2	0	3	30	46	11	0	1	0	
0	0	0	0	2	1	2	0	0	0	0	1	0	149	63	0	0	0	4	0	98	199	0	0	0	2	0	38	224	48	0	2	1	0	0	192	121	0	4	0	3	0	99	202	0	2	0	0	1	0	164	69	0	3	0	0	0	0	2	1	1	0	0	0	
0	0	0	0	0	0	0	0	2	0	49	121	101	9	0	1	1	0	25	0	106	87	0	3	1	0	64	81	161	95	0	4	0	78	144	50	183	129	52	0	0	121	109	109	45	1	133	23	0	8	48	14	0	0	33	24	0	0	0	1	2	0	1	0	
0	0	1	0	13	40	0	1	0	0	1	0	172	111	0	3	0	2	0	152	132	0	2	0	3	0	96	179	114	211	51	0	1	0	174	150	115	143	91	0	1	0	156	238	175	94	3	0	1	0	5	97	104	0	0	0	0	0	1	0	0	2	1	0	
0	0	0	2	0	0	0	0	0	0	2	0	21	37	24	10	0	3	0	98	206	198	149	34	2	0	58	235	48	0	2	0	0	12	184	140	152	26	0	2	0	60	135	67	207	37	0	2	0	0	110	172	61	0	2	0	0	0	0	0	0	0	0	0	
0	0	1	1	0	2	1	0	0	0	2	1	0	120	30	0	1	0	17	17	47	146	0	2	0	0	139	52	125	58	19	0	0	21	162	122	167	0	19	0	1	0	13	191	38	0	28	0	2	0	64	87	0	3	16	0	0	0	4	2	1	0	0	0	
0	0	0	0	0	2	0	0	0	0	3	37	25	0	2	0	1	0	29	165	125	75	0	2	1	0	17	79	72	177	61	6	0	33	124	57	106	150	21	11	0	59	144	82	101	14	0	1	0	0	36	32	1	1	1	0	0	1	0	0	2	1	0	0	
0	0	0	0	4	8	0	0	0	2	0	61	162	179	74	0	1	3	0	21	28	169	84	0	0	0	15	99	201	126	0	2	20	53	14	89	80	118	0	3	17	188	48	0	103	130	0	3	0	88	194	151	138	15	0	1	1	0	3	7	0	1	0	0	
0	0	0	5	1	1	0	0	2	0	69	183	119	0	0	0	0	2	134	16	93	71	0	3	0	1	21	0	37	110	2	1	0	0	72	151	165	185	153	34	0	43	205	41	90	84	0	14	0	4	65	127	145	8	0	1	0	0	0	6	3	0	1	0	
0	0	2	0	53	47	0	2	0	1	0	26	175	32	0	1	0	0	0	178	68	0	2	0	3	0	111	121	38	93	0	0	3	0	146	136	147	190	26	0	3	0	102	242	141	99	0	1	0	0	0	59	58	2	0	0	0	0	1	0	0	2	0	0	
0	0	0	0	0	0	0	0	0	2	0	81	114	30	0	1	0	1	0	21	207	101	0	3	0	3	0	105	167	0	3	0	0	1	0	4	164	62	0	2	0	0	29	5	157	49	0	2	3	0	98	190	92	0	2	0	0	0	1	6	1	1	0	0	
0	0	0	0	0	0	0	0	0	0	0	52	119	85	0	0	1	0	11	143	54	137	17	0	0	0	2	0	53	141	0	3	1	0	27	114	176	37	0	2	0	13	211	181	160	6	0	0	0	5	19	15	146	5	0	0	0	0	0	12	22	0	1	0	
0	0	1	0	27	15	0	1	0	2	0	35	244	95	0	3	0	1	0	183	125	0	2	0	3	0	59	249	184	173	20	0	4	0	145	226	122	201	34	0	3	0	187	177	162	98	0	2	2	0	59	155	65	0	1	0	0	0	0	0	0	2	0	0	
0	0	0	0	3	10	0	0	0	1	0	75	168	161	76	0	0	0	14	134	36	62	149	0	0	0	0	3	0	142	90	0	0	28	110	72	91	160	0	1	0	153	224	232	221	19	0	1	0	19	58	31	126	26	0	1	0	0	0	0	1	1	0	0	
0	0	0	0	0	0	1	0	0	0	4	70	9	4	0	0	3	0	57	233	136	145	103	19	1	0	5	143	126	0	14	1	0	0	2	0	155	67	0	3	0	10	16	0	137	98	0	4	0	17	119	141	138	6	0	1	1	0	23	47	2	0	0	0	
0	0	0	3	1	0	0	0	0	0	3	0	43	152	74	0	0	2	0	91	190	132	172	0	3	0	107	216	7	76	134	0	0	35	206	34	0	154	46	0	0	87	178	0	60	158	0	2	0	12	170	168	174	42	0	2	1	0	13	64	20	0	1	0	
0	0	0	0	0	0	0	0	0	0	0	0	116	14	0	1	0	1	0	23	160	0	0	0	0	2	0	50	138	0	3	0	0	3	0	96	105	0	3	0	0	2	0	170	47	0	2	0	0	0	7	149	17	0	1	0	0	0	0	0	0	0	0	0	
0	0	1	3	0	0	0	0	0	1	2	0	75	147	21	0	1	0	7	139	176	248	77	0	0	0	178	129	0	91	126	0	0	90	153	0	0	90	118	0	0	137	73	0	3	137	46	0	0	77	171	110	142	74	0	2	0	0	46	57	12	0	1	0	
0	0	0	0	0	0	0	0	0	3	0	73	101	0	3	0	0	3	0	90	168	0	3	0	0	2	0	61	195	0	1	0	0	2	0	49	191	0	0	0	0	2	0	58	214	0	0	0	0	1	0	32	139	0	0	0	0	0	0	0	0	0	0	0	
0	0	1	0	0	0	0	0	0	1	0	53	147	130	29	0	3	0	71	203	64	222	102	0	3	0	68	178	114	163	21	0	0	3	0	159	220	0	0	1	2	0	122	143	177	17	0	1	0	0	186	189	110	0	2	0	1	0	23	35	0	0	0	0	
1	0	30	39	0	1	0	0	0	6	121	124	47	0	2	0	0	3	0	24	126	0	2	0	1	0	7	156	166	39	0	1	0	0	0	0	0	104	35	0	2	0	55	92	54	138	67	0	1	0	22	117	149	83	0	0	0	0	0	0	0	0	0	0	
0	0	0	0	4	1	0	0	0	2	0	100	191	102	0	3	0	1	1	47	45	191	12	0	0	0	2	0	56	170	0	1	0	0	72	142	206	61	0	3	0	90	242	178	208	30	0	1	0	14	13	0	135	37	0	1	0	0	0	4	2	0	0	0	
0	0	0	0	0	0	0	0	1	0	72	205	150	0	0	0	0	9	171	104	209	81	0	3	0	0	1	0	201	91	0	4	0	2	0	51	230	59	6	0	0	0	79	226	245	237	200	28	0	44	202	116	30	24	49	14	0	1	1	0	0	0	0	0	
0	0	1	2	0	0	0	0	0	1	0	21	60	33	116	14	0	0	1	138	137	139	102	0	3	0	131	228	53	0	1	0	1	0	89	88	177	72	0	3	0	2	6	0	151	73	0	3	0	22	173	165	147	2	0	1	0	0	45	57	3	0	0	0	
0	0	0	0	0	0	0	0	0	55	43	0	6	123	31	0	3	226	180	0	14	239	73	0	36	255	212	46	84	253	82	0	0	119	253	246	208	244	148	0	0	9	33	61	119	255	105	0	0	2	1	0	17	223	67	0	0	1	2	3	3	12	2	0	
0	1	3	0	0	0	1	0	0	0	0	18	38	26	0	0	0	13	133	162	99	154	102	0	0	91	211	0	28	212	97	0	0	0	114	129	210	128	0	3	0	3	0	70	177	0	1	0	1	0	14	194	51	0	2	0	2	0	65	117	0	3	0	0	
0	0	0	0	0	0	0	0	2	0	68	107	26	0	1	0	2	0	40	180	139	0	3	0	3	0	82	222	82	1	0	0	0	0	0	30	134	122	0	1	0	0	5	2	0	155	38	0	2	0	57	113	149	110	0	1	0	0	0	41	45	0	0	0	
0	0	0	0	0	0	0	0	0	0	0	66	134	180	117	0	2	0	54	225	38	198	115	0	0	1	0	137	133	140	0	1	0	2	0	98	255	34	0	2	0	0	143	156	178	59	0	2	0	27	199	168	136	8	0	1	0	0	1	7	1	0	0	0	
0	0	0	0	0	0	0	0	0	52	133	128	51	0	2	0	51	174	63	80	135	0	4	0	7	12	0	39	208	81	0	2	0	2	3	0	39	203	34	0	0	0	3	2	4	195	47	0	1	0	14	153	202	115	0	2	0	1	0	42	45	0	0	0	
0	0	1	2	1	76	10	0	0	2	5	0	125	124	0	1	0	4	0	141	118	0	2	0	3	0	95	172	74	71	0	2	2	0	171	168	116	150	10	0	3	0	136	247	126	73	0	1	0	0	2	59	44	0	1	0	0	0	1	0	0	2	0	0	
0	0	0	0	0	0	0	0	0	0	2	0	76	29	0	1	0	1	0	15	189	17	0	1	0	3	0	74	156	0	3	0	0	4	0	116	103	0	3	0	0	1	0	157	38	0	1	0	1	0	25	124	0	1	0	0	0	0	8	12	0	0	0	0	
0	0	1	1	0	0	0	0	0	1	0	11	136	90	91	49	0	1	0	168	143	143	140	27	3	0	76	243	63	0	0	0	3	0	72	144	137	125	0	4	0	26	38	0	86	167	0	3	0	58	189	141	182	34	0	2	0	0	45	65	10	0	1	0	
0	0	7	6	0	0	0	0	0	26	157	158	152	56	0	1	0	3	5	0	62	202	6	0	1	0	77	100	156	109	0	2	0	0	97	140	191	115	0	1	0	36	100	0	19	195	20	0	0	10	128	176	160	82	0	1	0	0	0	6	6	0	0	0	
0	0	2	2	2	5	3	0	0	1	0	5	2	0	0	0	1	0	21	192	138	118	99	0	0	26	234	229	63	198	133	0	0	15	57	0	65	169	3	0	0	2	0	67	219	41	0	2	2	0	59	211	43	0	3	0	2	0	133	78	0	4	0	0	
0	0	1	0	25	11	0	0	0	2	0	82	180	20	0	1	2	0	26	222	56	0	2	0	3	0	79	206	204	79	0	3	3	0	82	122	35	195	2	0	1	0	23	203	114	198	13	0	0	1	0	64	165	75	0	2	0	0	0	0	0	0	0	0	
0	0	0	2	0	0	0	0	0	0	3	0	18	40	26	3	0	3	0	95	243	201	196	18	1	0	146	214	48	56	129	0	0	88	205	2	0	144	60	0	0	122	208	75	151	119	0	2	0	3	108	124	40	0	1	0	0	1	0	0	0	2	0	0	
0	0	1	0	0	0	0	0	0	1	0	80	140	84	0	1	4	0	101	154	26	170	9	0	2	0	41	123	109	107	0	3	0	4	0	103	240	22	0	2	1	0	13	140	77	127	0	3	1	0	30	169	134	55	0	2	0	1	0	36	31	0	1	0	
0	0	0	2	0	0	0	0	0	0	2	0	13	95	117	2	0	3	0	85	236	246	207	11	3	0	120	239	48	136	116	0	0	48	232	41	0	168	78	0	0	158	166	0	57	192	17	0	0	88	207	157	119	49	0	1	0	0	14	11	0	0	0	0	
0	0	0	0	0	0	0	0	0	20	89	136	100	0	1	0	0	85	118	53	164	0	1	0	0	1	0	149	179	20	0	1	0	0	9	61	81	164	26	0	0	0	0	7	0	117	104	0	0	1	0	114	129	155	29	0	0	1	0	14	56	17	0	1	
0	0	0	2	1	1	1	0	0	0	1	2	0	57	96	0	0	1	0	66	16	186	70	0	2	0	82	166	118	163	0	2	0	72	208	162	203	29	0	1	0	10	0	176	114	0	2	0	2	0	60	138	0	2	0	0	0	0	2	1	2	0	0	0	
0	0	1	0	0	0	1	0	0	0	3	114	202	90	0	1	3	0	119	246	132	255	110	0	0	40	255	115	0	90	168	0	0	57	255	91	0	114	195	0	0	7	212	208	105	249	112	0	1	0	11	141	220	151	3	0	0	1	1	0	0	0	1	0	
0	0	0	0	2	0	0	0	0	0	0	1	1	82	9	0	0	0	3	0	89	181	0	1	0	1	0	25	220	51	0	2	0	4	0	137	142	0	3	0	1	0	25	194	19	0	1	0	4	0	115	121	0	4	0	0	1	0	22	10	0	0	0	0	
0	0	0	0	0	0	0	0	0	0	2	70	36	0	1	0	1	0	8	143	183	8	0	1	0	1	0	9	168	12	0	1	0	3	0	81	149	0	3	0	0	4	0	124	79	0	3	0	0	3	0	143	47	0	2	0	0	1	0	49	19	0	1	0	
0	0	0	0	3	1	0	0	0	1	0	29	18	0	1	0	0	3	0	143	136	15	0	1	3	0	112	194	101	207	44	0	0	0	93	17	42	169	4	0	0	1	0	24	178	28	0	1	1	0	2	168	77	0	3	0	1	0	19	74	0	2	0	0	
0	0	1	1	1	0	1	0	0	2	0	58	136	58	8	0	1	0	12	203	84	93	86	0	3	0	88	104	0	32	109	0	0	8	137	9	0	91	82	0	0	27	153	0	44	142	13	0	1	0	97	143	112	27	0	1	0	0	0	7	1	1	1	0	
0	0	1	3	0	1	0	0	0	0	1	1	0	37	52	0	0	0	11	86	0	143	59	0	2	0	67	178	32	175	0	0	0	0	193	144	172	135	3	0	0	4	4	75	174	0	1	0	0	2	0	136	51	0	2	0	0	0	4	28	0	1	0	0	
0	0	0	0	0	0	0	0	2	0	42	106	18	0	1	0	1	0	17	75	140	2	0	0	0	1	0	29	115	0	1	0	0	3	0	118	72	0	3	0	0	2	0	49	111	0	2	0	0	0	0	4	134	7	0	0	0	0	0	7	29	0	0	0	
0	0	0	0	3	7	0	0	1	0	12	136	182	173	67	0	1	0	26	129	35	177	116	0	1	0	19	79	176	153	0	0	1	0	51	122	119	139	0	3	0	128	101	0	119	158	0	3	0	77	175	178	157	17	0	1	0	0	0	4	0	1	0	0	
0	0	0	0	0	0	0	0	1	0	29	68	41	4	0	0	0	0	33	92	165	26	0	1	0	3	0	109	115	0	3	0	0	0	0	10	120	12	0	1	0	0	3	0	119	54	0	2	0	1	0	70	129	2	0	0	1	0	9	78	13	0	1	0	
0	0	1	0	27	23	0	1	0	1	0	146	203	155	4	0	0	2	0	92	32	157	24	0	0	0	10	28	44	163	8	0	0	65	139	107	244	175	0	2	0	179	171	137	114	192	27	0	0	33	64	15	10	89	3	0	0	0	0	0	3	0	0	0	
0	0	3	1	0	2	2	0	0	0	0	11	19	3	4	3	0	0	103	155	130	126	191	55	0	39	246	147	131	229	95	0	0	2	60	99	237	77	0	3	0	3	0	131	132	0	6	0	2	0	51	211	13	0	1	0	3	0	75	136	0	3	0	0	
0	0	0	0	0	0	0	0	1	0	12	91	138	102	0	0	2	0	48	162	63	170	44	0	0	0	0	0	1	153	18	0	0	21	125	142	210	130	0	4	0	63	209	131	160	130	0	4	0	0	16	0	108	104	0	3	0	0	0	0	31	7	0	0	
0	0	0	0	0	0	0	0	0	1	0	33	104	0	2	0	0	3	0	74	150	0	3	0	0	3	0	93	120	0	4	0	0	4	0	115	129	0	4	0	0	3	0	86	155	0	3	0	0	1	0	29	142	1	0	0	0	0	0	0	1	1	0	0	
0	0	0	1	0	1	0	0	0	0	1	3	0	75	60	0	0	0	2	23	0	162	31	0	2	0	60	143	89	131	0	3	0	22	211	136	198	46	0	2	0	5	34	204	104	8	0	1	3	0	76	97	0	2	0	0	0	0	4	1	3	1	0	0	
0	0	0	0	0	0	0	0	0	0	6	20	31	52	42	0	2	0	115	187	184	255	169	0	0	3	8	86	201	158	17	0	1	0	20	181	245	188	0	1	0	115	107	43	188	103	0	3	0	53	192	193	90	0	1	0	0	0	0	0	0	2	0	0	
0	0	1	2	0	0	0	0	0	1	0	8	67	13	0	1	1	0	0	169	192	203	47	0	2	0	168	169	47	196	9	0	0	2	59	6	192	69	0	3	0	3	0	147	140	0	4	0	2	0	50	198	13	0	1	0	2	0	45	59	0	2	0	0	
0	0	0	0	0	0	0	0	0	0	1	0	85	13	0	0	0	0	0	8	150	8	0	0	0	2	0	48	119	0	3	0	0	3	0	114	50	0	2	0	0	0	10	139	1	0	0	0	0	0	0	106	26	0	1	0	0	0	0	5	5	0	0	0	
0	0	0	0	12	23	0	1	0	0	5	0	137	144	0	4	0	3	0	69	212	13	0	1	1	0	22	214	167	120	10	0	1	0	173	255	167	216	52	0	1	0	196	255	166	143	4	0	1	0	28	133	96	8	0	1	0	0	0	0	0	1	1	0	
0	0	0	0	12	7	0	0	1	0	19	106	167	89	0	1	1	0	19	98	48	161	14	0	0	1	2	0	108	75	0	2	1	0	7	122	64	0	1	0	0	0	161	127	43	100	52	0	0	25	146	80	42	22	5	0	0	0	0	0	0	0	0	0	
0	0	1	1	0	1	0	0	0	0	1	2	0	100	36	0	1	0	22	20	32	179	0	0	3	0	153	66	123	98	0	3	0	1	168	166	217	36	0	2	4	1	0	199	81	0	2	0	1	0	27	143	2	0	0	0	0	0	1	1	1	0	0	0	
0	0	1	0	0	0	0	0	1	0	18	181	207	184	20	0	4	0	132	181	52	60	9	0	0	17	231	224	191	75	0	2	0	17	76	12	52	202	45	0	0	33	50	52	29	196	72	0	0	111	202	207	215	158	6	0	0	0	0	0	0	0	0	0	
0	0	2	0	0	4	1	0	0	1	0	8	18	0	0	0	2	0	58	206	195	110	11	0	0	14	213	81	64	233	14	0	0	9	28	0	173	93	0	3	0	3	0	84	192	0	1	0	1	0	14	210	53	0	2	0	2	0	42	127	0	2	0	0	
0	0	0	0	1	0	0	0	0	0	2	0	88	23	0	1	0	0	0	7	135	5	0	0	0	1	0	34	111	0	2	0	0	2	0	66	75	0	3	0	0	3	0	97	53	0	2	0	0	3	0	94	49	0	2	0	0	0	0	1	3	0	0	0	
0	0	3	1	0	2	3	0	0	0	0	9	20	6	0	0	1	0	93	218	172	165	108	3	0	81	217	55	1	236	141	0	0	14	14	0	139	168	0	2	0	3	0	77	210	12	0	1	1	0	21	217	65	0	3	0	3	0	79	130	0	3	0	0	
0	0	0	0	1	1	0	0	0	107	131	97	24	0	1	0	0	45	66	68	149	42	0	2	0	2	86	115	210	55	0	2	0	2	30	66	91	168	23	0	2	0	81	28	0	142	90	0	2	0	56	144	140	161	25	0	0	1	0	15	63	19	0	1	
0	0	2	1	0	1	0	0	0	1	0	41	67	3	11	0	2	0	74	203	177	217	61	0	1	0	116	45	89	193	0	1	0	2	0	36	209	36	0	2	1	0	12	206	80	0	3	0	4	0	136	175	0	4	0	0	2	0	66	33	0	1	0	0	
0	0	0	0	0	1	0	0	0	0	109	125	35	0	1	0	0	3	90	116	214	66	0	3	1	0	10	97	234	87	0	4	1	0	29	130	123	170	0	0	0	0	1	0	13	189	15	0	3	0	66	193	195	91	0	2	1	0	12	62	42	0	0	0	
0	1	1	0	13	12	0	0	0	6	0	72	209	128	0	3	0	1	0	104	77	158	18	0	0	1	1	0	16	180	10	0	1	0	66	100	117	143	0	3	0	90	198	186	255	102	0	3	0	46	137	78	42	59	0	1	0	0	0	0	0	0	0	0	
0	0	0	0	0	0	0	0	0	0	1	41	89	27	0	1	2	0	53	119	147	160	0	3	0	0	3	0	76	136	0	4	0	2	0	0	173	51	0	2	1	0	9	164	127	0	2	0	0	28	173	84	0	2	0	0	0	38	46	0	3	0	0	0	
0	0	1	2	0	0	0	0	0	1	0	6	92	155	94	0	0	2	0	166	228	128	174	45	3	0	144	178	0	0	142	33	0	63	211	15	0	67	135	0	0	151	115	0	31	173	39	0	0	105	203	150	162	54	0	2	0	1	51	61	10	0	1	0	
0	0	0	7	17	0	1	0	0	3	0	84	89	0	3	0	0	1	0	129	21	0	1	0	1	0	21	172	99	16	0	1	2	0	41	186	82	117	0	2	1	0	27	139	73	125	0	3	0	1	0	70	137	18	0	1	0	0	0	0	0	1	0	0	
0	0	3	1	0	0	0	0	0	1	0	8	70	71	6	0	2	0	79	172	99	133	114	0	0	13	197	34	33	146	39	0	0	0	112	121	215	61	0	2	0	3	0	134	148	0	4	0	2	0	64	209	14	0	1	0	2	0	62	69	0	2	0	0	
