500	64	10
0	0	1	0	0	1	3	0	0	0	2	25	86	168	155	23	3	0	85	196	105	57	17	11	1	0	192	189	115	60	0	0	0	0	135	140	79	198	69	0	0	42	98	0	51	195	31	0	0	54	158	146	163	69	0	2	0	0	2	6	0	1	1	0	
0	1	0	0	3	1	0	0	1	0	48	55	0	1	0	0	0	38	204	157	125	5	0	1	0	77	171	0	205	112	0	4	0	12	157	144	213	171	0	3	1	0	12	57	41	209	17	0	0	1	2	0	0	194	55	0	0	0	1	4	0	73	33	0	
0	0	0	2	4	0	0	0	0	0	0	0	0	10	4	0	0	0	5	49	133	226	28	0	3	0	90	227	253	134	0	2	0	1	0	58	181	4	0	1	0	2	0	155	72	0	3	0	1	0	27	207	27	0	1	0	2	0	38	118	3	0	0	0	
0	0	4	1	0	0	0	0	0	51	183	149	67	0	1	0	0	8	34	129	219	5	0	1	0	0	138	235	143	0	0	1	0	1	0	8	126	149	8	0	0	0	66	51	0	184	105	0	1	0	96	177	184	165	26	0	0	0	0	0	5	2	0	0	
0	0	0	0	0	0	0	0	0	0	17	34	32	12	0	0	0	57	184	136	162	173	0	2	0	7	14	0	111	124	0	4	0	1	0	20	184	14	0	1	0	3	0	104	138	0	3	0	1	0	0	205	104	0	2	0	1	0	15	135	14	0	1	0	
0	0	10	18	0	1	0	0	4	0	118	143	0	5	0	0	4	0	145	129	0	4	1	0	4	0	127	125	34	51	0	1	2	0	46	230	147	161	99	0	1	0	1	204	71	134	133	0	0	1	0	44	146	110	2	0	0	0	0	0	0	0	1	0	
0	0	0	0	0	0	0	0	0	4	86	86	98	60	0	1	0	0	111	27	8	15	0	0	3	0	92	72	24	0	0	0	2	0	40	112	117	73	0	2	0	0	0	1	0	105	15	0	1	0	16	79	48	95	0	0	0	0	0	33	45	18	0	1	
0	0	0	0	0	1	0	0	0	104	177	165	92	0	1	0	0	52	53	36	202	76	0	3	0	0	1	0	200	89	0	3	0	3	0	149	173	0	1	0	3	0	139	255	109	96	64	0	1	0	63	116	137	145	94	0	0	0	0	0	0	0	0	0	
0	0	0	0	0	0	0	0	1	0	36	17	22	85	0	2	3	0	77	74	11	103	0	2	3	0	67	68	13	108	0	2	4	0	120	112	126	127	0	3	2	0	83	85	85	103	0	4	0	0	1	0	40	81	0	3	0	0	3	4	1	0	0	0	
0	0	0	0	0	1	0	0	0	112	161	120	32	0	1	0	0	61	80	118	226	51	0	2	2	0	45	201	255	78	0	3	1	0	18	79	93	207	76	0	0	0	30	8	0	180	153	0	5	0	127	201	199	169	25	0	1	1	0	17	30	1	0	0	
0	1	0	0	0	1	1	0	2	0	72	181	165	40	0	2	0	50	198	47	149	182	1	0	0	152	97	0	0	128	150	0	0	136	107	0	4	0	179	42	0	33	192	94	47	106	166	3	1	0	37	150	169	138	24	0	0	1	1	0	0	0	1	0	
0	0	0	0	0	0	0	0	0	101	51	0	26	12	0	0	0	161	141	0	147	115	0	4	0	80	224	35	150	182	0	2	0	0	111	179	217	254	86	0	0	1	2	0	62	204	1	0	0	0	5	0	36	210	11	0	0	0	0	0	3	30	2	0	
0	0	2	0	2	2	0	0	0	2	0	35	157	162	15	0	2	0	63	196	86	174	132	0	0	17	207	54	0	7	126	6	0	92	144	0	0	42	123	0	0	78	186	12	26	156	64	0	1	0	109	177	161	83	0	2	0	0	0	3	1	0	1	0	
0	3	30	2	1	1	0	0	0	23	204	16	0	2	2	3	0	14	201	24	26	4	9	128	0	5	194	175	230	178	32	30	2	0	179	255	23	99	204	0	3	0	83	242	136	208	148	0	0	1	0	71	133	58	0	1	0	0	1	0	0	0	2	0	
0	0	1	0	0	1	1	0	0	0	0	67	114	32	0	1	3	0	85	107	11	43	32	0	3	0	69	117	59	133	34	0	0	3	0	88	220	14	0	1	0	0	0	97	154	15	0	0	1	0	10	188	84	0	2	0	0	0	0	27	6	0	0	0	
0	1	0	0	0	2	0	0	0	5	82	112	53	0	1	0	0	119	226	118	134	82	0	1	0	95	167	98	95	190	18	0	2	0	181	170	122	147	96	0	3	0	126	85	0	5	173	27	1	0	7	124	152	168	140	1	0	0	1	0	16	25	0	0	
0	0	0	0	0	0	0	0	1	0	20	128	116	44	0	1	0	0	11	57	37	161	15	0	0	0	0	0	94	99	0	1	0	1	0	106	82	0	1	0	1	0	19	152	9	0	1	0	0	3	55	161	174	10	0	1	0	1	50	27	1	1	0	0	
0	0	0	0	0	0	0	0	0	91	204	157	134	83	13	0	0	115	223	107	110	102	33	0	0	44	234	202	189	65	0	2	0	0	14	0	43	215	93	0	0	6	76	81	22	107	228	7	0	3	143	185	192	204	116	1	0	0	0	0	0	0	0	0	
0	0	0	0	0	0	0	0	0	2	0	59	176	12	0	1	1	0	7	159	186	42	0	2	0	0	3	27	132	25	0	1	0	0	0	4	119	17	13	0	0	1	8	35	173	147	47	0	0	0	117	156	79	10	0	1	0	0	2	1	0	1	1	0	
0	0	0	0	1	1	0	0	0	4	21	9	0	0	0	0	12	191	224	214	179	10	0	1	5	50	27	26	213	89	0	3	0	0	4	0	161	120	0	4	0	2	5	0	138	118	0	4	0	0	4	0	143	145	0	4	0	0	3	0	90	127	0	2	
0	0	1	1	8	1	0	0	0	2	0	85	103	4	1	0	2	0	55	124	34	127	0	1	2	0	46	152	161	18	0	1	0	2	0	126	149	36	0	2	1	0	38	86	82	95	0	3	1	0	33	106	116	27	0	1	0	0	0	11	9	0	0	0	
0	0	0	0	0	0	0	0	0	18	89	93	38	0	1	0	0	45	161	126	202	27	0	1	0	2	0	45	203	13	1	2	1	0	3	192	87	0	3	0	4	0	103	250	149	142	145	59	1	0	29	63	60	66	69	25	0	0	0	0	0	0	0	0	
0	0	0	23	53	7	0	0	3	0	78	176	192	132	0	3	0	0	22	2	21	180	7	0	1	0	44	142	127	172	14	0	0	74	181	62	166	211	0	1	0	133	127	59	169	188	133	0	0	17	142	133	42	0	30	1	0	0	0	0	1	2	0	0	
0	0	0	0	0	0	0	0	0	87	158	142	56	0	1	0	0	98	141	225	198	0	2	0	0	4	163	238	214	78	0	1	0	2	12	22	46	193	105	0	1	1	9	1	0	185	143	0	7	0	134	201	223	176	19	0	1	0	15	56	34	0	0	0	
0	0	1	0	0	0	0	0	1	0	20	106	94	15	0	1	2	0	103	35	52	81	0	3	2	0	108	99	107	77	0	3	0	1	0	140	208	37	0	2	1	0	26	93	18	110	0	2	1	0	24	123	116	59	0	2	0	1	0	44	52	0	0	0	
0	0	0	1	0	1	0	0	1	0	85	208	132	4	1	0	0	108	225	29	150	115	0	4	0	30	167	200	248	219	41	0	3	0	170	139	85	72	172	21	1	0	194	68	0	52	211	41	2	0	54	166	185	172	83	0	0	0	0	0	1	0	0	0	
0	0	1	2	0	0	0	0	0	1	0	18	54	0	0	0	1	0	15	112	154	58	0	2	4	0	102	127	170	58	0	2	1	0	27	77	158	14	0	1	0	1	0	18	134	0	0	0	0	1	0	47	143	0	2	0	0	1	0	16	61	0	1	0	
0	0	0	0	1	0	0	0	2	0	44	91	0	1	0	0	3	0	66	235	27	0	1	0	0	3	0	165	127	0	3	0	0	3	0	75	194	0	1	0	0	1	0	11	212	43	0	2	0	0	3	0	166	76	0	3	0	0	0	0	16	12	0	0	
0	0	0	1	4	0	0	0	0	2	0	60	142	37	0	2	1	0	31	155	36	104	0	2	1	0	24	44	5	101	0	1	0	0	8	45	137	83	0	3	0	0	156	165	177	101	0	3	0	3	69	61	5	98	12	0	0	0	0	0	2	2	0	0	
0	0	0	2	2	0	0	0	0	1	4	0	0	0	0	0	0	117	167	144	38	0	2	0	0	14	5	43	170	0	1	0	0	2	0	131	179	1	8	0	0	2	0	130	167	167	115	0	0	0	0	0	1	6	4	0	0	0	0	3	2	0	0	0	
0	0	0	0	2	0	0	0	2	0	57	48	0	3	0	0	3	0	112	146	76	0	2	0	0	3	109	2	133	69	6	0	0	2	5	59	175	108	3	0	0	0	0	32	135	11	0	1	0	2	0	57	98	0	3	0	0	1	0	19	14	0	0	0	
0	1	2	0	1	1	0	0	0	0	4	28	11	0	0	0	0	4	125	167	176	30	0	2	0	65	118	0	74	133	0	4	0	18	166	112	141	153	0	3	1	0	19	89	117	127	0	3	0	1	2	0	32	146	0	2	0	0	1	0	18	97	0	1	
0	0	1	1	0	0	0	0	0	1	0	27	81	32	0	1	1	0	7	150	87	152	14	0	3	0	87	110	12	139	0	1	1	0	21	1	141	70	0	3	0	3	0	92	126	0	3	0	1	0	24	169	13	0	0	0	1	0	23	52	0	1	0	0	
0	0	0	0	0	0	0	0	1	0	95	153	118	44	0	1	0	28	225	134	170	204	40	0	0	1	184	144	98	42	0	1	2	0	67	146	176	208	39	0	0	0	6	32	0	123	139	0	2	0	37	210	212	202	52	0	0	0	0	3	39	21	0	1	
0	0	1	0	0	0	0	0	0	1	0	66	101	122	108	32	2	0	54	194	57	67	31	10	4	0	107	207	83	6	0	0	0	0	7	4	83	158	0	3	0	23	16	2	173	147	0	3	0	53	158	179	126	3	0	1	0	0	30	25	0	1	0	0	
0	0	0	0	0	0	0	0	2	0	50	179	196	32	0	2	3	0	192	156	141	157	0	3	4	0	93	255	245	177	0	3	3	0	142	115	44	175	29	0	3	0	176	121	8	190	72	0	2	0	30	193	216	146	4	0	0	0	0	0	0	0	0	0	
0	0	0	0	0	0	0	0	0	3	0	77	89	0	3	0	0	2	0	50	165	0	2	0	0	0	0	5	172	21	0	1	0	0	0	0	194	43	0	2	0	1	0	63	194	4	0	1	1	0	14	170	68	0	2	0	0	0	0	0	0	0	0	0	
0	0	0	2	0	1	0	0	2	0	112	195	121	3	0	0	0	1	219	122	173	111	0	4	3	0	152	246	240	176	0	2	1	0	160	36	0	142	86	0	2	0	172	115	13	151	124	0	2	0	37	184	207	140	7	0	0	0	0	0	0	0	1	0	
0	0	0	2	2	0	0	0	0	0	1	0	0	0	2	0	0	1	0	57	116	87	104	18	2	0	98	119	23	1	5	0	1	0	20	63	128	43	0	2	0	42	60	67	112	23	0	1	0	35	64	36	0	0	0	0	0	0	0	0	2	1	0	0	
0	1	3	4	4	2	0	0	0	0	0	0	0	0	0	0	0	9	61	160	128	32	0	1	4	170	221	212	222	182	0	1	3	22	5	0	32	147	0	2	0	0	2	0	41	146	0	2	0	1	2	0	33	143	0	2	0	0	1	0	25	140	0	1	
0	0	0	0	0	0	0	0	0	33	39	0	7	29	0	1	0	145	42	0	16	121	0	0	0	92	122	22	3	137	7	0	1	0	72	133	140	168	0	1	0	1	0	0	63	131	0	2	0	0	3	0	22	154	3	0	0	0	0	0	0	71	14	0	
0	0	0	0	1	0	0	0	0	1	0	94	23	0	1	0	0	2	0	180	88	0	3	0	0	3	0	107	147	0	4	0	0	3	0	99	152	0	4	0	0	3	0	93	154	0	4	0	0	2	0	63	163	0	2	0	0	0	0	6	25	0	0	0	
0	0	0	3	25	3	0	0	0	0	1	127	240	149	0	1	1	1	10	34	35	237	52	0	0	0	7	0	78	198	10	0	0	111	242	237	214	32	0	2	31	249	190	169	233	187	78	0	7	32	5	0	60	50	6	0	0	0	2	3	0	0	0	0	
1	4	4	4	4	2	0	0	0	0	0	0	0	0	0	0	24	116	133	150	178	92	0	3	108	211	180	161	186	186	0	3	1	1	2	0	70	188	0	2	0	2	6	0	78	189	0	3	0	0	3	0	76	192	0	3	0	0	3	0	70	164	0	3	
0	0	1	2	0	0	0	0	0	0	2	0	56	92	68	2	0	0	0	122	153	92	69	2	1	0	154	123	0	1	0	0	0	4	140	130	132	19	0	1	0	0	6	0	102	94	0	3	2	0	71	75	148	32	0	1	1	0	9	105	50	0	2	0	
0	0	0	0	0	0	0	0	0	2	0	136	48	0	2	0	0	3	0	173	132	0	4	0	0	3	0	101	195	0	2	0	0	2	0	44	214	9	0	1	0	1	0	8	223	52	0	2	0	0	1	0	144	48	0	2	0	0	0	0	0	0	0	0	
0	0	0	0	0	0	0	0	0	1	0	46	10	0	0	0	0	3	0	111	49	0	2	0	0	3	0	67	50	0	2	0	0	2	0	60	70	0	2	0	0	1	0	42	89	0	3	0	0	1	0	26	85	0	2	0	0	0	0	4	15	0	0	0	
0	0	0	0	0	0	0	0	0	1	0	87	22	0	1	0	0	2	0	182	85	0	3	0	0	4	0	118	136	0	4	0	0	3	0	87	160	0	4	0	0	2	0	68	160	0	3	0	0	2	0	58	142	0	3	0	0	0	0	11	21	0	1	0	
0	0	0	0	1	1	0	0	0	0	0	120	40	0	1	0	0	1	0	122	204	11	0	1	0	0	4	0	177	91	0	3	0	3	0	91	255	119	0	4	2	0	53	202	98	13	0	1	0	22	160	29	0	1	0	0	0	15	23	0	5	1	0	0	
0	0	1	0	0	0	2	0	1	0	15	132	133	40	0	1	1	0	188	173	153	240	114	0	0	58	206	16	0	51	199	4	0	100	131	0	1	14	175	11	0	40	214	38	0	128	128	0	2	0	131	239	222	162	5	0	0	1	0	36	46	1	1	0	
0	0	1	0	0	0	0	0	0	0	0	124	103	0	2	0	2	0	153	241	101	0	4	0	0	66	240	15	31	197	45	0	0	84	209	61	197	205	143	0	0	23	189	213	48	44	228	18	0	0	3	5	0	0	165	69	0	2	2	1	3	0	2	2	
0	0	0	0	0	1	0	0	3	121	159	116	66	0	0	0	20	140	129	145	225	108	0	3	1	0	78	97	152	157	0	4	0	4	131	200	221	218	31	0	1	0	35	31	0	184	143	0	3	0	149	250	215	195	54	0	0	0	0	38	55	18	0	1	
0	0	0	0	1	0	0	0	0	0	2	0	75	80	0	3	0	0	2	0	170	68	0	3	0	1	0	37	182	0	0	0	0	4	0	115	135	0	4	0	0	0	0	189	59	0	2	0	1	0	9	158	18	0	1	0	0	0	0	0	1	0	0	0	
0	0	1	0	1	1	0	0	0	77	14	1	3	3	3	0	0	179	82	0	128	37	0	1	0	95	220	122	229	184	98	0	0	15	110	108	176	211	92	0	0	0	3	0	73	187	0	2	0	1	5	0	22	203	27	0	0	0	0	0	2	22	1	0	
0	0	0	2	0	0	0	0	0	0	1	1	11	1	0	0	0	2	0	89	223	26	0	2	2	0	24	233	222	11	0	1	3	0	79	148	124	4	0	0	0	1	0	16	120	0	1	0	0	1	0	22	124	0	1	0	0	0	0	2	82	5	0	0	
0	0	0	0	0	1	0	0	0	18	37	36	28	1	0	0	0	133	219	201	230	124	0	3	0	4	8	0	70	179	0	2	0	1	0	26	154	42	0	2	2	0	33	243	210	145	122	0	1	0	27	108	121	127	70	0	0	0	0	0	0	0	0	0	
0	0	0	0	0	0	0	0	0	7	47	0	0	18	2	0	0	38	184	0	4	184	27	0	0	29	187	0	25	218	21	0	2	0	121	144	168	168	0	3	0	0	1	30	98	129	0	3	0	0	4	0	60	132	0	4	0	0	1	0	23	47	0	1	
0	46	47	0	3	2	0	0	0	135	165	0	4	0	2	1	0	66	213	0	36	34	0	0	0	21	213	168	205	235	163	3	3	0	170	231	1	33	228	38	2	0	36	231	210	201	121	0	0	1	0	27	87	78	5	0	0	0	1	1	0	0	2	0	
0	0	0	0	0	0	0	0	0	3	0	86	62	0	2	0	0	3	0	106	112	0	4	0	0	3	0	97	149	0	4	0	0	3	0	84	171	0	3	0	0	3	0	111	147	0	4	0	0	2	0	130	56	0	2	0	0	0	0	0	0	0	0	0	
0	0	0	0	1	0	0	0	0	16	0	18	27	0	3	0	5	170	2	59	191	0	0	0	0	176	111	82	227	117	57	0	0	82	193	136	212	200	108	0	0	1	4	0	118	131	0	4	0	2	5	0	66	174	0	3	0	0	0	0	9	33	0	1	
0	0	0	0	0	0	1	0	1	0	18	92	168	142	0	0	4	0	95	248	115	225	80	0	3	0	166	159	0	150	181	0	0	26	253	88	0	168	152	0	0	23	248	151	103	250	57	0	3	0	108	227	223	110	0	2	0	0	0	0	0	0	0	0	
0	3	4	3	3	2	0	0	0	0	0	0	0	0	0	0	1	135	169	159	196	79	0	3	0	77	118	77	145	123	0	4	0	0	3	0	84	121	0	4	0	3	7	0	90	124	0	4	0	0	3	0	89	131	0	4	0	0	2	0	62	141	0	3	
0	0	1	0	0	1	1	0	0	1	0	75	76	21	0	1	2	0	77	144	64	159	28	0	3	0	123	71	0	136	45	0	1	0	13	105	128	70	0	2	0	3	0	113	182	1	0	0	0	2	0	99	135	0	1	0	0	0	0	7	22	0	1	0	
0	0	1	0	0	0	0	0	0	4	13	13	35	0	1	0	0	26	125	37	156	0	2	0	0	8	188	95	189	77	16	0	1	0	125	206	236	204	63	0	0	0	0	0	166	28	0	1	0	0	6	0	160	63	0	2	0	0	2	0	50	26	0	1	
0	0	0	0	0	0	0	0	0	0	0	5	148	19	0	1	0	1	0	8	173	16	0	1	0	1	0	16	156	3	0	0	0	3	0	79	140	0	3	0	0	2	0	177	70	0	3	0	1	0	9	143	12	0	1	0	0	0	0	0	0	0	0	0	
0	0	0	0	0	0	0	0	0	0	160	219	141	0	1	0	0	0	29	53	180	30	0	1	0	0	2	0	138	39	0	1	0	1	0	35	152	0	0	0	1	0	14	207	109	30	14	0	2	0	46	189	178	196	35	0	0	0	0	0	0	0	0	0	
0	0	0	0	0	0	0	0	0	0	0	0	84	5	0	0	0	1	0	20	119	0	1	0	0	1	0	31	112	0	3	0	0	1	0	43	98	0	3	0	0	2	0	65	97	0	3	0	0	2	0	53	74	0	2	0	0	0	0	0	0	0	0	0	
0	3	4	4	3	0	0	0	0	0	0	0	0	0	0	0	0	144	172	170	148	0	0	0	2	60	94	94	215	41	0	2	0	0	3	0	147	86	0	3	0	2	7	0	131	89	0	3	0	0	4	0	136	98	0	3	0	0	4	0	110	135	0	4	
0	0	1	1	3	4	0	0	0	1	0	26	166	25	0	1	1	0	4	169	172	134	0	2	2	0	37	219	203	135	0	4	3	0	90	129	37	159	0	2	4	0	110	128	64	145	0	3	1	0	19	154	127	15	0	1	0	0	0	2	0	1	0	0	
0	0	0	0	0	0	0	0	0	35	44	0	74	3	1	1	0	79	126	0	169	10	0	1	0	26	188	55	171	71	40	22	1	0	116	160	218	193	153	39	0	0	4	0	124	99	0	4	0	0	6	0	88	115	0	5	0	0	0	0	12	14	0	1	
0	0	0	0	0	0	0	0	0	2	0	43	81	0	2	0	0	2	0	62	200	0	1	0	0	3	0	67	211	0	0	0	0	4	0	116	185	0	2	0	0	4	0	125	148	0	4	0	0	3	0	104	153	0	3	0	0	0	0	6	18	0	0	0	
0	0	0	0	0	0	0	0	0	61	217	209	121	0	0	0	0	25	64	67	195	75	0	3	0	0	4	0	110	95	0	3	0	2	0	18	161	16	0	1	1	0	5	197	152	29	33	1	2	0	45	193	179	210	160	1	0	0	0	0	0	0	0	0	
0	1	0	0	2	0	0	0	0	7	67	47	2	0	0	0	0	113	255	253	134	0	4	0	0	141	133	18	203	28	0	1	0	4	0	69	255	228	52	0	0	3	0	96	112	190	156	0	0	0	3	0	78	224	75	0	0	0	1	0	91	58	0	1	
0	0	1	0	0	1	0	0	1	0	13	87	67	0	0	0	2	0	151	204	223	125	0	3	0	19	191	0	104	143	0	4	2	0	169	189	209	134	0	4	1	0	15	109	126	153	0	2	0	0	2	0	13	175	9	0	0	0	1	3	9	76	4	0	
0	0	0	2	1	0	0	0	0	0	2	0	63	27	0	1	0	2	0	40	174	73	0	3	1	0	24	153	133	135	20	0	0	0	189	188	189	90	0	1	0	4	43	8	114	22	0	1	0	0	2	0	82	22	0	1	0	0	2	0	6	3	0	0	
0	0	2	0	2	2	0	0	0	0	0	19	8	0	0	0	2	0	54	200	180	36	0	2	2	0	152	34	201	132	0	4	3	0	130	194	224	81	0	3	0	0	10	50	117	104	0	4	0	0	4	0	87	110	0	4	0	0	2	0	53	75	0	3	
0	0	0	0	8	39	0	0	0	0	2	0	133	109	0	2	0	3	0	112	145	0	3	0	1	0	10	171	67	41	0	1	2	0	50	205	161	165	0	2	2	0	40	246	170	71	0	2	0	0	0	122	92	0	1	0	0	0	0	0	0	2	0	0	
0	0	0	0	1	0	0	0	0	24	100	35	0	0	0	0	0	20	148	196	102	0	5	1	0	2	0	55	110	0	3	0	1	0	33	189	73	49	65	24	3	0	85	193	146	151	158	48	0	0	0	0	0	0	0	0	0	0	1	3	3	3	3	1	
0	1	0	19	37	0	0	0	0	4	102	165	177	41	0	2	0	27	114	0	140	83	0	3	0	2	0	42	193	9	0	1	0	0	0	155	69	0	2	0	3	0	136	234	147	182	168	20	2	0	88	122	84	74	40	5	0	0	0	0	0	0	0	0	
0	1	0	0	0	1	1	0	1	0	93	175	123	9	0	1	0	73	237	86	166	181	3	0	0	81	213	115	138	226	23	0	3	0	170	179	169	223	91	0	3	0	169	94	0	62	188	0	2	0	56	231	196	200	101	0	0	1	0	19	51	31	0	0	
0	0	0	0	0	0	0	0	1	0	48	91	50	14	0	1	0	20	134	90	184	145	0	3	0	1	11	110	57	6	1	0	1	0	6	140	126	22	0	1	0	0	1	0	53	160	10	0	0	0	0	57	82	148	18	0	0	1	0	72	105	12	0	1	
0	7	77	2	0	0	0	0	0	24	200	9	1	4	3	0	1	0	181	48	0	2	0	0	3	0	167	104	108	187	93	0	4	0	102	255	149	68	210	26	1	0	17	231	210	151	146	1	0	1	0	19	84	78	5	0	0	0	1	1	0	0	1	1	
0	0	0	0	0	0	0	0	0	0	13	0	37	12	0	0	2	0	181	36	144	67	0	3	3	0	123	148	187	59	0	2	0	0	1	81	198	19	0	1	0	1	0	10	182	19	0	1	0	0	0	7	171	19	0	1	0	0	0	0	71	14	0	1	
0	0	0	0	0	0	0	0	0	0	3	104	14	0	1	0	1	0	13	228	58	0	2	0	0	2	0	140	141	0	4	0	0	2	0	68	171	0	2	0	0	1	0	29	188	5	0	1	0	1	0	13	190	19	0	1	0	0	0	2	29	2	0	0	
0	0	1	0	1	2	0	0	0	0	8	70	47	0	1	0	3	0	122	131	139	73	0	3	3	0	156	38	90	153	0	4	2	0	45	155	201	107	0	4	0	0	4	0	116	80	0	3	0	0	4	0	149	46	0	2	0	0	1	0	68	15	0	1	
0	1	0	0	0	1	1	0	1	0	86	169	119	13	0	1	0	35	217	117	202	196	1	0	0	90	152	0	0	188	103	0	0	90	159	0	0	82	172	0	0	34	228	47	0	148	164	0	2	0	113	222	207	194	40	0	0	1	0	27	32	0	0	0	
0	0	1	1	0	0	0	0	0	0	0	10	11	0	0	0	1	0	21	119	143	4	0	0	3	0	140	102	180	19	0	1	2	0	88	123	161	33	0	1	0	0	2	0	124	39	0	1	0	0	5	0	129	53	0	2	0	0	2	0	74	31	0	1	
0	0	67	13	0	2	0	0	0	0	171	27	0	1	2	0	0	0	172	30	34	30	0	1	3	0	155	197	183	186	84	0	4	0	125	204	0	102	181	0	3	0	73	229	182	190	37	0	0	0	0	38	75	19	0	1	0	0	1	0	0	1	2	0	
0	0	0	0	0	0	0	0	0	2	0	44	188	71	0	3	0	3	0	126	105	115	0	2	0	2	0	149	98	106	0	3	1	0	26	124	106	100	0	4	3	0	61	171	159	9	0	1	2	0	33	191	54	0	2	0	0	0	0	1	1	1	0	0	
0	0	0	0	0	1	0	0	1	0	96	195	141	18	0	1	0	38	195	9	70	142	0	1	1	0	123	170	115	171	7	0	3	0	100	144	99	177	58	0	3	0	141	91	0	73	152	0	1	0	27	160	169	164	52	0	0	0	0	0	4	1	0	0	
1	4	4	3	3	3	0	0	0	0	0	0	0	0	0	0	18	122	131	143	168	153	3	0	11	77	82	56	57	177	14	0	0	0	1	0	31	134	0	2	0	3	6	0	102	98	0	3	0	0	1	0	138	27	0	1	0	1	0	20	141	0	0	0	
0	0	0	0	0	0	0	0	2	0	80	151	111	18	0	1	3	0	182	106	82	65	0	2	4	0	118	199	122	51	0	2	1	0	18	68	89	194	35	0	0	0	1	3	0	156	79	0	2	0	38	185	186	155	5	0	0	0	6	52	57	6	0	0	
0	0	1	0	0	0	0	0	1	0	9	119	118	84	10	0	3	0	85	225	75	20	9	0	1	0	169	56	57	67	0	0	0	0	141	144	90	160	37	0	1	0	37	27	0	158	28	0	2	0	40	159	167	103	0	3	0	1	0	30	49	0	0	0	
0	0	0	0	0	0	0	0	0	7	123	152	123	72	0	0	0	34	203	83	103	137	22	0	0	6	180	108	81	41	0	1	2	0	88	146	137	187	69	0	0	0	0	2	0	57	154	0	3	0	112	216	193	203	74	0	0	0	10	46	60	23	0	1	
0	0	0	0	0	1	0	0	0	0	1	0	114	41	0	2	0	0	0	5	182	25	0	1	0	1	0	35	175	0	0	0	0	3	0	81	161	0	3	0	0	4	0	143	109	0	3	0	0	2	0	134	54	0	2	0	0	0	0	0	1	0	0	0	
0	0	0	0	0	2	1	0	1	0	72	146	97	10	0	1	0	28	238	146	172	187	6	0	0	39	177	0	0	140	118	0	0	40	174	0	0	28	153	0	0	6	200	78	0	67	166	0	2	0	57	195	198	218	66	0	0	1	0	4	40	25	0	1	
0	0	0	0	0	0	0	0	0	29	95	124	122	34	0	1	0	136	157	97	238	80	0	3	1	0	0	147	236	57	0	1	3	0	109	206	130	188	121	0	0	0	2	0	9	167	171	0	2	0	32	181	198	129	6	0	0	0	5	59	29	0	2	0	
0	0	0	0	0	0	0	0	1	0	137	204	164	43	0	2	0	16	196	31	79	82	0	2	1	0	186	162	72	14	0	1	1	0	37	107	168	198	47	0	0	0	76	57	9	153	138	0	1	0	121	197	206	158	20	0	0	0	0	0	0	0	0	0	
0	0	0	0	0	1	1	0	0	41	18	0	2	161	49	0	0	142	118	0	82	168	0	3	0	118	124	0	113	140	78	26	0	132	147	62	204	218	89	5	0	28	165	141	135	178	0	1	0	0	0	1	0	124	88	0	0	1	3	3	3	0	1	0	
0	0	0	0	0	0	0	0	0	28	149	158	108	5	0	1	0	47	110	94	207	84	0	3	0	5	147	217	247	45	0	2	0	4	47	58	119	155	6	0	0	0	1	2	0	154	72	0	3	0	118	204	187	142	9	0	0	0	13	54	34	0	0	0	
0	0	0	0	0	1	0	0	1	0	55	119	38	6	0	0	0	4	178	215	204	182	6	0	0	1	3	0	22	202	16	0	0	0	2	0	137	110	0	3	1	0	13	183	205	2	0	1	2	0	125	195	217	108	0	4	0	0	3	0	25	24	0	1	
0	0	0	0	0	0	0	0	0	1	120	147	109	102	14	0	0	47	182	96	134	168	31	0	0	24	178	112	30	0	2	0	3	0	118	178	209	152	0	0	1	0	19	11	0	173	113	0	3	0	89	222	184	191	85	0	0	0	0	24	49	21	0	1	
0	1	1	0	0	0	0	0	1	0	24	84	82	129	33	0	0	6	138	143	58	195	69	0	0	102	114	51	229	92	0	3	0	35	212	168	76	188	21	0	2	0	148	31	9	223	44	0	2	0	132	168	166	71	0	1	1	0	11	52	10	0	1	0	
0	0	1	0	1	1	0	0	1	0	30	90	12	0	1	0	0	9	164	159	160	6	0	1	0	22	179	0	151	88	0	3	3	0	93	189	228	107	0	4	0	0	0	5	79	156	0	3	0	0	3	0	14	180	11	0	0	0	0	1	0	71	11	0	
0	0	0	0	21	2	0	0	0	1	0	32	142	0	1	0	0	3	0	127	67	0	2	0	1	0	25	151	100	80	0	2	3	0	79	197	69	160	12	0	4	0	109	97	66	125	0	1	1	0	20	114	100	6	0	1	0	0	0	0	0	1	0	0	
0	3	4	4	4	2	0	0	0	0	0	0	0	0	0	0	0	145	178	154	161	64	0	2	1	73	110	106	157	159	0	3	0	0	2	0	41	155	0	2	0	2	5	0	42	171	0	1	0	0	1	0	39	158	0	2	0	0	3	0	71	159	0	3	
0	0	0	0	0	0	0	0	0	0	0	90	106	54	0	1	1	0	23	144	55	160	0	1	0	2	0	66	176	28	0	1	0	0	1	129	104	22	0	1	3	0	74	114	0	125	4	0	2	0	37	142	115	95	0	1	0	1	0	34	42	0	0	0	
0	0	0	0	0	2	0	0	1	0	92	166	87	0	0	0	0	40	250	174	164	109	0	3	0	14	212	116	78	192	5	0	4	0	100	239	186	225	84	0	3	0	93	140	0	80	169	0	1	0	16	175	188	210	76	0	0	1	0	12	62	33	0	1	
0	0	0	0	3	2	0	0	0	0	0	7	122	11	0	1	0	2	0	55	153	0	3	0	0	3	0	75	151	0	4	0	0	3	0	96	143	0	4	0	0	4	0	146	105	0	3	0	0	2	0	118	44	0	2	0	0	0	0	0	0	0	0	0	
0	0	0	0	0	0	0	0	0	6	175	194	135	22	0	1	0	15	209	101	139	48	0	2	3	0	158	216	167	38	0	1	1	0	21	31	74	188	39	0	1	0	15	106	50	150	133	0	1	0	17	166	209	187	43	0	0	0	0	0	0	0	0	0	
0	0	0	0	0	0	0	0	2	0	40	173	10	0	2	0	3	0	145	110	0	1	0	0	1	0	167	42	0	45	37	0	2	0	69	183	84	198	73	0	0	1	0	28	111	194	9	0	0	0	2	0	4	104	5	0	0	0	0	1	3	0	0	0	
0	0	0	0	1	1	0	0	1	0	39	86	17	0	1	0	0	9	192	173	173	15	0	1	0	8	184	34	189	95	0	4	2	0	70	193	240	90	0	4	0	0	4	0	103	125	0	4	0	0	5	0	62	180	0	2	0	0	1	0	15	78	0	0	
0	0	0	2	0	0	0	0	0	0	1	0	42	66	7	0	0	1	0	115	100	111	96	0	3	0	94	178	105	55	23	0	2	0	45	78	176	45	0	2	0	2	0	71	162	0	3	0	1	0	3	179	50	0	2	0	1	0	24	65	0	2	0	0	
0	6	71	3	0	2	0	0	0	49	192	1	0	1	2	0	0	68	146	0	18	38	0	0	0	51	175	96	232	240	87	0	0	1	204	237	38	89	176	0	3	0	76	242	189	224	89	0	0	0	1	53	90	43	0	1	0	0	1	0	0	0	2	0	
0	0	3	0	1	1	1	0	0	1	0	77	170	179	28	0	1	0	151	201	51	96	163	0	0	57	218	11	0	9	156	8	0	82	194	0	0	42	154	0	0	48	235	53	43	202	74	0	1	0	103	198	200	98	0	2	0	0	0	1	1	0	2	0	
0	0	2	0	2	1	0	0	0	0	3	26	6	0	0	0	0	0	143	198	178	27	0	1	0	24	173	0	189	128	0	2	2	0	134	169	228	96	0	0	0	0	9	38	120	119	0	4	0	0	3	0	55	156	0	3	0	0	2	0	37	123	0	2	
0	0	0	3	24	1	0	0	0	1	0	101	65	0	3	0	3	0	85	92	14	78	3	0	3	0	148	120	213	149	0	0	1	0	24	173	33	118	53	0	0	0	5	144	55	139	13	0	0	2	0	85	138	35	0	1	0	0	0	0	0	1	1	0	
0	0	0	0	0	1	1	0	2	0	79	208	169	35	0	2	4	0	172	159	102	197	3	0	2	0	170	80	0	123	85	0	0	9	180	21	0	93	109	0	3	0	164	123	19	174	76	0	2	0	34	180	209	149	1	0	0	0	0	0	0	0	0	0	
0	0	0	0	0	0	0	0	0	0	12	10	25	42	0	2	3	0	86	63	54	116	0	4	3	0	114	30	50	111	0	4	4	0	112	83	114	99	0	4	1	0	31	120	145	106	0	4	0	0	2	0	54	125	0	4	0	0	1	2	8	20	0	0	
1	0	25	54	0	2	0	0	2	0	60	126	0	6	0	0	2	0	59	130	0	4	0	0	2	0	45	230	208	135	0	1	2	0	51	218	22	153	72	0	1	0	0	156	174	201	61	0	0	1	0	9	85	62	0	0	0	0	1	1	0	0	1	0	
0	1	0	0	0	0	0	0	0	0	57	83	64	25	0	1	0	85	158	128	163	36	0	2	0	185	127	113	120	150	58	0	0	97	99	17	0	26	158	6	0	1	0	117	26	39	159	1	0	5	0	87	175	174	55	0	0	0	0	0	5	3	0	0	
0	0	0	0	0	0	0	0	0	22	134	149	104	7	0	1	0	73	177	99	192	136	0	4	2	0	28	155	223	85	0	3	1	0	29	131	191	68	0	3	0	0	6	0	55	169	0	2	3	0	100	223	218	116	0	3	0	0	8	55	45	2	0	0	
0	0	1	0	69	18	0	1	0	2	0	75	208	7	0	1	1	0	10	207	64	0	3	0	3	0	69	157	0	20	0	0	4	0	108	235	182	241	101	0	3	0	68	229	213	195	39	0	0	1	0	38	67	7	0	0	0	0	2	1	0	1	2	0	
0	0	0	0	0	2	0	0	3	0	107	219	157	15	0	1	2	0	193	127	131	155	0	2	0	21	172	5	0	138	59	0	0	34	166	0	0	78	127	0	0	0	175	88	55	211	92	0	2	0	51	199	213	118	0	1	0	0	0	0	0	0	1	0	
0	8	43	0	1	2	0	0	0	44	146	0	5	0	1	0	0	100	130	0	6	36	7	0	0	127	107	0	179	232	131	0	0	80	161	112	212	154	208	7	1	0	145	242	243	193	57	0	0	0	0	33	52	8	0	1	0	0	2	0	0	2	3	0	
0	0	0	0	0	0	0	0	0	16	201	202	158	31	0	2	0	45	196	83	120	36	0	1	0	5	193	204	164	35	0	2	1	0	59	62	83	186	30	0	1	0	63	76	30	178	148	0	3	0	112	211	214	210	66	0	0	0	0	0	0	0	0	0	
0	0	2	1	0	1	2	0	0	1	0	6	35	20	0	1	2	0	44	128	81	108	94	0	0	17	126	6	2	141	66	0	0	26	129	53	180	67	0	2	0	0	4	97	123	0	4	0	0	0	2	140	21	0	1	0	1	0	39	86	0	2	0	0	
0	0	0	0	0	0	0	0	3	0	93	214	158	16	0	1	4	0	160	132	129	135	0	4	3	0	51	241	236	144	0	4	3	0	103	178	115	172	17	0	4	0	129	167	14	143	74	0	1	0	8	127	189	193	31	0	0	0	0	0	0	0	0	0	
0	0	0	0	0	0	0	0	0	1	0	23	132	114	0	0	1	0	0	220	134	161	67	0	3	0	106	178	0	144	52	0	0	17	209	31	10	171	6	0	0	70	185	0	139	161	0	3	0	15	163	178	153	12	0	1	0	0	11	38	1	1	0	0	
0	0	1	0	1	1	0	0	1	0	18	86	27	0	1	0	0	4	177	186	190	52	0	2	0	23	169	0	82	147	0	4	3	0	110	198	208	146	0	4	0	0	0	26	63	156	0	1	0	0	2	0	14	171	7	0	0	0	0	1	2	68	6	0	
0	0	1	1	0	0	0	0	0	1	0	30	73	18	0	1	2	0	45	128	64	98	0	2	1	0	92	19	7	116	0	1	0	7	100	16	146	128	0	3	2	0	68	116	93	92	0	4	0	0	1	0	37	104	0	3	0	0	2	0	10	34	0	1	
0	0	0	0	0	0	0	0	0	3	0	92	76	0	2	0	0	3	0	101	139	0	4	0	0	2	0	60	147	0	3	0	0	1	0	35	177	0	0	0	0	2	0	40	202	0	0	0	0	1	0	23	133	0	0	0	0	0	0	0	0	0	0	0	
0	0	0	0	0	0	0	0	0	2	0	45	23	0	1	0	0	2	0	56	49	0	2	0	0	2	0	46	63	0	2	0	0	2	0	44	69	0	3	0	0	1	0	20	91	0	2	0	0	0	0	0	74	4	0	0	0	0	0	0	3	0	0	0	
0	0	1	0	0	1	0	0	1	0	6	126	140	17	0	1	4	0	129	246	158	140	0	3	4	0	135	247	173	184	0	1	3	0	69	233	164	170	11	0	4	0	130	105	0	154	52	0	3	0	58	201	219	185	3	0	0	1	0	29	54	10	0	1	
0	3	4	1	0	0	0	0	0	0	0	2	12	12	1	0	12	93	121	138	171	190	0	0	9	78	61	3	101	141	0	4	0	0	3	0	156	68	0	3	0	3	0	13	180	19	0	1	0	2	0	46	174	0	1	0	0	1	0	39	96	0	2	0	
0	0	0	0	0	0	0	0	0	0	9	67	0	1	0	0	0	0	6	165	14	0	1	0	0	3	0	134	71	0	2	0	0	3	0	78	134	0	3	0	0	1	0	27	158	0	0	0	0	0	0	4	140	9	0	0	0	0	0	0	18	2	0	0	
0	0	0	10	51	0	1	0	0	3	0	81	114	0	3	0	0	2	0	164	55	0	2	0	1	0	15	168	38	4	0	0	1	0	21	197	183	95	0	4	0	1	0	168	224	97	0	4	0	1	0	21	64	4	0	0	0	0	0	1	0	1	0	0	
0	23	39	0	2	1	0	0	0	95	135	0	5	0	2	0	0	100	139	0	14	22	0	0	0	67	145	8	212	249	96	0	0	9	184	207	118	56	181	0	2	0	60	226	191	216	123	0	0	1	0	5	69	83	7	0	0	0	2	1	0	0	1	0	
0	0	1	0	0	1	1	0	0	0	4	81	79	10	0	1	2	0	157	169	144	180	10	0	3	0	132	173	0	197	63	0	0	1	0	102	210	245	34	0	0	1	0	11	198	115	0	2	1	0	48	189	96	0	3	0	1	0	96	75	0	4	0	0	
0	0	0	0	0	1	1	0	0	0	100	138	126	35	0	1	0	48	255	176	187	234	38	0	0	84	149	0	0	109	154	0	0	83	119	0	2	12	176	14	0	53	197	24	0	86	194	1	2	0	121	225	210	221	61	0	0	1	0	29	59	16	0	1	
0	0	1	0	2	3	0	0	1	0	2	118	171	47	0	2	4	0	122	192	22	0	1	0	3	0	174	149	10	0	1	0	1	0	16	106	188	81	0	3	1	0	25	0	77	189	0	3	2	0	38	145	178	75	0	3	0	0	0	4	6	0	0	0	
0	0	2	1	0	0	1	0	0	2	0	21	98	31	0	1	2	0	72	228	210	192	82	0	0	77	160	103	30	11	153	4	0	136	26	0	0	31	159	1	2	161	60	43	103	196	64	0	0	62	189	173	132	34	0	1	0	0	0	0	0	0	2	0	
0	0	0	89	42	0	1	0	1	0	1	235	118	0	6	0	1	0	13	240	96	0	3	0	3	0	147	246	22	15	39	4	3	0	199	181	59	215	255	82	3	0	161	255	255	222	115	18	1	0	18	78	56	3	0	0	0	0	1	0	0	1	4	1	
0	0	0	0	1	1	0	0	0	0	1	0	32	134	0	1	0	0	3	0	149	106	0	3	0	2	0	39	189	8	0	1	0	3	0	116	119	0	4	0	0	0	1	190	45	0	2	0	2	0	40	138	0	1	0	0	0	0	2	2	1	0	0	0	
0	0	1	0	0	0	0	0	1	0	15	41	0	17	4	0	3	0	121	107	0	148	13	0	0	9	194	18	26	168	0	1	0	0	134	172	186	148	0	3	0	0	3	0	149	63	0	2	0	1	0	27	157	7	0	1	0	1	0	31	46	0	1	0	
0	0	0	0	0	0	0	0	0	0	1	118	171	13	0	1	2	0	59	175	131	94	0	3	1	0	12	38	123	86	0	4	0	28	149	222	212	159	69	0	0	75	211	136	16	4	122	78	0	9	42	6	0	0	11	24	0	0	0	2	1	1	2	0	
0	0	0	0	0	0	0	0	0	0	0	4	69	10	0	0	0	2	0	48	182	37	0	2	0	2	0	60	79	0	3	0	0	1	0	38	98	0	3	0	0	1	0	37	95	0	3	0	0	2	0	49	78	0	3	0	0	0	0	14	28	0	1	0	
0	0	0	2	6	0	0	0	2	0	29	180	175	68	0	2	0	0	7	15	113	107	0	3	0	2	0	124	226	34	0	2	0	0	4	10	55	127	0	3	0	41	94	14	106	109	0	3	0	31	194	193	107	5	0	1	0	0	0	1	0	0	0	0	
0	1	1	1	1	0	0	0	1	0	21	131	42	0	4	1	0	11	190	65	0	9	0	1	0	80	155	22	152	123	114	11	0	35	194	170	33	0	104	85	2	0	85	200	122	109	100	19	0	1	0	9	41	32	4	0	0	0	2	1	0	0	1	1	
0	0	2	1	1	1	0	0	0	0	0	2	0	51	63	0	2	0	51	64	12	146	15	0	1	0	188	55	96	74	0	3	1	0	100	211	221	121	28	0	0	2	0	132	66	41	6	0	1	0	31	70	0	1	15	2	0	0	6	7	1	1	17	2	
0	0	1	1	1	0	0	0	1	0	28	150	4	0	0	0	0	3	0	157	78	0	2	0	0	3	0	165	103	0	3	0	3	0	81	184	165	41	0	2	0	0	10	0	163	122	0	4	0	1	0	14	181	37	0	2	0	0	0	0	0	0	0	0	
0	0	0	3	0	26	52	0	0	0	1	0	94	191	114	0	0	0	0	123	108	5	0	1	1	0	29	215	43	0	4	0	0	2	0	42	173	20	0	1	0	63	146	71	180	56	0	2	0	23	145	158	62	0	1	0	0	0	0	0	0	0	0	0	
0	0	1	0	41	19	0	1	0	1	0	11	123	15	0	1	0	2	0	70	37	0	1	0	0	0	9	118	88	73	0	0	2	0	54	171	25	108	16	0	3	0	70	139	69	52	0	1	0	0	1	25	27	0	0	0	0	0	0	0	0	2	0	0	
0	0	2	0	28	38	0	1	0	2	0	75	223	109	0	3	3	0	88	174	12	7	5	0	0	16	149	9	113	185	112	0	0	74	106	84	90	68	138	0	0	10	167	224	181	173	29	0	1	0	9	97	120	7	0	1	0	1	1	0	0	1	2	0	
0	0	0	6	68	2	0	0	0	3	0	82	170	0	3	0	0	2	0	171	68	0	2	0	2	0	43	172	27	51	2	0	4	0	101	181	132	190	83	0	3	0	65	232	155	164	27	0	0	1	0	36	86	24	0	1	0	0	1	0	0	1	1	0	
0	0	3	4	3	3	0	0	0	0	0	0	0	0	0	0	1	0	70	114	167	161	6	0	0	34	216	150	73	189	19	0	0	7	11	0	68	108	0	3	0	0	4	0	141	58	0	2	0	2	0	44	152	0	0	0	0	3	0	152	72	0	2	0	
0	0	0	0	52	3	0	0	0	1	0	36	158	0	0	0	0	4	0	128	122	0	4	0	1	0	5	188	76	0	0	0	3	0	78	180	127	157	0	2	3	0	84	177	113	114	0	2	0	0	0	53	46	0	0	0	0	0	1	0	0	2	0	0	
0	0	0	2	0	0	0	0	0	0	0	10	33	54	52	0	0	1	0	114	120	19	147	32	1	0	38	112	24	114	67	0	2	0	41	191	132	53	0	1	0	51	220	92	0	2	2	0	0	107	114	0	3	2	0	0	0	0	0	2	0	0	0	0	
0	0	0	0	2	0	0	0	0	2	52	18	0	0	0	0	0	1	127	194	138	0	2	0	0	2	0	42	198	0	0	0	0	1	0	31	176	0	0	0	0	1	0	36	171	0	1	0	0	1	0	25	150	0	1	0	0	0	0	1	44	2	0	0	
0	0	1	3	0	1	1	0	0	1	1	0	15	17	0	0	1	0	29	125	151	196	36	0	0	35	163	82	61	224	59	0	0	79	188	114	227	88	0	3	0	1	8	80	156	0	2	0	0	2	0	174	65	0	2	0	0	0	3	101	8	0	0	0	
0	0	0	0	0	0	0	0	0	34	186	220	205	155	21	0	0	27	142	86	67	236	75	0	0	1	0	28	193	182	3	0	2	0	106	243	115	0	4	4	0	18	245	166	117	190	190	45	0	0	155	219	179	104	22	0	0	0	0	0	0	0	0	0	
0	1	3	0	0	1	2	0	0	1	0	17	41	12	0	1	0	5	126	193	244	179	61	0	0	121	108	89	94	6	130	8	8	128	0	65	56	0	137	7	0	119	90	38	85	150	81	0	0	16	107	131	115	62	0	1	0	1	0	0	0	0	2	0	
0	0	3	3	0	0	0	0	0	0	0	0	17	50	2	0	0	0	126	178	210	224	8	0	1	0	75	54	157	133	0	3	0	51	131	130	235	200	40	0	0	57	120	192	121	32	15	0	1	0	0	210	61	0	2	0	0	1	4	77	23	0	1	0	
0	0	0	0	1	0	0	0	0	0	0	1	0	79	11	0	0	0	3	0	92	144	0	2	0	1	0	17	166	17	0	1	0	3	0	134	105	0	3	0	1	0	25	173	9	0	0	0	3	0	80	112	0	4	0	0	0	0	13	18	0	0	0	0	
0	0	2	0	0	3	2	0	0	0	0	19	15	0	0	0	3	0	79	181	153	118	56	0	0	0	179	28	9	237	74	0	2	0	116	159	182	147	0	2	0	0	0	14	179	37	0	1	0	2	0	64	145	0	3	0	0	3	0	106	55	0	2	0	
0	0	0	0	0	0	0	0	0	0	1	0	88	78	0	2	0	4	0	50	250	178	0	2	0	0	1	16	90	122	0	3	0	42	100	160	246	122	0	2	0	161	178	150	47	82	97	0	0	26	40	1	0	0	50	6	0	0	0	2	3	2	0	0	
0	0	0	0	0	0	0	0	1	0	8	100	143	19	0	1	3	0	102	153	215	47	0	2	1	0	7	164	168	0	1	0	3	0	95	187	178	97	0	3	1	0	40	72	118	134	0	4	1	0	12	173	192	20	0	1	0	1	0	23	26	0	1	0	
0	0	0	0	3	0	0	0	0	2	0	103	206	171	1	0	1	2	0	143	254	157	0	1	1	0	15	115	180	94	0	3	9	19	0	0	9	140	6	0	31	218	126	54	109	148	0	1	0	46	158	206	157	32	0	2	0	0	0	0	0	0	0	0	
0	0	0	3	0	22	9	0	0	0	2	0	84	156	18	0	0	1	0	96	81	0	0	0	3	0	70	82	35	132	16	0	2	0	128	71	124	116	32	0	2	0	84	215	76	82	0	0	0	1	0	63	108	17	0	1	0	0	2	0	0	1	0	0	
0	0	0	3	3	1	0	0	0	0	2	1	0	13	123	52	0	0	0	104	78	187	155	11	1	0	160	210	241	135	0	3	0	77	187	87	173	0	3	1	0	50	208	238	166	47	0	1	2	0	74	159	81	47	0	1	0	0	3	4	0	0	0	0	
0	1	1	0	0	0	1	0	1	0	36	116	139	64	0	1	0	15	190	119	103	221	88	0	0	54	215	119	144	216	169	0	0	2	103	149	57	137	162	0	0	4	133	7	27	213	48	0	2	0	146	200	201	80	0	3	0	0	7	55	17	0	2	0	
0	0	1	0	48	79	0	2	0	0	0	0	192	110	0	3	0	2	0	15	179	8	0	1	0	0	4	0	152	88	0	3	0	21	22	0	72	168	0	3	0	74	219	187	227	103	0	3	0	0	54	92	54	0	0	0	0	0	0	0	0	1	0	0	
0	0	2	1	0	0	0	0	0	0	0	7	67	22	0	1	2	0	56	217	255	103	0	4	0	15	218	120	192	1	0	1	0	14	213	167	213	146	167	74	1	0	26	181	244	100	51	5	0	2	0	48	151	0	2	0	0	0	1	7	16	2	2	0	
0	0	1	1	3	5	0	0	0	1	0	28	159	50	0	2	1	0	13	175	65	0	2	0	3	0	116	167	147	154	24	0	3	0	156	194	48	178	51	0	4	0	113	227	187	120	0	2	1	0	33	98	28	0	0	0	0	0	1	2	0	2	0	0	
0	1	1	0	0	0	1	0	2	0	63	168	160	82	0	1	0	25	209	64	37	208	83	0	0	111	239	9	0	56	177	0	0	144	220	0	1	0	192	53	0	59	227	84	14	72	213	29	2	0	51	159	153	163	58	0	0	2	1	0	0	0	1	1	
0	0	4	2	0	1	2	0	0	1	0	2	37	13	0	1	0	2	97	209	213	163	53	0	0	107	204	143	3	19	135	2	14	127	52	15	0	13	159	8	0	109	91	48	59	168	109	0	0	11	88	126	128	60	0	1	0	1	0	0	0	0	2	0	
0	0	0	0	0	0	0	0	2	0	64	24	5	18	0	1	2	0	180	32	65	111	0	4	2	0	184	146	197	118	0	4	1	0	36	71	184	79	0	3	0	0	3	0	151	91	0	3	0	0	5	0	107	156	0	3	0	0	0	0	7	15	0	0	
0	0	0	0	0	0	0	0	0	0	2	0	66	61	0	2	0	0	3	0	176	93	0	3	0	1	0	40	196	8	0	1	0	3	0	152	135	0	3	0	2	0	30	206	25	0	1	0	4	0	104	118	0	3	0	0	1	0	25	10	0	0	0	0	
0	0	0	0	0	0	0	0	0	1	0	36	134	0	1	0	0	3	0	72	207	0	0	0	0	3	0	99	189	0	2	0	0	3	0	97	171	0	3	0	0	3	0	101	166	0	3	0	0	3	0	69	177	0	0	0	0	0	0	0	0	0	0	0	
0	0	0	0	0	0	0	0	0	1	0	28	139	112	0	0	0	5	0	88	118	121	73	0	0	0	1	0	2	138	42	0	1	68	154	201	216	142	0	2	25	217	194	134	29	80	81	0	0	12	5	0	0	27	103	0	0	0	0	4	2	4	6	0	
0	0	0	0	0	0	0	0	0	0	4	0	45	34	0	1	2	0	90	13	86	104	0	4	0	20	198	40	65	141	0	4	0	63	125	113	174	132	0	4	0	0	2	0	60	152	0	3	0	1	4	0	21	145	0	1	0	0	0	0	3	19	0	0	
0	0	0	4	10	1	0	0	0	2	0	74	169	166	19	0	1	0	20	67	154	193	17	0	2	0	112	185	204	56	0	2	2	15	0	0	7	140	16	0	3	153	80	32	53	207	37	0	0	45	158	188	185	75	0	2	0	0	0	0	0	0	0	0	
0	0	1	1	0	1	0	0	0	1	0	35	6	7	77	2	1	0	17	183	0	78	139	0	2	0	118	89	0	179	40	0	0	96	214	91	142	186	0	0	0	86	55	37	150	81	0	3	0	0	2	0	93	38	0	1	0	3	2	2	4	0	0	0	
0	0	1	4	1	2	1	0	0	0	1	0	2	0	29	45	1	0	18	156	30	57	204	69	0	0	183	132	43	212	45	0	0	24	204	8	176	76	0	5	1	0	106	230	239	69	0	1	1	0	12	140	35	15	0	0	0	0	11	18	0	1	0	0	
0	0	1	1	0	0	0	0	0	1	0	43	51	0	0	0	1	0	29	118	167	49	0	2	3	0	82	67	184	78	0	3	2	0	54	137	149	3	0	1	0	1	0	91	124	0	3	0	0	1	0	32	121	0	3	0	0	0	0	13	54	0	1	0	
0	0	0	2	2	1	0	0	0	0	0	0	0	8	36	1	0	3	0	99	188	187	182	18	0	0	7	164	73	31	2	1	0	0	2	132	13	0	1	0	0	97	98	150	129	0	4	0	0	22	134	174	62	0	2	0	0	0	0	0	0	0	0	0	
0	0	0	1	1	0	0	0	0	0	2	0	45	129	41	0	0	1	0	10	198	114	12	0	0	3	0	89	90	0	3	0	0	2	0	127	34	0	2	0	0	3	0	99	86	0	3	0	0	0	77	128	13	0	1	0	0	0	53	30	0	1	0	0	
0	0	2	0	6	42	3	0	0	2	0	44	199	181	8	0	2	0	76	221	82	0	2	0	0	0	190	100	106	107	1	0	0	1	197	196	89	97	97	0	4	0	170	166	48	175	78	0	2	0	46	150	162	94	0	1	0	0	0	0	0	0	1	0	
0	0	0	1	0	0	0	0	0	1	0	17	61	4	0	0	0	1	0	87	110	27	0	1	1	0	37	87	83	63	0	2	2	0	44	165	157	16	0	1	0	0	0	56	102	0	2	0	0	2	0	44	68	0	2	0	0	1	0	23	31	0	1	0	
0	0	0	0	0	0	1	0	1	0	39	25	15	15	0	0	3	0	155	228	189	212	56	0	1	0	14	31	24	213	68	0	0	1	0	5	201	127	0	2	1	0	0	202	160	0	3	0	3	0	125	194	0	2	1	0	1	0	77	30	0	1	0	0	
0	0	0	1	1	2	7	0	0	0	3	0	53	179	145	10	0	1	0	15	153	45	4	1	2	0	28	194	68	0	2	0	1	0	28	176	50	0	2	0	0	74	9	71	127	0	3	0	0	53	156	168	45	0	2	0	0	0	5	1	0	0	0	0	
0	0	0	1	0	0	0	0	0	1	0	8	106	61	45	3	0	3	0	91	99	0	169	34	0	4	0	99	99	131	107	0	0	0	56	176	165	32	0	0	0	92	112	97	81	0	5	0	0	71	135	138	28	0	1	0	0	0	34	12	0	0	0	0	
0	0	0	0	0	0	0	0	2	0	62	166	108	6	0	1	2	0	69	110	169	159	0	3	1	0	15	174	233	85	0	2	0	1	0	17	132	64	0	3	2	0	126	88	12	117	0	1	2	0	38	174	214	124	0	3	0	0	0	0	34	18	0	1	
0	0	1	3	0	0	0	0	0	0	0	0	6	10	0	0	1	0	7	118	156	205	16	0	4	0	101	155	120	194	2	0	1	0	28	100	226	43	0	2	0	3	0	99	152	0	3	0	0	0	0	180	49	0	2	0	1	0	27	118	0	1	0	0	
0	0	0	0	0	0	0	0	0	3	0	106	110	0	2	0	0	4	0	140	225	0	0	0	0	3	0	84	229	1	0	1	0	3	0	57	245	29	0	2	0	3	0	89	228	0	0	1	0	2	0	135	107	0	2	0	0	0	0	0	0	0	0	0	
0	0	0	0	2	0	0	0	0	0	0	1	1	104	19	0	0	0	3	0	110	183	0	0	0	2	0	39	203	17	0	1	0	2	0	169	97	0	4	0	2	0	48	188	1	0	0	0	4	0	140	132	0	3	0	0	1	0	21	9	0	0	0	0	
0	0	0	3	0	0	0	0	0	0	1	0	22	58	0	0	0	1	0	108	255	181	0	2	2	0	34	242	255	132	0	4	0	0	1	27	227	74	0	3	0	2	0	159	154	0	1	0	2	0	55	197	6	0	1	0	1	0	32	46	0	2	0	0	
0	0	0	3	1	1	0	0	0	0	2	1	0	33	91	0	0	2	0	98	18	152	65	0	3	0	85	139	65	136	0	3	0	51	238	61	176	71	0	2	0	29	85	158	162	18	0	1	0	1	0	91	24	0	1	0	0	1	6	22	2	2	0	0	
0	0	0	0	0	1	1	0	0	1	0	70	153	78	19	13	2	0	57	197	43	128	161	20	1	0	11	165	159	130	21	0	2	0	33	158	210	29	0	2	0	10	182	37	162	48	0	2	0	28	175	150	139	0	1	0	1	0	35	56	0	0	0	0	
0	0	0	3	3	3	0	0	0	0	1	0	0	0	5	3	0	1	0	119	105	142	162	44	4	0	92	166	97	83	11	0	1	0	40	97	42	0	1	0	0	34	144	120	208	31	0	2	1	0	46	89	40	0	1	0	0	0	0	0	0	0	0	0	
0	0	0	0	0	0	0	0	0	0	54	58	77	113	117	38	0	43	167	56	84	73	39	7	0	53	170	46	1	0	0	0	1	0	47	143	178	58	0	3	0	2	35	0	57	189	1	0	0	1	154	150	147	109	0	0	1	0	15	45	21	0	0	0	
0	0	0	1	2	0	0	0	3	0	78	189	183	114	1	0	1	0	33	29	36	196	24	0	0	3	0	130	232	146	0	3	0	0	0	35	14	148	14	0	0	37	25	8	111	155	1	0	0	143	187	172	119	10	2	2	0	0	6	3	0	2	0	0	
0	0	3	1	0	1	0	0	0	0	0	4	15	0	0	0	2	0	66	190	185	39	0	2	0	32	208	59	191	112	0	4	0	12	155	202	169	107	0	3	1	0	38	69	7	119	2	0	0	1	1	1	0	130	24	0	0	0	2	5	0	92	35	0	
0	0	0	0	0	0	0	0	0	0	3	0	134	178	21	0	0	0	1	0	95	227	43	0	3	0	63	179	222	57	0	2	1	0	46	61	83	83	0	3	39	73	9	0	91	106	0	4	34	151	175	157	137	17	0	1	0	0	5	8	0	0	0	0	
0	0	0	0	0	0	0	0	0	7	57	99	197	82	0	0	0	123	255	255	223	136	13	0	0	28	211	255	168	1	1	1	4	0	161	228	196	209	26	0	2	0	89	237	213	255	180	0	0	1	0	70	202	214	162	0	0	0	2	0	0	0	0	0	
0	0	2	1	0	0	0	0	0	2	0	34	178	168	5	0	2	0	57	213	90	135	78	0	0	23	209	55	0	129	83	0	0	129	138	0	7	201	48	0	0	105	161	18	173	168	0	0	0	3	158	218	152	6	0	1	0	1	0	0	0	2	1	0	
0	0	0	0	0	0	0	0	0	8	55	75	42	0	2	0	0	8	70	61	133	6	4	1	0	18	54	22	169	133	88	0	0	33	154	165	221	88	4	0	0	2	0	46	149	0	3	0	0	5	0	132	131	0	4	0	0	2	0	53	40	0	1	0	
0	0	0	3	0	0	0	0	0	0	0	0	15	14	0	0	0	0	0	103	153	134	6	0	4	0	90	174	78	163	10	0	1	0	28	92	211	78	0	3	0	2	0	43	154	0	1	0	0	3	0	151	76	0	3	0	0	0	0	91	11	0	0	0	
0	0	0	0	0	0	0	0	0	0	5	0	19	26	0	1	3	0	155	37	89	72	0	3	0	16	197	1	131	63	0	2	0	8	165	140	211	136	0	3	0	0	7	9	115	131	0	4	0	0	2	0	44	138	0	3	0	0	1	0	10	57	0	1	
0	0	0	2	2	0	0	0	0	0	0	0	3	10	52	12	0	2	0	33	137	141	120	8	0	1	0	138	42	0	1	0	0	30	6	49	58	0	4	1	0	77	144	89	133	1	0	0	0	0	23	63	29	0	1	0	0	1	0	0	0	0	0	0	
0	0	0	0	0	0	0	0	0	1	0	20	79	94	39	0	1	0	7	203	166	145	71	0	2	0	33	203	9	0	1	0	1	0	19	223	46	0	4	0	0	3	0	128	161	0	2	0	0	2	0	116	199	0	1	0	0	1	0	87	73	0	1	0	
0	0	1	3	0	2	0	0	0	0	1	0	47	20	54	3	0	0	0	141	171	155	103	0	3	0	146	130	59	155	0	2	2	0	110	138	197	62	0	3	0	3	0	127	190	51	0	2	1	0	10	135	14	0	1	0	1	0	20	52	0	3	0	0	
0	0	0	1	1	0	0	0	0	2	0	98	44	0	2	0	0	3	0	139	44	0	1	0	0	3	0	105	61	0	2	0	0	3	0	106	85	0	3	0	0	3	0	75	146	1	0	1	0	0	0	0	151	44	0	2	0	0	0	0	0	0	0	0	
0	0	0	0	4	1	0	0	0	2	0	114	206	134	0	1	0	0	0	2	87	198	0	0	2	0	39	179	241	79	0	3	1	0	22	51	129	96	0	4	0	22	152	35	176	88	0	3	0	16	185	192	109	0	1	0	0	0	1	0	0	1	0	0	
0	0	0	0	2	0	0	0	0	52	116	25	0	1	0	0	0	32	158	181	124	0	0	0	0	0	0	0	112	102	0	3	0	1	6	0	73	149	0	4	0	1	0	17	218	74	0	3	0	4	0	125	148	0	2	0	0	0	0	18	8	0	0	0	
0	0	2	1	0	0	0	0	0	1	0	4	190	210	17	0	2	0	48	218	189	218	106	0	0	4	217	137	0	160	130	0	0	75	214	0	0	207	92	0	0	71	242	86	147	235	12	0	1	0	110	202	188	57	0	2	0	1	0	0	0	0	0	0	
0	0	0	2	0	0	0	0	0	0	1	0	22	6	0	0	0	1	0	77	118	79	0	2	2	0	52	60	35	112	0	3	3	0	93	69	127	72	0	3	1	0	18	56	92	33	0	1	0	0	0	8	94	1	0	0	0	1	0	28	55	0	2	0	
0	0	0	1	0	0	0	0	0	0	2	0	66	112	67	0	0	4	0	50	135	82	186	0	0	3	0	108	172	141	72	0	0	37	117	180	117	8	0	1	1	141	13	99	57	0	4	0	0	93	141	134	6	0	0	0	0	6	42	13	0	1	0	0	
0	0	1	1	0	0	0	0	0	0	0	3	24	7	0	0	2	0	95	159	176	119	0	4	0	0	24	4	94	115	0	4	0	0	0	0	164	30	0	1	0	3	0	87	136	0	3	0	0	2	0	167	51	0	2	0	0	0	1	129	17	0	1	0	
0	0	2	1	0	2	0	0	0	0	0	0	2	0	78	20	2	0	101	77	0	100	127	0	0	26	152	0	96	130	0	0	0	11	106	125	186	22	0	1	3	0	82	168	72	46	0	1	0	4	105	10	0	1	0	0	0	4	18	1	4	2	0	0	
0	0	0	0	0	0	0	0	13	82	70	57	4	1	0	0	13	77	57	143	101	0	4	0	0	3	0	110	133	18	0	1	1	0	21	27	30	129	28	0	1	0	25	161	67	152	116	0	0	1	0	32	95	73	7	0	0	0	1	1	0	0	0	0	
0	0	1	1	1	8	0	0	0	1	0	19	161	116	0	2	1	0	17	199	116	29	4	0	3	0	140	255	174	154	61	0	0	16	236	149	0	87	137	0	0	20	221	115	157	203	25	0	1	0	127	146	102	21	0	1	0	0	0	0	0	1	1	0	
0	0	0	0	0	0	0	0	1	0	18	68	52	0	0	0	0	2	119	93	202	38	0	2	0	4	0	103	150	0	2	0	0	1	0	68	163	36	0	2	0	0	3	0	133	60	0	2	0	0	0	88	124	0	1	0	1	0	11	88	12	0	1	0	
0	0	0	0	0	0	0	0	0	0	4	37	92	45	0	1	2	0	136	190	130	149	15	0	0	0	17	0	35	147	1	0	0	1	2	0	198	78	0	3	0	1	0	135	174	0	1	0	0	5	188	156	0	1	0	0	0	13	97	6	0	1	0	0	
0	0	9	59	18	0	1	0	1	0	88	139	165	7	0	1	0	0	6	0	157	106	0	4	0	1	6	0	86	152	0	4	0	0	3	0	91	145	0	4	0	38	109	125	224	101	0	2	0	41	136	111	44	24	0	0	0	0	0	0	0	0	0	0	
0	0	3	0	0	0	0	0	0	2	0	16	130	221	120	0	1	0	91	224	195	119	168	0	0	77	236	56	0	51	145	0	0	132	120	0	0	106	174	0	0	149	127	28	125	250	71	0	0	54	201	206	204	60	0	1	0	0	0	1	0	0	1	0	
0	0	0	0	0	1	2	0	0	106	130	106	69	13	0	1	0	57	94	122	140	176	56	0	0	0	0	2	0	68	181	0	0	0	0	0	59	216	134	0	0	16	102	189	204	100	3	0	0	158	191	69	1	0	1	0	0	14	2	0	1	4	1	0	
0	1	3	2	2	0	1	0	0	0	0	0	7	21	0	0	0	14	155	205	172	222	71	0	0	93	210	120	50	192	63	0	0	0	4	0	133	163	0	3	0	2	0	57	219	33	0	2	2	0	56	209	50	0	2	0	3	0	97	125	0	4	0	0	
0	0	1	1	0	0	0	0	0	1	0	30	111	59	0	2	2	0	43	194	200	162	0	4	4	0	161	98	180	108	0	4	3	0	116	199	247	37	0	2	0	0	3	30	213	70	0	3	0	1	0	2	220	83	0	3	0	0	1	0	30	7	0	0	
0	1	4	2	0	2	0	0	0	0	0	1	20	5	0	0	0	23	160	173	211	123	0	2	0	101	200	62	52	173	0	1	0	5	5	0	110	121	0	4	0	0	5	0	164	70	0	3	0	3	0	94	174	0	1	0	0	2	0	123	68	0	2	0	
0	0	0	1	1	0	0	0	0	3	90	22	6	0	0	0	3	0	114	145	93	0	2	0	1	0	30	188	184	24	0	1	0	0	3	137	219	89	0	4	0	0	4	0	86	165	0	3	0	0	1	0	42	176	0	1	0	0	0	0	4	25	0	0	
0	0	0	0	2	0	0	0	0	0	0	3	0	128	72	0	0	0	3	0	81	216	15	0	0	1	0	20	209	47	0	2	0	1	0	173	114	0	4	0	3	0	118	176	0	3	0	0	2	0	164	85	0	3	0	0	0	0	0	1	0	0	0	0	
0	0	0	0	0	0	0	0	0	2	0	66	51	0	2	0	0	4	0	133	90	0	3	0	0	3	0	83	97	0	3	0	0	2	0	60	101	0	3	0	0	3	0	78	132	0	4	0	0	2	0	58	79	0	3	0	0	0	0	0	0	0	0	0	
0	0	1	0	9	37	0	0	0	0	1	0	162	115	0	3	0	2	0	144	141	0	3	0	2	0	55	175	51	57	0	1	4	0	119	123	128	168	13	0	4	0	93	216	135	156	0	1	0	0	4	101	139	34	0	1	0	0	0	0	0	0	0	0	
0	0	0	0	0	0	0	0	0	0	2	0	35	32	0	1	0	1	75	0	47	79	0	3	0	21	96	0	24	86	0	2	0	49	113	78	74	136	10	0	0	0	15	13	13	105	2	0	0	0	0	0	0	93	4	0	0	0	1	0	1	19	0	0	
0	0	0	2	0	0	0	0	0	0	0	2	65	53	1	0	0	0	0	85	100	95	0	1	2	0	58	137	129	124	0	3	1	0	6	97	195	4	0	1	0	3	0	102	71	0	2	0	0	0	8	148	8	0	0	0	0	0	8	55	0	1	0	0	
0	0	0	3	0	0	2	2	0	1	2	0	1	2	1	0	0	0	0	120	64	0	56	55	0	21	176	158	5	79	174	33	0	48	178	143	225	154	14	0	0	2	0	126	153	0	3	2	0	1	1	34	7	0	1	0	0	0	0	0	1	1	0	0	
0	0	0	0	0	0	0	0	0	0	1	0	102	49	0	2	0	1	0	10	238	90	0	4	0	3	0	88	219	4	0	1	0	4	0	155	185	0	3	0	0	0	0	204	91	0	3	0	1	0	22	226	46	0	2	0	0	0	1	29	6	0	0	0	
0	1	2	0	0	1	1	0	0	1	0	91	113	16	0	1	0	7	185	232	246	217	12	0	0	123	200	0	39	234	132	0	0	218	159	0	0	133	225	0	0	112	255	235	224	228	99	0	0	2	37	94	120	30	0	1	0	2	0	0	0	0	2	0	
0	0	0	0	1	1	0	0	0	0	0	42	25	0	1	0	2	0	43	188	143	18	0	3	0	0	6	0	127	68	0	0	1	0	42	178	207	121	115	69	0	12	215	173	19	0	11	47	0	3	32	3	0	3	0	0	0	0	0	2	2	0	0	2	
1	0	22	81	25	0	1	0	2	0	197	226	196	44	0	2	1	0	94	50	115	199	0	1	0	0	1	0	0	208	57	0	0	65	236	195	160	207	19	0	0	108	255	251	255	248	147	10	0	10	69	67	26	56	75	10	0	0	0	0	0	0	0	0	
0	0	0	2	1	0	0	0	0	0	2	0	44	55	0	1	0	2	0	95	125	62	4	0	2	0	51	135	47	155	9	0	2	0	28	133	202	34	0	2	0	2	0	151	73	0	3	0	3	0	94	138	0	4	0	0	2	0	69	27	0	1	0	0	
0	0	0	0	0	2	0	0	0	71	227	189	50	0	1	0	0	77	107	165	253	88	0	2	0	0	1	0	185	220	0	0	1	0	46	160	224	70	0	2	0	54	253	255	163	124	125	0	0	7	87	148	196	175	72	0	0	0	0	0	0	0	0	0	
0	0	0	3	7	0	0	0	1	0	21	155	182	75	0	3	0	0	2	0	151	135	0	4	1	0	25	168	221	18	0	1	1	0	27	56	61	110	0	3	0	23	76	6	106	151	0	3	0	13	148	206	150	22	0	1	0	0	0	1	0	1	0	0	
0	0	1	1	0	0	1	0	0	1	0	26	162	57	0	2	1	0	16	155	95	188	55	0	3	0	103	88	0	83	154	0	0	16	150	9	0	77	123	0	0	51	171	0	33	111	19	0	0	0	136	152	102	18	0	1	0	0	0	8	0	1	1	0	
0	1	3	0	0	2	0	0	0	2	0	64	153	70	0	3	0	6	141	145	36	0	3	0	0	120	130	0	107	150	120	6	0	138	51	93	125	1	172	47	0	29	146	208	144	175	139	0	0	0	5	65	130	47	0	0	0	1	1	0	0	0	2	0	
0	0	0	2	0	0	0	0	0	0	0	2	11	42	61	7	0	1	0	115	140	116	78	6	3	0	65	217	151	70	0	2	3	0	92	131	51	162	0	2	0	91	34	9	145	123	0	3	0	67	134	133	89	1	0	0	0	0	0	0	0	1	0	0	
0	0	0	0	0	0	0	0	0	0	0	70	148	60	0	2	3	0	83	197	111	157	0	2	0	0	4	0	76	99	0	4	2	0	44	179	247	117	19	0	0	5	222	255	71	43	126	45	0	6	94	28	0	0	11	38	0	0	0	1	2	2	2	0	
0	0	2	0	0	0	0	0	0	1	0	34	25	10	0	0	2	0	69	89	47	80	0	3	0	26	114	0	81	122	0	4	0	18	106	80	133	96	0	3	1	0	22	32	41	85	0	3	0	0	3	0	70	79	0	3	0	0	2	0	41	22	0	1	
0	0	2	1	6	1	0	0	0	1	3	54	183	178	13	0	0	0	1	0	113	205	6	0	2	0	66	192	212	18	0	1	2	0	55	78	83	87	0	2	0	17	72	0	96	129	0	4	0	29	199	190	155	11	0	1	0	0	0	5	1	0	0	0	
0	0	0	1	0	0	0	0	0	0	0	6	36	1	0	0	0	3	0	106	201	0	0	0	2	0	44	227	243	134	0	1	3	0	86	141	211	81	0	2	0	0	0	0	134	15	0	1	0	1	0	28	144	0	1	0	0	1	0	17	47	0	1	0	
0	0	0	3	1	1	0	0	0	0	0	2	0	54	46	0	0	0	7	97	31	156	18	0	3	0	74	132	105	95	0	3	2	0	40	146	149	6	0	0	0	3	0	164	101	0	3	0	1	0	37	105	0	2	0	0	1	0	14	13	0	0	0	0	
0	0	0	0	0	1	0	0	1	0	33	108	58	0	1	0	0	0	9	10	114	77	0	3	0	0	0	47	111	47	0	2	0	1	0	102	164	8	0	1	0	0	3	0	113	47	0	2	0	0	0	82	100	0	1	0	0	0	6	32	3	0	0	0	
0	0	1	1	3	0	0	0	0	2	0	79	116	0	3	0	1	0	10	167	29	0	1	0	3	0	81	119	30	135	23	0	3	0	64	198	149	154	70	0	1	0	13	208	159	119	14	0	2	0	50	63	0	6	0	0	0	0	2	1	0	2	1	0	
0	0	2	0	1	1	0	0	0	0	0	13	4	1	1	0	2	0	77	247	208	23	0	1	0	47	255	236	220	177	14	0	0	12	190	203	137	185	29	0	0	0	0	81	43	140	30	0	0	1	2	2	0	145	33	0	0	0	0	5	0	74	21	0	
0	0	1	1	1	0	1	0	0	0	0	5	4	8	3	0	2	0	28	220	207	225	97	0	2	0	34	132	95	226	64	0	0	1	1	0	181	114	0	3	1	0	0	186	149	0	3	0	2	0	161	167	0	3	0	0	0	7	140	15	0	1	0	0	
0	0	0	5	1	1	1	0	2	0	35	131	81	9	0	1	0	0	135	27	45	126	9	0	0	26	113	0	0	80	96	0	0	11	135	4	0	60	105	0	3	0	122	62	2	141	34	0	1	0	18	121	132	57	0	2	0	0	0	3	5	0	1	0	
0	0	1	4	1	1	0	0	0	0	0	0	7	5	0	0	1	0	21	136	191	162	4	0	2	0	42	153	96	178	8	0	0	23	117	139	219	125	0	3	0	122	255	158	65	124	117	3	0	10	9	0	1	0	46	18	0	0	0	4	3	3	0	0	
0	0	0	0	0	0	1	0	0	2	15	0	0	26	8	0	0	6	117	1	10	128	58	0	1	0	120	4	23	169	27	0	3	0	102	50	140	83	0	3	1	0	30	109	146	14	0	0	0	0	0	6	99	2	0	0	0	0	1	3	58	9	0	0	
0	0	0	0	0	0	0	0	0	0	5	133	165	105	4	0	0	1	0	68	135	252	70	0	0	4	73	149	206	134	9	0	0	0	147	190	190	34	0	2	0	10	8	0	138	137	0	4	0	95	233	203	193	23	0	1	0	6	49	51	8	0	0	0	
0	0	2	1	0	0	0	0	0	0	0	2	21	6	0	0	0	0	162	193	201	197	12	0	0	41	203	23	85	152	0	3	0	20	68	0	146	63	0	2	0	0	1	0	172	32	0	1	0	1	4	0	182	95	0	2	0	0	3	0	98	130	0	2	
0	0	0	1	0	0	0	0	0	0	1	0	68	37	2	0	0	2	0	53	158	23	148	30	0	4	0	104	89	110	156	5	1	0	24	189	181	70	0	0	0	49	204	190	2	0	2	1	0	87	177	52	0	4	0	0	0	0	1	0	0	0	0	0	
0	0	0	0	0	1	1	0	0	1	0	35	15	0	0	0	0	0	1	162	21	21	25	0	3	0	76	108	33	152	21	0	4	0	92	149	183	121	7	0	0	1	0	57	141	0	2	0	0	3	0	71	78	0	3	0	0	1	0	28	26	0	1	0	
0	0	0	0	2	2	0	0	0	0	0	3	0	37	113	0	0	0	3	0	41	189	86	0	0	1	0	26	194	49	0	2	1	0	1	195	92	0	5	0	4	0	120	153	0	4	0	0	0	7	189	30	0	1	0	0	0	4	28	1	0	0	0	0	
0	0	0	1	0	1	0	0	0	0	0	4	55	3	0	0	0	3	0	95	218	58	0	3	1	0	13	165	126	96	0	4	0	0	2	92	212	44	0	2	0	2	0	57	172	0	1	0	1	0	25	170	42	0	2	0	1	0	41	54	0	2	0	0	
0	0	0	0	0	0	0	0	0	1	0	55	87	8	0	1	0	0	5	131	129	99	0	3	0	0	2	0	55	102	0	3	0	0	139	203	209	30	0	1	0	3	124	105	58	102	0	0	0	0	0	2	0	93	62	0	0	0	3	4	0	17	37	0	
0	0	0	0	0	0	0	0	2	0	54	166	101	0	0	0	2	0	179	122	51	3	1	0	0	10	195	130	102	30	0	1	0	0	5	24	86	165	22	0	2	0	44	59	0	145	105	0	1	0	15	143	171	191	39	0	0	0	0	1	38	16	0	1	
0	0	2	3	0	1	1	0	0	1	1	0	21	25	0	1	1	0	45	128	122	126	28	0	0	49	133	34	24	171	57	0	0	44	127	101	199	149	0	3	1	0	19	36	143	11	0	1	0	3	0	127	79	0	3	0	0	0	2	127	14	0	0	0	
0	0	0	0	1	0	0	0	0	7	190	139	0	1	0	0	0	5	55	225	86	0	6	0	0	4	0	166	137	0	4	0	0	3	0	181	177	115	140	19	2	0	47	244	226	160	69	0	3	0	78	172	2	0	1	0	0	0	0	0	0	4	3	0	
0	0	0	1	0	0	0	0	0	1	0	26	135	76	41	16	0	1	0	145	83	19	152	44	1	0	39	104	17	153	87	0	2	0	49	184	133	39	0	1	0	13	169	140	0	2	2	0	0	61	189	55	0	4	1	5	0	5	38	3	0	0	0	0	
0	0	1	0	1	3	0	0	0	0	0	58	39	0	1	0	3	0	125	224	192	68	0	1	0	4	190	14	159	196	0	3	3	0	98	209	236	117	0	4	0	0	1	66	126	120	0	4	0	0	5	0	71	139	0	4	0	0	1	0	41	52	0	2	
0	0	0	0	3	5	0	0	0	0	0	0	139	86	40	21	0	3	0	72	84	4	158	37	0	3	0	126	133	152	78	0	0	12	110	167	107	0	1	1	0	107	57	46	97	0	5	0	0	50	99	136	53	0	2	0	0	0	12	6	0	0	0	0	
0	1	0	49	14	0	0	0	0	0	2	140	13	0	1	0	2	0	41	129	4	46	0	0	3	0	70	102	101	161	43	0	4	0	102	124	98	44	90	0	3	0	64	157	156	140	25	0	0	0	0	57	79	27	0	1	0	0	1	0	0	1	1	0	
0	1	3	2	4	4	2	0	0	1	0	0	0	0	0	0	0	28	162	68	98	149	47	0	0	189	245	154	103	148	112	0	4	60	14	0	0	149	57	0	0	0	2	0	55	146	0	2	0	3	2	0	172	83	0	3	0	2	0	52	190	0	0	0	
0	0	0	0	0	0	0	0	0	0	0	2	66	3	0	0	0	1	0	16	150	1	0	0	0	1	0	39	126	0	3	0	0	2	0	66	100	0	3	0	0	3	0	93	70	0	2	0	0	1	0	122	19	0	1	0	0	0	1	18	0	0	0	0	
0	0	0	0	1	3	0	0	0	0	1	0	45	133	0	2	0	0	2	0	166	98	0	3	0	2	0	73	184	0	1	0	0	2	0	170	75	0	2	0	2	0	35	189	6	0	0	0	3	0	78	128	0	3	0	0	0	0	0	1	0	0	0	0	
0	0	1	0	1	1	0	0	0	0	1	12	0	79	48	0	2	0	44	203	36	199	24	0	3	0	154	118	73	206	0	2	1	0	206	98	157	183	0	3	2	0	138	234	205	162	0	3	0	0	3	5	21	165	6	0	0	0	2	0	1	16	4	0	
0	0	3	2	0	1	0	0	0	0	0	2	22	3	0	0	2	0	82	197	211	81	0	3	0	2	167	68	100	102	0	4	0	0	2	0	150	46	0	2	0	2	0	53	160	0	2	0	0	2	0	164	80	0	3	0	0	0	10	120	6	0	0	0	
0	0	0	0	0	0	0	0	0	19	109	134	70	0	1	0	0	32	91	38	172	33	0	1	0	2	0	80	190	8	0	1	0	2	0	84	176	90	0	3	0	0	2	0	52	156	0	3	2	0	55	111	144	54	0	2	0	0	8	46	29	0	1	0	
0	0	0	0	0	1	0	0	0	0	3	0	100	68	0	3	0	0	0	5	189	35	0	2	0	2	0	74	170	0	3	0	0	3	0	168	99	0	3	0	1	0	28	201	20	0	1	0	3	0	68	132	0	3	0	0	0	0	0	1	1	0	0	0	
0	0	0	0	0	1	0	0	0	1	57	23	0	2	0	0	0	23	209	153	138	197	81	0	0	44	150	0	45	210	25	0	0	23	141	144	218	203	49	0	0	2	0	66	202	3	4	0	0	3	0	174	100	0	3	0	0	0	1	83	16	0	1	0	
0	0	0	0	1	0	0	0	0	0	2	0	47	103	0	3	0	0	3	0	144	85	0	3	0	1	0	43	155	0	1	0	0	4	0	125	86	0	3	0	1	0	10	167	15	0	1	0	1	0	34	116	0	2	0	0	0	0	0	0	0	0	0	0	
0	1	3	0	0	0	0	0	0	0	0	58	53	1	0	0	0	1	155	218	246	65	0	3	0	65	199	47	252	88	0	4	0	24	198	226	255	102	0	4	1	0	39	28	170	142	0	4	0	1	5	0	123	193	0	3	0	0	3	0	33	65	0	2	
0	0	2	3	0	0	2	1	0	1	1	0	8	20	0	0	1	0	28	155	242	231	120	0	0	50	196	237	133	7	132	46	0	137	136	62	0	96	190	11	0	49	186	186	208	201	49	0	0	0	15	48	32	0	0	1	0	2	1	0	0	2	2	0	
1	0	21	50	4	0	0	0	2	0	55	159	116	0	2	0	0	1	0	30	199	2	0	1	0	2	0	64	200	0	1	0	0	3	0	158	117	0	39	4	3	0	67	242	136	146	69	0	2	0	49	140	84	14	0	1	0	0	0	0	0	0	2	0	
0	0	0	0	0	0	0	0	1	0	18	91	129	98	2	0	3	0	73	189	183	213	10	0	2	0	74	172	217	55	0	2	1	0	46	73	95	69	0	3	0	23	46	0	73	121	0	4	0	38	198	179	169	33	0	2	1	0	11	62	29	0	1	0	
0	0	0	1	1	7	0	0	0	0	1	0	108	162	28	0	0	3	0	85	123	40	29	0	0	1	0	145	34	0	1	0	1	0	30	177	93	24	0	1	2	0	52	151	65	90	0	3	0	1	0	118	145	24	0	1	0	0	0	3	7	0	0	0	
0	0	2	1	0	2	1	0	0	0	1	1	1	0	6	8	2	0	113	136	0	38	160	38	0	49	163	4	20	193	65	0	0	48	173	6	144	108	0	4	1	0	74	186	244	146	42	0	0	1	0	20	43	13	1	0	0	0	3	2	0	0	0	0	
0	0	0	0	12	15	0	1	0	0	2	0	80	35	0	1	0	1	0	26	78	0	1	0	0	3	0	110	133	25	0	1	1	0	22	93	50	61	0	2	2	0	60	69	72	7	0	0	2	0	39	87	7	0	0	0	0	0	0	0	1	1	0	0	
0	0	0	0	0	1	0	0	0	1	0	96	197	41	0	2	1	0	20	164	107	142	0	2	0	0	2	0	48	159	0	1	0	56	193	206	236	65	0	3	0	107	255	175	87	155	105	0	0	1	8	1	0	5	128	29	0	0	0	2	4	1	0	0	
0	0	2	0	1	0	0	0	0	0	0	31	33	29	0	1	1	0	84	126	128	139	0	4	0	72	118	0	148	146	0	3	0	35	118	97	132	94	0	3	1	0	47	56	53	89	0	3	0	1	3	0	83	95	0	3	0	0	3	0	47	29	0	1	
0	0	1	0	18	25	0	1	0	1	0	25	185	80	0	3	1	0	9	196	61	0	2	0	4	0	109	121	59	131	36	0	2	0	154	164	93	170	86	0	3	0	128	249	168	136	2	0	0	0	0	110	108	0	2	0	0	0	1	0	0	2	1	0	
0	0	0	1	0	3	0	0	0	0	0	3	147	88	0	3	0	3	0	81	255	121	0	4	1	0	23	173	157	139	0	4	3	0	99	152	159	137	0	4	4	0	171	172	214	46	0	2	3	0	95	203	106	0	2	0	0	0	0	0	0	0	0	0	
0	0	2	0	0	1	1	0	0	1	0	0	1	0	40	13	0	2	52	8	0	42	138	1	0	86	127	0	2	139	37	0	0	84	149	67	134	134	0	4	0	0	34	145	154	19	0	0	0	1	0	49	8	0	0	0	0	0	3	3	2	2	0	0	
0	1	1	0	0	1	0	0	2	0	72	22	0	63	49	0	0	38	170	5	0	105	89	0	0	137	84	0	0	134	94	0	6	191	150	139	135	205	55	0	0	54	66	28	0	119	69	0	0	0	0	3	0	83	56	0	0	2	3	1	0	0	0	0	
0	0	3	2	0	1	0	0	0	1	0	5	2	1	0	0	2	0	53	220	229	160	1	0	0	34	235	171	69	181	42	0	0	19	45	0	47	186	0	0	0	0	2	0	177	100	0	3	0	3	0	112	184	0	1	0	1	0	3	166	45	0	2	0	
0	1	2	0	1	0	0	0	0	0	0	8	8	0	0	0	0	24	160	191	177	3	0	1	0	11	41	26	194	33	0	2	0	0	0	6	173	19	0	1	0	1	0	28	168	0	0	0	0	3	0	81	149	0	4	0	0	2	0	54	72	0	2	0	
0	0	2	1	0	1	0	0	0	1	0	21	14	0	96	37	2	0	46	207	26	51	161	0	0	17	220	72	0	158	53	0	0	21	195	154	163	194	0	1	1	0	2	80	208	49	0	1	0	2	0	98	51	0	2	0	0	0	3	29	0	3	0	0	
0	0	0	0	0	0	0	0	0	1	0	99	25	0	1	0	0	3	0	160	63	0	2	0	0	4	0	121	104	0	3	0	0	2	0	57	145	0	2	0	0	0	0	0	190	41	0	2	0	0	2	0	118	43	0	2	0	0	0	0	0	0	0	0	
0	0	0	0	0	0	0	0	0	1	0	7	117	63	0	2	0	2	0	12	118	177	24	0	0	0	41	62	14	159	23	0	0	98	195	210	252	208	40	0	0	118	209	151	60	15	125	15	0	1	23	3	1	0	35	22	0	1	0	2	3	1	1	0	
0	0	1	2	0	1	0	0	0	0	1	0	102	65	0	2	1	0	8	121	128	192	15	0	4	0	106	76	47	135	3	0	2	0	39	162	119	0	0	0	1	0	17	172	102	0	3	0	4	0	101	170	86	0	2	0	0	0	11	40	1	0	0	0	
0	0	3	3	0	1	1	0	0	0	0	0	21	17	0	0	1	0	105	175	192	171	13	0	0	43	234	104	0	164	45	0	0	9	18	0	42	178	5	0	0	0	1	0	181	77	0	3	0	1	0	149	149	0	3	0	1	0	25	170	18	0	1	0	
0	0	0	0	0	0	0	0	0	0	0	6	97	2	0	0	0	1	0	28	122	0	2	0	0	2	0	67	116	0	3	0	0	3	0	96	72	0	3	0	0	3	0	137	43	0	1	0	0	0	0	100	12	0	0	0	0	0	0	0	0	0	0	0	
0	0	1	1	0	2	1	0	0	0	0	31	7	0	42	27	2	0	56	156	0	60	159	14	3	0	143	51	14	169	21	0	3	0	89	129	174	92	0	4	0	3	0	134	198	38	0	1	1	0	16	161	20	0	1	0	1	0	27	67	0	4	0	0	
0	0	1	0	0	0	0	0	0	1	0	22	104	28	0	1	1	0	54	96	175	45	0	2	0	0	22	0	96	26	0	1	0	0	0	0	136	34	0	1	2	0	38	148	177	59	0	2	1	0	4	109	41	0	2	0	0	0	0	18	8	0	0	0	
0	0	0	0	0	1	0	0	0	0	0	41	140	22	0	1	1	0	22	157	190	44	0	2	0	0	3	0	76	102	0	5	0	13	91	143	201	122	0	1	0	69	205	199	100	92	123	33	0	7	33	5	0	0	11	18	0	0	0	1	4	3	1	0	
0	0	0	0	6	3	0	0	0	0	1	69	119	12	0	1	2	0	44	144	0	0	0	0	1	0	18	162	113	34	0	1	0	0	3	31	84	123	0	4	0	0	7	0	118	54	0	2	2	0	42	133	80	0	1	0	0	0	1	6	1	1	0	0	
0	0	3	1	0	0	0	0	0	1	0	14	86	65	0	0	2	0	79	171	107	142	33	0	0	56	167	15	61	212	36	0	0	51	172	149	242	150	0	3	1	0	27	37	196	31	0	1	0	5	0	136	146	0	3	0	0	1	0	59	24	0	1	0	
0	0	0	2	0	1	2	0	0	0	3	0	50	44	0	1	0	2	0	88	205	137	56	0	2	0	82	143	51	204	45	0	0	0	195	137	226	110	0	4	1	0	49	128	192	7	0	1	0	3	0	128	102	0	3	0	0	0	4	73	7	0	0	0	
0	0	0	1	24	6	0	0	0	3	0	67	231	110	0	3	0	3	1	17	41	174	9	0	0	0	2	0	61	178	0	1	0	42	151	203	242	193	109	12	0	141	255	215	59	19	55	8	0	28	65	7	0	0	0	0	0	0	0	2	3	1	2	0	
0	0	2	0	0	0	0	0	0	0	2	0	47	10	0	0	0	4	146	141	198	32	0	1	0	15	65	0	116	8	0	0	1	0	10	107	206	100	5	0	1	0	37	129	180	44	1	0	0	1	0	19	149	0	0	0	0	0	0	15	54	0	1	0	
0	0	2	2	0	0	0	0	0	0	0	3	44	71	3	0	1	0	30	202	173	175	54	0	3	0	118	116	7	163	21	0	0	0	1	0	166	88	0	3	0	3	0	111	156	0	3	0	2	0	43	220	26	0	1	0	2	0	45	67	0	2	0	0	
0	3	3	0	1	2	0	0	0	0	0	22	17	0	0	0	0	70	158	186	193	66	0	2	30	137	54	0	63	183	0	1	3	4	1	0	50	161	0	2	0	2	5	0	82	118	0	4	0	0	3	0	80	137	0	4	0	0	2	0	57	111	0	2	
0	0	0	2	0	1	1	0	0	0	0	0	32	28	0	1	0	1	3	135	144	134	35	0	0	0	2	16	0	111	30	0	0	20	82	126	176	159	9	0	0	109	179	148	56	43	108	16	0	8	10	0	0	0	7	5	0	0	0	3	2	2	2	0	
0	0	0	0	0	0	0	0	0	50	153	125	81	32	0	0	0	61	117	134	253	197	0	1	0	2	0	42	255	90	0	3	0	3	6	4	173	192	0	1	0	0	3	0	79	207	0	0	0	3	151	204	214	60	0	2	0	2	53	61	18	0	1	0	
0	0	0	1	0	0	0	0	0	0	0	2	74	75	27	0	0	3	0	84	113	61	133	37	0	1	0	120	41	97	101	5	1	0	52	196	95	44	0	0	0	54	120	120	0	1	2	1	0	64	139	45	0	4	0	0	0	1	7	0	0	0	0	0	
0	0	2	0	0	0	0	0	0	1	0	37	56	0	0	0	2	0	63	82	81	72	0	3	0	11	115	0	91	66	0	3	0	8	110	89	111	40	0	2	0	0	15	0	81	35	0	1	0	0	2	0	116	14	0	0	0	0	1	0	53	7	0	0	
0	0	2	0	11	57	7	0	0	2	0	73	186	149	14	0	3	0	86	186	23	0	1	0	0	10	175	22	94	185	78	0	0	51	140	117	151	109	133	0	0	4	160	244	164	164	28	0	0	0	2	114	67	0	0	0	0	1	2	0	0	2	1	0	
1	3	3	3	4	3	0	0	0	0	0	0	0	0	0	0	46	162	152	147	155	63	0	1	17	66	62	42	105	201	4	0	0	0	3	0	76	179	0	2	1	2	5	0	177	97	0	4	0	1	0	18	202	24	0	1	0	2	0	48	165	0	1	0	
0	0	0	0	2	1	0	0	0	0	0	2	0	89	36	0	0	0	2	0	74	149	1	0	0	0	0	9	172	24	0	1	0	3	0	118	120	0	4	0	1	0	18	182	22	0	1	0	3	0	76	126	0	3	0	0	0	0	12	16	0	0	0	0	
0	0	0	44	9	0	0	0	2	0	48	185	0	0	2	0	3	0	151	102	0	20	0	0	1	0	189	167	183	197	75	0	2	0	183	162	15	93	219	0	2	0	54	236	208	222	110	0	0	0	0	28	82	51	0	0	0	0	1	0	0	0	2	0	
0	0	3	0	0	0	0	0	0	2	0	79	198	202	53	0	2	0	127	235	66	99	172	0	0	105	187	4	0	40	199	0	2	186	34	0	0	95	174	0	2	176	95	58	117	231	54	0	0	66	181	165	157	62	0	2	0	0	0	0	0	0	1	0	
0	0	3	1	0	0	0	0	0	2	0	138	98	0	2	0	1	0	74	249	175	0	3	0	0	1	207	255	179	0	2	0	0	1	13	66	211	13	0	1	0	0	1	0	213	161	0	3	0	0	4	0	95	224	52	0	0	0	0	1	0	2	5	0	
0	0	2	0	45	13	0	1	0	3	0	87	177	12	0	1	2	0	38	163	13	0	1	0	4	0	128	79	0	77	72	0	3	0	140	45	89	148	146	0	3	0	92	199	179	110	19	0	0	0	0	96	84	15	0	1	0	0	1	0	0	1	1	0	
0	2	0	48	45	0	2	0	0	0	0	158	32	0	4	0	3	0	67	135	0	3	0	0	4	0	139	72	0	114	74	0	4	0	154	118	135	163	176	0	2	0	50	198	230	135	32	0	0	0	0	2	19	10	0	0	0	0	2	1	0	2	2	0	
0	0	0	2	1	2	3	1	0	0	1	1	0	0	0	0	0	1	0	46	41	42	110	59	2	0	54	149	110	122	101	17	1	0	39	97	0	2	0	0	0	42	148	135	5	2	4	1	0	2	64	25	0	1	0	0	0	0	0	0	0	0	0	0	
0	0	0	6	1	0	0	0	0	31	140	173	156	3	0	0	0	34	47	63	171	0	1	0	0	4	0	126	196	28	0	1	0	1	2	0	159	155	0	4	1	0	94	60	80	186	0	3	1	0	78	161	178	119	0	2	0	0	0	0	0	0	0	0	
0	0	0	1	1	0	0	0	0	0	2	0	65	110	0	1	0	1	0	19	223	169	0	2	0	4	0	129	251	27	0	2	1	0	15	219	163	0	3	0	2	0	49	253	71	0	2	0	2	0	39	193	3	0	0	0	0	0	8	34	1	0	0	0	
0	0	0	0	0	0	1	0	0	7	106	78	65	37	0	1	0	97	94	24	82	135	72	0	0	76	82	0	0	100	87	0	0	3	106	67	117	95	0	1	1	0	0	186	177	14	0	1	0	0	9	122	155	132	0	3	0	0	0	1	38	32	0	1	
0	0	0	0	0	0	0	0	0	2	0	52	174	75	0	1	0	0	0	2	98	203	5	0	2	0	38	191	220	49	0	2	0	0	10	25	105	75	0	3	0	18	158	30	127	106	0	4	0	0	137	192	113	1	0	0	0	0	1	1	0	0	0	0	
0	0	1	1	0	1	0	0	0	0	0	3	70	30	0	1	0	1	0	152	223	126	0	4	3	0	117	163	0	178	59	0	1	0	182	80	147	177	0	1	2	0	87	176	223	37	0	2	0	2	0	56	143	0	2	0	0	1	0	51	32	0	1	0	
0	0	0	3	4	1	0	0	0	0	0	0	0	12	69	11	0	0	0	91	134	192	175	21	1	0	20	203	88	29	0	0	0	3	0	105	56	0	4	1	0	128	58	97	91	0	3	0	0	64	182	168	22	0	1	0	0	0	4	4	0	0	0	0	
0	0	0	0	0	0	0	0	0	2	0	51	63	0	1	0	0	3	0	173	204	0	2	0	0	3	0	176	203	0	1	0	0	4	0	115	242	14	0	1	0	2	0	59	236	18	0	1	0	1	0	5	205	53	0	2	0	0	1	0	35	17	0	1	
0	0	1	3	0	0	1	0	0	1	2	0	38	82	13	0	1	0	22	156	161	189	130	0	0	10	168	88	27	237	138	0	0	52	179	82	220	132	2	0	1	0	56	238	85	0	3	0	3	0	117	140	0	6	1	0	2	0	88	36	0	1	0	0	
0	1	1	0	0	0	1	0	1	0	9	100	129	98	11	0	0	1	201	199	127	173	140	0	0	117	146	32	42	34	164	7	13	129	0	4	0	96	139	0	0	146	58	0	32	197	30	0	0	33	160	140	167	64	0	2	1	0	11	46	16	0	2	0	
0	0	3	1	0	0	0	0	0	0	0	6	51	68	22	0	1	0	97	173	106	161	99	0	0	0	77	23	19	154	13	0	0	1	0	3	176	77	0	3	0	1	0	163	119	0	3	0	3	0	129	153	0	3	0	0	1	0	79	16	0	1	0	0	
0	0	0	0	0	1	0	0	0	0	0	71	114	15	0	1	2	0	45	162	91	131	0	4	0	1	0	112	196	57	0	2	0	3	0	94	206	14	0	1	0	0	10	128	97	76	0	3	0	1	0	112	164	39	0	2	0	1	0	20	47	0	0	0	
0	0	1	0	1	2	4	0	0	0	1	3	0	79	67	0	0	2	9	0	29	150	8	0	0	84	151	0	150	61	0	2	0	24	102	185	200	104	25	0	1	0	21	159	17	12	4	0	3	0	86	82	0	3	0	0	0	0	0	1	1	0	0	0	
0	0	0	1	1	0	0	0	0	0	0	4	59	1	0	0	0	2	0	77	101	0	3	0	1	0	41	94	48	76	0	3	2	0	104	107	165	128	6	0	0	0	0	11	104	8	2	0	0	0	0	11	62	0	1	0	0	0	0	2	5	0	0	0	
0	0	0	1	0	1	1	0	0	0	0	0	61	17	114	31	0	2	0	50	158	76	181	24	0	5	0	105	158	166	66	0	1	0	62	205	163	16	0	1	0	102	186	189	30	0	4	0	0	87	178	96	0	2	0	0	0	0	5	0	0	0	0	0	
0	0	0	0	0	0	0	0	0	1	0	102	21	0	1	0	0	4	0	141	84	0	3	0	0	3	0	99	140	0	4	0	0	2	0	45	178	0	1	0	0	1	0	14	205	32	0	2	0	1	0	26	172	31	0	2	0	0	0	0	0	0	0	0	
0	0	1	2	0	0	0	0	0	0	0	1	51	66	0	0	1	0	25	146	111	163	52	0	3	0	129	74	14	180	42	0	2	0	79	129	233	81	0	3	0	3	0	114	139	0	3	0	2	0	59	166	2	1	0	0	2	0	45	40	0	2	0	0	
0	0	0	0	0	0	0	0	1	0	32	99	104	65	0	1	2	0	134	64	35	29	0	0	2	0	149	116	109	91	0	1	0	0	16	8	0	113	63	0	2	0	52	25	0	114	52	0	3	0	66	130	115	105	0	1	0	0	0	47	47	0	0	0	
0	0	2	2	0	38	8	0	0	1	0	7	154	186	14	0	1	0	20	182	132	0	0	0	0	0	189	87	55	182	102	0	0	83	141	57	184	95	171	2	0	63	188	214	144	180	79	0	1	0	62	136	111	29	0	1	0	1	0	0	0	0	2	0	
0	1	0	0	0	0	0	0	1	0	77	145	45	0	2	0	0	58	144	44	153	0	1	0	0	13	24	139	223	69	0	1	1	0	26	93	56	177	44	0	0	0	11	1	0	171	42	0	2	0	107	155	168	102	0	2	0	0	0	39	34	0	1	0	
0	0	0	3	0	0	0	0	0	0	2	0	40	71	6	0	0	0	1	114	125	80	11	0	3	0	102	85	47	156	0	0	2	0	115	149	202	38	0	2	0	2	0	143	90	0	3	0	1	0	18	158	7	0	0	0	1	0	23	64	0	1	0	0	
0	0	2	1	0	1	4	1	0	1	1	1	0	36	92	0	2	0	55	89	0	135	27	0	0	31	130	0	91	111	2	0	0	73	136	73	193	110	26	0	0	2	39	179	76	0	1	0	0	0	4	97	5	0	1	0	0	0	2	1	1	0	0	0	
0	0	0	0	0	0	0	0	0	0	0	30	82	87	22	0	0	1	0	119	166	243	119	0	2	0	29	142	174	115	17	0	1	0	25	75	109	49	0	2	12	122	57	31	143	72	0	3	4	124	165	175	113	0	0	0	0	0	0	0	0	0	0	0	
0	0	0	0	1	0	0	0	0	0	3	0	94	76	0	3	0	0	0	1	162	33	0	1	0	2	0	65	141	0	3	0	0	2	0	133	46	0	1	0	0	0	9	147	25	2	0	0	0	0	0	120	80	0	0	0	0	0	0	2	1	0	0	0	
0	0	3	0	0	0	1	1	0	2	0	81	131	81	35	0	1	0	131	187	66	42	113	22	0	84	169	0	4	0	121	59	0	101	49	0	0	80	204	14	0	102	157	119	183	204	49	0	0	4	112	146	87	14	0	1	0	0	0	0	0	2	2	0	
0	0	0	0	0	0	0	0	0	1	19	58	27	0	1	0	0	33	141	119	162	8	0	1	0	2	6	0	132	69	0	2	0	1	0	40	78	77	0	1	0	1	0	55	23	92	0	1	0	0	2	68	85	63	0	2	0	1	0	36	59	0	0	0	
0	0	2	1	0	0	1	1	0	2	0	25	129	72	16	0	2	0	44	225	244	180	169	9	0	50	245	132	0	0	146	19	0	133	152	30	0	25	190	14	0	138	68	0	16	177	141	0	0	58	175	176	204	110	0	1	1	0	14	59	21	0	2	0	
0	1	1	0	0	0	0	0	0	0	11	40	48	60	10	0	0	53	176	99	182	154	19	0	0	23	134	168	133	12	3	0	1	0	0	188	150	0	0	0	0	4	0	99	187	93	0	3	0	1	0	29	146	168	27	0	0	0	1	0	46	104	7	0	
0	0	2	0	6	49	6	0	0	2	0	33	176	159	22	0	2	0	63	189	50	0	1	0	0	15	174	86	134	192	74	0	0	56	173	157	79	111	148	0	0	14	224	152	122	207	60	0	2	0	65	144	119	43	0	1	0	1	1	0	0	1	2	0	
0	0	1	0	0	0	0	0	0	1	0	55	42	13	6	0	2	0	54	107	126	151	0	0	1	0	58	1	72	59	0	2	0	1	0	61	141	0	1	0	0	1	0	166	137	31	0	2	2	0	62	106	0	2	0	0	2	0	42	25	0	1	0	0	
0	0	0	0	0	0	0	0	1	0	25	97	137	136	9	0	3	0	65	154	192	224	8	0	2	0	39	198	202	21	0	1	2	0	38	126	129	51	62	7	0	40	13	0	111	113	28	8	0	132	208	198	158	5	1	0	0	7	59	54	5	0	8	0	
0	0	5	9	0	0	0	0	0	55	148	133	116	68	1	0	0	57	20	0	26	158	26	0	0	1	48	98	150	62	0	1	0	1	102	131	117	125	74	0	0	100	21	0	0	78	122	0	0	69	139	131	132	101	14	0	0	0	7	15	8	0	0	0	
0	0	2	0	0	0	2	0	0	2	0	39	101	28	0	0	2	0	91	252	247	198	130	0	0	69	255	169	22	6	150	27	0	112	181	38	0	0	139	60	0	89	169	61	40	144	170	3	0	3	109	171	163	129	8	0	0	0	0	0	0	0	2	1	
0	0	3	0	0	1	0	0	0	0	0	15	20	1	0	0	2	0	105	233	216	82	0	3	0	32	221	58	144	177	0	3	0	29	226	221	255	157	0	4	1	0	44	57	129	115	0	4	0	0	3	0	77	160	0	2	0	0	3	0	21	160	15	0	
0	0	1	1	0	0	0	0	0	0	1	0	2	22	34	11	1	0	26	111	70	168	172	60	1	0	180	148	0	0	1	0	0	1	98	103	121	17	0	1	0	38	99	49	167	28	0	1	0	9	104	148	56	0	2	0	0	0	0	0	1	1	0	0	
0	1	1	0	0	1	0	0	1	0	15	81	76	6	0	0	0	27	176	122	147	123	0	3	0	93	96	0	0	110	41	0	0	53	145	7	34	196	60	0	1	0	91	160	163	178	11	0	0	1	0	3	13	154	3	0	0	0	3	0	5	70	2	0	
0	0	0	0	2	1	0	0	0	0	0	4	0	125	91	0	0	0	3	0	59	231	35	0	0	1	0	13	227	117	0	3	0	1	0	179	171	0	2	0	2	0	128	225	13	0	1	0	0	4	182	63	0	3	0	0	0	0	0	1	1	0	0	0	
0	0	0	7	3	0	0	0	1	0	15	130	99	4	0	0	2	0	50	69	77	57	0	2	1	0	18	167	175	26	0	1	0	0	12	44	53	76	0	3	0	4	11	0	55	85	0	3	0	6	111	113	122	16	0	1	0	0	5	17	6	0	0	0	
0	0	0	1	0	0	2	1	0	0	0	0	36	17	6	0	0	3	0	84	223	145	132	15	0	4	0	156	52	24	184	24	0	0	0	170	147	149	62	0	0	86	229	191	41	4	0	1	0	77	155	32	0	3	3	0	0	0	0	1	2	0	0	0	
0	0	1	0	0	0	0	0	0	2	0	51	133	68	0	0	3	0	65	205	151	255	164	0	0	128	233	133	147	202	73	0	0	36	183	255	254	111	0	3	2	0	198	158	33	228	30	0	2	0	104	215	209	122	0	1	0	1	0	29	32	1	0	0	
0	0	0	0	2	0	0	0	0	0	0	2	0	139	34	0	0	0	4	0	99	190	0	1	0	1	0	24	217	50	0	2	1	0	0	190	139	0	3	0	3	0	131	199	0	1	0	0	1	0	155	49	0	2	0	0	0	0	0	1	1	0	0	0	
0	0	1	0	0	0	0	0	0	0	0	72	130	20	0	1	2	0	59	60	92	107	0	4	4	0	118	63	93	88	0	3	2	0	36	139	171	45	0	2	0	0	14	0	95	43	0	2	2	0	34	190	128	0	1	0	0	1	0	31	20	0	1	0	
0	0	1	0	20	78	0	1	0	1	0	7	163	91	0	2	0	1	0	151	105	0	2	0	3	0	93	201	109	112	4	0	4	0	149	185	48	155	45	0	4	0	125	191	115	139	7	0	1	0	14	89	80	8	0	1	0	0	0	0	0	2	1	0	
0	0	1	1	0	1	1	0	0	1	0	66	20	0	11	1	1	0	28	130	0	41	111	0	3	0	135	62	0	152	48	0	2	0	81	109	157	94	0	3	0	2	0	46	140	0	2	0	0	2	0	117	43	0	2	0	0	0	0	15	2	0	0	0	
0	0	1	0	0	1	1	0	0	1	0	109	165	51	0	2	4	0	110	227	173	208	13	0	0	19	191	33	0	168	67	0	0	104	166	0	0	200	60	0	0	80	191	0	89	210	2	0	0	0	153	207	216	77	0	3	0	0	1	42	21	0	1	0	
0	0	0	0	0	0	0	0	0	0	21	16	13	2	0	0	1	0	149	196	220	65	0	3	0	0	4	4	186	75	0	3	0	1	0	11	190	22	0	1	0	2	0	66	161	0	3	0	0	4	0	136	127	0	4	0	0	2	0	120	40	0	1	0	
0	0	2	0	0	1	1	0	0	2	0	66	219	69	0	3	3	0	82	224	157	190	4	0	0	11	211	60	0	171	63	0	0	82	135	0	1	197	68	0	0	52	176	54	180	182	0	1	1	0	125	225	151	14	0	1	0	1	0	0	0	2	1	0	
0	0	1	0	9	3	0	0	0	1	0	62	86	21	13	0	2	0	60	59	0	91	18	0	2	0	111	104	104	31	0	1	0	0	2	125	162	61	0	2	2	0	44	94	54	95	0	3	1	0	8	138	101	9	0	1	0	0	0	4	6	0	0	0	
0	0	0	0	0	0	0	0	0	0	0	7	136	14	0	1	0	2	0	57	220	7	0	1	0	3	0	98	184	0	2	0	0	3	0	159	156	0	4	0	0	0	0	214	90	0	3	0	0	0	2	153	33	0	1	0	0	0	0	0	1	0	0	0	
0	0	1	0	0	0	0	0	1	0	8	100	164	70	0	2	4	0	140	211	120	73	0	2	3	0	116	184	125	23	0	1	0	0	0	10	86	210	28	0	0	0	17	0	69	186	14	0	3	0	113	200	140	26	0	1	0	0	10	28	0	1	1	0	
0	0	0	0	0	0	0	0	2	0	37	176	214	69	0	3	3	0	104	169	94	171	0	0	0	0	1	0	20	191	13	0	0	39	216	217	221	129	0	3	0	28	214	255	255	137	2	0	0	0	6	43	46	190	36	0	0	1	1	0	0	0	0	0	
0	0	1	0	0	0	0	0	0	0	0	61	79	7	0	0	3	0	104	167	176	124	0	4	4	0	141	71	110	120	0	4	2	0	44	144	194	74	0	3	0	0	4	0	112	61	0	2	0	0	2	26	155	48	0	2	0	1	0	82	98	3	0	0	
0	0	0	0	0	0	0	0	1	0	4	128	200	103	0	3	1	0	22	124	139	176	0	2	0	2	0	124	255	122	0	4	0	0	0	73	113	176	0	2	0	45	181	36	175	142	0	3	0	14	141	210	146	6	0	1	0	0	0	0	0	1	0	0	
0	0	1	1	0	0	0	0	2	0	52	114	5	1	0	0	0	1	0	121	157	0	3	0	1	0	19	166	179	21	0	1	1	0	22	19	82	122	0	4	0	1	0	14	150	53	0	2	2	0	56	151	67	0	2	0	0	0	7	4	0	1	0	0	
0	0	0	0	1	1	0	0	1	0	20	34	0	69	74	0	4	0	121	121	0	221	68	0	2	0	191	53	119	166	0	3	2	0	160	226	253	85	0	3	1	0	0	214	142	0	1	0	2	0	38	194	13	0	1	0	1	0	13	28	0	1	0	0	
0	0	2	4	3	4	1	0	0	18	2	0	0	0	0	0	0	105	152	103	89	110	18	0	0	0	35	70	85	210	18	0	0	1	3	0	119	109	0	3	0	2	0	48	187	3	0	0	0	0	0	168	63	0	2	0	1	0	26	105	0	2	0	0	
0	0	0	1	3	3	1	0	0	0	0	2	0	0	0	0	0	1	0	13	155	173	179	62	0	0	1	146	102	42	37	8	1	0	36	197	39	0	2	0	0	57	143	157	109	0	5	0	0	4	90	95	7	0	0	0	0	0	0	0	0	0	0	0	
0	0	9	47	45	0	0	0	1	0	25	140	200	112	0	4	0	0	2	0	168	98	0	3	0	3	0	75	203	1	1	1	1	0	22	196	68	0	2	0	0	3	209	190	48	59	38	0	0	17	135	122	139	115	55	0	0	0	0	0	0	0	0	0	
0	1	0	21	76	0	1	0	0	3	0	129	154	0	5	0	1	0	31	203	18	0	1	0	3	0	142	102	108	207	53	0	0	19	189	125	158	127	158	0	0	1	186	255	192	201	81	0	1	0	26	74	87	51	0	1	0	0	1	0	0	0	1	0	
0	0	0	0	0	0	0	0	0	1	0	38	120	0	2	0	0	3	0	102	186	0	3	0	0	3	0	100	178	0	3	0	0	3	0	144	145	0	4	0	0	1	0	214	156	0	4	0	0	1	0	161	84	0	3	0	0	0	0	0	0	0	0	0	
0	0	0	0	0	0	0	0	0	0	2	5	15	5	0	0	2	0	149	216	230	138	0	3	0	0	34	26	136	165	0	4	0	1	0	7	212	58	0	2	0	3	0	162	149	0	3	0	3	0	80	214	9	0	1	0	3	0	124	80	0	3	0	0	
0	3	4	3	2	3	1	0	0	0	0	0	0	0	0	0	3	81	147	138	124	131	26	0	12	122	90	48	18	112	131	0	0	0	0	2	0	132	64	0	0	3	6	0	85	161	0	1	0	2	0	61	153	8	0	1	0	1	0	145	48	0	2	0	
0	0	0	1	0	0	0	0	0	1	0	12	129	98	3	0	0	3	0	138	145	219	101	0	0	1	0	160	198	147	3	0	2	0	37	249	151	0	3	0	4	0	126	124	138	18	0	1	3	0	75	197	188	23	0	1	0	0	1	56	29	0	1	0	
0	0	3	3	3	3	0	0	0	1	0	0	0	1	2	0	1	0	63	155	185	86	0	3	0	104	156	50	82	210	48	0	0	124	143	0	0	26	154	21	0	0	133	168	130	97	154	27	0	1	0	18	52	75	27	0	0	1	3	0	0	0	1	1	
0	0	2	1	0	1	1	0	0	1	0	19	86	40	0	1	2	0	57	174	159	193	16	0	4	0	150	167	100	225	36	0	1	0	30	121	249	110	0	3	0	2	0	67	181	0	0	0	1	0	9	215	68	0	3	0	1	0	16	78	0	1	0	0	
0	0	0	0	0	0	0	0	0	0	1	27	53	90	108	21	2	0	36	193	154	118	76	11	3	0	127	158	97	94	13	0	0	3	75	38	0	94	97	0	0	59	43	0	32	133	40	0	0	105	160	127	124	49	0	1	0	4	29	11	0	1	1	0	
0	0	2	1	0	0	0	0	0	2	0	37	188	176	0	0	2	0	66	232	121	185	34	0	0	11	219	85	0	126	95	0	0	98	165	0	6	207	75	0	0	100	155	36	202	165	0	2	0	12	162	215	133	4	0	1	0	1	0	0	0	2	0	0	
0	0	0	0	0	1	0	0	0	2	0	79	119	6	0	1	1	0	8	163	111	104	0	2	2	0	48	114	0	126	0	1	2	0	54	76	47	119	0	4	1	0	41	62	129	63	0	2	1	0	4	174	119	0	2	0	0	1	0	31	10	0	0	0	
0	0	0	0	0	0	0	0	0	0	3	0	95	87	0	3	0	0	1	0	197	82	0	3	0	3	0	74	204	3	0	1	0	2	0	172	116	0	3	0	3	0	71	224	7	0	1	0	3	0	96	111	0	3	0	0	0	0	0	0	0	0	0	0	
0	0	0	0	0	0	0	0	0	0	2	0	52	81	0	3	0	0	3	0	98	68	0	3	0	0	0	6	137	12	0	1	0	3	0	98	95	0	3	0	1	0	21	161	7	0	0	0	3	0	71	110	0	3	0	0	0	0	2	1	0	0	0	0	
0	0	0	0	0	0	0	0	0	8	180	211	150	22	0	1	0	6	90	55	101	139	0	2	0	0	1	0	28	183	4	0	0	36	222	220	246	132	0	4	0	29	194	183	157	176	14	0	0	0	0	2	0	98	139	0	0	1	2	3	4	0	5	1	
0	0	1	2	0	1	0	0	0	0	1	0	0	4	23	0	1	0	24	83	0	47	114	0	0	1	169	74	0	133	48	0	0	6	125	117	183	129	0	3	0	2	0	46	156	3	0	0	0	2	0	118	38	0	1	0	0	0	3	40	1	1	0	0	
0	0	0	0	0	0	0	0	0	1	0	142	214	103	0	1	0	1	0	40	32	194	46	0	0	3	0	62	215	178	0	1	0	6	0	67	116	159	16	0	0	135	93	41	107	188	9	0	0	47	183	201	164	43	0	2	0	0	0	0	0	1	0	0	
0	0	1	0	2	1	0	0	1	0	51	29	0	1	0	0	0	8	160	94	117	19	0	1	0	23	89	0	112	46	0	2	0	1	0	83	192	117	12	0	0	0	4	9	127	34	0	1	0	0	1	0	114	11	0	0	0	0	0	3	37	0	0	0	
0	0	1	0	0	1	0	0	0	0	0	53	15	0	34	7	3	0	64	234	18	39	215	21	0	0	206	81	0	207	136	0	0	1	199	177	189	191	0	0	1	0	2	199	222	17	0	2	2	0	36	224	35	0	2	0	1	0	29	69	0	3	0	0	
0	0	1	6	1	0	0	0	3	0	67	185	142	16	0	1	0	0	18	0	164	82	0	3	0	3	0	132	232	12	0	1	0	1	0	19	154	119	0	3	2	0	73	95	99	138	0	4	2	0	69	168	184	36	0	2	0	0	0	0	0	0	0	0	
0	0	2	0	34	69	0	2	0	1	0	12	197	100	0	3	0	0	0	176	98	0	3	0	4	0	107	152	57	97	0	0	3	0	150	159	171	198	48	0	3	0	116	247	175	155	14	0	0	0	8	70	83	21	0	1	0	0	1	0	0	1	1	0	
0	0	1	3	0	0	1	1	0	1	2	0	51	68	5	0	1	0	6	162	204	124	104	7	0	3	189	168	38	55	30	17	0	106	243	118	222	242	20	0	0	31	155	110	127	201	0	2	0	0	3	0	89	137	0	4	0	1	4	1	16	34	0	1	
0	0	0	0	0	1	0	0	0	0	17	19	19	5	0	0	2	0	158	238	238	148	0	2	1	0	15	25	83	193	0	1	0	0	3	0	147	141	0	4	0	3	0	76	230	22	0	1	2	0	33	236	79	0	3	0	3	0	81	130	0	3	0	0	
0	0	0	0	1	2	0	0	0	8	19	22	5	0	0	0	0	66	158	155	167	45	0	2	0	0	4	0	120	115	0	4	0	0	2	0	156	45	0	2	0	2	0	41	154	0	1	0	0	3	0	99	133	0	3	0	0	2	0	63	128	0	1	0	
0	0	0	0	2	1	0	0	0	2	0	34	182	162	11	0	0	4	0	115	104	147	142	0	0	3	0	103	233	203	57	0	2	0	90	216	181	17	0	1	0	17	219	63	157	27	0	1	0	0	126	197	135	0	1	0	0	0	1	4	0	0	0	0	
0	0	0	2	1	0	0	0	0	1	8	0	4	12	0	0	0	6	192	175	182	174	0	1	3	0	170	89	113	153	0	4	3	0	154	50	138	96	0	3	1	0	50	2	178	52	0	2	0	1	0	23	200	12	0	1	0	1	0	24	121	0	1	0	
0	0	0	2	1	0	1	0	0	0	3	0	40	183	26	0	0	2	0	71	165	168	64	0	3	0	91	180	0	96	81	0	0	31	155	2	24	178	24	0	0	95	85	65	209	83	0	3	0	40	193	165	38	0	2	0	0	0	1	0	1	2	0	0	
0	0	0	10	6	1	0	0	2	0	65	146	112	0	0	0	0	11	156	0	131	78	0	2	0	0	110	117	166	122	0	3	3	0	79	152	41	118	50	0	4	0	99	84	0	69	106	0	1	0	12	124	112	107	15	0	0	0	0	4	13	1	0	0	
0	0	0	0	1	0	0	0	0	0	2	0	60	135	0	3	0	0	4	0	161	133	0	4	0	2	0	38	212	25	0	1	0	3	0	167	135	0	3	0	3	0	72	222	15	0	1	0	3	0	132	103	0	3	0	0	0	0	0	1	1	0	0	0	
0	0	1	1	0	0	0	0	0	1	0	41	84	3	0	0	1	0	29	141	141	71	0	3	4	0	99	62	77	97	0	3	2	0	49	142	198	33	0	2	0	0	0	11	144	11	0	1	0	0	0	10	193	55	0	2	0	0	0	1	73	11	0	0	
0	0	0	0	1	0	1	0	2	0	59	215	212	155	24	0	2	0	69	129	48	94	169	0	0	0	0	2	0	42	176	0	0	99	177	179	172	186	51	0	0	198	232	219	216	213	90	0	0	12	55	40	0	33	73	0	0	0	0	0	1	1	0	0	
0	0	0	0	0	1	1	0	0	0	57	126	111	17	0	1	0	73	218	73	101	138	5	0	1	0	108	207	177	91	0	0	0	16	154	37	27	160	43	0	0	12	147	16	0	84	116	0	2	0	57	143	99	159	51	0	0	1	0	16	65	31	0	1	
0	0	0	0	1	2	0	0	3	0	77	208	208	164	19	0	1	0	42	58	26	202	61	0	1	0	28	123	196	157	0	1	3	0	54	161	162	155	0	2	71	176	77	45	135	191	0	1	20	113	170	204	162	23	0	1	0	0	0	0	0	0	0	0	
0	1	0	5	4	0	0	0	2	0	56	157	85	0	1	0	0	44	160	25	135	9	0	1	0	25	6	83	116	0	3	0	1	0	33	146	10	5	23	14	2	0	179	208	163	158	175	72	0	0	57	53	26	7	2	0	0	0	0	0	0	0	0	1	
0	1	0	0	0	1	0	0	0	1	26	2	0	11	99	3	0	43	175	0	0	115	171	0	0	118	163	0	39	219	32	0	0	33	205	183	227	153	0	4	1	0	1	177	207	15	0	1	1	0	31	185	19	0	1	0	0	0	10	24	0	2	0	0	
0	0	0	5	51	6	0	0	0	2	0	137	177	12	0	1	2	0	58	185	0	3	1	0	4	0	112	113	0	4	0	0	4	0	96	164	79	75	0	0	1	0	6	216	231	191	15	0	0	1	0	26	134	71	0	2	0	0	1	1	0	0	0	0	
0	0	0	0	0	0	1	0	1	0	36	71	46	14	0	0	3	0	140	222	165	216	62	0	0	0	4	0	22	229	64	0	0	3	0	29	211	88	0	2	2	0	62	196	67	0	2	0	0	82	211	44	0	4	0	0	0	63	61	0	4	0	0	0	
0	0	0	19	6	0	2	0	1	0	8	169	127	86	0	1	3	0	73	177	11	165	98	0	4	0	142	115	0	16	140	2	1	0	196	57	0	52	146	0	1	0	199	122	117	199	51	0	2	0	51	155	112	25	0	1	0	0	0	0	0	1	2	0	
0	0	0	1	0	0	1	0	0	1	0	18	135	38	0	1	0	2	0	139	114	193	92	0	0	0	0	155	124	219	57	0	2	0	71	237	190	5	0	1	0	21	177	32	128	1	2	0	0	8	144	165	145	0	1	0	1	0	15	65	18	0	1	0	
0	1	1	0	0	1	2	0	2	0	28	190	145	30	0	1	0	6	192	110	93	206	45	0	0	120	128	0	0	107	160	0	0	178	58	0	0	41	198	0	0	145	188	77	43	124	182	0	0	9	89	146	167	158	30	0	0	1	0	0	0	0	1	0	
0	0	1	1	0	0	0	0	0	1	0	14	91	28	0	1	1	0	13	145	170	138	0	3	3	0	63	211	108	194	8	0	0	1	0	52	242	128	0	3	0	3	0	92	173	0	1	0	2	0	26	220	44	0	2	0	1	0	30	66	0	2	0	0	
0	1	0	0	1	2	0	0	0	0	8	21	5	0	0	0	0	46	187	165	174	57	0	2	0	12	28	0	94	150	0	4	0	0	2	0	156	78	0	3	0	3	0	69	180	0	1	0	0	2	0	161	69	0	2	0	0	0	0	112	13	0	0	0	
0	1	0	12	64	20	0	1	0	2	0	56	174	157	0	0	0	1	2	0	67	172	0	0	0	1	0	143	249	86	0	4	0	13	8	13	103	130	0	4	4	196	165	106	197	48	0	2	0	31	123	148	38	0	1	0	0	0	0	0	1	1	0	0	
0	0	0	11	4	0	0	0	1	0	10	93	119	38	0	2	0	0	3	0	20	129	8	0	0	0	0	0	4	117	7	0	1	0	40	131	164	48	0	2	0	5	149	103	115	28	0	1	0	0	2	0	54	57	0	2	0	0	2	3	2	2	0	0	
0	0	1	0	0	0	0	0	0	0	2	13	0	67	25	0	2	0	48	143	0	187	31	0	4	0	128	108	50	170	0	2	3	0	96	195	212	75	0	3	0	3	0	80	200	0	0	1	0	2	0	172	96	0	3	0	0	0	2	42	7	0	0	0	
0	0	1	0	0	0	0	0	0	0	1	71	133	135	14	0	2	0	152	208	184	241	23	0	0	1	50	109	240	80	0	3	0	1	0	108	194	124	0	3	0	25	33	0	93	208	0	1	0	36	194	193	223	104	0	2	1	0	35	60	15	0	0	0	
0	0	0	0	0	0	0	0	0	0	3	0	95	53	0	2	0	0	3	0	161	59	0	2	0	1	0	25	169	2	0	0	0	3	0	116	120	0	3	0	1	0	4	191	39	0	2	0	2	0	49	137	0	2	0	0	0	0	0	1	1	0	0	0	
0	0	1	1	0	0	0	0	0	0	0	25	29	44	82	34	1	0	20	131	96	99	51	4	3	0	85	158	69	20	0	1	2	0	63	69	60	115	0	3	0	18	17	0	59	113	0	3	0	20	91	99	135	22	0	1	0	0	15	42	6	0	0	0	
0	0	1	1	0	2	0	0	0	1	0	36	5	26	77	0	1	0	27	165	0	144	120	0	4	0	128	183	70	187	3	0	1	0	35	145	255	95	0	4	0	3	0	120	130	0	3	0	2	0	35	180	8	0	1	0	1	0	14	21	0	1	0	0	
0	0	1	0	0	0	0	0	1	0	11	141	97	0	1	0	0	0	164	187	199	3	0	0	1	0	117	225	222	58	0	2	1	0	34	75	47	179	5	0	0	0	6	0	35	183	9	0	3	0	79	219	210	79	0	3	0	0	5	50	27	0	1	0	
0	0	0	8	69	0	0	0	0	3	0	87	161	0	3	0	1	0	13	175	22	0	1	0	3	0	97	126	99	118	0	0	3	0	162	212	145	207	45	0	4	0	155	255	173	169	9	0	1	0	13	71	71	10	0	1	0	0	1	0	0	1	1	0	
0	0	3	13	5	0	0	0	0	14	151	145	150	98	0	1	0	37	64	0	0	139	23	0	0	0	2	0	55	148	0	0	0	2	0	87	180	29	0	2	3	0	131	187	20	0	1	0	1	0	98	137	125	120	23	0	0	0	0	0	9	15	2	0	
0	0	1	0	55	12	0	0	0	1	0	26	145	2	1	0	0	3	0	112	71	0	2	0	1	0	22	129	77	160	37	0	3	0	58	212	177	191	48	0	2	0	34	246	165	44	0	1	0	0	0	53	13	0	1	0	0	0	1	0	2	3	0	0	
0	0	1	0	1	0	0	0	0	0	8	70	17	0	1	0	3	0	110	109	97	1	0	0	1	0	158	31	157	41	0	2	2	0	43	108	179	25	0	1	0	0	2	0	158	38	0	1	0	0	4	0	171	46	0	2	0	0	1	0	60	10	0	0	
0	0	0	0	0	0	0	0	0	0	5	5	10	11	0	0	3	0	113	212	195	200	9	0	0	0	15	20	104	161	0	3	0	1	0	14	186	41	0	2	0	1	0	177	113	0	3	0	3	0	135	158	0	3	0	0	0	8	140	17	0	1	0	0	
0	0	1	0	1	0	0	0	1	0	9	142	153	46	0	2	3	0	110	148	56	154	0	3	2	0	108	14	55	159	0	3	0	0	3	0	146	110	0	4	3	0	58	179	226	126	9	0	2	0	32	177	64	1	3	0	0	0	0	2	0	0	0	0	
0	0	0	0	0	0	0	0	0	2	0	90	191	163	6	0	0	1	0	42	107	163	0	0	0	0	4	138	245	127	0	4	0	0	6	75	43	155	6	0	0	87	89	36	164	128	0	3	0	86	217	194	106	2	0	0	0	0	0	0	0	1	0	0	
0	0	0	0	0	0	0	0	0	2	0	72	154	1	0	1	0	4	0	117	253	17	0	1	0	4	0	110	245	16	0	1	0	3	0	129	240	13	0	1	0	3	0	183	210	0	1	0	0	2	0	135	129	0	2	0	0	0	0	0	0	0	0	0	
0	0	0	0	0	0	0	0	1	0	19	116	147	63	0	2	2	0	58	125	149	149	0	4	0	0	2	118	235	74	0	3	1	0	10	87	93	156	0	2	0	19	3	0	149	112	0	3	0	109	195	209	126	0	0	0	0	1	40	26	0	2	0	0	
0	0	8	13	0	0	0	0	0	28	178	201	179	49	0	2	0	2	30	8	123	181	0	3	0	2	0	9	209	133	0	4	2	0	30	212	161	0	0	1	0	42	239	251	177	176	111	26	0	22	97	71	49	83	102	20	0	0	0	0	0	0	0	0	
0	0	1	0	33	27	0	1	0	1	0	141	218	168	66	0	0	2	0	82	28	17	167	4	0	0	5	23	0	30	162	0	0	63	172	171	167	190	89	0	0	204	153	119	221	214	13	0	0	77	153	121	25	68	36	0	0	0	0	0	0	0	0	0	
0	0	0	0	0	0	0	0	2	0	50	217	197	50	0	2	3	0	89	99	63	184	0	1	0	0	3	53	85	194	24	0	2	0	108	229	221	247	172	9	0	15	238	184	173	43	41	16	0	1	150	171	63	0	2	0	0	0	0	0	1	2	2	1	
0	0	0	0	0	0	0	0	0	0	2	0	118	37	0	1	0	1	0	13	197	27	0	1	0	3	0	82	188	0	2	0	0	3	0	164	116	0	3	0	1	0	20	213	32	0	1	0	2	0	40	137	0	1	0	0	0	0	0	0	1	0	0	0	
0	0	0	1	1	1	0	0	0	1	0	37	48	0	1	0	0	0	2	106	112	40	0	2	0	0	12	125	151	38	0	2	0	1	0	109	135	0	3	0	0	3	0	69	73	0	2	0	0	3	0	89	46	0	2	0	0	1	0	26	14	0	0	0	
0	0	1	0	1	3	0	0	0	1	0	55	27	0	1	0	2	0	48	207	113	56	8	0	4	0	142	99	106	223	7	0	2	0	46	161	230	132	0	4	0	0	1	0	181	67	0	3	0	2	0	51	199	2	0	1	0	1	0	36	66	0	1	0	
0	0	0	1	3	0	0	0	0	14	53	12	0	2	0	0	0	84	183	169	98	0	2	0	0	2	0	25	183	96	0	4	1	0	110	180	170	222	36	0	0	14	187	13	75	205	147	7	0	2	38	1	39	14	17	9	0	0	0	1	0	2	1	0	
0	0	1	1	0	2	0	0	0	2	0	82	30	0	31	3	2	0	44	193	0	70	184	0	2	0	182	111	13	218	56	0	2	0	127	200	252	119	0	4	0	3	0	90	176	0	2	0	0	0	0	173	43	0	2	0	0	0	4	29	0	1	0	0	
0	0	0	0	0	0	0	0	1	0	38	134	142	23	0	1	0	5	186	133	181	168	0	4	0	2	9	0	178	139	0	4	0	2	0	147	198	0	0	1	3	0	79	225	13	7	1	0	3	0	72	225	176	98	0	2	0	0	0	42	48	3	0	0	
0	0	0	0	0	0	0	0	0	0	4	20	69	56	0	1	3	0	79	207	203	210	1	0	0	0	13	0	136	138	0	3	0	3	0	75	211	9	0	1	2	0	33	224	52	0	2	0	0	0	196	107	0	4	0	0	0	11	87	1	1	0	0	0	
0	0	1	1	0	0	0	0	0	0	0	10	68	52	0	0	1	0	31	135	83	154	41	0	4	0	137	114	87	139	0	0	1	0	15	120	199	13	0	1	0	0	0	122	40	0	2	0	3	0	111	150	0	4	0	0	2	0	70	60	0	1	0	0	
0	0	0	0	1	1	0	0	0	2	0	107	205	182	59	0	0	1	0	43	9	105	137	0	1	5	0	79	177	196	28	0	0	1	0	70	90	154	38	0	15	137	50	21	105	162	7	0	22	178	200	198	151	21	0	1	0	0	1	1	0	1	1	0	
0	0	0	0	0	0	0	0	0	0	10	24	32	13	0	0	2	0	55	127	152	195	4	0	0	0	3	0	82	123	0	3	0	1	0	26	173	20	0	1	0	0	0	158	75	0	3	0	2	0	121	129	0	3	0	0	0	14	131	10	0	0	0	0	
0	0	0	1	3	2	2	1	0	0	1	2	0	0	0	0	0	1	0	18	132	146	141	43	1	0	17	150	66	32	26	7	2	0	48	149	36	0	2	0	0	48	103	120	64	0	3	0	0	8	86	70	0	0	0	0	0	0	0	0	0	0	0	0	
0	0	1	0	0	0	0	0	0	1	0	43	86	24	0	1	3	0	108	176	138	197	0	0	0	0	30	0	135	151	0	3	1	0	2	173	236	37	5	2	0	75	248	214	169	170	109	5	0	45	79	0	0	1	0	0	0	0	0	1	2	0	0	0	
0	0	2	1	0	2	0	0	0	2	0	74	29	0	85	50	2	0	71	198	0	49	216	30	0	15	200	34	0	204	78	0	0	24	205	160	220	139	0	4	1	0	18	220	172	0	3	0	2	0	50	177	7	0	1	0	1	0	18	14	0	1	0	0	
0	0	0	0	0	0	0	0	0	1	0	19	94	0	1	0	0	1	0	28	144	0	1	0	0	1	0	41	109	0	3	0	0	3	0	96	83	0	3	0	0	2	0	141	30	0	1	0	0	0	3	103	5	0	0	0	0	0	0	0	0	0	0	0	
0	0	2	2	0	1	0	0	0	1	0	8	73	20	0	1	1	0	26	174	208	148	0	2	4	0	170	127	13	218	40	0	3	0	128	185	233	188	0	0	0	2	0	56	221	38	0	2	1	0	13	205	78	0	3	0	1	0	30	90	0	2	0	0	
0	0	0	0	0	0	0	0	1	0	19	100	92	5	0	0	1	0	30	15	62	88	0	3	0	0	1	60	111	37	0	2	0	0	4	49	125	67	0	2	0	0	1	0	90	72	0	2	1	0	25	104	72	0	1	0	1	0	22	21	0	2	0	0	
0	0	0	0	2	0	0	0	0	0	0	1	0	121	14	0	0	0	4	0	99	175	0	2	0	1	0	25	209	39	0	2	0	1	0	188	111	0	3	0	3	0	137	168	0	3	0	0	0	25	170	17	0	1	0	0	0	1	1	1	1	0	0	0	
0	0	1	1	0	1	0	0	0	1	0	38	27	21	14	0	2	0	36	155	21	147	19	0	4	0	135	58	86	133	0	4	3	0	98	190	216	21	0	1	0	2	0	83	135	0	3	0	0	3	0	149	63	0	2	0	0	0	2	72	6	0	0	0	
0	0	0	0	2	0	0	0	0	0	0	2	0	128	23	0	0	0	3	0	82	179	0	1	0	1	0	26	222	50	0	2	0	1	0	177	125	0	3	0	3	0	125	181	0	3	0	0	0	6	159	30	0	1	0	0	0	0	1	1	0	0	0	0	
0	0	1	1	0	0	0	0	0	0	0	14	27	0	0	0	1	0	15	101	140	33	0	2	2	0	43	72	89	55	0	2	0	1	0	91	169	13	0	1	0	0	0	11	94	0	1	0	0	2	0	51	84	0	3	0	0	2	0	57	57	0	2	0	
0	0	0	1	0	1	0	0	0	1	0	24	155	7	0	1	0	3	0	141	232	64	0	3	2	0	51	162	72	150	0	4	4	0	122	78	45	180	0	3	2	0	155	71	191	85	0	3	3	0	99	200	82	0	2	0	0	0	1	1	0	1	0	0	
0	0	0	0	0	1	0	0	1	0	31	58	0	4	3	0	3	0	115	109	0	77	40	0	3	0	70	87	0	125	9	0	1	0	20	119	115	104	0	3	0	1	0	20	106	49	0	2	0	0	3	0	100	35	0	1	0	0	0	0	18	7	0	0	
0	0	0	0	0	0	0	0	0	0	3	0	80	75	0	3	0	0	3	0	164	67	0	3	0	1	0	27	171	5	0	1	0	3	0	112	131	0	4	0	0	1	0	179	57	0	2	0	1	0	13	142	6	0	0	0	0	0	0	0	1	0	0	0	
0	0	0	1	4	3	0	0	0	11	10	0	0	0	0	0	24	199	190	170	151	54	0	1	5	30	23	38	115	226	19	0	0	0	2	0	46	223	18	0	0	2	2	0	188	123	0	3	0	2	0	133	176	0	0	1	1	0	14	149	17	0	1	0	
0	0	1	1	1	1	0	0	0	0	0	2	0	79	19	0	1	0	39	58	48	167	0	0	4	0	124	89	150	49	0	2	2	0	45	211	209	9	0	1	0	0	0	161	43	0	0	0	2	0	47	137	0	3	0	0	0	0	9	15	0	1	0	0	
0	0	0	1	0	0	0	0	0	0	0	10	108	22	1	0	0	3	0	103	166	146	1	0	1	0	36	138	78	141	0	4	1	0	183	134	192	171	0	0	0	6	115	160	184	19	1	0	0	3	0	79	91	0	3	0	0	1	1	19	11	0	0	0	
0	0	1	0	30	42	0	2	0	0	3	0	126	59	0	2	0	2	0	50	116	0	2	0	1	0	0	172	171	55	0	2	4	0	104	200	108	121	0	4	4	0	134	216	135	33	0	1	1	0	12	68	16	0	1	0	0	0	0	0	1	2	0	0	
0	0	0	2	7	0	0	0	0	3	0	88	197	106	0	3	0	1	0	48	172	127	0	3	0	5	0	127	251	45	0	2	0	0	1	0	193	94	0	4	0	56	29	157	183	0	0	1	0	124	182	138	16	0	1	0	0	0	1	0	1	1	0	0	
0	0	0	2	0	0	0	0	0	0	3	0	123	124	0	3	0	3	0	94	198	135	0	3	2	0	47	187	40	123	0	2	3	0	148	64	64	116	0	4	0	0	169	45	179	61	0	2	3	0	103	217	119	0	2	0	0	0	0	1	0	1	0	0	
0	0	0	5	7	0	0	0	1	0	12	134	142	44	0	2	2	0	43	124	1	140	4	0	0	2	0	120	153	94	6	0	1	0	11	127	170	37	0	2	3	0	125	55	82	87	0	3	2	0	77	140	111	5	0	0	0	0	1	10	0	0	0	0	
0	0	0	0	0	0	1	0	0	1	0	71	178	173	33	0	1	0	23	232	159	57	114	0	0	0	11	43	0	10	144	5	0	86	174	175	182	181	115	0	0	191	195	172	226	208	50	0	0	15	67	74	23	3	16	0	0	0	0	0	1	2	0	0	
0	0	0	0	0	0	0	0	0	0	1	0	86	39	0	2	0	0	1	0	189	60	0	2	0	2	0	41	197	2	0	1	0	4	0	126	167	0	3	0	0	3	0	173	90	0	3	0	0	1	0	161	56	0	2	0	0	0	0	16	11	0	0	0	
0	0	0	0	1	0	0	0	0	0	3	0	84	62	0	2	0	0	2	0	176	65	0	3	0	2	0	56	184	0	1	0	0	3	0	160	104	0	3	0	2	0	49	202	7	0	1	0	3	0	80	110	0	3	0	0	0	0	0	1	1	0	0	0	
0	0	0	0	0	0	0	0	0	2	49	71	77	51	0	0	0	26	233	209	234	108	0	3	0	67	255	199	207	174	41	0	0	102	195	78	38	161	204	0	0	9	4	1	0	42	202	3	2	0	58	166	142	206	132	0	0	0	7	80	113	72	4	0	
0	0	0	0	0	0	0	0	1	0	17	55	72	26	0	1	3	0	63	195	194	182	0	1	0	0	2	0	63	173	0	2	0	0	1	0	188	68	0	3	0	3	0	134	164	0	3	0	2	0	58	201	15	0	1	0	2	0	42	47	0	2	0	0	
0	0	1	1	0	0	0	0	0	2	0	37	209	76	0	3	1	0	5	141	219	132	0	4	3	0	74	162	54	188	12	0	4	0	117	104	0	174	42	0	4	0	144	90	62	171	0	0	3	0	78	179	151	42	0	2	0	0	0	4	1	1	0	0	
0	0	0	1	1	0	0	0	0	0	0	1	1	2	11	5	0	2	0	23	115	144	144	48	0	0	4	140	30	3	4	0	1	0	58	132	48	0	2	0	0	57	105	94	89	0	3	0	0	9	86	81	5	0	0	0	0	0	0	0	1	0	0	0	
0	0	1	0	11	5	0	0	0	2	0	38	212	50	0	2	1	0	7	198	99	0	2	0	3	0	149	203	131	201	74	0	0	52	242	251	173	206	132	0	0	55	238	249	234	151	3	0	1	0	65	105	45	0	1	0	0	1	0	0	0	2	1	0	
0	0	1	0	18	24	0	1	0	1	0	10	176	159	0	1	0	1	0	164	80	125	52	0	3	0	125	154	0	144	41	0	0	20	171	0	54	177	0	0	0	59	174	78	212	63	0	3	0	0	111	154	55	0	2	0	0	0	0	0	1	2	0	0	
0	0	0	2	2	0	0	0	0	0	2	0	5	85	22	0	0	3	0	32	203	224	156	0	2	0	61	215	107	109	112	0	0	46	203	24	53	170	4	0	0	168	53	93	155	13	0	1	0	133	173	120	0	1	1	0	0	8	21	0	2	1	0	0	
0	0	0	2	0	0	0	0	0	0	3	0	109	153	0	2	0	3	0	121	202	178	20	0	3	0	94	187	2	132	18	0	0	7	181	22	30	169	0	1	0	43	181	40	192	110	0	3	0	0	141	201	96	0	2	0	0	0	0	0	0	1	0	0	
0	0	3	0	0	0	0	0	0	0	1	0	74	38	0	1	0	0	101	0	167	86	0	3	0	13	217	17	119	99	0	3	0	2	159	176	215	126	0	4	0	0	0	2	98	142	0	4	0	0	3	0	28	160	0	0	0	0	0	1	1	19	2	0	
0	0	0	0	0	0	1	0	0	4	139	191	211	154	10	0	0	10	172	201	75	127	149	0	0	1	1	20	0	124	170	0	0	43	202	233	255	228	23	0	0	179	255	229	162	203	29	0	0	76	94	31	0	83	121	0	0	0	0	0	4	1	6	0	
0	2	0	22	6	1	1	0	2	0	74	141	3	0	1	1	0	50	157	4	24	64	25	0	0	133	38	46	161	107	147	26	0	99	75	127	50	0	109	60	0	5	136	222	138	129	128	0	0	1	2	37	100	73	4	0	0	1	2	0	0	0	2	1	
0	0	1	1	0	1	0	0	0	2	0	28	176	211	79	0	2	0	31	240	126	151	116	0	2	0	178	131	0	140	121	0	0	41	202	5	0	209	80	0	0	44	212	56	148	208	3	0	1	0	137	223	167	24	0	1	0	0	0	0	0	1	0	0	
0	0	0	1	10	0	0	0	1	0	24	116	149	82	0	3	0	0	120	48	45	127	0	3	0	2	7	0	130	50	0	2	0	0	0	123	90	0	2	0	2	0	97	108	13	44	42	10	0	18	167	104	109	101	82	20	0	1	2	2	0	0	0	0	
0	0	3	0	50	64	0	2	0	2	0	41	194	58	0	2	1	0	19	185	50	0	2	0	3	0	134	99	84	142	22	0	0	7	178	167	110	151	112	0	3	0	159	227	115	152	28	0	1	0	21	41	56	14	0	1	0	0	1	0	0	1	1	0	
0	0	1	1	0	1	1	0	0	1	0	41	54	0	1	0	1	0	17	164	29	28	24	0	4	0	120	67	0	149	22	0	3	0	91	106	148	100	0	3	0	1	0	61	163	0	0	0	0	3	0	76	69	0	2	0	0	0	0	13	11	0	0	0	
0	0	1	1	0	0	0	0	0	0	0	6	75	131	86	0	1	0	17	143	113	201	169	0	1	0	29	131	140	146	9	0	2	0	36	246	133	0	3	0	1	0	154	79	99	0	3	0	0	0	144	162	110	0	3	0	1	0	25	58	6	0	0	0	
0	0	0	0	1	1	0	0	0	2	107	103	19	0	1	0	0	43	118	148	195	39	0	2	0	3	0	9	193	70	0	3	0	1	0	188	254	82	0	2	0	0	2	0	110	191	0	2	0	0	0	118	144	44	0	2	0	0	1	39	12	0	0	0	
0	0	0	0	0	1	0	0	0	2	0	142	227	55	0	2	0	3	0	49	94	176	6	0	0	0	2	0	25	201	15	0	0	95	218	185	218	112	0	3	0	168	255	195	212	145	0	1	0	9	26	0	8	160	32	0	0	1	0	2	2	0	0	0	
0	0	0	3	15	0	0	0	0	2	0	50	224	28	0	2	0	1	0	196	176	0	1	0	1	0	14	245	132	0	2	0	2	0	51	241	227	88	0	3	1	0	16	217	255	139	0	4	0	2	0	87	160	45	0	2	0	0	0	0	0	0	0	0	
0	0	1	1	0	3	1	0	0	1	0	43	65	0	0	0	1	0	29	181	154	120	4	0	4	0	114	81	17	223	28	0	3	0	114	179	230	132	0	4	0	0	2	59	194	26	0	1	0	3	0	102	131	0	4	0	0	1	0	71	30	0	1	0	
0	0	1	0	0	0	0	0	1	0	22	7	16	17	0	1	2	0	137	18	84	105	0	4	0	20	199	26	132	118	0	4	0	16	176	142	197	98	0	4	0	0	4	0	144	74	0	3	0	1	2	0	182	39	0	2	0	0	0	0	74	12	0	1	
0	1	0	26	42	0	0	0	3	0	70	224	208	101	0	3	2	0	52	59	0	155	22	0	0	0	0	1	0	164	28	0	1	0	39	89	147	149	0	2	0	33	244	255	247	142	0	3	0	16	128	78	6	91	9	0	0	0	0	0	0	0	0	0	
0	4	3	0	2	1	0	0	0	0	0	7	6	0	0	0	3	99	159	158	158	21	0	1	0	77	72	0	168	86	0	3	0	0	3	0	166	85	0	3	0	3	6	0	154	86	0	3	0	0	4	0	108	150	0	4	0	0	2	0	46	121	0	2	
0	0	0	1	7	0	0	0	2	0	28	170	174	86	0	2	1	0	24	48	110	167	0	2	0	3	0	98	245	80	0	3	0	5	2	5	15	135	3	0	0	128	137	31	107	169	0	0	0	44	165	204	178	36	0	2	0	0	0	0	0	0	0	0	
