500	64	10
0	0	0	0	0	0	0	0	1	0	76	100	121	119	17	0	0	66	242	158	75	29	3	0	0	88	185	31	47	6	0	0	0	0	116	170	173	177	10	0	0	0	0	2	0	185	108	0	0	2	0	88	163	185	37	0	0	0	0	14	31	5	0	0	
0	0	0	2	1	0	0	0	0	0	0	131	140	105	39	0	0	0	1	0	7	130	104	0	2	0	54	155	145	82	0	0	2	0	42	108	166	14	0	1	0	23	18	0	123	86	0	3	0	96	182	161	155	18	0	1	0	0	6	9	1	0	0	0	
0	0	0	0	0	0	0	0	0	9	72	97	104	64	0	1	0	86	126	25	49	48	6	0	0	49	160	96	94	108	121	16	0	20	106	15	0	0	137	52	0	90	61	14	50	137	108	0	0	15	106	114	97	47	0	0	0	0	0	0	0	0	2	0	
0	0	1	1	0	0	0	0	0	1	1	3	54	138	116	0	1	0	11	107	185	132	135	0	0	9	146	58	0	13	95	0	0	122	79	0	0	96	96	0	2	166	34	36	102	102	1	0	0	89	151	111	46	0	1	0	0	0	0	0	0	2	0	0	
0	0	0	1	2	0	1	0	2	0	47	136	198	78	0	2	2	0	154	70	24	152	34	0	0	0	130	14	0	133	85	0	0	2	135	0	52	203	7	0	3	0	144	149	236	96	0	3	1	0	22	197	136	0	0	0	0	0	1	0	0	2	0	0	
0	0	0	0	0	5	1	0	0	0	1	0	20	93	0	1	0	0	3	0	101	93	0	3	0	1	0	22	174	18	0	1	0	3	0	125	114	0	3	0	2	0	48	180	1	0	0	4	3	0	116	84	0	3	0	2	0	0	2	1	1	0	0	0	
0	0	0	1	11	0	0	0	0	1	0	71	118	35	0	2	1	0	33	97	68	74	0	3	1	0	10	118	136	0	0	0	0	3	0	76	132	102	0	3	0	0	12	109	114	77	0	3	1	0	10	168	91	0	1	0	0	0	0	3	2	1	0	0	
0	0	0	2	1	1	4	0	0	0	1	3	0	80	87	0	0	0	0	61	26	158	19	0	3	0	80	161	126	71	0	3	2	0	30	178	231	79	0	0	1	0	7	173	46	0	2	0	3	0	98	105	0	3	0	0	0	0	2	1	1	0	0	0	
0	0	0	0	0	0	0	0	1	0	19	126	159	44	0	2	4	0	110	185	178	215	0	0	1	0	18	121	208	137	0	2	1	0	8	183	248	51	0	3	0	0	6	17	182	160	0	4	2	0	49	238	184	44	0	2	0	0	7	29	2	0	0	0	
0	0	1	2	2	3	1	0	0	1	1	6	120	15	0	1	0	0	0	94	49	20	32	0	0	11	199	181	16	175	61	0	0	28	150	109	208	136	8	0	0	2	0	66	133	0	1	0	0	0	12	140	19	0	2	0	0	0	1	2	1	0	0	0	
0	0	0	2	3	1	0	0	0	1	0	45	138	35	0	2	1	0	38	155	68	149	0	2	2	0	54	156	0	160	11	0	2	0	60	98	17	179	0	0	3	0	74	125	155	101	0	3	1	0	10	183	124	0	2	0	0	0	0	0	0	1	0	0	
0	0	0	0	0	0	1	0	0	2	34	35	16	7	5	3	0	88	216	165	136	96	137	19	0	10	10	0	0	84	32	0	0	0	5	0	109	175	50	10	0	4	124	203	210	138	101	9	2	0	94	149	1	0	0	0	1	0	28	15	0	4	3	0	
0	0	2	1	0	0	2	0	0	2	0	44	106	52	0	1	2	0	62	248	221	221	130	0	0	11	215	138	0	12	205	36	0	117	183	0	0	130	194	1	0	159	181	50	190	215	29	0	0	45	209	220	144	7	0	1	0	0	3	1	0	2	2	0	
0	0	0	1	7	2	0	0	0	0	0	149	171	149	11	0	0	0	2	117	130	161	16	0	0	3	0	97	186	65	0	3	0	0	1	0	13	139	12	0	0	86	70	18	1	135	31	0	0	92	169	167	166	104	0	1	0	0	0	5	7	0	0	0	
0	0	0	0	0	0	0	0	0	133	189	183	129	26	0	1	0	86	57	21	176	207	0	0	1	0	36	96	224	125	0	3	1	0	111	160	173	171	93	0	0	11	21	43	52	202	163	0	0	123	184	155	180	112	7	0	0	3	2	0	0	0	1	0	
0	0	0	3	2	1	0	0	0	0	1	1	0	0	21	7	0	1	0	68	88	78	89	10	2	0	53	200	89	20	0	1	1	0	30	61	82	130	0	3	0	36	31	41	124	75	0	2	0	30	97	78	28	0	1	0	0	0	0	0	1	2	0	0	
0	0	0	0	0	0	0	0	0	44	109	142	122	25	0	1	8	117	88	27	152	141	0	4	1	0	7	105	213	49	0	2	1	0	29	110	131	146	3	0	0	0	8	10	0	135	86	0	2	0	49	174	142	193	67	0	0	1	0	21	68	42	0	0	
0	0	0	2	1	1	0	0	0	0	3	1	5	0	73	17	0	2	0	54	86	68	121	0	1	0	85	164	61	144	7	0	0	0	118	123	207	53	0	3	0	3	0	121	114	0	3	0	2	0	47	161	0	2	0	0	1	0	14	19	0	1	0	0	
0	1	0	25	14	0	0	0	2	0	29	187	39	0	2	0	4	0	110	108	0	3	0	0	3	0	90	37	69	144	0	0	3	0	85	55	134	200	21	0	2	0	35	154	196	168	0	2	0	1	0	58	114	20	0	1	0	0	1	1	0	1	0	0	
0	0	0	0	1	0	0	0	0	0	0	0	12	129	5	0	0	0	3	0	89	175	0	2	0	1	0	11	209	68	0	3	0	3	0	156	175	0	2	0	3	0	94	218	16	0	1	0	0	0	154	57	0	2	0	0	0	0	0	1	1	0	0	0	
0	0	0	0	0	0	0	0	0	0	87	144	128	48	0	1	0	6	96	83	188	177	0	3	0	0	0	145	237	53	0	2	0	1	4	15	102	179	3	0	0	41	156	1	0	177	62	0	0	1	112	151	151	149	6	0	0	1	0	14	50	14	0	1	
0	0	0	3	1	0	0	0	0	0	0	0	10	21	0	0	0	0	0	87	125	147	23	0	3	0	88	188	171	93	0	2	1	0	31	121	198	26	0	1	0	3	0	96	91	0	3	0	2	0	58	163	0	1	0	0	2	0	103	50	0	2	0	0	
0	0	1	1	0	0	0	0	0	6	1	1	22	21	0	0	0	90	179	165	157	206	36	0	0	4	34	21	23	186	14	0	0	0	1	0	172	114	0	3	0	3	0	98	151	0	2	0	2	0	34	213	55	0	2	0	2	0	29	176	77	0	2	0	
0	0	0	0	1	0	0	0	0	0	1	0	20	90	0	1	0	0	4	0	132	152	0	4	0	0	0	6	191	41	0	2	0	3	0	120	139	0	3	0	2	0	42	206	21	0	1	0	2	0	157	78	0	3	0	0	0	0	19	4	0	0	0	0	
0	0	0	0	0	0	0	0	0	20	97	115	106	0	3	1	0	41	213	173	160	17	0	1	0	24	219	191	180	199	129	7	0	0	73	47	15	8	156	89	0	41	62	0	0	24	174	37	0	29	188	112	106	181	71	0	1	0	17	61	63	21	0	2	
0	1	0	19	61	6	0	0	0	2	0	44	182	135	0	1	0	2	1	3	0	113	45	0	0	0	11	6	5	159	32	0	0	86	163	188	224	135	0	4	0	172	214	177	79	106	29	0	0	9	34	6	0	32	40	0	0	0	0	2	4	2	0	0	
0	2	2	0	2	3	0	0	0	0	4	22	2	0	1	0	0	29	197	193	173	66	0	2	0	128	133	0	98	210	25	0	0	86	86	0	114	155	94	0	0	1	84	137	83	68	130	0	0	1	0	3	0	105	100	0	0	0	3	4	0	104	39	0	
0	0	0	0	1	1	2	0	0	0	0	2	0	123	41	0	0	0	3	0	65	144	0	2	0	0	0	1	158	30	0	1	0	3	0	128	139	0	3	0	3	0	75	192	5	0	1	0	1	0	141	50	0	2	0	0	0	0	0	1	1	0	0	0	
0	0	0	0	0	0	0	0	0	1	0	59	132	56	0	2	0	2	0	64	176	44	0	2	1	0	7	152	28	0	1	0	0	1	0	74	107	6	0	1	0	0	1	0	134	97	0	3	0	5	92	128	102	11	0	1	0	7	46	8	0	0	0	0	
0	0	0	0	9	5	0	0	0	2	0	44	121	101	4	0	0	0	0	9	12	105	16	0	2	0	70	162	169	85	0	3	0	0	9	15	9	114	0	0	0	66	13	0	74	106	0	2	0	100	138	117	99	6	0	1	0	0	11	10	0	1	0	0	
0	0	0	0	0	2	0	0	1	0	42	71	44	1	0	0	2	0	183	201	145	104	0	2	1	0	37	143	125	145	0	3	0	1	0	11	237	93	0	4	0	3	0	103	169	99	0	2	0	3	0	118	156	114	0	2	0	1	0	10	105	29	0	1	
0	0	1	3	0	0	0	0	0	0	1	0	38	78	9	0	1	0	21	134	127	159	63	0	0	0	134	83	61	174	31	0	0	2	136	115	200	141	0	3	0	1	0	39	162	9	0	1	1	0	20	188	54	0	2	0	1	0	40	73	0	3	0	0	
0	0	0	3	8	1	0	0	0	3	0	78	73	0	3	0	0	2	0	179	167	15	0	1	2	0	37	240	199	144	0	2	3	0	69	204	77	145	0	3	2	0	31	216	232	64	0	3	0	1	0	89	48	0	1	0	0	0	0	0	1	1	0	0	
0	0	0	0	0	0	1	0	1	0	29	107	131	77	0	1	3	0	115	200	118	190	71	0	1	0	0	4	0	119	136	0	0	49	127	127	225	248	28	0	20	229	255	216	138	147	41	0	16	97	78	23	0	93	29	0	0	0	0	0	2	13	2	0	
0	1	1	0	0	0	0	0	1	0	18	94	118	87	2	0	0	26	202	149	144	255	137	0	0	37	220	50	175	211	45	0	3	0	84	255	202	13	0	1	2	0	45	181	130	170	0	2	0	2	0	132	209	168	0	0	0	1	0	13	57	7	0	0	
0	0	0	0	0	0	0	0	0	0	4	45	64	52	32	4	3	0	141	197	73	52	164	6	0	0	7	2	0	117	78	0	0	0	78	110	168	223	37	0	0	4	71	202	137	0	4	0	2	0	90	118	0	1	0	0	0	0	91	20	0	2	0	0	
0	0	0	1	0	0	0	0	0	1	0	23	51	0	1	0	0	2	0	132	91	0	2	0	0	0	1	118	42	24	0	1	0	2	0	52	209	52	0	2	0	1	0	43	108	0	3	0	0	3	0	77	80	0	3	0	0	1	0	26	24	0	1	0	
0	2	2	0	0	0	0	0	0	0	1	16	39	70	39	0	0	74	194	184	129	186	129	0	0	91	62	0	18	133	19	0	1	0	28	59	211	161	22	0	0	0	161	255	135	48	15	0	3	0	128	127	0	3	0	0	1	0	68	17	0	3	0	0	
0	2	0	0	0	1	0	0	0	0	45	57	0	0	1	0	0	66	98	106	63	82	24	0	0	117	25	5	17	122	23	0	0	77	100	6	21	142	6	0	0	0	66	93	102	141	0	2	0	1	0	0	5	121	3	0	0	0	2	2	0	48	6	0	
0	0	0	2	0	0	0	0	0	0	1	0	51	57	0	0	0	0	0	89	165	146	0	1	3	0	68	168	163	70	0	3	1	0	34	87	137	16	0	1	0	2	0	73	82	0	43	0	2	0	39	146	0	13	52	0	1	0	37	36	0	1	2	0	
0	0	1	0	0	0	0	0	0	0	1	64	130	64	0	2	2	0	133	165	96	125	0	3	1	0	162	81	117	63	0	2	1	0	8	202	230	30	0	2	3	0	83	101	38	151	0	3	2	0	43	130	133	101	0	2	0	1	0	34	46	0	0	0	
0	0	0	2	2	1	0	0	0	0	2	2	0	36	60	0	0	2	0	65	70	138	67	0	1	0	65	160	108	124	0	3	0	0	195	198	213	67	0	3	1	0	0	196	99	0	2	0	3	0	82	129	0	2	0	0	1	0	23	12	0	1	0	0	
0	1	1	0	0	1	0	0	1	0	26	40	0	13	17	0	1	0	194	111	0	182	94	0	0	79	209	4	137	195	0	0	0	36	212	201	255	111	0	4	0	0	22	27	200	56	0	2	0	1	1	0	152	26	0	1	0	0	2	0	47	17	0	1	
0	0	0	1	0	0	1	0	0	0	1	0	23	78	5	0	0	5	0	70	157	135	89	0	0	0	0	7	0	88	91	0	0	60	125	134	177	111	0	2	17	186	175	99	55	112	7	0	0	0	0	2	0	85	22	0	0	0	2	3	3	3	0	0	
0	0	0	0	0	0	0	0	1	0	33	106	162	70	0	2	2	0	192	171	119	71	0	2	0	10	220	169	136	147	14	0	1	0	87	73	0	155	113	0	3	0	160	85	0	165	117	0	3	0	89	192	208	175	8	0	0	1	0	26	50	2	0	0	
0	0	1	4	1	0	0	0	0	0	1	0	0	9	101	59	1	0	12	126	141	160	106	10	0	0	172	172	100	21	0	1	0	30	169	104	114	145	0	1	0	0	45	56	137	132	0	2	0	0	141	159	94	5	0	0	0	0	0	0	0	1	0	0	
0	0	1	0	0	3	1	0	0	0	6	91	4	0	0	0	3	0	83	128	0	110	43	0	0	0	141	32	126	200	5	0	0	39	205	136	181	88	0	3	0	5	84	14	140	52	0	2	0	0	2	0	110	55	0	2	0	0	3	1	0	0	0	0	
0	0	0	2	0	0	0	0	0	0	1	0	43	117	98	1	0	2	0	77	127	84	89	0	0	4	0	113	114	135	41	0	2	0	47	171	155	5	1	1	0	37	145	75	94	0	4	0	0	95	182	121	30	0	1	0	0	7	53	13	0	1	0	0	
0	0	1	1	0	1	0	0	0	1	0	10	78	40	0	1	1	0	33	126	74	123	9	0	0	5	114	16	3	151	16	0	0	25	146	65	158	132	0	4	1	0	45	61	82	78	0	3	0	0	4	0	101	70	0	3	0	0	3	0	45	21	0	1	
0	0	0	3	0	19	12	0	0	0	3	0	53	170	28	0	0	2	0	61	178	31	0	2	2	0	40	182	13	62	56	0	1	0	150	37	102	230	38	0	0	16	193	185	167	30	0	2	1	0	39	90	0	1	1	0	0	0	0	0	3	2	0	0	
0	0	0	2	0	0	0	0	0	0	0	0	58	21	0	1	0	0	0	81	104	34	0	2	3	0	86	129	88	35	0	1	1	0	33	74	167	23	0	1	0	2	0	50	83	0	2	0	0	3	0	135	51	0	2	0	0	1	0	66	29	0	1	0	
0	0	0	2	1	0	0	0	0	0	1	0	19	65	78	0	0	4	0	73	164	98	26	0	1	0	16	194	92	26	1	0	2	74	25	22	93	192	25	0	0	102	178	153	156	64	0	1	0	0	9	19	3	0	0	0	0	3	1	0	1	3	0	0	
0	0	1	13	8	0	0	0	2	0	62	116	121	96	0	0	0	0	13	2	0	117	59	0	0	1	0	3	0	82	74	0	1	0	64	115	84	146	26	0	0	67	118	1	154	118	0	2	0	36	120	111	70	0	2	0	0	0	11	10	0	2	0	0	
0	0	0	2	0	0	0	0	0	0	1	0	42	84	80	11	0	3	0	69	115	76	64	6	1	0	12	197	141	40	0	1	0	24	8	67	96	169	11	0	0	109	182	108	141	91	0	1	0	0	58	109	51	0	1	0	0	1	0	0	0	2	0	0	
0	0	1	1	0	0	0	0	0	2	0	83	145	27	0	1	2	0	54	178	180	166	16	0	3	0	82	165	41	162	3	0	0	3	0	109	249	47	0	2	0	2	0	141	212	20	0	1	0	2	0	166	172	0	0	0	0	1	0	17	22	0	1	0	
0	0	0	3	1	0	0	0	0	0	1	0	5	17	1	0	0	0	2	103	141	183	57	0	1	0	138	135	80	203	59	0	0	4	190	172	233	134	0	3	0	1	0	67	150	0	0	0	1	0	37	166	27	0	1	0	3	0	103	56	0	3	0	0	
0	0	0	0	0	0	0	0	0	0	13	124	159	50	0	2	0	19	139	122	199	184	0	2	0	1	153	61	174	202	0	1	1	0	181	201	98	174	3	0	0	69	153	0	0	184	45	0	0	12	146	140	140	165	3	0	1	0	14	56	44	12	0	1	
0	0	1	3	1	0	0	0	0	0	2	0	10	66	40	0	1	0	12	87	144	146	84	0	0	0	115	86	83	123	0	2	0	23	195	125	214	86	0	3	0	2	40	152	91	0	3	0	2	0	58	142	0	1	0	0	2	0	46	27	0	1	0	0	
0	0	0	0	0	0	0	0	0	17	140	193	149	37	0	1	0	110	246	127	174	241	13	0	0	12	12	0	160	217	2	0	0	3	0	113	255	73	0	3	0	22	159	255	244	150	67	2	0	39	170	121	129	175	167	16	0	0	0	0	0	0	0	0	
0	0	0	0	2	2	1	0	0	0	0	4	0	89	60	0	0	0	2	0	39	164	8	0	0	2	0	17	195	63	0	2	1	0	0	165	91	0	3	0	0	0	175	117	0	4	0	0	0	52	139	0	3	0	0	0	0	0	0	2	0	0	0	0	
0	0	0	0	0	0	0	0	1	0	54	97	56	0	0	0	2	0	68	125	214	52	0	2	0	3	0	101	190	5	0	1	0	0	0	29	127	108	0	2	0	0	2	0	59	151	0	2	1	0	9	95	164	31	0	2	1	0	23	108	19	0	1	0	
0	0	0	0	1	1	0	0	0	0	0	3	0	79	78	0	0	0	2	0	21	170	21	0	0	1	2	0	165	81	0	3	0	1	0	165	136	0	4	0	0	5	178	168	0	2	0	0	0	50	140	0	2	0	0	0	0	0	0	2	1	0	0	0	
0	0	8	13	0	0	0	0	2	0	58	152	91	0	2	0	0	1	0	97	160	0	3	0	3	0	74	186	167	43	0	2	0	0	4	0	61	139	0	3	1	0	15	63	65	140	0	3	1	0	19	151	164	51	0	2	0	0	0	0	1	0	0	0	
0	0	0	3	3	4	2	0	0	0	1	0	0	0	1	1	0	0	0	79	155	128	154	24	3	0	103	203	107	75	44	1	2	0	37	95	157	53	0	2	0	96	120	98	168	42	0	2	0	35	109	117	43	0	1	0	0	0	0	0	1	1	0	0	
0	1	1	0	0	0	0	0	0	0	4	26	22	8	1	0	0	4	101	94	122	168	0	1	0	93	112	0	73	152	0	3	0	44	169	78	164	110	0	4	0	0	19	7	111	109	0	4	0	1	4	0	106	117	0	4	0	0	2	0	46	103	0	2	
0	3	1	0	0	0	0	0	1	0	19	51	42	40	7	0	0	100	224	175	128	161	177	0	0	145	60	0	0	133	124	0	1	0	25	39	137	247	37	0	0	77	187	234	220	100	21	0	0	0	22	185	30	0	1	0	0	0	12	28	0	5	1	0	
0	0	0	1	2	3	0	0	1	4	2	0	0	0	0	0	0	0	0	10	49	65	0	0	64	158	157	174	132	192	67	0	16	132	68	6	0	176	42	0	0	0	1	0	23	189	10	0	1	3	2	0	4	139	17	0	0	0	0	0	0	0	0	0	
0	0	0	0	1	6	21	0	0	0	1	1	0	130	76	0	0	0	3	0	131	123	0	2	0	2	0	131	133	0	3	0	2	0	57	166	50	10	0	0	4	0	85	221	227	18	0	1	2	0	33	151	46	0	1	0	0	0	0	0	0	0	0	0	
0	0	1	3	29	0	0	0	0	1	0	124	236	31	0	2	2	0	124	175	33	14	0	1	0	22	215	99	151	188	84	0	0	73	251	183	48	66	235	67	0	35	248	201	67	131	188	34	1	0	33	138	146	89	17	0	0	1	0	0	0	0	1	1	
0	0	0	2	0	0	0	0	0	0	0	0	24	23	0	0	0	2	0	108	175	119	1	0	2	0	47	164	135	118	0	3	1	0	27	145	230	63	0	3	0	2	0	77	129	0	2	0	2	0	40	186	16	0	1	0	2	0	68	67	0	3	0	0	
0	0	0	0	0	0	0	0	1	0	33	76	0	2	0	0	1	0	37	147	0	2	0	0	0	2	0	132	58	0	2	0	0	2	0	45	151	0	1	0	0	0	3	0	139	79	0	3	0	0	1	0	40	107	0	2	0	0	0	0	1	0	0	0	
0	0	0	0	0	0	0	0	0	0	2	0	83	51	0	2	0	0	2	0	172	51	0	2	0	1	0	32	151	0	1	0	0	3	0	130	100	0	3	0	2	0	52	186	3	0	0	0	3	0	92	75	0	3	0	0	0	0	0	1	1	0	0	0	
0	0	1	0	0	1	1	0	0	0	4	9	2	0	0	0	4	0	153	255	216	190	9	0	3	0	111	152	239	193	0	1	0	1	0	13	243	72	0	3	0	2	0	60	231	15	0	1	0	4	0	114	224	0	0	0	0	3	0	92	126	0	2	0	
0	0	0	0	0	0	0	0	2	0	74	145	145	72	3	0	2	0	90	97	75	214	61	0	1	0	10	147	205	132	0	2	0	0	10	53	55	103	0	0	0	12	4	0	7	147	15	0	0	72	183	168	179	81	0	3	0	3	45	64	27	0	1	0	
0	0	4	31	1	0	0	0	0	1	0	116	226	158	0	0	0	4	0	165	208	70	1	0	0	1	0	150	163	22	0	1	0	74	65	0	46	179	17	0	0	164	175	108	143	202	20	0	0	14	94	142	112	31	0	1	0	0	0	0	0	1	1	0	
0	0	0	0	0	0	0	0	0	1	0	164	216	162	28	0	0	3	0	55	62	100	117	0	0	0	11	8	0	40	149	0	0	105	198	202	188	226	79	0	0	187	249	227	205	175	10	0	0	19	56	37	0	85	30	0	0	0	0	0	2	2	0	0	
0	0	0	2	0	0	0	0	0	0	0	9	83	27	0	1	0	0	1	131	121	88	0	2	3	0	72	137	92	17	0	1	4	0	124	141	173	28	0	1	0	0	15	27	132	0	0	0	0	2	0	60	116	0	3	0	0	1	0	24	35	0	1	0	
0	0	0	20	34	0	0	0	0	2	0	46	179	125	4	0	1	0	21	126	127	213	23	0	2	0	31	180	197	169	0	1	0	0	0	2	0	136	37	0	13	93	132	128	176	179	7	0	42	153	160	153	100	15	0	1	0	0	0	0	0	1	1	0	
0	0	0	5	2	0	0	0	2	0	54	131	118	17	0	1	1	0	81	10	63	116	0	3	0	0	1	0	12	143	0	0	0	0	5	10	39	90	0	2	0	7	135	124	195	84	0	2	0	6	119	104	38	23	2	0	0	0	3	5	0	0	0	0	
0	0	0	0	1	2	2	0	0	0	0	4	0	113	65	0	0	0	2	0	39	195	11	0	0	0	1	0	197	76	0	3	0	3	0	145	137	0	3	0	3	0	111	200	4	0	1	0	0	3	159	40	0	2	0	0	0	0	0	2	1	0	0	0	
0	0	1	0	0	0	0	0	0	1	0	99	189	38	0	2	3	0	129	235	238	163	0	4	0	12	227	63	17	167	13	0	0	40	196	2	0	138	90	0	0	2	178	42	0	211	98	0	2	0	43	143	166	134	4	0	0	1	0	6	8	0	1	0	
0	1	3	0	0	2	3	0	0	1	0	10	36	9	0	0	0	23	130	146	146	148	86	0	0	153	93	37	113	241	156	0	0	128	181	171	100	158	42	0	0	2	20	0	127	99	0	3	1	0	8	157	134	0	2	0	3	0	69	132	0	3	0	0	
0	0	0	0	0	0	0	0	0	19	133	160	97	0	4	0	0	70	255	233	190	19	0	1	0	40	255	171	82	181	51	0	3	0	97	255	246	249	55	0	0	2	0	185	255	243	67	0	0	3	0	89	255	255	119	0	0	0	0	3	42	45	8	0	
0	0	0	2	1	0	0	0	0	0	3	0	3	115	104	0	0	3	0	57	175	157	164	1	1	0	125	162	15	24	144	0	0	106	124	0	56	185	57	0	0	195	138	160	170	34	0	2	0	71	132	48	0	1	1	0	0	0	0	0	2	2	0	0	
0	0	0	0	0	0	0	0	2	0	71	148	54	0	1	0	1	0	24	49	182	22	0	1	0	2	0	70	120	0	1	0	0	2	0	137	161	9	0	1	0	0	3	0	94	137	0	4	0	1	0	70	116	98	0	3	0	0	0	11	49	5	0	0	
0	0	1	3	1	1	0	0	0	0	1	0	7	7	5	2	1	0	11	100	147	98	95	39	0	0	152	124	98	168	88	9	0	8	160	122	192	68	31	4	0	2	0	74	101	0	6	1	2	0	44	148	8	0	0	0	2	0	88	39	0	1	0	0	
0	0	0	0	11	29	0	1	0	1	0	11	117	51	0	2	0	2	0	100	57	0	1	0	1	0	29	112	0	4	0	0	2	0	43	112	38	0	0	0	1	0	13	109	111	67	0	3	0	1	0	45	97	29	0	1	0	0	0	0	0	0	0	0	
0	0	0	0	1	1	1	0	0	0	0	3	0	115	60	0	0	0	3	0	77	171	0	0	0	1	0	18	171	23	0	1	0	2	0	160	102	0	4	0	3	0	93	167	0	2	0	0	0	0	147	33	0	1	0	0	0	0	1	2	0	0	0	0	
0	0	0	0	0	0	0	0	1	0	16	92	102	17	0	1	1	0	18	50	146	36	0	2	1	0	17	155	163	0	2	0	1	0	15	38	117	63	0	2	1	0	39	0	94	82	0	3	2	0	59	145	143	7	0	1	0	1	0	37	22	0	1	0	
0	0	0	3	0	2	33	2	0	0	3	0	49	166	101	0	0	2	0	105	164	179	56	0	2	0	126	146	0	50	107	0	0	64	108	0	0	133	88	0	0	171	141	148	190	121	3	0	0	48	115	80	21	0	1	0	0	0	0	0	0	3	1	0	
0	0	0	0	0	0	0	0	0	0	0	77	145	49	0	2	1	0	27	118	82	112	0	3	0	0	3	0	77	74	0	3	1	0	46	60	144	26	0	1	2	0	109	164	177	0	0	1	2	0	62	156	19	0	1	0	0	0	8	21	0	1	0	0	
0	0	0	1	3	2	1	0	0	0	1	1	0	0	0	0	0	2	0	13	67	59	33	7	1	0	5	174	182	73	66	12	0	26	47	29	108	7	0	0	0	48	148	136	62	0	4	0	0	0	2	6	0	0	0	0	0	2	2	0	2	0	0	0	
0	1	0	0	0	0	0	0	0	0	55	76	60	61	48	0	0	17	226	255	251	255	176	0	0	70	255	180	101	63	15	0	0	19	199	242	189	43	0	2	0	1	18	78	243	219	3	0	0	7	190	245	251	137	0	1	1	0	43	107	47	0	0	0	
0	0	0	0	0	0	0	0	0	1	0	29	128	124	25	0	0	1	0	120	67	154	87	0	0	3	0	99	130	89	0	1	1	0	8	176	144	0	3	0	2	0	142	161	86	0	3	0	0	0	182	198	45	0	2	0	1	0	20	24	0	1	0	0	
0	0	0	0	0	0	0	0	0	0	3	0	92	81	0	3	0	0	2	0	168	58	0	2	0	1	0	31	167	0	0	0	0	3	0	96	120	0	4	0	0	2	0	163	65	0	2	0	0	0	2	142	19	0	1	0	0	0	0	0	0	0	0	0	
0	0	0	0	26	7	0	0	6	0	43	199	209	13	0	1	1	0	17	51	109	122	0	1	0	0	2	6	0	126	54	0	2	0	115	123	69	141	39	0	0	38	165	70	222	174	0	1	0	5	107	133	59	0	2	0	0	0	0	0	0	0	0	0	
0	0	0	0	0	1	0	0	1	0	36	88	25	0	0	0	2	0	54	170	208	72	0	3	0	0	4	0	124	81	0	3	0	0	1	5	146	18	0	1	0	2	0	66	141	0	3	0	0	4	0	158	97	0	3	0	0	1	0	72	21	0	1	0	
0	0	2	0	0	1	2	0	0	0	0	20	21	1	0	0	1	0	112	183	111	103	125	0	0	13	104	47	0	119	80	0	0	10	139	195	217	111	0	3	0	2	0	76	143	0	3	0	1	0	24	145	21	0	1	0	3	0	77	62	0	3	0	0	
0	0	1	2	0	1	0	0	0	1	0	11	72	8	0	0	1	0	6	172	176	61	0	1	3	0	126	123	161	101	0	3	1	0	177	167	228	113	0	4	1	0	74	81	121	87	0	3	0	0	2	0	137	41	0	2	0	0	4	0	46	17	0	1	
0	0	1	0	0	0	0	0	0	0	0	12	15	36	38	0	2	0	35	188	94	189	114	0	0	0	6	0	58	161	0	1	0	0	76	172	231	79	0	3	2	0	77	225	47	0	2	0	1	0	140	67	0	4	0	0	0	15	78	0	2	0	0	0	
0	0	0	0	0	0	0	0	0	0	3	50	70	10	0	1	1	0	113	149	205	49	0	2	0	1	1	10	175	46	0	1	1	0	13	133	220	65	0	2	1	0	20	176	96	0	3	0	0	3	0	125	69	0	2	0	0	1	0	64	14	0	0	0	
0	0	2	2	0	0	0	0	0	1	0	24	118	64	0	2	2	0	43	164	185	210	0	0	1	0	176	65	38	195	17	0	0	13	171	12	0	121	72	0	0	0	171	32	5	161	27	0	3	0	93	190	149	67	0	2	0	1	0	47	29	0	1	0	
0	0	1	0	0	0	0	0	0	1	0	61	99	27	0	1	3	0	91	114	87	118	0	3	1	0	135	18	8	141	31	0	0	5	133	12	0	101	76	0	3	0	132	45	0	144	28	0	2	0	46	128	110	84	0	2	0	1	0	25	44	0	0	0	
0	0	0	0	0	0	0	0	0	0	0	1	118	13	0	1	0	0	0	4	188	33	0	1	0	1	0	27	199	14	0	1	0	3	0	115	168	0	3	0	0	0	0	197	67	0	2	0	1	0	17	145	6	0	0	0	0	0	0	0	1	0	0	0	
0	0	0	1	0	0	0	0	0	0	0	0	121	138	0	1	0	3	0	82	158	141	19	0	0	2	0	168	67	135	8	0	2	0	41	139	102	122	0	4	4	0	90	168	174	20	0	1	3	0	61	205	43	0	2	0	0	0	0	0	1	1	0	0	
0	1	0	13	53	6	0	0	1	0	7	164	235	133	0	3	1	0	32	57	8	200	31	0	0	0	6	5	12	195	41	0	0	63	204	178	244	215	2	0	0	113	232	175	207	194	76	0	0	6	123	125	6	13	28	0	0	0	0	0	2	2	0	0	
0	3	2	3	3	0	0	0	0	0	0	0	0	1	1	0	0	97	201	166	63	0	0	0	0	68	96	159	255	76	1	1	3	0	81	225	248	255	174	0	0	3	4	110	255	88	29	0	0	2	0	55	193	10	0	1	0	0	1	2	2	2	2	0	
0	0	0	0	0	0	0	0	2	0	31	191	157	23	0	1	0	0	4	4	120	146	0	4	1	0	37	115	218	137	0	4	2	0	62	129	57	184	8	0	0	6	21	4	111	215	9	0	0	6	162	190	152	33	0	1	0	0	1	1	0	1	0	0	
0	0	1	0	0	2	3	0	1	0	22	59	28	0	0	1	1	0	183	182	149	164	62	0	0	86	150	0	0	73	211	26	0	148	87	0	5	0	160	55	0	92	187	107	124	172	130	0	0	0	52	79	74	36	0	0	0	1	0	0	0	0	2	0	
0	0	1	0	1	0	0	0	0	0	0	37	9	49	3	0	2	0	57	142	79	152	0	3	4	0	135	129	142	58	0	2	1	0	26	197	238	60	0	2	0	3	0	90	182	24	0	1	0	4	0	140	95	0	3	0	0	1	0	51	27	0	1	0	
1	0	34	53	1	0	0	0	2	0	60	131	135	25	0	1	0	0	2	0	67	126	0	3	0	0	0	0	10	137	0	0	1	0	70	93	138	113	0	3	0	34	157	113	195	136	13	0	0	2	91	100	8	7	5	0	0	0	0	0	2	1	0	0	
0	0	1	0	0	0	0	0	0	0	0	28	111	141	88	0	3	0	72	166	105	58	94	0	1	0	200	177	61	7	0	0	0	5	77	71	115	146	0	1	0	0	1	0	79	181	0	0	0	98	162	181	157	28	0	1	0	15	36	21	0	1	0	0	
0	0	1	1	0	0	0	0	0	2	0	66	40	39	21	0	1	0	31	177	47	188	26	0	4	0	134	118	114	154	0	4	1	0	11	161	255	64	0	3	1	0	5	205	112	2	0	1	4	0	102	162	0	2	0	0	1	0	16	8	0	1	0	0	
0	1	0	38	50	0	1	0	0	0	2	138	32	0	1	0	2	0	66	143	0	5	1	0	4	0	101	78	0	10	0	0	3	0	83	181	129	164	10	0	1	0	21	204	114	159	13	0	0	1	0	33	90	23	0	1	0	0	1	1	0	1	0	0	
0	0	3	2	0	2	0	0	5	8	0	2	21	4	0	0	15	168	135	144	215	138	0	2	1	32	55	35	48	192	2	0	0	0	4	0	143	170	0	3	0	3	0	44	226	45	0	2	0	4	0	151	119	0	3	0	0	2	0	92	23	0	1	0	
0	3	0	0	0	0	1	0	0	0	1	4	22	10	0	0	0	134	206	165	146	178	52	0	1	78	61	11	17	202	40	0	0	0	3	0	141	150	0	3	0	5	0	40	219	21	0	1	0	3	0	144	136	0	3	0	0	1	0	142	39	0	1	0	
0	0	0	0	0	0	0	0	0	1	19	0	14	22	0	1	0	24	115	0	72	106	0	4	0	40	125	0	116	106	0	4	0	3	155	147	214	68	0	3	1	0	21	13	118	60	0	2	0	0	4	0	112	70	0	3	0	0	2	0	31	24	0	1	
0	0	0	0	0	1	1	0	0	41	92	109	114	0	41	29	0	113	224	30	43	44	159	20	2	0	89	177	52	150	62	0	0	3	0	70	255	139	0	4	2	0	50	171	39	192	61	0	4	0	108	201	127	178	26	0	0	0	2	51	67	15	0	1	
0	0	0	0	0	1	0	0	1	0	56	58	18	0	0	0	3	0	155	222	227	78	0	3	1	0	14	26	203	39	0	2	0	2	0	117	240	79	4	0	0	1	0	109	226	105	16	0	0	1	0	8	203	35	0	2	0	0	1	0	82	30	0	1	
0	0	2	0	0	1	0	0	0	0	2	31	29	1	0	0	2	0	97	88	92	63	0	2	2	0	148	79	117	118	0	3	1	0	26	44	72	109	0	3	0	0	3	0	89	87	0	3	0	0	4	0	117	51	0	2	0	0	1	0	100	19	0	1	
0	1	4	0	0	0	0	0	0	0	0	29	51	72	10	0	0	9	122	156	118	190	9	0	0	13	105	123	147	24	0	1	0	0	0	133	140	37	0	2	3	0	91	78	11	110	0	2	3	0	97	94	84	87	0	3	1	0	8	101	83	3	0	0	
0	0	2	0	0	1	2	0	0	3	0	88	205	53	0	2	3	0	113	179	209	249	64	0	0	28	206	103	115	107	207	7	0	115	158	0	3	0	175	37	0	144	156	14	78	191	147	0	0	33	192	198	147	80	6	0	0	0	0	1	0	0	2	0	
0	0	0	0	5	4	0	0	0	2	0	62	167	39	0	2	1	0	14	136	16	0	0	0	0	0	9	120	19	0	1	0	0	1	0	15	122	25	0	1	0	1	0	34	173	41	0	2	2	0	48	168	52	0	2	0	0	0	6	4	0	1	0	0	
0	0	0	0	0	0	0	0	0	0	1	0	124	24	0	1	0	1	0	23	186	12	0	1	0	3	0	73	188	0	2	0	0	4	0	121	133	0	3	0	0	1	0	198	89	0	3	0	1	0	9	172	35	0	1	0	0	0	0	0	0	0	0	0	
0	0	1	0	31	34	0	1	0	2	0	56	173	105	0	1	1	0	26	134	14	3	1	0	3	0	99	47	129	151	8	0	1	0	99	87	69	77	50	0	3	0	83	180	163	140	8	0	1	0	12	135	141	23	0	1	0	0	1	0	0	1	1	0	
0	0	7	58	28	0	2	0	2	0	48	183	201	91	0	2	0	2	2	0	38	220	68	0	0	0	16	23	0	124	168	0	0	108	184	195	162	184	53	0	0	145	210	201	255	103	0	4	0	5	64	37	43	66	0	2	0	1	0	0	0	0	0	0	
0	0	0	0	0	0	0	0	1	0	4	103	60	0	2	0	1	0	22	72	127	0	2	0	0	1	0	107	129	0	3	0	1	0	29	89	109	53	0	2	0	0	3	0	106	58	0	2	1	0	20	116	98	0	1	0	0	0	6	36	2	0	0	0	
0	0	0	10	8	0	0	0	3	0	81	163	153	57	0	2	1	0	46	0	77	165	0	3	1	0	33	148	230	142	0	3	4	0	105	219	65	199	82	0	0	2	7	7	105	202	30	0	0	13	153	165	141	21	0	1	0	0	8	3	0	1	1	0	
0	1	0	20	47	3	0	0	1	0	22	130	128	101	0	3	0	0	10	2	56	145	0	3	0	0	4	0	129	99	0	4	1	0	9	95	201	21	0	1	4	0	140	253	189	37	0	2	2	0	80	90	15	36	0	1	0	0	0	0	1	0	0	0	
0	0	1	0	1	1	0	0	2	0	52	41	0	53	20	0	4	0	128	50	20	153	0	0	3	0	151	44	126	128	0	2	3	0	84	200	215	115	6	0	0	3	0	128	138	0	4	0	0	3	0	135	70	0	3	0	0	1	0	21	11	0	0	0	
0	0	1	1	0	0	0	0	0	0	1	0	56	8	0	0	1	0	21	14	128	9	0	0	3	0	84	56	122	17	0	1	2	0	34	135	180	29	0	1	0	1	0	33	127	0	2	0	0	0	0	17	113	0	1	0	0	0	0	1	18	0	0	0	
0	0	1	1	0	0	0	0	0	1	0	32	141	144	120	0	1	0	0	151	82	8	35	2	3	0	70	218	78	6	0	0	0	0	2	17	136	98	0	4	0	93	82	45	161	86	0	3	0	37	126	150	97	0	0	0	0	0	0	0	0	1	0	0	
0	0	1	0	0	1	0	0	0	1	0	67	140	12	93	40	3	0	74	181	122	204	147	18	4	0	114	166	152	121	0	1	1	0	10	225	233	14	0	2	3	0	150	85	123	115	0	4	2	0	130	173	172	34	0	2	0	0	0	43	24	0	1	0	
0	0	0	4	70	10	0	0	0	8	0	129	70	0	1	0	2	0	35	184	2	0	1	0	3	0	96	134	0	28	1	0	4	0	129	147	114	253	69	0	2	0	47	241	242	129	12	0	0	1	0	45	40	0	0	0	0	0	1	1	0	3	1	0	
0	1	2	2	1	0	0	0	0	0	0	0	0	0	0	0	0	28	149	138	22	0	3	1	0	35	24	115	90	0	3	0	1	0	21	213	88	55	61	16	1	0	27	144	110	112	114	40	0	0	0	0	0	0	0	0	0	0	1	4	4	4	4	1	
0	0	0	0	0	0	0	0	0	8	17	12	30	15	0	1	0	57	196	164	126	185	61	0	0	1	13	0	46	198	19	0	0	1	0	4	201	69	0	3	0	3	0	112	170	0	3	0	2	0	40	197	21	0	1	0	2	0	65	79	0	3	0	0	
0	1	1	0	0	1	0	0	1	0	26	156	108	0	1	0	0	12	217	158	145	147	0	2	0	67	249	52	157	206	3	0	0	0	124	239	193	215	24	0	4	0	109	137	0	171	52	0	1	0	35	175	150	158	23	0	0	0	0	9	54	22	0	1	
0	0	0	0	0	1	0	0	0	0	2	73	126	30	0	1	3	0	76	157	39	135	0	0	1	0	14	143	133	62	0	1	0	3	0	119	204	24	0	2	2	0	59	123	85	131	0	4	3	0	68	182	140	30	0	1	0	0	1	39	7	0	0	0	
0	0	2	1	0	1	0	0	0	1	0	43	77	4	0	0	3	0	74	168	96	97	0	3	1	0	144	15	86	169	0	3	1	0	91	124	221	121	0	4	1	0	17	22	102	77	0	3	0	0	2	0	149	27	0	1	0	0	1	0	46	5	0	0	
0	1	3	0	1	2	0	0	0	0	0	21	22	0	0	0	0	19	152	135	162	80	0	2	0	59	198	4	123	150	0	4	0	2	143	159	178	86	0	4	0	0	3	0	90	92	0	3	0	1	6	0	114	106	0	4	0	0	2	0	53	90	0	3	
0	0	0	5	8	0	0	0	2	0	37	133	135	25	0	1	1	0	63	19	107	75	0	3	0	3	0	107	229	65	0	2	0	0	0	10	13	130	32	0	0	24	116	6	0	100	29	0	1	0	105	156	131	62	0	2	0	0	0	7	3	0	0	0	
0	0	1	0	2	2	0	0	0	2	0	59	183	126	0	0	2	0	45	198	68	121	9	0	3	0	158	72	23	230	54	0	0	14	188	21	0	116	121	0	0	25	213	25	12	169	70	0	2	0	105	177	175	108	0	2	0	0	0	7	4	0	1	0	
0	0	0	0	0	0	0	0	0	0	14	20	48	64	73	17	3	0	80	212	209	161	68	25	2	0	126	91	13	0	0	0	1	0	80	91	128	64	0	3	0	0	3	0	39	127	0	3	0	40	147	40	118	100	0	3	0	14	90	108	86	4	0	0	
0	0	0	0	0	0	0	0	0	0	2	0	95	35	0	1	0	1	0	10	182	19	0	1	0	2	0	50	186	0	1	0	0	3	0	91	153	0	3	0	0	4	0	162	92	0	3	0	0	3	0	145	77	0	3	0	0	1	0	14	13	0	0	0	
0	0	1	1	0	0	0	0	0	1	0	17	58	1	0	0	0	0	5	124	213	56	0	2	3	0	73	174	222	72	0	3	3	0	68	143	176	41	0	2	0	0	1	0	157	35	0	1	0	1	0	17	215	35	0	2	0	0	0	9	72	0	0	0	
0	0	0	9	50	33	0	1	1	0	13	155	115	161	16	0	1	0	45	56	0	124	93	0	1	0	22	60	0	158	89	0	0	61	163	114	210	174	5	0	0	125	143	110	219	120	0	4	0	16	139	104	10	28	0	0	0	0	0	0	1	0	0	0	
0	1	0	0	3	2	0	0	0	0	20	32	2	0	0	0	0	63	185	133	133	26	0	1	0	55	170	45	190	158	0	4	1	0	48	96	171	77	0	3	0	1	4	0	86	115	0	3	0	0	4	0	59	184	0	2	0	0	1	0	37	126	0	1	
0	0	1	1	0	1	0	0	2	0	136	180	54	0	2	0	0	1	29	31	185	65	0	2	1	0	24	83	216	95	0	4	3	0	83	175	122	180	18	0	0	0	0	0	102	214	25	0	0	38	147	165	156	28	0	1	0	4	14	6	0	1	1	0	
0	0	1	2	0	1	0	0	0	4	3	0	1	0	0	0	0	75	197	152	203	160	0	0	0	9	51	32	178	139	0	3	0	1	0	21	198	18	0	1	0	3	0	76	157	0	3	0	0	4	0	116	123	0	4	0	0	3	0	92	72	0	2	0	
0	1	1	0	0	2	1	0	2	0	50	95	0	3	1	0	0	32	189	48	0	68	105	0	0	134	153	0	13	200	54	0	0	113	229	162	189	240	30	0	0	3	84	45	135	160	0	3	0	0	3	0	174	102	0	4	0	0	4	0	36	13	0	0	
0	0	0	6	49	0	0	0	0	2	0	106	86	0	2	0	1	0	26	161	0	0	0	0	3	0	72	189	112	34	0	1	3	0	60	207	63	146	0	2	0	1	0	149	176	114	0	2	0	1	0	14	66	9	0	1	0	0	0	1	0	1	0	0	
0	0	2	0	0	0	0	0	0	0	3	107	167	118	101	33	3	0	94	157	73	77	72	33	0	24	233	130	28	0	1	0	0	7	56	101	163	142	6	0	0	0	2	0	67	235	25	0	0	27	153	167	175	73	0	1	0	4	32	19	0	0	0	0	
0	0	0	0	0	1	0	0	0	16	77	92	80	9	0	1	0	82	207	158	166	143	0	1	0	0	2	0	32	183	3	0	0	1	3	0	180	141	0	4	0	3	0	135	222	9	0	1	3	0	79	245	54	0	2	0	1	0	38	50	0	3	0	0	
0	0	0	1	87	17	0	1	0	3	0	111	136	0	1	0	1	0	28	197	12	0	1	0	3	0	73	137	37	54	0	0	3	0	64	223	158	223	52	0	3	0	59	246	168	156	15	0	1	0	11	36	68	7	0	0	0	0	0	0	0	2	1	0	
0	0	1	0	0	0	0	0	0	0	0	52	20	0	0	0	2	0	46	120	64	0	2	0	3	0	75	53	68	58	0	2	0	0	8	65	133	72	0	3	0	0	3	0	71	54	0	2	0	0	3	0	75	57	0	2	0	0	1	0	25	17	0	1	
0	0	0	0	0	1	0	0	0	0	4	30	21	3	0	0	0	10	186	182	144	131	12	0	0	0	50	10	0	167	28	0	0	0	3	0	64	203	1	0	0	1	0	15	204	68	0	3	1	0	6	179	112	0	3	0	2	0	54	132	0	4	0	0	
0	0	1	0	0	0	0	0	1	0	20	33	0	12	0	0	3	0	121	106	29	107	0	2	0	35	162	11	94	230	77	0	0	16	141	142	216	140	11	0	0	0	0	0	160	28	0	1	0	3	0	68	139	0	4	0	0	1	0	43	34	0	1	0	
0	0	0	0	0	1	2	0	0	5	94	140	91	0	25	90	0	6	213	106	70	19	157	86	2	0	62	181	49	121	55	0	1	0	10	210	231	26	0	3	4	0	132	165	105	163	0	2	1	0	19	124	188	159	0	1	0	0	0	0	17	6	0	0	
0	0	0	0	1	0	0	0	1	0	43	72	0	10	2	0	3	0	186	162	46	185	0	1	0	45	247	82	128	207	33	0	0	176	255	221	241	239	181	0	0	59	58	11	179	144	0	5	0	0	3	0	113	88	0	3	0	3	3	2	0	0	1	0	
0	0	0	0	0	0	0	0	0	1	0	31	89	126	58	0	0	2	0	158	122	59	35	0	1	0	27	212	59	0	2	0	1	0	31	66	158	9	0	0	0	2	0	47	167	0	0	0	0	40	127	150	42	0	2	0	0	24	55	5	0	1	0	0	
0	0	0	0	9	10	0	0	0	0	4	102	135	140	34	0	3	0	86	99	0	148	43	0	0	0	8	0	111	110	0	2	0	1	0	120	112	0	2	0	2	0	103	139	20	58	13	0	2	0	132	135	132	85	8	0	0	0	0	0	0	0	0	0	
0	0	0	0	73	77	0	1	0	2	0	50	144	156	14	0	0	0	0	2	0	110	24	0	2	0	86	134	5	141	21	0	0	9	189	169	255	144	0	3	0	0	166	186	169	175	2	0	1	0	25	45	0	46	7	0	0	0	1	0	3	0	0	0	
0	1	0	0	1	1	0	0	2	0	76	142	32	0	2	2	0	58	142	112	190	38	0	2	0	56	145	95	217	127	122	55	2	0	64	184	25	0	100	101	3	0	100	104	0	33	148	14	2	0	51	167	132	146	39	0	0	1	0	37	45	3	0	1	
0	0	1	2	0	2	0	0	0	0	0	0	85	140	5	0	1	0	13	105	80	157	2	0	3	0	86	81	92	82	0	2	1	0	18	199	107	0	3	0	2	0	39	216	132	0	3	0	2	0	29	162	105	0	2	0	0	0	0	5	2	0	0	0	
0	0	0	2	0	0	0	0	0	2	0	77	41	0	1	0	0	3	0	102	98	0	3	0	0	3	0	96	126	0	4	0	0	3	0	77	134	0	4	0	0	2	0	55	128	0	3	0	0	1	0	14	115	2	0	0	0	0	0	1	0	0	0	0	
0	1	3	0	0	0	0	0	0	3	14	0	102	37	0	1	0	0	1	0	183	45	0	2	0	1	0	23	181	14	0	1	0	3	0	114	148	0	3	0	0	1	0	190	55	0	2	0	0	1	0	141	47	0	2	0	0	0	0	1	2	0	0	0	
0	0	3	0	0	0	0	0	0	2	0	28	75	29	0	1	1	0	109	150	140	147	0	3	0	93	140	0	77	143	0	3	0	93	148	111	228	60	0	3	0	0	66	63	139	78	0	3	0	1	3	0	69	157	14	0	0	0	2	4	0	76	51	0	
0	1	4	1	0	1	0	0	0	0	0	3	20	2	0	0	0	25	122	120	176	73	0	3	0	22	75	0	120	82	0	3	0	0	0	0	163	43	0	0	0	3	0	69	145	11	7	0	0	3	0	140	60	0	2	0	0	1	0	83	15	0	0	0	
0	0	11	33	0	2	0	0	1	0	6	128	70	0	2	0	0	0	0	3	131	38	0	2	0	0	2	0	52	107	0	3	1	0	34	85	149	77	0	3	0	11	130	103	154	115	0	0	0	5	85	55	0	13	3	0	0	0	0	0	3	1	0	0	
0	0	1	0	38	35	0	1	0	2	0	90	193	155	0	1	0	0	1	68	15	149	17	0	0	0	2	0	27	164	0	0	2	0	81	177	216	111	0	3	0	11	180	182	221	18	0	1	0	0	119	96	7	9	0	0	0	0	0	0	0	0	0	0	
0	0	1	0	0	0	0	0	0	1	0	64	61	0	0	0	3	0	99	184	170	90	0	3	4	0	142	189	201	40	0	2	0	0	3	103	223	30	0	2	0	0	0	2	175	26	0	1	0	0	1	0	189	55	0	2	0	0	2	0	59	46	0	2	
0	1	0	0	1	1	0	0	0	0	83	19	0	54	47	0	0	49	144	0	12	164	22	0	0	86	142	0	107	149	11	6	0	23	185	173	220	182	77	0	0	0	4	24	172	26	0	1	0	2	0	30	184	1	1	0	0	0	0	2	31	4	0	0	
0	0	1	0	1	13	2	0	0	2	0	46	157	110	1	0	1	0	23	174	38	0	1	0	4	0	87	228	102	0	2	0	4	0	102	168	147	49	0	2	2	0	44	133	104	86	0	3	0	2	0	75	173	22	0	1	0	0	1	1	2	0	0	0	
0	0	0	0	1	1	0	0	0	0	2	0	108	42	0	2	0	1	0	10	180	17	0	1	0	8	0	61	150	0	3	0	0	10	0	122	104	0	3	0	0	1	0	165	37	0	1	0	0	0	4	143	20	0	1	0	0	0	0	2	2	0	0	0	
0	0	0	0	0	0	0	0	1	0	50	123	122	44	0	1	2	0	123	117	200	151	0	4	1	0	1	120	188	17	0	1	1	0	10	182	219	47	0	2	1	0	20	18	116	188	0	3	2	0	44	205	211	103	0	3	0	1	0	31	49	0	0	0	
0	0	1	0	0	0	0	0	0	0	8	4	0	63	20	0	0	19	106	0	4	132	9	0	0	41	173	28	45	127	0	2	1	0	68	112	162	125	0	4	0	0	3	0	94	81	0	3	0	0	6	0	91	76	0	3	0	0	0	0	9	12	0	0	
0	2	4	4	4	3	2	0	0	0	0	0	0	0	0	0	0	67	148	126	141	180	90	0	0	54	120	104	69	217	81	0	0	0	3	0	101	141	0	2	0	4	0	47	173	3	0	0	0	1	0	147	52	0	2	0	2	0	41	161	0	2	0	0	
0	0	0	0	1	2	0	0	0	0	3	0	80	74	0	3	0	0	2	0	150	39	0	1	0	1	0	19	152	1	0	0	0	3	0	73	151	0	3	0	0	3	0	150	80	0	3	0	0	0	4	127	10	0	0	0	0	0	0	0	0	0	0	0	
0	1	3	0	0	0	0	0	0	1	0	19	69	73	37	7	0	14	129	167	144	125	120	29	0	51	245	56	30	90	0	2	1	0	31	153	227	50	0	3	0	3	0	142	209	5	0	1	2	0	52	222	161	13	0	1	1	0	28	128	54	0	2	0	
0	0	1	1	1	1	0	0	0	1	0	49	16	23	9	0	1	0	38	120	19	133	3	0	4	0	116	62	122	105	0	4	3	0	87	171	184	11	0	1	0	2	0	76	111	0	3	0	0	3	0	112	56	0	2	0	0	1	0	39	16	0	1	0	
0	0	0	0	0	0	0	0	0	49	115	99	35	0	1	0	0	122	245	119	212	64	0	3	0	5	77	181	236	101	0	3	1	0	21	156	30	182	61	0	4	0	110	113	0	102	137	0	3	0	75	198	163	183	60	0	0	0	0	40	61	12	0	0	
0	0	0	2	0	0	0	0	0	0	2	0	54	79	3	0	0	2	0	102	115	142	51	0	2	0	59	135	13	87	3	0	4	0	96	123	173	81	0	3	2	0	28	165	185	0	1	0	0	3	0	76	99	0	3	0	0	1	0	51	26	0	1	0	
0	0	0	0	0	0	0	0	0	1	0	85	25	0	1	0	0	3	0	179	126	0	4	0	0	4	0	115	183	0	3	0	0	3	0	102	219	0	1	0	0	3	0	74	211	0	1	0	0	1	0	32	172	0	0	0	0	0	0	0	17	1	0	0	
0	0	1	0	60	25	0	1	0	1	0	38	156	5	0	1	0	4	0	127	87	0	3	0	1	0	11	146	49	56	0	0	4	0	101	145	151	206	4	0	4	0	95	216	175	52	0	2	0	0	4	62	20	0	1	0	0	0	0	0	1	2	0	0	
0	0	0	0	0	0	0	0	0	1	0	67	79	133	21	0	1	0	3	223	216	75	4	0	0	2	0	145	139	0	3	0	0	0	0	0	169	68	0	3	0	0	4	0	143	113	0	4	2	0	95	163	176	15	0	1	1	0	19	63	15	0	1	0	
0	0	0	0	0	1	0	0	0	0	35	80	53	21	70	0	0	21	228	123	73	195	60	0	1	0	58	125	166	67	0	1	0	3	0	121	205	45	0	2	1	0	24	142	71	144	0	4	1	0	11	165	173	42	0	2	0	1	0	32	32	0	1	0	
0	0	0	0	0	0	0	0	0	0	38	81	86	41	0	1	1	0	117	124	202	153	0	4	0	1	0	6	203	84	6	3	2	0	94	218	220	119	68	0	2	0	65	243	44	0	2	0	3	0	75	191	0	3	2	0	1	0	32	61	0	1	0	0	
0	0	1	1	1	2	0	0	0	2	0	56	30	0	1	0	1	0	18	90	11	84	2	0	3	0	87	110	111	92	0	3	1	0	5	98	203	41	0	1	0	3	0	88	71	0	2	0	0	2	0	137	39	0	1	0	0	1	0	25	16	0	1	0	
0	0	0	3	0	19	25	0	0	0	3	0	44	193	90	0	0	2	0	57	216	65	0	2	2	0	27	215	57	0	2	0	2	0	165	186	145	63	0	2	0	0	202	108	169	133	0	4	2	0	46	153	100	0	0	0	0	0	0	0	0	0	0	0	
0	0	0	0	0	0	0	0	0	1	0	27	101	118	88	0	0	3	0	115	103	31	41	0	2	0	59	189	56	0	0	0	2	0	103	82	101	103	0	4	0	0	2	0	112	98	0	3	0	8	99	149	109	0	0	0	0	4	50	24	0	2	0	0	
0	0	1	0	0	1	0	0	0	0	0	105	93	0	1	0	3	0	54	208	234	31	0	2	3	0	78	173	153	19	0	1	2	0	34	204	210	5	0	1	0	4	0	116	241	82	0	4	0	2	0	71	214	81	0	3	0	0	0	1	35	4	0	0	
0	0	0	1	15	11	0	0	1	0	5	149	119	126	36	0	0	2	2	10	0	112	79	0	1	0	7	108	187	185	9	0	0	32	208	240	117	176	15	0	0	38	108	20	94	141	0	1	0	16	117	147	110	2	0	0	0	2	17	6	0	2	0	0	
0	0	0	0	0	0	0	0	0	1	0	53	102	62	0	0	1	0	28	104	0	163	55	0	1	0	14	88	131	79	0	1	0	3	0	125	197	10	0	1	2	0	60	117	61	91	0	3	3	0	69	137	110	25	0	1	0	0	0	39	24	0	1	0	
0	0	2	1	0	0	0	0	0	0	0	3	55	66	7	0	2	0	47	130	98	171	37	0	1	0	31	9	44	126	0	2	0	0	0	2	159	45	0	2	0	2	0	130	106	0	3	0	3	0	89	146	0	2	0	0	2	0	60	25	0	1	0	0	
0	0	2	2	0	0	1	0	0	2	1	0	27	43	0	0	1	0	30	151	125	174	104	0	0	98	200	80	0	107	131	0	44	191	19	0	16	203	54	0	25	74	0	1	184	123	0	3	0	2	0	161	152	0	3	0	1	0	7	67	7	0	0	0	
0	0	0	0	0	0	0	0	0	32	88	75	101	90	5	0	0	28	171	202	135	164	11	0	1	0	6	177	240	127	0	3	3	0	139	99	0	178	65	0	0	17	156	0	66	188	24	0	0	6	163	164	167	43	0	2	1	0	28	60	5	0	1	0	
1	0	15	58	0	1	0	0	3	0	94	159	0	3	1	0	4	0	146	117	0	5	2	0	4	0	172	129	0	3	9	11	4	0	120	183	0	1	138	44	2	0	27	228	195	219	165	0	0	1	0	37	92	68	5	0	0	0	1	1	0	0	1	0	
0	2	1	0	0	1	0	0	0	0	9	3	0	10	70	0	0	41	107	4	0	97	107	0	0	143	34	0	19	157	27	0	0	99	141	108	156	150	0	3	0	1	16	0	64	153	0	3	0	1	2	0	59	121	0	3	0	0	1	0	4	13	0	0	
0	0	1	0	0	0	0	0	0	0	7	50	109	49	0	1	1	0	140	102	155	166	0	3	1	0	142	134	171	17	0	1	1	0	25	210	118	76	0	1	3	0	74	153	0	143	1	0	1	0	22	166	159	77	0	3	0	1	0	34	46	0	0	0	
0	0	0	0	0	0	0	0	2	0	34	147	79	0	1	0	2	0	41	100	172	24	0	1	0	1	0	35	153	0	0	0	0	0	2	146	177	48	0	2	0	0	3	0	138	90	0	3	0	11	71	146	116	0	1	0	0	4	57	45	0	1	0	0	
0	1	0	22	43	0	1	0	0	3	0	98	97	0	3	0	0	2	0	123	36	0	1	0	1	0	12	186	152	37	0	2	3	0	82	178	109	130	0	4	0	0	1	159	199	39	0	2	0	1	0	35	51	0	1	0	0	0	0	0	1	1	0	0	
0	0	8	6	0	0	0	0	0	75	170	143	52	0	2	0	0	24	4	69	150	0	4	0	0	0	0	137	190	56	0	2	0	0	3	8	11	149	53	0	0	0	8	2	8	150	82	0	2	0	82	140	155	94	0	1	0	0	3	14	3	0	1	0	
0	0	2	2	0	0	0	0	0	1	2	0	64	126	132	29	2	0	41	209	169	93	52	13	0	31	206	125	28	0	1	0	0	22	150	156	115	10	0	1	0	1	0	15	182	131	0	4	0	0	7	115	184	64	0	3	0	0	3	44	15	0	1	0	
0	0	0	0	1	5	0	0	0	1	0	48	138	170	56	0	1	0	6	209	89	22	20	0	1	0	27	188	51	0	1	0	0	1	0	26	125	111	0	2	0	0	1	0	82	173	0	1	2	104	97	132	137	17	0	1	0	10	8	2	0	0	0	0	
0	2	0	72	45	0	2	0	3	0	75	185	57	0	2	0	0	3	156	22	0	20	8	0	0	24	188	0	63	199	87	0	0	4	181	26	143	82	116	0	3	0	89	184	205	188	53	0	0	1	0	56	88	46	0	1	0	0	2	0	0	1	1	0	
0	0	0	0	56	3	0	0	0	2	0	53	130	0	2	0	0	3	0	123	50	0	2	0	0	0	10	122	20	27	0	1	1	0	35	148	100	170	30	0	1	0	0	195	165	86	10	0	0	1	0	34	47	2	0	0	0	0	0	1	0	2	1	0	
1	0	13	91	4	0	0	0	4	0	132	191	0	4	4	0	0	0	203	90	0	3	0	0	0	23	254	81	8	100	89	2	1	0	186	189	191	152	218	49	2	0	32	233	230	196	186	2	0	1	0	12	70	91	23	0	0	0	1	1	0	0	1	0	
0	0	0	2	0	0	0	0	0	0	1	0	40	50	0	1	0	1	0	90	176	147	0	3	0	0	7	51	81	79	0	3	0	1	0	15	141	7	0	1	0	3	0	121	78	0	2	0	1	0	38	148	0	1	0	0	1	0	33	49	0	1	0	0	
0	0	0	10	4	0	0	0	1	0	11	112	108	0	1	0	0	0	0	12	116	2	0	0	0	0	0	118	156	12	0	1	0	0	3	0	50	107	0	3	0	0	0	0	77	100	0	2	1	0	53	125	85	2	0	0	0	0	5	6	0	1	0	0	
0	0	0	1	1	7	1	0	0	0	1	0	129	87	0	2	0	3	0	103	156	160	34	0	2	0	38	165	0	99	83	0	4	0	118	83	0	148	24	0	2	0	155	48	125	106	0	2	3	0	117	193	90	0	2	0	0	0	1	4	0	2	0	0	
0	0	1	4	0	0	0	0	0	1	0	118	33	0	1	0	0	4	0	141	77	0	3	0	0	4	0	138	80	0	3	0	0	4	0	145	110	0	2	0	0	3	0	100	221	17	0	1	0	1	0	33	143	0	1	0	0	0	0	1	0	0	0	0	
0	0	0	10	68	0	0	0	0	3	0	90	119	0	3	0	0	1	0	145	24	0	2	0	2	0	43	124	0	12	0	0	2	0	60	95	36	189	61	0	2	0	31	209	165	128	27	0	0	1	0	57	69	12	0	1	0	0	0	0	0	1	1	0	
0	1	2	2	1	0	0	0	0	0	0	0	0	2	0	0	9	39	59	44	16	0	0	0	100	129	139	146	177	101	0	2	1	0	1	0	12	190	17	0	0	2	5	0	46	160	0	1	0	0	2	0	61	163	0	0	0	0	0	0	0	10	2	0	
0	0	0	0	1	1	0	0	0	0	2	0	89	45	0	2	0	0	0	1	141	15	0	1	0	1	0	37	137	0	2	0	0	3	0	91	92	0	3	0	0	2	0	144	37	0	1	0	0	2	0	118	54	0	2	0	0	0	0	1	3	0	0	0	
0	1	2	0	0	1	2	0	0	1	1	44	90	50	0	1	0	3	149	187	190	233	64	0	0	139	148	1	0	114	173	0	0	202	64	0	0	69	177	0	0	139	162	40	26	174	113	0	0	2	99	172	182	109	1	0	0	1	0	0	0	0	1	0	
0	0	2	0	50	52	0	2	0	1	0	18	150	23	0	1	0	3	0	103	97	0	3	0	0	2	0	139	98	13	0	1	1	0	4	195	212	140	0	3	1	0	12	203	166	72	0	2	0	0	0	57	55	0	1	0	0	0	0	0	0	2	0	0	
0	0	1	0	0	1	0	0	0	1	0	50	143	40	11	0	2	0	55	190	71	170	159	0	1	0	32	176	156	130	18	0	1	0	10	191	214	36	0	2	3	0	149	72	68	159	0	3	2	0	134	151	182	79	0	3	0	0	5	60	37	0	1	0	
0	0	0	0	0	0	0	0	1	0	10	104	133	74	14	0	3	0	79	193	52	189	23	0	1	0	11	138	117	71	0	2	0	4	0	116	207	0	0	0	1	0	30	129	156	47	0	2	4	0	115	191	87	0	1	0	1	0	25	23	0	0	0	0	
0	0	0	0	1	0	0	0	0	17	83	60	4	0	0	0	0	45	91	142	129	0	2	0	0	0	0	0	164	33	0	1	0	1	6	0	166	58	0	2	0	0	0	0	152	18	0	1	0	2	0	45	154	0	2	0	0	1	0	37	53	0	2	0	
0	0	1	3	0	0	0	0	0	0	0	0	24	5	0	0	1	0	23	118	200	94	0	3	2	0	54	74	53	118	0	3	0	0	3	0	128	65	0	2	0	2	0	60	133	0	2	0	1	0	12	158	34	0	1	0	2	0	46	88	0	3	0	0	
0	1	0	0	0	0	0	0	1	0	69	145	154	103	4	0	0	89	219	110	72	211	56	0	0	26	18	0	74	193	3	0	0	2	0	58	200	29	0	2	0	1	111	255	214	139	106	11	0	97	203	74	54	106	145	27	0	8	4	0	0	0	0	0	
0	0	0	3	1	0	0	0	0	0	4	0	63	144	50	0	0	3	0	69	212	251	104	0	2	0	104	184	14	124	98	0	0	95	202	8	0	170	63	0	0	176	50	44	164	114	0	2	0	91	189	158	37	0	2	0	0	0	18	3	0	3	0	0	
0	0	2	1	0	1	0	0	0	1	0	3	28	11	0	0	1	0	54	112	101	89	2	0	0	82	129	19	8	139	10	0	0	58	107	80	125	116	0	4	0	0	3	0	102	35	0	1	0	2	0	12	139	3	0	0	0	1	0	31	73	0	2	0	
0	0	0	0	2	2	0	0	0	0	2	0	78	52	0	2	0	0	1	0	128	16	0	1	0	1	0	30	151	0	1	0	0	2	0	71	110	0	3	0	0	3	0	140	58	0	2	0	0	0	0	154	54	0	2	0	0	0	0	2	3	0	0	0	
0	0	1	55	4	0	0	0	2	0	53	145	0	3	1	0	4	0	100	71	0	3	0	0	3	0	115	50	0	37	5	0	3	0	94	85	57	193	100	0	1	0	19	145	212	193	53	0	0	1	0	12	56	36	0	1	0	0	1	2	0	1	1	0	
0	0	1	1	0	0	0	0	0	1	0	49	99	39	0	1	2	0	36	149	122	95	0	2	3	0	151	127	40	4	0	0	1	0	51	71	100	125	0	0	0	0	1	0	20	160	4	0	0	0	13	62	152	58	0	2	0	3	38	100	46	0	1	0	
0	0	0	2	0	0	0	0	0	0	1	0	34	90	145	25	0	2	0	118	225	255	185	5	1	0	3	212	234	123	0	1	1	0	125	217	125	0	5	1	0	113	220	175	110	0	4	0	0	96	221	143	8	0	1	0	0	0	11	5	0	0	0	0	
0	0	1	0	31	22	0	1	0	1	0	31	161	24	0	1	0	2	0	131	61	0	2	0	1	0	18	144	0	0	0	0	2	0	39	173	144	98	0	3	2	0	40	212	181	84	0	3	0	0	2	111	80	0	1	0	0	0	0	0	0	1	0	0	
0	0	0	1	1	0	0	0	2	0	117	179	207	56	0	2	0	0	71	55	206	41	0	2	0	3	0	157	245	68	0	1	0	3	4	75	88	192	8	0	0	101	124	0	135	155	0	3	0	25	155	180	158	19	0	1	0	0	0	3	0	1	0	0	
0	0	0	1	0	0	1	0	0	1	0	17	149	85	0	1	0	2	0	152	154	214	51	0	3	0	102	150	0	134	98	0	0	6	171	20	5	173	31	0	0	76	158	0	174	93	0	3	0	38	205	181	76	0	2	0	0	0	44	23	0	3	0	0	
0	0	0	0	0	0	0	0	0	10	63	70	70	37	0	1	0	14	149	51	51	32	0	1	3	0	83	92	70	23	0	1	1	0	15	66	58	117	6	0	1	0	20	12	0	122	37	0	2	0	56	94	56	111	0	0	0	1	0	53	97	18	0	1	
0	0	0	0	0	0	0	0	0	0	0	71	83	34	9	0	3	0	77	105	38	191	42	0	2	0	48	98	114	41	0	2	0	2	0	179	141	0	4	0	2	0	54	79	121	38	0	1	3	0	74	125	112	12	0	1	0	0	4	54	16	0	1	0	
0	0	1	1	0	0	0	0	0	1	0	28	141	155	64	0	0	2	0	180	191	154	181	0	3	0	94	221	0	148	146	0	0	3	219	65	30	236	37	0	0	78	201	69	233	105	0	3	0	60	239	209	66	0	3	0	0	0	43	16	0	3	0	0	
0	0	1	2	0	1	0	0	0	1	0	8	104	197	58	0	1	0	9	96	93	37	14	0	0	6	188	152	82	11	0	1	0	26	101	37	96	118	0	3	0	1	2	0	54	145	0	3	0	15	115	118	150	40	0	2	0	0	9	11	2	0	0	0	
0	0	0	0	0	0	0	0	1	0	22	37	0	43	34	0	3	0	94	136	0	189	32	0	3	0	143	89	61	200	88	5	0	38	242	173	211	168	51	0	0	6	29	49	184	14	0	1	0	4	0	116	147	0	6	0	0	2	0	56	46	0	1	0	
0	0	0	2	0	1	2	0	1	0	15	164	135	22	0	1	4	0	119	95	50	171	60	0	0	0	150	22	0	27	174	14	0	28	154	0	0	5	157	19	0	19	176	9	14	133	92	0	3	0	100	160	141	78	0	1	0	0	0	9	4	0	2	0	
0	0	0	1	1	0	0	0	0	0	2	0	82	30	0	1	0	1	0	15	183	23	0	1	0	3	0	88	122	0	3	0	0	4	0	143	91	0	3	0	0	4	0	127	91	0	3	0	0	4	0	115	86	0	3	0	0	1	0	14	13	0	0	0	
0	0	0	8	52	4	0	0	0	3	0	102	145	0	0	0	0	0	4	142	11	0	1	0	1	0	39	140	0	2	0	0	2	0	45	123	85	116	7	0	1	0	20	218	116	161	24	0	0	1	0	78	116	43	0	1	0	0	0	0	0	0	0	0	
0	1	0	18	21	0	1	0	1	0	6	171	159	4	0	1	1	0	25	53	119	46	0	3	0	0	7	12	128	8	0	0	0	8	119	215	156	0	15	50	0	15	184	122	101	150	142	79	0	0	11	5	0	8	6	0	0	0	0	2	3	0	0	2	
0	0	0	0	0	0	0	0	0	1	0	17	123	0	0	0	0	2	0	48	135	0	3	0	0	3	0	77	133	0	4	0	0	3	0	78	135	0	4	0	0	3	0	85	141	0	4	0	0	2	0	74	108	0	3	0	0	0	0	0	0	0	0	0	
0	2	1	0	0	0	0	0	1	0	29	101	34	0	1	0	0	76	198	183	164	0	2	0	0	53	25	55	177	0	4	1	0	3	0	138	134	0	4	0	0	4	0	194	150	40	74	12	0	2	0	49	174	163	90	5	0	0	0	0	0	0	0	0	
0	0	1	0	2	2	0	0	0	1	0	108	164	154	30	0	2	0	57	173	7	25	24	0	4	0	91	182	148	61	0	2	0	0	0	0	25	179	12	0	0	13	139	8	79	168	0	0	0	0	105	161	157	31	0	1	0	0	0	3	0	1	0	0	
0	0	1	1	0	1	0	0	0	107	166	176	102	0	0	0	2	54	8	12	173	141	0	3	1	0	68	121	232	149	0	4	1	0	90	117	115	178	75	0	0	35	63	2	0	132	176	0	0	21	114	152	182	163	32	0	0	0	0	4	5	0	0	0	
0	0	0	0	0	0	0	0	0	0	1	55	127	96	0	0	3	0	79	222	74	133	15	0	1	0	6	154	158	56	0	2	0	3	0	145	223	8	0	1	3	0	102	112	114	114	0	4	4	0	136	171	138	36	0	2	0	0	10	50	7	0	0	0	
0	0	0	1	1	1	0	0	0	0	0	9	27	0	0	0	0	0	0	130	125	24	0	1	2	0	53	60	84	68	0	3	3	0	85	69	165	44	0	2	1	0	30	62	89	30	0	1	0	0	1	0	107	12	0	0	0	0	0	6	55	0	0	0	
0	0	2	0	1	0	0	0	0	0	4	7	9	27	0	1	2	0	82	34	61	68	14	7	2	0	141	52	137	97	20	3	2	0	61	125	166	38	0	1	0	1	0	33	106	0	27	3	0	2	0	55	74	0	34	4	0	1	0	17	32	0	1	0	
0	0	0	1	0	0	0	0	0	1	0	41	31	19	35	0	0	1	0	156	157	124	66	0	1	0	27	151	22	0	1	0	0	0	0	83	103	11	0	0	0	0	4	0	129	84	0	3	2	0	51	141	126	2	0	0	1	0	12	50	5	0	0	0	
0	0	0	0	3	1	0	0	0	1	0	20	169	99	0	3	0	2	0	51	100	129	0	3	0	0	5	0	102	82	0	3	2	0	98	205	116	0	0	0	0	1	169	204	106	0	3	0	0	0	6	0	132	86	0	2	0	0	0	1	2	6	0	0	
0	1	1	0	0	0	0	0	1	0	10	84	57	0	1	0	0	10	165	138	166	5	0	0	0	10	10	92	161	0	2	0	0	2	0	71	166	90	0	3	0	0	3	0	63	132	0	4	0	0	1	0	152	75	0	3	0	1	0	16	85	2	0	0	
0	0	0	7	1	0	0	0	2	0	62	170	91	0	2	0	2	0	49	32	152	8	0	0	1	0	9	167	211	14	0	1	1	0	19	69	69	150	0	2	0	0	1	0	119	154	0	2	1	0	109	165	114	8	0	1	0	0	8	4	0	1	0	0	
0	0	0	6	9	0	0	0	0	1	0	3	142	47	0	2	0	1	0	30	140	21	0	1	0	1	0	175	69	0	2	0	0	1	0	32	112	60	0	2	0	0	1	0	144	75	0	3	1	0	22	119	77	0	1	0	0	0	2	5	0	1	0	0	
0	0	0	2	0	0	0	0	0	0	1	0	58	32	0	1	0	1	0	80	148	82	0	3	2	0	75	82	37	40	0	2	4	0	110	120	158	62	0	3	1	0	17	37	137	46	0	2	0	1	0	26	142	0	1	0	0	1	0	25	45	0	1	0	
0	0	10	41	0	1	0	0	1	0	14	141	3	0	0	0	0	0	5	138	6	0	0	0	1	0	17	103	49	20	0	1	0	0	11	122	90	132	0	2	0	2	0	105	189	185	2	0	0	0	0	1	59	28	0	1	0	0	0	2	0	0	0	0	
0	0	2	1	0	0	0	0	0	1	0	23	73	15	0	1	2	0	82	147	107	123	0	2	1	0	78	15	33	132	0	2	0	0	1	0	165	66	0	3	1	0	0	150	105	0	2	0	3	0	123	114	0	3	0	0	0	0	58	7	1	0	0	0	
0	0	0	0	0	0	0	0	0	0	0	6	131	10	0	1	0	1	0	22	165	2	0	0	0	2	0	70	143	0	3	0	0	3	0	72	124	0	3	0	0	3	0	106	116	0	3	0	0	3	0	78	114	0	3	0	0	0	0	0	0	0	0	0	
0	0	1	0	37	25	0	1	0	2	0	41	142	20	6	11	0	2	0	146	49	0	6	5	2	0	53	130	0	32	5	0	3	0	80	121	147	218	11	0	3	0	54	247	225	68	0	2	2	0	53	58	24	0	1	0	0	0	0	0	0	2	0	0	
0	1	2	0	0	1	0	0	0	0	0	13	31	2	0	0	0	31	90	115	139	89	0	3	0	66	43	0	45	135	0	3	0	0	2	0	70	120	0	3	0	2	5	0	135	58	0	2	0	1	0	37	145	0	1	0	0	2	0	50	83	0	2	0	
0	0	1	2	0	0	0	0	0	0	0	9	66	11	0	1	1	0	10	98	148	45	0	2	3	0	102	51	98	95	0	3	3	0	89	92	132	45	0	2	1	0	1	133	170	0	2	0	0	2	0	65	102	0	3	0	0	1	0	35	38	0	1	0	
0	0	0	0	0	0	0	0	2	0	100	168	135	47	0	2	2	0	94	115	122	218	34	0	0	2	0	39	98	168	21	0	0	3	0	99	247	33	0	2	0	3	0	49	220	29	0	1	0	92	173	211	86	0	2	0	0	14	61	25	0	1	0	0	
0	0	0	0	1	2	0	0	0	0	3	0	83	72	0	3	0	0	1	0	149	33	0	1	0	1	0	27	177	0	0	0	0	3	0	74	149	0	3	0	0	3	0	148	71	0	2	0	0	0	2	115	10	0	0	0	0	0	0	0	1	0	0	0	
0	0	0	0	0	0	0	0	2	0	55	111	91	79	9	0	3	0	76	74	13	49	5	0	2	0	53	109	10	3	0	0	1	0	14	106	107	114	3	0	0	0	6	17	0	134	20	0	1	0	14	108	101	84	0	2	0	1	0	30	56	4	0	0	
0	0	0	2	0	0	0	0	0	0	1	0	44	64	0	0	0	1	0	98	108	93	13	0	2	0	65	112	55	22	0	1	4	0	112	164	200	18	0	1	1	0	15	129	114	0	3	0	0	3	0	102	51	0	2	0	0	1	0	48	17	0	0	0	
0	0	0	0	0	1	0	0	0	2	6	25	34	4	0	0	0	90	179	137	191	142	0	4	0	11	8	0	172	123	0	4	2	0	46	193	102	0	1	0	3	0	69	223	126	145	101	12	0	1	0	32	82	115	102	7	0	0	2	1	0	0	0	0	
0	0	0	1	3	1	0	0	0	2	0	44	193	125	0	1	0	1	0	171	65	177	80	0	3	0	72	176	0	137	126	0	2	0	167	78	0	195	59	0	0	3	202	63	163	120	0	3	3	0	125	201	104	0	2	0	0	0	0	3	0	2	0	0	
0	0	0	2	0	0	0	0	0	1	0	18	156	23	0	1	0	3	0	113	244	17	0	1	2	0	72	255	210	0	0	0	0	1	125	131	228	10	0	1	0	2	0	53	245	28	0	2	0	1	0	22	180	26	0	1	0	0	0	0	0	0	0	0	
0	0	0	6	86	13	0	1	0	3	0	112	150	0	2	0	1	0	14	155	6	0	0	0	2	0	52	150	32	94	21	0	3	0	63	202	152	240	73	0	2	0	46	234	179	109	0	1	0	0	0	60	56	0	1	0	0	0	0	0	0	3	0	0	
0	0	3	2	0	0	1	0	0	1	0	0	21	13	0	0	1	0	93	186	187	213	84	0	0	119	176	25	0	206	98	0	0	114	155	59	157	168	0	2	0	0	101	113	203	66	0	3	0	3	0	58	171	0	1	0	0	3	0	117	88	0	3	0	
0	0	0	0	0	1	0	0	0	0	20	24	29	2	0	0	1	0	126	157	131	93	0	3	0	0	3	0	66	144	0	3	0	0	2	0	168	55	0	9	0	3	0	90	152	0	11	9	1	0	10	177	31	0	1	0	1	0	34	88	0	2	0	0	
0	0	0	1	2	0	0	0	0	2	0	93	146	0	0	0	1	0	20	131	158	27	0	1	2	0	42	130	118	5	0	0	1	0	8	180	182	44	0	2	0	1	0	119	72	128	0	2	0	1	0	96	121	43	0	2	0	0	0	4	11	0	0	0	
0	0	0	0	0	0	0	0	0	0	0	1	107	7	0	0	0	1	0	26	152	0	1	0	0	2	0	54	132	0	3	0	0	3	0	102	115	0	4	0	0	3	0	138	62	0	2	0	0	0	5	111	6	0	0	0	0	0	0	1	1	0	0	0	
0	0	0	0	3	0	0	0	0	0	6	118	166	36	0	2	0	0	3	30	159	53	0	2	1	0	45	176	226	86	0	1	0	5	146	89	15	147	31	0	0	0	12	19	28	148	6	0	1	0	24	157	155	44	0	2	0	0	0	6	5	0	0	0	
0	0	5	53	22	0	1	0	0	10	130	123	160	29	0	1	0	31	64	0	77	137	0	3	0	0	1	0	33	158	0	2	0	10	98	47	135	71	0	2	0	20	217	236	192	39	30	7	1	0	26	16	51	127	119	23	0	1	0	0	0	0	0	0	
0	0	1	0	0	0	0	0	0	2	0	113	168	106	20	0	2	0	61	209	50	139	130	0	3	0	174	114	0	72	139	0	0	29	208	18	0	128	97	0	0	25	224	55	105	203	11	0	2	0	97	212	181	38	0	2	0	0	0	0	0	1	1	0	
0	0	0	4	4	0	0	0	1	0	21	148	101	0	1	0	1	0	13	34	152	25	0	1	2	0	34	146	158	101	0	2	1	0	38	51	0	141	30	0	1	0	46	4	28	149	13	0	2	0	56	134	126	52	0	2	0	0	0	8	2	0	1	0	
0	0	0	0	1	1	0	0	0	3	31	30	4	0	0	0	0	10	133	160	161	12	0	1	0	0	3	0	148	76	0	3	0	0	6	0	153	80	0	3	0	0	2	0	166	51	0	2	0	1	0	21	187	8	0	1	0	1	0	29	103	0	1	0	
0	0	2	0	0	0	0	0	0	0	0	41	73	10	0	1	2	0	78	106	85	39	0	2	2	0	154	49	57	13	0	1	1	0	41	91	178	43	0	2	0	0	3	0	140	47	0	2	0	1	0	36	143	0	1	0	0	1	0	29	45	0	1	0	
0	0	0	1	1	1	0	0	0	0	0	11	32	0	1	0	0	2	0	77	86	74	0	0	1	0	14	108	88	66	0	2	2	0	56	149	138	0	0	0	0	2	0	98	63	0	2	0	0	0	4	103	5	0	0	0	0	0	7	39	0	1	0	0	
1	0	22	61	23	0	1	0	2	0	67	80	136	17	0	1	0	0	4	0	102	60	0	2	0	0	3	0	86	67	0	3	1	0	64	70	161	53	0	1	0	36	176	173	167	125	53	0	0	2	93	63	0	0	1	0	0	0	0	0	3	1	0	0	
0	0	1	1	0	2	1	0	0	9	26	0	1	0	0	0	0	26	162	14	4	43	17	0	0	38	161	116	106	187	41	0	0	15	13	0	0	107	14	0	0	0	2	0	17	130	0	1	0	1	3	0	64	103	0	3	0	0	1	0	37	32	0	1	
0	0	0	0	1	1	0	0	1	0	19	58	0	58	15	0	3	0	82	82	8	120	0	1	3	0	132	46	101	143	0	3	2	0	66	133	192	75	0	2	0	0	0	4	140	7	2	1	0	0	1	4	134	14	5	2	0	0	0	0	24	8	0	0	
0	0	0	0	0	0	0	0	0	0	2	70	129	52	0	1	3	0	83	194	41	188	36	0	1	0	8	97	89	162	19	0	0	2	0	61	248	71	0	3	3	0	85	124	113	120	0	4	3	0	126	159	138	50	0	2	0	0	1	39	12	0	0	0	
0	0	0	1	0	0	0	0	0	0	0	4	108	136	76	0	0	2	0	53	90	39	35	0	2	0	42	173	12	0	1	0	2	0	58	137	135	38	0	1	0	0	3	0	143	77	0	3	0	13	99	149	118	1	0	0	0	8	55	27	0	0	0	0	
0	0	0	1	0	0	0	0	0	0	0	8	61	112	13	0	0	3	0	79	170	69	0	0	1	0	8	177	72	35	0	1	2	0	47	109	74	148	0	3	0	1	0	4	141	41	0	2	0	6	82	152	81	0	2	0	0	0	49	30	0	2	0	0	
0	0	1	2	0	6	5	0	0	2	0	49	139	124	71	0	1	0	15	149	41	0	4	0	3	0	86	201	66	4	0	0	0	0	3	25	122	109	0	3	0	6	16	0	109	128	0	3	0	9	113	156	129	6	0	1	0	0	7	8	0	1	0	0	
0	0	1	0	1	1	0	0	0	3	0	132	107	0	3	0	1	0	32	145	138	37	0	1	3	0	84	49	60	120	0	4	3	0	117	27	56	125	0	4	3	0	86	62	157	69	0	3	1	0	14	149	97	0	1	0	0	0	1	2	0	1	0	0	
0	0	0	0	0	0	0	0	1	0	28	137	114	45	0	1	1	0	13	65	59	158	0	1	0	1	0	10	139	109	0	2	2	0	88	170	176	89	0	3	0	0	1	0	132	135	0	4	0	24	115	162	108	0	0	0	0	21	60	11	0	1	0	0	
0	0	0	0	0	0	0	0	3	0	95	193	112	17	0	1	2	0	71	151	241	179	0	2	0	0	3	0	79	192	0	2	0	1	0	23	190	74	0	3	2	0	69	242	205	56	12	0	3	0	130	202	123	71	8	0	0	0	0	0	0	0	0	0	
0	0	3	1	0	1	0	0	0	0	0	3	26	5	0	0	0	8	101	126	126	94	0	3	0	17	70	1	41	115	0	3	0	0	3	0	110	76	0	3	0	2	0	36	144	1	0	0	0	0	0	144	46	0	2	0	1	0	22	77	0	2	0	0	
0	11	43	0	1	3	1	0	0	49	143	0	5	0	0	0	0	68	112	0	13	73	30	0	0	93	74	11	160	145	146	0	0	78	117	130	73	90	117	0	0	1	150	224	231	190	17	0	0	0	3	25	54	43	8	0	0	1	1	0	0	0	0	0	
0	0	1	1	0	0	0	0	0	1	0	20	89	121	56	0	1	0	12	129	67	26	16	0	4	0	120	179	90	36	0	1	1	0	54	15	43	137	0	2	0	0	1	0	103	102	0	3	0	58	76	140	93	0	0	0	0	30	51	28	0	2	0	0	
0	0	3	0	0	1	2	0	0	2	0	25	54	6	0	1	2	0	110	227	182	206	45	0	0	85	248	69	0	156	215	0	0	156	184	0	0	82	255	31	0	70	230	70	99	233	131	0	1	0	91	161	162	76	0	1	0	1	0	0	0	0	3	0	
0	0	0	0	0	0	0	0	1	0	19	123	95	24	0	1	1	0	14	52	144	64	0	2	1	0	17	162	163	0	0	1	1	0	26	43	66	133	0	2	0	0	2	0	92	139	0	2	0	5	77	151	119	5	0	1	0	8	54	34	0	2	0	0	
0	0	1	0	21	38	0	0	0	1	0	55	180	210	14	0	1	0	20	129	10	147	55	0	0	1	1	1	0	168	41	0	2	0	37	133	180	134	0	2	0	24	210	216	217	9	0	1	0	43	150	83	86	14	0	0	0	0	0	0	0	0	0	0	
0	0	0	0	1	0	0	0	0	0	1	0	27	122	0	2	0	0	4	0	115	119	0	3	0	1	0	24	195	22	0	1	0	2	0	165	102	0	3	0	2	0	62	183	0	2	0	0	3	0	70	118	0	3	0	0	0	0	0	1	0	0	0	0	
0	0	0	1	0	1	1	0	0	0	0	11	0	96	52	0	0	0	0	127	14	154	28	0	2	0	50	112	42	147	0	3	4	0	136	149	186	72	0	3	2	0	69	156	186	0	0	0	0	2	0	64	80	0	2	0	0	0	2	6	1	0	0	0	
0	0	1	1	0	0	0	0	0	0	0	11	48	42	62	45	1	0	29	128	87	181	123	13	3	0	97	126	100	62	0	1	2	0	40	227	73	0	5	1	0	32	104	60	113	0	3	0	0	62	129	127	81	0	2	0	0	0	33	36	0	0	0	0	
0	0	0	0	0	0	0	0	1	0	15	59	133	69	0	2	4	0	125	195	101	152	0	3	3	0	137	33	115	93	0	3	0	2	0	63	214	116	0	3	1	0	7	147	108	156	0	3	2	0	91	168	136	44	0	2	0	0	42	32	1	0	0	0	
0	0	0	0	42	21	0	1	1	0	23	124	126	140	4	0	2	0	45	59	0	114	80	0	0	2	1	3	0	91	102	0	1	0	25	93	152	218	65	0	0	87	190	181	148	61	19	0	0	58	122	58	2	0	0	0	0	0	0	0	2	3	1	0	
0	0	1	92	21	0	1	0	2	0	53	183	2	3	1	0	4	0	122	126	0	4	1	0	4	0	128	142	102	115	0	1	3	0	60	248	69	161	89	0	1	0	10	191	155	189	74	0	0	1	0	15	91	47	0	1	0	0	1	1	0	0	1	0	
0	0	0	2	0	0	0	0	1	0	96	152	77	0	2	0	0	4	58	14	147	58	0	2	0	0	3	0	100	63	0	3	0	26	84	120	205	144	28	0	0	115	203	161	54	78	145	17	0	4	21	2	0	0	8	6	0	0	0	2	3	3	2	0	
0	0	2	0	1	0	0	0	0	0	0	25	16	0	1	0	2	0	61	138	118	1	0	0	3	0	154	103	184	33	0	2	1	0	40	64	147	55	0	2	0	0	2	0	136	31	0	1	0	0	2	3	154	17	0	1	0	0	2	0	115	28	0	1	
0	0	0	7	8	0	0	0	1	0	32	105	109	7	0	0	2	0	47	16	97	33	0	1	0	3	0	129	207	74	0	2	0	0	0	40	17	150	17	0	0	1	2	0	97	108	0	1	0	11	88	112	92	1	0	0	0	0	12	5	0	2	0	0	
0	0	2	1	0	0	0	0	0	1	0	30	83	148	104	0	2	0	76	132	121	117	31	0	0	24	226	123	100	9	0	1	0	32	141	108	182	143	0	4	3	0	99	94	141	146	0	4	1	0	93	171	172	21	0	1	0	0	0	0	0	1	0	0	
0	0	0	6	37	1	1	0	0	1	0	118	146	0	0	0	3	0	86	157	0	144	17	0	2	0	165	57	0	153	72	0	0	3	154	11	0	179	49	0	3	0	155	106	117	145	0	2	1	0	20	135	125	6	0	0	0	0	1	0	0	2	0	0	
0	0	0	0	0	0	0	0	2	0	89	137	133	111	0	1	0	0	22	55	176	111	0	3	2	0	48	192	228	69	0	2	0	0	54	44	20	165	32	0	0	15	159	1	14	172	22	0	1	0	115	133	173	82	0	3	0	0	6	42	29	0	1	0	
0	0	0	3	8	0	1	0	1	0	26	121	152	65	0	2	0	2	121	32	16	156	16	0	0	0	22	28	0	147	39	0	0	0	117	146	107	137	0	2	0	57	104	26	243	48	0	2	0	27	147	128	67	75	0	0	0	0	9	6	0	0	0	0	
0	1	0	18	20	0	1	0	0	2	0	57	184	11	0	1	0	0	5	0	120	148	0	2	0	1	0	60	164	175	0	1	3	0	82	119	109	94	0	3	4	0	146	129	128	17	0	1	2	0	46	150	32	0	1	0	0	0	0	0	1	1	0	0	
0	0	1	2	0	2	0	0	0	0	1	0	27	7	0	0	0	0	5	86	119	134	0	0	3	0	90	95	49	155	0	1	3	0	84	139	193	51	0	2	0	0	0	35	147	7	0	0	0	3	0	83	95	0	3	0	0	2	0	74	31	0	1	0	
0	0	0	0	0	1	0	0	0	1	0	44	89	26	0	1	0	0	0	173	83	130	12	0	0	2	0	146	194	89	0	1	1	0	9	210	175	0	2	0	1	0	29	162	181	36	0	1	0	3	0	99	178	0	0	1	0	0	0	9	12	0	0	0	
0	0	1	2	0	1	0	0	0	0	1	1	0	16	66	0	1	0	25	113	0	90	90	0	0	0	125	31	3	149	12	0	0	54	174	88	151	163	20	0	0	18	120	30	126	41	0	2	0	0	0	0	99	8	0	0	0	1	4	1	14	2	0	0	
0	0	0	0	0	0	0	0	0	0	0	6	57	0	0	0	0	1	0	36	86	0	2	0	0	1	0	36	54	0	2	0	0	1	0	38	54	0	2	0	0	2	0	43	61	0	2	0	0	1	0	28	87	0	2	0	0	0	0	0	14	0	0	0	
0	0	0	2	0	0	0	0	0	0	1	0	48	58	2	0	0	1	0	81	123	144	1	0	2	0	45	119	98	59	0	2	4	0	85	197	166	0	1	0	1	0	0	119	101	0	3	0	0	2	0	132	32	0	1	0	0	0	1	52	4	0	0	0	
0	0	2	0	0	0	0	0	0	0	1	28	23	0	0	0	1	0	83	63	110	41	0	2	0	26	109	9	123	10	0	1	0	1	73	116	119	33	0	2	0	0	2	0	33	88	0	3	0	0	2	0	9	101	0	0	0	0	0	1	0	66	11	0	
0	0	1	0	18	10	0	0	0	1	2	0	165	109	0	3	0	0	0	136	142	168	4	0	3	0	119	137	0	146	47	0	0	23	156	5	0	146	46	0	0	48	174	49	137	126	0	1	1	0	82	150	84	0	0	0	0	0	0	0	0	2	0	0	
0	0	0	0	0	0	0	0	1	0	12	132	112	0	2	0	3	0	152	106	165	4	0	0	1	0	49	22	124	10	0	0	0	2	0	54	105	0	3	0	1	0	9	158	40	64	25	0	3	0	61	163	138	118	11	0	0	0	1	0	0	0	0	0	
0	1	0	20	30	0	1	0	0	1	0	132	176	20	0	1	0	0	8	69	66	139	0	2	0	0	0	0	4	155	12	0	1	0	41	63	47	140	0	1	0	4	171	184	248	72	0	3	1	0	83	112	77	42	0	1	0	0	0	0	0	0	0	0	
0	2	0	31	63	5	0	0	3	0	86	212	113	6	0	1	0	27	212	82	61	65	13	0	0	77	240	176	149	124	177	16	0	53	255	146	0	0	151	74	1	0	131	255	160	88	191	69	0	1	0	43	136	144	67	0	0	0	2	0	0	0	0	1	
0	0	2	0	0	1	0	0	0	0	1	5	9	5	0	0	3	0	121	214	130	114	0	2	2	0	144	83	28	152	0	2	0	0	3	0	84	120	0	4	0	0	3	0	156	49	0	2	0	3	0	84	138	0	3	0	0	3	0	101	58	0	2	0	
1	0	36	53	0	0	0	0	0	87	163	165	83	0	3	0	0	36	2	52	140	0	3	0	0	3	0	108	101	0	5	0	0	2	0	198	185	0	5	5	3	0	107	173	157	138	145	41	2	0	71	38	26	126	55	0	0	0	0	1	1	0	0	0	
0	0	3	0	1	0	0	0	0	0	0	0	2	71	4	0	0	13	96	0	65	137	0	3	0	31	162	0	131	71	0	2	1	0	137	160	204	85	0	0	0	2	0	81	155	0	2	0	0	3	0	67	125	0	3	0	0	0	0	7	25	0	0	0	
0	0	1	1	0	0	1	0	0	3	0	71	207	82	0	1	1	0	5	212	126	143	59	0	4	0	141	186	0	136	81	0	1	0	199	69	0	186	35	0	0	0	189	36	117	173	0	2	2	0	67	181	150	11	0	1	0	0	0	7	2	1	0	0	
0	0	0	2	0	0	0	0	0	0	0	1	48	50	0	0	0	1	0	103	93	126	7	0	2	0	60	156	38	24	0	0	2	0	34	142	159	0	0	0	0	1	0	20	119	0	1	0	0	1	0	51	115	0	3	0	0	1	0	23	58	0	1	0	
0	0	0	0	0	0	0	0	1	0	38	107	52	0	1	0	1	0	18	21	139	12	0	1	0	2	0	56	140	56	0	2	0	0	3	4	53	80	0	3	0	0	0	0	117	27	0	1	0	0	44	107	60	0	2	0	0	0	39	34	0	1	0	0	
0	0	0	2	0	0	0	0	0	0	1	1	19	3	0	0	0	1	0	69	149	42	0	2	3	0	84	107	137	81	0	3	3	0	68	111	138	72	0	3	0	0	3	0	103	42	0	2	0	0	0	8	130	6	0	0	0	0	0	9	81	0	1	0	
0	0	0	1	1	1	0	0	0	0	1	3	0	45	25	0	0	2	0	61	52	104	8	0	1	0	73	84	69	63	0	2	0	26	117	91	151	22	0	1	0	5	0	85	105	0	0	1	0	0	5	107	11	0	0	0	0	0	6	22	0	1	0	0	
0	1	0	32	54	0	0	0	1	0	16	139	137	73	0	3	0	1	3	0	31	140	0	2	1	0	25	21	26	146	0	2	0	37	109	121	206	60	0	3	0	84	141	123	157	129	31	0	0	2	73	34	0	66	97	0	0	0	0	1	3	0	0	0	
0	0	0	0	3	2	0	0	0	2	0	73	194	147	0	0	1	0	21	158	32	176	46	0	0	0	1	0	20	192	14	0	0	73	113	20	172	125	0	3	0	154	174	236	201	126	44	0	0	62	188	96	0	1	0	0	0	0	4	0	2	2	1	0	
0	0	0	0	0	0	0	0	1	0	17	96	151	49	0	2	4	0	112	165	110	174	5	0	2	0	63	124	26	132	0	1	0	3	0	138	219	18	0	1	1	0	10	117	181	96	0	3	4	0	99	212	124	33	0	1	1	0	23	35	1	0	0	0	
0	0	0	0	0	1	1	0	0	1	0	57	125	49	0	2	0	2	0	114	125	149	24	0	2	0	47	174	40	98	69	0	3	0	131	51	0	120	49	0	0	0	141	1	45	154	0	1	2	0	100	136	150	40	0	2	0	0	1	57	27	0	1	0	
0	0	0	0	1	0	0	0	0	0	2	0	61	56	0	2	0	0	0	0	154	34	8	0	0	2	0	58	141	0	4	0	0	3	0	112	80	0	5	0	0	0	1	141	16	0	32	0	0	0	13	116	0	2	13	0	0	0	1	17	0	0	0	0	
0	2	0	6	6	0	0	0	1	0	49	142	135	9	0	1	0	59	138	4	96	95	0	3	0	39	15	0	49	99	0	4	1	0	27	65	107	84	0	3	0	10	176	166	220	104	6	7	0	0	54	75	10	107	107	1	0	0	0	0	0	1	2	0	
0	0	0	0	9	14	1	0	0	3	0	95	166	109	15	0	0	2	0	129	32	0	1	0	1	0	27	191	99	3	0	0	1	0	27	46	76	111	0	2	0	6	4	0	91	142	0	3	0	18	104	129	110	12	0	1	0	0	7	5	0	1	0	0	
0	0	0	1	28	2	0	0	0	2	0	96	147	0	2	0	1	0	18	210	33	0	2	0	3	0	72	168	71	30	0	1	4	0	99	132	154	160	0	2	3	0	79	174	90	180	0	0	0	0	0	114	153	29	0	1	0	0	1	0	0	1	0	0	
0	1	0	26	66	0	1	0	0	3	0	107	71	0	3	0	0	0	8	148	7	0	0	0	2	0	55	125	0	61	22	0	3	0	91	99	75	212	79	0	3	0	62	193	206	101	1	0	0	0	1	70	48	0	0	0	0	0	0	0	0	2	1	0	
0	0	2	2	0	2	0	0	0	0	0	5	31	7	0	0	2	0	35	142	143	108	0	1	4	0	110	139	25	85	18	0	0	0	8	58	127	74	0	3	0	0	0	7	135	19	0	1	0	3	0	101	91	0	3	0	0	0	0	76	8	0	0	0	
0	0	1	1	0	1	0	0	0	0	0	11	20	0	0	0	1	0	9	107	123	32	0	1	3	0	93	144	132	34	0	1	1	0	23	43	126	15	0	1	0	0	0	6	119	3	0	0	0	1	0	50	96	0	3	0	0	2	0	47	53	0	2	0	
0	0	1	0	0	0	0	0	1	0	35	133	126	35	0	1	0	0	204	155	143	238	11	0	0	0	51	218	158	78	1	0	3	0	82	159	177	11	0	1	2	0	147	17	104	178	0	3	2	0	48	152	178	138	0	2	0	1	0	24	43	0	0	0	
0	0	0	0	1	1	0	0	2	0	37	114	80	75	25	0	3	0	73	159	134	156	3	0	0	3	0	104	204	29	0	2	0	2	0	89	195	9	0	1	2	0	62	88	124	48	0	2	4	0	137	152	97	0	1	0	1	0	21	33	0	0	0	0	
0	0	0	0	0	1	1	0	0	8	151	214	154	32	0	1	0	13	144	79	188	227	22	0	0	0	2	0	24	255	87	0	0	7	143	189	187	255	134	0	0	71	211	187	255	210	95	0	1	0	100	202	122	16	0	1	0	0	0	0	0	1	3	0	
0	0	0	0	0	0	0	0	1	0	54	129	102	4	0	0	1	0	76	26	160	38	0	1	0	2	0	103	174	0	1	0	3	0	83	156	122	93	0	2	0	0	1	0	32	162	0	1	1	0	74	105	147	72	0	2	1	0	40	65	20	0	1	0	
0	0	0	0	0	0	0	0	0	1	0	32	65	0	2	0	0	1	0	45	111	0	3	0	0	1	0	43	109	0	3	0	0	2	0	43	78	0	3	0	0	3	0	79	77	0	3	0	0	3	0	84	55	0	2	0	0	0	0	1	0	0	0	0	
0	0	1	0	0	0	0	0	0	1	0	38	94	54	0	1	3	0	81	133	44	141	1	0	2	0	39	123	123	46	0	2	0	2	0	159	160	0	1	0	2	0	63	78	99	87	0	3	4	0	92	141	105	12	0	1	0	0	9	52	8	0	0	0	
0	0	1	0	18	24	0	1	0	1	0	8	198	74	0	3	0	3	0	89	193	0	1	0	0	3	0	100	175	0	3	0	0	2	0	56	182	0	1	0	2	0	57	140	200	5	0	1	2	0	35	158	121	4	0	0	0	0	0	0	0	0	0	0	
0	0	0	0	0	0	0	0	2	0	53	113	101	38	0	1	2	0	61	44	52	139	0	3	0	1	0	28	192	78	0	3	3	0	100	179	91	125	0	1	0	0	13	0	56	156	0	1	1	0	77	126	117	23	0	1	0	0	50	33	0	1	0	0	
0	0	0	0	0	0	0	0	1	0	8	110	109	27	0	1	3	0	86	125	32	141	0	1	2	0	43	138	95	44	0	2	0	3	0	163	173	0	3	0	1	0	31	136	138	33	0	1	1	0	32	164	137	21	0	1	0	1	0	45	32	0	1	0	
0	0	1	0	50	19	0	1	0	0	0	14	125	8	0	1	0	3	0	97	80	0	3	0	0	0	0	130	50	20	0	1	2	0	53	136	148	149	0	3	3	0	54	203	161	54	0	2	0	0	4	61	33	0	0	0	0	0	0	0	0	1	0	0	
0	0	0	0	0	0	0	0	0	2	0	53	144	32	4	0	0	0	1	160	157	223	43	0	0	2	0	109	205	70	0	2	0	3	0	148	176	19	0	1	2	0	49	173	106	86	0	3	2	0	42	209	175	18	0	1	0	0	0	35	11	0	0	0	
0	0	0	1	0	2	1	0	0	2	0	68	59	0	9	1	0	0	0	158	26	49	70	0	2	0	70	106	17	211	37	0	4	0	151	154	194	135	13	0	1	0	29	188	119	0	3	0	0	2	0	107	27	0	2	0	0	0	0	18	6	0	0	0	
0	1	0	41	30	0	1	0	0	2	0	157	61	0	2	0	1	0	18	174	9	0	1	0	2	0	62	151	128	137	0	0	3	0	48	246	128	165	47	0	1	0	19	230	235	115	0	1	0	1	0	29	58	3	0	0	0	0	1	1	0	2	0	0	
0	0	0	2	0	5	6	0	0	0	4	0	97	169	29	0	0	3	0	83	162	158	23	0	2	0	54	190	0	143	65	0	0	0	161	46	12	171	14	0	0	90	130	45	184	75	0	2	0	63	172	129	36	0	2	0	0	0	4	0	1	2	0	0	
0	0	0	0	0	0	0	0	0	4	43	95	114	29	0	1	0	61	124	88	105	192	0	0	0	3	0	0	125	102	0	2	1	0	8	139	76	0	2	0	3	0	100	77	0	52	97	10	3	0	103	167	140	119	40	0	0	0	0	29	16	0	0	0	
0	0	1	1	0	1	0	0	0	2	0	61	204	46	0	2	2	0	35	232	222	170	0	1	4	0	155	161	0	153	71	0	0	26	208	20	0	171	121	0	0	12	192	101	142	252	56	0	2	0	61	212	216	97	0	1	0	0	1	0	0	0	1	0	
0	0	0	1	0	0	0	0	0	0	1	0	92	75	0	2	0	2	0	88	96	141	41	0	0	0	3	114	84	85	0	0	0	3	0	148	107	0	1	0	0	0	0	161	65	0	3	0	1	0	23	154	55	0	2	0	0	0	2	35	4	0	0	0	
0	0	0	0	0	0	0	0	0	2	0	128	42	0	2	0	0	4	0	149	87	0	3	0	0	4	0	122	126	0	4	0	0	3	0	100	154	0	4	0	0	3	0	100	160	0	4	0	0	2	0	66	124	0	3	0	0	0	0	0	0	0	0	0	
0	1	1	0	5	0	1	0	1	0	11	144	177	126	15	0	0	0	186	150	0	119	171	0	0	84	201	0	0	5	176	27	0	143	134	0	0	32	191	13	0	117	201	33	74	203	88	0	0	7	143	200	153	65	0	1	0	0	0	0	0	0	2	0	
0	0	0	0	0	0	0	0	1	0	151	240	87	0	2	0	0	8	207	120	194	21	0	1	0	2	26	60	230	27	0	2	0	17	129	255	108	0	22	4	0	57	255	253	231	235	255	85	0	0	50	78	82	82	81	28	0	1	0	0	0	0	0	0	
0	0	1	0	0	2	1	0	1	0	12	148	146	1	0	0	1	0	133	80	97	161	0	0	0	45	94	0	0	124	62	0	0	89	83	0	0	111	73	0	0	46	146	11	57	169	11	0	2	0	92	174	153	42	0	2	0	1	0	2	0	1	1	0	
0	0	0	0	0	0	0	0	0	20	79	122	131	108	10	0	15	224	255	215	214	255	91	0	0	99	59	85	219	254	34	0	0	2	0	174	179	170	77	0	0	24	156	68	0	167	120	0	0	7	181	243	230	204	27	0	0	0	0	27	47	3	0	0	
0	0	1	1	0	1	0	0	0	1	0	65	13	0	1	0	1	0	26	134	13	101	0	1	4	0	113	98	45	208	5	0	3	0	100	152	186	100	0	1	0	0	0	0	148	17	0	1	0	1	0	32	135	0	2	0	0	0	0	7	16	0	0	0	
0	0	0	0	0	0	0	0	0	2	17	11	90	3	0	0	0	14	163	6	175	35	0	2	0	4	199	91	182	144	0	1	1	0	155	202	227	201	1	1	0	0	3	0	100	140	0	13	0	0	5	0	96	148	0	4	0	0	0	0	7	15	0	1	
2	0	41	33	0	2	0	0	1	0	151	39	0	2	1	0	0	19	142	0	0	20	4	0	0	19	118	0	70	196	67	0	0	1	163	27	139	65	109	0	2	0	64	185	198	130	57	0	0	1	0	35	82	43	0	1	0	0	2	1	0	1	1	0	
0	0	0	0	0	0	0	0	1	0	18	67	147	58	0	2	4	0	147	211	144	32	0	1	4	0	132	225	167	73	0	1	2	0	48	101	96	210	43	0	0	0	12	53	0	154	69	0	2	0	44	238	215	144	0	1	0	1	0	28	54	4	0	0	
0	0	1	0	0	0	0	0	0	1	0	41	112	70	4	0	3	0	57	228	249	170	0	0	2	0	44	235	199	3	0	1	0	4	0	149	233	2	0	1	0	3	0	168	255	35	0	2	0	3	0	120	223	14	0	1	0	0	0	7	16	0	0	0	
1	0	12	99	0	0	0	0	1	0	34	173	0	4	1	0	2	0	47	182	0	1	0	0	3	0	90	146	33	181	83	0	4	0	113	194	218	255	96	0	2	0	52	223	241	147	0	0	0	0	0	1	11	1	0	0	0	0	1	0	0	2	1	0	
0	0	1	1	0	2	0	0	0	0	0	3	11	1	0	0	0	4	155	186	180	134	0	1	0	0	41	37	28	193	9	0	0	0	3	0	105	150	0	3	0	2	0	62	211	27	0	2	1	0	4	201	73	0	3	0	1	0	21	143	6	0	0	0	
0	0	0	3	4	4	1	0	0	0	6	1	0	0	0	0	0	0	183	178	107	146	70	0	0	3	190	164	175	250	74	0	0	0	63	0	77	170	0	2	0	1	0	5	197	56	0	2	0	3	0	119	149	0	3	0	0	2	0	119	38	0	1	0	
0	0	2	0	0	0	0	0	0	1	0	112	108	70	4	0	1	0	91	109	86	63	3	0	0	13	113	36	101	23	0	1	0	0	1	0	23	104	0	2	0	6	20	15	134	85	0	3	0	0	103	160	102	0	0	0	0	0	3	2	0	2	0	0	
0	0	0	0	0	0	0	0	0	1	0	111	144	34	0	1	1	0	9	204	158	219	19	0	1	0	8	169	121	194	10	0	2	0	61	231	237	32	0	2	4	0	144	135	150	145	0	4	1	0	26	208	208	85	0	3	0	1	0	33	38	0	0	0	
0	0	2	0	0	0	0	0	0	2	0	67	134	137	73	0	3	0	133	218	67	54	178	65	0	36	211	99	0	0	133	77	0	89	140	0	0	104	157	0	0	88	121	0	109	174	12	0	0	56	195	150	131	7	0	1	1	0	43	44	0	2	1	0	
0	0	2	2	0	2	1	0	0	0	0	10	22	1	0	0	2	0	45	195	219	194	20	0	3	0	180	139	138	237	52	0	3	0	122	225	212	25	1	0	0	3	0	101	133	0	3	0	0	0	0	182	46	0	2	0	1	0	13	119	3	0	0	0	
0	0	0	17	42	0	1	0	0	2	0	135	70	0	3	0	2	0	41	152	0	5	0	0	4	0	104	86	81	154	35	0	3	0	135	142	62	115	66	0	4	0	104	200	126	114	0	1	0	0	5	68	75	5	0	0	0	0	1	0	0	2	0	0	
0	0	0	12	13	0	0	0	0	2	0	161	125	0	4	0	3	0	56	255	251	90	0	2	4	0	145	151	137	241	32	0	0	0	195	49	0	114	107	0	0	12	190	47	54	197	108	0	0	2	117	128	143	151	18	0	0	0	0	0	0	0	0	0	
0	0	0	1	2	0	0	0	0	0	6	1	9	36	0	1	0	4	171	123	175	123	0	4	0	15	81	0	132	52	0	2	0	0	2	0	133	49	0	1	0	1	0	116	231	102	0	2	0	0	0	23	152	10	0	0	0	0	0	2	55	3	0	0	
0	0	0	0	0	0	0	0	0	2	0	65	107	0	3	0	0	3	0	82	143	0	4	0	0	2	0	55	129	0	3	0	0	2	0	44	168	0	1	0	0	2	0	47	178	0	1	0	0	1	0	28	134	0	1	0	0	0	0	0	0	0	0	0	
0	0	2	2	0	2	0	0	0	0	0	4	6	1	89	15	2	0	30	201	39	86	195	0	2	0	173	103	11	210	39	0	0	10	213	85	187	146	0	4	1	0	75	214	196	3	0	1	0	3	0	116	112	0	3	0	0	0	2	10	11	0	0	0	
0	0	0	3	33	6	0	0	0	1	0	153	255	99	0	4	2	0	31	200	136	149	0	3	1	0	7	96	227	90	0	3	3	0	133	239	72	0	2	0	4	0	166	233	149	220	75	0	1	0	23	119	155	109	21	0	0	0	0	0	0	0	0	0	
0	1	1	0	1	0	0	0	2	0	42	39	20	67	0	2	0	7	163	16	97	116	0	4	0	41	191	3	116	79	0	3	2	0	83	163	202	169	8	0	0	0	1	0	91	153	0	2	0	0	4	0	14	145	7	0	0	0	0	1	0	30	8	0	
0	4	3	0	0	0	0	0	0	0	0	17	55	48	3	0	0	93	196	234	237	253	43	0	18	223	201	173	219	242	22	0	4	5	32	234	220	226	95	0	1	0	32	83	0	139	110	0	3	0	71	251	243	208	12	0	0	0	3	90	127	29	0	1	
0	0	0	0	0	0	0	0	1	0	70	108	98	10	0	1	0	0	12	43	179	26	0	2	1	0	33	80	116	0	2	0	1	0	25	143	173	44	45	11	0	3	0	111	94	81	92	13	0	1	0	133	30	0	1	0	0	0	0	22	3	3	3	1	
0	0	1	0	0	0	0	0	0	0	12	22	5	23	0	1	3	0	118	79	19	121	0	3	0	20	218	91	104	138	0	3	0	29	182	200	234	144	0	4	0	0	1	0	41	137	0	3	0	1	4	0	57	152	0	3	0	0	1	0	18	51	0	1	
0	0	0	0	0	0	0	0	0	0	1	0	145	58	0	2	0	1	0	7	231	75	0	3	0	2	0	52	251	45	0	2	0	3	0	131	213	0	1	0	0	0	0	228	164	0	3	0	0	1	0	130	63	0	2	0	0	0	0	0	1	0	0	0	
0	0	0	0	0	0	0	0	2	0	48	189	193	225	69	0	4	0	98	198	96	100	17	0	4	0	142	243	184	54	0	2	2	0	81	78	97	210	13	0	0	61	146	96	108	186	7	0	0	76	214	215	193	73	0	2	0	0	0	0	0	1	0	0	
0	0	1	0	0	2	0	0	0	1	0	44	51	0	1	0	2	0	53	114	94	45	0	1	1	0	110	8	35	126	0	2	1	0	115	49	118	92	0	3	1	0	25	67	54	82	0	3	0	0	1	0	28	90	0	3	0	0	1	0	12	40	0	1	
0	0	11	63	0	2	0	0	2	0	48	170	0	2	0	0	3	0	76	138	0	33	2	0	4	0	117	167	178	235	118	0	4	0	127	255	112	178	113	0	3	0	73	253	255	151	0	1	0	0	0	45	71	4	0	0	0	0	1	0	0	3	1	0	
0	0	0	0	0	0	0	0	0	1	0	40	91	0	2	0	0	1	0	36	179	0	0	0	0	2	0	44	167	0	1	0	0	3	0	71	167	0	3	0	0	3	0	96	161	0	4	0	0	2	0	65	106	0	3	0	0	0	0	0	0	0	0	0	
0	0	0	1	3	0	0	0	0	0	3	4	0	0	0	0	4	0	105	232	200	149	0	3	4	0	172	166	199	136	0	4	3	0	93	62	170	35	0	1	0	2	0	59	174	0	2	0	0	4	0	130	111	0	3	0	0	2	0	101	40	0	1	0	
0	0	0	1	0	1	0	0	0	1	0	22	67	4	0	0	0	1	0	150	234	87	0	4	1	0	27	206	225	91	0	4	1	0	4	180	236	40	0	2	0	1	0	16	164	10	0	1	0	1	0	24	186	2	0	0	0	0	0	1	54	4	0	0	
0	0	0	2	1	0	0	0	1	0	18	91	63	196	13	0	2	0	38	170	171	202	5	0	1	0	7	236	137	0	0	1	3	0	79	206	132	0	3	0	3	0	162	139	210	39	0	2	2	0	66	211	188	20	0	1	0	0	0	0	0	0	0	0	
0	0	0	0	1	0	0	0	1	0	22	89	0	0	0	0	2	0	34	218	27	0	1	0	0	2	0	199	100	0	3	0	0	3	0	111	176	0	2	0	0	1	0	22	220	25	0	1	0	1	0	18	191	21	0	1	0	0	0	0	14	1	0	0	
0	0	2	2	0	0	0	0	0	0	0	6	23	6	0	0	2	0	38	183	233	169	0	3	2	0	185	188	207	154	0	4	0	0	168	218	234	31	0	2	0	1	0	56	183	0	1	0	0	4	0	114	153	0	4	0	0	3	0	99	65	0	2	0	
0	0	1	0	23	16	0	1	0	1	0	28	132	18	0	1	0	0	1	143	44	0	2	0	3	0	99	89	18	101	15	0	1	0	125	60	109	144	34	0	3	0	116	203	114	56	0	1	1	0	21	82	26	0	0	0	0	0	1	0	0	2	0	0	
0	1	2	0	0	0	1	0	1	0	6	90	139	133	24	0	0	14	186	255	237	255	136	0	0	160	236	65	0	167	199	0	0	204	51	0	0	108	199	0	0	187	126	89	176	255	103	0	0	80	243	253	246	139	6	0	0	0	8	37	21	0	2	0	
0	0	0	1	2	0	0	0	0	0	1	120	155	61	0	2	1	0	13	170	35	156	18	0	3	0	83	124	0	135	50	0	2	0	143	35	0	157	16	0	1	0	152	17	122	104	0	3	3	0	77	180	114	0	0	0	0	0	0	7	1	1	0	0	
0	0	0	0	0	0	0	0	0	3	0	70	134	0	2	0	0	4	0	115	198	0	2	0	0	4	0	119	193	0	2	0	0	3	0	84	210	0	1	0	0	3	0	87	198	0	2	0	0	2	0	47	168	0	0	0	0	0	0	0	1	0	0	0	
0	0	0	1	0	8	7	0	0	0	1	0	36	85	17	0	0	1	0	18	91	31	10	0	0	1	0	120	114	46	17	0	1	0	83	76	100	5	0	0	0	26	105	0	102	14	0	0	0	2	80	102	46	0	2	0	0	0	6	10	0	0	0	0	
0	0	3	0	1	0	0	0	0	0	0	7	6	0	0	0	0	0	129	238	159	0	3	1	0	53	204	98	203	23	0	1	2	0	81	241	184	37	46	15	3	0	83	203	193	217	230	67	0	0	0	0	0	8	13	0	0	0	2	3	1	0	0	0	
0	0	1	3	2	2	0	0	0	1	35	1	0	0	0	0	1	0	165	99	37	45	0	0	2	0	37	134	193	173	0	3	0	0	3	0	147	80	0	3	0	1	0	33	170	4	0	1	0	3	0	109	115	0	3	0	0	2	0	61	21	0	1	0	
0	0	0	0	0	0	0	0	0	2	54	113	79	25	0	1	0	81	255	249	255	133	0	4	0	20	59	204	255	196	15	0	0	0	0	84	56	178	96	0	0	50	97	0	50	200	55	0	0	57	254	235	216	98	0	2	1	0	27	50	7	0	2	0	
0	0	0	0	0	0	0	0	1	0	53	91	96	22	0	1	0	1	14	0	44	120	0	2	2	0	54	67	65	60	0	2	1	0	19	162	86	0	2	0	0	0	0	1	161	52	0	2	0	10	59	87	110	17	0	1	0	1	44	38	0	0	0	0	
0	0	1	0	0	0	0	0	0	0	8	0	52	64	0	2	3	0	128	51	81	123	0	4	1	0	197	96	119	140	0	4	2	0	110	234	253	159	0	4	0	0	2	0	150	89	0	3	0	0	2	0	147	24	0	1	0	0	0	2	21	1	0	0	
0	0	1	0	0	6	1	0	0	0	3	105	206	132	0	1	3	0	155	231	47	5	0	0	3	0	111	255	170	11	0	1	0	2	0	58	251	175	0	1	1	0	27	52	169	255	33	0	3	0	71	204	183	90	0	1	0	0	0	0	0	0	0	0	
0	0	0	0	0	0	0	0	2	0	34	195	225	107	0	3	2	0	54	188	46	25	0	1	2	0	28	235	201	55	0	2	0	0	0	20	111	203	8	0	2	0	39	147	132	190	11	0	3	0	79	231	172	52	0	1	0	0	0	0	0	0	0	0	
0	0	0	0	0	0	0	0	0	1	0	85	121	2	0	0	2	0	59	149	184	50	0	2	0	1	0	33	171	7	0	1	0	3	0	72	223	75	0	3	0	0	0	0	169	54	0	2	0	1	0	164	115	0	3	0	0	0	1	32	4	1	0	0	
2	0	68	108	0	3	0	0	4	0	156	106	0	6	1	1	0	16	203	33	0	1	0	0	0	59	174	0	31	171	188	26	0	50	200	39	199	255	214	13	1	0	165	236	215	189	38	0	0	0	4	12	1	4	0	1	0	1	2	0	0	2	2	0	
0	0	1	1	3	3	0	0	0	2	0	102	78	0	3	0	2	0	35	160	134	75	0	1	3	0	117	59	9	130	51	0	0	7	121	6	0	69	91	0	0	6	128	8	38	146	27	0	2	0	90	152	127	28	0	1	0	0	0	7	1	1	1	0	
0	0	0	1	2	1	0	0	0	6	11	0	0	0	0	0	0	154	255	203	194	210	55	0	8	176	87	97	124	245	38	0	11	88	4	0	95	181	0	2	0	0	5	0	177	76	0	3	0	3	0	16	233	104	0	2	0	1	0	22	163	30	0	1	
0	0	1	0	0	0	0	0	1	0	10	137	89	0	1	0	3	0	100	150	187	13	0	1	3	0	97	226	187	0	1	1	2	0	52	87	156	144	0	3	0	0	3	0	126	167	0	4	0	1	0	127	202	34	0	2	0	0	0	42	16	0	1	0	
0	0	0	1	0	0	0	0	1	0	30	83	14	184	46	0	1	0	30	172	0	115	128	0	0	3	0	132	105	139	60	0	1	0	19	150	238	66	0	2	1	0	196	136	179	91	0	3	1	0	123	196	169	27	0	1	0	0	0	0	0	0	0	0	
0	0	0	6	1	1	0	0	2	0	82	186	125	0	1	0	0	7	203	32	147	89	0	3	0	9	31	0	51	146	0	2	1	0	23	124	97	163	8	0	4	0	125	129	186	172	0	3	1	0	22	143	155	35	0	2	0	0	0	1	1	0	0	0	
0	0	3	47	2	1	0	0	1	0	15	155	3	0	1	0	2	0	64	148	0	15	0	0	4	0	111	97	124	192	0	0	4	0	126	90	191	216	21	0	3	0	63	205	238	116	0	3	0	0	0	72	48	0	1	0	0	0	1	0	0	2	0	0	
0	0	0	1	0	1	0	0	0	1	0	23	19	36	74	0	0	1	0	146	96	143	55	0	3	0	85	92	77	138	0	3	0	8	172	119	211	29	0	1	0	16	121	124	143	0	3	0	0	3	0	78	80	0	3	0	0	1	2	16	5	0	0	0	
0	0	1	3	0	0	0	0	0	0	0	3	107	61	0	1	1	0	7	145	255	209	16	0	3	0	70	217	85	135	0	2	4	0	148	78	33	185	0	2	2	0	158	59	200	119	0	3	4	0	114	250	137	0	0	0	1	0	16	37	0	2	0	0	
0	0	0	1	0	1	0	0	0	1	0	28	70	0	2	0	0	2	0	138	101	0	1	0	2	0	62	67	69	95	0	3	0	1	141	40	165	108	0	2	1	0	37	135	144	0	1	0	0	2	0	52	55	0	2	0	0	0	0	14	7	0	0	0	
0	1	1	0	0	0	0	0	1	0	15	77	138	127	8	0	0	1	202	205	140	234	30	0	0	22	112	64	229	149	0	4	0	3	0	83	134	122	6	0	0	8	70	6	20	165	14	0	0	4	171	217	233	91	0	3	0	0	0	43	33	0	1	0	
0	0	1	0	0	0	1	0	0	2	0	134	170	27	1	0	3	0	87	164	104	157	93	0	0	6	168	21	0	49	138	0	0	62	142	0	0	102	98	0	0	77	140	0	106	144	3	0	0	7	140	150	104	8	0	1	0	0	3	7	0	2	1	0	
0	1	1	0	0	0	0	0	0	0	3	0	68	82	0	3	0	28	59	0	76	137	0	4	0	63	147	48	148	151	0	3	0	70	228	197	216	159	0	3	0	3	5	0	45	165	0	2	0	0	2	0	61	111	0	3	0	0	1	0	0	0	0	0	
0	0	0	0	0	0	0	0	0	2	0	59	41	0	1	0	0	3	0	76	86	0	3	0	0	2	0	48	102	0	3	0	0	1	0	24	107	0	2	0	0	1	0	22	120	0	2	0	0	1	0	13	119	0	0	0	0	0	0	0	0	0	0	0	
0	0	0	0	0	0	0	0	0	3	0	85	62	0	2	0	0	3	0	90	123	0	4	0	0	2	0	63	119	0	3	0	0	2	0	63	117	0	3	0	0	3	0	75	128	0	4	0	0	2	0	68	97	0	3	0	0	0	0	0	0	0	0	0	
0	0	0	0	0	0	0	0	0	0	0	8	54	0	1	0	0	1	0	28	122	0	2	0	0	1	0	36	84	0	2	0	0	2	0	69	79	0	3	0	0	3	0	76	49	0	2	0	0	2	0	98	22	0	1	0	0	0	0	16	1	0	0	0	
0	0	0	0	0	0	0	0	0	1	25	0	54	104	0	3	1	0	135	9	57	146	0	4	3	0	167	83	87	164	0	3	3	0	157	255	255	145	0	4	1	0	16	19	91	143	0	4	0	0	2	0	51	117	0	3	0	0	1	2	1	0	0	0	
0	1	0	16	25	0	1	0	0	2	0	181	180	0	2	0	2	0	32	210	29	0	1	0	3	0	79	174	71	46	0	2	2	0	38	228	255	164	0	4	1	0	0	195	255	184	0	3	0	1	0	31	141	53	0	2	0	0	0	0	0	0	0	0	
0	0	1	0	0	1	0	0	0	1	0	78	201	98	0	3	3	0	85	248	146	178	14	0	1	0	186	80	0	117	77	0	0	16	162	6	0	110	97	0	0	1	172	94	60	212	65	0	2	0	64	210	220	141	0	0	0	0	0	0	0	0	0	0	
0	0	0	0	0	0	0	0	0	1	62	0	22	100	3	0	0	29	180	1	15	217	34	0	0	77	166	0	56	191	0	0	0	54	211	131	161	112	0	4	0	2	17	63	235	95	0	3	0	0	2	0	185	156	0	4	0	0	2	0	21	17	0	1	
0	0	1	0	0	0	0	0	0	1	0	127	214	22	0	1	3	0	82	187	183	129	0	3	4	0	139	63	99	131	0	3	2	0	39	234	242	33	0	2	2	0	48	196	194	99	0	4	1	0	13	162	164	33	0	2	0	0	0	0	0	0	0	0	
0	0	5	14	3	0	0	0	2	0	50	145	140	14	0	1	0	0	2	0	81	113	0	3	0	0	3	0	53	113	0	4	0	0	0	50	179	116	0	3	3	0	85	189	169	104	43	0	3	0	82	163	26	0	3	0	0	0	0	1	1	3	0	0	
1	0	22	41	0	3	1	0	4	0	111	102	0	4	0	0	0	0	156	28	0	28	12	0	0	18	131	0	73	238	125	0	0	10	191	112	225	243	78	0	2	0	94	233	203	79	1	0	0	0	0	12	25	0	1	0	0	0	3	1	2	4	0	0	
0	1	0	0	2	1	0	0	0	1	19	25	2	0	0	0	0	122	198	203	148	2	0	1	0	24	13	0	158	124	0	4	0	0	3	0	97	150	0	4	0	1	4	0	129	109	0	4	0	2	0	43	201	17	0	1	0	3	0	91	90	0	3	0	
0	0	0	1	0	0	0	0	0	0	9	5	75	4	0	0	3	0	101	39	127	34	0	1	4	0	115	116	143	48	0	2	3	0	69	174	199	55	0	3	0	0	3	0	97	97	0	4	0	0	5	0	96	96	0	4	0	0	1	0	15	14	0	1	
0	0	0	0	0	0	0	0	0	1	0	16	87	0	0	0	0	2	0	56	189	0	1	0	0	4	0	115	175	0	3	0	0	4	0	160	117	0	4	0	0	2	0	173	68	0	2	0	0	1	0	157	49	0	2	0	0	0	0	13	14	0	1	0	
0	0	0	0	0	0	0	0	1	0	18	141	193	142	0	2	3	0	59	200	68	32	0	1	2	0	45	220	165	82	0	2	1	0	9	111	89	176	35	0	0	5	62	54	86	205	36	0	0	20	196	212	192	84	0	1	0	0	0	0	0	0	0	0	
0	0	0	0	1	1	0	0	0	19	76	72	20	0	1	0	0	20	68	78	134	40	0	2	0	1	0	8	144	29	0	1	0	3	0	57	174	36	0	2	0	0	4	0	103	103	0	4	0	1	0	9	142	28	0	1	0	1	0	32	62	0	2	0	
0	0	1	0	0	0	0	0	0	0	10	0	46	65	0	2	2	0	145	26	81	139	0	4	0	33	212	42	104	147	0	3	0	68	255	242	246	146	0	4	0	3	43	35	59	165	0	2	0	0	2	0	50	154	0	3	0	0	3	1	9	21	0	1	
0	0	4	9	0	0	0	0	0	1	112	158	86	0	2	0	0	2	13	0	141	30	0	1	0	1	0	36	177	93	0	3	2	0	64	130	154	165	67	0	0	16	125	32	136	10	138	9	0	10	127	144	43	0	26	8	0	0	7	8	0	1	1	0	
0	0	0	0	0	1	0	0	0	2	0	104	69	6	0	1	0	0	0	177	185	133	0	4	2	0	42	199	42	165	0	1	3	0	76	150	16	183	0	0	3	0	79	195	180	119	0	4	1	0	7	169	175	4	0	1	0	0	0	0	0	1	0	0	
0	0	0	0	0	0	0	0	0	0	0	10	94	0	0	0	0	0	0	6	130	5	0	0	0	1	0	34	124	0	2	0	0	3	0	94	106	0	3	0	0	2	0	156	49	0	2	0	0	0	7	109	2	0	0	0	0	0	0	0	1	0	0	0	
0	0	0	2	4	2	0	0	0	0	4	2	0	0	1	0	3	0	134	195	155	89	0	3	4	0	132	111	162	144	0	5	1	0	22	8	179	52	79	4	0	3	0	97	165	0	9	0	1	0	11	197	45	0	2	0	2	0	45	111	0	3	0	0	
0	2	3	1	1	2	0	0	0	0	0	0	0	0	0	0	0	49	78	65	90	105	5	0	3	82	54	106	107	60	3	0	1	0	68	85	42	52	89	1	0	1	4	2	6	45	69	0	1	0	13	79	77	36	0	1	0	0	0	1	0	0	2	0	
0	0	0	1	0	0	0	0	0	2	0	38	204	55	0	2	0	2	0	116	130	112	0	3	0	1	0	144	167	68	0	3	2	0	39	202	182	0	0	1	4	0	139	83	85	92	0	3	2	0	38	152	178	49	0	2	0	0	0	2	3	0	0	0	
0	0	0	0	0	0	0	0	0	0	1	0	60	105	0	1	0	1	0	19	224	66	0	2	0	2	0	68	190	0	1	0	0	4	0	126	163	0	3	0	0	3	0	158	74	0	3	0	0	3	0	144	49	0	2	0	0	0	0	18	7	0	0	0	
0	0	0	0	0	0	0	0	1	0	30	28	5	2	0	0	4	0	119	194	207	91	0	3	2	0	102	19	108	124	0	4	0	0	17	0	140	86	0	3	0	1	0	9	193	27	0	1	0	3	0	80	168	0	3	0	0	2	0	48	56	0	2	0	
0	0	0	2	0	0	0	0	2	0	67	198	182	31	0	2	0	0	26	1	116	169	0	3	2	0	49	155	159	174	0	1	0	34	179	40	162	215	0	1	0	108	105	58	168	193	146	0	0	43	181	170	39	14	86	0	0	0	0	0	1	2	0	0	
0	0	0	0	1	1	0	0	0	0	4	9	0	0	0	0	4	0	96	212	195	100	0	3	3	0	125	55	87	136	0	4	0	0	35	0	75	115	0	4	0	0	3	0	149	74	0	3	0	2	0	52	190	0	0	1	0	2	0	71	85	0	3	0	
0	0	0	1	0	0	0	0	0	0	0	6	38	54	50	1	0	5	0	108	224	135	126	14	3	0	55	236	62	0	2	0	0	24	41	103	145	70	0	2	0	83	106	9	187	126	0	4	0	0	90	145	85	3	0	0	0	1	0	0	0	1	0	0	
0	0	1	3	0	0	0	0	0	0	1	0	19	9	0	0	1	0	4	155	223	235	49	0	3	0	116	116	78	206	21	0	3	0	164	153	197	78	0	3	1	0	15	132	201	8	0	0	0	3	0	93	149	0	3	0	0	3	0	106	78	0	2	0	
0	0	0	0	0	0	0	0	0	11	135	100	25	3	0	0	0	8	70	152	255	71	0	3	1	0	13	205	187	12	0	1	2	0	36	155	169	164	2	0	0	0	27	0	32	236	41	0	3	0	162	193	172	66	0	1	1	0	18	58	8	0	0	0	
0	0	1	1	0	1	0	0	0	3	0	104	223	93	0	3	1	0	29	218	134	199	1	0	4	0	157	154	0	194	52	0	0	12	202	31	0	176	58	0	0	43	228	82	136	215	9	0	1	0	142	229	199	65	0	2	0	0	0	0	0	1	1	0	
0	0	1	0	0	0	0	0	2	0	53	119	90	99	47	0	0	4	163	83	54	67	37	0	0	20	146	115	98	20	0	1	0	0	0	12	63	131	4	0	0	1	58	3	13	151	7	0	2	0	84	154	171	81	0	3	0	0	0	42	24	0	1	0	
0	0	0	0	1	0	0	0	0	0	9	10	8	77	0	0	3	0	93	56	47	148	0	3	3	0	160	144	168	86	0	3	1	0	104	132	204	22	0	1	0	1	0	41	153	0	2	0	0	3	0	112	111	0	3	0	0	1	0	21	14	0	0	0	
0	0	0	0	0	0	0	0	0	25	44	61	84	39	0	1	0	79	158	110	93	183	9	0	0	0	1	0	121	106	0	2	0	0	4	148	98	0	1	0	4	0	106	152	0	29	16	1	2	0	35	131	160	141	108	12	0	0	0	0	1	0	0	0	
0	0	2	2	0	0	0	0	0	1	0	2	49	17	0	1	2	0	57	186	250	101	0	4	0	5	181	165	246	136	0	3	0	14	200	214	237	94	0	3	1	0	36	21	159	76	0	3	0	0	3	0	186	74	0	3	0	0	3	0	66	22	0	1	
0	0	1	1	0	0	0	0	0	2	0	40	139	36	0	1	1	0	22	129	158	184	0	2	2	0	45	205	145	67	0	2	0	3	0	171	158	0	3	0	2	0	42	106	127	0	1	0	3	0	62	188	64	0	2	0	0	0	1	29	3	0	0	0	
0	0	1	2	0	1	0	0	0	0	0	1	14	0	0	0	1	0	8	147	222	79	0	3	4	0	121	190	180	145	0	4	1	0	39	164	235	50	0	2	0	0	1	0	164	33	0	1	0	0	0	16	190	18	0	1	0	1	0	13	123	3	0	0	
0	0	1	0	0	0	0	0	0	0	0	3	17	0	0	0	0	0	26	14	104	0	1	0	2	0	77	129	134	0	3	0	0	0	1	56	104	0	1	0	0	0	1	1	97	3	0	0	0	0	2	0	99	22	0	1	0	0	1	0	37	18	0	1	
0	0	0	0	3	3	0	0	0	0	3	7	0	0	0	0	4	0	98	238	182	98	0	2	2	0	135	110	164	194	0	2	0	0	6	0	150	96	0	3	0	2	0	60	187	0	0	0	0	1	0	180	74	0	2	0	1	0	22	128	1	0	0	0	
0	0	0	2	3	0	0	0	2	0	48	174	177	48	0	2	3	0	177	78	85	148	0	4	0	0	22	0	180	72	0	4	1	0	6	150	121	0	2	0	0	24	192	233	114	36	54	27	0	25	48	8	153	172	138	40	0	0	0	0	0	0	0	0	
0	0	2	0	0	0	0	0	0	0	3	0	75	59	0	2	0	1	105	0	125	99	0	4	0	9	196	40	139	105	0	4	0	9	201	202	221	100	0	4	0	0	13	0	141	112	0	4	0	0	3	0	109	90	0	3	0	0	1	1	0	0	0	0	
0	0	0	0	0	0	1	0	2	0	120	201	199	111	0	0	1	0	90	89	83	204	86	0	0	0	2	15	1	186	64	0	0	17	166	199	253	234	56	0	0	60	233	225	142	70	151	27	0	30	178	83	0	1	0	0	0	0	0	0	2	4	3	0	
0	0	4	41	36	0	1	0	2	0	160	211	200	49	0	2	0	6	130	0	117	128	0	4	0	0	0	124	247	68	0	3	2	0	174	216	50	0	7	2	0	0	199	218	161	182	180	10	1	0	17	104	158	156	101	0	0	0	0	0	0	0	0	0	
0	0	0	1	1	20	1	0	0	0	2	0	83	136	0	2	0	1	0	10	188	35	0	2	0	2	0	124	144	0	3	0	0	2	0	192	143	0	3	0	0	3	0	178	233	1	0	1	0	1	0	42	95	0	0	0	0	0	0	0	0	0	0	0	
0	0	1	0	0	0	1	0	0	0	5	53	136	95	0	0	4	0	102	251	210	255	64	0	0	13	230	94	0	143	155	0	0	105	160	0	0	106	142	0	0	130	172	8	83	205	33	0	0	29	210	242	224	86	0	3	0	0	10	44	12	0	1	0	
0	0	0	0	0	0	0	0	1	0	14	120	130	30	0	1	0	0	6	19	161	111	0	4	1	0	15	143	217	55	0	2	0	0	10	8	65	141	0	3	0	0	1	0	125	97	0	3	0	9	115	166	106	0	0	0	0	4	54	16	0	2	0	0	
0	0	0	2	25	32	0	0	3	0	84	218	226	166	0	1	4	0	113	146	17	10	0	0	4	0	124	227	198	172	10	0	0	0	0	41	17	154	118	0	0	127	172	129	153	214	86	0	9	107	131	163	143	63	0	1	0	0	0	0	0	0	1	0	
0	0	1	0	12	74	55	0	0	0	1	0	111	76	11	0	0	2	0	69	88	0	2	0	1	0	14	101	10	47	18	0	3	0	82	115	75	156	62	0	3	0	171	177	95	62	0	1	0	0	56	61	28	0	1	0	0	0	0	0	0	2	0	0	
0	0	0	0	0	0	0	0	0	0	0	163	183	22	0	1	2	0	54	132	147	135	0	3	1	0	30	117	124	131	0	3	1	0	20	236	203	3	0	1	3	0	89	164	142	20	0	1	2	0	31	172	181	22	0	1	0	0	0	4	2	0	0	0	
0	0	2	0	0	0	2	0	0	0	3	158	82	32	0	1	3	0	114	168	54	204	114	0	0	13	196	31	0	65	217	5	0	103	174	0	0	61	192	0	0	110	179	0	20	185	72	0	0	19	150	88	101	67	0	2	0	0	4	13	0	0	2	0	
0	0	1	0	0	0	0	0	0	2	0	104	186	122	0	3	2	0	32	188	72	11	0	0	4	0	86	240	187	66	0	2	2	0	41	102	47	150	36	0	0	0	86	47	71	206	55	0	2	0	131	207	183	91	0	1	0	0	0	0	0	0	0	0	
0	0	1	0	0	0	0	0	0	51	11	0	27	99	0	2	0	149	62	0	27	165	0	0	0	150	146	18	58	205	15	0	0	79	212	170	178	218	25	0	0	1	1	3	0	157	109	0	0	1	1	3	0	82	127	0	0	0	0	0	0	0	0	0	
0	0	1	2	0	0	0	0	0	0	0	10	63	8	0	0	1	0	15	190	255	112	0	4	4	0	108	130	179	103	0	4	4	0	118	240	236	35	0	2	0	0	13	49	164	46	0	2	0	0	3	0	174	48	0	2	0	0	2	0	71	16	0	1	
0	0	0	0	4	0	0	0	0	2	0	49	111	0	2	0	0	3	0	100	133	0	4	0	0	3	0	76	148	0	4	0	0	2	0	54	159	0	2	0	0	2	0	50	168	0	2	0	0	1	0	17	133	2	0	0	0	0	0	0	0	0	0	0	
0	0	0	0	0	0	0	0	2	0	70	97	184	29	0	2	4	0	114	183	162	96	0	4	1	0	8	221	235	23	0	2	3	0	92	141	155	43	0	2	4	0	112	127	112	146	0	4	1	0	12	172	215	81	0	3	0	0	0	0	0	0	0	0	
0	0	0	1	0	0	0	0	0	0	0	0	116	70	0	0	0	3	0	88	193	134	29	0	0	3	0	139	58	0	2	0	0	1	0	41	155	0	1	0	0	0	5	32	139	0	0	0	3	0	77	189	56	0	2	0	1	0	17	40	0	1	0	0	
0	0	0	0	0	0	0	0	0	3	0	93	227	115	0	3	1	0	18	156	105	129	0	3	0	2	0	162	206	33	0	2	3	0	65	172	191	31	0	1	3	0	148	83	151	129	0	4	3	0	74	215	172	38	0	2	0	0	0	0	0	0	0	0	
1	4	4	4	2	1	0	0	0	0	0	0	0	1	1	0	67	149	120	97	60	8	0	0	22	77	114	133	179	187	22	0	0	0	0	3	0	181	88	0	1	3	6	0	75	199	10	0	0	1	0	29	198	41	0	2	0	2	0	60	89	0	4	0	
0	1	1	0	0	0	0	0	0	0	2	0	38	82	0	2	0	37	34	0	48	154	0	3	0	89	130	0	71	154	0	3	0	29	205	225	254	161	0	3	0	0	11	38	100	160	0	3	0	1	2	0	30	103	0	2	0	0	1	2	2	0	0	0	
0	0	3	0	0	1	2	0	0	2	0	33	70	9	0	1	1	0	107	184	169	204	60	0	0	107	185	12	0	139	193	0	0	131	19	0	0	67	196	0	0	141	140	64	79	158	83	0	0	28	159	150	102	25	0	1	0	1	0	0	0	0	2	0	
0	0	1	0	4	1	0	0	0	0	11	92	104	148	0	3	2	0	42	223	47	165	5	0	4	0	114	183	0	153	40	0	3	0	154	70	28	215	15	0	6	0	119	173	245	139	0	3	3	0	28	217	131	6	0	1	0	0	1	0	0	1	0	0	
0	0	0	0	0	0	0	0	1	0	3	132	167	29	0	2	0	0	3	140	219	37	0	2	0	0	5	156	187	13	0	1	0	0	2	0	62	116	0	3	0	43	119	3	111	153	0	3	0	8	151	191	183	49	0	2	0	0	1	4	0	0	0	0	
0	0	0	2	4	1	0	0	0	0	6	2	0	0	0	0	3	0	138	216	154	27	0	1	3	0	115	116	172	91	0	4	0	0	14	0	99	80	0	3	0	0	4	0	135	77	0	3	0	0	4	0	173	78	0	3	0	0	2	0	118	38	0	1	
0	1	0	0	0	1	0	0	0	0	7	10	17	3	0	0	0	51	154	152	151	171	5	0	0	7	14	0	114	152	0	2	0	0	0	0	171	31	0	1	0	2	0	36	187	0	0	0	0	1	0	37	183	0	0	0	0	1	0	29	117	0	1	0	
0	0	0	1	0	0	0	0	0	2	0	108	42	0	1	0	0	4	0	131	85	0	3	0	0	3	0	100	95	0	3	0	0	3	0	88	133	0	3	0	0	3	0	97	159	0	4	0	0	2	0	62	104	0	3	0	0	0	0	0	0	0	0	0	
1	0	29	58	3	0	0	0	0	16	122	121	123	9	0	1	0	11	19	0	73	107	0	3	0	0	5	42	43	130	0	1	0	6	123	88	115	179	0	1	0	61	142	16	107	162	33	0	0	2	80	121	64	0	5	0	0	0	0	0	0	2	0	0	
1	0	31	61	28	0	1	0	3	0	128	168	185	42	0	2	1	0	19	30	188	88	0	3	4	0	107	255	246	232	60	0	0	5	8	25	0	85	145	0	0	194	208	148	151	214	124	0	0	84	127	139	148	124	12	0	0	0	0	0	0	0	0	0	
0	0	0	0	0	0	0	0	0	0	1	9	10	1	0	0	3	0	83	229	222	43	0	2	1	0	36	45	199	42	0	2	1	0	8	100	219	25	0	1	2	0	29	174	205	12	0	1	0	3	0	84	138	0	4	0	0	2	0	57	77	0	2	0	
0	0	0	0	0	0	0	0	1	0	7	186	223	221	70	0	1	0	22	187	71	77	36	0	2	0	40	217	167	135	8	0	2	0	38	196	103	186	128	0	0	27	58	66	41	166	119	0	14	159	206	192	194	130	5	0	1	3	0	0	0	0	0	0	
0	0	0	0	0	0	1	0	0	0	34	81	107	32	0	1	0	85	231	197	178	221	59	0	0	10	25	7	0	181	134	0	0	38	184	196	203	254	66	0	0	70	216	225	220	193	177	15	0	0	68	82	1	0	9	2	0	0	0	0	2	2	0	0	
0	0	0	0	0	0	0	0	0	0	0	3	56	15	0	1	0	2	0	64	211	15	0	1	0	3	0	92	148	0	4	0	0	3	0	73	109	0	3	0	0	3	0	82	87	0	3	0	0	2	0	63	60	0	2	0	0	1	0	32	29	0	1	0	
0	0	1	0	12	6	0	1	0	0	5	71	118	141	63	0	3	0	135	127	0	25	170	26	0	33	161	2	4	0	144	51	0	114	95	0	0	94	138	0	0	134	59	0	98	160	13	0	0	63	128	118	89	5	0	1	0	0	9	7	0	2	1	0	
0	0	0	0	0	0	0	0	0	68	88	89	78	20	0	0	0	159	212	175	221	220	10	0	2	0	51	157	212	255	83	0	3	0	76	181	88	96	173	0	0	18	27	0	0	134	202	0	0	47	227	171	200	191	66	0	1	0	39	103	60	2	0	0	
0	0	0	0	0	1	1	0	1	0	44	107	106	12	0	1	0	11	160	21	93	100	21	0	1	0	117	96	0	157	60	0	0	0	0	126	229	75	0	2	0	1	0	139	181	65	0	3	0	1	0	153	181	94	0	4	0	0	0	9	57	6	0	0	
0	0	0	0	0	0	0	0	0	2	0	44	154	0	0	0	0	3	0	63	230	9	0	1	0	2	0	61	225	8	0	1	0	3	0	106	181	0	2	0	0	2	0	187	96	0	3	0	1	0	10	187	45	0	2	0	0	0	0	0	1	0	0	0	
0	0	2	0	36	37	0	1	0	2	0	68	200	165	0	0	2	0	43	196	38	91	8	0	3	0	114	55	0	2	0	0	0	15	187	126	144	141	5	0	2	0	174	183	131	192	3	0	1	0	16	105	126	37	0	1	0	0	2	0	0	0	0	0	
0	0	0	0	0	0	0	0	1	0	30	138	133	91	0	1	3	0	57	216	113	50	0	1	4	0	111	218	145	151	0	0	2	0	68	39	0	187	58	0	0	0	1	0	21	211	37	0	0	40	178	119	179	93	0	2	0	11	59	68	35	0	1	0	
0	0	0	0	0	0	0	0	0	0	0	119	214	56	0	2	3	0	56	255	135	45	0	2	1	0	23	224	53	0	2	0	2	0	30	201	180	44	0	2	1	0	12	169	123	183	0	2	0	2	0	63	199	119	0	2	0	0	0	0	1	0	0	0	
0	0	3	1	0	0	0	0	0	1	0	36	142	93	0	1	2	0	113	228	152	200	8	0	1	0	113	96	176	137	0	4	1	0	16	162	124	161	3	0	0	4	5	0	34	182	1	0	0	92	190	143	198	86	0	3	0	7	46	68	42	0	1	0	
0	0	1	3	4	2	0	0	0	0	0	0	0	0	0	0	0	1	25	88	120	54	0	1	0	2	158	139	135	133	0	3	0	0	4	0	109	54	0	2	0	0	0	9	114	3	0	0	0	2	0	53	104	0	3	0	0	2	0	59	62	0	2	0	
0	0	0	1	0	1	0	0	0	1	0	17	141	161	3	0	1	0	4	158	43	147	48	0	1	0	12	157	99	134	0	0	1	0	12	191	209	8	0	1	4	0	159	75	99	103	0	3	2	0	76	146	151	47	0	2	0	0	0	13	8	0	0	0	
0	0	1	0	28	27	0	1	0	1	0	18	215	67	0	3	0	3	0	154	138	0	2	0	2	0	39	232	163	97	0	2	4	0	113	152	0	195	21	0	2	0	60	178	72	176	1	0	0	0	1	116	121	26	0	1	0	0	0	0	0	1	0	0	
0	0	0	0	2	4	0	0	2	0	71	38	0	1	0	0	4	0	106	173	101	118	15	0	3	0	70	122	23	194	12	0	0	0	8	0	124	104	0	3	0	2	0	62	185	1	0	0	0	0	0	200	75	0	3	0	0	0	0	28	4	0	0	0	
0	0	3	2	0	0	0	0	0	2	0	39	153	48	0	2	2	0	56	208	182	158	0	1	2	0	201	124	153	76	0	2	3	0	111	253	103	0	3	0	0	0	0	204	190	3	0	1	0	2	0	40	223	123	0	4	0	0	1	0	9	28	0	1	
0	2	2	0	0	0	0	0	1	0	13	118	102	53	0	1	0	33	212	212	150	198	1	0	0	81	136	33	197	215	0	0	0	2	0	157	135	123	94	0	0	11	22	0	0	190	90	0	0	22	157	166	212	145	0	2	1	0	11	59	39	0	0	0	
