500	64	10
0	0	2	0	35	16	0	1	0	2	0	70	204	56	0	3	2	0	56	157	16	7	0	0	2	0	140	46	0	2	0	0	0	4	142	40	134	119	12	0	3	0	112	147	49	150	99	0	0	0	4	86	120	91	9	0	0	0	1	0	0	0	0	0	
0	0	0	1	2	1	0	0	0	0	0	0	0	3	8	0	0	3	0	72	203	160	135	34	0	3	0	161	145	11	4	1	0	2	0	168	67	0	2	0	0	0	20	203	65	0	3	0	0	34	184	122	0	0	0	0	0	2	4	0	0	0	0	0	
0	0	0	1	1	1	0	0	0	1	0	19	143	115	2	0	0	1	0	125	44	150	32	0	0	1	0	147	144	67	0	2	1	0	15	179	141	0	3	0	4	0	123	99	134	22	0	1	2	0	32	135	125	5	0	1	0	0	0	1	1	0	0	0	
0	0	0	2	0	0	0	0	0	0	1	0	24	90	37	0	0	1	4	37	39	105	194	38	1	0	10	172	78	113	125	16	0	6	136	241	123	42	2	0	0	116	189	168	0	0	3	1	0	39	167	94	0	4	0	0	0	0	0	0	0	0	0	0	
0	1	2	0	0	2	0	0	1	0	16	114	109	5	0	1	0	6	146	45	138	143	0	2	0	85	102	0	188	215	0	0	0	110	105	3	252	148	0	4	0	18	157	169	205	71	0	3	0	0	8	0	123	74	0	3	0	1	3	0	25	18	0	1	
0	1	0	23	26	0	1	0	0	3	0	113	216	11	0	1	0	1	0	25	228	42	0	2	1	0	6	195	255	87	0	3	0	1	0	20	79	187	0	1	3	0	145	184	208	157	0	3	2	0	47	150	106	7	0	1	0	0	0	0	0	1	0	0	
0	0	0	4	2	0	0	0	0	0	0	0	0	21	54	21	0	0	5	96	181	189	182	63	4	0	92	255	95	0	1	0	1	0	18	98	212	72	0	4	0	1	0	81	223	58	0	3	0	28	192	183	33	0	1	0	0	21	58	0	1	2	0	0	
0	0	0	1	0	0	0	0	0	0	1	0	35	90	66	16	0	2	0	46	239	191	144	39	0	4	0	144	172	0	3	0	0	2	0	201	94	0	7	1	1	0	3	221	70	0	3	0	1	0	140	241	20	0	1	0	1	0	92	102	0	0	0	0	
0	0	0	53	32	0	1	0	3	0	77	147	151	62	0	2	1	0	32	5	21	160	8	0	0	0	0	29	2	137	45	0	0	1	110	124	137	186	10	0	0	64	148	24	170	114	0	3	0	15	112	116	52	0	1	0	0	0	0	0	0	2	0	0	
0	0	0	2	1	0	2	0	0	0	0	0	13	23	0	0	0	3	0	31	111	169	144	4	0	4	0	134	102	103	206	17	0	36	132	225	163	83	17	0	0	123	229	185	3	0	1	0	0	5	97	56	0	5	1	0	0	0	0	1	0	0	0	0	
0	0	0	0	0	0	0	0	0	0	1	2	22	1	0	0	0	0	2	0	139	23	0	1	0	0	9	45	194	49	16	16	1	0	152	255	189	87	99	53	0	0	98	111	11	0	1	0	0	0	0	0	1	3	2	1	0	0	3	4	1	0	0	0	
0	0	0	1	3	4	4	2	0	0	0	0	0	0	0	0	0	1	0	25	81	111	114	67	0	0	0	179	172	112	79	44	1	0	16	167	6	0	0	0	2	0	51	176	0	5	3	2	1	0	168	114	0	3	0	0	0	0	16	5	0	0	0	0	
0	0	1	0	0	0	0	0	0	0	5	14	0	27	27	0	3	0	82	116	0	105	87	0	2	0	176	188	88	161	89	0	0	85	238	95	118	229	66	0	16	201	61	0	11	188	21	0	10	23	0	1	15	139	14	0	0	1	2	0	0	0	0	0	
0	0	0	2	0	0	0	0	0	1	0	21	99	0	0	0	0	2	0	166	162	0	3	0	3	0	99	203	0	104	19	0	4	0	152	125	39	144	0	2	1	0	4	114	231	47	0	2	0	3	0	87	138	0	3	0	0	1	0	37	16	0	0	0	
0	0	2	0	0	0	1	0	0	0	4	104	137	60	0	1	3	0	99	119	33	132	58	0	0	8	132	8	0	34	115	0	0	31	131	0	0	63	97	0	0	11	148	0	33	163	28	0	2	0	120	154	140	43	0	2	0	0	3	49	13	0	2	0	
0	0	0	0	0	1	0	0	0	0	0	15	21	6	0	0	0	4	181	230	236	165	0	2	0	0	48	26	129	213	0	1	0	0	1	0	204	133	0	4	0	3	0	95	238	21	0	1	1	0	8	227	104	0	3	0	2	0	37	155	3	0	0	0	
0	0	0	0	0	0	0	0	0	1	0	52	117	103	7	0	0	0	0	162	113	191	14	0	0	3	0	133	253	75	0	3	2	0	43	197	75	100	0	3	4	0	136	91	92	123	0	4	3	0	65	200	159	11	0	1	0	0	1	37	4	0	0	0	
0	0	1	0	6	89	8	0	0	0	3	0	159	188	0	2	0	2	0	139	227	20	0	1	3	0	57	248	43	0	2	0	0	47	247	238	169	134	10	0	0	15	188	255	255	223	17	0	0	0	5	58	64	12	0	1	0	1	2	0	0	1	0	0	
0	0	0	0	1	0	0	0	0	0	13	33	0	46	5	0	3	0	69	113	15	149	0	1	3	0	85	85	99	90	0	3	4	0	94	139	152	19	0	1	1	0	2	139	143	0	3	0	0	3	0	107	81	0	3	0	0	1	0	43	17	0	1	0	
0	0	0	0	0	0	0	0	0	0	0	0	28	33	9	0	0	2	0	138	235	201	158	36	0	4	0	131	144	0	9	3	0	1	0	195	106	0	3	0	3	0	69	232	15	0	1	0	0	31	232	133	0	3	0	0	0	10	47	5	0	0	0	0	
0	0	0	2	0	0	0	0	0	0	1	0	106	67	0	0	0	1	0	75	113	116	0	2	2	0	84	90	0	107	24	0	0	15	109	2	0	92	44	0	0	40	74	0	20	99	4	0	0	12	90	61	96	26	0	1	1	0	21	47	5	0	1	0	
0	0	0	0	0	0	0	0	0	3	0	86	115	0	1	0	0	3	0	75	240	18	0	1	0	15	50	176	189	0	0	0	0	102	255	247	86	5	16	3	0	8	99	156	195	194	194	35	0	1	0	0	1	18	19	3	0	0	4	3	0	0	0	0	
0	0	0	1	1	5	13	0	0	0	2	0	13	121	27	0	0	1	0	7	159	100	0	2	1	0	4	207	189	2	0	1	1	0	191	131	68	158	0	3	2	0	144	123	112	122	0	3	0	0	2	113	105	2	0	0	0	0	2	0	0	1	0	0	
0	0	0	1	23	9	0	0	0	1	0	7	179	219	69	0	0	3	2	0	28	239	159	0	1	0	5	95	208	172	18	0	0	120	225	213	66	0	2	0	0	176	255	193	159	158	45	0	0	6	55	80	66	51	17	0	0	1	0	0	0	0	0	0	
0	0	0	1	0	1	0	0	2	0	44	31	9	9	0	0	1	0	36	98	55	71	0	3	1	0	24	94	46	78	0	3	3	0	71	124	113	53	0	2	0	0	3	49	159	27	0	1	0	1	0	33	108	0	2	0	0	1	0	19	19	0	1	0	
0	0	9	47	42	13	0	0	2	0	36	246	255	207	27	0	0	1	2	9	142	255	52	0	0	0	5	56	200	233	13	0	0	95	228	251	249	84	0	3	0	85	255	254	248	201	129	10	0	1	66	93	92	109	85	7	0	1	0	0	0	0	0	0	
0	0	0	0	0	1	0	0	0	3	0	101	170	5	0	1	1	0	11	157	97	89	0	3	3	0	69	126	0	116	11	0	3	0	96	113	0	118	10	0	3	0	95	116	66	111	0	3	1	0	20	159	138	8	0	1	0	0	0	3	3	1	0	0	
0	0	0	0	0	1	0	0	0	0	0	8	17	7	0	0	2	0	48	242	254	190	3	0	1	0	17	67	185	217	0	0	0	1	0	9	222	110	0	4	0	2	0	160	207	0	0	0	3	0	62	239	41	0	2	0	2	0	58	84	0	3	0	0	
0	0	0	0	1	1	0	0	0	1	0	10	131	10	0	1	0	2	0	59	133	0	3	0	0	4	0	116	125	0	4	0	0	4	0	150	129	0	4	0	0	4	0	130	144	0	4	0	0	2	0	68	141	0	2	0	0	0	0	0	0	0	0	0	
0	0	0	0	0	0	0	0	0	0	0	52	54	12	0	0	0	2	0	149	250	189	0	1	0	0	2	0	192	145	0	3	0	3	0	129	183	0	1	0	3	0	68	206	13	0	1	0	0	0	183	58	0	3	0	0	0	14	68	0	2	0	0	0	
0	0	0	0	0	0	0	0	0	2	0	47	72	0	2	0	0	3	0	87	170	0	3	0	0	3	0	80	170	0	3	0	0	3	0	92	171	0	3	0	0	3	0	102	175	0	3	0	0	2	0	58	152	0	2	0	0	0	0	1	15	1	0	0	
0	0	0	3	0	0	1	0	0	1	2	0	39	33	0	0	0	3	0	133	250	230	118	0	0	0	152	176	1	82	185	0	0	116	212	24	90	221	107	0	0	188	249	201	175	77	0	0	0	15	45	10	0	0	1	0	0	0	0	1	4	3	0	0	
0	0	1	1	0	0	0	0	0	1	0	23	81	15	0	1	1	0	19	119	71	17	0	1	3	0	81	164	141	56	0	2	0	0	4	58	195	27	0	1	0	2	0	48	135	0	2	0	0	3	0	99	106	0	3	0	0	1	0	40	57	0	1	0	
0	0	0	1	4	2	3	1	0	0	0	0	0	0	0	0	0	2	0	36	176	171	151	40	0	4	0	109	175	35	48	12	0	3	0	151	81	0	3	0	0	31	172	214	27	0	3	0	0	10	81	51	0	1	0	0	0	0	0	0	0	0	0	0	
0	0	0	0	0	0	0	0	0	1	0	34	127	0	1	0	0	2	0	55	217	3	0	1	0	2	0	63	220	3	0	1	0	3	0	98	203	0	1	0	0	4	0	118	195	0	2	0	0	2	0	47	166	0	0	0	0	0	0	0	2	1	0	0	
0	0	0	0	1	1	0	0	0	0	0	3	0	56	100	0	0	0	3	0	39	246	107	0	0	1	0	4	205	148	0	2	0	1	0	176	184	0	2	0	3	0	125	225	10	0	1	0	0	23	235	60	0	3	0	0	0	8	34	0	1	0	0	0	
0	0	0	1	0	0	0	0	0	1	0	18	81	0	2	0	0	2	0	58	108	0	3	0	0	3	0	71	87	0	3	0	0	3	0	79	87	0	3	0	0	3	0	110	60	0	2	0	0	2	0	96	28	0	1	0	0	0	0	0	0	0	0	0	
0	0	0	0	1	0	0	0	0	0	0	1	1	21	12	0	0	0	3	0	103	205	132	11	0	4	0	55	137	0	3	1	0	4	0	123	108	0	3	0	0	75	142	203	46	0	2	0	0	31	107	78	0	0	0	0	0	0	0	0	0	0	0	0	
0	0	0	0	2	0	0	0	0	5	7	0	0	2	3	0	0	76	200	206	140	0	2	0	0	6	18	39	211	78	86	11	1	0	23	120	239	178	113	17	2	0	39	126	203	22	0	1	0	1	0	19	187	10	2	1	0	0	0	20	93	0	0	0	
0	0	0	0	0	0	0	0	0	2	0	108	194	100	1	0	0	1	0	123	174	255	54	0	1	7	0	68	255	174	0	0	0	1	0	0	104	212	4	0	42	145	129	113	161	206	0	0	24	104	150	192	185	49	0	2	0	0	0	0	0	0	0	0	
0	0	0	0	0	0	0	0	0	0	0	0	59	11	0	0	0	1	0	29	146	0	1	0	0	3	0	99	122	0	4	0	0	3	0	104	52	0	2	0	0	3	0	128	39	0	1	0	0	3	0	97	53	0	2	0	0	0	0	9	13	0	0	0	
0	0	2	0	0	1	1	0	0	1	0	51	153	57	0	2	3	0	93	252	140	160	32	0	0	0	207	88	0	72	106	0	0	26	150	0	0	64	141	0	0	18	158	3	8	201	101	0	3	0	88	183	197	123	0	1	0	0	0	50	33	0	2	0	
0	0	0	0	0	1	0	0	1	0	22	69	68	16	0	1	2	0	104	116	92	160	18	0	0	0	0	0	6	150	13	0	0	1	3	0	143	98	0	3	0	0	0	138	115	0	2	0	0	4	145	116	0	2	0	0	0	23	70	0	3	0	0	0	
0	0	0	0	0	0	0	0	0	2	0	46	118	0	2	0	0	3	0	95	156	0	4	0	0	3	0	104	131	0	4	0	0	4	0	120	97	0	3	0	0	4	0	149	102	0	3	0	0	3	0	119	62	0	2	0	0	0	0	0	0	0	0	0	
0	0	0	0	0	1	0	0	1	0	21	127	103	0	0	0	3	0	65	172	210	152	0	3	0	2	0	182	201	26	0	1	3	0	118	143	137	24	0	1	2	0	170	24	72	145	0	3	2	0	103	151	145	121	0	3	0	0	0	33	37	2	0	0	
0	1	0	0	0	1	0	0	1	0	62	171	206	64	0	2	0	54	245	112	66	185	15	0	0	42	88	0	46	198	11	0	0	2	0	79	200	70	0	3	1	0	126	217	86	29	17	0	0	1	172	192	164	191	129	0	0	0	0	1	0	0	2	0	
0	0	0	2	0	69	40	0	0	0	2	0	99	142	26	0	0	1	0	121	82	0	2	0	2	0	71	99	1	29	0	0	1	0	144	91	170	164	0	0	1	0	191	255	154	29	0	1	1	0	43	65	8	0	0	0	0	0	0	0	1	2	0	0	
0	0	0	0	0	0	0	0	0	2	0	24	70	123	111	0	0	0	0	148	121	89	23	0	0	41	40	141	23	7	0	0	0	20	23	144	122	131	11	0	0	26	93	9	48	178	22	0	0	14	119	136	147	45	0	2	0	0	0	0	0	0	0	0	
0	0	0	1	0	0	0	0	0	0	52	16	1	46	62	29	0	5	222	230	189	171	127	53	2	0	192	214	23	3	0	0	3	0	175	244	142	166	79	0	1	0	57	107	114	255	148	0	2	0	82	151	177	99	1	0	0	0	0	13	3	0	1	0	
1	0	37	43	0	2	0	0	3	0	77	116	0	4	2	0	3	0	83	93	0	14	0	0	3	0	104	66	163	220	46	0	3	0	85	172	124	85	156	0	3	0	78	252	164	189	70	0	0	0	2	56	73	20	0	1	0	0	0	0	0	1	2	0	
0	1	1	0	0	1	2	0	0	0	17	41	21	3	0	1	0	22	220	236	218	206	39	0	0	116	149	5	20	141	200	0	0	138	172	0	0	26	234	44	0	20	232	228	188	234	157	1	1	0	28	117	145	95	0	0	0	1	1	0	0	0	2	1	
1	3	3	3	3	3	0	0	0	0	0	0	0	0	0	0	23	93	72	71	66	73	9	0	37	171	163	155	126	205	19	0	0	0	1	0	26	139	0	1	1	3	6	0	72	122	0	4	0	0	3	0	91	91	0	3	0	0	3	0	102	54	0	2	
0	0	1	0	1	1	0	0	1	0	32	79	11	0	1	0	0	7	135	103	125	0	0	0	0	28	128	0	135	62	0	2	1	0	120	72	163	64	0	2	1	0	14	83	133	81	0	3	0	0	3	0	46	129	0	2	0	0	1	2	7	71	3	0	
0	0	0	1	1	0	0	0	3	0	69	208	166	18	0	1	2	0	159	74	44	103	0	3	3	0	118	44	112	108	0	3	3	0	53	238	231	117	0	1	4	0	97	118	61	190	28	0	2	0	46	159	153	44	0	1	0	0	0	3	0	0	0	0	
0	0	0	0	0	0	0	0	0	2	0	57	86	0	3	0	0	3	0	76	141	0	4	0	0	2	0	71	136	0	4	0	0	3	0	72	136	0	4	0	0	3	0	73	141	0	4	0	0	1	0	28	121	0	0	0	0	0	0	0	1	0	0	0	
0	0	3	1	0	2	0	0	0	0	0	18	19	0	1	0	2	0	90	190	187	86	0	3	0	8	148	14	7	155	10	0	0	11	126	33	87	197	4	0	2	0	76	153	108	138	0	1	0	0	0	0	12	102	0	1	0	0	3	0	20	61	0	2	
0	0	2	0	1	0	0	0	1	0	25	53	5	72	3	0	2	0	146	83	76	116	0	4	0	85	192	0	166	152	98	21	0	118	203	160	226	159	51	3	0	0	11	0	173	73	0	3	0	1	1	0	169	41	0	2	0	0	1	0	20	5	0	0	
0	1	2	0	0	0	2	0	1	0	19	130	150	97	5	0	0	12	170	128	59	117	137	0	0	117	144	0	6	0	156	45	0	140	78	0	0	14	185	27	0	73	144	48	97	184	118	0	0	0	91	138	142	57	0	1	0	1	0	0	0	0	3	0	
0	0	0	2	1	0	0	0	0	0	1	4	35	1	0	0	0	2	0	83	227	20	0	1	2	0	75	174	180	71	0	3	0	0	96	90	200	78	0	3	0	0	0	0	144	19	0	1	0	1	0	25	161	0	0	0	0	0	0	6	49	0	0	0	
0	0	0	0	0	0	0	0	0	1	0	34	110	0	0	0	0	3	0	84	233	4	0	1	0	3	0	102	193	0	2	0	0	4	0	124	141	0	4	0	0	2	0	177	82	0	3	0	1	0	13	212	46	0	2	0	0	0	1	33	7	0	0	0	
0	0	1	0	1	0	0	0	2	0	54	33	6	25	0	1	2	0	108	13	60	56	0	2	1	0	136	0	88	41	0	1	3	0	117	79	139	90	0	2	1	0	16	78	158	73	0	3	0	0	2	0	44	83	0	2	0	0	1	4	2	4	0	0	
0	0	0	2	6	0	0	0	1	0	128	179	153	100	0	0	0	2	74	29	0	144	29	0	0	1	1	0	112	102	0	1	0	0	3	66	83	0	0	0	0	25	131	43	0	14	20	0	0	35	155	151	122	99	120	0	0	0	0	4	4	0	0	0	
0	0	0	0	1	0	0	0	1	0	18	114	7	0	0	0	0	1	0	192	118	0	3	0	0	3	0	115	180	0	3	0	0	2	0	70	165	0	3	0	0	1	0	30	193	2	0	0	0	1	0	12	162	8	0	1	0	0	0	0	12	1	0	0	
0	0	0	0	0	2	1	0	0	47	129	116	65	14	0	1	0	42	92	61	70	140	20	0	0	0	7	29	80	203	27	0	3	0	65	205	170	167	47	0	0	21	6	1	0	75	156	0	0	88	156	99	91	38	24	0	0	1	29	55	25	1	0	0	
0	1	1	0	0	0	2	0	1	0	17	77	80	54	0	0	0	19	143	166	156	125	102	0	0	116	72	9	12	0	129	36	0	117	30	0	8	0	104	57	0	115	112	0	0	50	143	4	0	11	135	143	132	136	29	0	0	1	0	18	24	0	1	1	
0	0	0	0	0	0	0	0	1	0	22	0	47	61	0	2	3	0	170	43	73	123	0	4	0	6	144	0	74	101	0	4	0	35	202	119	177	163	2	0	0	2	31	20	111	116	0	1	0	0	3	0	75	67	0	3	0	0	2	0	14	12	0	0	
0	0	2	0	0	0	0	0	0	0	11	25	19	42	70	28	0	0	141	147	107	109	66	10	0	31	173	26	5	0	0	0	0	0	45	116	117	111	25	0	0	56	51	0	0	131	92	0	0	9	108	112	122	91	2	0	0	0	0	10	6	0	0	0	
0	0	0	0	0	0	0	0	0	9	106	63	87	146	65	0	1	0	188	108	91	107	44	0	2	0	160	74	0	0	0	0	2	0	86	131	119	69	1	0	0	0	0	3	0	169	67	0	0	14	159	163	169	162	20	0	0	7	54	50	60	12	0	1	
0	0	2	1	1	2	0	0	0	1	0	1	1	0	2	0	2	0	77	176	176	69	0	2	0	67	152	28	44	139	92	0	0	125	37	0	2	0	162	49	0	81	143	66	74	127	100	3	0	0	46	73	71	23	0	0	0	2	0	0	0	0	3	0	
0	2	0	78	44	0	2	0	0	2	0	142	36	0	1	0	1	0	26	125	0	2	0	0	2	0	47	75	157	119	0	1	3	0	96	144	105	144	53	0	2	0	45	191	164	148	24	0	0	0	0	10	31	7	0	0	0	0	1	1	0	2	1	0	
0	0	0	1	0	0	0	0	0	0	0	9	56	76	43	0	1	0	11	112	53	13	5	0	1	0	32	88	0	2	0	0	0	1	0	101	32	0	1	0	0	1	0	34	102	0	1	0	0	0	7	90	115	0	0	0	0	1	0	34	32	0	1	0	
0	0	0	0	0	0	0	0	0	0	5	21	26	37	0	1	1	0	14	27	91	89	0	3	0	0	1	0	134	24	0	1	0	1	0	28	101	0	2	0	0	3	0	96	84	0	3	0	0	3	0	117	39	0	1	0	0	1	0	51	10	0	0	0	
0	0	0	0	13	26	0	1	0	0	3	0	145	88	0	3	0	3	0	77	155	0	2	0	1	0	20	216	159	136	17	0	3	0	144	121	10	155	69	0	2	0	177	94	82	182	47	0	2	0	47	130	110	26	0	1	0	0	0	0	0	1	1	0	
0	0	0	5	6	0	0	0	1	0	31	131	41	0	1	0	1	0	35	11	0	1	3	0	1	0	56	39	0	102	58	0	1	0	30	150	156	90	6	0	1	0	30	38	120	81	0	3	0	0	90	24	0	9	1	0	0	0	6	7	2	0	0	0	
0	0	0	0	0	0	1	0	1	0	22	173	178	68	0	2	3	0	78	202	72	219	68	0	3	0	174	108	0	75	118	0	0	3	202	42	0	147	106	0	0	33	210	60	182	163	1	0	0	6	159	216	106	0	1	0	0	0	0	0	0	2	1	0	
0	1	2	0	0	0	1	0	1	0	5	93	152	76	0	2	0	3	160	185	75	167	64	0	0	131	118	0	0	39	146	0	3	148	14	1	4	2	149	11	0	123	58	0	0	70	164	0	0	15	113	122	131	138	30	0	0	1	0	22	25	0	1	0	
0	0	0	2	0	26	14	0	0	0	2	0	55	187	26	0	0	2	0	37	195	59	0	2	0	1	0	179	153	0	1	0	2	0	53	205	193	117	0	4	3	0	81	233	196	92	0	3	1	0	8	112	94	0	1	0	0	0	0	0	0	1	0	0	
0	0	0	0	0	0	0	0	0	3	0	86	105	0	3	0	0	4	0	114	150	0	4	0	0	3	0	111	145	0	4	0	0	3	0	109	142	0	4	0	0	4	0	140	125	0	4	0	0	3	0	118	84	0	3	0	0	0	0	0	0	0	0	0	
0	0	0	0	0	1	1	0	2	0	79	54	43	81	0	2	3	0	173	81	29	195	5	0	0	21	182	14	33	230	45	0	0	78	255	179	197	237	38	0	0	18	82	33	5	199	44	0	0	0	0	1	0	186	67	0	0	1	4	2	0	25	19	0	
0	0	0	6	13	2	0	0	0	0	114	159	142	111	3	0	0	16	111	16	0	128	86	0	0	0	2	0	81	171	19	0	1	0	6	139	158	24	0	1	0	12	204	142	1	5	11	0	0	21	122	127	144	166	90	0	0	0	0	0	0	8	3	0	
1	3	2	3	3	2	1	0	0	0	0	0	0	0	0	0	17	94	65	85	72	49	9	0	8	84	93	107	101	200	125	0	0	0	2	0	55	178	26	0	0	4	0	40	191	30	0	1	0	3	0	123	82	0	4	0	0	0	0	7	3	1	0	0	
0	0	1	12	4	0	0	0	1	0	128	157	119	56	0	2	0	0	28	1	6	149	14	0	1	0	10	113	183	160	0	2	1	0	13	108	60	133	37	0	0	8	30	0	38	174	28	0	0	22	161	172	163	54	0	2	0	0	4	6	0	1	1	0	
0	0	0	3	1	0	0	0	0	0	2	0	15	9	6	4	0	2	0	98	232	198	194	81	2	0	136	221	46	30	29	8	1	0	173	233	54	0	2	0	0	8	0	147	178	0	4	0	0	52	203	186	47	0	2	0	0	5	70	28	0	1	0	0	
0	0	0	0	0	0	0	0	1	0	96	17	4	131	4	0	0	13	171	7	37	169	0	1	0	69	119	0	83	122	0	4	0	147	167	78	143	153	42	0	0	56	89	86	179	183	75	0	0	0	3	0	97	86	0	3	0	2	3	4	1	2	3	0	
0	0	0	0	0	0	0	0	0	0	6	24	10	43	17	0	1	0	21	152	142	224	24	0	0	0	3	0	120	122	0	3	0	2	0	42	187	7	0	1	0	2	0	167	82	0	3	0	3	0	96	168	0	3	0	0	2	0	74	40	0	1	0	0	
0	0	1	1	0	1	2	0	0	1	0	134	155	183	117	0	2	0	52	180	41	30	11	0	4	0	139	217	135	122	13	0	0	0	8	30	4	91	122	0	0	101	55	29	51	191	114	0	0	109	194	183	155	96	1	0	0	0	0	0	0	0	1	0	
0	0	0	0	1	1	0	0	1	0	41	95	17	0	1	0	2	0	74	149	173	10	0	1	1	0	5	125	199	3	0	1	2	0	41	156	190	90	0	3	0	0	2	0	160	86	0	3	1	0	3	142	121	0	1	0	1	0	20	60	0	1	0	0	
0	0	0	108	13	0	1	0	1	0	29	161	1	1	2	0	3	0	137	96	0	6	0	0	0	23	159	0	94	190	62	0	0	41	131	61	152	64	135	0	1	0	86	199	177	169	78	0	0	0	0	1	21	18	0	0	0	0	3	0	0	0	1	0	
0	0	0	0	0	0	0	0	0	30	74	69	23	0	1	0	0	149	189	145	205	41	0	2	1	1	7	131	252	71	0	3	1	0	16	128	87	124	30	0	0	0	0	3	0	123	76	0	2	0	63	94	144	174	10	0	1	0	22	117	100	11	0	1	
0	0	0	0	0	0	0	0	0	1	25	26	16	3	0	0	0	23	175	161	184	122	0	4	0	1	4	0	115	114	0	4	0	0	1	0	162	38	0	2	0	2	0	45	160	0	2	0	0	4	0	125	109	0	3	0	0	3	0	101	54	0	2	0	
0	0	0	0	0	0	0	0	0	2	74	111	106	35	0	1	0	82	145	46	97	178	0	1	0	10	4	0	102	116	0	3	1	0	11	155	127	0	18	5	0	27	213	254	129	152	130	9	0	30	77	51	72	34	1	0	0	0	0	0	0	0	1	1	
0	0	0	0	0	0	0	0	1	0	10	138	157	99	1	0	4	0	98	170	42	107	71	0	2	0	64	118	0	160	79	0	1	0	75	224	232	106	0	1	0	77	196	5	144	45	0	2	0	27	122	109	193	42	0	2	1	0	13	63	47	0	0	0	
0	0	1	0	21	10	0	0	0	1	0	17	126	9	0	1	0	3	0	100	78	0	3	0	0	1	0	114	51	4	0	0	1	0	19	163	88	72	0	2	1	0	36	129	45	98	0	3	0	1	0	68	100	10	0	1	0	0	0	0	0	0	0	0	
0	1	3	0	0	2	0	0	0	0	0	28	26	0	0	0	0	1	118	156	145	93	0	2	0	96	134	0	101	203	0	0	0	26	136	145	213	91	0	3	0	0	7	0	140	62	0	2	0	1	2	0	166	25	0	1	0	0	0	5	119	7	0	0	
0	0	1	1	0	0	0	0	0	1	0	28	77	21	0	1	2	0	40	154	73	123	5	0	4	0	116	77	81	108	0	2	2	0	34	153	189	0	0	1	0	3	0	83	94	0	3	0	0	1	0	146	37	0	1	0	0	1	0	61	23	0	1	0	
0	1	0	13	53	14	0	1	2	0	88	170	157	120	0	1	0	33	170	24	0	151	16	0	0	11	13	0	134	114	0	3	1	0	8	123	87	0	1	0	0	22	213	136	84	159	117	0	0	25	135	108	107	86	36	0	0	0	0	0	0	0	0	0	
0	0	0	1	8	0	0	0	0	1	0	85	129	1	0	0	1	0	6	161	35	2	0	0	0	2	0	89	211	35	0	2	3	0	90	120	74	51	0	2	3	0	85	57	23	67	0	2	1	0	8	89	131	45	0	2	0	0	1	0	8	0	0	0	
0	0	0	0	0	0	0	0	0	0	1	0	91	33	0	1	0	0	1	0	183	46	0	2	0	1	0	16	168	6	0	0	0	3	0	71	154	0	3	0	0	4	0	136	92	0	3	0	0	1	0	171	44	0	2	0	0	0	0	22	3	0	0	0	
0	0	1	0	0	0	9	2	1	0	12	69	116	159	140	15	0	0	168	101	51	35	5	0	0	0	144	165	59	0	1	0	0	1	0	42	171	104	0	2	0	41	151	19	26	210	22	0	0	4	84	150	181	95	0	1	0	0	0	0	2	0	0	0	
0	0	2	0	0	0	0	0	0	0	0	6	21	10	0	0	0	3	125	142	165	152	0	3	0	2	31	0	99	86	0	3	0	0	0	8	150	11	0	1	0	2	0	57	113	0	3	0	0	3	0	140	57	0	2	0	0	0	0	108	15	0	0	0	
0	1	0	1	0	23	20	0	1	0	15	40	102	160	32	0	0	44	168	130	108	14	0	1	0	73	197	75	76	64	4	0	0	8	92	84	56	137	135	0	1	0	81	45	16	129	175	0	1	0	55	132	138	129	14	0	0	0	0	0	0	0	1	0	
0	0	2	10	7	0	0	0	0	65	175	156	154	146	30	0	2	123	41	6	0	172	85	0	0	0	2	0	102	150	0	0	0	1	0	111	147	3	0	1	0	0	179	207	21	19	43	2	0	14	174	153	157	187	158	0	0	0	0	0	0	2	1	0	
0	0	0	2	1	3	1	0	0	0	1	0	12	100	7	0	0	2	0	46	154	77	0	3	2	0	49	143	122	15	0	1	2	0	53	163	186	66	0	1	0	2	0	108	51	3	1	0	0	0	5	126	25	0	1	0	0	0	0	6	7	0	0	0	
0	0	1	0	6	45	5	0	0	0	2	127	161	151	12	0	2	0	54	130	0	0	1	0	4	0	124	141	124	90	0	2	1	0	33	73	24	124	52	0	0	43	88	8	50	156	40	0	0	37	149	126	127	48	0	2	0	0	0	0	0	1	1	0	
0	1	4	3	4	3	1	0	0	0	0	0	0	0	0	0	41	198	162	163	141	78	11	0	17	80	142	137	156	255	128	0	0	1	0	13	201	231	39	0	1	3	0	207	253	54	0	1	0	1	0	162	138	0	2	0	0	0	0	3	4	1	0	0	
0	0	1	1	0	1	0	0	0	2	0	30	203	104	0	3	1	0	21	190	148	167	1	0	2	0	150	78	0	166	35	0	0	44	154	0	0	163	62	0	0	58	182	35	132	170	8	0	1	0	123	207	138	10	0	1	0	0	0	0	0	1	1	0	
0	0	0	0	6	2	0	0	0	0	0	96	158	116	0	2	2	0	63	137	1	148	2	0	1	0	21	21	47	118	0	3	0	1	0	5	131	29	0	1	1	0	18	187	154	47	2	0	0	2	134	147	101	84	0	1	0	1	3	0	0	0	0	0	
0	0	0	0	0	0	1	0	0	1	0	103	167	54	0	2	2	0	49	203	146	159	51	0	2	0	41	129	0	124	72	0	0	3	0	130	239	77	0	2	1	0	70	82	127	78	0	3	0	0	156	147	131	43	0	2	1	0	21	48	6	0	0	0	
0	0	3	4	3	1	0	0	0	0	0	1	0	43	13	0	2	0	69	106	88	174	12	0	0	17	173	56	148	109	0	4	0	21	68	0	132	57	0	2	0	0	0	11	151	9	0	1	0	3	0	63	131	0	3	0	0	1	0	39	39	0	1	0	
0	0	2	0	0	0	1	0	0	2	0	104	229	136	0	2	2	0	64	235	91	192	51	0	0	32	201	58	0	121	138	0	0	126	84	0	0	101	157	0	0	151	93	40	146	221	44	0	0	43	202	203	145	29	0	1	0	0	0	0	0	1	2	0	
0	1	0	0	0	0	0	0	1	0	17	58	55	10	0	1	0	49	173	106	120	180	4	0	0	12	79	90	178	121	0	2	6	1	107	133	103	123	35	0	21	128	44	3	0	115	126	0	0	29	128	128	121	122	15	0	0	0	0	0	0	0	0	0	
0	2	1	0	1	1	0	0	0	0	6	29	11	0	0	0	0	49	143	106	119	49	0	2	0	62	33	0	102	73	0	3	1	0	26	142	97	17	19	1	2	0	144	181	112	136	126	15	0	0	3	0	0	0	0	0	0	0	0	1	1	2	1	0	
0	0	0	0	0	0	0	0	0	0	0	9	104	8	0	0	0	1	0	35	179	0	0	0	0	1	0	30	171	0	0	0	0	2	0	52	170	0	2	0	0	3	0	99	149	0	4	0	0	3	0	71	121	0	3	0	0	0	0	12	24	0	1	0	
0	1	4	4	3	3	0	0	0	0	0	0	0	0	0	0	0	27	117	123	125	148	8	0	0	16	83	45	107	145	0	3	0	0	0	0	129	25	0	1	0	3	0	81	116	0	4	0	0	0	2	149	27	0	1	0	2	0	59	131	0	5	2	0	
0	0	1	2	0	0	0	0	0	0	0	5	97	114	4	0	1	0	4	197	196	113	19	0	3	0	65	187	0	1	0	0	1	0	19	166	22	0	1	0	0	3	0	110	140	0	4	0	1	0	9	193	136	0	4	0	0	0	0	46	16	0	1	0	
0	0	0	1	3	2	0	0	1	0	24	146	163	125	13	0	3	0	72	93	0	124	88	0	1	0	12	133	103	131	13	0	1	0	22	149	209	66	0	3	0	0	148	38	72	147	0	3	0	1	126	143	133	36	0	1	0	0	2	5	0	0	0	0	
0	0	0	2	0	0	0	0	0	0	0	8	55	25	57	27	0	3	0	146	226	126	160	53	2	0	40	185	10	0	1	0	2	0	67	110	0	5	3	1	0	0	7	99	8	0	0	0	0	20	93	185	105	0	3	0	0	0	50	116	54	0	2	0	
0	0	0	0	8	3	0	0	0	1	0	124	177	122	10	0	2	0	50	132	0	115	72	0	1	0	15	124	79	133	9	0	0	3	0	134	235	27	0	2	3	0	91	101	116	81	0	3	3	0	128	171	109	12	0	1	0	0	0	8	1	0	0	0	
0	0	1	1	0	0	0	0	0	1	0	38	65	0	1	0	1	0	23	155	188	53	0	2	2	0	61	147	146	125	0	3	0	1	0	123	237	43	0	2	0	2	0	53	177	0	1	0	0	4	0	122	119	0	3	0	0	2	0	64	31	0	1	0	
0	0	0	7	7	0	0	0	0	44	158	170	135	74	0	1	0	110	69	0	46	158	0	2	1	0	11	114	228	179	0	1	3	0	67	190	50	117	111	0	0	45	103	2	0	137	124	0	0	24	161	178	183	125	1	0	0	0	0	5	4	0	1	0	
0	0	0	0	0	0	0	0	0	38	87	66	46	7	0	0	0	40	108	119	180	119	0	4	0	0	3	0	115	80	0	3	2	0	52	121	209	130	59	2	2	0	37	169	121	0	3	0	0	3	0	156	57	0	2	0	0	0	0	71	12	0	0	0	
0	0	2	0	0	1	2	0	0	1	1	67	79	19	0	1	3	0	146	208	200	220	45	0	0	76	181	1	0	114	152	0	0	152	35	0	0	53	193	0	0	154	109	11	43	188	107	0	0	28	168	177	167	77	0	1	0	1	0	4	1	0	1	0	
0	0	0	0	0	0	0	0	3	0	121	170	115	45	0	1	0	7	189	53	104	162	0	4	1	0	162	168	203	163	1	0	1	0	157	140	64	108	154	12	0	20	201	30	0	0	181	42	2	0	70	167	163	181	98	0	0	0	0	2	9	4	0	0	
0	2	0	67	56	0	2	0	0	1	0	142	36	0	2	0	2	0	52	110	0	3	0	0	2	0	110	31	107	136	4	0	1	0	134	75	109	142	62	0	3	0	77	204	168	126	7	0	0	0	0	17	23	2	0	0	0	0	2	0	0	2	1	0	
0	0	0	4	8	0	0	0	0	2	0	55	103	0	3	0	0	3	0	116	61	0	2	0	0	0	2	163	107	26	0	1	3	0	69	136	18	82	2	0	2	0	46	113	11	96	22	0	0	1	0	28	106	69	0	1	0	0	1	1	0	0	0	0	
0	0	1	2	0	1	0	0	0	1	0	22	195	75	0	3	1	0	19	162	204	138	0	4	3	0	125	102	2	192	14	0	0	14	149	0	9	187	17	0	0	24	173	26	154	163	0	2	1	0	123	204	134	11	0	1	0	0	0	0	0	1	0	0	
1	3	4	3	0	0	1	0	0	0	0	0	9	8	0	0	33	87	93	135	184	238	43	0	47	108	97	33	145	211	3	0	0	1	0	22	230	61	0	3	2	7	0	147	195	0	1	0	2	0	23	246	85	0	3	0	1	0	35	119	4	0	0	0	
0	0	0	0	4	0	0	0	0	5	130	157	154	111	0	0	0	15	103	40	0	180	38	0	0	0	2	0	82	160	0	0	0	1	0	75	147	15	0	1	0	10	137	162	24	20	26	1	0	99	223	133	118	107	77	2	0	2	0	0	0	0	0	0	
0	0	0	0	1	1	0	0	0	2	0	102	38	0	1	0	0	1	0	156	66	15	0	1	2	0	58	137	98	100	0	4	4	0	116	164	170	108	0	4	0	0	7	0	70	134	0	4	0	0	1	0	40	112	0	2	0	0	0	1	0	0	0	0	
0	1	3	2	0	0	0	0	0	0	0	0	2	5	0	0	0	29	156	143	184	138	0	3	0	9	53	22	110	96	0	3	0	0	1	0	147	34	0	1	0	2	0	39	147	0	2	0	0	3	0	102	104	0	3	0	0	3	0	102	53	0	2	0	
0	0	3	41	21	0	1	0	2	0	32	138	190	66	0	2	0	0	2	0	50	185	0	0	0	1	6	0	43	161	0	1	0	0	0	0	141	57	0	2	0	44	168	200	228	132	19	0	0	49	138	54	43	76	14	0	0	0	0	0	0	0	0	0	
0	1	0	26	96	0	2	0	0	2	0	75	79	0	2	0	0	0	2	102	8	0	0	0	2	0	56	94	0	45	0	0	4	0	108	73	130	214	2	0	2	0	30	170	207	77	0	2	0	0	0	6	6	0	0	0	0	0	2	1	1	3	0	0	
0	0	0	0	0	0	0	0	0	2	0	76	47	0	1	0	0	4	0	146	213	0	1	0	0	4	0	138	223	0	0	0	0	4	0	146	177	0	3	0	0	4	0	150	162	0	4	0	0	4	0	129	105	0	3	0	0	0	0	8	9	0	0	0	
0	0	0	17	87	0	1	0	0	2	0	79	84	0	3	0	1	0	15	111	0	0	0	0	2	0	64	46	53	97	4	0	2	0	93	103	146	183	38	0	3	0	69	229	147	85	0	0	0	0	2	12	10	0	0	0	0	0	1	0	0	3	0	0	
0	0	0	1	1	1	0	0	3	0	131	167	108	21	0	1	0	21	192	47	47	134	0	1	0	14	19	0	0	117	32	0	1	0	28	99	35	103	28	0	0	3	158	76	157	206	3	0	1	0	84	104	95	59	20	0	0	0	1	17	5	0	0	0	
0	0	0	0	0	0	0	0	0	0	3	0	96	41	0	2	0	0	2	0	140	38	0	1	0	1	0	16	148	1	0	0	0	2	0	70	127	0	3	0	0	3	0	126	72	0	3	0	0	1	0	103	21	0	1	0	0	0	0	0	0	0	0	0	
0	0	1	1	0	0	0	0	0	1	0	33	85	83	27	0	1	0	25	108	14	34	86	0	2	0	52	82	35	70	47	0	2	0	61	171	134	111	4	0	0	12	121	1	4	83	6	0	0	11	123	76	84	26	0	1	1	0	27	46	4	0	0	0	
0	1	1	0	0	0	0	0	1	0	27	133	207	84	0	1	0	32	217	129	47	164	30	0	0	108	99	0	58	149	0	0	0	12	0	45	198	34	0	2	2	0	45	231	84	24	42	0	3	0	88	215	179	210	141	0	0	0	0	1	3	1	0	0	
0	0	0	0	0	1	1	0	1	0	11	107	122	31	0	1	3	0	86	128	46	210	18	0	1	0	7	173	159	78	5	0	2	0	49	158	148	25	0	1	3	0	138	43	57	137	0	4	2	0	67	144	152	75	0	3	0	1	0	42	40	0	0	0	
0	0	0	0	0	0	0	0	0	6	121	158	147	81	0	2	0	25	197	90	80	207	72	0	0	32	145	0	20	158	29	0	2	0	91	199	222	35	0	2	3	0	73	190	173	162	25	21	4	0	112	190	161	177	16	7	0	0	1	49	41	0	0	0	
0	0	0	4	1	0	0	0	2	0	64	182	108	0	3	0	0	1	21	119	132	0	4	0	1	0	13	174	25	0	3	0	3	0	119	77	0	2	0	4	3	0	125	135	109	127	131	96	1	0	11	86	88	64	26	2	0	0	0	0	0	0	0	0	
0	0	2	0	0	0	0	0	0	1	0	51	158	166	79	0	3	0	77	205	101	123	173	0	3	0	147	51	0	134	61	0	3	0	75	175	164	61	0	1	0	50	146	73	138	83	0	2	0	61	152	109	159	112	0	3	1	0	20	58	29	0	1	0	
0	0	0	0	0	0	0	0	0	2	0	44	139	1	0	1	0	1	0	35	170	19	0	1	0	2	0	114	171	59	0	2	0	2	0	109	94	0	0	0	0	0	1	0	151	95	0	4	2	0	48	151	132	17	0	1	0	0	8	10	0	0	0	0	
0	1	0	0	0	0	0	0	0	0	12	16	21	6	0	0	0	114	198	175	203	184	0	0	0	32	23	0	83	175	0	2	0	0	2	0	174	79	0	3	0	3	0	31	184	7	0	1	0	3	0	79	178	0	2	0	0	2	0	52	144	0	1	0	
0	0	0	3	4	0	0	0	2	0	57	148	148	50	0	2	0	0	5	70	172	51	0	2	0	3	0	124	209	40	0	2	0	3	22	0	47	140	0	2	0	13	186	154	100	95	0	3	1	0	8	154	174	4	0	1	0	0	0	0	0	1	0	0	
0	1	4	4	3	3	0	0	0	0	0	0	0	0	0	0	0	27	103	126	173	166	11	0	0	148	156	99	101	199	12	0	2	20	2	0	83	134	0	4	0	0	7	0	164	80	0	3	0	2	0	14	179	19	0	1	0	1	0	35	168	0	1	0	
0	0	0	0	0	0	0	0	0	0	3	51	106	24	0	1	2	0	110	106	64	8	0	0	3	0	97	130	94	98	2	0	2	0	63	103	0	90	48	0	1	0	28	31	2	102	11	0	2	0	39	124	103	31	0	1	0	0	0	9	9	0	1	0	
0	0	0	0	0	0	0	0	1	0	17	27	12	80	0	1	2	0	59	119	37	161	0	3	2	0	64	81	88	77	0	3	4	0	110	199	203	148	5	0	1	0	14	75	157	33	1	0	0	1	0	22	122	0	1	0	0	0	0	6	19	0	0	0	
0	0	2	0	0	1	0	0	0	1	0	49	74	12	0	1	2	0	69	102	64	113	0	2	0	0	121	0	90	120	0	3	2	0	85	131	203	25	0	1	0	0	1	78	129	0	2	0	0	3	0	87	83	0	3	0	0	1	0	55	19	0	1	0	
0	2	4	4	4	3	0	0	0	0	0	0	0	0	0	0	0	70	172	160	145	158	10	0	0	43	104	102	118	200	2	0	0	0	3	0	100	117	0	4	0	2	3	3	175	38	0	1	0	2	0	58	179	0	2	0	0	2	0	68	132	0	3	0	
0	0	37	23	0	1	0	0	1	0	46	104	69	0	1	0	0	0	1	0	109	42	0	2	0	0	1	0	40	82	0	3	1	0	32	19	37	77	0	3	0	0	108	109	178	81	0	2	1	0	46	91	42	8	1	0	0	0	0	0	0	0	0	0	
0	1	3	4	4	3	1	0	0	0	0	0	0	0	0	0	0	13	72	122	143	167	35	0	0	153	202	157	108	192	47	0	2	15	2	0	37	164	0	1	0	0	5	0	122	122	0	4	0	1	3	0	166	76	0	3	0	0	0	5	178	27	0	1	
0	0	5	14	0	0	0	0	0	0	100	139	72	0	2	0	0	3	0	45	128	0	4	0	1	0	0	160	128	22	0	1	0	0	9	59	63	110	55	0	0	0	32	7	0	113	89	0	2	0	64	114	117	84	0	0	0	0	0	11	9	0	1	0	
0	0	0	0	0	0	0	0	1	0	46	142	151	81	0	2	0	0	129	75	66	180	1	0	0	2	0	110	214	103	0	2	0	1	0	58	156	82	0	3	0	0	8	0	50	130	0	3	2	0	135	206	190	52	0	2	0	0	22	58	18	0	1	0	
0	0	0	53	31	0	1	0	3	0	112	135	133	38	0	2	0	9	128	0	82	93	0	3	0	1	11	0	87	88	0	4	0	1	0	39	164	26	0	1	3	0	99	248	166	123	68	28	1	0	103	74	0	64	75	18	0	0	0	0	2	0	0	0	
0	2	4	4	4	2	0	0	0	0	0	0	0	0	0	0	0	51	97	133	177	90	0	3	2	157	163	112	114	153	0	3	0	0	2	0	62	141	0	3	0	1	7	0	92	114	0	4	0	0	3	0	146	67	0	3	0	0	2	0	155	38	0	1	
0	0	0	0	0	0	0	0	2	0	45	97	72	8	0	1	0	0	5	91	184	21	0	1	3	0	65	192	26	0	1	0	0	0	5	67	134	14	0	1	0	0	4	0	109	93	0	3	1	0	15	90	143	29	0	1	0	0	2	49	28	0	1	0	
0	0	0	0	1	0	0	0	0	0	13	12	13	73	0	1	3	0	94	57	45	121	0	3	3	0	127	52	127	97	9	0	0	0	171	186	206	184	73	0	0	2	0	41	105	0	3	0	0	3	0	71	84	0	3	0	0	0	0	12	12	0	1	0	
0	0	3	0	51	55	0	2	0	2	0	77	175	71	0	2	2	0	57	184	13	0	1	0	2	0	169	60	3	91	17	0	0	22	176	14	120	211	83	0	0	2	169	170	200	136	12	0	1	0	33	87	79	22	0	1	0	0	1	0	0	1	1	0	
0	0	2	0	0	33	11	0	0	1	0	120	141	175	31	0	3	0	97	198	57	13	0	1	2	0	191	204	144	158	35	0	0	36	45	0	0	108	110	0	0	104	204	85	131	201	32	0	0	12	102	158	125	35	0	1	0	0	0	0	0	1	1	0	
0	0	0	0	0	0	0	0	0	1	0	29	117	0	1	0	0	3	0	75	182	0	2	0	0	3	0	86	163	0	3	0	0	4	0	113	140	0	4	0	0	4	0	113	144	0	4	0	0	2	0	66	136	0	2	0	0	0	0	0	0	0	0	0	
0	0	0	1	0	0	0	0	0	0	2	0	40	43	0	2	0	0	7	122	93	69	0	3	2	0	68	110	104	53	0	2	4	0	123	193	212	68	0	3	0	0	12	31	123	0	0	0	0	1	0	19	117	0	1	0	0	0	0	5	18	0	0	0	
0	2	4	2	1	2	0	0	0	0	0	0	0	0	0	0	0	82	168	158	183	92	0	2	0	49	69	20	44	174	2	0	1	0	111	146	159	218	97	9	0	3	130	97	191	121	50	11	0	0	1	0	50	16	0	1	0	0	3	4	0	2	3	0	
0	0	0	0	0	0	0	0	2	0	78	166	122	8	0	1	0	5	172	73	131	104	0	4	0	0	8	125	228	134	0	4	1	0	11	116	79	152	18	0	0	0	38	0	26	161	6	0	2	0	143	214	189	64	0	2	0	0	4	53	23	0	1	0	
0	0	0	0	0	0	0	0	0	0	12	70	26	0	1	0	1	0	70	97	91	0	3	0	0	2	0	65	148	2	0	1	0	1	0	44	93	63	0	3	0	0	3	0	86	60	0	2	0	0	1	70	109	0	0	0	1	0	17	79	9	0	0	0	
0	0	0	0	0	0	0	0	0	0	110	148	109	14	0	1	0	1	121	78	85	105	0	3	0	0	5	91	195	114	0	4	1	0	15	143	113	139	2	0	1	0	28	0	49	172	0	0	3	0	143	230	191	42	0	2	0	0	14	43	13	0	1	0	
0	0	0	0	2	1	0	0	0	2	0	138	84	0	3	0	1	0	31	180	140	18	0	1	2	0	64	81	48	129	0	3	2	0	65	99	0	125	0	1	1	0	29	142	62	128	0	3	0	2	0	85	162	32	0	2	0	0	0	1	1	0	0	0	
0	0	1	0	0	0	0	0	1	0	34	111	148	130	8	0	0	0	174	168	60	118	93	0	0	25	175	20	38	134	34	0	2	0	85	245	245	66	0	3	1	0	89	51	96	165	0	3	2	0	139	151	152	73	0	2	1	0	25	56	9	0	0	0	
0	0	0	0	0	0	0	0	1	0	15	110	83	93	3	0	4	0	113	102	9	212	25	0	3	0	68	150	199	212	0	0	0	1	0	26	74	170	0	1	0	90	38	0	84	140	0	4	0	99	176	143	184	47	0	2	0	0	37	55	17	0	1	0	
0	0	0	1	1	0	0	0	0	0	3	0	40	41	0	2	0	3	0	48	221	104	0	4	2	0	62	131	120	81	0	9	0	101	255	156	177	174	140	29	0	47	68	21	134	88	0	3	0	0	1	0	28	20	0	1	0	2	3	2	1	0	0	0	
0	0	2	0	24	34	0	1	0	2	0	46	131	67	0	2	1	0	33	136	8	0	1	1	2	0	121	46	0	11	12	0	0	37	111	0	79	102	108	27	0	51	113	62	95	0	97	42	0	2	88	80	0	35	64	0	0	0	0	0	2	0	0	1	
0	0	1	0	0	0	0	0	1	0	11	125	152	160	51	0	3	0	70	218	140	165	75	0	4	0	152	136	75	25	0	1	0	19	227	210	158	167	17	0	0	17	118	12	0	167	47	0	0	0	167	214	214	118	0	2	0	0	8	55	38	0	0	0	
0	0	1	0	1	1	0	0	0	0	5	66	17	0	1	0	3	0	100	147	84	11	0	1	3	0	110	29	57	96	0	3	2	0	40	115	162	70	0	3	0	1	0	27	174	12	0	1	0	1	0	40	146	0	2	0	0	1	0	17	49	0	1	0	
0	0	1	2	0	0	0	0	0	1	0	21	140	4	0	1	0	0	0	156	230	6	0	1	1	0	148	130	140	19	28	13	0	63	255	185	231	195	170	57	0	16	51	65	182	29	0	1	0	0	2	0	122	30	0	2	0	1	3	3	1	0	0	0	
0	0	0	0	0	0	0	0	0	0	0	26	50	52	31	9	0	2	0	186	251	164	110	30	1	0	22	214	126	0	2	0	3	0	131	199	129	61	0	3	0	14	14	0	102	141	0	4	0	32	150	156	181	21	0	1	1	0	35	67	13	0	1	0	
0	0	0	1	0	0	0	0	0	3	0	90	62	0	2	0	0	3	0	83	101	0	3	0	0	3	0	72	104	0	3	0	0	3	0	88	95	0	3	0	0	3	0	108	96	0	3	0	0	3	0	80	63	0	2	0	0	0	0	0	0	0	0	0	
0	0	1	1	0	0	0	0	0	1	0	26	63	2	0	0	1	0	17	93	102	52	0	2	3	0	71	73	110	42	0	2	1	0	12	93	146	26	0	1	0	0	3	0	99	35	0	1	0	0	3	0	95	40	0	1	0	0	1	0	34	23	0	1	
0	0	0	0	0	0	0	0	0	1	0	36	77	0	2	0	0	1	0	40	98	0	3	0	0	1	0	40	94	0	3	0	0	2	0	48	121	0	3	0	0	2	0	50	138	0	3	0	0	1	0	38	114	0	2	0	0	0	0	0	0	0	0	0	
0	0	4	52	36	2	0	0	1	0	5	154	214	127	0	3	0	1	4	0	154	140	0	4	1	0	0	180	171	0	1	0	0	0	163	173	0	9	28	0	0	61	246	120	158	201	138	0	0	1	86	137	95	34	0	0	0	0	0	0	0	0	1	0	
0	0	2	0	0	3	0	0	0	1	0	23	20	0	0	0	2	0	108	179	158	95	1	0	0	62	137	0	37	250	65	0	0	91	69	57	179	187	8	0	0	27	143	123	38	102	1	0	0	0	0	0	12	104	0	1	0	1	3	0	18	93	0	1	
0	0	1	0	0	0	0	0	0	1	0	65	141	106	0	0	3	0	151	175	184	209	0	0	1	0	69	90	218	99	0	3	2	0	55	201	121	163	52	0	0	21	20	0	18	209	75	0	0	43	158	161	197	99	0	2	1	0	39	64	14	0	1	0	
0	3	3	3	4	3	0	0	0	0	0	0	0	0	0	0	3	68	86	69	89	79	0	1	6	123	103	51	103	149	0	3	0	0	3	0	95	77	0	3	0	3	6	0	99	44	0	2	0	0	2	0	100	21	0	1	0	0	0	4	97	3	0	0	
0	0	1	1	0	0	1	0	1	0	15	154	132	75	0	0	3	0	108	110	0	204	67	0	0	0	157	11	101	122	94	0	0	26	113	83	152	42	104	0	0	36	152	127	69	143	39	0	1	0	116	130	130	48	0	2	0	0	1	13	5	0	1	0	
0	0	0	0	0	0	0	0	1	0	42	8	42	95	0	3	3	0	117	42	33	136	0	3	0	4	136	0	33	121	0	3	0	37	184	61	121	144	0	2	0	13	92	83	118	166	0	1	0	0	0	0	14	106	0	1	0	1	4	3	3	1	0	0	
0	0	1	1	0	0	0	0	0	1	0	23	129	150	15	0	1	0	24	193	199	136	8	0	2	0	51	177	0	1	0	0	0	1	0	116	153	21	0	1	0	0	5	0	126	131	0	4	0	19	121	111	165	34	0	2	0	12	45	52	17	0	1	0	
0	0	0	0	0	1	0	0	1	0	33	91	53	0	0	0	1	0	150	109	141	86	0	3	0	1	0	46	200	87	0	4	0	0	0	179	156	129	0	2	0	0	2	0	57	113	0	3	1	0	12	108	162	19	0	1	1	0	13	115	34	0	1	0	
0	0	1	0	1	2	0	0	1	0	12	127	171	156	33	0	2	0	168	125	16	19	5	0	2	0	145	133	32	0	0	0	0	0	1	55	135	100	0	0	1	0	22	42	34	213	76	0	1	0	21	160	187	119	7	0	0	0	0	0	0	0	0	0	
0	1	4	3	2	2	0	0	0	0	0	0	0	0	0	0	0	20	127	132	162	102	0	2	0	30	126	49	89	145	0	3	0	0	4	0	108	92	0	3	0	1	6	0	111	38	0	1	0	0	0	4	146	13	0	1	0	1	0	19	144	0	0	0	
0	0	0	0	0	0	0	0	0	13	50	77	66	0	0	0	1	96	114	182	107	0	5	0	3	0	78	153	28	9	0	0	0	1	7	50	107	119	82	0	0	0	0	1	0	81	173	0	0	0	43	87	123	117	17	0	0	0	48	54	15	0	1	0	
0	0	0	0	0	0	0	0	0	0	66	121	108	19	0	1	0	29	141	22	114	101	0	4	0	1	0	141	217	123	2	0	0	0	4	94	20	105	64	0	0	0	2	0	29	143	13	0	1	0	127	196	179	33	0	2	0	0	19	47	22	0	1	0	
0	0	1	1	2	0	0	0	0	3	0	78	200	115	8	0	1	0	33	165	26	71	124	0	3	0	154	113	0	28	143	0	0	13	201	30	0	111	123	0	0	46	189	0	97	192	10	0	0	12	159	84	137	30	0	1	0	0	2	3	0	1	1	0	
0	0	2	14	3	0	0	0	0	23	152	129	64	8	0	0	0	15	39	0	108	49	0	2	0	0	0	131	211	83	0	1	0	0	0	46	2	140	50	0	0	4	42	3	59	127	8	0	0	0	139	188	144	20	0	1	0	0	0	4	0	1	0	0	
0	0	0	5	38	1	0	0	0	2	0	108	177	9	0	1	2	0	64	157	0	2	1	0	3	0	148	75	81	61	0	1	2	0	149	153	74	144	38	0	3	0	101	193	25	146	38	0	0	0	0	82	135	63	0	2	0	0	1	0	0	0	0	0	
0	1	1	0	0	1	1	0	1	0	14	136	120	16	0	1	0	14	159	238	212	199	19	0	0	103	66	0	0	148	134	0	0	101	22	0	0	74	153	0	0	116	103	0	12	172	108	0	0	13	138	164	202	133	2	0	0	0	0	54	30	0	1	0	
0	0	0	2	27	1	0	0	0	2	0	75	116	0	2	0	1	0	14	147	15	4	0	0	3	0	70	93	96	129	2	0	3	0	70	107	93	101	23	0	3	0	69	170	201	107	0	3	0	0	4	107	79	9	0	1	0	0	0	0	0	1	0	0	
0	0	0	0	9	7	0	0	0	0	89	188	159	112	18	0	0	76	209	62	0	164	48	0	0	18	12	0	146	127	0	3	1	0	7	154	135	0	1	0	0	6	207	149	0	37	69	5	0	25	204	167	176	180	119	2	0	0	0	7	5	0	0	0	
0	0	0	10	5	0	0	0	0	2	0	85	23	0	0	0	0	0	9	107	0	0	0	0	1	0	33	75	44	61	0	1	2	0	40	117	132	112	0	3	1	0	0	178	137	14	0	1	0	1	0	40	14	0	0	0	0	0	1	1	1	1	0	0	
0	0	0	0	0	0	0	0	1	0	18	80	138	103	0	2	3	0	117	129	76	45	0	1	2	0	145	94	46	20	0	0	1	0	51	87	74	111	45	0	0	0	0	2	0	120	55	0	0	0	63	116	170	94	0	1	0	0	44	63	37	0	1	0	
0	0	0	0	0	1	3	0	1	0	20	109	150	183	118	0	0	24	235	163	62	40	15	0	0	2	112	152	100	18	0	1	0	98	25	3	77	172	38	0	0	87	190	62	18	199	100	0	1	0	72	173	202	148	5	0	0	1	0	0	0	0	0	0	
0	0	0	0	0	2	2	0	3	0	62	149	110	127	48	0	1	0	119	80	43	16	3	0	0	15	179	118	104	24	0	1	0	1	12	18	51	138	0	0	0	4	35	10	55	154	0	0	0	2	129	190	187	38	0	2	0	0	0	3	1	0	0	0	
0	0	3	4	1	0	0	0	0	0	0	0	2	9	0	0	2	0	101	148	194	148	0	3	1	0	61	79	194	89	0	3	0	2	0	46	183	3	0	1	0	4	0	135	114	0	3	0	0	1	0	187	69	0	2	0	0	0	4	123	10	0	0	0	
0	2	0	65	28	0	1	0	1	0	14	148	28	0	2	0	3	0	88	54	0	2	0	0	0	2	62	0	46	70	5	0	0	15	39	23	100	147	103	0	0	0	113	151	77	68	44	0	1	0	28	68	39	8	0	0	0	0	0	0	0	1	2	0	
0	0	0	0	0	0	0	0	0	0	7	36	85	61	0	1	3	0	77	255	207	112	0	2	1	0	0	187	109	0	3	0	0	1	0	29	203	30	0	1	0	0	3	0	161	96	0	4	1	0	7	89	199	38	0	2	1	0	25	125	41	0	1	0	
0	0	0	0	0	0	0	0	1	0	49	146	134	15	0	1	2	0	101	121	109	108	0	4	1	0	18	126	194	61	0	3	1	0	20	152	122	99	0	1	0	4	14	0	7	129	6	0	0	7	151	164	183	79	0	2	1	0	27	64	23	0	1	0	
0	0	0	0	0	0	0	0	0	0	1	0	100	14	0	1	0	1	0	14	181	11	0	1	0	2	0	59	142	0	3	0	0	4	0	122	86	0	3	0	0	0	4	168	20	0	1	0	1	0	17	115	0	1	0	0	0	0	0	0	0	0	0	0	
0	0	0	0	0	0	0	0	0	1	0	35	56	0	2	0	0	3	0	90	133	0	4	0	0	3	0	106	85	0	3	0	0	3	0	84	69	0	3	0	0	3	0	80	63	0	2	0	0	3	0	70	63	0	2	0	0	0	0	10	10	0	0	0	
0	0	1	1	0	0	0	0	0	1	0	18	80	21	0	1	1	0	17	165	182	185	0	2	3	0	146	83	76	185	0	1	0	7	176	68	221	71	0	3	2	0	102	119	173	58	0	2	0	0	2	0	188	86	0	3	0	0	3	1	76	20	0	1	
0	0	0	0	0	0	0	0	0	2	0	66	156	165	8	0	0	2	0	142	121	41	2	0	0	0	11	169	51	0	1	0	0	0	0	20	29	54	10	0	0	21	103	29	6	138	17	0	0	13	129	180	157	36	0	2	0	0	0	1	3	0	0	0	
0	0	1	1	0	1	0	0	0	2	0	54	202	65	0	2	1	0	7	220	223	177	0	0	3	0	142	178	0	164	35	0	0	19	181	7	7	199	29	0	0	14	195	98	197	195	0	2	3	0	105	229	165	34	0	1	0	0	0	0	0	1	0	0	
0	0	1	0	8	2	0	0	1	0	9	150	153	36	0	1	3	0	139	152	0	128	32	0	1	0	75	4	30	185	19	0	0	1	0	16	168	49	0	2	1	0	47	198	144	74	15	0	2	0	147	181	104	65	6	0	0	0	0	0	0	0	0	0	
0	0	0	0	0	0	0	0	0	1	0	21	127	0	1	0	0	2	0	45	163	0	2	0	0	3	0	86	147	0	4	0	0	4	0	112	127	0	4	0	0	3	0	145	80	0	3	0	0	0	0	131	24	0	1	0	0	0	0	0	0	0	0	0	
0	0	0	0	0	1	0	0	2	0	34	157	173	74	4	7	3	0	82	152	45	14	17	5	3	0	96	171	104	83	36	2	0	0	0	13	0	88	114	0	0	40	104	13	1	121	34	0	0	23	184	153	100	35	8	4	0	0	0	5	5	0	4	1	
0	1	1	1	0	0	0	0	2	0	57	160	55	24	0	1	0	35	185	32	166	38	0	1	0	74	216	149	175	0	1	0	1	0	43	187	179	147	9	0	0	3	0	98	105	168	65	0	0	1	0	14	159	134	5	0	0	0	0	0	0	0	0	0	
0	0	3	1	1	1	0	0	0	1	0	12	15	0	0	0	2	0	65	147	139	21	0	1	0	38	143	0	165	119	0	4	0	11	114	104	143	68	0	3	0	0	8	0	96	49	0	2	0	1	4	0	132	37	0	1	0	0	1	0	116	22	0	1	
0	0	3	0	0	0	0	0	0	0	0	18	26	7	0	0	1	0	91	99	159	141	0	3	0	60	171	67	195	43	0	2	0	7	113	110	174	27	0	1	0	0	0	1	155	18	0	1	0	1	1	10	164	10	0	1	0	0	1	0	106	23	0	1	
0	0	1	2	0	1	0	0	0	0	0	4	30	4	0	0	1	0	4	122	146	80	0	2	3	0	97	66	34	114	0	3	3	0	104	98	153	76	0	3	0	0	13	43	60	48	0	2	0	0	4	0	111	58	0	2	0	0	3	0	89	30	0	1	
0	1	3	2	1	2	0	0	0	0	0	0	0	0	0	0	0	32	110	126	127	141	6	0	0	66	73	16	36	142	0	1	0	0	3	0	97	87	0	3	0	2	2	0	138	19	0	1	0	2	0	55	122	0	3	0	0	3	0	103	108	0	3	0	
0	0	0	0	0	0	0	0	0	0	0	111	114	48	1	0	4	0	91	179	30	92	81	0	3	0	69	73	0	104	34	0	0	1	0	103	176	54	0	2	0	0	3	73	140	42	0	2	2	0	34	157	93	19	0	1	0	0	0	51	27	0	1	0	
0	0	0	0	1	0	0	0	0	0	2	0	125	40	0	2	0	1	0	3	200	42	0	2	0	2	0	45	197	0	0	1	0	3	0	94	164	0	3	0	0	4	0	163	105	0	3	0	0	1	0	146	51	0	2	0	0	0	0	0	1	0	0	0	
0	0	0	0	0	0	0	0	0	0	6	6	0	51	39	0	3	0	92	73	0	102	55	0	2	0	103	26	0	107	5	0	0	0	142	108	151	129	0	3	1	0	52	54	93	66	0	3	0	0	2	0	69	41	0	2	0	0	3	0	13	7	0	0	
0	0	1	0	0	0	0	0	0	2	1	26	32	40	37	3	2	0	59	131	65	63	65	11	0	79	126	4	0	1	0	0	0	58	85	80	81	93	21	0	0	0	44	10	5	118	34	0	1	0	45	88	101	48	0	1	0	0	0	0	0	0	0	0	
0	0	0	0	0	0	0	0	0	1	0	23	79	0	2	0	0	2	0	47	90	0	15	0	0	3	0	78	68	0	37	0	0	3	0	83	36	10	52	0	0	2	0	126	29	0	13	0	0	1	0	100	13	0	0	0	0	0	0	0	0	0	1	0	
0	0	0	1	0	0	0	0	0	1	0	26	137	65	0	2	1	0	12	208	66	141	17	0	1	0	12	187	122	127	2	0	0	3	0	95	218	10	0	1	1	0	27	174	139	0	3	0	4	0	108	132	101	0	3	0	1	0	20	29	18	0	1	0	
0	0	1	1	0	1	0	0	0	2	0	87	203	24	0	1	2	0	44	146	89	67	0	3	2	0	122	33	20	112	0	2	0	10	102	0	26	153	0	1	0	10	122	0	145	144	0	3	3	0	98	179	146	12	0	1	0	0	2	8	0	1	0	0	
0	0	0	0	1	2	3	0	0	0	0	2	0	0	0	0	0	1	1	0	32	65	67	7	0	0	0	122	177	136	80	7	0	36	33	200	67	0	3	0	0	84	169	97	9	1	4	0	0	0	0	0	0	0	0	0	0	1	1	3	1	0	0	0	
0	0	0	80	12	0	0	0	1	0	21	161	8	0	1	0	2	0	70	57	0	2	0	0	1	0	116	12	77	176	13	0	1	0	109	25	141	140	52	0	3	0	73	195	222	116	0	0	0	0	0	47	63	8	0	0	0	0	1	0	0	1	0	0	
0	0	1	9	2	0	0	0	0	12	107	106	102	8	0	1	0	40	54	0	64	103	0	3	0	0	0	0	2	119	8	0	0	0	16	66	18	107	29	0	3	0	105	81	79	153	5	0	2	0	47	79	88	81	10	0	0	0	0	14	13	0	0	0	
0	0	0	0	21	2	0	0	0	2	0	47	215	50	0	2	0	0	0	128	90	118	0	2	2	0	54	106	0	130	8	0	3	0	91	61	0	131	10	0	4	0	94	135	149	118	0	3	1	0	9	139	122	7	0	1	0	0	0	0	0	1	0	0	
0	3	4	3	1	0	0	0	0	0	0	0	0	38	47	0	26	129	140	160	156	241	111	0	4	49	53	22	28	199	26	0	1	0	31	104	195	174	0	1	0	21	162	124	206	51	0	2	0	2	0	50	166	0	2	0	0	1	0	33	63	0	1	0	
0	0	2	1	0	2	0	0	0	1	0	11	13	0	0	0	2	0	61	181	176	83	0	2	0	17	158	16	29	192	7	0	0	40	135	51	161	167	0	1	0	0	70	73	79	96	0	4	0	0	3	0	85	115	0	4	0	0	5	0	52	79	0	3	
0	1	0	40	47	0	1	0	0	0	3	116	146	86	0	3	0	0	3	0	136	101	0	3	2	0	32	225	101	0	2	0	0	9	3	74	164	82	0	2	0	111	126	22	70	192	3	0	0	3	87	139	134	64	0	1	0	0	0	0	0	0	0	0	
0	2	0	86	25	0	1	0	0	0	2	106	10	0	0	0	1	0	27	70	0	2	0	0	3	0	69	56	73	105	0	3	3	0	73	94	168	178	0	1	1	0	19	173	221	72	0	2	0	0	0	5	11	0	0	0	0	0	1	1	0	2	0	0	
0	0	1	1	0	0	0	0	0	1	0	10	84	23	0	1	1	0	7	147	169	52	0	2	3	0	114	77	1	77	0	1	4	0	120	141	187	117	0	3	0	0	6	78	182	21	0	1	0	1	0	17	138	0	0	0	0	0	0	7	74	8	0	0	
0	0	1	0	0	1	0	0	1	0	19	138	116	48	0	1	3	0	90	119	36	111	28	0	3	0	85	95	0	111	22	0	1	0	7	178	211	49	0	2	3	0	87	58	70	101	0	3	2	0	63	111	138	41	0	2	0	0	0	43	35	0	1	0	
1	0	43	19	0	4	2	0	0	8	194	32	0	1	0	0	0	81	163	0	1	79	45	0	0	120	128	0	125	217	162	16	0	117	137	0	212	37	166	28	0	23	190	152	197	169	128	0	1	0	42	87	77	67	0	0	0	1	1	0	0	0	2	0	
0	0	0	0	0	0	0	0	1	0	10	116	142	68	0	1	3	0	126	166	79	131	29	0	1	0	63	11	7	119	11	0	0	0	0	127	173	37	0	2	1	0	27	36	74	86	0	3	2	0	63	122	143	75	0	3	0	0	7	62	31	0	0	0	
0	0	3	21	0	1	0	0	2	0	54	106	0	4	1	0	4	0	117	92	0	16	0	0	4	0	116	115	145	162	25	0	4	0	105	206	15	109	134	0	2	0	35	197	95	181	31	0	0	2	0	66	132	20	0	1	0	0	1	1	0	1	1	0	
0	0	9	11	0	0	0	0	3	0	74	118	41	123	75	0	4	0	96	96	0	37	34	0	4	0	92	201	162	42	0	2	0	6	5	0	28	142	15	0	0	85	87	59	78	142	23	0	0	12	87	139	148	59	0	2	0	0	0	0	0	0	0	0	
0	1	1	0	0	1	0	0	0	0	6	65	95	32	0	1	0	15	179	183	171	190	8	0	0	15	31	0	25	210	23	0	2	0	70	167	238	147	0	3	1	0	57	123	200	9	0	1	0	4	0	138	110	0	4	0	0	1	0	68	23	0	1	0	
1	0	25	38	0	1	0	0	3	0	81	94	0	5	0	0	3	0	96	48	0	2	0	0	2	0	87	18	51	130	1	0	2	0	97	36	101	166	49	0	2	0	48	200	235	146	3	0	0	0	0	29	64	4	0	0	0	0	1	0	0	2	1	0	
0	0	0	1	4	1	0	0	0	53	41	0	0	1	0	0	0	86	161	149	107	14	0	1	0	0	0	20	101	173	2	0	0	3	5	0	84	126	0	2	0	1	0	5	189	38	0	2	0	2	0	71	181	0	1	0	0	2	0	45	104	5	0	1	
0	0	0	0	0	0	0	0	0	1	0	56	17	0	1	0	0	3	0	99	66	0	2	0	0	3	0	70	74	0	3	0	0	2	0	60	81	0	3	0	0	2	0	58	78	0	3	0	0	1	0	32	85	0	2	0	0	0	0	4	18	0	0	0	
0	0	0	0	0	1	0	0	0	0	0	86	123	11	0	1	2	0	37	248	246	137	0	3	1	0	10	203	229	170	0	3	1	0	7	220	235	23	0	2	2	0	173	149	190	36	0	2	2	0	118	174	216	31	0	2	0	0	0	55	46	1	0	0	
0	0	0	0	0	0	0	0	0	1	0	30	44	0	2	0	0	1	0	41	77	0	3	0	0	1	0	26	68	0	2	0	0	0	0	9	63	0	1	0	0	0	0	11	79	0	1	0	0	0	0	8	79	0	1	0	0	0	0	0	15	1	0	0	
0	0	0	0	0	0	0	0	0	18	155	177	177	46	0	2	0	110	185	71	216	162	0	4	0	2	1	0	191	103	0	4	0	2	0	145	208	1	0	1	3	0	60	255	120	99	119	13	2	0	45	204	205	183	140	10	0	0	0	0	0	0	0	0	
0	0	0	1	0	1	0	0	0	0	0	2	55	45	0	1	0	0	0	113	115	103	10	0	2	0	74	38	78	92	0	1	3	0	100	151	216	47	0	2	1	0	26	121	121	8	0	0	0	0	0	0	105	6	0	0	0	0	1	6	64	4	0	0	
0	0	0	0	0	0	1	0	0	0	5	99	151	73	0	1	2	0	37	243	151	211	87	0	4	0	124	146	0	55	164	0	0	20	167	11	0	126	132	0	0	50	153	0	82	215	19	0	0	0	160	193	192	52	0	2	1	0	16	50	3	0	1	0	
0	0	0	0	0	1	0	0	1	0	29	122	104	4	0	0	0	0	123	88	175	135	0	2	0	15	58	0	0	91	9	0	2	0	61	99	83	37	0	1	0	1	0	45	177	13	0	1	3	0	65	145	134	28	0	1	1	0	14	63	16	0	1	0	
0	1	2	0	0	0	0	0	1	0	17	103	68	129	163	46	0	15	187	244	227	165	113	28	0	54	247	155	46	0	2	0	0	0	55	161	216	107	0	3	1	0	69	8	42	242	62	0	3	0	121	225	180	174	24	0	0	0	0	42	40	4	0	0	
0	0	1	0	0	2	0	0	0	1	0	26	63	4	0	0	1	0	36	86	57	82	0	0	1	0	121	5	91	161	0	2	2	0	74	153	191	47	0	2	0	0	5	11	86	36	0	1	0	0	3	0	128	24	0	1	0	0	0	0	58	3	0	0	
0	0	1	0	9	5	0	0	1	0	14	129	134	33	0	2	3	0	71	72	0	3	1	0	4	0	106	150	111	52	0	1	1	0	22	52	39	118	26	0	0	0	43	16	0	103	44	0	2	0	74	131	136	89	0	1	0	0	0	0	3	0	0	0	
1	0	22	62	17	0	1	0	0	49	183	146	134	42	0	2	0	58	53	0	38	115	0	3	0	0	1	2	80	56	0	2	0	1	0	42	50	0	8	6	0	14	147	145	105	150	190	91	0	34	143	109	91	74	46	12	0	0	0	0	0	0	0	0	
0	0	1	0	36	34	0	1	0	1	0	19	106	12	0	1	0	2	0	94	47	0	2	0	0	0	6	107	9	2	0	0	1	0	31	132	101	86	0	2	1	0	11	202	146	54	0	2	0	1	0	36	40	0	1	0	0	0	0	0	0	2	0	0	
0	0	0	5	8	0	0	0	1	0	115	155	135	74	0	2	0	0	26	0	94	175	0	2	0	1	4	160	238	53	0	3	0	0	2	43	56	121	0	1	0	47	45	0	107	189	0	1	0	68	168	176	181	40	0	2	0	0	0	2	0	0	0	0	
0	0	0	13	6	0	0	0	0	1	0	157	51	0	2	0	1	0	13	186	17	0	1	0	1	0	33	170	2	0	0	0	2	0	49	160	134	63	0	2	1	0	5	155	170	167	0	2	0	1	0	27	120	44	0	2	0	0	1	1	0	0	0	0	
0	0	0	0	0	0	0	0	3	0	106	121	116	42	0	2	3	0	148	107	99	20	0	1	1	0	177	118	79	57	0	1	0	0	28	52	23	129	50	0	0	0	10	8	0	149	71	0	3	0	61	159	177	119	0	1	0	0	0	3	6	0	0	0	
0	0	0	0	0	0	0	0	0	2	0	58	69	0	2	0	0	2	0	63	135	0	4	0	0	2	0	55	158	0	2	0	0	2	0	64	144	0	3	0	0	2	0	67	158	0	3	0	0	1	0	43	95	0	3	0	0	0	0	0	0	0	0	0	
0	0	0	0	0	0	0	0	0	5	103	104	187	81	0	3	0	25	163	69	66	5	0	0	0	12	129	53	41	28	0	0	2	0	53	128	70	95	51	0	0	0	2	0	12	166	79	0	2	0	88	163	162	110	0	1	0	0	3	7	0	0	1	0	
0	0	0	0	8	3	0	0	0	2	0	62	153	84	0	2	1	0	14	146	17	17	0	0	1	0	29	184	93	0	2	0	0	0	3	61	125	37	0	2	0	0	37	0	66	98	0	4	2	0	67	134	156	39	0	2	0	0	0	11	6	0	0	0	
0	1	2	0	2	1	0	0	0	0	4	33	12	0	0	0	0	1	127	131	103	13	0	1	0	54	99	0	126	137	0	4	0	22	93	114	148	113	0	3	0	0	13	4	49	102	0	3	0	1	3	0	62	119	0	4	0	0	2	0	40	84	0	3	
0	0	0	0	1	3	0	0	0	17	111	149	49	0	2	0	0	31	233	235	175	67	7	0	3	0	82	255	251	197	15	0	3	0	171	150	125	186	0	0	4	0	140	144	0	192	88	0	1	0	8	153	222	197	36	0	0	0	0	2	34	13	0	0	
0	0	0	0	0	0	0	0	0	0	4	0	75	75	0	3	3	0	83	22	97	78	0	3	3	0	104	24	98	41	0	1	2	0	140	110	176	78	0	2	1	0	23	55	174	62	0	2	0	0	2	0	109	42	0	2	0	0	1	3	1	0	0	0	
0	0	1	1	0	2	2	0	0	0	0	5	0	89	30	0	1	0	18	85	12	133	0	0	3	0	85	68	44	108	0	3	3	0	136	111	183	97	0	3	1	0	42	64	163	23	0	1	0	1	0	16	100	0	1	0	0	0	2	3	2	0	0	0	
0	0	0	0	3	0	0	0	0	14	104	159	145	56	0	2	0	157	144	32	9	146	25	0	0	24	4	0	17	173	19	0	0	1	0	24	196	101	0	3	1	0	66	185	66	4	27	0	0	0	177	181	109	167	109	0	0	0	0	7	17	6	0	0	
0	0	0	0	0	0	0	0	0	0	1	51	57	3	0	0	1	0	12	112	198	28	0	1	0	2	0	82	94	0	1	0	0	1	0	89	23	0	1	0	0	0	0	11	105	0	0	0	0	0	0	136	121	0	3	0	0	0	9	72	4	0	0	0	
0	0	0	0	0	0	0	0	0	1	0	18	79	0	1	0	0	1	0	25	154	0	1	0	0	1	0	40	135	0	3	0	0	3	0	76	128	0	4	0	0	3	0	86	112	0	4	0	0	3	0	82	99	0	3	0	0	1	0	14	16	0	1	0	
0	0	1	1	0	1	0	0	0	1	0	25	120	153	4	0	0	0	2	119	114	154	0	1	3	0	77	177	200	90	0	3	3	0	79	175	181	119	0	4	1	0	179	140	167	8	0	1	2	0	87	171	35	0	2	0	0	0	0	0	1	1	0	0	
0	0	1	1	1	1	0	0	0	0	0	17	16	0	0	0	1	0	24	158	134	13	0	1	4	0	105	60	120	106	0	4	2	0	49	139	172	65	0	3	0	0	2	0	72	39	0	1	0	0	3	0	103	23	0	1	0	0	1	0	78	9	0	0	
1	0	18	36	0	1	0	0	1	0	23	176	89	0	2	0	0	1	0	20	194	24	0	1	0	0	5	0	182	63	0	2	0	1	0	32	203	24	0	1	3	0	103	251	210	121	0	0	2	0	99	101	7	77	5	0	0	0	0	0	0	0	0	0	
0	0	0	1	1	0	0	0	1	0	17	28	56	0	2	0	1	0	16	138	195	0	0	1	1	0	90	114	129	31	12	14	0	46	227	128	181	163	157	57	0	6	27	55	149	22	1	0	0	0	0	3	68	2	0	1	0	0	2	2	0	1	0	0	
0	0	1	0	0	0	0	0	1	0	17	105	81	36	0	0	2	0	150	54	129	169	0	3	2	0	73	135	152	33	0	1	0	3	0	136	172	20	0	1	0	0	15	98	73	115	0	4	0	0	5	133	152	42	0	2	0	1	0	31	36	0	1	0	
0	0	1	2	0	2	0	0	0	0	0	9	64	6	0	0	1	0	7	134	163	77	0	3	2	0	113	61	24	143	0	2	2	0	116	117	144	95	0	3	0	0	6	3	61	63	0	2	0	0	4	0	93	51	0	2	0	0	2	0	48	22	0	1	
0	0	1	0	0	1	0	0	0	6	14	0	14	23	0	1	0	22	161	1	12	149	5	0	0	9	210	103	111	201	16	0	1	0	176	242	153	200	16	0	0	0	15	6	25	192	8	0	0	0	2	0	43	159	0	2	0	0	1	0	10	39	0	1	
0	0	0	0	0	0	0	0	0	0	0	6	69	0	0	0	0	1	0	22	115	0	2	0	0	2	0	53	104	0	3	0	0	3	0	74	83	0	3	0	0	2	0	66	67	0	2	0	0	2	0	58	64	0	2	0	0	0	0	9	11	0	0	0	
0	0	1	0	0	0	0	0	1	0	7	120	146	42	0	2	2	0	122	111	138	174	0	3	0	0	182	193	252	200	0	0	0	23	171	150	88	171	56	0	0	74	167	0	0	166	47	0	0	1	158	223	187	113	0	1	0	0	3	42	20	0	1	0	
0	0	0	0	0	0	0	0	0	3	67	119	125	52	0	2	0	36	143	40	116	108	0	4	0	1	0	119	208	78	0	3	0	0	3	40	7	123	26	0	0	0	4	4	0	124	28	0	3	0	85	164	140	75	0	2	0	0	9	60	41	0	1	0	
0	0	1	0	19	11	0	0	0	10	12	0	119	176	0	0	0	141	69	0	93	145	0	1	0	135	25	0	25	154	3	0	13	139	0	3	0	162	57	0	0	131	121	96	118	203	118	0	0	10	90	82	13	56	66	0	0	1	0	0	0	1	0	0	
0	0	3	0	0	1	0	0	0	2	0	43	78	1	0	0	1	0	106	140	180	85	0	3	0	68	82	0	19	162	6	0	0	119	88	47	93	160	0	0	0	26	118	92	77	115	0	2	0	0	2	0	52	119	0	3	0	1	5	0	24	47	0	2	
0	0	2	1	0	1	1	0	0	3	0	55	170	62	0	2	2	0	44	214	184	199	58	0	0	17	217	74	0	71	164	0	0	135	130	0	0	51	185	0	0	190	71	14	60	179	86	0	0	62	158	144	148	53	0	1	0	0	0	0	0	0	2	0	
0	0	1	0	3	0	0	0	2	0	44	133	159	117	0	0	0	14	165	64	0	117	87	0	0	12	36	0	47	163	24	0	0	0	0	98	173	39	0	2	0	7	147	131	9	1	3	0	0	69	213	146	151	118	17	0	0	1	2	11	9	5	1	0	
0	0	0	9	48	10	0	0	2	0	59	149	150	153	1	0	1	0	93	40	0	151	54	0	0	0	0	2	0	162	40	0	0	30	139	138	191	168	0	1	0	152	169	154	215	167	77	0	0	49	136	95	9	7	12	0	0	0	0	0	1	2	0	0	
0	0	2	0	0	0	0	0	0	2	0	76	199	206	31	0	3	0	111	188	59	216	78	0	0	17	166	19	0	139	124	0	0	107	96	0	0	93	157	0	0	144	139	0	9	164	97	0	0	19	160	161	147	87	0	1	0	0	0	8	2	0	1	0	
0	0	0	1	0	5	0	0	0	0	1	2	116	198	71	0	0	3	0	129	151	47	58	0	1	0	28	196	16	0	1	0	3	0	92	164	14	7	1	0	3	0	83	160	184	59	0	2	0	0	0	127	194	30	0	2	0	0	0	1	1	0	0	0	
2	0	63	57	0	2	0	0	3	0	91	54	0	5	0	0	1	0	107	12	0	0	1	0	0	16	84	1	66	87	9	0	0	19	77	123	110	101	96	0	2	0	101	200	111	126	89	0	0	0	0	11	38	31	1	0	0	0	2	0	0	0	1	0	
0	1	1	0	0	0	0	0	1	0	17	91	53	27	23	0	0	17	190	146	101	184	58	0	0	142	118	0	44	153	0	1	0	81	147	134	233	187	25	0	0	3	0	103	131	48	140	0	0	5	0	109	149	115	75	0	0	0	0	6	101	49	0	1	
0	0	1	0	0	0	0	0	0	0	0	172	229	47	0	2	3	0	113	139	120	154	0	2	0	25	143	3	0	161	39	0	0	81	80	0	0	123	89	0	0	97	160	22	42	197	70	0	0	10	159	193	178	103	0	1	0	0	0	1	0	0	0	0	
0	0	0	0	0	0	0	0	0	0	14	36	14	0	0	0	1	0	74	125	140	3	1	0	1	0	15	174	125	29	0	0	9	31	1	17	41	116	81	0	6	85	114	96	91	122	68	0	0	0	7	30	34	18	0	0	0	2	0	0	0	1	2	0	
0	0	0	1	0	0	0	0	0	2	0	54	93	0	3	0	0	2	0	122	149	0	3	0	2	0	52	97	94	0	0	0	1	0	154	121	159	90	32	0	0	0	50	110	148	32	10	0	0	0	0	16	81	0	2	0	0	0	2	3	1	2	0	0	
0	0	1	0	6	2	0	0	0	0	0	95	141	110	5	0	3	0	111	172	9	39	15	0	1	0	176	105	118	74	0	3	0	1	7	0	39	161	0	2	0	33	102	0	70	146	0	3	0	0	94	151	152	39	0	2	0	0	0	5	3	0	0	0	
0	0	1	1	0	0	1	0	0	2	0	49	212	97	0	2	2	0	46	161	118	225	52	0	0	4	139	27	20	103	129	0	0	57	81	0	0	128	89	0	0	134	46	0	98	170	0	0	0	88	164	125	116	17	0	1	0	0	8	6	0	2	1	0	
0	0	0	0	0	0	0	0	2	0	53	200	174	9	0	1	2	0	61	94	217	33	0	2	0	0	1	190	199	9	0	1	0	0	0	25	116	186	0	0	0	25	111	21	124	188	0	0	0	4	163	215	145	19	0	1	0	0	0	0	0	1	0	0	
0	2	0	63	41	0	1	0	0	1	0	98	29	0	1	0	1	0	36	67	0	2	0	0	2	0	74	19	61	137	1	0	1	0	91	40	110	120	37	0	2	0	53	172	144	104	13	0	0	0	0	9	16	4	0	0	0	0	2	1	0	2	1	0	
0	0	0	7	10	0	0	0	1	0	27	113	123	41	0	2	2	0	150	31	22	120	0	1	0	1	36	28	0	109	34	0	0	0	75	100	98	125	22	0	0	42	149	0	150	165	0	3	0	2	95	133	73	31	2	0	0	0	4	4	0	0	0	0	
0	0	1	2	2	1	1	0	0	0	3	125	190	38	0	2	3	0	144	89	67	194	1	0	0	33	204	13	0	164	55	0	0	76	224	9	0	159	89	0	0	12	202	42	14	195	40	0	3	0	86	181	180	98	0	2	0	1	0	4	5	0	1	0	
0	0	0	0	0	0	0	0	0	34	106	110	37	0	2	0	0	67	77	56	165	28	0	2	2	0	83	168	185	143	29	0	0	10	76	30	0	30	151	24	0	42	205	121	58	78	130	9	1	0	20	91	121	114	18	0	0	0	0	0	0	0	1	1	
0	0	0	0	0	0	0	0	0	0	0	0	160	52	0	2	0	1	0	23	222	33	0	2	0	2	0	40	205	5	0	1	0	3	0	91	191	0	2	0	0	3	0	185	153	0	4	0	0	1	0	155	80	0	3	0	0	0	0	0	0	0	0	0	
0	0	0	0	1	3	0	0	2	0	52	135	15	0	37	3	0	7	192	111	35	161	124	0	0	2	155	118	205	121	0	3	1	0	7	200	170	119	0	2	4	0	103	158	6	180	6	0	2	0	58	177	207	115	0	3	0	1	0	28	43	0	0	0	
0	0	0	0	8	2	0	0	0	0	0	121	170	97	0	3	0	0	6	37	45	131	0	2	0	1	0	19	196	74	0	3	1	0	0	169	80	0	2	0	4	0	110	212	106	70	0	2	3	0	127	132	96	63	0	2	0	0	0	0	0	0	0	0	
0	0	0	2	0	2	1	0	0	2	0	42	63	0	2	0	0	2	0	148	55	53	65	0	2	0	110	115	0	155	45	0	0	78	227	129	149	160	0	1	0	21	25	18	113	124	0	4	0	0	3	0	95	65	0	2	0	1	2	0	11	7	0	0	
0	0	0	0	0	0	0	0	1	0	55	117	124	45	0	2	0	12	169	72	109	151	0	3	0	4	0	73	227	85	0	3	0	1	0	40	62	168	14	0	0	0	16	1	8	170	20	0	3	0	127	158	168	83	0	3	0	0	8	62	34	0	1	0	
0	0	2	1	0	1	1	0	0	2	0	107	169	60	0	2	2	0	64	183	22	153	42	0	0	3	174	37	0	103	103	0	0	73	130	0	0	141	77	0	0	98	98	0	107	148	0	0	0	18	120	131	88	5	0	0	0	0	4	8	0	2	1	0	
0	0	0	0	0	0	0	0	1	0	22	36	3	111	8	0	3	0	89	107	22	161	0	2	3	0	137	57	82	155	39	22	0	13	211	150	208	129	78	29	0	43	100	18	183	19	0	1	0	1	0	28	109	0	4	1	0	1	3	0	0	0	0	0	
0	0	0	0	0	0	0	0	0	0	5	37	7	14	0	0	3	0	92	82	31	109	0	3	3	0	128	52	123	91	0	3	3	0	96	139	177	54	0	2	0	0	3	0	117	37	0	1	0	0	2	0	100	14	0	0	0	0	1	0	40	13	0	0	
0	1	0	14	12	0	1	0	0	3	0	144	58	37	73	0	1	0	10	183	12	22	31	0	2	0	46	154	22	34	0	1	3	0	71	187	140	171	19	0	3	0	76	254	83	131	9	0	1	0	10	120	100	28	0	1	0	0	0	0	0	1	0	0	
0	0	1	8	1	0	0	0	1	0	18	135	75	0	2	0	0	2	0	65	116	0	3	0	0	2	0	112	159	16	0	1	0	0	2	0	65	118	0	3	0	0	8	0	50	109	0	3	1	0	50	100	116	25	0	1	0	0	1	10	4	0	0	0	
0	0	0	0	2	0	0	0	0	2	0	71	181	55	0	2	2	0	41	126	65	125	0	4	1	0	17	175	192	66	0	3	2	0	52	124	75	128	0	2	3	0	88	87	0	138	15	0	1	0	23	128	82	109	0	0	0	0	0	8	18	4	0	0	
0	0	0	0	0	1	0	0	1	0	16	128	136	10	0	1	1	0	188	108	131	153	0	3	2	0	142	146	167	109	0	3	0	1	0	184	251	48	0	2	1	0	22	155	86	181	0	3	0	0	2	147	195	97	0	3	0	1	0	14	39	0	0	0	
0	0	0	0	1	2	0	0	0	0	3	0	115	59	0	2	0	0	0	7	170	18	0	1	0	2	0	53	155	0	3	0	0	3	0	97	124	0	4	0	0	3	0	164	79	0	3	0	0	1	0	137	32	0	1	0	0	0	0	0	0	0	0	0	
0	0	0	0	0	0	0	0	0	2	0	59	123	0	2	0	0	4	0	109	147	0	4	0	0	4	0	116	125	0	4	0	0	3	0	104	157	0	4	0	0	2	0	38	197	8	0	1	0	0	1	0	138	38	0	2	0	0	0	1	0	0	0	0	
0	0	0	0	5	1	0	0	1	0	21	131	154	86	0	3	1	0	31	57	107	137	0	4	0	1	0	28	186	22	0	1	1	0	17	170	48	0	2	0	2	0	164	202	108	151	47	0	0	5	160	70	69	99	19	0	0	0	0	0	0	0	0	0	
0	0	2	0	0	1	1	0	1	0	13	191	143	16	0	1	3	0	126	156	74	178	5	0	0	12	212	43	0	139	104	0	0	51	212	4	0	95	150	0	0	15	213	66	14	184	70	0	2	0	60	180	191	110	0	2	0	0	0	2	4	0	1	0	
0	0	0	2	2	0	0	0	0	1	97	141	139	7	0	1	0	63	144	2	167	33	0	1	0	4	0	134	222	63	0	2	0	0	5	58	30	167	45	0	2	0	58	123	0	123	80	0	1	0	5	128	166	124	4	0	0	0	0	0	6	2	0	0	
0	0	0	0	3	1	0	0	1	25	17	1	0	1	0	0	2	157	213	199	139	1	0	1	0	1	25	29	186	101	0	3	0	0	4	0	116	176	0	4	0	0	5	0	117	142	0	4	0	0	3	0	150	70	0	3	0	0	1	0	128	28	0	1	
0	0	0	0	0	0	0	0	1	0	29	63	55	44	0	2	3	0	73	131	133	88	0	3	3	0	95	95	117	36	0	1	4	0	134	118	157	94	18	0	2	0	37	148	223	84	2	0	0	1	0	41	156	0	2	0	0	0	1	9	23	1	1	0	
0	1	0	32	25	0	1	0	0	3	0	112	80	0	3	0	1	0	0	195	98	0	3	0	3	0	79	113	131	6	0	0	1	0	18	14	132	72	0	3	4	0	106	228	206	221	32	0	0	0	8	13	9	49	17	0	0	0	0	0	0	0	0	0	
0	0	0	0	0	0	0	0	1	0	11	121	133	45	0	2	3	0	66	177	51	15	0	1	4	0	93	186	142	14	0	1	0	0	9	0	123	98	0	4	0	0	8	0	81	127	0	4	3	0	84	184	174	47	0	2	0	0	2	43	35	0	1	0	
0	0	2	1	0	1	0	0	0	1	0	22	88	27	0	1	2	0	83	208	212	182	0	1	4	0	165	169	86	238	12	0	2	0	44	178	255	153	0	2	0	3	0	104	236	18	0	1	2	0	29	239	88	0	3	0	1	0	25	74	0	2	0	0	
0	0	0	9	67	0	0	0	0	2	0	49	169	0	2	0	0	3	0	105	138	0	4	0	0	3	0	153	107	28	1	0	1	0	8	214	170	200	50	0	2	0	46	226	144	101	4	0	0	0	9	58	27	0	0	0	0	0	0	0	0	2	0	0	
0	1	0	17	60	7	0	0	0	2	0	71	148	68	0	2	0	0	2	0	41	111	0	3	1	0	24	77	167	61	0	3	0	6	130	210	171	113	3	0	0	34	205	106	0	76	79	0	0	11	85	7	0	10	58	0	0	0	0	2	0	1	0	0	
0	1	3	0	0	0	0	0	0	0	1	6	9	10	0	0	0	21	169	152	155	158	0	3	0	70	113	0	94	152	0	4	0	0	4	0	143	100	0	4	0	1	4	0	175	46	0	2	0	1	0	28	197	7	0	1	0	1	0	31	124	0	1	0	
0	0	0	0	0	1	0	0	0	0	62	82	36	0	0	0	0	30	196	123	187	90	0	3	0	0	5	0	140	155	0	4	0	1	0	6	220	77	0	3	0	2	0	54	233	18	0	1	0	4	0	129	192	0	2	0	0	2	0	59	63	0	2	0	
0	0	1	1	0	1	0	0	0	1	0	39	78	6	0	0	2	0	45	137	119	91	0	3	4	0	115	40	85	125	0	4	3	0	95	119	193	50	0	2	0	0	7	15	133	15	0	1	0	1	0	22	148	0	0	0	0	1	0	20	77	0	1	0	
0	0	0	2	0	0	10	2	0	0	1	0	39	108	66	1	0	1	0	93	137	37	0	1	1	0	19	101	0	1	1	0	2	0	54	180	51	2	0	0	2	0	44	105	149	64	0	3	1	0	18	89	120	33	0	1	0	0	0	10	11	0	0	0	
0	0	0	0	0	0	0	0	0	0	2	0	77	27	0	1	0	0	1	0	157	32	0	1	0	1	0	19	158	0	0	0	0	2	0	64	134	0	3	0	0	3	0	99	94	0	3	0	0	3	0	133	67	0	2	0	0	0	0	19	7	0	0	0	
0	0	0	0	0	2	0	0	0	0	2	0	62	95	0	3	0	0	2	0	171	79	0	3	0	1	0	38	183	2	0	0	0	4	0	125	112	0	3	0	1	0	2	201	48	0	2	0	1	0	16	159	19	0	1	0	0	0	0	0	0	0	0	0	
0	0	0	1	7	0	0	0	0	0	0	128	152	50	0	0	1	0	27	117	13	180	15	0	0	0	3	0	106	149	0	2	0	0	0	114	143	6	0	1	3	0	132	151	18	46	14	0	2	0	140	173	136	81	5	0	0	0	0	4	0	0	0	0	
0	0	0	72	23	0	1	0	2	0	53	111	0	1	0	0	3	0	132	42	4	70	7	0	0	2	152	10	120	137	82	0	0	0	135	55	113	65	84	0	3	0	106	137	175	129	8	0	0	0	3	58	62	13	0	1	0	0	1	0	0	1	1	0	
0	0	0	0	0	0	0	0	1	0	108	179	84	75	0	2	0	20	167	24	87	160	0	4	0	1	0	80	217	53	0	2	0	1	0	78	152	115	0	2	0	43	107	0	43	175	0	1	0	15	144	165	170	61	0	2	0	0	0	5	5	0	0	0	
0	0	2	2	0	36	21	0	0	1	0	28	128	149	27	0	2	0	35	139	63	0	0	0	3	0	161	121	0	2	2	0	1	0	31	113	160	68	0	2	1	0	29	32	56	195	15	0	2	0	55	144	124	87	3	0	0	0	0	0	0	0	0	0	
0	0	0	0	0	0	0	0	0	0	10	100	88	35	0	1	0	0	10	140	166	47	0	2	1	0	33	170	178	28	0	1	3	0	105	126	157	107	26	0	3	0	146	169	202	73	1	0	0	2	0	77	120	0	3	0	0	0	0	0	1	3	0	0	
0	0	0	0	0	1	0	0	0	0	10	18	0	1	0	0	2	0	58	57	23	57	0	2	3	0	89	45	117	74	0	3	2	0	56	120	113	27	0	1	0	0	2	0	76	10	0	0	0	0	1	0	76	4	0	0	0	0	0	0	26	2	0	0	
0	0	1	0	0	0	0	0	2	0	35	136	112	25	0	1	4	0	155	157	90	12	0	1	0	6	207	126	168	54	0	2	0	4	32	0	62	183	0	0	1	0	16	9	12	186	13	0	3	0	90	184	174	115	0	2	0	0	0	45	41	0	0	0	
0	0	0	0	0	0	0	0	1	0	50	24	4	84	1	0	1	0	164	36	17	156	0	1	0	24	172	0	79	119	0	4	0	10	187	146	197	102	0	4	1	0	50	49	71	84	0	3	0	0	3	0	62	118	0	3	0	0	3	0	12	24	0	1	
0	1	0	46	25	0	1	0	0	3	0	148	76	0	4	0	0	0	0	170	28	0	1	0	2	0	41	161	46	141	28	0	3	0	83	153	130	146	96	0	3	0	56	236	163	123	49	0	0	0	0	58	81	39	0	1	0	0	0	0	0	1	1	0	
0	0	1	2	2	0	1	0	1	0	11	120	189	45	0	2	2	0	149	81	88	210	0	0	0	60	148	0	12	176	68	0	0	123	87	0	0	107	108	0	0	61	172	28	39	190	49	0	2	0	85	170	162	76	0	2	0	1	0	0	0	0	1	0	
0	0	0	0	0	0	0	0	0	0	4	68	117	15	0	1	0	0	8	43	172	41	0	2	0	0	0	5	155	14	0	1	0	1	0	37	156	0	1	0	0	3	0	81	124	0	4	0	0	3	0	147	78	0	3	0	0	0	0	36	11	0	0	0	
0	0	0	0	0	0	0	0	1	0	79	131	145	128	33	0	1	0	59	74	58	119	176	0	0	2	62	100	60	97	147	0	0	119	164	88	212	255	61	0	0	170	99	137	126	131	41	0	0	54	157	75	0	3	2	0	0	0	0	0	3	2	0	0	
0	0	1	0	0	0	0	0	1	0	7	87	126	38	0	2	3	0	87	91	121	125	0	4	3	0	82	171	203	24	0	1	2	0	67	138	91	115	0	2	3	0	124	45	0	134	32	0	3	0	78	116	15	142	22	0	0	0	4	44	34	34	0	1	
0	0	1	1	0	0	0	0	0	0	4	27	4	67	0	0	1	0	42	103	4	108	0	2	2	0	101	31	29	85	0	2	0	42	156	52	144	130	0	1	0	6	32	37	133	22	0	1	0	0	0	8	76	0	1	0	0	0	1	1	2	1	0	0	
0	1	0	35	52	0	2	0	0	2	0	175	95	0	4	0	1	0	34	183	2	0	0	0	3	0	115	106	87	172	35	0	0	5	162	101	177	172	94	0	0	8	172	221	187	81	0	0	1	0	18	59	13	0	1	0	0	0	0	0	0	3	0	0	
0	0	1	0	0	11	13	0	0	0	0	99	126	132	74	0	2	0	57	100	1	6	0	0	4	0	123	128	9	0	2	0	1	0	33	91	165	65	0	2	0	3	150	18	20	166	9	0	2	0	74	158	148	126	4	0	0	0	0	2	12	5	0	0	
0	1	0	21	13	0	1	0	0	1	0	167	56	0	4	0	2	0	47	170	0	1	0	0	4	0	126	93	6	162	84	0	3	0	155	39	128	201	117	0	3	0	112	182	225	115	8	0	0	0	1	57	92	0	2	5	0	0	1	0	0	2	1	0	
0	0	0	0	0	0	0	0	0	3	0	96	63	0	2	0	0	4	0	115	123	0	4	0	0	3	0	83	158	0	4	0	0	2	0	65	182	0	2	0	0	1	0	28	194	2	0	0	0	1	0	13	147	9	0	1	0	0	0	0	0	0	0	0	
0	0	1	0	1	1	0	0	1	0	11	114	181	42	0	2	3	0	155	90	57	180	0	0	0	17	201	22	0	171	32	0	0	11	176	14	0	171	25	0	3	0	165	102	49	173	0	1	1	0	19	159	169	46	0	2	0	0	1	1	2	0	0	0	
0	0	0	1	3	4	2	0	1	2	1	0	0	0	0	0	0	1	0	26	76	106	54	0	20	155	153	141	72	134	115	0	6	48	30	0	50	156	8	0	0	2	0	36	168	24	0	1	0	5	0	118	62	0	3	0	0	0	0	19	12	0	0	0	
0	0	0	1	11	0	0	0	2	0	60	131	139	78	0	3	1	0	83	8	99	124	0	4	0	2	0	76	160	12	0	1	3	0	90	141	0	0	0	0	0	10	171	49	123	124	128	20	0	7	148	113	55	31	43	6	0	0	1	1	0	0	0	0	
0	0	0	0	0	1	1	0	3	0	75	242	166	31	0	1	0	0	159	136	208	236	38	0	0	41	130	0	13	238	127	0	0	115	146	0	0	143	137	0	0	122	255	167	174	230	56	0	0	23	171	193	124	47	0	1	0	0	0	0	0	0	1	0	
0	0	0	0	0	0	0	0	0	0	4	91	125	67	0	2	3	0	71	101	65	154	0	3	0	1	0	60	191	66	0	3	0	0	0	84	111	104	0	2	0	3	69	1	12	142	0	1	1	0	138	148	134	68	0	2	0	0	0	45	44	0	0	0	
0	0	0	2	0	0	0	0	0	0	0	0	56	33	0	1	0	1	0	108	157	130	0	3	2	0	67	94	55	105	0	3	3	0	67	152	185	35	0	2	0	0	0	86	158	0	2	0	0	3	0	71	112	0	3	0	0	1	0	35	42	0	1	0	
0	2	1	1	0	0	0	0	0	0	0	0	10	7	0	0	0	132	155	116	170	129	0	4	0	56	30	0	94	153	0	4	0	0	4	0	129	109	0	4	0	2	4	0	169	60	0	2	0	1	0	22	202	17	0	1	0	1	0	26	138	2	0	0	
0	0	0	0	0	0	0	0	0	0	66	53	44	12	0	0	2	0	182	255	255	57	0	3	1	0	1	212	140	0	1	0	0	3	0	104	163	21	0	1	0	0	3	0	181	166	0	4	0	2	0	63	228	85	0	3	0	2	0	58	67	0	2	0	
0	0	0	0	0	0	0	0	2	0	45	60	5	122	1	0	4	0	116	123	33	158	0	3	4	0	124	74	99	107	2	14	3	0	168	153	197	158	85	12	0	12	189	100	203	30	0	1	0	3	8	17	154	9	0	1	0	0	1	2	0	0	0	0	
0	0	0	0	0	0	0	0	0	3	0	87	66	0	2	0	0	4	0	147	183	0	3	0	0	4	0	142	181	0	1	0	0	4	0	127	153	0	4	0	0	3	0	97	170	0	3	0	0	1	0	29	151	7	0	1	0	0	0	0	3	2	0	0	
0	0	0	0	0	0	0	0	0	0	35	57	64	17	0	1	1	0	70	76	184	74	0	3	0	0	2	0	157	45	0	2	0	1	0	21	162	3	0	0	0	3	0	82	123	0	3	0	0	1	0	170	54	0	2	0	0	0	8	96	9	0	0	0	
0	0	35	68	46	3	0	0	0	4	140	131	212	106	0	3	0	1	4	0	95	204	0	1	1	0	20	28	79	188	0	3	0	40	184	161	242	192	0	1	0	83	212	154	214	178	175	14	0	7	97	142	40	0	88	38	0	0	0	0	1	2	0	0	
0	0	0	0	0	0	0	0	0	1	0	21	84	0	1	0	0	2	0	49	161	0	2	0	0	2	0	58	119	0	3	0	0	3	0	88	104	0	3	0	0	3	0	122	63	0	2	0	0	2	0	146	33	0	1	0	0	0	0	22	3	0	0	0	
0	2	0	0	1	2	0	0	0	0	29	61	16	0	1	0	0	91	160	150	188	44	0	2	0	119	25	0	68	165	0	2	0	0	0	25	45	183	14	0	3	0	95	157	162	239	65	0	1	0	32	13	11	32	34	0	0	0	0	1	2	0	0	0	
0	0	1	1	0	0	0	0	0	1	0	44	78	3	0	0	2	0	36	142	136	66	0	3	4	0	107	51	124	77	0	3	4	0	90	171	212	19	0	1	1	0	11	44	146	8	0	0	0	1	0	40	134	0	2	0	0	1	0	37	52	0	2	0	
0	0	0	5	26	0	0	0	0	3	0	106	143	0	3	0	2	0	37	195	74	23	0	1	4	0	112	124	35	148	0	0	4	0	139	91	0	177	42	0	4	0	113	111	50	218	19	0	1	0	20	114	141	85	0	2	0	0	0	0	0	0	0	0	
0	0	0	0	0	0	0	0	0	0	0	11	113	3	0	0	0	1	0	27	179	0	0	0	0	2	0	48	163	0	2	0	0	3	0	73	140	0	4	0	0	4	0	136	109	0	3	0	0	2	0	153	58	0	2	0	0	0	0	1	0	0	0	0	
0	0	1	2	0	1	0	0	0	0	0	4	12	3	0	0	1	0	27	166	208	120	0	3	1	0	168	41	105	145	0	4	0	9	172	90	205	43	0	2	1	0	68	93	158	23	0	1	0	0	0	12	144	3	0	0	0	0	4	0	116	30	0	1	
1	1	0	0	0	0	0	0	0	0	1	1	3	10	0	0	14	181	177	150	179	191	2	0	13	72	35	7	68	171	0	2	0	0	3	0	99	122	0	4	0	3	3	0	171	68	0	3	0	2	0	42	221	13	0	1	0	1	0	19	139	3	0	0	
0	0	0	0	0	1	0	0	0	32	44	0	3	3	5	0	0	111	50	0	0	65	76	0	0	79	98	15	59	191	22	0	1	0	71	119	130	129	0	3	0	1	3	0	103	51	0	2	0	0	0	14	124	2	0	0	0	0	0	5	15	0	0	0	
0	0	0	0	0	0	0	0	0	0	0	6	133	14	0	1	0	1	0	33	199	9	0	1	0	1	0	41	164	0	1	0	0	3	0	104	128	0	4	0	0	3	0	163	68	0	2	0	1	0	9	160	18	0	1	0	0	0	1	1	0	0	0	0	
0	0	1	0	0	0	0	0	0	1	0	53	130	67	0	2	3	0	85	158	177	101	0	3	0	0	173	102	174	18	0	1	0	2	121	204	156	67	0	2	0	1	0	99	18	117	8	0	0	2	0	38	168	136	0	2	0	0	1	0	33	22	0	1	
0	0	1	1	0	0	0	0	0	0	2	30	0	107	18	0	1	0	30	143	9	164	6	0	3	0	99	89	45	125	0	4	2	0	148	79	146	171	62	16	0	44	187	82	193	66	18	9	0	19	24	2	125	6	0	0	0	0	1	4	2	1	1	0	
0	0	10	73	0	0	0	0	3	0	101	163	0	6	2	2	0	0	192	49	0	2	0	0	0	78	180	0	24	127	149	41	0	56	200	16	171	111	176	124	2	0	125	210	237	178	126	13	0	1	0	12	35	13	0	0	0	0	2	0	0	1	4	1	
0	0	1	0	0	1	1	0	0	1	0	71	143	46	0	1	3	0	97	209	162	220	5	0	0	1	224	84	0	179	62	0	0	64	206	5	0	145	53	0	0	54	180	0	26	189	9	0	2	0	166	97	158	114	0	3	1	0	19	59	50	2	0	0	
0	1	0	35	12	0	1	0	2	0	34	215	34	0	2	0	3	0	167	155	0	15	2	0	0	15	216	25	101	245	116	0	0	38	214	96	185	158	149	0	0	1	185	255	221	183	21	0	2	0	34	143	133	31	0	1	0	1	1	0	0	1	1	0	
0	0	2	1	2	2	0	0	0	1	0	10	137	143	3	0	1	0	18	217	140	149	122	0	3	0	155	225	0	92	119	0	0	28	249	85	0	154	85	0	0	41	228	17	69	204	8	0	1	0	120	188	172	46	0	2	0	0	0	5	2	1	1	0	
0	0	1	0	1	7	0	0	1	0	16	125	150	93	0	2	2	0	128	131	88	4	0	0	0	10	208	163	170	114	0	2	0	0	112	42	0	178	36	0	0	37	47	14	0	111	138	0	0	92	131	146	150	161	66	0	0	0	0	4	12	5	0	0	
0	0	0	0	0	0	0	0	0	0	1	0	93	33	0	1	0	0	1	0	183	52	0	2	0	1	0	16	172	8	0	1	0	2	0	59	148	0	3	0	0	4	0	123	103	0	3	0	1	0	3	168	30	0	1	0	0	0	9	37	0	0	0	0	
0	1	0	20	40	2	0	0	2	0	58	153	164	113	0	3	1	0	114	9	121	115	0	5	0	4	0	77	173	0	0	1	2	0	37	147	11	0	30	40	0	0	196	144	129	163	126	61	0	1	93	115	84	27	0	0	0	0	0	0	0	0	2	2	
0	1	1	0	0	0	0	0	0	0	2	5	11	2	0	0	0	59	234	188	193	174	0	0	0	58	139	22	84	177	0	3	0	0	4	0	134	108	0	4	0	2	4	0	186	42	0	2	0	2	0	64	176	0	2	0	0	3	0	92	106	0	3	0	
0	0	1	2	0	0	0	0	0	1	0	9	74	137	8	0	1	0	9	98	114	166	0	1	2	0	44	173	138	38	0	2	0	0	0	187	177	0	1	0	3	0	79	150	139	22	0	1	3	0	88	150	31	0	1	0	0	0	0	2	0	0	0	0	
0	0	1	0	0	0	0	0	0	0	3	91	145	42	0	2	3	0	67	219	88	6	0	0	4	0	121	190	141	91	0	3	1	0	24	28	20	176	19	0	1	0	30	32	9	181	21	0	3	0	58	202	204	105	0	3	0	1	0	25	37	0	1	0	
0	0	0	0	15	18	0	1	0	0	1	0	127	43	0	2	0	2	0	68	118	0	3	0	0	2	0	117	36	0	1	0	0	0	7	163	105	25	0	1	0	0	7	120	119	89	0	3	0	2	0	55	107	5	0	1	0	0	0	0	0	0	0	0	
0	2	3	3	1	0	0	0	0	0	0	0	1	10	3	0	0	48	185	120	148	215	30	0	0	107	153	38	58	204	2	0	0	0	3	0	115	119	0	4	0	2	4	0	178	45	0	2	0	2	0	60	193	0	1	0	0	2	0	67	111	0	3	0	
0	0	0	0	0	0	0	0	1	0	47	42	40	0	0	0	0	0	123	40	156	1	0	0	0	6	96	52	168	0	0	0	2	0	75	155	159	10	0	1	0	0	4	0	103	64	0	2	0	0	3	0	54	115	0	3	0	0	0	0	7	51	0	1	
0	0	0	1	0	0	0	0	0	0	3	0	113	69	0	3	0	1	0	21	234	56	0	3	0	3	0	104	218	0	0	1	0	3	0	173	144	0	4	0	1	0	9	209	44	0	2	0	2	0	65	141	0	2	0	0	0	0	2	1	1	0	0	0	
0	1	4	4	1	0	0	0	0	0	0	0	1	1	1	1	0	22	147	121	25	0	4	0	0	84	155	45	122	29	70	58	0	42	124	42	95	127	172	70	1	0	46	118	116	77	24	0	0	1	0	0	0	0	0	1	0	0	2	4	4	3	1	0	
0	0	0	0	1	1	0	0	0	0	1	105	151	142	1	0	3	0	78	169	34	209	26	0	0	0	5	62	181	119	0	3	0	1	0	91	187	83	0	3	0	128	136	32	156	100	0	4	0	34	174	226	145	3	0	1	0	0	0	0	0	0	0	0	
0	1	2	0	0	1	1	0	0	0	0	68	59	0	1	0	0	2	159	135	149	41	19	0	0	111	142	27	188	200	66	0	0	83	181	182	212	185	0	1	0	0	51	10	120	107	0	4	0	1	4	0	113	103	0	3	0	0	3	0	26	66	0	1	
0	0	0	1	3	0	0	0	2	0	148	168	157	98	0	3	0	0	98	23	116	140	0	4	0	3	0	116	244	76	0	3	0	1	0	37	58	141	0	2	0	33	117	21	105	182	0	0	0	14	156	205	172	30	0	1	0	0	0	0	0	0	0	0	
0	0	0	5	2	0	0	0	0	0	0	110	120	4	0	1	2	0	66	141	94	83	0	3	0	1	0	135	175	30	0	2	0	3	0	81	221	0	0	1	0	2	0	149	216	27	0	2	0	2	0	148	127	0	2	0	0	0	0	0	0	0	0	0	
0	0	0	0	0	0	0	0	1	0	73	133	132	20	0	1	0	7	172	50	158	119	0	4	0	1	0	89	203	39	0	2	0	0	3	99	181	70	0	3	0	0	4	0	115	184	35	0	2	0	139	221	185	43	0	0	1	0	31	62	20	0	1	0	
0	0	0	0	0	0	0	0	0	2	0	61	60	0	2	0	0	3	0	84	99	0	3	0	0	2	0	68	106	0	3	0	0	3	0	81	96	0	3	0	0	3	0	100	69	0	2	0	0	3	0	81	55	0	2	0	0	0	0	0	1	0	0	0	
0	0	0	0	1	0	0	0	0	0	3	0	79	98	0	3	0	0	3	0	161	76	0	3	0	1	0	29	157	0	0	0	0	3	0	96	117	0	3	0	0	3	0	164	65	0	2	0	0	0	7	147	16	0	1	0	0	0	0	0	0	0	0	0	
0	0	0	0	0	2	0	0	0	1	0	36	61	0	0	0	1	0	14	154	180	115	0	1	0	0	9	8	37	212	15	0	0	1	0	12	199	83	0	3	1	0	0	170	106	0	2	0	3	0	96	177	0	3	0	0	1	0	31	85	2	0	0	0	
0	2	0	54	40	0	1	0	0	4	0	156	107	0	4	0	1	0	0	193	66	0	3	0	2	0	38	208	13	42	10	0	4	0	106	191	122	188	147	0	4	0	133	255	166	144	116	0	0	0	8	65	79	57	0	0	0	0	0	0	0	0	1	0	
0	0	0	0	9	1	0	0	0	1	0	18	117	0	0	0	0	1	0	37	130	0	2	0	0	1	0	29	98	0	2	0	0	2	0	60	66	0	2	0	1	0	7	138	64	0	2	0	1	0	28	97	77	0	0	0	0	0	0	0	0	0	0	0	
0	0	1	1	0	0	0	0	0	1	0	30	63	0	0	0	1	0	27	182	212	25	0	1	4	0	96	177	236	60	0	3	2	0	50	131	180	25	0	1	0	1	0	18	155	1	0	0	0	2	0	84	140	0	4	0	0	2	0	66	48	0	2	0	
0	0	0	2	0	0	0	0	0	1	0	11	143	15	0	1	0	3	0	134	235	5	0	1	2	0	46	157	153	0	0	0	0	1	0	34	144	0	2	0	0	1	0	80	196	0	0	0	3	0	86	163	51	0	1	0	0	0	4	1	0	0	0	0	
0	1	1	0	2	1	0	0	0	0	4	7	0	3	1	0	0	4	193	179	139	195	14	0	0	5	76	17	81	182	0	2	0	0	3	0	140	96	0	3	0	1	0	19	174	13	0	1	0	3	0	127	129	0	4	0	0	0	0	158	52	0	2	0	
0	1	0	37	16	0	2	0	1	0	32	164	13	0	1	0	4	0	111	115	0	46	36	0	3	0	162	63	18	178	122	0	2	0	135	9	120	176	39	0	3	0	141	104	217	146	0	2	1	0	36	128	118	53	0	2	0	0	0	0	0	0	0	0	
0	0	0	0	0	0	0	0	0	0	0	55	38	119	0	0	0	1	0	161	93	141	0	2	1	0	22	131	105	110	0	3	3	0	87	211	212	189	13	0	2	0	153	100	163	12	0	1	0	2	0	80	130	0	2	0	0	0	0	8	2	0	0	0	
0	2	5	4	3	3	0	0	0	0	0	0	0	0	3	0	0	61	135	127	177	145	0	0	0	59	139	111	192	230	74	12	1	0	9	140	246	167	83	6	0	6	0	117	223	0	0	1	0	3	0	189	161	0	7	0	0	1	0	43	37	0	1	0	
0	0	0	0	0	0	0	0	1	0	41	177	131	76	0	2	1	0	122	117	79	201	0	1	0	2	0	23	219	109	0	3	0	41	27	3	114	120	0	3	0	83	213	12	96	151	0	4	1	0	99	194	158	22	0	1	0	1	0	2	1	1	0	0	
0	0	1	0	0	2	1	0	0	1	0	75	137	20	0	1	2	0	63	103	61	106	6	0	4	0	142	103	52	178	3	0	2	0	35	150	206	39	0	2	0	1	0	14	161	5	0	0	0	1	0	30	210	39	0	2	0	0	0	0	28	9	0	0	
0	0	1	1	0	0	0	0	0	1	0	23	143	79	0	2	2	0	38	212	104	178	26	0	4	0	156	135	0	112	69	0	1	0	149	27	0	106	73	0	2	0	131	36	0	162	35	0	2	0	53	143	145	112	0	2	0	1	0	37	52	0	0	0	
0	0	0	0	0	0	0	0	0	3	0	108	215	68	0	2	0	2	0	38	200	163	0	4	0	0	4	149	200	35	0	2	1	0	4	152	182	19	0	1	0	13	18	32	222	92	0	4	0	29	165	196	116	11	0	1	0	0	6	2	0	0	0	0	
0	0	0	0	1	0	0	0	1	0	58	146	195	78	0	3	0	1	137	69	110	153	0	4	0	1	0	1	189	71	0	3	1	0	28	171	105	0	2	0	0	2	216	172	82	70	44	7	0	5	167	138	134	112	75	8	0	0	0	0	0	0	0	0	
0	0	2	0	0	0	0	0	0	0	3	11	92	63	0	2	0	0	146	162	134	22	0	1	1	0	172	155	153	51	0	2	3	0	112	89	32	152	0	1	0	0	1	0	15	155	3	0	2	0	82	138	165	84	0	3	1	0	11	61	44	0	1	0	
0	0	0	6	37	0	0	0	0	2	0	138	207	15	0	1	3	0	70	196	5	1	0	0	3	0	171	77	91	178	16	0	0	10	175	108	156	172	74	0	1	0	164	250	168	142	10	0	1	0	16	121	130	19	0	1	0	0	1	0	0	1	1	0	
0	0	2	1	0	0	2	0	0	1	0	4	27	20	0	0	1	0	55	132	108	128	70	0	0	55	104	0	0	95	109	0	0	72	151	102	152	169	0	1	0	0	61	47	93	72	0	3	0	1	1	0	144	29	0	1	0	0	0	11	96	1	0	0	
0	1	2	0	0	0	1	0	0	0	0	93	205	156	0	0	1	0	163	151	29	217	71	0	0	88	247	19	0	180	114	0	0	70	217	0	0	180	114	0	0	9	218	100	62	224	48	0	2	0	58	190	193	84	0	2	0	1	1	0	0	0	1	0	
0	0	0	0	0	0	0	0	0	1	42	68	34	0	1	0	0	6	86	88	130	0	1	0	0	1	0	38	152	15	1	0	2	0	58	172	177	42	1	0	1	0	17	50	135	0	3	0	0	0	0	0	134	26	0	1	0	0	2	0	39	20	0	1	
0	0	0	0	0	0	0	0	1	0	5	105	133	15	0	1	3	0	95	133	93	107	0	4	2	0	49	126	116	79	0	3	2	0	31	194	213	30	0	2	4	0	112	77	54	123	0	4	1	0	26	141	147	91	0	3	0	1	0	21	57	3	0	0	
0	1	1	0	1	1	0	0	1	0	19	79	37	0	1	0	0	44	161	79	166	43	0	2	0	48	176	26	165	123	0	4	1	0	50	119	101	139	26	0	0	1	0	3	0	107	92	0	0	2	0	60	95	169	46	0	0	1	0	6	102	77	0	2	
0	0	1	0	0	1	0	0	0	1	0	63	77	3	0	0	3	0	74	138	135	98	0	3	1	0	146	15	42	162	0	3	0	5	158	35	187	129	0	4	2	0	77	126	227	52	0	2	0	0	0	7	158	13	0	1	0	0	0	17	75	0	0	0	
0	1	2	0	0	0	0	0	0	0	6	84	68	0	0	0	0	0	147	157	133	72	0	3	0	53	210	0	50	143	0	3	0	4	133	114	119	141	0	3	0	0	1	0	36	151	0	1	0	1	3	0	21	181	7	0	0	0	0	0	4	79	7	0	
0	0	0	0	0	0	0	0	0	1	0	23	30	122	0	0	0	1	0	153	106	144	0	3	2	0	48	137	120	79	0	7	4	0	127	179	187	128	105	11	0	12	184	155	183	43	14	0	0	7	7	81	104	0	3	0	0	0	1	5	2	2	0	0	
0	0	1	0	35	27	0	1	0	1	0	18	144	22	0	1	0	2	0	132	64	0	2	0	2	0	57	203	125	67	0	2	2	0	104	28	6	157	16	0	3	0	101	102	118	88	0	1	1	0	16	88	47	0	0	0	0	0	0	0	0	2	0	0	
0	0	0	0	0	0	0	0	2	0	47	180	114	0	1	0	2	0	105	77	172	20	0	1	1	0	0	143	201	0	0	1	1	0	20	102	122	133	0	3	0	1	67	0	78	152	0	3	2	0	126	174	155	29	0	1	0	0	0	9	3	0	0	0	
0	0	0	1	0	0	0	0	0	2	0	51	64	0	2	0	0	2	0	63	124	0	3	0	0	2	0	63	144	0	4	0	0	3	0	95	119	0	4	0	0	4	0	122	101	0	3	0	0	3	0	96	60	0	2	0	0	0	0	1	0	0	0	0	
0	0	0	1	0	1	2	0	0	2	0	42	151	145	54	0	0	2	0	166	91	19	6	0	0	0	0	162	159	22	0	1	0	0	9	0	87	135	0	4	0	6	172	6	80	128	0	4	2	0	107	149	140	23	0	1	0	0	0	12	4	0	0	0	
0	0	0	0	0	1	0	0	0	1	0	48	63	0	1	0	1	0	15	129	164	43	0	2	1	0	43	89	62	136	0	4	1	0	21	142	160	62	0	2	0	2	0	66	155	0	2	0	0	1	0	127	47	0	2	0	0	0	12	65	0	1	0	0	
0	0	0	0	0	0	0	0	2	0	68	27	67	89	0	3	3	0	147	44	121	89	0	3	0	3	153	7	141	56	44	0	0	37	190	73	190	146	102	0	0	21	108	143	177	38	8	0	0	3	0	71	115	0	4	0	0	1	4	2	1	2	0	0	
0	0	0	0	0	1	1	0	0	0	3	0	70	59	0	2	0	1	4	0	55	157	13	7	1	0	14	100	191	213	115	35	0	11	126	154	228	54	0	2	0	58	213	161	65	0	4	1	0	0	47	19	0	2	0	0	0	0	0	1	3	0	0	0	
0	1	0	0	0	0	0	0	1	0	78	146	131	31	0	1	0	45	199	34	127	143	0	4	0	31	150	125	235	128	0	4	3	0	64	210	47	144	31	0	3	0	87	106	0	115	73	0	1	0	24	151	115	145	19	0	0	1	0	16	65	23	0	1	
0	0	0	0	0	0	0	0	0	0	8	50	43	13	0	1	0	0	3	90	161	110	0	4	0	0	3	0	97	89	0	3	0	0	0	7	155	17	0	1	0	3	0	89	110	0	3	0	1	0	9	160	19	0	1	0	1	0	16	60	0	1	0	0	
0	0	0	0	0	0	0	0	0	2	0	42	126	0	2	0	0	2	0	69	160	0	3	0	0	3	0	84	140	0	4	0	0	3	0	105	128	0	4	0	0	3	0	155	95	0	3	0	0	1	0	132	43	0	2	0	0	0	0	0	0	0	0	0	
0	0	1	0	26	14	0	1	0	2	0	49	187	22	0	1	1	0	1	205	77	0	3	0	3	0	80	233	148	128	1	0	4	0	89	231	106	181	31	0	4	0	96	158	172	95	0	2	2	0	33	155	78	0	1	0	0	0	0	0	0	2	0	0	
0	0	0	2	5	0	0	0	1	0	27	161	174	76	0	2	4	0	138	124	42	25	0	1	3	0	166	181	158	168	25	0	1	0	20	29	0	142	106	0	1	0	93	41	11	190	65	0	2	0	82	187	168	97	0	2	0	0	0	4	4	0	1	0	
0	1	3	3	3	1	0	0	0	0	0	0	0	0	0	0	0	59	153	136	151	17	0	1	0	22	49	28	134	59	0	2	0	0	4	0	108	65	0	2	0	1	5	0	110	64	0	2	0	0	3	0	95	61	0	2	0	0	2	0	63	61	0	2	
0	0	3	0	0	1	0	0	0	2	0	47	126	188	66	0	0	0	143	160	32	96	146	0	0	71	218	16	0	70	145	0	0	142	132	0	0	132	117	0	0	39	205	50	33	203	20	0	2	0	67	186	182	82	0	3	0	1	0	2	5	0	1	0	
0	1	3	4	3	0	1	0	0	0	0	0	0	2	0	0	0	12	56	100	102	0	25	10	0	102	255	244	135	127	196	18	0	10	40	116	245	226	25	0	0	3	0	139	255	155	0	3	0	2	0	73	130	13	0	1	0	0	0	0	0	1	0	0	
0	1	0	19	4	0	2	0	1	0	35	161	3	0	0	0	3	0	158	92	0	30	34	0	0	23	173	0	70	166	203	54	0	68	135	6	172	107	147	16	0	39	168	189	199	121	18	0	1	0	54	132	51	0	2	1	0	0	0	0	0	2	1	0	
0	0	5	48	14	0	1	0	3	0	53	241	210	38	0	2	0	0	10	11	178	183	0	3	0	0	5	0	123	212	0	1	1	0	38	75	194	138	0	3	0	0	199	255	255	86	0	4	0	0	106	85	101	86	0	2	0	0	0	0	0	0	0	0	
0	1	0	25	64	0	1	0	0	3	0	107	137	0	4	0	0	4	0	144	69	0	3	0	0	0	7	159	35	34	0	1	2	0	57	158	114	181	54	0	2	0	27	207	166	125	38	0	0	1	0	32	69	20	0	1	0	0	1	1	0	1	1	0	
0	3	1	0	1	0	0	0	1	0	12	32	6	2	1	0	0	95	161	163	162	4	0	1	22	185	21	17	152	123	25	0	0	109	135	120	117	182	57	0	0	0	3	7	0	139	55	0	0	2	0	4	0	155	77	0	0	0	0	3	0	96	31	0	
0	0	0	0	0	0	0	0	1	0	32	113	128	111	6	0	2	0	76	77	29	192	13	0	0	0	5	102	198	102	0	3	2	0	43	167	139	112	0	3	0	26	126	0	67	139	0	4	0	10	171	146	169	45	0	2	0	0	7	57	29	0	1	0	
0	0	0	1	0	12	19	0	0	0	3	0	53	207	77	0	0	2	0	46	252	102	0	3	1	0	17	236	158	0	3	0	4	0	148	217	206	50	0	2	2	0	194	229	174	32	0	2	2	0	75	147	17	0	1	0	0	0	0	0	2	1	0	0	
0	0	0	9	10	0	0	0	3	0	91	164	161	71	0	3	1	0	40	3	146	71	0	3	2	0	47	212	221	27	0	2	2	0	49	76	62	159	0	0	2	0	71	68	0	178	25	0	2	0	56	166	179	109	0	2	0	0	0	0	5	0	0	0	
0	0	0	0	0	1	0	0	0	83	129	76	35	0	0	0	0	18	86	122	163	75	0	3	0	0	3	0	87	131	0	4	0	2	0	28	171	18	1	5	0	2	0	172	114	92	111	9	0	1	0	114	154	96	17	0	0	0	0	0	0	0	1	0	
0	0	1	0	0	0	0	0	1	0	15	112	137	35	0	2	1	0	158	91	117	130	0	4	0	1	139	161	201	97	0	4	3	0	82	161	53	148	4	0	2	0	142	36	0	143	25	0	3	0	116	115	115	122	0	2	0	0	6	58	57	6	0	0	
0	0	1	1	1	0	0	0	0	1	0	73	16	36	27	0	1	0	39	123	0	63	101	0	2	0	33	141	70	131	28	0	0	2	0	121	198	28	0	1	3	0	87	91	121	23	0	1	2	0	39	150	82	0	2	0	0	0	0	5	0	0	0	0	
0	0	0	0	0	0	0	0	0	1	0	29	133	0	1	0	0	2	0	49	173	0	1	0	0	2	0	69	148	0	3	0	0	4	0	124	121	0	4	0	0	2	0	173	73	0	3	0	0	0	6	153	16	0	1	0	0	0	0	0	1	0	0	0	
0	0	2	39	8	0	1	0	1	0	100	123	68	0	3	1	0	58	121	0	28	25	16	0	0	111	50	0	84	115	94	18	0	118	69	11	119	0	76	55	0	22	129	107	150	67	93	6	0	0	10	45	76	85	1	0	0	1	2	0	0	0	1	1	
0	0	1	0	0	0	0	0	1	0	29	101	41	139	0	2	3	0	87	149	102	143	0	4	4	0	151	81	134	73	0	3	0	11	215	122	211	167	93	0	0	21	152	196	181	44	18	0	0	3	0	126	133	0	3	0	0	0	4	4	0	2	1	0	
0	0	0	0	0	0	0	0	0	9	135	125	89	37	0	0	0	5	109	160	255	189	0	1	0	3	0	151	231	25	0	2	0	1	0	44	153	135	2	0	0	0	112	27	38	220	24	0	2	0	106	239	223	95	0	2	0	0	0	35	16	0	0	0	
0	1	1	0	0	0	0	0	0	0	6	14	17	11	0	0	0	36	214	154	193	164	0	3	0	38	89	0	140	137	0	4	0	0	0	0	192	54	0	2	0	3	0	48	195	0	0	0	0	4	0	141	151	0	4	0	0	2	0	138	107	0	2	0	
0	0	0	1	18	0	0	0	0	2	0	100	233	19	0	1	2	0	47	237	79	0	2	0	4	0	145	177	2	5	0	0	0	6	226	237	187	186	29	0	0	3	130	226	213	255	72	0	0	1	0	39	131	57	0	0	0	0	4	1	0	0	0	0	
0	0	0	0	0	2	1	0	0	1	0	51	127	141	8	0	0	0	0	179	80	22	0	1	3	0	58	226	85	0	1	0	1	0	25	42	143	75	0	3	2	0	70	17	132	78	0	3	3	0	76	186	135	3	0	0	0	0	0	3	1	0	0	0	
0	0	1	16	9	0	0	0	0	6	107	107	110	26	0	1	0	28	44	0	102	36	0	1	2	0	47	169	172	60	0	1	0	0	12	13	0	121	58	0	0	15	27	6	0	76	75	0	0	29	103	132	160	108	2	0	0	0	0	5	7	0	0	0	
0	1	4	3	4	1	0	0	0	0	0	0	0	9	3	0	0	28	117	90	115	198	16	0	0	125	144	70	125	181	0	2	0	5	5	0	124	111	0	4	0	1	1	8	191	31	0	1	0	3	0	92	153	0	3	0	0	3	0	120	71	0	2	0	
0	0	1	1	0	1	1	0	0	2	0	48	166	72	0	1	1	0	35	143	41	129	57	0	3	0	118	50	0	59	81	0	0	21	137	0	0	96	60	0	0	22	147	0	69	130	0	0	2	0	101	152	99	9	0	1	0	0	1	8	0	2	0	0	
0	0	0	0	0	0	0	0	0	2	0	137	175	12	0	1	0	0	5	82	171	88	0	3	0	0	2	0	166	44	0	2	0	3	0	97	156	0	4	0	2	0	38	233	184	154	22	0	3	0	120	92	7	35	1	0	0	0	0	0	0	0	0	0	
0	0	1	0	0	2	0	0	0	2	0	92	96	0	2	0	2	0	52	214	167	155	0	1	3	0	83	172	139	116	0	2	0	2	0	147	238	11	0	1	0	2	0	130	198	121	0	4	0	1	0	149	190	37	0	2	0	1	0	15	31	0	1	0	
0	0	0	0	0	0	0	0	0	15	177	180	162	14	0	1	0	22	124	17	182	87	0	3	0	1	0	4	205	49	0	2	0	4	0	112	167	0	2	0	2	0	62	252	188	206	101	0	2	0	152	118	36	71	45	0	0	0	1	0	0	0	0	0	
0	0	1	0	0	1	0	0	1	0	5	138	170	39	0	2	3	0	142	173	199	119	0	3	0	24	196	10	33	195	89	0	0	62	144	0	0	91	158	0	0	44	222	38	2	171	95	0	1	0	92	179	176	139	0	0	0	0	0	4	6	0	1	0	
0	1	1	0	0	0	1	0	1	0	16	89	148	71	0	1	0	59	217	125	88	210	96	0	0	139	138	0	0	82	155	0	0	72	152	0	0	93	158	0	0	17	216	51	0	176	103	0	3	0	79	208	186	167	7	0	0	1	0	34	55	3	0	0	
0	0	1	1	0	1	1	0	0	2	0	58	199	71	0	2	2	0	32	202	106	156	29	0	3	0	124	71	0	93	90	0	0	20	143	0	0	134	66	0	0	17	158	55	177	151	0	1	2	0	96	194	84	0	1	0	0	0	0	0	0	2	1	0	
0	0	1	0	0	0	1	0	1	1	4	100	146	144	27	0	1	0	177	157	38	148	171	0	0	99	227	7	0	29	192	2	0	216	90	0	0	54	191	0	0	149	167	1	0	187	114	0	0	5	151	189	182	149	2	0	0	2	0	23	24	0	1	0	
0	0	0	0	1	0	0	0	0	11	169	180	158	20	0	1	0	73	201	51	36	2	0	0	0	69	223	147	163	190	103	0	0	1	18	24	6	5	198	63	0	1	104	25	14	113	186	11	1	0	109	175	186	152	26	0	0	0	0	2	3	0	1	1	
0	0	3	3	2	1	0	0	0	0	0	0	0	6	2	0	0	8	146	137	149	204	31	0	0	36	128	31	101	199	0	1	0	0	4	0	153	107	0	4	0	2	0	30	191	14	0	1	0	3	0	143	139	0	4	0	0	1	0	142	50	0	2	0	
0	0	2	3	0	0	0	0	0	1	0	0	22	12	0	0	1	0	15	123	148	201	23	0	0	22	228	99	28	178	15	0	0	15	99	2	151	83	0	3	0	3	0	70	198	10	0	1	0	2	0	156	80	0	3	0	1	0	30	82	0	2	0	0	
0	1	0	0	0	0	0	0	0	1	16	33	58	47	0	1	0	95	196	123	202	174	0	3	0	30	23	0	156	107	0	4	0	1	0	9	197	36	0	2	0	4	0	65	186	0	14	0	0	4	0	132	165	18	66	0	0	2	0	67	62	0	3	0	
0	0	0	0	0	0	0	0	0	0	1	0	75	13	0	0	0	0	0	0	144	17	0	1	0	1	0	16	122	0	1	0	0	1	0	43	128	0	3	0	0	3	0	75	96	0	3	0	0	3	0	102	48	0	2	0	0	0	0	15	6	0	0	0	
0	0	1	1	0	0	0	0	0	1	0	28	82	6	0	0	1	0	29	149	155	108	0	4	3	0	127	53	88	123	0	4	3	0	125	110	208	33	0	2	2	0	56	169	167	0	1	0	0	2	0	68	124	0	3	0	0	1	0	53	46	0	2	0	
0	0	0	0	0	0	0	0	21	24	27	37	10	1	0	0	56	131	88	142	163	1	0	0	3	0	58	208	141	47	0	2	2	0	15	19	10	153	36	0	1	0	17	49	0	107	88	0	1	0	32	111	120	189	70	0	0	0	0	0	1	23	7	0	
0	0	0	0	0	0	0	0	0	1	0	99	134	84	2	0	1	0	20	194	109	51	0	0	4	0	89	217	158	86	0	3	1	0	34	41	41	186	0	0	2	0	55	4	75	168	0	3	3	0	67	169	194	55	0	2	0	1	0	34	31	0	1	0	
0	0	0	0	8	1	0	0	0	2	0	102	173	98	0	2	0	0	3	135	98	158	0	3	0	3	0	144	212	11	0	1	3	0	87	145	118	57	0	2	0	0	177	13	80	127	0	4	1	0	117	158	132	17	0	1	0	0	2	12	2	0	0	0	
0	0	0	2	0	0	0	0	0	0	0	4	64	21	4	0	0	2	0	117	204	116	0	3	3	0	91	149	146	127	0	4	4	0	127	177	224	58	0	1	0	0	0	40	171	36	27	0	0	3	0	82	164	0	6	0	0	2	0	59	74	0	2	0	
0	0	0	0	0	0	0	0	11	61	52	28	22	2	1	0	24	184	188	185	160	0	3	0	1	0	14	201	221	101	11	0	2	0	27	136	107	227	122	0	1	0	36	71	98	201	70	0	3	0	60	186	162	53	0	2	0	0	0	0	0	1	2	0	
0	0	0	0	0	0	0	0	0	1	0	48	144	76	0	2	2	0	36	189	87	165	0	2	1	0	25	173	152	111	0	3	1	0	28	196	176	112	0	3	4	0	102	94	0	154	19	0	3	0	94	123	58	138	1	0	0	0	5	53	54	22	0	1	
0	0	0	0	0	0	0	0	0	2	0	55	165	149	34	0	1	0	6	216	167	140	162	0	3	0	70	155	0	27	138	0	0	8	165	33	0	143	109	0	0	81	128	10	147	132	3	0	0	50	218	198	84	0	2	0	1	0	41	23	0	3	1	0	
0	0	1	2	0	1	0	0	0	0	0	4	71	18	0	1	0	0	0	133	174	122	0	3	3	0	100	95	39	150	0	3	3	0	139	112	199	107	0	4	1	0	33	69	148	63	0	3	0	0	2	0	158	40	0	2	0	0	0	7	77	5	0	0	
0	0	0	1	0	0	0	0	2	0	80	193	42	0	0	0	2	0	165	82	155	17	0	1	3	0	78	161	87	0	3	0	1	0	2	207	161	91	12	0	1	0	9	162	43	106	154	0	0	2	0	59	136	139	89	0	0	0	0	0	8	10	0	0	
0	0	0	2	28	2	0	0	0	3	0	73	199	7	0	1	0	2	0	173	76	0	1	0	2	0	47	152	69	188	12	0	4	0	102	134	169	200	21	0	4	0	117	241	199	101	0	3	1	0	14	129	64	0	0	0	0	0	0	0	0	1	0	0	
0	0	1	1	0	0	0	0	0	1	0	13	87	59	0	1	0	0	2	139	107	64	1	0	3	0	75	117	3	114	0	0	2	0	48	139	175	60	0	2	0	3	0	99	138	0	3	0	0	0	0	139	30	0	1	0	0	0	13	75	0	1	0	0	
0	0	0	0	4	2	0	0	0	0	2	91	160	111	0	2	4	0	110	158	44	172	0	1	2	0	53	227	214	61	0	3	3	0	90	143	61	125	0	1	4	0	133	102	0	171	31	0	1	0	18	139	160	122	0	0	0	0	0	0	9	2	0	0	
0	0	1	1	0	0	0	0	0	1	0	20	62	34	0	1	1	0	25	115	86	97	5	0	4	0	100	45	80	57	0	2	2	0	57	104	147	35	0	1	0	0	1	23	132	29	0	1	0	0	3	0	95	35	0	1	0	0	1	0	32	17	0	1	
0	0	0	2	2	0	0	0	3	0	109	191	178	40	0	2	1	0	73	30	151	111	0	4	0	1	0	23	205	40	0	2	1	0	9	180	68	0	2	0	4	0	100	200	120	171	95	0	3	0	74	185	99	91	44	0	0	0	0	0	0	0	0	0	
0	0	0	0	1	0	0	0	0	0	1	0	22	142	10	0	0	0	3	0	174	129	0	3	0	3	0	76	201	0	0	1	1	0	6	204	62	0	2	0	4	0	97	196	0	2	0	0	3	0	99	122	0	3	0	0	0	0	0	1	0	0	0	0	
0	0	0	2	4	0	0	0	0	10	135	156	165	20	0	1	0	21	109	0	166	51	0	2	0	1	0	127	238	39	0	2	0	1	3	64	82	173	9	0	2	0	44	62	0	178	39	0	3	0	67	200	186	127	0	1	0	0	0	1	5	0	0	0	
0	0	1	0	0	2	3	0	2	0	44	67	0	3	0	0	4	0	129	169	0	65	97	0	2	0	190	78	0	185	177	0	0	43	244	162	175	250	64	0	0	63	156	93	41	193	45	0	0	0	0	1	0	141	30	0	0	1	4	4	1	11	1	0	
0	5	26	0	1	4	2	0	0	40	164	0	3	0	0	0	0	80	169	0	17	104	42	0	0	106	114	0	164	145	168	5	0	108	131	17	160	34	174	5	0	24	175	164	235	152	28	0	0	0	8	28	112	63	0	2	0	1	2	0	0	1	2	0	
0	0	2	0	19	24	0	1	0	2	0	46	160	124	0	2	1	0	18	151	23	15	1	0	3	0	106	77	34	27	0	1	2	0	151	116	92	140	27	0	4	0	149	111	41	142	32	0	1	0	29	117	102	24	0	1	0	0	1	0	0	1	1	0	
0	0	0	0	0	0	0	0	0	1	0	27	82	0	1	0	0	2	0	53	152	0	3	0	0	2	0	59	121	0	3	0	0	3	0	71	117	0	3	0	0	3	0	91	98	0	3	0	0	3	0	126	71	0	3	0	0	0	0	30	12	0	0	0	
0	0	0	0	0	0	0	0	0	7	27	10	3	2	0	0	0	81	169	133	153	165	0	0	0	6	6	0	79	151	0	3	0	0	4	0	156	60	0	2	0	1	0	30	156	0	0	0	0	3	0	133	112	0	3	0	1	0	14	134	13	0	1	0	
0	0	10	47	6	0	0	0	2	0	148	190	137	0	1	0	0	2	41	19	172	6	0	1	0	3	0	112	143	0	3	0	2	0	49	171	7	6	10	5	4	0	143	161	133	155	173	78	2	0	65	109	25	4	10	4	0	0	0	0	0	0	0	0	
0	0	0	0	0	2	2	0	1	0	57	133	101	9	0	1	0	24	146	15	56	92	42	5	0	1	99	103	19	118	120	10	2	0	33	167	99	8	0	1	3	0	101	55	10	115	5	0	1	0	24	130	97	145	20	0	0	1	0	13	58	17	0	1	
0	0	2	1	0	1	0	0	0	1	0	35	76	5	0	0	3	0	65	148	142	109	0	3	0	0	156	12	60	158	0	3	1	0	146	98	215	107	0	4	2	0	39	89	117	84	0	3	0	1	5	0	136	63	0	2	0	0	2	2	83	17	0	1	
0	0	0	0	0	0	0	0	0	0	58	121	120	16	0	1	0	13	107	32	142	148	0	4	1	0	31	125	210	98	0	4	1	0	34	54	54	147	0	1	0	26	13	0	7	180	23	0	0	83	131	125	155	92	0	1	0	0	48	56	11	0	0	0	
0	0	0	0	0	0	0	0	3	0	101	194	130	51	0	2	0	0	111	39	149	78	0	3	0	1	0	31	169	2	0	0	0	3	0	138	76	0	11	5	2	0	37	178	79	145	148	53	2	0	45	184	97	23	4	0	0	0	0	0	0	0	0	0	
0	0	0	1	1	0	0	0	0	2	0	103	39	0	1	0	0	3	0	110	100	0	3	0	0	3	0	82	137	0	4	0	0	2	0	58	155	0	3	0	0	1	0	18	171	3	0	0	0	0	0	0	111	25	0	1	0	0	0	0	2	2	0	0	
0	0	0	1	0	0	0	0	0	2	0	52	120	106	76	0	0	1	0	164	111	61	26	0	2	0	66	207	130	114	0	2	3	0	76	79	0	166	20	0	0	16	43	0	39	170	0	0	0	13	174	135	173	68	0	3	1	0	13	64	40	0	1	0	
0	3	3	3	3	3	0	0	0	0	0	0	0	0	0	0	36	113	74	86	93	100	7	0	2	69	92	68	61	138	0	0	0	0	1	0	42	124	0	3	0	2	6	0	89	84	0	3	0	0	2	0	128	38	0	1	0	0	0	7	114	1	0	0	
0	0	0	1	8	0	0	0	2	0	48	182	176	162	1	0	1	0	33	39	54	206	0	0	0	1	0	0	183	104	0	3	2	0	38	179	109	0	2	0	0	17	226	158	77	77	11	0	0	36	202	141	143	157	20	0	0	0	0	0	0	0	0	0	
0	0	3	3	0	0	0	0	0	37	175	167	107	4	0	0	0	8	18	0	181	62	0	2	2	0	33	145	242	88	0	3	1	0	34	86	60	186	36	0	0	55	121	0	0	163	99	0	0	6	103	170	167	152	12	0	0	0	0	5	8	0	0	0	
0	0	0	1	0	0	0	0	3	0	129	161	159	38	0	2	1	0	52	11	172	54	0	2	0	2	0	65	179	0	2	1	0	2	0	165	67	0	4	0	1	0	33	188	35	51	105	30	2	0	33	188	123	113	90	20	0	0	0	0	0	0	0	0	
0	0	1	0	2	39	27	0	1	0	10	67	139	153	55	0	0	3	133	53	17	0	0	0	0	25	181	124	122	124	21	0	1	19	74	5	0	53	90	0	10	102	98	82	35	94	104	0	0	4	26	93	130	137	27	0	0	0	0	0	0	0	0	0	
0	0	0	0	0	0	0	0	0	0	16	23	49	96	0	3	2	0	68	100	104	99	0	3	4	0	98	66	121	35	0	1	1	0	153	89	170	78	29	0	0	1	105	147	172	45	15	0	0	2	0	61	100	0	3	0	0	0	3	5	2	2	0	0	
0	1	0	38	25	0	1	0	2	0	67	224	166	0	2	1	0	33	215	41	119	15	0	0	0	133	121	0	58	176	158	15	0	155	102	43	190	36	186	51	0	47	197	217	217	208	148	0	0	0	10	45	99	81	5	0	0	2	1	0	0	0	2	0	
0	0	0	0	0	0	0	0	0	0	0	108	142	34	0	2	2	0	64	146	94	143	0	4	1	0	14	153	183	62	0	3	1	0	8	138	97	77	0	2	2	0	61	126	23	153	0	2	1	0	19	156	160	84	0	3	0	1	0	18	49	0	0	0	
0	0	2	1	0	0	0	0	0	0	0	14	23	31	60	56	2	0	33	215	176	116	97	53	2	0	148	66	0	2	0	0	3	0	120	127	33	0	4	2	0	0	1	58	150	81	0	3	2	0	84	59	139	70	0	3	1	0	27	114	55	0	1	0	
0	0	0	0	0	0	0	0	0	0	13	21	24	128	0	1	3	0	85	94	44	161	0	3	4	0	142	65	76	123	19	0	0	2	189	69	170	179	68	0	0	6	152	131	215	41	0	1	0	1	0	18	143	2	0	0	0	0	2	5	3	1	0	0	
0	0	0	0	0	0	0	0	2	0	51	205	206	42	0	2	2	0	52	167	235	109	0	4	0	2	0	25	236	62	0	2	1	0	10	204	155	0	2	0	1	0	190	251	115	145	44	0	0	0	150	215	190	99	15	0	0	0	0	0	0	0	0	0	
0	0	11	59	0	1	0	0	2	0	45	166	0	4	2	0	3	0	76	138	0	4	0	0	4	0	111	106	94	176	49	0	4	0	105	181	107	89	134	0	2	0	31	219	153	142	44	0	0	1	0	17	84	26	0	1	0	0	2	1	0	1	2	0	
