500	64	10
0	0	1	0	1	2	0	0	0	1	0	62	33	0	1	0	3	0	84	225	181	27	0	1	0	0	190	30	190	172	0	4	0	1	207	141	225	181	0	3	1	0	59	149	180	175	0	3	0	0	3	0	89	181	0	3	0	0	3	2	13	47	0	1	
0	0	0	0	0	0	0	0	0	0	2	32	49	50	1	0	1	0	32	190	217	207	0	0	0	4	6	0	173	125	0	4	0	3	0	90	212	6	0	1	2	0	27	229	66	0	3	0	4	0	163	135	0	4	0	0	1	0	75	32	0	1	0	0	
0	0	0	2	3	3	0	0	0	11	11	0	0	0	0	0	0	73	162	151	150	149	8	0	0	0	8	25	86	191	0	0	0	0	2	0	138	72	0	3	0	2	0	69	131	0	3	0	0	1	0	178	82	0	3	0	1	0	19	126	2	0	0	0	
0	0	2	2	2	0	0	0	0	0	0	0	0	0	0	0	2	0	67	106	111	8	0	0	1	0	9	65	146	2	9	14	1	0	88	207	116	119	108	54	0	8	149	93	35	17	0	0	0	0	0	0	0	0	1	1	0	0	3	4	2	1	0	0	
0	1	3	0	0	0	0	0	0	0	0	7	19	6	0	0	0	20	140	154	164	140	0	3	0	26	71	0	69	130	0	3	0	0	2	0	134	53	0	2	0	3	0	53	155	0	2	0	0	0	0	154	50	0	2	0	2	0	48	106	0	3	0	0	
0	0	2	2	0	1	1	0	0	2	0	15	91	39	0	1	2	0	54	190	146	195	33	0	0	41	196	33	39	236	42	0	0	97	213	121	241	102	0	3	0	3	50	97	167	0	2	0	0	3	0	91	148	0	3	0	0	1	0	16	94	10	0	1	
0	0	0	0	0	1	0	0	0	1	0	73	14	0	0	0	0	0	4	119	12	12	0	0	2	0	42	112	74	140	0	3	2	0	46	170	199	113	0	3	0	0	3	0	121	44	0	2	0	0	2	0	95	23	0	1	0	0	0	0	0	0	0	0	
0	0	1	1	1	4	1	0	0	1	0	24	192	105	0	2	1	0	4	198	96	60	36	0	3	0	149	149	103	200	157	0	0	30	206	163	194	156	105	0	0	22	220	244	179	96	0	1	1	0	41	143	5	0	2	0	0	1	0	1	2	3	0	0	
0	0	3	3	0	0	0	0	0	0	1	0	75	139	0	0	2	0	118	161	204	144	0	4	1	0	83	57	141	55	0	2	0	2	0	53	150	0	2	0	0	3	12	194	134	60	18	0	0	65	169	133	109	91	15	0	0	3	3	0	0	0	0	0	
0	0	0	0	1	0	0	0	0	0	1	0	17	65	2	0	0	0	2	0	179	202	0	0	0	3	0	65	226	14	0	1	0	3	0	171	135	0	4	0	1	0	14	219	43	0	2	0	1	0	12	192	21	0	1	0	0	1	0	63	14	0	0	0	
0	0	0	0	0	0	0	0	0	0	40	130	143	52	0	2	0	20	232	86	59	194	14	0	1	0	155	109	40	160	0	0	0	2	0	102	253	38	0	2	0	1	0	132	163	123	0	3	2	0	43	221	144	81	0	2	0	0	2	45	31	0	1	0	
0	2	3	0	0	0	0	0	0	0	0	6	51	93	23	0	0	40	122	153	180	247	48	0	19	189	74	40	221	136	0	3	0	12	0	19	45	187	102	0	0	3	51	51	92	199	79	0	0	39	198	158	103	30	0	1	0	1	1	0	0	1	2	0	
0	0	0	0	1	0	0	0	0	0	1	0	38	57	0	2	0	0	2	0	139	53	0	2	0	1	0	43	128	0	3	0	0	3	0	114	68	0	2	0	0	0	9	142	6	0	0	0	1	0	30	118	0	2	0	0	0	0	2	10	0	0	0	0	
0	0	3	3	0	0	0	0	0	0	0	0	7	46	41	0	0	17	125	160	163	244	81	0	0	3	59	25	106	158	0	2	0	3	0	88	175	7	0	1	2	0	67	184	27	0	2	0	0	3	209	81	0	3	0	0	1	0	78	61	0	1	0	0	
0	0	1	0	0	0	0	0	0	0	0	7	51	113	21	0	2	0	39	204	166	133	16	0	4	0	100	176	54	16	0	1	4	0	115	215	210	133	0	4	1	0	20	3	121	140	0	4	1	0	17	165	199	32	0	2	0	0	1	35	13	0	0	0	
0	0	0	0	0	0	0	0	0	0	0	22	67	77	8	0	0	2	0	142	107	169	123	0	0	1	1	43	75	170	56	0	3	0	70	163	125	201	19	0	0	7	46	93	136	109	1	0	12	145	152	116	38	0	1	0	3	9	0	0	0	2	0	0	
0	0	0	1	8	0	0	0	0	2	0	64	134	28	0	2	0	2	0	123	137	60	0	3	0	3	0	101	191	0	1	0	0	1	0	93	133	50	0	2	1	0	20	106	76	97	0	4	0	0	0	101	142	15	0	1	0	0	0	4	7	0	0	0	
0	0	1	3	0	1	3	1	0	2	1	0	16	4	0	0	1	0	21	131	199	119	58	19	0	60	197	100	67	253	166	0	0	126	229	107	225	196	13	0	0	5	30	104	190	6	0	1	0	1	0	186	57	0	3	0	0	1	0	115	25	0	1	0	
0	0	0	2	1	1	7	0	0	0	2	0	45	177	110	0	0	2	0	59	204	77	0	1	1	0	17	230	163	8	0	1	4	0	120	214	117	172	0	0	3	0	164	53	87	141	0	2	2	0	66	188	151	13	0	1	0	0	0	5	0	1	0	0	
0	0	2	2	0	0	2	2	0	0	0	0	40	97	22	0	1	0	47	155	162	167	185	66	0	0	190	194	79	124	82	13	2	0	32	194	232	58	0	3	0	5	171	108	193	57	0	3	0	13	161	145	63	0	1	0	0	0	2	1	0	1	0	0	
0	0	1	1	0	1	0	0	0	1	0	30	32	0	1	0	1	0	17	146	196	19	0	1	3	0	141	153	213	56	0	3	1	0	159	145	155	64	0	3	0	0	6	0	137	70	0	3	0	0	4	0	152	69	0	3	0	0	1	0	51	18	0	1	
0	0	0	2	0	0	2	0	0	0	1	0	29	17	0	14	0	1	0	64	125	45	72	62	1	0	40	140	23	118	58	0	1	0	13	181	199	18	0	2	0	0	151	175	52	0	3	0	0	4	27	1	0	1	0	0	0	0	0	2	2	0	0	0	
1	0	30	25	0	1	0	0	2	0	100	179	12	0	1	0	0	3	0	115	100	0	3	0	0	3	0	87	103	0	4	0	0	2	0	129	40	0	1	0	2	0	30	174	122	72	34	6	0	0	4	4	35	99	106	22	0	0	0	1	0	0	0	0	
0	0	2	2	0	5	3	0	0	1	0	4	122	183	126	0	1	0	28	170	131	5	32	6	3	0	156	170	23	105	70	0	2	0	59	207	216	115	0	2	0	44	176	71	159	109	0	4	0	85	181	122	92	3	0	0	0	0	6	2	0	1	0	0	
0	0	0	0	1	0	0	0	1	0	20	159	10	0	1	0	1	0	0	211	75	0	3	0	0	3	0	144	149	0	4	0	0	3	0	69	190	0	1	0	0	1	0	13	211	41	0	2	0	0	3	0	131	101	0	3	0	0	0	0	0	0	0	0	
0	0	0	0	0	2	0	0	0	1	0	43	162	190	82	0	1	0	10	217	107	21	36	0	0	3	0	133	212	135	10	0	0	0	70	104	144	202	0	0	0	106	155	99	185	55	0	2	0	108	163	126	34	0	1	0	0	1	4	0	1	2	0	0	
0	1	0	17	103	18	0	1	1	0	13	158	91	7	0	0	3	0	119	90	0	3	1	0	0	14	138	0	75	97	0	0	0	14	131	67	126	111	68	0	2	0	65	175	181	138	71	0	0	1	0	24	75	40	0	0	0	0	2	1	0	0	1	0	
0	0	0	0	1	2	0	0	0	1	0	50	158	157	6	0	1	0	13	230	83	74	105	0	0	2	0	79	212	165	45	0	0	0	1	104	254	90	0	4	2	0	154	255	188	24	0	1	0	12	187	128	17	0	1	0	0	0	0	0	1	1	0	0	
0	0	0	0	0	1	3	0	0	1	0	37	79	132	55	0	0	0	6	145	68	17	0	0	1	0	132	160	69	58	0	0	0	16	95	20	18	111	62	0	0	0	108	8	16	127	29	0	2	0	57	130	113	45	0	1	0	0	0	8	2	0	1	0	
0	0	2	1	0	0	0	0	0	1	2	0	41	151	0	1	1	0	62	18	83	162	0	4	0	31	210	24	123	181	5	0	0	129	211	142	228	183	69	0	0	52	118	52	184	49	0	2	0	0	2	0	138	123	0	1	0	2	5	2	1	3	0	0	
0	0	0	0	0	0	0	0	0	1	76	145	115	8	0	1	0	9	166	124	190	147	0	4	0	1	0	14	230	109	0	4	1	0	8	206	207	2	0	1	2	0	48	244	46	18	8	0	0	1	0	138	206	160	4	0	0	0	0	3	34	7	0	0	
0	0	0	0	0	0	0	0	0	0	0	33	64	50	0	1	1	0	8	145	226	180	0	3	0	0	2	0	168	93	0	3	0	3	0	86	186	0	1	0	0	0	0	189	61	0	2	0	3	0	84	156	0	3	0	0	2	0	43	54	0	2	0	0	
0	0	1	3	1	0	0	0	0	0	1	0	16	39	0	1	1	0	19	77	199	102	0	4	2	0	53	85	149	26	0	1	0	2	0	71	147	0	2	0	0	3	0	150	101	0	1	0	0	1	0	134	20	0	1	0	0	0	3	59	3	0	0	0	
0	0	0	0	0	0	0	0	1	0	29	48	32	28	0	1	2	0	57	109	217	124	0	5	0	1	0	107	115	0	0	0	1	0	120	115	0	38	63	43	0	15	198	118	98	81	52	17	0	0	22	32	1	0	0	0	0	0	0	0	1	3	2	1	
0	1	0	16	21	0	0	0	0	2	0	40	174	65	0	2	0	1	5	0	90	168	0	3	0	2	0	102	207	37	0	1	0	19	179	179	12	0	1	0	0	19	215	222	124	81	14	0	0	0	3	43	121	131	10	0	0	1	1	0	0	0	0	0	
0	0	0	0	1	0	0	0	0	0	1	0	44	79	0	2	0	0	4	0	146	124	0	4	0	1	0	17	199	28	0	1	0	3	0	138	144	0	3	0	1	0	27	199	21	0	1	0	2	0	38	162	0	0	0	0	0	0	0	30	8	0	0	0	
0	0	0	0	0	0	0	0	0	0	1	69	8	0	0	0	1	0	32	99	0	2	0	0	2	0	54	64	35	49	0	1	1	0	25	104	163	87	0	2	0	0	2	0	89	31	0	1	0	0	3	0	72	37	0	1	0	0	0	0	5	4	0	0	
0	0	3	1	0	1	2	0	0	2	0	37	96	30	0	1	2	0	99	176	109	171	52	0	0	96	199	52	82	221	88	0	0	109	189	119	155	180	0	2	0	0	6	0	166	55	0	2	0	3	0	59	180	0	1	0	0	1	0	14	93	13	0	1	
0	1	2	1	0	1	3	0	0	0	0	0	0	0	0	0	0	19	62	23	13	11	108	32	0	97	159	75	58	163	127	0	0	0	1	0	94	110	0	0	0	2	0	109	119	0	2	1	2	0	92	109	0	3	1	0	0	0	54	6	1	1	0	0	
0	0	3	1	0	0	2	0	0	1	0	17	118	75	0	3	2	0	69	177	108	139	122	22	0	42	233	27	50	150	42	0	0	10	103	210	153	11	0	1	3	0	61	229	172	0	3	0	3	0	72	214	93	0	2	0	0	0	0	9	1	0	0	0	
0	0	0	0	0	0	0	0	0	12	101	111	86	16	0	1	0	6	36	6	108	126	0	4	0	1	0	80	102	19	0	1	1	0	7	129	124	20	0	1	1	0	37	2	34	121	0	2	3	0	73	101	100	64	0	2	0	0	1	45	37	0	1	0	
0	0	0	2	1	0	0	0	0	0	0	0	2	8	1	0	0	1	0	114	205	191	0	0	0	0	1	12	187	125	0	3	0	3	0	83	186	0	0	1	1	0	23	204	40	0	2	0	4	0	121	114	0	4	0	0	3	0	71	56	0	2	0	0	
0	0	0	0	0	0	0	0	0	19	30	0	21	22	0	1	0	81	105	0	80	111	0	4	0	34	186	9	76	141	0	4	2	0	77	156	150	130	0	4	0	1	1	0	43	153	0	2	0	0	4	0	39	168	0	2	0	0	1	0	16	51	0	1	
0	0	0	0	0	1	3	2	0	1	0	31	45	1	0	0	2	0	49	227	192	30	82	64	1	0	6	154	235	155	92	29	1	0	19	128	172	161	0	3	0	2	201	121	142	156	0	4	0	8	134	137	106	8	0	1	0	0	0	0	0	1	0	0	
0	0	0	2	2	2	2	0	0	0	0	0	0	0	0	0	0	2	0	55	157	99	41	11	1	0	39	141	21	64	65	19	1	0	7	105	57	0	1	0	0	8	45	106	163	9	0	1	0	15	60	36	2	0	0	0	0	0	0	0	2	0	0	0	
0	0	1	3	0	0	1	1	0	0	1	1	4	2	0	0	1	0	20	127	151	13	33	66	0	2	159	48	30	99	98	14	0	5	110	109	151	75	0	0	1	0	26	194	197	51	0	3	1	0	20	91	45	1	0	0	0	0	0	0	0	0	0	0	
0	0	1	0	6	5	0	0	0	2	0	56	98	80	41	0	1	0	27	138	0	114	48	0	3	0	68	94	31	128	0	1	0	1	0	112	174	16	0	1	1	0	11	157	147	0	3	0	3	0	106	173	31	0	1	0	0	0	3	0	0	0	0	0	
0	0	1	3	0	0	0	0	0	0	1	0	116	142	28	0	0	1	0	154	180	213	160	0	3	0	142	183	0	22	171	4	0	13	234	110	0	66	165	0	0	87	157	0	84	190	43	0	0	55	202	161	134	18	0	1	0	0	44	37	0	2	2	0	
0	0	1	2	0	2	2	0	0	1	2	0	54	20	0	1	1	0	4	128	223	216	63	0	0	7	145	89	0	97	179	0	0	131	87	0	12	79	113	0	0	181	234	197	189	118	9	0	0	19	76	63	12	0	1	0	0	0	0	0	0	3	1	0	
0	0	0	0	0	1	0	0	0	0	3	77	87	13	0	1	2	0	33	138	177	156	0	3	0	0	4	0	126	130	0	4	0	2	0	41	214	23	0	1	0	1	0	179	107	0	3	0	3	0	96	176	0	2	0	0	2	0	83	37	0	1	0	0	
0	0	0	0	0	0	0	0	0	3	0	81	53	0	2	0	0	3	0	121	73	0	3	0	0	3	0	77	105	0	3	0	0	1	0	33	144	0	1	0	0	0	1	0	149	24	0	1	0	0	0	0	114	17	0	1	0	0	0	1	1	0	0	0	
0	0	1	2	0	3	0	0	0	1	0	3	13	8	51	0	1	0	12	171	189	182	157	0	0	1	182	190	178	239	28	0	0	62	255	188	253	126	0	4	0	15	70	66	202	19	0	1	0	4	0	131	174	0	3	0	0	2	0	63	78	0	1	0	
0	0	1	0	3	14	0	0	0	0	18	71	46	110	0	3	4	0	128	110	44	147	0	4	0	28	162	0	59	168	0	3	0	149	205	134	194	240	103	0	0	123	119	60	101	181	10	0	0	0	1	0	25	95	0	1	0	3	4	3	2	0	1	0	
0	0	0	0	2	2	1	1	0	0	1	1	0	0	0	0	0	0	0	9	57	60	37	33	2	0	52	85	40	28	12	8	2	0	59	120	34	0	1	0	1	0	34	98	36	0	2	0	0	0	11	2	0	0	0	0	0	0	0	2	1	0	0	0	
0	0	2	0	1	1	0	0	0	0	0	1	0	82	11	0	2	0	68	23	26	189	3	0	0	5	144	11	133	78	0	3	0	0	111	138	164	6	0	0	0	0	0	35	123	0	2	0	0	2	0	44	126	0	3	0	0	0	0	4	14	0	0	0	
0	0	1	1	0	0	1	1	0	1	0	12	118	167	64	0	1	0	8	190	246	122	184	30	2	0	156	206	20	1	178	61	0	70	206	3	0	116	188	0	0	150	195	95	192	164	21	0	0	54	170	150	41	0	2	1	0	0	0	0	0	3	2	0	
0	0	0	1	0	0	0	0	0	0	0	9	101	6	0	0	0	3	0	86	235	13	0	1	1	0	3	177	213	3	0	1	0	2	0	72	189	0	1	0	0	4	0	118	206	0	1	0	0	3	0	88	190	0	1	0	0	0	0	7	17	0	0	0	
0	0	1	0	11	49	7	0	0	1	0	10	175	165	48	0	0	2	0	173	112	0	6	0	3	0	116	172	91	196	128	0	0	17	189	157	107	95	168	0	0	71	225	195	120	155	30	0	0	17	135	142	72	1	0	0	0	0	0	0	0	2	2	0	
0	0	0	0	0	0	0	0	0	0	0	20	55	5	0	0	1	0	13	105	164	39	0	2	0	0	2	0	113	29	0	1	0	0	0	14	132	0	0	0	0	3	0	77	107	0	3	0	0	1	0	155	37	0	1	0	0	0	10	66	0	1	0	0	
0	0	2	0	0	1	4	1	0	0	0	10	40	14	0	0	2	0	133	185	167	209	133	80	3	0	168	194	107	218	71	14	0	2	0	182	226	14	0	1	3	0	73	243	151	0	6	0	0	1	211	231	70	0	2	0	0	2	54	35	0	1	0	0	
0	0	0	0	0	2	0	0	0	2	23	22	8	0	0	0	0	54	134	115	129	123	0	1	0	13	6	0	55	126	0	3	0	0	5	0	98	82	0	3	0	1	3	0	124	41	0	2	0	0	0	11	143	4	0	0	0	1	0	23	96	0	2	0	
0	0	0	0	0	0	0	0	1	0	14	105	134	132	26	0	4	0	114	232	204	255	77	0	0	1	8	0	191	208	4	0	1	0	13	197	214	20	0	1	0	19	205	231	57	70	38	0	0	91	255	209	177	102	10	0	0	5	37	30	6	0	0	0	
0	0	1	1	0	1	0	0	0	1	0	28	81	7	0	0	1	0	26	169	152	105	0	4	4	0	126	61	74	114	0	4	3	0	105	111	174	34	0	1	0	0	0	116	191	0	1	0	0	2	0	46	143	0	3	0	0	1	0	21	56	0	1	0	
0	0	0	0	3	41	14	0	0	1	1	3	169	165	40	0	0	4	0	141	177	27	50	0	3	0	83	207	124	180	207	43	0	39	237	199	171	92	169	13	0	130	255	245	144	155	43	0	0	24	89	86	37	1	1	1	0	0	0	0	0	2	2	0	
0	0	0	0	0	0	0	0	0	3	0	131	104	0	3	0	0	4	0	132	152	0	4	0	0	3	0	95	155	0	4	0	0	3	0	84	190	0	2	0	0	2	0	61	211	0	0	1	0	1	0	12	171	34	0	2	0	0	0	0	0	0	0	0	
0	0	0	1	1	3	0	0	0	0	0	1	169	62	0	2	0	3	0	98	238	38	0	2	1	0	17	165	80	120	0	3	4	0	114	108	17	149	0	2	2	0	169	54	133	85	0	3	2	0	113	188	83	0	1	0	0	0	1	3	0	2	0	0	
0	0	2	0	0	2	1	0	0	1	0	34	70	0	34	45	3	0	83	249	254	204	242	98	2	0	176	255	115	103	70	0	0	65	213	223	175	0	1	1	0	52	213	205	231	10	1	1	1	0	158	239	77	0	2	0	0	0	1	8	0	0	0	0	
0	0	0	0	0	0	0	0	0	0	2	0	123	36	0	1	0	0	1	0	176	39	0	2	0	1	0	24	159	0	0	0	0	3	0	88	149	0	3	0	0	4	0	150	104	0	3	0	0	3	0	120	61	0	2	0	0	0	0	0	1	0	0	0	
0	0	0	0	4	2	0	0	1	0	12	126	186	91	43	1	4	0	100	179	44	222	105	0	1	0	8	184	225	67	0	2	2	0	85	198	160	92	0	2	0	66	219	33	14	199	28	0	0	75	186	140	131	110	9	0	0	0	5	8	0	0	0	0	
0	0	0	0	1	1	0	0	0	1	0	38	194	124	0	1	0	2	0	157	100	169	28	0	0	1	2	4	25	153	4	0	0	6	109	137	212	95	0	3	0	126	138	118	125	152	117	5	0	66	149	56	0	9	78	18	0	0	1	0	4	1	0	0	
0	0	0	0	18	30	1	0	1	0	6	153	169	201	34	0	1	0	16	78	26	178	13	0	0	4	0	4	168	72	0	3	1	0	12	160	93	27	38	0	0	90	239	206	137	187	85	0	10	137	94	45	28	0	0	0	0	0	0	0	0	1	1	0	
0	0	0	0	4	0	0	0	1	0	20	140	166	52	0	2	2	0	88	83	59	132	0	3	0	1	0	29	160	20	0	1	2	0	58	149	144	56	0	2	0	0	51	0	60	127	0	3	2	0	124	145	115	29	0	1	0	0	0	12	3	0	0	0	
0	0	0	0	0	0	0	0	0	1	0	68	122	115	9	0	2	0	27	235	144	61	0	0	1	0	26	221	30	0	1	0	0	2	0	105	214	13	0	1	0	0	7	0	137	131	0	4	1	0	23	154	196	99	0	4	0	0	0	21	56	5	0	0	
0	0	0	1	0	14	12	0	0	0	1	3	0	106	35	0	0	0	5	8	18	121	0	1	2	0	58	69	55	80	0	3	0	9	174	110	176	61	0	2	0	39	56	51	117	0	2	0	0	2	0	50	28	0	1	0	0	1	3	0	1	0	0	0	
0	0	5	13	4	0	0	0	0	15	153	149	162	44	0	2	0	19	34	0	138	120	0	4	1	0	33	133	246	81	0	3	0	89	126	0	34	181	26	0	0	38	155	90	0	149	92	0	1	0	25	115	165	160	21	0	0	1	1	0	1	2	0	0	
0	0	0	1	0	0	0	0	0	0	0	7	70	115	116	0	0	0	1	180	115	69	75	0	2	0	109	227	92	0	1	0	0	0	10	14	148	114	0	3	0	118	44	0	58	150	0	3	0	91	186	147	136	36	0	2	0	0	10	29	3	0	0	0	
0	0	0	0	9	23	0	1	0	0	3	0	94	104	0	3	0	0	0	8	165	16	0	1	0	3	0	85	116	0	3	0	0	2	0	166	173	0	0	1	1	0	13	198	171	1	0	0	0	0	0	114	50	0	2	0	0	0	0	0	1	0	0	0	
0	0	0	0	19	52	0	1	0	0	4	0	120	99	0	3	0	2	0	47	153	0	1	0	1	0	1	167	53	22	0	0	3	0	102	94	97	189	0	1	1	0	155	146	206	55	0	2	1	0	25	76	28	0	1	0	0	0	0	0	0	2	0	0	
0	1	1	0	0	0	2	0	1	0	32	140	94	55	3	0	0	4	184	139	75	145	149	0	0	86	138	0	2	4	182	32	0	154	96	0	0	45	200	13	0	135	94	0	28	199	91	0	0	34	146	116	174	72	0	2	1	0	16	57	16	0	3	0	
0	0	1	2	3	3	0	0	0	1	1	0	0	5	6	0	3	0	70	100	70	135	37	0	0	17	179	75	90	154	0	3	0	29	53	0	116	51	0	2	0	1	0	35	130	0	1	0	0	1	0	139	46	0	2	0	1	0	38	107	0	2	0	0	
0	0	0	2	3	0	0	0	1	0	99	144	161	67	0	2	0	40	169	8	42	188	9	0	0	21	43	0	0	174	26	0	2	0	65	123	123	153	0	2	0	33	191	115	255	165	0	1	0	4	134	173	61	95	11	0	0	0	3	4	0	0	0	0	
0	0	0	0	8	5	0	0	0	2	0	47	131	41	0	2	0	0	0	132	52	74	0	3	0	2	0	108	156	51	0	2	0	3	0	137	178	0	3	0	3	0	81	122	126	6	0	0	3	0	74	134	68	0	2	0	0	0	0	12	1	0	0	0	
0	0	6	11	0	4	0	0	1	0	36	127	0	2	0	0	2	0	60	133	8	106	6	0	4	0	122	94	110	204	21	0	4	0	131	98	176	127	0	0	4	0	93	220	223	46	0	2	0	0	0	87	51	0	2	0	0	0	1	0	1	2	0	0	
0	0	1	2	0	0	0	0	0	1	1	2	65	39	0	1	1	0	14	103	87	114	1	0	0	0	114	37	42	148	0	1	0	15	163	81	138	79	0	3	1	0	20	23	131	9	0	0	0	2	0	77	101	0	3	0	0	1	0	59	19	0	1	0	
0	0	0	5	5	0	0	0	1	0	20	104	51	4	0	0	3	0	79	111	63	71	0	3	0	1	0	98	188	15	0	1	0	1	0	25	197	30	0	2	0	3	0	96	182	25	0	1	0	1	0	140	82	0	2	0	0	0	0	1	1	0	0	0	
0	0	0	2	1	0	0	0	0	0	4	0	78	188	14	0	0	3	0	72	160	167	78	0	2	0	35	203	17	99	89	0	0	3	185	65	1	161	26	0	0	101	156	17	163	71	0	3	0	87	189	141	44	0	2	0	0	0	6	2	0	2	0	0	
0	1	1	2	1	0	0	0	0	0	9	3	7	19	12	0	0	9	189	197	193	236	223	31	0	79	231	133	46	83	249	37	0	127	143	0	0	111	169	0	0	111	210	50	157	233	26	0	0	10	189	232	165	43	0	2	0	0	6	14	0	1	1	0	
0	0	0	0	2	3	0	0	0	0	2	0	63	77	0	3	0	0	3	0	139	47	0	2	0	1	0	38	153	0	1	0	0	3	0	122	91	0	3	0	1	0	28	167	5	0	0	0	3	0	82	82	0	3	0	0	0	0	1	1	0	0	0	0	
0	0	0	1	0	1	0	0	0	0	3	0	127	67	0	3	0	4	0	95	255	40	0	2	2	0	57	167	213	62	0	3	0	46	245	147	213	182	20	0	0	85	156	76	161	184	0	1	0	0	2	0	70	119	0	3	0	2	4	4	2	2	0	0	
0	0	0	0	3	3	0	0	0	1	0	33	149	137	20	0	1	0	8	153	35	129	70	0	0	1	1	0	15	145	8	0	0	4	56	72	137	47	0	2	0	116	112	163	169	107	79	0	0	105	110	14	0	74	36	0	0	1	1	1	2	0	0	0	
0	0	1	0	0	0	0	0	0	0	1	0	19	54	0	2	2	0	64	44	37	93	0	3	4	0	119	68	31	75	0	2	0	6	140	102	130	98	0	1	0	8	31	0	124	46	0	2	0	0	3	0	85	14	0	0	0	0	1	0	1	0	0	0	
0	0	0	0	0	0	0	0	0	1	0	67	145	43	0	2	0	1	0	44	143	132	0	4	2	0	43	142	191	31	0	2	1	0	41	55	47	121	0	0	0	14	14	0	46	140	0	1	0	65	156	69	113	30	0	1	0	1	50	37	0	1	0	0	
0	0	0	0	0	0	0	0	0	2	0	48	127	0	2	0	0	2	0	55	204	0	0	0	0	1	0	36	188	0	0	0	0	3	0	68	187	0	1	0	0	3	0	96	188	0	2	0	0	2	0	68	147	0	2	0	0	0	0	0	0	0	0	0	
0	0	0	2	1	0	22	6	0	0	1	1	0	21	114	1	0	2	0	58	15	94	50	0	2	0	49	101	37	117	0	2	0	4	185	113	161	112	1	0	0	50	79	99	104	0	2	0	0	0	0	69	9	0	1	0	0	1	3	0	1	0	0	0	
1	0	32	41	0	1	0	0	0	34	146	163	141	0	0	0	0	11	10	0	191	79	0	3	0	0	8	0	116	119	0	4	0	0	2	0	142	48	0	2	0	3	139	191	207	143	98	0	0	6	145	124	48	67	36	0	0	0	0	0	0	0	0	0	
0	0	0	1	1	0	0	0	0	0	1	0	4	18	31	5	0	2	0	77	164	114	116	13	1	0	26	184	66	0	2	0	2	0	70	119	103	8	1	1	0	57	43	0	138	23	0	1	0	41	118	126	65	0	1	0	0	0	0	0	0	0	0	0	
0	0	0	0	0	0	0	0	0	0	37	61	7	0	0	0	0	6	89	107	81	0	3	0	0	2	0	48	76	0	4	0	1	0	6	130	41	0	1	0	1	0	23	111	79	68	42	13	0	0	0	0	1	13	28	18	0	0	1	3	0	0	0	0	
0	1	0	2	0	49	10	0	0	2	4	0	57	142	0	1	0	1	0	25	164	24	0	1	1	0	7	165	51	55	24	0	2	0	119	72	86	208	55	0	0	13	163	123	202	62	0	1	1	0	44	87	37	0	1	0	0	0	0	0	0	2	0	0	
0	0	0	1	0	0	0	0	0	1	0	15	49	0	0	0	0	1	0	87	145	4	0	0	1	0	19	118	113	3	0	0	0	0	0	80	134	1	0	0	0	0	0	0	102	7	0	0	0	0	0	0	109	8	0	0	0	0	0	0	47	3	0	0	
0	0	0	2	1	3	0	0	0	0	1	3	4	3	5	0	0	2	0	127	87	139	60	0	2	0	100	159	75	148	3	0	0	1	74	0	97	43	0	2	0	2	0	59	117	0	3	0	1	0	22	134	18	0	1	0	2	0	85	55	0	2	0	0	
0	0	0	0	0	0	0	0	0	1	0	76	147	30	0	1	1	0	16	97	172	92	0	3	0	1	0	16	161	14	0	1	0	2	0	143	92	0	3	0	0	0	6	157	10	0	1	0	0	2	0	109	157	83	8	0	0	0	0	0	51	28	0	1	
0	0	0	0	2	4	0	0	0	1	0	17	64	130	35	0	0	1	0	104	59	118	4	0	0	1	0	110	129	35	0	2	0	0	0	131	131	0	3	0	0	7	124	73	88	0	1	0	0	30	131	81	33	0	1	0	0	0	6	5	0	0	0	0	
0	0	1	1	0	0	2	1	0	1	0	40	74	0	3	0	0	2	0	174	88	0	82	60	3	0	112	132	0	54	157	3	0	47	237	127	132	212	38	0	0	33	100	70	195	71	0	3	0	2	0	52	160	0	3	0	0	1	4	5	6	1	0	0	
0	0	1	2	0	0	0	0	0	1	0	4	65	44	0	1	1	0	24	105	56	117	13	0	0	0	139	53	60	128	0	0	0	3	99	78	143	30	0	1	0	2	0	72	95	0	3	0	1	0	19	136	11	0	0	0	1	0	34	45	0	2	0	0	
0	1	0	0	0	1	1	0	0	2	5	2	3	1	0	0	0	82	67	0	0	14	31	0	21	147	120	100	72	162	86	0	14	21	3	116	172	166	5	0	0	2	2	0	36	79	0	3	1	1	1	0	37	74	0	3	0	0	0	0	3	7	0	0	
0	0	0	1	2	0	1	0	0	0	2	0	9	162	130	0	0	1	0	23	163	100	113	0	1	0	13	177	54	37	92	0	2	0	155	88	0	126	39	0	0	65	158	0	117	81	0	2	0	46	173	143	60	0	1	0	0	0	6	3	0	2	0	0	
0	0	0	0	0	0	0	0	0	0	0	7	94	0	0	0	0	1	0	26	124	0	2	0	0	1	0	34	114	0	3	0	0	1	0	40	110	0	3	0	0	2	0	57	124	0	3	0	0	2	0	46	99	0	3	0	0	0	0	0	0	0	0	0	
0	0	0	0	1	1	0	0	0	0	3	0	79	76	0	3	0	0	2	0	129	44	0	2	0	1	0	37	112	0	2	0	0	3	0	109	71	0	2	0	1	0	11	151	8	0	0	0	2	0	64	109	0	3	0	0	0	0	2	2	0	0	0	0	
1	0	47	10	0	3	0	0	0	7	155	11	0	1	0	0	0	24	110	0	6	61	6	0	0	24	108	0	88	217	62	0	0	1	162	43	137	99	89	0	3	0	78	205	223	140	9	0	0	1	0	30	64	10	0	1	0	0	2	0	0	2	1	0	
0	0	0	1	0	0	0	0	0	0	0	4	82	31	0	1	0	2	0	120	124	120	0	2	0	0	3	2	39	71	0	2	0	64	112	105	158	77	99	20	0	67	113	91	43	55	30	0	0	0	0	0	0	0	0	0	0	1	1	3	2	2	1	0	
0	0	3	1	1	2	0	0	0	0	0	54	18	0	1	0	2	0	108	187	161	59	0	2	0	6	217	48	29	158	0	1	0	2	50	0	38	154	0	1	0	0	3	0	140	98	0	3	0	2	0	56	158	0	0	0	0	1	0	45	32	0	1	0	
0	0	0	0	0	0	0	0	0	1	0	59	135	78	14	0	0	0	0	83	58	181	51	0	0	0	6	23	97	85	0	1	2	0	91	138	159	50	0	2	2	21	3	0	86	86	0	3	0	107	133	93	100	6	0	0	0	3	49	31	0	1	0	0	
0	0	0	0	0	0	0	0	0	3	0	81	82	0	3	0	0	3	0	96	121	0	4	0	0	3	0	95	114	0	4	0	0	3	0	87	138	0	4	0	0	2	0	58	170	0	2	0	0	1	0	24	133	2	0	0	0	0	0	0	0	0	0	0	
0	0	0	1	0	1	2	0	0	0	1	1	0	27	76	0	0	1	0	31	1	104	43	0	1	0	38	98	62	82	0	2	0	8	134	124	172	70	8	0	0	17	23	100	44	0	1	0	2	0	42	79	0	2	0	0	0	0	5	3	1	0	0	0	
0	0	0	1	0	0	0	0	0	0	0	11	79	0	0	0	0	3	0	78	228	4	0	1	1	0	13	197	204	8	0	1	0	0	4	38	172	15	0	1	0	1	0	21	194	12	0	1	0	2	0	47	200	5	0	1	0	0	0	2	22	0	0	0	
0	0	0	2	0	0	0	0	0	0	2	1	34	84	101	20	0	2	0	81	146	50	38	8	2	0	56	218	87	0	2	0	1	0	28	0	129	58	0	2	0	80	117	60	120	51	0	2	0	7	84	115	45	0	1	0	0	0	0	0	1	1	0	0	
0	0	0	0	0	0	0	0	0	2	0	70	79	0	2	0	0	4	0	119	127	0	4	0	0	4	0	116	122	0	4	0	0	4	0	113	167	0	3	0	0	3	0	69	217	0	0	0	0	2	0	50	157	0	1	0	0	0	0	0	0	0	0	0	
0	0	0	0	6	22	0	0	0	0	4	0	105	102	0	3	0	2	0	49	149	4	0	1	2	0	36	143	16	64	15	0	0	13	140	17	100	213	29	0	0	32	152	155	167	34	0	1	1	0	33	107	0	0	1	0	0	0	1	0	1	2	0	0	
0	1	0	0	0	0	1	0	0	6	21	19	27	26	0	0	0	67	84	27	131	221	54	0	9	66	0	2	0	34	145	0	0	118	49	0	0	56	110	0	0	54	187	146	115	144	52	0	1	0	9	43	20	0	1	0	0	2	1	0	0	3	2	0	
0	0	0	3	3	4	0	0	0	0	2	0	0	1	10	0	0	1	0	103	136	121	107	0	2	0	124	135	56	184	18	0	0	25	125	0	106	51	0	2	0	3	0	103	99	0	3	0	2	0	65	133	0	2	0	0	0	0	113	29	0	1	0	0	
0	0	1	0	1	1	0	0	0	1	0	55	65	0	1	0	2	0	50	165	167	42	0	2	4	0	123	118	176	99	0	4	2	0	43	174	212	37	0	2	0	0	1	0	168	34	0	1	0	2	0	47	206	8	0	1	0	1	0	28	67	0	1	0	
0	0	0	1	1	2	0	0	0	0	0	4	76	137	21	0	0	2	0	97	78	138	6	0	0	3	0	113	140	44	0	2	0	1	0	150	117	0	4	0	3	0	97	121	104	0	1	0	2	0	99	106	60	0	2	0	0	0	3	10	0	0	0	0	
0	0	0	0	0	0	0	0	0	0	54	64	61	21	0	1	2	0	171	140	114	37	0	2	3	0	91	79	0	2	0	0	2	0	28	164	158	10	0	1	0	0	3	0	107	106	0	3	0	0	4	0	85	141	0	4	0	0	1	0	70	25	0	1	
0	0	0	2	0	0	0	0	0	0	1	0	20	14	0	0	0	0	5	79	76	141	88	0	1	0	112	54	49	136	38	0	0	3	115	65	121	30	0	1	0	1	0	92	65	0	3	0	2	0	55	112	0	3	0	0	0	0	96	21	0	2	2	0	
0	0	1	1	0	0	1	1	0	3	0	63	177	130	26	0	1	0	16	198	52	90	166	0	3	0	151	105	0	0	158	42	0	60	183	0	0	14	182	30	0	146	140	10	95	187	92	0	0	42	183	173	131	34	0	1	0	0	0	0	0	0	2	0	
0	0	0	1	0	1	1	0	0	2	0	40	198	83	0	2	0	2	0	149	91	140	20	0	3	0	88	151	0	145	51	0	0	0	169	30	26	174	3	0	0	49	156	27	156	57	0	2	0	14	147	155	45	0	2	0	0	0	4	3	0	2	0	0	
0	0	0	1	0	0	0	0	0	1	0	11	137	115	16	0	0	4	0	79	210	179	45	0	0	3	0	108	99	0	3	0	0	20	7	55	144	0	4	0	0	73	134	15	167	0	0	0	0	0	129	185	122	0	2	0	0	0	2	39	8	0	0	0	
0	0	0	2	0	0	0	0	0	0	1	0	19	19	0	0	0	1	0	77	111	147	25	0	2	0	66	98	73	122	0	2	3	0	103	107	139	50	0	2	0	0	0	29	125	0	1	0	0	3	0	105	73	0	2	0	0	0	0	89	11	0	0	0	
0	0	0	0	1	0	0	0	0	1	0	72	20	0	1	0	0	3	0	100	93	0	3	0	0	2	0	51	106	0	3	0	0	1	0	32	111	0	3	0	0	1	0	19	129	0	1	0	0	0	1	0	119	22	0	1	0	0	1	0	19	10	0	0	
0	0	0	2	0	0	0	0	0	0	2	0	35	60	2	0	0	0	0	81	94	151	28	0	3	0	95	115	64	124	0	1	2	0	65	71	131	43	0	2	0	2	0	62	105	0	2	0	1	0	23	136	13	0	1	0	1	0	37	38	0	1	0	0	
0	0	0	2	0	1	7	0	0	0	2	0	48	150	63	0	0	2	0	75	183	49	0	1	1	0	26	216	47	0	2	0	3	0	114	174	155	40	0	2	0	3	159	2	145	92	0	3	2	0	72	160	129	3	0	1	0	0	0	7	1	0	0	0	
0	0	0	1	0	0	0	0	0	0	0	0	67	108	5	0	0	2	0	69	141	129	0	1	0	3	0	95	153	19	0	1	0	2	0	116	121	0	4	0	2	0	55	90	88	0	2	0	0	11	145	99	44	0	2	0	0	1	38	21	0	1	0	0	
0	0	0	2	0	6	6	0	0	0	2	0	91	160	75	0	0	1	0	141	135	0	2	1	3	0	107	128	0	82	16	0	1	0	157	89	106	166	97	0	3	0	126	244	134	138	28	0	1	0	27	136	70	15	0	1	0	0	1	0	0	1	1	0	
0	0	0	2	0	0	0	0	0	0	2	0	46	45	0	1	0	0	0	68	89	133	0	1	2	0	68	62	68	101	0	3	0	0	125	78	138	23	0	1	0	1	2	69	81	0	2	0	1	0	10	119	14	0	0	0	1	0	29	49	0	2	0	0	
0	0	0	47	25	0	1	0	2	0	90	121	129	21	0	1	0	0	41	0	81	99	0	4	0	0	2	0	58	105	0	4	0	3	94	93	167	68	0	3	0	43	163	93	190	141	7	0	0	0	59	73	3	64	22	0	0	0	0	0	2	1	0	0	
0	0	0	1	0	0	0	0	0	0	0	0	62	106	9	0	0	2	0	90	106	140	10	0	0	0	1	106	106	60	0	2	0	3	0	119	128	0	3	0	1	0	16	148	79	0	3	0	3	0	108	150	24	0	1	0	1	0	21	26	0	0	0	0	
0	0	1	2	0	1	0	0	0	0	0	2	9	0	0	0	1	0	24	139	220	72	0	3	2	0	115	36	70	165	0	3	2	0	145	52	92	160	0	3	1	0	31	110	128	100	0	3	0	0	3	0	101	44	0	2	0	0	2	1	86	8	0	0	
0	0	0	0	0	1	3	0	0	0	1	2	0	25	68	0	0	1	1	6	0	80	25	0	1	0	15	89	57	93	0	2	0	1	127	148	164	83	4	0	0	32	51	77	71	0	2	0	1	0	14	77	0	1	0	0	0	0	4	2	1	0	0	0	
0	1	3	0	3	3	1	0	0	63	55	0	2	0	1	1	0	110	29	0	66	92	19	0	0	108	21	41	116	56	124	0	0	68	113	57	61	0	90	54	1	0	82	146	146	67	92	20	0	1	0	11	42	27	4	0	0	0	3	0	0	0	1	1	
0	0	0	0	1	3	2	0	0	0	0	2	0	96	25	0	0	0	2	0	53	115	0	2	0	0	3	0	132	26	0	1	0	3	0	89	106	0	3	0	1	0	21	148	11	0	0	0	2	0	81	56	0	2	0	0	0	0	4	1	1	0	0	0	
0	0	0	2	7	0	0	0	0	0	0	109	134	92	5	0	0	0	4	14	11	172	31	0	0	1	0	9	101	52	0	2	1	0	25	75	3	0	0	0	0	15	152	84	34	12	0	0	0	21	97	110	142	65	0	3	0	0	0	0	1	2	0	0	
0	0	2	3	1	1	0	1	0	1	1	0	0	7	9	0	2	0	54	131	86	172	55	27	0	38	168	22	64	119	4	44	0	30	30	10	134	11	4	24	0	2	0	123	73	0	13	37	2	0	69	129	0	0	13	41	1	0	98	24	0	1	0	0	
0	0	0	4	2	0	0	0	2	0	77	161	116	0	1	0	1	0	5	109	153	0	2	0	0	1	0	37	103	0	1	0	0	0	2	0	79	67	0	2	1	0	19	113	144	137	0	4	2	0	40	187	111	13	0	1	0	0	0	0	0	0	0	0	
0	0	0	2	0	3	2	0	0	0	1	1	9	0	0	0	0	2	0	92	153	109	71	0	1	0	137	119	0	143	45	0	0	16	100	0	92	71	0	2	0	2	0	54	128	0	2	0	1	0	26	138	18	0	1	0	2	0	78	50	0	2	0	0	
0	0	0	0	1	1	0	0	0	67	126	52	11	0	0	0	0	121	181	179	214	49	0	2	0	3	0	67	255	109	0	4	0	2	1	18	104	201	8	0	0	1	0	1	128	205	2	0	2	0	39	214	194	38	0	2	1	0	13	35	0	1	1	0	
0	0	0	0	1	1	0	0	0	1	0	29	148	108	0	1	1	0	6	115	64	133	16	0	1	0	35	136	167	93	0	3	2	0	45	130	27	114	8	0	0	73	72	0	41	91	0	1	0	34	167	110	86	13	0	1	0	0	2	12	0	1	0	0	
0	2	0	0	0	3	1	0	1	0	40	90	47	0	1	0	0	81	198	126	200	132	0	0	0	186	68	0	9	216	87	0	0	159	120	0	0	190	95	0	0	25	180	175	159	255	75	0	0	0	2	39	16	143	138	0	0	1	2	1	0	31	59	0	
0	0	0	1	2	0	0	0	0	0	1	2	0	16	39	4	0	1	0	8	88	90	68	7	1	0	17	147	119	0	0	0	0	13	30	12	68	58	0	2	0	45	119	107	94	14	0	1	0	0	16	33	6	0	0	0	0	1	1	0	1	1	0	0	
0	1	0	29	44	0	0	0	2	0	34	165	162	12	0	0	3	0	150	63	0	4	0	0	0	18	150	38	105	96	31	0	0	9	196	141	72	50	135	26	3	0	134	145	9	24	126	20	0	0	1	75	119	125	44	0	0	0	1	0	0	0	1	1	
0	0	0	0	1	2	2	0	0	0	0	3	0	101	55	0	0	0	2	0	45	140	0	0	0	0	0	4	148	35	0	1	0	3	0	103	107	0	3	0	2	0	55	156	0	1	0	0	1	0	125	41	0	1	0	0	0	1	3	1	1	0	0	0	
0	0	10	8	0	0	0	0	2	0	75	167	129	7	0	1	0	0	3	0	143	92	0	3	0	0	0	112	179	10	0	1	0	1	0	64	166	30	0	1	3	0	90	81	69	146	0	4	1	0	27	158	169	60	0	2	0	0	0	3	5	0	0	0	
0	0	0	1	2	0	3	0	0	0	2	0	18	182	79	0	0	2	0	22	150	106	110	0	1	0	13	176	63	9	107	0	0	0	142	74	0	98	103	0	0	108	89	0	89	109	5	0	0	90	141	116	60	0	1	0	0	1	13	1	0	2	1	0	
0	0	2	2	0	0	0	0	0	0	0	0	18	41	50	4	1	0	61	108	79	48	125	12	1	0	46	22	0	89	32	0	0	1	0	1	95	48	0	2	1	0	17	138	51	0	3	0	0	31	128	59	0	2	0	0	0	51	28	0	1	0	0	0	
0	0	0	2	1	0	0	0	0	0	3	0	46	186	48	0	0	3	0	53	128	83	119	0	2	0	67	135	0	27	118	0	0	41	158	9	0	76	63	0	0	130	41	0	63	116	3	0	0	94	120	87	41	4	0	0	0	4	15	1	0	2	1	0	
0	1	1	0	6	0	0	0	1	0	23	112	146	52	0	2	0	20	172	45	115	44	0	2	0	26	126	125	201	62	1	0	0	2	0	137	74	98	101	0	1	0	25	129	0	35	127	0	1	0	8	132	129	146	36	0	0	0	0	6	15	2	0	0	
0	0	0	1	0	0	0	0	0	1	0	4	154	175	1	0	0	1	0	168	145	162	38	0	0	0	16	65	15	119	0	0	0	0	34	71	191	71	0	3	0	65	80	124	125	118	3	0	0	94	120	58	0	75	28	0	0	4	9	0	3	1	0	0	
0	0	1	1	0	0	0	0	0	2	0	59	120	40	0	1	1	0	31	140	42	161	0	0	2	0	57	99	83	100	0	2	0	1	0	181	142	0	2	0	3	0	67	133	86	3	0	0	2	0	48	137	89	0	2	0	0	0	0	39	11	0	0	0	
0	0	1	4	0	0	0	0	0	0	2	0	18	17	0	0	1	0	26	126	165	201	8	0	0	0	169	92	38	133	0	2	0	11	52	0	118	62	0	2	0	1	0	29	138	0	1	0	0	3	0	115	74	0	2	0	0	0	1	98	10	0	0	0	
0	0	0	1	0	0	0	0	0	2	0	59	58	0	2	0	0	2	0	140	46	0	2	0	2	0	45	141	3	14	0	0	1	0	14	108	199	98	0	3	0	1	0	26	155	6	0	0	0	3	0	79	93	0	3	0	0	0	0	10	7	0	0	0	
0	0	0	2	1	0	0	0	0	0	1	0	6	13	0	0	0	2	0	52	159	144	0	3	1	0	13	184	144	77	0	3	1	0	16	48	122	17	0	1	0	2	0	63	113	0	3	0	0	2	0	133	39	0	1	0	1	0	15	99	0	1	0	0	
0	0	0	0	1	0	0	0	1	0	36	118	30	0	1	0	0	5	86	47	144	0	0	0	0	22	89	49	204	76	0	3	1	0	117	139	22	116	3	0	0	0	0	1	0	97	11	0	0	2	0	75	144	94	0	2	0	1	0	36	50	0	0	0	
0	0	0	2	0	0	0	0	0	0	0	0	50	113	5	0	0	1	0	88	163	154	0	1	2	0	56	134	84	18	0	1	0	2	0	142	106	0	4	0	1	0	26	85	96	0	2	0	3	0	82	148	51	0	2	0	1	0	12	39	0	0	0	0	
0	0	1	0	0	0	0	0	0	1	0	51	141	67	0	2	3	0	89	204	155	209	14	0	1	0	72	58	137	185	0	0	0	2	0	154	236	39	0	2	0	22	85	0	108	120	0	4	0	6	150	228	222	62	0	3	0	0	1	42	29	0	0	0	
0	0	0	1	0	0	0	0	0	0	0	0	145	95	0	3	0	2	0	76	130	87	0	3	0	1	3	4	71	63	0	2	0	1	28	104	171	0	0	0	0	63	112	93	137	28	0	1	0	34	70	0	59	42	0	2	0	0	0	1	2	0	0	0	
0	1	0	0	1	3	0	0	0	0	12	30	15	0	0	0	0	66	161	174	183	135	0	1	0	21	15	0	98	183	0	2	0	1	0	14	204	49	0	2	0	3	0	75	172	0	3	0	0	1	0	172	64	0	2	0	0	0	4	120	10	0	0	0	
0	0	0	1	1	1	0	0	0	0	3	0	76	181	23	0	0	2	0	45	139	123	68	0	1	0	17	154	20	123	29	0	2	0	137	55	37	114	0	2	0	55	141	32	95	8	0	1	0	48	158	87	7	0	1	0	0	0	7	0	1	1	0	0	
0	0	1	0	0	2	0	0	1	0	14	72	0	1	0	0	3	0	81	166	0	105	0	0	4	0	158	118	106	192	0	1	3	0	164	226	219	176	0	3	1	0	22	0	115	144	0	4	0	0	4	0	122	116	0	4	0	0	2	0	14	14	0	1	
0	0	0	0	0	1	0	0	0	0	1	0	42	98	0	3	0	0	3	0	105	84	0	3	0	1	0	17	138	4	0	0	0	3	0	112	86	0	3	0	2	0	36	161	2	0	0	0	3	0	101	68	0	2	0	0	0	0	2	1	0	0	0	0	
0	0	2	0	0	0	1	0	0	1	0	71	165	116	0	0	3	0	114	239	165	255	93	0	0	37	248	69	0	130	222	0	0	102	220	0	0	182	161	0	0	102	246	88	215	199	11	0	0	20	208	240	129	12	0	1	1	0	17	21	0	2	1	0	
0	0	0	0	1	6	0	0	0	1	0	34	117	160	42	0	0	1	0	107	57	92	80	0	0	1	0	0	0	128	21	0	0	9	48	70	152	98	0	3	6	118	58	109	165	68	0	3	1	110	103	53	3	15	0	0	0	6	9	0	3	0	0	0	
0	0	0	0	3	1	0	0	0	11	62	17	0	1	0	0	0	13	142	194	129	2	0	1	0	1	0	2	163	120	0	4	0	1	6	0	99	152	0	4	0	0	3	0	163	80	0	3	0	2	0	61	183	0	0	1	0	2	0	50	48	0	1	0	
0	0	0	0	50	5	0	0	0	1	0	40	155	0	1	0	0	3	0	141	79	0	8	0	3	0	74	150	0	132	129	0	0	15	154	9	106	177	49	0	0	64	160	107	192	47	0	1	0	5	72	70	7	0	2	0	0	0	0	0	2	2	0	0	
0	3	2	0	0	1	2	0	0	0	0	1	19	13	0	0	0	112	172	147	129	169	127	0	0	74	77	2	0	145	89	0	0	1	0	26	114	151	0	2	3	0	96	188	188	117	87	0	0	0	1	106	101	0	3	0	0	2	0	97	39	0	2	0	
0	0	0	0	0	0	0	0	0	0	3	67	120	102	0	1	1	0	14	102	143	160	0	3	1	0	43	107	183	48	0	2	2	0	76	89	53	136	0	2	0	11	7	0	44	129	0	2	0	64	183	84	120	27	0	1	0	0	44	48	8	0	0	0	
0	0	0	0	0	0	0	0	0	0	5	17	42	30	0	1	2	0	42	96	161	57	0	2	0	0	1	0	115	28	4	0	1	0	59	116	176	81	9	0	1	0	30	127	93	0	3	0	0	0	1	122	12	0	1	0	0	0	12	49	0	1	0	0	
0	0	0	0	0	0	0	0	1	0	22	123	101	26	0	1	0	0	7	28	130	89	0	3	2	0	90	145	166	77	0	2	1	0	48	25	1	136	10	0	0	9	4	0	47	120	0	1	0	78	171	68	101	17	0	1	0	3	46	52	8	0	1	0	
0	0	1	1	0	0	0	0	0	0	0	18	21	25	28	2	2	0	38	179	184	192	126	9	4	0	116	152	3	2	0	0	0	0	2	83	117	0	2	1	0	66	43	35	179	8	0	1	0	33	130	151	68	0	2	0	0	0	0	0	0	0	0	0	
0	0	2	2	0	0	0	0	0	0	0	0	9	16	5	0	1	0	55	89	74	167	26	0	0	16	124	16	42	126	0	2	0	1	2	0	136	42	0	2	0	2	0	67	113	0	3	0	1	0	13	142	19	0	1	0	3	0	68	80	0	2	0	0	
0	0	2	0	0	2	1	0	0	0	4	15	66	158	110	0	3	0	114	129	0	14	186	45	0	22	199	17	0	2	173	31	0	98	140	0	0	77	161	0	0	157	117	28	137	201	38	0	0	60	183	172	122	18	0	1	0	0	1	0	0	1	2	0	
0	0	0	0	0	0	0	0	1	0	14	107	134	76	3	0	1	0	11	55	67	178	30	0	1	0	42	103	157	127	0	2	1	0	27	37	6	120	13	0	0	19	4	0	59	104	0	2	0	122	127	59	94	9	0	1	0	11	52	27	1	1	0	0	
0	0	1	0	26	10	0	0	0	1	0	14	178	28	0	1	0	3	0	146	94	0	3	0	0	1	0	193	185	27	0	1	2	0	52	140	176	139	0	4	2	0	43	147	63	108	0	3	0	1	0	80	135	28	0	1	0	0	0	0	0	0	0	0	
0	0	0	0	0	0	0	0	1	0	38	128	108	74	11	0	2	0	58	76	29	174	56	0	1	0	27	87	184	104	0	3	2	0	80	113	75	123	3	0	0	13	22	0	0	130	17	0	0	35	171	65	128	74	0	2	1	0	30	51	23	0	0	0	
0	0	1	2	0	1	0	0	0	0	1	0	3	63	1	0	1	0	19	92	45	128	0	3	2	0	146	67	103	84	0	2	1	0	105	125	202	108	0	0	0	2	0	68	111	0	3	0	0	3	0	77	68	0	3	0	0	0	0	10	8	0	0	0	
0	0	1	1	0	1	0	0	0	0	1	1	0	26	46	0	1	0	34	33	0	110	63	0	0	0	144	34	36	141	6	2	0	121	156	79	192	126	47	0	2	48	0	76	117	0	2	0	0	0	0	121	20	0	2	0	0	1	2	9	1	0	0	0	
0	0	0	0	0	0	0	0	0	1	0	79	13	0	0	0	0	3	0	125	45	0	2	0	0	3	0	102	80	0	3	0	0	2	0	61	123	0	3	0	0	1	0	15	148	5	0	0	0	0	2	0	118	43	0	2	0	0	0	0	0	0	0	0	
0	0	0	0	11	61	0	1	0	0	4	0	108	114	0	3	0	2	0	64	158	1	0	1	2	0	40	165	19	15	1	0	1	0	151	23	89	206	0	0	0	0	130	110	223	86	0	2	1	0	12	68	44	0	1	0	0	0	1	0	0	2	0	0	
0	0	2	0	1	1	0	0	0	1	0	42	41	0	1	0	2	0	62	84	61	106	0	2	2	0	109	85	148	95	0	3	0	0	10	38	134	13	0	1	0	2	0	70	96	0	3	0	0	0	0	138	24	0	1	0	0	0	7	67	0	0	0	0	
0	0	1	0	34	35	0	1	0	0	2	0	138	40	0	2	0	3	0	97	112	0	3	0	2	0	39	160	3	8	4	0	0	0	133	39	15	170	88	0	0	19	153	58	185	109	16	0	1	0	44	80	45	0	0	0	0	0	0	0	0	2	1	0	
0	1	1	0	1	0	0	0	1	0	37	120	1	0	0	0	0	20	187	159	92	0	3	0	0	18	137	173	127	0	4	0	0	1	0	113	215	67	0	2	0	2	0	28	154	147	38	0	0	0	2	0	128	175	34	0	0	0	0	0	12	31	0	0	
0	0	0	0	9	69	0	0	0	0	4	0	99	108	0	3	0	3	0	56	158	3	0	1	2	0	33	169	20	8	17	0	0	10	146	33	24	151	121	0	0	47	150	101	171	74	10	0	1	0	35	66	8	0	1	0	0	0	0	0	0	2	1	0	
0	1	4	0	1	2	0	0	0	1	0	5	5	0	0	0	0	23	159	187	192	67	0	2	0	161	129	5	83	116	0	3	1	22	0	2	182	70	0	3	0	3	0	154	255	152	61	0	0	1	0	92	47	55	78	0	0	0	0	0	0	0	0	0	
0	0	0	2	0	1	0	0	0	0	1	2	0	55	52	0	0	0	4	44	0	119	28	0	2	0	60	97	36	99	0	3	0	9	163	105	156	40	0	2	0	35	40	73	86	0	3	0	0	0	0	92	14	0	0	0	0	1	3	3	0	0	0	0	
0	1	1	0	0	1	0	0	1	0	26	89	73	3	0	0	0	37	208	126	174	110	0	3	0	131	104	0	22	176	6	0	0	23	21	42	204	95	0	3	0	1	0	6	154	139	0	1	0	0	10	41	128	176	0	0	1	0	22	108	91	10	0	1	
0	0	0	2	0	0	0	0	0	0	2	0	58	31	0	1	0	0	6	87	96	139	0	2	2	0	96	65	67	125	0	3	0	0	131	74	135	28	0	1	0	1	0	70	94	0	3	0	1	0	16	127	12	0	0	0	1	0	39	47	0	2	0	0	
0	0	2	0	0	1	0	0	0	0	0	73	72	0	0	0	0	0	140	154	187	93	0	3	0	42	194	111	206	148	0	4	0	2	128	218	244	139	0	4	0	0	2	0	61	174	0	3	0	0	4	0	30	206	12	0	0	0	0	0	2	71	8	0	
0	0	0	0	1	1	0	0	0	0	0	0	1	124	16	0	0	0	2	0	72	117	0	2	0	0	0	7	154	21	0	1	0	3	0	101	106	0	3	0	1	0	26	157	5	0	0	0	3	0	86	77	0	2	0	0	0	0	1	1	0	0	0	0	
0	1	2	0	2	1	0	0	0	0	2	16	4	0	0	0	0	4	185	205	99	15	0	1	0	102	132	126	97	127	0	2	0	65	114	178	14	128	40	0	0	0	49	38	0	92	74	0	0	1	0	3	0	86	92	0	0	0	2	4	0	61	63	0	
0	0	0	3	1	0	0	0	0	0	0	0	4	27	38	3	0	1	0	97	143	99	93	8	2	0	42	162	132	11	0	1	0	2	3	0	87	60	0	2	0	71	106	49	123	16	0	1	0	7	96	127	46	0	1	0	0	0	0	0	0	0	0	0	
0	0	0	0	0	1	0	0	0	1	0	63	138	27	0	1	2	0	38	184	133	167	0	2	3	0	59	198	141	201	0	0	0	0	4	28	104	160	0	2	0	0	14	6	150	68	0	3	4	0	96	220	103	0	1	0	0	0	12	26	0	1	0	0	
0	0	0	1	1	1	0	0	0	0	2	0	56	131	16	0	0	1	0	30	148	67	117	0	1	0	5	152	35	33	121	0	3	0	118	96	0	114	41	0	0	40	145	22	92	40	0	1	0	44	162	90	12	0	2	0	0	0	6	0	0	1	0	0	
0	0	2	0	0	1	1	0	0	1	0	51	119	29	0	1	2	0	82	117	152	129	12	0	0	28	124	5	6	67	73	0	0	77	79	0	0	79	68	0	0	55	90	0	37	137	15	0	0	3	120	117	132	36	0	2	0	0	12	56	7	0	1	0	
0	0	0	2	0	0	0	0	0	0	1	0	22	23	0	0	0	0	0	72	96	120	19	0	3	0	84	105	91	58	0	1	2	0	71	81	120	11	0	1	0	2	0	77	70	0	2	0	1	0	22	127	5	0	0	0	2	0	59	56	0	2	0	0	
0	0	0	1	2	0	0	0	0	0	2	0	15	20	0	1	0	1	0	20	152	44	0	2	1	0	20	121	165	40	0	1	3	0	131	158	160	74	0	2	0	0	9	12	117	1	0	0	0	1	0	16	119	0	1	0	0	0	0	6	30	0	1	0	
0	0	0	1	0	0	0	0	0	1	0	13	108	86	6	0	0	0	1	125	55	147	51	0	1	0	33	120	60	95	0	2	0	3	0	138	134	0	1	0	1	0	8	138	99	0	3	0	3	0	68	148	80	0	2	0	0	0	5	42	10	0	0	0	
0	2	0	0	1	1	0	0	1	0	50	66	6	0	0	0	0	78	184	120	171	23	0	1	0	137	49	0	205	88	0	3	0	73	138	135	168	130	0	4	0	0	41	31	18	193	19	0	0	1	0	3	0	153	108	0	0	0	2	2	0	33	50	0	
0	0	1	0	38	23	0	1	0	2	0	68	162	150	25	0	0	2	0	55	1	128	65	0	0	1	0	0	6	118	8	0	0	19	95	106	117	26	0	1	0	125	59	103	185	66	0	2	3	67	75	35	19	77	0	2	0	0	0	0	2	0	0	0	
0	0	1	0	0	1	0	0	3	0	87	174	66	0	2	0	0	3	159	47	157	66	0	3	0	25	140	0	31	159	1	0	0	20	146	2	0	110	64	0	3	0	149	67	0	84	102	0	2	0	32	155	109	131	20	0	0	0	0	5	17	5	0	0	
0	0	0	1	1	7	0	0	0	0	2	0	66	135	24	0	0	1	0	37	131	56	100	0	0	0	4	143	21	45	112	0	3	0	103	86	0	112	45	0	0	26	151	11	76	73	0	1	0	19	154	125	44	0	2	0	0	0	6	4	0	2	0	0	
0	0	2	1	0	0	0	0	0	2	0	88	39	12	41	0	2	0	51	242	29	145	151	0	0	11	241	173	34	229	62	0	0	3	173	220	255	171	0	2	0	2	0	61	255	88	0	4	0	4	0	150	223	30	0	2	0	1	0	17	15	0	0	0	
0	0	0	1	1	8	0	0	0	0	3	0	84	107	0	2	0	2	0	41	176	85	0	3	1	0	24	154	27	136	4	0	3	0	128	66	10	118	0	1	0	15	149	14	99	30	0	1	1	0	119	153	39	0	2	0	0	0	3	5	0	1	0	0	
0	1	0	46	77	4	0	0	0	0	8	46	102	36	0	1	0	1	0	18	120	1	1	0	0	2	0	123	65	0	2	0	2	0	74	91	0	28	33	0	0	22	174	86	147	155	53	0	0	10	65	71	41	3	0	0	0	0	0	0	0	1	2	0	
0	0	0	0	1	1	0	0	0	0	1	0	39	106	0	2	0	0	4	0	125	109	0	4	0	0	0	10	160	14	0	1	0	3	0	102	118	0	3	0	1	0	6	177	33	0	1	0	2	0	57	110	0	3	0	0	0	0	0	1	1	0	0	0	
0	0	1	1	0	0	0	0	0	1	0	58	36	0	1	0	2	0	33	209	172	0	0	0	3	0	66	200	204	22	0	1	1	0	18	128	195	30	0	1	0	1	0	21	156	0	0	0	0	2	0	74	155	0	3	0	0	1	0	32	54	0	2	0	
0	0	2	3	2	3	0	0	0	1	1	0	0	0	0	0	2	0	50	150	113	143	47	0	0	18	177	68	36	180	17	0	0	66	84	0	82	116	0	3	0	0	1	1	156	28	0	1	0	3	0	81	119	0	3	0	0	2	0	134	33	0	1	0	
0	0	0	1	0	0	0	0	0	2	0	128	150	113	70	0	2	0	39	134	18	34	30	1	3	0	74	138	35	15	0	1	0	0	2	55	100	144	8	0	2	11	17	36	88	136	5	0	0	114	132	105	77	11	0	1	0	4	2	0	0	1	0	0	
0	0	1	0	40	43	0	2	0	0	1	0	148	48	0	2	0	3	0	95	120	0	3	0	1	0	35	162	4	101	95	0	3	0	129	62	82	136	89	0	3	0	131	143	166	39	2	0	1	0	21	79	22	0	2	0	0	0	0	0	0	2	0	0	
0	0	1	0	39	30	0	1	0	0	0	6	147	23	0	1	0	3	0	93	114	0	3	0	0	2	0	168	58	0	2	0	1	0	22	193	156	84	0	3	1	0	6	177	197	89	0	3	0	1	0	42	67	0	0	0	0	0	0	0	0	1	0	0	
0	0	0	0	0	0	0	0	0	0	2	81	114	80	0	1	1	0	15	75	93	127	0	2	1	0	22	115	177	62	0	3	1	0	29	52	21	135	0	2	0	1	16	0	50	118	0	2	2	0	158	111	83	19	0	1	1	0	24	40	2	0	0	0	
0	1	3	3	3	3	0	0	0	0	0	0	0	0	0	0	0	5	80	159	176	101	0	1	0	145	163	56	53	165	43	0	0	96	65	0	0	127	47	0	0	0	6	0	35	168	0	0	0	2	2	0	135	62	0	2	0	3	0	72	128	0	2	0	
0	0	1	0	0	0	0	0	0	1	0	18	35	0	0	0	1	0	36	92	89	56	0	3	0	0	11	0	78	34	0	1	0	24	77	112	91	16	70	22	0	83	102	79	76	95	47	0	0	7	12	0	0	0	0	0	0	0	0	3	3	3	2	0	
0	0	0	0	24	4	0	0	0	2	0	53	228	86	4	0	0	2	0	16	22	151	80	0	0	0	2	36	136	192	15	0	0	56	23	132	200	0	0	1	0	116	153	191	126	0	4	0	0	4	118	127	4	0	0	0	0	0	0	0	1	0	0	0	
0	0	0	0	1	0	0	0	0	0	3	0	80	63	0	2	0	0	2	0	152	48	0	2	0	1	0	45	158	0	1	0	0	3	0	113	86	0	3	0	1	0	19	167	8	0	0	0	2	0	66	99	0	3	0	0	0	0	1	1	1	0	0	0	
0	1	3	1	0	0	0	0	0	0	0	0	12	14	0	0	0	31	92	111	102	136	24	0	0	33	61	15	14	129	9	0	0	0	3	0	109	76	0	3	0	2	0	29	138	0	1	0	0	2	0	105	61	0	2	0	0	0	1	82	5	0	0	0	
0	0	1	1	0	0	0	0	0	0	0	8	17	15	2	0	1	0	12	140	111	162	8	0	3	0	88	60	32	101	0	3	0	0	9	0	100	33	0	1	0	1	0	29	113	0	1	0	0	2	0	100	55	0	2	0	1	0	23	111	0	0	0	0	
0	0	12	12	12	2	0	0	0	0	103	151	143	144	9	0	0	0	2	0	56	184	4	0	0	2	0	55	175	28	0	2	2	0	48	170	34	0	1	0	0	10	194	37	1	35	64	37	0	0	106	155	137	116	66	6	0	0	0	5	4	0	0	0	
0	0	0	2	0	0	2	1	0	0	1	1	2	0	80	23	0	1	0	47	0	35	103	0	2	0	50	95	0	108	31	0	0	31	169	94	139	129	0	1	0	68	33	29	123	0	0	0	0	2	0	67	38	0	1	0	0	2	1	2	1	0	0	0	
0	0	33	8	0	0	0	0	0	0	199	240	141	18	0	1	1	0	32	87	224	158	0	4	0	2	0	41	207	47	0	2	1	0	27	194	61	30	73	0	3	0	167	244	207	249	176	0	1	0	99	143	86	27	0	0	0	0	0	0	0	0	1	0	
0	0	0	2	0	21	5	0	0	0	2	0	33	102	0	0	0	1	0	24	125	15	0	1	0	0	0	129	37	49	4	0	3	0	68	87	119	145	0	2	3	0	71	184	115	7	0	1	0	0	11	74	0	2	0	0	0	0	1	0	3	1	0	0	
0	0	0	0	0	0	0	0	0	8	19	19	20	4	0	0	0	49	127	95	125	131	0	3	0	0	3	0	95	97	0	3	0	1	1	0	162	28	0	1	0	1	0	28	157	0	1	0	0	3	0	87	143	0	4	0	0	2	0	66	72	0	2	0	
0	0	0	1	0	0	0	0	3	3	0	0	69	77	0	2	1	1	0	82	140	157	0	2	0	0	6	92	120	21	0	1	2	0	65	96	131	42	0	2	0	3	0	0	104	25	0	1	0	92	75	69	32	0	1	0	0	20	35	3	0	1	0	0	
0	1	1	0	1	2	0	0	1	0	20	46	13	0	1	0	0	49	130	96	130	69	0	2	0	26	73	50	43	153	28	0	0	94	103	57	146	227	95	0	0	97	83	33	114	43	108	32	0	3	13	18	4	0	0	0	0	1	0	0	2	2	3	0	
0	0	0	0	1	1	0	0	0	0	0	0	11	110	1	0	0	0	3	0	82	109	0	3	0	0	0	8	149	16	0	1	0	3	0	95	113	0	3	0	1	0	8	154	21	0	1	0	2	0	65	98	0	3	0	0	0	0	2	1	1	0	0	0	
0	0	0	0	0	1	0	0	0	1	0	42	143	67	16	4	1	0	10	198	71	127	182	0	0	4	0	143	200	140	26	0	2	0	63	203	194	0	1	1	0	75	168	88	157	0	4	0	0	67	165	164	57	0	2	0	1	0	41	36	0	1	0	0	
0	0	0	0	8	5	0	0	0	1	0	42	141	164	21	0	0	1	0	7	105	142	4	0	1	0	18	132	181	128	0	1	1	0	22	56	0	127	25	0	0	76	31	0	53	108	0	1	0	91	178	108	81	15	0	1	0	0	8	11	0	1	0	0	
0	0	1	2	0	0	0	0	0	1	0	7	159	220	52	0	1	0	0	190	195	213	174	0	3	0	128	222	34	233	170	0	0	37	242	50	40	250	78	0	0	140	229	52	190	126	0	1	0	48	195	208	90	0	2	0	0	0	0	0	0	2	0	0	
0	0	0	2	0	0	0	0	0	0	2	0	32	57	2	0	0	1	0	60	94	154	6	0	2	0	57	91	73	116	0	3	3	0	93	87	119	36	0	1	0	2	0	48	93	0	2	0	1	0	12	119	19	0	1	0	1	0	27	48	0	2	0	0	
0	0	0	0	0	0	0	0	0	0	3	6	19	2	0	0	2	0	61	39	93	20	0	0	4	0	104	109	167	108	3	0	1	0	19	110	121	0	3	0	0	2	0	64	74	0	3	0	0	2	0	92	37	0	1	0	0	1	0	36	13	0	0	0	
0	0	0	0	1	3	1	0	0	0	0	0	5	115	10	0	0	0	3	0	91	133	0	4	0	0	0	7	162	27	0	1	0	3	0	115	116	0	3	0	2	0	41	167	6	0	0	0	3	0	101	62	0	2	0	0	0	0	1	1	1	0	0	0	
0	0	0	0	0	1	0	0	0	38	116	140	58	2	12	0	0	192	150	51	124	205	88	0	0	55	151	128	186	54	0	2	1	0	2	192	173	131	13	0	0	1	6	194	25	107	139	0	0	2	0	64	167	157	150	0	0	0	1	0	11	48	8	0	
0	0	2	3	2	2	0	0	0	0	0	0	0	5	9	0	2	0	49	100	52	159	75	0	0	5	156	60	30	154	8	0	0	5	24	0	94	80	0	3	0	2	0	41	138	0	1	0	0	0	4	141	38	0	1	0	2	0	60	81	0	3	0	0	
0	0	0	0	0	0	0	0	0	0	24	43	51	74	40	0	0	2	98	95	85	193	96	0	0	1	0	43	100	44	0	1	0	2	0	146	46	0	3	0	0	1	0	11	153	43	0	2	0	25	43	82	134	30	0	1	0	48	104	66	4	0	0	0	
0	0	0	0	13	22	0	1	0	0	3	0	105	68	0	2	0	2	0	51	114	0	2	0	0	0	4	131	22	58	17	0	2	0	81	60	71	172	28	0	2	0	112	112	159	26	0	1	1	0	21	92	23	0	1	0	0	0	0	0	1	1	0	0	
0	0	0	0	1	0	0	0	2	0	57	104	0	1	0	0	2	0	41	240	47	0	2	0	0	4	0	163	139	0	4	0	0	3	0	77	227	8	0	1	0	2	0	42	230	23	0	1	0	1	0	12	220	45	0	2	0	0	0	0	37	11	0	0	
0	0	0	2	0	0	0	0	0	0	1	0	38	106	30	0	0	1	0	88	111	141	35	0	2	0	49	127	86	65	0	2	1	0	5	181	95	0	3	0	2	0	53	109	100	0	2	0	2	0	125	95	69	0	2	0	1	0	21	36	0	0	0	0	
0	0	2	0	26	28	0	1	0	1	0	29	193	60	0	2	1	0	12	188	61	0	2	0	4	0	127	135	51	164	100	0	0	1	176	149	115	89	189	0	1	0	165	245	104	136	34	0	1	0	5	84	87	9	0	1	0	0	1	0	0	1	2	0	
0	0	0	2	0	1	0	0	0	0	1	1	0	19	62	0	0	0	4	65	0	88	75	0	2	0	63	118	6	146	15	0	0	8	150	95	177	123	1	0	0	11	8	52	112	0	2	0	0	0	2	132	22	0	1	0	0	0	6	26	0	1	0	0	
0	0	0	0	9	2	0	0	1	0	43	135	164	130	0	0	0	5	122	57	36	174	0	0	0	0	3	0	131	99	0	3	1	0	10	112	162	0	2	0	4	0	157	255	171	79	1	0	2	0	128	70	14	141	123	4	0	0	0	1	1	0	8	1	
0	0	0	0	9	7	0	0	0	0	0	88	128	144	39	0	1	0	4	80	97	136	10	0	1	0	23	126	130	146	6	0	3	0	2	8	0	114	76	0	100	130	0	11	58	123	9	0	21	165	153	94	57	10	0	1	0	1	4	0	0	1	1	0	
0	0	0	0	0	0	2	0	1	0	40	137	142	67	0	1	2	0	190	157	110	180	87	0	0	46	166	0	1	0	147	33	0	121	105	0	6	0	165	37	0	132	98	0	6	128	114	0	0	38	169	114	147	77	0	2	1	0	29	60	14	0	3	0	
0	0	0	0	1	3	1	0	0	0	0	0	4	88	7	0	0	0	3	0	82	121	0	3	0	0	0	7	157	21	0	1	0	3	0	99	100	0	3	0	1	0	19	164	11	0	0	0	3	0	78	75	0	2	0	0	0	0	2	1	0	0	0	0	
0	1	4	1	0	0	2	0	0	0	0	3	10	9	0	0	0	26	155	191	199	174	81	0	0	45	190	50	170	35	154	21	1	0	114	166	57	75	136	0	0	1	3	0	81	162	9	0	1	0	10	117	124	2	1	1	2	0	97	102	0	2	1	0	
0	0	0	2	0	40	8	0	0	0	4	0	82	136	11	0	0	2	0	53	136	44	15	0	2	0	36	155	7	124	15	0	0	0	141	34	58	104	0	2	0	60	147	58	151	117	0	2	0	13	123	103	9	57	0	0	0	0	0	0	2	0	0	0	
1	0	22	82	0	1	0	0	1	0	16	161	68	0	2	0	0	0	0	4	143	13	0	1	0	0	10	1	94	43	0	1	4	0	125	247	224	50	0	2	3	0	78	214	126	168	10	0	0	0	0	5	0	44	12	0	0	0	2	2	4	1	0	0	
0	0	0	2	0	0	0	0	0	0	2	0	25	63	12	0	0	0	0	76	95	173	34	0	2	0	97	114	96	107	0	3	1	0	127	87	143	23	0	1	0	2	0	93	82	0	3	0	2	0	50	135	0	1	0	0	2	0	54	34	0	1	0	0	
0	0	0	0	0	0	0	0	0	16	94	90	47	0	0	0	0	11	24	19	119	47	0	2	0	3	0	70	144	6	0	1	0	0	3	0	49	84	0	1	0	33	6	1	0	100	32	0	0	51	87	51	75	82	2	0	0	0	15	42	37	4	0	0	
0	0	1	0	14	14	0	1	0	0	2	0	132	42	0	1	0	2	0	101	106	0	2	0	2	0	62	129	0	79	41	0	2	0	137	18	61	200	50	0	1	0	92	108	169	61	0	1	0	0	0	46	41	0	2	0	0	0	1	0	1	2	0	0	
0	0	0	2	0	0	0	0	0	0	0	8	22	34	1	0	0	2	0	95	203	144	0	3	2	0	42	212	219	55	0	2	1	0	9	94	162	0	0	0	0	3	0	92	96	0	3	0	1	0	11	179	21	0	1	0	1	0	18	63	0	1	0	0	
0	0	0	0	1	2	1	0	0	0	0	0	3	108	11	0	0	0	3	0	78	107	0	3	0	0	0	6	160	22	0	1	0	3	0	107	109	0	3	0	1	0	29	161	4	0	0	0	3	0	89	71	0	2	0	0	0	0	4	1	0	0	0	0	
0	0	2	2	0	0	0	0	0	1	0	5	47	110	13	0	1	0	25	152	161	241	30	0	0	0	167	52	67	161	0	2	0	70	159	27	232	88	0	4	0	23	174	115	151	86	0	3	0	0	8	0	118	73	0	3	0	1	1	0	17	14	0	1	
0	0	1	3	2	3	0	0	0	1	2	0	0	1	13	1	1	0	26	78	40	123	125	0	0	9	167	138	52	161	37	0	0	47	77	0	72	97	0	3	0	1	0	26	157	15	0	1	0	1	1	132	58	0	2	0	2	0	54	83	0	3	0	0	
0	0	0	0	0	0	0	0	2	0	57	154	102	10	0	1	2	0	98	90	169	148	0	4	0	1	0	29	181	55	0	2	0	1	0	178	214	92	2	0	0	1	0	6	158	213	2	0	2	0	83	180	139	10	0	1	1	0	31	33	0	1	0	0	
0	0	0	1	1	0	0	0	0	0	1	0	0	20	45	8	0	2	0	37	84	70	63	9	1	0	18	158	85	0	1	0	0	12	7	0	98	21	0	1	0	62	129	106	60	0	1	0	0	0	39	28	0	0	0	0	0	1	0	0	1	0	0	0	
1	0	17	99	7	0	0	0	4	0	102	252	112	0	3	0	1	0	45	12	162	42	0	1	0	0	1	38	175	91	0	4	1	0	144	210	255	196	6	0	0	9	224	222	196	131	85	0	1	0	28	88	32	0	4	0	0	0	0	0	1	4	1	0	
0	0	0	2	0	1	3	0	0	0	2	1	0	30	79	0	0	2	0	93	8	99	53	0	2	0	84	81	27	120	0	1	0	70	195	88	172	121	13	0	0	60	20	122	94	0	3	0	0	0	7	82	1	0	1	0	0	2	2	3	1	0	0	0	
0	3	3	2	0	0	0	0	0	0	0	0	0	3	1	0	3	69	91	42	5	0	0	0	11	143	171	178	115	106	13	0	0	0	0	12	0	92	120	0	0	3	4	0	5	150	73	0	0	0	0	0	121	78	0	1	0	0	0	1	4	0	1	0	
0	0	0	2	0	1	0	0	0	0	1	1	0	6	56	0	0	2	0	45	9	52	81	0	1	0	31	117	8	119	14	0	0	16	162	95	139	100	0	3	0	19	21	34	118	0	1	0	0	1	0	103	31	0	1	0	0	0	3	22	1	0	0	0	
0	0	0	0	0	0	0	0	1	0	20	101	101	62	0	1	4	0	89	135	92	33	0	1	4	0	123	165	71	126	0	0	1	0	39	23	0	115	42	0	1	0	30	39	0	108	57	0	3	0	98	168	102	134	5	0	0	1	0	37	61	11	0	1	
0	0	2	3	2	1	0	0	0	2	1	0	0	3	8	0	2	0	58	122	47	130	74	0	0	58	151	45	20	133	14	0	0	71	37	0	94	78	0	3	0	1	0	33	136	0	1	0	0	4	0	120	47	0	2	0	1	0	17	83	0	1	0	0	
0	0	0	0	0	0	0	0	0	0	11	34	29	1	0	0	0	27	116	106	146	77	0	3	0	2	4	0	116	61	0	1	1	0	11	119	204	116	31	0	0	4	0	123	92	0	2	0	0	0	6	143	11	0	1	0	1	0	29	96	0	2	0	0	
0	0	0	1	0	4	0	0	0	0	0	0	101	139	26	0	0	3	0	83	126	73	59	0	0	0	0	7	1	112	15	0	0	0	67	51	73	81	0	2	0	79	83	145	173	0	1	0	0	30	85	39	75	87	0	0	0	0	0	0	1	11	1	0	
0	0	0	0	31	2	0	0	0	1	0	43	131	0	2	0	0	3	0	109	90	0	3	0	0	2	0	133	41	0	1	0	1	0	24	164	1	0	0	0	1	0	10	163	136	134	47	0	0	1	0	34	79	35	4	0	0	0	0	0	0	0	0	0	
0	0	0	1	0	0	0	0	0	1	0	7	99	71	0	1	0	1	0	103	46	58	29	0	0	1	0	92	62	73	0	0	0	3	0	84	140	0	2	0	1	0	33	112	91	0	3	0	2	0	127	109	35	0	1	0	0	0	25	28	0	0	0	0	
0	0	1	36	3	0	0	0	0	1	0	120	91	0	3	0	0	1	0	32	136	0	2	0	0	1	0	21	142	0	1	0	1	0	9	132	207	103	2	0	4	0	108	249	50	37	6	0	1	0	34	83	0	1	0	0	0	0	0	0	2	2	0	0	
0	0	0	1	0	8	13	0	0	0	1	3	0	81	49	0	0	1	3	19	19	112	0	0	2	0	47	91	80	59	0	2	0	16	158	102	155	47	0	1	0	32	62	136	34	0	0	0	1	0	26	30	0	1	0	0	0	1	1	1	2	0	0	0	
0	0	0	3	5	0	0	0	0	0	0	117	194	80	0	3	0	1	0	65	212	106	0	3	1	0	15	233	141	0	2	0	0	1	0	60	197	76	0	3	0	26	88	40	180	107	0	4	0	25	155	209	155	4	0	1	0	0	0	0	0	0	0	0	
0	0	0	1	1	0	0	0	0	0	1	0	17	120	80	0	0	1	0	32	141	193	36	0	0	3	0	99	161	39	0	2	0	2	0	136	117	0	4	0	2	0	79	136	89	0	3	0	0	14	157	102	43	0	2	0	0	2	35	24	0	1	0	0	
0	1	1	0	3	2	0	0	2	0	68	91	0	1	1	0	0	27	131	3	79	62	0	2	0	85	86	12	186	152	0	0	0	37	149	153	33	112	60	0	1	0	37	29	0	74	106	0	0	1	0	2	0	20	138	0	0	0	2	1	0	0	23	5	
0	0	0	1	0	0	0	0	0	0	0	0	50	95	28	0	0	2	0	69	78	104	33	0	0	2	0	96	108	49	0	2	0	3	0	114	102	0	3	0	1	0	28	141	63	0	3	0	2	0	111	120	27	0	1	0	1	0	21	32	0	1	0	0	
0	0	1	0	0	3	1	0	0	1	0	56	41	0	1	0	3	0	65	200	173	130	26	0	3	0	139	45	173	231	8	0	3	0	141	122	237	53	0	2	2	0	34	170	158	0	3	0	0	4	0	121	100	0	3	0	0	1	0	52	29	0	1	0	
0	0	0	1	2	2	3	0	0	0	1	3	0	53	45	0	0	1	0	28	57	102	5	0	1	0	13	96	111	49	0	2	2	0	104	166	127	7	0	0	0	0	30	105	12	0	0	0	2	0	49	43	0	2	0	0	0	0	4	2	1	0	0	0	
0	0	1	13	3	0	0	0	2	0	55	138	120	18	0	1	1	0	30	0	79	108	0	4	0	4	0	98	171	21	0	1	0	1	0	16	138	31	0	1	0	54	55	0	104	86	0	3	0	32	106	132	116	6	0	1	0	0	0	9	3	0	0	0	
0	0	0	1	0	0	0	0	0	0	0	0	66	116	34	0	0	2	0	89	86	128	84	0	0	3	0	110	103	75	0	1	0	2	0	127	118	0	3	0	1	0	65	125	67	0	3	0	0	14	135	87	23	0	1	0	0	0	34	20	0	1	0	0	
0	2	1	0	1	2	0	0	1	0	12	79	29	0	2	0	0	72	220	219	219	50	0	2	0	220	118	0	169	255	48	0	0	165	219	207	188	229	137	0	0	11	73	58	0	157	188	0	0	1	0	3	0	83	215	0	0	1	3	3	0	7	67	2	
0	0	1	2	0	1	1	0	0	1	0	2	28	13	0	0	1	0	29	98	74	125	38	0	0	14	113	19	53	162	18	0	0	46	136	48	117	64	0	2	0	0	11	39	105	0	1	0	0	0	5	127	31	0	1	0	2	0	61	57	0	2	0	0	
0	0	1	0	23	10	0	0	0	2	0	44	230	36	0	2	0	2	0	175	131	0	3	0	2	0	24	239	88	0	1	0	3	0	62	246	244	106	0	3	1	0	26	218	245	173	0	3	0	1	0	89	153	28	0	1	0	0	1	1	0	0	0	0	
0	0	0	1	0	0	0	0	0	0	0	1	62	84	1	0	0	2	0	88	80	60	7	0	0	1	0	107	83	74	0	1	0	3	0	98	148	0	1	0	1	0	10	124	71	0	3	0	3	0	86	133	41	0	2	0	1	0	20	36	1	0	0	0	
0	0	0	0	3	0	0	0	0	0	64	38	0	0	0	0	2	0	131	228	123	0	1	0	0	1	0	19	199	31	0	1	0	0	3	0	194	65	0	3	0	0	1	0	198	62	0	3	0	1	0	21	197	15	0	1	0	1	0	15	64	0	1	0	
0	0	1	0	0	0	1	0	1	0	7	166	131	76	0	1	4	0	112	203	149	216	76	0	0	3	190	51	21	51	164	0	0	69	165	0	0	67	163	0	0	103	154	0	81	201	57	0	0	36	185	181	162	47	0	2	0	0	2	5	0	1	2	0	
0	0	0	0	3	34	2	0	0	0	2	0	73	75	0	1	0	1	0	35	97	0	1	0	0	2	0	136	95	0	1	0	1	0	30	92	93	40	0	1	3	0	68	97	84	2	0	0	2	0	42	107	16	0	1	0	0	0	0	0	1	0	0	0	
0	0	0	0	0	0	0	0	0	1	0	30	117	0	2	0	0	2	0	58	161	0	3	0	0	3	0	93	154	0	4	0	0	4	0	122	118	0	4	0	0	2	0	178	69	0	3	0	0	1	0	143	38	0	1	0	0	0	0	0	0	0	0	0	
0	0	0	0	0	2	1	0	0	2	0	114	111	0	1	0	2	0	43	210	195	166	0	0	4	0	126	141	0	185	53	0	4	0	133	127	0	192	56	0	5	0	126	156	96	210	7	0	2	0	32	178	187	35	0	2	0	0	0	0	0	1	1	0	
0	0	0	0	0	0	0	0	1	0	31	188	190	65	0	2	3	0	137	105	53	190	0	1	0	1	0	31	158	144	0	2	1	0	5	195	100	0	0	0	3	0	134	197	0	81	156	1	2	0	136	184	160	162	71	0	0	0	0	3	8	0	0	0	
0	0	1	0	1	1	0	0	0	8	9	0	0	23	14	0	0	48	102	0	2	131	24	0	0	0	95	101	145	109	0	3	0	0	2	0	99	42	0	1	0	0	3	0	111	11	0	0	0	0	0	0	120	7	0	0	0	0	0	0	48	3	0	0	
0	0	0	0	0	0	0	0	2	0	59	122	151	97	0	2	1	0	49	84	211	103	0	3	1	0	28	192	189	2	0	1	2	0	57	68	96	157	0	2	0	42	60	0	70	171	0	2	0	64	197	142	172	49	0	2	1	0	34	61	5	0	0	0	
1	0	34	31	0	2	0	0	1	0	72	187	100	0	2	0	0	1	0	4	175	44	0	2	0	0	10	64	99	127	0	4	3	0	111	159	201	128	0	3	3	0	157	84	179	146	13	0	2	0	48	122	32	1	2	0	0	0	0	0	0	0	0	0	
0	0	0	0	0	0	0	0	0	0	15	43	35	54	0	2	2	0	56	126	91	106	0	3	4	0	112	101	114	71	0	3	3	0	185	115	165	147	74	0	1	0	110	122	215	108	37	0	0	1	0	11	167	10	0	1	0	0	3	4	24	6	1	0	
0	1	0	24	34	0	1	0	0	3	0	78	69	0	2	0	0	2	0	122	31	0	1	0	0	0	6	104	24	24	0	1	1	0	14	132	96	159	14	0	1	0	10	192	128	67	0	1	0	0	0	50	36	0	0	0	0	0	0	0	0	2	0	0	
0	0	1	0	0	0	0	0	0	0	3	110	146	132	24	0	4	0	91	208	94	30	3	0	2	0	187	189	131	117	0	0	0	0	84	22	0	169	68	0	0	0	5	1	13	193	68	0	3	0	122	210	183	117	0	0	1	0	14	55	14	0	1	0	
0	0	0	0	0	0	0	0	0	28	48	12	16	1	0	0	0	55	196	195	206	222	68	0	0	0	1	0	129	255	33	0	0	9	140	191	243	189	20	0	0	4	41	216	157	0	3	0	2	0	50	223	16	0	2	0	1	0	34	74	0	2	0	0	
0	1	0	37	29	0	1	0	0	3	0	124	81	0	3	0	0	1	0	175	46	0	2	0	1	0	33	184	3	0	0	0	3	0	76	158	57	110	20	0	2	0	32	208	217	189	78	0	0	1	0	21	61	49	0	0	0	0	1	1	0	0	0	0	
0	0	0	1	0	0	0	0	0	0	1	0	39	140	57	0	0	4	0	92	255	167	44	0	1	0	21	189	118	176	0	0	3	0	145	126	10	216	18	0	0	23	204	20	188	139	0	3	0	15	191	75	100	11	0	1	0	0	17	11	0	2	0	0	
0	0	1	1	0	0	0	0	0	0	0	7	24	7	0	0	1	0	19	173	174	116	0	4	4	0	119	122	70	125	0	4	2	0	79	27	113	74	0	3	0	0	0	4	163	18	0	1	0	2	0	64	154	0	3	0	0	2	0	71	104	0	3	0	
0	1	0	24	51	4	0	0	2	0	63	213	240	114	0	4	2	0	68	32	118	160	0	4	0	2	0	17	217	76	0	3	1	0	4	192	124	0	14	0	0	9	201	255	179	223	128	0	0	15	134	100	71	61	18	0	0	0	0	0	0	0	0	0	
0	0	0	0	0	0	0	0	0	1	0	33	168	118	0	3	0	1	0	167	141	143	0	3	0	2	0	145	194	65	0	3	1	0	0	162	192	0	1	0	2	0	134	97	156	19	0	1	2	0	124	158	109	0	1	0	0	0	3	10	0	0	0	0	
0	0	1	2	0	0	0	0	0	1	0	28	85	6	0	0	1	0	20	177	186	75	0	3	4	0	130	148	50	95	0	3	2	0	46	186	204	61	0	3	0	0	0	0	170	52	0	2	0	2	0	141	137	0	2	0	0	0	2	90	12	0	0	0	
0	0	1	2	0	0	0	0	0	0	0	7	77	42	0	1	1	0	18	126	106	116	0	0	3	0	77	157	98	133	0	3	0	0	4	58	197	49	0	2	0	2	0	43	151	0	2	0	0	3	0	111	104	0	3	0	0	1	0	47	31	0	1	0	
0	0	0	0	0	0	0	0	0	0	6	76	127	62	0	2	0	1	210	170	77	150	2	0	2	0	147	169	14	149	0	0	0	1	0	121	255	84	0	3	0	1	0	19	213	100	0	4	0	2	0	36	189	133	0	4	0	0	0	2	52	17	0	1	
0	0	1	1	0	0	1	0	0	2	0	107	212	85	0	2	1	0	15	232	221	206	38	0	3	0	153	139	0	134	120	0	0	41	200	11	0	154	120	0	0	120	165	0	94	197	22	0	0	42	182	188	164	32	0	2	0	0	2	4	0	1	1	0	
0	0	2	1	0	1	0	0	0	1	0	48	65	0	0	0	2	0	56	131	108	72	0	2	2	0	132	25	30	120	0	2	2	0	86	126	179	73	0	3	0	0	2	3	136	33	0	1	0	1	0	25	142	0	1	0	0	0	0	10	44	0	1	0	
0	0	0	0	1	0	0	0	0	0	2	0	53	64	0	2	0	0	3	0	170	86	0	3	0	1	0	30	194	10	0	1	0	3	0	91	140	0	3	0	0	3	0	163	72	0	2	0	0	0	0	169	30	0	1	0	0	0	0	22	3	0	0	0	
0	0	0	0	0	1	0	0	2	0	71	161	57	0	1	0	3	0	104	214	252	75	0	3	0	0	3	0	116	157	0	4	0	0	5	0	131	119	0	4	1	0	5	123	255	99	0	4	4	0	125	250	104	6	0	1	1	0	28	19	0	1	0	0	
0	0	0	12	43	1	0	0	0	1	0	160	193	127	5	0	0	0	2	17	34	197	12	0	2	0	77	136	180	77	0	3	0	18	232	126	0	28	107	0	0	119	228	163	135	191	101	0	0	88	29	58	65	10	0	0	0	0	1	0	0	1	2	0	
0	0	1	0	31	22	0	1	0	2	0	53	248	164	0	0	1	0	5	221	159	10	6	0	3	0	87	234	14	0	1	0	4	0	146	255	214	91	0	2	4	0	132	255	255	191	0	2	1	0	7	92	156	60	0	2	0	0	0	0	0	0	0	0	
0	0	0	0	0	0	0	0	0	0	0	90	181	149	45	0	3	0	64	159	72	211	58	0	2	0	45	148	185	199	0	0	1	0	27	87	7	161	48	0	8	115	28	0	65	185	15	0	0	139	184	157	139	43	0	2	0	0	3	2	0	1	1	0	
0	0	1	0	0	0	0	0	0	0	0	31	51	15	0	1	2	0	64	99	142	136	0	4	3	0	122	50	151	77	0	3	2	0	62	137	173	32	0	1	0	0	2	0	123	31	0	1	0	0	5	0	138	69	0	3	0	0	2	0	62	40	0	1	
0	0	0	0	0	1	0	0	0	0	5	30	42	132	0	2	2	0	56	151	108	139	0	4	4	0	137	109	146	65	0	2	2	0	189	199	223	162	89	0	0	1	43	69	198	42	20	0	0	1	0	10	137	14	0	1	0	0	3	1	2	3	0	0	
0	0	0	11	9	0	0	0	1	0	77	103	112	34	0	1	0	6	64	0	31	118	0	2	0	1	1	0	36	94	0	2	0	2	46	125	195	77	0	2	0	99	158	124	51	108	100	0	0	52	61	5	0	0	108	29	0	0	0	1	3	2	0	0	
0	0	1	3	0	0	0	0	0	0	1	0	19	46	59	0	1	0	21	147	149	143	100	0	4	0	153	209	116	34	0	1	1	0	57	6	29	188	10	0	0	90	34	23	115	157	0	1	0	113	171	131	92	14	0	1	0	0	0	0	0	1	0	0	
0	0	0	0	3	0	6	19	0	0	1	3	0	56	150	62	0	0	3	0	98	169	37	0	0	1	0	150	213	2	0	2	3	0	105	221	182	6	1	0	0	4	197	184	74	0	3	0	0	0	113	104	0	1	0	0	0	0	0	0	1	0	0	0	
0	0	0	7	70	2	0	0	0	2	0	74	165	0	3	0	0	3	0	161	94	0	3	0	1	0	21	209	66	2	0	0	3	0	63	242	182	149	0	3	1	0	20	217	223	144	0	3	0	1	0	32	88	17	0	1	0	0	1	1	0	1	0	0	
0	0	1	0	23	12	0	0	0	2	0	53	235	64	0	3	1	0	0	205	101	0	2	0	3	0	85	253	181	145	13	0	3	0	180	185	8	200	112	0	2	0	191	233	142	206	52	0	2	0	45	141	95	26	0	0	0	0	0	0	0	0	1	0	
0	0	1	1	0	0	0	0	0	0	1	0	7	13	0	0	1	0	28	176	198	177	0	2	3	0	168	118	142	113	0	4	0	0	103	15	173	38	0	2	0	1	0	26	159	0	0	0	0	3	0	96	141	0	4	0	0	3	0	106	77	0	2	0	
0	0	0	0	44	23	0	1	0	2	0	53	123	33	0	2	1	0	13	113	4	0	1	0	1	0	34	84	2	23	0	0	1	0	29	119	77	99	18	0	0	0	2	185	25	99	49	0	0	1	0	75	90	71	0	1	0	0	0	0	0	0	0	0	
0	0	0	0	2	1	0	0	0	2	0	53	185	121	0	1	1	0	2	185	40	182	56	0	1	0	34	154	85	184	6	0	1	0	0	210	175	16	0	1	3	0	71	208	150	0	3	0	3	0	122	184	95	0	2	0	0	0	0	8	0	0	0	0	
0	0	0	0	0	0	0	0	1	0	42	106	120	21	0	1	1	0	37	48	163	13	0	1	0	0	0	146	86	0	2	0	2	0	50	179	88	113	19	0	0	0	0	1	0	126	34	0	1	0	15	94	119	60	0	2	1	0	11	54	20	0	1	0	
0	0	2	1	0	0	1	0	0	0	0	3	24	14	0	0	2	0	63	173	161	189	49	0	2	0	187	121	85	193	19	0	2	0	53	131	232	69	0	3	0	1	0	19	170	5	0	0	0	2	0	69	153	0	3	0	0	2	0	72	89	0	3	0	
0	1	0	30	59	3	0	0	2	0	82	172	171	130	0	3	0	0	72	20	19	150	0	1	0	0	5	0	22	136	0	1	0	67	186	136	181	126	0	4	0	79	164	154	223	184	69	0	1	0	50	74	0	52	108	0	0	1	0	0	1	1	0	0	
0	0	2	0	0	0	2	0	0	1	0	75	112	61	0	1	1	0	154	181	58	238	86	0	0	100	188	0	0	99	203	17	0	153	85	0	6	0	176	61	0	141	149	32	62	123	193	16	0	18	142	188	127	99	29	0	0	0	0	0	0	0	1	1	
0	0	2	0	0	0	1	0	0	1	0	58	142	75	0	1	2	0	102	141	200	202	76	0	0	43	144	4	101	52	128	0	0	77	95	0	0	49	142	0	0	35	153	0	0	140	53	0	2	0	110	135	146	79	0	2	0	0	3	52	32	0	2	0	
0	0	0	1	0	0	0	0	0	0	0	5	102	12	0	1	0	2	0	39	214	11	0	1	0	3	0	130	187	0	2	0	0	3	0	125	139	0	4	0	0	3	0	171	80	0	3	0	1	0	16	198	27	0	1	0	0	0	5	30	0	0	0	0	
0	0	1	0	0	1	0	0	0	0	8	34	0	73	32	0	4	0	107	168	0	198	30	0	0	5	210	49	66	171	0	3	0	30	221	164	236	117	0	4	1	0	14	67	227	57	0	2	0	2	0	37	176	0	0	0	0	0	0	14	23	0	1	0	
0	0	0	0	0	0	0	0	0	0	4	129	177	90	0	2	3	0	90	123	39	196	3	0	0	9	40	32	169	123	0	2	0	25	249	165	46	0	17	3	0	82	230	166	97	144	174	17	0	86	52	35	122	83	15	0	0	0	1	1	0	0	0	0	
0	0	0	107	51	0	2	0	0	0	0	92	151	6	0	1	0	0	5	0	129	60	0	2	0	0	1	0	146	37	0	1	2	0	33	199	216	3	0	1	4	0	145	243	148	135	0	1	1	0	16	16	0	49	10	0	0	0	0	1	3	0	0	0	
0	1	0	0	0	0	0	0	0	0	49	68	46	67	38	0	0	124	163	148	221	196	67	0	1	17	53	202	136	35	0	2	2	0	170	180	92	162	34	0	0	13	8	2	0	160	106	0	0	95	155	96	159	158	6	0	0	11	116	95	31	2	0	0	
0	0	0	1	0	1	0	0	0	1	0	17	72	5	0	0	0	0	0	125	144	59	0	3	3	0	81	77	46	115	0	4	4	0	94	96	150	80	0	3	0	0	5	56	168	22	0	1	0	1	0	19	140	0	0	0	0	0	0	18	54	0	1	0	
0	0	0	0	0	0	0	0	0	0	0	6	30	72	0	2	0	0	5	123	113	108	0	4	2	0	44	131	117	67	0	2	4	0	103	190	198	157	63	0	2	0	91	52	162	19	0	0	0	0	0	8	113	1	0	0	0	0	1	4	15	0	0	0	
0	0	2	1	0	0	0	0	0	1	0	21	81	15	0	1	2	0	43	151	172	186	0	1	0	2	185	25	81	222	0	0	0	7	164	106	213	158	0	4	0	0	12	30	175	57	0	2	0	3	0	94	148	0	3	0	0	1	0	79	28	0	1	0	
0	0	1	0	0	0	0	0	0	2	0	88	146	129	48	0	2	0	39	214	103	89	34	0	3	0	128	167	149	66	0	2	0	0	12	1	11	171	17	0	0	11	8	0	20	165	13	0	0	88	179	127	178	108	0	2	0	4	56	50	5	0	0	0	
0	0	1	0	1	0	0	0	0	0	0	105	73	0	2	0	4	0	101	187	173	2	0	1	3	0	85	167	198	19	0	1	0	0	4	0	128	71	0	3	0	1	0	48	64	121	0	3	0	2	0	83	175	119	0	3	0	0	0	0	50	18	0	1	
0	2	0	53	85	0	3	0	0	3	0	150	82	0	3	0	1	0	14	179	16	0	2	0	3	0	86	138	0	14	0	0	4	0	128	129	131	161	93	0	2	0	41	206	213	139	89	0	0	0	0	9	22	7	0	0	0	0	2	1	0	1	2	0	
0	0	0	0	0	0	0	0	0	0	7	57	99	118	40	0	2	0	74	128	57	104	106	0	0	0	2	0	12	141	24	0	0	2	0	6	138	59	0	2	2	0	28	198	133	2	5	0	0	68	165	67	74	84	8	0	0	35	30	0	1	0	0	0	
0	0	1	2	0	1	0	0	0	1	0	16	45	0	1	0	1	0	0	166	238	69	0	3	4	0	104	161	102	134	0	4	3	0	116	37	129	71	0	3	0	1	0	10	170	16	0	1	0	3	0	104	158	0	3	0	0	2	0	51	50	0	1	0	
0	0	0	0	0	0	0	0	0	0	32	99	141	148	88	0	0	33	219	116	71	58	21	0	0	13	193	19	33	16	0	1	3	0	105	207	211	163	0	2	0	54	34	0	17	196	17	0	0	66	178	142	165	185	5	0	0	0	3	36	39	11	0	0	
0	0	0	0	0	0	0	0	0	0	0	98	63	127	44	0	2	0	51	197	0	135	161	0	2	0	52	187	65	195	55	0	1	0	15	233	190	33	0	2	0	12	128	183	149	0	5	0	0	43	180	170	156	0	2	0	1	0	28	53	4	0	0	0	
0	0	0	3	10	0	0	0	1	0	11	112	141	39	0	2	4	0	106	173	145	90	0	3	4	0	137	255	241	51	0	2	0	8	160	71	98	108	0	2	1	0	149	86	0	175	15	0	1	0	23	141	173	158	4	0	0	0	1	0	4	2	0	0	
0	0	0	3	0	0	0	0	0	0	0	0	15	15	0	0	0	0	2	98	162	113	0	3	2	0	50	203	145	94	0	3	0	0	1	54	198	35	0	2	0	1	0	38	148	0	2	0	0	3	0	130	92	0	3	0	0	2	0	112	30	0	1	0	
0	0	1	3	0	0	0	0	0	2	2	0	76	79	0	2	1	0	14	104	177	162	0	3	0	46	138	47	58	101	0	3	0	126	128	12	95	127	0	2	0	3	78	105	125	193	8	0	0	1	0	0	13	135	0	1	0	0	3	3	3	17	0	0	
0	0	0	0	0	0	0	0	0	1	0	24	142	0	0	0	0	2	0	53	174	0	2	0	0	3	0	73	143	0	4	0	0	4	0	138	108	0	3	0	0	2	0	172	65	0	2	0	0	0	0	147	23	0	1	0	0	0	0	0	0	0	0	0	
0	0	0	0	1	0	0	0	0	0	1	0	79	21	0	1	0	0	0	2	185	34	0	1	0	2	0	46	187	0	0	0	0	3	0	89	151	0	3	0	0	4	0	141	114	0	4	0	0	3	0	138	54	0	2	0	0	0	0	14	2	0	0	0	
0	0	0	0	0	1	1	0	0	2	0	116	216	48	0	2	2	0	34	223	184	213	15	0	4	0	116	181	0	162	110	0	3	0	176	86	0	119	131	0	0	0	200	86	70	224	71	0	1	0	125	194	179	95	0	1	0	0	0	0	0	0	1	0	
0	0	2	1	0	0	0	0	0	1	0	51	63	0	1	0	2	0	56	150	165	53	0	2	0	2	168	14	139	76	0	3	0	4	147	151	222	40	0	2	0	0	6	8	165	37	0	1	0	0	3	0	174	52	0	2	0	0	2	0	55	27	0	1	
0	0	0	1	1	4	0	0	0	1	0	11	77	72	0	3	0	0	2	125	127	50	0	2	1	0	39	143	91	29	2	1	3	0	91	209	182	136	61	0	2	0	62	55	142	18	0	0	0	1	0	23	99	0	2	0	0	0	2	2	0	1	0	0	
0	0	0	1	0	0	0	0	2	0	47	81	0	2	0	0	1	0	21	155	2	0	0	0	0	3	0	141	54	0	2	0	0	3	0	82	142	0	1	0	0	1	0	22	205	19	0	1	0	0	1	0	120	28	0	1	0	0	0	0	1	1	0	0	
0	0	1	0	19	49	2	0	0	1	0	121	148	76	0	0	3	0	60	191	94	17	0	1	4	0	120	194	102	159	0	0	0	0	34	19	0	159	26	0	2	0	87	131	130	214	21	0	2	0	89	167	124	60	1	0	0	0	0	0	0	0	0	0	
0	0	0	0	0	0	0	0	0	3	0	92	44	0	2	0	0	4	0	136	97	0	3	0	0	3	0	106	124	0	4	0	0	3	0	85	159	0	4	0	0	2	0	50	181	0	1	0	0	1	0	19	151	4	0	0	0	0	0	1	0	0	0	0	
0	0	0	14	19	0	1	0	0	2	0	116	59	0	2	0	0	0	3	151	14	0	1	0	1	0	33	138	5	30	0	0	2	0	47	146	119	161	43	0	0	0	0	173	200	114	28	0	0	1	0	30	60	2	0	0	0	0	1	2	0	2	1	0	
0	1	1	0	0	0	2	0	1	0	27	34	0	2	0	0	0	32	131	33	0	10	44	1	0	107	39	0	11	85	154	44	0	94	86	17	142	111	89	13	0	10	81	105	110	63	11	0	0	1	0	0	0	0	1	1	0	1	3	2	3	3	0	0	
0	1	0	20	55	0	1	0	0	3	0	89	123	0	3	0	0	3	0	150	62	0	3	0	0	0	5	172	68	35	0	1	2	0	32	209	80	152	40	0	1	0	26	193	102	150	20	0	0	1	0	53	84	21	0	1	0	0	0	0	0	1	1	0	
0	0	0	0	0	0	0	0	0	1	0	95	109	68	13	0	2	0	53	181	109	150	97	0	1	0	36	139	0	0	1	0	0	2	0	62	133	8	0	0	1	0	79	0	108	110	0	4	2	0	54	147	204	69	0	3	0	0	0	14	31	0	0	0	
0	0	0	0	11	2	0	0	1	0	52	138	145	115	0	3	2	0	96	47	96	141	0	4	0	9	88	136	223	150	0	1	0	13	98	46	0	163	24	0	1	0	33	104	157	196	4	0	3	0	101	209	165	83	0	2	0	0	0	1	0	0	0	0	
0	0	0	45	45	0	0	0	1	0	13	97	127	52	0	2	0	0	2	0	102	31	0	1	0	2	0	51	120	0	2	0	0	2	0	119	37	0	1	0	2	0	60	155	51	64	0	1	1	0	29	126	119	85	0	1	0	0	0	0	0	0	0	0	
0	0	0	0	0	0	0	0	0	0	0	2	86	23	0	1	0	2	0	121	197	17	0	1	0	0	1	164	149	0	0	0	2	0	29	204	181	129	38	0	2	0	39	156	147	42	4	0	0	3	0	83	96	0	3	0	0	0	0	20	16	0	1	0	
0	0	0	0	0	0	0	0	0	1	0	70	134	61	0	2	1	0	23	133	150	87	0	3	0	2	0	153	152	0	2	0	0	1	0	125	177	12	0	1	0	0	16	84	75	92	0	3	0	2	0	82	150	61	0	3	0	0	0	12	51	1	0	0	
0	0	0	1	0	0	0	0	0	0	2	0	58	30	0	1	0	0	9	51	121	58	0	2	2	0	45	116	108	59	15	0	1	0	122	171	183	140	37	0	0	0	35	34	139	9	0	0	0	0	0	15	109	0	2	0	0	0	1	2	11	0	0	0	
0	0	0	3	3	1	0	0	0	0	1	0	0	0	34	43	1	0	8	167	155	162	153	75	2	0	71	157	51	25	1	0	0	3	186	85	0	1	2	2	0	3	0	154	113	0	4	0	0	6	77	164	49	0	2	0	0	5	90	35	0	1	0	0	
0	0	1	0	0	0	0	0	1	0	5	147	128	56	0	1	3	0	131	95	60	161	0	2	1	0	24	93	151	52	0	2	2	0	58	158	5	0	1	0	4	0	151	140	0	83	61	0	0	1	130	135	158	143	33	0	0	0	0	0	8	1	0	0	
0	0	0	0	0	0	0	0	0	0	0	0	132	26	0	1	0	1	0	13	206	30	0	1	0	2	0	59	190	0	0	0	0	4	0	120	151	0	4	0	0	4	0	164	136	0	4	0	0	3	0	106	64	0	2	0	0	0	0	0	0	0	0	0	
0	0	0	0	0	0	0	0	0	2	0	60	127	84	7	0	0	1	0	165	81	175	8	0	0	0	2	152	106	83	0	3	0	4	0	143	177	0	2	0	1	0	7	130	168	9	0	1	4	0	96	183	166	27	0	1	1	0	16	60	19	0	1	0	
0	0	2	2	0	1	0	0	0	2	0	33	111	0	2	1	2	0	29	212	253	61	0	3	0	21	227	130	109	183	39	13	0	130	255	169	198	247	150	12	0	14	40	32	101	248	21	0	0	0	2	0	60	186	13	0	0	1	2	2	2	4	0	0	
0	0	0	0	0	0	0	0	0	0	2	0	122	40	0	2	0	1	0	19	185	11	0	1	0	2	0	45	170	0	1	0	0	3	0	78	139	0	3	0	0	4	0	123	100	0	3	0	0	3	0	117	69	0	2	0	0	0	0	0	1	0	0	0	
0	0	2	0	1	0	1	0	0	0	0	13	68	167	25	0	3	0	90	199	167	164	174	0	3	0	184	68	65	243	159	0	4	0	114	221	229	147	3	0	0	46	228	255	188	2	0	1	0	168	123	37	195	110	0	3	0	2	0	0	0	3	0	0	
0	0	1	0	0	0	1	0	0	2	0	130	218	139	5	0	3	0	81	218	31	206	104	0	3	0	177	101	0	120	153	0	0	17	194	18	0	116	150	0	0	41	229	63	91	219	66	0	0	10	149	207	163	43	0	1	0	0	0	0	0	0	1	0	
0	0	0	0	0	0	0	0	0	0	74	143	87	0	1	0	0	55	250	108	170	51	0	2	0	31	77	0	38	128	0	1	0	0	3	0	85	118	0	3	0	2	0	43	192	30	0	1	0	0	0	162	188	126	27	0	0	0	0	0	5	53	14	0	
0	0	0	3	53	2	0	0	0	2	0	60	154	0	2	0	0	3	0	150	66	0	3	0	2	0	41	150	16	15	0	1	4	0	101	161	128	153	6	0	4	0	106	249	111	121	0	0	0	0	5	56	53	10	0	0	0	0	0	0	0	2	0	0	
0	0	1	0	1	0	0	0	0	1	0	52	157	60	0	3	3	0	78	221	164	116	0	4	1	0	10	214	245	24	0	2	2	0	35	179	201	70	0	3	5	0	130	139	139	114	0	4	2	0	56	181	159	16	0	1	0	0	0	2	1	0	0	0	
0	0	0	3	0	0	0	0	0	0	2	0	37	4	0	0	0	2	0	122	190	121	0	2	2	0	125	134	102	135	0	4	0	113	219	52	178	181	140	24	0	54	120	94	194	60	5	1	0	0	0	8	102	2	0	0	0	2	5	3	1	2	0	0	
0	0	0	2	1	0	0	0	0	0	1	0	10	42	0	1	0	0	6	73	114	116	0	3	2	0	51	142	165	21	0	1	1	0	20	178	207	21	0	1	0	4	0	137	67	0	2	0	0	1	0	130	20	0	1	0	0	0	0	43	3	0	0	0	
0	0	2	2	0	0	0	0	0	1	0	5	75	48	0	1	2	0	36	169	130	131	0	1	1	0	183	100	103	163	0	3	1	0	108	135	198	94	0	4	0	0	3	0	148	60	0	2	0	0	1	3	171	24	0	1	0	0	0	5	65	3	0	0	
0	0	7	19	0	4	1	0	3	0	108	117	0	3	1	0	0	0	165	28	57	97	13	0	0	36	148	122	195	168	118	0	0	12	238	208	0	120	129	0	2	0	120	249	238	164	5	0	0	1	0	56	125	25	0	1	0	0	2	0	0	2	1	0	
0	0	1	1	3	1	0	0	0	0	3	41	1	3	2	0	3	0	63	228	132	191	24	0	1	0	178	105	110	184	0	2	0	56	155	0	151	84	0	3	0	11	0	40	182	6	0	1	0	4	0	141	120	0	4	0	0	2	0	62	25	0	1	0	
0	0	0	0	4	1	0	0	0	21	113	144	152	137	9	0	0	13	42	25	21	174	13	0	0	0	2	0	139	96	0	3	0	2	0	97	123	0	2	0	0	3	99	225	120	72	14	0	0	54	191	28	48	115	89	0	0	0	0	0	0	0	0	0	
0	0	0	1	34	3	0	0	1	0	5	119	215	59	0	2	1	0	27	99	77	144	0	3	1	0	11	86	153	38	0	2	4	0	97	191	3	17	55	0	0	5	180	173	130	192	106	0	0	28	74	13	84	33	0	0	0	0	1	1	0	0	1	0	
0	0	0	2	1	0	10	2	0	0	2	0	36	146	150	49	0	2	0	43	183	61	0	5	1	0	11	196	54	0	2	0	4	0	121	220	110	0	3	0	0	0	191	125	125	0	3	0	2	0	107	180	34	0	2	0	0	0	1	2	0	0	0	0	
0	0	0	0	0	0	0	0	1	0	11	160	137	31	0	1	2	0	109	138	141	136	0	4	3	0	91	164	183	47	0	2	0	0	13	0	104	83	0	3	2	0	65	144	224	101	0	3	3	0	148	201	114	70	0	1	0	0	0	0	0	0	0	0	
0	0	0	0	0	0	0	0	0	3	0	49	156	153	83	0	0	2	0	45	59	29	172	6	0	33	147	134	17	18	143	0	0	139	56	45	144	142	86	0	11	151	21	15	166	206	0	0	0	84	145	120	51	48	19	0	0	0	0	0	0	0	0	0	
0	0	0	0	3	0	0	0	0	52	127	130	175	86	0	2	0	67	168	156	205	161	0	4	2	0	49	118	148	183	18	0	0	0	4	4	0	118	130	0	0	97	182	191	172	200	85	0	0	91	163	168	200	118	0	2	0	0	5	4	0	0	1	0	
0	0	0	0	12	1	0	0	1	0	36	10	115	9	0	0	3	0	115	42	121	27	0	1	3	0	115	29	94	85	0	0	4	0	104	157	207	195	1	0	3	0	71	187	153	101	0	4	0	0	1	0	17	38	0	1	0	0	1	3	3	0	0	0	
0	0	2	2	0	2	0	0	0	0	0	7	20	0	0	0	2	0	56	191	208	105	0	3	1	0	177	51	89	166	0	3	0	0	165	88	210	95	0	4	2	0	52	121	169	15	0	1	0	2	0	55	153	0	3	0	0	2	0	63	96	0	3	0	
0	0	2	0	0	0	0	0	0	0	1	3	58	4	0	0	0	13	82	9	173	9	0	1	0	24	194	102	200	32	0	0	1	0	61	158	227	175	14	0	0	1	0	19	177	6	0	0	0	2	0	50	156	0	2	0	0	0	0	8	16	0	1	0	
0	0	0	0	0	0	0	0	2	0	70	201	176	75	0	2	0	20	225	71	118	151	0	4	0	5	23	76	162	37	0	2	3	0	90	168	0	7	32	0	0	2	210	190	14	122	193	0	0	55	122	90	199	145	35	0	0	1	1	0	1	0	0	0	
0	0	0	0	0	0	0	0	0	0	1	0	17	41	0	1	0	2	0	57	112	84	0	3	0	0	4	129	109	44	0	2	3	0	72	173	179	81	0	0	2	0	43	30	136	39	0	0	0	1	0	31	121	0	3	0	0	0	0	6	21	0	0	0	
0	0	1	2	0	1	1	0	0	1	0	12	192	151	0	1	1	0	2	185	201	213	60	0	4	0	119	202	0	148	120	0	0	6	222	75	0	169	92	0	0	21	219	59	103	215	26	0	0	2	145	207	168	30	0	1	0	0	0	0	0	1	1	0	
0	0	0	0	6	2	0	0	0	1	0	6	133	60	0	2	0	1	0	39	95	56	14	0	0	1	0	35	175	71	6	0	0	0	0	119	156	0	0	0	2	0	60	89	96	12	0	0	1	0	29	125	89	0	1	0	0	0	0	10	3	0	0	0	
0	0	1	3	0	1	0	0	0	0	1	0	22	10	0	0	1	0	15	138	158	140	8	0	1	0	163	100	31	185	4	0	0	4	167	92	186	95	0	3	1	0	23	45	146	29	0	1	0	1	0	33	144	0	2	0	0	2	0	57	85	0	3	0	
0	0	0	0	0	0	0	0	0	0	0	8	57	0	1	0	0	1	0	28	105	0	2	0	0	2	0	46	100	0	3	0	0	1	0	44	109	0	3	0	0	1	0	33	120	0	3	0	0	1	0	24	85	0	2	0	0	0	0	0	0	0	0	0	
0	0	0	0	5	3	0	0	1	0	12	115	186	162	9	0	3	0	106	204	130	185	6	0	2	0	35	196	210	133	0	3	1	0	16	61	18	165	15	0	0	5	125	125	205	200	0	1	0	12	177	152	147	71	1	0	0	0	2	6	0	0	0	0	
0	0	0	0	0	0	0	0	1	0	23	80	122	112	0	0	1	0	189	200	160	79	0	2	0	0	204	196	146	171	66	0	1	0	37	31	0	90	176	0	0	56	78	0	57	208	78	0	0	44	197	162	187	72	0	2	1	0	28	41	2	0	2	0	
0	0	0	0	4	2	0	0	1	0	23	136	144	141	26	0	3	0	93	212	85	202	43	0	3	0	94	210	199	142	0	3	1	0	13	22	5	172	21	0	0	21	150	150	196	249	31	0	0	25	181	158	145	123	24	0	0	0	0	0	0	0	0	0	
0	0	0	0	0	0	0	0	0	2	0	56	95	0	3	0	0	3	0	97	140	0	4	0	0	3	0	96	147	0	4	0	0	3	0	97	171	0	3	0	0	3	0	91	214	0	1	0	0	2	0	43	161	0	0	0	0	0	0	0	0	0	0	0	
0	0	0	3	0	1	0	0	0	0	1	0	24	10	0	0	0	0	0	115	131	134	0	0	4	0	96	146	69	192	0	0	2	0	59	122	180	60	0	2	0	1	0	14	134	1	0	0	0	3	0	83	104	0	3	0	0	3	0	90	55	0	2	0	
0	1	0	33	13	0	0	0	1	0	9	140	25	0	1	0	1	0	26	135	41	5	0	0	0	1	0	55	110	137	0	1	0	0	2	0	117	127	0	3	1	0	51	169	160	0	0	1	1	0	98	92	0	2	0	0	0	0	0	0	2	1	0	0	
0	0	0	0	1	0	0	0	0	0	2	0	50	39	0	1	0	0	3	0	151	59	0	2	0	1	0	26	180	6	0	1	0	3	0	91	117	0	3	0	0	1	0	146	34	0	1	0	2	0	46	139	0	3	0	0	0	0	12	19	0	1	0	0	
0	1	0	0	0	3	1	0	0	0	12	28	19	0	0	0	0	104	198	192	207	152	6	0	0	26	22	0	16	218	38	0	0	0	3	0	103	182	0	1	0	2	0	27	219	43	0	2	0	3	0	155	129	0	4	0	0	1	0	141	46	0	1	0	
0	0	1	0	0	6	8	0	0	1	0	115	138	139	46	0	2	0	38	227	100	2	0	0	3	0	138	157	139	86	0	3	0	0	63	0	62	122	0	4	0	1	96	126	169	97	0	4	0	9	170	184	159	103	0	2	0	0	0	0	0	2	0	0	
0	0	2	0	68	42	0	2	0	3	0	100	255	85	0	3	2	0	47	254	106	0	3	0	4	0	153	217	26	62	15	0	0	14	223	248	241	255	145	0	0	22	219	255	254	244	85	0	1	0	21	73	73	28	0	1	0	1	0	0	0	0	2	0	
0	0	1	0	35	17	0	1	0	1	0	99	217	152	12	0	0	0	11	155	23	146	61	0	0	0	4	18	0	160	41	0	0	36	114	95	177	178	0	1	0	164	94	106	194	193	31	0	0	50	133	111	16	74	17	0	0	0	0	0	1	1	0	0	
0	0	0	0	0	0	0	0	0	3	0	97	64	0	2	0	0	4	0	155	102	0	3	0	0	4	0	144	113	0	4	0	0	3	0	78	170	0	2	0	0	1	0	21	234	50	0	2	0	1	0	30	163	14	0	1	0	0	0	0	0	0	0	0	
0	0	0	0	0	0	0	0	0	0	0	113	162	98	8	0	3	0	90	184	38	195	63	0	2	0	59	215	205	156	0	1	1	0	29	63	66	158	0	3	0	34	146	85	152	139	0	4	0	47	212	212	184	65	0	2	0	0	0	0	0	0	0	0	
0	0	0	0	0	0	0	0	0	0	18	5	33	6	0	0	3	0	165	55	152	51	0	2	3	0	180	102	175	90	0	3	3	0	169	224	239	112	0	3	1	0	19	1	161	60	0	2	0	0	2	0	181	64	0	3	0	0	2	0	63	21	0	1	
0	0	0	0	0	0	0	0	0	0	2	0	71	27	0	1	0	0	1	0	163	39	0	2	0	1	0	13	151	5	0	0	0	2	0	58	132	0	3	0	0	3	0	99	98	0	3	0	0	3	0	126	62	0	2	0	0	0	0	21	6	0	0	0	
0	1	1	0	2	1	0	0	1	0	18	79	26	0	1	0	0	18	151	105	144	29	0	1	0	65	157	0	171	94	0	4	0	2	98	103	165	84	0	3	0	0	4	0	102	91	0	3	0	0	6	0	96	142	0	4	0	0	1	0	27	68	0	2	
0	0	0	15	44	0	1	0	0	3	0	78	107	0	3	0	0	3	0	147	59	0	3	0	1	0	11	171	10	0	1	0	2	0	60	129	36	108	22	0	2	0	41	172	208	184	48	0	0	1	0	23	63	32	0	1	0	0	1	0	0	1	1	0	
0	0	0	0	0	2	0	0	0	16	36	34	29	6	0	0	0	48	122	130	159	145	7	0	0	0	1	0	12	173	18	0	0	1	6	0	140	105	0	3	0	3	0	77	163	0	2	0	0	2	0	158	41	0	1	0	0	1	0	100	22	0	1	0	
0	0	0	1	2	1	0	0	0	0	1	3	0	0	0	0	1	0	7	154	152	77	0	3	3	0	86	155	98	102	0	4	3	0	96	39	104	43	0	2	0	1	0	18	135	0	0	0	0	2	0	69	108	0	3	0	0	2	0	59	57	0	2	0	
0	1	1	0	0	1	2	0	1	0	11	99	138	37	0	7	0	9	154	120	27	89	127	25	0	50	174	0	106	129	26	0	2	0	113	254	184	17	0	2	4	0	111	111	46	167	13	0	3	0	93	139	113	152	10	0	0	0	0	36	54	7	0	0	
0	0	0	0	0	0	0	0	0	0	4	120	108	30	0	2	3	0	71	133	130	110	0	4	2	0	142	187	190	47	0	2	0	0	33	0	56	123	0	3	2	0	41	111	186	197	8	0	3	0	104	172	121	23	0	0	0	0	0	6	0	0	0	0	
0	0	1	0	7	38	2	0	0	1	0	23	142	79	0	0	0	0	0	150	63	0	2	0	3	0	73	181	83	69	0	1	4	0	122	98	17	160	7	0	3	0	117	51	97	126	0	3	1	0	20	110	99	3	0	0	0	0	0	0	0	1	0	0	
0	0	1	1	0	1	0	0	0	0	0	9	20	0	0	0	1	0	6	153	171	53	0	2	3	0	88	104	76	85	0	3	1	0	19	0	130	37	0	1	0	1	0	31	141	0	1	0	0	3	0	99	93	0	3	0	0	2	0	86	41	0	1	0	
0	0	1	1	0	0	0	0	0	2	0	9	23	62	91	13	1	0	19	141	140	146	74	0	0	68	233	129	80	10	0	1	0	75	133	102	151	132	0	3	1	0	35	0	79	139	0	4	1	0	37	135	165	24	0	1	0	0	0	25	16	0	1	0	
0	0	0	0	0	0	0	0	0	1	0	80	117	84	9	0	2	0	55	148	22	189	21	0	2	0	64	140	115	127	0	3	0	3	0	180	174	0	2	0	1	0	31	123	170	8	0	1	4	0	96	174	130	4	0	0	1	0	15	46	3	0	0	0	
0	0	0	2	0	0	0	0	0	0	0	3	96	12	0	1	0	1	0	132	228	4	0	1	1	0	10	161	180	0	2	0	0	3	0	77	162	0	3	0	0	3	0	110	175	0	3	0	0	3	0	95	156	0	3	0	0	0	0	8	13	0	0	0	
0	0	0	1	1	0	0	0	0	0	1	0	27	57	0	2	0	1	0	77	104	84	0	3	2	0	44	146	116	52	0	0	4	0	103	179	182	94	8	0	0	1	1	77	98	0	3	0	0	3	0	82	49	0	2	0	0	0	0	16	6	0	0	0	
0	0	2	2	1	2	0	0	0	0	0	6	8	0	0	0	2	0	45	186	153	38	0	1	2	0	163	59	154	185	0	3	3	0	111	194	236	57	0	3	1	0	11	93	154	0	2	0	0	3	0	85	101	0	3	0	0	2	0	59	30	0	1	0	
0	0	0	2	0	1	0	0	0	0	4	0	124	88	0	3	0	3	0	76	255	166	0	2	2	0	40	243	81	151	62	0	3	0	154	108	0	145	64	0	0	8	175	14	56	156	8	0	1	0	109	174	149	29	0	1	0	0	0	5	0	1	1	0	
0	0	1	1	0	3	0	0	0	1	0	48	24	0	1	0	2	0	25	231	181	103	0	1	2	0	65	103	38	191	0	0	0	0	4	0	139	107	0	3	0	2	0	59	185	0	0	1	0	0	0	195	90	0	3	0	1	0	13	76	0	1	0	0	
0	0	0	1	29	2	0	0	0	1	0	125	195	87	0	2	0	0	4	50	49	160	0	1	1	0	22	131	172	60	0	2	4	0	117	135	0	1	0	0	0	0	207	175	106	127	0	0	0	8	92	81	113	67	0	1	0	0	0	0	0	0	0	0	
0	0	0	1	5	0	0	0	0	1	0	38	135	38	0	2	0	1	0	129	69	86	0	3	2	0	61	115	9	103	0	2	3	0	126	46	27	99	0	3	3	0	144	43	88	80	0	3	2	0	43	141	111	4	0	0	0	0	0	3	1	0	0	0	
0	0	0	1	1	0	0	0	0	0	2	0	35	61	0	2	0	3	0	62	159	54	0	2	0	0	2	133	134	10	6	0	2	0	47	186	161	124	47	0	2	0	25	155	121	16	0	1	0	3	0	96	50	0	2	0	0	0	0	21	9	0	0	0	
0	0	0	1	0	0	1	6	0	0	1	1	38	68	98	78	0	0	0	145	125	59	21	1	2	0	83	146	0	0	0	0	2	0	62	109	38	0	2	0	0	0	9	55	200	20	0	1	0	3	157	143	61	0	1	0	0	1	5	1	0	0	0	0	
0	0	0	0	0	0	0	0	0	2	0	86	207	51	0	2	0	1	0	190	198	202	5	0	2	0	46	207	8	205	47	0	4	0	128	147	0	206	52	0	4	0	161	112	123	189	0	1	3	0	85	207	160	22	0	6	0	0	0	1	0	1	0	0	
0	1	0	51	57	0	2	0	1	0	12	160	31	0	2	0	3	0	77	124	0	4	0	0	4	0	113	68	24	83	5	0	4	0	134	125	132	133	122	0	2	0	49	203	174	143	81	0	0	1	0	24	65	42	0	1	0	0	2	1	0	0	2	0	
0	0	0	8	20	0	1	0	0	3	0	120	228	41	0	2	0	0	5	118	120	145	0	4	0	0	3	0	80	138	0	4	0	0	99	122	240	157	0	2	0	87	188	152	133	171	67	0	0	43	143	80	0	36	25	0	0	0	0	0	2	1	0	0	
0	0	0	0	0	2	0	0	1	0	11	183	93	0	2	0	0	0	0	210	255	93	0	3	1	0	24	195	92	177	0	1	2	0	39	206	58	191	2	0	1	0	10	200	229	137	0	4	0	1	0	163	180	12	0	1	0	0	0	0	0	1	0	0	
0	0	0	1	0	0	0	0	0	0	2	0	44	74	0	3	0	0	7	67	90	82	0	3	2	0	68	103	91	67	0	1	3	0	135	157	178	65	0	1	0	2	22	65	99	0	3	0	0	2	0	71	47	0	2	0	0	0	2	1	1	0	0	0	
0	0	0	0	0	0	0	0	0	5	100	143	108	17	0	1	0	17	129	54	155	185	0	2	0	2	0	87	181	35	0	1	0	1	0	159	189	37	0	2	0	0	3	0	144	172	0	3	2	0	92	180	184	50	0	2	1	0	33	45	2	0	0	0	
0	0	1	1	1	0	0	0	0	0	1	5	1	2	0	0	2	0	32	191	158	109	0	4	4	0	134	124	94	101	0	4	1	0	76	4	115	45	0	2	0	1	0	16	133	0	0	0	0	2	0	68	134	0	3	0	0	2	0	58	91	0	2	0	
0	0	1	0	1	1	0	0	0	0	9	26	4	0	0	0	0	10	111	170	189	39	0	2	0	2	10	0	148	110	0	4	0	0	4	0	150	84	0	3	0	1	0	11	187	19	0	1	0	3	0	70	167	0	2	0	0	2	0	66	83	0	2	0	
0	0	0	0	0	0	0	0	0	2	0	73	128	33	0	1	1	0	21	137	75	177	0	2	2	0	43	137	109	55	0	2	0	1	0	204	100	0	3	0	1	0	27	147	134	0	1	0	3	0	73	159	147	5	0	0	0	0	7	47	8	0	0	0	
0	0	0	0	0	0	0	0	0	2	0	45	50	0	2	0	0	3	0	74	51	0	2	0	0	3	0	75	70	0	3	0	0	2	0	52	89	0	3	0	0	1	0	29	111	0	2	0	0	0	0	8	106	2	0	0	0	0	0	0	1	0	0	0	
0	0	1	1	0	1	0	0	0	2	0	119	183	10	0	1	1	0	26	219	212	113	0	4	3	0	67	174	48	169	0	2	4	0	140	84	27	203	0	0	0	9	202	52	150	157	0	2	0	1	142	182	133	9	0	1	0	0	1	1	0	2	0	0	
0	0	0	0	0	0	0	0	0	2	0	97	67	0	2	0	0	4	0	155	160	0	4	0	0	3	0	98	180	0	3	0	0	3	0	97	170	0	3	0	0	3	0	67	219	4	0	1	0	0	0	4	147	29	0	1	0	0	0	0	0	0	0	0	
0	0	0	1	0	0	0	0	0	0	0	3	16	3	0	0	0	3	0	143	243	93	0	4	2	0	55	198	131	104	0	4	3	0	87	71	135	53	0	2	0	1	0	30	169	1	0	0	0	3	0	104	136	0	4	0	0	3	0	103	74	0	2	0	
0	0	2	2	0	1	0	0	0	1	0	13	55	2	0	0	2	0	43	131	133	42	0	1	4	0	138	135	137	143	0	4	1	0	15	39	94	86	0	3	0	0	2	0	123	25	0	1	0	0	0	7	166	28	0	1	0	0	1	0	64	18	0	1	
0	0	0	0	0	1	0	0	0	2	0	110	212	28	0	2	1	0	21	216	205	162	0	3	4	0	126	146	26	186	0	1	0	0	185	41	21	202	8	0	0	16	192	49	144	172	0	1	0	0	134	190	139	14	0	1	0	0	0	0	0	1	0	0	
0	0	2	3	0	0	0	0	0	1	1	0	25	78	45	0	1	0	36	137	127	68	60	0	0	29	159	55	0	75	110	0	0	49	153	98	148	195	12	0	0	0	7	32	157	20	0	1	0	4	0	133	76	0	3	0	0	0	0	68	11	0	0	0	
0	1	0	25	53	0	1	0	0	3	0	96	113	0	3	0	0	3	0	129	59	0	2	0	0	0	0	164	28	0	1	0	1	0	21	147	61	98	4	0	1	0	7	170	221	168	9	0	0	1	0	36	81	26	0	1	0	0	0	0	0	1	0	0	
0	0	0	1	1	1	0	0	0	0	0	5	6	0	0	0	0	2	0	157	184	22	0	1	3	0	86	165	57	94	0	3	1	0	42	5	96	65	0	2	0	0	0	10	133	7	0	0	0	2	0	65	76	0	2	0	0	1	0	51	16	0	0	0	
0	0	1	1	0	0	0	0	0	0	0	21	20	0	1	0	2	0	54	132	141	82	0	3	4	0	119	129	165	77	0	3	1	0	10	67	159	8	0	0	0	0	0	14	124	0	0	0	0	2	0	56	133	0	3	0	0	2	0	47	92	0	3	0	
0	0	1	1	2	0	1	0	0	2	0	134	201	69	0	2	2	0	43	181	45	187	20	0	4	0	126	88	0	153	52	0	2	0	167	46	0	146	24	0	3	0	164	81	50	163	0	2	2	0	39	167	170	51	0	2	0	0	0	3	3	0	0	0	
0	0	0	0	1	0	0	0	1	0	51	123	149	27	0	1	2	0	105	116	149	87	0	3	1	0	99	135	181	38	0	2	0	0	2	0	46	119	0	3	2	0	70	106	118	150	0	2	3	0	85	149	158	51	0	2	0	0	0	6	1	0	0	0	
1	0	17	24	0	2	0	0	2	0	139	67	0	2	1	0	0	28	138	0	8	36	0	0	0	47	118	0	108	157	56	0	0	39	139	16	112	20	120	0	2	0	114	157	124	92	103	0	0	0	2	80	117	70	6	0	0	0	2	0	0	0	1	0	
0	0	0	3	36	1	0	0	2	0	49	174	179	42	0	2	2	0	68	75	130	72	0	3	1	0	11	122	73	0	3	0	3	0	70	150	0	1	0	0	5	0	113	219	129	52	138	46	2	0	59	38	78	123	63	2	0	0	0	2	0	0	0	0	
0	0	0	0	3	2	0	0	1	0	38	59	0	0	0	0	4	0	144	184	142	40	0	2	2	0	57	48	191	56	0	2	0	1	0	140	200	0	0	0	0	1	0	105	221	27	0	2	0	1	0	18	192	13	0	1	0	0	1	0	62	14	0	1	
0	0	1	1	0	0	0	0	0	1	0	36	80	30	0	1	1	0	26	164	150	61	0	3	3	0	72	80	90	77	0	3	4	0	110	133	159	136	0	1	3	0	91	71	156	63	0	2	0	0	3	0	135	49	0	2	0	0	1	0	23	9	0	0	
0	0	0	0	0	0	0	0	0	52	48	0	2	60	12	0	0	135	94	0	34	171	1	0	0	133	88	0	32	149	41	9	0	69	192	88	122	226	95	0	1	0	71	155	156	151	0	2	0	1	1	1	0	117	26	0	0	0	3	5	1	18	12	0	
0	0	0	1	0	1	0	0	0	2	0	51	189	28	0	2	0	2	0	163	135	159	0	0	2	0	56	170	0	180	35	0	4	0	131	97	0	157	40	0	3	0	167	55	23	182	12	0	2	0	99	172	159	63	0	2	0	0	0	8	2	0	0	0	
0	1	0	30	64	0	1	0	1	0	0	200	153	0	5	0	4	0	99	228	11	0	1	0	4	0	163	213	163	177	47	0	3	0	171	255	124	173	204	0	3	0	87	255	221	238	129	0	0	0	0	36	86	45	0	1	0	0	1	0	0	0	1	0	
0	0	0	0	0	1	4	0	0	2	0	82	134	152	114	0	1	0	6	188	77	11	9	0	3	0	72	209	123	100	0	1	1	0	38	39	0	150	32	0	0	24	122	91	45	165	31	0	0	19	150	221	191	90	0	1	0	0	0	0	0	0	0	0	
0	0	0	0	1	0	0	0	0	3	0	91	125	0	3	0	0	4	0	162	165	0	4	0	0	4	0	155	160	0	4	0	0	4	0	155	180	0	3	0	0	4	0	144	232	0	0	1	0	2	0	62	168	4	0	1	0	0	0	0	0	0	0	0	
0	0	1	1	0	0	0	0	0	1	0	33	47	3	0	0	1	0	24	186	199	74	0	3	3	0	98	91	98	82	0	3	0	0	15	0	145	37	0	1	0	1	0	36	153	0	1	0	0	3	0	100	115	0	4	0	0	2	0	53	38	0	1	0	
0	0	0	0	2	0	0	0	0	41	61	36	4	0	0	0	0	36	70	92	103	2	0	0	0	0	0	0	121	14	0	1	0	3	0	63	102	0	3	0	0	1	0	23	103	79	0	2	0	0	2	0	74	85	0	3	0	0	0	1	65	10	0	0	
0	0	1	0	1	11	1	0	1	0	13	115	140	90	0	0	4	0	109	198	115	6	0	1	3	0	182	148	101	123	0	4	1	0	38	1	31	172	0	0	1	0	34	110	109	177	1	0	0	0	165	233	191	80	0	2	0	0	0	0	0	0	0	0	
0	1	2	0	0	0	0	0	1	0	5	103	144	25	0	1	0	15	171	122	112	131	0	4	0	55	237	59	160	62	0	2	0	1	80	78	186	88	0	2	0	0	0	2	0	156	59	0	1	0	13	112	149	188	43	0	0	0	5	56	56	25	0	1	
0	0	0	0	0	0	0	0	0	2	0	47	80	0	2	0	0	4	0	117	172	0	4	0	0	2	0	67	142	0	3	0	0	3	0	85	131	0	4	0	0	4	0	133	95	0	3	0	0	3	0	148	64	0	2	0	0	1	0	26	12	0	0	0	
0	0	0	0	0	0	0	0	1	0	20	124	141	63	0	2	0	0	208	126	208	94	0	3	1	0	108	196	132	0	3	0	1	0	21	232	202	52	0	2	3	0	78	138	54	188	0	1	1	0	10	147	166	132	0	1	0	1	0	13	54	5	0	0	
0	0	1	1	0	2	0	0	0	2	0	43	185	25	0	1	1	0	1	194	255	130	0	2	4	0	110	203	14	219	58	0	2	0	188	83	0	130	155	0	0	17	216	63	78	194	82	0	0	0	147	213	173	46	0	2	0	0	0	0	0	0	2	0	
0	0	0	0	1	0	0	0	0	1	0	121	26	0	1	0	0	3	0	180	113	0	3	0	0	4	0	137	166	0	4	0	0	3	0	87	195	0	2	0	0	2	0	58	212	0	0	1	0	1	0	8	155	24	0	1	0	0	0	0	0	0	0	0	
0	0	0	0	0	0	0	0	1	0	11	86	107	106	0	0	4	0	129	139	55	192	25	0	4	0	129	98	34	157	0	1	1	0	6	196	195	23	0	1	2	0	35	154	192	18	0	1	4	0	95	158	175	28	0	1	0	0	3	60	28	0	1	0	
0	0	1	2	0	3	0	0	0	1	0	11	74	150	39	0	1	0	8	152	145	35	8	0	4	0	119	206	142	138	0	3	1	0	154	35	0	131	17	0	2	0	152	66	24	127	3	0	2	0	53	184	135	39	0	2	0	0	0	2	1	0	0	0	
0	0	0	0	0	0	0	0	0	0	0	0	93	19	0	1	0	1	0	9	205	34	0	2	0	1	0	33	195	6	0	1	0	3	0	74	168	0	3	0	0	4	0	126	139	0	4	0	0	4	0	130	88	0	3	0	0	1	0	21	14	0	0	0	
0	0	1	4	0	1	0	0	0	11	179	171	124	9	0	1	0	15	75	7	116	162	0	1	0	0	0	0	0	188	35	0	0	25	141	106	67	199	24	0	0	66	237	113	255	180	0	2	1	0	84	150	81	93	33	0	0	0	0	0	0	1	2	0	
0	1	0	19	41	0	1	0	0	3	0	70	99	0	4	0	0	3	0	126	67	0	2	0	0	0	0	183	139	106	14	0	2	0	30	217	49	125	65	0	2	0	32	197	115	109	9	0	0	0	1	38	43	3	0	0	0	0	0	0	0	2	1	0	
0	1	1	0	0	0	0	0	1	0	18	62	7	0	0	0	0	31	125	107	89	0	3	1	0	51	49	16	111	0	3	0	0	2	0	76	69	0	18	19	0	3	0	126	104	101	132	24	0	0	0	5	70	66	10	0	0	0	0	1	0	0	1	1	
0	0	3	4	4	3	0	0	0	0	1	0	0	0	0	0	2	0	64	111	105	133	6	0	0	1	172	83	94	154	0	2	0	18	80	0	80	79	0	3	0	0	3	0	134	34	0	1	0	1	0	20	131	0	1	0	0	2	0	47	110	0	3	0	
0	0	0	0	0	0	0	0	1	0	27	126	102	2	0	0	2	0	59	58	109	112	0	4	0	1	0	46	126	67	0	3	0	0	0	168	205	24	0	1	0	0	3	0	100	96	0	3	1	0	13	108	151	33	0	2	0	0	1	54	29	0	1	0	
0	1	0	13	5	0	0	0	1	0	11	193	144	36	0	2	1	0	166	143	92	136	0	4	0	0	14	0	64	156	0	3	0	2	52	83	203	188	7	0	0	37	196	161	133	148	55	0	0	0	66	78	0	84	27	0	0	0	0	0	2	1	0	0	
0	1	0	24	43	0	1	0	1	0	14	140	145	50	0	2	0	0	21	39	21	119	0	2	0	0	1	0	15	134	0	1	0	48	130	120	113	115	0	2	0	85	150	81	206	152	33	0	0	0	75	117	39	0	1	0	0	1	0	0	1	2	0	0	
0	0	1	0	1	1	0	0	0	1	0	57	33	0	1	0	2	0	59	148	133	7	0	1	4	0	118	119	193	85	0	3	1	0	11	93	175	17	0	1	0	1	0	21	154	0	0	0	0	2	0	68	134	0	3	0	0	1	0	29	47	0	1	0	
0	0	0	0	0	0	0	0	0	2	0	63	88	0	2	0	0	4	0	125	136	0	4	0	0	3	0	90	131	0	4	0	0	3	0	71	161	0	3	0	0	3	0	77	158	0	3	0	0	2	0	46	158	0	1	0	0	0	0	0	31	4	0	0	
0	0	0	1	0	0	0	0	0	0	1	1	4	6	0	0	1	0	7	144	175	102	0	4	4	0	107	121	79	89	0	3	2	0	76	21	121	30	0	1	0	0	0	13	131	0	0	0	0	2	0	57	113	0	3	0	0	2	0	68	66	0	2	0	
0	0	0	0	0	0	0	0	0	1	0	55	122	51	0	2	0	1	0	119	57	40	0	1	0	3	0	137	50	0	2	0	0	2	0	77	149	8	0	1	0	0	3	0	104	96	0	4	1	0	7	104	108	18	0	1	0	0	4	43	6	0	0	0	
0	0	1	1	0	0	0	0	0	0	0	16	21	0	1	0	2	0	36	139	128	38	0	2	3	0	89	149	163	51	0	2	0	0	0	97	162	0	1	0	0	2	0	45	113	0	3	0	0	3	0	102	84	0	3	0	0	2	0	83	47	0	2	0	
0	2	4	4	4	1	0	0	0	0	0	0	0	2	7	0	0	63	128	145	176	210	107	0	0	101	147	107	193	188	0	0	0	0	1	0	175	69	0	3	0	5	0	75	206	0	1	0	0	4	0	141	145	0	3	0	0	3	0	102	74	0	2	0	
0	0	0	0	7	3	0	0	2	0	40	162	160	26	19	18	4	0	116	103	0	0	78	47	1	0	184	148	117	60	1	4	0	2	69	35	43	149	0	2	0	7	119	116	178	182	0	2	0	14	157	170	145	82	9	0	0	0	0	3	0	0	0	0	
0	0	0	0	0	0	0	0	0	3	88	133	128	65	0	2	0	88	155	46	170	106	0	3	0	5	0	59	155	0	0	0	0	2	0	71	195	120	3	0	0	0	6	13	0	158	107	0	3	0	80	166	118	139	28	0	1	0	17	57	45	7	0	0	
0	0	0	0	0	0	0	0	0	1	0	94	81	76	12	0	2	0	58	157	22	168	5	0	2	0	54	138	104	80	0	3	0	3	0	168	181	0	3	0	1	0	12	112	154	63	0	2	3	0	80	158	145	67	0	3	0	0	5	52	27	0	1	0	
0	0	0	0	0	0	0	0	0	55	206	215	97	0	1	0	0	62	178	99	250	54	0	3	0	1	0	15	241	66	0	3	0	2	0	166	255	85	0	2	0	2	0	119	232	251	40	0	0	2	0	80	195	213	47	0	0	0	0	0	0	0	0	0	
0	0	2	1	0	0	0	0	0	1	0	17	84	36	0	1	2	0	32	157	128	118	0	1	1	0	176	44	25	173	0	0	1	0	114	137	192	131	0	4	0	0	4	0	137	69	0	3	0	1	0	6	179	23	0	1	0	0	0	10	80	2	0	0	
0	0	0	0	0	3	0	0	0	0	18	23	9	0	0	0	0	18	120	126	155	109	0	1	0	1	1	0	4	169	20	0	0	0	4	0	73	141	0	2	0	2	0	40	178	22	0	1	1	0	16	169	44	0	2	0	3	0	70	99	0	4	0	0	
0	1	0	40	20	0	1	0	0	3	0	129	53	0	2	0	0	2	0	135	27	0	1	0	0	0	9	129	15	8	0	0	1	0	22	187	113	117	4	0	3	0	55	250	118	124	3	0	0	0	7	65	70	10	0	1	0	0	0	0	0	1	0	0	
0	0	0	0	0	0	0	0	0	2	23	24	14	3	1	0	0	40	151	64	71	138	8	0	0	30	56	0	47	132	0	3	0	0	9	6	113	68	0	3	1	0	13	78	184	68	27	0	0	2	0	50	121	0	3	0	0	2	0	64	67	0	3	0	
0	0	0	2	35	59	13	0	0	0	0	133	161	134	21	0	2	0	57	157	0	1	0	0	4	0	140	191	146	59	0	2	1	0	43	14	25	168	14	0	3	0	100	201	212	183	14	0	2	0	75	143	129	47	0	2	0	0	0	0	0	1	0	0	
0	0	0	1	0	1	1	0	1	0	108	65	126	30	0	1	0	4	162	14	51	169	19	0	0	14	176	13	0	110	118	0	1	0	146	33	0	88	97	0	3	0	111	143	15	187	36	0	0	0	0	132	177	69	0	2	0	0	1	1	3	0	1	0	
0	0	0	3	17	0	0	0	0	2	0	73	198	22	0	1	0	0	0	116	106	161	0	2	0	0	1	2	122	121	0	3	1	0	8	174	81	0	1	0	3	0	73	217	108	131	7	0	2	0	67	83	82	44	0	0	0	0	0	0	0	0	0	0	
0	0	0	0	0	0	0	0	1	0	16	107	3	50	45	0	3	0	71	188	0	157	170	0	2	0	38	177	107	199	13	0	0	1	0	188	224	32	0	2	3	0	113	230	170	0	2	0	2	0	86	194	188	15	0	1	0	1	0	26	17	0	0	0	
0	1	0	29	46	0	1	0	0	3	0	80	108	0	3	0	0	4	0	127	88	0	3	0	0	1	0	156	29	0	1	0	1	0	35	123	72	74	0	2	1	0	28	171	214	119	0	3	0	1	0	46	61	5	0	0	0	0	0	0	0	1	0	0	
0	0	0	0	1	1	3	0	0	0	0	0	4	155	57	0	0	0	3	0	149	194	0	1	0	2	0	65	246	42	0	2	1	0	2	213	122	0	3	0	3	0	74	237	15	0	1	0	3	0	83	165	0	0	0	0	0	0	0	0	0	0	0	0	
0	0	0	0	0	0	0	0	1	0	28	162	124	103	4	0	3	0	94	102	0	182	39	0	0	0	3	0	95	146	0	0	2	0	34	164	139	2	0	1	4	0	132	227	1	87	24	0	2	0	103	128	171	136	17	0	0	0	0	1	3	0	0	0	
0	2	4	2	1	2	0	0	0	0	0	0	0	0	0	0	0	70	128	122	113	117	7	0	0	39	59	27	23	166	10	0	0	0	3	0	103	102	0	3	0	2	1	4	151	19	0	1	0	3	0	80	101	0	3	0	0	3	0	105	49	0	2	0	
0	0	0	1	5	0	0	0	0	2	0	79	165	64	0	1	0	1	0	150	70	181	1	0	0	2	0	128	159	89	0	3	0	4	0	119	202	0	1	0	2	0	42	151	158	17	0	1	3	0	63	175	114	2	0	0	0	0	0	4	1	0	0	0	
