500	64	10
0	0	0	2	0	0	0	0	0	1	0	9	75	45	0	2	0	3	0	118	229	72	0	3	0	0	116	160	138	100	0	2	0	73	210	170	217	158	0	1	0	0	4	0	140	87	0	3	0	0	4	0	96	111	0	3	0	0	0	0	4	22	0	0	
0	0	0	1	1	5	0	0	0	0	0	4	96	130	13	0	0	3	0	90	88	136	20	0	0	3	0	113	155	68	0	2	0	2	0	162	145	0	4	0	3	0	75	203	118	0	3	0	3	0	63	173	61	0	2	0	0	0	0	7	0	0	0	0	
0	0	0	0	1	3	3	1	0	0	2	0	0	0	0	0	0	0	1	5	30	84	97	36	0	7	127	44	91	69	42	13	1	0	114	102	0	1	0	0	1	0	18	181	35	0	3	0	2	0	63	81	0	1	0	0	0	0	0	0	0	0	0	0	
0	0	0	2	1	26	1	0	0	0	3	0	73	121	0	2	0	2	0	64	158	7	0	1	1	0	25	163	37	44	2	0	4	0	112	136	158	186	0	0	4	0	100	255	145	28	0	1	1	0	36	62	5	0	1	0	0	0	0	0	1	2	0	0	
0	0	0	0	0	0	0	0	0	0	0	0	17	74	0	1	0	0	3	0	134	101	0	3	0	1	0	20	156	8	0	1	0	3	0	103	74	0	2	0	0	0	2	142	16	0	0	0	2	0	43	131	0	2	0	0	0	0	6	14	0	0	0	0	
0	0	0	2	1	0	0	0	0	0	1	1	10	0	9	8	0	2	0	75	147	119	108	34	2	0	54	201	24	2	3	0	2	0	35	105	130	24	0	2	0	39	61	45	181	34	0	2	0	8	74	106	44	0	1	0	0	0	0	0	1	1	0	0	
0	1	0	18	25	0	1	0	0	1	0	37	184	33	0	2	0	1	0	0	182	77	0	3	1	0	28	203	194	2	0	1	1	0	32	35	94	116	0	4	0	15	107	78	182	59	0	3	0	0	93	165	79	0	2	0	0	0	0	0	0	1	0	0	
0	0	0	2	0	1	0	0	0	0	4	0	106	199	74	0	0	3	0	76	203	50	153	5	3	0	104	217	12	64	124	0	0	53	225	44	0	142	51	0	0	197	162	68	158	100	0	2	0	71	171	149	58	0	1	0	0	0	0	0	0	2	0	0	
0	0	0	0	2	0	0	0	0	1	0	42	119	0	2	0	0	3	0	77	136	0	4	0	0	3	0	73	129	0	4	0	0	3	0	73	133	0	4	0	0	3	0	75	155	0	3	0	0	2	0	68	109	0	3	0	0	0	0	2	0	0	0	0	
0	0	1	0	11	19	0	1	0	0	3	0	138	71	0	2	0	2	0	133	149	0	2	0	3	0	66	181	72	161	21	0	4	0	128	193	157	185	15	0	4	0	98	255	145	32	0	1	1	0	33	90	11	0	1	0	0	0	0	0	1	2	0	0	
0	0	1	1	1	0	0	0	2	0	50	143	106	136	7	0	0	0	5	11	59	150	0	1	0	0	3	0	80	55	0	2	0	0	1	0	118	18	0	1	0	4	2	40	185	25	0	1	0	43	132	140	179	49	0	2	0	1	4	0	0	0	0	0	
0	0	2	1	0	0	0	0	0	1	0	13	63	119	51	0	2	0	47	122	58	101	86	0	4	0	98	104	0	114	22	0	0	0	0	129	138	56	0	2	0	1	0	151	185	0	2	0	2	0	45	221	105	0	2	0	0	0	5	39	5	0	0	0	
1	0	26	9	0	4	2	0	2	0	174	48	0	2	0	0	0	18	189	11	4	135	48	0	0	16	174	0	138	162	95	0	1	0	165	87	150	65	96	0	3	0	104	222	213	188	34	0	0	1	0	84	155	60	0	2	0	0	2	0	0	0	1	0	
0	0	0	2	0	0	0	0	0	0	0	2	61	33	0	1	0	0	0	94	124	96	0	2	3	0	81	111	117	98	0	3	2	0	48	160	190	3	0	1	0	3	0	102	91	0	3	0	0	0	3	144	14	0	0	0	0	0	5	44	0	0	0	0	
0	1	1	5	6	0	1	0	2	0	51	167	154	118	8	0	0	6	175	49	0	158	149	0	0	109	144	0	0	29	195	2	0	186	39	0	0	89	179	0	0	199	57	0	47	202	43	0	0	68	151	134	152	48	0	2	0	0	5	14	2	0	1	0	
0	0	0	1	0	2	18	0	0	0	1	3	0	62	104	0	0	0	3	30	3	171	42	0	1	0	29	115	104	150	0	4	0	2	191	175	197	74	0	3	0	19	70	148	134	0	4	0	0	2	0	54	34	0	1	0	0	1	4	1	1	0	0	0	
0	0	1	0	0	0	0	0	0	0	1	98	80	0	1	0	3	0	84	98	115	46	0	2	2	0	52	18	45	85	0	3	2	0	51	26	36	105	0	3	3	0	69	43	59	108	0	4	1	0	22	117	122	25	0	1	0	1	0	31	34	0	1	0	
0	0	0	0	1	3	1	0	0	0	0	0	15	123	4	0	0	0	3	0	106	125	0	4	0	1	0	15	180	20	0	1	0	3	0	123	124	0	4	0	1	0	26	181	13	0	1	0	3	0	77	91	0	3	0	0	0	0	2	2	1	0	0	0	
0	0	0	0	0	2	0	0	0	56	107	100	68	0	0	0	23	171	170	138	166	136	0	1	2	3	0	47	170	202	1	0	0	4	0	71	134	162	111	0	1	0	16	12	0	87	143	0	3	0	77	193	194	180	24	0	0	0	1	17	25	4	0	0	
0	0	1	3	0	1	0	0	0	0	1	0	15	9	0	0	1	0	25	112	129	141	0	1	0	3	171	109	127	188	0	0	0	7	163	142	191	93	0	3	0	0	0	26	170	12	0	1	0	4	0	116	123	0	4	0	0	2	0	92	43	0	1	0	
0	0	1	0	0	0	0	0	0	0	0	94	124	18	0	1	4	0	136	140	137	103	0	4	3	0	123	147	142	33	0	1	0	2	0	89	232	33	0	2	0	3	0	117	123	158	0	3	0	3	0	117	196	103	0	3	0	0	0	11	56	4	0	0	
0	0	1	2	0	0	7	5	0	0	0	10	45	144	128	14	2	0	31	158	116	87	10	0	4	0	103	147	0	3	1	1	0	0	0	166	94	0	3	0	0	10	1	36	199	12	0	1	0	21	121	152	126	2	0	0	0	0	6	9	0	0	0	0	
0	0	1	0	0	0	0	0	1	0	24	17	32	67	0	2	4	0	132	78	42	143	0	4	3	0	143	76	139	126	0	4	3	0	102	166	196	98	0	4	0	0	3	0	147	69	0	3	0	0	4	0	152	65	0	3	0	0	1	0	17	13	0	0	
0	0	0	0	7	2	0	0	2	0	46	125	131	148	3	0	1	0	36	16	107	158	0	1	2	1	3	144	255	67	0	3	0	0	9	78	38	180	17	0	45	53	0	0	53	201	11	0	24	149	153	148	160	53	0	2	0	3	11	9	0	1	0	0	
0	0	0	0	3	31	1	0	0	0	2	0	114	138	0	0	0	2	0	60	197	0	0	1	0	2	0	164	82	0	3	0	2	0	53	215	155	113	0	3	3	0	78	176	154	84	0	3	1	0	8	120	68	0	1	0	0	0	0	0	0	2	0	0	
0	0	0	2	1	1	0	0	0	0	3	0	60	131	0	2	0	2	0	50	201	172	8	0	2	0	30	198	40	149	28	0	2	0	165	88	21	147	0	1	0	8	186	17	174	102	0	4	2	0	96	174	119	1	0	0	0	0	1	6	0	1	0	0	
0	0	0	0	1	0	0	0	2	0	88	140	14	0	1	0	0	37	169	69	103	0	3	0	0	2	10	117	186	22	0	1	1	0	22	134	76	118	23	0	0	0	11	17	0	114	65	0	1	0	19	131	136	123	0	1	0	1	0	19	50	5	0	0	
0	0	0	0	1	2	4	0	0	0	1	5	0	80	63	0	0	0	3	0	33	160	4	0	1	0	23	62	139	73	0	3	2	0	155	190	195	61	0	0	0	0	101	205	46	0	1	0	2	0	42	88	0	2	0	0	0	0	6	3	2	0	0	0	
0	0	1	2	0	0	0	0	0	1	3	0	40	42	0	2	1	0	20	41	119	95	0	3	0	20	171	102	155	127	21	4	0	98	204	121	205	172	90	5	0	0	4	0	139	85	0	3	0	1	4	0	101	123	0	4	0	0	1	0	6	13	0	0	
0	0	1	1	0	0	0	0	0	1	0	11	69	118	82	0	1	0	27	135	83	156	54	0	3	0	134	43	80	74	0	2	2	0	52	165	86	0	4	0	2	0	40	229	96	0	3	0	2	0	48	187	108	0	2	0	0	0	1	42	8	0	0	0	
0	0	0	0	0	1	3	0	0	2	0	92	158	26	0	1	0	1	0	157	84	59	66	16	0	3	0	86	138	102	64	0	0	2	0	108	214	13	0	1	3	0	100	137	135	36	0	1	2	0	73	157	144	11	0	1	0	0	0	8	6	0	0	0	
0	0	0	2	0	0	0	0	0	0	0	0	49	37	0	1	0	1	0	99	117	106	0	0	3	0	73	156	112	169	0	2	2	0	55	143	170	78	0	3	0	1	0	33	165	1	0	0	0	3	0	128	82	0	3	0	0	1	0	56	9	0	0	0	
0	1	3	3	4	4	0	0	0	0	0	0	0	0	0	0	0	40	85	84	110	89	0	0	0	76	193	169	175	172	0	2	0	0	2	0	60	111	0	3	0	1	6	0	104	79	0	3	0	0	4	0	127	69	0	3	0	0	2	0	121	31	0	1	
0	0	0	0	1	0	0	0	0	0	0	2	0	85	26	0	0	0	3	0	68	174	0	0	0	0	0	3	193	55	0	2	0	3	0	134	138	0	3	0	2	0	51	186	4	0	0	0	3	0	129	60	0	2	0	0	0	0	22	3	0	0	0	0	
0	0	0	0	0	0	0	0	0	0	4	88	118	14	0	1	3	0	73	107	123	61	0	2	2	0	52	184	156	72	0	2	3	0	112	63	0	121	40	0	2	0	132	26	0	81	65	0	3	0	78	136	96	114	6	0	0	0	0	42	51	6	0	0	
0	0	0	1	0	2	0	0	0	1	3	0	2	0	72	20	0	0	5	18	0	75	144	0	0	5	151	83	14	192	27	0	0	98	213	115	220	94	0	3	0	5	0	94	140	0	3	0	1	0	13	139	13	0	1	0	0	0	6	11	0	1	0	0	
0	0	0	2	1	0	0	0	0	0	0	103	118	61	0	2	2	0	63	113	23	123	28	0	3	0	110	42	0	62	50	0	2	0	141	34	0	94	53	0	3	0	107	66	10	140	7	0	1	0	12	122	138	43	0	2	0	0	0	3	5	0	1	0	
0	0	0	2	1	7	0	0	0	0	4	0	93	188	87	0	0	3	0	85	113	68	137	0	2	0	73	182	0	116	78	0	0	30	209	33	6	156	10	0	0	149	135	52	186	88	0	3	0	67	183	183	73	0	2	0	0	0	5	1	0	2	0	0	
0	0	0	1	0	0	0	0	0	1	0	35	118	0	1	0	0	1	0	141	172	0	3	0	1	0	44	82	127	0	2	0	0	1	0	30	129	0	2	0	0	1	0	37	145	0	2	0	1	0	22	113	143	48	0	2	0	0	2	2	2	3	0	0	
0	0	0	2	3	3	1	0	0	0	0	0	0	0	1	6	0	2	0	86	193	114	111	66	3	0	70	140	65	57	13	0	1	0	29	127	0	0	0	1	0	10	7	108	103	0	4	0	0	0	89	158	74	0	3	0	0	0	2	15	0	0	0	0	
0	2	0	0	0	3	3	0	0	0	16	29	12	0	0	0	0	140	150	89	154	117	62	0	0	91	140	126	160	119	50	0	2	0	145	149	126	41	0	1	0	0	156	54	0	143	75	0	1	0	16	114	123	162	87	0	0	0	1	0	29	40	0	0	
0	0	1	2	0	0	0	0	0	1	0	21	41	0	2	1	1	0	21	170	95	108	90	8	2	0	53	152	116	65	0	2	0	1	3	0	108	99	0	4	0	77	154	155	135	2	0	0	0	7	62	34	0	0	0	0	0	0	0	0	2	1	0	0	
0	0	0	0	0	0	0	0	0	1	0	23	92	104	0	0	0	1	0	143	111	132	53	0	0	1	0	121	50	129	17	0	0	3	0	75	242	56	0	2	2	0	28	183	181	2	0	0	4	0	131	226	65	0	2	0	0	0	18	14	0	0	0	0	
0	0	1	1	0	1	3	1	0	1	2	3	0	15	111	1	2	0	41	83	0	118	113	0	0	8	188	83	3	179	22	0	0	155	190	106	203	106	0	4	1	29	0	77	191	1	0	0	0	2	0	134	71	0	2	0	0	1	0	0	1	1	0	0	
0	0	3	0	1	1	0	0	0	1	0	11	13	0	0	0	2	0	76	159	170	27	0	1	0	30	195	45	165	79	0	3	0	9	132	102	180	74	0	3	0	0	3	0	137	62	0	2	0	0	6	0	152	61	0	2	0	0	3	0	82	59	0	2	
0	0	0	1	0	2	0	0	0	1	0	11	173	204	62	0	0	3	0	154	155	71	150	0	3	0	95	202	0	92	83	0	0	3	203	45	17	182	15	0	0	36	224	101	235	95	0	4	0	4	148	216	99	0	1	0	0	0	0	0	0	1	0	0	
0	2	0	64	33	0	1	0	0	0	3	122	11	0	0	0	2	0	43	107	0	3	0	0	3	0	71	77	11	26	0	1	2	0	63	104	137	159	0	2	0	0	3	129	195	105	0	2	0	0	0	6	21	3	0	0	0	0	1	2	0	2	0	0	
0	0	0	2	0	1	0	0	0	0	0	7	24	30	27	0	0	1	0	112	194	213	38	0	3	0	86	130	77	152	0	3	1	0	18	24	165	34	0	1	0	3	0	130	123	0	3	0	3	0	60	212	8	0	1	0	1	0	37	58	0	2	0	0	
0	1	0	14	22	0	1	0	0	1	0	18	130	20	0	1	0	0	2	0	70	84	0	3	0	0	3	0	50	86	0	3	0	3	0	93	143	21	0	1	2	0	38	132	81	0	3	0	1	0	25	107	36	0	1	0	0	0	0	0	0	0	0	0	
0	0	0	0	10	72	0	0	0	0	4	0	95	148	0	3	0	2	0	57	162	6	0	1	1	0	29	170	77	166	45	0	3	0	139	138	135	161	17	0	2	0	169	252	189	65	0	3	1	0	14	67	27	0	1	0	0	0	0	0	1	2	0	0	
0	0	0	19	3	1	1	0	0	1	0	176	95	0	1	0	1	0	10	208	240	181	49	0	1	0	8	175	179	28	18	0	0	7	32	0	145	82	0	3	0	86	193	88	173	126	0	4	0	28	98	129	141	32	0	1	0	0	0	0	0	0	0	0	
0	0	0	3	0	1	0	0	0	0	3	0	66	174	40	0	0	2	0	104	147	79	90	0	3	0	68	181	0	91	65	0	0	0	167	39	12	136	2	0	0	10	175	59	163	64	0	2	3	0	111	211	87	0	3	0	0	0	0	0	0	1	0	0	
0	1	3	0	0	1	0	0	0	0	0	10	7	0	1	0	0	14	168	215	49	0	2	0	0	129	175	0	161	205	5	0	0	132	184	130	141	165	136	0	0	6	96	83	0	51	220	11	0	0	0	0	2	0	142	34	0	1	4	3	0	0	7	6	
0	0	0	0	10	30	0	0	0	0	1	0	42	135	0	3	0	0	4	0	105	121	0	4	0	1	0	13	199	46	0	2	0	2	0	171	135	0	3	0	3	0	101	229	26	0	1	0	1	0	110	48	0	2	0	0	0	0	0	1	1	0	0	0	
0	0	1	1	0	0	0	0	0	2	0	15	167	200	45	0	2	0	25	218	114	141	116	0	1	0	194	143	0	177	101	0	0	75	197	0	73	213	12	0	0	136	176	73	224	63	0	3	0	40	194	181	50	0	3	0	0	0	0	0	1	2	0	0	
0	0	1	2	0	0	0	0	0	0	0	6	44	30	37	0	1	0	14	148	134	220	64	0	2	0	65	67	58	145	0	2	0	1	0	25	176	21	0	1	0	2	0	158	88	0	3	0	3	0	77	205	5	0	1	0	2	0	45	49	0	2	0	0	
0	0	0	0	0	0	0	0	0	6	164	168	136	123	4	0	0	5	56	7	87	200	0	0	0	2	0	66	179	46	0	3	2	0	66	193	22	0	1	0	0	0	190	51	8	66	113	31	1	0	133	165	177	138	83	9	0	0	1	10	3	0	0	0	
0	0	0	3	0	44	16	0	0	0	3	0	51	115	115	0	0	2	0	126	136	4	131	3	3	0	124	169	0	67	144	0	0	48	183	0	6	147	30	0	0	83	198	80	211	87	0	3	0	10	129	162	102	0	1	0	0	0	0	0	0	2	0	0	
0	1	0	0	1	0	0	0	1	0	70	115	28	0	1	0	0	74	140	34	137	9	0	0	0	68	37	0	149	33	0	1	0	2	0	84	174	0	0	1	0	3	0	18	51	90	0	0	1	0	14	56	56	160	16	0	0	0	0	21	52	27	0	1	
0	0	0	1	1	1	1	0	0	0	2	0	34	165	18	0	0	1	0	13	197	80	0	2	0	1	0	152	102	13	2	0	3	0	101	156	168	136	0	3	3	0	94	254	182	5	0	1	0	0	8	124	4	0	0	0	0	0	1	0	2	1	0	0	
0	0	0	2	0	25	26	0	0	0	2	0	23	230	98	0	0	2	0	15	197	116	0	2	1	0	3	186	186	49	0	1	0	0	167	208	128	196	0	0	0	5	215	135	141	106	0	3	2	0	51	143	91	1	0	0	0	0	1	0	0	1	0	0	
0	0	0	0	0	1	0	0	0	1	0	57	161	164	54	0	1	0	9	162	55	172	51	0	0	1	0	155	174	47	0	2	2	0	31	237	161	0	4	0	4	0	150	200	156	0	1	0	2	0	125	199	100	0	2	0	0	0	0	3	0	0	0	0	
1	0	22	66	29	0	1	0	1	0	29	94	150	60	0	3	0	0	4	0	101	140	0	4	0	1	0	24	197	201	41	7	2	0	85	253	233	54	20	5	0	24	241	255	97	0	3	0	0	7	106	63	0	2	1	0	0	0	0	0	2	0	0	0	
0	0	1	2	0	0	0	0	0	0	0	8	72	27	0	1	1	0	10	125	158	171	0	2	4	0	95	197	167	129	0	3	1	0	23	81	198	25	0	1	0	3	0	98	137	0	3	0	1	0	4	208	56	0	2	0	0	0	2	66	8	0	0	0	
0	0	1	9	4	0	1	0	1	0	86	163	167	51	0	2	0	50	143	0	37	170	26	0	0	110	89	0	0	68	130	0	0	140	61	0	3	0	128	17	0	123	132	0	17	73	153	4	0	16	144	165	172	153	36	0	0	1	0	7	4	0	0	0	
0	0	0	2	3	1	1	1	0	0	1	1	0	0	0	0	0	1	0	28	108	112	111	39	2	0	38	223	67	8	14	6	0	0	0	78	124	0	1	0	0	33	115	136	168	0	1	0	0	6	62	90	20	0	1	0	0	0	0	0	1	0	0	0	
0	0	1	2	0	0	0	0	0	1	0	5	32	8	0	0	1	0	25	122	139	129	0	2	0	17	159	113	143	136	0	3	0	48	167	72	56	129	0	3	0	0	1	0	134	51	0	2	0	3	0	91	114	0	2	0	0	1	0	101	23	0	1	0	
0	0	0	1	0	2	0	0	0	0	3	1	2	0	84	24	0	0	1	16	0	113	112	0	0	1	109	89	91	160	0	0	0	79	198	157	196	17	0	1	1	0	24	186	33	0	2	0	2	0	43	65	0	3	0	0	0	0	0	1	1	0	0	0	
0	0	1	0	0	0	0	0	0	0	0	88	120	49	0	2	3	0	78	129	94	90	0	2	3	0	79	107	132	87	0	3	2	0	60	121	35	96	13	0	0	0	130	18	0	86	59	0	1	0	104	112	100	105	7	0	0	0	4	54	55	5	0	0	
0	0	1	3	0	0	0	0	0	0	0	1	19	21	46	0	1	0	11	122	74	180	103	0	3	0	81	76	57	122	0	1	0	1	0	40	173	7	0	1	1	0	0	182	65	0	3	0	4	0	117	154	0	3	0	0	2	0	64	30	0	1	0	0	
0	0	1	3	14	2	0	0	1	0	23	141	129	90	0	1	3	0	143	86	0	162	50	0	0	30	147	0	0	137	83	0	0	74	117	0	15	182	29	0	0	45	218	102	174	164	0	3	2	0	95	150	103	15	0	1	0	1	0	3	1	1	0	0	
0	0	0	3	0	25	12	0	0	0	3	0	50	168	11	0	0	2	0	50	177	53	0	1	2	0	38	190	152	204	22	0	0	6	169	181	220	112	0	2	0	38	212	233	99	0	1	0	0	1	62	97	9	0	1	0	0	0	0	0	2	0	0	0	
0	0	2	1	0	1	0	0	0	0	0	22	31	2	0	0	3	0	79	163	176	104	0	4	3	0	162	57	88	131	0	4	2	0	40	154	223	68	0	3	0	0	1	0	148	50	0	2	0	0	5	0	141	56	0	2	0	0	1	0	89	16	0	1	
0	0	0	2	1	2	1	0	0	0	2	1	0	124	126	0	0	3	0	59	167	54	167	4	3	0	77	215	34	72	140	0	0	33	212	38	0	184	48	0	0	103	181	48	187	117	0	3	0	25	175	176	71	0	2	0	0	0	0	0	0	2	0	0	
0	0	0	1	0	0	0	0	0	0	0	0	136	32	0	1	0	2	0	46	225	17	0	1	0	3	0	93	186	0	3	0	0	4	0	143	152	0	4	0	0	2	0	190	86	0	3	0	0	1	0	137	44	0	2	0	0	0	0	0	0	0	0	0	
0	0	0	1	0	0	0	0	0	1	0	20	101	100	99	0	1	0	9	157	68	203	115	0	1	0	19	146	107	94	0	1	1	0	2	210	142	0	4	0	3	0	112	215	120	0	4	0	3	0	163	205	54	0	2	0	1	0	28	35	0	1	0	0	
0	0	0	0	0	0	0	0	2	0	135	174	113	7	0	1	1	0	49	53	193	89	0	3	0	2	0	29	243	82	0	3	0	1	3	13	164	175	0	2	0	3	169	85	193	159	0	3	2	0	81	204	145	13	0	1	0	0	0	0	0	0	0	0	
0	0	0	0	0	0	1	0	0	0	0	4	0	148	88	0	0	0	2	0	36	194	20	0	0	2	0	26	188	56	0	2	1	0	0	199	160	0	4	0	1	0	146	209	9	0	1	0	0	19	202	45	0	2	0	0	0	0	0	1	1	0	0	0	
0	0	0	0	0	0	0	0	1	0	79	134	118	52	0	1	0	26	204	37	108	183	0	2	0	5	35	0	194	67	0	3	0	3	0	103	188	0	1	0	1	0	6	192	56	0	2	0	3	0	56	237	133	137	23	0	0	0	1	41	24	28	6	0	
0	0	1	1	2	2	0	0	0	0	0	4	1	5	9	0	1	0	8	153	130	186	69	0	3	0	88	114	57	178	0	0	2	0	53	35	148	47	0	2	0	2	0	131	105	0	3	0	2	0	63	163	0	2	0	0	3	0	81	71	0	2	0	0	
0	0	0	0	0	0	0	0	0	0	0	9	58	4	0	0	0	1	0	22	244	58	0	3	0	2	0	38	206	13	0	1	0	3	0	111	164	0	3	0	0	3	0	167	90	0	3	0	0	0	0	149	22	0	1	0	0	0	4	58	1	0	0	0	
0	0	2	1	2	3	0	0	0	1	0	7	1	2	13	0	2	0	53	190	125	165	100	0	0	15	183	42	85	205	10	0	0	29	56	18	173	34	0	2	1	0	0	177	93	0	4	0	3	0	133	121	0	4	0	0	1	0	115	17	0	0	0	0	
0	0	0	0	0	0	0	0	2	0	55	109	102	69	3	0	4	0	155	172	107	141	7	0	4	0	109	199	127	48	0	2	3	0	90	175	65	197	32	0	0	0	8	6	0	170	62	0	3	0	106	189	188	141	4	0	1	0	23	39	6	0	0	0	
0	0	0	0	1	2	5	0	0	0	0	3	0	108	54	0	0	0	3	0	87	154	0	1	0	2	0	46	196	21	0	1	0	0	0	180	75	0	3	0	2	0	142	117	0	4	0	0	0	26	134	0	1	0	0	0	0	1	2	2	0	0	0	0	
0	0	1	1	0	1	1	0	0	2	0	61	199	42	0	2	1	0	3	207	205	185	29	0	4	0	115	242	19	222	103	0	0	12	223	56	42	255	59	0	0	103	222	82	229	111	0	1	0	19	173	214	86	0	2	0	0	0	1	1	0	3	0	0	
0	0	0	0	0	0	0	0	0	0	1	3	60	146	51	0	0	1	0	14	121	232	79	0	1	0	27	109	154	49	0	1	2	0	80	130	151	25	0	1	16	79	31	17	180	49	0	2	2	73	124	143	65	0	1	0	0	0	0	0	0	0	0	0	
0	0	1	1	0	0	0	0	0	0	0	3	113	105	0	0	0	0	0	186	215	168	57	0	3	0	79	171	25	107	42	0	4	0	126	50	9	136	0	0	3	0	143	36	98	95	0	3	3	0	85	186	139	4	0	0	0	0	4	56	13	0	0	0	
0	0	0	0	0	0	0	0	0	1	0	19	126	217	52	0	0	4	0	79	114	128	95	0	0	0	0	1	0	178	50	0	0	33	97	46	111	133	0	0	16	191	233	231	200	137	61	0	0	49	72	10	43	72	6	0	0	0	0	0	0	0	0	0	
0	0	1	4	3	2	0	0	0	19	19	0	1	0	0	0	0	35	145	108	132	80	0	2	1	0	25	40	107	117	0	4	0	1	3	0	122	38	0	1	0	2	0	51	133	0	2	0	0	4	0	121	84	0	3	0	0	1	0	58	15	0	0	0	
0	0	0	0	0	0	0	0	0	1	0	29	83	145	35	0	0	2	0	74	144	181	18	0	1	0	13	157	174	12	0	1	3	0	75	155	150	121	0	3	13	29	46	81	160	60	0	2	41	127	115	86	20	0	1	0	0	0	0	0	1	2	0	0	
0	0	1	1	0	0	0	0	0	0	0	4	91	39	0	2	1	0	5	171	225	123	0	4	1	0	21	218	239	111	0	4	0	3	0	135	210	0	0	1	2	0	22	235	83	0	3	0	4	0	125	182	0	2	0	0	1	0	19	12	0	0	0	0	
0	0	0	0	2	1	1	0	0	0	0	4	0	89	91	0	0	0	3	0	44	190	21	0	0	1	0	18	208	65	0	3	1	0	0	182	136	0	4	0	3	0	140	152	0	4	0	0	0	11	128	6	0	1	0	0	0	0	0	2	0	0	0	0	
0	0	3	13	0	0	0	0	2	0	61	121	92	0	0	0	0	0	12	0	115	49	0	2	0	1	0	38	111	0	0	0	0	1	0	10	108	26	0	1	1	0	60	1	42	121	0	2	1	0	53	103	108	60	0	1	0	0	0	9	8	0	0	0	
0	0	0	1	2	1	1	0	0	0	0	1	3	0	63	53	0	2	0	37	66	36	160	11	0	2	0	134	91	153	43	0	0	0	132	222	196	96	0	4	0	40	126	188	82	0	3	0	3	0	83	86	0	2	0	0	0	0	24	5	1	0	0	0	
0	0	0	0	0	2	0	0	0	48	79	60	24	0	0	0	0	46	96	108	174	159	0	0	0	0	4	0	153	154	0	4	0	2	5	0	199	76	0	3	0	2	0	32	226	28	0	1	0	3	0	149	162	0	2	0	0	1	0	60	19	0	1	0	
0	0	0	4	1	0	0	0	0	0	0	0	8	75	91	0	1	0	7	110	166	135	168	0	1	0	15	81	39	167	54	0	0	4	16	23	160	73	0	2	0	161	249	217	159	58	8	0	0	109	71	6	25	25	0	0	0	0	0	0	0	0	0	0	
0	0	0	0	0	0	0	0	0	3	0	106	90	0	2	0	0	3	0	142	91	0	2	0	0	3	0	112	32	0	1	0	0	3	0	122	55	0	2	0	0	3	0	102	127	0	1	0	0	1	0	23	175	24	0	1	0	0	0	0	1	0	0	0	
0	0	0	2	2	0	0	0	0	0	2	0	9	162	94	0	0	2	0	25	197	196	209	38	2	0	31	228	104	16	170	6	0	13	220	132	27	203	91	0	0	114	255	178	227	80	0	2	0	54	178	151	26	0	3	0	0	0	0	0	1	3	0	0	
0	0	1	0	1	3	0	0	0	0	0	89	53	0	2	0	1	0	153	137	79	61	0	1	1	0	104	152	221	67	0	3	0	3	0	104	119	137	2	0	0	1	0	129	36	162	6	0	0	2	0	125	178	74	0	3	0	1	0	23	49	0	0	0	
0	0	0	2	0	0	0	0	0	0	2	0	35	71	29	0	0	4	0	117	223	238	208	0	1	0	105	244	146	223	190	0	0	103	255	196	213	235	42	0	0	192	248	223	172	19	0	1	0	56	161	69	1	1	2	0	0	0	0	0	2	2	0	0	
0	1	1	0	0	0	0	0	2	0	42	29	0	3	1	1	0	17	123	24	0	1	0	0	0	86	39	0	34	67	100	20	0	77	14	22	115	70	105	6	0	30	77	67	113	62	4	0	0	0	13	24	3	0	1	0	0	1	1	0	0	2	0	0	
0	0	0	0	0	1	2	3	0	0	0	2	3	0	89	42	0	1	2	2	0	89	100	0	0	0	10	44	89	143	0	0	0	17	123	220	163	43	0	2	0	4	108	132	1	0	1	0	0	6	127	19	0	3	0	0	0	2	4	1	1	0	0	0	
0	1	1	0	0	0	0	0	0	0	3	0	52	43	0	2	0	91	131	0	172	172	0	4	0	151	239	76	213	186	64	26	0	133	255	211	245	216	161	27	0	15	33	0	153	182	0	3	0	0	3	0	78	189	3	0	0	1	2	0	0	2	1	0	
0	0	0	3	0	0	0	0	0	0	2	0	32	71	6	0	0	0	0	127	137	194	60	0	3	0	118	107	35	164	3	0	2	0	155	129	233	74	0	3	1	0	7	173	163	0	3	0	1	0	26	186	27	0	1	0	2	0	57	76	0	2	0	0	
0	0	2	2	0	0	0	0	0	0	0	6	64	31	0	1	2	0	30	185	202	149	0	3	2	0	164	69	104	163	0	3	2	0	170	38	153	121	0	4	2	0	63	186	217	81	0	3	0	0	3	0	151	60	0	2	0	0	2	0	51	8	0	0	
0	0	0	0	0	0	0	0	1	0	7	89	107	115	20	0	1	0	30	110	167	207	14	0	1	1	2	130	228	74	0	3	0	0	4	3	45	177	0	1	27	30	10	23	150	138	0	2	46	144	155	164	109	2	0	0	0	1	5	0	0	1	0	0	
0	1	0	68	32	0	1	0	2	0	81	124	18	0	2	0	0	13	107	0	3	35	2	0	0	24	68	0	99	174	63	0	0	19	78	38	80	16	96	0	2	0	87	183	121	123	53	0	0	0	1	45	76	26	0	0	0	0	2	0	0	0	1	0	
0	0	0	2	0	0	0	0	0	0	0	0	72	116	121	19	0	2	0	88	128	117	140	0	0	4	0	135	157	109	0	0	0	1	0	173	172	0	3	1	2	0	121	255	91	0	4	0	0	19	227	178	20	0	1	0	0	3	44	16	0	1	0	0	
0	0	1	0	0	0	0	0	0	0	8	83	91	69	0	1	3	0	144	112	0	207	43	0	2	0	168	69	129	177	4	0	3	0	70	227	148	180	17	0	4	0	121	82	0	198	46	0	2	0	59	134	132	121	0	1	0	0	0	42	49	1	0	0	
0	0	0	1	1	2	1	0	0	0	2	1	3	0	58	24	0	3	0	38	13	59	142	4	2	0	41	140	57	168	14	0	0	45	212	148	208	85	0	4	0	52	42	122	72	0	3	0	0	0	2	49	1	0	0	0	0	2	2	0	2	0	0	0	
0	0	1	1	0	0	0	0	0	0	0	0	7	15	11	0	0	1	88	135	132	226	65	0	0	0	19	0	108	127	0	1	0	2	0	71	148	0	0	0	1	0	31	160	15	0	1	0	1	0	166	66	0	3	0	0	0	16	150	11	0	0	0	0	
0	0	2	1	2	0	0	0	0	0	0	4	0	37	29	0	2	0	69	143	102	216	41	0	0	5	156	4	129	135	0	3	0	7	14	41	177	7	0	1	1	0	4	184	63	0	2	0	4	0	123	124	0	4	0	0	1	0	63	18	0	0	0	0	
0	0	0	0	0	0	0	0	2	0	60	73	96	135	33	0	3	0	167	150	89	44	9	0	2	0	68	120	98	69	0	2	0	2	6	15	10	137	17	0	0	2	145	25	1	187	21	0	2	0	71	153	164	143	0	2	0	1	0	20	52	3	0	0	
0	0	0	1	0	3	1	0	0	0	0	0	79	139	118	0	0	1	0	128	136	78	131	0	0	1	1	11	2	172	42	0	0	3	48	70	159	91	0	3	0	103	197	219	189	59	7	0	0	142	127	19	19	93	16	0	0	0	0	1	1	0	0	0	
0	0	1	1	0	0	0	0	0	1	0	21	103	135	22	0	1	0	20	155	105	67	5	0	2	0	45	203	29	0	1	0	0	1	0	48	187	35	0	2	0	0	10	0	102	94	0	3	2	0	35	170	164	32	0	2	0	0	0	46	33	0	1	0	
0	0	0	1	10	1	2	0	1	0	60	200	99	0	11	0	0	9	218	255	117	3	0	1	0	1	36	76	178	196	9	0	0	0	0	2	0	198	126	0	0	25	55	39	106	243	86	0	0	58	173	187	170	70	0	1	0	0	0	1	0	0	1	0	
0	0	0	8	3	0	1	0	0	2	117	159	163	90	0	1	0	67	96	0	14	180	72	0	0	0	21	54	0	132	111	0	0	97	169	104	173	206	39	0	0	139	170	113	176	204	63	0	0	2	72	86	0	71	109	0	0	0	0	0	2	2	0	0	
0	0	0	3	0	27	8	0	0	0	3	0	67	129	0	0	0	2	0	86	164	34	2	0	3	0	80	194	97	203	97	0	0	5	194	154	137	140	31	0	0	0	206	249	142	32	0	1	2	0	49	106	15	0	2	0	0	0	0	0	1	2	0	0	
0	2	5	4	4	3	0	0	0	0	0	0	0	0	0	0	0	56	132	121	115	60	0	0	0	54	121	93	166	174	0	2	0	0	3	0	83	87	0	3	0	2	6	0	142	40	0	1	0	0	0	0	166	28	0	1	0	0	0	6	112	2	0	0	
0	0	1	0	0	0	0	0	0	1	0	30	160	158	0	0	2	0	51	131	164	208	1	0	3	0	37	148	226	78	0	3	1	0	15	56	48	141	0	3	24	24	5	19	162	125	0	3	47	152	147	158	96	1	0	0	0	5	5	0	0	1	0	0	
0	0	12	14	1	0	0	0	5	92	117	118	100	0	0	0	13	35	0	15	156	9	0	0	2	0	51	178	183	51	0	1	1	0	18	24	21	139	60	0	0	0	10	5	0	84	117	0	2	0	86	152	135	128	17	0	0	0	0	10	10	1	0	0	
0	0	0	3	0	51	29	0	0	0	3	0	60	167	11	0	0	2	0	55	187	22	0	1	2	0	29	192	61	129	62	0	0	0	174	124	171	232	66	0	0	25	200	221	200	37	0	1	1	0	36	82	11	0	2	0	0	0	0	0	1	2	0	0	
0	0	1	0	87	20	0	1	0	2	0	72	157	0	2	0	2	0	26	230	107	30	0	1	2	0	40	135	103	191	64	0	0	0	0	3	0	137	112	0	18	112	132	128	170	174	11	0	1	53	90	90	78	9	0	1	0	0	0	0	0	2	1	0	
0	0	2	2	0	0	0	0	0	0	0	0	39	77	16	0	1	0	23	160	125	106	36	0	2	0	175	135	108	187	21	0	2	0	130	140	222	125	0	4	0	2	0	89	188	4	0	1	2	0	51	222	44	0	2	0	2	0	79	67	0	3	0	0	
0	1	0	64	14	0	0	0	0	0	2	179	23	0	2	0	1	0	30	143	0	6	0	0	3	0	90	99	55	162	22	0	3	0	148	47	131	142	20	0	2	0	83	145	202	142	8	0	0	0	0	27	18	60	24	0	0	0	2	0	0	0	0	0	
0	0	0	2	0	51	18	0	0	0	3	0	62	129	0	0	0	1	0	39	145	8	0	1	1	0	9	139	94	59	0	1	3	0	91	137	156	116	0	3	3	0	115	246	116	4	0	1	0	0	8	62	10	0	0	0	0	0	0	0	1	1	0	0	
0	0	1	4	3	3	1	0	0	1	2	0	0	0	0	0	1	0	12	116	185	170	22	0	0	16	193	164	192	234	18	0	0	8	144	137	228	68	0	2	0	2	0	142	134	0	4	0	2	0	47	142	4	0	0	0	3	0	111	64	0	2	0	0	
0	0	0	0	11	8	0	0	1	0	7	126	131	162	45	0	0	0	2	18	23	188	41	0	1	0	16	132	237	112	0	4	1	0	30	94	83	177	0	1	1	9	15	6	143	151	0	3	4	123	163	159	113	6	0	1	0	4	3	0	0	1	0	0	
0	0	0	0	0	1	0	0	1	0	4	70	194	138	0	1	4	0	104	105	35	31	0	0	3	0	81	178	74	2	0	0	0	0	2	84	153	74	0	3	0	4	34	0	128	120	0	4	1	0	98	189	157	16	0	1	0	0	0	3	0	0	0	0	
0	0	1	1	0	1	0	0	0	1	0	7	119	170	19	0	1	0	9	170	112	164	49	0	0	0	7	5	73	150	0	1	0	0	81	172	180	12	0	1	0	132	255	177	172	11	0	1	0	96	58	0	106	120	0	1	0	0	0	3	2	7	0	0	
0	1	0	0	0	2	0	0	0	1	36	5	2	0	0	0	0	56	157	0	0	123	54	0	0	140	197	80	80	213	35	0	0	68	145	201	235	202	0	0	0	0	3	0	96	173	0	3	0	2	8	0	166	141	0	4	0	0	0	0	58	19	0	1	
0	0	0	1	0	9	1	0	0	1	0	2	135	206	41	0	0	1	6	178	118	141	96	0	1	0	4	13	32	194	24	0	0	54	125	82	164	44	0	2	17	222	240	245	155	84	61	0	11	74	28	9	83	83	12	0	0	0	0	0	0	0	0	0	
0	0	0	1	1	0	0	0	0	8	32	5	0	1	0	0	0	60	107	113	22	0	1	0	0	9	0	33	116	0	0	0	0	1	5	0	85	47	0	2	0	0	2	0	52	83	0	3	0	0	3	0	80	55	0	2	0	0	1	0	75	18	0	1	
0	0	0	2	0	1	3	1	0	0	2	0	0	3	108	12	0	1	0	84	0	87	101	0	3	0	93	128	28	191	13	0	0	56	211	116	205	96	10	0	0	46	24	129	97	0	3	0	2	0	44	132	0	4	1	0	0	1	5	2	1	0	0	0	
0	0	0	0	1	0	0	0	1	0	110	174	185	174	24	0	1	0	86	100	116	248	29	0	0	3	0	0	207	182	0	2	1	0	0	178	244	32	0	2	0	57	200	255	210	76	5	0	0	143	172	103	112	132	11	0	0	0	0	0	0	0	0	0	
0	0	0	3	0	47	52	0	0	0	3	0	53	156	33	0	0	3	0	70	155	8	0	1	2	0	72	151	18	116	34	0	0	37	147	67	196	163	7	0	0	75	175	213	123	0	0	1	0	0	36	47	3	1	1	0	0	0	0	0	3	1	0	0	
0	0	0	7	59	15	0	1	1	0	6	141	140	144	13	0	1	0	30	103	0	130	62	0	1	0	62	105	11	135	33	0	0	65	133	68	176	126	0	3	0	114	90	32	185	153	37	0	0	21	120	107	12	27	53	0	0	0	0	0	1	1	0	0	
0	0	1	3	1	2	3	1	0	0	0	0	0	0	0	0	1	0	16	102	44	49	87	32	3	0	60	224	151	96	57	4	0	1	0	7	153	22	0	1	0	30	99	112	162	18	0	1	0	6	59	67	19	0	1	0	0	0	0	0	1	1	0	0	
0	0	0	1	0	0	0	0	0	0	2	0	55	90	0	3	0	0	10	0	109	97	0	3	2	0	56	91	128	42	0	1	3	0	86	180	185	108	2	0	1	0	0	112	159	4	2	0	0	2	0	49	75	0	2	0	0	0	1	2	1	1	0	0	
0	0	2	3	0	0	0	0	0	0	0	6	19	4	3	0	1	0	21	135	70	115	138	69	2	0	184	137	0	5	8	3	1	0	53	123	136	32	0	1	0	5	81	51	179	134	0	4	1	0	37	100	118	23	0	1	0	0	0	0	0	0	0	0	
0	0	0	0	0	0	0	0	0	1	0	98	87	0	1	0	2	0	43	152	168	97	0	4	0	0	5	7	145	81	0	3	0	3	0	82	205	0	0	1	0	0	2	0	163	42	0	2	1	0	41	103	170	13	0	1	1	0	19	65	24	0	1	0	
0	1	0	0	1	0	0	0	0	12	9	0	26	118	0	1	0	0	3	0	92	163	0	4	0	0	1	0	192	86	0	3	0	3	0	114	196	0	1	0	1	0	24	221	48	0	2	0	3	0	83	129	0	3	0	0	0	0	1	1	1	0	0	0	
0	1	1	0	0	0	0	0	0	0	0	1	25	53	2	0	0	89	209	193	201	229	13	0	0	26	46	18	119	132	0	3	0	0	131	168	235	217	56	0	0	4	60	196	140	78	37	0	2	0	56	156	0	0	0	0	2	0	58	49	0	5	1	0	
0	0	0	0	0	0	0	0	0	0	0	55	152	118	16	0	2	0	48	172	84	190	100	0	0	2	1	4	104	186	19	0	3	0	73	226	242	52	0	2	0	53	36	0	96	166	0	3	0	71	164	133	176	72	0	2	1	0	35	62	15	0	1	0	
0	1	1	0	1	0	0	0	0	0	2	0	48	76	0	2	0	81	150	0	160	173	0	4	0	176	249	122	226	188	54	0	0	140	189	221	253	255	129	0	0	1	0	0	220	160	0	3	0	2	3	0	191	68	0	3	0	0	0	1	28	3	0	0	
0	0	0	0	0	0	0	0	0	116	189	125	87	13	0	1	0	70	66	60	211	34	0	2	0	12	126	225	213	74	3	0	0	18	89	50	22	159	125	0	0	9	42	31	53	170	167	0	0	8	127	167	151	104	7	0	0	0	0	0	0	0	1	0	
0	0	1	1	0	0	0	0	0	0	1	0	37	50	0	2	2	0	115	33	51	161	0	3	2	0	192	57	113	192	0	3	3	0	154	229	255	157	0	3	2	0	47	119	135	122	0	4	0	0	3	0	88	101	0	4	0	0	2	3	7	8	0	0	
0	0	2	1	0	0	0	0	0	1	0	36	95	70	3	0	2	0	73	188	91	88	17	0	0	4	220	133	135	128	0	1	1	0	99	158	113	191	7	0	0	0	4	0	117	163	0	3	0	1	0	27	226	44	0	2	0	1	0	37	98	0	0	0	
0	0	1	1	0	0	0	0	0	2	0	81	133	96	29	0	2	0	53	204	134	161	52	0	4	0	139	203	23	0	1	0	1	0	6	94	206	119	0	2	0	5	63	0	169	163	0	3	2	0	124	201	173	5	0	1	0	0	4	50	9	0	1	0	
0	0	0	3	4	3	0	0	0	0	1	0	0	2	11	0	0	0	0	127	122	157	97	0	2	0	140	164	96	201	5	0	0	14	111	0	150	66	0	2	0	3	0	102	149	0	3	0	1	0	26	188	22	0	1	0	2	0	63	118	0	3	0	0	
0	0	0	0	0	0	0	0	1	0	22	144	56	0	1	0	4	0	141	175	189	9	0	1	3	0	91	190	145	0	2	0	0	2	0	136	235	54	0	2	0	3	0	121	103	178	14	0	0	2	0	72	174	166	13	0	0	0	0	0	38	19	0	1	
0	0	1	1	0	0	0	0	0	1	0	24	111	140	18	0	3	0	66	149	151	250	30	0	4	0	100	143	105	108	0	3	1	0	0	224	163	0	3	0	3	0	107	190	158	0	2	0	2	0	175	194	108	0	2	0	1	0	25	49	0	0	0	0	
0	1	1	0	0	0	2	0	2	0	73	219	183	50	0	2	0	26	210	82	132	252	74	0	0	98	112	0	0	93	198	0	0	108	136	0	0	19	179	8	0	33	231	130	26	138	141	0	2	0	48	169	208	172	15	0	0	1	1	0	0	0	0	0	
0	0	1	1	1	2	0	0	0	1	0	22	41	4	9	0	1	0	0	175	197	166	42	0	3	0	147	84	145	159	0	3	0	0	24	47	183	12	0	1	0	0	0	190	82	0	3	0	4	0	120	141	0	3	0	0	1	0	65	20	0	1	0	0	
0	0	0	0	0	0	0	0	1	0	26	92	51	22	13	0	0	6	199	95	158	124	14	0	2	0	115	129	106	0	2	0	0	1	0	159	174	0	1	0	0	3	0	71	207	121	0	2	0	1	0	26	121	186	35	0	0	0	2	0	63	102	5	0	
0	0	0	1	0	18	29	0	0	1	0	26	144	195	188	0	0	4	0	63	97	111	147	0	0	0	1	0	22	202	40	0	0	42	134	160	228	92	0	3	0	202	253	210	170	94	0	3	0	85	94	2	10	38	0	1	0	0	0	1	3	0	0	0	
0	0	1	1	0	0	0	0	1	0	21	126	0	0	0	0	0	1	0	145	35	0	1	0	0	4	0	117	96	0	3	0	0	2	0	49	171	0	1	0	0	0	1	0	178	56	0	2	0	0	3	0	93	87	0	3	0	0	0	0	0	0	0	0	
0	0	0	0	1	4	0	0	0	1	0	42	161	196	55	0	0	3	0	67	49	154	93	0	0	0	1	0	36	182	10	0	0	30	120	148	234	74	0	3	3	197	219	168	154	128	0	4	4	78	61	0	100	111	0	3	0	0	0	2	4	0	0	0	
0	0	0	0	0	0	0	0	0	0	0	2	97	6	0	0	0	1	0	40	148	0	2	0	0	3	0	78	120	0	3	0	0	3	0	93	98	0	3	0	0	3	0	134	65	0	2	0	0	0	0	132	22	0	1	0	0	0	0	1	0	0	0	0	
0	0	0	2	0	0	0	0	0	0	1	1	81	67	28	0	0	2	0	89	154	91	73	0	3	0	65	239	129	2	0	0	1	0	56	20	127	102	0	4	4	16	0	31	165	58	0	2	2	106	136	124	51	0	1	0	0	5	6	0	1	1	0	0	
0	0	0	2	2	0	0	0	0	20	5	0	1	6	0	0	0	91	148	117	172	115	0	4	0	0	13	22	164	53	0	2	0	2	0	8	145	7	0	0	0	1	0	42	161	0	2	0	0	1	0	29	160	0	0	0	0	0	1	0	126	29	0	1	
0	0	1	1	1	2	0	0	0	3	0	17	37	16	21	0	0	2	7	128	152	175	32	0	1	0	37	41	102	121	0	3	0	3	0	72	147	0	1	0	2	0	51	169	10	0	1	0	0	9	173	34	0	2	0	0	0	17	68	0	2	0	0	0	
0	0	0	0	0	0	0	0	0	0	2	0	52	32	0	1	0	0	2	0	137	43	0	2	0	1	0	32	137	0	1	0	0	3	0	86	95	0	3	0	0	3	0	122	48	0	2	0	0	0	0	129	16	0	1	0	0	0	1	15	0	0	0	0	
0	0	0	3	1	0	0	0	0	0	2	0	13	66	20	0	0	0	0	86	123	142	76	0	3	0	121	152	81	197	34	0	2	0	135	152	177	145	0	3	0	2	0	94	149	0	0	0	2	0	67	200	11	0	1	0	2	0	72	60	0	3	0	0	
0	0	0	0	0	0	0	0	0	2	0	50	125	0	2	0	0	3	0	78	217	0	0	0	0	3	0	103	206	0	1	0	0	4	0	136	165	0	4	0	0	4	0	133	184	0	3	0	0	2	0	67	162	0	1	0	0	0	0	0	0	0	0	0	
0	0	0	2	0	0	0	0	0	0	1	0	90	131	15	0	0	3	0	98	127	145	97	0	1	0	21	159	44	157	17	0	1	0	14	198	150	26	0	1	2	0	83	246	58	0	4	0	1	0	187	208	23	0	1	0	1	0	29	29	0	1	0	0	
0	0	0	0	2	0	0	0	0	0	0	1	1	107	15	0	0	0	3	0	104	203	0	0	0	1	0	10	205	55	0	2	0	1	0	166	138	0	3	0	3	0	91	207	1	1	0	0	4	0	110	98	0	4	0	0	0	0	9	10	0	0	0	0	
0	0	0	1	0	18	31	0	0	0	1	0	78	188	157	0	0	3	0	45	157	130	123	0	0	1	1	0	33	185	28	0	0	21	145	166	210	57	0	2	0	150	243	206	171	96	5	0	0	92	96	2	11	57	4	0	0	0	0	2	2	0	0	0	
0	0	0	0	0	0	0	0	0	1	0	14	131	21	0	1	0	2	0	43	231	22	0	1	0	3	0	88	203	0	1	0	0	4	0	139	147	0	4	0	0	4	0	168	130	0	4	0	0	4	0	144	134	0	4	0	0	1	0	15	19	0	1	0	
0	0	0	0	1	1	4	0	0	0	0	4	0	108	83	0	0	0	3	0	70	199	10	0	0	1	0	19	212	67	0	3	1	0	0	195	119	0	4	0	3	0	132	172	0	4	0	0	0	0	150	30	0	1	0	0	0	1	1	1	1	0	0	0	
0	0	0	0	0	0	0	0	1	0	25	86	77	30	0	1	1	0	18	54	133	131	0	3	0	1	0	75	93	17	0	1	0	2	0	95	126	0	0	0	0	0	2	0	105	33	0	1	0	21	44	60	90	0	1	0	0	8	82	72	9	0	1	0	
0	0	0	0	0	0	0	0	0	2	0	48	145	188	22	0	0	1	0	27	180	206	13	0	3	0	44	197	240	90	0	3	1	0	22	35	39	201	7	0	27	40	3	0	158	173	0	2	17	120	156	178	140	7	0	1	0	0	9	5	0	1	0	0	
0	0	1	0	1	0	1	0	0	2	0	115	176	74	0	2	3	0	61	195	93	136	44	0	0	4	158	24	23	65	96	0	0	46	134	0	0	26	111	0	0	32	165	6	0	93	92	0	2	0	81	135	125	109	3	0	0	0	0	6	9	0	1	0	
0	0	0	0	2	1	2	0	0	0	0	4	0	113	68	0	0	0	4	0	72	203	8	0	0	2	0	39	224	49	0	2	1	0	9	209	108	0	3	0	1	0	182	149	0	4	0	0	0	54	163	1	1	1	0	0	0	2	1	1	0	0	0	0	
0	0	0	0	10	35	0	0	0	0	2	0	168	148	0	3	0	3	0	125	160	0	1	0	2	0	32	211	79	12	0	1	4	0	123	134	120	204	6	0	4	0	117	154	111	179	0	0	1	0	26	150	133	14	0	1	0	0	0	0	0	1	0	0	
0	0	0	0	4	4	0	0	1	0	2	117	177	181	51	0	0	0	7	70	152	199	29	0	2	0	11	157	228	161	0	4	0	0	7	16	32	209	11	0	39	56	8	7	150	191	0	1	37	164	171	182	166	29	0	1	0	0	7	4	0	1	0	0	
0	0	0	0	0	0	0	0	1	0	56	138	39	0	2	0	0	5	205	134	146	9	0	1	0	51	181	0	23	68	0	0	0	24	200	165	174	224	14	0	1	0	19	74	45	192	29	0	0	1	1	2	0	151	35	0	0	0	1	3	0	19	6	0	
0	0	1	0	5	0	2	0	0	0	2	115	164	97	0	0	4	0	120	220	0	138	96	0	0	12	174	27	0	17	150	1	0	68	141	0	0	44	142	0	0	75	139	0	61	169	43	0	0	12	154	157	133	31	0	1	0	0	2	10	0	1	2	0	
0	0	1	3	2	0	0	0	0	0	0	0	0	9	5	0	0	4	35	73	97	170	17	0	0	7	85	43	94	123	0	3	0	1	0	14	156	16	0	1	0	4	0	125	91	0	3	0	1	0	23	148	3	0	0	0	2	0	50	61	0	2	0	0	
0	0	0	0	0	0	0	0	0	3	0	109	58	0	2	0	0	4	0	119	138	0	4	0	0	3	0	83	162	0	3	0	0	3	0	82	162	0	3	0	0	3	0	90	149	0	4	0	0	3	0	80	113	0	3	0	0	0	0	0	0	0	0	0	
0	0	0	8	0	0	0	0	0	1	0	113	101	12	0	0	0	2	0	42	222	191	4	0	0	4	0	179	156	0	3	0	0	1	0	11	172	45	0	2	0	56	36	0	167	78	0	3	0	96	168	163	135	4	0	1	0	0	9	6	0	0	0	0	
0	0	0	0	0	1	0	0	1	0	78	175	108	0	1	0	0	53	200	71	201	67	0	3	0	7	10	0	168	85	0	3	2	0	49	129	227	112	34	18	0	14	207	210	193	138	155	43	0	0	95	135	21	0	1	0	0	0	0	0	2	4	2	1	
0	0	1	0	22	25	0	1	0	2	0	84	228	189	0	0	0	1	0	67	86	201	14	0	0	2	0	2	185	110	0	3	1	0	19	182	104	0	6	0	0	43	240	226	169	226	52	0	0	65	161	116	66	30	6	0	0	0	0	0	0	0	0	0	
0	0	0	0	0	0	0	0	0	0	79	146	125	11	0	1	0	72	143	49	207	45	0	2	0	13	2	120	253	52	0	3	2	0	136	145	121	161	0	3	0	0	10	0	32	197	6	0	2	0	70	156	177	169	0	1	0	0	0	43	67	16	0	1	
0	0	1	0	0	1	0	0	0	0	0	71	53	0	1	0	3	0	84	166	172	76	0	3	4	0	126	48	168	137	0	4	4	0	100	227	245	93	0	4	0	0	11	50	118	85	0	3	0	0	4	0	126	68	0	3	0	0	2	0	52	18	0	1	
0	0	1	0	0	0	0	0	0	0	3	0	55	68	0	2	2	0	110	9	141	109	0	4	0	4	192	12	151	110	12	5	0	0	187	176	207	210	95	0	1	0	12	81	227	52	0	2	0	2	0	54	170	0	2	1	0	0	0	19	22	0	1	0	
0	0	0	0	14	7	0	0	0	0	1	0	132	32	0	1	0	2	0	59	114	0	3	0	0	4	0	118	115	0	3	0	0	3	0	103	164	25	0	1	0	3	0	148	176	0	0	0	0	2	0	88	67	0	2	0	0	0	0	0	1	0	0	0	
0	0	3	0	0	0	0	0	0	1	0	21	79	107	94	21	1	0	132	171	99	55	42	17	0	17	224	116	14	0	1	0	1	0	37	114	171	113	0	2	0	26	58	0	19	198	17	0	0	7	91	151	175	112	0	1	0	0	0	6	11	0	0	0	
0	0	1	15	4	0	0	0	0	1	0	74	149	13	0	1	1	0	39	137	202	17	0	1	2	0	99	111	97	146	0	2	0	0	2	0	44	169	0	1	0	58	63	13	177	68	0	3	0	17	126	143	67	0	2	0	0	0	1	2	0	2	0	0	
0	0	14	11	0	0	0	0	6	0	131	79	0	7	2	0	1	0	191	56	0	2	0	0	0	18	219	24	31	156	66	0	1	0	192	90	135	134	170	0	3	0	95	252	195	154	53	0	0	1	0	63	98	25	0	1	0	0	1	0	0	1	2	0	
0	0	3	49	14	0	1	0	2	0	51	130	125	0	1	0	0	0	5	0	131	31	0	1	1	0	9	110	160	2	0	0	1	0	13	66	105	97	0	2	0	0	33	13	38	161	0	1	1	0	76	126	115	32	0	1	0	0	0	0	0	0	0	0	
0	2	3	0	0	1	0	0	0	0	0	6	25	5	0	0	0	68	185	164	189	137	0	2	0	47	120	6	38	176	0	1	0	0	3	0	96	148	0	4	0	2	7	0	146	108	0	4	0	1	0	2	200	45	0	2	0	1	0	24	136	3	0	0	
0	0	3	1	0	2	1	0	0	1	0	11	6	0	20	7	2	0	80	202	13	36	206	26	0	67	235	47	0	219	118	0	0	95	247	184	224	181	0	1	1	0	29	152	222	14	0	1	0	2	0	183	78	0	3	0	0	0	2	55	8	0	0	0	
0	0	1	0	0	0	0	0	0	0	0	78	125	50	0	1	3	0	122	129	116	182	0	2	3	0	128	139	124	29	0	1	1	0	0	220	130	0	4	0	0	0	9	161	170	17	0	1	0	0	0	170	179	0	0	0	0	1	0	26	31	0	1	0	
0	0	0	0	0	1	0	0	2	0	51	154	68	0	2	0	4	0	102	175	35	28	14	0	1	0	9	154	181	140	40	0	0	3	0	166	245	34	0	2	0	0	2	190	88	131	0	2	0	2	0	125	176	97	0	2	0	0	0	6	55	9	0	0	
0	0	1	2	0	0	0	0	0	0	1	0	47	46	0	1	1	0	5	100	146	78	0	2	3	0	127	157	147	35	0	2	2	0	77	67	122	57	0	2	0	0	4	0	128	68	0	3	0	0	5	0	128	55	0	2	0	0	1	0	43	9	0	0	
0	0	1	2	0	2	0	0	0	0	0	5	24	0	0	0	1	0	9	96	122	70	0	1	2	0	91	68	98	153	1	0	0	12	133	103	71	90	0	2	0	0	46	2	77	63	0	2	0	0	0	0	111	14	0	0	0	0	0	15	61	0	1	0	
0	0	0	0	0	0	2	0	2	0	98	193	118	64	0	2	0	14	235	180	91	194	96	0	0	85	173	0	0	20	197	36	0	85	177	0	6	0	170	84	0	16	220	80	0	96	204	17	2	0	68	187	177	166	35	0	0	0	0	1	5	0	1	1	
0	0	0	1	16	3	1	0	0	2	0	46	134	0	2	0	0	1	0	155	53	53	36	0	3	0	101	110	73	146	89	0	0	7	148	21	131	74	58	0	0	23	153	33	188	150	0	1	2	0	58	113	74	63	0	0	0	0	0	0	0	0	0	0	
0	0	0	1	0	0	0	0	0	3	0	102	68	0	2	0	0	4	0	107	165	0	3	0	0	3	0	73	201	0	1	0	0	2	0	44	190	0	0	0	0	1	0	25	185	1	0	0	0	1	0	17	154	7	0	1	0	0	0	0	0	0	0	0	
0	0	0	2	3	0	0	0	0	18	74	4	0	2	0	0	0	132	202	161	172	79	0	3	0	75	31	5	176	116	0	4	1	0	27	121	206	194	53	0	2	0	49	114	214	157	7	0	0	0	3	0	173	119	0	4	0	0	3	0	67	50	0	2	
0	0	0	6	1	1	0	0	0	3	121	165	109	0	1	0	0	17	67	0	146	87	0	3	0	0	3	0	81	116	0	4	1	0	45	110	194	152	97	33	0	30	167	123	173	34	39	4	0	17	148	136	17	0	1	0	0	0	5	3	1	2	1	0	
0	0	2	39	33	0	0	0	3	0	107	184	190	72	0	3	0	0	12	0	58	174	0	3	0	5	98	104	164	122	0	4	0	104	141	112	243	187	59	0	0	143	132	157	36	38	213	34	0	41	148	39	0	0	105	33	0	0	0	1	2	1	0	0	
0	0	0	0	0	0	0	0	0	0	78	131	67	0	1	0	0	6	41	60	189	3	0	0	0	0	0	151	183	0	0	1	2	0	129	130	103	136	0	3	1	3	4	0	91	165	0	3	1	0	61	131	159	25	0	1	1	0	34	57	4	0	0	0	
0	0	0	0	1	0	0	0	1	0	26	93	37	0	1	0	2	0	102	131	170	15	0	1	0	0	0	4	154	18	0	1	0	2	0	65	148	0	2	0	0	0	0	8	154	8	0	0	0	1	0	95	137	0	3	0	1	0	16	106	25	0	1	0	
0	0	0	0	0	0	0	0	2	0	58	19	21	73	0	1	0	0	158	7	125	82	0	3	0	22	196	0	147	60	0	1	1	0	128	152	207	142	35	0	0	1	0	34	195	21	0	1	0	1	0	22	147	0	1	0	0	0	0	7	21	0	0	0	
0	0	0	0	0	0	0	0	0	2	0	49	64	0	2	0	0	3	0	99	146	0	4	0	0	3	0	96	173	0	3	0	0	3	0	98	135	0	4	0	0	4	0	130	98	0	3	0	0	3	0	155	72	0	3	0	0	0	0	27	6	0	0	0	
0	0	0	0	0	1	0	0	0	0	1	49	70	4	0	0	0	20	164	147	173	108	0	4	0	6	26	0	117	153	0	4	0	0	0	0	195	54	0	2	0	3	0	71	170	0	2	0	0	3	0	179	104	0	3	0	0	0	0	78	20	0	1	0	
0	0	0	4	3	0	0	0	0	1	0	95	119	12	0	1	0	1	0	44	184	30	0	1	0	1	0	93	137	68	0	3	0	2	5	0	60	116	0	4	0	25	67	0	98	76	0	3	0	2	90	133	136	6	0	1	0	0	1	11	3	0	0	0	
0	0	0	0	0	0	2	0	0	0	1	75	143	66	0	2	4	0	97	175	38	44	61	11	3	0	86	134	54	150	60	0	1	0	0	220	177	6	0	1	3	0	93	128	128	0	3	0	3	0	96	150	155	0	0	0	0	0	4	64	25	0	1	0	
0	0	2	1	0	2	0	0	0	2	0	78	51	3	24	0	2	0	49	249	46	140	130	0	0	0	212	123	0	231	49	0	0	6	223	145	183	202	0	0	3	0	104	215	255	153	0	4	0	1	0	0	220	111	0	3	0	0	3	0	30	8	0	0	
0	0	0	3	1	0	0	0	0	0	2	0	12	19	0	0	0	2	0	78	156	85	0	1	3	0	114	194	154	32	0	2	2	0	84	71	134	31	0	1	0	1	0	18	139	0	0	0	0	1	0	50	129	0	3	0	0	2	0	50	71	0	2	0	
0	0	2	0	0	0	0	0	0	1	0	35	130	122	7	0	2	0	110	194	77	188	81	0	3	0	162	140	57	172	17	0	3	0	57	243	248	65	0	3	1	0	192	57	103	157	0	4	2	0	93	173	193	77	0	3	0	1	0	32	41	0	1	0	
0	0	1	0	0	0	2	0	0	1	0	77	123	24	0	1	3	0	78	199	200	156	105	0	0	0	174	37	20	0	133	50	0	54	159	0	7	0	117	59	0	71	139	0	3	102	133	0	0	43	181	107	140	107	6	0	1	0	38	68	21	0	2	0	
0	2	0	0	0	0	0	0	1	0	26	86	107	107	27	0	0	65	127	62	11	114	70	0	0	38	9	0	10	144	12	0	0	0	1	0	106	68	0	2	1	0	7	145	205	83	21	0	0	37	169	99	34	97	69	0	0	22	25	0	1	0	0	0	
0	0	0	0	0	0	0	0	0	0	0	1	128	14	0	1	0	0	0	0	162	20	0	1	0	3	0	24	184	7	0	1	0	2	0	61	157	0	3	0	0	4	0	115	121	0	4	0	0	3	0	108	52	0	2	0	0	0	0	0	1	0	0	0	
0	0	0	0	0	0	0	0	0	6	8	0	59	30	0	1	0	72	40	0	105	52	0	2	0	92	59	0	84	81	0	3	0	29	148	140	168	133	0	4	0	0	6	29	18	124	15	0	0	1	1	2	0	64	53	0	0	0	0	1	1	1	1	0	
0	0	0	0	0	0	0	0	0	0	96	149	133	20	0	1	0	1	30	12	89	154	0	3	0	1	1	0	16	171	6	0	1	0	32	35	112	169	28	25	0	52	183	201	208	111	84	17	0	32	137	93	13	0	1	0	0	0	0	0	2	3	3	1	
0	0	0	0	10	3	0	0	0	2	0	45	151	135	0	1	0	0	1	2	75	140	0	2	0	1	0	30	157	20	0	1	0	0	3	137	33	0	1	0	3	0	98	96	17	89	6	0	3	0	74	150	105	51	0	1	0	0	1	8	0	0	0	0	
0	0	2	8	1	0	0	0	0	24	141	173	138	2	0	0	0	10	3	35	201	13	0	1	1	0	48	208	210	106	1	0	1	0	124	98	0	157	77	0	0	2	1	0	4	198	62	0	0	30	127	134	162	114	0	1	0	0	10	15	7	0	0	0	
0	0	0	9	36	0	0	0	0	1	0	128	99	0	3	0	3	0	80	184	0	0	0	0	4	0	174	178	182	178	4	0	3	0	184	96	29	207	63	0	3	0	156	152	88	153	9	0	1	0	14	114	119	26	0	1	0	0	1	0	0	1	1	0	
0	0	2	0	0	6	0	0	0	0	2	0	40	83	0	1	1	0	62	0	99	73	0	3	0	21	156	0	101	71	0	3	0	17	149	97	164	150	33	0	0	0	14	28	141	62	0	1	0	0	2	0	94	18	0	1	0	0	0	2	0	0	0	0	
0	0	0	1	1	0	0	0	0	2	0	51	52	0	2	0	0	2	0	63	94	0	3	0	0	2	0	66	103	0	3	0	0	3	0	76	88	0	3	0	0	3	0	94	85	0	3	0	0	2	0	82	45	0	2	0	0	0	0	1	0	0	0	0	
0	0	1	0	0	0	0	0	0	0	3	45	82	16	0	1	0	10	147	143	163	129	0	4	0	4	19	0	128	108	0	4	0	1	0	10	193	31	0	1	0	3	0	106	143	0	3	0	1	0	11	225	110	0	2	0	1	0	22	90	10	0	0	0	
0	0	2	0	0	2	0	0	0	1	0	56	62	3	0	0	2	0	110	126	121	140	0	0	0	42	139	0	169	138	11	0	0	45	166	160	249	62	0	3	1	0	54	40	126	127	0	4	0	0	3	0	90	154	0	4	0	0	3	0	21	55	0	1	
0	0	1	0	0	1	2	0	0	1	0	68	131	69	0	8	3	0	91	158	28	42	116	23	3	0	157	45	20	147	48	0	2	0	63	170	144	39	0	2	2	0	33	211	131	0	3	0	3	0	71	160	172	25	0	1	0	1	0	47	35	0	1	0	
0	0	0	0	0	0	0	0	0	0	0	124	220	112	0	2	3	0	72	205	91	192	43	0	1	0	25	50	0	183	74	0	0	13	184	199	169	206	20	0	0	91	211	129	255	150	0	4	0	33	197	154	52	132	16	0	0	0	0	0	0	0	0	0	
0	0	0	3	0	0	0	0	0	0	2	0	22	19	0	0	0	0	3	96	112	94	0	0	3	0	130	118	71	91	0	2	1	0	94	91	152	72	0	3	0	0	0	0	137	14	0	1	0	2	0	54	128	0	3	0	0	2	0	73	57	0	2	0	
0	0	0	12	9	0	0	0	0	28	139	117	130	60	0	2	0	31	128	10	7	144	14	0	0	0	0	3	0	116	32	0	0	3	64	98	109	184	25	0	0	100	104	0	107	149	35	0	0	44	94	109	96	1	0	0	0	0	8	12	0	3	1	0	
0	0	2	1	1	1	0	0	0	0	0	18	20	0	0	0	2	0	89	140	151	34	0	2	0	0	172	19	88	98	0	4	0	1	5	0	92	93	0	3	0	0	4	0	116	75	0	3	0	0	4	0	129	54	0	2	0	0	2	0	88	31	0	1	
0	2	0	0	0	1	0	0	0	0	10	26	35	8	0	0	0	84	123	92	129	108	0	2	0	22	6	0	23	126	0	2	0	0	3	0	82	110	0	4	0	1	3	0	142	45	0	2	0	1	0	36	135	0	1	0	0	2	0	69	42	0	1	0	
0	0	1	3	1	1	0	0	0	0	1	0	14	1	0	0	0	1	0	88	194	62	0	3	0	3	194	107	103	114	0	4	0	17	106	0	99	103	0	4	0	0	4	0	106	82	0	3	0	0	5	0	123	36	0	1	0	0	0	0	81	7	0	0	
0	0	3	4	4	1	0	0	0	1	0	0	0	5	1	0	1	0	61	132	114	192	30	0	0	106	246	146	165	213	1	0	0	123	84	0	122	149	0	4	0	3	2	1	198	63	0	2	0	2	0	30	205	8	0	1	0	1	0	28	116	0	0	0	
0	1	1	0	0	0	0	0	0	0	8	25	19	0	0	0	0	32	147	121	166	27	0	1	0	20	22	0	130	44	0	2	0	0	3	0	142	43	0	2	0	1	2	0	146	22	0	1	0	1	0	24	150	0	1	0	0	1	0	34	90	0	2	0	
0	0	0	2	0	0	0	0	0	0	2	0	36	3	0	0	0	2	0	74	187	45	0	2	2	0	133	132	74	78	0	3	1	0	107	134	152	51	0	2	0	0	0	0	132	33	0	1	0	0	5	0	142	25	0	1	0	0	0	0	51	8	0	0	
0	0	0	0	0	0	0	0	1	0	86	140	112	5	0	0	0	12	81	48	174	7	0	1	0	2	0	120	219	118	0	0	1	0	16	123	27	173	27	0	0	0	2	0	86	150	0	1	1	0	53	141	134	9	0	1	1	0	39	51	0	1	0	0	
0	0	1	1	0	0	0	0	0	1	0	38	110	107	22	0	2	0	55	187	147	204	6	0	2	0	52	178	178	43	0	2	0	3	0	173	210	0	1	0	3	0	94	165	174	22	0	1	4	0	121	226	111	0	2	0	0	0	7	43	2	0	0	0	
0	0	1	0	0	2	1	0	1	0	9	153	80	5	0	0	3	0	80	148	51	139	4	0	4	0	138	96	0	123	82	0	3	0	161	65	0	159	61	0	4	0	122	180	168	128	0	1	1	0	9	99	67	0	37	31	0	0	1	0	0	1	6	4	
0	0	2	2	0	0	1	1	0	1	1	0	35	117	41	0	2	0	54	167	220	96	158	25	0	49	189	143	72	0	103	63	0	140	93	20	11	7	173	33	0	103	179	10	52	175	88	0	0	3	150	162	142	64	0	2	0	1	0	0	0	0	2	0	
0	1	2	0	0	0	0	0	1	0	11	83	39	0	1	0	0	30	157	105	154	18	0	1	0	52	54	9	184	18	0	1	0	1	0	81	145	96	0	3	0	1	3	0	29	149	0	2	0	0	0	73	129	87	0	3	0	1	0	79	90	0	0	0	
0	0	1	2	1	0	0	0	0	1	0	40	134	0	1	0	0	1	0	149	183	0	2	0	3	0	105	109	134	35	0	1	0	0	175	97	207	79	0	3	0	0	51	44	104	101	0	4	0	0	2	0	55	123	0	3	0	0	2	2	1	5	1	0	
0	0	0	0	0	0	0	0	0	1	0	27	89	0	2	0	0	1	0	38	154	0	2	0	0	1	0	40	165	0	1	0	0	2	0	59	138	0	3	0	0	3	0	72	122	0	3	0	0	2	0	63	80	0	3	0	0	0	0	0	0	0	0	0	
0	0	2	1	0	0	0	0	0	0	0	6	26	73	84	17	2	0	59	145	152	178	102	19	3	0	151	114	0	2	0	0	1	0	16	107	93	5	2	1	0	10	5	0	135	77	0	3	0	80	139	147	103	0	0	0	0	3	18	12	0	0	0	0	
0	0	0	1	0	0	0	0	0	1	0	30	117	34	0	1	1	0	8	140	51	123	18	0	1	0	33	133	89	80	0	2	0	3	0	120	206	0	0	0	0	0	5	118	153	30	0	1	1	0	15	183	124	0	0	0	0	1	0	38	17	0	1	0	
0	0	1	1	0	1	1	0	0	2	0	57	178	34	0	2	1	0	7	220	171	188	37	0	3	0	115	222	0	132	144	0	0	4	218	85	0	173	128	0	0	26	242	94	161	202	8	0	2	0	90	216	130	8	0	1	0	0	0	0	0	1	1	0	
0	3	4	4	3	2	0	0	0	0	0	0	0	0	0	0	17	154	117	105	150	125	0	2	22	146	87	55	94	170	0	3	0	0	3	0	73	131	0	4	0	2	7	0	106	111	0	4	0	0	3	0	142	69	0	3	0	0	2	0	154	35	0	1	
0	1	0	8	10	0	1	0	1	0	32	89	76	38	0	1	0	16	94	6	0	91	11	0	0	34	93	0	0	66	31	0	0	5	107	6	0	58	31	0	3	0	77	65	0	86	14	0	0	0	5	87	106	76	0	2	0	0	0	3	14	2	0	0	
0	1	0	26	51	0	1	0	0	3	0	141	106	0	3	0	1	0	24	184	10	0	1	0	3	0	102	115	27	85	0	0	4	0	127	102	149	187	15	0	3	0	85	242	216	99	0	2	0	0	2	67	56	2	0	0	0	0	1	0	0	2	0	0	
0	0	0	1	1	1	0	0	0	0	0	17	12	0	0	0	0	0	3	130	131	17	0	1	2	0	41	134	159	35	0	1	0	0	1	63	154	7	0	0	0	0	0	7	114	2	0	0	0	1	0	30	127	0	2	0	0	0	0	13	82	0	1	0	
0	0	1	0	0	1	0	0	2	0	64	51	0	51	35	0	0	0	193	46	0	160	24	0	0	51	188	0	65	191	62	19	0	30	203	174	215	186	70	9	1	0	15	13	175	63	0	2	0	2	0	22	200	13	0	1	0	0	0	6	36	2	0	0	
0	0	0	10	53	4	0	0	0	3	0	124	185	111	0	2	0	2	1	51	7	173	28	0	0	0	1	0	26	150	0	1	0	19	109	129	193	147	0	2	0	123	147	156	154	105	131	15	0	29	100	55	0	0	19	9	0	0	0	0	3	4	0	0	
0	0	0	8	20	0	2	0	0	3	0	96	197	26	0	2	2	0	47	203	47	146	20	0	4	0	164	117	0	84	142	0	0	1	196	42	0	24	186	5	1	0	197	133	80	173	96	0	2	0	50	157	145	54	0	1	0	0	0	0	0	0	2	0	
0	0	0	0	0	0	0	0	0	0	3	1	35	8	0	0	0	1	3	0	134	44	0	3	1	0	42	92	205	52	0	1	0	47	236	255	155	115	105	18	0	49	173	60	0	0	55	38	0	0	0	0	3	2	0	0	0	1	3	3	0	0	2	1	
0	0	0	7	5	0	0	0	0	25	142	155	166	54	0	2	0	33	74	0	57	180	3	1	0	0	0	0	5	178	17	0	1	0	33	88	123	223	134	34	0	42	183	121	227	76	55	32	0	17	133	138	55	0	1	0	0	0	4	4	0	3	2	1	
0	0	1	0	1	0	0	0	0	0	0	65	38	0	1	0	2	0	59	129	103	5	0	0	3	0	99	14	73	99	0	3	2	0	86	80	130	83	0	3	1	0	9	73	164	26	0	1	0	1	0	14	141	2	0	0	0	0	0	16	47	0	1	0	
0	0	10	56	0	1	0	0	2	0	46	159	0	5	1	0	3	0	71	140	0	3	0	0	4	0	134	95	0	55	17	0	4	0	110	159	144	197	115	0	2	0	51	229	186	136	29	0	1	0	26	26	0	1	0	0	0	0	0	1	1	3	1	0	
0	1	0	29	47	0	0	0	1	0	27	182	172	61	0	3	0	0	13	14	49	138	0	3	0	1	0	8	176	84	0	2	0	0	0	161	96	0	2	0	4	0	112	205	100	135	5	0	2	0	76	144	111	66	3	0	0	0	0	0	0	0	0	0	
0	0	0	0	5	0	0	0	0	2	0	104	153	33	2	0	2	0	42	175	88	141	0	2	2	0	33	194	141	17	0	1	0	3	0	181	197	0	1	0	1	0	25	152	159	89	0	3	0	0	2	144	166	34	0	2	0	0	0	4	6	0	0	0	
0	0	1	2	0	3	0	0	0	1	0	6	28	1	0	0	1	0	17	120	117	107	1	0	0	0	137	57	97	174	0	1	0	18	170	104	172	78	0	3	0	0	18	22	128	9	0	0	0	3	0	68	105	0	3	0	0	2	0	49	69	0	2	0	
0	0	0	0	0	0	0	0	1	0	44	126	112	5	0	0	0	15	139	156	200	2	0	1	1	0	8	190	127	14	0	1	2	0	36	149	113	185	16	0	0	0	2	0	62	201	15	0	2	0	51	151	153	39	0	2	1	0	32	45	0	1	1	0	
0	0	2	0	13	65	46	0	0	2	0	40	174	118	90	13	1	0	11	179	55	0	2	0	3	0	131	110	26	28	0	1	0	10	226	188	120	167	59	0	2	0	160	205	76	181	93	0	0	0	0	68	140	84	1	0	0	0	1	0	0	0	0	0	
0	0	0	0	0	0	0	0	0	2	0	72	60	0	2	0	0	4	0	141	152	0	4	0	0	4	0	125	154	0	4	0	0	4	0	113	155	0	4	0	0	3	0	98	148	0	4	0	0	4	0	122	112	0	3	0	0	1	0	21	14	0	1	0	
0	0	2	1	0	0	0	0	0	2	0	54	126	70	0	2	2	0	77	151	59	169	23	0	0	14	172	7	35	202	29	0	0	54	126	0	20	154	4	0	0	49	149	0	19	136	0	1	1	0	123	131	140	79	0	2	0	0	2	44	38	0	0	0	
0	0	0	0	0	0	0	0	0	2	0	51	106	0	3	0	0	2	0	68	173	0	2	0	0	2	0	48	203	0	0	0	0	1	0	35	190	0	0	0	0	3	0	88	171	0	3	0	0	3	0	94	122	0	3	0	0	0	0	1	0	0	0	0	
0	0	0	0	0	0	0	0	0	3	0	103	105	0	3	0	0	4	0	133	166	0	4	0	0	4	0	119	204	0	1	0	0	4	0	120	200	0	2	0	0	4	0	119	224	0	0	1	0	1	0	33	175	21	0	1	0	0	0	0	0	0	0	0	
0	1	4	1	0	1	0	0	0	1	0	2	18	6	0	0	0	18	143	213	244	147	0	3	0	162	210	59	166	172	0	4	0	36	9	0	185	98	0	3	0	0	3	0	195	54	0	2	0	3	0	42	211	10	0	1	0	2	0	53	144	0	1	0	
0	0	0	0	0	0	0	0	0	11	44	0	12	6	0	0	0	16	88	0	60	43	0	2	0	0	103	0	31	65	0	2	2	0	95	48	51	114	0	1	1	0	22	82	54	104	12	0	0	0	1	2	0	54	60	0	0	0	1	3	1	8	16	0	
0	1	3	1	0	0	0	0	0	0	0	3	63	35	0	1	0	16	152	162	226	122	0	4	0	8	65	7	127	122	0	4	0	0	1	0	188	56	0	2	0	1	0	31	177	2	0	0	0	3	0	66	211	16	0	1	0	1	0	28	96	2	0	0	
0	0	2	5	0	0	0	0	2	0	93	179	59	0	2	0	1	0	16	214	81	0	3	0	1	0	14	138	183	94	0	2	0	0	2	0	36	219	31	0	0	2	13	97	185	118	0	0	0	15	143	145	40	0	1	0	0	0	1	0	0	3	0	0	
0	0	0	0	0	0	0	0	0	1	0	14	85	0	0	0	0	2	0	46	183	0	1	0	0	2	0	65	188	0	1	0	0	2	0	65	184	0	1	0	0	3	0	71	159	0	3	0	0	2	0	58	123	0	3	0	0	0	0	6	18	0	0	0	
0	0	0	2	1	0	0	0	0	0	2	0	0	15	16	2	0	1	0	59	117	102	97	49	1	0	76	84	4	0	0	0	0	14	143	68	17	0	2	0	1	0	25	48	116	2	0	0	2	0	42	108	61	0	1	0	0	0	12	26	0	0	0	0	
1	0	27	124	0	1	0	0	4	0	106	169	0	6	2	1	4	0	156	122	0	4	0	0	0	0	194	49	3	148	136	5	0	13	207	41	145	128	206	35	0	2	179	200	208	166	73	0	0	0	11	24	21	21	0	0	0	0	1	0	0	1	3	0	
0	0	0	0	0	0	0	0	0	1	0	21	61	0	2	0	0	1	0	31	111	0	3	0	0	1	0	30	111	0	3	0	0	1	0	29	102	0	3	0	0	1	0	33	88	0	3	0	0	1	0	28	69	0	2	0	0	0	0	0	2	0	0	0	
0	0	0	8	25	0	0	0	0	3	0	127	170	0	3	0	2	0	34	199	157	103	0	3	4	0	127	148	0	185	42	0	2	0	181	76	0	139	84	0	0	0	201	145	156	167	11	0	2	0	56	160	98	6	0	1	0	0	0	0	0	2	1	0	
0	0	1	1	0	6	6	0	0	2	0	59	119	121	31	0	0	0	5	152	51	0	0	0	2	0	140	162	68	35	0	1	0	28	103	63	79	136	36	0	0	69	52	0	0	121	79	0	0	8	107	102	122	100	0	1	0	0	1	11	6	0	0	0	
0	0	1	0	0	0	0	0	0	0	13	16	22	78	0	1	3	0	135	54	103	122	0	4	0	20	202	46	178	174	45	0	0	8	136	178	225	77	26	0	0	2	0	59	173	0	2	0	0	4	0	82	207	4	0	1	0	0	0	13	40	0	0	0	
0	0	0	0	1	0	0	0	0	0	1	2	0	21	46	38	0	0	1	0	68	151	121	66	2	0	45	159	19	1	0	0	3	0	121	177	94	0	6	2	0	2	0	57	136	0	3	0	0	3	86	149	26	0	1	0	0	1	55	21	0	1	0	0	
0	2	0	104	42	0	1	0	1	0	22	195	20	0	4	0	4	0	126	151	0	4	0	0	2	0	187	59	7	76	72	1	0	6	189	124	148	145	209	9	2	0	112	255	201	143	45	0	0	0	0	11	19	4	0	0	0	0	3	0	0	2	2	0	
0	0	2	2	2	0	0	0	0	2	3	0	4	7	0	0	0	16	121	38	154	64	0	3	1	0	63	77	122	47	0	2	0	0	2	0	101	21	0	1	0	0	0	15	115	0	0	0	0	1	0	42	105	0	3	0	0	2	0	44	63	0	2	0	
0	0	1	0	1	0	0	0	1	0	16	8	23	103	0	2	2	0	152	36	62	114	0	4	0	28	160	0	107	98	11	0	0	28	185	107	189	164	42	0	1	0	42	95	183	21	0	1	0	1	0	11	136	6	0	0	0	0	2	3	1	0	0	0	
0	0	0	1	0	0	0	0	0	1	0	17	70	5	0	0	0	0	3	108	116	43	0	2	2	0	53	120	44	26	0	1	0	0	7	65	164	19	0	1	0	1	0	29	101	0	2	0	0	3	0	110	59	0	2	0	0	1	0	58	15	0	0	0	
0	0	0	0	1	0	0	0	2	0	52	45	7	38	0	1	4	0	126	66	79	94	0	3	2	0	136	16	154	108	42	0	2	0	147	161	213	123	45	0	1	0	10	62	153	0	1	0	0	2	0	39	195	26	0	1	0	0	0	5	39	4	0	0	
0	0	0	0	0	0	0	0	0	0	1	0	62	13	0	0	0	0	0	8	142	6	0	0	0	1	0	23	134	0	1	0	0	1	0	44	124	0	3	0	0	2	0	64	97	0	3	0	0	3	0	89	54	0	2	0	0	0	0	17	6	0	0	0	
0	1	0	21	14	0	1	0	1	0	5	176	124	30	0	1	3	0	97	160	61	147	0	3	3	0	173	82	0	162	52	0	2	0	174	48	0	102	107	0	3	0	159	172	78	196	60	0	1	0	11	128	162	78	0	1	0	0	1	0	0	0	0	0	
0	0	2	0	21	55	2	0	0	3	0	75	150	172	82	0	2	0	43	189	21	13	27	0	1	0	165	54	8	92	19	0	0	46	141	34	141	151	142	0	0	22	183	211	136	166	61	0	2	0	80	156	132	39	0	1	0	0	0	0	0	0	1	0	
0	2	0	67	54	0	2	0	2	0	55	218	43	0	4	0	4	0	174	126	0	4	0	0	0	12	212	47	0	53	54	0	0	30	227	46	112	153	216	43	3	0	116	255	233	161	138	7	0	0	0	57	78	62	4	0	0	0	2	0	0	0	2	1	
0	0	0	6	1	1	3	0	3	0	89	174	67	0	2	0	3	0	112	156	0	30	86	0	0	2	0	124	105	163	70	0	0	2	0	103	238	30	0	2	3	0	98	164	125	45	0	1	2	0	41	127	161	40	0	2	0	0	0	5	8	0	0	0	
0	0	0	0	2	0	0	0	0	3	29	24	0	0	0	0	0	37	144	168	111	0	3	0	0	1	0	21	178	2	0	1	0	3	0	99	196	46	22	0	2	0	65	200	128	109	115	33	0	0	20	12	0	0	1	3	0	0	0	1	4	4	1	0	
0	0	1	3	0	0	0	0	0	0	1	0	15	48	77	42	1	0	23	126	130	117	84	38	4	0	147	167	2	0	1	0	0	4	136	123	156	7	2	2	0	11	50	0	164	46	0	2	0	0	108	151	129	4	0	1	0	0	0	19	5	0	0	0	
0	3	1	0	0	0	0	0	0	0	3	49	73	18	0	1	0	84	176	127	212	59	0	2	0	63	34	120	177	29	0	1	1	0	23	169	99	155	51	0	0	2	1	3	0	145	75	0	2	0	96	81	130	118	0	0	2	0	65	115	52	0	0	0	
0	1	2	0	1	1	0	0	0	0	0	1	3	95	11	0	0	20	39	0	24	188	9	0	0	128	210	18	126	158	0	4	0	43	161	99	171	98	0	4	0	0	2	0	178	56	0	2	0	2	3	0	170	51	0	2	0	0	1	0	22	15	0	1	
0	0	0	0	0	0	0	0	0	2	0	44	61	0	2	0	0	2	0	70	156	0	3	0	0	2	0	45	163	0	2	0	0	2	0	53	163	0	2	0	0	3	0	83	122	0	3	0	0	3	0	140	64	0	2	0	0	0	0	28	6	0	0	0	
0	0	0	0	0	1	0	0	1	0	13	66	32	0	1	0	0	4	141	70	148	60	0	2	0	2	165	11	158	97	0	4	3	0	71	152	189	75	0	3	0	0	4	0	106	68	0	3	0	0	6	0	117	88	0	3	0	0	1	0	39	41	0	2	
0	0	0	0	0	0	0	0	0	42	143	109	68	4	0	0	0	24	89	70	185	49	0	2	0	2	0	55	222	45	0	2	1	0	33	195	104	161	40	0	1	0	19	26	0	171	67	0	2	0	33	148	161	103	0	2	0	0	2	52	36	0	1	0	
0	0	1	2	0	0	0	0	0	2	0	50	126	0	3	0	1	0	20	189	188	0	0	0	0	4	160	58	137	33	12	3	0	89	192	91	215	173	102	0	0	13	63	58	164	99	0	3	0	0	2	0	65	86	0	3	0	1	3	3	2	0	0	0	
0	1	0	60	17	0	1	0	2	0	43	170	0	2	2	0	4	0	111	119	0	4	0	0	4	0	121	91	0	58	35	0	4	0	102	142	113	255	124	0	1	0	4	202	228	115	5	0	0	1	0	39	13	0	0	0	0	0	1	0	1	4	1	0	
0	0	2	0	0	0	0	0	0	2	0	142	224	134	0	0	3	0	97	238	175	200	0	0	0	16	216	66	6	230	50	0	0	120	169	0	0	213	95	0	0	119	201	13	89	246	39	0	0	5	150	201	199	86	0	2	0	0	0	1	1	0	0	0	
0	0	1	0	0	2	1	0	1	0	20	114	132	19	0	1	0	1	156	70	34	86	17	0	0	5	159	98	129	77	1	0	1	0	4	125	214	78	0	3	0	1	0	117	75	146	0	3	0	0	0	154	179	49	0	2	0	1	0	26	46	0	1	0	
0	2	1	0	0	1	0	0	0	0	0	13	21	2	0	0	0	96	154	152	152	132	0	2	0	30	27	0	74	145	0	3	0	0	2	0	159	56	0	2	0	2	0	33	168	0	0	0	0	3	0	96	141	0	4	0	0	3	0	81	63	0	2	0	
0	0	1	1	0	0	0	0	2	0	58	46	31	78	84	29	0	0	204	180	111	106	56	8	0	8	226	232	116	4	0	0	1	0	31	46	166	138	0	4	0	2	4	0	77	194	0	1	0	21	113	138	184	46	0	2	1	0	44	62	8	0	1	0	
0	0	0	1	0	0	0	0	0	0	0	14	39	0	1	0	0	2	0	83	147	27	0	1	1	0	23	69	104	30	0	1	2	0	39	112	127	5	0	0	0	0	9	62	70	8	0	0	0	0	0	5	68	0	1	0	0	0	0	6	29	0	0	0	
0	0	2	1	0	1	0	0	0	1	0	19	75	8	0	0	0	9	56	189	134	46	0	1	0	22	193	43	115	183	0	3	0	35	215	157	153	164	0	3	1	0	34	10	95	168	0	4	0	1	3	0	184	130	0	3	0	0	2	0	82	15	0	1	
0	0	0	0	0	0	1	0	0	11	84	119	129	48	0	2	0	31	174	68	68	179	55	0	0	49	115	0	0	61	150	0	0	70	96	0	4	24	156	0	0	51	142	0	0	67	153	0	2	0	109	165	137	175	50	0	0	1	0	24	65	18	0	1	
0	0	1	0	0	0	1	0	1	0	28	24	24	69	0	2	4	0	120	49	97	125	6	4	2	0	178	136	193	168	90	3	1	0	86	147	195	5	0	1	0	2	0	54	145	0	5	0	0	3	0	98	186	0	0	1	0	0	0	9	33	0	0	0	
0	2	0	0	2	1	0	0	1	0	33	76	3	6	3	0	0	139	200	82	35	167	20	0	0	131	157	137	246	140	0	1	1	0	10	168	71	93	134	0	2	0	48	208	64	131	175	0	0	1	0	72	107	75	10	0	0	0	0	0	0	0	1	0	
0	0	0	14	19	0	1	0	0	2	0	115	118	43	0	2	2	0	58	174	15	146	4	0	3	0	145	101	0	135	95	0	3	0	171	69	0	85	130	0	4	0	159	195	111	207	64	0	1	0	13	127	155	52	0	2	0	0	0	0	0	0	1	0	
0	0	0	2	0	0	0	0	0	0	0	4	116	24	0	1	0	1	0	107	182	34	0	2	1	0	14	134	169	62	0	3	0	1	0	1	144	46	0	2	0	5	27	0	132	23	0	1	0	0	68	137	155	0	1	0	0	0	0	33	21	0	1	0	
0	0	3	3	1	0	0	0	0	1	1	0	9	5	0	0	0	4	65	105	207	119	0	4	0	53	234	74	120	155	0	4	0	26	49	0	139	124	0	4	0	0	4	0	169	77	0	3	0	2	0	32	194	10	0	1	0	2	0	52	109	0	2	0	
0	0	7	3	0	1	0	0	2	0	88	195	112	0	0	0	0	1	0	27	192	99	0	4	0	9	42	0	78	165	0	3	0	37	255	163	156	103	0	3	1	0	98	244	236	25	10	2	0	0	1	0	94	180	82	0	0	0	3	1	0	6	4	0	
0	0	2	1	3	1	0	0	0	0	0	2	0	7	43	14	1	0	53	19	76	163	132	45	0	7	175	184	201	13	0	1	0	16	77	52	139	65	0	4	0	29	128	31	164	43	0	2	2	0	53	158	73	0	2	0	0	1	1	0	1	1	0	0	
0	0	0	0	3	1	0	0	0	26	76	110	125	106	1	0	0	44	130	48	0	107	57	0	0	0	0	3	0	99	38	0	0	9	83	75	49	105	0	2	0	37	156	39	192	122	0	3	2	0	85	120	64	55	3	0	0	0	2	10	0	0	0	0	
0	0	2	0	0	0	0	0	0	4	0	79	147	69	26	28	1	0	152	153	43	140	161	12	2	0	171	154	30	155	23	0	0	1	0	161	238	20	0	2	0	0	0	151	225	36	0	2	1	0	20	223	177	8	0	1	0	0	0	35	18	0	1	0	
0	0	1	0	0	0	0	0	0	0	0	67	171	93	0	3	2	0	114	100	138	86	0	3	2	0	71	164	158	0	3	0	1	0	13	170	105	17	0	1	1	0	37	158	114	79	0	3	0	1	0	140	203	28	0	2	0	0	0	0	0	0	0	0	
0	0	1	0	3	3	0	0	0	2	0	64	166	68	0	2	2	0	61	183	55	131	42	0	3	0	82	187	137	54	0	1	1	0	3	225	188	0	0	1	2	0	58	139	161	121	0	4	1	0	23	169	161	29	0	1	0	0	0	3	2	0	0	0	
0	1	3	1	0	0	2	0	0	1	0	0	20	28	0	0	0	2	119	113	77	155	111	0	0	131	107	0	0	85	164	0	5	165	17	0	0	115	77	0	11	111	1	0	18	177	17	0	0	0	3	0	82	137	0	4	0	1	2	0	62	63	0	2	
0	0	0	0	0	0	0	0	1	0	30	107	139	28	0	1	2	0	58	131	233	32	0	2	1	0	3	175	235	84	0	1	1	0	16	80	35	198	31	0	0	0	36	0	53	204	8	0	3	0	142	167	187	62	0	2	1	0	18	65	16	0	1	0	
0	1	0	12	59	17	0	1	0	0	0	83	105	144	10	0	0	0	0	20	47	130	5	0	2	3	0	116	205	114	0	2	0	0	0	3	0	125	59	0	67	110	26	43	81	152	24	0	19	88	122	109	91	29	0	1	0	0	0	0	0	1	1	0	
0	2	4	1	0	1	0	0	0	0	0	8	14	0	0	0	0	49	135	194	211	71	0	3	0	85	122	14	121	133	0	4	0	0	4	0	147	109	0	4	0	3	2	8	192	30	0	1	0	3	0	93	151	0	3	0	0	2	0	116	49	0	2	0	
0	0	1	0	0	0	0	0	0	0	0	54	84	21	0	1	1	0	149	143	222	98	0	4	0	0	51	101	191	7	0	1	2	0	51	153	172	91	0	3	0	0	3	0	69	178	0	3	0	1	0	50	192	82	0	3	0	0	0	102	78	0	1	0	
0	0	0	0	0	1	0	0	0	0	0	68	127	41	0	2	4	0	114	136	68	76	0	1	2	0	47	145	161	46	0	0	0	3	0	103	193	12	0	1	0	0	14	121	122	47	0	2	0	0	0	155	132	0	1	0	0	1	0	26	18	0	1	0	
0	0	1	0	0	1	0	0	0	1	0	109	101	0	1	0	3	0	114	224	247	138	0	3	3	0	158	126	206	131	0	2	3	0	64	255	231	47	0	2	0	0	0	183	134	219	15	0	0	3	0	110	236	133	0	1	0	0	0	7	42	3	0	0	
0	0	2	1	0	1	0	0	0	1	0	25	74	3	0	0	2	0	42	161	135	75	0	2	3	0	169	104	130	153	0	3	2	0	80	136	113	138	0	3	0	0	3	0	89	103	0	3	0	0	6	0	129	77	0	3	0	0	2	0	52	36	0	1	
0	0	0	0	0	0	0	0	1	0	69	126	107	47	0	2	0	54	167	13	29	155	19	0	0	37	157	101	140	141	67	11	3	0	140	176	103	1	101	98	0	22	156	0	0	27	146	46	0	0	142	126	115	137	58	0	0	0	8	49	37	2	0	1	
0	0	1	1	1	0	0	0	2	0	95	171	37	0	2	0	0	4	0	96	166	0	3	0	0	0	2	38	187	6	0	3	0	6	134	218	228	98	11	0	0	16	193	150	36	87	161	62	0	0	11	3	0	0	21	45	0	0	0	2	2	3	1	0	
2	0	45	82	0	0	1	0	3	0	155	107	2	0	0	0	0	20	166	3	0	12	15	0	0	35	171	0	30	141	180	27	0	19	185	0	139	137	166	17	3	0	121	180	190	170	25	0	0	0	0	74	50	0	1	1	0	0	1	0	0	2	2	0	
0	0	0	2	1	0	0	0	0	0	1	1	3	33	26	0	2	0	40	151	113	133	86	0	4	0	103	196	96	16	0	1	2	0	71	118	111	147	0	3	0	78	67	17	111	130	0	3	0	35	99	119	105	9	0	1	0	0	0	0	0	1	0	0	
0	0	2	52	20	0	1	0	2	0	126	203	136	0	2	0	0	0	54	12	167	21	0	1	0	2	0	53	151	0	2	0	0	3	0	149	145	103	28	0	3	0	75	255	228	231	82	0	2	0	63	110	12	2	3	0	0	0	0	0	0	1	0	0	
0	0	0	0	0	0	0	0	0	1	93	138	93	0	1	0	0	8	91	195	183	0	2	0	3	0	56	230	201	87	0	3	1	0	24	27	29	202	14	0	0	0	9	0	80	190	0	0	3	0	57	203	178	38	0	2	0	0	4	49	11	0	1	0	
0	0	0	0	2	2	0	0	0	0	0	6	0	80	109	0	0	0	3	0	13	185	120	0	0	1	0	115	219	118	0	1	0	0	161	210	31	0	3	0	0	17	227	59	20	9	0	0	1	0	43	97	123	15	0	1	0	1	0	6	6	0	0	0	
0	0	0	1	1	0	0	0	0	0	2	0	133	35	0	1	0	1	0	22	200	20	0	1	0	3	0	68	189	0	1	0	0	4	0	120	149	0	3	0	0	3	0	172	104	0	3	0	0	3	0	123	112	0	3	0	0	0	0	0	0	0	0	0	
0	0	0	1	0	1	0	0	0	2	0	44	135	26	0	1	0	0	5	133	81	89	0	2	2	0	44	106	0	82	0	0	1	0	10	108	177	68	0	3	0	1	0	40	168	0	0	0	1	0	14	168	73	0	1	0	0	0	10	33	0	1	0	0	
0	1	1	0	0	0	0	0	0	0	6	25	27	7	0	0	0	45	197	196	198	179	0	1	0	15	39	0	101	191	0	2	0	0	4	0	149	117	0	4	0	2	0	22	203	27	0	1	0	3	0	136	152	0	3	0	0	1	0	142	48	0	2	0	
0	0	0	0	0	2	1	0	2	0	46	120	94	16	0	1	0	13	178	77	62	101	50	0	0	78	137	0	0	168	69	0	0	33	186	64	122	185	0	0	1	0	61	143	110	152	0	1	0	0	2	0	44	150	0	2	0	0	3	1	15	22	0	1	
0	0	0	0	0	0	0	0	0	0	63	138	123	11	0	1	0	17	120	58	187	42	0	2	0	2	0	70	239	51	0	2	2	0	56	170	89	183	62	0	0	0	2	0	49	168	22	0	0	0	78	124	171	43	0	2	1	0	29	66	16	0	2	0	
0	0	0	0	0	0	0	0	0	1	0	39	66	0	2	0	0	1	0	33	115	0	2	0	0	1	0	24	127	0	2	0	0	1	0	41	112	0	3	0	0	3	0	75	109	0	3	0	0	3	0	71	81	0	3	0	0	0	0	0	0	0	0	0	
0	0	2	0	0	2	0	0	0	1	0	37	66	0	0	0	3	0	83	172	153	102	0	3	0	34	194	41	149	147	0	4	0	96	223	123	117	142	0	3	0	11	40	0	99	138	0	4	0	0	3	0	166	116	0	4	0	1	3	0	71	29	0	1	
0	1	0	45	33	0	1	0	0	3	0	183	109	0	3	0	1	0	10	196	22	0	1	0	3	0	66	230	156	93	0	1	4	0	118	212	101	210	7	0	3	0	71	211	186	134	0	3	0	1	0	65	72	0	0	0	0	0	1	0	0	1	0	0	
0	0	0	0	0	0	0	0	0	1	0	28	140	0	1	0	0	3	0	90	209	0	1	0	0	4	0	129	189	0	2	0	0	4	0	157	159	0	4	0	0	4	0	160	174	0	3	0	0	3	0	99	181	0	0	1	0	0	0	0	0	0	0	0	
0	0	2	2	0	1	0	0	0	1	0	15	62	41	33	0	2	0	41	171	161	221	60	0	3	0	176	199	196	179	0	2	1	0	141	168	236	70	0	3	0	3	0	86	177	0	1	0	0	3	0	179	191	0	0	1	0	1	0	53	39	0	1	0	
0	1	1	0	0	1	1	0	0	0	6	78	47	0	0	0	0	24	194	179	99	17	19	0	0	115	147	0	88	211	89	0	0	65	206	173	107	198	33	0	0	0	33	4	41	199	1	0	0	1	4	0	140	152	0	4	0	0	3	0	66	41	0	2	
0	0	2	3	0	0	0	0	0	0	1	0	16	77	75	0	1	0	39	126	156	109	27	0	2	0	182	114	0	2	0	0	1	0	22	172	64	0	3	0	0	1	0	34	176	9	0	1	0	1	0	65	173	20	0	1	0	0	0	51	27	0	1	0	
0	0	3	0	0	1	0	0	0	1	0	33	70	0	0	0	2	0	100	226	155	4	3	0	0	33	225	30	54	175	13	0	0	13	181	183	195	197	0	1	0	0	15	18	110	173	0	3	0	1	2	0	201	97	0	4	0	0	0	6	90	14	0	1	
0	1	0	15	73	0	1	0	0	0	0	166	142	0	2	0	4	0	132	157	0	3	1	0	0	15	189	23	89	42	0	1	0	19	177	157	178	180	59	0	3	0	78	250	154	204	93	0	0	1	0	20	73	53	0	0	0	0	2	0	0	0	0	0	
0	1	0	43	51	0	2	0	1	0	2	198	75	0	5	0	3	0	125	174	0	4	0	0	0	9	211	58	0	11	48	4	0	45	222	22	57	221	247	33	1	0	153	244	255	223	88	0	0	0	0	44	71	9	0	1	0	0	2	0	0	1	3	0	
0	0	0	0	0	1	1	0	0	6	14	6	11	5	0	0	0	41	191	180	165	165	22	0	0	2	8	0	32	193	24	0	1	0	45	72	194	161	0	2	1	0	33	179	185	27	2	0	0	1	0	178	61	0	2	0	2	0	38	145	0	3	0	0	
0	0	0	19	9	0	2	0	0	4	0	126	190	46	0	2	3	0	81	171	31	193	50	0	0	2	194	56	0	60	159	0	0	62	193	0	0	63	149	0	0	42	219	107	137	195	41	0	1	0	82	149	105	20	0	1	0	1	0	0	0	1	2	0	
0	0	0	0	0	1	0	0	0	2	0	111	53	0	2	0	1	0	18	168	8	25	3	0	3	0	88	107	50	180	0	0	3	0	70	182	229	73	0	3	0	0	3	43	181	35	0	1	0	0	0	8	114	3	0	0	0	0	0	2	0	0	0	0	
0	0	2	1	0	0	0	0	0	1	0	41	82	8	0	1	2	0	52	169	136	83	0	2	3	0	156	64	31	41	0	1	2	0	72	144	208	54	0	2	0	0	2	0	151	35	0	1	0	0	0	13	184	20	0	1	0	1	0	19	80	0	1	0	
0	0	0	0	2	1	0	0	0	18	41	0	1	0	0	0	0	93	198	0	26	17	0	1	0	53	213	9	214	106	0	4	0	0	174	173	156	177	0	2	0	0	8	14	21	202	15	0	0	1	2	3	0	157	67	0	0	0	1	2	0	38	27	0	
0	0	2	1	0	0	0	0	0	0	1	0	28	12	0	0	1	0	43	11	122	27	0	1	0	4	174	45	154	41	0	1	0	6	141	134	213	87	0	2	0	0	1	0	138	14	0	1	0	0	2	0	129	11	0	0	0	0	1	0	42	6	0	0	
0	0	1	0	22	2	0	0	0	2	0	114	176	0	1	0	3	0	64	180	10	0	1	0	1	0	137	50	110	99	1	0	0	2	137	72	101	143	83	0	3	0	110	210	119	167	66	0	0	0	2	76	148	83	0	1	0	0	1	0	0	0	1	0	
0	0	0	0	0	0	0	0	2	0	79	132	34	0	0	0	2	0	48	119	218	33	0	2	0	2	0	133	169	0	1	0	2	0	43	157	149	69	0	3	0	0	6	0	108	116	0	4	3	0	84	153	171	30	0	1	1	0	20	66	16	0	1	0	
0	0	1	1	0	1	0	0	0	1	0	38	138	15	0	1	1	0	17	186	135	103	0	3	3	0	62	200	18	126	0	2	1	0	12	133	86	99	0	4	0	1	0	127	186	46	0	2	0	3	0	123	171	0	3	0	0	0	0	13	16	0	0	0	
0	1	0	0	0	1	0	0	0	0	16	33	18	0	0	0	0	98	183	155	203	62	0	3	0	18	17	0	125	148	0	4	0	0	4	0	151	114	0	4	0	1	1	0	190	45	0	2	0	3	0	92	173	0	2	0	0	2	0	136	60	0	2	0	
0	0	0	0	1	0	0	0	1	0	29	24	16	53	0	1	3	0	99	24	113	77	0	3	3	0	126	69	158	61	0	2	2	0	48	163	194	39	0	2	0	0	2	0	133	24	0	1	0	0	0	8	153	12	0	1	0	0	0	1	20	1	0	0	
0	1	0	39	13	0	2	0	2	0	55	176	144	48	0	2	2	0	187	89	29	212	57	0	0	52	218	21	0	60	197	17	0	87	189	0	1	2	200	63	0	61	240	134	135	212	122	0	1	0	75	162	132	43	0	1	0	0	0	0	0	0	3	0	
0	1	1	0	0	0	1	0	1	0	27	104	124	95	7	0	0	12	214	255	179	236	144	0	0	114	255	75	0	117	240	10	0	158	188	0	9	201	218	3	0	93	249	46	143	255	100	0	1	0	129	245	253	132	0	1	0	2	0	31	36	0	1	0	
0	0	0	0	1	0	0	0	1	0	40	65	0	20	0	0	4	0	123	85	57	97	0	3	1	0	172	21	113	85	0	3	0	1	160	158	205	151	32	0	0	0	1	33	157	7	1	0	0	2	0	54	152	0	3	0	0	0	0	9	25	0	0	0	
0	0	2	1	0	1	0	0	0	2	0	19	122	184	42	0	2	0	36	217	104	84	147	0	0	6	204	99	0	50	163	0	0	87	162	0	0	134	128	0	0	83	175	20	121	166	8	0	0	3	141	196	144	15	0	1	0	0	0	1	0	2	1	0	
0	0	0	0	0	0	0	0	0	0	0	10	90	1	0	0	0	2	0	55	181	0	1	0	0	3	0	81	160	0	4	0	0	3	0	77	139	0	4	0	0	3	0	102	128	0	4	0	0	3	0	104	102	0	3	0	0	1	0	16	12	0	0	0	
0	0	1	1	11	2	0	0	0	2	0	53	234	130	0	3	2	0	38	249	194	16	0	1	0	0	190	255	232	85	0	1	0	26	241	250	171	252	110	0	0	9	224	255	228	255	82	0	1	0	53	120	156	64	0	1	0	0	0	0	0	0	1	0	
0	0	1	0	0	0	0	0	0	0	6	83	0	68	19	0	3	0	76	187	0	176	21	0	2	0	167	71	27	159	0	2	0	39	231	141	170	219	50	0	0	5	61	35	133	128	2	1	0	0	2	0	150	41	0	2	0	0	3	2	22	3	0	0	
0	0	2	0	34	41	0	1	0	2	0	95	138	53	0	1	2	0	57	138	0	1	2	0	2	0	161	73	27	22	0	0	1	0	30	75	71	99	61	0	0	6	41	23	18	105	139	0	0	5	80	109	113	82	10	0	0	0	0	0	0	0	0	0	
0	0	0	5	1	0	0	0	2	0	57	173	140	11	0	1	0	0	3	27	194	26	0	1	1	0	2	157	202	27	0	2	0	0	8	4	91	138	0	4	0	19	13	0	100	138	0	4	0	54	116	142	160	36	0	2	0	0	3	12	3	0	0	0	
0	0	0	0	0	0	0	0	0	38	135	114	30	0	1	0	0	78	67	60	155	8	0	0	0	1	0	17	122	0	0	0	0	5	0	116	148	18	0	1	0	1	0	15	70	168	20	0	0	1	0	28	115	107	0	1	0	1	0	19	57	3	0	0	
0	0	0	1	2	0	0	0	0	0	0	0	0	4	37	31	0	0	3	11	65	102	81	25	3	0	92	53	9	7	0	0	2	0	93	109	62	0	4	1	0	5	59	103	105	0	2	0	1	0	20	37	2	0	0	0	0	0	0	0	1	0	0	0	
0	1	0	0	0	1	0	0	0	0	96	159	154	38	0	2	0	89	164	29	83	168	0	2	0	82	38	43	142	227	24	0	3	0	72	255	190	116	161	0	0	134	115	48	62	158	113	0	0	96	173	134	137	73	0	0	0	0	0	0	0	0	1	0	
0	0	0	0	1	0	0	0	0	0	8	8	0	66	9	0	4	0	108	53	61	134	0	3	1	0	179	34	144	53	0	2	0	0	139	178	211	142	36	0	0	3	0	123	109	0	4	0	0	4	0	148	108	0	3	0	0	1	0	29	29	0	1	0	
0	0	2	1	0	0	0	0	0	1	0	19	61	24	0	1	2	0	55	129	180	189	0	3	0	0	56	99	183	109	0	3	2	0	29	253	188	0	0	1	0	0	3	0	140	97	0	3	0	1	0	21	123	32	0	1	0	0	0	69	43	0	1	0	
0	0	0	19	14	0	1	0	0	1	0	192	131	0	2	0	3	0	76	187	144	121	0	2	4	0	142	110	0	152	57	0	0	0	189	45	0	121	88	0	0	0	189	127	128	182	22	0	2	0	43	154	112	23	0	1	0	0	0	0	0	1	1	0	
0	1	3	2	1	1	2	1	0	0	0	0	0	0	0	0	0	18	124	136	104	103	83	28	0	62	159	53	2	4	16	6	0	1	62	90	88	39	0	1	0	1	1	3	40	164	44	0	0	0	80	104	92	65	2	0	0	0	2	4	0	0	0	0	
0	0	5	2	0	1	0	0	0	3	143	193	100	0	2	0	0	1	10	42	205	42	0	2	0	0	3	0	162	70	0	3	2	0	38	120	230	152	33	0	0	3	159	156	175	75	154	74	1	0	127	163	19	0	5	13	0	0	1	1	1	4	2	0	
0	0	1	0	0	2	0	0	0	0	1	77	135	48	0	2	3	0	107	119	24	92	12	0	1	0	53	52	109	91	0	1	0	3	0	110	202	1	0	1	0	0	2	127	111	38	0	1	0	2	0	111	172	7	0	1	0	1	0	15	24	0	1	0	
0	0	0	0	0	0	0	0	0	1	0	30	185	25	0	1	0	3	0	64	255	35	0	2	0	3	0	98	230	3	0	1	0	3	0	153	223	0	0	0	1	0	0	230	164	0	3	0	1	0	19	208	82	0	3	0	0	0	1	1	0	0	0	0	
0	0	1	2	0	0	0	0	0	0	1	0	132	206	69	0	1	0	0	165	239	84	29	0	4	0	109	253	29	0	2	0	3	0	169	231	112	0	1	0	4	0	155	137	181	142	0	3	1	0	29	154	184	148	0	2	0	0	0	3	7	0	0	0	
0	0	1	0	1	2	0	0	0	0	0	104	108	0	1	0	4	0	112	152	92	102	6	0	3	0	91	131	115	98	0	3	0	3	0	158	192	0	2	0	0	0	6	145	169	18	0	1	1	0	10	177	170	9	0	1	0	1	0	38	33	0	1	0	
0	0	2	0	0	0	0	0	0	1	0	74	121	91	30	0	2	0	91	108	109	158	26	0	3	0	122	107	75	5	0	0	1	0	15	187	147	24	0	1	1	0	37	116	33	142	0	2	0	0	0	136	116	89	0	2	0	1	0	20	62	6	0	0	
0	0	2	1	0	2	0	0	0	2	0	47	123	0	0	0	2	0	51	184	89	97	0	0	1	0	191	102	143	159	0	4	1	0	135	146	192	96	0	4	0	0	2	0	166	63	0	2	0	1	0	13	212	47	0	2	0	0	0	3	27	1	0	0	
0	0	0	1	3	3	0	0	0	11	6	3	0	0	1	0	0	141	220	133	138	85	2	0	0	23	197	64	20	156	80	0	2	0	42	123	0	156	83	0	0	2	2	0	136	149	0	1	0	2	0	103	155	0	1	0	0	1	0	117	22	0	1	0	
0	0	1	0	0	1	1	0	0	0	5	21	0	108	21	0	3	0	93	105	50	167	0	3	0	0	187	31	127	155	11	0	2	0	131	186	228	166	23	0	0	1	0	95	196	0	1	0	0	2	0	48	138	0	3	0	0	0	0	1	0	0	0	0	
0	0	0	5	29	0	0	0	0	3	0	99	175	0	4	0	1	0	0	203	70	0	3	0	3	0	67	187	66	197	69	0	4	0	120	165	146	141	133	0	4	0	100	255	146	141	40	0	1	0	10	108	124	51	0	2	0	0	0	0	0	1	1	0	
0	0	2	4	0	0	2	0	0	2	1	0	14	45	0	0	1	0	35	166	241	255	79	0	0	81	250	184	67	140	212	0	0	190	161	3	0	133	222	0	0	132	249	239	228	223	91	0	0	3	41	45	23	3	0	0	0	1	0	0	0	0	2	0	
0	0	0	0	0	0	0	0	0	0	0	49	92	75	7	0	2	0	33	178	109	122	7	0	0	2	0	171	195	6	0	1	2	0	45	131	130	33	0	1	3	0	127	29	101	77	0	3	3	0	86	163	143	12	0	1	0	0	4	51	11	0	0	0	
0	0	0	0	0	0	0	0	0	1	0	81	24	0	1	0	0	2	0	195	107	0	3	0	0	4	0	154	166	0	4	0	0	3	0	108	166	0	4	0	0	3	0	102	167	0	4	0	0	3	0	100	158	0	4	0	0	1	0	15	23	0	1	0	
0	0	0	0	0	0	0	0	1	0	78	139	121	72	0	1	1	0	66	46	115	200	0	1	0	1	0	89	192	34	0	2	0	1	0	149	210	59	0	2	0	1	0	30	206	129	0	3	0	4	131	171	85	0	0	0	0	7	48	4	0	2	0	0	
0	1	1	0	0	0	0	0	1	0	12	119	210	137	0	2	0	22	229	196	123	177	0	2	0	28	137	10	80	119	0	5	4	0	137	235	239	149	0	2	4	0	159	220	197	205	185	10	2	0	33	212	81	0	76	18	0	0	0	0	1	2	0	0	
0	0	0	0	0	0	0	0	1	0	12	69	49	1	0	0	1	0	9	89	175	32	0	1	0	0	0	5	128	6	0	0	0	2	0	54	120	0	3	0	0	3	0	94	71	0	3	0	0	3	0	121	45	0	1	0	0	1	0	51	12	0	0	0	
0	0	0	0	0	0	0	0	0	10	94	145	134	24	0	1	0	19	176	128	227	122	0	4	0	2	0	99	249	47	0	2	0	3	0	82	154	202	19	0	2	0	55	94	112	199	3	0	1	0	18	229	191	11	0	1	0	1	0	23	12	0	1	0	
0	0	0	0	0	0	0	0	0	0	0	10	45	0	0	0	0	3	0	71	149	0	3	0	0	3	0	86	124	0	4	0	0	3	0	91	97	0	3	0	0	3	0	74	94	0	3	0	0	3	0	73	79	0	3	0	0	1	0	24	27	0	1	0	
0	0	1	1	0	1	1	0	0	2	0	86	40	0	2	0	1	0	23	210	14	99	81	0	4	0	99	109	0	186	56	0	3	0	165	154	156	166	0	2	1	0	67	139	226	49	0	2	0	2	0	47	164	0	1	0	0	0	0	15	22	0	0	0	
0	0	0	0	0	0	0	0	2	0	56	114	77	0	0	0	1	0	35	59	134	0	0	0	0	1	0	134	118	0	1	0	0	0	3	4	88	98	0	3	0	0	16	0	49	117	0	3	2	0	79	107	138	35	0	2	0	0	2	51	29	0	1	0	
0	0	0	0	0	0	0	0	0	0	0	24	48	48	26	0	0	2	0	172	225	202	173	17	1	0	21	193	27	0	2	1	3	0	56	223	201	58	0	2	0	77	169	165	233	78	0	3	0	21	91	119	26	0	1	0	0	0	0	0	0	1	0	0	
0	0	1	0	0	1	0	0	0	1	0	133	113	0	2	0	4	0	113	225	185	146	0	2	0	5	189	30	7	210	29	0	0	49	152	0	10	207	34	0	0	18	162	26	155	155	0	2	2	0	73	176	148	4	0	1	0	0	0	0	0	2	0	0	
0	0	1	0	10	19	0	1	0	1	0	1	182	132	0	4	0	2	0	152	165	0	0	1	3	0	64	253	192	100	0	1	4	0	156	224	41	182	22	0	3	0	104	255	202	154	0	2	0	0	0	102	127	17	0	1	0	0	1	0	0	1	0	0	
0	0	0	1	3	0	0	0	0	1	0	17	158	41	0	2	0	1	0	115	85	108	0	3	1	0	41	109	0	133	0	1	3	0	69	73	51	138	0	3	3	0	79	109	177	63	0	2	1	0	8	169	98	0	2	0	0	0	0	1	0	1	0	0	
0	2	3	3	3	3	0	0	0	0	0	0	0	0	0	0	0	145	209	183	205	132	0	1	0	83	167	149	159	240	31	0	0	0	3	0	66	203	0	0	0	3	5	0	198	122	0	4	0	3	0	72	216	13	0	1	0	4	0	159	120	0	4	0	
0	0	0	0	0	0	0	0	0	0	106	101	35	1	0	0	1	0	38	211	225	9	0	1	1	0	3	155	203	12	0	1	0	0	4	0	162	88	0	3	0	1	0	18	222	47	0	2	0	1	0	154	184	0	1	0	0	0	8	50	11	0	0	0	
0	0	1	0	0	1	0	0	1	0	24	141	97	1	1	0	0	0	174	140	168	238	105	0	0	49	148	68	234	142	18	0	0	0	173	251	229	109	0	3	4	0	97	159	45	155	0	3	0	0	4	159	213	45	0	2	0	1	0	19	38	0	1	0	
0	0	1	0	0	2	0	0	0	0	3	80	36	0	1	0	3	0	116	218	200	126	0	2	3	0	182	127	239	141	0	4	2	0	67	154	241	97	0	4	0	1	0	14	227	55	0	2	0	3	0	102	213	0	0	0	0	1	0	44	70	0	2	0	
0	0	0	2	0	2	0	0	0	0	0	2	24	2	0	0	0	2	0	78	144	101	0	1	0	1	0	120	135	159	0	0	0	1	0	31	176	8	0	1	0	3	0	94	67	0	2	0	1	0	28	136	0	1	0	0	3	0	70	68	0	2	0	0	
0	0	0	0	0	0	0	0	0	0	2	128	163	160	53	0	2	0	34	196	106	93	24	0	4	0	113	145	0	3	0	0	1	0	24	142	181	133	0	2	0	0	10	0	127	169	0	3	2	0	39	195	199	29	0	2	0	0	0	35	18	0	1	0	
0	1	4	0	0	0	1	0	0	2	0	9	71	96	4	0	0	6	137	222	224	255	110	0	0	134	213	59	0	67	189	0	0	193	70	0	0	59	207	0	0	61	205	158	144	228	100	0	1	0	21	110	134	53	0	1	0	2	1	0	0	0	2	0	
0	1	0	20	18	0	1	0	1	0	0	169	138	0	3	0	1	0	6	89	133	0	2	0	0	3	0	78	116	0	3	0	0	3	0	81	118	0	4	0	2	0	31	180	181	10	0	1	2	0	34	117	138	33	0	2	0	0	0	0	0	0	0	0	
0	0	0	0	0	0	0	0	0	1	0	29	164	5	0	1	0	2	0	53	229	14	0	1	0	3	0	78	223	0	0	0	0	3	0	91	226	0	0	0	0	4	0	122	204	0	2	0	0	3	0	95	139	0	2	0	0	0	0	0	0	0	0	0	
0	0	2	0	0	0	0	0	0	0	0	24	66	133	18	0	2	0	120	193	228	229	10	0	0	4	224	175	228	97	0	3	2	0	108	255	166	0	4	1	0	3	0	173	153	36	115	0	0	3	0	63	252	213	50	0	0	0	0	0	37	20	0	1	
0	0	0	0	1	1	0	0	1	0	16	135	192	184	15	0	3	0	141	158	47	200	26	0	2	0	57	133	49	170	0	1	2	0	155	191	248	114	0	4	0	19	198	133	233	203	51	0	0	2	173	180	18	62	67	0	0	0	0	0	0	0	0	0	
0	0	0	3	2	0	0	0	0	0	3	0	1	90	22	0	0	3	0	73	196	255	70	0	0	0	138	161	101	205	7	0	0	136	148	0	31	193	48	0	0	151	178	158	132	180	26	0	0	3	37	18	0	163	24	0	0	0	0	0	3	25	2	0	
1	1	0	0	0	0	0	0	0	6	51	114	141	58	0	1	16	187	205	134	104	208	21	0	13	46	0	15	156	185	0	1	2	0	38	204	151	171	111	0	3	0	172	117	27	189	105	0	2	0	85	206	180	74	0	1	0	0	0	3	0	0	1	0	
0	0	7	14	0	1	0	0	0	18	111	111	75	0	0	0	0	48	33	0	89	73	0	3	0	0	1	0	18	103	0	2	0	0	7	71	94	125	0	1	2	0	63	68	70	152	13	0	1	0	22	92	101	19	1	0	0	0	0	11	10	0	0	0	
0	0	1	0	0	1	0	0	0	0	1	1	0	11	40	0	0	5	156	25	0	106	148	0	0	37	196	21	32	183	41	0	0	25	210	201	235	155	0	3	0	0	24	15	169	66	0	2	0	1	0	14	183	13	0	1	0	0	0	11	87	3	0	0	
0	0	0	2	0	0	0	0	0	0	0	0	7	40	43	0	0	0	0	60	68	102	97	0	0	0	6	16	37	82	2	0	0	2	0	31	84	4	0	0	1	0	50	84	4	0	1	0	0	87	97	0	1	1	0	0	0	46	4	0	1	0	0	0	
0	0	0	2	1	3	4	1	0	0	1	1	1	0	0	0	0	2	0	121	201	166	157	27	3	0	76	208	42	64	92	20	2	0	38	146	123	0	2	0	0	82	130	141	150	0	5	1	0	48	110	82	10	0	1	0	0	0	0	0	1	0	0	0	
0	0	0	0	0	0	0	0	0	1	0	41	131	0	2	0	0	1	0	20	187	8	0	1	0	2	0	67	189	0	1	0	0	3	0	99	167	0	4	0	0	3	0	99	162	0	4	0	0	1	0	29	133	0	0	0	0	0	0	0	4	1	0	0	
0	0	2	0	67	43	0	2	0	8	0	33	234	56	0	2	0	4	0	183	101	0	3	0	2	0	59	187	177	109	0	3	4	0	123	199	214	195	3	0	4	0	118	255	236	125	0	2	1	0	18	75	33	0	0	0	0	0	0	0	0	2	0	0	
0	0	1	1	0	0	0	0	0	1	0	60	135	40	0	1	2	0	45	163	77	121	2	0	3	0	72	76	0	54	0	0	1	0	16	139	109	34	0	2	0	1	0	41	192	17	0	1	0	0	0	3	176	65	0	3	0	0	0	0	27	11	0	0	
0	2	1	0	0	2	0	0	0	0	0	9	8	0	0	0	0	83	227	240	244	145	0	1	0	62	141	84	80	219	24	0	0	0	3	0	72	213	2	0	0	3	1	10	215	92	0	3	0	2	0	164	209	0	1	0	1	0	1	170	74	0	2	0	
0	0	1	2	0	0	0	0	0	1	0	3	92	128	22	0	1	0	9	166	161	138	141	0	2	0	140	104	0	31	129	0	0	34	151	0	0	91	86	0	0	57	139	0	39	185	20	0	0	7	156	129	158	51	0	2	1	0	23	63	10	0	1	0	
0	0	1	0	0	0	0	0	0	0	3	61	134	113	0	0	0	5	182	172	167	163	0	1	0	0	174	126	170	137	0	0	2	0	47	245	211	46	0	2	4	0	116	84	66	158	0	4	3	0	64	195	185	46	0	2	0	0	0	51	21	0	1	0	
0	0	0	0	1	0	0	0	0	0	1	0	41	74	0	2	0	0	1	0	189	87	0	3	0	2	0	69	206	5	0	1	0	3	0	150	141	0	4	0	1	0	18	219	41	0	2	0	3	0	73	167	0	2	0	0	0	0	7	11	0	0	0	0	
0	0	1	1	0	2	0	0	0	0	0	22	25	0	0	0	2	0	32	161	172	120	0	2	2	0	53	125	134	176	0	2	0	2	0	116	210	5	0	0	0	3	0	73	117	0	20	0	0	3	0	145	55	10	48	0	0	0	1	119	13	6	21	0	
0	0	1	1	1	2	0	0	0	1	0	41	58	0	1	0	2	0	37	136	175	83	0	2	3	0	108	28	160	165	0	4	2	0	118	23	140	69	0	3	2	0	48	126	158	7	0	0	0	0	2	0	126	23	0	1	0	0	3	0	49	15	0	1	
0	1	0	0	0	0	2	0	1	0	47	116	158	98	0	0	0	45	248	255	216	236	136	0	0	141	154	21	27	0	171	30	0	144	97	0	1	10	181	31	0	48	213	27	20	188	157	0	3	0	109	229	231	144	1	0	0	1	0	39	35	0	2	0	
1	4	2	0	0	0	0	0	0	0	2	21	38	41	1	0	22	163	160	228	215	120	6	0	8	145	213	253	112	0	1	0	1	0	6	199	183	170	55	0	1	7	0	129	114	87	140	0	0	1	0	24	190	215	69	0	0	0	1	0	25	59	0	0	
0	0	0	0	0	0	0	0	0	1	0	13	137	5	0	0	0	1	0	27	192	1	0	0	0	2	0	59	186	0	1	0	0	3	0	81	148	0	4	0	0	4	0	127	130	0	4	0	0	3	0	97	83	0	3	0	0	0	0	0	0	0	0	0	
0	0	0	0	1	1	0	0	2	0	88	30	0	1	0	0	0	0	162	13	35	64	0	2	0	2	150	22	113	120	0	4	2	0	145	165	183	146	0	4	0	0	11	0	47	156	0	3	0	0	1	0	30	136	0	2	0	0	1	0	1	21	0	0	
0	1	1	0	0	0	0	0	1	0	17	92	150	127	12	0	0	34	242	226	173	255	66	0	0	36	87	42	185	184	12	0	2	0	31	238	212	7	0	1	0	3	189	255	226	120	0	1	0	44	225	113	11	185	123	0	0	2	7	0	0	12	33	0	
0	0	0	0	0	0	0	0	0	0	0	7	71	0	0	0	0	1	0	24	158	0	0	0	0	1	0	36	155	0	2	0	0	2	0	57	141	0	3	0	0	3	0	76	114	0	3	0	0	3	0	72	71	0	3	0	0	0	0	6	5	0	0	0	
0	0	0	0	0	0	0	0	0	34	155	157	114	18	0	1	0	36	153	162	247	41	0	2	0	0	0	182	169	8	0	1	3	0	83	254	191	207	32	0	1	0	15	28	85	231	38	0	1	0	18	199	224	69	0	2	0	0	6	50	12	0	1	0	
0	1	1	0	0	1	1	0	1	0	22	56	0	1	11	7	0	16	194	78	0	6	170	38	0	121	145	0	0	145	147	0	0	58	181	143	158	193	3	0	0	0	19	52	208	58	0	3	0	2	0	22	127	0	1	0	0	0	1	1	0	1	0	0	
0	0	0	3	0	0	0	0	0	0	3	0	46	18	0	1	0	2	0	96	249	44	0	3	2	0	134	255	233	67	20	2	0	45	238	223	234	210	211	56	0	10	0	147	125	0	23	6	0	3	0	113	58	0	2	0	0	0	1	0	0	1	1	0	
0	0	0	0	0	0	0	0	0	1	0	32	22	25	4	0	0	1	0	155	116	112	4	0	0	0	9	111	98	96	0	3	3	0	72	159	159	47	0	2	1	0	0	131	153	0	3	0	0	3	0	113	78	0	3	0	0	1	0	54	40	0	1	0	
0	0	0	0	0	0	0	0	0	0	0	49	87	78	42	0	1	0	11	222	221	222	174	6	3	0	68	237	59	0	1	0	4	0	89	208	199	78	0	3	0	19	49	0	190	98	0	4	0	12	192	234	158	0	1	0	2	0	58	97	0	1	0	0	
0	1	3	2	3	1	0	0	0	0	0	0	0	0	0	0	0	9	100	142	107	1	0	0	0	89	127	1	119	108	0	4	0	1	3	0	83	93	0	3	0	2	0	50	199	108	84	8	0	1	0	22	25	26	28	1	0	0	0	0	0	0	0	0	
0	0	1	0	25	11	0	0	0	3	0	88	255	65	0	3	1	0	13	208	73	0	1	0	3	0	82	203	151	106	0	3	4	0	106	255	151	180	19	0	4	0	110	219	150	188	1	0	1	0	22	140	149	35	0	1	0	0	0	0	0	0	0	0	
0	0	0	2	4	2	0	0	3	25	7	0	0	0	0	0	6	127	168	146	126	43	0	2	0	0	15	23	110	168	0	3	0	1	3	0	102	145	0	4	0	0	3	0	168	69	0	3	0	1	0	34	196	9	0	1	0	2	0	67	118	0	2	0	
0	0	0	0	0	0	1	0	0	2	8	6	18	13	0	0	0	76	251	234	237	236	50	0	0	20	95	72	108	255	44	0	0	1	0	0	206	127	0	3	0	4	0	154	215	0	0	1	2	0	47	240	47	0	2	0	3	0	66	135	0	3	0	0	
0	0	0	0	0	0	0	0	0	1	0	78	181	125	0	3	3	0	88	164	169	167	0	4	0	0	9	8	209	65	0	2	0	3	0	131	157	0	2	0	2	0	102	209	40	40	9	0	0	0	178	176	151	172	75	0	0	0	0	0	0	0	0	0	
0	0	1	0	0	1	1	0	0	2	0	90	222	84	0	3	3	0	61	195	120	153	12	0	4	0	114	187	165	179	11	0	4	0	108	207	134	170	7	0	4	0	104	108	60	208	14	0	1	0	4	166	204	56	0	2	0	0	0	0	0	1	0	0	
0	0	1	1	0	0	0	0	0	1	2	0	10	49	66	38	2	0	42	185	163	175	145	47	0	43	215	103	0	2	0	0	0	34	214	126	3	0	4	2	1	0	10	142	186	3	0	1	0	3	0	102	195	5	0	1	0	0	3	94	23	0	1	0	
0	0	1	0	0	3	0	0	0	1	0	34	35	0	1	0	3	0	88	196	168	88	0	1	1	0	163	20	70	185	37	0	2	0	98	188	171	183	39	0	0	0	0	10	130	137	0	2	0	0	0	170	152	0	0	0	0	0	5	78	7	0	1	0	
0	0	11	15	16	5	0	0	3	0	70	78	46	101	0	1	2	0	145	43	0	134	51	0	0	25	150	0	0	70	101	0	0	23	165	1	0	84	110	0	2	0	148	112	62	166	33	0	1	0	14	128	131	35	0	1	0	0	1	0	0	1	1	0	
0	1	0	20	32	0	1	0	0	1	0	161	194	7	0	1	0	0	7	15	118	65	0	2	1	0	26	22	115	57	0	2	2	0	130	189	255	76	0	2	2	0	134	190	119	176	119	0	2	0	80	82	0	10	21	0	0	0	0	0	4	2	0	0	
0	0	0	0	1	1	0	0	0	26	95	129	42	0	2	0	0	116	143	71	168	32	0	1	0	0	2	0	69	89	0	5	0	1	2	0	77	180	63	8	1	0	22	200	165	122	0	2	0	0	3	102	156	50	0	2	0	0	0	0	4	1	0	0	
0	0	0	0	0	1	0	0	2	0	47	185	175	8	0	1	0	6	195	83	130	92	0	3	0	3	37	10	94	122	0	4	3	0	144	224	239	71	0	3	2	0	165	235	211	189	16	0	1	0	22	98	0	105	81	0	0	0	0	0	1	1	3	0	
0	0	4	0	1	0	0	0	2	0	82	152	17	0	1	0	0	1	0	87	154	0	1	0	0	0	1	0	154	17	0	1	0	1	0	29	201	130	80	0	2	0	61	214	120	39	11	0	3	0	145	139	0	2	0	0	0	0	0	0	3	2	0	0	
0	0	0	0	1	1	1	0	1	3	1	0	0	0	0	0	0	0	0	0	16	29	11	0	25	169	188	189	176	199	124	0	20	93	61	35	0	135	83	0	0	0	2	0	44	192	4	0	1	3	6	0	129	106	0	3	0	0	1	0	26	11	0	0	
0	3	3	3	4	2	0	0	0	0	0	0	0	0	0	0	8	93	81	81	150	138	0	1	0	67	125	94	106	172	0	3	0	0	3	0	106	116	0	4	0	3	4	0	182	41	0	2	0	2	0	67	152	0	2	0	0	3	0	113	60	0	2	0	
0	0	0	0	13	24	0	1	0	0	3	0	147	102	0	4	0	2	0	71	151	0	1	0	0	1	0	178	139	20	0	1	2	0	30	237	175	125	0	3	2	0	31	199	153	100	0	3	0	1	0	88	127	2	0	1	0	0	0	0	0	1	0	0	
0	0	0	2	9	1	0	0	0	1	0	102	132	53	0	2	0	0	0	93	34	0	0	0	0	3	0	115	136	37	0	2	0	0	0	60	29	80	0	2	1	0	63	2	66	68	0	2	2	0	64	146	109	6	0	1	0	0	0	10	3	0	0	0	
0	0	0	0	0	0	0	0	0	0	8	69	0	45	4	0	2	0	55	134	0	147	5	0	4	0	98	57	34	126	0	3	4	0	92	174	183	72	0	3	0	0	5	70	184	14	0	1	0	1	0	30	145	0	1	0	0	0	0	11	22	0	0	0	
0	0	0	1	1	1	0	0	1	0	10	179	154	23	0	1	0	0	7	43	86	168	0	1	0	0	1	0	14	196	18	0	0	12	121	64	72	150	0	3	0	52	134	114	255	123	0	0	0	0	101	163	52	8	6	0	0	0	3	7	0	0	0	0	
0	1	2	0	0	0	2	0	1	0	5	128	213	82	0	3	1	0	181	204	165	224	72	0	0	69	201	0	0	36	206	23	0	120	129	0	0	41	223	32	0	100	203	38	84	225	91	0	0	9	153	213	174	52	0	2	0	1	0	0	0	0	2	0	
0	0	0	0	0	0	0	0	1	0	34	121	101	0	1	0	0	0	166	65	99	22	0	1	1	0	57	132	93	100	36	0	0	3	0	79	236	97	0	2	1	0	26	148	44	124	0	2	0	0	0	101	124	131	0	0	0	0	0	0	51	24	0	1	
0	0	1	0	0	0	0	0	1	0	16	86	91	91	65	3	4	0	126	211	153	171	153	12	0	1	180	41	49	41	0	1	0	0	182	178	153	192	0	1	0	8	25	2	167	102	0	3	0	13	147	197	131	0	1	0	2	0	62	88	0	3	0	0	
0	0	1	0	0	2	0	0	1	0	9	70	30	0	0	0	2	0	106	101	109	114	5	0	0	14	89	0	22	159	7	0	0	5	12	0	145	64	0	2	0	2	0	105	123	0	2	0	2	0	70	165	0	2	0	0	2	0	60	44	0	2	0	0	
0	0	3	0	0	1	0	0	0	0	0	31	47	20	44	0	0	0	125	176	213	238	93	0	0	20	205	50	189	88	0	1	2	0	82	248	213	21	0	1	2	0	44	161	119	130	0	4	2	0	58	202	180	55	0	2	0	0	0	111	76	0	2	0	
0	0	0	27	7	0	0	0	2	0	37	206	24	0	3	0	4	0	136	126	0	14	0	0	3	0	178	91	131	218	76	0	3	0	164	201	113	95	156	0	3	0	96	255	159	202	63	0	0	0	0	76	151	52	0	2	0	0	2	0	0	0	1	0	
0	0	2	1	0	0	0	0	0	1	0	19	96	97	0	1	2	0	59	238	255	243	47	0	4	0	168	234	66	184	43	0	2	0	179	59	51	190	0	1	2	0	175	70	202	85	0	3	3	0	71	250	123	0	2	0	0	0	3	37	4	0	0	0	
0	1	3	2	3	3	0	0	0	0	0	0	0	0	0	0	0	18	119	125	81	138	8	0	0	128	75	0	164	200	0	1	0	77	140	99	187	53	0	2	0	0	32	3	115	55	0	2	0	1	3	0	75	91	0	3	0	0	2	0	19	127	0	0	
0	1	2	3	4	4	2	0	0	0	0	0	0	0	0	0	5	34	47	88	107	112	46	0	19	142	140	124	77	153	127	0	0	0	0	0	2	142	27	0	0	2	5	0	132	94	0	3	0	2	0	72	162	0	3	0	0	2	0	74	47	0	2	0	
0	0	1	2	7	1	0	0	0	0	2	109	157	27	0	1	3	0	96	89	100	100	0	3	3	0	83	164	165	103	0	2	3	0	86	143	48	93	87	0	4	0	131	73	0	50	137	0	2	0	33	136	125	111	19	0	0	0	0	3	6	0	0	0	
0	1	1	0	0	0	0	0	1	0	8	94	154	155	74	0	0	47	204	173	83	207	133	0	0	26	30	0	108	157	7	0	2	0	84	214	255	86	0	4	0	0	109	91	194	72	0	3	0	49	202	191	95	0	2	0	0	14	63	31	0	2	0	0	
0	0	0	6	60	33	0	1	1	0	38	125	101	130	23	0	0	8	95	30	0	86	66	0	0	1	2	4	0	97	51	0	0	0	21	7	23	125	1	0	0	36	187	169	206	87	0	2	0	12	91	89	63	89	0	0	0	0	0	0	0	0	0	0	
0	0	0	3	3	3	4	2	0	0	1	0	0	0	0	0	0	2	0	78	161	127	123	52	3	0	79	198	54	43	61	23	3	0	94	138	151	21	0	1	0	33	61	80	124	2	2	1	0	19	151	95	4	0	0	0	0	0	0	0	2	0	0	0	
0	0	0	0	0	0	0	0	1	0	31	16	15	39	0	1	3	0	100	38	40	79	0	3	3	0	103	33	35	51	0	2	2	0	48	118	136	52	0	2	0	0	0	10	81	71	0	3	0	0	3	0	48	103	0	3	0	0	0	0	8	11	0	0	
0	0	1	0	0	1	0	0	0	0	5	27	0	7	83	4	3	0	87	164	0	96	168	0	0	0	162	40	0	179	62	0	0	56	213	98	163	183	0	1	0	31	126	99	209	84	0	3	0	1	0	28	176	7	0	1	0	1	2	13	27	0	0	0	
0	1	0	46	21	0	1	0	0	0	5	160	21	0	1	0	2	0	57	146	0	3	0	0	4	0	106	92	17	81	0	0	4	0	130	57	119	206	35	0	3	0	95	159	191	155	8	0	0	0	3	61	49	7	0	0	0	0	1	0	0	2	1	0	
0	0	0	0	1	0	0	0	0	0	2	0	61	94	0	3	0	0	1	0	157	56	0	2	0	2	0	53	154	0	2	0	0	3	0	119	89	0	3	0	0	0	4	163	22	0	1	0	2	0	74	121	0	3	0	0	0	0	6	2	0	0	0	0	
0	0	0	0	0	0	0	0	0	10	35	0	0	124	67	0	0	31	161	0	0	191	87	0	0	66	165	0	0	165	46	0	0	86	214	65	81	181	18	0	0	4	116	174	146	192	9	0	0	0	0	0	0	116	21	0	0	0	4	3	4	1	0	0	
0	0	0	0	0	0	0	0	1	0	29	115	130	62	0	2	0	36	189	51	161	175	0	2	0	8	124	151	163	0	0	0	2	0	49	213	144	94	1	0	3	0	98	99	0	178	45	0	2	0	45	143	139	123	0	1	0	1	0	39	48	0	0	0	
0	0	0	0	0	0	0	0	0	0	0	9	66	0	0	0	0	1	0	24	165	0	0	0	0	1	0	38	160	0	2	0	0	2	0	53	144	0	3	0	0	3	0	73	135	0	4	0	0	2	0	50	98	0	3	0	0	0	0	5	11	0	0	0	
0	0	2	1	0	1	0	0	0	2	0	32	204	98	0	3	2	0	52	226	237	180	0	1	0	19	229	142	0	192	67	0	0	123	174	0	0	174	125	0	0	132	200	76	192	226	35	0	0	4	155	218	149	20	0	1	0	1	0	0	0	1	1	0	
0	0	1	3	4	3	1	0	0	0	2	0	0	0	0	0	0	7	182	167	129	76	32	0	0	9	195	89	64	193	105	0	0	0	25	0	81	151	0	2	0	2	0	41	181	16	0	1	1	0	14	175	59	0	3	0	2	0	50	106	0	4	0	0	
0	0	0	1	1	3	3	1	0	0	0	5	5	0	0	0	0	1	0	150	167	141	150	47	2	0	54	224	131	70	48	19	1	0	16	65	161	96	0	4	0	22	24	71	151	18	0	2	0	36	189	127	14	0	1	0	0	0	6	0	1	1	0	0	
0	0	1	2	0	0	0	0	0	1	0	23	157	159	3	0	1	0	23	183	96	56	0	0	3	0	65	211	26	0	1	0	0	1	0	54	191	74	0	3	0	0	14	21	172	103	0	4	3	0	85	189	102	0	0	0	0	0	0	0	0	1	0	0	
0	0	0	0	2	2	0	0	2	0	67	172	187	132	1	0	2	0	47	116	0	142	98	0	3	0	75	224	61	171	60	0	3	0	175	94	180	255	32	0	0	18	209	162	163	125	115	0	1	0	152	177	23	0	6	0	0	0	0	0	2	4	0	0	
0	1	1	0	2	2	0	0	1	0	25	70	16	0	1	0	0	15	190	142	147	53	0	2	0	63	162	0	171	151	0	4	0	7	136	77	216	100	0	3	1	0	22	91	207	78	0	3	0	1	5	0	86	146	0	4	0	0	1	0	18	60	0	1	
1	3	4	4	4	4	2	0	0	0	0	0	0	0	0	0	13	156	143	139	145	151	64	0	9	92	126	126	89	229	119	0	0	0	2	0	45	207	12	0	0	4	2	15	213	109	0	3	0	3	0	155	185	0	2	0	0	1	0	29	22	0	1	0	
0	0	0	0	0	0	0	0	1	0	21	136	96	0	1	0	0	12	224	230	147	5	0	0	0	0	173	192	73	3	0	0	0	0	1	24	167	154	0	2	0	0	3	0	34	224	20	0	0	1	0	63	181	172	0	0	0	0	0	0	30	13	0	1	
0	0	0	0	0	0	0	0	0	0	16	52	16	0	1	0	2	0	89	121	105	0	5	0	1	0	83	119	104	0	3	2	0	17	163	208	150	81	130	130	1	0	72	49	29	99	71	21	0	0	0	0	0	0	0	0	0	0	3	2	1	4	3	1	
0	0	1	1	0	0	1	0	0	3	0	53	222	126	0	0	2	0	40	159	74	171	101	0	1	0	152	53	0	35	146	0	0	52	133	0	0	90	112	0	0	66	185	17	58	158	14	0	0	0	114	176	140	27	0	1	0	0	0	0	0	1	1	0	
1	1	0	0	0	0	0	0	0	0	20	58	85	58	5	0	24	176	196	179	134	187	134	0	8	40	3	14	66	192	111	0	0	1	154	204	173	247	78	0	0	4	44	25	127	166	18	0	1	0	160	212	130	10	0	1	1	0	84	66	0	4	1	0	
0	0	2	0	0	1	0	0	0	0	0	45	60	0	0	0	1	0	92	87	129	83	0	3	0	36	194	50	132	107	0	4	0	1	86	135	200	133	0	4	0	0	3	0	120	89	0	3	0	1	0	16	214	38	0	2	0	0	0	0	70	16	0	1	
0	0	0	0	0	0	0	0	0	0	0	0	97	19	0	1	0	1	0	24	214	21	0	1	0	3	0	77	186	0	2	0	0	4	0	123	141	0	4	0	0	4	0	160	120	0	4	0	0	4	0	154	93	0	3	0	0	1	0	18	12	0	0	0	
0	0	0	0	0	0	0	0	2	0	70	136	80	0	1	0	2	0	56	128	225	46	0	2	0	0	0	0	192	46	0	2	0	1	0	104	183	0	1	0	3	0	105	255	186	0	0	1	1	0	24	7	130	81	0	3	0	0	0	0	8	15	0	0	
0	2	4	1	0	1	1	0	0	0	0	0	15	8	0	0	0	75	186	211	225	210	40	0	0	83	159	89	11	160	106	0	0	0	1	0	29	210	31	0	0	4	0	27	231	107	0	3	1	0	8	214	126	0	3	0	2	0	57	168	0	2	0	0	
0	0	2	2	2	2	1	0	0	1	0	0	0	0	0	0	0	7	50	54	44	60	12	0	2	76	80	56	23	44	112	2	12	83	0	1	0	49	97	0	0	42	93	80	90	76	6	0	0	0	3	10	3	0	2	0	0	2	1	0	0	2	0	0	
0	2	4	3	0	0	0	0	0	0	0	0	11	17	0	0	0	61	161	172	226	231	46	0	0	100	169	113	49	202	62	0	0	1	3	0	62	216	9	0	0	1	1	7	208	100	0	3	0	2	0	179	168	0	3	0	1	0	6	171	41	0	2	0	
0	0	0	3	27	1	0	0	0	3	0	118	173	0	1	0	1	0	25	212	40	0	2	0	3	0	75	255	218	77	0	3	4	0	102	218	78	171	0	2	3	0	74	193	197	148	0	3	0	1	0	112	142	10	0	1	0	0	0	0	0	1	0	0	
0	0	1	0	0	2	0	0	0	0	0	25	20	0	0	0	3	0	103	173	187	104	0	3	4	0	143	126	200	124	0	4	2	0	36	141	195	61	0	3	0	0	2	0	158	36	0	1	0	1	0	19	175	7	0	1	0	0	0	10	127	8	0	0	
0	1	0	6	76	29	0	1	1	0	8	148	93	2	2	0	3	0	126	101	0	3	0	0	0	16	149	6	64	87	36	0	0	9	163	148	74	22	151	13	4	0	107	209	64	93	99	0	0	0	3	53	58	36	3	0	0	0	1	0	0	0	1	0	
0	0	0	0	1	4	1	0	0	0	20	33	6	0	0	0	0	36	192	148	151	81	14	0	0	41	179	0	101	240	26	0	2	0	128	164	178	154	0	4	0	0	7	4	98	124	0	4	0	0	4	0	171	68	0	3	0	0	0	10	151	20	0	1	
0	0	0	18	9	0	0	0	0	2	0	146	36	0	2	0	2	0	42	150	1	12	0	0	3	0	70	149	123	128	9	0	2	0	52	191	0	80	71	0	1	0	25	135	0	73	73	0	0	1	0	77	86	86	13	0	0	0	0	0	0	0	0	0	
0	0	0	0	0	0	0	0	0	1	3	0	125	65	0	2	0	5	6	0	204	52	0	2	0	2	0	50	199	2	0	1	0	3	0	106	164	0	3	0	0	4	0	164	145	0	4	0	0	3	0	122	87	0	3	0	0	0	0	0	0	0	0	0	
1	0	29	36	0	2	0	0	3	0	97	206	128	5	0	1	0	1	0	5	117	113	0	3	0	0	4	0	103	130	0	3	0	2	0	78	190	9	0	1	2	0	149	246	93	117	40	0	2	0	74	147	137	81	3	0	0	0	0	0	0	0	0	0	
0	0	0	0	0	2	0	0	1	0	17	73	77	9	0	1	2	0	127	157	134	139	2	0	0	0	14	52	51	175	38	0	0	35	182	130	176	241	138	0	0	59	180	49	153	26	146	62	2	0	100	172	30	0	3	2	0	1	0	0	1	2	1	0	
0	0	2	0	0	1	0	0	0	0	0	14	21	2	0	0	1	0	112	162	158	94	0	3	0	4	185	33	0	38	0	0	2	0	78	165	125	150	7	0	0	1	0	15	45	143	7	0	0	0	3	0	16	137	0	0	0	0	2	0	61	91	0	3	
0	1	0	0	0	1	0	0	0	4	29	0	0	13	148	17	0	53	178	0	0	101	173	0	0	126	146	0	0	185	71	0	0	86	214	170	189	207	6	0	0	0	40	45	170	146	0	4	0	1	3	0	141	70	0	3	0	0	2	3	1	1	0	0	
0	0	0	1	0	0	0	0	0	0	1	1	0	61	8	0	0	0	8	38	12	123	0	1	3	0	70	74	52	115	0	4	0	0	155	124	173	63	0	3	0	8	31	0	123	24	0	1	0	0	0	3	124	6	0	0	0	0	1	1	24	2	0	0	
0	0	1	0	28	9	0	0	0	2	0	43	197	17	0	1	0	1	0	169	72	0	2	0	2	0	55	212	147	138	0	0	4	0	124	193	106	217	21	0	4	0	109	141	145	131	0	3	0	0	0	126	130	1	0	0	0	0	0	0	0	2	0	0	
