500	64	10
0	0	1	0	1	1	0	0	0	1	0	57	31	0	1	0	2	0	54	227	177	24	0	1	4	0	154	121	164	77	0	3	2	0	55	187	207	12	0	1	0	1	0	17	172	37	0	2	0	0	5	0	119	86	0	3	0	0	1	0	21	38	0	1	
0	0	0	0	0	0	0	0	0	0	0	11	8	0	0	0	0	0	0	67	76	0	2	0	0	0	13	27	53	0	1	12	0	12	111	125	85	67	67	60	0	3	50	14	4	22	13	0	0	0	0	1	1	0	0	1	0	0	2	1	0	1	0	0	
0	0	0	1	2	0	0	0	0	2	0	60	208	73	0	2	0	0	4	0	164	138	0	4	0	2	0	76	188	9	0	1	2	0	42	215	43	0	2	0	3	0	66	208	38	18	0	0	0	1	0	66	167	113	0	2	0	0	1	0	0	1	0	0	
0	0	1	2	0	50	8	0	0	1	0	2	104	91	0	1	1	0	14	113	66	0	5	0	0	9	124	42	0	32	79	15	0	116	64	0	66	33	87	24	0	68	126	153	146	90	40	0	0	0	16	57	30	1	0	1	0	2	1	0	0	1	2	0	
0	0	1	0	0	0	0	0	1	0	19	93	0	3	3	0	3	0	126	121	0	143	3	0	0	55	208	41	72	227	90	0	0	171	253	210	212	227	121	0	0	64	82	8	39	152	0	2	0	0	1	0	24	127	2	0	0	3	4	1	1	1	0	0	
0	0	0	0	0	0	0	0	1	0	19	56	68	33	0	1	2	0	60	119	70	143	14	0	0	0	0	31	128	66	0	1	3	0	61	163	150	50	0	2	0	0	2	0	128	74	0	3	1	0	46	124	80	0	1	0	0	5	89	40	0	2	0	0	
0	0	0	0	0	0	0	0	0	3	0	110	98	0	3	0	0	4	0	130	164	0	4	0	0	3	0	68	203	0	0	1	0	2	0	57	234	20	0	1	0	3	0	62	241	20	0	1	0	2	0	38	145	4	0	1	0	0	0	0	0	0	0	0	
0	0	2	1	0	0	1	0	0	2	0	18	123	177	45	0	2	0	44	167	79	51	115	8	0	21	147	23	0	0	108	53	0	95	87	0	0	25	83	0	0	133	148	10	68	155	75	0	0	9	147	187	159	43	0	2	0	0	0	2	0	0	2	0	
0	0	1	0	1	1	0	0	1	0	14	75	17	0	1	0	0	5	141	104	142	34	0	2	0	26	171	0	141	89	0	3	2	0	91	149	196	90	0	4	0	0	3	0	102	104	0	4	0	0	6	0	106	109	0	4	0	0	2	0	45	43	0	2	
0	0	1	0	0	0	0	0	0	0	0	3	20	24	0	0	0	3	89	105	95	110	64	0	0	1	9	3	0	55	36	0	0	0	2	0	38	47	0	1	0	1	0	20	119	11	0	1	1	0	20	129	29	0	1	0	2	0	90	62	0	2	0	0	
0	0	1	1	3	2	0	0	0	2	0	25	160	128	1	0	1	0	12	187	83	107	95	0	1	0	171	102	0	93	116	0	0	68	137	0	10	174	31	0	0	117	91	21	157	84	0	3	0	33	159	141	52	0	2	0	0	0	1	0	0	2	0	0	
0	0	0	0	7	9	0	0	1	0	19	109	100	105	29	0	2	0	60	122	0	57	64	0	0	1	1	0	14	122	11	0	0	5	39	112	197	164	5	0	0	71	127	165	80	37	69	0	0	118	139	21	0	1	5	0	0	0	0	0	2	2	1	0	
0	0	0	0	1	0	0	0	0	0	1	0	109	26	0	1	0	1	0	38	157	0	1	0	0	3	0	82	120	0	4	0	0	3	0	110	89	0	3	0	0	4	0	113	113	0	4	0	0	2	0	63	99	0	3	0	0	0	0	0	0	0	0	0	
1	0	20	8	2	67	18	0	1	0	61	22	23	21	0	1	0	0	4	31	4	5	1	0	2	0	52	18	61	171	16	0	1	0	84	112	154	151	13	0	3	0	113	217	132	55	0	2	0	0	6	4	3	0	0	0	0	0	0	0	1	2	0	0	
0	1	0	0	0	0	2	0	1	0	44	132	117	66	0	1	0	22	216	169	142	98	82	0	0	112	154	0	80	4	137	18	0	149	77	0	3	2	156	17	0	97	132	0	0	121	142	0	0	0	127	151	151	152	11	0	0	1	0	31	51	2	0	0	
0	0	0	0	0	2	0	0	0	0	0	0	1	0	69	20	0	0	0	7	0	90	102	0	0	2	0	12	72	68	0	0	1	0	7	106	36	0	3	0	0	24	139	69	0	3	0	0	0	65	58	0	2	0	0	0	0	0	1	2	0	0	0	0	
0	0	0	0	0	0	0	0	0	0	5	47	63	24	0	1	1	0	19	199	255	153	0	4	0	1	0	5	213	92	0	3	1	0	10	176	255	138	0	3	2	0	49	229	100	28	0	1	1	0	208	132	0	4	0	0	0	0	88	24	0	2	0	0	
0	0	0	2	1	0	0	0	0	0	2	0	16	176	83	0	0	2	0	73	146	89	123	4	0	3	60	81	2	53	94	0	0	89	81	0	101	235	31	0	7	151	77	162	189	39	0	2	0	103	171	81	2	0	1	0	0	0	0	0	2	2	0	0	
0	0	1	0	0	0	0	0	0	0	0	50	69	11	0	1	4	0	111	251	255	114	0	4	3	0	66	226	243	40	0	2	1	0	8	186	149	100	0	3	1	0	32	130	0	120	16	0	0	0	0	137	172	133	0	1	0	1	0	35	112	13	0	1	
0	0	0	1	1	0	0	0	0	0	0	1	0	7	34	8	0	2	0	19	111	95	94	10	0	3	0	93	70	0	2	0	0	21	3	20	96	28	0	2	0	58	101	77	91	7	0	1	0	0	31	46	5	0	0	0	0	1	0	0	1	1	0	0	
0	0	2	2	0	0	0	0	0	0	0	4	28	11	0	0	2	0	39	193	196	110	0	1	4	0	128	255	212	90	0	3	1	0	14	72	237	91	0	4	0	2	0	50	228	18	0	1	0	3	0	120	173	0	3	0	0	2	0	54	94	0	2	0	
0	0	0	2	3	2	1	0	0	0	2	0	0	0	0	0	0	1	0	44	95	111	71	0	0	2	77	86	61	90	31	0	0	10	164	106	122	181	5	0	1	0	27	48	31	15	0	1	0	0	9	27	0	2	1	0	0	6	94	29	0	2	0	0	
0	1	2	0	0	0	0	0	0	0	1	0	20	34	0	1	0	21	56	0	89	168	0	3	0	86	200	22	126	148	0	4	0	41	147	131	215	123	0	4	0	0	3	0	78	134	0	4	0	1	7	0	63	153	0	3	0	0	1	0	27	55	0	2	
0	0	1	3	0	0	0	0	0	0	1	0	6	24	15	2	0	0	6	78	91	54	78	6	2	0	81	78	0	94	87	0	1	0	48	55	15	54	3	0	0	1	0	23	25	0	1	0	0	0	73	90	0	2	0	0	0	66	106	0	0	0	0	0	
0	1	0	84	81	0	1	0	2	0	59	177	44	0	1	0	4	0	111	132	0	6	1	0	4	0	103	132	0	4	0	0	4	0	97	180	106	163	57	0	1	0	21	228	233	209	70	0	0	1	0	19	75	45	0	1	0	0	1	1	0	0	1	0	
0	0	1	1	0	2	2	0	0	0	0	0	3	0	2	19	1	0	35	47	19	39	113	87	2	0	85	58	83	142	41	0	1	0	25	137	62	0	1	2	0	10	77	13	38	0	3	0	0	10	94	62	47	0	1	0	1	0	26	34	0	0	0	0	
0	0	0	0	0	0	0	0	0	0	0	10	62	0	0	0	0	1	0	33	168	0	1	0	0	3	0	79	147	0	3	0	0	3	0	105	104	0	3	0	0	1	0	158	36	0	1	0	0	0	8	94	0	0	0	0	0	0	1	5	0	0	0	0	
0	0	0	0	0	0	0	0	1	0	13	95	120	128	81	0	2	0	32	112	43	39	139	4	0	1	0	50	96	131	54	0	9	11	77	249	175	114	0	1	14	91	8	13	4	97	3	0	0	86	146	104	147	49	0	2	0	0	41	56	18	0	1	0	
0	0	0	0	0	2	0	0	0	18	97	102	37	0	2	0	0	51	113	84	181	86	0	3	0	0	1	0	16	185	25	0	0	15	91	124	164	236	141	4	0	122	214	186	223	63	5	1	0	12	66	59	5	0	0	0	0	0	0	0	2	3	0	0	
0	0	0	0	1	2	0	0	0	0	1	0	27	85	0	2	0	0	3	0	92	74	0	3	0	1	0	20	125	3	0	0	0	2	0	104	64	0	2	0	2	0	56	129	0	2	0	0	2	0	98	41	0	1	0	0	0	0	1	1	0	0	0	0	
0	0	0	4	0	2	2	0	0	0	2	0	12	4	0	0	0	0	0	93	187	167	110	0	1	0	153	229	194	255	84	0	0	43	253	166	203	153	0	2	0	5	21	37	191	16	0	1	0	3	0	154	98	0	3	0	0	0	6	117	8	0	0	0	
0	0	1	2	3	2	0	0	0	0	1	1	0	0	0	0	3	0	115	196	125	166	60	0	1	0	61	75	45	153	26	0	0	0	2	0	82	70	0	2	0	2	0	70	113	0	2	0	1	0	70	117	3	0	0	0	0	2	127	23	0	1	0	0	
0	0	2	1	0	0	0	0	0	0	0	12	38	35	0	1	2	0	52	112	204	101	0	4	3	0	142	153	205	26	0	1	1	0	12	76	150	0	1	0	0	2	0	69	119	0	3	0	0	4	0	135	94	0	3	0	0	1	0	65	24	0	1	0	
0	0	0	2	1	1	0	0	0	0	1	0	37	14	8	0	0	2	0	55	71	70	64	0	0	0	5	160	119	125	0	2	0	1	0	89	203	21	0	1	0	2	0	108	53	0	2	0	2	0	49	117	0	3	0	0	2	0	41	29	0	1	0	0	
0	0	3	1	0	3	3	0	0	0	0	0	0	0	3	26	1	0	100	195	206	117	149	107	0	10	245	180	180	245	89	0	3	0	114	255	219	40	0	3	4	0	122	246	243	57	0	3	3	0	84	163	141	26	0	1	0	0	0	0	0	0	0	0	
0	2	4	4	3	2	0	0	0	0	0	0	0	0	0	0	0	49	121	122	133	110	0	1	0	43	97	74	33	109	8	0	0	0	1	0	43	99	0	3	0	1	6	0	129	44	0	2	0	2	0	47	110	0	2	0	0	0	2	136	29	0	1	0	
0	0	0	0	0	2	1	0	0	4	103	126	66	5	0	0	0	16	134	139	192	189	6	0	2	0	76	152	53	190	61	0	0	56	123	44	195	207	8	0	0	61	139	48	183	228	57	0	2	0	92	132	35	52	144	15	0	1	0	0	1	0	3	5	
0	0	0	2	0	1	2	0	0	0	1	6	38	0	17	44	0	1	0	112	92	0	120	52	2	0	147	183	60	145	48	0	0	6	154	116	209	70	0	4	0	1	0	132	79	0	4	0	1	0	130	104	0	4	0	0	0	4	68	3	1	0	0	0	
0	0	1	1	0	0	0	0	0	0	2	0	30	34	0	1	1	0	30	45	76	49	0	2	3	0	72	70	81	36	0	1	3	0	77	129	163	35	0	2	0	0	4	6	100	22	0	1	0	0	3	0	93	33	0	1	0	0	0	0	18	1	0	0	
0	0	1	1	0	0	0	0	0	2	0	14	148	212	63	0	1	0	14	158	101	61	139	0	0	6	145	59	0	8	120	5	0	82	93	0	0	152	106	0	0	97	80	79	170	123	0	1	0	60	207	152	51	0	2	0	0	0	0	0	0	2	0	0	
0	0	0	0	1	0	0	0	0	0	2	0	69	59	0	2	0	1	0	4	226	88	0	4	0	3	0	108	237	29	0	2	1	0	71	169	142	1	0	0	0	8	79	78	112	0	3	0	0	3	0	114	77	0	3	0	0	0	1	17	9	0	0	0	
0	0	0	2	1	0	0	0	0	0	2	0	11	130	61	0	0	2	0	41	93	50	77	5	1	0	43	89	7	6	86	1	0	41	70	0	17	87	30	0	2	107	18	80	101	24	0	1	0	81	92	54	3	0	1	0	0	0	0	0	1	1	0	0	
0	2	2	0	0	0	0	0	0	0	0	6	22	10	0	0	0	40	105	94	146	81	0	3	0	57	34	0	99	47	7	0	0	1	0	43	163	76	9	0	1	0	13	135	104	0	3	0	0	3	0	78	62	0	3	0	0	2	0	65	26	0	1	0	
0	0	2	0	20	77	0	0	0	1	0	21	132	56	0	2	1	0	30	129	32	0	5	0	0	4	135	28	33	119	91	0	0	56	64	10	65	92	85	0	0	40	112	121	131	94	5	0	1	0	49	84	39	0	2	0	0	1	0	0	0	2	0	0	
0	0	1	8	1	0	0	0	0	0	3	108	158	68	0	2	0	0	2	0	59	162	0	3	0	0	3	0	142	88	0	3	0	2	0	102	100	0	2	0	3	0	112	145	28	6	0	0	2	0	142	137	62	2	0	0	0	0	0	0	0	0	0	0	
0	0	2	0	11	45	3	0	0	1	0	20	146	86	0	0	2	0	41	152	34	4	43	1	0	9	149	23	37	96	137	32	0	84	72	15	67	73	104	1	0	79	82	154	158	148	23	0	0	13	108	136	79	2	1	1	0	0	0	0	0	2	1	0	
0	0	0	0	2	0	0	0	0	0	1	0	20	92	0	1	0	0	3	0	121	112	0	3	0	1	0	30	176	8	0	1	0	3	0	126	95	0	3	0	1	0	19	164	6	0	0	0	1	0	19	98	0	1	0	0	0	0	0	2	1	0	0	0	
0	0	1	0	24	54	0	0	0	0	1	101	165	157	28	0	0	0	5	84	11	48	74	0	0	0	20	18	0	89	43	0	0	65	53	69	190	138	0	2	2	135	62	129	127	106	45	0	0	68	146	79	0	7	19	0	0	0	0	0	3	2	0	0	
0	1	2	0	0	1	0	0	0	0	5	17	10	0	0	0	0	4	157	152	170	160	0	1	0	23	213	0	124	163	0	4	0	13	125	0	181	82	0	3	0	2	3	2	205	46	0	2	0	1	0	21	219	25	0	1	0	0	0	2	121	16	0	1	
0	0	2	0	33	73	0	1	0	1	0	36	109	35	0	1	1	0	19	74	7	0	0	0	1	0	70	15	49	140	55	0	0	17	62	65	109	100	49	0	0	3	123	156	85	49	1	0	1	0	35	73	22	0	1	0	0	0	0	0	0	2	0	0	
0	1	1	0	0	0	0	0	1	0	13	101	127	15	0	1	0	6	183	117	177	68	0	3	0	20	43	69	142	0	1	0	2	0	45	167	22	46	75	14	0	36	239	172	141	140	172	70	0	35	96	28	3	0	0	0	0	0	0	0	1	3	3	1	
0	0	0	0	0	0	0	0	1	0	24	82	91	65	3	0	3	0	59	166	111	161	101	0	0	1	0	21	58	150	67	0	0	0	4	157	225	61	0	2	0	41	8	0	78	49	0	2	0	79	144	109	143	14	0	1	0	0	84	108	14	0	1	0	
0	0	1	1	0	0	0	0	0	1	0	15	0	75	27	0	2	0	47	201	25	180	29	0	1	0	170	57	34	192	0	1	0	39	199	37	146	145	0	4	0	7	120	154	221	80	0	3	0	0	3	0	135	132	0	3	0	0	4	1	15	26	0	1	
0	0	1	1	2	3	0	0	0	0	0	9	1	0	0	0	2	0	40	194	146	94	0	0	1	0	36	39	50	127	0	2	0	0	2	0	91	44	0	2	0	1	0	36	125	0	1	0	0	1	0	116	49	0	2	0	1	0	30	105	0	2	0	0	
0	0	1	2	0	0	0	0	0	1	0	42	40	72	4	0	1	0	1	185	64	84	33	0	3	0	87	169	0	96	57	0	3	0	146	72	0	188	36	0	3	0	122	108	189	111	0	3	1	0	27	177	86	0	2	0	0	0	1	0	0	1	0	0	
0	0	2	4	4	2	0	0	0	0	0	0	0	0	0	0	1	0	57	114	167	103	0	2	2	0	82	122	84	108	0	2	0	0	2	0	71	70	0	3	0	1	0	20	133	7	0	1	0	1	0	113	54	0	2	0	2	0	53	107	0	3	0	0	
1	0	12	50	4	0	1	0	0	0	180	201	165	22	0	1	0	8	105	0	116	175	0	2	1	0	21	26	8	202	22	0	4	0	136	231	62	171	6	0	3	0	86	250	255	167	0	1	0	0	0	98	143	127	15	0	0	0	1	0	0	0	0	0	
0	0	0	2	0	1	2	0	0	0	0	9	70	0	19	16	0	1	0	109	53	9	157	36	3	0	95	174	49	143	52	0	3	0	100	169	231	67	0	3	0	2	0	127	76	0	4	0	3	0	77	134	0	4	0	0	1	0	21	12	0	0	0	0	
0	0	0	0	13	6	0	0	1	0	53	95	168	22	0	1	1	0	64	80	165	11	0	1	0	0	0	1	154	16	0	0	0	0	0	2	154	14	0	1	0	0	27	33	175	68	8	0	1	0	86	128	131	136	32	0	0	0	0	0	0	0	0	0	
0	0	1	2	0	2	1	0	0	2	0	48	49	0	56	20	1	0	24	145	12	56	123	0	1	0	152	91	49	166	14	0	0	6	147	170	241	59	0	3	0	2	0	118	93	0	3	0	2	0	52	140	0	3	0	0	1	0	16	14	0	0	0	0	
0	0	1	4	3	1	0	0	0	0	1	0	0	4	38	30	1	0	16	133	141	133	117	67	2	0	152	119	28	13	0	0	1	0	126	122	60	0	4	2	0	1	4	0	138	73	0	3	0	9	96	93	142	35	0	2	1	0	22	58	20	0	1	0	
0	0	0	0	0	0	0	0	0	0	2	44	70	75	26	0	1	0	9	98	62	120	120	0	0	2	0	20	115	131	8	0	16	20	0	49	64	118	4	0	42	76	0	0	71	96	0	1	0	89	127	125	90	4	0	0	0	0	9	4	0	1	0	0	
1	0	33	47	1	0	0	0	3	0	76	176	142	66	0	1	0	0	2	0	97	224	5	0	1	0	25	180	229	99	0	1	0	0	1	87	182	38	0	2	0	40	87	45	189	150	0	4	0	76	160	152	137	29	0	1	0	0	0	0	0	0	0	0	
0	0	1	1	0	0	1	0	0	1	0	27	120	128	22	0	2	0	45	147	83	49	46	0	3	0	93	105	18	88	106	9	2	0	29	224	212	82	29	0	2	0	114	41	63	33	0	1	2	0	98	114	84	7	0	0	0	0	7	62	27	0	1	0	
0	0	1	2	1	2	0	0	0	0	0	7	11	0	0	0	1	0	19	176	211	45	0	2	4	0	113	186	219	80	0	3	2	0	34	200	217	9	0	1	0	0	0	2	150	13	0	1	0	0	3	0	181	65	0	3	0	0	1	0	123	42	0	2	
0	0	2	0	0	1	0	0	0	0	0	10	28	10	0	0	2	0	62	109	88	72	0	1	0	14	114	15	46	142	4	0	0	0	75	113	124	102	0	3	0	0	2	0	113	35	0	1	0	2	0	52	117	0	2	0	0	2	0	84	39	0	1	0	
0	0	2	0	1	1	0	0	0	1	0	45	16	0	1	0	2	0	59	89	41	74	0	3	3	0	104	91	160	81	0	3	1	0	14	45	126	43	0	2	0	0	1	0	110	16	0	1	0	0	0	6	124	5	0	0	0	0	0	0	48	4	0	0	
0	0	1	2	0	46	7	0	0	1	1	0	82	90	0	1	1	0	10	110	64	0	4	0	0	11	110	43	1	83	101	1	0	91	33	0	95	100	96	2	13	115	18	118	157	84	10	0	0	38	52	57	16	0	1	0	0	0	0	0	0	2	1	0	
0	1	1	0	0	0	0	0	1	0	16	88	71	20	0	1	0	12	150	118	125	189	6	0	0	25	67	72	181	102	0	2	0	84	164	158	119	150	66	0	0	0	0	3	0	133	97	0	0	3	83	108	140	111	0	0	0	5	97	63	18	0	1	0	
0	0	1	2	0	0	1	0	0	1	2	0	53	85	15	0	1	0	10	115	133	153	112	0	0	6	138	73	0	2	111	8	0	85	69	0	8	125	84	0	10	98	13	77	137	76	0	1	0	125	148	83	11	0	2	0	0	2	2	0	1	2	0	0	
0	0	11	4	0	0	0	0	0	4	108	192	81	0	3	0	0	17	168	188	20	0	3	0	0	16	72	88	129	65	0	1	0	0	1	0	14	134	67	0	0	0	6	14	0	19	141	0	2	0	54	155	119	148	77	0	0	0	2	5	11	11	0	0	
0	0	0	1	0	0	0	0	0	0	1	0	36	50	0	0	0	1	0	50	84	65	4	0	1	0	14	111	83	102	0	1	0	1	0	55	105	13	0	1	0	0	1	62	23	0	1	0	1	0	99	63	0	3	0	0	0	10	57	0	1	0	0	0	
0	0	0	7	1	0	0	0	2	0	46	170	101	0	1	0	0	0	7	31	189	11	0	1	0	3	0	120	233	54	0	3	0	1	0	30	31	128	5	0	0	11	77	8	46	174	7	0	0	3	68	118	129	39	0	2	0	0	0	2	2	0	0	0	
0	0	0	1	6	21	11	0	0	0	0	0	101	68	16	0	0	3	0	80	107	0	2	0	0	1	0	141	110	94	17	0	7	46	0	3	0	78	53	0	0	114	106	61	88	96	0	0	0	21	80	94	48	0	0	0	0	0	0	0	0	1	0	0	
0	0	1	0	37	16	0	1	0	2	0	45	153	0	0	0	0	3	0	139	60	0	2	0	1	0	22	161	37	30	0	1	3	0	66	194	151	180	0	1	3	0	62	190	169	102	0	3	0	0	1	73	56	0	1	0	0	0	0	0	0	2	0	0	
1	0	0	0	0	0	0	0	8	6	0	65	114	79	15	0	0	1	0	18	13	109	57	0	0	2	0	69	145	96	0	1	0	32	0	54	52	84	2	0	0	95	102	21	41	103	0	0	0	7	96	139	115	22	0	1	0	1	0	0	0	1	0	0	
0	0	0	0	0	2	0	0	1	0	46	42	4	0	0	0	0	17	235	255	229	126	0	1	0	7	104	174	255	214	3	0	0	3	0	70	255	87	0	3	0	4	0	136	239	11	0	1	0	1	0	209	178	0	3	0	0	1	0	85	63	0	2	0	
0	0	0	0	1	1	0	0	0	0	0	2	0	110	17	0	0	0	3	0	63	131	0	2	0	1	0	31	165	22	0	1	0	1	0	156	63	0	2	0	2	0	111	109	0	4	0	0	0	26	123	3	0	0	0	0	0	1	2	1	0	0	0	0	
0	0	0	1	1	0	0	0	0	0	1	0	22	11	0	0	0	1	0	28	202	44	0	2	2	0	32	145	200	25	0	1	0	0	4	18	155	6	0	0	0	1	0	42	147	0	2	0	0	3	0	88	126	0	4	0	0	1	0	36	24	0	1	0	
0	0	0	0	0	0	0	0	0	0	0	22	62	57	1	0	2	0	43	129	50	105	49	0	0	0	3	51	100	141	11	0	3	0	9	139	71	97	36	0	69	44	0	0	21	89	7	0	29	120	65	78	103	15	0	1	0	2	7	6	0	1	0	0	
0	0	0	0	0	0	0	0	1	0	40	88	17	72	64	0	0	40	187	141	139	169	113	0	0	46	186	0	68	179	3	0	2	0	72	201	199	27	0	1	1	0	13	158	187	37	0	2	4	0	103	186	161	45	0	2	1	0	11	50	18	0	1	0	
0	0	0	0	0	0	1	0	0	0	4	23	29	18	1	0	1	0	125	156	121	128	66	0	0	0	11	3	0	58	55	0	0	0	2	0	46	70	0	1	0	2	0	53	133	6	0	0	1	0	88	157	19	0	1	0	0	8	127	20	0	2	0	0	
0	0	0	0	1	1	0	0	0	29	135	88	12	0	1	0	0	8	72	87	156	24	0	2	0	1	0	17	193	27	0	1	1	0	44	230	192	81	89	37	0	3	191	188	100	104	70	17	0	1	8	0	0	0	0	0	0	0	0	2	4	4	3	1	
0	0	0	0	13	37	10	0	0	1	0	33	143	117	102	0	0	2	0	7	10	1	88	2	0	0	23	30	0	48	57	0	0	63	149	149	168	144	4	0	2	144	104	148	116	51	64	0	0	60	103	27	0	0	8	1	0	0	0	0	3	2	0	0	
0	0	3	3	0	0	0	0	0	0	0	0	11	18	0	0	0	10	74	110	101	167	22	0	0	10	67	34	39	133	0	2	0	0	2	0	139	62	0	2	0	2	0	53	149	0	2	0	0	1	0	141	47	0	2	0	1	0	14	97	0	1	0	0	
0	0	0	0	1	3	3	0	0	0	0	2	0	62	32	0	0	0	2	0	50	97	0	1	0	0	0	11	129	18	0	1	0	2	0	100	59	0	2	0	2	0	44	117	0	2	0	0	1	0	97	23	0	1	0	0	0	1	4	1	0	0	0	0	
0	0	0	3	2	0	0	0	1	0	4	152	45	0	1	0	4	0	105	160	0	4	0	0	2	0	57	193	112	30	0	1	0	1	0	31	102	171	1	0	0	0	5	72	126	143	0	2	0	0	0	167	139	5	0	1	0	0	0	0	0	1	0	0	
0	0	0	3	1	0	0	0	0	0	1	0	13	22	0	0	0	0	0	79	123	132	10	0	2	0	62	84	47	111	2	0	3	0	65	111	161	38	0	2	0	1	0	41	73	0	2	0	0	1	0	100	28	0	1	0	0	0	10	77	0	1	0	0	
0	0	0	1	0	0	0	0	0	0	0	0	114	125	10	0	0	3	0	97	154	174	76	0	0	1	0	170	42	10	9	0	1	0	32	155	0	1	0	0	3	0	73	218	117	0	2	0	2	0	39	235	162	0	2	0	0	0	0	35	14	0	0	0	
0	0	0	0	1	2	0	0	0	0	0	0	12	97	0	0	0	0	2	0	83	82	0	3	0	1	0	23	139	1	0	0	0	3	0	120	80	0	2	0	1	0	22	155	5	0	0	0	2	0	54	74	0	2	0	0	0	0	2	1	0	0	0	0	
0	0	1	0	0	1	0	0	0	1	0	59	130	39	0	1	2	0	55	215	180	166	8	0	4	0	119	154	0	90	70	0	0	9	167	19	0	75	88	0	0	8	181	24	0	146	58	0	3	0	86	175	148	110	0	1	0	1	0	44	51	0	0	0	
0	0	0	1	0	0	0	0	0	0	0	8	14	0	23	7	0	3	0	71	136	109	98	9	1	0	10	162	127	57	0	2	0	3	19	56	39	106	0	2	0	70	24	1	104	56	0	2	0	50	116	96	50	0	1	0	0	0	0	0	0	1	0	0	
0	0	0	1	4	0	0	0	0	2	0	94	185	50	0	2	0	1	1	28	124	153	0	4	0	1	3	0	194	81	0	3	0	1	0	124	151	0	1	0	0	0	177	162	0	0	1	0	0	2	91	120	155	82	0	1	0	0	0	0	8	14	0	0	
0	0	0	0	1	1	0	0	0	0	0	3	0	88	41	0	0	0	1	0	35	150	3	0	0	0	1	0	141	48	0	2	0	3	0	101	110	0	3	0	2	0	50	163	6	0	0	0	2	0	120	51	0	2	0	0	0	0	0	1	1	0	0	0	
0	0	2	0	0	0	0	0	0	0	1	47	136	93	0	1	1	0	131	179	144	188	0	1	0	4	53	0	144	111	0	3	0	2	0	71	163	0	1	0	2	0	43	223	137	140	40	0	4	0	142	224	119	43	6	0	0	0	21	8	0	0	0	0	
0	0	1	2	3	1	0	0	0	0	0	3	0	7	8	0	2	0	35	187	108	185	49	0	1	0	28	65	75	108	0	2	0	1	0	18	115	11	0	1	0	0	0	136	49	0	2	0	2	0	75	100	0	3	0	0	0	0	91	13	0	0	0	0	
0	0	0	3	0	28	34	0	0	0	4	0	86	229	118	0	0	2	0	65	191	38	0	1	2	0	40	244	165	0	1	1	3	0	186	184	174	170	0	3	3	0	160	211	185	187	0	2	1	0	2	107	130	8	0	1	0	0	1	0	0	0	0	0	
0	0	1	1	0	0	1	1	0	2	0	43	10	0	1	0	1	0	27	91	0	0	28	39	0	29	157	59	0	56	98	20	0	37	103	47	101	124	2	0	0	1	0	81	99	0	1	1	0	1	5	60	5	1	1	0	0	0	0	0	2	0	0	0	
0	0	5	14	10	0	0	0	0	37	168	134	145	95	0	1	0	9	16	11	125	142	0	2	3	0	82	251	191	12	0	1	0	0	12	56	95	147	27	0	4	50	19	8	11	181	88	0	0	87	146	152	157	118	7	0	0	0	1	0	0	0	0	0	
0	0	0	0	0	2	2	0	0	1	0	38	73	3	2	30	1	0	19	105	50	35	119	76	1	0	40	80	45	148	36	0	0	0	0	177	136	3	0	2	2	0	47	163	44	0	4	0	3	0	105	132	25	0	1	0	2	0	64	76	0	1	0	0	
0	0	1	0	1	1	0	0	0	0	0	68	45	0	1	0	2	0	57	143	120	34	0	1	4	0	98	46	68	82	0	3	2	0	37	95	191	72	0	3	0	0	1	9	147	36	0	1	0	0	0	19	129	0	1	0	0	1	0	19	46	0	1	0	
0	0	1	0	13	61	1	0	0	1	0	21	115	47	0	1	0	0	6	108	30	0	1	0	2	0	69	39	40	123	56	0	0	15	75	55	56	94	88	0	0	6	131	167	125	118	7	0	1	0	28	77	59	4	0	0	0	0	0	0	0	2	1	0	
0	0	1	2	0	0	0	0	0	0	0	0	52	122	41	0	1	0	11	153	151	98	16	0	3	0	93	161	0	3	0	0	1	0	15	181	99	0	3	0	0	1	0	3	180	60	0	2	0	2	0	49	186	57	0	3	0	1	0	29	38	0	1	0	
0	0	0	0	0	3	2	0	0	0	0	2	0	78	22	0	0	0	2	0	40	90	0	2	0	0	0	2	106	22	0	1	0	3	0	89	86	0	3	0	1	0	14	108	4	0	0	0	2	0	53	64	0	2	0	0	0	0	3	2	0	0	0	0	
0	3	1	2	1	1	0	0	0	2	9	0	53	20	0	1	0	150	188	45	255	161	0	3	0	177	255	230	255	229	12	0	0	115	255	229	238	253	39	0	1	0	36	6	170	255	103	0	0	0	2	0	46	241	118	0	0	0	2	1	2	25	0	0	
0	0	0	0	1	12	2	0	0	0	0	72	129	119	49	0	2	0	38	163	48	19	78	0	0	1	0	2	0	76	39	0	0	5	79	108	161	118	0	2	0	97	111	96	132	54	11	0	0	69	132	78	4	3	3	0	0	2	6	0	2	2	0	0	
0	0	0	0	0	0	0	0	0	1	0	49	72	0	0	0	1	0	20	159	169	98	0	4	1	0	18	33	115	59	0	2	0	1	0	33	164	0	0	0	0	3	0	99	126	0	4	0	0	4	0	147	74	0	3	0	0	1	0	53	17	0	1	0	
0	0	0	0	1	2	3	0	0	0	0	3	0	66	52	0	0	0	2	0	40	104	0	0	0	0	0	8	141	35	0	1	0	1	0	101	69	0	2	0	2	0	79	115	0	3	0	0	0	12	126	11	0	0	0	0	0	1	2	1	0	0	0	0	
0	0	1	2	0	0	0	0	0	0	1	1	4	0	1	7	1	0	16	106	97	101	107	67	0	7	147	42	0	7	4	0	0	5	77	99	65	0	1	1	0	0	1	0	118	35	0	1	1	0	19	98	109	15	0	1	0	0	0	22	13	0	0	0	
0	0	1	1	3	63	14	0	0	0	1	1	100	71	0	0	0	1	0	127	78	0	9	4	3	0	74	95	0	25	17	7	0	0	105	14	63	67	18	0	1	0	127	195	209	130	16	0	1	0	33	88	39	2	0	0	0	0	0	0	0	2	1	0	
0	0	0	0	4	0	0	0	0	2	0	63	152	32	0	2	1	0	12	142	36	15	0	1	0	0	0	171	72	0	2	0	0	0	1	148	96	3	0	0	1	0	22	162	71	90	0	3	0	2	0	65	156	50	0	2	0	0	0	1	6	0	0	0	
0	0	2	0	0	0	0	0	0	2	0	53	143	122	20	0	3	0	95	214	62	113	154	0	0	14	208	48	0	21	151	0	0	129	132	0	0	67	136	0	0	181	47	0	0	168	56	0	0	142	96	0	117	155	0	3	0	12	28	15	54	15	0	0	
0	0	1	2	0	1	0	0	0	0	0	0	0	34	9	0	2	0	45	106	2	204	32	0	4	0	146	116	68	173	0	2	3	0	100	123	193	106	0	4	0	1	0	128	203	2	0	1	0	3	0	104	117	0	4	0	0	1	0	44	29	0	1	0	
0	0	0	0	1	0	0	0	0	0	3	0	77	58	0	2	0	0	3	0	133	50	0	2	0	1	0	18	147	0	0	0	0	3	0	92	111	0	3	0	0	0	0	153	30	0	1	0	2	0	42	112	0	2	0	0	0	0	3	3	0	0	0	0	
0	2	2	0	26	26	0	1	0	0	8	27	66	183	28	0	0	36	193	159	13	87	150	0	0	174	100	0	0	23	160	0	0	191	58	0	0	51	166	0	0	111	189	51	88	191	55	0	1	0	88	150	133	44	0	2	0	1	0	0	0	1	2	0	
0	0	1	2	0	0	0	0	9	3	0	11	67	11	0	1	42	5	17	122	116	61	0	3	3	0	41	48	82	58	0	2	0	1	0	19	124	0	0	0	1	0	27	163	100	42	33	0	1	0	53	84	53	64	12	0	0	0	0	0	0	0	0	0	
0	0	0	0	0	0	0	0	0	33	126	143	152	69	0	2	0	37	143	91	100	195	0	1	0	0	2	0	150	128	0	4	0	4	0	93	193	0	0	1	1	0	22	222	68	53	78	5	2	0	48	228	184	138	54	0	0	0	0	31	16	0	1	0	
0	0	0	0	0	0	0	0	0	0	0	68	124	57	0	2	2	0	98	132	101	116	0	4	0	1	9	17	180	51	0	2	2	0	43	174	99	127	12	0	2	28	1	5	0	138	49	0	0	127	69	0	18	157	17	0	0	17	38	0	12	31	0	1	
0	0	0	0	3	3	0	0	0	0	1	0	95	104	0	1	0	1	0	22	98	22	3	0	0	1	0	70	157	73	32	0	2	0	65	130	110	13	5	0	3	0	78	82	85	0	2	0	0	0	1	94	101	0	2	0	0	0	1	0	0	0	0	0	
0	0	1	1	2	2	0	0	0	1	0	38	12	8	9	0	1	0	3	173	133	151	20	0	3	0	109	77	81	115	0	3	1	0	67	33	146	13	0	1	0	3	0	111	94	0	3	0	1	0	15	157	9	0	0	0	1	0	19	66	0	1	0	0	
0	0	1	0	39	74	0	1	0	1	0	20	167	51	0	2	0	3	0	123	92	0	3	0	1	0	18	166	8	0	1	0	3	0	89	125	63	68	0	1	2	0	47	210	200	104	0	2	0	0	0	57	65	2	0	0	0	0	0	0	0	1	0	0	
0	0	0	1	0	0	0	0	0	1	0	26	152	155	14	0	0	1	0	157	76	133	46	0	1	0	14	154	83	92	0	2	0	3	0	154	173	0	2	0	2	0	61	122	157	14	0	1	3	0	134	156	116	3	0	0	0	0	0	12	3	0	0	0	
0	1	4	0	0	2	1	0	0	40	178	168	86	0	1	0	0	5	6	84	214	147	0	1	1	0	104	159	176	255	59	0	0	10	210	64	48	236	88	0	3	0	164	112	93	255	58	0	1	0	26	190	183	150	20	0	0	0	1	0	0	0	0	0	
0	0	1	2	0	2	0	0	0	0	2	0	49	29	0	1	0	10	15	75	163	151	0	1	0	0	103	133	73	171	0	1	2	0	53	136	188	17	0	1	0	3	0	90	124	0	4	0	0	1	0	163	45	0	1	0	0	0	2	74	6	0	0	0	
0	0	0	0	2	2	0	0	0	0	4	36	0	0	0	0	1	0	22	125	58	79	0	3	1	0	24	129	140	136	0	4	1	0	18	166	179	12	0	1	0	1	0	16	120	0	1	0	0	1	0	24	167	6	0	1	0	0	0	7	67	3	0	0	
0	0	1	2	0	3	1	0	0	1	0	14	135	167	52	0	0	0	0	186	123	16	136	6	4	0	120	138	0	0	125	30	0	26	168	7	0	14	128	2	0	106	165	0	0	107	70	0	0	84	123	0	98	112	1	0	0	0	0	3	11	1	0	0	
0	0	6	10	0	0	0	0	0	47	141	133	113	0	3	0	0	21	95	140	202	2	0	1	0	26	148	142	140	153	77	0	0	0	0	0	0	6	165	23	0	2	142	39	1	68	163	2	2	0	81	165	160	163	39	0	0	0	0	3	8	0	1	0	
0	0	0	1	0	0	0	0	0	0	3	0	106	163	0	2	0	1	0	16	236	110	0	3	0	3	0	99	226	3	0	1	0	2	0	200	139	0	3	0	3	0	76	246	36	0	2	0	2	0	158	152	0	2	0	0	0	1	4	0	0	0	0	0	
0	0	0	0	0	0	0	0	0	30	23	0	0	16	6	0	0	99	23	0	0	112	27	0	0	86	54	0	36	154	0	0	0	9	90	82	88	135	0	1	0	1	0	3	12	121	0	1	0	1	2	0	15	112	0	1	0	0	0	0	3	14	0	0	
0	0	1	0	1	3	0	0	0	2	0	50	161	115	15	0	2	0	54	196	28	129	38	0	1	0	47	24	56	127	0	3	0	1	0	19	155	21	0	1	0	14	133	208	175	0	0	1	0	6	156	96	97	93	0	3	0	0	0	0	1	4	0	0	
0	0	0	0	6	0	0	0	0	1	0	122	179	99	0	3	0	0	2	21	108	162	0	3	0	2	0	100	239	60	0	3	0	0	1	0	93	135	0	3	0	35	162	17	139	171	0	4	0	3	140	189	177	30	0	2	0	0	0	2	0	0	0	0	
0	0	1	0	22	50	0	2	0	13	50	0	112	94	0	3	0	9	17	16	164	11	0	1	0	3	0	125	83	16	10	0	14	28	28	167	114	135	83	0	22	17	118	219	69	104	51	0	1	0	39	61	21	58	0	0	0	1	0	0	0	0	1	0	
0	1	2	2	3	1	0	0	0	0	0	0	0	6	5	0	0	26	60	54	79	184	42	0	0	34	91	98	173	29	0	1	1	0	11	90	158	43	3	0	0	4	101	160	124	29	0	0	0	3	0	75	67	0	2	0	0	1	0	41	55	0	2	0	
0	0	1	1	0	0	0	0	0	0	1	9	11	11	8	0	2	0	38	187	103	163	88	0	2	0	154	84	0	157	18	0	0	12	103	0	114	97	0	3	0	2	0	41	151	0	1	0	0	1	0	144	54	0	2	0	1	0	24	127	0	1	0	0	
0	0	0	0	0	0	0	0	0	46	106	107	89	46	0	1	0	66	23	5	87	107	0	3	0	5	97	129	191	66	0	2	0	5	34	28	10	126	39	0	0	0	0	3	0	88	85	0	32	70	35	24	79	121	10	0	4	43	39	30	51	11	0	1	
0	0	1	2	0	0	0	0	0	0	0	1	80	167	79	0	0	1	0	143	121	127	36	0	3	0	95	137	52	61	0	2	1	0	10	170	140	0	3	0	1	0	62	88	155	33	0	1	0	1	153	130	76	0	1	0	0	0	2	7	0	0	0	0	
0	0	0	0	10	3	0	0	0	2	0	72	146	110	0	2	0	1	0	43	101	128	0	2	0	1	0	94	217	55	0	3	0	0	50	21	47	127	0	3	0	3	191	55	52	142	0	3	2	0	66	146	150	37	0	2	0	0	0	9	6	0	0	0	
0	0	2	2	0	1	1	0	0	1	0	8	72	21	0	1	2	0	50	150	177	172	25	0	0	48	168	34	86	187	20	0	0	62	160	83	164	116	0	3	0	0	13	0	143	42	7	0	0	2	0	7	166	13	7	0	0	0	0	7	73	2	1	0	
0	0	0	1	5	0	0	0	0	0	2	97	145	17	0	1	0	0	14	14	102	63	0	2	1	0	6	117	125	2	0	1	0	0	1	82	137	5	0	1	0	0	4	0	85	116	0	4	2	0	51	95	120	48	0	2	0	0	2	11	7	0	0	0	
0	0	0	3	1	0	0	0	0	0	2	0	0	48	48	0	0	3	0	104	187	87	135	45	3	0	82	248	70	0	92	56	0	24	208	51	0	9	112	7	0	117	110	0	0	118	76	0	0	107	100	0	80	109	0	2	0	0	6	0	5	1	1	0	
0	0	2	0	0	0	0	0	0	0	10	63	17	12	1	0	3	0	117	100	89	89	0	3	0	78	208	45	157	170	71	0	0	159	159	113	149	203	63	0	0	2	1	0	43	168	0	2	0	0	4	0	30	165	5	0	0	0	0	0	1	8	0	0	
0	0	0	0	1	0	0	0	0	3	2	0	64	100	0	3	0	2	2	0	176	93	0	3	0	2	0	51	191	1	0	1	0	4	0	147	114	0	3	0	1	0	20	201	26	0	1	0	3	0	86	142	0	3	0	0	0	0	2	1	0	0	0	0	
0	0	0	0	0	0	0	0	0	0	0	0	97	18	0	1	0	1	0	33	212	14	0	1	0	3	0	71	194	0	1	0	0	3	0	94	146	0	4	0	0	4	0	162	103	0	3	0	0	3	0	138	68	0	2	0	0	0	0	10	6	0	0	0	
0	0	1	0	44	51	0	0	0	1	0	104	185	173	49	0	2	0	38	182	14	149	35	0	0	2	3	0	112	151	0	3	0	3	29	81	197	10	0	1	0	120	182	243	179	111	5	0	2	99	111	60	0	119	34	0	0	0	0	0	1	0	0	0	
0	0	0	0	0	0	0	0	0	0	2	105	109	4	0	0	3	0	96	169	152	102	0	4	4	0	141	97	39	139	0	3	3	0	92	40	35	151	0	2	4	0	102	37	67	158	0	4	2	0	59	158	179	70	0	3	0	1	0	40	43	0	1	0	
0	0	1	0	21	12	0	0	1	0	20	154	173	142	1	0	2	0	35	84	79	142	0	1	1	5	0	76	239	99	0	3	12	0	13	135	30	171	15	0	114	105	44	16	113	150	0	2	18	103	112	108	111	15	0	1	0	0	0	0	0	1	0	0	
0	0	3	0	0	1	0	0	0	0	0	11	18	3	0	0	1	0	122	215	221	31	0	2	0	2	197	194	181	149	0	4	0	0	7	0	115	129	0	4	0	1	1	0	192	56	0	2	0	1	0	21	223	29	0	2	0	0	0	6	132	24	0	1	
0	0	1	1	3	3	0	0	0	1	0	40	7	0	0	0	2	0	32	209	115	138	34	0	1	0	165	64	47	172	0	0	0	44	119	0	133	68	0	3	0	2	0	53	157	0	2	0	0	1	0	157	54	0	2	0	1	0	14	81	0	0	0	0	
0	1	2	0	1	3	1	0	0	0	5	50	12	0	1	0	0	13	163	123	25	68	14	0	0	164	101	67	157	208	101	0	0	156	154	126	0	120	97	0	0	9	15	2	0	133	72	0	0	1	0	7	0	126	155	0	0	1	1	1	0	40	36	0	
0	0	0	1	0	2	2	0	0	1	0	18	93	153	32	0	0	1	0	148	112	31	0	0	3	0	82	193	17	0	0	0	2	0	71	110	150	96	0	3	0	0	3	0	100	113	0	4	1	0	67	87	156	20	0	1	0	0	10	18	5	0	0	0	
0	0	1	1	0	1	0	0	0	0	0	8	4	30	3	0	1	0	17	139	47	135	0	1	3	0	130	85	97	111	0	4	1	0	138	121	199	72	0	2	0	1	0	20	132	0	1	0	0	3	0	79	96	0	3	0	0	1	0	46	25	0	1	0	
0	0	1	1	4	1	0	0	0	0	3	6	0	7	3	0	3	0	71	195	111	159	9	0	0	0	161	47	135	137	0	4	0	28	110	0	155	48	0	2	0	2	0	54	167	0	2	0	0	3	0	150	80	0	3	0	1	0	9	136	11	0	0	0	
0	0	1	1	0	0	9	2	0	1	0	22	93	115	104	18	2	0	39	121	81	33	0	1	3	0	123	132	57	8	0	1	0	0	7	40	76	121	2	0	0	7	30	0	17	136	12	0	0	26	149	114	116	39	0	2	0	0	6	7	0	1	0	0	
0	0	1	0	2	3	0	0	0	0	0	9	2	0	1	0	1	0	23	185	146	149	51	0	3	0	154	94	57	187	0	0	0	0	90	0	122	86	0	3	0	1	0	17	175	12	0	1	0	3	0	118	127	0	3	0	0	0	0	138	32	0	1	0	
0	0	0	1	0	0	0	0	0	0	1	0	94	92	0	1	0	2	0	73	138	127	5	0	0	3	0	164	179	59	0	2	2	0	27	228	75	0	2	0	3	0	81	206	0	1	0	0	3	0	67	169	0	1	0	0	0	0	5	11	0	0	0	0	
0	0	1	1	1	1	0	0	0	0	1	5	0	6	7	0	2	0	34	209	136	193	82	0	4	0	141	153	10	180	30	0	0	5	153	5	94	149	0	4	0	1	0	5	186	36	0	1	0	3	0	123	149	0	3	0	0	0	0	151	41	0	1	0	
0	0	3	3	1	3	1	0	0	8	2	0	0	0	0	0	0	98	183	61	29	64	32	0	0	26	206	128	143	225	98	0	0	0	21	0	5	166	21	0	0	0	4	0	82	134	0	4	0	0	4	0	137	53	0	2	0	0	0	3	108	6	0	0	
0	0	2	0	0	0	0	0	0	1	0	34	74	18	0	1	3	0	117	162	195	58	0	2	1	0	39	123	159	0	0	0	3	0	61	174	126	125	0	2	0	0	7	0	40	159	0	2	0	3	7	6	154	78	0	3	0	14	28	70	89	0	0	0	
0	0	0	0	0	0	0	0	0	2	0	66	92	0	3	0	0	3	0	102	167	0	4	0	0	2	0	70	152	0	3	0	0	2	0	67	168	0	2	0	0	3	0	86	198	0	1	0	0	2	0	77	112	0	3	0	0	0	0	0	0	0	0	0	
0	0	0	0	0	0	0	0	0	0	2	0	72	63	0	2	0	0	3	0	144	55	0	2	0	1	0	34	162	0	0	0	0	4	0	121	114	0	3	0	1	0	6	174	29	0	1	0	2	0	55	133	0	2	0	0	0	0	2	1	0	0	0	0	
0	0	0	0	0	0	0	0	0	12	27	9	12	0	0	0	0	38	171	160	164	139	0	3	0	0	6	0	96	155	0	4	0	1	2	0	171	59	0	2	0	2	0	64	166	0	2	0	0	2	0	162	68	0	2	0	0	0	7	115	7	0	0	0	
0	0	0	2	0	1	0	0	0	0	2	0	95	62	0	2	0	2	0	96	188	164	0	1	3	0	79	112	68	200	0	0	0	8	189	70	174	49	0	2	0	5	87	148	154	0	3	0	0	3	0	121	77	0	2	0	0	0	2	32	6	0	0	0	
0	0	1	0	3	2	0	0	0	1	0	92	186	114	0	1	3	0	65	143	34	168	4	0	1	0	20	0	114	113	0	3	0	2	0	85	167	0	0	1	2	0	63	199	27	19	5	0	3	0	102	194	155	137	9	0	0	0	0	4	1	0	0	0	
0	0	1	1	0	4	0	0	0	1	0	13	136	177	33	0	1	0	15	227	130	111	83	0	2	0	62	118	13	176	18	0	0	0	2	0	139	108	0	3	0	15	78	143	206	3	0	1	0	80	201	184	161	89	0	3	0	0	0	0	1	7	0	0	
0	1	3	0	0	0	0	0	0	0	2	0	26	108	0	0	0	17	83	0	45	195	0	0	0	89	242	123	155	184	0	2	0	118	141	39	149	164	0	3	0	2	4	0	85	144	0	4	0	0	4	0	54	196	1	0	0	0	0	0	1	23	1	0	
0	0	0	0	1	0	0	0	0	0	2	0	71	75	0	3	0	0	2	0	157	59	0	2	0	2	0	44	174	0	1	0	0	4	0	124	116	0	4	0	1	0	12	200	32	0	1	0	2	0	60	150	0	2	0	0	0	0	3	1	0	0	0	0	
0	0	2	0	0	0	0	0	0	1	0	113	174	35	0	1	3	0	95	248	209	254	55	0	0	50	251	137	0	215	179	0	0	82	249	19	21	237	180	0	0	32	238	191	251	232	30	0	1	0	129	211	150	54	0	2	0	0	0	0	0	1	1	0	
0	0	0	0	7	19	0	0	0	0	3	0	87	125	0	4	0	1	0	29	191	36	0	2	0	0	0	173	70	0	2	0	3	0	87	114	61	100	0	3	4	0	132	105	162	17	0	1	2	0	61	134	74	14	0	1	0	0	0	0	0	0	0	0	
0	0	2	0	0	0	0	0	0	0	0	66	83	10	0	1	3	0	101	145	97	103	0	3	0	4	152	0	101	124	0	4	1	0	128	197	250	85	0	4	1	0	21	87	71	117	0	3	0	0	1	0	16	131	0	1	0	0	1	3	3	35	1	0	
0	0	0	2	3	2	0	0	0	0	1	1	0	0	10	4	0	3	0	55	117	102	109	12	1	0	27	171	82	26	1	0	0	31	44	88	109	76	0	3	0	86	93	17	128	33	0	1	0	1	68	107	38	0	1	0	0	1	0	0	1	1	0	0	
0	0	1	0	23	48	0	2	0	0	2	0	93	61	0	2	0	1	0	34	105	0	1	0	0	1	0	106	31	0	1	0	1	0	24	94	40	42	0	1	2	0	51	162	95	119	0	3	1	0	14	48	33	19	0	1	0	0	0	0	0	0	0	0	
0	0	1	1	3	4	1	0	0	0	2	9	0	0	0	0	2	0	50	180	82	105	62	0	0	0	157	48	71	188	11	0	0	18	83	0	114	72	0	3	0	1	0	39	151	0	2	0	0	2	0	146	60	0	2	0	1	0	27	118	0	1	0	0	
0	0	0	0	1	2	0	0	0	1	6	0	48	75	0	2	0	56	81	0	112	78	0	3	0	100	145	7	208	100	0	4	0	9	176	163	202	96	0	4	0	0	6	0	93	140	0	4	0	1	2	0	22	132	0	0	0	0	0	0	0	0	0	0	
0	0	0	0	0	0	0	0	0	0	1	0	93	31	0	1	0	0	0	0	202	53	0	2	0	1	0	31	182	1	0	0	0	3	0	85	136	0	4	0	0	4	0	132	77	0	3	0	0	1	0	173	41	0	1	0	0	0	0	34	7	0	0	0	
0	1	4	3	0	0	0	0	0	0	1	0	38	16	0	1	0	42	131	131	208	36	0	2	0	23	104	54	166	18	0	1	1	0	14	87	178	35	5	0	1	0	35	129	219	120	15	0	0	1	0	29	162	0	1	0	0	0	0	8	57	3	0	0	
0	0	1	3	0	0	0	0	0	0	2	0	95	101	0	3	1	0	10	140	238	97	0	4	4	0	114	148	91	10	0	0	1	0	9	168	125	0	4	0	0	0	5	129	160	7	0	0	1	0	22	171	99	0	1	0	0	0	0	5	3	0	0	0	
0	0	2	2	0	2	0	0	0	1	0	11	66	5	0	0	2	0	31	177	216	85	0	3	4	0	160	95	129	164	0	4	3	0	120	191	234	97	0	4	0	0	8	24	124	90	0	3	0	0	3	0	189	86	0	3	0	0	0	0	86	23	0	1	
0	0	2	0	58	29	0	1	0	2	0	43	195	26	0	1	0	1	0	162	57	0	2	0	2	0	56	129	22	70	0	0	4	0	115	127	116	173	46	0	4	0	105	244	87	140	18	0	1	0	11	71	80	38	0	1	0	0	1	0	0	1	0	0	
0	0	0	0	0	0	0	0	0	2	0	96	35	0	1	0	0	3	0	112	83	0	3	0	0	3	0	90	134	0	4	0	0	3	0	91	159	0	4	0	0	3	0	92	160	0	4	0	0	1	0	43	107	0	3	0	0	0	0	0	0	0	0	0	
0	0	2	1	0	3	1	0	0	1	0	10	24	1	0	0	2	0	51	179	189	149	10	0	0	0	156	65	64	216	23	0	0	49	161	72	178	126	0	3	0	9	115	90	187	30	0	1	0	3	0	83	126	0	3	0	0	2	0	121	36	0	1	0	
0	0	0	0	0	0	0	0	0	0	4	43	134	129	7	0	3	0	99	251	107	31	4	0	3	0	82	218	66	42	0	1	3	0	63	191	129	196	44	0	0	0	2	0	38	189	23	0	2	0	34	152	191	54	0	2	0	0	0	35	16	0	1	0	
0	0	0	0	1	0	0	0	0	0	2	0	71	94	0	3	0	0	3	0	130	75	0	3	0	1	0	13	167	12	0	1	0	3	0	84	136	0	3	0	0	2	0	161	63	0	2	0	1	0	21	148	4	0	0	0	0	0	2	2	0	0	0	0	
0	0	0	0	0	0	0	0	1	0	32	104	72	0	1	0	2	0	75	114	158	0	1	0	0	3	0	114	164	74	0	2	0	3	46	0	10	140	0	0	0	8	87	0	55	125	0	3	1	0	91	43	136	38	0	2	1	0	14	41	34	0	1	0	
0	0	1	1	0	1	0	0	0	1	1	8	110	209	80	0	2	0	46	222	121	41	162	4	3	0	166	112	0	37	143	0	0	53	193	2	0	107	108	0	0	163	136	0	62	166	8	0	0	129	108	56	144	35	0	2	0	0	7	11	2	1	1	0	
0	0	0	0	0	0	0	0	0	77	114	126	141	63	0	2	0	61	59	32	184	124	0	3	1	0	15	162	219	36	0	2	3	0	109	122	44	172	44	0	0	14	83	0	12	194	73	0	0	2	151	165	177	88	0	1	1	0	17	64	15	0	1	0	
0	0	0	0	0	0	0	0	0	0	3	0	95	42	0	2	0	0	1	0	162	34	0	1	0	2	0	46	169	0	1	0	0	4	0	133	113	0	3	0	1	0	12	187	24	0	1	0	2	0	57	138	0	2	0	0	0	0	1	0	0	0	0	0	
0	0	0	0	7	19	0	0	0	0	2	0	164	166	0	0	0	3	0	92	159	0	4	0	1	0	17	225	118	8	0	1	4	0	105	242	188	108	0	4	4	0	145	214	139	70	0	3	1	0	14	143	93	0	1	0	0	0	1	0	0	1	0	0	
0	1	3	0	0	0	0	0	0	1	0	47	69	0	0	0	0	12	150	169	178	84	0	3	0	20	58	0	122	80	0	3	1	0	57	162	224	44	0	2	0	1	92	45	70	146	0	4	0	0	2	0	58	161	0	3	0	0	5	0	40	68	0	2	
0	0	0	7	7	1	0	0	2	0	87	124	35	0	2	0	3	0	123	54	18	43	5	0	3	0	64	170	50	91	71	0	0	0	3	15	0	0	92	7	0	0	57	12	0	28	98	0	1	0	75	104	78	113	37	0	0	0	0	2	10	3	0	0	
0	0	1	0	60	14	0	1	0	2	0	41	226	28	0	1	0	1	0	172	93	0	3	0	3	0	85	148	13	124	41	0	2	0	145	75	119	144	93	0	1	0	162	229	153	135	16	0	1	0	28	82	65	17	0	1	0	0	0	0	0	1	1	0	
0	1	1	0	1	1	0	0	0	0	2	12	4	0	0	0	0	23	199	238	208	41	0	2	0	19	78	27	196	106	0	4	0	0	0	0	202	63	0	3	0	3	0	76	203	0	0	0	0	4	0	144	150	0	4	0	0	3	0	110	80	0	2	0	
0	0	1	1	0	0	0	0	0	0	0	3	91	127	5	0	0	1	0	156	162	196	96	0	4	0	100	119	31	125	32	0	2	0	42	200	134	8	0	1	2	0	37	172	121	0	3	0	1	0	153	19	124	47	0	2	0	1	31	3	22	10	0	0	
0	0	0	0	0	1	1	0	2	0	56	122	58	16	0	1	0	14	205	236	212	169	15	0	0	46	172	50	0	86	102	0	0	30	162	0	0	49	141	0	1	0	148	68	0	141	141	0	1	0	25	187	209	216	40	0	0	1	0	18	58	27	0	1	
0	0	0	2	0	0	0	0	0	0	2	0	62	43	0	1	0	0	0	127	188	179	0	0	2	0	118	97	13	179	7	0	0	34	206	85	193	92	0	3	0	6	68	73	171	11	0	1	0	3	0	78	126	0	3	0	0	2	0	67	38	0	1	0	
0	1	3	0	0	0	0	0	0	0	2	0	79	73	0	2	0	14	89	0	186	187	0	3	0	65	215	0	197	161	0	4	0	38	163	154	247	95	0	4	0	1	0	16	213	73	0	3	0	1	5	0	160	96	0	4	0	0	1	0	20	17	0	1	
0	0	0	1	0	0	0	0	0	0	1	3	11	22	44	9	0	2	0	123	147	144	124	15	3	0	86	157	17	1	0	0	1	5	65	104	110	72	0	3	0	89	77	0	83	113	0	3	0	7	107	126	108	8	0	1	0	1	0	0	0	0	0	0	
0	0	0	0	0	0	0	0	0	0	1	0	83	27	0	1	0	2	0	45	240	33	0	2	0	3	0	99	203	0	1	0	0	2	0	189	133	0	4	0	0	3	0	167	116	0	4	0	0	3	0	95	132	0	3	0	0	0	0	6	28	0	0	0	
0	0	1	0	29	52	1	0	0	0	0	104	195	176	83	0	2	0	35	206	41	138	79	0	1	1	3	0	96	165	0	1	0	17	113	198	204	7	0	1	9	164	189	179	180	102	0	2	19	128	115	4	34	132	10	0	0	0	0	2	2	0	0	0	
0	0	0	58	7	0	0	0	2	0	45	145	0	5	2	0	3	0	132	76	0	3	0	0	2	0	167	38	73	148	74	0	4	0	125	182	116	98	154	0	2	0	54	222	148	161	49	0	0	1	0	34	70	17	0	1	0	0	1	1	0	1	2	0	
0	0	0	1	1	0	0	0	0	0	3	0	109	87	0	3	0	0	0	3	192	54	0	2	0	3	0	81	151	0	3	0	0	3	0	148	82	0	3	0	1	0	16	185	15	0	1	0	2	0	58	139	0	2	0	0	0	0	4	1	0	0	0	0	
0	1	1	0	0	1	0	0	1	0	37	125	56	8	0	0	0	26	211	163	183	192	14	0	0	14	225	91	37	203	11	0	2	0	47	212	255	107	0	4	0	4	0	114	235	219	14	0	0	3	0	151	234	110	0	0	0	1	0	21	25	0	0	0	
0	0	1	2	1	0	0	0	0	0	0	0	3	13	3	0	3	0	77	182	128	190	22	0	3	0	149	109	19	162	0	0	0	8	48	0	84	114	0	4	0	8	6	0	155	38	0	1	0	2	0	52	153	0	2	0	0	3	0	86	74	0	2	0	
0	1	4	2	0	0	0	0	0	1	0	0	4	9	0	0	0	10	129	185	193	167	0	0	0	147	160	42	57	176	2	0	0	197	72	0	55	203	0	0	0	65	40	0	98	190	0	2	0	0	3	0	96	185	0	2	0	3	3	0	34	155	4	0	
0	0	1	1	0	0	0	0	0	2	0	48	74	115	83	0	1	0	20	199	134	98	38	0	3	0	142	97	0	4	0	0	0	16	208	142	141	127	0	0	0	1	14	5	7	156	9	0	0	8	45	1	83	142	0	3	0	6	46	16	36	18	0	1	
0	0	0	0	1	0	0	0	0	0	0	0	7	86	8	0	0	0	3	0	96	118	0	2	0	1	0	26	160	9	0	1	0	2	0	143	75	0	3	0	1	0	21	163	3	0	0	0	3	0	68	97	0	3	0	0	0	0	12	10	0	0	0	0	
0	0	1	0	42	37	0	1	0	0	2	0	153	46	0	2	0	3	0	82	123	0	3	0	1	0	14	143	62	68	0	0	3	0	110	175	111	143	39	0	4	0	163	194	20	133	10	0	1	0	33	43	39	39	0	1	0	0	0	0	0	1	0	0	
0	0	1	1	0	0	0	0	0	0	0	8	64	59	2	0	1	0	9	171	235	203	7	0	3	0	137	100	129	83	0	3	3	0	167	174	212	24	0	1	1	0	26	131	205	6	0	1	0	1	0	10	200	29	0	1	0	0	3	0	85	26	0	1	
0	0	1	0	53	23	0	1	0	1	0	16	178	19	0	1	0	3	0	109	107	0	3	0	1	0	22	151	23	60	11	0	4	0	92	147	125	109	104	0	4	0	131	232	19	109	73	0	1	0	24	47	27	66	3	0	0	0	0	0	0	0	1	0	
0	0	0	0	0	0	0	0	0	35	87	75	62	0	1	0	0	20	126	167	154	0	3	0	0	3	0	116	59	0	2	0	0	2	0	115	175	35	0	2	0	0	1	0	41	167	9	0	0	1	0	40	85	145	7	0	0	1	0	23	65	22	0	1	
0	0	1	0	39	33	0	1	0	0	0	1	156	36	0	1	0	2	0	111	103	0	2	0	1	0	38	134	0	15	0	0	4	0	103	83	81	171	30	0	4	0	101	224	114	122	9	0	1	0	9	73	61	15	0	1	0	0	0	0	0	1	0	0	
0	0	0	0	0	0	0	0	0	0	3	0	98	83	0	2	0	0	3	0	184	161	0	4	0	2	0	41	245	53	0	3	0	3	0	157	194	0	2	0	2	0	47	255	115	0	3	0	3	0	78	171	0	0	0	0	0	0	0	0	0	0	0	0	
0	0	0	0	0	0	0	0	0	1	0	42	180	47	0	2	1	0	12	149	153	106	0	4	0	2	0	20	142	19	0	1	1	0	9	171	153	90	1	0	0	26	23	22	3	140	9	0	0	50	112	60	110	93	0	3	0	0	7	19	14	1	0	0	
1	2	0	0	0	1	0	0	0	4	28	45	44	6	0	0	15	138	130	123	137	118	0	2	10	28	0	0	32	155	0	2	0	0	0	0	150	68	0	2	1	0	34	187	203	96	56	0	2	0	112	147	78	54	12	0	0	0	0	0	0	0	0	0	
0	0	0	0	1	0	0	0	0	0	3	0	83	77	0	3	0	0	3	0	151	69	0	3	0	1	0	31	175	2	0	0	0	4	0	125	118	0	3	0	1	0	12	187	24	0	1	0	2	0	62	131	0	3	0	0	0	0	2	1	0	0	0	0	
0	1	3	1	0	1	2	0	0	0	0	0	9	6	0	0	0	35	97	98	80	89	44	0	0	60	39	0	0	68	113	0	1	0	24	74	95	159	51	0	0	34	161	75	108	37	0	1	0	2	45	66	23	0	3	0	0	0	0	0	1	1	0	0	
0	0	1	1	2	3	1	0	0	0	2	5	0	0	0	0	3	0	77	184	25	124	50	0	0	5	162	116	121	191	31	0	0	54	114	0	58	134	0	3	0	3	5	0	146	67	0	2	0	2	0	49	160	0	2	0	0	3	0	94	76	0	2	0	
0	0	0	1	0	0	0	0	0	1	0	22	114	15	0	1	0	1	0	132	157	59	0	3	2	0	67	78	67	25	0	1	3	0	64	144	141	0	1	0	1	0	20	138	87	63	0	3	0	0	5	79	99	58	0	2	0	0	0	11	42	2	0	0	
0	0	2	0	21	46	0	0	0	0	0	99	134	168	47	0	3	0	114	177	0	144	35	0	0	0	41	0	84	134	0	4	0	1	0	16	156	25	0	1	0	60	176	226	120	0	58	10	0	59	139	96	114	98	104	6	0	0	0	0	0	0	0	0	
0	0	0	2	74	12	0	1	0	3	0	86	111	0	2	0	1	0	18	143	5	0	0	0	3	0	103	89	71	99	8	0	1	0	113	64	33	112	48	0	2	0	122	108	104	115	0	1	1	0	19	86	68	3	0	0	0	0	1	0	0	2	0	0	
0	1	0	14	27	4	0	0	1	0	6	174	156	121	19	0	3	0	138	127	0	145	42	0	0	1	24	0	87	139	0	2	0	1	0	28	157	13	0	1	0	47	185	230	143	6	10	0	0	40	123	55	92	99	52	0	0	0	0	0	0	0	0	0	
0	0	0	0	0	0	0	0	1	0	44	10	5	56	0	0	3	0	147	38	43	166	0	3	1	0	181	35	106	189	0	3	0	0	191	196	244	156	0	2	1	0	22	13	190	106	0	4	0	0	4	0	134	110	0	4	0	0	2	0	16	16	0	1	
0	0	0	0	2	0	0	0	1	0	4	110	153	88	0	1	3	0	70	111	91	130	0	2	0	2	5	85	185	141	23	0	18	3	27	96	0	119	64	0	75	102	1	0	51	171	6	0	0	77	141	137	142	42	0	2	1	0	5	12	1	0	1	0	
0	0	0	0	0	0	0	0	1	0	8	81	122	29	0	1	4	0	132	155	67	66	0	1	2	0	58	148	39	97	37	0	0	4	0	150	212	3	0	1	0	0	8	141	156	44	0	2	0	1	0	111	205	70	0	3	0	0	0	4	32	2	0	0	
0	0	1	2	0	0	0	0	0	0	0	4	75	133	54	0	1	0	12	141	113	147	120	0	4	0	99	125	70	108	11	0	2	0	26	224	84	0	1	0	3	0	70	153	89	0	4	0	3	0	83	188	92	0	3	0	0	0	5	50	6	0	0	0	
0	0	0	0	0	0	0	0	3	0	107	180	167	46	0	2	0	0	21	5	156	74	0	3	0	2	0	75	112	0	1	0	2	0	117	233	105	102	94	17	0	52	248	172	149	153	182	84	0	14	19	0	0	0	0	0	0	0	0	2	4	4	3	0	
0	0	0	0	1	0	0	0	0	0	2	0	50	92	0	3	0	0	3	0	130	89	0	3	0	0	0	8	172	18	0	1	0	3	0	78	143	0	3	0	0	2	0	169	64	0	2	0	1	0	19	153	6	0	0	0	0	0	2	2	0	0	0	0	
0	0	1	0	0	1	1	0	0	0	2	37	88	36	1	5	0	0	114	100	74	113	111	8	0	0	125	102	47	132	22	0	0	3	0	118	211	10	0	1	1	0	20	107	101	0	2	0	3	0	100	124	64	0	2	0	2	0	53	113	14	0	1	0	
0	0	0	2	0	0	0	0	0	0	1	2	84	138	58	0	0	3	0	144	157	48	137	8	3	0	89	183	0	0	125	13	0	0	186	48	0	48	122	0	0	83	131	0	10	132	21	0	0	104	119	28	142	76	0	2	0	11	42	47	37	0	1	0	
0	0	0	4	4	0	0	0	0	0	96	182	154	16	0	1	0	55	148	0	153	53	0	2	0	3	0	106	234	86	0	2	0	0	1	68	17	167	49	0	0	12	79	0	3	176	72	0	0	13	176	149	148	102	0	1	0	0	4	7	0	0	0	0	
0	0	1	0	25	46	0	2	0	0	3	0	123	84	0	3	0	2	0	68	136	0	2	0	1	0	12	143	49	98	37	0	3	0	114	170	87	111	79	0	1	0	203	176	70	106	2	0	1	0	48	64	63	12	0	1	0	0	0	0	0	1	0	0	
0	0	0	1	0	0	0	0	0	1	3	0	2	58	2	0	0	0	4	83	16	120	0	1	0	7	127	71	33	109	0	3	0	38	141	85	156	59	0	2	0	0	2	0	121	38	0	1	0	1	5	0	121	27	0	1	0	0	0	0	14	2	0	0	
0	0	0	2	0	0	0	0	0	1	0	3	153	146	0	2	0	0	0	126	188	63	0	2	3	0	73	151	74	0	1	0	2	0	25	203	74	0	3	0	2	0	37	113	145	8	0	0	2	0	54	158	106	0	0	0	0	0	0	7	2	0	0	0	
0	0	0	0	0	0	0	0	0	3	96	16	0	2	1	0	1	0	200	63	0	2	0	0	0	42	229	57	98	191	48	0	0	34	211	192	183	255	80	0	0	0	10	9	0	218	87	0	0	0	0	3	0	132	123	0	0	0	1	1	0	11	22	0	
0	0	0	1	0	0	0	0	0	0	0	4	103	146	31	0	0	1	0	187	204	120	99	0	2	0	40	174	42	109	16	0	3	0	61	171	116	27	0	1	1	0	17	214	103	0	4	0	2	0	63	135	140	10	0	0	0	0	2	41	33	1	0	0	
0	0	0	0	1	4	0	0	0	0	7	12	10	72	0	1	3	0	83	60	55	79	0	3	0	0	136	0	98	52	0	2	1	0	91	103	165	82	0	2	0	1	0	27	139	4	0	0	0	1	0	31	94	0	2	0	0	0	0	1	1	0	0	0	
0	0	0	1	0	2	1	0	0	0	2	0	142	85	0	3	0	3	0	77	218	151	5	0	1	0	15	181	7	97	89	0	3	0	137	105	0	104	93	0	0	51	172	23	116	141	5	0	0	68	176	122	72	5	0	0	0	0	6	2	0	2	1	0	
0	0	0	0	2	1	0	0	0	0	0	4	97	4	0	0	0	1	0	35	127	0	3	0	0	2	0	66	95	0	3	0	0	3	0	94	99	0	3	0	0	3	0	84	119	0	4	0	0	2	0	59	78	0	3	0	0	0	0	0	0	0	0	0	
0	0	0	3	0	0	0	0	0	0	2	0	83	108	6	0	0	0	0	115	206	191	35	0	3	0	114	125	27	129	0	0	3	0	106	118	106	21	0	1	1	0	15	165	109	0	2	0	3	0	74	91	122	16	0	1	0	0	6	50	36	0	0	0	
0	0	2	3	0	1	0	0	0	0	0	2	22	4	0	0	1	0	28	124	141	157	6	0	0	2	192	89	36	75	0	0	0	12	179	150	134	123	0	3	0	0	8	3	45	161	0	3	0	0	1	0	35	142	0	2	0	0	1	1	0	75	10	0	
0	0	2	0	5	3	0	0	0	0	0	87	162	125	0	0	1	0	166	175	20	162	15	0	0	5	69	0	74	135	0	3	0	1	0	45	185	14	0	1	0	3	170	240	180	109	3	0	0	14	197	77	0	64	6	0	0	0	0	0	1	0	0	0	
0	0	0	2	0	0	0	0	0	0	1	0	47	33	0	1	0	3	0	82	255	100	0	4	0	3	0	172	240	11	0	1	0	3	0	178	191	0	2	0	0	3	0	159	202	0	1	0	0	4	0	114	136	0	3	0	0	1	0	48	40	0	1	0	
0	0	0	0	11	3	0	0	1	0	18	127	139	118	0	2	2	0	143	78	59	127	0	2	0	2	0	35	209	31	0	2	3	0	102	194	89	124	0	0	0	0	115	40	2	164	9	0	0	13	115	131	171	88	0	2	0	0	1	8	6	0	0	0	
0	0	4	2	0	0	0	0	0	0	0	0	25	70	7	0	0	5	108	175	249	179	0	0	0	9	129	238	239	67	0	2	1	0	30	137	126	202	0	0	0	0	1	0	141	129	0	2	0	17	118	179	129	0	1	0	0	12	125	73	0	3	0	0	
0	0	0	3	0	0	0	0	0	1	3	0	54	125	30	0	0	0	0	117	131	139	98	0	0	0	135	105	0	156	34	0	0	84	164	29	169	165	0	4	0	69	159	62	159	71	0	3	0	2	0	65	149	0	1	0	0	2	0	33	19	0	1	0	
0	0	1	0	3	14	2	0	0	0	0	85	129	131	26	0	3	0	113	160	16	0	1	0	1	0	43	75	126	57	0	2	0	27	29	0	15	161	14	0	0	62	121	0	29	162	3	0	0	0	97	138	152	58	0	2	0	0	0	7	8	0	1	0	
0	0	1	2	0	10	13	0	0	0	1	4	0	105	79	0	1	0	21	73	0	139	36	0	3	0	108	51	36	121	0	3	0	47	190	46	175	146	29	0	0	25	79	170	139	34	20	0	0	0	0	83	10	0	0	0	0	1	4	0	2	2	1	0	
0	0	0	0	0	0	0	0	1	0	41	139	140	37	0	1	0	2	206	255	255	150	0	4	3	0	167	255	255	177	0	2	2	0	49	149	177	250	49	0	1	0	15	154	176	255	61	0	2	0	37	220	250	136	0	1	0	0	0	12	16	0	0	0	
0	0	1	2	0	0	0	0	0	1	0	9	114	32	0	1	1	0	29	150	157	106	0	3	2	0	119	108	128	21	0	1	2	0	100	186	114	74	0	0	0	6	190	62	0	137	20	0	0	2	8	0	57	136	0	2	0	0	2	0	26	21	0	1	
0	0	0	1	2	3	0	0	0	1	0	22	19	0	1	0	0	2	0	105	101	84	2	0	1	0	18	200	74	124	25	0	4	0	108	145	7	112	0	1	2	0	63	18	103	65	0	2	0	1	0	36	114	0	1	0	0	1	0	40	31	0	1	0	
0	0	1	1	0	0	0	0	0	0	3	38	2	6	25	0	1	0	24	182	120	175	109	0	3	0	107	64	5	166	14	0	0	28	160	0	113	108	0	3	0	8	5	34	174	5	0	0	0	1	0	160	70	0	2	0	1	0	16	86	0	1	0	0	
0	0	0	4	0	0	0	0	3	0	56	180	193	18	0	1	3	0	70	156	181	91	0	3	0	0	3	0	137	57	0	1	0	24	111	97	120	48	76	0	0	53	206	212	35	142	31	0	0	2	0	67	185	74	0	2	0	1	3	0	3	1	1	0	
0	0	0	0	1	2	1	0	0	0	0	0	8	98	4	0	0	0	3	0	100	119	0	3	0	0	0	8	177	23	0	1	0	3	0	104	134	0	3	0	1	0	9	189	33	0	1	0	2	0	67	129	0	3	0	0	0	0	3	1	0	0	0	0	
0	0	0	3	16	3	0	0	1	0	8	96	112	76	0	2	3	0	79	68	15	79	0	2	1	0	30	109	99	82	10	0	0	3	0	123	225	68	6	0	2	0	48	113	114	30	0	1	2	0	52	143	92	4	0	0	0	0	0	8	1	0	0	0	
0	0	1	1	3	1	0	0	0	0	6	3	0	2	11	0	3	0	121	161	96	169	100	0	0	31	152	18	26	174	35	0	0	114	127	0	98	134	0	3	0	23	0	20	185	18	0	1	0	3	0	145	105	0	3	0	1	0	19	144	6	0	0	0	
0	0	0	0	1	0	0	0	0	0	0	123	40	0	2	0	0	2	0	143	158	0	3	0	0	3	0	81	227	0	0	1	0	3	0	85	229	0	0	1	0	3	0	87	218	0	0	0	0	3	0	83	195	0	1	0	0	0	0	10	36	0	0	0	
0	0	2	1	0	1	1	0	0	2	0	19	132	91	0	2	2	0	33	165	80	151	19	0	0	5	156	38	0	167	37	0	0	65	168	40	179	118	0	4	0	11	94	106	179	10	0	1	0	3	0	93	105	0	3	0	0	1	1	32	12	0	0	0	
0	0	0	0	0	0	0	0	0	0	0	3	140	20	0	1	0	1	0	18	181	8	0	1	0	2	0	49	170	0	2	0	0	3	0	101	133	0	4	0	0	4	0	138	115	0	4	0	0	3	0	91	106	0	3	0	0	0	0	0	0	0	0	0	
0	0	0	0	0	5	9	0	0	0	3	7	0	64	48	0	2	0	59	94	0	118	7	0	3	0	126	35	59	75	0	3	0	62	192	75	182	112	89	12	0	61	70	137	120	26	36	3	0	1	0	63	17	0	1	0	0	2	3	0	2	2	1	0	
0	2	3	0	0	0	0	0	0	0	0	34	77	74	18	0	0	33	133	133	92	237	87	0	0	100	224	57	105	106	1	0	1	0	34	177	234	91	0	2	1	0	12	136	0	157	62	0	1	0	34	155	61	163	41	0	0	1	0	70	132	53	0	2	
0	0	0	0	35	66	10	0	1	0	1	134	158	124	117	0	2	0	41	132	0	76	124	0	0	0	1	0	26	172	19	0	0	1	2	8	147	61	0	2	0	126	248	224	199	49	1	0	0	51	128	45	46	139	19	0	0	0	0	0	0	0	0	0	
0	0	0	0	0	1	2	0	0	13	14	14	15	8	0	0	22	214	253	245	249	224	68	0	1	48	81	68	110	255	143	0	0	0	3	0	105	255	127	0	0	4	0	85	255	199	7	0	3	0	80	255	206	37	0	2	2	0	63	122	42	0	3	0	
0	0	1	2	0	1	0	0	0	2	0	26	124	41	0	2	1	0	28	156	67	133	7	0	0	13	149	56	37	171	20	0	0	131	178	87	132	143	0	3	0	26	32	0	125	70	0	3	0	1	0	39	155	0	0	0	0	2	0	21	25	0	1	0	
0	0	0	0	0	0	0	0	2	0	49	121	130	119	13	0	3	0	107	90	19	172	34	0	0	0	2	0	114	88	0	2	0	2	0	111	108	0	2	0	3	0	98	117	0	2	0	0	1	0	163	140	123	112	25	0	0	0	9	38	48	60	9	0	
0	0	0	3	0	0	0	0	0	0	3	0	41	57	0	1	0	0	0	96	118	144	30	0	1	0	105	102	22	137	11	0	0	17	175	83	162	108	0	4	0	0	20	17	137	21	0	1	0	3	0	85	113	0	3	0	0	2	0	61	27	0	1	0	
0	2	0	0	0	2	1	0	0	0	14	28	21	2	0	0	2	131	190	198	191	163	31	0	1	34	18	2	0	188	76	0	0	0	3	0	82	178	0	0	0	2	0	10	185	26	0	1	0	3	0	140	190	0	3	0	0	0	0	163	62	0	2	0	
0	0	1	2	3	0	0	0	0	0	4	7	0	4	17	1	4	0	90	201	123	187	164	0	0	11	199	99	22	187	69	0	0	170	170	0	109	154	0	3	0	100	18	26	203	24	0	1	1	0	0	184	99	0	3	0	0	1	12	56	3	0	0	0	
0	0	0	0	0	0	0	0	0	11	51	73	84	22	0	1	0	83	147	108	141	189	0	2	0	2	0	1	162	92	0	2	0	4	0	132	112	0	8	3	2	0	59	211	67	132	123	8	2	0	40	164	130	71	11	0	0	0	0	0	0	0	0	0	
0	0	0	0	1	3	1	0	0	0	0	0	13	124	11	0	0	0	3	0	114	114	0	3	0	1	0	24	180	11	0	1	0	4	0	132	136	0	4	0	1	0	17	205	37	0	2	0	3	0	92	135	0	3	0	0	0	0	4	1	1	0	0	0	
0	0	0	0	0	0	0	0	0	0	1	0	46	36	0	1	0	1	0	14	234	121	0	4	0	3	0	111	215	0	0	0	0	3	0	172	155	0	3	0	0	3	0	153	62	0	2	0	0	3	0	143	52	0	2	0	0	1	0	44	23	0	1	0	
0	1	2	0	0	0	0	0	1	0	14	96	48	22	0	1	0	0	153	220	119	191	12	0	0	85	161	0	127	111	0	1	0	3	15	191	204	13	0	1	0	5	190	115	63	163	48	0	0	4	18	2	0	105	138	0	0	0	1	4	0	24	20	0	
0	0	0	0	4	1	0	0	0	1	0	121	148	0	1	0	2	0	31	207	186	43	0	2	1	0	3	171	186	6	0	1	0	3	0	130	188	55	0	2	1	0	36	147	75	142	0	4	1	0	11	143	154	39	0	2	0	0	0	4	5	0	0	0	
0	0	1	3	0	1	2	0	0	2	2	0	78	96	0	2	1	0	16	167	180	216	89	0	0	27	204	96	8	242	164	0	0	190	154	76	181	248	34	0	0	130	162	92	135	182	0	2	0	0	2	0	192	98	0	3	0	3	3	5	41	9	0	0	
0	0	10	56	0	1	0	0	3	0	93	99	0	3	0	0	1	0	157	30	0	21	7	0	0	9	166	2	56	144	76	0	1	0	156	54	111	67	94	0	3	0	68	202	145	127	35	0	0	1	0	38	80	32	0	1	0	0	2	0	0	1	1	0	
0	0	1	1	0	0	2	1	0	1	0	20	89	100	9	0	1	0	10	232	203	95	157	8	3	0	118	164	21	0	161	62	0	34	175	5	0	63	187	21	0	147	140	53	162	169	44	0	0	91	216	161	63	0	1	1	0	0	5	0	0	2	2	0	
0	0	0	0	0	0	0	0	2	0	46	121	105	73	10	0	0	0	11	30	23	224	57	0	0	0	4	0	122	164	0	2	0	2	0	105	195	16	0	1	2	0	112	201	12	0	1	0	0	43	246	112	0	1	0	0	0	11	43	14	0	0	0	0	
0	0	0	0	2	0	0	0	0	0	0	1	0	108	24	0	0	0	3	0	90	200	0	0	0	1	0	14	209	51	0	2	0	3	0	138	174	0	3	0	2	0	41	221	37	0	1	0	4	0	125	132	0	4	0	0	1	0	18	11	0	0	0	0	
0	0	0	0	1	0	0	0	0	2	0	81	54	0	2	0	0	4	0	114	120	0	4	0	0	2	0	58	157	0	3	0	0	2	0	47	153	0	2	0	0	1	0	38	172	0	1	0	0	0	0	5	130	11	0	1	0	0	0	0	0	0	0	0	
0	0	1	2	0	0	0	0	0	1	0	7	122	102	0	0	1	0	10	156	113	157	14	0	1	0	18	105	92	184	6	0	0	11	105	125	186	238	98	0	0	157	195	151	93	26	112	0	0	97	91	20	0	1	0	0	0	0	0	1	3	1	2	0	
1	3	3	3	4	3	0	0	0	0	0	0	0	0	0	0	32	67	69	89	101	79	10	0	35	113	108	92	55	173	63	0	0	0	2	0	40	145	0	0	1	4	6	0	150	65	0	2	0	0	0	2	171	25	0	1	0	0	0	0	37	13	0	1	
0	0	0	0	0	0	0	0	0	4	41	56	85	51	0	0	0	20	167	133	172	223	8	0	1	0	10	77	220	95	0	3	3	0	68	154	138	135	0	3	0	0	4	0	63	169	0	3	2	0	141	148	183	58	0	2	1	0	49	107	25	0	1	0	
0	0	0	2	0	0	0	0	3	0	80	211	115	3	0	0	2	0	38	113	216	19	0	1	3	0	143	252	241	87	0	1	0	0	26	19	61	248	47	0	2	0	92	102	112	244	41	0	3	0	124	203	192	81	0	1	0	0	0	0	0	0	1	0	
0	0	0	0	1	0	0	0	0	1	0	45	2	120	33	0	0	0	0	165	36	175	22	0	2	0	54	140	98	124	0	3	4	0	92	211	212	117	37	0	1	0	26	219	96	41	17	0	0	0	145	95	0	2	0	0	0	2	5	0	3	2	1	0	
0	0	2	2	0	0	1	0	0	1	0	3	47	61	11	0	2	0	38	135	85	159	130	0	0	29	156	13	27	163	64	1	0	54	146	43	175	59	0	2	1	0	66	120	158	2	1	0	0	3	0	60	131	0	3	0	0	1	0	37	41	0	1	0	
0	0	1	2	0	3	2	0	0	11	4	0	2	0	0	0	0	119	217	185	189	175	59	0	0	12	56	71	18	163	147	0	0	0	2	0	39	224	44	0	0	2	0	31	215	96	0	3	1	0	20	228	84	0	3	0	1	0	28	152	4	1	0	0	
0	0	1	3	4	2	0	0	0	2	0	0	0	0	0	0	1	0	31	78	110	155	47	0	0	88	144	101	60	125	10	0	0	144	83	45	9	131	31	0	0	4	34	30	0	88	84	0	0	1	0	1	0	16	112	0	0	0	1	1	1	0	31	6	
0	0	1	0	36	19	0	1	0	2	0	53	196	81	0	2	0	0	4	157	138	67	0	3	1	0	33	131	119	81	0	3	0	1	0	167	225	32	0	2	2	0	166	201	169	191	0	1	1	0	68	125	102	45	0	1	0	0	0	0	0	0	0	0	
0	0	1	0	36	31	0	1	0	2	0	61	185	182	23	0	0	2	0	188	31	116	100	0	0	0	0	61	0	131	72	0	0	36	133	86	56	175	9	0	0	70	192	172	255	106	0	4	0	0	100	106	70	63	0	2	0	0	0	0	0	0	0	0	
0	0	2	1	0	0	0	0	0	1	0	31	79	17	0	1	1	0	61	113	143	111	0	4	0	0	192	80	59	147	38	0	1	0	42	128	225	112	12	0	0	0	0	144	73	0	2	0	2	0	58	147	0	6	1	0	1	0	17	47	0	1	0	0	
0	0	1	0	0	1	0	0	0	0	0	118	86	0	1	0	1	0	31	88	195	89	0	3	0	18	122	155	136	169	0	2	0	41	58	0	220	151	0	4	1	0	111	132	159	163	0	1	0	0	3	34	0	98	36	0	0	0	1	0	0	11	14	0	
0	0	0	2	1	0	2	0	0	0	2	0	7	17	0	0	0	2	0	62	166	125	70	0	2	0	77	164	71	10	133	0	0	52	153	0	32	146	90	0	0	63	141	110	128	59	0	3	0	0	4	11	2	0	2	1	0	1	1	0	2	3	0	0	
0	0	0	0	0	0	0	0	1	0	9	111	87	45	1	0	0	0	0	128	67	65	4	0	0	0	0	156	69	0	1	0	0	0	2	50	122	67	0	2	1	0	57	1	52	112	0	4	2	0	73	92	119	37	0	2	0	0	0	40	25	0	1	0	
0	0	0	0	2	1	1	2	0	0	0	3	0	26	158	29	0	0	3	0	35	225	101	0	0	2	0	33	214	86	0	2	1	0	0	202	111	0	5	0	1	0	181	142	0	5	0	0	0	69	170	2	0	1	0	0	0	6	1	2	0	0	0	0	
0	0	1	0	0	1	0	0	1	0	33	145	152	13	0	1	0	0	186	49	125	160	0	3	0	50	181	0	7	196	32	0	0	75	194	0	0	128	71	0	0	6	203	101	0	142	72	0	2	0	44	160	165	149	10	0	0	1	1	0	8	1	0	0	
0	0	0	0	0	0	0	0	0	0	0	19	49	46	4	0	1	0	38	189	106	142	121	0	0	0	2	14	0	135	91	0	0	43	150	74	129	74	0	1	13	126	191	240	150	98	24	0	4	6	8	7	6	20	4	0	0	1	0	0	0	0	0	0	
0	0	1	2	0	1	0	0	0	3	0	112	165	10	0	1	1	0	3	161	148	145	0	2	3	0	120	117	0	174	26	0	0	16	142	0	22	165	2	0	0	41	132	0	136	95	0	3	0	4	127	118	85	0	1	0	0	0	4	8	0	2	0	0	
0	0	0	0	0	0	0	0	0	23	78	89	80	76	24	0	1	139	178	143	154	250	101	0	1	0	12	154	170	231	58	0	0	0	11	37	0	140	141	0	6	20	0	0	35	216	76	0	44	205	55	118	184	82	0	1	3	71	88	82	13	0	2	0	
0	0	0	7	7	0	0	0	0	1	0	91	135	56	0	2	0	0	2	0	68	130	0	3	0	1	0	34	128	21	0	1	0	1	0	150	61	0	2	0	1	0	40	42	146	25	0	1	3	0	91	130	107	8	0	1	0	0	0	12	4	0	0	0	
0	0	1	3	1	0	0	0	0	0	0	0	0	13	3	0	2	0	41	171	141	197	132	0	1	0	32	71	48	202	57	0	0	2	0	7	172	80	0	3	1	0	12	199	105	0	4	0	0	10	183	94	0	4	0	0	0	55	112	0	4	0	1	5	
0	1	2	0	0	2	0	0	1	0	17	48	1	1	0	0	0	12	119	40	0	97	3	0	0	95	107	0	90	151	0	2	0	23	118	96	166	91	0	4	0	0	4	0	122	63	0	2	0	1	6	0	128	93	0	3	0	0	1	0	31	39	0	1	
0	0	1	2	0	1	5	0	0	0	0	4	65	161	85	0	1	0	13	136	149	168	0	1	3	0	91	141	109	59	0	2	2	0	30	242	129	0	3	0	0	17	169	66	163	52	0	2	0	41	178	112	143	38	0	2	0	0	6	16	2	0	0	0	
0	0	0	1	0	0	0	0	0	0	2	0	106	164	0	0	0	2	0	50	211	39	0	1	0	5	0	108	152	0	4	0	0	2	0	51	137	0	3	0	0	33	11	26	179	12	0	1	0	51	125	159	90	0	1	0	0	0	3	3	0	0	0	0	
0	0	1	2	0	0	0	0	0	0	0	5	53	71	2	0	0	0	0	128	82	125	70	0	3	0	85	159	9	75	15	0	1	0	25	116	236	107	0	2	0	2	0	112	100	0	2	0	2	0	59	147	0	3	0	0	2	0	44	34	0	1	0	0	
0	0	0	0	1	0	0	0	0	0	1	0	28	94	0	2	0	0	4	0	131	114	0	4	0	1	0	21	174	12	0	1	0	4	0	118	125	0	3	0	1	0	16	168	15	0	1	0	2	0	51	119	0	3	0	0	0	0	0	1	1	0	0	0	
0	0	0	2	0	0	1	1	0	1	2	0	47	86	23	0	0	1	0	137	174	90	124	12	0	1	142	192	18	0	114	62	0	99	108	2	1	51	158	21	0	135	120	64	135	144	36	0	0	14	79	81	34	0	1	1	0	0	0	0	0	2	2	0	
0	0	0	0	0	0	0	0	0	2	0	62	73	0	2	0	0	3	0	95	101	0	3	0	0	3	0	74	110	0	3	0	0	3	0	77	129	0	4	0	0	2	0	68	136	0	3	0	0	1	0	22	132	0	0	0	0	0	0	0	0	0	0	0	
0	0	0	1	0	1	0	0	0	0	1	1	16	5	90	9	0	2	0	62	109	82	148	0	1	0	20	133	61	149	12	0	4	0	104	135	184	58	0	3	2	0	53	234	71	0	2	0	2	0	120	79	0	2	0	0	0	0	36	4	2	0	0	0	
0	1	0	0	0	0	0	0	0	2	74	129	74	0	2	0	0	85	110	109	158	0	3	0	1	8	0	185	110	0	3	0	0	0	2	61	158	97	0	2	1	0	25	15	0	160	53	0	2	0	42	160	147	155	23	0	0	1	0	20	54	9	0	0	
0	0	0	2	3	1	0	0	0	0	0	1	0	0	8	2	0	1	0	39	106	119	108	9	0	0	9	144	52	10	2	0	1	0	12	124	33	0	2	0	0	39	56	127	104	0	3	0	0	20	90	60	0	0	0	0	0	0	0	0	0	0	0	0	
0	0	0	2	0	0	0	0	0	0	2	0	46	21	0	1	0	2	0	99	224	97	0	4	2	0	90	112	163	134	0	4	0	36	203	93	210	78	0	3	0	8	67	62	156	46	0	2	0	0	0	0	156	18	0	1	0	0	2	6	67	4	0	0	
0	0	0	3	0	80	25	0	0	0	3	0	29	153	3	0	0	2	0	13	164	48	0	2	1	0	17	200	120	0	2	0	0	23	213	143	83	112	0	2	0	19	153	135	152	136	0	0	0	0	0	20	33	4	0	0	0	1	2	0	0	1	0	0	
0	0	1	0	8	38	0	0	0	0	0	1	153	101	0	2	0	3	0	144	125	0	3	0	2	0	49	201	42	10	0	0	4	0	131	195	113	131	0	0	3	0	96	171	38	164	11	0	0	0	0	106	149	52	0	2	0	0	1	0	0	0	0	0	
0	0	3	1	4	3	2	0	0	0	0	0	5	1	0	0	0	5	67	35	34	56	46	0	0	0	111	110	128	249	73	0	0	1	0	16	157	70	0	2	0	0	0	172	79	0	4	0	3	0	72	117	0	5	0	0	0	0	4	1	1	0	0	0	
0	0	1	0	4	2	0	0	0	0	7	82	4	0	15	20	3	0	106	187	97	132	100	33	0	2	165	33	40	31	0	0	1	0	109	127	45	0	1	2	0	0	0	15	87	122	0	2	0	12	62	32	119	97	0	2	0	3	38	49	53	1	0	0	
0	0	1	0	10	52	20	0	0	2	0	53	151	143	39	0	1	0	17	160	49	132	0	1	1	0	21	149	150	84	0	3	1	0	16	209	172	0	2	0	0	1	205	99	155	125	0	4	0	3	104	124	109	43	0	1	0	0	0	0	0	0	0	0	
0	0	1	2	0	1	0	0	0	1	0	14	47	0	2	0	1	0	23	129	151	62	0	3	2	0	135	35	92	149	15	0	0	12	180	127	189	164	26	0	0	0	26	27	145	42	0	2	0	0	0	0	157	23	0	1	0	0	2	0	53	11	0	0	
0	0	1	2	0	0	0	0	0	0	0	3	72	29	0	1	0	0	3	104	163	115	0	4	4	0	96	150	23	82	5	0	1	0	26	99	163	189	4	0	0	0	4	94	127	28	0	1	0	3	153	99	0	1	1	0	0	21	66	0	4	2	0	0	
0	0	0	2	0	0	0	0	0	0	0	4	41	1	0	0	0	3	0	111	216	0	0	0	2	0	21	245	189	0	1	0	0	0	4	73	125	0	2	0	0	2	0	50	132	0	3	0	0	1	0	35	137	0	2	0	0	0	0	0	59	9	0	0	
0	0	1	1	0	0	0	0	0	3	0	57	212	98	0	3	1	0	41	224	128	140	0	2	2	0	73	52	64	103	0	3	0	1	0	125	255	134	0	3	0	3	161	247	151	141	0	2	0	71	205	58	11	46	0	0	0	4	1	0	2	0	0	0	
0	0	1	1	0	1	1	0	0	1	0	5	70	33	0	1	1	0	17	118	81	97	22	0	0	1	109	24	16	145	14	0	0	44	133	63	130	132	0	3	0	3	57	28	100	38	0	1	0	2	0	61	119	0	3	0	0	2	0	49	38	0	1	0	
0	0	1	1	2	2	0	0	0	1	0	19	160	144	0	1	1	0	13	162	102	114	0	2	1	0	38	34	73	83	0	3	0	0	0	73	190	22	0	1	3	0	95	225	193	100	0	3	2	0	136	140	7	63	0	1	0	0	2	3	2	0	0	0	
0	0	0	0	1	3	0	0	0	3	45	77	31	0	1	0	29	206	138	90	132	167	11	0	6	102	137	123	212	111	0	2	2	0	34	183	124	138	19	0	2	0	46	176	0	129	142	0	0	1	0	65	153	180	57	0	0	0	0	0	2	2	0	0	
0	0	3	4	3	0	0	0	0	0	0	0	0	8	8	0	0	0	110	144	118	212	61	0	0	0	54	60	85	186	0	0	0	1	0	7	184	56	0	2	1	0	0	174	103	0	3	0	2	0	145	132	0	4	0	0	0	7	135	15	0	1	0	0	
0	0	1	1	0	0	0	0	0	1	0	43	86	88	94	22	2	0	32	166	137	107	64	7	4	0	117	65	0	2	0	0	2	0	64	151	29	0	4	0	0	4	0	32	180	66	0	3	0	30	137	138	146	36	0	2	0	0	27	35	3	0	0	0	
0	0	1	0	22	68	0	1	0	0	1	0	147	78	0	2	0	3	0	91	133	0	3	0	1	0	5	159	69	40	0	1	4	0	119	215	118	190	11	0	4	0	148	246	134	69	1	0	1	0	16	44	6	0	0	0	0	0	0	0	1	3	0	0	
0	0	0	1	0	1	0	0	0	1	0	47	78	0	2	0	0	2	0	156	57	0	2	0	1	0	30	138	21	114	0	2	2	0	67	100	70	162	0	4	1	0	18	119	200	75	0	3	0	0	2	0	100	29	0	1	0	0	1	1	13	3	0	0	
0	0	1	2	1	1	4	1	0	1	2	2	0	50	123	0	1	0	11	135	37	166	43	0	0	3	161	72	114	96	0	3	0	122	140	38	207	85	83	7	0	73	162	229	89	41	39	4	2	0	53	110	0	2	0	0	0	2	4	1	3	2	1	0	
0	0	0	1	0	0	0	0	0	0	0	0	150	41	0	2	0	2	0	65	200	0	0	1	0	4	0	139	142	0	4	0	0	3	0	177	93	0	3	0	0	3	0	189	124	0	4	0	0	3	0	86	151	0	1	0	0	0	0	0	3	1	0	0	
0	0	2	2	0	0	0	0	0	0	0	0	20	50	53	0	2	0	51	163	133	221	131	0	1	0	41	34	76	139	0	0	0	4	0	72	186	10	0	1	2	0	95	183	22	0	2	0	0	96	197	16	0	2	0	0	0	84	38	0	3	0	0	0	
0	0	1	2	0	0	1	0	0	2	0	42	197	85	1	0	0	0	4	168	92	149	120	0	3	0	139	122	0	40	144	0	0	44	182	4	0	114	128	0	0	90	171	0	102	180	21	0	0	6	138	175	121	10	0	1	0	0	1	3	0	2	1	0	
0	0	0	0	0	0	0	0	0	1	0	108	155	118	59	0	0	2	0	60	47	160	173	0	0	1	0	27	102	146	32	0	0	17	163	225	184	0	1	1	0	9	42	4	187	36	0	1	0	123	55	135	162	0	0	0	0	41	59	59	11	0	1	0	
0	0	0	1	0	0	0	0	0	1	0	8	107	109	27	11	1	0	3	190	162	218	221	31	0	1	0	173	166	172	33	0	0	2	0	141	255	34	0	2	2	0	130	255	168	0	3	0	0	33	252	165	9	0	1	0	0	5	37	5	0	1	0	0	
0	0	0	2	1	0	0	0	0	0	0	0	4	20	16	0	0	1	0	64	114	78	59	0	1	0	8	165	58	0	1	0	0	12	19	14	124	60	0	2	0	73	111	97	134	35	0	2	0	0	0	5	8	0	0	0	0	1	2	0	1	1	0	0	
0	0	1	0	0	0	1	0	0	1	0	80	128	132	33	0	3	0	131	215	61	80	149	0	0	25	183	79	0	0	118	12	0	79	147	0	6	17	132	0	0	43	164	0	0	124	85	0	2	0	144	138	132	107	0	1	0	0	7	64	48	0	1	0	
0	0	2	0	0	1	0	0	0	0	16	75	0	0	85	24	2	0	146	115	0	40	175	1	0	76	155	0	0	147	84	0	0	119	160	21	101	187	0	1	0	12	130	162	241	64	0	2	0	1	0	169	105	0	3	0	0	0	6	45	5	1	0	0	
0	0	0	0	0	0	0	0	0	0	2	0	115	49	0	2	0	0	1	0	173	46	0	2	0	1	0	32	186	1	0	0	0	3	0	85	144	0	3	0	0	4	0	153	96	0	3	0	0	2	0	117	39	0	1	0	0	0	0	0	0	0	0	0	
0	0	0	0	2	1	0	0	0	0	0	3	0	76	50	0	0	0	3	0	76	194	14	0	0	2	0	37	212	42	0	2	1	0	0	193	85	0	4	0	4	0	115	161	0	4	0	0	1	0	170	41	0	1	0	0	0	1	30	5	0	0	0	0	
0	0	1	0	1	0	0	0	0	0	6	92	22	0	1	0	3	0	77	70	7	9	0	0	4	0	94	108	170	41	0	2	0	0	9	61	148	43	0	2	0	0	3	0	118	52	0	2	0	0	3	0	86	78	0	3	0	0	0	0	7	14	0	1	
0	0	1	1	0	0	0	0	0	1	0	12	70	107	93	0	1	0	31	149	74	129	141	0	3	0	93	75	50	139	15	0	1	0	15	206	191	0	0	1	0	4	118	103	148	40	0	1	0	73	208	94	83	10	0	1	0	6	39	22	0	0	0	0	
0	0	1	0	0	0	0	0	1	0	8	108	205	191	16	0	0	2	202	208	85	212	60	0	0	0	206	185	112	231	47	0	0	41	209	238	255	146	0	2	0	80	255	191	163	255	78	0	1	0	40	144	205	183	27	0	0	1	0	0	0	0	0	0	
0	0	0	2	0	0	2	0	0	0	0	9	129	85	3	0	0	4	0	121	167	99	113	0	3	0	86	185	1	0	155	41	0	59	217	37	11	56	169	37	0	118	230	174	175	151	51	0	0	3	13	19	5	0	0	0	0	0	0	0	0	3	2	0	
0	0	1	3	1	0	0	0	0	0	0	0	11	12	0	0	2	0	50	125	121	126	0	2	4	0	127	178	29	113	0	2	1	0	113	11	61	88	0	3	0	0	4	0	105	39	0	1	0	0	0	17	132	0	0	0	0	1	0	35	79	0	2	0	
0	1	4	4	1	0	0	0	0	0	0	0	2	28	63	5	0	31	157	154	166	226	195	0	0	20	112	74	56	226	72	0	0	1	0	9	202	127	0	3	2	0	35	229	139	0	3	0	0	61	233	105	0	4	0	0	0	58	74	0	4	0	0	0	
0	0	0	0	0	0	0	0	0	2	0	81	28	0	1	0	0	4	0	151	85	0	3	0	0	4	0	119	107	0	3	0	0	3	0	98	114	0	4	0	0	3	0	79	132	0	4	0	0	2	0	69	128	0	3	0	0	0	0	6	17	0	0	0	
0	0	0	1	3	1	0	0	0	3	100	169	147	142	65	0	0	15	102	45	0	98	156	0	0	1	1	0	12	179	49	0	0	24	120	170	247	110	0	4	0	159	176	201	119	166	59	0	0	92	117	31	0	51	123	0	0	0	0	1	4	1	0	0	
0	0	0	0	0	0	2	0	0	46	101	106	107	32	0	1	0	142	255	201	179	246	106	0	0	141	255	39	0	177	255	36	0	139	255	41	0	212	255	39	0	29	243	210	195	255	167	0	2	0	56	159	187	116	22	0	0	1	0	0	0	0	1	1	
0	0	1	2	0	0	0	0	0	1	0	24	174	174	8	0	2	0	29	183	139	179	7	0	1	0	39	33	84	97	0	3	0	0	9	56	203	17	0	1	0	22	181	238	182	141	2	0	0	32	191	77	0	109	8	0	0	0	2	1	3	0	0	0	
0	0	0	0	7	3	0	0	0	2	0	63	167	113	0	1	0	3	0	151	156	158	0	0	0	1	0	19	238	71	0	3	0	2	0	103	215	83	0	3	3	0	74	205	177	79	0	3	4	0	87	210	99	0	1	0	0	0	0	0	0	1	0	0	
0	0	0	0	1	0	0	0	0	0	0	1	0	112	27	0	0	0	4	0	83	170	0	0	0	1	0	30	178	16	0	1	1	0	8	204	101	0	4	0	3	0	73	195	0	1	0	0	3	0	131	82	0	3	0	0	0	0	25	8	0	0	0	0	
0	0	0	7	0	1	0	0	0	6	108	149	73	7	19	0	0	117	88	0	0	118	84	0	0	57	143	0	62	128	0	0	1	0	52	169	189	19	0	1	1	0	22	122	62	169	44	0	2	0	44	139	101	122	21	0	0	0	0	9	18	2	0	0	
0	0	0	0	0	3	1	0	1	0	15	60	9	0	1	0	2	0	31	222	196	156	29	0	0	0	0	6	49	214	34	0	0	0	2	0	153	98	0	3	0	2	0	143	142	0	3	0	3	0	106	169	0	2	0	0	2	0	65	31	0	1	0	0	
0	1	0	32	18	0	1	0	0	2	0	113	153	0	1	0	0	0	3	0	128	58	0	2	2	0	32	174	227	43	0	2	0	1	39	122	108	110	0	2	0	68	100	0	74	149	0	3	0	14	126	97	142	50	0	2	0	0	0	0	0	0	0	0	
0	0	0	0	0	0	1	0	0	0	15	5	8	7	0	0	3	0	89	188	163	200	49	0	0	0	4	14	42	209	30	0	0	2	0	22	176	63	0	2	2	0	31	197	73	0	3	0	0	26	200	70	0	4	0	0	0	65	111	0	5	0	0	0	
0	0	0	0	0	0	0	0	0	0	13	43	30	34	0	1	2	0	65	127	110	110	0	4	3	0	138	61	144	48	0	2	0	2	196	152	219	121	0	1	1	0	33	138	207	75	2	0	0	2	0	48	146	0	2	0	0	0	1	6	11	2	0	0	
0	0	0	2	0	0	0	0	0	0	1	0	48	69	0	0	0	2	0	90	138	180	35	0	2	0	46	172	57	109	0	0	1	0	21	115	230	72	0	3	0	2	0	116	89	0	2	0	3	0	96	139	0	3	0	0	2	0	55	23	0	1	0	0	
0	0	0	0	1	1	0	0	0	1	63	62	11	0	1	0	0	14	87	88	124	26	0	1	0	0	2	0	80	87	0	3	0	2	0	56	104	5	0	1	0	3	0	105	74	0	2	0	0	1	0	33	133	0	1	0	0	1	0	38	37	0	1	0	
0	0	0	3	0	0	1	0	0	0	2	0	49	63	0	0	0	1	0	99	157	177	45	0	3	0	88	124	0	139	68	0	3	0	139	126	176	118	0	1	1	0	0	167	126	0	3	0	2	0	42	160	0	3	1	0	2	0	48	58	0	2	0	0	
0	2	4	4	3	1	1	0	0	0	0	0	0	3	2	0	0	76	175	169	169	224	124	0	0	100	201	184	253	240	82	0	1	0	108	208	254	238	196	26	0	5	151	255	161	44	46	0	2	0	27	255	75	0	3	0	1	0	25	158	21	0	3	0	
0	0	1	1	0	0	0	0	0	1	0	33	94	41	46	0	1	0	0	182	83	163	74	0	3	0	136	112	41	168	0	0	2	0	167	169	215	87	0	3	2	0	26	222	72	0	3	0	3	0	137	117	0	4	0	0	0	0	32	8	0	0	0	0	
0	0	0	1	0	0	0	0	0	1	0	11	78	156	75	0	0	2	0	172	232	172	63	0	0	1	0	209	101	0	3	0	0	4	0	114	190	11	0	1	0	1	0	44	220	41	0	2	0	69	190	176	41	0	1	0	0	21	45	4	0	1	0	0	
0	0	0	2	0	41	47	0	0	0	3	0	22	180	43	0	0	1	0	11	184	85	0	2	1	0	17	161	76	0	3	0	3	0	172	169	66	56	0	1	3	0	140	210	153	197	20	0	0	0	0	47	63	27	1	0	0	0	1	0	0	0	0	0	
0	0	0	0	0	0	0	0	0	3	0	115	143	0	2	0	0	3	0	182	214	0	1	0	0	3	0	173	217	0	0	0	0	3	0	173	224	0	0	1	0	3	0	164	246	11	0	1	0	3	0	84	168	12	0	1	0	0	0	0	0	0	0	0	
0	0	0	0	2	4	1	0	1	0	16	74	15	0	1	0	4	0	114	255	156	169	113	0	1	0	20	17	80	222	47	0	0	3	0	55	170	26	0	1	2	0	33	209	50	0	3	0	0	15	218	89	0	4	0	0	0	34	88	0	2	0	0	0	
0	1	3	0	0	1	0	0	0	0	0	46	66	1	0	0	0	4	146	179	188	75	0	3	0	91	191	0	48	213	17	0	0	34	153	162	158	202	13	0	0	0	3	18	22	187	16	0	0	1	3	0	15	204	20	0	0	0	0	0	3	71	7	0	
0	0	0	0	0	1	2	0	1	0	38	49	0	1	0	0	3	0	70	188	154	191	111	0	0	0	2	0	73	228	69	0	0	3	0	87	201	42	0	2	3	0	77	204	30	0	3	0	0	15	232	62	0	5	0	0	0	15	89	4	1	0	0	0	
0	0	0	0	6	9	0	0	1	0	18	91	113	147	35	0	1	0	67	44	5	158	26	0	0	0	2	0	131	86	0	3	1	0	4	134	87	0	12	2	0	0	134	95	28	107	65	0	0	5	147	128	102	39	0	0	0	0	4	5	0	0	1	0	
0	0	0	2	4	3	3	1	0	0	0	0	0	0	0	0	0	2	0	70	163	89	134	19	1	0	19	200	125	35	54	11	1	0	9	120	50	0	1	0	0	46	92	100	214	25	0	2	0	14	45	80	56	3	0	0	0	0	0	0	0	0	0	0	
0	0	1	0	0	0	0	0	1	0	31	61	12	109	76	0	1	0	170	193	164	151	49	0	0	52	195	67	115	52	0	1	0	100	223	111	70	131	132	0	0	25	100	4	0	59	187	0	3	0	125	156	153	194	52	0	0	0	7	59	42	12	0	1	
0	0	0	3	1	1	0	0	0	0	2	0	10	3	83	19	0	1	0	84	149	146	104	0	2	0	98	118	127	143	0	2	2	0	150	133	218	55	0	2	2	0	43	232	110	27	0	1	1	0	162	78	0	2	0	0	0	4	33	1	4	1	0	0	
0	0	1	0	0	2	1	0	1	0	23	95	109	25	0	2	0	18	171	89	147	188	0	1	0	18	212	176	157	161	138	0	0	72	108	8	6	0	158	58	0	129	66	0	2	0	139	41	0	53	189	110	109	128	68	0	1	0	27	63	48	10	0	1	
0	0	0	0	2	3	0	0	0	0	0	1	0	0	22	7	0	0	0	0	47	130	129	12	0	3	0	92	194	75	0	1	0	0	0	139	17	0	2	1	0	14	32	157	26	0	1	0	0	39	115	102	11	0	1	0	0	0	0	0	0	0	0	0	
0	0	0	1	7	0	0	0	2	0	48	129	181	157	0	1	1	0	33	129	162	71	0	2	2	0	77	199	172	54	0	1	0	4	5	0	29	153	72	0	0	105	91	3	0	137	99	0	0	31	142	141	154	111	0	0	0	0	0	3	2	0	0	0	
0	0	0	1	0	2	1	0	0	0	2	1	8	0	1	1	0	2	0	133	160	81	16	0	0	0	118	109	0	9	137	21	0	96	158	0	15	39	157	36	0	82	170	140	151	143	42	0	0	0	3	4	1	0	0	0	0	1	1	0	0	3	2	0	
0	0	0	0	0	0	0	0	0	0	0	5	84	4	0	0	0	0	0	9	162	9	0	0	0	1	0	36	137	0	2	0	0	3	0	97	108	0	3	0	0	2	0	139	39	0	1	0	1	0	26	133	0	1	0	0	0	0	5	14	0	0	0	0	
0	0	1	2	0	0	1	0	0	1	1	0	67	81	0	0	1	0	19	158	199	171	72	0	0	0	169	85	0	137	146	0	0	43	135	0	73	217	29	0	0	27	164	161	211	25	0	1	1	0	25	191	72	0	4	0	0	0	9	73	3	1	0	0	
0	0	1	0	2	1	0	0	0	0	13	27	0	3	0	0	3	0	130	118	46	165	0	0	0	19	237	220	238	180	0	3	0	19	149	50	104	180	0	3	0	0	3	0	99	183	0	3	0	0	6	0	67	206	0	0	0	0	1	0	12	73	0	0	
0	0	0	1	0	0	3	0	0	1	0	26	66	3	2	0	0	4	0	124	113	66	107	4	2	0	56	174	0	10	192	39	0	7	181	64	74	185	95	0	0	126	238	153	129	31	0	1	0	48	86	18	0	1	3	0	0	0	0	0	3	2	0	0	
0	0	0	0	1	3	0	0	3	11	3	11	4	0	0	0	25	162	197	206	208	122	0	0	0	12	37	30	56	219	21	0	0	0	3	0	72	201	0	0	0	1	4	0	176	132	0	4	0	2	0	47	207	14	0	1	0	2	0	59	94	0	3	0	
0	0	2	1	0	1	2	0	0	1	0	8	119	184	27	0	2	0	61	215	148	178	14	0	2	0	83	82	46	125	0	3	0	0	91	155	248	67	0	3	0	64	138	125	179	135	0	3	0	92	72	114	30	108	0	2	0	1	7	2	2	0	0	0	
0	0	0	0	0	0	0	0	0	26	110	104	92	128	32	0	0	74	170	84	110	46	6	0	0	11	169	124	130	114	20	0	2	0	146	80	3	85	127	0	0	2	9	0	0	0	139	15	0	9	132	127	112	136	88	0	0	0	2	52	67	36	0	0	
0	0	0	0	0	0	0	0	1	0	11	79	88	25	0	1	1	0	26	130	137	177	0	1	0	0	19	36	148	113	0	2	0	2	157	209	176	0	2	0	0	2	0	34	172	0	1	0	0	1	0	140	135	0	3	0	1	0	24	107	14	0	1	0	
0	0	0	0	0	0	0	0	2	0	67	119	111	63	0	0	4	0	147	188	146	221	4	0	1	0	19	181	225	41	0	2	0	3	0	136	243	69	0	3	2	0	39	182	84	162	0	3	2	0	34	198	199	89	0	3	0	1	0	22	46	0	0	0	
0	0	0	2	0	0	0	0	0	0	0	1	36	96	166	21	0	0	0	143	172	132	53	0	2	0	41	181	0	0	0	0	1	0	3	141	130	0	3	0	0	31	29	7	207	95	0	4	0	71	159	150	165	46	0	2	0	0	0	0	0	0	0	0	
0	0	0	0	14	13	0	0	0	0	0	6	109	19	0	1	0	3	0	97	97	0	3	0	0	0	2	139	15	0	0	0	1	0	30	139	98	77	0	2	1	0	27	141	85	90	0	3	0	1	0	78	102	4	0	0	0	0	0	0	0	1	0	0	
0	0	0	2	0	48	24	0	0	0	1	1	1	154	25	0	0	0	2	0	143	109	0	3	0	1	0	135	118	0	2	0	3	0	99	206	96	45	0	2	3	0	115	197	181	117	0	3	0	0	0	56	58	0	0	0	0	0	1	0	0	0	0	0	
0	0	2	1	0	1	0	0	0	3	0	61	66	0	5	0	2	0	46	235	215	11	0	1	0	38	252	140	201	162	75	0	0	57	234	166	224	189	60	0	0	0	13	0	128	148	0	4	0	0	2	0	63	187	0	0	0	0	1	0	2	21	1	0	
0	0	0	0	2	1	0	0	0	0	0	3	0	70	62	0	0	0	3	0	76	208	30	0	0	1	0	29	208	40	0	2	0	1	0	174	100	0	4	0	3	0	92	172	0	4	0	0	1	0	174	57	0	2	0	0	0	2	28	2	0	0	0	0	
0	0	0	0	0	0	0	0	0	15	132	145	125	27	0	1	0	32	105	0	185	122	0	4	0	2	0	66	237	38	0	2	2	0	47	236	92	0	4	4	0	0	219	148	31	90	133	46	0	0	88	151	154	123	46	0	0	0	0	0	0	0	0	0	
0	0	1	2	0	1	4	0	0	0	0	9	72	168	101	0	2	0	38	119	112	188	10	0	2	0	62	153	136	45	0	2	1	0	0	168	165	6	0	1	0	20	183	95	116	109	0	4	0	49	194	133	101	15	0	1	0	0	0	0	0	0	0	0	
0	0	0	0	0	0	0	0	2	0	90	26	0	3	14	0	0	2	156	20	0	31	96	0	0	49	127	0	0	121	129	0	0	76	169	80	142	209	36	0	0	2	77	82	89	129	0	3	0	0	2	0	68	72	0	3	0	0	3	3	1	1	0	0	
0	0	0	0	12	67	0	0	0	0	3	0	98	118	0	3	0	1	0	21	153	10	0	1	0	3	0	162	139	0	1	1	3	0	98	154	76	159	7	0	0	13	222	149	128	142	9	0	0	2	62	77	28	0	0	0	0	0	0	0	0	2	0	0	
0	0	1	0	24	33	0	1	0	1	0	35	199	84	0	3	1	0	0	181	70	0	2	0	3	0	90	141	18	122	6	0	3	0	154	97	174	239	33	0	3	0	97	202	209	130	0	2	0	0	0	87	116	13	0	1	0	0	2	0	0	1	0	0	
0	0	1	2	0	0	1	0	0	1	0	1	115	79	0	2	1	0	11	138	136	122	53	0	0	22	190	75	0	43	134	0	0	163	95	0	38	99	153	0	0	129	183	158	144	119	19	0	0	0	20	10	0	0	1	0	0	2	0	0	2	4	1	0	
0	0	0	0	9	45	0	1	0	0	2	0	80	86	0	3	0	1	0	37	132	0	0	0	0	2	0	112	45	0	2	0	1	0	18	154	107	50	0	2	1	0	37	126	98	56	0	2	0	0	1	61	37	0	1	0	0	0	0	0	0	1	0	0	
0	0	0	1	1	85	66	0	0	0	3	0	120	141	22	0	0	4	0	112	139	0	2	0	3	0	93	154	21	35	0	0	0	67	159	90	108	202	90	0	0	142	187	187	123	134	32	0	0	14	74	43	20	0	0	0	0	0	0	0	0	3	1	0	
0	0	0	5	25	1	0	0	0	2	0	116	192	0	0	1	0	0	3	1	163	40	0	2	0	0	2	0	144	36	0	1	0	2	35	10	138	5	0	0	2	0	178	227	199	100	17	0	2	0	47	129	29	30	7	0	0	0	0	0	0	0	0	0	
0	0	1	1	3	11	0	0	0	1	0	32	131	143	56	0	1	0	19	161	40	126	25	0	1	0	25	137	99	92	0	3	0	3	0	131	215	0	0	0	1	0	115	143	145	37	0	1	0	12	191	152	107	8	0	1	0	0	1	9	0	0	0	0	
0	0	0	0	8	1	0	0	0	2	0	77	144	76	0	2	1	0	15	147	81	139	0	3	0	2	0	166	196	37	0	2	1	0	13	161	162	21	0	1	2	0	47	132	94	104	0	4	0	0	2	139	142	22	0	1	0	0	0	3	6	0	0	0	
0	0	0	1	0	11	2	0	0	3	1	15	94	129	52	0	0	1	0	139	59	100	49	0	0	0	0	124	95	126	0	2	0	3	0	122	222	8	0	1	3	0	124	148	107	69	0	3	3	0	96	166	125	37	0	2	0	0	0	6	1	0	0	0	
0	0	1	0	0	1	1	0	1	0	13	187	196	40	0	2	3	0	126	161	109	158	6	0	0	34	155	0	0	153	71	0	0	99	101	0	0	125	88	0	0	77	166	18	29	188	43	0	1	0	100	179	176	95	0	1	0	1	0	2	2	0	1	0	
0	0	0	0	0	0	0	0	0	1	0	37	129	122	100	6	1	0	7	196	58	119	121	0	0	0	8	134	69	155	10	0	0	1	0	161	211	9	0	1	1	0	134	141	133	1	1	0	0	5	198	168	108	0	1	0	1	0	30	46	0	0	0	0	
0	0	0	0	1	6	1	0	0	2	0	69	177	189	120	0	0	2	0	120	68	53	170	0	0	0	88	60	0	176	124	0	0	136	122	139	203	168	2	0	1	191	68	154	255	111	0	2	0	54	160	102	14	42	3	0	0	0	0	0	0	0	0	0	
0	0	0	2	0	1	0	0	0	0	1	2	28	15	40	0	0	1	0	126	107	114	121	0	3	0	104	127	27	166	5	0	3	0	130	180	220	104	0	3	0	2	0	165	105	0	4	0	3	0	104	138	0	2	4	1	1	0	80	17	0	1	2	0	
0	0	2	0	0	2	0	0	0	0	9	47	0	10	23	0	2	0	86	101	0	97	94	0	0	6	178	61	67	155	7	0	2	0	71	144	221	59	0	3	0	2	0	44	140	0	2	0	0	4	0	129	126	0	3	0	0	1	0	54	49	0	1	0	
0	0	0	49	31	0	0	0	0	1	0	77	135	164	10	0	0	0	1	7	108	161	2	0	1	0	3	162	237	49	0	2	0	0	1	0	33	180	6	0	0	117	63	27	114	166	1	0	0	78	132	127	110	15	0	1	0	0	0	0	0	1	0	0	
0	0	2	3	2	0	0	0	0	0	0	0	0	1	2	1	0	6	53	89	89	0	0	0	0	11	64	38	110	34	62	27	0	15	60	107	135	74	43	8	0	21	60	127	44	0	2	0	0	0	0	16	4	2	2	0	0	1	3	1	0	0	0	0	
0	0	3	1	0	0	0	0	0	0	0	4	38	48	75	30	0	0	75	123	106	213	189	32	0	68	184	0	72	130	8	0	0	2	74	194	170	0	2	2	0	0	130	124	147	72	0	3	0	43	209	117	118	49	0	2	0	0	2	7	0	0	0	0	
0	0	0	0	0	0	0	0	0	30	146	144	21	0	1	0	0	9	180	198	0	0	1	0	3	0	103	193	85	25	0	1	0	2	0	73	163	192	16	0	0	0	1	4	0	151	73	0	0	1	0	87	120	190	32	0	0	1	0	43	71	38	0	1	
0	0	0	0	1	2	2	0	0	0	0	3	0	106	75	0	0	0	2	0	35	178	7	0	0	0	2	0	170	79	0	3	0	2	0	138	139	0	3	0	3	0	107	162	0	2	0	0	0	4	166	37	0	2	0	0	0	0	1	2	1	0	0	0	
0	1	0	31	52	0	0	0	2	0	47	202	183	62	0	3	1	0	28	26	27	121	0	2	0	0	10	61	14	130	8	0	3	0	131	147	141	180	13	0	0	15	182	75	199	165	53	0	1	0	84	149	52	0	1	0	0	0	0	0	0	3	2	0	
0	0	0	3	12	2	0	0	1	0	15	144	155	110	0	1	0	0	1	0	30	173	5	0	1	0	51	108	198	48	0	2	2	0	82	90	113	101	0	3	0	59	21	0	122	120	0	4	0	101	150	127	116	5	0	1	0	0	12	10	0	1	0	0	
0	0	1	0	0	1	1	0	0	1	0	35	147	43	0	2	3	0	64	244	233	202	49	0	1	0	177	92	0	58	118	0	0	22	172	1	0	34	112	0	0	6	169	21	1	165	97	0	3	0	95	205	210	130	0	1	0	0	0	37	38	0	1	0	
0	0	0	2	0	61	15	0	0	0	3	0	63	141	0	0	0	1	0	20	155	18	0	1	1	0	1	153	75	0	1	0	2	0	126	195	73	175	30	0	0	36	208	169	110	102	9	0	0	6	68	69	12	0	1	0	0	0	0	0	0	3	0	0	
0	0	0	0	1	4	0	0	1	0	4	22	9	0	1	0	2	0	47	149	207	92	0	1	17	24	0	0	81	246	73	0	58	159	0	4	0	110	126	0	0	111	124	57	86	170	38	0	1	0	27	96	101	27	0	1	0	2	0	0	0	1	1	0	
0	0	0	2	0	0	0	0	0	0	1	0	55	72	9	0	0	2	0	101	122	129	85	0	2	0	41	138	0	147	31	0	4	0	95	161	168	91	0	1	1	0	0	144	119	0	3	0	1	0	25	140	4	1	0	0	1	0	35	45	0	2	0	0	
0	0	0	1	0	0	0	0	0	2	0	71	171	33	0	2	0	0	5	108	89	130	0	3	1	0	38	67	70	132	0	4	0	0	5	60	154	20	0	1	0	4	181	229	172	24	0	1	0	55	137	8	51	92	0	2	0	0	0	0	0	0	0	0	
0	0	0	2	0	1	2	1	0	0	0	8	10	5	116	12	0	0	0	132	27	113	101	0	3	0	93	105	50	136	0	1	0	0	180	130	204	94	2	0	2	0	59	225	72	39	9	0	3	0	101	70	0	2	0	0	0	0	3	1	3	2	0	0	
0	0	0	1	2	0	0	0	0	0	0	2	86	4	0	0	0	0	0	0	118	9	0	0	0	1	0	18	134	0	0	0	0	2	0	51	124	0	3	0	0	3	0	96	152	0	3	0	0	2	0	72	62	0	2	0	0	0	0	0	0	0	0	0	
0	0	0	0	2	1	0	0	0	0	0	3	0	114	26	0	0	0	3	0	75	169	0	1	0	2	0	41	191	31	0	2	1	0	4	179	59	0	2	0	3	0	128	120	0	4	0	0	0	20	144	6	0	0	0	0	0	2	3	1	0	0	0	0	
0	0	0	1	0	0	0	0	0	1	0	24	84	130	134	13	1	0	0	181	190	147	105	11	3	0	91	129	0	3	0	0	3	0	62	174	114	2	4	1	0	5	0	60	192	5	0	1	0	87	211	209	68	0	2	0	0	11	52	21	0	1	0	0	
0	0	0	0	0	0	0	0	0	0	0	117	113	43	2	0	0	0	0	68	92	195	119	0	0	0	4	0	30	169	37	0	0	3	0	65	177	44	0	2	2	0	108	168	18	0	2	0	0	100	207	7	0	3	0	0	0	35	21	0	2	0	0	0	
0	0	1	0	50	14	0	1	0	2	0	47	110	0	1	0	0	0	1	127	22	0	1	0	2	0	61	132	44	32	0	1	4	0	117	136	47	140	16	0	3	0	81	104	74	97	0	1	0	0	2	64	64	3	0	0	0	0	1	0	0	1	0	0	
0	0	0	2	0	7	73	7	0	0	3	0	29	160	75	0	0	2	0	39	170	44	0	2	1	0	25	195	81	20	3	0	0	10	203	177	77	147	95	0	0	53	245	137	115	139	67	0	0	0	55	89	47	4	0	0	0	0	0	0	0	1	2	0	
0	0	0	0	0	0	0	0	0	0	57	92	70	2	0	0	0	1	79	90	165	78	0	3	0	0	3	0	131	68	0	3	0	0	2	4	152	15	0	1	0	2	0	73	136	0	3	0	1	0	9	199	48	0	2	0	0	0	12	59	0	1	0	0	
0	0	1	1	0	0	0	0	0	1	0	28	126	66	0	1	1	0	15	144	73	145	3	0	3	0	90	136	7	40	0	1	1	0	24	89	168	90	0	3	0	1	0	84	144	16	0	1	1	0	121	123	0	0	0	0	0	3	42	2	1	1	0	0	
0	0	0	4	1	0	0	0	2	0	46	150	90	0	3	0	1	0	88	193	137	0	3	0	1	0	17	89	129	112	0	1	0	2	7	2	0	144	35	0	0	32	137	0	34	168	10	0	1	0	87	141	150	52	0	2	0	0	0	9	6	0	1	0	
0	0	0	0	0	0	0	0	0	0	5	74	100	91	78	0	1	0	8	102	100	172	185	0	0	2	3	53	123	138	18	0	1	0	21	152	195	11	0	1	0	135	33	25	186	10	0	0	0	82	184	184	68	0	2	0	0	0	12	12	0	0	0	0	
0	1	1	0	0	0	0	0	0	1	1	1	0	0	0	0	0	21	61	0	5	5	2	0	0	93	125	96	114	130	5	0	0	47	18	9	101	172	73	14	0	0	3	0	75	77	0	3	0	2	2	0	48	26	0	1	0	0	0	0	0	1	0	0	
0	0	0	0	7	8	0	0	0	0	2	0	90	189	82	0	0	1	2	7	57	187	58	0	0	1	0	127	223	43	0	2	0	13	22	0	145	60	0	2	0	127	189	0	185	60	0	2	0	50	166	157	109	0	1	0	0	0	6	3	0	0	0	0	
0	0	0	0	0	0	0	0	1	0	22	176	61	0	2	0	3	0	67	172	143	0	2	0	1	0	19	186	224	31	0	2	0	2	0	145	101	105	0	2	0	0	3	153	34	140	0	0	0	3	0	91	183	80	0	3	0	0	0	1	8	0	0	0	
0	1	3	0	0	0	1	0	0	0	2	19	26	23	1	0	0	33	175	223	196	215	137	0	0	31	78	20	2	191	117	0	0	1	0	1	178	149	0	1	1	0	0	188	161	0	2	0	0	0	173	163	0	3	1	0	0	40	146	0	2	1	0	0	
0	0	1	1	0	0	1	0	0	1	0	56	145	115	0	0	2	0	42	158	71	228	92	0	4	0	127	81	0	98	125	0	0	0	175	31	0	153	70	0	0	7	202	32	124	130	0	3	1	0	163	226	118	0	1	0	1	0	14	34	0	2	0	0	
0	0	2	2	0	1	0	0	0	1	0	8	0	44	78	0	1	0	32	152	0	146	92	0	0	13	202	72	44	190	1	0	0	61	241	186	231	156	139	49	1	0	29	221	87	0	35	24	1	0	158	118	0	3	0	0	0	1	32	2	1	0	1	1	
0	0	2	0	0	0	0	0	0	1	0	45	65	0	1	2	2	0	70	113	83	8	9	0	0	28	123	37	102	95	97	54	0	73	73	61	24	0	95	69	0	39	109	46	88	110	53	0	1	0	40	67	43	5	0	1	0	1	0	0	0	1	2	0	
0	0	0	0	2	1	1	0	0	0	0	3	0	54	146	0	0	0	3	0	45	227	62	0	0	3	0	34	229	80	0	3	1	0	14	216	95	0	4	0	0	5	201	131	0	5	0	0	0	88	165	0	3	0	0	0	0	0	0	2	0	0	0	0	
0	0	0	0	0	0	0	0	0	0	0	0	110	12	0	0	0	0	0	11	130	1	0	0	0	1	0	44	141	0	3	0	0	2	0	67	129	0	3	0	0	3	0	91	106	0	3	0	0	3	0	77	92	0	3	0	0	0	0	0	0	0	0	0	
0	0	1	2	0	0	0	0	0	0	0	6	58	87	74	7	1	0	6	150	130	77	180	83	4	0	112	167	0	15	19	17	2	0	38	173	255	133	0	2	2	0	39	178	101	0	1	1	0	47	205	50	0	3	0	0	0	33	50	0	5	0	0	0	
0	0	1	1	7	15	0	0	0	0	4	0	103	158	0	3	0	0	0	138	181	185	45	0	3	0	117	178	0	112	104	0	0	13	196	20	0	166	54	0	0	7	186	92	160	144	0	2	2	0	53	151	85	1	1	0	0	0	1	0	0	2	0	0	
0	0	0	0	2	1	0	0	0	0	0	3	0	42	129	0	0	0	3	0	32	228	98	0	0	3	0	39	220	127	0	2	2	0	24	221	112	0	4	0	0	21	223	120	0	6	0	0	0	112	120	0	3	0	0	0	0	0	0	1	0	0	0	0	
0	0	2	0	0	0	0	0	0	2	0	85	184	160	45	0	3	0	85	255	164	205	218	1	0	23	243	158	0	129	231	0	0	125	223	0	110	255	104	0	0	131	255	225	252	91	0	1	0	16	158	201	79	0	3	0	0	0	0	0	1	3	0	0	
0	0	0	1	3	0	0	0	0	0	2	1	0	12	11	0	0	4	0	52	192	227	55	0	2	0	64	213	117	123	126	0	0	70	250	93	0	103	172	0	0	128	245	205	176	148	25	0	0	0	14	19	2	0	0	0	0	1	0	0	1	4	1	0	
0	1	0	18	62	0	1	0	0	2	0	171	137	0	3	0	2	0	46	166	0	5	2	0	4	0	103	87	0	3	1	1	3	0	111	34	66	158	39	0	3	0	60	175	154	117	166	22	0	0	0	70	20	0	36	23	0	0	1	0	2	4	1	0	
0	0	0	4	0	83	56	0	0	0	4	0	101	176	24	0	0	1	0	114	161	6	0	1	2	0	139	243	62	3	0	0	0	81	196	54	89	116	57	0	0	73	190	100	73	127	194	0	1	0	61	96	87	85	41	0	0	0	0	0	0	0	0	0	
0	0	0	0	0	0	0	0	0	0	40	78	87	5	0	0	0	16	59	0	97	100	0	4	1	0	30	90	115	52	0	2	2	0	44	149	88	0	0	0	0	0	3	0	110	96	0	3	1	0	16	77	138	38	0	2	0	0	8	47	19	0	1	0	
0	0	1	0	0	0	0	0	0	1	0	63	51	109	55	0	3	0	53	255	224	192	155	0	3	0	169	167	27	37	156	0	0	36	193	9	0	116	108	0	0	49	204	0	85	209	12	0	2	0	129	211	210	54	0	2	0	0	4	54	19	0	1	0	
0	0	0	1	0	1	0	0	0	0	0	8	22	0	0	0	0	0	3	100	115	23	0	1	2	0	49	68	58	44	0	2	1	0	18	125	166	2	0	0	0	0	0	15	110	12	0	0	0	0	1	0	83	8	0	0	0	0	0	0	53	4	0	0	
0	0	0	0	0	0	0	0	0	3	0	94	107	0	3	0	0	4	0	123	179	0	6	0	0	4	0	125	150	0	28	0	0	4	0	159	147	0	4	0	0	3	0	173	106	0	4	0	0	0	0	159	44	0	2	0	0	0	0	0	0	0	0	0	
0	0	2	1	0	0	1	0	0	2	0	26	111	88	0	0	2	0	60	202	203	255	100	0	0	24	205	53	0	193	125	0	0	113	111	0	0	160	42	0	0	146	77	0	69	160	0	1	0	56	177	124	134	28	0	1	1	0	36	53	2	0	0	0	
0	1	1	1	1	0	0	0	1	0	30	20	0	1	0	0	0	26	201	152	3	0	1	1	0	31	30	100	108	0	2	0	3	0	62	230	191	169	184	58	2	0	104	117	0	12	35	16	0	0	0	0	0	0	0	0	0	0	2	4	0	1	2	1	
0	0	1	2	1	5	4	2	0	1	0	44	69	0	2	0	1	0	12	195	171	106	104	42	3	0	163	145	61	56	54	31	2	0	110	149	128	74	0	2	0	1	0	30	228	133	0	5	0	6	120	182	91	0	1	0	0	0	32	18	0	2	0	0	
0	0	0	0	0	0	0	0	0	8	93	152	119	4	0	0	0	88	150	37	149	75	0	3	0	3	5	111	218	124	0	2	3	0	72	238	97	141	77	0	0	0	0	2	0	71	114	0	3	0	66	164	140	183	40	0	1	0	15	61	66	26	0	1	
0	0	0	0	0	0	0	0	0	0	0	45	98	183	34	0	2	0	40	241	209	255	77	0	2	0	49	230	153	199	20	0	0	34	200	223	244	44	0	2	0	59	255	185	249	138	0	4	2	0	52	180	186	41	0	2	0	0	0	0	0	0	0	0	
0	0	2	0	0	0	0	0	0	0	1	0	41	61	0	2	0	9	61	0	95	117	0	4	0	31	142	0	117	179	35	0	0	27	183	138	212	156	44	0	0	0	23	28	168	14	0	1	0	1	0	30	137	0	3	0	0	0	0	5	20	0	0	0	
0	0	0	0	0	0	0	0	0	2	0	68	139	0	1	0	0	4	0	146	199	0	2	0	0	4	0	142	204	0	1	0	0	4	0	118	234	3	0	1	0	3	0	77	246	14	0	1	0	2	0	45	161	2	0	1	0	0	0	0	0	0	0	0	
0	0	3	2	0	1	2	0	0	0	0	0	10	3	0	0	1	0	104	170	175	185	157	69	0	8	229	207	86	32	37	10	0	1	11	21	133	92	0	3	0	8	40	0	45	135	0	3	0	20	186	174	176	73	0	3	0	0	2	36	31	0	0	0	
0	0	0	0	0	1	0	0	0	47	121	134	105	3	0	0	0	74	59	21	125	121	0	3	0	1	0	25	105	130	0	2	0	4	0	93	188	101	0	2	0	0	13	18	0	147	41	0	3	0	104	197	129	148	17	0	0	0	6	48	49	7	0	0	
0	1	0	59	13	0	0	0	0	1	0	143	26	0	2	0	1	0	26	145	0	1	0	0	3	0	68	113	8	153	57	0	4	0	99	70	115	188	73	0	3	0	68	158	191	120	0	1	0	0	2	76	57	3	0	0	0	0	1	0	0	2	0	0	
0	0	0	0	0	0	0	0	0	24	67	0	42	36	0	1	0	45	166	0	109	145	0	4	0	25	188	0	103	145	0	4	2	0	132	198	237	137	0	4	0	0	0	33	55	150	1	0	0	0	2	1	0	163	32	0	0	0	0	2	2	25	2	0	
0	1	4	3	3	4	1	0	0	1	0	0	0	0	0	0	0	9	120	183	166	138	15	0	0	99	194	44	57	208	54	0	0	174	87	0	10	191	31	0	0	69	18	0	79	173	0	3	0	0	4	0	153	104	0	4	0	3	2	0	145	30	0	1	
0	0	0	0	0	0	0	0	0	0	0	5	124	82	0	3	0	4	0	109	255	206	33	0	2	0	29	239	141	18	8	0	3	0	64	149	217	40	0	2	0	3	137	69	198	24	0	1	1	0	143	208	56	0	2	0	0	0	0	0	0	0	0	0	
0	0	1	1	0	0	1	0	0	1	0	5	179	137	0	2	2	0	25	232	179	160	84	0	3	0	163	235	0	131	122	0	0	7	197	31	40	210	12	0	0	11	174	81	222	112	0	4	2	0	102	218	127	0	2	0	0	0	0	0	0	1	0	0	
0	1	4	0	1	2	0	0	0	0	0	0	0	8	2	0	0	26	94	16	25	116	5	0	0	127	105	0	89	90	0	3	0	40	142	98	169	163	97	11	1	0	20	20	134	92	18	8	0	1	3	0	74	41	0	2	0	0	1	1	1	1	1	0	
0	0	0	0	0	0	0	0	0	1	0	17	127	0	0	0	0	1	0	28	198	2	0	0	0	2	0	58	183	0	1	0	0	3	0	85	152	0	4	0	0	3	0	103	160	0	4	0	0	3	0	83	123	0	3	0	0	0	0	0	0	0	0	0	
0	1	3	0	0	0	0	0	0	0	0	14	21	0	0	0	0	20	105	107	130	42	0	2	0	32	53	0	91	51	0	2	0	0	1	0	120	19	0	1	0	2	0	16	104	0	1	0	0	2	0	50	76	0	3	0	0	2	0	47	42	0	2	0	
0	0	0	0	1	0	0	0	2	0	36	116	18	0	1	0	3	0	172	255	152	0	2	0	1	0	57	27	174	17	0	2	1	0	37	168	227	18	0	1	0	7	195	198	179	213	166	35	0	1	2	1	0	35	91	27	0	0	0	3	2	0	0	0	
0	0	11	48	3	0	0	0	0	8	139	152	69	0	2	0	0	38	66	0	118	19	0	1	0	0	2	0	58	58	0	2	0	0	7	83	138	125	18	0	1	0	19	182	193	170	72	0	0	2	0	58	107	0	0	0	0	0	0	0	0	3	2	0	
0	0	0	0	0	1	0	0	0	0	75	162	138	10	0	1	0	16	220	145	193	135	0	4	2	0	73	130	220	161	0	4	2	0	162	212	133	201	20	0	0	0	33	0	87	217	16	0	2	0	166	238	188	48	0	2	1	0	25	44	2	0	1	0	
0	1	0	0	2	1	0	0	1	0	52	86	12	0	1	0	0	46	150	121	155	17	0	1	0	11	9	0	75	128	0	1	0	0	4	35	99	207	32	0	1	0	22	109	161	104	0	3	0	0	1	39	134	25	0	1	0	1	0	74	46	0	1	0	
0	1	2	0	0	0	0	0	0	0	0	1	38	5	0	0	0	22	58	0	158	15	0	1	0	46	130	0	184	152	0	0	0	6	154	173	236	123	0	1	1	0	19	53	158	11	0	1	0	1	0	19	135	0	1	0	0	0	0	12	46	0	1	0	
0	0	0	0	1	0	0	0	0	0	1	0	54	11	0	0	0	0	0	10	128	2	0	0	0	1	0	40	135	0	3	0	0	2	0	53	124	0	3	0	0	2	0	65	89	0	3	0	0	3	0	97	49	0	2	0	0	0	0	12	3	0	0	0	
0	0	0	0	0	0	1	0	1	0	14	93	136	175	189	45	2	0	37	175	156	89	35	12	0	1	167	49	0	2	0	0	0	36	208	189	158	25	0	2	0	2	21	6	126	168	0	3	0	1	156	181	190	96	0	2	0	1	3	6	3	0	0	0	
0	0	0	0	0	0	0	0	0	0	0	0	99	11	0	0	0	1	0	16	139	0	0	0	0	2	0	50	139	0	3	0	0	3	0	76	143	0	4	0	0	3	0	81	128	0	4	0	0	2	0	69	79	0	3	0	0	0	0	0	0	0	0	0	
1	0	13	16	0	2	0	0	3	0	80	126	0	4	0	0	3	0	80	131	0	25	0	0	3	0	88	64	76	205	23	0	4	0	112	88	162	176	19	0	2	0	52	195	227	70	0	2	0	1	0	17	80	2	0	0	0	0	2	1	0	2	0	0	
0	1	1	0	0	1	1	0	1	0	33	60	0	0	19	9	0	34	191	80	0	19	142	11	0	140	93	0	0	103	111	0	0	100	165	100	83	196	46	0	1	0	52	94	116	179	0	0	0	1	1	0	21	157	0	0	0	0	2	3	7	50	3	0	
0	0	1	1	1	3	0	0	0	0	0	12	7	0	0	0	1	0	10	174	180	95	0	1	0	8	200	82	13	150	7	0	0	8	181	12	26	135	0	2	0	0	21	0	91	100	0	4	0	0	3	0	137	38	0	1	0	0	1	0	100	7	0	0	
0	0	2	2	0	0	0	0	0	1	0	10	76	54	0	0	2	0	38	174	89	131	17	0	0	6	169	39	96	204	0	0	0	37	188	119	216	121	0	4	1	0	33	33	156	36	0	1	0	2	0	53	128	0	3	0	0	0	0	17	38	0	1	0	
0	0	0	3	0	0	0	0	0	0	14	0	45	174	38	0	2	0	118	124	155	205	27	0	1	0	1	204	227	53	0	2	2	0	81	154	161	26	0	1	2	0	162	36	50	129	0	3	2	0	69	158	149	132	0	2	0	0	0	5	13	2	0	0	
0	0	5	30	7	0	0	0	3	0	126	250	226	93	0	3	3	0	196	114	50	48	0	2	0	0	185	205	92	4	0	0	0	0	5	50	117	212	119	5	0	46	208	151	142	238	247	42	0	6	100	143	130	84	53	0	0	0	0	0	0	0	0	0	
0	0	0	2	0	0	0	0	0	0	0	5	66	19	0	1	0	0	1	90	143	127	0	4	2	0	79	67	147	105	0	3	3	0	107	151	171	55	0	2	0	0	5	0	108	42	0	2	0	0	1	0	137	12	0	0	0	0	0	7	59	0	0	0	
0	0	0	0	0	0	0	0	0	1	0	90	160	52	0	2	2	0	41	239	107	164	8	0	0	2	0	60	158	131	0	1	0	0	0	122	234	27	0	2	0	1	147	90	120	46	0	2	0	27	176	101	137	8	0	1	1	0	30	62	9	0	0	0	
0	0	1	1	0	0	0	0	0	2	0	51	205	168	17	0	2	0	36	223	69	148	146	0	1	0	184	99	0	110	137	0	0	76	170	0	3	192	59	0	0	136	110	45	187	128	0	1	0	61	195	177	66	0	2	0	0	0	0	0	0	2	0	0	
0	0	0	0	0	0	0	0	3	0	95	185	96	0	0	0	1	0	15	49	206	99	0	4	0	1	0	22	182	35	0	2	1	0	2	197	201	5	0	1	0	0	9	28	192	110	0	4	2	0	83	183	155	17	0	1	0	0	2	8	1	0	0	0	
0	0	0	0	0	0	0	0	0	0	2	0	74	39	0	1	0	0	0	0	202	64	0	3	0	2	0	50	190	0	0	1	0	3	0	100	154	0	4	0	0	3	0	136	86	0	3	0	0	2	0	168	60	0	2	0	0	0	0	26	6	0	0	0	
0	13	52	0	1	0	0	0	0	73	99	0	4	1	1	1	0	112	68	0	1	5	11	0	0	113	77	0	24	130	116	19	0	41	168	0	99	38	101	48	3	0	82	147	144	126	121	0	0	1	0	29	79	60	5	0	0	0	2	1	0	0	2	0	
0	0	0	0	0	0	1	0	2	0	49	157	190	72	0	2	3	0	184	255	116	194	27	0	1	0	49	26	0	179	55	0	0	0	50	96	160	223	28	0	0	127	192	177	230	127	185	29	0	84	160	104	18	0	25	10	0	0	1	0	1	4	0	0	
0	0	1	0	0	0	1	0	2	0	34	146	130	35	0	1	4	0	154	140	58	189	57	0	0	19	164	10	0	108	130	0	0	35	169	0	0	119	101	0	1	0	167	80	0	161	58	0	2	0	32	169	144	179	12	0	0	1	0	2	52	33	0	1	
0	0	0	0	0	0	0	0	2	0	38	135	128	31	0	1	1	0	28	76	157	142	0	4	1	0	47	135	230	114	0	4	0	1	211	231	120	168	0	1	0	0	6	0	81	162	0	2	0	3	117	137	134	19	0	1	0	2	57	30	0	2	0	0	
0	0	0	0	12	19	0	1	0	1	0	9	172	129	0	3	0	1	0	130	112	102	0	2	0	1	0	48	190	76	0	3	2	0	28	179	79	0	2	0	4	0	166	192	125	83	0	2	2	0	90	159	167	57	0	2	0	0	0	0	0	0	0	0	
0	0	3	0	0	0	0	0	0	0	1	0	29	82	0	2	0	0	76	2	40	168	0	2	0	8	179	4	52	173	0	2	2	0	146	181	216	137	0	4	0	0	11	29	154	88	0	3	0	0	3	0	118	37	0	1	0	0	1	1	16	2	0	0	
0	0	1	0	0	1	1	0	1	0	11	113	106	48	0	2	3	0	91	63	31	158	15	0	0	5	100	5	0	83	94	0	0	30	94	0	0	32	107	0	0	29	126	0	0	98	83	0	2	0	104	151	117	90	3	0	0	0	0	10	8	0	1	0	
0	0	1	0	0	0	0	0	0	1	0	26	48	41	57	17	0	2	106	124	166	156	160	46	0	16	212	111	7	0	1	0	0	3	44	125	151	0	3	2	0	14	19	0	170	56	0	2	0	36	183	142	174	27	0	1	1	0	21	100	29	0	1	0	
0	0	1	2	0	1	0	0	0	1	0	6	31	5	0	0	1	0	24	121	115	78	0	2	0	13	172	51	85	189	0	0	0	7	101	81	146	102	0	3	0	0	0	0	129	23	0	1	0	3	0	89	108	0	3	0	0	1	0	95	16	0	0	0	
1	7	0	64	9	0	0	0	0	4	0	184	49	0	2	0	0	0	0	191	41	0	2	0	1	0	29	169	23	138	18	0	3	0	94	141	169	249	14	0	3	0	61	205	251	115	0	3	0	0	0	69	41	0	0	0	0	0	1	0	0	1	0	0	
0	1	2	0	0	1	0	0	1	0	11	73	24	1	0	0	0	9	175	171	87	122	0	3	0	102	141	0	27	114	0	1	0	49	196	56	88	176	0	2	2	0	49	140	196	167	0	4	0	1	3	0	70	172	0	3	0	0	2	2	8	63	0	0	
0	1	4	3	3	4	2	0	0	0	0	0	0	0	0	0	0	27	138	148	165	163	40	0	0	105	247	72	31	145	122	0	0	139	148	0	0	149	82	0	0	52	31	0	29	190	8	0	0	0	3	0	101	126	0	3	0	2	3	0	134	33	0	1	
0	0	2	0	0	1	1	0	0	1	0	154	104	0	1	0	3	0	110	255	212	221	52	0	0	0	195	108	0	169	166	0	0	41	210	9	0	156	154	0	0	9	222	149	127	222	29	0	2	0	77	215	183	29	0	1	0	1	1	0	0	1	1	0	
0	0	1	1	0	9	1	0	0	1	0	19	117	157	106	0	2	0	99	194	30	64	166	0	1	0	17	177	156	118	28	0	0	13	131	114	168	45	0	2	0	86	158	0	77	137	0	4	0	9	127	141	151	67	0	2	0	0	1	13	8	0	0	0	
0	0	0	0	0	0	0	0	0	1	0	27	144	0	0	0	0	1	0	31	223	23	0	1	0	2	0	66	185	0	1	0	0	4	0	114	166	0	4	0	0	4	0	153	179	0	3	0	0	2	0	75	110	0	2	0	0	0	0	0	0	0	0	0	
0	0	1	1	0	0	0	0	0	0	0	5	50	21	0	1	1	0	17	88	160	113	0	4	4	0	94	147	180	73	0	3	1	0	36	72	150	29	0	1	0	1	0	34	145	0	2	0	0	3	0	82	109	0	3	0	0	1	0	36	38	0	1	0	
0	0	0	0	0	0	0	0	1	0	25	50	12	3	0	0	1	0	38	88	82	16	0	0	2	0	45	113	123	19	0	1	1	0	10	85	151	10	0	1	0	0	0	14	112	0	1	0	0	1	0	29	113	0	2	0	0	0	0	4	16	0	0	0	
0	0	0	0	0	0	0	0	0	2	0	57	122	0	3	0	0	3	0	106	166	0	4	0	0	3	0	84	154	0	4	0	0	4	0	124	128	0	4	0	0	4	0	154	127	0	4	0	0	3	0	119	70	0	2	0	0	0	0	0	0	0	0	0	
