500	64	10
0	0	0	0	0	0	0	0	1	0	22	56	126	84	5	0	4	0	126	187	108	243	71	0	2	0	52	175	166	164	4	0	2	0	30	245	221	7	0	1	3	0	175	178	191	21	0	1	2	0	160	228	112	0	2	0	0	0	11	32	3	0	0	0	
0	0	0	35	14	0	1	0	2	0	121	255	138	0	3	0	0	22	169	86	186	2	1	1	0	4	0	58	181	0	1	0	0	2	0	152	123	0	26	6	3	0	120	255	227	225	209	28	2	0	96	124	65	41	28	3	0	0	0	0	0	0	0	0	
0	0	0	2	0	30	7	0	0	0	2	0	57	125	0	0	0	1	0	25	154	21	0	1	0	2	0	165	85	0	3	0	2	0	51	155	127	87	0	3	4	0	125	100	118	50	0	2	2	0	63	123	38	0	1	0	0	0	0	0	1	1	0	0	
0	0	1	0	0	0	0	0	0	1	0	33	135	71	0	2	2	0	37	197	204	164	0	3	1	0	18	48	171	65	0	2	0	4	0	137	186	0	3	0	0	1	0	23	191	48	0	2	2	0	45	197	215	29	0	2	0	0	8	48	29	0	1	0	
0	0	0	0	0	1	1	0	0	0	41	55	21	0	0	0	0	0	123	199	217	167	8	0	0	0	1	0	23	219	33	0	1	0	25	50	158	106	0	3	2	0	24	227	171	2	0	1	0	1	166	110	0	4	0	0	0	14	77	0	2	1	0	0	
0	0	0	2	0	0	0	0	0	0	1	0	41	32	0	1	0	2	0	66	206	159	0	2	2	0	34	233	210	180	0	1	1	0	23	89	199	71	0	3	0	3	0	93	170	0	2	0	2	0	33	198	26	0	1	0	1	0	38	65	0	2	0	0	
0	0	1	0	0	1	0	0	1	0	9	77	62	0	1	0	1	0	168	191	194	64	0	3	0	71	172	0	57	130	0	3	0	33	184	98	116	195	0	1	1	0	23	96	88	175	45	0	0	1	1	3	0	106	84	0	0	0	1	4	0	29	25	0	
0	0	0	66	20	0	1	0	1	0	156	255	115	0	4	0	0	5	75	122	134	0	7	1	0	2	0	140	57	0	2	0	2	0	77	211	80	84	91	30	0	8	224	232	223	226	232	116	0	3	34	7	1	2	1	0	0	0	0	0	0	0	0	1	
0	0	1	2	0	0	0	0	0	0	0	6	58	20	0	1	1	0	14	134	199	174	0	2	3	0	89	185	195	112	0	3	0	1	0	151	205	0	0	1	0	3	0	154	83	0	3	0	2	0	55	191	0	0	0	0	2	0	46	61	0	2	0	0	
0	0	0	0	1	0	0	0	0	0	14	11	12	83	0	0	4	0	107	90	58	167	0	3	4	0	106	118	163	102	0	4	1	0	17	165	238	24	0	2	0	4	0	138	152	0	3	0	2	0	33	202	21	0	1	0	0	0	12	24	0	1	0	0	
0	0	1	0	0	0	0	0	1	0	28	123	124	54	0	2	0	5	142	54	14	20	0	1	0	40	144	18	88	62	0	1	1	0	128	127	40	156	24	0	0	0	0	1	0	164	35	0	0	0	8	84	153	136	0	0	0	0	0	43	53	0	0	0	
0	0	0	5	34	1	1	0	0	3	0	107	146	0	6	0	0	1	0	177	43	0	2	0	0	2	0	123	148	0	1	0	0	1	0	3	202	42	0	2	1	0	27	184	202	8	0	1	2	0	64	142	18	0	1	0	0	0	0	0	1	1	0	0	
0	0	0	0	0	0	0	0	0	0	0	5	84	0	0	0	0	1	0	19	112	0	1	0	0	1	0	29	93	0	2	0	0	2	0	47	106	0	3	0	0	2	0	50	112	0	3	0	0	1	0	19	79	0	2	0	0	0	0	0	0	0	0	0	
0	0	0	0	0	0	0	0	1	0	9	128	205	47	0	2	2	0	43	115	198	88	0	3	0	0	1	0	176	33	0	1	0	0	3	0	142	138	0	3	1	0	60	95	223	138	0	4	3	0	108	219	139	10	0	1	0	0	0	0	0	1	0	0	
0	0	0	0	0	0	0	0	0	0	3	0	98	94	0	3	0	0	3	0	181	92	0	3	0	1	0	36	196	11	0	1	0	3	0	162	156	0	3	0	2	0	48	232	43	0	2	0	3	0	110	117	0	3	0	0	0	0	0	0	1	0	0	0	
0	1	4	4	3	0	0	0	0	0	0	0	0	6	0	0	0	21	120	111	159	209	20	0	0	24	134	120	140	226	15	0	0	0	3	0	130	134	0	3	0	3	0	48	200	12	0	1	1	0	2	203	83	0	3	0	2	0	53	134	0	1	0	0	
0	0	0	0	3	0	0	0	0	0	65	23	0	1	0	0	1	0	118	182	111	0	2	0	0	1	0	15	199	35	0	2	0	0	6	0	161	58	0	2	0	1	0	10	178	27	0	1	0	2	0	58	181	0	1	0	0	1	0	25	69	0	1	0	
0	0	1	1	0	0	0	0	0	1	0	32	143	123	61	0	2	0	44	199	121	150	95	0	3	0	59	236	61	0	2	0	0	2	0	33	188	10	1	1	0	2	0	89	203	1	0	1	0	32	186	229	54	0	2	0	0	7	60	23	0	1	0	0	
0	0	0	4	0	0	0	0	1	0	154	204	153	12	0	1	1	0	70	36	199	53	0	2	0	2	0	39	202	14	0	1	0	3	0	143	115	0	5	5	2	0	57	238	177	160	160	71	0	3	178	167	97	83	26	0	0	0	2	0	0	0	0	0	
0	0	0	0	0	0	0	0	0	1	0	103	124	0	0	0	1	0	20	138	165	56	0	2	0	0	2	0	152	54	0	2	0	1	0	20	155	0	0	0	0	1	0	26	193	14	0	1	2	0	30	212	140	0	1	0	0	0	7	39	1	0	0	0	
0	0	2	1	0	1	0	0	0	1	0	23	71	13	0	1	3	0	83	158	133	112	0	3	0	22	194	1	89	164	0	3	0	13	176	148	216	109	0	4	0	0	17	6	119	109	0	4	0	1	4	0	85	159	0	1	0	0	1	0	9	80	8	0	
0	0	0	0	0	0	0	0	0	0	2	0	114	34	0	1	0	0	3	0	159	56	0	2	0	1	0	19	184	12	0	1	0	3	0	117	155	0	3	0	1	0	5	211	54	0	2	0	1	0	36	131	0	1	0	0	0	0	0	0	1	0	0	0	
0	0	0	0	8	10	0	0	0	8	27	57	130	133	29	0	0	66	132	20	3	143	46	0	0	94	109	26	171	211	57	0	0	31	205	171	44	12	171	11	0	1	165	19	7	136	118	0	2	0	96	161	139	85	1	0	0	0	0	9	3	0	2	0	
0	0	2	2	0	4	1	0	0	0	0	7	15	0	6	2	2	0	32	191	172	120	176	5	3	0	137	80	163	201	45	0	3	0	98	197	106	0	2	0	3	0	78	205	38	0	4	0	0	19	46	87	114	0	3	0	0	0	76	140	25	0	1	0	
0	0	0	0	0	0	0	0	0	1	0	58	132	35	0	1	3	0	75	160	117	140	0	4	1	0	28	29	103	71	0	3	1	0	76	202	219	155	89	0	0	102	223	152	13	44	99	15	0	62	91	1	0	0	0	0	0	0	0	2	1	2	4	1	
0	0	1	0	0	1	0	0	0	0	0	99	141	11	0	1	3	0	122	255	255	73	0	3	2	0	79	77	160	101	0	3	0	1	0	9	209	42	0	2	0	3	0	121	255	133	11	0	0	2	0	168	249	143	3	0	0	1	0	15	23	0	1	0	
0	0	0	0	0	0	0	0	2	0	48	150	144	65	0	2	3	0	81	98	34	166	15	0	1	0	33	39	89	137	0	1	0	2	0	134	248	15	0	1	1	0	14	146	140	100	0	3	1	0	12	160	172	91	0	3	0	1	0	31	53	0	0	0	
0	1	0	0	0	0	0	0	1	0	45	115	16	0	1	0	0	51	219	235	71	0	6	1	0	37	107	137	6	0	1	0	4	0	134	150	52	74	69	19	2	0	57	199	217	213	215	69	0	0	0	0	1	1	0	0	0	0	2	2	0	0	0	1	
0	0	0	0	1	0	0	0	2	0	62	144	117	30	0	1	3	0	140	119	79	12	0	1	0	20	210	120	144	148	0	2	0	10	33	0	0	171	35	0	1	0	38	33	45	177	17	0	2	0	62	179	176	56	0	2	0	0	0	3	3	0	1	0	
0	0	0	0	1	0	0	0	0	2	0	94	203	34	0	2	3	0	72	158	185	72	0	3	1	0	10	67	191	0	0	0	0	1	0	11	148	28	0	1	1	0	29	77	187	71	0	3	2	0	25	205	181	7	0	1	0	0	0	0	0	0	0	0	
0	0	7	30	0	3	1	0	3	0	99	255	115	0	2	0	0	0	9	40	204	160	0	0	0	0	50	86	125	255	62	0	0	124	234	172	208	255	83	0	0	132	228	135	236	198	15	0	0	0	77	164	89	1	0	0	0	0	0	0	0	1	1	0	
0	0	1	2	0	0	0	0	0	1	0	19	109	148	19	0	1	0	6	171	140	114	109	0	3	0	103	86	0	152	77	0	0	22	123	3	167	173	0	1	0	101	164	194	179	9	0	1	0	49	200	90	0	2	1	0	0	0	0	0	2	1	0	0	
0	0	2	0	37	30	0	1	0	2	0	98	163	91	0	2	3	0	68	173	0	0	0	0	3	0	151	59	44	93	9	0	3	0	174	189	108	220	65	0	4	0	143	255	149	166	6	0	1	0	8	88	144	26	0	1	0	0	1	0	0	1	1	0	
0	0	2	0	0	0	0	0	0	1	0	30	153	51	0	2	3	0	103	237	225	129	0	4	0	5	217	87	181	115	0	4	0	4	0	67	220	35	0	1	2	0	41	225	226	181	57	0	3	0	178	206	57	25	4	0	1	0	28	13	0	0	0	0	
0	0	1	2	0	1	0	0	0	0	0	6	50	7	0	0	1	0	13	152	232	120	0	3	3	0	159	227	219	174	0	3	2	0	117	149	167	108	0	4	0	1	0	8	183	26	0	1	0	3	0	145	131	0	3	0	0	1	0	77	34	0	1	0	
0	0	0	1	0	0	0	0	0	0	0	2	109	106	0	1	0	2	0	118	199	93	0	2	2	0	51	212	216	122	0	4	2	0	24	199	225	16	0	1	1	0	12	212	95	0	3	0	2	0	160	159	0	2	0	0	0	0	35	6	0	0	0	0	
0	0	1	0	0	7	2	0	0	0	0	40	69	122	0	0	3	0	74	145	189	29	0	1	3	0	102	101	98	0	3	0	3	0	64	219	121	0	0	1	0	2	0	80	193	132	0	3	0	0	0	2	148	98	0	3	0	0	0	1	4	2	0	0	
0	0	1	1	0	2	0	0	0	0	3	30	0	19	66	0	1	0	39	148	0	155	124	0	0	0	193	90	52	189	1	0	0	4	155	121	224	78	0	3	0	3	0	97	172	0	2	0	1	0	28	205	31	0	1	0	1	0	16	32	0	1	0	0	
0	0	0	0	0	0	0	0	1	0	32	93	123	123	18	0	2	0	85	187	52	35	4	0	1	0	21	164	52	0	1	0	1	0	25	84	87	57	0	2	1	0	35	7	44	128	0	3	2	0	47	146	182	66	0	3	0	1	0	28	49	0	0	0	
0	0	1	1	0	0	0	0	0	1	0	13	61	28	0	1	1	0	24	202	255	222	82	0	4	0	84	255	254	231	30	0	0	0	2	107	249	59	0	2	1	1	0	178	151	0	4	0	2	0	172	227	14	0	1	0	0	0	92	35	0	1	0	0	
0	0	0	5	0	0	0	0	1	0	29	132	106	17	0	1	3	0	86	95	79	83	0	3	1	0	12	154	126	13	0	1	0	4	0	136	167	0	3	0	0	2	0	136	193	32	0	2	0	2	0	73	196	44	0	2	0	0	0	1	4	0	0	0	
0	0	0	0	0	0	0	0	0	0	0	1	4	79	76	0	2	0	39	211	189	255	119	0	0	0	17	36	148	202	0	0	0	3	0	77	235	40	0	2	1	0	128	251	58	0	3	0	0	114	240	61	0	3	0	0	0	26	18	0	2	0	0	0	
0	1	0	0	0	3	2	0	1	0	60	187	142	0	2	0	0	61	191	121	128	79	126	0	0	33	186	110	122	150	45	0	1	0	16	216	244	34	0	2	2	0	69	164	91	191	0	0	2	0	50	190	158	147	3	0	0	0	0	3	9	0	0	0	
0	0	0	2	1	0	0	0	0	0	4	0	31	184	109	0	0	4	0	71	169	125	197	0	2	0	57	170	6	144	170	0	0	71	213	102	187	224	23	0	0	180	255	229	105	11	0	1	0	84	123	31	0	2	1	0	0	0	0	0	3	1	0	0	
0	0	1	1	0	0	0	0	0	1	0	27	86	35	0	1	2	0	49	160	140	151	0	3	0	0	137	27	74	31	0	1	0	2	135	135	128	0	1	0	1	0	16	144	136	65	0	3	0	2	0	60	107	22	0	1	0	0	0	14	68	0	0	0	
0	0	0	1	3	1	0	0	0	0	0	2	0	6	68	2	0	1	0	23	92	121	112	0	2	6	0	177	173	161	30	0	4	0	106	168	159	143	0	2	3	0	181	247	161	7	0	1	1	0	42	54	0	2	0	0	0	0	0	0	3	1	0	0	
0	0	0	0	0	2	0	0	1	0	40	78	41	0	1	0	0	3	69	72	123	83	0	2	0	1	9	0	50	144	0	3	0	60	137	133	178	43	0	2	0	80	126	133	116	109	71	8	0	2	11	0	0	24	53	8	0	1	0	3	3	0	0	0	
0	0	1	0	0	0	0	0	0	2	0	126	197	11	0	1	3	0	84	220	189	115	0	4	4	0	120	127	142	125	0	4	0	2	0	70	219	20	0	1	2	0	41	233	208	76	3	0	4	0	95	210	140	101	6	0	0	0	0	0	0	0	0	0	
0	0	1	0	0	0	0	0	0	0	9	0	40	73	0	3	0	2	130	0	68	104	0	4	0	29	117	0	92	97	0	4	0	65	145	89	161	99	0	4	0	6	27	0	81	101	0	3	0	0	3	0	72	86	0	3	0	0	1	0	0	0	0	0	
0	0	0	0	0	0	0	0	1	0	38	54	31	34	0	1	3	0	61	204	226	221	8	0	0	0	3	0	144	213	0	0	0	2	0	38	252	104	0	3	1	0	0	199	206	0	0	1	4	0	89	255	49	0	2	0	2	0	51	66	0	2	0	0	
0	0	0	0	0	0	0	0	0	0	0	4	79	6	0	0	0	1	0	23	119	0	2	0	0	1	0	24	109	0	2	0	0	1	0	23	113	0	2	0	0	2	0	48	113	0	3	0	0	3	0	88	59	0	2	0	0	0	0	14	5	0	0	0	
0	0	1	0	1	1	0	0	1	0	21	71	0	72	26	0	3	0	87	153	6	223	39	0	3	0	86	184	198	149	0	3	0	2	0	142	241	16	0	1	1	0	3	202	113	0	3	0	4	0	131	188	0	1	0	0	1	0	29	11	0	0	0	0	
0	0	4	4	3	3	0	0	0	0	0	0	0	0	0	0	0	4	105	181	198	146	5	0	0	31	162	100	113	238	24	0	0	0	3	0	130	162	0	1	0	3	0	128	201	0	0	1	2	0	59	202	24	0	2	0	3	0	128	69	0	3	0	0	
0	0	0	2	0	2	1	0	0	0	1	0	47	19	0	1	0	2	0	63	255	178	0	0	1	0	14	221	255	215	6	0	1	0	28	148	211	99	0	4	0	3	0	100	201	0	0	1	3	0	67	234	44	0	2	0	2	0	76	68	0	3	0	0	
0	0	0	1	2	82	14	0	0	0	2	0	96	120	0	1	0	2	0	71	144	0	1	0	1	0	3	176	43	0	2	0	3	0	120	163	160	43	0	2	3	0	153	94	156	43	0	2	1	0	18	83	33	0	1	0	0	0	0	0	1	1	0	0	
0	0	0	1	0	3	0	0	0	1	0	18	66	0	0	0	0	0	0	125	189	95	0	2	4	0	91	226	182	215	3	0	4	0	96	183	130	152	0	3	0	0	1	0	180	68	0	3	0	2	0	167	163	0	3	0	0	0	0	97	25	0	1	0	
0	0	1	0	0	0	0	0	0	1	0	166	101	0	3	0	2	0	58	179	90	0	1	0	4	0	130	210	150	81	0	2	4	0	146	181	3	171	15	0	2	0	53	187	17	159	22	0	0	2	0	82	189	87	0	2	0	0	1	0	3	0	0	0	
0	0	5	55	15	0	1	0	0	26	198	217	136	0	1	0	0	74	157	0	177	27	0	1	0	3	0	96	186	0	1	0	2	0	56	229	55	0	23	7	0	0	211	243	211	236	235	83	0	0	102	153	126	72	39	6	0	0	0	0	0	0	0	0	
0	0	0	0	0	0	0	0	1	0	34	126	193	205	41	0	0	49	226	165	113	239	41	0	0	18	26	0	173	128	0	3	0	1	0	161	151	0	4	0	0	31	194	255	162	138	50	0	0	93	203	154	141	53	0	1	0	0	0	0	0	0	0	0	
0	0	1	3	1	0	0	0	0	0	0	0	0	44	16	0	2	0	35	161	206	235	32	0	2	0	51	229	247	78	0	3	0	3	0	178	203	0	2	0	1	0	23	155	155	18	0	1	1	0	13	168	174	2	0	0	0	1	0	79	46	0	1	0	
0	0	2	4	0	0	0	0	2	0	68	135	127	28	0	1	0	0	6	3	55	155	0	1	0	0	2	0	51	133	0	3	0	0	89	155	186	27	0	2	0	51	212	146	143	103	15	0	0	11	32	2	0	85	125	39	0	0	0	2	3	0	2	4	
0	0	0	0	0	0	0	0	0	0	1	0	123	22	0	1	0	1	0	19	201	16	0	1	0	2	0	59	181	0	1	0	0	4	0	128	151	0	4	0	0	2	0	183	83	0	3	0	0	1	0	115	31	0	1	0	0	0	0	0	0	0	0	0	
0	0	0	0	0	0	0	0	0	0	0	4	83	1	0	0	0	1	0	17	128	0	0	0	0	2	0	56	140	0	3	0	0	3	0	78	95	0	3	0	0	3	0	86	100	0	3	0	0	2	0	50	73	0	2	0	0	0	0	0	0	0	0	0	
0	0	1	1	0	0	0	0	0	1	0	13	18	71	49	0	1	0	0	186	192	244	196	5	2	0	170	255	55	17	10	0	2	0	127	245	36	0	2	0	0	10	0	144	165	0	4	0	0	6	146	242	171	0	2	0	1	0	35	117	21	0	1	0	
0	0	2	0	33	41	0	0	0	0	0	125	207	193	26	0	3	0	106	220	10	5	2	0	0	0	202	53	78	199	98	0	0	62	210	161	156	158	194	0	0	23	249	199	121	206	45	0	0	4	112	144	138	39	0	1	0	0	0	0	0	1	2	0	
0	0	0	1	1	32	4	0	0	0	2	0	53	184	1	0	0	0	0	2	172	48	0	2	0	3	0	99	160	0	4	0	2	0	37	236	200	5	0	1	2	0	45	255	234	24	0	2	1	0	9	121	52	0	2	0	0	0	0	0	0	0	0	0	
0	0	0	0	0	0	0	0	0	1	0	138	198	42	0	2	2	0	40	154	105	143	0	3	2	0	43	226	227	157	0	3	3	0	75	151	57	159	31	0	4	0	125	115	17	167	30	0	1	0	19	171	200	82	0	2	0	0	0	0	0	0	0	0	
0	0	2	2	0	2	0	0	0	0	0	2	12	0	0	0	2	0	39	147	242	110	0	2	3	0	177	255	255	183	0	2	1	0	45	61	192	89	0	3	0	2	0	50	201	5	0	1	0	1	0	198	102	0	3	0	1	0	13	138	7	0	0	0	
0	0	0	0	0	0	0	0	0	24	25	0	14	20	0	1	0	47	68	0	43	74	0	3	0	25	89	0	26	81	0	2	0	6	105	83	61	108	0	1	0	0	9	17	1	96	5	0	0	0	0	2	0	79	20	0	0	0	0	1	0	14	7	0	
0	0	0	0	0	2	0	0	0	1	0	61	129	12	18	0	4	0	95	233	115	186	114	0	1	0	27	110	163	155	0	0	0	3	0	132	214	0	1	1	2	0	24	248	190	0	2	0	3	0	51	249	77	0	2	0	0	0	4	28	0	0	0	0	
0	1	0	15	18	0	1	0	0	3	0	122	66	0	3	0	0	2	0	136	64	3	0	0	0	0	0	181	180	158	8	0	1	0	32	147	0	139	21	0	1	0	16	166	104	124	0	3	0	2	0	67	132	12	0	1	0	0	0	0	0	1	0	0	
0	0	1	1	0	0	0	0	0	1	0	45	131	74	0	2	2	0	31	189	227	162	0	3	1	0	10	46	196	50	0	2	0	3	0	95	128	0	4	0	0	1	0	15	140	15	0	1	1	0	86	180	215	40	0	2	0	0	46	41	22	0	0	0	
0	0	0	2	52	46	0	0	1	0	21	144	122	95	13	0	3	0	157	79	0	3	0	0	2	0	61	119	30	0	1	0	0	1	0	30	110	58	0	1	0	30	119	43	76	212	23	0	0	0	64	122	134	60	0	1	0	0	0	0	0	0	0	0	
0	0	2	0	0	0	1	1	0	1	0	45	146	86	0	2	3	0	127	224	122	47	18	22	2	0	179	58	6	137	214	80	2	0	34	215	245	192	45	0	3	0	121	200	169	3	0	1	3	0	109	153	186	22	0	1	0	0	0	49	35	0	1	0	
0	0	0	0	0	0	0	0	2	0	47	131	97	46	0	0	1	0	33	35	84	176	5	0	1	0	18	98	115	29	0	1	4	0	102	172	6	0	1	0	0	1	0	36	116	76	0	1	1	0	24	90	143	152	0	1	0	0	8	48	42	1	0	0	
0	0	0	10	40	0	0	0	0	3	0	100	193	87	0	1	0	0	0	8	32	194	12	0	0	2	3	0	198	128	0	3	0	0	2	0	158	51	0	2	0	33	92	125	215	34	0	2	0	48	145	138	53	0	1	0	0	0	0	0	0	0	0	0	
0	0	0	0	0	0	0	0	0	1	0	21	105	2	0	0	0	2	0	50	241	26	0	2	0	2	0	63	209	2	0	1	0	4	0	148	173	0	3	0	0	1	0	191	80	0	3	0	1	0	15	161	8	0	0	0	0	0	4	20	0	0	0	0	
0	0	0	1	3	25	0	0	0	0	3	0	92	178	0	2	0	2	0	38	198	36	0	2	1	0	4	213	212	20	0	1	4	0	107	131	145	146	0	4	1	0	181	159	202	39	0	2	1	0	94	157	38	0	1	0	0	0	0	0	1	1	0	0	
0	0	0	0	0	0	0	0	2	0	30	156	99	3	0	0	0	0	0	101	234	24	0	1	1	0	14	211	184	0	1	0	1	0	22	129	179	121	0	3	0	0	3	11	88	180	0	3	0	2	0	158	255	92	0	3	0	0	0	13	38	1	0	0	
0	0	1	3	0	0	0	0	0	0	1	0	18	50	0	0	3	0	68	195	228	253	36	0	1	0	22	71	201	207	1	0	0	3	0	46	239	63	0	3	2	0	24	236	126	0	3	0	0	4	209	179	0	2	0	0	0	11	105	19	0	1	0	0	
0	0	0	0	0	0	0	0	0	2	0	59	87	0	3	0	0	4	0	117	102	0	3	0	0	4	0	130	78	0	3	0	0	3	0	119	70	0	2	0	0	3	0	103	100	0	3	0	0	2	0	45	135	5	0	1	0	0	0	0	2	1	0	0	
0	0	0	2	0	0	0	0	0	0	4	0	95	207	24	0	0	3	0	81	202	130	127	0	2	0	43	229	26	123	157	0	0	5	204	74	73	254	49	0	0	74	230	175	246	80	0	2	0	28	203	167	30	0	2	0	0	0	0	0	1	3	0	0	
0	0	2	1	0	2	0	0	0	0	0	16	25	0	0	0	2	0	51	164	141	91	0	2	3	0	170	71	67	119	0	3	2	0	66	153	204	93	0	4	0	0	3	0	144	53	0	2	0	1	0	17	171	10	0	1	0	2	0	44	116	0	2	0	
0	0	0	1	0	0	0	0	0	2	0	51	217	158	2	0	0	3	0	179	178	134	79	0	3	0	115	199	0	100	96	0	0	31	212	26	9	187	36	0	0	123	149	62	228	96	0	3	0	32	183	206	101	0	2	0	0	0	1	0	0	2	0	0	
0	0	0	0	2	1	0	0	0	41	170	115	0	2	2	0	0	126	200	67	47	31	0	1	0	102	154	138	227	208	46	0	0	26	179	135	0	53	167	0	1	0	12	38	18	23	197	47	1	0	35	150	115	133	128	5	0	0	0	0	0	0	0	0	
0	0	2	1	0	0	1	1	0	2	0	30	145	158	59	0	2	0	51	234	248	184	222	26	0	23	225	218	178	0	214	53	0	132	194	0	34	149	195	0	0	159	171	60	185	208	25	0	0	53	215	221	112	4	0	1	0	0	9	8	0	2	2	0	
0	0	0	0	1	0	0	0	0	0	1	0	25	109	3	0	0	0	4	0	132	178	0	2	0	1	0	32	206	25	0	1	0	3	0	170	117	0	4	0	2	0	60	187	1	0	0	0	4	0	140	109	0	4	0	0	1	0	21	13	0	0	0	0	
0	0	0	0	1	0	0	0	0	0	2	0	53	116	0	2	0	0	4	0	149	155	0	4	0	1	0	22	230	66	0	3	0	4	0	107	218	0	0	1	1	0	19	230	105	0	3	0	3	0	70	180	0	0	0	0	0	0	0	0	1	0	0	0	
0	0	2	0	49	50	0	2	0	1	0	17	176	42	0	2	0	3	0	128	100	0	3	0	1	0	16	212	132	53	0	1	4	0	109	213	80	176	2	0	4	0	105	195	147	81	0	2	0	0	3	77	52	0	1	0	0	0	1	0	0	2	0	0	
0	0	0	0	0	0	0	0	0	1	0	51	154	50	0	2	0	1	1	135	140	152	0	4	1	0	15	24	137	86	0	3	0	20	212	255	239	123	48	6	0	126	242	71	30	157	179	22	0	13	9	0	0	0	0	0	0	0	1	3	2	4	2	0	
0	0	2	3	0	1	0	0	0	0	0	0	22	5	0	0	2	0	77	104	129	112	0	3	0	11	143	28	72	163	0	2	0	2	101	114	149	113	0	3	0	0	8	2	56	80	0	3	0	0	5	0	102	66	0	3	0	0	2	0	77	35	0	1	
0	0	0	0	2	0	0	0	1	0	10	151	202	113	0	2	0	0	3	21	132	214	0	0	0	15	142	184	249	66	0	3	0	29	169	102	145	164	0	1	1	0	18	16	111	233	9	0	3	0	125	218	192	81	0	1	0	0	0	0	0	0	0	0	
0	0	0	0	0	0	0	0	0	2	0	46	136	131	8	0	0	3	0	88	222	132	0	0	0	2	0	161	65	0	2	0	0	2	0	55	144	0	1	0	1	0	25	15	151	10	0	0	3	0	84	188	132	0	2	0	0	0	0	50	17	0	1	0	
0	0	2	0	0	0	0	0	0	1	0	1	0	36	10	0	0	1	36	0	16	154	3	0	0	64	186	0	109	175	85	21	0	96	193	154	232	173	117	9	0	3	0	116	166	0	3	0	0	3	0	135	60	0	6	0	0	0	0	0	1	0	0	0	
0	1	1	0	1	1	1	0	1	0	81	29	0	19	4	0	0	7	231	88	0	220	103	0	0	45	255	155	186	255	97	0	0	14	172	187	222	220	4	0	0	1	0	0	226	146	0	4	0	2	0	31	232	60	0	3	0	0	0	2	18	2	0	0	
0	0	2	0	3	2	0	0	0	0	3	9	0	0	4	1	2	0	102	161	128	181	182	32	0	11	213	157	148	61	26	7	0	0	48	44	155	132	0	4	0	80	125	73	203	109	0	4	0	13	112	131	66	0	1	0	0	0	0	0	0	1	0	0	
0	0	0	0	17	2	0	0	0	0	3	0	113	65	0	2	0	0	4	0	106	147	0	4	1	0	20	194	218	32	0	2	0	1	0	20	163	40	0	2	0	22	131	61	183	31	0	1	0	5	94	139	61	0	2	0	0	0	0	0	1	1	0	0	
0	0	0	15	87	0	0	0	0	3	0	110	184	0	4	0	1	0	3	211	73	0	3	0	4	0	118	181	55	162	45	0	0	0	203	161	187	182	190	0	1	0	178	255	224	167	67	0	1	0	20	76	68	15	0	1	0	0	0	0	0	1	3	0	
0	0	0	1	1	1	0	0	1	0	29	9	1	0	0	0	4	0	130	67	57	44	0	2	4	0	117	129	153	193	10	0	4	0	144	254	195	119	0	3	2	0	62	49	43	118	0	3	0	0	1	0	39	112	0	3	0	0	3	0	11	44	0	1	
0	3	4	4	3	3	2	0	0	0	0	0	0	0	0	0	0	65	141	152	169	192	129	0	0	175	166	118	107	249	108	0	0	2	3	0	134	198	0	0	0	3	0	67	246	46	0	2	0	2	0	189	155	0	4	0	1	0	2	179	50	0	2	0	
0	1	0	0	0	1	0	0	0	1	2	2	2	0	0	0	0	24	10	0	3	12	0	0	0	124	83	52	89	108	4	3	3	34	19	27	105	119	36	0	0	0	2	0	41	43	0	2	0	1	1	0	4	3	1	0	0	0	0	0	0	0	0	0	
0	0	2	1	0	1	0	0	0	1	0	47	155	183	68	0	2	0	61	226	87	153	137	0	4	0	152	140	44	205	23	0	3	0	68	242	203	33	0	2	0	9	186	255	131	0	5	0	0	15	190	198	60	0	2	0	0	0	0	0	0	0	0	0	
0	0	0	2	0	56	20	0	0	0	1	0	31	184	16	0	0	0	3	0	173	99	0	3	0	3	0	128	149	0	3	0	3	0	82	242	124	5	0	1	3	0	104	236	213	37	0	2	0	0	3	64	27	0	1	0	0	0	1	0	0	0	0	0	
0	0	2	2	0	0	0	0	0	0	0	4	62	27	0	1	2	0	36	180	254	115	0	4	0	0	190	165	199	80	0	3	1	0	70	162	159	27	76	0	0	4	0	128	86	5	79	0	0	1	0	181	41	10	75	0	0	0	1	72	3	22	57	0	
0	0	4	56	21	0	1	0	2	0	85	133	143	39	0	2	0	0	4	0	45	141	0	2	2	0	67	122	5	139	7	0	0	18	123	94	137	113	0	2	0	0	135	137	239	92	0	3	1	0	16	51	35	93	0	1	0	0	1	0	0	0	0	0	
0	0	2	2	0	0	1	1	0	1	0	4	59	74	10	0	2	0	29	211	238	218	176	1	1	0	202	197	20	0	169	61	0	77	222	22	0	58	183	19	0	159	157	31	152	214	57	0	0	70	198	197	136	13	0	2	0	0	0	0	0	1	2	0	
0	0	1	2	1	2	0	0	0	0	0	4	5	0	0	0	1	0	6	156	162	22	0	1	4	0	107	155	251	128	0	4	2	0	44	111	129	94	0	4	0	0	3	0	107	61	0	2	0	0	3	0	151	34	0	1	0	0	0	3	96	5	0	0	
0	0	0	0	1	0	0	0	0	0	3	0	116	94	0	3	0	0	0	0	207	76	0	3	0	2	0	40	208	8	0	1	0	3	0	147	151	0	3	0	2	0	34	232	45	0	2	0	3	0	93	126	0	3	0	0	0	0	0	0	1	0	0	0	
0	0	0	0	0	0	0	0	2	0	40	184	199	51	0	2	2	0	200	161	103	177	0	3	0	1	73	0	139	124	0	3	0	2	0	115	157	0	5	2	3	0	86	255	152	192	151	1	3	0	80	189	120	103	38	0	0	0	0	0	0	0	0	0	
0	0	1	1	1	1	0	0	0	1	0	15	20	0	1	0	1	0	33	165	162	4	3	2	1	0	32	39	169	29	0	1	0	48	204	194	198	64	107	49	0	29	135	88	106	136	117	35	0	0	0	0	0	0	0	0	0	1	4	3	4	4	4	1	
0	0	0	0	0	0	0	0	0	1	0	17	73	0	1	0	0	1	0	24	169	0	0	0	0	1	0	37	155	0	1	0	0	3	0	87	125	0	4	0	0	3	0	123	77	0	3	0	0	1	0	133	20	0	1	0	0	0	0	21	3	0	0	0	
0	0	0	0	0	0	0	0	0	62	203	208	144	9	0	1	0	44	42	45	253	79	0	3	0	55	183	197	255	60	0	3	0	28	127	115	157	223	80	0	0	0	5	22	99	255	187	0	3	0	106	217	189	115	21	0	0	0	0	0	0	0	0	0	
0	0	3	1	0	0	0	0	0	1	0	27	126	163	84	0	1	0	93	207	134	85	35	0	0	12	229	174	49	4	0	0	0	0	17	46	117	168	9	0	0	0	0	9	98	213	13	0	0	32	179	196	186	51	0	2	0	3	47	20	0	1	0	0	
0	3	2	1	2	3	2	0	0	0	0	0	0	0	0	0	11	80	39	25	36	67	63	0	12	149	186	167	197	255	86	0	0	0	3	0	172	140	0	3	1	6	0	79	217	9	0	1	0	3	0	160	100	0	3	0	0	0	0	9	2	0	0	0	
0	0	0	0	0	0	0	0	1	0	37	134	115	71	74	1	4	0	145	217	138	255	170	0	1	0	19	223	241	91	0	0	3	0	112	252	228	29	0	2	2	0	204	185	224	79	0	3	2	0	76	221	218	36	0	2	0	0	0	19	9	0	0	0	
0	0	1	1	0	0	1	2	0	1	0	17	99	159	48	0	1	0	12	193	150	124	163	37	3	0	65	204	70	189	158	34	3	0	120	255	198	70	0	1	0	38	202	185	164	0	6	2	0	52	209	189	92	0	2	0	1	0	30	30	0	1	0	0	
0	0	0	9	12	0	0	0	2	0	83	110	128	75	0	3	2	0	111	27	4	18	0	1	2	0	135	125	88	105	79	0	0	2	128	43	11	0	127	66	0	28	120	2	0	15	135	33	0	0	67	105	109	107	38	0	0	0	0	2	13	4	0	1	
0	0	1	2	0	0	0	0	0	0	0	5	71	43	0	1	1	0	13	152	210	130	0	2	2	0	37	204	191	36	0	2	0	0	0	3	182	42	0	2	0	2	0	53	178	0	1	0	0	4	0	132	128	0	4	0	0	2	0	67	45	0	1	0	
0	0	1	0	30	33	0	1	0	2	0	83	252	176	0	2	2	0	31	245	98	16	3	0	4	0	135	208	16	4	0	0	3	0	179	255	245	172	8	0	4	0	125	255	254	247	30	0	1	0	7	110	133	67	1	0	0	0	1	0	0	0	0	0	
0	0	3	0	24	18	0	0	0	3	0	56	247	95	0	3	2	0	56	243	235	248	71	0	0	15	229	146	0	152	177	0	0	138	204	0	0	144	154	0	0	147	230	149	207	220	29	0	0	6	123	171	123	19	0	1	0	1	0	0	0	1	2	0	
0	0	1	1	0	1	1	0	0	1	0	17	166	189	21	0	1	0	4	159	127	33	0	1	2	0	57	169	0	2	0	0	1	0	6	138	157	6	0	1	0	1	5	0	176	58	0	2	0	27	151	157	110	5	0	1	0	2	11	8	0	0	0	0	
0	0	0	1	1	0	0	0	0	0	3	0	154	126	0	3	0	1	0	1	225	154	0	4	0	3	0	104	255	38	0	2	1	0	8	237	158	0	2	0	4	0	116	255	39	0	2	0	3	0	141	137	0	3	0	0	0	0	0	0	1	0	0	0	
0	0	0	2	0	0	0	0	0	0	2	0	77	132	10	0	0	2	0	120	141	118	46	0	2	0	63	108	0	105	19	0	0	3	58	0	54	76	0	2	0	43	44	16	129	12	0	1	0	18	122	149	33	0	1	0	1	0	24	18	0	1	0	0	
0	0	0	0	0	0	0	0	0	1	0	36	62	0	0	0	0	3	0	99	218	47	0	3	0	0	48	2	161	58	0	2	0	111	240	240	239	135	133	27	0	63	141	108	51	93	93	12	0	0	0	0	0	0	0	0	0	2	4	4	3	3	3	0	
1	0	24	8	0	1	0	0	3	0	101	181	14	0	1	0	0	0	0	121	177	9	0	1	0	0	4	0	164	89	0	3	0	2	0	72	164	2	0	1	2	0	46	244	158	141	49	0	2	0	39	131	100	59	17	0	0	0	0	0	0	0	0	0	
0	0	0	0	0	1	0	0	1	0	20	83	80	17	0	1	3	0	105	161	176	207	4	0	0	1	89	113	171	211	4	0	0	45	215	181	190	183	5	0	9	0	97	124	59	233	77	0	2	0	43	135	196	161	13	0	0	0	0	0	0	0	0	0	
0	0	0	0	0	0	2	0	0	0	2	31	5	47	42	0	0	0	6	107	81	56	6	0	1	0	34	82	22	0	1	0	3	0	75	143	97	28	0	1	0	0	13	0	80	46	0	2	1	0	19	82	78	0	0	0	0	0	5	18	2	0	0	0	
0	0	1	2	0	3	2	0	0	0	2	0	26	154	12	0	1	0	32	24	132	166	0	3	2	0	164	113	199	45	0	2	0	91	250	174	233	162	72	0	0	30	81	240	157	104	42	0	1	0	22	165	20	0	1	0	0	1	4	1	3	4	1	0	
0	0	0	3	6	0	0	0	0	0	0	143	131	6	0	1	1	0	26	145	69	106	0	3	1	0	26	144	91	123	0	4	1	0	9	205	225	22	0	1	0	0	3	186	156	132	0	3	0	1	0	116	155	77	0	2	0	0	0	1	7	0	0	0	
0	0	2	2	3	4	4	1	0	0	0	0	0	0	0	0	2	0	56	168	138	120	137	40	1	0	187	214	127	65	62	13	0	16	81	60	138	66	0	3	0	8	124	151	177	107	0	4	0	0	0	55	74	2	0	0	0	1	2	0	0	1	0	0	
0	0	0	0	0	0	0	0	0	0	0	47	75	24	0	1	0	0	4	37	180	66	0	3	0	1	0	15	163	6	0	0	0	2	0	59	145	0	3	0	0	2	0	60	98	0	3	0	0	3	0	110	108	0	3	0	0	2	0	58	38	0	1	0	
0	1	0	38	66	0	1	0	0	3	0	178	136	0	7	0	2	0	41	228	34	0	2	0	3	0	172	183	66	177	80	0	0	36	249	224	196	172	233	45	0	26	221	255	200	198	185	15	1	0	26	71	86	71	4	0	0	1	1	0	0	0	1	1	
0	0	1	0	0	0	0	0	0	0	2	78	83	10	0	1	3	0	145	193	213	93	0	4	0	4	199	16	139	111	0	4	2	0	160	200	221	112	0	4	1	0	23	73	72	162	0	3	0	0	3	0	58	198	0	1	0	0	2	0	15	61	0	0	
0	1	0	0	0	0	0	0	0	0	1	7	20	12	0	0	0	89	208	178	224	205	3	0	0	26	50	8	180	166	0	3	0	2	0	40	243	53	0	3	0	5	0	135	196	0	2	0	0	1	0	222	136	0	4	0	0	0	0	167	54	0	2	0	
0	0	6	8	0	0	0	0	0	0	93	154	34	0	1	0	0	4	0	81	100	0	4	0	1	0	1	148	128	55	0	1	1	0	32	70	7	136	62	0	0	7	5	0	27	147	38	0	0	27	109	103	115	39	0	1	0	0	12	12	0	1	1	0	
0	0	0	0	0	0	0	0	0	0	5	85	156	110	55	25	4	0	119	229	70	172	255	30	3	0	111	180	22	218	103	0	2	0	33	248	211	52	0	2	0	9	182	239	140	0	6	0	0	33	227	216	90	0	3	0	0	0	25	39	0	0	0	0	
0	1	3	0	0	1	2	0	0	1	0	19	33	13	0	0	0	20	112	158	125	142	46	0	2	113	104	9	0	36	181	0	10	155	6	0	0	37	178	0	0	106	146	65	63	147	67	0	1	0	49	87	106	45	0	1	0	2	0	0	0	1	2	0	
0	0	2	2	0	1	1	0	0	0	0	3	22	2	0	0	1	0	31	128	157	121	6	0	4	0	144	176	184	119	11	0	1	0	13	82	186	36	37	0	0	3	0	138	85	5	28	0	2	0	35	189	6	0	1	0	2	0	67	115	0	3	0	0	
0	0	0	1	4	3	0	0	0	86	81	8	0	1	0	0	0	35	123	163	115	58	12	0	0	1	0	13	108	240	35	0	0	1	7	0	134	146	0	3	0	2	0	74	200	15	0	1	2	0	37	201	34	0	2	0	1	0	17	32	0	2	0	0	
0	0	0	0	0	0	0	0	0	2	0	42	202	93	0	2	0	4	0	161	231	222	59	0	2	0	51	228	15	167	81	0	0	0	197	84	79	211	5	0	0	78	233	153	225	51	0	2	0	61	215	152	16	0	2	0	0	0	0	0	1	2	0	0	
1	0	24	36	0	2	0	0	1	0	96	127	77	0	1	0	0	1	8	0	113	59	0	2	0	0	1	0	29	108	0	2	0	0	1	25	107	99	0	3	2	0	129	202	147	133	49	0	0	0	51	34	0	57	44	0	0	0	0	0	3	2	0	0	
0	0	1	2	0	0	0	0	0	1	0	5	108	143	21	0	1	0	4	172	203	245	55	0	3	0	91	168	130	190	1	0	4	0	80	253	166	17	0	1	2	0	159	245	59	0	3	0	1	0	171	225	48	0	2	0	1	0	21	43	0	0	0	0	
0	2	2	0	0	1	2	0	0	0	0	0	0	0	0	0	0	46	112	72	83	99	46	0	0	34	16	0	0	2	102	19	0	5	52	55	117	139	144	20	0	112	140	86	104	40	1	2	0	14	33	19	0	0	0	0	0	0	0	0	2	2	0	0	
0	0	2	4	4	0	0	0	0	1	0	0	0	5	2	0	1	0	41	116	134	219	75	0	0	55	255	160	73	220	47	0	0	48	82	0	112	154	0	3	0	2	0	46	207	33	0	2	0	1	0	194	71	0	3	0	1	0	25	130	1	1	0	0	
0	0	0	2	0	0	0	0	0	1	0	12	189	86	0	2	0	3	0	135	245	205	29	0	2	0	37	253	54	172	77	0	4	0	137	183	36	234	22	0	3	0	191	204	219	164	0	2	3	0	85	213	112	1	0	0	0	0	0	0	0	2	0	0	
0	0	0	1	0	2	0	0	0	0	1	0	84	169	26	0	0	3	0	87	178	126	49	0	0	4	0	138	156	181	23	0	0	1	0	167	255	54	0	2	3	0	139	231	186	0	1	0	2	0	132	183	82	0	2	0	0	0	0	3	0	0	0	0	
0	0	0	0	1	0	0	0	1	0	22	158	175	34	0	2	2	0	60	134	49	140	0	2	0	0	2	30	30	133	0	0	3	0	93	181	216	171	0	0	3	0	127	95	194	80	0	2	1	0	23	181	105	0	2	0	0	0	0	0	0	1	0	0	
0	0	0	2	0	0	0	0	0	0	0	1	67	39	0	1	0	1	0	103	161	158	0	2	3	0	71	198	169	94	0	3	1	0	7	116	188	0	1	0	0	3	0	115	96	0	3	0	1	0	8	187	27	0	1	0	1	0	16	79	0	0	0	0	
0	0	0	0	0	0	0	0	0	0	0	6	97	2	0	0	0	1	0	22	147	0	0	0	0	2	0	67	130	0	3	0	0	4	0	119	81	0	3	0	0	1	0	149	27	0	1	0	0	0	0	100	10	0	0	0	0	0	0	0	0	0	0	0	
0	0	2	1	0	1	0	0	0	1	0	11	80	26	0	1	2	0	41	178	199	145	0	3	0	8	180	38	82	214	0	0	0	38	206	141	229	144	0	4	0	0	90	67	158	94	0	3	0	1	0	28	202	19	0	1	0	1	0	30	73	0	1	0	
0	0	0	3	3	0	0	0	0	3	7	0	1	1	0	0	0	14	186	187	67	0	2	0	0	0	31	85	200	30	0	2	0	0	3	0	94	99	0	4	0	0	5	0	96	106	0	4	0	0	1	0	167	56	0	2	0	0	0	8	98	2	0	0	
0	0	1	0	0	0	1	0	0	0	8	100	122	134	27	0	3	0	118	255	211	247	186	0	0	27	244	168	0	46	220	18	0	111	218	0	0	176	196	0	0	159	181	70	199	197	22	0	0	112	252	242	117	0	1	1	0	4	31	17	0	3	2	0	
0	2	1	0	0	1	0	0	0	0	5	59	79	11	0	1	0	63	181	144	143	142	0	0	0	167	38	0	91	205	6	0	0	135	154	116	166	157	0	2	0	9	61	23	6	186	20	0	0	1	0	4	0	151	123	0	0	1	2	2	0	34	93	0	
0	0	0	0	0	0	0	0	0	1	0	19	109	6	0	0	0	3	0	77	245	17	0	1	0	4	0	124	247	15	0	1	0	4	0	129	229	0	0	0	0	4	0	141	197	0	2	0	0	4	0	150	163	0	3	0	0	1	0	23	17	0	1	0	
0	0	0	0	0	0	0	0	2	0	39	127	130	25	0	1	4	0	137	163	175	62	0	3	1	0	7	173	174	0	1	0	0	4	0	119	229	34	0	2	0	0	4	149	130	133	0	4	0	2	0	138	198	62	0	3	0	0	0	11	29	0	0	0	
0	0	1	0	0	0	0	0	0	0	2	25	40	60	0	4	3	0	91	119	122	88	0	3	0	1	194	55	181	68	97	70	1	0	86	216	211	145	125	40	0	0	0	186	46	0	2	0	1	0	36	185	3	1	4	1	0	0	3	26	2	0	0	0	
0	0	0	6	9	0	0	0	0	1	0	17	153	43	0	2	0	1	0	31	146	46	0	2	2	0	34	200	51	0	2	0	1	0	11	61	144	45	0	2	0	0	1	0	158	56	0	2	2	0	47	147	75	0	2	0	0	0	7	9	0	1	0	0	
0	0	1	3	0	0	1	0	0	0	1	0	3	2	0	0	1	0	11	139	157	162	146	43	3	0	136	255	69	7	19	4	0	18	60	35	186	48	0	2	0	67	123	110	170	25	0	1	0	8	100	89	10	0	1	0	0	0	0	0	1	1	0	0	
0	1	1	0	1	0	0	0	1	0	43	80	81	65	0	2	0	30	207	108	201	117	0	4	0	15	177	108	181	27	0	1	1	0	2	136	234	64	0	1	0	4	0	100	117	166	40	0	0	2	0	60	213	139	2	0	0	0	0	2	42	7	0	0	
0	0	0	0	1	0	0	0	0	0	2	0	40	143	0	0	0	0	6	0	136	189	0	3	0	1	0	19	235	94	0	3	0	3	0	145	213	0	0	1	2	0	42	255	84	0	3	0	3	0	86	190	5	0	1	0	0	0	0	0	1	0	0	0	
0	0	0	1	12	0	0	0	0	1	0	29	122	0	2	0	0	3	0	87	103	0	3	0	0	3	0	135	94	2	0	1	0	0	7	123	110	89	0	3	0	0	7	145	95	86	0	3	0	2	0	66	139	16	0	1	0	0	0	0	0	0	0	0	
0	0	1	3	64	9	0	0	0	2	0	23	230	43	0	3	1	0	2	181	181	50	18	0	1	0	165	235	166	225	200	11	0	92	255	242	183	192	179	4	0	95	255	248	196	109	7	0	0	0	42	53	6	0	1	0	0	1	0	0	1	4	1	0	
0	0	0	0	0	2	1	0	0	0	10	33	20	3	0	0	0	0	130	139	131	130	18	0	0	4	36	0	11	176	31	0	0	0	1	1	151	76	0	2	0	2	0	142	111	0	3	0	3	0	87	150	0	3	0	0	3	0	79	85	0	2	0	0	
0	0	1	2	0	0	1	1	0	0	3	0	34	76	18	0	0	2	0	157	220	230	188	5	3	0	118	245	27	0	185	59	0	65	214	30	0	104	199	7	0	156	176	88	184	207	40	0	0	59	175	179	95	4	0	1	0	0	0	0	0	2	2	0	
0	0	0	1	0	0	0	0	0	1	0	28	102	40	0	1	0	2	0	85	49	0	0	0	1	0	14	121	0	0	0	0	0	0	2	101	97	0	1	0	0	0	2	0	113	23	0	1	0	1	0	73	117	0	1	0	0	0	0	45	16	0	1	0	
0	0	0	2	3	3	4	1	0	0	1	1	0	0	0	0	0	2	0	39	112	121	108	34	2	0	50	223	67	43	53	15	0	2	75	87	131	1	0	0	0	21	120	132	141	3	1	1	0	0	4	30	7	0	0	0	0	1	1	0	2	0	0	0	
0	1	0	30	17	0	1	0	2	0	65	191	177	4	0	1	1	0	38	1	144	67	0	3	0	0	3	0	80	66	0	2	0	0	22	8	130	36	0	1	0	27	241	248	205	160	76	0	0	4	110	115	14	49	10	0	0	0	0	0	0	0	0	0	
0	0	1	0	34	71	0	2	0	0	2	0	191	96	0	3	0	3	0	134	174	0	2	0	2	0	53	208	31	47	1	0	4	0	166	202	135	236	80	0	2	0	186	255	185	174	42	0	0	0	22	58	79	27	0	1	0	0	0	0	0	1	1	0	
0	0	0	2	0	0	0	0	0	1	0	32	109	5	0	1	0	1	0	151	189	25	0	1	2	0	58	144	105	46	0	2	3	0	140	115	214	155	9	0	0	0	20	28	160	43	0	1	0	0	2	0	140	32	0	1	0	0	1	1	22	4	0	0	
0	1	4	3	1	0	0	0	0	0	0	0	0	10	10	0	0	38	116	139	162	227	68	0	0	38	118	51	103	198	3	0	0	1	0	10	206	49	0	2	0	4	0	110	166	0	3	0	1	0	3	201	41	0	2	0	1	0	10	137	12	0	0	0	
0	0	1	0	0	2	0	0	1	0	31	95	44	0	1	0	0	10	169	112	157	100	0	1	0	69	146	0	41	231	27	0	0	37	181	0	32	181	0	0	3	0	112	173	160	194	0	1	0	1	0	33	67	193	10	0	0	0	2	0	4	55	2	0	
0	0	0	0	0	2	0	0	0	1	0	29	173	168	28	0	0	3	0	131	139	195	84	0	1	3	0	80	179	141	0	0	0	0	4	116	215	84	0	3	4	171	99	47	196	73	0	3	0	159	202	146	57	0	1	0	0	0	1	0	0	1	0	0	
0	0	3	1	0	0	0	0	0	1	0	45	110	130	67	0	1	0	101	199	107	73	206	18	1	0	204	75	19	181	122	0	3	0	56	255	194	47	0	1	2	0	157	157	174	26	0	2	2	0	126	176	230	115	0	4	0	0	0	42	51	5	0	0	
0	0	0	3	1	0	0	0	0	0	3	0	34	49	0	1	0	2	0	59	227	171	0	3	2	0	94	204	210	147	0	4	2	0	192	240	234	67	0	2	1	0	10	164	140	0	3	0	1	0	25	206	26	0	1	0	1	0	26	68	0	1	0	0	
0	0	0	0	0	0	0	0	0	6	34	86	116	33	0	1	0	43	209	86	38	0	1	0	1	0	141	75	54	19	0	1	4	0	113	155	82	161	18	0	1	0	18	15	0	166	61	0	0	2	0	99	166	128	0	1	0	1	0	22	52	3	0	0	
0	0	0	3	0	0	0	0	0	0	3	0	40	68	2	0	0	2	0	84	180	196	23	0	3	0	108	223	170	150	0	4	3	0	150	225	227	63	0	2	0	1	0	49	167	0	1	0	0	3	0	159	104	0	3	0	0	0	3	92	14	0	0	0	
0	0	0	2	2	0	0	0	1	0	24	178	181	107	6	0	0	0	9	37	15	203	66	0	0	1	9	0	75	196	16	0	0	121	255	184	166	33	0	1	0	104	150	221	107	19	34	0	0	1	0	32	177	157	24	0	0	2	4	1	0	1	0	0	
0	0	0	0	0	0	0	0	1	0	12	148	199	62	0	1	1	0	25	101	193	186	0	1	1	0	31	172	237	138	0	3	1	0	13	96	23	179	78	0	0	92	158	13	14	197	99	0	0	52	169	184	180	106	0	1	0	0	0	3	2	0	1	0	
0	0	2	0	0	2	0	0	0	0	0	109	103	0	1	0	3	0	85	224	177	133	0	1	0	0	144	44	0	149	78	0	0	18	180	7	0	72	110	0	0	0	166	37	0	152	80	0	3	0	82	162	143	128	0	1	0	1	0	34	43	0	1	0	
0	0	1	1	0	1	1	0	0	1	0	33	143	94	0	2	2	0	28	219	125	133	19	0	2	0	55	188	77	214	60	0	1	0	0	215	233	38	0	2	4	0	105	241	172	0	3	0	4	0	116	224	117	0	2	0	0	0	4	38	3	0	0	0	
0	0	1	0	1	0	0	0	0	1	0	87	61	0	2	0	1	0	12	210	183	39	0	2	3	0	97	154	151	62	0	2	4	0	160	222	228	166	0	0	1	0	44	102	209	128	6	0	0	0	1	0	168	42	0	2	0	0	2	3	25	7	0	0	
0	0	0	0	0	2	0	0	0	0	3	0	104	102	0	3	0	1	0	3	229	91	0	4	0	2	0	60	231	17	0	1	0	4	0	110	212	0	1	0	1	0	0	216	139	0	3	0	2	0	31	197	35	0	2	0	0	0	0	0	1	0	0	0	
0	0	0	1	0	0	0	0	0	0	0	7	82	77	18	0	0	2	0	94	66	150	69	0	0	0	2	103	94	78	0	1	0	3	0	161	122	0	4	0	2	0	58	97	98	1	1	0	3	0	79	111	114	1	0	0	0	0	1	48	19	0	1	0	
0	0	1	0	2	0	0	0	0	0	0	23	5	0	0	0	2	0	53	176	122	0	5	1	1	0	49	67	172	3	0	0	0	42	163	200	206	146	146	49	0	47	175	109	9	42	75	21	0	0	12	2	0	0	0	0	0	1	0	2	1	2	3	1	
0	0	0	0	0	0	0	0	0	0	0	68	137	43	0	1	4	0	116	178	63	177	12	0	3	0	70	165	131	128	0	1	0	3	0	143	245	16	0	1	2	0	57	172	98	69	0	2	2	0	32	192	157	20	0	1	0	1	0	38	31	0	1	0	
0	0	1	3	0	0	0	0	0	0	2	0	58	61	0	0	1	0	2	140	168	219	23	0	2	0	142	147	49	222	16	0	0	15	214	172	241	168	0	4	1	0	88	94	151	102	0	4	0	1	0	16	195	23	0	1	0	1	0	28	79	0	1	0	
0	0	0	0	0	2	0	0	0	3	15	11	12	2	0	0	0	15	140	155	162	139	0	0	0	0	3	3	27	162	0	0	0	0	3	0	98	104	0	3	0	1	0	19	167	14	0	1	0	3	0	116	102	0	3	0	0	2	0	107	31	0	1	0	
0	0	1	1	24	3	0	0	0	2	0	51	176	0	1	0	0	2	0	174	105	0	3	0	3	0	68	187	0	33	11	0	4	0	129	104	108	239	109	0	3	0	58	242	237	155	29	0	0	0	0	98	24	0	0	0	0	0	2	1	0	2	2	0	
0	1	0	29	14	0	0	0	1	0	21	131	15	0	3	0	2	0	130	57	0	3	0	0	1	0	147	20	104	190	66	0	4	0	144	88	0	47	146	0	2	0	48	163	44	100	64	0	0	2	0	79	145	71	0	0	0	0	1	1	0	0	1	0	
0	0	1	4	4	2	0	0	0	0	0	0	0	5	5	0	2	0	35	156	126	195	59	0	3	0	157	197	181	189	0	1	0	0	18	0	173	60	0	2	0	3	0	79	177	0	3	0	0	2	0	176	98	0	3	0	0	0	0	136	28	0	1	0	
0	0	0	0	0	0	0	0	0	27	46	90	29	0	1	0	0	170	240	197	204	0	1	0	0	0	111	224	115	0	4	0	2	0	32	199	173	131	12	0	0	1	0	20	14	143	142	0	0	3	0	93	135	153	153	0	0	0	0	2	98	107	11	0	
0	0	0	0	0	0	0	0	0	1	0	35	176	179	11	0	1	0	19	202	147	210	50	0	3	0	106	227	206	110	0	2	2	0	73	116	146	142	0	2	0	32	48	0	97	209	3	0	0	52	182	184	158	23	0	1	0	0	0	3	0	1	0	0	
0	0	2	0	0	0	0	0	0	2	0	74	141	106	83	0	3	0	86	225	183	176	151	5	0	19	239	88	0	34	150	11	0	120	195	0	0	89	151	0	0	178	97	0	26	180	24	0	0	205	48	4	173	85	0	3	0	36	6	21	44	0	1	0	
0	0	0	0	3	18	0	0	0	1	0	36	213	113	0	3	0	1	0	150	130	188	19	0	1	0	41	78	101	176	0	0	3	0	91	198	218	66	0	3	0	16	139	57	160	145	0	4	0	0	79	149	127	29	0	1	0	0	0	0	0	0	0	0	
0	0	0	2	0	0	0	0	0	0	3	0	36	18	0	1	3	0	115	200	255	126	0	4	1	0	22	81	237	80	0	3	0	2	0	49	232	22	0	1	0	3	0	113	207	0	1	0	0	4	0	126	184	0	3	0	0	1	0	36	80	0	1	0	
0	0	1	1	1	1	0	0	0	0	1	4	0	116	27	0	0	0	8	113	55	153	0	1	3	0	137	165	164	127	0	0	0	0	80	162	219	146	37	0	1	0	13	168	57	0	2	0	3	0	126	96	0	6	1	0	0	0	2	0	2	0	0	0	
0	1	1	0	0	0	0	0	1	0	20	94	147	128	12	0	0	44	198	137	64	150	138	0	0	87	63	0	0	56	153	0	0	1	35	32	16	185	183	0	0	40	219	145	247	180	18	0	1	0	155	200	129	3	0	1	1	0	26	46	0	2	2	0	
0	0	1	1	2	2	0	0	0	0	4	32	0	0	0	0	3	0	58	228	180	135	0	1	0	4	189	108	87	187	0	1	0	7	38	0	121	133	0	4	0	1	0	11	202	49	0	2	0	4	0	112	176	0	3	0	0	2	0	60	53	0	2	0	
0	0	0	0	0	0	0	0	0	23	64	73	62	10	0	1	0	50	88	58	83	136	0	2	0	0	2	0	113	93	0	3	0	4	0	83	148	0	1	0	1	0	17	156	9	0	1	0	1	0	27	142	39	30	0	0	0	1	0	47	109	42	0	1	
0	2	1	0	0	0	0	0	0	0	2	16	21	6	0	0	0	65	219	218	236	179	0	0	0	29	66	15	133	211	0	1	0	0	1	0	193	123	0	4	0	4	0	85	215	4	0	1	1	0	0	213	94	0	3	0	1	0	19	153	16	0	1	0	
0	0	0	0	1	0	0	0	0	2	0	120	176	101	1	0	0	0	2	61	84	208	13	0	0	2	0	35	133	43	0	1	1	0	22	144	29	0	1	0	0	8	195	69	12	17	0	0	0	4	128	156	188	110	0	3	0	0	0	0	2	3	0	0	
0	0	0	2	1	0	0	0	0	0	2	0	28	42	0	1	0	2	0	70	172	191	8	0	2	0	59	189	118	146	0	2	3	0	81	202	232	59	0	3	0	2	0	76	196	0	0	0	0	3	0	140	127	0	4	0	0	1	0	65	37	0	1	0	
0	0	0	6	2	1	0	0	1	0	24	110	10	4	0	0	2	0	53	71	131	97	0	2	2	0	42	58	14	129	5	0	2	0	53	84	0	124	9	0	1	0	35	112	25	111	0	2	0	1	0	86	139	30	0	1	0	0	0	3	7	0	0	0	
0	0	0	0	1	1	0	0	0	0	3	0	116	99	0	3	0	1	0	6	222	59	0	3	0	2	0	60	228	13	0	1	0	4	0	141	187	0	3	0	1	0	4	233	111	0	3	0	1	0	28	178	22	0	1	0	0	0	0	0	1	0	0	0	
0	0	0	0	0	0	0	0	0	2	0	52	23	0	1	0	0	3	0	80	69	0	3	0	0	2	0	69	93	0	3	0	0	2	0	47	91	0	3	0	0	1	0	32	82	0	3	0	0	1	0	32	80	0	2	0	0	0	0	5	13	0	0	0	
0	0	0	0	0	0	0	0	0	0	4	5	53	49	0	1	2	0	106	160	227	186	0	3	0	0	8	0	180	114	0	4	0	2	0	48	232	21	0	1	0	4	0	152	176	0	3	0	1	0	20	231	53	0	2	0	1	0	24	90	0	0	0	0	
0	0	0	1	0	0	0	0	0	0	0	6	95	11	0	1	0	0	11	16	131	53	0	2	3	0	68	129	141	63	0	2	1	0	31	118	179	29	0	1	0	0	0	0	133	12	0	0	0	0	0	6	150	13	0	1	0	0	0	0	23	3	0	0	
0	0	2	0	42	54	0	2	0	0	1	0	198	91	0	3	0	3	0	145	168	0	3	0	2	0	59	218	59	106	27	0	1	0	194	213	198	247	127	0	2	0	171	255	237	176	34	0	1	0	16	73	57	10	0	1	0	0	1	0	0	1	2	0	
0	1	2	0	0	0	0	0	0	0	0	23	56	52	4	0	0	9	95	68	23	136	33	0	0	7	32	7	76	72	0	1	3	0	66	143	98	19	0	1	0	0	2	0	25	71	0	2	1	0	27	30	71	35	0	1	1	0	11	67	47	0	1	0	
0	0	1	1	1	0	0	0	0	0	3	9	0	0	0	0	1	0	81	154	42	0	4	0	0	8	8	144	54	0	2	0	0	63	217	195	107	104	142	57	0	12	38	22	81	74	46	8	0	0	0	0	0	0	0	0	0	1	2	1	3	3	2	0	
0	0	0	0	0	0	0	0	1	0	151	167	12	0	1	0	1	0	192	73	0	1	1	0	3	0	151	113	122	64	0	1	2	0	52	183	137	161	25	0	0	0	3	20	0	96	82	0	0	0	0	142	160	184	46	0	0	0	0	2	11	4	0	0	
0	0	0	0	1	1	1	0	0	0	0	0	7	134	13	0	0	0	3	0	135	163	0	3	0	1	0	20	221	47	0	2	0	3	0	116	173	0	3	0	2	0	40	234	59	0	2	0	4	0	114	153	0	2	0	0	0	0	0	0	1	0	0	0	
0	0	0	0	0	0	0	0	0	0	4	68	44	8	0	0	0	0	1	81	208	123	0	4	0	0	2	0	168	67	0	3	0	3	0	76	159	0	2	0	0	1	0	170	54	0	2	0	3	0	77	136	0	3	0	0	1	0	47	19	0	1	0	0	
0	0	1	5	4	3	2	1	0	0	0	0	0	0	0	0	1	0	37	119	115	143	146	42	4	0	118	255	152	45	40	9	0	11	21	0	141	95	0	3	0	27	162	130	178	91	0	3	1	0	16	60	38	0	1	0	0	0	1	0	1	2	0	0	
0	0	1	1	0	0	0	0	0	1	2	0	18	71	0	1	1	0	13	148	46	176	0	0	1	0	164	189	85	154	0	2	0	101	255	171	172	179	0	2	0	20	38	0	96	143	0	4	0	0	3	0	93	88	0	3	0	1	2	0	5	6	0	0	
0	0	1	4	3	2	2	1	0	0	2	0	0	0	0	0	1	0	6	108	152	150	127	35	2	0	157	147	29	26	34	14	0	9	145	128	97	8	0	1	0	18	119	152	235	66	0	3	1	0	11	55	32	0	0	0	0	0	1	0	0	0	0	0	
0	0	0	0	0	0	0	0	0	2	7	0	41	43	0	2	0	5	140	0	97	94	0	3	0	32	169	42	158	99	0	4	0	14	130	100	149	137	0	4	0	0	1	0	25	166	0	0	0	0	3	4	0	162	33	0	0	0	0	0	0	25	8	0	
0	0	0	3	24	1	1	0	0	4	0	103	255	100	0	2	2	0	51	240	199	255	65	0	0	6	209	174	0	176	144	0	0	129	221	3	0	177	156	0	0	146	226	161	233	208	40	0	0	22	139	164	104	5	0	0	0	0	0	0	0	1	2	0	
0	0	0	0	0	0	0	0	0	3	0	90	84	0	3	0	0	4	0	148	165	0	4	0	0	4	0	113	173	0	3	0	0	3	0	91	217	0	0	1	0	2	0	33	225	25	0	1	0	0	0	4	144	28	0	1	0	0	0	0	0	0	0	0	
0	0	0	3	4	4	3	2	0	0	2	0	0	0	0	0	0	0	0	99	139	112	93	53	1	0	155	198	82	59	76	34	0	0	175	170	144	66	0	2	2	0	64	160	222	175	0	3	0	0	0	6	20	4	0	0	0	0	3	1	0	0	0	0	
0	1	0	0	0	0	0	0	0	1	40	66	118	71	0	2	0	158	228	244	255	122	0	4	4	47	92	255	211	62	5	0	2	0	40	131	132	227	158	0	0	67	107	110	154	232	145	0	0	46	131	130	137	85	1	0	0	0	0	0	0	0	2	0	
0	0	1	0	0	0	2	0	0	2	0	56	103	42	0	0	3	0	72	238	181	250	117	0	0	12	226	100	0	94	231	13	0	132	197	0	0	73	241	28	0	144	220	108	174	232	86	0	0	22	172	206	146	32	0	2	0	0	0	0	0	1	2	0	
0	0	0	0	0	0	0	0	0	0	0	140	25	0	1	0	0	1	0	193	73	0	2	0	0	4	0	149	177	0	3	0	0	2	0	54	206	7	0	1	0	0	0	0	213	96	0	4	0	0	2	0	101	76	0	3	0	0	0	0	1	0	0	0	
0	0	0	0	0	0	0	0	1	0	25	119	165	84	0	2	3	0	180	162	123	122	0	2	3	0	78	192	181	41	0	2	0	0	0	213	234	36	0	2	3	0	75	194	98	187	0	3	1	0	21	199	202	84	0	2	0	1	0	31	30	0	0	0	
0	0	0	0	0	0	0	0	0	2	0	55	76	0	1	0	0	4	0	144	230	0	0	0	0	4	0	138	225	0	0	0	0	4	0	138	227	0	0	0	0	3	0	73	252	28	0	2	0	1	0	13	207	36	0	2	0	0	0	0	26	3	0	0	
0	0	1	0	1	0	0	0	0	0	0	19	2	86	19	0	1	0	21	134	62	156	0	2	4	0	135	146	145	115	0	3	0	28	220	177	233	199	120	0	0	10	12	32	196	11	0	0	0	2	0	49	154	0	2	0	0	0	0	5	19	0	1	0	
0	1	3	2	0	2	1	0	1	0	0	0	0	0	0	0	0	29	87	112	119	109	9	0	38	101	56	29	0	126	50	0	7	3	0	0	17	122	2	0	0	2	5	0	103	70	0	3	0	2	0	51	111	0	1	0	1	0	10	130	19	0	1	0	
0	0	1	2	0	0	0	0	0	2	0	9	144	201	34	0	1	0	0	179	211	233	138	0	0	0	173	225	3	193	184	0	0	146	215	8	0	217	128	0	0	180	135	99	224	179	6	0	0	113	231	197	56	0	1	0	0	0	0	0	0	2	1	0	
0	0	0	0	0	0	0	0	0	0	0	14	62	0	1	0	0	1	0	35	130	0	3	0	0	1	0	34	127	0	3	0	0	1	0	35	128	0	3	0	0	1	0	35	130	0	3	0	0	1	0	32	109	0	3	0	0	0	0	4	8	0	0	0	
0	0	0	0	0	0	0	0	1	0	4	148	213	97	0	2	1	0	13	69	152	198	0	2	2	0	108	189	250	109	0	3	2	0	112	116	97	229	28	0	0	3	31	42	176	207	7	0	0	21	198	216	138	17	0	1	0	0	0	0	0	1	1	0	
0	0	0	0	0	0	0	0	2	0	56	127	64	0	1	0	0	29	190	65	178	42	0	2	0	11	109	127	212	33	0	2	1	0	2	135	240	115	0	3	0	0	4	183	24	151	25	0	0	1	0	139	130	107	11	0	0	0	0	7	56	14	0	1	
0	0	1	1	0	0	0	0	0	1	0	27	139	90	0	1	1	0	26	187	109	219	96	0	3	0	81	153	39	191	29	0	1	0	0	196	219	26	0	2	3	0	106	184	177	1	1	0	1	0	180	182	136	0	1	0	1	0	16	59	9	0	0	0	
0	0	2	3	0	0	0	0	0	0	1	0	88	105	3	0	2	0	61	122	35	143	19	0	3	0	94	136	54	115	0	3	0	2	0	132	201	3	0	1	0	1	0	108	179	38	0	2	0	0	9	150	160	42	0	2	0	1	0	38	39	0	1	0	
0	0	0	0	1	2	0	0	0	0	3	0	82	123	0	3	0	0	3	0	171	90	0	3	0	2	0	51	212	14	0	1	0	4	0	161	139	0	3	0	1	0	17	227	51	0	11	2	2	0	57	148	0	1	2	1	0	0	0	0	1	0	0	0	
0	0	0	0	0	0	0	0	0	0	0	4	104	5	0	0	0	2	0	68	171	0	2	0	0	3	0	94	116	0	4	0	0	4	0	122	88	0	3	0	0	4	0	125	91	0	3	0	0	3	0	94	53	0	2	0	0	0	0	0	0	0	0	0	
0	0	0	8	23	0	0	0	0	2	0	89	227	102	0	3	0	3	3	0	85	205	0	1	0	0	13	0	143	157	0	3	0	100	225	232	255	105	16	0	0	210	254	158	97	199	161	0	0	44	28	0	0	1	6	0	0	0	0	3	4	2	0	0	
0	0	0	0	0	0	0	0	0	0	2	0	94	65	0	2	0	0	1	0	183	69	0	3	0	2	0	70	186	0	0	0	0	3	0	177	122	0	4	0	2	0	42	222	31	0	1	0	3	0	79	115	0	3	0	0	0	0	0	1	1	0	0	0	
0	0	0	0	0	0	0	0	2	0	36	150	111	6	0	1	1	0	30	61	181	81	0	3	0	0	18	0	141	99	0	4	0	75	199	227	240	84	41	11	0	112	208	129	112	176	182	23	0	1	7	0	0	0	0	0	0	1	0	4	4	2	1	1	
0	0	0	2	1	0	0	0	0	0	3	0	70	120	0	0	0	2	0	54	226	248	57	0	1	0	8	205	53	143	74	0	4	0	124	148	14	165	3	0	0	0	192	75	161	58	0	2	1	0	175	196	59	0	2	0	1	0	24	26	0	2	0	0	
0	1	5	5	1	0	0	0	0	11	163	186	183	147	26	0	0	1	0	5	154	255	68	0	0	51	157	201	255	83	0	3	0	51	117	75	156	177	4	0	0	12	46	16	42	248	86	0	0	28	190	203	206	155	18	0	0	0	0	1	0	0	0	0	
0	0	3	1	0	1	0	0	0	0	0	11	27	0	0	0	0	0	80	101	137	68	0	3	0	28	92	0	50	105	0	4	0	0	3	0	79	72	0	3	0	0	4	0	117	23	0	1	0	1	0	39	119	0	2	0	0	2	0	62	52	0	2	0	
0	0	0	0	1	0	0	0	0	0	2	0	52	108	0	3	0	0	3	0	158	119	0	4	0	1	0	24	210	29	0	2	0	3	0	138	156	0	3	0	1	0	15	223	50	0	2	0	2	0	34	161	3	0	0	0	0	0	0	0	0	0	0	0	
0	0	3	1	0	0	0	0	0	2	0	62	100	122	75	0	2	0	72	230	241	207	87	0	2	0	182	255	174	24	0	1	0	100	60	30	128	188	19	0	0	160	149	14	14	202	47	0	0	29	172	229	228	138	0	1	0	0	0	28	26	0	0	0	
0	0	0	0	0	0	0	0	1	0	18	172	199	109	3	0	1	0	19	70	60	224	24	0	1	0	34	103	181	103	0	2	1	0	33	114	192	58	0	2	0	49	144	23	188	116	0	4	0	33	185	190	107	1	0	0	0	0	0	0	0	1	0	0	
0	0	0	1	2	3	0	0	0	3	0	86	114	0	2	0	0	0	1	173	176	79	0	1	3	0	75	116	2	162	36	0	4	0	106	53	0	95	18	0	3	0	77	103	42	119	0	3	0	0	3	125	142	24	0	1	0	0	1	1	2	1	0	0	
0	0	2	0	40	56	0	2	0	1	0	15	193	66	0	2	0	1	0	177	87	0	3	0	3	0	98	156	72	90	2	0	1	0	192	184	124	220	87	0	0	0	206	204	137	136	16	0	1	0	28	85	48	0	0	0	0	0	0	0	0	2	1	0	
0	0	0	0	0	0	1	0	1	0	5	120	121	79	4	0	3	0	72	195	19	169	109	0	1	0	32	172	127	181	43	0	0	1	0	193	247	19	0	1	3	0	85	145	154	106	0	3	4	0	92	186	183	74	0	3	0	0	1	43	24	0	0	0	
0	0	2	3	0	0	0	0	0	0	0	1	11	9	0	0	2	0	40	168	228	160	0	3	2	0	102	106	115	144	0	4	0	0	1	0	170	51	0	2	0	3	0	78	170	0	2	0	1	0	0	189	69	0	2	0	2	0	42	136	0	1	0	0	
0	0	0	0	0	0	0	0	1	0	12	70	8	32	11	0	4	0	93	178	155	193	10	0	1	0	129	16	67	120	0	4	0	24	107	30	161	171	3	0	0	5	88	132	188	26	0	0	0	1	0	31	140	0	2	0	0	1	0	18	63	0	1	0	
0	0	0	3	3	0	0	0	0	1	0	100	195	53	0	2	0	0	1	0	168	125	0	4	2	0	115	216	223	20	0	1	1	0	42	56	160	97	0	3	0	31	55	0	145	153	0	4	0	36	185	177	157	17	0	1	0	0	3	6	0	0	0	0	
0	2	0	0	0	3	0	0	0	0	47	55	13	0	0	0	0	139	234	221	228	99	0	1	19	240	114	0	118	255	39	0	0	83	206	182	216	246	23	0	1	0	8	93	112	220	41	0	0	3	2	0	12	242	80	0	0	0	1	4	0	86	39	0	
0	0	1	2	0	3	2	0	0	0	1	0	2	113	18	0	1	0	25	25	73	152	0	4	4	0	129	105	139	70	0	3	0	48	221	174	232	156	140	13	0	56	39	78	171	14	33	2	0	3	0	86	88	0	3	0	0	2	3	0	1	1	1	0	
0	0	0	0	0	0	0	0	0	0	50	102	120	69	0	0	0	84	177	61	54	174	51	0	0	38	187	47	48	124	0	0	1	0	22	199	250	59	0	3	1	0	42	154	41	201	33	0	2	0	39	173	153	160	10	0	0	1	0	19	51	8	0	0	
0	0	1	3	0	0	0	0	0	0	1	0	50	34	0	1	1	0	16	141	186	192	0	0	1	0	169	109	133	158	0	3	0	5	172	158	231	48	0	2	0	0	0	65	166	0	1	0	0	4	0	135	105	0	3	0	0	1	0	58	30	0	1	0	
0	0	0	0	0	0	0	0	0	0	3	0	118	98	0	3	0	0	1	0	218	128	0	4	0	3	0	105	255	35	0	2	1	0	20	242	138	0	3	0	4	0	106	255	27	0	2	0	2	0	54	153	0	1	0	0	0	0	0	0	1	0	0	0	
0	0	1	0	18	21	0	1	0	0	1	0	165	64	0	2	0	3	0	107	159	0	2	0	1	0	23	219	54	0	1	0	4	0	98	229	187	93	0	3	4	0	118	191	162	123	0	4	1	0	5	128	110	1	0	0	0	0	1	0	0	0	0	0	
0	0	1	0	0	2	0	0	0	0	0	50	24	0	1	0	1	0	33	157	120	65	0	1	3	0	97	71	0	155	6	0	3	0	99	113	156	112	0	4	0	0	8	40	142	41	0	2	0	0	2	0	138	23	0	1	0	0	2	0	62	22	0	1	
0	0	1	3	0	0	0	0	0	0	1	0	13	30	51	15	0	0	5	115	169	160	149	49	4	0	141	237	56	0	1	0	0	15	42	46	155	74	0	4	0	50	156	44	130	169	0	3	1	0	53	120	128	31	0	1	0	1	0	0	0	0	0	0	
0	0	0	3	50	10	0	0	0	2	0	114	128	5	0	1	2	0	51	168	0	2	1	0	4	0	123	103	15	37	0	1	3	0	138	135	142	144	39	0	3	0	83	237	70	159	43	0	0	0	2	83	119	46	0	1	0	0	1	0	0	1	1	0	
0	0	0	1	1	0	0	0	0	0	8	0	81	100	0	3	0	0	5	2	201	66	0	3	0	3	0	97	206	0	1	0	0	2	0	194	102	0	3	0	2	0	32	227	27	0	1	0	3	0	65	150	0	2	0	0	0	0	3	1	0	0	0	0	
0	0	0	0	0	0	0	0	0	0	3	93	123	44	0	1	2	0	64	86	99	150	0	4	2	0	41	148	178	15	0	1	2	0	41	96	140	49	0	2	0	0	48	0	116	92	0	3	3	0	123	143	158	30	0	1	0	0	4	58	21	0	1	0	
0	0	1	2	0	1	0	0	0	0	1	0	59	21	0	1	1	0	14	138	187	162	0	2	1	0	163	83	107	173	0	3	0	0	161	152	224	51	0	2	0	0	2	62	168	0	1	0	0	4	0	129	96	0	3	0	0	1	0	59	13	0	0	0	
0	0	0	0	0	0	0	0	0	1	0	22	76	0	1	0	0	2	0	124	189	0	1	0	0	1	0	40	129	0	2	0	0	2	0	47	120	0	3	0	0	2	0	53	117	0	3	0	0	2	0	96	138	0	3	0	0	0	0	32	34	0	0	0	
0	0	1	2	0	0	0	0	0	1	0	12	129	130	12	0	1	0	19	184	116	211	156	0	4	0	163	105	87	209	35	0	3	0	96	210	188	27	0	1	3	0	82	255	59	0	5	0	4	0	159	234	17	0	1	0	1	0	18	28	0	1	0	0	
0	0	0	0	0	0	0	0	0	0	7	35	41	25	38	0	1	0	22	51	13	38	98	0	0	0	1	0	25	74	8	0	0	2	0	43	75	4	0	1	1	0	56	78	0	1	1	0	0	57	124	10	0	1	0	0	3	49	5	0	1	0	0	0	
0	0	0	0	1	0	0	0	0	0	2	0	68	127	0	3	0	0	3	0	159	100	0	4	0	2	0	40	199	8	0	1	0	3	0	135	140	0	4	0	1	0	12	207	38	0	2	0	1	0	35	152	0	0	0	0	0	0	0	0	1	0	0	0	
0	0	0	0	2	2	0	0	0	10	78	116	17	0	1	0	0	60	190	106	154	86	0	2	1	0	45	206	218	31	0	2	1	0	27	113	53	141	2	0	1	0	17	149	0	93	79	0	0	2	0	72	167	166	49	0	0	0	1	0	31	34	0	1	
0	0	0	0	1	0	0	0	0	0	2	0	91	116	0	3	0	0	0	0	209	101	0	4	0	2	0	58	225	8	0	1	0	4	0	143	182	0	3	0	0	2	0	201	111	0	3	0	0	0	0	155	40	0	2	0	0	0	0	0	0	0	0	0	
0	0	0	0	0	0	0	0	0	15	25	94	140	163	50	0	0	86	255	242	188	174	69	0	0	0	68	185	40	0	1	0	0	2	0	34	137	79	0	1	0	21	148	0	86	229	9	0	0	3	156	222	245	98	0	2	0	0	1	36	25	0	0	0	
0	0	1	1	0	0	0	0	0	2	0	44	218	91	0	3	1	0	28	213	150	177	0	0	0	0	15	25	38	176	0	0	1	0	78	150	224	83	0	3	0	106	248	224	182	191	68	0	0	121	175	30	0	39	23	0	0	0	0	0	2	0	0	0	
0	0	3	1	0	1	0	0	0	0	0	6	11	4	2	0	1	0	58	116	56	127	6	0	0	18	160	48	149	112	0	4	1	0	58	78	154	40	0	2	0	1	0	21	127	0	1	0	0	3	0	83	102	0	3	0	0	2	0	77	50	0	2	0	
0	1	3	0	0	0	0	0	0	0	0	5	7	14	3	0	0	16	157	188	192	211	14	0	0	16	85	15	123	174	0	3	0	0	0	0	196	73	0	3	0	3	0	65	207	1	0	1	0	3	0	173	132	0	3	0	0	1	0	133	41	0	1	0	
0	1	3	4	4	2	0	0	0	0	0	0	0	0	0	0	0	97	158	130	140	55	0	2	0	15	68	91	156	108	0	4	0	0	3	0	96	70	0	3	0	1	6	0	111	50	0	2	0	0	2	0	119	27	0	1	0	0	1	0	114	16	0	1	
0	0	0	0	8	93	8	0	0	0	4	0	122	168	0	1	0	2	0	54	188	6	0	1	1	0	1	190	107	9	0	1	3	0	89	240	170	219	17	0	4	0	160	255	174	137	4	0	1	0	27	81	52	0	1	0	0	0	0	0	0	3	0	0	
0	0	0	0	0	0	0	0	2	0	46	97	97	0	0	0	3	0	101	103	48	11	0	0	0	1	0	112	162	7	0	1	0	3	0	71	158	64	0	3	0	1	0	111	42	85	0	2	0	3	0	95	143	32	0	2	0	0	0	11	31	0	0	0	
0	0	1	0	3	2	0	0	0	1	0	93	174	119	0	1	3	0	83	160	3	136	13	0	2	0	60	153	122	110	1	0	2	0	37	255	114	0	9	0	0	2	167	154	98	112	70	0	0	1	130	175	32	85	42	0	0	0	3	6	0	0	0	0	
0	1	2	1	0	0	0	0	0	1	0	14	71	58	0	0	0	41	186	174	155	183	95	0	0	182	255	212	105	9	0	1	0	50	22	39	145	225	67	0	0	0	32	7	0	94	179	0	2	0	84	148	80	189	98	0	0	1	0	48	121	87	0	1	
0	0	0	3	1	0	0	0	0	0	2	0	31	132	38	0	0	2	0	75	174	180	70	0	1	0	27	199	122	144	17	0	3	0	53	233	171	57	0	1	3	0	128	248	64	0	3	0	2	0	164	210	34	0	1	0	1	0	26	38	0	1	0	0	
0	0	0	0	0	0	0	0	0	2	0	78	84	0	3	0	0	4	0	128	145	0	4	0	0	3	0	101	171	0	3	0	0	3	0	106	150	0	4	0	0	3	0	70	205	1	0	1	0	1	0	9	179	36	0	2	0	0	0	0	0	0	0	0	
0	0	1	1	1	4	1	0	0	0	2	0	23	102	0	1	1	0	18	4	102	94	0	3	3	0	121	64	147	18	0	1	0	50	186	154	203	138	36	0	0	10	0	127	104	0	5	0	0	1	0	117	29	0	1	0	0	0	1	3	0	1	0	0	
0	0	1	1	0	2	0	0	0	1	0	36	76	2	0	0	2	0	42	133	124	102	0	0	0	0	147	35	96	146	0	3	1	0	108	121	164	65	0	3	0	0	1	0	123	24	0	1	0	1	0	26	159	4	0	1	0	0	0	6	76	11	0	1	
0	0	0	0	4	4	0	0	0	2	0	52	228	158	0	1	0	3	0	183	121	202	59	0	0	0	22	20	23	204	31	0	0	98	190	211	254	182	19	0	0	200	219	201	118	180	153	0	0	34	77	9	0	0	0	0	0	0	0	1	4	2	0	0	
0	0	3	0	0	0	0	0	0	1	0	36	47	49	3	0	0	0	117	155	219	186	0	1	0	6	214	146	221	81	0	3	1	0	8	202	237	11	0	1	0	4	0	92	255	75	0	3	0	2	0	47	255	119	0	4	0	0	0	0	87	35	0	1	
0	0	0	3	2	0	0	0	1	0	14	169	184	25	0	1	0	0	12	9	146	149	0	6	0	0	5	0	164	101	0	3	0	25	181	222	250	157	132	49	0	53	247	173	53	101	149	48	0	8	38	3	0	0	0	0	0	0	0	2	3	3	5	2	
0	0	0	0	11	5	0	0	0	0	3	101	116	36	0	1	2	0	67	131	25	99	18	0	0	1	0	148	193	13	0	1	1	0	9	168	138	24	0	1	2	0	53	177	107	97	0	4	0	0	0	130	162	23	0	1	0	0	0	2	5	0	0	0	
0	0	1	1	0	1	0	0	0	1	0	53	111	15	0	1	1	0	10	209	255	195	0	0	3	0	83	142	0	166	48	0	4	0	125	83	0	152	60	0	3	0	162	63	115	151	0	2	3	0	84	211	186	7	0	1	0	0	3	42	14	0	1	0	
0	2	0	0	0	2	1	0	0	3	40	32	35	3	1	0	0	89	197	124	181	153	0	0	0	200	44	0	0	195	113	0	0	123	192	52	0	88	202	0	1	0	58	160	199	228	139	0	0	2	0	0	59	66	1	0	0	0	3	2	0	0	1	0	
0	0	0	0	0	0	0	0	0	1	0	27	98	0	0	0	0	4	0	114	220	0	0	0	0	4	0	122	160	0	4	0	0	4	0	121	133	0	4	0	0	4	0	122	167	0	3	0	0	4	0	115	164	0	3	0	0	1	0	17	12	0	0	0	
0	1	0	2	3	3	0	0	0	1	2	0	0	0	0	0	0	41	200	116	170	120	0	2	0	122	156	16	46	189	62	0	0	144	44	0	4	177	31	0	1	9	4	0	81	170	0	3	0	1	3	0	178	96	0	4	0	1	0	2	128	18	0	1	
0	0	1	5	0	1	0	0	0	3	157	177	109	1	0	0	0	7	53	5	144	103	0	3	0	0	2	0	63	123	0	4	0	1	1	31	164	103	0	4	3	0	65	227	212	192	37	0	3	0	63	182	18	70	60	0	0	0	0	0	1	1	0	0	
0	0	0	0	0	0	0	0	0	1	0	77	56	0	1	0	1	0	16	215	204	15	0	1	3	0	81	131	149	11	0	0	3	0	161	130	196	69	1	0	1	0	48	108	182	91	22	0	0	1	0	33	122	0	3	0	0	0	1	7	19	2	1	0	
0	0	0	0	0	0	0	0	0	3	87	132	101	6	0	0	0	29	84	39	184	33	0	1	0	4	11	131	230	107	0	2	0	0	118	108	29	186	8	0	0	0	6	0	84	159	0	2	0	0	164	177	178	27	0	1	0	0	25	61	20	0	1	0	
0	0	0	1	0	0	0	0	0	0	1	0	95	35	0	1	0	2	0	58	188	1	0	1	0	4	0	134	113	0	4	0	0	3	0	161	67	0	2	0	0	2	0	146	50	0	2	0	0	3	0	77	83	0	3	0	0	0	0	4	10	0	0	0	
0	0	2	1	0	0	0	0	0	0	1	0	12	123	2	0	2	0	65	29	26	145	0	2	4	0	122	100	40	135	0	3	2	0	147	165	187	100	0	4	0	4	47	0	128	86	0	3	0	0	3	0	107	45	0	2	0	0	2	0	0	0	0	0	
0	0	3	7	0	1	0	0	0	10	131	147	139	20	0	1	0	5	24	0	96	142	0	3	0	0	0	0	33	155	0	1	2	0	69	131	167	165	0	3	0	19	183	34	169	206	31	0	0	0	122	158	51	46	54	0	0	0	2	2	0	0	0	0	
0	0	0	0	0	0	0	0	0	0	18	64	78	127	58	0	0	4	174	155	138	80	16	0	0	19	220	146	152	116	0	0	0	7	111	63	7	161	111	0	1	0	17	20	0	172	83	0	3	0	115	204	181	126	0	2	0	1	0	26	50	2	0	0	
0	0	2	0	0	0	0	0	0	1	0	34	114	119	5	0	2	0	130	185	175	226	9	0	1	0	83	143	223	152	0	2	2	0	141	146	135	201	0	0	0	19	2	13	192	92	0	3	0	109	179	183	98	0	1	0	0	8	52	11	0	2	0	0	
0	1	0	42	44	0	1	0	0	2	0	137	47	0	1	0	1	0	37	130	0	2	0	0	3	0	83	85	77	109	0	1	3	0	89	94	206	187	0	3	1	0	18	176	202	27	0	2	0	1	0	25	41	0	1	0	0	0	1	1	1	2	0	0	
1	0	27	21	0	2	0	0	3	0	80	216	74	0	3	0	0	2	0	45	194	39	0	3	2	0	81	163	212	180	4	0	0	32	211	79	100	254	187	22	0	56	213	110	207	75	89	56	0	0	68	128	51	0	1	0	0	0	0	0	0	2	3	2	
0	0	2	4	3	0	0	0	0	0	0	0	1	8	0	0	0	62	203	85	112	167	0	2	0	53	198	120	186	168	0	3	0	0	4	0	149	110	0	4	0	0	1	0	193	48	0	2	0	2	0	46	194	2	0	1	0	2	0	69	106	0	3	0	
0	0	0	0	0	0	0	0	0	2	0	63	95	0	2	0	0	4	0	129	172	0	3	0	0	4	0	123	142	0	4	0	0	4	0	124	178	0	3	0	0	4	0	125	177	0	3	0	0	2	0	60	158	0	2	0	0	0	0	3	25	0	0	0	
0	0	1	3	0	0	0	0	0	0	0	3	130	78	0	2	1	0	13	155	222	141	0	3	2	0	42	219	164	51	0	2	0	3	0	73	252	87	0	3	1	0	10	121	131	131	0	4	3	0	63	196	147	29	0	1	0	0	4	51	21	0	1	0	
0	0	2	0	0	0	0	0	0	1	0	62	44	100	6	0	3	0	75	218	80	225	11	0	0	0	193	67	48	205	0	0	0	63	249	36	133	179	0	3	0	8	164	222	233	160	0	4	0	0	3	0	63	181	0	1	0	1	3	0	5	36	2	0	
0	0	2	1	0	0	0	0	0	0	0	22	17	0	0	0	2	0	74	153	214	141	0	3	3	0	161	36	135	166	0	4	2	0	55	151	205	82	0	3	0	0	1	0	165	41	0	2	0	0	0	12	173	13	0	1	0	1	0	23	121	0	1	0	
0	0	0	0	0	0	0	0	1	0	37	82	31	0	1	0	1	0	60	86	150	48	0	2	0	0	3	0	124	52	0	2	0	0	0	10	153	10	0	1	0	2	0	46	136	0	2	0	0	4	0	119	100	0	3	0	0	2	0	67	33	0	1	0	
0	0	1	1	0	0	0	0	0	1	0	41	125	30	0	1	2	0	31	233	255	232	29	0	4	0	123	203	33	164	75	0	3	0	170	84	0	194	40	0	1	0	185	24	152	171	0	3	3	0	106	199	179	25	0	1	0	0	4	50	13	0	1	0	
0	0	1	1	1	1	1	0	0	1	0	116	176	17	0	1	3	0	75	125	101	195	5	0	2	0	153	47	0	130	69	0	0	0	157	25	0	111	72	0	3	0	123	97	6	171	23	0	1	0	18	141	171	76	0	2	0	0	1	1	4	0	1	0	
0	0	0	0	0	0	0	0	0	1	0	23	163	9	0	1	0	2	0	62	202	0	0	0	0	3	0	82	148	0	4	0	0	4	0	124	153	0	4	0	0	4	0	166	130	0	4	0	0	0	0	156	49	0	2	0	0	0	1	3	0	0	0	0	
0	0	0	0	0	0	0	0	0	0	3	0	91	69	0	3	0	0	0	0	146	30	0	1	0	1	0	46	125	0	3	0	0	3	0	109	65	0	2	0	0	0	0	139	17	0	1	0	0	0	0	130	21	0	1	0	0	0	0	0	0	0	0	0	
0	0	1	1	0	1	0	0	0	20	164	193	146	30	0	2	0	76	137	9	143	170	0	3	0	1	7	0	39	178	0	1	0	1	1	0	132	127	0	4	2	0	120	238	255	178	4	0	3	0	133	197	21	165	57	0	0	0	0	0	0	0	0	0	
0	1	2	0	0	0	0	0	1	0	7	90	131	100	71	0	0	16	156	113	65	48	38	0	0	57	205	39	1	0	0	0	1	0	61	143	166	88	0	1	0	0	1	0	0	186	96	0	1	0	23	146	153	146	32	0	0	0	0	44	46	0	0	0	
0	0	0	0	0	0	0	0	0	50	140	127	91	18	0	1	0	49	52	102	249	54	0	2	2	0	88	212	197	181	41	0	0	0	77	38	0	139	102	0	0	2	2	0	90	212	47	0	0	64	175	161	176	45	0	2	0	6	50	33	0	1	1	0	
0	0	1	0	0	0	0	0	0	0	4	1	48	31	0	1	2	0	66	36	79	31	0	1	3	0	114	49	99	56	0	0	1	0	24	95	173	77	0	0	0	0	0	2	109	5	0	0	0	0	0	10	95	0	0	0	0	0	0	0	17	1	0	0	
0	0	1	1	0	0	0	0	0	0	2	0	54	42	0	2	2	0	49	58	100	82	0	3	4	0	147	82	129	61	0	2	0	0	140	124	197	37	0	2	0	0	2	0	143	24	0	1	0	1	0	19	171	6	0	0	0	0	0	5	29	0	0	0	
0	1	2	0	0	0	0	0	0	0	1	0	81	25	0	1	0	24	112	1	170	39	0	1	0	121	86	0	87	130	0	3	0	63	148	105	109	193	27	0	1	0	26	66	20	108	99	0	0	1	0	3	0	80	98	0	0	0	1	3	0	12	8	0	
0	2	2	0	0	0	0	0	0	1	0	28	75	78	81	8	0	83	202	171	119	145	121	7	0	15	193	148	61	29	0	1	2	0	121	167	140	178	47	0	0	1	1	2	0	171	80	0	1	0	132	150	199	155	0	1	0	0	75	100	63	4	0	0	
0	0	2	2	0	0	0	0	0	0	0	1	18	11	0	0	1	0	47	165	223	119	0	3	0	28	177	94	162	44	0	2	0	2	0	42	175	0	1	0	0	3	0	89	155	0	3	0	0	4	0	114	112	0	4	0	0	2	0	74	74	0	2	0	
0	1	0	44	70	0	1	0	0	0	0	176	69	0	3	0	3	0	85	151	0	3	0	0	2	0	164	40	44	203	64	0	0	17	180	0	184	255	57	0	0	0	152	178	235	74	0	3	1	0	8	59	36	0	2	0	0	0	1	0	1	2	0	0	
0	0	1	2	0	1	1	0	0	1	0	10	141	62	0	2	1	0	3	190	255	172	5	0	3	0	134	161	21	174	45	0	0	21	200	15	17	172	5	0	0	42	205	0	143	117	0	3	1	0	149	195	133	3	0	0	1	0	14	52	2	1	0	0	
0	1	2	2	1	0	0	0	0	0	0	0	0	12	1	0	0	36	162	153	182	163	0	2	0	26	50	19	174	92	0	3	0	1	0	18	184	15	0	1	0	4	0	92	147	0	3	0	0	2	0	166	70	0	2	0	0	0	0	126	16	0	1	0	
0	0	0	0	2	0	0	0	0	0	0	137	212	125	0	1	2	0	76	143	32	221	35	0	0	0	6	0	48	197	9	0	0	104	102	13	194	80	0	3	0	127	255	249	130	0	3	0	0	4	44	103	182	131	0	1	0	1	0	0	2	7	0	0	
0	0	0	0	0	0	0	0	0	1	0	29	149	79	0	1	3	0	55	239	173	193	0	1	1	0	1	135	214	85	0	3	0	2	0	112	253	77	0	3	3	0	107	121	58	184	0	3	4	0	113	141	154	71	0	2	0	0	3	60	37	0	1	0	
0	0	0	0	0	1	0	0	0	6	97	129	66	0	1	0	0	13	218	120	93	56	0	1	1	0	22	148	90	36	0	1	1	0	23	146	228	84	0	3	3	0	95	125	6	153	0	0	1	0	6	128	127	178	13	0	0	0	0	8	63	32	0	1	
0	0	3	1	0	0	1	0	0	2	0	28	138	121	5	0	3	0	92	220	176	255	138	0	0	35	231	64	0	127	166	0	0	144	126	0	0	147	159	0	0	183	105	0	83	206	28	0	0	67	219	187	185	28	0	2	1	0	31	58	8	0	2	0	
0	0	0	0	0	0	0	0	0	0	4	18	11	0	0	0	0	8	117	123	186	141	0	3	0	2	11	0	159	105	0	3	0	1	0	29	186	9	0	1	0	3	0	108	122	0	3	0	0	1	0	171	36	0	1	0	1	0	20	144	9	0	1	0	
0	0	0	0	0	0	0	0	0	0	0	0	147	36	0	2	0	1	0	9	192	27	0	1	0	2	0	43	186	0	0	0	0	3	0	89	149	0	4	0	0	4	0	150	116	0	4	0	0	3	0	128	73	0	2	0	0	0	0	0	1	0	0	0	
0	0	2	0	0	0	0	0	0	1	0	84	144	152	67	0	3	0	99	153	57	70	161	40	0	35	163	0	3	0	137	54	0	97	108	0	0	104	149	0	0	138	90	0	124	151	3	0	0	42	177	163	105	1	1	1	0	0	13	14	0	2	1	0	
0	0	0	0	0	1	0	0	0	1	76	135	88	0	1	0	0	92	193	25	140	84	0	3	0	23	47	0	24	141	0	2	0	1	0	40	95	120	0	2	1	0	10	202	236	82	0	4	0	0	12	52	43	157	0	1	0	0	0	0	1	24	1	0	
0	2	13	12	0	0	0	0	0	46	119	127	109	2	0	0	0	1	3	0	118	51	0	2	0	0	5	0	110	76	0	1	0	1	0	76	194	127	117	6	2	0	61	135	134	0	58	26	3	0	78	132	40	0	2	0	0	0	1	12	1	0	2	1	
0	0	1	6	0	0	0	0	0	7	167	172	150	35	0	1	0	5	45	9	186	73	0	3	0	15	120	214	247	126	0	0	0	8	66	61	26	195	75	0	0	15	12	0	50	202	36	0	0	83	185	159	172	62	0	2	0	0	4	3	0	0	1	0	
0	0	0	0	0	0	0	0	1	0	20	75	57	8	0	0	4	0	157	190	152	159	0	3	1	0	186	25	71	170	0	3	2	0	123	120	134	115	0	4	0	0	8	25	50	159	0	2	0	1	0	42	105	150	0	2	0	1	0	62	105	16	0	1	
0	0	0	0	0	0	0	0	0	0	9	25	7	72	0	0	2	0	56	111	37	142	0	3	4	0	116	104	85	94	0	3	1	0	158	157	193	35	0	2	0	2	10	5	149	8	0	0	0	2	0	66	138	0	3	0	0	1	0	16	18	0	1	0	
0	2	0	45	49	0	3	0	2	0	50	164	63	0	2	0	0	22	187	29	0	44	45	0	0	130	112	0	116	136	148	36	0	131	79	41	143	0	126	29	0	26	159	160	185	200	135	0	1	0	18	60	46	27	10	1	0	1	1	0	0	0	0	0	
0	0	0	0	0	2	4	0	1	0	25	155	162	180	72	0	4	0	131	176	28	15	2	0	2	0	159	196	156	136	3	0	0	0	6	36	10	179	122	0	0	82	99	0	40	208	65	0	0	96	204	161	185	78	0	2	0	0	3	8	1	0	1	0	
0	0	0	0	0	0	0	0	0	1	0	17	132	3	0	0	0	1	0	9	194	26	0	1	0	1	0	33	188	4	0	1	0	3	0	76	193	0	2	0	0	4	0	143	174	0	3	0	0	3	0	106	99	0	3	0	0	0	0	0	0	0	0	0	
0	0	0	8	95	7	0	0	0	3	0	86	159	0	3	0	1	0	13	174	23	0	1	0	3	0	111	104	1	160	59	0	0	5	178	8	105	225	117	0	1	0	154	150	207	157	19	0	1	0	9	75	78	19	0	1	0	0	1	0	0	1	1	0	
0	0	0	2	0	0	0	0	2	0	32	176	79	0	2	0	2	0	41	78	162	0	0	0	2	0	30	197	211	66	0	2	1	0	15	65	18	169	14	0	0	3	71	0	37	173	4	0	2	0	71	141	155	63	0	2	0	0	0	4	4	0	0	0	
0	1	4	4	3	0	0	0	0	0	0	0	0	44	4	0	0	49	118	104	168	176	0	1	0	24	111	89	202	87	0	3	0	1	0	7	169	25	0	1	0	3	0	65	224	39	0	2	0	4	0	128	131	0	3	0	0	1	0	64	25	0	1	0	
0	0	1	2	0	1	0	0	0	0	1	2	4	3	65	3	0	0	0	141	52	79	142	0	2	0	123	114	0	177	35	0	2	0	174	176	198	103	0	4	0	0	4	59	188	13	0	1	0	2	0	131	79	0	3	0	0	0	2	42	5	0	0	0	
0	0	1	1	0	0	0	0	0	1	0	20	144	77	0	2	1	0	6	157	202	157	0	4	2	0	62	146	93	91	0	3	0	2	0	186	190	0	2	0	2	0	47	128	179	35	0	2	4	0	142	188	124	10	0	1	1	0	25	47	5	0	0	0	
0	0	0	0	0	0	0	0	0	0	0	22	84	134	26	0	2	0	51	217	125	212	34	0	0	2	0	159	249	56	0	3	2	0	56	167	118	122	0	2	2	0	180	68	0	155	4	0	2	0	104	199	187	71	0	3	0	0	0	31	31	0	0	0	
0	0	2	1	0	2	0	0	0	0	0	25	21	0	3	1	2	0	60	131	185	93	1	6	3	0	133	91	206	103	0	3	2	0	33	128	202	27	4	4	0	1	0	12	172	12	0	1	0	2	0	57	165	0	2	0	0	2	0	71	106	0	3	0	
0	0	2	2	0	0	0	0	0	1	0	12	58	16	0	1	2	0	48	130	165	166	0	3	1	0	178	192	215	72	0	2	1	0	114	141	177	59	0	2	0	0	4	0	113	123	0	4	0	0	7	0	123	113	0	4	0	0	2	0	52	39	0	1	
0	0	0	2	3	0	0	0	0	0	5	2	2	6	0	0	3	0	147	177	162	147	0	3	4	0	127	119	94	128	0	4	1	0	36	5	96	81	0	3	0	0	2	0	141	39	0	1	0	0	0	11	174	13	0	1	0	1	0	17	118	0	0	0	
0	0	0	0	1	0	0	0	1	0	19	133	171	70	0	2	1	0	29	43	64	147	0	2	2	0	42	151	229	112	0	4	1	0	46	85	37	123	3	0	0	15	137	8	69	131	0	2	1	0	84	172	186	39	0	2	0	0	0	0	0	1	0	0	
0	0	0	0	0	0	0	0	0	1	0	31	99	0	0	0	0	2	0	51	221	8	0	1	0	2	0	58	151	0	2	0	0	3	0	82	130	0	4	0	0	4	0	129	93	0	3	0	0	3	0	149	65	0	2	0	0	0	0	26	11	0	0	0	
0	0	0	0	7	19	0	1	0	0	1	0	83	50	0	2	0	2	0	62	60	0	1	0	0	0	8	69	36	40	0	1	1	0	31	57	35	76	0	1	2	0	42	49	40	39	0	1	1	0	10	79	48	0	0	0	0	0	0	0	0	1	0	0	
0	0	0	0	0	0	0	0	1	0	26	97	128	93	0	2	2	0	160	130	61	27	0	1	0	16	200	113	129	149	110	0	0	10	111	88	28	37	161	0	0	2	7	0	0	148	123	0	0	50	205	114	160	109	0	0	0	10	47	48	17	0	2	0	
0	0	0	0	0	0	0	0	0	0	0	11	92	0	0	0	0	1	0	29	132	0	2	0	0	1	0	32	118	0	3	0	0	2	0	47	110	0	3	0	0	3	0	71	110	0	3	0	0	2	0	58	88	0	3	0	0	0	0	0	1	0	0	0	
0	2	0	59	39	0	1	0	0	2	0	164	60	0	2	0	2	0	42	142	0	9	0	0	4	0	102	77	130	204	2	0	4	0	115	137	204	158	0	2	4	0	89	255	205	32	0	2	0	0	0	56	29	0	1	0	0	0	1	0	1	2	0	0	
0	0	1	2	0	1	0	0	0	1	0	11	87	31	0	1	1	0	16	152	168	148	6	0	1	0	124	42	105	125	6	0	0	29	110	28	249	65	0	3	0	6	161	161	153	58	0	2	1	0	18	0	112	47	0	2	0	0	1	0	40	10	0	0	
0	0	0	0	0	1	0	0	1	0	29	145	123	18	0	1	3	0	160	158	107	164	0	0	0	0	19	1	11	165	8	0	0	0	1	52	165	116	0	4	2	0	157	235	224	131	0	3	1	0	81	87	40	162	0	1	0	0	0	0	10	24	0	1	
0	0	1	0	2	1	0	0	0	0	2	18	108	103	0	2	3	0	73	131	1	123	43	0	3	0	158	52	0	73	62	0	0	5	122	7	0	100	36	0	0	0	153	26	86	107	0	1	2	0	77	167	105	2	0	0	0	0	0	0	0	1	0	0	
0	0	0	0	0	0	0	0	1	0	56	149	153	127	3	0	0	7	190	82	76	58	0	1	0	32	202	126	154	172	63	0	0	20	179	140	25	103	159	0	0	0	0	3	0	133	130	0	2	0	95	151	167	169	9	0	1	0	28	68	48	3	0	0	
0	0	0	1	3	7	0	0	0	0	1	0	99	69	9	0	0	2	0	76	80	50	47	0	1	0	14	117	5	99	10	0	3	0	79	68	52	85	0	3	2	0	99	63	112	4	0	0	1	0	122	141	26	0	1	0	0	0	5	6	0	1	0	0	
0	0	1	1	0	0	0	0	0	2	0	48	196	97	0	2	1	0	22	198	211	224	23	0	4	0	126	118	0	165	50	0	0	6	177	17	24	190	11	0	0	69	173	26	179	127	0	3	0	21	173	200	99	0	2	0	0	0	1	1	0	1	0	0	
0	0	0	0	0	0	0	0	0	0	100	134	154	47	0	2	0	55	226	156	117	37	0	2	0	78	245	131	148	97	0	1	0	22	46	0	8	158	110	0	3	0	75	96	0	39	193	1	2	0	56	176	147	180	133	0	0	1	0	12	61	55	4	0	
0	0	0	0	0	0	0	0	0	25	127	117	140	83	0	2	0	14	214	199	74	40	0	1	3	0	84	226	137	166	71	0	3	0	119	148	7	40	180	0	0	0	12	13	0	83	146	0	3	0	72	206	148	165	24	0	0	0	0	35	58	6	0	1	
0	0	0	0	2	5	0	0	2	0	53	144	156	61	0	2	4	0	123	114	12	3	0	0	4	0	97	150	31	24	0	0	0	0	0	110	128	199	98	0	0	0	11	25	60	200	42	0	1	0	7	179	191	37	0	2	0	0	0	1	1	1	1	0	
0	0	1	2	0	0	0	0	0	0	0	0	0	78	12	0	1	0	32	37	36	125	0	3	3	0	82	123	79	70	0	3	3	0	97	130	165	29	0	1	0	0	4	0	122	12	0	0	0	0	0	11	130	4	0	0	0	0	0	4	24	0	0	0	
0	0	2	0	0	0	0	0	0	1	0	44	55	1	1	0	2	0	122	186	173	20	0	1	0	71	183	0	36	99	11	0	0	82	197	78	162	205	1	0	1	0	88	110	93	159	0	3	0	0	1	0	24	176	11	0	0	0	3	5	0	61	31	0	
0	0	0	2	3	0	0	0	1	0	12	138	162	33	0	2	4	0	105	180	32	153	0	0	1	0	17	19	35	125	0	2	0	1	0	41	155	28	0	1	3	0	114	228	177	19	12	0	0	2	110	15	75	145	22	0	0	0	0	1	2	5	0	0	
0	0	0	0	1	0	0	0	0	0	2	0	57	64	0	2	0	0	2	0	109	43	0	2	0	1	0	15	142	1	0	0	0	3	0	71	128	0	3	0	0	3	0	156	73	0	3	0	0	0	0	118	13	0	0	0	0	0	0	0	0	0	0	0	
0	0	1	1	0	0	0	0	0	1	0	33	152	66	0	2	1	0	22	157	195	250	31	0	4	0	124	100	0	189	58	0	1	0	152	33	0	171	59	0	0	35	141	0	51	191	14	0	0	24	166	134	187	50	0	2	1	0	34	67	17	0	1	0	
0	0	0	4	12	0	0	0	0	1	0	111	145	58	0	2	2	0	43	107	0	22	0	0	1	0	18	147	106	11	0	1	0	1	0	9	90	105	0	3	0	0	8	42	21	140	0	0	2	0	45	108	115	74	0	2	0	0	1	1	0	0	0	0	
0	0	1	1	0	0	0	0	0	2	0	31	187	101	0	3	2	0	44	211	138	131	0	4	1	0	27	183	184	55	0	2	0	1	0	125	239	50	0	2	1	0	132	73	132	103	0	4	0	12	161	138	110	4	0	0	0	0	4	11	0	0	0	0	
0	0	0	0	0	0	0	0	2	0	47	141	99	7	0	1	1	0	33	31	167	60	0	2	0	1	0	116	152	0	2	0	1	0	6	98	154	11	0	1	0	3	21	0	124	75	0	3	0	0	113	59	146	39	0	2	1	0	25	55	39	0	0	0	
0	0	0	0	0	0	0	0	0	0	2	0	71	46	0	2	0	0	3	0	180	83	0	3	0	1	0	18	182	10	0	1	0	2	0	58	158	0	2	0	0	3	0	132	95	0	3	0	0	1	0	168	36	0	1	0	0	0	0	23	3	0	0	0	
0	0	0	0	0	0	0	0	0	3	0	102	85	0	3	0	0	4	0	152	136	0	4	0	0	4	0	132	147	0	4	0	0	4	0	111	173	0	3	0	0	3	0	95	178	0	3	0	0	2	0	44	157	0	0	0	0	0	0	0	2	1	0	0	
0	0	2	3	4	1	0	0	0	0	0	0	0	7	3	0	0	0	53	67	111	185	10	0	0	24	205	118	170	162	0	3	0	14	38	0	160	62	0	2	0	2	0	49	173	0	1	0	0	4	0	139	104	0	3	0	0	1	0	124	35	0	1	0	
0	0	2	11	1	0	0	0	2	0	96	134	94	11	0	1	0	0	8	1	140	31	0	1	1	0	5	139	183	22	0	1	0	0	6	7	46	144	0	2	0	0	81	9	62	144	0	2	1	0	125	160	129	21	0	1	0	0	1	9	1	0	0	0	
0	0	0	0	1	0	0	0	0	0	2	0	60	108	0	3	0	0	3	0	168	89	0	3	0	1	0	36	191	5	0	1	0	3	0	99	151	0	3	0	0	3	0	171	101	0	3	0	1	0	8	156	21	0	1	0	0	0	0	0	1	0	0	0	
0	0	0	0	1	1	0	0	0	46	140	99	26	0	1	0	0	78	78	76	164	47	0	2	1	0	33	64	123	117	0	4	2	0	60	167	188	106	0	3	0	0	4	13	18	175	5	0	3	0	69	172	149	118	0	2	1	0	10	60	44	0	0	0	
0	0	1	1	0	1	0	0	0	2	0	54	163	35	0	2	2	0	27	212	212	118	0	4	3	0	75	165	41	135	0	3	1	0	7	195	245	60	0	3	0	1	0	138	245	62	0	3	2	0	48	227	115	0	1	0	0	0	7	42	6	0	0	0	
0	0	0	1	1	44	1	0	0	0	1	0	86	85	0	2	0	2	0	86	77	0	1	0	1	0	27	178	82	21	0	1	0	0	9	24	47	137	6	0	0	0	80	60	77	115	0	0	1	0	51	83	69	12	0	1	0	0	0	0	0	1	0	0	
0	0	0	0	0	0	0	0	0	1	102	137	135	22	0	1	0	44	144	103	226	24	0	1	0	0	76	226	201	134	46	0	0	3	136	136	44	107	185	0	0	20	4	0	12	173	96	0	0	135	191	156	191	94	0	2	0	0	39	51	12	0	2	0	
0	0	0	0	0	0	0	0	1	0	17	176	142	0	2	0	2	0	41	255	243	28	0	2	2	0	29	251	217	15	0	1	2	0	37	249	255	69	0	3	1	0	5	213	255	108	0	5	0	2	0	68	225	71	0	3	0	0	0	0	0	0	0	0	
0	0	1	1	0	0	0	0	0	2	0	47	195	107	0	3	3	0	60	196	84	146	0	2	2	0	56	185	49	136	0	2	0	3	0	137	253	54	0	3	2	0	92	142	185	22	0	1	2	0	130	163	68	0	2	0	0	0	2	7	0	0	0	0	
0	0	16	72	0	5	2	0	4	0	110	126	0	3	0	0	0	10	178	13	21	131	41	0	0	69	126	0	149	120	132	0	0	88	114	13	166	86	73	0	0	26	194	167	217	217	78	0	1	0	20	72	26	5	9	0	0	1	1	0	0	0	0	0	
0	1	3	1	3	3	0	0	0	0	0	0	0	1	9	0	0	29	46	22	51	155	191	0	0	172	255	228	235	255	148	0	0	213	160	5	92	232	10	0	0	85	125	0	167	165	0	4	0	0	23	5	206	76	0	3	0	3	1	1	19	5	0	0	
0	0	1	2	0	0	0	0	0	0	0	2	0	31	73	32	1	0	17	174	189	156	106	33	2	0	173	94	11	4	0	0	2	0	143	117	52	3	3	1	0	0	3	40	128	79	0	3	0	0	7	55	137	42	0	2	1	0	8	115	52	0	1	0	
0	0	0	1	0	0	0	0	0	1	0	1	178	60	0	3	0	1	0	28	234	43	0	2	0	3	0	95	202	0	1	0	0	4	0	148	142	0	3	0	0	1	0	207	110	0	4	0	1	0	5	183	53	0	2	0	0	0	0	0	0	0	0	0	
0	1	2	0	1	1	0	0	1	0	11	100	69	2	25	0	0	18	173	163	152	217	159	5	0	116	180	100	217	72	1	2	1	0	166	219	155	45	0	2	4	0	119	93	42	163	0	1	1	0	21	177	237	116	0	3	0	0	0	3	21	2	0	0	
0	1	4	3	2	1	0	0	0	0	0	0	0	7	8	0	0	38	171	167	161	225	64	0	0	86	163	25	154	181	0	2	0	3	3	0	186	57	0	2	0	3	0	92	180	0	2	0	0	1	0	190	68	0	2	0	1	0	27	157	7	0	0	0	
0	0	0	0	0	0	0	0	0	2	0	54	83	0	0	0	0	3	0	114	59	0	1	0	1	0	20	136	22	1	0	0	1	0	9	77	109	74	0	2	0	0	1	0	39	101	0	3	0	1	0	19	101	18	0	1	0	1	0	16	17	0	1	0	
0	0	0	0	0	0	0	0	0	0	2	0	61	53	0	2	0	0	2	0	194	113	0	4	0	2	0	43	204	17	0	1	0	3	0	153	112	0	3	0	2	0	32	199	12	0	1	0	4	0	108	125	0	3	0	0	1	0	22	11	0	0	0	0	
0	0	0	18	43	3	0	0	3	0	120	198	182	154	1	0	0	0	96	15	46	230	21	0	2	0	42	201	255	181	0	1	0	52	70	105	17	167	102	0	0	190	221	128	144	230	82	0	0	5	93	146	143	77	0	1	0	1	0	0	0	0	0	0	
0	0	0	1	0	1	0	0	0	0	0	6	0	86	41	0	0	0	9	112	7	154	17	0	3	0	84	158	88	141	0	4	3	0	125	135	192	63	0	3	0	1	0	24	156	3	0	0	0	3	0	97	121	0	3	0	0	0	0	1	1	0	0	0	
0	0	2	0	1	1	0	0	0	0	1	31	12	0	0	0	1	0	111	150	190	24	0	1	0	35	153	81	216	50	0	2	0	1	87	63	99	49	0	2	0	0	2	0	132	36	0	1	0	0	5	0	154	63	0	2	0	0	3	0	122	74	0	3	
0	0	0	1	0	1	0	0	0	0	0	24	2	75	92	0	0	2	0	188	76	140	58	0	3	0	67	183	37	167	0	0	1	0	189	212	210	104	0	4	0	8	96	50	185	19	0	1	0	2	0	55	164	0	0	0	0	0	3	4	2	1	0	0	
0	0	0	0	0	0	0	0	0	6	99	177	197	72	0	2	0	54	185	80	57	170	0	0	0	0	2	0	80	184	0	1	0	1	0	90	209	53	0	2	0	20	164	255	203	193	117	0	0	68	193	101	76	92	47	0	0	0	0	0	0	0	0	0	
0	0	0	1	0	0	0	0	0	0	0	7	0	82	28	0	0	1	0	149	44	164	17	0	2	0	55	149	91	130	0	4	4	0	128	206	197	31	0	1	1	0	21	74	135	0	3	0	0	3	0	140	70	0	2	0	0	0	1	29	5	0	0	0	
0	0	1	2	0	0	0	0	0	2	0	62	161	0	1	0	1	0	0	188	182	0	3	0	2	0	31	215	167	0	3	0	0	3	0	81	176	0	3	0	0	3	0	99	193	0	1	0	0	1	0	150	221	76	0	3	0	0	0	1	1	1	0	0	
0	0	0	0	0	0	0	0	0	0	0	103	133	120	2	0	1	0	18	218	123	61	0	0	3	0	79	246	165	100	2	0	1	0	17	48	35	221	43	0	1	0	48	30	103	197	0	0	4	0	99	246	155	28	0	1	0	0	6	33	2	0	1	0	
0	0	1	0	2	1	0	0	0	0	4	21	6	0	0	0	0	11	180	181	120	7	0	1	2	0	142	36	83	86	0	3	1	0	24	20	194	214	14	0	0	0	2	0	97	98	0	2	0	0	5	0	119	82	0	3	0	0	2	0	101	38	0	1	
0	0	0	0	0	0	0	0	0	0	1	1	3	10	1	0	1	0	161	195	175	180	0	1	1	0	53	45	105	159	0	4	0	0	2	0	170	70	0	3	0	1	0	38	187	2	0	0	0	3	0	132	129	0	4	0	0	0	0	136	33	0	1	0	
0	0	1	0	0	0	1	0	0	2	0	117	166	68	0	1	2	0	51	158	38	98	44	0	3	0	121	56	0	62	67	0	1	0	148	25	0	59	63	0	3	0	125	56	0	109	34	0	1	0	31	137	140	73	0	2	0	0	0	4	9	0	1	0	
0	0	1	1	0	0	0	0	0	0	1	0	5	102	12	0	3	0	85	63	39	197	2	0	4	0	155	72	109	118	0	4	0	17	193	162	243	104	0	3	0	14	13	66	171	0	1	0	0	3	0	143	91	0	3	0	0	1	0	25	10	0	0	0	
0	0	0	0	0	0	0	0	0	1	0	26	99	47	0	2	1	0	22	101	43	103	0	3	1	0	15	113	55	71	0	2	0	3	0	126	197	34	0	2	2	0	46	120	133	0	2	0	2	0	110	20	100	7	0	0	0	0	19	5	17	0	0	0	
0	0	1	1	0	0	0	0	0	0	1	0	22	69	0	2	1	0	26	8	85	104	0	3	3	0	79	88	122	40	0	1	3	0	99	181	151	0	2	0	0	3	0	80	105	0	3	0	0	3	0	129	68	0	2	0	0	0	0	21	5	0	0	0	
0	0	0	0	4	1	0	0	1	0	9	139	190	86	0	2	4	0	116	119	2	36	0	0	2	0	37	111	46	0	0	0	0	1	0	22	91	88	0	1	0	0	8	29	62	192	17	0	1	0	11	158	158	83	0	1	0	0	0	0	0	0	0	0	
0	0	3	3	3	2	0	0	0	0	0	0	0	6	7	0	2	0	113	186	128	185	71	0	0	0	188	79	78	191	0	0	0	3	32	0	130	102	0	4	0	0	0	12	173	16	0	1	0	3	0	108	134	0	3	0	0	3	0	109	61	0	2	0	
0	0	0	2	0	2	1	0	2	0	68	99	52	18	0	1	3	0	163	75	102	193	11	0	1	0	165	42	0	145	92	0	3	0	159	82	0	90	94	0	3	0	113	202	20	181	84	0	0	0	0	125	203	128	0	0	0	0	1	0	1	0	0	0	
0	0	0	0	4	1	0	0	0	1	0	102	170	117	0	0	1	0	19	78	0	174	50	0	0	1	5	0	61	163	0	1	0	1	0	24	179	50	0	2	0	7	153	237	244	95	0	3	0	50	188	37	41	37	0	1	0	0	0	0	0	0	0	0	
0	0	0	50	27	0	1	0	2	0	57	159	130	10	0	1	1	0	34	21	111	70	0	3	0	0	3	0	92	112	0	4	1	0	27	73	130	90	0	3	4	0	106	178	231	141	1	0	1	0	21	81	32	112	8	0	0	0	0	0	0	0	0	0	
0	0	0	0	0	3	3	0	0	0	1	73	125	147	46	0	2	0	43	197	39	12	2	0	4	0	128	189	89	29	0	1	2	0	92	91	96	160	0	0	1	0	82	25	45	199	13	0	2	0	101	185	157	43	0	2	0	0	0	4	1	0	0	0	
0	0	0	0	0	0	0	0	0	2	0	85	130	105	100	20	0	4	0	110	200	99	58	4	0	0	0	126	36	0	1	0	3	0	86	217	61	0	3	0	3	0	63	112	200	54	0	2	1	0	16	158	171	21	0	1	0	1	0	35	19	0	1	0	
0	0	0	0	0	1	0	0	2	0	67	153	174	58	0	2	2	0	114	86	206	106	0	4	0	0	0	150	181	180	10	0	1	0	24	85	3	201	28	0	0	15	90	13	139	171	0	3	0	16	197	190	157	27	0	1	0	0	0	0	0	1	0	0	
0	0	8	11	0	2	0	0	0	58	125	101	75	0	0	0	0	46	20	0	74	86	0	2	0	0	0	4	7	120	11	0	1	0	34	103	101	121	19	0	3	0	107	27	13	189	28	0	2	0	51	88	106	65	25	0	0	0	0	14	9	0	0	0	
0	0	0	3	2	1	0	0	0	0	0	0	1	4	0	0	0	0	0	93	181	169	0	2	4	0	95	163	155	189	0	1	2	0	40	150	208	23	0	1	0	3	0	72	149	0	3	0	0	2	0	161	80	0	3	0	0	0	5	124	13	0	1	0	
0	0	0	9	80	2	0	0	0	3	0	92	137	0	3	0	1	0	6	165	23	0	1	0	3	0	74	139	33	50	21	0	4	0	128	207	122	242	94	0	4	0	97	203	144	123	1	0	0	0	4	59	49	0	1	0	0	0	0	0	0	3	1	0	
0	0	1	0	0	0	0	0	0	0	0	80	138	24	0	1	1	0	132	134	183	66	0	3	0	2	15	43	235	110	0	4	0	2	0	92	111	169	0	2	0	0	60	4	115	147	0	4	2	0	146	214	167	27	0	1	0	0	4	39	6	0	0	0	
0	1	1	1	1	0	1	1	2	0	31	171	131	46	21	0	0	7	180	78	38	144	153	6	0	94	122	0	5	0	127	37	0	136	71	0	0	29	149	0	0	83	149	0	74	182	99	0	0	6	141	135	130	63	0	1	0	0	0	0	0	0	2	0	
0	0	0	3	0	0	0	0	0	0	0	0	13	7	0	0	0	2	0	96	207	166	0	1	2	0	57	165	156	140	0	4	2	0	49	162	217	50	0	2	0	1	0	23	164	3	0	0	0	3	0	118	123	0	4	0	0	3	0	99	43	0	1	0	
0	0	0	0	0	1	0	0	0	79	157	99	20	0	1	0	0	31	88	156	249	58	0	3	1	0	3	217	181	0	1	0	0	1	0	115	175	74	2	0	0	0	2	0	156	245	17	0	2	0	49	192	207	70	0	2	0	0	4	42	5	0	0	0	
0	0	1	2	0	0	0	0	0	1	0	9	103	155	38	0	1	0	6	182	216	176	149	0	4	0	146	177	0	75	140	0	0	10	182	28	0	161	69	0	0	50	163	0	140	158	0	1	0	42	205	181	120	0	1	0	0	0	47	38	0	2	1	0	
0	1	1	0	0	0	0	0	1	0	11	62	89	62	22	7	0	38	222	131	84	153	168	17	0	15	169	88	17	171	51	0	0	2	0	151	255	56	0	4	2	0	48	165	117	113	0	3	4	0	135	182	120	72	0	2	1	0	35	116	53	0	1	0	
0	0	2	0	0	0	0	0	0	1	0	51	135	54	0	2	3	0	106	180	186	149	0	4	4	0	125	146	135	38	0	2	0	2	0	196	190	0	2	0	2	0	58	117	152	78	0	3	4	0	113	171	155	58	0	2	0	0	4	51	20	0	1	0	
0	0	0	1	1	0	0	0	0	1	0	18	79	0	1	0	0	3	0	95	126	0	4	0	1	0	7	161	125	0	4	0	0	1	0	63	112	0	3	0	0	2	0	50	143	0	1	0	0	2	0	106	149	3	0	1	0	0	0	6	1	0	0	0	
0	0	2	4	3	0	0	0	0	0	0	0	0	7	4	0	1	0	54	90	122	217	35	0	3	0	163	158	168	158	0	3	1	0	23	5	163	42	0	2	0	2	0	61	166	0	3	0	0	3	0	146	93	0	3	0	0	0	0	137	28	0	1	0	
0	1	0	0	0	2	0	0	0	0	8	26	10	0	0	0	0	51	186	170	192	71	0	3	0	19	31	0	86	160	0	4	0	0	3	0	107	117	0	4	0	1	4	0	166	62	0	2	0	1	0	9	189	25	0	1	0	1	0	19	114	0	0	0	
0	0	1	3	0	1	0	0	0	0	0	0	8	4	0	0	1	0	12	113	162	171	0	1	3	0	85	149	140	139	0	3	1	0	20	149	217	29	0	2	0	1	0	40	154	0	1	0	0	3	0	146	93	0	3	0	0	0	8	129	10	0	0	0	
0	0	0	1	0	0	0	0	0	0	0	7	51	6	0	0	0	0	2	89	72	31	0	1	1	0	35	109	100	75	0	2	0	0	0	62	165	13	0	1	0	1	0	30	88	0	2	0	0	3	0	103	65	0	2	0	0	1	0	53	19	0	1	0	
0	0	1	1	0	0	0	0	0	1	0	12	182	147	0	0	0	0	0	163	132	210	143	0	3	0	108	145	0	113	113	0	1	0	167	35	1	183	33	0	0	31	175	62	184	89	0	2	0	16	171	177	55	0	2	0	0	0	1	1	0	3	0	0	
0	0	0	1	0	0	0	0	0	1	0	10	119	62	8	0	0	3	0	90	238	158	82	0	0	1	0	212	114	0	3	0	0	0	0	93	141	52	0	2	0	4	21	0	118	116	0	4	0	40	166	150	121	6	0	1	0	0	50	42	0	0	0	0	
0	0	2	0	63	28	0	1	0	1	0	12	188	32	0	1	0	3	0	125	110	0	3	0	1	0	28	160	45	152	20	0	4	0	111	104	164	241	34	0	3	0	123	238	212	56	0	2	0	0	4	68	17	0	1	0	0	0	1	0	1	2	0	0	
0	2	1	0	0	0	0	0	1	0	32	127	129	151	88	1	0	60	154	178	109	74	76	8	0	120	208	126	49	0	1	0	0	0	52	100	205	111	0	3	0	1	1	0	24	203	20	0	0	1	102	170	185	154	1	0	1	0	25	65	38	4	0	0	
0	0	1	0	0	0	0	0	1	0	6	87	148	60	0	2	0	1	158	127	117	157	0	3	0	6	28	30	209	137	0	3	1	0	18	178	74	186	17	0	0	45	41	0	109	162	0	1	0	79	192	144	135	6	0	1	1	0	34	39	0	2	0	0	
0	0	1	0	0	2	2	0	0	0	3	66	89	2	0	1	2	0	168	218	195	204	51	0	0	86	248	38	0	102	210	9	0	152	176	0	0	56	227	16	0	74	245	115	129	199	93	0	0	0	59	114	105	29	0	1	0	1	0	0	0	1	3	0	
0	0	0	0	0	0	0	0	0	1	0	44	146	143	22	0	0	3	0	172	234	221	77	0	2	0	46	185	0	136	61	0	3	0	159	83	0	182	45	0	0	15	178	14	157	136	0	2	1	0	159	225	157	0	0	0	1	0	22	54	3	1	1	0	
0	0	4	55	36	0	1	0	0	4	148	97	11	3	1	1	0	107	132	0	3	0	1	0	0	135	97	0	26	105	120	32	0	88	209	0	95	197	143	54	1	0	105	168	143	242	133	0	0	1	0	3	18	15	0	0	0	0	3	1	0	0	2	0	
0	0	1	2	0	1	0	0	0	0	1	3	0	58	39	0	1	0	18	81	0	154	25	0	4	0	105	153	85	122	0	3	2	0	120	123	188	23	0	1	0	3	0	78	93	0	3	0	0	0	0	148	24	0	1	0	0	0	4	27	0	0	0	0	
0	0	1	0	2	2	0	0	0	2	0	77	146	0	2	0	1	0	21	177	188	66	0	2	1	0	27	147	166	96	0	3	0	2	0	200	164	0	3	0	2	0	33	190	171	11	0	1	0	1	0	100	178	12	0	1	0	0	0	0	0	0	0	0	
0	0	2	0	65	36	0	1	0	1	0	27	176	27	0	1	0	2	0	150	57	0	2	0	2	0	55	148	126	191	10	0	4	0	118	223	134	188	5	0	4	0	116	235	158	45	0	2	0	0	7	73	29	0	1	0	0	0	0	0	1	2	0	0	
0	0	0	1	0	1	0	0	0	2	0	64	34	20	26	0	0	0	0	181	40	150	65	0	2	0	51	186	140	185	0	2	3	0	81	238	247	78	0	3	1	0	7	99	201	9	0	1	0	4	0	114	110	0	3	0	0	0	0	18	9	0	0	0	
0	0	2	0	0	0	0	0	0	1	0	42	124	114	2	0	1	0	93	156	106	196	10	0	0	2	31	59	209	139	0	4	2	0	76	142	149	149	0	4	0	27	36	0	178	82	0	3	0	103	203	175	113	0	1	0	1	0	37	34	0	2	0	0	
0	0	1	0	18	24	0	1	0	0	0	4	146	46	0	2	0	3	0	93	98	0	3	0	1	0	4	172	132	42	0	2	3	0	65	204	84	136	0	2	3	0	81	143	115	112	0	3	1	0	3	121	105	1	0	0	0	0	0	0	0	1	0	0	
0	0	2	2	0	0	0	0	0	0	1	0	23	41	0	1	3	0	81	146	197	100	0	4	0	0	147	59	138	48	61	0	0	3	0	66	112	10	41	0	0	2	0	133	47	0	2	0	1	0	39	145	0	24	49	0	1	0	33	48	0	2	2	0	
0	0	0	0	0	0	0	0	1	0	30	8	24	36	0	1	4	0	101	49	86	66	0	2	2	0	107	20	123	86	42	0	1	0	120	96	231	165	12	0	2	0	51	176	132	0	0	1	0	3	0	68	59	0	3	0	0	0	0	16	13	0	0	0	
0	0	2	1	0	0	1	0	0	2	0	14	96	127	11	0	2	0	55	193	237	255	89	0	0	51	215	45	93	159	158	0	0	179	70	0	0	93	129	0	3	189	31	0	71	205	24	0	0	107	201	171	175	33	0	2	1	0	36	48	4	0	1	0	
0	0	1	0	0	2	0	0	0	1	0	95	86	0	1	0	3	0	79	129	77	91	0	0	4	0	120	89	66	128	0	2	1	0	5	175	184	0	1	0	0	3	0	123	190	10	0	1	0	0	0	161	140	0	0	0	0	1	0	27	17	0	1	0	
0	0	0	0	1	0	0	0	0	0	2	0	77	29	0	1	0	1	0	12	193	29	0	1	0	3	0	78	140	0	4	0	0	4	0	128	88	0	3	0	0	2	0	160	40	0	1	0	1	0	29	166	1	0	0	0	0	0	10	26	0	0	0	0	
0	0	0	2	0	0	1	0	0	0	0	1	43	59	14	0	0	3	0	105	251	182	146	14	1	0	11	187	45	0	12	6	0	2	0	112	127	0	3	0	0	9	0	23	147	0	1	0	0	78	132	137	104	0	2	0	0	0	34	56	3	0	0	0	
0	0	1	1	0	1	0	0	0	0	1	5	0	39	60	0	2	0	53	118	0	153	50	0	2	0	170	102	104	118	0	3	0	1	100	120	192	19	0	1	0	2	0	70	109	0	3	0	0	3	0	137	59	0	2	0	0	0	0	23	3	0	0	0	
0	0	0	0	0	0	0	0	0	2	0	77	105	0	1	0	1	0	32	169	173	29	0	1	1	0	18	157	196	19	0	1	0	0	0	4	142	31	0	1	1	0	32	22	93	81	0	3	0	0	6	96	178	84	0	3	0	0	0	4	49	9	0	0	
0	0	0	0	0	0	0	0	0	1	0	33	135	85	0	0	0	4	0	144	173	175	7	0	0	3	0	113	210	66	0	3	0	3	0	116	236	4	0	1	2	0	42	140	182	53	0	2	3	0	79	198	123	9	0	1	0	0	8	45	7	0	0	0	
0	0	0	0	1	3	1	0	0	0	11	37	0	1	0	0	3	0	72	125	8	73	16	0	4	0	94	164	153	97	10	0	2	0	45	154	146	100	0	3	0	0	1	0	35	130	0	2	0	0	3	0	116	83	0	3	0	0	0	2	76	10	0	0	
0	0	0	0	1	1	0	0	0	0	3	0	85	61	0	2	0	0	1	0	163	46	0	2	0	2	0	47	154	0	2	0	0	3	0	108	104	0	3	0	0	4	0	137	67	0	2	0	0	1	0	135	27	0	1	0	0	0	0	2	0	0	0	0	
0	0	0	1	0	1	0	0	0	1	0	20	18	15	94	0	0	2	0	168	42	109	129	0	3	0	92	136	28	203	18	0	0	16	214	182	216	177	71	0	0	26	204	209	154	0	2	0	1	0	42	153	14	0	2	0	0	1	2	4	1	1	0	0	
0	0	0	0	0	0	0	0	0	0	1	109	163	51	0	2	4	0	105	226	129	158	0	3	1	0	28	13	88	113	0	3	0	1	0	70	203	26	0	1	4	0	89	255	223	153	0	1	3	0	102	89	1	198	26	0	0	0	0	0	0	18	3	0	
0	0	0	0	0	1	0	0	0	89	51	0	6	29	0	0	0	80	124	0	7	134	8	0	0	62	117	0	0	151	40	0	0	83	158	119	118	179	44	0	0	16	87	46	0	145	50	0	0	0	0	3	0	125	46	0	0	1	3	2	0	10	6	0	
0	0	1	1	1	2	0	0	0	0	0	11	14	0	0	0	1	0	22	165	188	42	0	2	4	0	115	117	188	83	0	3	2	0	33	138	201	13	0	1	0	1	0	29	136	0	2	0	0	3	0	89	117	0	3	0	0	3	0	86	60	0	2	0	
0	0	0	0	35	5	0	0	0	2	0	51	153	0	1	0	0	3	0	130	52	0	2	0	1	0	32	123	79	69	0	2	2	0	36	213	117	114	0	1	0	2	0	184	137	87	0	3	0	1	0	32	118	19	0	1	0	0	0	1	0	1	0	0	
0	0	0	0	0	2	0	0	1	0	56	154	167	19	0	1	0	16	167	82	210	107	0	1	1	0	60	170	145	159	125	0	1	0	76	58	0	118	138	0	0	83	104	39	59	218	23	0	0	77	184	190	180	64	0	2	0	0	0	2	2	1	1	0	
0	0	0	1	2	1	0	0	0	0	0	20	4	0	0	0	0	0	0	129	130	34	0	2	2	0	77	93	31	109	0	3	1	0	29	0	39	84	0	3	0	0	3	0	87	41	0	2	0	1	0	30	108	0	1	0	0	1	0	30	36	0	1	0	
0	0	0	0	0	0	0	0	0	0	2	0	81	70	0	2	0	0	2	0	186	97	0	3	0	1	0	39	169	0	0	0	0	4	0	120	112	0	3	0	0	2	0	165	46	0	2	0	1	0	24	164	4	0	0	0	0	0	9	20	0	0	0	0	
0	0	0	0	0	0	0	0	0	2	0	83	158	28	0	1	0	1	1	0	98	179	0	2	0	3	67	90	119	235	46	0	0	181	178	56	184	223	55	0	0	107	157	147	178	39	0	2	1	0	23	52	4	0	3	0	0	3	0	0	1	2	0	0	
0	0	0	0	0	0	0	0	0	2	0	39	205	120	0	3	1	0	9	208	247	136	0	4	0	1	0	166	255	39	0	2	0	1	0	133	215	106	0	4	3	0	136	140	118	114	0	4	2	0	147	174	121	7	0	1	0	0	0	7	0	0	0	0	
0	0	0	0	1	0	0	0	0	2	0	46	100	0	3	0	0	2	0	71	152	0	3	0	0	3	0	81	135	0	4	0	0	3	0	98	137	0	4	0	0	3	0	92	138	0	4	0	0	1	0	32	132	0	0	0	0	0	0	0	5	1	0	0	
0	0	2	2	0	0	0	0	0	0	0	2	0	71	17	0	3	0	81	78	0	182	26	0	2	0	196	177	80	167	0	1	0	10	173	123	194	116	0	4	0	0	2	0	159	46	0	2	0	1	0	36	172	0	0	0	0	0	0	10	25	0	1	0	
0	1	0	0	0	1	2	0	0	2	98	157	149	32	0	2	0	128	206	68	123	180	50	0	0	158	117	0	0	63	200	2	0	132	130	0	8	0	159	35	0	15	220	77	0	16	193	47	2	0	80	204	172	194	92	0	0	1	0	10	43	26	0	0	
0	0	0	0	4	0	0	0	0	1	0	101	196	97	0	3	2	0	64	159	48	185	0	0	0	0	9	0	72	166	0	2	0	2	18	83	228	52	0	2	0	13	239	215	159	165	0	1	0	7	103	16	17	158	7	0	0	0	0	1	3	0	0	0	
0	0	0	0	0	0	0	0	0	1	0	97	137	0	1	0	1	0	5	155	140	0	2	0	0	2	0	154	120	0	3	0	1	0	16	110	148	55	0	2	1	0	39	5	118	74	0	3	2	0	34	151	127	0	0	0	0	0	0	3	1	0	0	0	
0	0	2	2	0	1	0	0	0	1	0	10	17	0	0	0	2	0	28	179	211	164	3	0	0	0	163	44	178	193	0	3	0	4	156	139	196	132	0	4	0	0	16	17	116	86	0	3	0	1	1	0	172	28	0	1	0	1	0	19	119	0	0	0	
0	0	0	2	0	1	0	0	0	0	1	3	0	55	33	0	0	2	0	109	77	158	41	0	3	0	112	180	82	185	0	1	3	0	106	184	235	164	6	0	0	3	0	135	141	0	3	0	2	0	45	210	9	0	1	0	0	0	9	28	0	1	0	0	
0	0	0	0	0	0	0	0	0	1	0	45	144	109	1	0	1	0	9	196	81	199	24	0	1	0	3	170	147	110	0	3	0	3	0	66	249	30	0	2	1	0	24	162	203	31	0	2	4	0	127	220	90	0	2	0	1	0	19	36	0	0	0	0	
0	0	1	0	0	1	0	0	0	0	2	11	0	30	23	0	2	0	74	78	0	120	21	0	2	0	137	30	78	148	0	2	2	0	87	135	162	78	0	3	0	0	4	0	114	53	0	2	0	0	2	0	135	15	0	1	0	0	0	2	17	0	0	0	
0	0	0	1	0	0	0	0	0	1	0	17	134	39	0	2	0	3	0	140	255	162	0	3	2	0	53	164	96	129	0	3	2	0	43	176	159	18	0	1	0	3	0	154	232	31	0	2	1	0	21	196	175	37	0	2	0	0	2	48	23	0	1	0	
0	0	0	0	0	0	0	0	0	1	0	27	98	0	2	0	0	2	0	49	132	0	3	0	0	3	0	73	91	0	3	0	0	4	0	112	96	0	3	0	0	3	0	127	64	0	2	0	0	3	0	84	74	0	2	0	0	0	0	0	0	0	0	0	
0	0	1	0	24	8	0	0	0	3	0	31	182	17	0	1	0	15	0	148	90	0	3	0	1	0	39	142	35	118	5	0	3	0	104	87	138	193	9	0	4	0	114	192	190	81	0	2	2	0	35	149	70	0	0	0	0	0	0	0	0	2	0	0	
0	0	0	0	2	1	0	0	0	0	5	14	1	1	0	0	2	0	148	224	136	0	0	0	0	4	210	38	145	136	0	3	3	0	128	173	201	165	0	3	0	0	2	63	130	120	0	4	0	0	3	0	45	154	0	2	0	0	0	2	6	116	7	0	
0	0	1	0	0	0	0	0	0	1	0	50	116	108	0	0	2	0	58	159	81	40	0	0	3	0	160	164	109	21	0	1	1	0	86	68	107	140	0	3	0	3	17	0	42	148	0	2	0	0	141	145	159	55	0	2	0	0	3	55	21	0	1	0	
0	0	1	0	48	18	0	1	0	0	4	0	81	74	0	3	0	0	3	0	81	54	0	2	2	0	33	121	154	1	2	1	0	7	113	137	141	82	0	1	0	39	165	59	0	93	99	13	0	4	45	3	2	0	38	20	0	0	0	2	0	2	0	0	
0	1	1	0	0	0	0	0	1	0	11	94	150	67	0	2	0	34	226	156	76	200	16	0	0	42	99	6	0	183	49	0	0	0	0	0	66	164	3	0	1	0	20	188	255	81	0	3	2	0	162	194	106	147	0	1	0	0	31	4	0	0	0	0	
0	0	0	10	14	0	0	0	0	2	0	130	54	0	3	0	2	0	42	175	127	61	0	2	3	0	96	70	0	132	46	0	4	0	105	52	0	45	98	0	2	0	63	131	19	91	76	0	0	1	0	62	119	69	2	0	0	0	1	0	0	0	1	0	
0	0	0	0	1	0	0	0	0	0	1	0	32	207	43	0	0	0	3	0	158	194	0	1	0	2	0	40	249	59	0	3	0	1	0	186	175	0	2	0	3	0	119	220	6	0	1	0	0	22	201	64	0	3	0	0	0	5	3	0	1	0	0	0	
0	0	2	0	0	1	0	0	0	1	0	45	62	0	0	0	2	0	81	130	148	12	0	1	0	37	134	0	95	110	0	4	0	21	118	91	196	79	0	3	0	0	13	1	118	56	0	2	0	1	4	0	99	32	0	1	0	0	1	0	37	7	0	0	
0	0	2	1	0	0	0	0	0	1	0	14	33	8	0	0	2	0	69	150	154	169	0	1	0	6	189	46	128	143	0	4	0	0	80	127	214	47	0	2	0	1	0	34	155	0	1	0	0	3	0	110	120	0	4	0	0	3	0	98	48	0	2	0	
0	1	3	1	1	2	0	0	0	0	0	0	0	0	0	0	0	33	120	114	142	100	0	3	0	19	50	0	96	90	0	3	0	0	2	0	117	30	0	1	0	1	0	11	114	0	0	0	0	1	0	24	93	0	2	0	0	1	0	34	93	0	3	0	
0	0	0	0	0	0	0	0	1	0	21	106	131	26	0	1	2	0	185	127	94	152	0	3	1	0	47	1	47	158	0	3	0	0	2	0	132	93	0	3	2	0	36	206	225	17	0	1	3	0	116	132	133	125	0	4	0	0	0	0	8	23	0	1	
0	0	1	1	0	1	0	0	0	1	0	41	82	6	0	0	2	0	50	156	113	100	0	3	2	0	126	24	47	147	0	3	0	3	155	109	210	85	0	3	1	0	42	64	138	45	0	2	0	0	2	0	155	59	0	2	0	0	3	0	65	30	0	1	
0	0	1	2	0	0	0	0	0	0	0	5	18	7	1	0	1	0	17	119	175	202	10	0	4	0	137	107	85	177	0	2	2	0	43	128	219	55	0	2	0	1	0	36	155	0	1	0	0	3	0	135	94	0	3	0	0	0	0	124	20	0	1	0	
0	1	0	20	41	0	1	0	0	2	0	133	184	23	0	1	0	1	0	44	146	56	0	2	0	0	4	0	120	57	0	2	1	0	20	95	195	79	0	1	3	0	140	213	169	101	17	0	1	0	85	101	6	0	0	0	0	0	0	0	3	3	0	0	
0	0	0	0	1	0	0	0	0	0	1	0	13	165	28	0	0	0	3	0	138	197	0	0	0	1	0	23	229	63	0	3	0	3	0	155	185	0	2	0	3	0	63	243	42	0	2	0	3	0	155	140	0	3	0	0	0	0	2	0	1	0	0	0	
0	1	1	0	0	2	2	0	1	0	32	120	43	0	1	0	0	7	206	138	131	181	44	0	0	114	159	0	1	51	206	26	0	149	93	0	0	93	205	6	0	59	148	12	129	223	42	0	2	0	87	186	161	27	0	2	0	1	0	1	0	1	2	0	
0	0	1	2	0	1	0	0	0	1	0	14	126	91	0	2	1	0	10	187	255	199	0	1	3	0	146	107	83	219	8	0	0	32	184	3	6	186	25	0	0	75	177	0	107	164	0	3	0	19	194	175	180	30	0	2	1	0	27	60	10	0	1	0	
0	1	1	0	0	1	0	0	1	0	16	151	134	0	0	0	0	7	106	54	112	66	0	2	0	30	100	22	136	90	0	3	3	0	85	204	159	153	44	0	0	25	116	4	0	63	128	0	0	12	114	93	93	105	31	0	0	0	6	18	10	0	0	0	
0	0	1	0	0	2	2	0	0	1	0	41	117	159	40	0	3	0	77	190	95	14	3	0	2	0	183	204	161	64	0	2	0	4	112	21	37	193	3	0	1	0	46	12	106	168	0	1	2	0	141	188	144	21	0	1	0	0	0	4	0	1	0	0	
0	0	2	0	3	0	0	0	0	2	0	86	194	53	0	2	3	0	73	171	25	11	0	0	3	0	184	63	0	19	9	0	3	0	169	90	46	204	45	0	1	0	30	149	181	187	0	2	0	0	3	0	89	87	0	3	0	0	2	3	7	1	0	0	
0	0	0	0	0	0	0	0	0	22	99	115	129	61	0	2	0	68	113	45	202	86	0	3	1	0	18	159	181	141	77	0	1	0	34	48	0	139	134	0	0	0	1	0	105	174	3	0	0	39	148	158	150	10	0	1	0	13	66	49	0	2	1	0	
0	0	0	0	0	0	0	0	0	0	6	80	121	84	0	0	3	0	82	128	0	51	8	0	3	0	59	179	120	24	0	1	1	0	15	31	108	106	0	4	0	0	8	0	124	77	0	3	2	0	50	138	120	0	0	0	0	0	7	44	4	0	0	0	
0	0	0	0	0	1	0	0	0	9	44	77	88	17	0	1	0	107	143	68	112	157	0	3	0	5	0	30	179	121	0	3	0	3	136	191	134	163	47	0	0	4	8	0	23	188	26	0	1	0	61	108	175	60	0	2	1	0	91	118	21	0	2	0	
0	1	0	0	0	0	0	0	0	0	25	66	77	22	0	1	0	126	195	135	179	203	0	0	0	51	16	36	210	140	0	3	0	0	0	124	157	198	32	0	0	2	2	0	44	216	24	0	0	3	123	162	197	64	0	2	0	1	110	86	6	0	1	0	
0	0	1	0	29	60	0	2	0	0	2	0	136	55	0	2	0	2	0	62	128	0	2	0	0	1	0	128	31	1	0	0	2	0	50	136	153	170	0	3	2	0	32	234	196	65	0	2	0	0	0	48	7	0	0	0	0	0	1	0	1	2	0	0	
0	0	0	0	0	0	0	0	1	0	24	150	173	69	0	2	4	0	121	215	139	60	0	2	4	0	154	209	139	96	1	0	1	0	70	69	59	178	89	0	0	1	59	29	0	72	125	0	1	0	101	208	199	223	56	0	0	0	0	10	54	29	0	1	
0	0	0	0	1	0	0	0	0	0	2	0	56	120	0	3	0	0	3	0	153	91	0	3	0	1	0	39	168	0	1	0	0	3	0	130	95	0	3	0	2	0	64	193	0	0	0	0	3	0	123	69	0	2	0	0	0	0	1	1	1	0	0	0	
0	0	4	4	1	0	0	0	0	0	0	0	0	8	2	0	0	9	112	146	182	225	32	0	0	9	116	86	144	182	0	1	0	1	0	21	207	40	0	2	0	1	0	168	96	0	3	0	3	0	120	162	0	4	0	0	0	0	130	27	0	1	0	0	
0	0	0	1	5	0	0	0	1	0	46	145	184	63	0	3	2	0	119	56	95	127	0	4	0	0	4	0	115	104	0	4	1	0	43	155	210	19	0	1	0	27	246	217	179	118	0	2	0	14	79	9	15	174	21	0	0	0	0	1	2	0	0	0	
0	0	1	0	0	1	1	0	1	0	7	170	151	41	0	2	3	0	134	237	50	150	22	0	0	21	208	40	0	122	108	0	0	44	176	0	0	105	145	0	0	15	178	9	26	201	70	0	2	0	79	151	160	73	0	2	0	0	0	10	3	0	1	0	
0	0	1	0	0	0	0	0	0	0	5	71	123	77	0	2	3	0	85	184	80	25	0	1	2	0	179	188	125	135	25	0	0	2	52	25	0	132	107	0	0	0	9	2	4	174	57	0	2	0	136	160	161	90	0	2	0	0	3	49	23	0	2	0	
