500	64	10
0	0	0	0	0	0	0	0	1	0	27	89	119	79	15	0	0	35	200	166	173	255	126	0	0	5	33	100	171	219	25	0	1	0	19	137	191	255	52	0	0	52	108	146	176	115	13	0	27	218	166	88	11	0	1	0	5	16	0	0	1	4	1	0	
0	0	0	0	0	1	0	0	0	0	23	31	27	4	0	0	1	0	116	174	192	113	0	3	0	0	2	0	70	152	0	3	0	0	2	0	171	53	0	2	0	3	0	133	140	0	3	0	3	0	82	170	0	1	0	0	2	0	121	41	0	2	0	0	
0	0	0	0	1	0	0	0	0	1	0	70	49	0	3	1	1	0	32	104	135	2	0	0	0	0	3	0	112	60	44	25	0	0	45	88	190	117	67	17	0	48	107	114	117	0	2	0	0	12	75	64	6	0	3	1	0	0	0	0	2	0	0	0	
0	0	1	0	26	50	0	2	0	0	4	0	132	88	0	3	0	2	0	64	154	0	2	0	1	0	4	160	89	85	0	1	3	0	84	151	153	157	8	0	4	0	97	231	188	99	0	2	1	0	9	69	44	2	0	0	0	0	0	0	0	1	0	0	
0	2	0	0	0	1	0	0	0	0	6	25	13	0	0	0	0	122	172	152	190	75	0	3	0	176	60	0	125	152	0	4	0	14	7	0	121	148	0	4	0	0	4	0	135	152	0	4	0	1	4	0	177	139	0	4	0	0	2	0	107	66	0	2	
0	0	1	1	0	0	0	0	0	2	0	73	116	0	0	0	3	0	63	200	167	41	0	2	3	0	159	61	71	124	0	3	3	0	103	188	237	108	0	4	0	1	0	52	210	19	0	1	0	4	0	126	127	0	3	0	0	1	0	22	9	0	0	0	
0	0	0	0	1	0	0	0	0	0	1	0	36	63	0	2	0	0	3	0	150	88	0	3	0	2	0	43	178	0	0	0	0	3	0	145	89	0	3	0	1	0	18	168	6	0	0	0	1	0	38	110	0	3	0	0	0	0	2	11	0	0	0	0	
0	0	0	0	0	1	1	0	0	1	0	21	149	65	0	2	0	2	0	146	129	202	98	0	0	2	0	131	168	189	34	0	1	0	20	231	161	0	0	1	4	0	120	145	101	0	4	0	4	0	106	208	101	0	2	0	0	0	11	45	1	0	0	0	
0	0	0	2	1	0	0	0	0	0	1	0	22	44	0	1	0	2	0	43	209	149	0	3	1	0	19	207	233	46	0	2	2	0	46	170	173	11	0	1	0	2	0	58	121	0	3	0	0	3	0	142	80	0	3	0	0	0	0	78	13	0	0	0	
0	0	0	0	0	1	0	0	1	0	40	94	73	4	0	0	2	0	108	158	158	113	0	2	0	0	2	0	41	158	0	1	0	1	0	7	202	62	0	3	1	0	0	170	121	0	2	0	3	0	129	136	0	3	0	0	0	0	70	11	0	1	0	0	
0	0	1	3	0	0	1	0	0	1	2	0	56	91	8	0	1	0	2	144	236	250	194	5	0	6	202	212	16	39	228	24	0	117	217	0	0	119	210	7	0	144	227	111	206	203	17	0	0	26	158	200	101	9	0	1	0	0	0	0	0	2	1	0	
0	0	0	1	0	0	0	0	0	1	0	8	124	102	19	0	0	3	0	102	93	198	115	0	0	3	0	103	158	108	0	1	0	1	0	175	158	0	3	0	1	0	119	129	112	0	2	0	0	31	179	138	76	0	2	0	0	3	49	37	0	0	0	0	
0	0	1	0	22	17	0	1	0	0	1	0	158	64	0	2	0	2	0	82	141	0	2	0	1	0	7	208	179	54	0	1	3	0	64	240	97	168	0	2	2	0	55	216	212	116	0	3	0	1	0	93	112	5	0	1	0	0	0	0	0	1	0	0	
0	0	1	2	0	0	0	0	0	0	1	2	59	73	7	0	1	0	12	150	135	142	48	0	2	0	133	84	27	156	16	0	1	0	130	148	217	137	0	3	0	1	0	31	155	8	0	1	0	1	0	150	64	0	2	0	0	0	7	68	0	1	0	0	
0	0	0	0	0	0	0	0	0	34	157	176	127	6	0	1	0	122	147	50	211	78	0	4	0	4	0	72	220	32	0	2	0	4	144	247	64	0	15	9	0	29	234	230	210	187	210	46	0	0	6	20	54	85	82	0	0	0	0	0	0	0	0	0	
0	0	0	10	52	11	0	1	1	0	2	185	241	153	0	0	0	1	5	62	5	157	61	0	0	1	0	3	0	133	52	0	0	58	178	146	138	146	0	2	0	178	224	244	228	195	91	0	0	105	126	49	0	35	29	0	0	0	0	0	1	0	0	0	
0	0	0	0	10	4	0	0	0	2	0	49	132	59	0	2	0	0	4	145	25	94	16	0	0	1	0	155	157	95	14	0	2	0	55	166	163	1	0	1	0	0	162	21	165	48	0	2	1	0	116	172	96	0	1	0	0	0	2	7	0	0	0	0	
0	0	6	24	5	0	1	0	3	0	105	224	165	121	12	0	0	1	14	18	13	128	163	0	0	0	8	15	0	20	176	3	0	95	163	178	192	196	87	0	0	201	185	190	200	198	98	0	0	35	71	54	0	14	79	0	0	0	0	0	2	3	0	0	
0	1	1	0	3	3	0	0	0	0	11	23	4	0	0	0	0	48	234	176	59	75	0	1	0	137	221	4	210	213	0	1	0	28	191	204	226	206	5	0	1	0	17	35	31	240	55	0	0	1	1	2	0	127	172	8	0	0	1	2	1	0	21	6	
0	0	1	0	0	0	0	0	0	0	0	63	69	5	0	0	3	0	83	145	141	66	0	3	1	0	154	75	37	129	50	0	1	0	51	98	124	164	5	0	0	2	0	37	153	20	0	1	1	0	20	175	49	0	2	0	1	0	34	53	0	3	0	0	
0	0	0	0	3	0	0	0	0	2	0	73	170	109	0	0	0	1	0	54	31	160	19	0	0	0	2	0	52	157	0	2	2	0	61	104	191	97	0	4	0	41	156	171	197	13	0	1	0	29	161	123	12	0	1	0	0	0	5	1	1	1	0	0	
0	0	0	1	0	1	0	0	0	1	0	21	143	88	47	8	1	0	8	145	84	177	164	0	1	0	30	132	122	183	29	0	2	0	81	248	120	5	0	1	0	36	150	105	57	0	4	0	0	76	168	140	62	0	2	0	0	1	57	42	0	0	0	0	
1	0	17	66	19	0	1	0	0	9	130	112	138	23	0	1	0	5	20	0	51	139	0	2	0	2	7	3	0	128	28	0	0	64	173	74	7	162	53	0	0	22	139	103	198	150	3	0	1	0	42	101	77	2	0	0	0	1	1	0	0	2	1	0	
0	0	0	3	0	92	48	0	0	0	3	0	112	197	26	0	0	2	0	104	152	0	0	0	3	0	62	216	119	130	24	0	3	0	180	224	104	176	66	0	2	0	199	199	124	130	2	0	1	0	46	84	76	9	0	1	0	0	0	0	0	2	1	0	
0	0	0	0	0	0	0	0	1	0	1	116	104	0	1	0	3	0	70	182	110	132	0	2	1	0	12	149	188	61	0	2	0	3	0	111	221	28	0	2	1	0	18	122	82	127	0	4	0	0	0	134	178	64	0	3	0	1	0	27	38	0	0	0	
0	0	0	1	0	1	0	0	0	1	0	38	41	10	17	0	0	1	0	145	31	127	46	0	3	0	98	124	79	168	0	3	3	0	142	182	223	89	0	2	0	2	0	136	82	0	3	0	3	0	85	148	0	5	0	0	1	0	36	16	0	0	0	0	
0	1	43	63	28	0	1	0	0	58	110	77	141	54	0	2	0	7	2	0	41	119	0	3	0	0	2	2	16	130	0	1	2	0	73	130	138	146	0	2	0	6	170	74	184	143	125	11	1	0	71	124	34	0	14	2	0	0	0	0	1	3	0	0	
0	0	0	1	0	1	0	0	0	1	0	29	27	12	19	0	0	0	0	152	41	138	67	0	2	0	54	146	78	164	0	2	0	2	0	131	255	45	0	2	1	0	4	179	74	0	3	0	3	0	133	120	0	3	0	0	0	3	70	5	1	0	0	0	
0	1	1	0	0	0	0	0	0	0	14	38	50	41	42	8	0	30	151	144	123	122	122	10	0	140	191	119	119	56	0	1	0	54	83	21	37	150	106	0	0	10	26	0	0	136	89	0	0	39	169	119	158	99	0	1	1	0	30	70	19	0	2	0	
0	0	0	2	1	1	0	0	0	0	0	13	15	25	92	0	0	2	0	126	67	159	84	0	1	0	33	128	120	109	0	3	0	1	0	188	218	12	0	1	3	0	83	165	25	9	0	0	0	30	181	23	0	1	0	0	0	19	29	0	3	0	0	0	
0	1	3	0	0	0	0	0	0	0	0	49	132	73	0	2	0	6	131	149	64	14	0	0	0	73	218	113	117	52	0	1	0	29	92	51	30	159	49	0	0	0	0	3	0	153	74	0	1	0	21	115	148	122	0	0	0	0	0	44	29	0	1	0	
0	0	1	1	0	0	1	0	0	1	0	4	143	195	6	0	1	0	0	185	184	201	61	0	3	0	143	180	0	139	105	0	0	9	198	30	0	187	66	0	0	12	203	55	142	205	0	0	2	0	124	217	162	25	0	1	0	0	0	0	0	1	1	0	
0	0	1	1	0	0	0	0	0	0	0	8	30	14	2	0	1	0	29	88	114	156	0	0	0	0	14	8	52	19	0	1	1	0	8	109	102	81	29	0	1	0	41	61	7	61	26	0	0	3	90	8	0	0	0	0	0	22	74	0	2	2	1	0	
0	0	1	1	0	1	0	0	0	2	0	42	204	43	0	2	1	0	13	200	224	122	0	4	4	0	126	159	27	185	0	1	0	0	184	41	16	179	3	0	0	3	187	50	130	178	0	3	2	0	100	205	169	37	0	2	0	0	0	0	0	0	0	0	
0	0	0	0	0	1	1	0	0	0	1	1	0	0	0	0	0	0	0	2	10	19	23	15	1	0	31	99	62	67	59	38	2	0	89	33	0	1	0	0	0	0	99	106	0	3	2	1	0	0	12	32	0	0	0	0	0	0	0	0	0	0	0	0	
0	0	0	0	0	2	0	0	0	2	0	88	133	4	1	0	1	0	33	166	97	201	65	0	2	0	45	148	149	166	0	0	0	1	0	203	184	0	2	0	3	0	59	189	142	5	0	0	3	0	71	199	180	13	0	1	0	0	0	53	30	0	1	0	
0	0	0	0	0	0	0	0	0	1	0	12	103	6	0	0	0	3	0	78	167	0	3	0	0	3	0	97	115	0	4	0	0	4	0	136	83	0	3	0	0	4	0	154	78	0	3	0	0	3	0	123	75	0	3	0	0	0	0	12	12	0	0	0	
0	0	1	1	0	1	0	0	0	1	0	21	198	69	0	3	1	0	2	170	196	122	0	4	4	0	105	153	22	170	0	1	1	0	169	26	54	151	0	3	0	9	185	32	167	108	0	4	2	0	108	207	139	2	0	1	0	0	0	2	0	1	0	0	
0	0	0	0	0	0	0	0	0	1	0	62	83	83	60	0	0	1	0	54	50	168	51	0	0	1	0	22	165	52	0	2	1	2	0	33	210	44	0	2	0	4	69	173	83	0	1	0	15	129	122	35	0	1	0	0	9	15	0	1	3	0	0	0	
0	0	0	0	0	1	1	0	0	1	0	27	152	59	0	2	0	3	0	117	77	134	121	0	0	2	0	76	130	160	25	0	0	2	0	140	173	0	0	1	3	0	67	175	105	0	4	0	4	0	129	178	44	0	2	0	1	0	18	29	0	1	0	0	
0	0	0	0	0	0	0	0	0	24	117	117	100	45	1	0	0	47	82	17	0	140	79	0	0	1	0	31	145	160	6	0	0	1	2	123	155	107	0	3	0	0	35	0	67	147	0	3	3	0	111	166	157	29	0	1	1	0	14	49	4	0	0	0	
0	0	1	0	22	52	0	2	0	0	4	0	131	94	0	3	0	2	0	73	151	0	1	0	1	0	31	165	43	49	0	1	3	0	123	86	180	174	0	2	2	0	144	167	206	45	0	2	1	0	30	71	17	0	0	0	0	0	0	0	1	2	0	0	
0	0	0	1	0	1	0	0	0	0	163	200	167	39	0	2	0	3	70	28	135	184	0	1	0	0	2	0	41	221	12	0	0	1	101	135	222	183	0	2	0	29	209	164	226	215	73	0	0	0	145	161	15	41	40	0	0	0	0	0	1	1	0	0	
0	0	1	0	30	48	0	2	0	0	2	0	154	69	0	3	0	3	0	119	116	0	3	0	2	0	55	154	28	34	0	1	3	0	146	120	191	173	0	2	2	0	164	240	187	82	0	2	1	0	25	72	23	0	0	0	0	0	0	0	0	2	0	0	
0	0	0	0	0	0	0	0	1	0	20	189	155	52	0	1	0	1	0	104	237	229	7	0	2	0	134	198	234	172	0	1	3	0	116	205	242	189	0	0	0	112	204	82	226	216	1	0	0	62	212	220	160	33	0	2	0	0	0	0	0	0	0	0	
0	0	0	2	0	0	2	2	0	0	1	0	97	116	0	0	0	2	0	106	139	112	88	39	1	0	13	166	129	172	127	40	1	0	18	228	130	13	0	1	2	0	126	190	43	0	5	2	0	2	192	165	26	0	1	0	1	0	34	39	0	1	0	0	
0	0	2	1	0	0	0	0	0	1	0	25	75	1	0	0	2	0	62	165	147	31	0	2	0	55	180	0	100	140	0	3	0	50	159	116	169	126	0	3	1	0	45	34	63	122	0	4	0	0	3	0	90	103	0	4	0	0	3	0	33	30	0	1	
0	0	0	0	5	39	1	0	0	5	0	35	169	140	0	1	2	0	27	248	141	0	1	0	1	0	10	95	160	99	0	2	0	21	51	0	6	185	31	0	0	21	203	149	187	187	2	0	1	0	42	143	134	23	0	1	0	0	0	0	0	1	0	0	
0	0	0	0	0	1	0	0	1	0	8	184	108	0	2	0	3	0	87	202	106	60	0	2	3	0	76	136	0	138	6	0	3	0	81	153	0	81	26	0	1	0	34	168	34	149	9	0	0	1	0	123	160	49	0	2	0	0	0	1	1	0	0	0	
0	0	0	0	0	0	1	0	0	0	21	18	19	19	0	0	0	6	161	188	154	179	103	0	0	0	2	7	0	156	126	0	0	2	0	4	162	159	0	0	1	0	15	181	149	0	0	0	0	31	196	80	0	4	1	0	0	98	79	0	5	1	0	0	
0	0	0	0	0	0	0	0	1	0	55	116	124	16	0	1	0	0	105	74	161	87	0	3	0	0	3	0	141	54	0	2	0	2	0	58	154	0	2	0	0	3	0	127	57	17	0	0	0	2	0	142	180	80	0	2	0	1	0	16	46	0	0	0	
0	0	0	3	0	0	0	0	0	0	3	0	52	174	26	0	0	2	0	87	251	172	0	2	3	0	95	227	52	148	10	0	0	11	192	23	40	166	0	1	0	63	148	28	208	83	0	3	0	9	168	195	71	0	2	0	0	0	1	1	0	1	0	0	
0	0	0	0	0	0	0	0	0	17	46	60	59	0	1	0	0	78	218	172	230	64	0	3	0	2	2	0	191	86	7	0	2	0	33	173	240	198	61	0	1	0	25	114	193	11	0	1	0	1	0	21	228	42	0	2	0	0	0	7	82	15	0	1	
0	0	0	1	5	0	0	0	0	1	0	25	172	121	0	0	0	0	1	0	47	197	20	0	0	1	2	157	230	72	0	2	0	0	2	28	125	61	0	2	0	77	54	37	176	61	0	2	0	68	186	183	91	0	2	0	0	0	0	0	0	0	0	0	
0	0	2	0	0	2	0	0	0	0	1	55	21	0	1	0	2	0	99	120	108	67	0	1	0	14	116	0	77	132	0	3	0	1	116	81	161	70	0	3	1	0	18	21	120	61	0	2	0	0	4	0	99	102	0	4	0	0	1	0	23	49	0	2	
0	0	2	0	21	83	0	1	0	1	0	14	168	99	0	2	1	0	16	181	73	0	2	0	2	0	138	84	51	145	45	0	0	18	152	155	147	193	79	0	1	0	185	232	145	97	0	1	1	0	25	45	16	0	1	0	0	0	1	0	0	3	0	0	
0	0	0	0	0	0	0	0	0	2	0	54	98	0	3	0	0	3	0	91	138	0	4	0	0	3	0	90	132	0	4	0	0	2	0	60	143	0	3	0	0	1	0	33	192	0	0	0	0	1	0	24	114	0	1	0	0	0	0	0	0	0	0	0	
0	0	0	0	0	0	0	0	0	0	5	75	69	61	15	0	0	0	0	137	167	213	109	0	0	0	3	0	15	168	34	0	0	4	0	25	203	92	0	3	2	0	63	196	78	0	3	0	0	100	209	45	0	4	0	0	4	110	32	0	4	0	0	0	
0	0	0	0	2	2	0	0	0	0	14	19	0	0	0	0	0	0	149	181	158	28	0	1	0	1	11	0	101	175	0	3	0	0	3	0	124	129	0	3	0	2	0	44	175	5	0	1	0	2	0	150	55	0	2	0	0	0	3	84	5	0	0	0	
0	0	1	1	0	0	0	0	0	1	0	26	123	122	18	0	1	0	22	181	122	236	103	0	1	0	36	147	164	161	0	0	1	0	4	218	204	0	1	1	4	0	150	112	130	46	0	1	3	0	124	151	170	16	0	1	0	0	4	62	23	0	1	0	
0	0	0	1	2	0	0	0	1	0	21	90	84	3	0	0	2	0	106	25	55	72	0	1	2	0	64	117	106	110	0	0	3	0	71	108	110	130	5	0	3	0	94	48	0	125	22	0	1	0	16	127	155	84	0	2	0	0	0	2	4	0	0	0	
0	0	0	0	0	0	0	0	1	0	10	178	200	86	0	2	1	0	16	80	57	205	17	0	0	1	1	78	224	158	0	2	0	0	4	114	126	159	0	1	0	142	92	38	158	170	0	2	0	86	213	205	153	20	0	1	0	0	0	0	0	1	0	0	
0	0	1	0	0	2	1	0	1	0	12	55	63	17	0	1	0	6	95	43	35	107	9	0	0	51	108	0	48	160	16	0	0	6	94	52	84	111	0	4	0	0	3	0	84	79	0	3	0	0	6	0	117	71	0	3	0	0	2	0	51	37	0	1	
0	0	0	0	0	0	0	0	0	0	3	0	86	76	0	3	0	0	3	0	165	62	0	2	0	2	0	51	172	0	1	0	0	3	0	157	115	0	4	0	2	0	46	208	13	0	1	0	4	0	102	102	0	3	0	0	0	0	0	1	1	0	0	0	
0	0	0	4	2	0	0	0	0	0	2	1	0	27	107	56	0	0	0	84	186	209	168	35	1	0	147	235	78	12	0	1	0	36	200	186	85	0	6	1	0	18	0	112	122	0	4	0	0	38	197	175	11	0	1	0	0	1	20	3	0	0	0	0	
0	0	6	0	0	0	0	0	0	1	0	63	102	25	0	1	0	2	0	78	162	180	0	1	0	2	0	31	207	89	0	2	0	0	1	0	52	109	0	3	0	80	99	61	159	92	0	3	0	24	128	150	79	0	0	0	0	0	0	0	0	1	0	0	
0	0	1	4	4	4	1	0	0	25	34	0	1	0	0	0	0	67	197	121	94	99	42	0	1	0	32	86	146	233	32	0	0	1	1	0	155	77	0	3	0	3	0	90	158	0	4	0	0	2	0	184	71	0	3	0	0	0	1	81	13	0	0	0	
0	0	2	0	0	0	1	0	0	1	0	51	94	36	0	1	3	0	87	169	112	139	24	0	0	2	157	19	0	54	15	0	1	0	117	153	208	197	0	1	0	1	0	68	215	31	0	2	0	2	0	163	68	0	2	0	0	0	3	64	4	1	0	0	
1	0	36	20	0	1	1	0	2	0	115	190	158	46	0	1	0	0	0	16	100	231	54	0	0	2	4	0	25	212	53	0	0	1	0	99	226	70	0	2	0	76	210	245	204	168	105	0	0	69	98	8	24	41	5	0	0	0	0	0	0	0	0	0	
0	0	0	0	12	22	0	1	0	1	0	68	203	107	0	3	0	1	0	203	164	0	1	0	0	1	0	15	121	86	0	2	0	9	76	0	13	162	8	0	3	0	136	171	187	172	0	1	1	0	18	148	142	18	0	1	0	0	1	0	0	1	0	0	
0	0	0	0	0	0	0	0	0	0	0	89	143	69	0	2	0	0	0	143	249	160	0	4	1	0	11	177	213	12	0	1	1	0	24	156	221	113	0	3	0	2	20	35	226	107	0	3	0	0	187	245	96	0	2	0	1	0	35	29	0	2	0	0	
0	0	1	3	0	0	0	0	0	0	2	0	54	51	0	1	0	0	0	152	243	207	0	0	3	0	125	136	44	246	32	0	3	0	169	200	233	170	0	1	1	0	8	120	216	16	0	1	0	3	0	138	101	0	3	0	0	0	0	82	15	0	0	0	
0	0	24	6	0	3	0	0	0	0	138	16	0	1	0	0	0	24	146	0	23	124	1	0	0	10	165	0	107	181	1	0	3	0	107	126	186	129	0	2	0	0	0	138	225	36	0	1	0	0	1	0	98	59	0	1	0	0	0	3	0	0	0	0	
0	0	0	2	0	1	1	0	0	0	1	0	64	53	0	1	0	2	0	116	213	197	35	0	2	0	49	183	4	95	42	0	2	0	44	182	235	120	0	4	0	2	0	101	202	14	0	1	2	0	41	211	22	0	1	0	1	0	31	52	0	3	0	0	
0	0	0	3	0	0	0	0	0	1	2	0	19	117	0	1	1	0	5	128	48	158	1	0	1	0	144	165	6	169	6	0	0	110	255	136	135	204	8	0	0	61	75	70	77	198	12	0	0	0	0	0	3	149	20	0	0	2	3	3	2	0	0	0	
0	0	0	2	2	0	0	0	0	0	1	0	5	163	91	0	0	1	0	21	160	97	14	0	2	0	33	227	64	0	2	0	0	0	0	124	128	0	2	0	0	7	93	43	142	0	0	0	2	0	88	219	102	0	3	0	0	0	0	1	0	0	0	0	
0	1	1	0	0	2	0	0	0	0	3	25	25	0	0	0	0	35	148	138	179	97	0	3	0	9	18	0	62	144	0	3	0	0	3	0	134	71	0	3	0	1	0	28	158	0	0	0	0	4	0	124	97	0	3	0	0	2	0	97	36	0	1	0	
0	0	0	2	1	0	0	0	0	0	3	0	51	154	3	0	0	2	0	55	239	158	0	3	2	0	40	188	72	111	0	2	3	0	147	52	55	119	0	4	0	12	176	66	190	51	0	2	1	0	148	218	71	0	2	0	0	0	0	0	1	1	0	0	
0	0	0	0	0	0	0	0	0	2	0	61	133	100	18	0	0	2	0	45	202	169	35	0	0	1	0	72	226	97	0	3	3	0	96	151	78	89	0	3	2	0	173	27	94	83	0	3	3	0	115	190	138	0	0	0	0	0	4	57	13	0	1	0	
0	0	0	0	0	0	0	0	1	0	8	82	89	29	0	1	1	0	20	174	184	177	5	0	0	0	1	0	16	156	5	0	0	1	1	0	172	106	0	3	1	0	2	174	143	0	1	0	1	0	149	129	0	3	0	0	0	11	73	0	3	1	0	0	
0	0	0	4	9	0	0	0	0	0	0	83	105	27	0	1	2	0	44	96	27	89	0	3	1	0	26	147	141	31	0	1	2	0	53	114	68	86	0	1	4	0	95	57	0	106	7	0	1	0	28	109	98	52	0	1	0	0	0	9	11	0	0	0	
0	1	0	31	136	62	0	1	0	3	0	60	204	204	35	0	0	1	0	3	0	104	83	0	0	3	24	10	0	160	63	0	0	154	254	225	226	132	0	3	0	193	255	189	172	168	89	0	0	12	26	1	0	35	45	0	0	0	0	2	3	0	0	0	
0	2	4	1	0	2	0	0	0	0	0	4	20	0	0	0	0	41	128	177	208	134	0	1	0	172	142	26	17	209	33	0	0	6	4	0	32	182	4	0	0	0	6	0	126	126	0	4	0	2	0	39	186	10	0	1	0	2	0	57	122	0	2	0	
0	0	0	0	0	0	0	0	0	0	6	44	70	49	0	1	3	0	75	177	124	185	10	0	0	0	3	0	31	154	0	0	0	1	0	2	181	80	0	3	1	0	0	172	134	0	2	0	1	0	150	128	0	3	0	0	0	8	73	1	2	0	0	0	
0	0	1	0	0	0	1	0	1	0	19	110	87	37	0	1	4	0	123	240	109	202	51	0	1	0	181	49	0	110	118	0	0	7	177	23	0	103	109	0	3	0	170	99	0	179	57	0	2	0	37	176	170	134	0	2	0	1	0	23	63	8	0	0	
0	0	0	3	0	0	2	0	0	1	3	0	44	17	0	3	0	1	0	94	165	0	109	57	0	5	194	202	6	126	137	0	0	18	125	168	253	142	0	2	1	0	3	173	106	0	3	1	0	10	172	89	0	3	0	0	0	35	63	0	4	0	0	0	
0	2	4	1	0	0	0	0	1	1	0	3	47	101	17	0	0	44	151	164	178	188	55	0	19	228	233	154	65	0	0	0	14	58	67	132	178	177	29	0	0	0	1	1	0	187	125	0	1	1	13	116	178	151	18	0	0	0	0	10	18	0	0	0	
0	0	0	0	0	0	0	0	0	0	2	0	128	192	77	0	0	0	1	0	39	183	110	0	1	2	0	152	193	104	0	0	0	1	0	51	187	18	0	1	24	105	36	107	174	11	0	1	10	174	198	155	30	0	1	0	0	0	0	0	1	0	0	0	
0	1	1	0	0	0	0	0	1	0	23	29	11	33	0	1	0	38	182	126	165	121	0	3	0	73	91	0	126	41	0	2	0	0	0	35	173	78	18	0	0	2	0	130	183	73	17	0	0	3	0	134	77	0	3	0	0	0	1	77	10	1	1	0	
0	0	0	0	1	1	0	0	0	0	0	0	11	130	9	0	0	0	4	0	116	142	0	3	0	1	0	18	171	17	0	1	0	3	0	151	117	0	4	0	3	0	79	204	6	0	1	0	0	0	151	50	0	2	0	0	0	1	3	1	1	0	0	0	
0	0	0	0	4	5	0	0	1	0	7	145	177	129	0	0	2	0	57	128	16	6	2	0	2	0	48	184	128	63	0	2	1	0	22	61	0	131	22	0	0	13	89	6	34	157	12	0	1	0	87	160	158	70	0	2	0	0	0	1	1	0	0	0	
0	0	1	1	0	4	6	0	0	1	0	12	92	175	55	0	0	3	0	147	255	223	12	0	3	0	118	255	94	213	81	0	0	40	251	78	0	225	77	0	0	104	249	99	209	186	2	0	0	30	180	226	117	0	0	0	0	0	0	0	0	2	1	0	
0	0	0	0	0	2	0	0	0	1	0	103	79	0	1	0	0	3	0	140	210	175	40	0	0	2	0	150	215	65	3	0	3	0	69	137	107	42	0	2	3	0	91	74	75	110	0	4	2	0	42	165	137	25	0	1	0	1	0	36	20	0	1	0	
0	0	0	0	0	0	0	0	0	0	0	8	132	8	0	0	0	1	0	25	230	33	0	2	0	2	0	44	229	21	0	1	0	3	0	78	195	0	1	0	0	4	0	163	171	0	4	0	0	3	0	125	104	0	3	0	0	0	0	0	0	0	0	0	
0	0	1	0	0	1	0	0	1	0	10	82	65	0	0	0	2	0	149	146	131	70	0	3	0	2	178	6	113	173	0	4	2	0	74	186	188	162	0	2	0	0	1	0	40	149	0	2	0	0	5	0	105	141	0	4	0	0	1	0	42	40	0	1	
0	0	0	0	0	0	0	0	3	0	89	201	140	19	0	1	3	0	134	120	144	166	0	4	0	0	3	0	144	154	0	4	0	68	199	198	231	19	0	1	0	97	207	144	218	130	123	32	0	0	1	0	29	159	129	6	0	1	3	4	1	0	0	0	
0	0	0	6	41	0	0	0	0	3	0	111	135	0	2	0	1	0	25	163	2	1	0	0	3	0	73	127	6	3	0	0	3	0	58	210	137	67	0	2	1	0	19	169	77	158	0	0	0	1	0	30	133	88	0	1	0	0	1	1	0	0	0	0	
0	0	0	0	0	0	0	0	0	7	107	168	151	43	0	2	0	25	162	102	195	173	0	4	0	1	0	114	254	104	0	4	0	0	2	100	212	177	0	0	0	9	34	0	66	255	30	0	0	23	190	205	240	140	0	1	0	0	7	56	37	0	0	0	
0	0	0	0	0	0	0	0	0	1	0	60	119	105	44	0	2	0	55	68	31	35	10	0	4	0	126	137	87	32	0	1	3	0	93	108	34	138	7	0	0	0	18	5	0	140	33	0	2	0	68	120	126	105	0	1	0	0	0	41	47	1	0	0	
0	0	1	0	1	0	0	0	0	0	4	91	36	90	4	0	3	0	115	148	128	146	0	3	4	0	155	117	158	84	0	3	2	0	39	218	244	146	59	0	0	4	0	125	185	53	25	0	0	2	0	186	84	0	3	0	0	0	0	24	7	1	1	0	
0	0	0	0	0	0	1	0	1	0	29	68	38	24	0	0	2	0	181	168	91	164	113	0	0	37	185	2	0	170	75	0	0	16	46	95	209	151	0	3	1	0	13	91	199	7	0	1	0	4	0	162	108	0	4	0	0	0	0	89	25	0	1	0	
0	0	1	2	0	0	0	0	0	0	0	0	23	68	52	15	0	0	13	56	104	148	125	53	3	0	91	196	0	0	1	0	0	1	0	134	118	0	7	1	0	11	37	130	122	0	4	0	1	0	110	155	10	0	1	0	0	0	0	0	1	0	0	0	
0	0	2	0	0	0	2	0	0	3	0	107	202	102	3	0	3	0	81	176	25	139	148	0	0	14	192	35	0	2	176	33	0	88	119	0	0	99	146	0	0	121	117	24	147	154	14	0	0	34	171	167	98	0	1	1	0	0	1	1	0	2	1	0	
0	0	1	0	23	29	0	1	0	1	0	26	199	57	0	2	0	3	0	170	142	0	4	0	2	0	48	201	3	0	1	0	3	0	61	213	149	185	24	0	1	0	7	221	251	228	48	0	0	1	0	97	71	0	1	0	0	0	0	0	0	0	1	0	
0	0	0	0	0	0	0	0	0	0	0	9	62	0	0	0	0	0	0	2	136	10	0	0	0	1	0	34	140	0	1	0	0	3	0	111	84	0	3	0	0	1	0	128	23	0	1	0	0	0	12	104	0	0	0	0	0	0	2	6	0	0	0	0	
0	0	0	0	0	0	0	0	0	2	12	11	15	10	0	0	0	54	181	178	162	216	62	0	0	3	12	1	59	207	19	0	0	1	0	24	210	63	0	2	1	0	0	195	109	0	4	0	3	0	146	173	0	4	0	0	0	0	147	37	0	1	0	0	
0	0	0	0	0	0	0	0	0	0	0	11	97	48	0	0	0	0	1	0	76	223	123	0	0	1	0	110	146	82	20	0	0	4	0	85	161	0	2	0	1	0	9	123	106	0	3	0	0	56	161	90	0	1	0	0	0	34	22	0	3	0	0	0	
0	0	1	1	0	0	0	0	0	0	0	4	78	150	106	0	1	0	0	190	180	201	175	0	4	0	87	255	82	147	20	0	2	0	25	227	189	13	0	1	1	0	92	168	218	32	0	1	0	59	246	182	155	16	0	1	0	6	38	34	1	0	0	0	
0	1	1	0	0	1	0	0	1	0	20	129	143	21	0	1	0	0	208	164	118	180	0	1	0	65	246	31	0	179	51	0	0	51	205	2	0	117	81	0	1	0	159	93	0	150	82	0	1	0	21	183	200	178	14	0	0	1	0	11	47	7	0	0	
0	0	2	0	0	0	0	0	0	2	0	65	177	188	41	0	3	0	69	255	196	130	155	0	0	20	232	201	62	86	145	0	0	129	205	0	0	160	79	0	0	137	224	48	145	193	2	0	0	20	175	229	168	15	0	1	0	0	0	0	0	2	1	0	
0	0	0	0	0	0	0	0	0	0	60	148	137	14	0	1	0	1	188	175	235	89	0	4	1	0	13	148	229	22	0	1	2	0	30	204	218	130	0	1	0	0	8	0	72	225	5	0	3	0	55	206	219	94	0	3	0	0	0	46	32	0	1	0	
0	0	0	0	0	3	0	0	0	0	3	0	90	141	0	2	0	1	0	1	207	68	0	3	0	3	0	78	215	0	0	1	0	3	0	162	164	0	4	0	2	0	24	234	64	0	2	0	2	0	55	178	2	0	0	0	0	0	0	0	1	0	0	0	
0	0	1	1	0	1	0	0	0	14	139	197	145	34	0	1	0	15	39	25	185	191	0	2	0	0	9	32	27	208	28	0	0	19	194	188	209	250	78	0	0	86	196	66	213	171	95	0	0	29	172	175	56	0	1	0	0	0	0	0	0	3	3	0	
0	0	43	61	7	0	0	0	0	20	195	170	147	20	0	1	0	3	13	0	108	158	0	3	0	1	3	0	79	178	0	3	1	0	61	134	219	101	0	4	0	90	255	246	215	179	87	7	0	77	112	14	0	107	125	0	0	0	0	0	1	0	0	0	
0	0	0	4	1	0	0	0	0	2	0	47	155	47	0	2	1	0	17	111	42	154	0	0	0	5	0	109	71	138	6	0	0	0	1	80	216	80	0	3	0	53	144	116	152	5	0	0	5	132	21	19	110	0	1	0	0	2	0	8	4	0	0	0	
0	1	7	0	0	0	0	0	1	0	130	191	162	30	0	1	1	0	6	82	249	146	0	4	1	4	0	153	255	91	0	3	0	0	0	11	106	198	19	0	11	113	30	0	19	227	100	0	2	113	175	160	198	160	12	0	0	0	4	9	2	0	0	0	
0	0	0	0	0	1	0	0	0	0	114	159	116	20	0	1	0	1	56	62	181	205	0	0	1	0	124	207	185	88	0	1	1	0	65	146	202	32	0	2	0	6	33	0	124	186	0	3	0	15	194	188	209	104	0	3	0	0	8	48	27	0	0	0	
0	0	0	0	1	0	0	0	2	0	42	87	0	20	0	0	4	0	124	114	56	147	0	3	4	0	117	159	133	112	0	4	1	0	17	169	244	137	25	0	0	1	0	12	219	104	11	0	0	2	0	49	185	0	0	0	0	0	0	13	24	0	1	0	
0	0	0	0	0	1	0	0	0	0	48	71	18	4	0	0	0	4	106	8	25	99	0	0	2	0	63	89	37	114	0	0	0	2	0	71	190	38	0	2	0	1	0	74	78	80	0	3	0	2	0	64	130	54	0	2	0	0	0	10	43	1	0	0	
0	3	1	0	0	0	1	0	0	0	15	19	18	6	0	0	9	128	190	194	176	217	56	0	17	71	18	2	50	235	43	0	0	0	1	0	194	120	0	4	1	4	0	139	193	0	1	0	3	0	75	238	27	0	2	0	3	0	76	131	0	3	0	0	
0	0	2	0	0	1	0	0	0	0	4	0	108	45	0	2	2	0	119	21	120	92	0	3	1	0	146	0	92	137	0	4	3	0	153	169	180	147	0	4	1	0	22	22	119	131	0	4	0	0	3	0	92	74	0	3	0	0	1	2	0	0	0	0	
0	0	0	0	0	0	0	0	0	1	0	84	159	150	77	0	3	0	56	255	133	223	117	0	1	0	12	210	149	92	0	2	0	3	0	167	217	0	1	1	2	0	49	209	223	16	0	1	3	0	167	255	168	0	0	1	1	0	25	52	11	0	1	0	
0	0	1	1	6	1	0	0	0	1	0	83	152	42	0	2	2	0	69	97	69	107	0	2	1	0	111	22	0	107	28	0	0	22	110	0	0	110	28	0	0	23	124	0	54	113	0	1	1	0	92	110	99	15	0	1	0	0	2	14	1	1	0	0	
0	0	0	0	0	0	0	0	0	1	0	31	90	24	0	1	0	1	0	168	121	53	0	2	0	2	0	94	143	102	0	3	0	0	0	0	201	68	0	3	0	3	0	75	153	0	3	0	0	0	0	180	52	0	2	0	1	0	15	70	0	1	0	0	
0	0	0	2	9	2	0	0	0	0	0	131	174	128	1	0	0	0	10	50	7	183	26	0	0	0	3	0	110	138	0	3	0	12	60	84	171	11	0	1	0	44	242	224	36	17	9	0	0	5	11	86	174	110	5	0	0	0	0	0	6	2	0	0	
0	0	0	2	0	0	0	0	0	1	0	5	177	89	0	3	0	3	0	131	255	230	15	0	3	0	120	255	156	196	80	0	0	44	245	77	0	181	87	0	0	75	246	50	130	203	7	0	0	2	122	206	158	20	0	1	0	0	0	0	0	1	1	0	
0	0	0	2	4	0	0	0	2	0	43	185	166	19	0	1	4	0	145	116	147	66	0	2	0	0	11	59	207	9	0	1	0	1	0	26	203	74	0	3	1	0	32	28	51	221	14	0	2	0	49	163	174	138	2	0	0	0	0	2	8	1	0	0	
0	0	0	0	0	0	0	0	0	0	2	0	81	78	0	2	0	1	0	21	225	53	0	2	0	3	0	99	185	0	2	0	0	3	0	173	115	0	3	0	1	0	9	215	44	0	2	0	2	0	37	207	11	0	1	0	0	0	3	24	1	0	0	0	
0	0	0	0	0	0	0	0	0	1	0	34	126	39	0	2	0	2	0	139	96	100	0	0	0	0	0	146	19	0	1	0	0	2	0	135	93	0	2	0	0	0	0	2	139	36	0	1	2	0	40	124	142	44	0	2	1	0	16	37	13	0	0	0	
0	0	0	0	0	1	0	0	2	0	51	166	78	0	1	0	2	0	56	72	159	83	0	3	0	0	4	0	113	136	0	4	0	75	140	127	212	42	0	2	0	46	142	173	197	140	144	28	0	0	1	0	15	61	48	1	0	2	4	4	0	0	0	0	
0	0	0	0	1	1	0	0	0	0	2	113	52	0	2	0	4	0	91	246	219	27	0	2	3	0	78	173	159	84	0	3	0	2	0	127	221	10	0	1	0	3	0	74	251	45	0	2	0	2	0	35	224	94	0	4	0	0	0	0	21	6	0	0	
0	0	0	0	0	0	0	0	0	29	149	160	146	40	0	2	0	86	155	65	199	174	0	3	1	3	0	86	255	94	0	4	0	1	1	79	175	172	0	2	9	67	10	0	48	212	4	0	6	151	156	117	195	172	0	2	1	0	31	66	58	12	0	1	
0	0	2	1	2	2	1	0	0	2	0	36	143	143	5	0	2	0	36	170	33	111	115	0	0	0	163	50	0	23	140	0	0	62	120	0	0	75	109	0	0	59	137	0	62	152	21	0	1	0	107	149	120	19	0	1	0	0	0	9	0	1	1	0	
0	0	0	0	1	1	0	0	2	0	89	108	0	46	67	0	0	40	208	44	2	206	86	0	0	38	217	0	91	184	0	2	2	0	121	183	211	173	34	0	0	3	0	112	229	74	23	0	0	4	0	148	136	0	4	0	0	1	0	27	16	0	1	0	
0	0	1	2	0	0	0	0	0	0	1	0	19	31	0	1	1	0	42	48	100	100	0	4	4	0	109	58	101	43	0	1	3	0	85	100	115	14	0	0	1	0	2	129	145	0	2	0	0	1	0	33	97	0	3	0	0	0	0	14	23	0	1	0	
0	0	0	0	0	0	0	0	0	1	0	48	92	71	32	6	1	0	13	124	129	146	175	101	3	0	143	74	0	2	2	3	3	0	140	145	0	5	1	0	1	0	10	208	30	0	2	0	0	8	168	192	2	0	1	0	0	0	82	44	0	1	0	0	
0	3	4	4	4	1	0	0	0	0	0	0	0	1	2	0	0	76	133	136	101	19	0	1	42	241	115	135	250	234	66	0	22	187	166	128	180	255	85	0	0	7	14	0	0	201	68	0	1	1	0	3	0	192	46	0	0	1	1	1	0	64	15	0	
0	0	0	3	33	1	0	0	0	2	0	123	154	0	2	0	2	0	38	223	34	0	2	0	4	0	113	134	0	14	0	0	3	0	83	205	185	171	0	1	0	1	0	152	255	187	0	1	0	1	0	6	129	95	0	1	0	0	1	2	0	0	0	0	
0	0	2	0	0	0	0	0	0	0	2	60	93	33	0	1	1	0	130	142	115	142	4	0	0	16	204	19	31	183	3	0	2	0	85	148	222	131	0	4	0	0	1	0	185	69	0	3	0	0	3	0	185	40	0	2	0	0	0	0	71	16	0	1	
0	0	1	2	0	0	0	0	0	0	0	0	87	143	19	0	1	0	22	201	157	180	58	0	3	0	60	255	170	117	2	0	0	1	0	200	156	0	0	1	2	0	98	193	124	0	4	0	0	24	199	180	104	0	3	0	0	1	44	40	0	0	0	0	
0	0	0	0	0	1	0	0	0	18	75	78	66	4	0	0	0	58	239	125	125	155	1	0	2	0	61	168	131	137	16	0	0	4	0	135	254	46	0	2	0	0	4	150	46	163	4	0	0	3	0	129	154	162	5	0	0	1	0	25	106	20	0	1	
0	0	1	0	0	0	0	0	1	0	12	123	165	117	0	0	3	0	167	241	93	206	44	0	2	0	204	95	0	87	17	0	3	0	135	190	85	155	5	0	0	3	0	116	255	164	2	0	1	0	0	196	176	0	1	0	0	0	8	53	14	0	1	0	
0	0	2	0	2	2	0	0	0	1	0	46	97	0	2	0	3	0	79	243	186	44	0	2	3	0	166	107	26	185	22	0	1	0	172	42	0	121	103	0	3	0	98	185	11	175	90	0	0	1	0	92	191	143	6	0	0	0	1	0	2	1	0	0	
0	0	0	0	1	0	0	0	0	0	1	0	35	99	0	1	0	0	3	0	178	149	0	4	0	2	0	42	220	27	0	2	0	3	0	168	134	0	3	0	1	0	17	223	44	0	2	0	3	0	65	196	0	0	0	0	0	0	11	24	0	0	0	0	
0	0	1	0	1	2	0	0	0	1	0	45	43	0	1	0	1	0	31	127	136	64	0	2	4	0	121	59	156	98	0	3	2	0	76	124	182	11	0	1	0	2	0	52	114	0	3	0	0	3	0	97	69	0	2	0	0	1	0	40	16	0	0	0	
0	0	1	0	24	6	0	0	0	1	1	0	211	145	0	3	0	1	0	170	181	206	23	0	3	0	133	208	0	208	67	0	0	38	223	24	7	211	37	0	0	72	244	126	210	130	0	2	1	0	98	170	88	0	1	0	0	0	0	0	0	2	0	0	
0	0	1	2	3	2	0	0	0	4	3	0	0	1	0	0	0	56	161	25	75	126	0	0	0	73	133	96	144	137	0	4	0	17	8	0	82	106	0	4	0	0	6	0	109	67	0	2	0	1	4	0	147	83	0	3	0	0	2	0	107	64	0	2	
0	0	0	6	63	0	0	0	0	3	0	114	172	0	4	0	2	0	48	230	42	0	2	0	3	0	187	121	0	72	11	0	2	0	189	184	184	195	143	0	2	0	35	226	233	183	126	0	0	1	0	27	49	25	1	0	0	0	2	1	0	0	1	0	
0	0	0	0	0	0	0	0	0	9	106	140	117	109	21	0	0	128	200	33	51	206	105	0	0	34	146	164	224	94	0	2	1	0	23	175	82	134	117	0	4	0	126	108	0	42	200	14	3	0	75	186	143	191	75	0	0	0	0	45	63	15	0	1	
0	0	0	4	1	0	0	0	2	0	87	188	169	78	0	1	1	0	45	23	189	173	0	3	0	3	0	10	224	133	0	4	0	0	1	0	27	204	13	0	0	47	49	20	126	188	1	0	0	72	184	193	139	17	0	1	0	0	3	2	0	1	0	0	
0	0	0	2	0	0	0	0	0	2	0	67	123	16	0	1	0	4	0	126	169	135	0	4	3	0	72	168	48	182	0	2	0	33	230	122	133	233	91	6	0	98	188	123	182	184	80	8	0	0	1	0	16	27	0	1	0	1	3	4	2	1	4	0	
0	0	1	0	1	0	0	0	0	0	2	92	10	52	14	0	3	0	86	140	82	178	0	1	4	0	139	125	143	116	0	4	2	0	31	196	242	96	0	0	0	3	0	79	231	40	0	1	0	3	0	107	181	0	3	0	0	1	0	19	27	0	1	0	
0	0	1	0	0	0	0	0	0	0	1	20	3	6	1	0	2	0	58	82	0	182	24	0	2	0	117	48	145	168	0	2	2	0	49	99	155	74	0	3	0	0	0	9	120	7	0	0	0	3	0	104	90	0	3	0	0	2	0	97	30	0	1	0	
0	0	0	0	1	0	0	0	0	0	9	49	1	34	6	0	3	0	74	167	74	129	0	3	2	0	36	186	199	101	12	0	0	2	0	75	247	143	24	0	0	2	0	61	189	0	1	0	0	4	0	153	133	0	5	0	0	1	0	76	25	0	1	0	
0	0	0	0	0	0	0	0	0	3	0	111	51	0	2	0	0	4	0	141	100	0	3	0	0	4	0	117	119	0	3	0	0	3	0	86	154	0	3	0	0	1	0	21	203	19	0	1	0	0	1	0	141	47	0	2	0	0	0	0	0	0	0	0	
0	0	0	0	0	0	0	0	1	0	61	125	97	16	0	1	0	2	163	144	98	157	0	3	0	0	3	0	90	169	0	3	0	4	19	81	221	52	0	2	0	153	239	186	147	155	106	0	0	29	39	1	0	20	66	1	0	0	0	2	3	0	0	0	
0	0	1	0	30	14	0	1	0	2	0	61	225	34	0	2	1	0	0	214	133	0	3	0	2	0	52	226	16	0	1	0	5	0	113	251	165	75	0	1	3	0	71	255	255	234	13	0	0	0	1	98	133	57	0	1	0	0	1	0	0	0	0	0	
0	0	2	1	0	0	0	0	0	1	0	37	139	123	7	0	2	0	85	225	151	191	47	0	3	0	171	195	58	117	0	1	0	1	0	190	213	2	0	1	2	0	63	143	194	11	0	1	4	0	135	225	141	0	0	0	1	0	12	51	5	0	0	0	
0	0	0	2	7	0	1	0	0	1	0	93	146	73	0	2	3	0	70	130	0	140	22	0	3	0	134	48	0	87	61	0	0	0	123	10	0	90	69	0	1	0	150	49	9	136	11	0	2	0	35	132	138	65	0	2	0	0	0	1	3	1	1	0	
0	0	0	1	1	0	0	0	0	0	2	0	65	139	6	0	0	1	0	17	234	125	0	2	0	4	0	135	193	0	2	0	1	0	0	224	102	0	4	0	3	0	59	237	25	0	1	0	4	0	117	192	0	2	0	0	1	0	21	22	0	1	0	0	
0	1	3	1	0	0	1	1	0	0	0	1	4	6	1	0	0	35	90	86	92	71	93	27	0	39	100	78	13	42	106	14	1	0	19	88	187	83	6	0	0	0	3	138	135	0	3	1	2	0	46	132	12	0	1	0	0	0	0	0	1	0	0	0	
0	0	2	0	0	0	1	0	0	1	0	144	207	67	0	2	1	0	159	233	89	207	37	0	2	0	190	155	0	133	123	0	1	0	200	86	0	133	127	0	0	0	208	111	65	214	34	0	2	0	68	208	192	59	0	2	0	0	0	0	0	0	1	0	
0	0	2	0	1	0	0	0	0	0	1	2	143	173	0	0	2	0	110	255	97	197	66	0	0	43	255	160	0	131	166	0	0	149	168	0	0	142	172	0	0	168	181	97	175	245	49	0	0	25	161	196	154	41	0	1	0	0	0	0	0	0	1	0	
0	0	1	1	1	0	0	0	0	2	0	66	151	0	0	0	1	0	16	180	43	0	1	0	3	0	77	158	3	49	0	1	1	0	22	184	202	186	0	0	1	0	15	196	158	68	0	1	3	0	71	129	0	3	0	0	0	0	0	1	3	2	0	0	
0	0	0	5	10	0	0	0	2	0	32	127	152	85	0	2	0	0	10	0	109	148	0	3	3	0	82	202	227	67	0	3	2	0	46	47	27	191	8	0	0	9	79	8	145	181	0	0	2	0	95	194	150	19	0	1	0	0	0	1	0	1	0	0	
0	0	1	0	0	0	0	0	0	0	1	0	13	89	2	0	3	0	117	64	81	186	0	3	0	16	224	43	114	143	0	4	0	65	227	143	215	173	41	0	0	4	10	0	167	161	37	0	0	0	3	0	147	93	0	3	0	0	1	0	21	16	0	0	
0	0	0	1	0	0	0	0	0	1	0	11	112	52	0	1	0	0	0	129	189	148	0	4	0	0	4	112	139	59	0	2	0	3	0	94	182	0	2	0	0	0	5	115	149	14	0	1	1	0	28	190	112	0	1	0	0	0	1	37	7	0	0	0	
0	0	0	3	0	0	0	0	0	0	1	0	25	14	0	1	0	1	0	118	174	145	3	0	3	0	74	171	44	102	0	1	2	0	41	149	218	60	0	3	0	1	0	36	168	0	0	0	0	3	0	123	102	0	3	0	0	2	0	112	40	0	1	0	
0	0	0	0	0	0	0	0	0	0	0	47	131	150	9	0	1	0	10	210	181	128	4	0	0	1	0	144	122	0	2	0	0	1	0	2	198	64	0	2	2	0	74	27	155	84	0	3	3	0	129	209	170	18	0	1	0	0	0	53	21	0	1	0	
0	1	2	1	0	1	0	0	0	0	0	0	3	5	12	0	0	72	164	146	134	224	106	0	0	11	42	1	104	182	0	1	0	1	0	23	195	26	0	1	0	3	0	154	124	0	4	0	2	0	63	197	3	0	0	0	3	0	106	85	0	3	0	0	
0	1	0	36	64	4	0	0	0	1	0	55	113	119	0	1	0	1	0	18	129	114	0	2	0	3	0	110	213	89	0	2	0	0	1	0	15	167	7	0	0	42	66	84	183	98	0	3	0	75	152	138	62	0	1	0	0	0	0	0	0	2	0	0	
0	0	0	3	0	1	0	0	0	13	136	156	136	20	0	1	0	35	163	15	107	183	0	1	0	0	1	0	26	208	16	0	0	3	64	90	203	140	8	28	0	56	255	232	150	137	164	74	0	8	46	8	0	0	0	0	0	0	0	0	4	2	0	1	
0	0	1	0	5	67	2	0	2	0	44	116	170	163	0	3	0	0	10	49	156	78	0	3	0	0	1	0	147	34	0	1	0	21	57	42	146	0	13	12	0	96	231	217	196	121	123	17	0	1	2	41	69	66	18	0	0	0	0	0	0	0	1	1	
0	0	0	3	1	0	0	0	1	0	26	176	191	66	0	3	1	0	2	121	255	123	0	4	0	4	0	105	246	37	0	2	3	3	2	0	112	152	0	3	1	81	25	30	165	157	0	3	0	117	178	157	147	13	0	1	0	1	4	0	0	1	0	0	
0	0	0	0	0	0	0	0	0	0	2	0	58	54	0	2	0	0	2	0	183	82	0	3	0	2	0	51	207	8	0	1	0	4	0	134	120	0	4	0	1	0	2	175	33	0	1	0	1	0	33	147	0	1	0	0	0	0	6	15	0	0	0	0	
0	0	1	8	1	0	0	0	0	9	145	167	170	119	2	0	0	6	17	56	188	218	12	0	0	3	0	98	255	83	0	3	1	1	2	0	47	212	24	0	0	0	20	52	103	243	53	0	47	132	156	157	144	57	0	1	6	14	3	0	0	0	0	0	
0	0	0	0	1	2	0	0	0	4	47	84	24	0	0	0	0	109	213	103	208	52	0	2	0	8	115	110	201	124	0	4	2	0	34	131	102	126	0	4	0	1	4	0	132	118	0	4	0	2	0	47	255	56	0	3	0	1	0	14	85	8	0	0	
0	0	1	2	0	0	0	0	0	0	0	7	69	22	0	1	1	0	7	114	157	140	0	3	2	0	46	200	204	100	0	4	0	0	0	37	205	37	0	2	0	3	0	80	151	0	3	0	0	2	0	174	64	0	2	0	0	0	3	86	10	0	0	0	
0	0	0	0	0	0	0	0	0	2	0	71	52	0	2	0	0	3	0	104	155	0	3	0	0	2	0	60	200	0	0	0	0	1	0	38	194	0	0	0	0	3	0	75	185	0	2	0	0	3	0	79	144	0	3	0	0	0	0	10	13	0	0	0	
0	0	0	0	0	1	0	0	1	0	92	167	130	5	0	1	0	8	147	59	173	147	0	3	0	1	4	0	115	187	0	2	1	0	31	91	222	79	0	7	0	75	255	229	189	187	161	14	0	73	126	9	0	31	28	0	0	0	0	1	2	0	0	0	
0	0	0	2	1	0	0	0	0	0	1	0	18	69	0	1	0	0	9	50	83	126	0	4	2	0	53	192	182	52	0	2	2	0	121	157	196	9	0	1	0	3	0	71	131	0	3	0	0	3	0	100	114	0	3	0	0	1	0	18	13	0	0	0	
0	1	2	0	0	1	1	0	0	0	0	74	133	50	0	1	0	3	159	255	218	234	47	0	0	108	255	179	0	229	126	0	0	25	222	122	0	166	144	0	3	0	180	185	0	204	120	0	2	0	53	214	245	201	26	0	0	0	0	6	48	14	0	1	
0	0	1	0	14	44	0	0	0	1	0	6	183	149	0	1	0	2	0	165	158	0	2	0	2	0	43	217	19	0	1	0	4	0	94	211	187	143	0	2	4	0	81	255	255	174	0	3	0	0	0	70	126	39	0	1	0	0	0	0	0	0	0	0	
0	0	2	1	0	0	0	0	0	0	0	4	65	60	0	0	2	0	45	168	127	215	52	0	2	0	178	63	63	253	33	0	2	0	105	197	238	94	0	2	0	3	0	155	168	0	2	0	1	0	25	222	40	0	2	0	1	0	20	87	1	0	0	0	
0	0	0	2	0	0	0	0	0	0	1	0	48	39	0	1	0	2	0	87	132	133	0	2	2	0	42	103	71	73	0	2	3	0	64	166	143	0	1	0	0	2	0	115	77	0	3	0	0	0	0	102	13	0	0	0	0	0	6	42	0	0	0	0	
0	0	0	2	2	0	0	0	1	0	107	178	155	16	0	1	0	0	43	78	225	38	0	2	0	5	0	84	215	122	0	1	0	0	3	0	66	239	20	0	0	68	41	72	225	132	0	2	0	103	193	153	69	0	1	0	0	0	2	0	0	2	0	0	
0	0	0	0	0	0	0	0	0	1	0	36	149	0	0	0	0	3	0	68	217	0	0	0	0	3	0	101	183	0	3	0	0	4	0	159	147	0	4	0	1	0	0	209	80	0	3	0	1	0	4	186	95	0	3	0	0	0	0	0	0	0	0	0	
0	0	0	4	0	0	0	0	0	24	140	186	144	6	0	1	0	23	52	10	195	58	0	2	0	3	0	38	206	136	0	1	0	0	1	0	32	202	10	0	0	53	27	42	187	128	0	3	0	85	178	158	91	0	0	0	0	0	3	0	0	1	0	0	
0	0	0	2	0	0	0	0	0	0	1	0	118	73	0	2	0	3	0	121	247	169	0	1	1	0	23	201	138	176	1	0	3	0	75	145	48	137	0	3	4	0	104	139	153	59	0	2	3	0	70	245	109	0	2	0	0	0	5	38	3	0	0	0	
0	0	1	1	0	0	0	0	0	1	0	33	89	55	0	0	2	0	52	175	110	159	2	0	4	0	106	171	83	183	0	0	1	0	7	95	234	60	0	3	0	3	0	81	166	0	6	1	1	0	15	211	53	0	39	21	1	0	29	82	0	0	6	4	
0	0	0	3	4	1	0	0	1	0	49	148	145	5	0	1	0	3	206	83	30	87	0	1	1	0	34	177	212	53	0	2	0	3	0	142	180	93	0	1	0	3	0	174	139	170	26	0	0	2	0	48	205	141	0	0	0	0	0	0	0	0	0	0	
0	0	0	0	1	0	0	0	0	0	1	0	30	102	0	0	0	0	3	0	158	184	0	2	0	1	0	28	238	56	0	3	0	2	0	176	196	0	2	0	1	0	18	236	73	0	3	0	3	0	75	189	0	1	0	0	0	0	12	23	0	0	0	0	
0	1	1	0	0	0	0	0	1	0	21	93	45	0	1	0	0	26	195	154	209	72	0	3	0	132	115	0	204	157	0	4	0	108	163	146	184	186	12	0	0	2	111	110	0	174	67	0	0	0	0	3	0	105	170	0	0	0	4	4	0	15	102	10	
0	0	0	3	1	0	0	0	0	0	0	0	8	34	49	9	0	2	0	88	162	154	164	65	2	0	39	252	86	0	3	1	0	0	0	43	198	27	0	2	0	50	92	62	219	24	0	1	0	19	127	164	69	0	2	0	0	0	0	0	0	0	0	0	
0	0	3	3	2	0	0	0	0	0	0	0	1	10	3	0	0	0	111	110	107	173	39	0	0	56	166	48	42	133	0	0	0	10	13	0	95	90	0	3	0	0	0	11	150	12	0	1	0	3	0	100	96	0	3	0	0	0	0	103	13	0	0	0	
0	0	0	31	41	0	0	0	0	0	0	158	217	114	1	0	0	2	4	5	16	210	39	0	0	0	3	0	81	197	0	1	0	34	133	165	227	70	0	3	6	205	255	213	202	164	53	0	7	118	66	0	18	98	27	0	0	0	0	2	1	0	0	0	
0	0	0	1	0	0	0	0	0	1	0	23	143	1	0	0	0	4	0	92	237	24	0	2	2	0	56	136	128	61	1	0	0	28	224	130	184	154	18	0	0	16	49	28	152	81	0	3	0	0	3	0	83	60	0	2	0	1	2	2	0	0	0	0	
0	0	0	0	0	0	0	0	2	0	79	160	117	24	0	1	1	0	51	117	255	54	0	3	1	0	3	174	255	103	0	2	0	0	10	48	82	229	19	0	1	27	4	0	100	196	0	1	0	111	135	169	209	57	0	2	0	1	37	61	14	0	1	0	
0	0	1	0	2	3	0	0	1	0	14	71	16	0	1	0	3	0	136	206	176	55	0	1	0	5	190	12	88	220	0	0	3	0	117	169	185	163	0	3	0	0	2	35	128	131	0	4	0	0	6	0	118	138	0	4	0	0	2	0	47	44	0	1	
0	0	0	0	1	0	0	0	0	0	2	0	71	142	0	3	0	0	2	0	185	130	0	4	0	2	0	50	248	43	0	2	0	3	0	169	195	0	2	0	1	0	9	236	84	0	3	0	2	0	48	174	5	0	1	0	0	0	0	0	1	0	0	0	
0	0	3	1	0	2	1	0	0	1	0	26	79	8	0	0	2	0	90	167	171	164	1	0	0	28	234	29	52	252	28	0	0	26	249	168	189	212	0	0	1	0	73	127	180	190	0	3	0	0	4	0	124	197	0	3	0	0	5	0	56	54	0	1	
0	0	1	0	52	17	0	1	0	1	0	29	179	9	0	1	0	3	0	142	116	0	4	0	1	0	22	176	15	2	0	0	4	0	89	191	151	172	0	0	3	0	55	254	212	110	0	2	0	0	0	51	58	2	0	0	0	0	1	0	0	2	0	0	
0	0	0	1	0	0	0	0	0	0	1	1	0	56	5	0	0	1	0	47	24	128	2	0	1	0	37	155	112	73	0	3	2	0	62	120	155	19	0	1	0	2	0	59	98	0	3	0	0	3	0	103	53	0	2	0	0	0	0	13	4	0	0	0	
0	0	0	0	0	0	0	0	1	0	16	47	22	60	30	0	1	0	19	144	163	232	33	0	0	0	2	0	155	96	0	3	0	3	0	115	186	0	2	0	1	0	15	209	41	0	2	0	4	0	149	135	0	4	0	0	1	0	82	19	0	1	0	0	
0	0	1	0	19	15	0	1	0	0	2	0	148	44	0	2	0	2	0	63	130	0	3	0	0	2	0	145	86	0	1	0	1	0	9	208	183	82	0	3	0	0	0	166	175	108	0	4	0	1	0	30	126	14	0	1	0	0	0	1	0	0	0	0	
0	0	0	0	0	0	0	0	2	0	51	139	115	57	0	2	1	0	17	82	234	144	0	4	1	0	17	162	208	7	0	1	1	0	30	131	207	97	0	3	0	11	90	0	99	148	0	4	1	0	123	183	207	85	0	3	0	0	0	49	48	0	0	0	
0	0	0	0	0	0	0	0	0	0	0	6	62	0	1	0	0	1	0	21	125	0	1	0	0	1	0	43	117	0	3	0	0	3	0	92	104	0	3	0	0	2	0	138	31	0	1	0	0	0	8	94	0	0	0	0	0	0	0	0	0	0	0	0	
0	1	2	0	0	0	0	0	0	0	0	1	17	22	2	0	0	23	161	172	144	212	119	0	0	8	47	20	16	194	59	0	0	0	0	0	182	112	0	3	0	2	0	164	174	0	3	0	3	0	75	232	23	0	1	0	3	0	118	110	0	3	0	0	
0	0	0	0	0	0	0	0	2	0	57	154	61	0	1	0	1	0	36	80	173	27	0	1	0	2	0	64	135	0	3	0	0	1	0	36	154	4	0	1	0	0	3	0	128	97	0	4	0	2	0	54	200	35	0	2	0	0	0	13	28	0	1	0	
0	0	0	0	0	0	0	0	0	0	2	0	42	203	58	0	0	1	0	20	232	247	36	0	0	2	0	103	255	66	0	3	3	0	101	156	163	119	0	4	0	9	178	120	216	36	0	2	0	0	147	168	44	0	1	0	0	0	2	1	0	1	0	0	
0	2	1	0	2	0	0	0	0	0	0	3	1	0	0	0	0	81	163	142	127	3	0	0	0	31	18	51	181	3	0	0	0	2	0	151	53	0	6	3	0	2	0	145	139	143	132	11	0	1	0	10	70	61	18	0	0	0	0	1	0	0	0	0	
0	0	0	0	2	2	0	0	0	0	0	63	13	6	33	7	3	0	66	155	46	146	67	20	3	0	87	142	163	70	0	3	1	0	2	201	235	67	0	2	0	0	0	189	99	16	0	1	2	0	40	173	0	1	0	0	1	0	27	60	0	2	0	0	
0	0	0	0	0	0	0	0	0	2	0	148	162	7	0	1	2	0	43	142	147	121	0	4	4	0	118	78	91	40	0	1	3	0	90	195	195	25	0	1	0	2	0	151	116	180	19	0	0	2	0	77	145	96	0	0	0	0	0	1	3	0	0	0	
0	0	2	2	0	0	0	0	0	3	0	51	216	204	34	0	1	0	10	202	229	217	132	0	0	27	230	197	26	164	135	0	0	134	255	31	45	247	101	0	0	147	243	106	167	186	4	0	0	16	136	216	159	13	0	1	0	0	0	0	0	2	1	0	
0	0	1	0	0	0	0	0	2	0	44	60	0	3	32	2	3	0	152	80	0	30	152	0	0	42	175	0	0	98	109	0	0	42	183	150	113	180	35	0	0	0	10	26	48	139	0	2	0	1	4	0	112	81	0	3	0	0	1	0	26	9	0	0	
0	0	15	14	0	1	0	0	0	31	200	188	98	0	2	0	0	11	45	7	156	96	0	3	0	0	2	0	164	104	0	4	0	22	91	199	247	30	0	2	0	106	196	120	145	206	173	31	0	1	0	1	0	37	102	8	0	0	3	4	3	0	0	0	
0	0	2	1	0	0	0	0	0	2	0	86	116	87	62	1	2	0	76	183	58	85	48	0	0	0	158	182	83	0	2	0	0	1	1	1	157	44	0	2	0	23	14	0	129	80	0	3	0	29	117	117	173	20	0	1	1	0	29	68	22	0	1	0	
0	0	1	1	0	1	0	0	0	1	0	42	23	27	38	0	1	0	21	189	44	193	53	0	3	0	152	131	91	142	0	4	0	2	179	154	226	158	30	0	0	2	0	56	173	20	20	0	0	4	0	136	119	0	4	0	0	2	0	58	35	0	2	0	
0	0	0	2	0	0	0	0	0	0	0	8	109	90	0	1	0	2	0	114	110	12	0	1	3	0	68	220	113	136	5	0	2	0	60	53	25	157	0	0	0	2	16	0	119	69	0	2	0	0	153	153	75	0	1	0	1	0	29	32	0	2	0	0	
0	0	0	0	0	1	0	0	2	0	31	200	195	23	0	1	4	0	102	255	248	152	0	3	4	0	140	202	64	231	10	0	0	0	225	94	14	230	19	0	0	0	224	167	168	198	0	1	2	0	63	203	193	46	0	2	0	0	0	0	0	1	0	0	
0	0	0	0	0	0	0	0	0	0	0	6	96	83	0	0	0	0	1	0	48	147	0	0	0	0	2	0	110	38	0	1	0	2	0	89	98	0	3	0	2	0	45	131	0	1	0	0	0	0	132	35	0	1	0	0	0	5	27	0	1	0	0	0	
0	0	0	40	33	0	1	0	3	0	92	223	198	66	0	3	1	0	26	14	44	185	1	0	0	0	1	0	16	201	19	0	0	0	61	60	130	143	0	3	0	59	243	246	255	177	12	0	0	25	127	90	36	69	5	0	0	0	0	0	0	0	0	0	
0	0	1	1	0	0	0	0	0	0	0	8	33	61	0	1	2	0	46	83	40	132	0	2	1	0	25	131	129	40	0	2	0	3	0	147	124	0	4	0	0	0	11	126	114	19	0	1	0	1	0	96	131	16	0	1	0	1	0	14	29	0	1	0	
0	0	0	0	0	0	0	0	0	0	8	25	3	1	0	0	2	0	42	188	184	202	26	0	0	0	2	0	87	189	0	1	0	0	3	0	156	49	0	2	0	3	0	121	137	0	3	0	2	0	69	177	4	0	0	0	3	0	116	56	0	2	0	0	
0	0	0	2	5	0	0	0	0	0	1	157	157	45	25	0	3	0	90	144	8	98	117	0	0	5	182	39	0	82	150	0	0	54	187	0	0	175	72	0	0	31	209	29	140	140	0	2	2	0	93	199	142	1	0	0	0	1	0	2	0	2	0	0	
0	0	1	1	0	0	0	0	0	1	0	34	136	27	0	1	2	0	32	211	199	98	0	4	4	0	114	191	75	69	0	3	1	0	12	162	199	10	0	1	0	2	0	90	236	61	0	3	1	0	16	220	165	12	0	1	0	0	3	38	10	0	0	0	
0	0	0	0	0	0	0	0	0	0	44	4	0	80	5	0	0	5	162	14	3	127	3	0	0	6	151	3	34	161	11	0	0	8	150	110	162	173	26	0	2	0	134	171	0	133	75	0	0	0	2	4	0	73	78	0	0	0	1	2	1	0	0	0	
0	0	0	2	0	6	2	0	0	0	3	0	141	147	0	2	0	3	0	130	255	177	0	0	3	0	104	241	27	179	62	0	0	19	232	71	0	163	91	0	0	48	241	80	86	220	50	0	1	0	101	213	181	59	0	2	0	0	0	0	0	0	1	0	
0	21	30	4	0	0	0	0	0	24	67	75	54	1	0	0	0	0	0	0	105	37	0	1	0	1	3	83	55	0	1	0	0	1	0	44	65	23	0	1	0	15	36	0	29	123	18	0	0	8	63	79	71	47	0	0	0	0	0	0	0	0	0	0	
0	0	1	0	0	0	0	0	0	0	0	10	24	22	2	0	2	0	100	187	156	226	94	0	0	0	24	5	37	181	27	0	0	1	0	16	182	48	0	2	1	0	0	184	94	0	4	0	3	0	144	146	0	4	0	0	0	0	145	29	0	1	0	0	
0	2	1	0	0	0	0	0	0	0	2	0	27	103	5	0	0	137	103	0	74	255	27	0	0	218	156	39	153	255	39	0	0	187	230	195	215	245	31	0	0	12	18	0	115	250	8	0	0	0	3	0	98	214	0	0	0	1	1	0	7	26	0	0	
0	0	1	0	0	1	1	0	0	2	0	123	208	38	0	2	3	0	82	219	93	182	26	0	2	0	193	100	0	112	152	0	0	22	235	43	0	79	163	0	0	0	205	147	47	174	115	0	2	0	40	189	188	97	1	0	0	0	1	0	0	0	1	0	
0	0	0	0	0	0	0	0	1	0	19	115	118	37	16	1	4	0	154	99	30	187	76	0	3	0	111	117	98	98	0	1	0	2	0	189	187	0	4	0	1	0	36	130	160	37	0	1	2	0	57	175	185	37	0	2	0	1	0	48	43	0	1	0	
0	0	0	0	7	35	0	0	0	0	3	0	105	144	0	3	0	2	0	41	195	20	0	1	0	2	0	168	80	0	3	0	2	0	39	201	154	80	0	3	2	0	34	244	228	84	0	4	0	1	0	91	112	1	0	0	0	0	0	0	0	1	0	0	
0	1	2	0	1	2	0	0	0	0	9	30	7	0	0	0	0	24	153	157	163	68	0	2	0	87	137	0	70	159	0	3	0	2	125	116	136	125	0	4	0	0	4	26	158	81	0	3	0	1	5	0	147	49	0	2	0	0	0	4	121	13	0	1	
0	0	2	1	0	0	0	0	0	1	0	9	109	131	14	0	2	0	52	231	200	237	97	0	0	15	227	132	0	120	83	0	0	85	254	20	23	197	39	0	0	11	175	218	251	179	2	0	0	2	0	183	206	0	0	1	0	1	1	41	21	0	1	0	
0	0	0	1	3	55	15	0	0	0	0	7	135	135	22	0	0	2	0	136	99	0	2	0	1	0	33	171	0	0	1	0	3	0	65	194	139	55	0	2	2	0	35	196	162	171	0	3	0	1	0	49	128	37	0	1	0	0	1	1	0	0	0	0	
0	0	0	2	2	0	0	0	2	0	46	153	166	111	0	2	1	0	18	45	169	196	0	2	1	4	0	64	251	66	0	3	0	0	3	0	97	175	0	3	15	42	11	34	168	147	0	3	17	143	157	171	133	6	0	1	0	1	4	0	0	1	0	0	
0	0	0	0	0	0	0	0	0	27	93	115	77	0	0	0	0	40	84	36	164	15	0	1	0	1	0	113	145	0	2	0	2	0	92	155	117	99	0	1	0	0	2	0	60	175	0	0	1	0	11	130	157	23	0	1	0	0	9	52	4	0	1	0	
0	0	0	0	0	2	0	0	0	3	70	99	35	0	1	0	0	83	134	66	137	97	0	2	0	4	3	0	13	188	19	0	1	0	72	123	160	200	16	1	0	3	187	211	131	121	159	15	0	0	0	0	0	0	3	1	0	0	0	2	4	3	0	0	
0	0	0	0	0	1	0	0	0	0	14	35	20	0	0	0	0	12	94	88	137	49	0	2	0	1	4	0	100	52	0	1	0	0	66	117	177	111	45	0	0	1	20	27	114	0	0	0	0	1	0	32	109	0	3	0	0	1	0	36	56	0	2	0	
0	0	1	0	1	1	0	0	0	0	0	2	0	31	65	0	2	0	66	93	29	215	76	0	3	0	180	100	171	92	0	3	3	0	106	221	228	147	53	0	1	0	15	208	60	13	1	0	3	0	76	191	0	2	0	0	1	0	33	81	0	2	0	0	
0	1	0	10	4	0	0	0	0	0	105	135	153	11	0	1	0	73	119	0	124	52	0	2	0	19	9	0	96	53	0	2	0	1	0	12	134	18	0	1	1	0	28	190	206	76	18	2	2	0	35	174	38	115	72	0	0	0	0	0	0	0	0	0	
0	0	0	0	0	0	0	0	0	1	0	13	135	110	0	0	0	3	0	114	255	188	0	1	0	6	0	170	226	29	0	2	0	0	0	157	196	0	1	0	1	0	139	137	198	10	0	1	0	21	214	211	91	0	2	0	0	0	29	29	0	1	0	0	
0	0	0	1	37	6	0	0	0	3	0	94	198	4	0	1	1	0	16	194	29	0	1	0	3	0	88	146	150	134	0	2	4	0	120	225	147	158	27	0	4	0	116	192	159	158	0	0	1	0	16	120	126	27	0	1	0	0	0	0	0	1	0	0	
0	0	0	1	0	40	9	0	0	0	3	0	94	176	6	0	0	2	0	47	216	23	0	1	0	3	0	164	95	0	4	0	1	0	5	203	59	0	1	0	1	0	2	215	235	28	0	2	0	1	0	72	141	17	0	1	0	0	0	0	0	0	0	0	
0	0	0	1	3	0	0	0	0	0	1	0	5	61	4	0	0	1	0	16	166	173	0	1	1	0	16	163	227	16	0	1	0	3	0	100	140	0	4	0	1	0	0	184	52	0	2	0	3	0	100	156	0	3	0	0	2	0	50	33	0	1	0	0	
0	0	1	1	0	0	0	0	0	1	0	17	197	57	0	2	2	0	30	207	223	141	0	4	3	0	170	143	39	195	0	0	0	18	210	14	29	186	2	0	0	20	216	31	40	180	0	0	1	0	105	175	172	88	0	2	0	0	0	5	5	0	0	0	
0	0	0	1	39	7	0	0	0	2	0	113	194	84	0	3	0	0	5	44	67	118	0	4	0	0	7	33	122	68	0	3	2	0	111	175	246	116	0	1	0	19	169	152	68	141	77	0	0	0	113	90	0	6	16	0	0	0	0	0	2	2	0	0	
0	0	0	0	0	0	0	0	0	0	3	0	92	88	0	3	0	0	2	0	174	63	0	2	0	2	0	55	174	0	1	0	0	3	0	153	112	0	3	0	2	0	34	204	17	0	1	0	3	0	84	117	0	3	0	0	0	0	0	1	1	0	0	0	
0	0	0	2	0	0	0	0	0	1	0	24	37	0	1	0	0	1	0	128	159	21	0	1	2	0	36	175	163	23	0	1	1	0	3	134	175	0	1	0	0	1	0	27	125	0	2	0	0	3	0	88	109	0	3	0	0	1	0	37	28	0	1	0	
0	0	1	0	0	0	0	0	1	0	19	112	126	27	0	1	1	0	172	255	255	178	0	2	1	0	154	239	69	181	12	0	4	0	121	154	40	205	0	0	4	0	135	173	191	116	0	4	2	0	46	251	196	11	0	1	0	0	0	33	10	0	0	0	
0	0	0	0	0	0	0	0	0	70	156	137	34	0	1	0	35	200	80	96	171	0	3	0	9	18	0	123	180	0	2	0	0	2	0	130	171	147	21	0	0	1	0	3	0	132	149	0	0	2	0	112	183	186	61	0	0	0	0	5	52	24	0	1	
0	0	1	1	0	0	0	0	0	1	0	41	153	51	0	2	2	0	32	218	159	199	5	0	2	0	52	218	197	85	0	2	0	1	0	158	207	71	0	3	3	0	85	115	132	144	0	4	4	0	122	210	166	23	0	1	1	0	18	53	4	0	0	0	
0	0	1	2	1	2	3	2	0	0	0	0	0	0	0	0	1	0	12	138	159	140	132	66	3	0	143	178	19	39	49	26	1	0	12	96	145	2	0	0	0	9	25	19	173	11	0	1	0	3	125	165	56	0	2	0	0	0	4	6	0	0	0	0	
0	0	0	0	1	0	0	0	0	0	1	0	40	139	0	1	0	0	3	0	164	127	0	4	0	2	0	52	205	9	0	1	0	3	0	165	138	0	4	0	1	0	23	227	43	0	2	0	2	0	59	145	0	1	0	0	0	0	0	0	1	0	0	0	
0	0	1	0	0	0	0	0	0	1	0	58	36	0	1	0	2	0	65	124	97	0	1	0	1	0	90	47	110	0	2	0	2	0	49	157	125	42	0	2	1	0	31	26	16	102	0	2	0	0	1	0	63	92	0	2	0	0	1	1	70	16	0	1	
0	0	1	0	32	11	0	0	0	2	0	64	203	14	0	1	1	0	8	205	70	0	3	0	4	0	118	157	0	9	0	0	4	0	135	172	130	161	12	0	2	0	28	241	224	199	30	0	0	1	0	86	73	24	0	1	0	0	1	1	0	1	1	0	
0	0	0	2	1	0	0	0	0	0	1	0	12	24	24	4	0	2	0	67	149	207	223	19	2	0	51	207	142	101	39	0	0	8	136	177	120	0	2	1	0	123	167	141	74	0	4	0	0	23	133	101	0	1	0	0	0	0	0	0	1	0	0	0	
0	0	2	3	0	1	2	0	0	2	2	0	9	10	0	0	0	71	195	160	203	223	50	0	0	9	67	49	95	222	20	0	0	0	2	0	174	107	0	3	0	3	0	87	206	3	0	1	1	0	9	221	85	0	3	0	2	0	46	153	0	1	0	0	
0	0	0	0	0	0	0	0	0	1	0	16	113	0	0	0	0	1	0	18	181	7	0	1	0	2	0	57	170	0	2	0	0	3	0	73	142	0	4	0	0	4	0	118	106	0	3	0	0	3	0	95	97	0	3	0	0	0	0	0	4	0	0	0	
0	0	0	16	7	0	0	0	3	0	125	195	175	41	0	2	1	0	53	10	100	164	0	4	0	0	2	0	59	191	0	2	0	46	147	140	213	119	7	15	0	137	252	230	165	157	153	14	0	14	63	20	0	7	8	0	0	0	0	0	4	1	1	1	
0	0	1	1	0	0	1	0	0	2	0	63	188	109	0	1	3	0	63	194	55	166	79	0	2	0	161	62	0	73	131	0	0	34	151	0	0	130	120	0	0	44	148	0	128	186	9	0	0	1	130	170	138	11	0	1	0	0	2	9	0	2	1	0	
0	0	1	1	0	0	0	0	0	1	0	21	81	49	0	0	2	0	58	171	115	170	0	0	4	0	96	185	138	109	0	3	0	2	0	65	213	15	0	1	0	3	0	145	87	0	3	0	2	0	60	194	0	0	0	0	2	0	49	58	0	2	0	0	
0	0	1	0	24	48	0	1	0	0	0	3	167	84	0	2	0	3	0	104	101	0	3	0	0	0	3	147	13	0	1	0	1	0	31	184	114	35	0	1	3	0	85	176	55	155	0	1	0	1	0	33	101	64	0	1	0	0	0	1	0	0	0	0	
0	1	4	4	1	0	1	0	0	0	0	0	5	5	0	0	0	21	117	147	184	227	110	0	0	9	109	85	118	213	17	0	0	1	0	9	196	59	0	2	0	4	0	148	164	0	4	0	1	0	25	225	44	0	2	0	2	0	46	134	0	1	0	0	
0	0	1	2	0	1	0	0	0	4	6	0	6	1	0	0	0	18	151	159	195	94	0	3	1	0	32	33	111	132	0	4	0	0	3	0	150	80	0	3	0	1	0	32	170	3	0	0	1	0	0	168	89	0	3	0	2	0	47	139	0	1	0	0	
0	0	0	1	0	0	0	0	0	1	0	9	72	29	0	1	0	2	0	158	178	192	9	0	0	1	0	106	217	141	0	3	0	1	0	25	182	17	0	1	0	3	0	164	109	0	5	0	3	0	81	191	0	1	0	0	2	0	57	44	0	1	0	0	
0	0	0	0	1	1	0	0	0	4	24	0	5	1	0	0	0	18	160	0	107	86	0	3	2	0	143	40	153	124	0	4	1	0	27	157	231	58	0	3	0	1	2	0	170	42	0	2	0	0	2	0	173	34	0	1	0	0	0	0	62	5	0	0	
0	0	0	2	0	0	0	0	0	0	1	0	22	64	73	12	0	1	0	97	130	136	137	50	2	0	47	203	11	0	1	0	1	0	4	107	152	0	5	1	0	41	26	60	189	0	0	0	0	31	131	152	38	0	2	0	0	0	0	0	0	0	0	0	
0	0	0	0	0	1	0	0	1	0	66	135	119	19	0	1	0	8	98	48	79	164	7	0	0	8	7	0	3	170	19	0	0	111	130	22	111	99	0	3	0	85	139	206	204	83	44	6	0	8	74	27	15	92	80	4	0	1	0	0	0	0	0	0	
0	0	0	1	0	0	0	0	0	0	0	0	112	85	0	2	0	3	0	123	255	129	0	4	0	4	0	143	234	3	0	1	1	0	11	115	181	67	0	3	2	0	92	81	174	62	0	2	0	1	164	179	89	0	2	0	1	0	35	35	0	1	0	0	
0	0	0	0	0	0	0	0	0	1	0	46	84	0	2	0	0	4	0	114	198	0	2	0	0	2	0	60	184	0	1	0	0	2	0	62	171	0	2	0	0	3	0	77	199	0	1	0	0	3	0	92	168	0	2	0	0	1	0	17	16	0	1	0	
0	0	0	0	0	0	0	0	0	1	11	3	59	35	0	1	0	5	31	61	196	133	0	3	0	0	2	0	169	93	0	3	0	1	0	33	150	3	0	1	0	3	0	149	75	0	2	0	2	0	54	169	0	2	0	0	2	0	45	57	0	2	0	0	
0	0	0	1	8	0	0	0	0	1	0	66	132	41	0	2	1	0	18	130	65	88	0	3	0	2	0	114	147	9	0	1	1	0	6	120	141	8	0	1	3	0	103	41	88	70	0	3	1	0	37	95	113	27	0	1	0	0	0	11	11	0	0	0	
0	0	0	0	11	14	0	1	0	0	4	0	133	85	0	3	0	2	0	63	206	10	0	1	0	1	0	183	70	0	2	0	2	0	45	195	165	140	0	3	1	0	14	213	247	72	0	3	0	1	0	41	91	0	1	0	0	0	1	1	0	2	0	0	
0	0	0	0	0	0	0	0	0	14	33	0	50	20	0	1	0	16	91	0	71	51	0	2	0	31	82	2	67	89	6	2	0	116	106	63	91	139	57	0	4	28	0	0	8	95	0	0	0	0	1	3	0	90	16	0	0	1	0	0	0	15	5	0	
0	0	1	2	0	0	1	0	0	0	2	0	65	151	141	5	1	0	20	98	45	55	19	1	4	0	115	217	15	0	1	0	1	0	25	82	166	6	0	1	0	33	49	18	206	23	0	1	0	14	128	175	86	0	2	0	0	0	5	5	0	0	0	0	
0	0	1	2	0	1	0	0	0	1	0	24	61	1	0	0	1	0	14	146	170	97	0	3	3	0	113	69	30	147	0	3	3	0	144	124	185	79	0	3	1	0	23	68	153	47	0	2	0	0	2	0	136	22	0	1	0	0	2	0	64	10	0	0	
0	0	0	3	1	1	1	0	3	0	91	166	152	39	0	2	1	0	54	37	78	206	25	0	0	0	1	0	6	220	64	0	0	58	156	146	197	121	0	1	6	204	255	172	204	176	69	0	0	19	16	0	14	60	30	0	0	0	0	3	1	0	0	0	
0	0	0	1	0	0	0	0	2	0	47	192	114	0	1	0	1	0	10	46	182	8	0	1	1	0	5	200	133	0	3	0	0	0	5	77	174	41	0	2	2	0	49	18	124	101	0	4	2	0	46	161	153	20	0	1	0	0	0	0	0	0	0	0	
0	0	0	1	1	27	3	0	0	0	2	0	48	160	0	1	0	1	0	14	208	77	0	3	0	2	0	164	158	0	1	0	2	0	41	232	191	104	0	4	4	0	84	244	187	59	0	3	1	0	10	133	77	0	1	0	0	0	0	0	1	1	0	0	
1	0	33	27	0	2	0	0	4	0	99	65	0	3	1	0	2	0	143	36	0	31	1	0	1	0	136	7	116	192	38	0	1	0	125	81	116	72	84	0	3	0	81	182	188	142	18	0	0	0	0	61	83	25	0	1	0	0	1	0	0	1	1	0	
0	0	0	2	2	0	0	0	1	0	117	170	153	115	34	0	0	5	120	48	0	191	111	0	0	1	2	0	39	223	35	0	2	0	56	131	217	98	0	3	0	32	241	247	220	193	65	0	0	75	201	49	0	136	142	0	0	0	0	0	1	0	0	0	
0	0	0	0	1	3	1	0	0	5	92	85	27	0	2	0	2	0	119	229	127	75	11	0	0	0	9	80	24	79	135	0	3	104	8	0	0	3	150	10	0	99	132	28	31	131	107	0	0	0	69	81	83	80	2	0	0	1	0	0	0	0	2	0	
0	0	2	2	0	0	1	0	0	0	0	4	76	141	22	0	2	0	31	188	187	192	126	0	3	0	84	240	121	178	95	0	3	0	76	203	228	42	0	2	0	8	153	6	201	55	0	2	0	4	141	183	178	13	0	1	1	0	18	60	9	0	0	0	
0	0	0	1	13	3	0	0	1	0	44	129	122	99	0	0	0	7	96	38	0	105	43	0	0	2	0	25	16	103	21	0	1	0	91	104	184	148	0	3	0	55	115	44	148	153	11	0	0	37	146	95	1	67	29	0	0	0	7	0	2	1	0	0	
0	0	0	0	1	0	0	0	0	0	2	0	72	103	0	3	0	0	1	0	195	92	0	3	0	3	0	75	217	7	0	1	0	2	0	191	118	0	4	0	3	0	57	238	31	0	2	0	3	0	100	137	0	2	0	0	0	0	0	0	1	0	0	0	
0	0	0	1	0	2	0	0	0	0	0	9	30	2	0	0	0	0	3	104	99	102	0	0	3	0	73	59	84	198	0	1	3	0	79	110	180	81	0	3	0	0	0	42	122	1	0	0	0	3	0	98	70	0	2	0	0	1	0	99	15	0	0	0	
0	0	0	2	4	4	1	0	0	0	4	3	0	0	0	0	3	0	130	207	141	147	31	0	1	0	32	59	166	193	0	0	0	1	0	8	200	47	0	2	0	3	0	135	141	0	4	0	1	0	26	199	20	0	1	0	2	0	59	113	0	3	0	0	
0	0	4	55	17	0	1	0	1	0	10	148	200	18	0	1	0	3	0	74	176	0	1	0	2	0	46	252	178	52	0	1	1	0	12	40	38	181	56	0	1	0	91	100	112	209	39	0	1	0	69	153	134	40	0	1	0	0	0	0	0	0	1	0	
0	0	0	2	0	0	0	0	0	0	1	0	63	85	30	3	0	0	0	53	90	158	155	32	3	0	62	239	36	0	2	0	2	0	34	126	190	6	0	1	0	51	40	63	196	0	0	0	0	35	141	168	49	0	2	0	0	0	0	0	1	0	0	0	
0	1	4	2	0	2	1	0	0	0	0	0	12	7	0	0	0	14	87	142	143	154	25	0	0	186	232	146	118	84	156	0	0	60	75	50	25	120	166	0	0	1	0	106	162	178	19	0	0	3	0	107	98	0	0	1	0	0	0	0	0	2	1	0	
0	0	0	2	0	0	0	0	0	0	0	4	44	46	31	22	0	0	0	135	131	146	168	85	3	0	95	192	0	2	0	0	3	0	97	197	99	0	4	2	0	3	0	76	183	0	2	0	0	8	126	184	54	0	2	0	0	0	36	25	0	1	0	0	
0	0	1	0	1	1	0	0	1	0	13	56	0	125	70	0	4	0	96	172	0	209	40	0	3	0	177	71	90	171	0	3	2	0	193	70	193	156	0	3	3	0	78	226	250	106	0	2	0	2	0	78	128	0	2	0	0	0	2	1	0	2	0	0	
0	3	4	3	4	4	3	0	0	0	0	0	0	0	0	0	0	105	107	83	102	121	109	0	0	96	164	152	142	255	115	0	0	0	3	0	137	139	0	3	0	6	0	88	203	0	1	1	2	0	49	217	47	0	2	0	3	0	106	92	0	3	0	0	
0	0	0	2	0	46	25	0	0	0	1	0	128	156	31	0	0	3	0	85	177	0	0	1	0	0	0	173	36	0	3	0	3	0	65	213	132	26	0	1	3	0	92	193	158	56	0	2	0	0	0	115	104	0	1	0	0	0	1	0	0	0	0	0	
0	0	0	0	0	0	0	0	5	0	24	158	193	81	0	3	6	0	6	34	215	139	0	4	0	4	0	87	255	66	0	3	0	0	2	0	82	186	0	2	0	27	11	5	147	175	0	2	0	126	165	170	157	19	0	1	0	1	10	5	0	0	0	0	
0	0	0	9	54	0	1	0	1	0	23	147	170	0	2	0	1	0	32	72	140	2	0	0	0	2	0	30	140	0	2	0	0	3	0	71	164	0	3	0	0	27	134	169	222	189	103	0	0	4	58	85	54	59	21	0	0	0	0	0	0	0	0	0	
0	0	0	1	1	0	0	0	0	0	0	0	2	16	26	1	0	1	0	15	85	134	139	40	0	1	0	153	33	0	2	3	1	0	24	181	76	0	4	0	0	9	18	65	155	0	2	0	0	23	96	120	37	0	1	0	0	0	0	0	0	0	0	0	
0	0	4	4	0	1	0	0	1	0	23	141	55	0	1	0	0	1	0	7	127	57	0	2	1	0	17	102	157	75	0	3	0	0	6	46	87	102	0	1	0	4	23	0	28	133	0	0	0	0	99	112	103	26	0	1	0	0	6	10	0	0	0	0	
0	0	0	1	0	0	0	0	0	1	0	15	190	121	0	2	0	3	0	68	240	175	8	0	1	0	9	208	67	125	46	0	4	0	140	137	0	172	27	0	3	0	188	101	114	150	0	3	2	0	66	210	159	18	0	1	0	0	0	0	0	1	0	0	
0	0	0	0	0	0	0	0	0	2	0	62	52	0	2	0	0	4	0	110	94	0	3	0	0	3	0	91	90	0	3	0	0	3	0	93	91	0	3	0	0	3	0	83	92	0	3	0	0	2	0	47	95	0	3	0	0	0	0	4	11	0	0	0	
0	0	0	0	0	0	0	0	0	0	3	0	94	90	0	3	0	0	2	0	193	116	0	4	0	2	0	36	236	38	0	2	0	4	0	137	199	0	2	0	1	0	0	224	117	0	4	0	1	0	10	172	38	0	2	0	0	0	0	0	1	0	0	0	
0	0	1	2	0	1	4	2	0	1	0	10	109	22	0	1	0	0	0	153	185	152	121	56	4	0	103	166	0	17	68	36	2	0	48	187	72	0	2	0	0	19	43	22	209	32	0	3	0	4	127	156	132	3	0	1	0	0	6	25	2	0	0	0	
0	0	1	4	0	0	0	0	1	0	2	152	215	86	0	3	0	1	0	8	172	185	0	3	0	4	0	31	249	83	0	3	0	0	2	0	158	140	0	4	0	121	74	15	188	155	0	4	0	89	179	199	177	21	0	1	0	0	0	1	0	1	0	0	
0	0	1	0	22	34	0	1	0	0	0	1	115	47	0	1	0	3	0	76	112	0	3	0	0	2	0	159	57	0	2	0	1	0	16	161	120	16	0	1	1	0	34	155	127	32	0	1	0	1	0	86	89	0	1	0	0	0	0	0	0	0	0	0	
0	0	2	2	0	0	0	0	0	0	0	4	47	82	21	0	2	0	33	200	255	225	166	0	3	0	157	249	102	200	97	0	2	0	36	237	191	51	0	1	0	9	135	83	193	16	0	1	0	63	185	126	190	10	0	1	0	4	95	122	22	0	1	0	
0	1	0	62	17	0	1	0	2	0	42	241	65	0	5	0	1	0	197	197	2	0	1	0	0	15	236	48	87	208	116	0	0	14	218	40	191	206	216	15	3	0	128	211	225	246	106	0	0	0	0	59	70	40	0	0	0	0	1	0	0	0	2	0	
0	0	1	0	1	0	0	0	0	0	5	0	20	102	0	0	3	0	94	108	65	184	0	3	0	0	201	60	107	174	0	4	0	97	255	155	171	195	0	0	0	40	42	32	182	163	0	2	0	0	3	0	167	79	0	3	0	2	2	0	31	10	0	0	
0	0	0	0	0	0	0	0	0	0	0	4	99	12	0	1	0	2	0	45	211	4	0	1	0	2	0	57	185	0	1	0	0	3	0	81	176	0	3	0	0	3	0	102	165	0	3	0	0	3	0	115	130	0	4	0	0	0	0	11	10	0	0	0	
0	0	1	0	0	0	0	0	0	1	0	43	68	3	0	0	3	0	66	159	143	89	0	3	2	0	37	132	168	44	0	2	0	0	0	2	153	13	0	1	0	2	0	55	168	0	4	0	0	3	0	144	88	0	3	0	0	1	0	71	16	0	0	0	
0	0	0	0	0	0	0	0	0	2	0	51	154	79	0	2	0	3	0	113	134	138	0	2	0	1	0	26	196	63	0	3	0	2	0	101	197	11	0	1	2	0	52	139	95	39	0	1	2	0	37	168	142	0	0	0	0	1	0	43	24	0	1	0	
0	0	1	1	1	0	0	0	0	0	0	43	13	36	0	0	1	0	37	163	123	129	0	4	4	0	161	178	165	36	0	1	1	0	64	172	245	87	0	2	0	3	0	73	184	28	0	1	0	4	0	137	103	0	3	0	0	2	0	62	31	0	1	0	
0	0	0	2	0	0	0	0	0	0	0	0	124	96	0	2	0	2	0	139	240	175	40	0	3	0	73	175	111	132	62	0	4	0	134	84	4	186	27	0	1	0	172	29	110	107	0	3	3	0	139	191	137	2	0	0	1	0	15	55	5	0	0	0	
0	0	0	2	0	0	0	0	0	0	0	6	10	2	24	19	0	0	2	71	128	132	133	66	2	0	61	165	0	9	0	0	1	0	15	161	74	0	4	2	0	15	77	124	153	0	3	0	0	0	64	111	30	0	1	0	0	0	0	0	0	0	0	0	
0	0	2	0	30	32	0	1	0	3	0	69	182	116	0	4	1	0	25	196	155	140	22	0	3	0	166	214	82	92	146	6	0	36	206	14	0	0	158	55	0	118	248	108	64	126	148	0	0	28	39	87	115	91	11	0	0	0	0	0	0	0	2	1	
0	0	0	0	0	0	0	0	0	0	0	9	108	11	0	1	0	1	0	28	210	13	0	1	0	2	0	65	201	0	0	0	0	4	0	144	128	0	4	0	0	0	0	194	51	0	2	0	1	0	17	184	13	0	1	0	0	0	2	28	2	0	0	0	
0	0	2	0	1	1	0	0	0	0	1	29	22	0	0	0	0	3	81	72	99	34	0	1	0	32	98	28	103	51	0	2	0	0	42	29	75	55	0	2	0	0	2	0	48	58	0	2	0	0	3	0	47	75	0	3	0	0	1	0	24	69	0	2	
0	0	0	1	0	0	0	0	0	1	0	9	129	134	8	0	0	3	0	79	245	193	5	0	0	4	0	148	219	21	0	2	0	2	0	188	162	0	4	0	3	0	72	128	185	16	0	1	4	0	105	184	137	0	1	0	1	0	15	53	4	0	0	0	
0	2	0	0	0	0	1	0	1	0	38	123	121	84	7	0	0	66	206	88	65	172	170	0	0	155	138	0	22	58	218	27	0	43	151	167	131	122	199	4	3	0	106	106	57	208	70	0	1	0	182	239	203	81	0	3	0	0	10	23	6	0	2	0	
0	0	1	0	19	10	0	0	0	0	0	1	172	33	0	1	0	3	0	107	170	0	2	0	1	0	12	190	29	0	1	0	2	0	35	193	148	79	0	3	0	1	0	187	245	86	0	3	0	2	0	50	85	0	1	0	0	0	0	1	0	1	0	0	
0	0	1	0	47	46	0	1	0	2	0	104	156	128	25	0	3	0	68	172	0	7	5	0	3	0	143	65	46	102	17	0	3	0	142	144	110	85	134	0	4	0	91	237	33	99	79	0	0	0	0	85	141	69	0	1	0	0	1	0	0	0	1	0	
0	0	0	0	0	0	0	0	1	0	7	114	130	14	0	1	4	0	123	238	210	119	0	4	1	0	23	225	187	35	0	2	1	0	25	192	162	3	0	1	2	0	43	116	159	119	0	4	1	0	1	190	219	43	0	2	0	1	0	25	30	0	1	0	
0	0	0	0	0	0	0	0	0	0	0	86	29	0	1	0	0	0	0	113	19	0	1	0	0	2	0	91	23	0	1	0	0	3	0	87	59	0	2	0	0	1	0	32	119	0	1	0	0	0	2	0	122	54	0	2	0	0	0	0	11	15	0	1	
0	0	1	0	0	0	0	0	0	1	0	38	79	7	0	0	2	0	57	162	110	108	0	3	2	0	42	137	154	66	0	3	0	2	0	63	179	0	1	0	0	3	0	131	80	0	3	0	0	1	0	170	36	0	1	0	0	0	3	71	6	0	0	0	
0	0	2	0	0	0	0	0	0	0	0	50	65	1	0	0	1	0	99	95	134	70	0	3	0	27	138	0	115	178	0	3	0	7	141	65	168	143	0	4	1	0	16	90	173	105	0	4	0	0	3	0	48	144	0	3	0	0	1	0	16	72	0	0	
0	0	2	0	0	0	1	0	0	3	0	88	202	97	0	0	2	0	100	197	103	161	69	0	0	64	173	5	0	73	110	0	0	140	53	0	0	108	147	0	0	131	21	30	111	195	31	0	0	78	166	180	148	35	0	2	0	0	7	3	0	1	1	0	
0	0	0	0	0	0	0	0	0	2	0	51	102	0	3	0	0	2	0	65	192	0	1	0	0	2	0	56	199	0	0	0	0	3	0	85	172	0	3	0	0	3	0	106	183	0	3	0	0	2	0	72	145	0	2	0	0	0	0	0	0	0	0	0	
0	0	0	0	0	0	0	0	0	0	2	0	49	70	0	2	0	0	3	0	177	112	0	4	0	1	0	24	198	19	0	1	0	3	0	99	157	0	3	0	0	1	0	182	73	0	2	0	2	0	40	176	0	0	0	0	0	0	9	18	0	0	0	0	
0	0	0	0	3	2	0	0	0	3	61	29	0	1	0	0	0	87	247	170	143	34	0	1	0	61	231	0	92	155	0	3	2	0	162	191	190	244	27	0	0	0	3	130	134	139	120	0	0	0	2	2	0	61	187	0	0	0	1	4	2	8	89	7	
0	0	0	0	3	5	0	0	0	0	0	108	163	154	12	0	0	0	11	124	49	168	17	0	0	0	2	0	145	107	0	3	0	46	68	126	131	0	1	0	0	118	255	211	49	65	10	0	0	6	8	48	194	151	3	0	0	1	0	0	0	0	0	0	
0	0	2	0	2	0	0	0	0	20	118	96	0	0	0	0	0	5	9	110	113	0	1	0	0	0	1	0	160	43	0	2	0	83	158	174	165	0	1	0	0	24	45	42	163	85	10	5	0	0	1	0	20	125	104	13	0	1	2	2	2	0	0	0	
0	0	0	0	0	0	0	0	0	0	0	68	109	119	82	0	1	0	6	126	122	172	147	0	0	1	8	125	201	107	5	0	0	0	6	46	126	84	0	3	3	131	27	1	166	113	0	4	0	156	207	167	108	0	0	0	0	3	33	10	0	1	0	0	
0	0	3	3	2	3	0	0	0	0	0	0	0	0	0	0	0	22	116	143	158	171	14	0	0	3	43	29	128	165	0	2	0	1	0	16	191	26	0	1	0	3	0	84	139	0	4	0	0	4	0	130	91	0	3	0	0	3	0	121	44	0	1	0	
0	0	0	0	0	1	3	3	0	0	1	2	0	7	115	30	0	1	1	9	0	130	91	0	1	0	27	94	92	124	0	2	0	5	173	194	217	90	0	3	0	2	92	188	29	3	1	0	3	0	87	66	0	2	0	0	0	0	3	1	2	0	0	0	
0	3	0	0	0	0	0	0	0	0	0	2	0	68	69	0	3	84	5	2	0	178	127	0	38	193	7	0	57	221	41	0	24	189	190	173	230	134	0	4	0	4	38	10	156	108	0	4	1	1	3	0	182	101	0	4	0	0	2	0	26	13	0	0	
0	0	0	1	1	0	0	0	0	0	1	0	20	66	49	21	0	1	2	0	58	133	135	48	0	2	0	163	73	0	3	0	0	11	30	65	140	10	2	2	0	36	239	184	118	2	0	0	0	0	37	56	7	0	0	0	0	0	0	0	1	0	0	0	
0	0	0	0	0	0	0	0	0	1	0	27	114	0	1	0	0	2	0	63	196	0	1	0	0	3	0	68	184	0	2	0	0	3	0	87	158	0	4	0	0	3	0	74	169	0	3	0	0	2	0	51	124	0	2	0	0	0	0	0	0	0	0	0	
0	0	0	3	0	44	39	0	0	0	2	0	20	163	34	0	0	1	0	15	174	70	0	2	1	0	25	192	74	0	3	0	2	0	149	119	169	94	0	3	0	1	143	158	243	94	0	3	1	0	21	85	35	0	1	0	0	0	0	0	0	1	0	0	
0	1	0	0	0	3	0	0	0	0	142	74	23	0	2	0	0	75	255	204	249	130	0	2	0	125	115	0	50	191	101	0	0	105	100	0	0	50	174	0	0	62	176	0	0	93	200	0	2	0	134	131	45	196	100	0	0	1	0	11	15	5	0	0	
0	0	1	1	0	0	2	0	0	1	0	10	62	56	0	0	1	0	17	185	177	196	75	0	4	0	104	242	176	181	37	0	2	0	43	109	239	89	0	3	0	3	0	121	141	0	3	0	3	0	74	213	12	0	1	0	2	0	75	58	0	2	0	0	
0	0	0	0	0	0	0	0	1	0	16	84	118	45	0	2	2	0	44	68	144	113	0	4	2	0	47	164	219	36	0	2	2	0	79	55	112	133	0	4	2	0	38	48	187	102	0	3	5	0	110	255	95	0	2	0	1	0	20	28	0	2	0	0	
0	0	0	2	0	0	0	0	0	0	3	0	110	225	79	0	0	3	0	125	252	113	123	0	3	0	105	255	30	76	110	0	0	61	255	84	33	213	29	0	0	151	183	122	220	71	0	2	0	71	195	164	38	0	2	0	0	0	0	0	1	2	0	0	
0	0	0	0	0	0	0	0	0	1	158	208	149	6	0	1	0	1	67	69	231	72	0	3	2	0	39	212	215	8	0	1	2	0	39	146	175	158	14	0	2	0	52	149	77	241	99	0	1	0	12	121	204	130	9	0	0	0	0	0	0	0	0	0	
0	0	0	0	2	1	0	0	0	0	0	3	0	66	55	0	0	0	3	0	63	236	41	0	0	1	0	7	214	95	0	3	0	3	0	159	155	0	4	0	3	0	77	197	4	0	1	0	0	0	178	50	0	2	0	0	0	5	26	0	1	0	0	0	
0	0	1	0	0	1	1	0	0	1	0	102	113	14	0	1	3	0	83	194	168	147	26	0	1	0	147	35	0	41	119	0	0	43	128	0	2	14	120	0	0	61	131	0	7	117	71	0	0	2	144	136	126	64	0	1	1	0	13	62	16	0	2	0	
0	0	0	0	0	0	1	0	0	2	0	89	164	93	0	1	0	3	0	125	116	146	53	0	0	0	1	0	0	170	54	0	0	36	139	131	207	127	0	2	0	69	241	236	156	0	3	0	0	0	1	0	139	21	0	1	0	0	0	0	19	7	0	0	
0	0	0	0	1	1	0	0	0	0	2	0	50	45	0	2	0	0	1	0	111	21	0	1	0	1	0	32	112	0	2	0	0	3	0	81	70	0	2	0	0	2	0	114	27	0	1	0	0	0	1	95	6	0	0	0	0	0	0	1	0	0	0	0	
0	0	0	5	38	5	0	0	0	0	2	0	145	177	2	0	0	3	0	83	175	255	54	0	1	5	0	89	231	135	0	1	0	163	67	0	36	123	0	2	0	152	255	155	225	126	0	3	0	2	96	156	91	5	0	1	0	1	0	0	0	1	0	0	
0	0	1	0	1	0	0	0	1	0	4	115	174	109	0	2	3	0	131	153	57	198	0	1	1	0	28	103	203	129	0	4	2	0	149	229	255	132	0	4	0	34	247	218	172	209	3	0	0	30	185	84	5	101	11	0	0	0	0	0	2	0	0	0	
0	0	0	1	0	2	1	0	0	0	2	1	3	0	54	50	0	0	0	17	0	68	198	41	1	0	72	125	50	199	37	0	0	30	212	199	219	55	0	4	1	0	101	167	39	0	2	0	0	42	119	0	0	1	0	0	0	7	4	2	3	0	0	0	
0	0	0	0	1	0	0	0	0	0	4	143	29	0	1	0	0	3	0	154	176	0	2	0	0	3	0	79	208	0	1	0	0	4	0	148	145	0	3	0	0	4	0	166	112	0	4	0	0	3	0	103	120	0	3	0	0	0	0	0	0	0	0	0	
0	0	0	1	4	4	3	0	0	0	0	0	0	0	0	0	0	3	1	6	125	123	66	10	0	2	0	154	131	119	163	28	0	83	70	55	87	0	2	0	0	111	234	155	64	0	5	0	0	0	15	13	0	0	0	0	0	1	0	1	2	0	0	0	
0	0	0	0	0	0	0	0	1	0	22	114	125	42	0	1	2	0	180	220	180	82	0	3	4	0	150	230	180	201	17	0	1	0	24	50	0	192	68	0	2	0	56	48	4	200	41	0	3	0	56	203	201	112	0	2	0	1	0	40	37	0	1	0	
0	0	0	1	3	0	36	14	0	0	2	1	0	125	160	13	0	2	0	4	157	140	3	0	2	0	32	185	94	0	3	1	0	24	176	73	25	7	0	0	0	48	149	169	255	64	0	3	1	0	57	138	96	20	0	1	0	1	0	0	0	0	0	0	
0	2	4	3	3	3	0	0	0	0	0	0	0	0	0	0	0	50	129	138	147	87	0	1	0	57	127	60	74	185	2	0	2	0	74	150	193	203	115	13	0	5	0	130	170	6	13	0	2	0	36	173	10	0	1	0	1	0	30	43	0	3	0	0	
0	0	2	2	0	0	1	0	0	0	0	0	58	66	0	0	2	0	44	209	245	203	74	0	4	0	156	210	2	134	119	0	0	1	9	0	107	234	20	0	1	0	4	165	238	57	0	2	0	33	209	175	13	0	2	0	0	46	94	0	1	3	0	0	
0	0	1	2	0	0	0	0	0	1	0	8	61	68	9	0	1	0	21	136	210	232	36	0	1	0	178	129	141	32	0	1	1	0	93	218	147	0	4	0	0	3	0	121	202	52	0	2	0	3	0	126	207	39	0	2	0	1	0	44	89	0	1	0	
0	0	0	0	1	0	0	0	0	0	1	0	16	136	53	0	0	3	6	0	131	255	191	0	0	1	0	70	240	239	104	0	0	59	164	227	175	21	0	1	0	195	181	184	64	0	5	0	0	45	131	100	0	2	0	0	0	0	0	0	1	0	0	0	
0	0	0	0	0	0	0	0	1	0	31	67	78	87	84	14	3	0	156	252	200	170	134	23	4	0	162	150	0	2	0	0	4	0	105	243	186	110	0	2	0	0	6	10	6	203	28	0	3	0	78	141	169	176	1	0	1	0	18	127	112	12	0	1	
0	0	3	1	0	0	1	0	0	0	0	10	64	84	9	0	2	0	73	201	171	172	107	0	0	4	205	118	58	184	170	0	1	0	86	190	255	184	17	0	1	0	0	194	162	0	0	1	1	0	162	176	0	3	2	0	0	17	116	16	0	2	0	0	
0	0	0	6	5	0	0	0	0	2	0	48	183	63	0	2	0	0	3	0	75	153	0	3	0	0	3	0	147	84	0	3	0	2	0	88	97	0	2	0	2	0	84	124	6	14	0	0	3	0	122	160	128	36	0	2	0	0	0	8	1	0	0	0	
0	0	1	2	0	0	0	0	0	1	0	4	143	202	47	0	1	0	12	202	207	66	151	4	1	0	192	209	0	20	167	1	0	97	211	13	0	165	116	0	0	195	59	43	187	169	0	0	0	121	186	194	113	0	1	0	0	2	6	0	0	2	1	0	
0	0	1	1	0	1	0	0	0	1	0	29	60	0	0	0	1	0	28	153	159	46	0	2	4	0	102	113	69	107	0	4	1	0	33	130	199	77	0	3	0	2	0	42	189	7	0	1	1	0	8	173	61	0	2	0	1	0	26	73	0	2	0	0	
0	0	0	0	2	0	0	0	0	0	0	2	0	108	38	0	0	0	3	0	67	237	29	0	0	1	0	21	230	93	0	3	0	2	0	169	167	0	3	0	3	0	95	229	16	0	1	0	3	0	172	108	0	4	0	0	0	0	28	10	0	0	0	0	
0	0	0	0	0	0	0	0	1	0	34	77	39	18	0	0	2	0	46	92	21	155	14	0	0	0	2	0	53	147	0	2	0	0	1	2	162	45	0	2	0	2	0	123	105	0	3	0	2	0	64	144	0	2	0	0	1	0	23	17	0	1	0	0	
0	0	0	1	1	0	1	0	0	1	0	6	152	57	0	2	0	0	1	0	49	189	72	0	0	13	37	0	28	223	74	0	0	110	238	165	210	106	0	2	0	29	157	194	164	0	0	0	0	0	2	0	73	157	14	0	0	1	2	3	0	8	4	0	
0	0	0	0	0	0	0	0	1	0	30	157	86	0	0	0	1	0	6	120	242	41	0	2	0	0	127	222	104	0	2	0	1	0	76	176	165	50	0	1	0	1	0	7	189	210	0	1	3	0	87	196	141	39	0	1	1	0	29	16	0	1	0	0	
0	0	0	2	2	0	0	0	0	1	1	0	105	112	34	0	0	1	0	27	128	255	157	0	0	10	0	53	140	138	19	0	0	181	191	26	0	140	49	0	0	89	244	228	195	119	0	1	0	0	6	35	15	0	0	0	0	2	1	0	0	3	0	0	
0	0	0	1	0	0	0	0	0	0	1	0	54	30	0	1	0	2	0	44	170	14	0	1	0	3	0	87	141	0	4	0	0	3	0	90	119	0	3	0	0	3	0	103	75	0	3	0	0	3	0	96	59	0	2	0	0	1	0	42	31	0	1	0	
0	0	1	2	0	1	2	0	0	1	0	8	86	34	0	1	1	0	14	157	163	165	59	0	3	0	74	195	83	225	124	0	0	3	0	84	254	87	0	2	1	0	23	186	64	0	3	0	0	9	200	95	0	5	0	0	0	34	97	0	3	0	0	0	
0	0	0	0	1	1	0	0	0	3	127	132	31	0	1	0	0	1	53	94	151	40	0	2	0	0	0	3	148	29	0	1	0	1	0	33	170	23	0	1	0	0	3	0	86	193	0	1	0	1	0	96	161	63	0	1	0	0	0	33	24	0	1	0	
0	0	0	0	0	0	0	0	0	0	1	0	143	117	0	1	0	2	0	59	152	153	73	0	0	3	0	60	204	157	19	0	2	0	41	188	166	0	0	1	0	63	173	135	106	0	4	0	0	64	174	135	22	0	1	0	0	0	8	3	0	0	0	0	
0	0	2	10	1	1	0	0	0	35	108	121	94	0	2	0	0	90	75	0	137	101	0	3	0	25	34	0	55	132	0	3	0	0	4	20	80	123	0	3	4	0	90	184	211	136	0	0	2	0	54	153	58	71	24	0	0	0	0	0	0	1	1	0	
0	0	0	0	1	0	0	0	0	0	2	0	60	106	0	3	0	0	4	0	124	118	0	4	0	0	0	2	188	37	0	2	0	3	0	113	158	0	3	0	1	0	16	202	34	0	1	0	1	0	31	121	0	2	0	0	0	0	0	1	1	0	0	0	
0	0	1	1	0	0	0	0	0	1	0	87	64	94	34	0	3	0	66	186	52	144	12	0	2	0	43	152	177	34	0	2	0	3	0	155	198	12	0	1	1	0	34	127	84	136	0	4	1	0	17	134	179	80	0	3	0	1	0	22	37	0	0	0	
0	0	0	2	0	0	0	0	0	0	3	0	148	168	0	0	0	3	0	122	218	158	72	0	2	0	49	208	20	109	88	0	1	0	173	57	23	212	28	0	0	87	201	99	227	95	0	3	0	65	198	154	43	0	2	0	0	0	0	0	0	2	0	0	
0	0	0	1	0	0	0	0	0	1	0	30	105	47	58	9	0	1	0	126	126	87	67	7	3	0	92	179	28	0	1	0	1	0	37	29	121	46	0	2	0	18	29	0	61	121	0	4	0	10	90	68	122	57	0	2	0	0	3	39	37	0	1	0	
0	0	1	2	0	0	0	0	0	0	0	3	66	25	0	1	1	0	24	133	161	161	0	2	3	0	75	184	187	153	0	3	0	0	0	43	201	33	0	2	0	3	0	120	115	0	3	0	2	0	53	185	1	0	0	0	2	0	43	66	0	2	0	0	
0	0	0	0	0	0	0	0	0	1	0	34	124	55	0	1	0	3	0	123	99	189	42	0	0	3	0	139	186	62	1	0	3	0	64	229	157	0	2	0	3	0	145	45	101	41	0	1	2	0	69	118	171	53	0	2	0	1	0	37	49	0	0	0	
0	0	0	1	0	0	0	0	0	0	1	0	46	166	130	0	0	3	0	46	208	103	25	0	0	3	0	115	80	0	3	0	0	17	0	105	67	0	3	0	0	79	147	101	70	0	3	0	0	0	135	184	21	0	1	0	0	0	0	1	0	0	0	0	
0	0	41	7	0	0	0	0	1	0	92	119	0	0	0	0	0	2	0	99	87	0	3	0	0	1	0	16	141	9	0	1	2	0	49	123	176	80	0	2	3	0	74	94	127	123	19	0	0	0	0	102	84	0	2	0	0	0	0	0	1	3	0	0	
0	0	3	0	2	1	0	0	0	0	10	40	0	4	2	0	2	0	140	245	134	200	92	0	0	17	168	28	67	221	30	0	0	2	0	25	219	89	0	3	1	0	1	202	117	0	3	0	4	0	123	178	0	3	0	0	2	0	80	36	0	1	0	0	
0	0	0	0	1	0	0	0	0	0	1	0	13	131	26	0	0	0	3	0	131	128	0	0	0	1	0	30	173	4	0	1	0	3	0	132	95	0	3	0	1	0	14	178	15	0	1	0	3	0	70	170	0	3	0	0	1	0	15	20	0	1	0	0	
0	0	0	1	0	0	0	0	0	0	2	0	22	61	108	42	0	3	0	73	219	133	103	29	2	0	37	212	59	0	2	0	2	0	49	129	100	5	3	1	0	42	198	107	182	18	0	1	0	3	98	137	52	0	1	0	0	0	0	0	0	0	0	0	
0	1	2	0	0	1	1	0	0	0	1	29	55	16	0	1	0	1	112	127	122	127	26	0	0	92	85	0	0	38	113	4	0	98	87	0	5	0	125	43	0	20	140	88	81	117	76	0	0	0	10	39	46	15	0	0	0	1	1	0	0	0	2	0	
0	0	0	0	0	0	0	0	0	0	2	0	56	75	0	2	0	0	8	0	176	172	0	4	0	1	0	19	228	67	0	3	0	3	0	155	196	0	1	0	2	0	48	245	51	0	2	0	3	0	78	169	0	3	0	0	0	0	8	21	0	0	0	0	
0	0	0	0	0	0	0	0	0	0	0	0	59	5	0	0	0	0	0	0	154	16	0	1	0	1	0	20	160	0	0	0	0	2	0	61	125	0	3	0	0	3	0	88	91	0	3	0	0	3	0	99	68	0	2	0	0	0	0	9	7	0	0	0	
0	0	0	0	0	0	0	0	0	1	0	26	127	47	0	2	0	3	0	121	247	186	0	2	0	3	0	82	255	138	0	3	2	0	39	247	194	0	5	14	4	0	128	231	146	0	9	14	4	0	114	240	68	0	3	0	1	0	14	27	0	1	0	0	
0	0	1	0	0	0	0	0	0	0	6	16	33	32	23	4	3	0	114	136	115	119	108	34	0	19	172	83	30	0	1	0	0	3	27	50	98	108	10	0	0	38	79	14	0	122	103	0	0	1	68	117	105	109	28	0	0	0	0	0	0	0	0	0	
0	0	0	0	9	66	1	0	0	0	4	0	98	186	0	1	0	2	0	48	214	35	0	2	1	0	12	203	68	0	2	0	1	0	146	155	169	88	0	2	0	30	206	189	255	161	0	3	0	0	55	86	57	5	0	0	0	0	0	0	0	1	0	0	
0	0	0	2	0	0	0	0	0	0	3	0	94	172	7	0	0	3	0	83	235	78	6	0	1	0	20	208	49	0	2	0	3	0	149	217	47	0	2	0	4	0	130	93	145	95	0	3	1	0	12	118	184	66	0	3	0	0	0	3	5	0	0	0	
0	0	2	0	0	2	1	0	0	1	0	43	67	4	0	0	3	0	112	254	255	156	0	0	4	0	146	255	236	242	23	0	0	0	3	32	214	145	0	3	0	2	0	135	212	5	0	1	3	0	73	244	34	0	2	0	2	0	46	74	0	3	0	0	
0	0	0	0	0	2	2	0	2	0	66	105	1	0	0	0	3	0	88	227	0	101	78	0	0	0	168	132	0	193	120	0	0	145	255	176	170	236	75	0	14	157	77	35	1	192	80	0	0	0	0	3	0	131	51	0	0	3	3	2	0	14	4	0	
0	0	2	0	0	0	1	0	0	0	1	127	226	159	5	0	2	0	129	255	231	211	150	0	0	48	255	209	16	51	227	17	0	130	206	48	14	228	191	0	0	137	212	147	239	232	46	0	0	35	213	225	145	26	0	2	0	0	0	0	0	1	2	0	
0	1	0	37	93	2	0	0	1	0	23	142	52	2	2	1	3	0	121	58	0	2	0	0	0	2	135	37	89	103	103	23	2	0	174	147	31	0	93	100	3	0	84	153	58	102	101	10	0	1	0	53	86	39	0	0	0	0	1	0	0	0	2	1	
0	0	0	0	1	1	2	1	0	0	1	4	0	50	141	5	0	0	2	0	29	190	47	0	1	0	27	49	138	71	0	2	1	0	178	236	188	19	0	1	0	0	95	191	83	24	0	1	3	0	81	67	0	2	0	0	0	0	7	2	4	1	0	0	
0	0	0	0	0	0	0	0	0	3	0	101	76	0	2	0	0	4	0	136	113	0	4	0	0	3	0	84	152	0	3	0	0	2	0	48	185	0	1	0	0	1	0	22	215	25	0	1	0	0	0	2	156	29	0	1	0	0	0	0	0	0	0	0	
0	0	0	0	1	0	0	0	0	0	2	0	40	160	3	0	0	0	3	0	171	184	0	2	0	4	0	102	239	24	0	2	2	2	9	227	105	0	3	0	4	0	116	218	0	0	0	0	3	0	135	90	0	2	0	0	0	0	0	1	1	0	0	0	
0	0	1	0	1	1	0	0	0	0	0	67	42	0	1	0	3	0	79	123	140	37	0	2	2	0	124	3	126	72	0	3	3	0	117	65	178	42	0	2	1	0	26	141	170	25	0	1	0	0	4	0	101	81	0	2	0	0	2	0	30	50	0	2	
0	0	0	2	0	0	1	0	0	0	1	0	20	29	0	0	0	0	3	95	101	119	61	0	2	0	107	91	64	163	39	0	1	0	130	118	222	83	0	3	0	2	0	71	103	0	3	0	1	0	34	146	9	0	0	0	3	0	96	76	0	3	0	0	
0	0	0	0	0	0	0	0	0	0	3	91	121	10	0	1	1	0	14	46	144	59	0	2	0	0	3	41	153	17	0	1	2	0	38	141	162	55	0	2	0	0	3	0	74	130	0	4	2	0	53	106	130	39	0	2	1	0	23	59	12	0	0	0	
0	0	2	2	9	7	0	0	0	0	2	0	73	134	135	16	1	0	38	78	52	115	171	19	3	0	119	183	157	118	0	1	0	23	24	0	43	112	0	4	0	134	223	182	217	61	0	3	0	33	147	179	71	0	1	0	0	0	3	2	0	0	0	0	
0	0	0	2	0	0	0	0	0	0	1	0	59	121	24	0	0	2	0	76	105	118	50	0	0	0	7	134	64	94	0	1	1	0	17	161	113	85	0	1	2	0	114	32	10	76	0	1	1	0	118	87	80	8	0	1	1	0	20	40	0	1	0	0	
0	0	0	0	0	2	1	0	0	0	3	0	78	127	85	0	0	0	4	0	154	72	181	21	0	2	0	27	214	208	75	0	1	0	80	214	208	34	0	2	0	107	204	199	88	0	5	0	0	90	179	118	2	2	0	0	0	0	5	1	0	0	0	0	
0	0	0	1	1	0	0	0	0	1	0	126	142	9	0	1	1	0	12	149	46	39	0	1	0	3	0	123	163	61	4	0	1	0	19	120	186	53	0	2	3	0	125	45	88	114	0	4	2	0	66	150	153	26	0	1	0	0	0	10	4	0	0	0	
0	0	0	2	1	2	0	0	0	0	1	1	1	0	76	19	0	4	0	70	78	100	136	0	1	0	31	156	117	140	0	0	0	78	186	196	194	38	0	2	0	30	67	150	23	0	2	0	2	0	81	39	0	2	0	0	0	1	0	1	1	0	0	0	
0	0	2	0	0	0	0	0	0	0	4	0	35	43	0	2	0	0	128	34	73	74	0	3	0	32	103	0	41	107	0	2	0	16	158	103	114	198	28	0	2	0	59	133	84	92	61	0	0	0	0	1	0	22	68	0	0	0	2	4	3	2	2	0	
0	0	1	3	1	3	0	0	0	0	1	0	3	0	8	1	1	0	9	120	175	195	185	2	0	2	190	132	122	238	44	0	0	8	42	37	212	37	0	2	1	0	2	189	72	0	4	0	3	0	147	131	0	5	0	0	0	10	147	16	0	1	0	0	
0	0	0	0	0	0	0	0	0	19	98	122	46	0	1	0	0	39	126	118	188	2	0	1	0	1	0	31	194	10	1	2	0	4	0	139	139	0	3	0	0	1	0	199	156	87	98	28	0	2	0	48	151	135	91	16	0	0	0	0	0	0	0	0	
0	0	1	1	0	0	1	0	0	2	0	26	191	172	0	0	1	0	18	214	242	224	92	0	2	0	156	255	85	136	151	0	0	38	226	175	71	226	88	0	0	26	202	120	234	216	10	0	2	0	75	207	180	41	0	2	0	0	0	0	0	1	1	0	
0	0	0	0	2	0	0	0	0	0	0	3	0	86	96	0	0	0	3	0	76	246	73	0	0	2	0	63	254	96	0	3	1	0	13	232	118	0	4	0	3	0	109	196	0	3	0	0	3	0	153	133	0	4	0	0	0	0	8	10	0	0	0	0	
0	0	0	1	1	0	0	0	0	0	2	0	67	52	0	2	0	0	0	0	221	142	0	4	0	3	0	73	244	29	0	2	0	2	0	194	163	0	3	0	3	0	63	236	31	0	1	0	4	0	164	125	0	3	0	0	0	0	22	7	0	0	0	0	
0	0	1	1	0	0	0	0	0	1	0	18	47	32	13	0	1	0	8	165	191	132	107	0	4	0	124	155	10	0	1	0	0	0	8	60	120	19	0	1	0	34	21	0	127	69	0	3	0	60	115	114	84	1	0	0	0	0	0	0	0	0	0	0	
0	0	2	2	0	1	1	0	0	1	0	3	66	30	0	1	2	0	45	202	237	182	8	0	0	9	228	159	101	210	24	0	0	2	173	207	255	151	0	3	0	1	0	116	228	15	0	1	0	4	0	163	114	0	4	0	0	1	0	70	23	0	1	0	
0	0	0	2	2	0	0	0	0	0	2	0	6	147	176	0	0	2	0	34	203	202	64	0	3	0	64	248	251	76	0	3	1	0	200	163	135	170	0	3	0	40	230	93	220	67	0	3	0	8	167	214	104	0	1	0	0	0	0	0	0	1	0	0	
0	0	0	0	0	7	1	0	0	0	4	0	145	179	46	0	0	1	1	0	65	86	104	0	0	0	35	40	0	119	60	0	0	112	171	139	205	140	0	1	0	117	153	141	185	86	0	4	0	5	59	15	40	67	0	2	0	1	0	0	3	0	0	0	
0	0	1	0	0	0	0	0	0	2	0	78	87	0	2	0	1	0	27	201	39	0	1	0	3	0	93	141	123	84	0	3	3	0	57	221	255	84	0	4	0	0	1	24	162	49	0	2	0	0	3	0	117	50	0	2	0	0	0	0	12	6	0	0	
0	0	0	0	0	0	0	0	0	0	1	0	39	168	35	0	0	1	5	0	117	204	194	0	0	2	0	52	218	197	58	0	0	0	138	216	170	8	0	1	0	95	190	86	146	0	5	0	0	60	148	161	46	0	2	0	0	0	10	3	0	0	0	0	
0	1	0	0	2	1	0	0	0	0	15	29	4	0	0	0	0	44	158	101	120	24	0	1	0	43	150	25	75	117	0	3	1	0	35	73	142	136	0	3	0	1	4	0	101	79	0	3	0	0	5	0	120	51	0	2	0	0	2	0	82	35	0	1	
0	0	3	0	2	4	0	0	0	0	0	10	1	0	0	0	0	0	129	243	157	69	9	0	0	40	190	51	74	255	48	0	0	0	1	0	175	153	0	2	0	4	0	117	191	0	1	1	1	0	15	203	38	0	2	0	2	0	42	121	0	3	0	0	
0	0	0	0	0	0	0	0	1	0	32	125	118	7	0	1	0	1	166	132	39	2	0	0	0	0	139	110	25	0	0	0	1	0	12	106	170	81	0	2	0	0	3	0	68	196	2	0	1	0	4	143	181	83	0	1	0	0	1	35	6	0	0	0	
0	0	0	0	0	0	0	0	0	0	2	0	133	197	19	0	0	3	0	93	153	182	124	0	0	5	0	111	186	178	42	0	1	0	58	206	231	43	0	2	0	126	235	208	98	0	5	0	0	79	181	174	42	0	2	0	0	0	4	4	0	0	0	0	
0	0	1	2	0	0	0	0	0	1	0	21	56	0	1	0	1	0	24	188	113	0	4	0	0	11	155	61	0	82	140	0	0	55	197	123	150	215	34	0	0	0	62	86	182	58	0	1	0	1	0	22	119	0	2	0	0	0	2	4	33	3	0	0	
0	0	0	3	0	1	1	0	0	1	9	0	26	41	0	1	0	3	4	104	237	221	17	0	4	0	112	254	198	245	37	0	3	0	105	189	250	167	0	1	0	2	0	118	198	14	0	1	3	0	90	214	18	0	2	0	2	0	50	48	0	3	0	0	
0	0	0	0	0	0	0	0	1	0	77	104	14	0	1	0	0	0	10	84	91	0	3	0	1	0	7	153	43	0	2	0	1	0	10	64	107	42	0	1	0	0	2	0	63	134	0	2	0	1	0	63	123	13	0	1	0	0	0	41	12	0	0	0	
0	0	0	3	0	61	11	0	0	0	5	0	90	194	0	0	0	3	0	58	227	43	0	2	3	0	66	239	92	0	1	0	0	11	205	94	227	142	0	4	0	24	204	196	251	82	0	3	1	0	42	87	25	0	1	0	0	0	0	0	1	2	0	0	
0	1	1	0	0	0	1	0	1	0	13	45	88	58	3	0	0	17	209	219	218	255	120	0	0	132	232	5	10	140	217	2	0	156	207	0	0	23	237	46	0	48	244	205	89	138	187	3	2	0	55	172	183	156	20	0	0	2	0	0	0	0	2	1	
0	0	1	1	0	0	0	0	0	2	0	15	142	224	50	0	2	0	24	223	232	176	158	0	0	30	219	202	1	44	165	0	0	144	239	14	0	188	159	0	0	152	181	95	218	225	22	0	0	60	205	206	134	22	0	1	0	0	0	0	0	1	1	0	
0	0	5	3	0	0	0	0	1	0	118	146	2	0	0	0	0	3	0	115	110	0	3	0	0	1	0	11	140	8	0	0	0	2	0	68	208	50	0	2	0	1	0	125	162	163	5	0	0	2	0	65	145	30	8	0	0	0	0	1	3	0	0	0	
0	0	0	1	5	64	0	0	0	0	4	0	68	123	0	3	0	2	0	38	179	27	0	1	2	0	76	200	136	168	20	0	0	44	170	45	170	196	51	0	0	50	150	147	237	124	0	1	1	0	64	88	40	0	0	0	0	0	0	0	0	3	0	0	
0	1	2	0	0	0	0	0	1	1	0	1	0	76	22	0	0	31	81	0	0	163	29	0	0	180	68	0	12	171	12	0	36	143	141	106	141	173	0	2	0	0	12	46	93	162	0	2	0	3	1	0	19	153	0	0	0	0	1	2	4	24	0	0	
0	0	0	1	4	2	3	1	0	0	1	1	0	0	0	0	0	2	0	18	146	171	156	33	1	0	0	193	180	31	50	21	0	11	112	139	130	31	0	1	0	49	255	239	143	3	1	1	0	0	51	67	8	0	0	0	0	0	0	0	1	0	0	0	
0	0	1	1	5	3	0	0	0	1	0	27	154	111	0	2	1	0	8	156	45	108	2	0	3	0	108	93	0	114	23	0	0	0	138	15	0	113	29	0	0	20	148	0	20	117	4	0	2	0	98	145	124	31	0	1	0	0	1	14	6	0	0	0	
0	0	0	2	0	0	0	0	0	0	2	0	29	78	92	15	0	3	0	68	209	164	170	60	2	0	24	239	89	0	3	0	0	7	70	147	135	48	0	2	0	51	242	45	111	116	0	4	0	0	137	216	150	14	0	1	0	0	0	0	0	0	0	0	
0	0	1	1	0	0	0	0	0	1	0	97	126	32	0	1	1	0	24	194	221	152	0	4	2	0	151	72	54	185	5	0	0	37	151	0	0	120	43	0	0	52	146	0	15	148	16	0	1	0	121	134	131	64	0	2	0	0	5	63	33	0	1	0	
0	0	0	0	0	0	0	0	3	0	13	132	136	107	11	0	2	1	12	105	122	233	49	0	0	1	0	148	252	149	0	3	0	63	64	11	8	132	14	0	0	113	255	178	134	182	5	0	0	6	122	176	173	49	0	2	0	1	0	0	0	1	0	0	
0	1	2	0	0	0	0	0	1	0	7	87	55	98	10	0	0	12	154	196	195	142	0	1	0	28	183	168	199	27	0	1	1	0	0	159	198	86	0	1	0	4	0	135	55	176	29	0	0	3	0	94	209	104	0	2	0	0	0	9	44	0	0	0	
0	0	0	32	7	0	0	0	0	1	0	125	193	136	14	0	0	3	0	82	210	255	53	0	0	3	0	90	233	59	0	3	0	87	195	35	35	133	0	2	0	115	236	220	200	138	0	3	0	13	122	149	124	6	0	1	0	0	0	0	0	1	0	0	
0	0	0	3	33	3	0	0	0	2	0	100	165	6	0	1	2	0	60	152	0	3	1	0	4	0	114	55	0	28	2	0	3	0	118	113	115	125	92	0	3	0	78	222	48	102	91	0	0	0	0	64	111	75	1	0	0	0	1	0	0	0	1	0	
0	0	0	0	0	0	1	0	0	0	2	51	52	5	0	0	1	1	1	120	151	207	37	0	0	2	0	50	179	184	21	0	14	25	0	27	142	112	0	3	29	168	162	159	185	109	0	3	0	7	39	62	37	0	0	0	1	1	0	0	0	1	0	0	
0	3	13	1	0	0	0	0	0	60	147	112	3	1	0	0	1	0	11	169	14	0	2	0	0	51	184	169	111	25	0	1	0	17	20	0	75	160	26	0	0	1	0	36	0	103	117	0	0	2	0	49	141	148	32	0	0	0	0	0	4	4	0	0	
0	0	2	2	0	0	0	0	0	1	0	1	63	53	0	1	1	0	32	135	81	134	28	0	0	8	144	68	87	191	21	0	0	25	154	124	225	86	0	3	0	3	0	103	121	0	3	0	2	0	52	149	4	0	0	0	2	0	43	27	0	1	0	0	
0	0	0	1	6	0	0	0	1	0	62	155	161	46	0	2	0	0	99	26	118	83	0	3	0	2	0	84	138	0	1	0	2	0	40	161	8	0	2	0	4	0	125	100	0	100	45	0	1	0	26	134	171	100	0	0	0	0	0	1	4	0	0	0	
0	0	0	0	0	0	0	0	0	0	2	0	74	145	35	0	0	1	0	25	172	110	155	0	0	2	0	21	198	157	49	0	1	0	30	183	187	21	0	1	0	21	166	198	80	0	5	0	0	48	198	140	10	0	0	0	0	0	49	20	0	1	0	0	
0	0	0	0	0	0	0	0	0	13	64	99	46	0	1	0	0	94	94	53	133	25	0	1	0	0	63	127	171	17	0	1	0	5	127	60	42	89	80	0	2	0	96	107	52	124	140	0	0	0	5	62	104	69	3	0	0	0	1	0	0	0	1	0	
0	0	0	0	0	0	0	0	0	0	3	0	132	151	84	0	0	2	0	17	233	255	108	0	1	0	9	184	141	160	47	0	0	0	184	126	27	192	5	0	0	106	205	86	229	75	0	3	0	76	205	175	60	0	2	0	0	0	1	0	0	2	0	0	
0	0	1	2	0	27	42	0	0	1	0	7	119	126	65	0	1	0	11	133	74	0	1	0	1	0	133	63	0	12	3	0	0	66	103	0	101	185	64	0	0	78	130	165	184	88	9	0	1	0	101	120	27	0	0	0	0	0	0	0	0	2	1	0	
0	0	0	3	0	78	40	0	0	0	4	0	84	180	26	0	0	2	0	78	174	7	0	1	2	0	54	185	27	13	0	1	0	3	164	64	157	180	15	0	0	5	141	202	200	162	17	0	1	0	17	73	67	15	0	1	0	0	1	0	0	1	1	0	
0	0	0	2	1	0	0	0	0	0	4	0	68	71	0	2	0	2	0	42	220	93	0	4	2	0	72	169	138	133	36	1	0	39	242	161	198	115	21	0	0	13	35	0	136	48	0	2	0	0	2	0	114	30	0	1	0	0	2	0	14	3	0	0	
0	0	0	0	2	1	0	0	0	0	0	3	0	88	54	0	0	0	3	0	61	236	51	0	0	1	0	23	213	59	0	2	0	1	0	178	106	0	4	0	3	0	141	157	0	4	0	0	0	48	164	3	1	1	0	0	0	21	19	0	1	0	0	0	
0	0	0	12	8	0	0	0	1	0	29	101	108	36	0	2	0	0	0	16	150	38	0	2	1	0	8	142	167	20	0	1	0	0	6	0	79	107	0	4	0	15	39	3	156	51	0	2	0	8	117	154	88	0	2	0	0	0	5	7	0	1	0	0	
0	0	1	2	0	0	1	0	0	1	3	0	78	191	17	0	0	1	0	147	246	236	71	0	1	0	176	223	14	119	155	0	0	57	212	8	0	209	111	0	0	83	230	76	179	239	22	0	0	4	130	222	202	59	0	2	0	0	0	0	0	1	1	0	
0	0	1	0	5	0	0	0	1	0	41	123	83	71	0	3	0	22	121	9	117	45	0	2	0	26	114	97	107	0	3	0	1	0	21	150	125	63	0	2	0	3	0	86	61	116	49	0	0	1	0	14	88	124	88	0	0	0	0	0	2	11	0	0	
0	1	3	0	0	0	2	0	0	2	0	5	102	55	0	2	0	3	142	249	231	236	78	0	0	134	255	145	0	100	190	0	0	164	35	0	0	82	206	0	0	172	99	71	150	244	96	0	0	68	209	215	168	54	0	1	0	0	0	0	0	0	2	0	
0	0	1	0	0	1	0	0	0	0	12	50	0	53	29	0	2	0	67	138	0	172	44	0	2	0	157	55	18	177	2	0	0	47	225	117	180	130	0	4	0	18	105	31	150	81	0	3	0	0	0	5	176	25	0	1	0	1	3	7	33	1	0	0	
0	0	0	2	0	29	11	0	0	0	3	0	32	170	13	0	0	2	0	26	189	56	0	2	2	0	50	201	119	12	0	1	0	29	193	133	209	173	0	3	0	17	171	235	216	81	0	3	1	0	34	98	38	0	1	0	0	1	1	0	0	2	0	0	
0	0	0	2	0	0	0	0	0	0	1	0	130	106	0	1	0	3	0	96	145	170	66	0	3	0	88	151	0	96	114	0	0	46	161	6	0	122	87	0	0	108	83	0	81	159	0	0	0	63	134	98	141	16	0	1	0	0	42	32	0	1	1	0	
0	1	0	15	19	0	2	0	0	1	0	29	187	52	0	2	0	0	1	0	39	183	37	0	1	0	84	174	125	205	75	0	0	69	255	252	255	201	2	0	0	36	156	103	20	191	31	0	0	0	0	0	1	97	11	0	0	1	4	4	2	0	0	0	
0	0	0	4	8	1	0	0	3	0	69	194	175	126	0	3	3	0	76	79	0	182	36	0	0	1	3	0	18	215	39	0	0	0	1	0	158	133	0	3	0	17	126	194	241	104	47	0	0	66	230	134	61	89	47	0	0	0	0	0	0	0	0	0	
0	0	0	0	1	0	0	0	0	0	2	0	44	172	1	0	0	0	3	0	175	170	0	3	0	2	0	61	231	28	0	2	1	0	0	206	150	0	3	0	4	0	137	239	18	0	1	0	1	0	168	79	0	2	0	0	0	0	0	1	1	0	0	0	
0	1	0	0	2	0	0	0	0	0	2	1	1	80	7	0	0	20	8	5	113	173	0	1	0	100	136	107	166	138	0	4	0	16	69	4	168	94	0	3	0	2	0	54	222	14	0	1	0	4	0	103	129	0	3	0	0	0	0	13	7	0	0	0	
0	0	0	0	1	0	0	0	0	0	0	0	7	137	17	0	0	0	5	0	115	188	0	1	0	3	0	45	237	54	0	3	1	0	15	219	121	0	3	0	0	1	206	147	0	3	0	0	0	29	143	0	2	0	0	0	0	0	0	2	0	0	0	0	
0	0	1	1	0	0	0	0	0	1	0	36	61	0	0	0	2	0	37	216	172	35	0	2	4	0	161	88	135	97	0	3	3	0	146	180	218	48	0	2	1	0	9	69	206	48	0	2	0	0	4	0	156	95	0	3	0	0	2	0	46	50	0	2	
0	0	0	0	0	0	0	0	1	0	21	170	141	79	5	0	0	0	1	44	88	215	62	0	0	0	6	169	234	134	0	2	0	0	3	19	54	142	0	3	0	110	162	68	186	76	0	3	0	51	210	184	69	0	1	0	0	0	0	0	0	1	0	0	
0	0	0	1	1	0	1	0	3	0	58	212	162	91	0	0	2	0	55	231	146	255	108	0	1	0	4	179	255	200	12	0	0	0	184	227	85	208	59	0	0	34	255	109	83	255	92	0	0	6	88	168	180	71	0	0	0	0	0	0	0	0	1	0	
0	0	0	2	0	0	0	0	0	0	13	2	0	0	0	0	2	0	59	72	0	4	3	0	0	19	111	148	4	0	1	4	0	35	119	116	106	84	120	57	0	0	0	0	50	89	59	3	0	1	4	2	0	0	0	0	0	0	0	0	2	3	2	0	
0	0	0	0	0	0	0	0	1	0	31	113	130	45	0	2	2	0	161	84	58	125	3	0	3	0	113	78	0	13	2	0	1	0	5	181	149	0	0	0	0	3	0	147	198	103	0	2	0	2	0	49	111	200	48	0	0	0	0	0	5	37	9	0	
0	0	2	1	0	1	0	0	0	1	0	36	23	0	1	0	2	0	43	240	231	159	2	0	4	0	104	138	94	201	0	0	0	0	2	0	169	100	0	3	0	3	0	118	194	0	1	0	2	0	34	233	36	0	2	0	1	0	25	66	0	2	0	0	
0	1	0	22	34	0	1	0	0	2	0	45	143	75	0	2	0	1	1	0	16	157	9	0	0	0	27	15	0	147	24	0	0	47	115	107	84	128	0	2	0	122	51	117	227	14	0	1	0	17	112	81	53	4	0	0	0	0	0	0	0	1	0	0	
0	0	1	3	0	0	0	0	0	0	1	0	8	6	5	0	1	0	18	171	190	228	145	0	4	0	153	183	99	229	37	0	1	0	39	37	214	53	0	2	0	3	0	173	118	0	5	0	3	0	93	191	0	2	0	0	3	0	120	55	0	2	0	0	
0	0	0	0	0	0	0	0	1	0	22	12	24	44	0	1	3	0	96	36	63	100	0	4	1	0	97	0	95	122	23	0	0	2	154	124	179	123	21	0	1	0	32	37	129	3	0	0	0	1	0	17	129	1	1	0	0	0	1	1	17	1	0	0	
0	0	0	1	0	0	0	0	0	0	2	0	69	165	10	0	0	2	0	37	176	136	91	0	0	4	0	104	132	174	38	0	1	0	63	200	191	55	0	2	0	96	183	140	5	0	1	0	0	84	123	94	0	4	0	0	0	0	16	5	0	0	0	0	
0	0	0	0	0	0	0	0	0	0	1	0	64	22	0	1	0	0	3	0	162	69	0	3	0	1	0	22	175	6	0	1	0	2	0	71	108	0	3	0	0	2	0	120	43	0	1	0	0	0	5	161	14	0	1	0	0	0	1	15	0	0	0	0	
0	0	0	0	0	0	0	0	0	0	2	0	70	173	16	0	0	0	5	0	132	127	110	0	0	1	0	29	220	188	55	0	2	0	59	215	168	10	0	1	0	22	176	161	79	0	5	0	0	5	136	160	14	0	1	0	0	0	5	4	0	0	0	0	
0	0	1	3	2	1	0	0	0	0	0	0	0	1	2	0	0	0	16	55	72	84	7	0	3	0	73	154	61	47	37	5	0	63	137	37	51	84	100	15	0	73	25	17	76	22	0	0	0	0	1	3	0	0	1	1	0	2	1	0	2	1	0	0	
0	0	2	0	0	0	1	0	0	0	0	27	66	52	0	1	2	0	133	239	191	188	30	0	0	5	154	50	0	183	85	0	0	1	0	0	177	207	0	0	0	1	0	175	215	16	0	1	3	0	86	216	10	0	2	0	2	0	62	42	0	3	0	0	
0	0	1	1	4	3	0	0	0	1	0	22	153	63	0	1	0	1	0	143	69	0	2	0	3	0	62	193	25	0	1	0	4	0	103	116	95	70	0	2	2	0	55	109	0	151	7	0	0	1	0	82	121	71	0	1	0	0	1	1	8	0	0	0	
0	0	1	2	0	0	1	0	0	1	3	0	141	221	38	0	1	0	4	166	254	252	158	0	1	0	173	245	28	91	206	0	0	93	240	17	40	246	103	0	0	98	243	179	255	199	9	0	0	4	140	229	147	10	0	1	0	0	0	0	0	2	1	0	
0	3	4	3	3	4	1	0	0	0	0	0	0	0	0	0	1	135	135	67	73	112	17	0	10	74	82	138	141	226	46	0	0	0	2	0	48	174	0	0	0	2	6	0	151	82	0	3	0	2	0	45	165	0	1	0	0	3	0	127	84	0	3	0	
0	0	0	0	0	0	0	0	0	1	1	120	190	132	0	0	0	0	0	91	58	161	79	0	0	4	93	61	0	111	83	0	0	125	211	195	239	156	0	2	0	131	197	167	180	196	57	0	0	15	86	37	0	79	140	9	0	0	0	0	3	0	0	0	
0	0	1	0	0	0	1	0	0	1	0	66	142	54	0	2	3	0	141	166	167	143	1	3	0	49	198	0	18	210	121	0	0	41	188	36	142	219	17	0	2	0	105	158	238	112	0	4	0	1	0	0	190	45	0	2	0	0	2	4	32	4	0	0	
0	0	2	1	0	0	0	0	0	3	0	40	129	187	78	0	2	0	39	233	223	114	169	15	0	10	214	188	0	0	192	51	0	131	255	28	4	162	207	0	0	135	255	179	239	230	50	0	0	17	122	146	79	6	0	1	0	0	0	0	0	1	2	0	
0	0	1	0	22	62	0	0	0	1	0	29	171	67	0	2	1	0	0	193	100	0	3	0	3	0	78	199	0	1	0	0	4	0	141	218	182	137	10	0	3	0	80	249	240	255	100	0	0	1	0	46	71	34	7	0	0	0	1	0	0	0	0	0	
0	0	0	0	1	2	0	0	0	2	0	31	187	186	54	0	0	3	0	32	77	104	193	0	0	3	0	72	224	218	88	0	0	29	13	0	49	142	0	3	0	212	246	105	141	96	0	3	0	103	215	218	110	0	0	0	0	0	0	0	0	1	0	0	
0	0	0	0	0	0	0	0	1	0	45	90	118	31	0	1	0	13	136	22	134	49	0	2	1	0	45	104	125	0	1	0	0	2	0	40	165	54	0	2	0	3	0	84	58	131	5	0	0	2	0	61	170	121	0	0	0	0	0	1	51	16	0	1	
0	0	0	0	2	1	0	0	0	0	0	4	0	66	148	0	0	0	3	0	44	246	126	0	0	3	0	41	247	158	0	2	2	0	26	230	187	7	0	1	0	20	222	188	0	2	1	0	0	131	197	12	0	2	0	0	1	7	0	1	1	0	0	0	
0	0	0	0	0	0	0	0	0	0	1	0	81	27	0	1	0	0	0	0	170	30	0	1	0	1	0	29	167	0	0	0	0	3	0	80	124	0	3	0	0	4	0	138	75	0	3	0	0	2	0	141	34	0	1	0	0	0	0	20	4	0	0	0	
0	0	0	7	34	3	0	0	0	1	0	22	168	163	65	0	0	1	3	3	9	173	142	0	1	0	15	164	239	177	4	0	0	116	180	68	57	155	0	2	0	177	255	238	211	113	0	3	0	40	118	121	69	2	0	0	0	0	0	0	0	1	0	0	
0	0	0	0	0	0	0	0	0	1	0	13	78	6	0	0	0	4	0	130	236	0	0	1	0	4	0	145	232	0	0	1	0	4	0	140	235	3	0	1	0	4	0	142	249	11	0	1	0	3	0	132	121	0	2	0	0	0	0	12	2	0	0	0	
0	0	2	2	0	0	0	0	0	0	0	1	19	11	6	0	2	0	68	214	188	222	122	0	0	19	211	94	30	220	42	0	0	13	24	0	175	93	0	3	0	2	0	150	130	0	4	0	3	0	96	155	0	3	0	0	0	0	141	33	0	2	0	0	
0	1	0	0	1	0	0	0	0	0	26	85	37	0	1	0	0	91	190	150	175	14	0	1	0	25	14	0	168	42	0	2	0	1	0	19	218	118	6	0	0	2	0	159	184	160	182	22	1	0	12	159	20	0	24	3	0	0	0	0	3	3	0	0	
0	0	0	1	0	23	39	0	0	0	1	0	108	162	140	8	0	4	0	32	147	29	132	1	0	0	6	6	0	154	92	0	0	75	195	205	197	117	0	2	0	210	242	190	177	12	0	1	0	50	54	0	35	17	0	0	0	0	0	2	1	0	0	0	
0	0	1	3	0	0	0	0	0	0	0	0	30	40	25	4	1	0	17	135	167	144	125	29	0	24	214	233	52	0	2	0	0	6	29	41	156	65	0	3	0	10	8	0	105	130	0	4	0	31	127	140	154	19	0	1	0	0	21	22	1	0	0	0	
0	0	0	0	1	1	1	0	0	0	2	4	0	49	107	0	0	0	1	0	0	155	47	0	1	0	50	62	104	125	0	3	0	36	196	205	208	102	0	0	0	12	7	129	45	0	2	0	2	0	42	73	0	3	0	0	0	0	2	2	1	0	0	0	
0	0	0	1	1	0	0	0	0	19	31	0	19	37	0	1	0	88	223	175	216	135	0	4	0	0	5	10	175	91	0	2	0	0	130	149	217	172	60	0	0	6	92	43	194	49	0	2	0	0	3	0	175	145	0	4	0	0	5	0	45	75	0	2	
0	0	2	3	0	1	2	0	0	0	1	0	9	9	0	0	2	0	59	193	210	202	59	0	0	0	208	165	105	220	127	0	0	12	201	201	220	224	16	0	0	0	7	23	202	101	0	3	0	1	0	161	147	0	3	0	2	0	37	149	2	1	0	0	
0	0	0	0	10	23	0	1	0	0	2	0	122	90	0	3	0	2	0	61	144	0	1	0	0	2	0	168	55	0	2	0	2	0	45	165	126	8	0	0	2	0	47	153	143	1	0	0	0	1	0	105	54	0	2	0	0	0	0	0	1	0	0	0	
0	0	0	2	1	2	0	0	0	0	3	0	62	16	0	0	0	2	0	63	139	75	21	0	1	0	65	202	117	193	4	0	0	1	176	202	229	113	2	0	0	2	0	147	79	0	3	0	2	0	46	126	0	5	0	0	1	0	16	11	0	0	0	0	
