500	64	10
0	0	0	15	50	0	1	0	0	2	0	67	99	0	3	0	0	3	0	100	41	0	1	0	0	0	0	141	77	17	0	1	1	0	29	176	84	127	0	2	2	0	52	133	72	86	0	2	0	0	4	64	59	1	0	0	0	0	0	0	0	2	0	0	
0	0	0	0	96	36	0	1	0	2	0	107	254	118	0	4	0	2	0	63	28	103	3	0	0	0	6	29	36	102	0	0	0	27	160	189	254	174	0	3	0	102	240	186	198	187	60	0	0	13	77	56	3	13	24	0	0	0	0	0	1	1	0	0	
0	0	0	0	0	0	0	0	0	2	0	50	49	0	2	0	0	3	0	93	60	0	2	0	0	3	0	111	93	0	3	0	0	3	0	84	153	0	4	0	0	1	0	26	152	6	0	1	0	0	2	0	57	30	0	1	0	0	0	1	1	0	0	0	
0	0	1	1	0	0	0	0	0	1	0	35	59	50	106	7	1	0	2	182	227	187	177	27	4	0	106	225	73	4	0	0	0	1	16	66	133	67	0	3	0	113	205	0	109	75	0	3	0	56	204	213	164	3	0	1	0	0	0	6	2	0	0	0	
0	0	2	1	0	27	31	0	0	2	0	27	143	244	212	5	2	0	69	252	193	49	107	9	0	21	238	129	0	2	0	0	0	140	217	0	83	197	174	4	0	81	248	210	254	255	142	0	1	0	79	158	142	59	0	1	0	1	0	0	0	0	2	0	
0	0	1	0	25	36	0	1	0	0	2	0	163	77	0	3	0	2	0	145	123	0	2	0	3	0	71	140	39	85	8	0	1	0	202	178	100	103	60	0	2	0	167	244	154	135	23	0	0	0	4	48	83	36	0	1	0	0	1	0	0	0	0	0	
0	0	1	0	0	0	2	0	3	0	105	195	127	38	0	1	0	1	10	48	119	212	84	0	1	0	15	62	17	53	179	0	0	91	195	161	180	192	127	0	0	184	92	10	179	233	17	0	0	58	167	176	105	8	0	1	0	0	0	0	0	1	1	0	
0	0	1	0	1	1	0	0	0	0	4	14	0	60	23	0	2	0	55	108	1	152	10	0	0	4	161	22	75	84	0	2	0	43	194	121	207	147	58	0	0	3	0	73	106	0	2	0	0	1	0	96	25	0	1	0	0	0	3	22	1	1	0	0	
0	3	4	3	4	1	0	0	0	0	0	0	0	0	0	0	0	87	167	174	185	44	0	2	0	102	153	102	179	106	0	4	0	0	4	0	119	111	0	4	0	3	8	0	161	97	0	4	0	0	0	2	192	41	0	2	0	1	0	12	175	13	0	1	
0	0	1	1	0	0	0	0	0	1	0	21	59	12	0	1	1	0	7	95	118	99	0	3	1	0	40	30	118	91	0	3	3	0	78	141	176	27	0	1	0	0	0	34	131	0	2	0	0	3	0	99	105	0	3	0	0	1	0	40	26	0	1	0	
0	0	0	1	3	3	0	0	0	17	21	0	0	0	0	0	0	69	152	138	134	69	0	1	0	0	2	14	46	183	9	0	0	1	4	0	82	147	0	3	0	1	0	20	185	30	0	1	0	3	0	132	106	0	3	0	0	2	0	101	23	0	1	0	
0	0	1	0	32	38	0	1	0	3	0	81	204	151	25	0	0	1	0	51	15	95	47	0	0	14	87	52	21	126	3	0	0	137	133	137	251	103	0	4	0	143	104	144	104	156	77	0	0	21	122	68	0	20	43	0	0	0	0	0	3	1	0	0	
0	1	0	1	1	0	0	0	1	0	153	76	77	107	0	3	0	102	188	5	181	95	0	3	0	116	172	175	199	0	0	1	1	0	120	221	158	163	28	0	2	0	50	196	12	131	172	0	0	2	0	107	192	178	76	0	0	0	0	0	2	2	0	0	
0	0	2	4	2	2	0	0	0	0	0	0	0	0	0	0	1	0	60	172	176	65	0	3	1	0	139	132	42	132	5	0	0	0	2	0	45	137	0	2	0	0	5	0	125	63	0	2	0	1	0	30	129	0	2	0	0	3	0	92	93	0	3	0	
0	0	0	0	0	0	0	0	0	2	0	76	127	34	0	1	0	1	0	35	49	166	32	0	0	0	0	3	78	110	8	0	1	0	33	116	56	2	0	0	2	0	38	117	8	0	1	0	0	58	71	148	52	0	2	0	0	34	61	17	0	1	0	0	
0	0	1	1	0	1	0	0	0	1	0	11	8	67	4	0	0	0	1	140	57	137	0	2	2	0	150	133	91	143	0	2	0	10	187	185	234	203	79	0	0	2	0	59	135	0	3	0	0	3	0	99	70	0	3	0	0	0	0	16	6	0	0	0	
0	0	0	0	0	1	0	0	1	0	18	157	152	36	0	2	2	0	50	99	54	124	0	3	0	0	2	0	22	134	0	2	0	0	5	46	89	107	0	3	3	0	112	164	201	61	0	3	0	0	126	102	41	8	0	0	0	0	3	7	0	0	0	0	
0	0	2	0	0	1	0	0	0	0	0	9	31	7	0	0	2	0	88	154	167	150	0	0	0	22	124	0	65	181	0	0	0	10	128	118	229	67	0	3	1	0	12	75	163	1	0	0	0	3	0	80	110	0	3	0	0	2	0	106	38	0	1	0	
0	0	0	1	0	0	0	0	0	1	0	12	70	20	0	1	1	0	10	84	50	39	0	1	1	0	17	113	107	82	0	3	0	1	0	10	155	31	0	1	0	1	0	23	104	0	2	0	0	3	0	88	82	0	3	0	0	1	0	46	20	0	1	0	
0	0	0	0	0	0	0	0	0	0	0	74	40	38	89	61	0	3	0	130	138	118	64	10	0	0	0	148	56	0	1	0	0	5	45	8	108	66	0	3	1	0	181	176	127	74	0	3	1	0	13	133	98	0	1	0	0	0	1	0	0	1	0	0	
0	0	0	0	0	0	0	0	0	2	0	84	41	0	1	0	0	4	0	123	86	0	3	0	0	3	0	79	110	0	3	0	0	1	0	34	132	0	2	0	0	1	0	26	175	0	0	0	0	1	0	13	135	4	0	0	0	0	0	0	1	1	0	0	
0	0	0	1	1	0	0	0	0	0	3	0	35	197	47	0	0	2	0	35	162	148	56	0	1	0	33	159	23	67	25	0	0	0	132	31	20	119	0	1	0	54	104	40	176	47	0	5	0	35	192	167	74	0	3	1	0	0	2	1	1	1	0	0	
0	0	0	4	2	0	0	0	0	1	0	98	165	6	0	1	0	2	0	49	99	0	3	0	0	0	0	11	74	2	0	0	0	0	3	0	84	54	0	2	1	0	18	36	152	42	0	2	1	0	18	151	108	0	1	0	0	0	0	0	0	0	0	0	
0	0	0	0	7	5	0	0	0	2	0	69	229	59	0	3	0	2	0	133	199	53	0	3	0	0	55	36	85	5	0	0	0	44	111	215	186	35	102	23	0	112	154	88	113	205	110	4	0	20	91	10	0	3	0	0	0	0	0	2	3	1	3	0	
0	0	0	0	0	2	0	0	2	0	96	29	0	1	0	0	4	0	155	74	0	53	4	0	1	0	183	57	98	192	0	1	1	0	145	196	188	160	0	3	0	0	5	5	63	148	0	3	0	0	3	0	43	133	0	1	0	0	0	1	0	0	0	0	
0	0	0	1	40	49	0	0	0	2	0	86	145	121	24	0	0	0	0	17	0	67	15	0	0	0	40	49	36	86	0	2	0	41	82	72	215	158	0	1	0	39	135	100	92	52	19	0	1	0	100	123	0	0	0	0	0	1	0	0	2	3	1	0	
0	0	0	2	0	0	0	0	0	0	3	0	12	23	19	5	0	2	0	93	154	126	103	50	2	0	75	161	64	0	2	0	3	0	138	139	10	0	2	0	0	1	0	163	158	0	3	0	0	4	104	143	33	0	1	0	0	6	54	7	0	0	0	0	
0	0	0	0	0	0	0	0	0	0	0	108	99	0	0	0	1	0	20	97	108	12	0	0	0	2	0	49	125	6	0	1	0	2	0	72	93	88	0	1	0	0	6	0	40	77	0	2	1	0	13	143	138	17	0	1	0	1	0	34	21	0	1	0	
0	1	2	0	0	0	2	0	0	3	0	128	231	84	0	3	0	0	167	193	136	249	78	0	0	119	205	2	0	127	214	0	0	204	105	0	0	119	183	0	0	130	237	96	94	225	47	0	0	2	95	170	168	66	0	2	0	1	0	0	0	0	1	0	
0	0	0	1	1	92	14	0	0	0	4	0	114	154	0	0	0	2	0	73	138	0	0	0	1	0	30	159	60	28	2	0	1	0	163	140	69	154	48	0	0	13	227	156	66	144	26	0	1	0	21	84	86	38	0	1	0	0	0	0	0	0	1	0	
0	0	2	0	0	0	0	0	0	1	0	14	35	4	0	0	1	0	85	137	108	136	0	1	0	78	117	0	88	159	0	3	0	52	136	110	191	99	0	4	1	0	25	21	102	58	0	2	0	1	3	0	132	36	0	1	0	0	2	0	90	25	0	1	
0	0	0	0	0	0	0	0	0	0	1	0	68	13	0	0	0	0	0	1	134	11	0	0	0	1	0	45	118	0	3	0	0	3	0	89	68	0	2	0	0	1	0	112	19	0	1	0	1	0	26	104	0	2	0	0	0	0	8	17	0	0	0	0	
0	0	0	0	0	0	0	0	0	2	0	43	65	0	2	0	0	3	0	89	187	0	3	0	0	3	0	73	177	0	2	0	0	3	0	88	163	0	3	0	0	3	0	90	134	0	4	0	0	3	0	80	129	0	4	0	0	0	0	8	19	0	1	0	
0	0	1	1	0	0	0	0	0	0	0	3	38	74	9	0	1	0	16	124	108	169	93	0	3	0	88	125	39	135	31	0	1	0	1	196	213	19	0	1	1	0	28	51	93	35	0	1	3	0	66	129	100	15	0	1	1	0	23	122	42	0	1	0	
0	0	0	0	0	0	0	0	0	1	0	60	47	0	1	0	2	0	49	188	145	4	0	0	2	0	45	148	181	57	0	2	0	0	1	0	160	68	0	3	0	0	0	12	170	13	0	1	0	3	0	79	148	0	3	0	0	1	0	36	44	0	1	0	
0	0	0	0	35	38	0	1	0	3	0	93	221	154	0	1	0	2	0	27	45	81	0	1	0	2	0	50	207	87	0	3	0	46	29	16	35	119	1	0	0	108	223	117	89	111	0	2	1	0	43	137	157	35	0	2	0	1	0	0	0	1	0	0	
0	1	1	0	0	0	0	0	0	0	3	18	104	164	89	0	0	36	109	110	156	7	146	51	0	116	81	0	23	0	123	34	0	135	49	0	0	80	134	0	0	116	144	16	103	159	17	0	0	9	132	164	114	17	0	1	0	1	0	0	0	2	1	0	
0	0	1	0	1	3	1	0	0	1	0	67	115	152	87	0	2	0	43	109	21	146	26	0	3	0	85	91	122	61	0	2	3	0	58	255	91	0	4	0	0	8	146	93	157	3	0	1	0	1	86	159	165	5	0	1	0	0	0	3	2	0	0	0	
0	0	0	0	0	0	0	0	0	9	75	120	48	0	1	0	0	83	146	199	113	0	5	0	2	0	62	224	160	55	0	1	0	0	3	16	69	179	74	0	0	1	2	3	0	104	124	0	0	4	117	47	87	187	27	0	1	0	40	49	57	25	0	1	
0	0	1	0	19	5	0	0	0	1	0	17	207	124	0	2	0	1	0	185	107	76	15	0	3	0	87	176	0	118	24	0	0	0	160	38	0	157	21	0	0	12	184	107	136	140	0	4	1	0	77	161	158	42	0	4	0	0	0	0	0	0	0	0	
0	0	0	1	2	0	0	0	0	0	3	0	3	82	125	45	0	1	0	14	101	108	45	8	2	0	85	177	70	0	1	0	0	0	123	144	96	0	3	0	0	28	115	80	147	4	0	0	0	0	61	135	54	0	1	0	0	0	0	0	0	0	0	0	
0	0	0	0	0	0	0	0	2	0	75	176	113	47	0	2	2	0	110	111	94	155	0	2	0	1	0	32	169	76	0	2	0	1	0	116	149	77	0	3	0	1	40	12	105	95	0	3	1	0	130	207	151	8	0	1	0	0	0	1	0	0	0	0	
0	0	0	0	0	0	0	0	0	1	0	34	81	0	2	0	0	2	0	48	133	0	3	0	0	2	0	56	123	0	3	0	0	2	0	57	122	0	3	0	0	2	0	62	143	0	3	0	0	2	0	53	101	0	3	0	0	0	0	0	0	0	0	0	
0	0	1	1	0	0	0	0	0	0	0	5	1	3	19	8	1	0	8	148	154	163	172	49	3	0	103	149	22	12	5	0	0	0	5	51	113	15	0	1	0	54	130	75	167	41	0	2	0	14	100	117	42	0	1	0	0	0	0	0	0	0	0	0	
0	0	0	0	0	0	0	0	0	0	2	88	125	60	0	1	1	0	18	163	43	165	38	0	0	1	0	152	202	119	0	0	2	0	120	114	95	107	0	3	0	40	137	0	53	153	0	0	0	40	161	133	119	19	0	1	0	0	45	39	0	0	0	0	
0	0	2	0	0	0	0	0	0	1	0	80	163	110	7	0	2	0	85	143	26	116	118	0	0	50	133	0	0	11	105	0	0	114	18	0	0	83	87	0	0	136	111	63	61	175	14	0	0	17	89	117	134	44	0	2	0	0	0	0	0	1	1	0	
0	0	0	0	0	0	0	0	0	2	0	44	88	0	2	0	0	3	0	75	94	0	3	0	0	3	0	82	68	0	2	0	0	3	0	81	96	0	3	0	0	2	0	62	147	0	3	0	0	1	0	15	101	0	1	0	0	0	0	0	0	0	0	0	
0	0	2	2	0	1	1	0	0	2	0	21	61	16	0	0	2	0	50	184	131	175	60	0	0	25	158	60	0	30	135	1	0	84	25	0	0	15	106	1	0	48	37	15	15	154	53	0	0	11	104	134	156	68	0	2	0	1	0	6	6	0	1	0	
0	0	2	2	39	27	0	1	0	2	0	22	67	79	58	0	0	0	49	23	0	0	103	34	0	72	130	9	3	0	82	58	0	140	69	0	0	43	144	18	0	43	156	143	133	128	31	0	0	0	7	26	14	0	1	1	0	2	1	0	0	2	2	0	
0	0	1	0	53	13	0	0	0	0	0	11	170	18	0	1	0	3	0	113	128	0	2	0	2	0	56	244	178	125	35	0	1	0	200	145	0	81	87	0	0	21	216	99	86	128	11	0	0	9	25	38	90	35	0	1	0	0	0	0	0	1	1	0	
0	0	3	1	0	0	0	0	0	1	0	23	120	81	0	1	1	0	128	201	135	183	0	1	0	0	79	153	219	56	0	2	0	2	0	128	201	49	0	2	3	0	78	127	82	93	0	3	2	0	40	192	177	22	0	1	0	1	0	41	26	0	1	0	
0	0	0	0	1	0	0	0	0	0	2	0	59	59	0	2	0	0	3	0	155	77	0	3	0	1	0	39	147	0	2	0	0	3	0	122	90	0	3	0	1	0	19	146	3	0	0	0	3	0	73	102	0	3	0	0	1	0	18	11	0	0	0	0	
0	0	0	1	1	3	1	0	1	15	8	0	0	0	0	0	0	143	132	103	95	96	20	0	0	96	54	1	1	160	53	0	0	21	22	0	31	139	0	1	0	0	3	0	83	105	0	4	0	1	4	0	121	76	0	3	0	0	3	0	87	63	0	2	
0	1	0	24	63	0	2	0	1	0	19	173	70	0	4	0	0	0	149	75	0	14	3	0	0	67	86	0	27	182	120	0	0	80	114	43	141	63	148	12	1	0	170	222	139	123	68	0	1	0	29	8	5	3	0	0	0	1	1	0	0	1	3	0	
0	1	0	19	49	0	1	0	0	3	0	113	102	0	3	0	0	0	1	148	16	0	1	0	2	0	52	219	143	38	0	2	3	0	82	147	34	140	2	0	2	0	33	167	118	166	0	0	0	1	0	62	99	30	0	1	0	0	0	0	0	0	0	0	
0	0	1	1	0	1	0	0	0	0	0	10	22	0	0	0	2	0	35	132	156	51	0	2	1	0	98	13	41	144	0	2	1	0	87	100	134	96	0	3	0	0	2	3	92	14	0	1	0	1	0	41	86	0	2	0	0	2	0	59	32	0	1	0	
0	0	0	0	1	0	0	0	0	0	3	0	78	50	0	2	0	0	0	0	141	25	0	1	0	2	0	49	132	0	3	0	0	3	0	91	91	0	3	0	0	3	0	137	52	0	2	0	0	1	0	109	17	0	1	0	0	0	0	0	0	0	0	0	
0	0	2	1	0	0	2	1	0	1	0	34	97	118	121	0	2	0	29	178	133	104	29	0	3	0	154	203	67	2	0	0	0	1	0	20	129	108	0	3	0	25	87	33	140	86	0	3	0	57	227	203	101	0	1	0	0	0	0	0	0	1	0	0	
0	0	0	0	0	0	0	0	0	0	0	0	80	4	0	0	0	0	0	7	124	3	0	0	0	1	0	37	114	0	3	0	0	3	0	87	83	0	3	0	0	2	0	128	37	0	1	0	0	0	13	97	0	1	0	0	0	0	0	1	0	0	0	0	
0	0	1	37	11	12	1	0	2	0	105	140	12	92	21	0	0	0	19	0	69	99	0	2	0	2	0	74	170	88	24	0	0	6	8	1	0	84	93	0	0	65	192	104	95	117	8	0	0	2	65	140	114	5	0	1	0	0	0	0	0	1	1	0	
0	0	0	1	0	0	0	0	0	0	0	7	68	8	0	0	0	3	0	119	173	59	0	2	1	0	23	123	5	14	0	0	2	0	53	106	142	48	0	2	0	0	2	126	165	0	1	0	0	1	0	29	71	0	2	0	0	0	0	11	18	0	1	0	
0	0	1	0	1	2	0	0	0	0	0	18	13	0	0	0	1	0	13	147	126	27	0	1	3	0	72	40	25	142	6	0	3	0	81	172	170	121	0	3	0	0	9	29	126	37	0	1	0	1	0	22	108	0	1	0	0	1	0	38	44	0	2	0	
0	0	1	0	18	11	0	0	0	0	0	0	171	41	0	2	0	2	0	64	146	0	3	0	0	3	0	134	108	0	3	0	1	0	30	191	173	65	0	3	1	0	7	173	170	39	0	2	0	2	0	99	94	0	2	0	0	0	0	0	0	1	0	0	
0	0	0	0	0	1	0	0	0	0	3	13	0	36	43	0	0	0	12	50	0	102	45	0	1	0	134	102	82	155	0	1	1	0	89	145	220	103	10	0	0	2	0	60	111	0	3	0	0	2	0	106	30	0	1	0	0	0	0	17	2	0	0	0	
0	0	1	1	0	0	0	0	0	1	0	7	107	107	3	0	0	0	6	132	116	163	4	0	3	0	97	88	0	124	0	0	0	7	125	5	12	101	0	1	0	37	119	0	38	89	0	3	0	0	123	100	118	34	0	2	1	0	14	64	31	0	1	0	
0	0	1	3	3	4	2	0	0	0	1	0	0	0	5	11	1	0	6	121	127	113	157	63	2	0	110	105	55	76	41	0	0	1	13	0	26	13	0	1	0	50	145	84	128	20	0	1	0	0	100	137	29	0	1	0	0	0	0	0	0	0	0	0	
0	1	0	32	34	0	1	0	0	2	0	126	49	0	3	0	1	0	34	128	0	21	0	0	2	0	58	115	94	130	41	0	3	0	53	178	48	64	93	0	2	0	33	190	144	102	15	0	0	0	0	58	58	5	0	0	0	0	0	0	0	1	1	0	
0	0	1	0	4	2	1	0	0	0	1	71	106	61	1	3	0	0	84	26	0	20	102	22	0	0	141	67	55	167	98	0	2	0	43	223	186	38	0	1	2	0	83	28	80	24	0	1	2	0	67	99	87	7	0	0	0	0	3	15	4	0	0	0	
0	1	0	0	1	1	0	0	0	32	147	157	46	0	2	0	0	2	18	40	167	28	0	2	0	0	0	0	180	34	0	1	0	2	0	121	111	0	57	29	2	0	39	201	77	143	112	9	1	0	13	115	104	39	0	1	0	0	0	0	0	0	2	1	
0	0	2	0	52	15	0	1	0	2	0	53	160	2	0	0	1	0	19	173	38	0	2	0	2	0	92	37	44	141	0	0	0	14	134	138	225	176	14	0	2	0	146	255	234	115	0	1	0	0	5	61	30	0	1	0	0	0	1	0	0	2	0	0	
0	0	0	0	0	0	0	0	0	1	0	67	77	0	1	0	0	0	4	105	101	12	0	0	0	2	0	56	135	0	0	0	0	3	0	114	160	0	2	0	0	0	3	110	110	6	0	0	0	1	0	91	130	0	1	0	0	1	0	16	23	0	1	0	
0	0	2	4	3	3	0	0	0	0	0	0	0	0	0	0	2	0	39	171	198	120	0	0	1	0	174	182	65	118	14	0	0	3	17	0	44	99	0	2	0	0	0	0	144	37	0	1	0	2	0	68	120	0	3	0	0	0	0	110	21	0	1	0	
0	0	0	0	0	0	1	0	0	0	0	45	96	54	1	0	3	0	91	109	7	83	69	0	1	0	27	109	108	84	10	0	0	0	0	107	160	17	0	1	2	0	84	36	91	54	0	2	2	0	109	98	98	0	1	0	1	0	18	53	6	0	0	0	
0	0	0	0	0	0	0	0	0	0	2	0	114	39	0	2	0	0	2	0	135	26	0	1	0	1	0	28	119	0	1	0	0	3	0	115	97	0	3	0	1	0	14	163	13	0	1	0	2	0	39	141	0	2	0	0	0	0	0	0	0	0	0	0	
0	0	0	0	0	0	0	0	2	0	59	74	0	3	0	0	4	0	102	161	0	5	0	0	0	9	215	177	152	76	0	3	0	25	172	171	200	152	0	3	0	0	2	0	41	235	24	0	0	1	3	4	0	179	65	0	0	0	0	1	0	18	10	0	
0	0	0	0	0	0	0	0	0	0	1	0	55	16	3	2	0	0	1	0	149	22	0	1	0	1	0	31	149	0	1	0	0	3	0	106	98	0	3	0	0	0	1	135	16	0	1	0	1	0	30	109	0	2	0	0	0	0	8	16	0	0	0	0	
0	0	0	1	1	37	8	0	0	0	2	0	124	146	36	0	0	3	0	95	140	0	2	0	1	0	24	199	137	91	1	0	4	0	104	200	22	148	27	0	4	0	108	151	113	140	0	2	1	0	8	125	119	8	0	1	0	0	0	0	0	1	0	0	
0	0	2	4	4	1	0	0	0	0	0	0	0	0	0	0	0	0	36	98	181	83	0	3	0	7	206	187	131	95	0	3	0	4	20	0	43	64	0	2	0	0	2	0	76	36	0	1	0	0	0	4	91	3	0	0	0	1	0	42	87	0	2	0	
0	0	0	0	0	0	0	0	0	0	1	0	136	26	0	1	0	1	0	10	187	22	0	1	0	2	0	60	190	0	1	0	0	3	0	93	167	0	3	0	0	4	0	146	125	0	4	0	0	3	0	116	59	0	2	0	0	0	0	0	0	0	0	0	
0	0	0	2	2	0	0	0	0	0	3	0	0	96	52	0	0	2	0	57	139	143	173	0	1	0	102	155	17	36	152	0	0	101	120	0	37	186	57	0	2	174	56	108	184	52	0	2	0	57	83	87	14	0	2	0	0	0	0	0	1	2	0	0	
0	0	0	0	0	1	1	0	1	0	36	108	128	20	0	1	0	52	255	167	125	229	33	0	0	9	84	123	164	201	13	0	0	3	0	95	255	91	0	4	2	0	50	200	145	130	0	4	1	0	28	176	195	42	0	2	0	1	0	33	35	0	1	0	
0	0	0	0	2	1	0	0	0	0	0	4	0	60	144	0	0	0	3	0	47	240	71	0	0	3	0	39	242	93	0	3	2	0	24	233	111	0	4	0	0	10	210	137	0	4	0	0	0	88	148	0	3	0	0	0	0	1	0	2	0	0	0	0	
0	0	0	0	0	0	0	0	0	2	0	55	93	0	3	0	0	3	0	77	136	0	4	0	0	3	0	84	137	0	4	0	0	3	0	112	120	0	4	0	0	3	0	159	76	0	3	0	0	3	0	113	87	0	3	0	0	0	0	1	3	0	0	0	
0	0	1	2	0	1	0	0	0	0	0	2	8	0	0	0	1	0	28	149	128	47	0	2	1	0	24	30	90	90	0	3	0	74	226	168	189	45	13	11	0	56	107	25	29	107	112	18	0	0	0	0	0	0	0	0	0	2	4	1	2	2	1	1	
0	0	1	1	0	0	0	0	0	1	0	38	159	18	0	1	2	0	37	160	170	12	0	1	1	0	16	52	120	0	2	0	0	2	0	62	109	0	3	0	0	3	0	114	137	22	2	0	2	0	59	165	97	67	0	0	0	0	5	2	0	0	0	0	
0	0	0	0	0	0	0	0	0	0	0	128	58	37	100	12	0	2	0	52	221	253	160	8	1	0	27	152	211	43	0	1	3	0	69	184	181	71	0	3	0	91	118	23	187	144	0	4	0	55	172	166	117	9	0	1	0	0	0	0	0	0	0	0	
0	0	0	0	0	0	0	0	0	2	27	27	3	3	0	0	0	62	255	158	0	0	3	0	0	81	206	52	113	115	7	0	0	38	219	221	152	133	123	0	0	0	55	33	0	0	176	100	0	0	0	0	2	4	101	62	0	0	2	2	0	0	0	0	
0	0	0	1	2	1	2	0	0	0	2	2	1	0	7	6	0	1	0	19	44	5	144	33	0	0	27	143	95	141	76	0	0	98	209	167	174	123	0	4	0	10	62	177	46	0	3	0	2	0	68	38	0	2	0	0	0	1	0	1	2	0	0	0	
0	0	0	0	0	0	0	0	0	1	0	33	53	0	2	0	0	3	0	73	140	0	4	0	0	3	0	100	140	0	4	0	0	3	0	81	98	0	3	0	0	2	0	56	143	0	2	0	0	1	0	25	149	0	1	0	0	0	0	2	15	0	0	0	
0	0	0	3	2	3	0	0	0	0	0	0	0	1	9	0	0	0	1	119	44	121	123	0	2	0	55	129	197	152	4	0	0	2	0	100	106	0	1	0	0	0	109	113	0	2	1	0	0	93	92	0	3	0	0	0	0	22	2	2	0	0	0	0	
0	0	1	0	0	0	0	0	2	0	34	117	127	47	0	2	0	0	133	43	52	170	24	0	0	20	137	67	122	150	19	0	4	0	113	214	136	166	49	0	4	0	117	87	0	83	129	0	2	0	40	193	175	129	25	0	0	1	0	16	28	0	0	0	
0	0	0	2	3	2	2	2	0	0	1	0	0	0	0	0	0	1	0	58	118	111	49	43	2	0	50	130	74	133	135	30	2	0	47	158	131	53	0	0	1	0	135	191	8	0	2	1	0	2	140	92	0	3	0	0	0	0	0	0	0	0	0	0	
0	0	0	0	0	3	1	0	0	0	7	15	17	0	0	0	0	15	180	187	134	129	23	0	0	4	178	158	0	99	124	0	4	0	140	133	0	138	65	0	0	0	13	0	65	136	0	2	0	1	0	5	166	31	0	1	0	1	0	44	96	0	3	0	
0	0	0	2	0	0	0	0	0	0	2	0	18	75	27	0	0	0	0	77	91	140	113	0	3	0	89	92	18	186	34	0	2	0	107	152	229	102	0	3	2	0	29	204	61	0	3	0	0	43	157	41	0	4	0	0	0	65	38	0	4	0	0	0	
0	0	2	0	0	1	0	0	0	1	0	20	47	4	0	0	3	0	103	224	248	59	0	3	0	62	127	0	177	182	0	3	0	116	209	71	183	210	0	1	0	6	130	164	150	192	0	1	0	0	2	0	62	168	0	3	0	1	5	0	39	53	0	2	
0	0	0	2	2	0	1	0	0	0	2	1	0	15	25	0	0	2	0	67	79	40	137	1	0	1	115	124	3	42	141	0	0	107	73	0	90	151	35	0	1	132	109	148	107	7	0	1	0	11	39	10	0	2	2	0	0	1	0	1	3	1	0	0	
0	0	0	0	0	0	0	0	0	30	106	104	45	0	1	0	0	12	53	160	104	0	4	0	2	0	141	194	53	0	0	0	0	1	6	24	130	111	0	1	0	0	7	19	0	140	92	0	1	0	17	129	109	145	33	0	0	1	0	27	55	9	0	0	
0	0	0	0	1	2	0	0	0	0	0	1	1	1	124	27	0	0	2	2	0	144	124	0	0	3	1	0	177	158	0	1	1	0	20	199	135	0	3	1	0	47	205	105	0	3	1	0	0	104	80	0	5	0	0	0	0	0	0	3	0	0	0	0	
0	0	0	0	3	0	0	0	2	0	45	179	186	102	0	2	2	0	37	89	185	174	0	2	0	5	0	135	210	7	0	1	13	10	0	1	63	125	0	0	47	133	30	71	154	212	9	0	0	87	175	173	160	50	0	2	0	0	0	0	0	0	0	0	
0	0	0	0	0	0	1	0	0	0	2	0	22	35	0	0	0	2	0	94	127	107	65	0	0	2	29	29	9	108	79	0	0	112	219	193	177	71	0	1	0	40	69	20	36	90	87	9	0	0	0	0	0	19	36	2	0	2	3	1	1	1	0	0	
0	0	0	8	4	0	0	0	0	2	0	64	18	0	0	0	0	0	0	83	4	0	0	0	0	0	12	94	40	90	0	0	0	0	7	126	104	115	5	0	0	3	0	127	155	31	0	1	0	1	0	34	18	0	1	0	0	0	0	0	1	2	0	0	
0	0	0	0	0	0	1	0	0	0	0	114	127	112	30	0	0	0	0	35	39	95	155	0	1	0	26	78	111	155	81	0	3	0	56	196	176	18	0	1	0	109	95	35	149	50	0	2	0	52	148	150	111	10	0	1	0	0	0	0	0	0	0	0	
0	1	0	48	49	0	1	0	0	1	0	189	73	0	3	0	3	0	73	161	17	18	0	1	3	0	143	172	166	178	16	0	2	0	185	252	22	157	70	0	3	0	90	255	215	168	6	0	0	0	0	30	64	12	0	1	0	0	1	0	0	1	1	0	
0	0	1	0	0	1	0	0	0	0	2	1	3	0	78	34	1	0	123	28	0	46	195	17	0	92	211	21	34	197	51	0	0	18	91	135	242	87	0	4	0	1	0	162	107	0	4	0	3	0	120	136	0	4	0	0	0	0	37	9	0	0	0	0	
0	0	0	6	10	0	0	0	1	0	24	102	154	48	0	2	1	0	36	56	142	48	0	2	2	0	49	189	163	145	54	0	3	50	0	1	0	28	148	0	0	136	115	25	13	104	124	0	0	14	110	150	151	97	3	0	0	1	0	0	0	0	1	0	
0	0	0	1	3	0	0	0	0	0	2	2	0	19	36	0	0	3	0	19	110	60	146	2	1	0	66	166	58	2	148	7	0	84	106	2	26	164	74	0	0	148	86	114	140	42	0	1	0	19	78	39	0	0	2	0	0	0	0	0	2	2	0	0	
0	0	2	2	0	0	0	0	0	0	0	4	64	120	88	0	1	0	33	151	194	101	13	0	3	0	170	200	93	151	81	0	0	51	41	6	0	41	152	0	0	136	25	0	0	137	106	0	0	70	153	123	136	122	1	0	1	0	22	46	20	0	1	0	
0	0	0	0	1	1	0	0	0	0	0	3	0	50	170	0	0	0	3	0	16	212	105	0	0	3	0	12	186	102	0	2	2	0	31	210	95	0	4	0	0	49	225	93	0	5	0	0	0	159	96	0	5	0	0	0	0	1	0	2	0	0	0	0	
0	0	1	0	0	0	0	0	0	0	19	11	11	51	77	21	1	0	179	227	222	213	136	23	0	31	246	237	89	0	1	0	0	16	150	191	223	92	0	3	1	0	39	6	77	221	6	0	3	0	91	194	203	196	3	0	0	1	0	75	105	15	0	1	
0	0	0	0	1	1	0	0	0	1	3	2	19	1	0	0	0	2	0	75	161	61	0	3	0	19	75	30	94	75	0	3	0	114	196	178	113	0	16	13	0	19	30	0	62	117	126	21	0	0	0	1	0	11	12	0	0	1	2	0	2	0	1	1	
0	0	0	0	1	1	0	0	1	0	27	32	5	0	0	0	2	0	54	156	151	38	0	2	0	0	3	0	133	93	0	3	0	1	0	44	156	0	1	0	0	3	0	115	88	0	3	0	0	3	0	146	49	0	2	0	0	1	0	52	11	0	0	0	
0	0	0	0	0	0	1	0	0	2	28	18	33	27	1	0	0	0	121	153	139	218	150	0	1	0	7	147	193	154	70	0	0	10	4	30	113	98	0	2	0	158	122	49	93	163	0	1	0	44	124	126	109	25	0	1	0	0	0	0	0	0	0	0	
0	0	1	1	0	2	2	0	0	0	1	2	0	94	47	0	0	0	11	107	20	155	8	0	2	0	127	70	54	138	0	3	0	70	212	100	195	93	0	4	0	25	10	80	184	6	0	1	0	2	0	47	88	0	3	0	0	1	1	1	1	1	0	0	
0	0	0	2	3	4	1	0	0	0	0	0	0	0	6	1	0	2	0	59	141	114	121	0	1	0	14	119	126	175	22	0	0	2	0	61	139	12	0	1	1	0	81	135	8	0	2	0	0	78	114	0	1	1	0	0	0	24	3	1	1	0	0	0	
0	1	2	0	0	0	0	0	1	0	9	87	77	89	95	0	0	0	177	216	150	193	222	39	0	107	237	23	0	8	197	56	0	133	165	0	0	67	222	14	0	74	255	90	40	232	113	0	0	14	148	220	105	30	4	0	0	0	0	3	8	0	2	0	
0	0	0	2	3	1	1	1	0	0	1	0	0	0	0	0	0	1	0	49	77	7	37	58	2	0	64	122	142	131	63	19	3	0	73	171	92	21	0	1	1	0	165	121	0	3	2	1	0	0	114	40	0	3	0	0	0	0	0	1	0	0	0	0	
0	0	0	0	0	0	0	0	0	6	107	108	105	63	0	1	0	2	60	50	157	133	0	3	0	0	0	141	122	0	0	0	1	0	16	130	131	110	2	0	0	0	1	0	10	167	24	0	0	13	110	132	143	70	0	2	0	5	49	29	5	0	0	0	
0	0	0	2	0	0	0	0	0	0	1	0	37	107	64	0	0	0	0	99	66	125	126	0	4	0	105	107	40	206	30	0	2	0	34	163	215	46	0	2	2	0	58	177	29	0	2	0	0	56	183	36	0	4	0	0	0	34	21	0	2	0	0	0	
0	0	0	4	40	15	0	1	0	2	0	100	190	182	18	0	0	1	3	23	0	187	48	0	0	0	3	0	66	198	0	0	0	19	64	13	144	68	0	2	0	137	255	232	194	51	3	0	0	24	59	39	115	63	0	1	0	0	0	0	0	0	0	0	
0	0	0	0	1	0	0	0	0	0	0	2	0	134	24	0	0	0	3	0	72	189	0	0	0	2	0	37	203	28	0	2	0	1	0	188	105	0	4	0	2	0	144	150	0	2	0	0	0	15	163	11	0	1	0	0	0	0	0	2	1	0	0	0	
0	0	0	0	0	0	0	0	0	3	0	102	89	0	3	0	0	3	0	96	151	0	4	0	0	3	0	92	155	0	4	0	0	3	0	69	180	0	2	0	0	2	0	58	180	0	2	0	0	1	0	26	152	1	0	0	0	0	0	0	2	1	0	0	
0	0	0	1	2	2	1	0	0	0	0	0	1	1	1	1	0	3	0	20	116	117	119	20	0	2	0	45	118	44	17	1	0	64	47	0	70	79	0	3	0	62	154	130	97	5	0	1	0	0	0	0	0	0	0	0	0	2	2	1	3	0	0	0	
0	0	0	2	0	0	0	0	0	0	0	3	88	74	0	2	0	2	0	124	118	105	34	0	2	0	51	127	0	7	5	0	2	0	44	154	82	19	0	1	0	1	0	25	169	55	0	2	0	1	0	71	115	0	1	0	0	1	0	44	21	0	1	0	
0	0	0	3	0	0	0	0	0	0	2	0	29	83	22	0	0	1	0	113	115	142	133	0	3	0	83	86	19	203	63	0	1	0	142	87	222	129	0	1	2	0	34	218	81	0	3	0	0	0	122	78	0	5	0	0	0	22	78	0	2	0	0	0	
0	2	4	4	4	4	1	0	0	0	0	0	0	0	0	0	6	120	121	122	108	152	57	0	0	26	83	94	91	212	34	0	0	0	3	0	133	125	0	4	0	2	0	30	192	13	0	1	0	4	0	123	127	0	4	0	0	3	0	142	59	0	2	0	
0	0	0	1	0	13	13	0	0	0	2	1	3	138	40	0	0	1	1	0	123	79	0	2	1	0	16	169	181	111	60	0	0	0	131	166	53	75	108	0	0	44	146	96	76	110	16	0	0	0	78	130	52	0	0	0	0	0	0	0	0	2	1	0	
0	0	1	1	0	0	0	0	0	2	0	40	147	30	0	1	2	0	34	208	185	151	0	1	3	0	87	159	0	106	17	0	3	0	86	123	0	130	8	0	3	0	83	124	92	125	0	4	1	0	10	180	186	16	0	1	0	1	0	36	24	0	1	0	
0	0	0	2	0	0	0	0	0	0	2	0	27	66	26	0	0	0	0	93	97	170	81	0	2	0	78	56	72	215	13	0	0	6	131	108	192	50	0	2	3	0	107	192	9	0	1	0	0	55	145	3	0	3	0	0	0	62	39	0	2	0	0	0	
0	0	0	0	0	0	0	0	1	0	24	17	95	21	0	1	4	0	133	81	170	11	0	1	2	0	146	38	146	19	0	1	3	0	158	136	214	97	0	3	1	0	36	78	145	99	0	4	0	0	2	0	56	131	0	3	0	0	2	2	8	17	0	0	
0	0	0	0	1	3	2	0	0	0	0	1	0	14	89	19	0	1	0	4	28	88	131	15	0	2	0	51	158	104	14	0	0	64	14	0	64	53	0	3	0	116	148	136	111	9	0	0	0	9	54	26	0	0	0	0	0	0	0	0	2	1	0	0	
0	0	1	0	8	6	0	0	0	2	0	62	139	122	3	0	3	0	73	195	0	95	68	0	2	0	124	140	42	45	90	0	0	21	138	9	7	81	81	0	0	5	160	33	5	146	18	0	2	0	50	146	140	61	0	2	0	0	0	6	7	0	1	0	
0	0	0	1	0	0	2	1	0	0	2	0	0	0	0	0	0	0	1	25	9	12	70	49	1	0	103	145	107	137	109	18	0	18	62	80	26	0	1	0	0	39	135	111	11	0	4	1	0	0	30	21	0	1	0	0	0	0	0	1	1	0	0	0	
0	0	0	0	0	1	0	0	0	9	179	204	116	4	0	1	0	7	123	110	237	97	0	4	0	3	0	92	255	60	0	2	2	0	51	254	106	0	14	15	3	0	78	232	93	163	183	27	0	0	0	122	200	140	34	0	0	0	0	0	0	0	0	0	
0	0	0	3	2	0	0	0	0	1	3	0	4	82	76	0	0	2	0	80	140	195	128	0	0	11	138	146	4	144	79	0	0	114	88	0	110	175	0	1	0	147	86	168	153	7	0	1	0	52	126	59	0	2	1	0	0	0	0	0	2	1	0	0	
0	0	0	6	9	0	0	0	0	1	0	80	161	61	0	3	1	0	28	102	174	54	0	2	2	0	52	132	169	23	0	1	0	0	3	0	88	119	0	4	0	16	29	14	167	74	0	3	0	10	130	170	84	0	2	0	0	0	5	6	0	1	0	0	
0	0	0	2	2	0	1	0	0	0	3	0	0	67	32	0	0	3	0	44	154	140	150	2	0	1	104	135	18	33	136	0	0	95	89	0	67	163	29	0	10	140	67	148	137	13	0	1	0	40	72	38	0	2	1	0	0	0	0	0	3	1	0	0	
0	0	0	0	0	0	0	0	0	2	0	88	32	0	1	0	0	4	0	163	89	0	3	0	0	3	0	107	120	0	4	0	0	2	0	62	133	0	3	0	0	2	0	53	181	0	1	0	0	1	0	12	151	13	0	1	0	0	0	0	0	0	0	0	
0	0	1	1	1	5	2	0	0	2	0	48	58	0	2	0	1	0	0	170	170	125	100	0	3	0	119	84	85	226	34	0	0	2	9	65	172	16	0	1	2	0	50	190	29	0	3	0	0	4	204	63	0	4	0	0	0	9	40	1	1	0	0	0	
0	0	0	0	1	0	0	0	0	0	12	14	0	0	0	0	0	0	166	165	81	0	3	0	2	0	57	149	154	0	2	0	0	0	0	8	159	10	0	1	0	0	3	0	149	24	0	1	0	0	3	0	148	57	0	2	0	0	2	0	95	45	0	2	
0	0	0	3	1	0	0	0	0	0	3	0	21	106	74	0	0	1	0	101	128	140	147	0	2	0	99	113	35	189	57	0	0	3	178	135	236	91	0	3	2	0	62	246	87	0	4	0	1	0	123	94	0	4	0	0	0	5	45	3	2	0	0	0	
0	0	2	1	1	2	0	0	0	1	0	2	1	3	3	0	2	0	65	193	68	133	49	0	0	60	178	26	139	55	0	2	0	26	144	113	169	41	24	5	1	0	0	126	153	96	128	42	0	4	0	89	49	0	2	0	0	1	0	37	16	0	2	0	
0	0	0	1	0	7	37	0	0	0	1	0	4	71	36	0	0	1	0	22	77	23	0	1	1	0	31	83	44	55	6	0	0	13	78	41	78	108	11	0	0	15	122	162	75	18	0	1	1	0	28	55	2	0	1	0	0	0	1	0	1	1	0	0	
0	0	2	34	4	0	0	0	2	0	24	193	106	0	3	0	0	2	0	62	165	0	2	0	0	3	0	130	92	0	4	0	2	0	37	174	3	0	0	0	3	0	82	170	57	101	35	0	1	0	13	120	149	116	25	0	0	0	0	0	0	0	0	0	
0	0	0	0	2	1	5	1	0	0	0	2	0	42	124	0	0	0	2	0	33	174	33	0	0	1	0	15	164	53	0	2	0	5	2	152	75	0	3	0	2	0	145	109	0	4	0	0	0	48	129	0	3	0	0	0	0	3	2	1	0	0	0	0	
0	2	4	4	3	3	1	0	0	0	0	0	0	0	1	0	4	56	110	114	98	73	13	0	11	155	146	91	36	221	122	0	0	1	0	26	158	216	35	0	4	0	122	243	202	109	22	0	1	0	14	24	0	0	1	0	0	0	0	0	1	2	0	0	
0	0	0	3	0	17	60	0	0	0	3	0	33	148	54	0	0	2	0	76	131	26	0	1	0	0	105	126	60	96	78	0	0	88	85	82	94	144	94	0	0	105	174	186	100	63	0	1	0	3	62	67	2	0	1	0	0	0	0	0	1	3	0	0	
0	0	1	3	2	0	0	0	0	0	2	0	0	0	0	0	0	0	105	77	114	22	0	1	0	5	101	20	91	43	0	2	0	1	100	0	53	54	0	2	0	0	6	0	60	81	0	3	0	0	1	0	22	99	0	2	0	0	1	0	5	73	0	0	
0	0	1	1	1	5	2	0	0	0	0	8	8	0	0	0	1	0	12	175	170	113	90	0	2	0	128	81	49	236	60	0	0	3	5	13	157	55	0	2	1	0	14	164	71	0	4	0	0	25	155	55	0	4	0	0	0	105	72	0	4	0	0	0	
0	2	2	0	1	2	0	0	0	0	0	17	11	0	1	0	0	27	181	240	214	61	0	2	0	193	218	43	104	219	42	0	0	127	240	197	197	255	61	0	1	0	45	59	8	214	68	0	0	1	0	0	0	213	54	0	0	0	2	3	0	120	20	0	
0	0	1	2	0	3	4	0	0	2	0	6	30	0	0	0	1	0	6	145	187	122	139	16	0	41	195	111	12	198	149	0	0	76	54	6	174	91	0	2	2	0	50	185	72	0	4	0	0	74	186	30	0	3	1	1	0	56	33	0	4	0	2	3	
0	0	0	2	0	16	14	0	0	0	2	0	22	183	65	0	0	1	0	17	190	73	0	2	0	2	0	173	97	0	3	0	2	0	53	167	24	23	0	1	4	0	92	139	187	71	0	3	1	0	10	112	67	0	1	0	0	0	0	0	0	1	0	0	
0	0	1	3	0	0	0	0	0	0	2	0	21	79	57	0	1	0	9	122	138	111	169	9	1	0	130	78	0	143	117	0	0	8	139	99	200	171	14	0	2	0	41	229	104	0	3	0	0	31	173	73	0	4	1	0	0	67	56	0	4	0	0	0	
0	0	1	1	0	1	0	0	0	1	0	111	82	5	0	1	2	0	49	217	143	122	0	3	2	0	65	74	45	155	0	3	0	0	2	0	143	75	0	3	1	0	36	148	219	93	8	0	2	0	142	146	21	23	0	0	0	0	0	0	0	0	0	0	
0	0	0	0	0	1	0	0	0	0	7	94	111	18	0	1	2	0	44	233	201	153	0	1	0	6	32	4	0	170	26	0	0	156	193	188	188	147	0	3	0	131	181	166	141	186	56	0	0	1	11	4	0	59	162	0	0	2	0	3	5	0	1	0	
0	0	0	2	0	0	0	0	0	0	2	0	78	138	54	0	0	3	0	82	223	186	165	0	2	0	46	226	16	138	78	0	2	0	190	108	92	161	0	2	0	60	187	72	154	1	0	0	0	49	232	141	12	0	1	0	0	1	25	2	1	1	0	0	
0	0	0	2	1	1	1	0	0	1	3	0	2	0	49	56	0	2	0	71	51	0	173	49	0	15	154	172	9	149	86	0	0	26	160	149	200	167	0	4	1	0	1	178	120	8	2	0	2	0	152	100	0	3	0	0	0	1	32	2	3	1	0	0	
0	0	0	0	16	5	0	0	0	1	0	16	183	20	0	1	0	3	0	112	144	0	3	0	1	0	0	211	87	0	2	0	3	0	67	205	189	72	0	3	3	0	88	194	187	102	0	4	0	0	0	109	117	0	0	0	0	0	0	0	0	0	0	0	
0	0	0	0	0	0	0	0	0	1	0	19	72	84	99	37	1	0	11	177	102	134	187	39	1	0	22	150	65	102	6	0	0	2	0	169	147	0	2	2	1	0	100	205	76	0	4	0	0	18	198	152	33	0	1	0	0	1	22	12	0	0	0	0	
0	0	1	3	1	0	0	0	0	1	2	1	0	72	21	0	1	0	12	167	49	178	39	0	0	10	183	122	70	177	0	1	0	53	206	55	203	176	0	2	1	0	52	196	178	19	0	1	0	0	0	155	35	0	1	0	0	0	11	34	0	2	0	0	
0	0	0	2	1	0	0	0	0	0	0	0	7	15	27	22	0	1	0	55	129	196	153	10	0	2	0	156	148	64	5	0	2	0	55	196	77	0	3	1	0	32	139	113	50	0	2	0	0	50	161	84	0	0	0	0	0	0	7	2	0	0	0	0	
0	0	4	2	0	0	0	0	0	25	178	140	7	1	1	0	2	0	96	222	10	0	1	0	1	0	22	119	126	81	0	1	0	1	14	1	9	174	36	0	0	0	168	36	5	209	35	0	2	0	71	147	156	137	0	1	0	0	0	8	11	0	0	0	
0	0	0	3	1	0	3	0	0	0	3	0	19	182	105	0	0	3	0	70	155	119	120	0	2	0	115	164	13	29	148	0	0	92	139	0	9	192	105	0	4	167	21	71	211	124	0	2	0	102	178	155	56	0	2	0	0	2	5	0	0	2	0	0	
0	0	0	0	0	0	0	0	0	1	11	49	76	18	0	1	0	13	94	75	118	91	0	4	0	0	3	0	87	49	0	2	1	0	30	77	190	39	0	2	1	0	20	131	129	0	1	1	0	1	0	130	31	0	1	0	0	0	10	66	0	1	0	0	
0	0	0	1	1	1	1	0	0	0	2	0	8	123	25	0	0	1	0	15	109	75	0	1	1	0	24	124	95	73	0	2	2	0	110	135	234	140	0	3	3	0	106	194	80	0	0	0	2	0	65	33	0	2	0	0	0	0	3	3	4	0	0	0	
0	0	0	7	12	0	0	0	2	0	43	121	132	75	0	2	1	0	26	0	61	128	0	3	0	2	0	68	191	25	0	1	0	0	1	24	70	117	0	3	0	16	18	14	106	102	0	2	0	44	158	115	58	2	0	0	0	0	9	3	0	2	0	0	
0	0	0	0	0	2	2	1	0	1	3	0	1	2	117	18	0	0	6	12	0	111	99	0	0	15	138	37	74	152	0	1	0	57	152	161	209	44	0	2	2	0	50	175	16	0	1	0	0	7	151	33	0	2	0	0	0	1	2	1	1	0	0	0	
0	0	0	0	0	0	0	0	0	0	3	15	12	2	0	0	3	0	67	199	203	78	0	3	3	0	97	115	147	58	0	2	2	0	42	71	157	20	0	1	0	1	0	17	160	2	0	0	0	0	0	13	177	13	0	1	0	0	0	2	110	8	0	0	
0	0	0	0	1	1	0	0	0	0	0	2	0	20	116	2	0	0	2	0	9	178	86	0	0	2	0	5	160	92	0	3	2	0	31	179	85	0	9	0	0	46	180	67	0	6	10	0	0	116	52	0	4	0	0	0	0	0	1	2	0	0	0	0	
0	0	0	0	0	0	0	0	1	0	26	86	143	102	0	3	2	0	37	146	209	53	0	2	1	0	18	85	129	97	0	2	0	0	2	0	23	163	0	0	2	0	129	34	85	156	0	3	2	0	109	149	151	29	0	1	0	0	0	12	5	0	0	0	
0	0	0	1	0	0	2	0	0	0	0	2	25	33	6	0	1	1	3	150	202	145	101	0	0	0	4	16	0	14	140	6	0	106	180	164	137	145	51	0	0	135	164	111	131	93	0	3	0	0	2	0	81	74	0	2	0	2	1	6	38	2	0	0	
0	1	0	0	0	0	0	0	0	1	111	141	114	85	11	0	0	92	140	25	63	100	19	0	0	146	140	92	117	66	0	0	0	58	91	58	57	145	138	0	2	0	60	48	0	0	162	54	1	0	38	147	152	150	152	11	0	0	0	0	29	55	15	0	
0	0	0	2	0	0	0	0	0	0	0	0	29	48	15	0	0	1	0	85	103	117	164	33	1	0	30	133	72	107	47	1	3	0	74	201	65	4	0	0	0	22	143	108	0	3	2	0	0	66	146	75	0	2	0	0	0	7	68	14	0	1	0	0	
0	0	0	0	0	0	0	0	0	0	0	16	72	52	8	0	0	1	0	79	127	135	58	0	2	0	84	32	0	1	0	0	3	0	113	123	0	4	1	0	0	0	0	122	116	0	0	0	0	0	2	0	146	37	0	1	0	0	0	3	72	12	0	1	
0	0	0	0	0	0	0	0	0	0	0	6	26	34	47	0	0	1	0	8	131	250	98	0	0	1	4	0	134	116	0	2	0	2	0	117	132	0	3	0	0	0	137	121	0	3	0	0	0	143	114	0	3	1	0	0	5	78	4	1	1	0	0	0	
0	0	0	0	0	0	0	0	0	3	0	115	82	0	3	0	0	4	0	129	129	0	4	0	0	4	0	127	130	0	4	0	0	4	0	131	153	0	4	0	0	4	0	113	161	0	4	0	0	2	0	68	125	0	3	0	0	0	0	0	0	0	0	0	
0	0	0	0	1	0	0	0	0	0	0	3	0	140	118	0	0	0	5	0	60	247	58	0	0	1	0	4	218	111	0	3	2	0	35	210	135	0	3	0	0	40	255	137	0	3	0	0	0	70	148	0	3	1	0	0	0	1	0	2	0	0	0	0	
0	0	0	2	1	0	0	0	0	0	6	1	4	12	1	0	3	0	111	179	158	234	55	0	0	0	11	19	99	216	15	0	0	1	0	29	218	50	0	2	0	1	0	181	108	0	4	0	3	0	97	184	0	3	0	0	3	0	118	69	0	2	0	0	
0	0	0	0	1	1	0	0	0	0	0	3	0	74	78	0	0	0	2	0	26	171	23	0	0	1	0	9	182	74	0	3	1	0	1	158	86	0	3	0	2	0	133	117	0	4	0	0	0	49	115	0	3	0	0	0	0	5	2	1	0	0	0	0	
0	0	0	0	0	2	0	0	0	0	14	33	19	0	0	0	0	32	96	86	120	76	0	2	0	5	4	0	24	114	0	2	0	0	4	0	88	48	0	2	0	2	0	58	103	0	2	0	1	0	16	108	10	0	0	0	2	0	49	48	0	2	0	0	
0	0	0	2	2	0	0	0	0	1	2	1	0	93	145	0	0	2	0	54	148	196	160	0	0	4	136	163	16	122	110	0	0	127	108	0	78	182	8	0	3	177	60	144	179	18	0	1	0	54	151	89	6	0	1	0	0	0	0	0	2	1	0	0	
0	0	0	1	0	0	0	0	0	1	0	19	56	0	0	0	0	1	0	113	117	25	0	1	1	0	39	86	108	67	0	2	2	0	41	112	171	30	0	1	0	1	0	31	132	3	0	0	0	0	0	20	99	0	2	0	0	0	0	8	32	0	1	0	
0	0	3	4	4	2	0	0	0	0	0	0	0	0	47	7	2	0	88	142	91	175	163	0	0	30	158	59	95	194	20	0	0	7	1	29	172	37	0	2	2	0	50	186	41	0	2	0	0	48	182	34	0	3	0	0	0	56	47	0	3	0	0	0	
0	1	2	0	0	0	0	0	0	0	0	95	143	139	25	0	0	17	189	169	37	140	149	0	0	156	130	0	0	46	170	0	5	172	15	1	0	48	156	0	0	163	134	0	0	129	136	0	0	16	162	182	156	149	17	0	0	1	0	33	30	0	0	0	
0	0	0	3	0	49	30	0	0	0	3	0	55	138	16	0	0	2	0	79	110	0	0	0	2	0	76	116	61	121	61	0	0	26	121	88	107	122	105	0	0	8	167	194	116	89	1	0	1	0	40	31	13	0	1	0	0	1	1	0	0	3	0	0	
0	2	1	0	0	0	0	0	0	0	18	34	20	0	0	0	0	40	181	150	200	80	0	3	0	169	120	0	216	102	0	4	0	50	181	188	219	124	0	4	0	0	11	0	88	192	0	3	0	2	4	0	60	205	0	0	0	0	2	0	28	159	7	0	
0	0	1	1	0	0	0	0	0	2	0	49	204	89	9	0	1	0	9	210	217	236	161	0	4	0	132	205	0	159	160	0	0	44	228	27	80	254	36	0	0	163	163	74	255	93	0	3	0	92	205	192	65	0	2	0	0	0	2	0	0	2	0	0	
0	0	4	9	0	0	0	0	1	0	96	151	108	15	0	1	0	0	8	0	94	173	0	2	0	1	0	23	191	77	0	2	1	0	14	190	86	0	2	0	3	0	150	116	0	35	18	0	2	0	103	144	125	90	39	0	0	0	0	3	0	0	0	0	
0	0	0	0	0	0	0	0	0	0	3	0	107	109	0	3	0	0	2	0	190	86	0	3	0	2	0	41	218	17	0	1	0	3	0	106	179	0	3	0	0	1	0	198	108	0	3	0	1	0	13	167	24	0	1	0	0	0	0	0	0	0	0	0	
0	0	1	3	2	0	0	0	0	0	1	0	0	0	0	0	1	0	20	103	52	0	5	2	0	6	84	89	113	0	3	0	0	2	57	156	132	63	89	59	2	0	87	74	45	64	50	24	0	0	0	0	0	0	0	0	0	0	3	3	2	2	2	1	
0	0	1	0	36	36	0	0	0	2	0	49	238	203	2	0	0	1	0	16	107	148	0	3	0	2	0	1	163	47	0	2	0	2	0	125	105	0	3	0	0	61	255	188	0	24	34	0	0	72	136	83	74	75	49	0	0	0	0	0	0	0	0	0	
0	0	0	0	0	0	0	0	0	4	25	32	80	128	134	28	0	66	225	90	99	79	74	15	0	5	153	149	24	0	1	0	0	1	0	79	186	75	0	3	0	0	72	7	14	192	31	0	0	0	151	163	160	151	14	0	0	0	4	39	48	7	0	0	
0	0	0	2	3	0	0	0	0	2	0	49	192	110	0	4	0	1	0	10	200	76	0	3	0	4	0	116	255	104	0	3	0	0	1	0	164	108	0	4	0	21	81	76	184	0	0	1	0	5	148	197	42	0	2	0	0	0	1	2	1	1	0	0	
0	0	2	0	0	0	0	0	0	1	0	49	118	126	13	0	2	0	90	142	92	80	11	0	0	49	242	77	1	0	0	0	0	31	97	153	207	89	0	2	0	0	2	0	44	199	4	0	1	0	64	122	162	107	0	2	0	0	6	57	35	0	0	0	
0	0	1	2	0	1	0	0	0	0	1	2	0	45	58	0	1	0	20	94	0	134	57	0	2	0	141	89	38	177	0	0	0	4	139	115	196	90	0	1	0	1	0	29	146	0	1	0	0	3	0	102	75	0	3	0	0	0	0	26	6	0	0	0	
0	0	0	7	27	0	0	0	0	3	0	103	149	0	4	0	1	0	15	194	38	0	1	0	3	0	92	159	151	165	20	0	4	0	126	188	95	153	46	0	3	0	101	218	208	127	0	2	0	0	2	107	121	6	0	1	0	0	1	0	0	2	0	0	
0	0	0	3	1	0	0	0	0	0	0	0	4	55	79	0	1	0	5	129	135	92	24	0	0	2	6	184	134	10	0	1	0	0	3	0	146	92	0	3	0	99	70	106	169	4	0	1	0	58	122	112	15	0	1	0	0	0	0	0	1	1	0	0	
0	1	3	1	0	0	0	0	0	0	0	0	12	3	0	0	0	36	101	130	169	158	0	2	0	29	55	1	110	121	0	3	0	1	0	7	177	25	0	1	0	3	0	62	150	0	3	0	0	3	0	100	78	0	2	0	0	2	0	82	19	0	1	0	
0	0	6	1	0	33	12	0	0	0	8	0	47	172	9	0	0	1	0	9	174	46	0	2	0	3	0	127	115	0	4	0	1	0	7	175	24	0	1	0	1	0	20	235	231	20	0	1	1	0	17	113	80	0	0	0	0	0	0	0	0	0	0	0	
0	0	1	0	39	34	0	1	0	0	0	7	125	19	0	1	0	2	0	68	69	0	2	0	0	1	0	137	140	54	0	2	2	0	50	174	63	139	1	0	3	0	86	135	114	76	0	2	0	0	0	70	49	0	1	0	0	0	0	0	1	2	0	0	
0	0	1	1	0	0	0	0	0	1	0	35	48	0	0	0	2	0	30	173	194	73	0	3	1	0	19	9	132	60	0	2	0	1	0	35	153	0	1	0	0	3	0	119	79	0	3	0	1	0	22	153	4	0	0	0	1	0	32	51	0	2	0	0	
0	1	2	0	1	1	0	0	0	0	0	0	0	13	5	0	0	31	145	0	61	162	0	0	0	81	135	0	96	111	28	34	0	51	173	55	148	177	124	21	1	0	79	131	188	60	0	2	0	0	2	0	93	21	0	2	0	0	3	3	8	2	0	0	
0	0	0	0	0	2	3	0	0	2	0	51	122	76	30	0	1	0	13	174	99	110	0	1	1	0	7	132	215	50	0	2	0	3	0	102	239	80	0	3	2	0	34	248	171	8	0	1	2	0	57	171	18	0	1	0	0	0	0	0	1	1	0	0	
0	0	1	2	0	1	1	0	2	0	49	146	116	30	0	1	0	3	156	36	38	130	34	0	0	56	114	0	0	47	117	0	0	63	114	0	1	9	113	0	0	11	169	40	3	99	84	0	2	0	53	141	128	79	0	0	0	1	0	2	4	0	1	0	
0	0	0	2	0	0	0	0	0	0	0	0	17	4	0	0	0	1	0	79	166	86	0	3	1	0	21	167	199	65	0	3	0	1	0	45	162	0	0	0	0	3	0	95	97	0	3	0	1	0	16	146	9	0	0	0	2	0	67	77	0	2	0	0	
0	1	0	0	3	2	0	0	2	0	98	70	0	2	2	0	0	48	145	131	139	47	0	1	0	107	51	0	60	157	109	0	0	101	55	0	4	0	154	51	0	27	161	72	27	84	124	0	1	0	21	105	129	98	10	0	0	1	1	0	0	0	2	1	
0	0	0	0	1	0	0	0	0	0	1	0	26	91	0	1	0	0	4	0	123	165	0	4	0	1	0	5	206	56	0	2	0	3	0	89	161	0	3	0	0	2	0	179	68	0	2	0	2	0	64	166	0	2	0	0	1	0	22	24	0	1	0	0	
0	1	0	4	1	0	0	0	2	0	62	155	48	0	5	0	0	53	199	28	0	1	0	0	0	159	110	0	131	170	78	0	0	99	162	141	141	43	204	39	0	1	119	228	165	145	150	17	0	1	0	5	48	43	0	0	0	0	3	1	0	0	2	1	
0	0	1	0	21	39	0	0	0	0	1	0	177	238	29	0	0	0	3	9	26	173	51	0	0	1	2	0	69	159	0	2	0	3	76	108	213	38	0	2	0	103	255	214	178	113	0	2	0	104	133	11	6	104	6	0	0	0	0	1	2	0	0	0	
0	0	0	0	0	0	0	0	1	0	38	153	105	1	0	0	0	0	176	255	255	107	0	4	0	3	1	107	255	113	0	4	2	0	26	210	253	38	0	2	4	0	123	255	240	149	26	0	3	0	63	203	53	139	43	0	0	0	2	15	0	0	0	0	
0	0	0	3	11	3	0	0	1	0	9	130	166	97	0	2	0	0	3	0	53	115	0	2	0	2	0	51	220	81	0	2	0	1	0	67	86	158	0	1	0	1	41	29	154	79	0	3	0	2	170	184	78	0	1	0	0	0	0	1	0	2	0	0	
0	0	1	0	2	1	0	0	0	0	14	53	0	13	16	0	3	0	71	104	33	122	29	0	4	0	124	100	109	8	0	1	2	0	61	175	119	6	0	0	0	0	2	0	143	56	0	2	0	1	0	81	140	0	1	0	0	1	0	39	22	0	1	0	
0	0	1	0	0	1	0	0	0	0	0	1	0	29	58	0	3	0	72	52	0	123	59	0	1	0	124	9	44	125	0	2	0	13	166	90	175	51	0	2	1	0	18	100	128	0	3	0	0	2	0	85	32	0	1	0	0	0	2	22	2	0	0	0	
0	0	0	7	38	0	0	0	0	2	0	62	77	0	2	0	0	0	0	141	19	0	1	0	2	0	68	120	63	37	0	1	3	0	72	138	42	133	0	2	1	0	6	168	159	133	0	3	0	1	0	14	83	18	0	1	0	0	1	1	0	0	0	0	
0	0	0	1	0	0	26	6	0	0	1	0	52	134	104	0	0	1	0	23	106	81	0	0	1	0	40	164	24	0	2	0	2	0	51	129	175	30	0	1	0	42	76	91	146	0	0	0	0	40	152	119	15	0	1	0	0	0	0	0	1	0	0	0	
0	0	1	0	0	0	0	0	0	0	2	54	25	0	1	0	2	0	78	80	148	14	0	1	2	0	103	96	176	24	0	1	1	0	24	27	104	48	0	2	0	0	3	0	112	40	0	1	0	0	1	0	132	15	0	1	0	0	0	6	59	0	0	0	
0	0	0	0	14	61	0	1	0	0	3	0	100	104	0	3	0	1	0	36	158	1	0	0	0	2	0	130	57	0	2	0	1	0	38	127	90	52	0	2	2	0	39	189	172	79	0	3	0	0	0	47	57	4	0	0	0	0	0	0	0	0	0	0	
0	0	3	3	3	2	1	0	0	0	0	0	0	0	0	0	0	0	104	145	122	154	60	0	0	19	185	53	49	159	72	0	0	11	165	1	22	139	0	0	0	0	58	0	100	81	0	3	0	1	0	11	172	17	0	1	0	2	0	44	149	0	2	0	
0	0	0	2	1	1	0	0	0	0	0	3	4	0	0	0	0	2	0	139	200	121	0	2	3	0	81	145	92	119	0	3	1	0	23	12	127	20	0	1	0	3	0	100	97	0	3	0	2	0	40	141	0	1	0	0	2	0	84	49	0	2	0	0	
0	0	1	1	20	2	0	0	0	2	0	57	200	6	0	1	1	0	7	194	185	0	2	0	4	0	103	198	148	13	0	1	3	0	80	230	134	157	22	0	0	2	0	153	62	165	43	0	0	2	0	47	145	74	0	1	0	0	0	1	0	0	0	0	
0	0	1	0	3	8	0	0	0	1	0	30	115	66	42	0	1	0	22	140	39	106	29	0	3	0	89	75	90	69	0	2	1	0	2	154	173	0	3	0	1	0	15	231	141	0	2	0	3	0	88	146	0	0	0	0	0	0	2	0	1	0	0	0	
0	0	0	0	0	0	0	0	0	0	2	0	58	41	0	2	0	0	2	0	138	49	0	2	0	1	0	31	134	0	1	0	0	3	0	97	81	0	3	0	0	2	0	120	25	0	1	0	0	0	0	136	15	0	1	0	0	0	0	23	6	0	0	0	
0	0	0	2	0	0	0	0	0	0	2	0	118	223	61	0	0	4	0	134	255	236	22	0	3	0	103	233	82	222	17	0	0	21	222	45	57	236	10	0	0	112	203	67	254	137	0	3	0	41	200	208	99	0	1	0	0	0	1	0	0	1	0	0	
0	0	1	1	0	0	0	0	0	2	0	43	62	0	3	0	1	0	4	217	183	0	2	0	3	0	153	135	165	80	23	0	0	0	206	183	239	165	26	0	1	0	37	49	168	93	0	3	0	0	2	0	58	205	17	0	0	0	2	3	1	26	2	0	
0	0	0	0	2	0	0	0	0	0	1	0	23	98	0	1	0	0	3	0	101	138	0	4	0	0	0	2	181	33	0	1	0	3	0	82	137	0	3	0	0	2	0	170	52	0	2	0	2	0	63	149	0	2	0	0	1	0	13	18	0	0	0	0	
0	1	0	11	53	3	0	0	1	0	72	167	193	80	0	3	0	78	221	19	55	163	0	3	0	33	82	0	62	170	0	3	1	0	22	0	123	101	0	4	3	0	174	246	231	108	55	2	2	0	83	150	130	142	74	0	0	0	0	0	0	0	0	0	
0	0	1	0	42	33	0	1	0	0	4	0	64	136	12	0	0	0	0	2	0	141	34	0	2	0	63	110	132	115	0	2	0	21	189	187	226	11	0	1	0	2	128	67	143	60	0	2	0	0	2	0	75	33	0	1	0	0	3	3	0	0	0	0	
0	0	0	3	1	7	1	0	0	1	4	0	77	186	68	0	0	2	0	89	148	29	144	1	0	1	160	153	11	0	149	11	0	134	113	0	0	79	139	0	0	187	98	81	129	145	25	0	0	38	93	88	51	0	1	0	0	0	0	0	0	2	1	0	
0	0	0	9	6	0	0	0	0	1	0	100	147	64	0	2	0	0	2	0	81	136	0	3	0	2	0	32	218	46	0	2	0	0	3	0	85	100	0	4	0	18	26	5	160	52	0	2	0	59	166	156	96	0	2	0	0	0	6	8	0	1	0	0	
0	0	0	0	0	1	0	0	0	0	3	86	131	31	0	1	2	0	56	160	97	148	0	3	3	0	95	110	16	187	0	0	4	0	107	124	0	154	12	0	3	0	68	118	0	182	16	0	1	0	19	125	141	96	0	2	0	1	0	18	48	0	0	0	
0	0	2	1	0	1	0	0	0	0	1	2	0	39	49	0	2	0	56	48	0	115	58	0	0	4	152	42	62	186	24	0	0	9	129	115	187	73	0	3	0	1	0	39	131	0	1	0	0	2	0	107	44	0	1	0	0	0	1	22	1	0	0	0	
0	0	1	1	0	1	0	0	0	1	0	23	68	2	0	0	1	0	15	140	142	91	0	3	3	0	81	87	72	181	0	2	3	0	88	122	163	51	0	1	0	0	3	78	169	6	0	0	0	1	0	24	106	0	2	0	0	0	0	12	24	0	1	0	
0	0	0	1	0	0	7	1	0	0	1	0	44	107	79	0	0	2	0	58	145	61	1	0	1	0	21	198	76	0	2	0	0	0	10	29	139	64	0	2	0	1	14	0	139	56	0	2	0	0	128	175	93	0	2	0	0	0	4	7	0	1	0	0	
0	0	0	1	0	0	0	0	0	0	2	0	82	106	0	1	0	2	0	46	178	163	0	2	0	3	0	144	173	107	0	4	0	2	0	48	219	30	0	2	0	3	0	123	115	0	3	0	1	0	122	143	3	0	0	0	0	0	39	11	0	0	0	0	
0	0	11	9	0	17	1	0	1	0	16	0	70	111	0	1	0	1	0	29	163	7	0	1	0	3	0	140	77	0	3	0	1	0	24	124	0	1	0	0	1	0	14	207	163	0	2	0	0	0	0	124	71	0	1	0	0	0	0	0	0	0	0	0	
0	0	0	0	0	0	0	0	0	1	0	25	81	0	2	0	0	1	0	30	128	0	2	0	0	2	0	59	139	0	3	0	0	3	0	75	97	0	3	0	0	3	0	126	51	0	2	0	0	2	0	105	41	0	1	0	0	0	0	2	4	0	0	0	
0	0	1	1	0	2	0	0	0	0	0	6	10	0	0	0	1	0	14	192	185	113	0	2	2	0	159	100	95	136	0	4	0	1	24	0	166	43	0	2	0	2	0	53	173	0	2	0	0	2	0	151	83	0	3	0	1	0	23	138	2	0	0	0	
0	0	3	0	0	1	0	0	0	2	0	11	28	1	1	0	0	2	101	131	171	78	0	3	0	122	70	0	60	74	16	0	0	136	116	88	97	116	155	3	0	2	42	36	4	17	144	3	0	1	0	3	0	91	73	0	0	0	2	2	0	18	6	0	
0	0	0	1	0	9	1	0	0	0	0	0	114	129	29	0	0	3	0	111	103	58	55	0	0	3	0	108	116	107	0	0	0	3	0	91	237	13	0	1	3	0	57	255	149	0	3	0	3	0	117	149	5	0	1	0	0	0	0	0	1	0	0	0	
0	1	2	0	0	1	2	0	1	0	15	151	103	5	0	1	0	0	188	147	103	199	93	0	0	94	200	0	0	62	241	29	0	160	143	0	0	120	173	0	0	86	218	72	136	235	39	0	0	6	149	174	147	51	0	2	0	1	0	0	0	0	1	0	
0	0	1	1	0	0	0	0	0	1	0	21	69	4	0	0	2	0	43	131	198	113	0	4	4	0	128	146	202	80	0	3	1	0	16	95	184	11	0	1	0	2	0	68	137	0	3	0	0	3	0	154	67	0	2	0	0	0	0	78	12	0	0	0	
0	0	0	7	13	0	0	0	1	0	27	121	123	101	0	1	0	0	3	37	111	102	0	2	0	3	0	130	185	55	0	2	0	0	0	1	0	143	36	0	0	59	23	0	31	136	13	0	0	48	126	113	122	37	0	2	0	0	4	8	1	1	1	0	
0	0	1	2	0	0	0	0	0	1	0	8	119	126	6	0	1	0	15	140	111	139	4	0	4	0	146	142	126	90	0	3	2	0	43	129	255	88	0	4	0	2	0	89	179	40	0	2	0	0	0	166	144	0	0	0	0	1	0	22	28	0	1	0	
0	0	0	0	0	0	0	0	0	1	63	111	33	0	1	0	0	56	179	137	164	0	3	2	0	6	0	59	149	0	2	0	0	0	0	172	49	0	52	53	3	0	89	158	52	161	174	47	2	0	40	87	106	72	2	0	0	0	0	0	0	0	2	2	
0	1	1	1	1	0	0	0	0	0	1	0	13	50	0	1	0	20	20	20	82	86	0	3	0	32	33	90	118	33	0	1	2	0	47	172	152	14	0	1	0	0	3	86	86	0	3	0	0	2	0	58	46	0	2	0	0	0	0	17	6	0	0	0	
0	0	0	0	0	0	0	0	0	2	0	81	49	0	2	0	0	4	0	127	118	0	4	0	0	4	0	128	142	0	4	0	0	4	0	113	161	0	4	0	0	3	0	87	203	0	2	0	0	2	0	43	143	0	1	0	0	0	0	0	0	0	0	0	
0	0	0	1	1	3	0	0	0	0	3	0	117	84	0	3	0	2	0	42	212	75	0	3	0	1	0	127	104	89	0	4	3	0	77	97	120	65	0	2	3	0	100	93	135	0	1	0	2	0	69	143	19	0	1	0	0	0	3	4	0	0	0	0	
0	0	0	1	1	0	0	0	0	2	0	74	33	14	0	1	0	0	14	64	110	87	0	3	2	0	57	117	134	28	0	1	4	0	92	166	70	4	0	0	1	0	14	40	120	7	0	1	0	1	0	19	165	27	0	1	0	0	1	1	1	0	0	0	
0	0	0	2	0	0	0	0	0	0	2	0	93	114	0	1	0	2	0	77	241	211	12	0	1	0	20	219	112	148	0	1	3	0	103	125	142	91	0	3	0	3	170	131	194	7	0	1	0	0	180	205	35	0	2	0	1	0	33	27	0	2	0	0	
0	0	0	0	0	0	0	0	0	3	0	96	69	0	2	0	0	4	0	137	91	0	3	0	0	4	0	131	90	0	3	0	0	4	0	133	107	0	3	0	0	4	0	132	170	0	3	0	0	3	0	80	169	0	1	0	0	0	0	0	0	0	0	0	
0	0	1	2	0	1	0	0	0	1	0	28	48	0	1	0	1	0	10	194	236	62	0	3	3	0	71	105	120	87	0	3	0	0	0	0	170	35	0	1	0	2	0	47	153	13	12	0	0	3	0	117	94	5	14	0	0	1	0	69	21	0	3	0	
0	0	1	0	0	0	0	0	0	0	0	60	139	129	24	0	0	3	192	146	39	169	136	0	0	0	115	158	169	145	1	0	1	0	12	163	144	179	0	2	4	0	125	88	113	141	0	4	3	0	76	194	161	25	0	1	0	0	3	47	9	0	0	0	
0	0	1	0	16	32	0	1	0	1	0	20	184	188	4	0	0	1	1	7	50	140	0	0	0	0	3	0	98	109	0	4	0	21	139	152	210	23	0	1	0	115	206	171	137	113	0	3	0	31	128	40	1	49	0	0	0	0	0	1	3	0	0	0	
0	0	0	0	0	0	0	0	0	12	92	102	62	8	0	0	0	70	63	37	153	25	0	1	0	3	104	195	132	74	38	0	0	12	96	35	0	26	153	42	1	0	17	127	130	151	110	4	0	0	5	105	122	57	0	1	0	0	0	0	0	0	2	1	
0	0	0	0	15	18	0	1	0	1	2	0	126	76	14	0	0	5	0	66	134	28	44	0	0	0	0	159	24	43	51	0	3	0	77	117	0	39	33	0	3	0	59	221	169	0	2	0	1	0	9	107	41	0	2	0	0	0	0	0	0	0	0	0	
0	0	0	0	0	0	0	0	0	0	0	15	75	0	1	0	0	1	0	35	133	0	3	0	0	2	0	54	128	0	3	0	0	2	0	60	114	0	3	0	0	2	0	60	116	0	3	0	0	2	0	60	120	0	3	0	0	0	0	5	17	0	0	0	
0	0	0	1	3	0	1	1	0	0	0	3	0	29	83	9	0	1	0	9	87	119	34	0	0	0	10	124	58	0	0	0	1	0	7	130	129	0	3	0	0	59	112	131	76	0	2	0	0	5	50	35	0	1	0	0	0	0	0	0	2	0	0	0	
1	2	3	3	3	4	0	0	0	0	0	0	0	0	0	0	45	171	180	177	176	94	0	1	21	48	59	54	65	216	21	0	0	0	2	0	45	199	7	0	1	2	3	0	186	104	0	3	0	3	0	120	182	0	1	0	1	0	15	188	32	0	1	0	
0	0	0	0	0	0	11	7	0	0	1	0	15	84	105	4	0	1	0	17	134	109	9	0	0	2	2	170	95	0	2	0	1	0	16	99	166	35	0	1	0	57	80	80	158	3	0	1	0	31	111	117	22	0	1	0	0	0	0	0	1	0	0	0	
0	0	1	0	0	1	0	0	0	1	0	56	72	0	0	0	3	0	67	145	113	55	0	2	4	0	148	83	92	133	0	4	2	0	57	158	188	133	0	4	0	0	3	0	102	106	0	4	0	0	4	0	153	48	0	2	0	0	0	0	55	5	0	0	
0	0	0	0	6	1	0	0	0	2	0	49	155	105	0	3	0	0	1	0	97	77	0	2	0	3	0	79	154	0	0	0	0	1	0	44	171	36	0	2	0	22	29	69	123	0	1	0	0	32	170	132	11	0	1	0	0	0	3	1	1	0	0	0	
0	0	0	0	0	0	0	0	2	0	63	39	0	19	0	0	3	0	171	67	31	182	0	1	2	0	163	16	80	208	0	1	3	0	101	138	193	145	0	3	0	0	0	70	215	35	0	2	0	0	1	1	153	17	0	1	0	0	0	4	27	2	0	0	
0	0	1	1	1	1	0	0	0	0	0	5	6	0	0	0	1	0	0	180	206	62	0	3	3	0	88	142	145	67	0	3	0	0	3	18	152	5	0	0	0	3	0	103	112	0	3	0	0	0	0	143	27	0	1	0	1	0	25	88	0	2	0	0	
0	0	0	0	1	1	0	0	0	0	1	0	33	84	0	2	0	0	3	0	118	79	0	3	0	0	0	13	151	6	0	0	0	3	0	87	112	0	3	0	0	0	0	145	26	0	1	0	1	0	22	117	0	1	0	0	0	0	0	0	0	0	0	0	
0	0	0	0	6	43	2	0	0	0	3	0	113	122	0	2	0	2	0	71	159	0	0	0	1	0	12	154	25	5	2	0	3	0	109	79	72	178	24	0	3	0	123	126	201	99	0	1	1	0	18	115	62	0	0	0	0	0	0	0	0	2	0	0	
0	0	2	0	0	0	0	0	0	2	0	59	159	134	109	32	2	0	114	175	71	50	27	5	1	0	202	182	63	0	1	0	1	0	19	70	193	120	0	3	0	0	2	0	38	184	0	0	0	0	103	154	191	132	0	2	0	0	19	60	54	2	0	0	
0	0	0	0	4	34	2	0	0	0	3	0	116	112	0	2	0	2	0	44	183	5	0	1	0	2	0	149	63	0	2	0	1	0	31	159	107	29	0	1	4	0	107	196	167	37	0	2	2	0	54	128	40	0	1	0	0	0	0	0	0	0	0	0	
0	0	1	1	0	0	0	0	0	1	0	38	92	59	15	0	2	0	40	217	181	174	116	0	4	0	98	136	0	4	0	0	1	0	22	198	67	0	3	0	0	0	1	48	183	22	0	1	3	0	57	166	156	7	0	1	1	0	15	121	33	0	1	0	
0	0	1	2	0	1	0	0	0	0	1	2	0	71	35	0	0	0	11	73	21	149	7	0	3	0	88	61	87	75	0	3	2	0	107	97	165	25	0	1	0	3	0	135	87	0	2	0	1	0	20	99	0	0	0	0	0	0	11	17	0	1	0	0	
0	0	0	0	0	0	0	0	0	0	2	0	57	69	0	2	0	0	2	0	177	76	0	3	0	1	0	35	173	0	0	0	0	3	0	97	148	0	3	0	0	3	0	154	68	0	2	0	0	0	6	128	5	0	0	0	0	0	1	17	0	0	0	0	
0	0	0	0	0	0	0	0	1	0	12	86	111	113	0	1	1	0	14	33	115	92	0	2	0	2	0	116	168	46	0	1	0	1	3	63	162	150	0	4	0	1	0	26	183	41	0	2	0	41	152	168	50	0	2	0	0	14	57	9	0	2	0	0	
0	0	3	0	0	0	0	0	0	0	0	13	10	0	0	0	1	0	115	204	228	32	0	2	0	2	209	241	255	46	0	2	1	0	47	93	233	43	0	2	0	1	0	21	233	39	0	2	0	1	0	28	227	29	0	2	0	1	0	20	136	3	0	0	
0	0	0	0	0	0	0	0	0	2	0	81	183	103	7	0	0	1	0	97	140	169	0	1	0	1	4	0	129	69	0	3	0	1	0	88	130	0	3	0	0	30	206	208	116	11	0	1	0	50	136	4	68	127	17	0	0	0	0	1	0	8	6	0	
0	1	0	0	0	0	0	0	1	0	27	65	99	55	0	2	0	59	103	48	96	25	0	2	0	10	29	136	62	33	12	0	0	4	137	96	47	62	93	21	0	9	16	0	1	0	96	30	1	0	36	74	96	107	52	0	0	0	18	40	26	4	0	1	
0	0	0	0	4	29	0	0	0	0	3	0	103	105	0	8	0	2	0	64	157	0	55	20	1	0	8	165	28	0	1	0	3	0	72	90	0	5	24	8	3	0	60	158	203	51	22	12	1	0	23	90	32	0	0	0	0	0	0	0	0	0	1	0	
0	1	0	0	0	0	0	0	1	0	115	69	0	7	0	0	0	33	251	59	179	122	0	4	0	85	250	0	187	163	0	5	0	78	246	113	205	238	112	0	0	0	84	107	172	207	0	1	0	0	2	0	40	208	23	0	0	0	3	5	0	28	14	0	
0	0	0	5	6	3	2	0	0	0	0	3	57	124	0	1	0	0	0	5	152	41	0	2	0	2	0	108	75	0	2	0	1	0	16	136	98	2	0	0	2	0	35	228	137	0	3	0	2	0	33	168	8	0	1	0	0	0	0	0	1	0	0	0	
0	0	1	1	0	1	1	0	2	0	56	192	143	22	0	1	0	0	204	94	128	187	0	2	0	78	192	0	0	182	104	0	0	128	119	0	0	44	201	6	0	112	179	39	21	108	179	0	0	7	119	176	196	180	33	0	0	0	0	0	1	0	1	0	
0	0	0	2	0	2	2	0	0	5	8	1	0	79	23	0	0	1	3	63	26	88	0	1	2	0	46	74	60	65	0	1	3	0	114	139	163	97	2	0	0	0	14	52	98	0	2	0	0	1	0	28	49	0	2	0	0	0	1	2	1	0	0	0	
0	0	0	0	0	0	0	0	0	2	0	57	104	0	3	0	0	3	0	84	154	0	4	0	0	3	0	82	146	0	4	0	0	2	0	62	165	0	2	0	0	1	0	26	188	0	0	0	0	1	0	17	126	0	0	0	0	0	0	0	0	0	0	0	
0	0	0	2	1	0	0	0	0	0	1	0	25	26	0	1	0	0	2	38	83	22	0	1	0	0	9	106	101	0	0	0	1	0	4	130	113	0	1	0	0	2	0	54	38	0	1	0	0	1	0	71	19	0	0	0	0	0	0	16	1	0	0	0	
0	0	2	0	0	0	1	0	0	0	0	26	95	53	0	1	0	0	84	158	127	178	37	0	0	36	195	64	32	158	40	0	1	0	38	145	255	99	0	4	1	0	22	121	181	50	0	2	2	0	136	144	78	0	2	0	1	0	64	81	0	1	0	0	
0	0	0	7	54	20	0	1	0	2	0	35	167	144	0	1	0	0	2	0	82	123	0	2	0	2	0	43	246	111	0	3	0	2	0	5	18	129	0	0	0	90	180	54	113	117	0	3	0	7	104	152	139	20	0	1	0	0	0	0	0	1	0	0	
0	1	0	16	17	0	1	0	0	2	0	122	52	0	2	0	0	0	11	145	1	0	0	0	1	0	31	132	11	21	0	1	1	0	41	113	153	146	0	4	1	0	13	153	199	77	0	3	0	1	0	95	75	0	1	0	0	0	0	0	0	1	0	0	
0	0	1	1	0	0	0	0	0	1	0	34	127	110	13	0	2	0	42	170	85	120	24	0	4	0	96	146	104	68	0	2	1	0	0	190	226	19	0	1	1	0	26	135	94	94	0	3	1	0	20	181	171	22	0	1	0	1	0	42	30	0	1	0	
0	0	0	0	0	0	0	0	0	0	0	8	44	54	63	19	2	0	38	224	222	194	157	34	4	0	119	241	37	0	1	0	1	0	40	135	210	95	0	4	0	1	0	54	239	125	0	4	0	38	200	219	106	0	0	0	0	26	58	1	0	1	0	0	
0	0	0	1	0	0	0	0	0	1	0	4	115	65	0	2	0	1	0	137	143	54	0	1	1	0	12	150	96	64	0	2	0	3	0	158	201	0	0	1	1	0	17	126	136	21	0	1	1	0	4	182	118	0	2	0	0	0	0	38	10	0	0	0	
0	2	2	0	2	1	0	0	0	0	7	23	2	1	0	0	0	41	176	149	141	21	0	1	0	130	100	0	84	157	0	1	0	48	136	61	121	192	0	0	1	0	39	82	100	155	0	2	0	1	1	0	20	170	3	0	0	0	2	3	5	100	7	0	
0	1	0	40	36	0	1	0	0	2	0	101	197	15	0	1	0	2	0	35	189	15	0	1	0	3	0	99	228	99	0	3	0	17	28	0	49	123	0	3	0	48	202	101	185	54	0	2	1	0	83	162	60	0	2	0	0	0	0	0	1	1	0	0	
0	0	0	0	0	1	2	0	0	9	109	99	69	15	0	1	0	47	232	175	187	185	49	0	0	88	147	0	0	44	181	6	0	113	128	0	0	35	219	27	0	100	133	0	66	224	141	0	0	3	138	205	201	103	7	0	1	0	12	57	10	0	2	0	
0	0	0	2	0	1	0	0	0	0	1	1	153	89	55	0	0	2	0	163	155	51	147	0	3	0	108	164	0	130	113	0	0	6	170	7	66	209	13	0	0	61	150	97	220	59	0	2	0	29	196	162	26	0	2	0	0	0	1	0	1	2	0	0	
0	0	0	0	0	0	0	0	0	1	0	19	81	35	0	2	0	3	0	89	160	30	0	2	0	3	0	103	125	0	3	0	0	2	0	116	133	0	1	0	0	0	4	98	105	30	0	1	0	2	0	76	154	25	0	1	0	0	0	5	28	0	0	0	
0	0	0	0	1	0	0	0	0	0	1	0	32	133	0	1	0	0	4	0	130	138	0	3	0	1	0	19	194	23	0	1	0	3	0	112	142	0	3	0	1	0	15	206	41	0	2	0	2	0	64	139	0	2	0	0	0	0	0	0	1	0	0	0	
0	0	0	0	0	0	0	0	1	0	9	98	116	9	0	1	2	0	55	155	140	69	0	3	1	0	18	139	71	41	0	2	0	3	0	126	221	0	0	0	0	3	0	113	194	23	0	1	0	2	0	76	197	28	0	2	0	0	0	4	25	0	0	0	
0	0	0	1	0	0	0	0	0	1	0	20	31	78	0	0	0	1	0	147	92	128	0	3	3	0	86	101	97	119	9	0	1	0	195	172	216	140	13	0	0	3	21	170	113	0	3	0	1	0	19	155	8	0	1	0	0	0	15	28	0	1	0	0	
0	2	1	0	0	1	0	0	1	0	25	99	78	0	2	1	0	56	227	131	120	50	0	0	0	156	126	41	175	194	156	8	0	71	182	76	23	0	191	42	1	0	122	195	175	189	142	0	0	1	0	12	49	51	4	0	0	0	3	0	0	0	1	0	
0	0	1	1	0	0	0	0	0	1	0	12	122	217	69	0	1	0	12	175	143	93	14	0	1	0	19	199	71	0	2	0	0	1	0	15	166	82	0	3	0	2	66	29	119	124	0	4	0	26	207	190	121	5	0	1	0	0	0	0	0	0	0	0	
0	0	0	0	0	0	0	0	0	0	0	83	113	55	0	1	3	0	83	146	49	117	0	1	1	0	23	170	139	27	0	1	0	0	4	145	162	36	0	2	3	0	82	67	86	116	0	4	3	0	66	128	159	52	0	2	0	0	3	59	33	0	1	0	
0	0	1	0	31	62	0	2	0	0	4	0	133	83	0	3	0	1	0	42	154	0	1	0	0	1	0	144	66	0	1	0	2	0	57	163	134	148	0	0	4	0	98	247	172	141	0	0	1	0	21	71	48	1	0	0	0	0	0	0	0	2	0	0	
0	0	0	0	1	0	0	0	0	5	78	67	5	0	0	0	0	45	162	147	182	7	0	1	1	0	0	141	171	0	2	0	2	0	55	211	195	110	0	1	0	0	1	0	10	185	77	0	0	0	2	0	38	184	55	0	0	0	0	1	105	77	0	2	
0	0	2	0	0	1	0	0	0	0	2	5	1	6	46	1	3	0	97	87	0	68	174	0	0	20	215	77	33	201	104	0	0	38	194	151	211	179	0	1	0	0	0	0	185	50	0	2	0	4	0	138	149	0	4	0	0	1	0	88	24	0	1	0	
0	0	0	0	0	0	0	0	2	0	46	142	146	40	0	2	2	0	77	89	194	125	0	4	0	2	0	139	233	22	0	1	1	0	12	117	133	149	0	1	0	49	81	0	11	201	27	0	0	22	155	131	177	124	0	1	0	0	1	35	28	0	0	0	
0	0	2	1	1	1	0	0	0	0	0	2	0	0	0	0	2	0	59	220	192	133	0	2	2	0	170	123	86	173	0	3	0	1	15	0	147	93	0	3	0	2	0	40	195	8	0	1	0	3	0	153	113	0	3	0	0	1	0	118	25	0	1	0	
0	1	1	2	2	3	1	0	0	0	0	0	0	0	0	0	8	18	29	48	61	58	16	0	38	113	108	111	80	208	54	0	0	0	2	0	105	102	0	2	1	4	0	69	165	0	1	0	0	0	0	167	42	0	2	0	0	0	8	47	0	1	0	0	
0	0	1	1	2	7	0	0	0	1	0	13	150	91	0	2	1	0	21	179	91	73	45	0	3	0	87	140	43	111	0	1	0	2	0	159	241	32	0	2	2	0	55	185	195	60	0	3	4	0	104	204	90	0	1	0	0	0	0	3	1	0	0	0	
0	0	0	2	1	1	0	0	0	0	0	0	13	4	0	0	0	2	0	39	182	94	0	3	0	2	0	170	244	104	0	4	0	0	0	34	184	36	0	2	0	2	0	58	147	0	2	0	0	1	0	156	49	0	2	0	1	0	19	79	0	1	0	0	
0	0	0	0	0	0	0	0	0	1	0	30	126	123	17	0	0	2	0	210	206	91	155	0	3	0	106	219	10	74	161	0	0	63	224	27	0	197	104	0	0	149	65	0	150	168	0	0	0	114	150	172	128	0	0	0	0	10	67	32	0	3	1	0	
0	1	0	6	13	0	1	0	2	0	42	132	120	115	8	0	0	0	151	39	25	103	71	0	0	50	126	0	18	37	86	0	0	14	152	168	165	170	36	0	3	0	147	95	6	80	66	0	2	0	126	83	76	125	18	0	0	0	3	18	19	6	0	0	
0	0	2	1	0	0	0	0	2	0	53	168	111	55	0	1	0	0	4	17	89	152	0	0	0	3	0	72	231	76	0	3	0	0	0	93	76	166	16	0	0	60	54	0	79	155	0	0	0	67	186	165	149	20	0	1	0	0	6	7	0	1	0	0	
0	0	0	0	0	0	0	0	0	36	53	0	36	64	0	2	0	89	150	0	72	145	0	4	0	93	110	0	151	142	0	4	0	85	193	161	197	153	0	3	0	0	42	17	59	182	0	3	0	0	1	0	12	151	27	0	0	0	2	2	0	25	20	0	
0	0	0	0	1	1	0	0	0	0	2	0	70	113	0	3	0	0	3	0	142	77	0	3	0	1	0	26	158	1	0	0	0	3	0	117	95	0	3	0	1	0	32	176	4	0	0	0	3	0	97	85	0	3	0	0	0	0	4	1	0	0	0	0	
0	0	1	0	0	0	0	0	0	0	0	45	122	156	14	0	3	0	63	206	75	39	1	0	4	0	104	234	86	2	0	0	1	0	19	52	160	120	0	3	2	0	97	35	123	148	0	4	2	0	33	173	155	14	0	1	0	0	0	0	0	0	0	0	
0	0	2	2	0	3	1	0	0	1	0	2	8	0	0	0	2	0	37	189	213	111	31	0	0	19	194	128	225	242	28	0	0	43	204	153	252	133	0	4	1	0	22	49	206	33	0	1	0	4	0	125	148	0	3	0	0	0	0	150	40	0	1	0	
0	0	2	0	0	0	1	0	0	3	0	32	109	144	28	0	3	0	97	223	217	251	165	0	0	60	238	48	107	132	182	4	0	187	98	0	0	76	178	0	0	202	54	14	92	202	51	0	0	116	212	204	163	35	0	2	0	0	19	19	0	1	2	0	
0	0	1	1	0	0	2	0	0	3	0	87	200	103	0	1	2	0	23	229	244	255	120	0	0	13	212	215	1	100	224	0	0	164	200	8	0	183	177	0	0	213	102	63	210	236	32	0	0	84	214	191	155	29	0	2	0	0	0	0	0	1	1	0	
0	0	0	0	0	0	0	0	1	0	8	105	194	52	0	2	2	0	179	228	96	7	0	0	2	0	182	227	148	128	0	0	1	0	29	45	45	240	43	0	1	0	31	44	124	241	26	0	2	0	44	178	187	64	0	2	0	0	0	0	0	0	1	0	
0	0	0	2	1	2	0	0	0	0	1	0	9	2	0	0	0	2	0	72	218	110	3	0	1	0	11	156	255	149	0	3	4	0	90	163	209	50	0	2	2	0	39	96	132	3	0	0	0	2	0	68	110	0	3	0	0	2	0	88	47	0	2	0	
0	0	0	0	0	0	0	0	0	2	0	81	139	22	0	1	0	0	0	15	113	91	0	3	0	0	3	0	105	50	0	2	0	0	2	94	152	0	0	0	3	0	47	212	138	2	0	1	3	0	88	145	0	1	0	0	0	0	12	12	0	0	0	0	
0	0	0	0	1	3	3	0	0	0	0	2	0	128	35	0	0	0	3	0	105	127	0	3	0	2	0	43	182	8	0	1	0	2	0	163	76	0	3	0	3	0	90	149	0	3	0	0	0	1	136	26	0	1	0	0	0	1	3	1	0	0	0	0	
0	0	1	1	0	0	0	0	0	2	0	96	63	0	5	0	1	0	21	225	209	241	86	0	4	0	100	192	3	160	163	0	4	0	178	155	0	149	110	0	3	0	184	216	149	181	10	0	3	0	66	219	131	3	0	1	0	0	0	0	0	2	1	0	
0	0	0	0	0	47	25	0	0	0	3	0	77	185	136	0	0	2	1	3	0	80	119	0	1	0	16	20	0	142	32	0	0	56	156	157	127	104	0	3	8	155	14	89	242	14	0	1	34	69	1	81	102	21	0	1	0	1	1	0	0	0	0	0	
0	0	1	1	0	0	0	0	0	1	0	29	110	63	48	0	2	0	33	198	132	180	121	0	3	0	168	116	0	143	96	0	0	30	178	0	19	199	24	0	0	51	182	0	173	116	0	3	0	8	176	206	106	0	2	0	1	0	15	29	0	3	0	0	
0	0	2	0	3	4	1	0	0	0	0	38	3	0	0	0	3	0	109	232	124	126	23	0	0	0	90	46	95	201	16	0	0	0	1	0	169	59	0	2	0	3	0	92	154	0	3	0	1	0	17	196	31	0	1	0	1	0	36	73	0	2	0	0	
0	0	0	0	2	3	0	0	0	1	18	15	0	0	0	0	0	9	190	153	148	150	6	0	0	67	166	0	68	209	2	0	0	116	117	0	98	173	0	3	0	21	12	0	158	115	0	4	0	0	3	0	176	77	0	3	0	2	0	4	138	18	0	1	
0	0	2	2	0	0	1	0	0	2	0	7	137	89	0	1	2	0	34	161	134	170	135	0	0	36	183	60	0	60	178	0	0	162	83	0	0	140	118	0	0	180	82	16	108	160	7	0	0	47	140	118	82	4	0	0	0	0	0	0	0	2	1	0	
0	2	2	0	1	3	0	0	0	0	4	21	7	0	1	0	0	71	182	151	203	108	0	2	0	107	205	148	168	232	120	0	0	0	5	14	0	174	94	0	0	2	2	0	161	122	0	2	0	3	0	127	150	0	4	0	0	2	0	139	65	0	2	0	
0	0	0	0	0	0	0	0	0	0	3	0	123	75	0	3	0	1	0	5	204	49	0	2	0	3	0	77	188	0	2	0	0	3	0	152	137	0	4	0	1	0	22	214	36	0	2	0	3	0	85	172	0	1	0	0	0	0	3	1	1	0	0	0	
0	0	3	3	1	0	1	0	0	0	0	0	2	11	0	0	1	0	60	89	109	83	94	24	0	5	163	113	86	67	27	1	0	3	63	11	0	100	23	0	0	7	5	0	25	122	11	0	0	24	100	103	121	41	0	2	1	0	18	31	2	0	0	0	
0	0	0	0	0	0	0	0	2	0	41	148	75	0	2	0	1	0	13	118	119	0	4	0	0	0	0	159	147	68	0	1	2	0	42	118	97	156	0	2	0	0	1	0	119	61	0	2	0	0	65	147	83	0	1	0	0	0	52	35	0	2	0	0	
0	0	1	1	0	0	0	0	0	1	0	28	57	0	0	0	0	0	8	105	110	18	0	1	3	0	71	60	70	60	0	2	2	0	50	112	169	28	0	1	0	0	0	28	117	0	0	0	0	1	0	25	96	0	2	0	0	0	0	8	50	0	0	0	
0	0	0	1	0	11	9	0	0	1	0	7	98	120	41	0	0	1	0	129	65	49	31	0	0	0	0	144	134	71	0	1	0	3	0	86	211	37	0	2	2	0	47	132	111	25	0	1	3	0	76	147	60	0	2	0	0	0	0	7	1	0	0	0	
0	3	2	0	0	0	0	0	0	0	0	17	20	0	0	0	9	131	156	170	216	48	0	2	1	43	46	0	168	72	0	3	0	0	2	0	176	64	0	3	0	3	0	15	219	38	0	2	0	2	0	45	221	12	0	1	0	1	0	32	132	0	1	0	
0	0	0	2	0	0	0	0	0	0	1	0	133	83	0	1	0	2	0	107	210	175	9	0	0	1	0	23	64	115	0	3	2	0	53	114	139	14	0	1	0	8	177	198	187	56	0	1	0	32	169	21	46	79	0	2	0	0	0	1	1	0	0	0	
0	0	1	1	5	13	4	0	1	0	56	180	179	142	29	0	1	0	149	30	7	3	0	0	2	0	123	129	24	0	1	0	0	0	1	86	152	63	0	2	0	0	45	43	107	217	25	0	2	0	89	199	187	117	3	0	0	0	0	0	0	0	0	0	
0	0	1	1	0	0	0	0	0	0	0	4	65	48	0	1	1	0	19	95	126	178	0	3	1	0	128	64	128	119	0	3	0	0	101	101	194	20	0	1	0	3	0	84	120	0	3	0	1	0	15	177	30	0	1	0	1	0	30	64	0	2	0	0	
0	0	0	0	0	0	0	0	0	0	2	0	87	21	0	1	0	0	2	0	116	25	0	1	0	0	0	13	117	0	0	0	0	2	0	70	84	0	3	0	0	1	0	127	23	0	1	0	1	0	16	95	0	1	0	0	0	0	0	1	0	0	0	0	
0	0	0	0	5	11	0	0	0	1	0	6	172	182	13	0	0	1	0	40	95	175	44	0	0	1	3	0	52	119	0	2	2	0	56	164	188	18	0	1	0	11	223	184	159	140	0	3	0	31	109	4	9	55	0	1	0	0	0	2	3	0	0	0	
0	0	0	2	0	1	0	0	0	0	0	6	108	48	0	2	0	2	0	105	240	172	0	2	2	0	32	175	69	126	53	0	3	0	104	59	0	97	49	0	1	0	122	5	60	131	0	1	3	0	122	165	118	13	0	1	1	0	14	48	4	1	1	0	
0	0	0	2	0	1	0	0	0	0	0	6	26	0	1	0	0	1	0	139	190	133	3	0	2	0	50	120	69	146	0	2	0	0	2	0	147	54	0	2	0	3	0	85	128	0	3	0	1	0	20	157	14	0	1	0	1	0	39	58	0	2	0	0	
0	0	3	0	54	89	0	1	0	2	0	53	141	53	1	0	1	0	26	181	25	0	1	0	3	0	141	86	13	109	84	0	1	0	154	84	116	82	132	0	3	0	130	230	129	126	24	0	1	0	11	66	53	8	0	1	0	0	1	0	0	2	1	0	
0	1	3	0	0	0	0	0	0	0	0	21	27	0	0	0	0	14	154	155	174	146	0	3	0	54	122	0	104	142	0	4	0	0	2	0	170	64	0	2	0	3	0	41	179	1	0	0	0	3	0	154	98	0	3	0	1	0	23	153	10	0	0	0	
0	0	0	1	1	1	0	0	0	0	0	8	19	0	0	0	0	1	0	119	178	29	0	2	0	0	8	130	117	81	0	3	0	2	0	99	209	35	0	2	0	0	0	8	134	4	0	0	0	2	0	58	101	0	3	0	0	2	0	61	39	0	1	0	
0	0	1	2	0	0	0	0	0	0	0	3	60	49	0	0	1	0	12	136	137	229	39	0	3	0	120	98	140	176	0	2	3	0	122	161	210	74	0	3	1	0	9	44	161	11	0	1	0	3	0	129	120	0	4	0	0	0	0	89	23	0	1	0	
0	0	0	0	1	0	0	0	0	0	1	0	71	14	0	0	0	1	0	10	162	11	0	1	0	2	0	62	123	0	3	0	0	3	0	102	86	0	3	0	0	3	0	107	63	0	2	0	0	3	0	101	51	0	2	0	0	0	0	13	7	0	0	0	
0	0	0	1	2	1	1	0	0	0	1	4	0	79	49	0	0	2	0	49	85	136	12	0	0	0	3	115	135	79	0	3	3	0	114	152	180	35	0	1	1	0	68	197	51	0	2	0	1	0	39	81	0	2	0	0	0	0	7	4	1	0	0	0	
0	0	1	2	0	1	0	0	0	0	1	4	0	37	37	0	0	0	8	103	9	109	21	0	2	0	95	57	38	120	0	3	0	15	153	37	147	104	0	2	1	0	39	104	145	0	1	0	0	2	0	47	96	0	3	0	0	0	0	18	15	0	1	0	
0	0	0	0	1	3	0	0	0	0	0	2	104	168	23	0	0	1	0	20	63	134	17	0	0	0	2	0	70	111	0	3	0	20	132	178	204	16	0	1	0	32	212	169	167	55	0	2	1	0	31	0	86	106	0	3	0	1	0	2	2	0	0	0	
0	0	3	0	0	0	0	0	0	1	2	0	74	51	0	2	0	5	120	0	144	118	0	4	0	116	214	44	187	141	0	4	0	52	83	42	175	145	0	4	0	0	4	0	133	140	0	4	0	2	7	0	137	114	0	4	0	0	0	0	19	19	0	1	
0	0	0	1	0	3	6	0	0	0	2	0	80	169	48	0	0	3	0	55	201	35	0	1	0	2	0	76	159	57	0	2	0	26	16	0	48	112	0	3	0	96	147	7	132	41	0	2	1	0	115	178	76	0	2	0	0	0	0	2	1	1	0	0	
0	0	0	0	0	1	0	0	1	0	45	11	38	23	0	1	3	0	79	47	64	70	0	3	2	0	88	33	71	131	0	3	0	6	161	107	125	136	0	1	0	3	36	4	21	104	0	2	0	0	0	0	10	118	0	0	0	0	2	0	0	13	1	0	
0	0	1	1	0	0	0	0	0	1	0	28	121	74	0	2	1	0	29	157	55	99	32	0	2	0	49	134	66	97	0	0	0	3	0	129	231	21	0	1	1	0	38	124	110	67	0	2	3	0	72	144	105	7	0	0	0	0	6	52	16	0	1	0	
0	0	0	0	0	0	0	0	0	91	123	125	59	0	1	0	0	138	129	151	255	66	0	3	0	1	0	148	255	44	0	2	1	0	17	152	184	188	37	0	0	9	16	0	42	241	75	0	0	26	173	222	227	143	3	0	1	0	21	57	20	0	1	0	
0	0	0	0	10	57	0	1	0	0	2	0	92	90	0	3	0	2	0	46	128	0	1	0	0	2	0	118	74	36	0	1	1	0	27	181	208	149	0	4	1	0	12	218	152	14	0	1	0	1	0	38	14	0	1	0	0	0	1	0	2	1	0	0	
0	0	0	0	0	0	0	0	1	0	31	115	127	115	7	0	3	0	95	135	0	117	77	0	0	0	2	136	36	114	51	0	2	0	38	163	197	99	0	2	2	0	146	30	69	115	0	3	1	0	140	132	130	29	0	1	1	0	21	56	4	0	0	0	
0	0	0	1	1	0	0	0	0	0	1	0	3	27	77	16	0	2	0	64	130	119	68	0	0	0	10	141	50	0	2	0	0	0	6	73	110	0	3	0	0	80	60	25	113	0	1	0	0	33	97	96	41	0	2	0	0	0	0	0	0	0	0	0	
0	0	1	1	4	11	0	0	0	0	0	4	75	108	41	0	0	0	3	111	56	8	95	0	3	0	93	80	0	16	96	0	0	16	107	0	0	75	81	0	0	65	95	0	68	132	1	0	0	23	121	112	102	13	0	1	0	0	7	11	0	1	0	0	
0	0	0	2	1	0	0	0	0	2	3	0	7	50	15	0	0	3	0	74	178	202	10	0	2	0	80	101	109	167	0	3	0	19	155	94	224	51	0	2	0	10	105	125	157	0	2	0	0	3	0	133	89	0	3	0	0	1	1	77	17	0	0	0	
0	0	2	0	2	2	0	0	0	0	2	28	5	0	0	0	3	0	95	162	139	33	0	1	0	0	149	1	172	115	0	4	2	0	93	145	167	82	0	3	0	0	3	0	71	115	0	4	0	0	3	0	42	145	0	2	0	0	0	0	6	115	5	0	
0	0	1	2	0	0	0	0	0	1	0	9	78	26	0	1	1	0	7	129	165	184	0	2	2	0	122	65	104	188	0	2	0	0	152	136	214	71	0	3	0	0	8	25	150	14	0	1	0	3	0	94	131	0	3	0	0	2	0	70	37	0	1	0	
0	0	3	4	1	0	0	0	0	1	0	0	1	1	0	0	0	0	79	115	11	0	3	0	0	120	238	194	152	0	2	1	0	41	13	114	255	186	43	0	0	0	0	145	72	81	179	10	0	2	1	0	0	0	15	7	0	0	0	3	3	2	0	0	
0	0	0	0	1	0	0	0	0	0	2	0	62	99	0	3	0	0	3	0	150	86	0	3	0	1	0	34	171	1	0	0	0	3	0	129	108	0	3	0	1	0	29	187	13	0	1	0	3	0	95	111	0	3	0	0	0	0	2	1	1	0	0	0	
0	0	0	0	2	0	0	0	0	0	1	0	30	130	0	1	0	0	3	0	115	143	0	3	0	1	0	28	200	20	0	1	0	3	0	162	122	0	3	0	1	0	29	210	17	0	1	0	2	0	49	126	0	2	0	0	0	0	0	0	0	0	0	0	
0	0	0	0	1	0	0	0	0	0	2	0	61	108	0	3	0	0	4	0	145	92	0	3	0	1	0	27	173	6	0	1	0	4	0	131	120	0	3	0	1	0	22	190	18	0	1	0	3	0	104	95	27	41	0	1	0	0	5	0	8	6	0	0	
0	0	0	0	0	0	0	0	0	0	0	11	84	0	0	0	0	1	0	30	169	0	1	0	0	1	0	43	147	0	2	0	0	3	0	74	120	0	3	0	0	3	0	93	124	0	4	0	0	3	0	72	111	0	3	0	0	0	0	6	13	0	0	0	
0	0	0	2	1	1	0	0	0	0	0	13	22	0	1	0	0	1	0	157	121	9	0	1	1	0	17	62	84	124	0	3	0	0	2	0	104	52	0	2	0	1	0	42	134	0	2	0	0	2	0	126	51	0	2	0	0	0	8	67	0	1	0	0	
0	0	0	0	0	0	0	0	0	1	0	19	49	95	31	0	0	3	0	150	154	34	2	0	1	0	31	152	0	0	0	0	3	0	73	168	84	23	0	1	0	0	10	18	116	106	0	4	0	0	6	86	133	27	0	1	0	0	0	45	16	0	1	0	
0	0	1	0	29	64	0	2	0	0	2	0	147	72	0	2	0	2	0	116	114	0	2	0	2	0	63	149	0	41	4	0	3	0	133	79	111	189	51	0	3	0	140	225	138	109	9	0	1	0	30	73	42	4	0	0	0	0	0	0	0	2	1	0	
0	4	58	26	0	1	0	0	0	5	92	155	97	0	3	0	0	0	1	0	155	32	0	2	0	0	1	34	187	133	3	0	2	0	83	148	175	117	152	6	0	7	165	102	122	0	84	29	2	0	55	136	23	0	1	0	0	0	0	0	0	0	3	1	
0	0	1	2	0	1	0	0	0	0	0	7	19	0	0	0	1	0	15	122	196	56	0	2	4	0	124	152	217	110	0	4	1	0	25	64	188	44	0	2	0	1	0	35	158	0	1	0	0	3	0	138	91	0	3	0	0	0	8	132	13	0	0	0	
0	0	0	1	1	0	0	0	0	1	0	42	80	0	2	0	0	1	0	33	93	0	3	0	0	2	0	46	100	0	3	0	0	2	0	46	101	0	3	0	0	2	0	57	103	0	3	0	0	2	0	53	105	0	3	0	0	0	0	0	2	0	0	0	
0	0	0	0	1	1	1	0	0	0	1	0	20	151	7	0	0	0	3	0	130	152	0	4	0	1	0	21	202	33	0	2	0	3	0	131	142	0	3	0	2	0	35	208	23	0	1	0	3	0	104	106	0	3	0	0	0	0	2	1	1	0	0	0	
0	0	0	5	6	0	0	0	1	0	101	166	181	74	0	3	0	8	79	11	32	151	0	1	0	1	0	5	26	122	0	1	2	0	88	155	237	160	0	2	0	42	146	85	155	107	15	0	0	19	140	115	7	0	1	0	0	0	2	0	2	4	0	0	
0	1	0	33	49	0	1	0	0	2	0	43	157	82	0	3	0	1	0	0	175	90	0	3	0	3	0	64	170	148	12	0	6	13	0	0	12	159	11	0	24	185	83	26	157	84	0	3	0	33	121	131	64	0	1	0	0	0	0	0	0	2	0	0	
0	1	1	0	0	1	1	0	1	0	20	68	57	27	0	1	0	28	186	105	123	147	9	0	0	115	100	0	153	163	29	0	0	61	164	61	174	173	5	0	1	0	61	132	179	99	0	4	0	1	3	0	68	154	0	2	0	0	3	0	32	60	0	1	
0	0	1	0	19	8	0	0	0	1	0	10	212	170	4	0	0	1	0	36	108	168	17	0	4	3	2	0	68	124	0	3	3	0	55	71	142	23	0	1	0	54	181	220	168	0	2	0	0	53	115	52	85	24	0	1	0	0	0	0	0	0	0	0	
0	1	0	20	80	0	1	0	0	0	0	170	157	0	3	0	4	0	105	139	0	3	0	0	1	0	162	46	35	70	20	0	0	2	188	52	62	151	194	0	3	0	81	176	106	168	131	0	0	1	0	31	92	61	0	0	0	0	2	1	0	0	2	0	
0	0	2	42	48	2	0	0	1	0	20	152	187	142	0	3	0	0	2	0	118	108	0	3	0	4	0	123	230	24	0	1	0	1	0	76	103	196	9	0	0	98	146	36	123	156	0	1	0	46	141	154	117	7	0	1	0	0	0	0	0	1	0	0	
0	0	0	0	1	0	0	0	0	2	0	110	49	0	2	0	0	4	0	156	127	0	4	0	0	3	0	94	177	0	3	0	0	2	0	62	169	0	2	0	0	3	0	84	184	0	2	0	0	2	0	57	134	0	2	0	0	0	0	0	0	0	0	0	
0	0	2	0	0	1	0	0	0	1	0	69	10	14	41	0	2	0	73	80	0	83	82	0	0	57	148	40	72	173	35	0	0	68	146	104	145	129	0	4	0	0	0	0	135	24	0	1	0	4	0	96	105	0	3	0	0	1	0	31	12	0	0	0	
0	0	0	0	0	0	0	0	0	0	18	61	114	70	0	1	0	1	132	125	193	178	0	4	0	1	0	27	175	50	0	2	2	0	55	255	155	0	1	0	0	0	4	19	153	201	0	0	2	0	49	128	165	129	0	1	1	0	19	70	46	0	1	0	
0	0	0	1	12	1	0	0	0	2	0	49	141	72	0	3	0	0	2	0	117	61	0	2	0	3	0	56	189	106	0	3	0	0	0	6	60	105	0	3	0	46	93	15	151	25	0	1	0	19	159	160	48	0	2	0	0	0	3	4	0	1	0	0	
0	0	1	0	20	56	2	0	0	2	0	45	202	122	0	0	1	0	5	216	91	0	3	0	3	0	66	204	5	10	0	0	4	0	116	173	137	188	6	0	4	0	102	222	155	191	1	0	1	0	8	130	128	18	0	1	0	0	0	0	0	1	0	0	
0	0	0	0	1	2	0	0	0	0	1	0	27	119	0	1	0	0	3	0	116	100	0	3	0	1	0	17	168	10	0	1	0	3	0	115	115	0	3	0	1	0	27	190	14	0	1	0	3	0	76	109	0	3	0	0	0	0	1	1	1	0	0	0	
0	0	0	0	0	0	0	0	0	1	0	40	88	0	2	0	0	2	0	45	107	0	3	0	0	1	0	44	99	0	3	0	0	2	0	49	101	0	3	0	0	2	0	60	121	0	3	0	0	1	0	33	115	0	2	0	0	0	0	0	0	0	0	0	
0	0	0	2	0	0	0	0	0	0	0	0	59	34	0	1	0	2	0	124	255	129	0	4	3	0	65	163	230	168	0	3	3	0	77	188	233	43	0	2	0	2	0	94	156	0	3	0	0	2	0	161	65	0	2	0	0	0	7	85	6	0	0	0	
0	0	0	0	0	2	1	0	1	0	23	10	0	1	10	1	1	0	167	46	0	72	139	0	0	42	150	0	69	231	62	0	0	88	185	127	174	156	0	3	0	23	121	42	121	66	0	2	0	1	0	14	166	7	0	0	0	1	1	14	57	0	0	0	
0	0	0	1	14	7	0	0	1	0	12	133	133	166	38	0	0	0	10	22	25	172	18	0	0	3	0	21	218	140	0	4	2	2	0	9	56	173	0	0	55	154	11	0	139	123	0	3	0	85	143	157	105	0	0	0	0	0	5	7	0	2	0	0	
0	0	0	0	1	0	0	0	1	0	25	156	156	30	0	2	1	0	21	28	181	75	0	3	1	0	6	165	193	0	0	1	1	0	15	28	141	88	0	3	0	21	126	0	160	107	0	4	0	4	137	178	120	2	0	0	0	0	0	0	0	0	0	0	
0	0	0	0	7	91	13	0	0	0	3	0	120	117	0	1	0	2	0	63	139	0	2	0	0	0	0	158	68	9	0	1	3	0	79	204	216	90	0	4	4	0	145	251	139	5	0	1	1	0	32	59	3	0	0	0	0	0	0	0	2	1	0	0	
0	0	0	0	0	0	0	0	1	0	11	144	183	48	0	2	2	0	30	202	90	4	0	0	2	0	54	210	142	83	0	2	2	0	41	115	62	167	42	0	2	0	123	107	27	171	53	0	1	0	28	148	216	118	0	2	0	0	0	0	0	0	1	0	
0	0	2	0	0	1	1	0	0	1	0	61	126	41	44	16	2	0	97	135	10	72	148	0	2	0	144	92	37	167	32	0	0	1	0	77	248	119	0	5	1	0	5	151	202	71	0	3	3	0	145	235	86	0	1	0	0	0	44	39	0	1	0	0	
0	0	0	0	0	0	0	0	1	0	24	147	105	28	0	1	1	0	13	151	103	132	2	0	0	0	0	114	229	122	0	2	3	0	121	93	28	114	0	1	0	19	163	3	27	151	14	0	0	0	110	144	128	35	0	1	0	0	0	3	0	0	0	0	
0	0	3	0	2	2	0	0	0	0	0	40	5	0	0	0	1	0	129	221	127	155	7	0	0	8	109	40	69	190	0	0	0	0	4	0	138	106	0	3	0	2	0	38	182	7	0	1	0	2	0	158	94	0	3	0	0	0	9	92	7	0	0	0	
0	0	1	0	26	5	0	0	0	2	0	41	205	23	0	1	1	0	12	148	185	33	0	2	3	0	118	74	147	38	0	1	0	1	55	0	164	30	0	1	1	0	31	61	179	76	2	0	2	0	38	124	112	92	13	0	0	0	0	0	0	0	0	0	
0	0	1	1	0	0	2	0	0	1	0	21	169	40	0	1	0	3	0	166	243	185	101	0	3	0	147	189	0	135	164	0	0	56	211	8	18	226	51	0	0	180	91	28	220	133	0	2	0	96	162	175	87	0	2	0	0	0	7	3	0	2	0	0	
0	0	0	0	0	0	0	0	0	15	127	83	0	2	0	0	0	24	74	146	0	1	1	0	3	0	127	139	50	16	0	1	1	0	60	93	100	140	18	0	0	0	0	2	0	153	63	0	0	0	2	84	151	105	0	0	0	0	4	39	8	0	0	0	
0	0	0	0	1	0	0	0	0	0	3	0	77	129	0	3	0	0	3	0	174	127	0	4	0	2	0	40	219	25	0	1	0	3	0	167	134	0	3	0	3	0	63	219	17	0	1	0	3	0	151	113	0	3	0	0	0	1	3	0	1	0	0	0	
0	0	2	1	1	0	0	0	0	2	0	72	135	50	26	0	2	0	34	160	158	56	0	2	4	0	119	84	6	161	12	0	2	0	135	36	0	131	41	0	4	0	121	153	10	132	2	0	1	0	11	129	155	63	0	2	0	0	0	1	4	1	0	0	
0	0	0	13	19	0	2	0	0	4	0	82	238	55	0	2	1	0	7	196	162	194	51	0	2	0	175	177	0	160	132	0	0	77	202	0	29	231	61	0	0	139	171	72	231	136	0	3	0	18	128	156	90	0	1	0	0	0	0	0	0	2	0	0	
0	0	0	7	1	0	0	0	0	3	0	75	175	27	0	2	1	0	19	122	140	146	0	3	2	0	33	180	130	42	0	1	2	0	39	190	155	0	0	0	2	0	143	18	104	106	0	4	2	0	68	139	119	16	0	1	0	0	0	9	3	0	0	0	
0	0	0	0	2	1	0	0	0	0	0	0	0	2	36	9	0	1	1	0	44	101	57	0	0	1	0	20	133	13	0	1	0	53	8	21	124	3	1	0	0	53	94	99	51	0	1	0	0	0	3	2	0	0	0	0	0	1	0	1	2	0	0	0	
0	2	1	0	0	0	0	0	2	0	33	164	222	86	0	3	0	44	233	111	115	200	0	2	0	55	85	0	195	145	0	4	0	1	0	175	162	0	0	1	1	0	175	255	154	185	117	0	0	9	190	177	166	144	111	1	0	0	0	0	0	0	0	0	
0	0	1	1	0	9	8	0	0	1	0	16	117	137	64	0	1	0	16	154	66	83	40	0	1	0	32	142	99	108	0	1	0	3	0	100	242	56	0	3	2	0	56	169	139	40	0	2	3	0	102	172	66	0	1	0	0	0	0	6	2	1	0	0	
0	0	0	0	0	0	0	0	1	0	66	8	0	54	3	0	0	30	131	0	8	117	0	0	0	90	87	0	37	140	0	2	0	44	146	105	141	132	0	3	1	0	26	21	30	113	0	2	0	1	2	0	51	107	0	3	0	0	1	0	9	13	0	1	
0	0	1	0	17	13	0	1	5	3	0	9	204	135	0	3	1	3	0	44	136	139	0	2	0	0	3	0	98	71	0	2	0	21	128	200	202	9	0	1	0	93	214	136	92	152	0	0	0	14	49	0	6	97	5	0	0	0	0	2	3	0	0	0	
0	0	0	0	0	0	0	0	0	19	98	88	10	0	0	0	0	69	45	66	70	0	4	0	1	2	9	127	69	1	0	0	1	0	30	47	44	101	24	0	0	0	3	2	0	53	96	0	1	0	35	67	55	100	36	0	0	0	0	33	53	17	0	1	
0	0	1	0	0	2	0	0	0	0	0	13	22	0	0	0	3	0	71	204	159	85	0	2	2	0	81	37	54	125	0	4	0	0	2	0	133	52	0	2	0	2	0	64	155	0	2	0	1	0	7	158	36	0	1	0	3	0	80	96	0	3	0	0	
0	0	1	1	0	1	0	0	0	1	0	34	40	0	1	0	1	0	32	154	140	72	0	3	3	0	86	150	124	111	0	4	1	0	15	124	171	10	0	1	0	0	1	0	103	15	0	0	0	3	46	30	111	24	0	1	0	2	64	79	70	5	0	0	
0	0	1	0	0	0	0	0	0	0	0	11	29	11	0	0	3	0	100	211	170	145	0	2	0	2	140	42	10	152	0	0	0	0	3	0	84	121	0	3	0	0	0	10	173	26	0	1	0	3	0	127	112	0	3	0	1	0	8	134	13	0	0	0	
0	0	1	4	0	0	0	0	2	0	43	179	106	0	2	0	0	0	9	16	160	41	0	3	0	0	4	0	133	76	0	3	0	7	66	137	234	194	145	43	0	67	246	205	60	42	57	23	0	9	69	22	0	1	0	0	0	0	0	1	3	2	2	1	
0	0	2	0	0	0	1	0	0	3	0	97	236	112	0	1	2	0	91	253	192	250	98	0	0	29	254	182	0	162	186	0	0	125	237	14	0	174	154	0	0	162	245	147	223	239	39	0	0	24	177	218	141	30	0	1	0	0	0	0	0	1	1	0	
0	1	0	46	34	0	1	0	2	0	34	146	182	70	0	3	1	0	26	2	96	142	0	4	0	1	0	6	196	73	0	3	0	0	0	158	118	0	9	5	4	0	128	213	68	118	95	9	2	0	73	133	104	49	3	0	0	0	0	0	0	0	1	0	
0	0	0	0	0	0	0	0	0	1	0	25	146	0	0	0	0	2	0	63	206	0	0	0	0	4	0	134	207	0	1	0	0	4	0	156	133	0	4	0	0	1	0	209	99	0	3	0	1	0	6	189	61	0	2	0	0	0	0	0	0	0	0	0	
0	1	0	32	86	0	0	0	2	0	35	201	131	0	2	0	2	0	176	99	0	5	0	0	0	32	180	57	189	200	47	0	0	43	172	167	43	130	164	0	0	0	177	210	122	185	106	0	0	0	7	48	86	36	0	1	0	0	1	0	0	0	2	0	
0	0	1	0	0	0	0	0	1	0	5	121	222	98	0	3	0	0	203	210	104	228	8	0	0	7	107	5	75	221	2	0	0	0	1	48	227	115	0	4	0	18	214	255	232	213	23	0	0	46	212	98	0	86	23	0	0	0	0	0	0	0	0	0	
0	0	0	0	0	0	0	0	0	0	1	37	38	16	0	1	0	0	15	86	90	43	0	2	2	0	50	71	75	32	0	1	4	0	109	108	120	22	0	1	1	0	44	71	136	13	0	1	0	0	1	0	102	14	0	0	0	0	2	2	17	3	0	0	
0	0	0	0	0	0	0	0	0	42	164	164	145	41	0	1	0	37	130	128	221	163	0	4	1	0	11	133	249	208	18	0	3	0	58	189	57	168	185	0	0	17	59	0	75	237	140	0	0	29	221	231	232	119	0	0	1	0	24	48	8	0	2	0	
0	0	0	0	0	0	0	0	0	3	0	99	57	0	2	0	0	3	0	165	79	0	3	0	0	4	0	157	93	0	3	0	0	4	0	119	147	0	4	0	0	2	0	62	190	0	0	0	0	0	0	0	135	32	0	1	0	0	0	0	0	0	0	0	
0	0	2	0	1	0	0	0	0	0	5	0	38	69	0	2	3	0	117	80	110	144	0	4	0	48	239	40	186	97	0	3	0	88	232	215	251	212	129	0	1	0	1	107	221	44	23	0	0	3	0	58	180	0	1	0	0	0	0	10	31	1	1	0	
0	0	0	0	0	0	0	0	0	0	3	0	99	87	0	3	0	0	0	0	177	42	0	2	0	2	0	46	170	0	1	0	0	3	0	99	134	0	4	0	0	3	0	155	95	0	3	0	0	1	0	152	44	0	2	0	0	0	0	0	0	0	0	0	
0	0	2	1	1	0	0	0	0	1	1	1	2	6	8	2	1	0	36	17	120	175	151	43	0	23	198	78	86	27	3	1	0	45	163	104	124	182	6	0	2	0	70	118	142	168	1	0	1	0	43	107	73	9	0	1	0	0	0	0	0	1	0	0	
0	0	0	5	33	5	0	0	0	2	0	148	197	9	0	1	2	0	37	244	46	0	2	0	4	0	103	200	62	134	24	0	3	0	79	253	241	255	113	0	2	0	38	249	255	157	8	0	0	1	0	103	116	1	0	0	0	0	0	0	0	2	1	0	
0	0	2	0	8	46	1	0	0	1	0	8	192	157	0	1	1	0	19	202	151	0	1	0	3	0	178	154	55	139	26	0	0	17	214	133	160	162	160	0	0	27	233	250	145	175	64	0	2	0	50	147	142	58	0	2	0	0	0	0	0	1	2	0	
0	0	0	0	1	0	0	0	0	0	93	167	23	0	1	0	0	9	83	89	135	0	2	0	0	0	0	0	141	16	0	0	0	0	4	0	140	15	0	1	0	1	0	32	159	49	32	0	0	2	0	43	172	118	28	0	0	0	0	0	0	0	0	0	
0	3	4	4	1	0	0	0	0	0	0	0	3	10	0	0	9	74	101	140	208	215	10	0	26	150	142	133	156	211	2	0	0	0	1	0	195	131	0	4	0	5	0	52	230	27	0	1	0	2	0	190	134	0	3	0	0	1	0	148	66	0	2	0	
0	0	2	0	0	0	0	0	0	0	2	17	6	49	2	0	3	0	109	127	67	134	0	3	0	14	158	0	112	135	0	4	0	12	164	135	156	159	0	2	1	0	23	1	74	103	0	4	0	0	3	0	77	148	0	3	0	0	2	0	17	73	0	1	
0	0	3	1	0	1	2	0	0	1	0	43	102	171	47	0	2	0	105	223	210	216	12	0	2	0	185	226	174	84	0	1	4	0	117	242	204	51	0	2	4	0	156	117	200	201	0	1	3	0	58	215	130	21	0	1	0	0	1	0	0	0	0	0	
0	0	1	0	21	35	0	1	0	1	0	22	151	46	0	1	0	3	0	147	80	0	3	0	2	0	46	214	127	3	0	0	3	0	68	134	68	91	0	3	1	0	23	145	66	135	0	2	0	2	0	54	135	36	0	1	0	0	0	0	0	0	0	0	
0	0	3	0	0	0	0	0	0	1	0	20	67	37	0	1	1	0	132	192	147	117	0	2	0	84	228	20	98	191	0	0	0	54	187	148	224	173	0	3	0	0	11	0	152	122	0	4	0	2	0	0	213	67	0	3	0	0	0	3	79	11	0	1	
0	0	0	1	0	4	0	0	0	1	0	27	163	76	0	2	1	0	8	160	146	155	1	0	3	0	91	73	0	152	29	0	0	9	143	1	26	166	3	0	0	30	144	0	158	72	0	3	0	0	121	130	74	0	1	0	0	0	2	5	0	1	0	0	
0	0	3	0	0	0	2	0	0	2	0	38	140	74	0	2	1	0	123	254	190	241	119	0	0	66	255	92	0	51	220	15	0	139	180	0	0	59	210	12	0	36	228	183	181	224	86	0	2	0	43	155	113	21	0	1	0	1	0	0	0	0	2	0	
0	0	0	0	0	0	0	0	1	0	8	76	104	67	0	2	3	0	127	70	96	60	0	2	1	0	36	108	120	0	1	0	0	3	0	88	162	0	0	1	0	1	0	89	80	70	0	3	0	0	2	116	110	40	0	2	0	1	0	32	42	0	0	0	
0	0	0	2	1	0	0	0	0	1	0	24	171	16	0	1	0	2	0	73	235	20	0	1	0	4	0	170	186	0	3	0	0	4	0	140	194	0	2	0	0	4	0	140	216	0	1	0	0	3	0	126	153	0	2	0	0	0	0	0	0	0	0	0	
0	0	1	10	2	0	0	0	0	0	108	133	112	28	0	1	1	0	135	23	123	58	0	2	1	0	6	159	203	15	0	1	1	0	24	85	65	138	0	0	0	23	111	0	12	161	29	0	0	8	109	124	133	65	0	2	0	0	0	2	1	0	0	0	
0	0	3	1	0	0	0	0	0	1	0	12	95	16	0	1	1	0	105	213	236	134	0	4	0	3	166	71	149	110	0	4	0	11	74	156	255	113	6	0	0	120	255	188	98	184	202	21	0	31	50	0	0	1	40	7	0	0	0	2	5	3	0	0	
0	0	0	5	30	0	0	0	0	3	0	115	134	0	3	0	2	0	41	178	19	9	0	0	4	0	115	232	201	151	0	0	4	0	139	163	0	161	30	0	2	0	54	159	177	151	0	1	0	1	0	94	114	0	0	0	0	0	1	0	0	2	0	0	
0	0	0	0	0	0	0	0	0	39	99	124	127	70	2	0	0	105	160	132	240	213	2	0	2	0	48	180	227	210	37	0	1	0	39	80	0	109	182	0	0	0	117	28	7	198	143	0	0	6	210	202	227	178	8	0	1	0	21	62	36	0	1	0	
0	2	4	2	1	3	1	0	0	0	0	0	0	0	0	0	0	100	151	127	151	136	17	0	0	34	79	29	14	165	42	0	0	0	2	0	66	142	0	3	0	1	4	0	156	57	0	2	0	3	0	82	135	0	3	0	0	4	0	127	80	0	3	0	
0	0	1	0	1	0	0	0	1	0	44	26	0	49	6	0	2	0	189	64	38	197	0	0	0	67	212	4	146	207	30	0	0	177	255	204	243	238	146	0	0	54	64	20	204	95	0	3	0	0	0	1	153	28	0	1	0	2	3	3	8	0	0	0	
0	0	1	1	6	1	1	0	2	0	34	198	181	139	16	0	3	0	162	176	0	123	159	0	0	6	213	64	0	48	213	10	0	91	220	0	0	110	217	0	0	65	238	30	52	237	81	0	1	0	137	193	187	82	0	2	0	0	0	2	2	0	2	0	
0	0	1	2	0	0	0	0	0	1	1	2	12	6	6	0	1	0	24	122	128	171	160	39	1	0	180	167	45	17	14	4	0	31	207	125	194	98	0	4	3	0	70	171	189	57	0	3	0	0	5	79	31	0	1	0	0	0	0	0	1	1	0	0	
0	1	0	25	13	0	0	0	2	0	51	209	162	15	0	1	0	7	143	32	149	116	0	4	0	0	4	0	126	139	0	4	1	0	87	164	212	128	0	1	0	23	200	220	227	181	70	0	1	0	90	142	29	0	1	0	0	0	0	0	1	2	1	0	
0	0	2	0	33	19	0	1	0	2	0	60	224	61	0	2	3	0	67	251	74	0	3	0	0	0	215	104	9	95	22	0	0	49	202	106	187	228	143	0	0	17	213	255	207	190	52	0	2	0	38	132	100	26	0	1	0	1	1	0	0	1	2	0	
0	0	1	1	0	0	0	0	0	2	0	14	77	51	0	2	0	0	0	154	218	106	0	4	0	130	200	44	108	121	0	4	0	71	152	109	162	124	0	4	0	0	0	67	180	135	0	4	0	3	6	0	94	138	0	4	0	0	0	1	14	14	0	1	
0	1	0	3	3	4	2	0	0	3	9	0	0	0	0	0	0	84	218	160	184	188	83	0	16	233	134	49	94	241	119	0	8	52	14	0	34	232	55	0	0	0	3	0	153	174	0	2	0	4	0	25	253	136	0	3	0	2	0	41	178	45	0	1	
0	0	0	1	0	0	0	0	0	1	0	36	64	0	2	0	0	1	0	26	89	0	2	0	0	1	0	33	82	0	3	0	0	2	0	57	98	0	3	0	0	3	0	72	80	0	3	0	0	2	0	77	37	0	1	0	0	0	0	2	0	0	0	0	
0	1	1	0	0	0	0	0	0	0	5	83	152	139	46	0	0	16	197	210	110	191	202	0	0	52	255	86	1	173	154	0	3	0	62	248	255	201	6	0	0	0	158	141	88	222	15	0	0	2	180	188	215	115	0	2	0	0	7	60	41	0	0	0	
0	0	0	0	0	0	0	0	2	0	32	156	134	81	1	0	1	0	19	79	96	203	21	0	2	0	39	121	85	29	0	1	1	0	27	155	132	0	0	0	0	0	3	0	169	91	0	3	0	41	94	125	164	25	0	1	0	21	61	60	12	0	1	0	
0	0	3	1	0	0	0	0	0	1	0	9	59	85	22	0	2	0	101	224	157	198	67	0	0	64	214	53	68	200	20	0	0	63	177	124	210	180	0	3	0	0	16	13	204	102	0	3	0	4	0	85	221	3	0	1	0	1	0	39	67	0	1	0	
0	0	0	0	0	2	1	0	1	0	12	51	0	1	0	0	3	0	63	193	0	116	63	0	4	0	109	130	0	197	32	0	3	0	168	171	171	193	0	0	0	0	49	21	127	104	0	4	0	0	2	0	185	57	0	2	0	0	2	3	69	8	0	0	
0	0	3	1	0	0	2	0	0	3	0	39	170	155	5	0	1	0	66	249	205	230	119	0	0	90	255	110	0	79	205	0	0	223	124	0	0	87	208	0	0	153	241	190	189	216	75	0	0	6	76	142	101	14	0	1	0	1	0	0	0	1	3	0	
0	0	0	0	2	1	0	0	0	0	0	2	0	34	39	0	0	0	3	0	55	243	76	0	0	2	0	38	223	75	0	1	1	0	2	202	159	0	2	0	3	0	91	156	0	5	0	0	3	0	147	61	0	2	0	0	1	0	38	7	0	0	0	0	
0	0	0	1	0	0	0	0	0	1	0	8	160	27	0	1	0	3	0	70	241	20	0	1	0	3	0	152	190	0	2	0	0	1	0	210	153	0	4	0	1	0	4	240	125	0	4	0	1	0	15	188	51	0	2	0	0	0	0	0	0	0	0	0	
0	0	0	0	5	3	0	0	0	1	0	65	125	14	0	1	1	0	25	133	2	1	0	0	2	0	57	141	89	23	0	1	1	0	22	73	82	116	0	3	0	0	6	84	42	128	0	2	0	2	0	51	142	40	0	2	0	0	0	0	2	1	0	0	
0	0	0	0	0	0	0	0	1	0	20	142	216	139	0	0	2	0	190	198	65	232	50	0	0	0	19	0	103	206	0	0	0	30	102	146	244	53	0	2	0	190	255	232	247	115	16	3	0	59	77	0	66	214	133	0	0	0	0	0	0	1	2	0	
0	0	0	1	1	0	0	0	1	0	15	142	7	0	0	0	0	1	0	191	60	0	2	0	0	4	0	154	127	0	4	0	0	4	0	126	175	0	3	0	0	3	0	79	218	0	0	0	0	1	0	27	154	0	0	0	0	0	0	0	0	0	0	0	
0	0	0	0	0	0	0	0	0	12	111	136	144	47	0	2	0	18	128	186	255	91	0	4	3	0	97	234	242	171	16	0	1	0	45	56	10	205	132	0	0	38	121	0	5	212	107	0	0	7	190	216	211	169	0	0	0	0	7	55	45	1	1	0	
0	0	0	0	4	0	0	0	0	0	0	93	152	32	0	2	1	0	34	69	112	54	0	2	0	1	0	16	121	13	0	0	0	2	0	141	167	115	25	0	1	0	128	135	0	64	62	0	0	47	141	0	0	21	18	0	0	1	0	2	1	0	0	0	
0	0	1	0	0	1	0	0	0	0	8	23	0	26	105	0	3	0	110	136	0	142	158	0	0	112	250	149	125	236	74	0	0	156	184	121	207	233	123	0	0	1	0	11	211	83	0	3	0	5	0	85	192	0	2	0	0	0	0	4	10	0	0	0	
0	0	1	2	0	0	0	0	0	0	0	2	1	35	80	23	1	0	3	154	166	113	104	51	3	0	81	135	0	1	0	0	2	0	34	111	107	39	0	3	0	32	31	0	142	69	0	3	0	28	123	139	94	0	1	0	0	0	1	5	0	1	0	0	
0	0	0	0	0	0	0	0	1	0	36	150	161	163	118	11	2	0	50	214	130	170	146	15	0	35	224	224	30	0	1	0	0	78	175	112	236	91	0	4	0	0	11	0	112	208	0	1	0	19	218	235	226	114	0	3	0	2	43	44	26	1	0	0	
0	0	0	0	1	0	0	0	0	0	7	40	1	33	1	0	1	0	12	138	181	141	0	2	0	1	0	35	133	5	0	1	1	0	7	157	142	37	0	1	2	0	58	174	8	1	0	0	1	0	36	122	0	1	0	0	0	0	9	77	10	0	0	0	
0	1	3	0	46	115	1	0	0	1	0	96	247	126	0	1	1	0	151	252	69	0	2	0	0	57	252	35	25	144	44	0	0	87	204	60	197	220	185	0	0	48	237	255	224	193	74	0	1	0	35	74	76	35	0	1	0	1	1	0	0	1	2	0	
0	2	0	0	0	0	0	0	0	0	21	77	61	8	0	1	0	84	144	65	203	102	0	4	0	161	41	12	181	21	0	1	0	49	102	112	183	12	0	1	0	0	3	0	113	109	0	3	0	2	2	0	10	166	85	0	0	0	0	2	0	44	87	0	
0	0	3	0	1	4	1	0	0	0	0	14	4	0	0	0	1	0	126	213	182	173	53	0	0	72	159	6	92	244	30	0	0	4	3	0	180	135	0	3	0	2	0	70	222	13	0	1	0	2	0	197	130	0	4	0	0	0	2	141	31	0	1	0	
0	0	1	2	0	0	0	0	1	0	155	229	137	17	0	1	1	0	97	172	255	76	0	4	0	3	0	76	255	166	11	0	0	85	96	11	41	159	174	0	0	177	255	222	184	216	192	0	0	0	41	81	104	104	25	0	0	1	0	0	0	0	0	0	
0	0	0	0	0	1	2	0	3	0	89	212	191	67	0	2	3	0	100	246	97	133	97	0	0	1	0	188	143	155	155	0	0	0	55	170	255	226	19	0	0	59	255	170	121	237	31	0	0	17	110	178	206	146	14	0	0	0	0	0	0	0	0	0	
0	0	0	0	0	0	0	0	0	0	3	27	65	64	8	0	2	0	60	127	44	156	34	0	0	0	3	0	59	103	0	2	0	1	0	35	135	7	0	1	0	0	3	120	34	0	1	0	3	0	111	127	0	4	0	0	1	0	63	21	0	1	0	0	
0	0	2	0	0	1	1	0	0	0	0	38	81	21	0	1	1	0	125	187	160	200	12	0	0	28	224	66	141	225	11	0	0	0	95	131	220	165	0	4	0	1	0	0	213	96	0	3	0	3	0	69	230	13	0	1	0	1	0	35	80	0	1	0	
0	0	0	1	0	0	0	0	0	1	0	11	114	144	53	0	0	3	0	140	162	186	72	0	0	3	0	172	244	68	0	2	3	0	84	221	233	68	0	3	0	0	217	103	184	72	0	3	0	10	219	204	90	0	2	0	1	0	30	29	0	1	0	0	
0	0	0	0	0	0	0	0	0	0	0	94	142	61	20	0	4	0	115	196	62	208	93	0	3	0	78	184	60	168	5	0	0	3	0	154	255	47	0	2	2	0	39	158	168	130	0	4	2	0	52	202	173	71	0	3	0	0	0	37	25	0	1	0	
0	1	2	0	0	0	1	0	1	0	24	100	143	66	0	0	0	2	161	255	247	255	122	0	0	102	237	70	10	98	202	0	0	87	207	1	0	125	193	0	0	0	221	126	76	255	82	0	3	0	68	235	247	103	0	2	0	1	0	22	25	0	2	0	
0	0	1	0	0	0	0	0	0	0	3	61	58	26	0	1	3	0	96	180	198	135	0	4	2	0	102	28	135	119	0	4	0	1	0	2	205	58	0	2	0	2	0	54	197	0	0	1	0	3	0	144	140	0	4	0	0	1	0	87	44	0	1	0	
0	0	1	0	31	45	0	2	0	0	1	0	138	51	0	2	0	2	0	71	134	0	2	0	0	2	0	124	35	0	1	0	1	0	16	175	131	61	0	2	1	0	17	195	122	90	0	3	0	1	0	38	48	1	0	0	0	0	0	0	0	1	0	0	
0	0	0	0	2	0	0	0	0	0	4	0	26	41	0	1	2	0	59	96	123	57	0	2	3	0	155	164	168	67	53	4	0	23	208	227	188	144	132	14	0	5	0	167	70	0	3	0	0	1	0	176	45	0	5	0	0	1	0	56	21	0	1	0	
0	0	0	0	0	2	0	0	0	0	1	74	140	48	0	2	1	0	26	168	24	0	1	0	2	0	40	174	94	40	0	1	0	0	4	53	51	132	3	0	0	4	19	0	33	140	4	0	0	0	91	106	107	29	0	1	0	0	5	10	0	0	0	0	
0	0	1	1	1	2	0	0	0	1	0	41	31	0	1	0	1	0	28	191	191	102	0	3	3	0	134	71	139	96	0	3	0	0	7	18	173	14	0	1	0	3	0	81	143	0	3	0	0	3	0	156	85	0	3	0	0	1	0	88	32	0	1	0	
0	1	0	48	32	0	1	0	0	1	0	76	146	38	0	2	0	1	0	3	152	47	0	2	0	2	0	69	209	26	0	2	0	4	3	0	39	116	0	3	0	28	103	73	153	133	0	3	1	0	72	153	129	16	0	1	0	0	0	0	0	0	0	0	
0	0	2	4	3	0	0	0	0	0	0	0	1	12	0	0	2	0	41	139	173	138	0	3	2	0	148	89	180	83	0	3	0	2	3	22	174	8	0	1	0	4	0	117	128	0	4	0	1	0	6	174	29	0	1	0	2	0	40	116	0	2	0	0	
0	0	1	0	0	2	0	0	0	0	0	114	114	8	0	1	4	0	99	117	90	154	0	0	3	0	67	155	134	213	13	0	0	0	5	0	92	130	0	3	0	1	0	8	183	38	0	2	0	6	94	175	87	0	2	0	0	1	59	41	0	1	0	0	
0	0	0	0	0	0	0	0	0	0	6	76	141	115	1	0	1	0	25	108	120	191	0	0	0	1	0	48	197	93	0	4	0	0	3	91	73	155	0	0	0	5	86	2	63	156	0	1	0	22	206	161	151	22	0	1	0	0	40	46	0	1	0	0	
0	0	3	1	0	0	0	0	0	0	0	1	4	10	0	0	1	0	122	174	206	167	0	2	0	3	116	25	172	114	0	4	0	1	0	20	205	32	0	2	0	3	0	118	159	0	3	0	0	0	0	208	70	0	2	0	0	0	0	127	30	0	1	0	
0	0	1	2	0	0	0	0	0	1	0	8	75	58	0	0	1	0	17	166	148	171	0	1	3	0	145	98	102	131	0	4	2	0	128	137	215	61	0	3	0	0	0	17	172	13	0	1	0	3	0	83	148	0	3	0	0	2	0	58	44	0	1	0	
0	0	0	0	28	7	0	0	0	1	0	22	201	23	0	1	0	3	0	107	171	0	3	0	0	3	0	182	111	0	3	0	2	0	32	217	173	88	0	3	1	0	10	161	156	156	0	3	0	1	0	29	131	29	0	1	0	0	1	1	0	0	0	0	
0	0	1	0	0	0	0	0	0	1	0	48	134	140	40	0	3	0	60	216	83	69	22	0	4	0	102	151	0	167	10	0	1	0	22	199	204	83	0	3	0	3	0	145	249	14	0	1	0	2	0	178	201	4	0	1	0	1	0	17	15	0	0	0	
0	0	0	0	0	0	0	0	0	1	0	13	73	30	0	1	0	0	0	93	132	127	0	4	0	0	4	0	110	70	0	3	0	1	0	25	149	0	0	0	0	3	0	113	85	0	3	0	1	0	19	156	5	0	0	0	1	0	18	63	0	1	0	0	
0	0	1	0	2	4	0	0	1	0	4	115	181	166	21	0	4	0	112	188	54	146	0	2	4	0	154	115	120	99	0	3	2	0	24	244	202	0	0	1	3	0	81	203	225	71	0	3	4	0	104	199	155	25	0	1	0	0	0	0	0	0	0	0	
0	2	2	0	0	0	0	0	0	0	0	9	27	20	0	0	0	46	90	91	54	114	24	0	0	24	24	0	27	115	0	0	0	0	0	1	121	43	0	2	0	3	0	106	82	0	3	0	2	0	47	120	0	2	0	0	2	0	53	40	0	1	0	0	
0	0	0	0	0	0	0	0	2	0	57	179	184	48	0	2	0	0	13	10	174	124	0	4	1	0	50	145	246	84	0	3	2	0	126	126	68	221	19	0	0	107	99	0	104	224	14	0	0	68	199	161	173	59	0	2	0	0	0	0	0	0	0	0	
0	0	2	8	1	0	0	0	0	43	196	166	159	13	0	1	0	19	66	2	144	135	0	4	0	0	2	0	64	134	0	4	1	0	74	137	188	175	0	1	0	38	221	82	202	156	89	0	0	1	86	143	78	0	8	1	0	0	0	1	0	3	0	0	
0	0	0	0	0	0	0	0	0	0	3	0	133	72	0	3	0	0	0	0	203	59	0	2	0	2	0	48	229	21	0	1	0	4	0	127	192	0	2	0	0	1	0	210	120	0	4	0	0	0	0	175	68	0	2	0	0	0	0	0	0	0	0	0	
0	0	0	0	1	2	0	0	0	2	11	32	18	0	0	0	0	43	186	144	181	64	0	2	0	4	79	0	100	116	0	4	0	0	2	0	156	146	12	0	0	0	2	122	213	78	6	0	0	1	0	61	127	0	3	0	0	2	0	42	64	0	2	0	
0	0	0	3	0	0	0	0	0	0	2	0	10	39	67	24	0	1	0	88	193	195	170	47	2	0	155	210	22	0	1	0	0	0	95	133	158	13	0	2	0	17	40	20	212	67	0	3	0	36	181	175	130	4	0	1	0	0	0	0	0	0	0	0	
0	0	0	2	7	0	0	0	0	0	0	0	135	40	0	2	0	0	3	0	141	59	0	2	0	0	0	16	149	3	0	0	0	3	0	91	115	0	3	0	1	0	1	169	37	0	1	0	2	0	64	134	0	2	0	0	0	0	2	1	0	0	0	0	
0	0	1	0	0	0	0	0	0	1	0	55	118	107	14	0	3	0	79	166	102	134	0	1	3	0	82	153	114	96	0	3	0	3	0	181	206	0	1	0	1	0	21	161	197	12	0	1	4	0	87	218	98	0	1	0	1	0	14	41	3	0	0	0	
0	0	4	37	3	0	0	0	3	0	80	214	8	0	2	0	0	0	181	54	0	2	0	0	0	45	195	0	120	194	92	0	0	25	191	150	110	94	166	0	4	0	140	255	111	190	94	0	2	0	42	91	89	49	0	1	0	0	1	0	0	0	2	0	
0	0	0	2	6	0	0	0	1	0	21	149	190	88	0	3	1	0	156	98	36	194	3	0	0	0	8	0	30	188	5	0	1	0	26	116	185	95	0	3	1	0	194	249	196	162	7	0	0	0	93	68	0	136	74	0	0	0	0	0	2	0	0	0	
0	0	0	0	0	0	0	0	0	2	0	108	100	0	1	0	0	0	13	129	115	61	0	2	0	2	0	123	204	42	0	2	0	1	0	104	75	89	0	2	2	0	47	121	24	113	0	3	1	0	6	130	149	35	0	2	0	0	0	2	5	0	0	0	
0	0	2	2	0	3	1	0	0	1	0	7	24	0	0	0	2	0	35	163	172	150	8	0	0	13	201	59	19	208	17	0	0	20	68	0	143	115	0	3	0	1	0	38	187	8	0	1	0	3	0	157	96	0	3	0	0	0	5	133	14	0	0	0	
0	0	0	0	0	0	0	0	0	0	1	0	76	24	0	1	0	0	0	3	179	28	0	1	0	2	0	42	170	0	1	0	0	3	0	102	136	0	4	0	0	3	0	163	78	0	3	0	0	1	0	145	34	0	1	0	0	0	0	12	3	0	0	0	
0	0	1	2	1	1	0	0	0	1	2	2	0	78	36	0	1	0	13	121	31	191	17	0	0	0	151	87	108	138	0	5	0	154	255	161	233	181	111	1	0	29	16	110	189	29	16	0	0	3	0	135	76	0	2	0	0	2	0	24	6	1	1	0	
