500	64	10
0	0	0	0	0	0	0	0	1	0	7	104	136	71	10	0	2	0	44	230	95	92	21	0	3	0	132	123	0	3	0	0	3	0	177	114	69	32	0	1	2	0	57	198	167	184	22	0	0	0	1	0	69	150	13	0	0	0	2	2	45	17	0	1	
0	0	1	1	0	0	0	0	0	1	0	28	119	160	42	0	2	0	37	215	157	156	93	0	2	0	51	198	93	14	0	1	1	0	9	215	220	12	0	1	4	0	130	138	168	53	0	2	4	0	151	214	141	1	0	1	1	0	24	46	0	0	0	0	
0	1	1	0	0	0	0	0	2	0	38	133	128	33	0	1	0	23	192	81	127	174	12	0	0	44	182	20	105	108	7	0	2	0	76	249	208	13	0	1	1	0	9	165	144	157	0	1	0	3	0	81	194	190	6	0	0	0	0	0	30	16	0	1	
0	0	1	0	0	1	0	0	0	0	1	6	0	28	7	0	2	0	68	139	0	190	39	0	3	0	188	136	101	211	0	1	2	0	84	197	255	148	0	1	0	3	0	80	187	0	1	0	0	3	0	166	104	0	4	0	0	1	0	76	31	0	1	0	
0	0	0	0	0	1	1	0	2	0	35	156	118	45	0	1	1	0	37	73	133	233	33	0	0	1	15	9	0	173	107	0	0	95	252	245	243	255	88	0	0	134	255	232	196	172	151	7	0	8	33	21	0	0	92	36	0	0	0	0	1	3	0	0	
0	0	0	2	32	4	0	0	0	2	0	53	250	59	0	3	1	0	1	217	191	0	1	1	4	0	125	238	97	138	8	0	0	1	217	228	218	255	94	0	2	0	148	255	253	253	57	0	1	0	9	106	152	86	0	1	0	0	2	0	0	0	1	0	
0	0	0	2	0	0	0	0	0	0	2	0	39	35	0	1	0	2	0	64	100	137	10	0	2	0	56	135	99	120	0	2	3	0	70	110	161	38	0	2	0	1	0	24	102	0	1	0	0	3	0	101	59	0	2	0	0	1	0	46	14	0	0	0	
0	1	0	0	0	1	0	0	0	1	11	13	15	4	0	0	0	134	255	247	255	149	0	2	0	81	145	78	146	248	15	0	0	0	3	0	161	204	0	1	0	5	0	42	255	100	0	4	0	2	0	174	231	9	0	1	1	0	4	172	95	0	2	0	
0	0	0	0	2	0	0	0	0	1	0	74	21	0	1	0	0	3	0	152	137	0	3	0	0	4	0	115	192	0	2	0	0	4	0	128	157	0	3	0	0	4	0	137	145	0	4	0	0	4	0	133	93	0	3	0	0	1	0	19	6	0	0	0	
0	0	1	0	0	0	1	1	0	1	0	79	162	208	68	0	2	0	40	246	244	227	194	1	0	3	196	254	67	35	241	42	0	104	255	86	0	186	195	0	0	144	255	146	200	241	42	0	0	28	156	184	176	57	0	3	0	0	0	0	0	1	2	0	
0	0	3	1	0	0	0	0	0	1	0	33	179	112	0	3	2	0	84	192	182	156	0	4	2	0	108	47	142	113	0	4	0	2	0	70	194	13	19	0	2	0	75	250	215	154	68	0	0	36	210	157	59	14	0	1	0	2	2	0	0	0	1	0	
0	0	0	0	0	0	0	0	1	0	7	116	145	33	0	2	3	4	24	169	239	86	0	4	3	0	95	235	207	115	0	2	2	0	58	75	10	171	7	0	0	9	29	4	184	136	0	3	0	3	169	235	140	0	0	0	1	0	17	34	0	1	0	0	
0	0	0	0	0	0	0	0	0	1	0	36	65	0	2	0	0	2	0	48	93	0	3	0	0	1	0	40	105	0	3	0	0	1	0	35	117	0	3	0	0	1	0	30	125	0	2	0	0	1	0	20	89	0	2	0	0	0	0	0	0	0	0	0	
0	0	0	0	0	0	0	0	0	0	0	52	107	84	0	1	3	0	57	217	218	149	0	3	1	0	33	142	157	63	0	2	0	3	0	181	205	0	1	0	3	0	74	161	146	40	0	2	3	0	63	221	170	8	0	1	0	0	3	48	8	0	0	0	
0	1	3	2	0	2	0	0	0	0	0	7	61	13	0	0	0	15	74	121	207	165	0	0	0	64	222	152	0	167	57	0	0	72	238	44	0	158	52	0	0	4	21	0	69	189	0	0	0	1	0	9	201	60	0	2	0	1	0	25	87	0	1	0	
0	0	0	0	0	0	0	0	0	3	0	67	161	0	1	0	0	3	0	92	182	0	3	0	0	4	0	128	168	0	4	0	0	3	0	166	131	0	4	0	0	1	0	213	119	0	4	0	0	2	0	149	70	0	3	0	0	0	0	0	0	0	0	0	
0	0	2	0	0	0	0	0	0	1	0	81	133	102	16	0	1	0	80	167	63	179	28	0	0	31	174	0	100	89	0	3	1	0	96	156	148	0	2	0	0	0	0	148	128	142	2	0	1	0	11	148	144	160	0	0	0	1	0	29	62	2	0	0	
0	17	38	12	0	1	0	0	0	69	255	223	50	0	2	0	0	5	53	133	220	20	0	1	0	1	0	1	206	55	0	2	0	0	2	134	255	185	131	0	4	0	109	255	249	255	153	0	2	0	52	127	67	14	0	0	0	0	0	0	0	0	1	0	
0	0	0	0	0	0	0	0	1	0	31	63	69	35	0	1	1	0	44	70	129	122	0	4	0	0	2	0	118	31	0	1	1	0	51	127	202	107	21	0	0	1	17	156	83	8	2	0	2	0	41	143	0	1	0	0	2	0	48	47	0	2	0	0	
0	6	42	35	0	0	0	0	0	69	255	254	101	0	3	0	0	60	132	145	228	3	2	1	0	2	0	158	198	0	1	0	3	0	137	255	134	102	179	36	3	0	169	255	251	253	255	99	1	0	39	94	87	49	33	5	0	0	0	0	0	0	0	0	
0	1	0	34	43	0	1	0	0	3	0	116	80	0	4	0	0	0	5	142	11	0	0	0	1	0	32	140	124	137	19	0	2	0	44	233	25	114	79	0	1	0	24	196	115	124	5	0	0	1	0	34	81	11	0	1	0	0	1	1	0	2	1	0	
0	0	0	0	0	0	0	0	2	0	30	215	105	0	1	0	1	0	7	75	215	54	0	2	0	1	0	138	243	32	0	2	0	0	1	118	166	93	0	3	1	0	29	68	117	142	0	4	1	0	20	207	196	23	0	1	0	0	0	0	0	0	0	0	
0	1	1	0	0	1	0	0	1	0	22	91	52	0	1	0	0	33	181	98	149	64	0	3	0	12	30	0	65	118	0	4	1	0	30	48	159	79	32	20	4	0	104	235	120	78	85	18	1	0	26	64	0	1	0	0	0	0	0	0	3	3	3	1	
0	0	0	0	0	0	0	0	0	2	0	66	213	74	0	2	0	2	0	39	174	190	0	0	2	0	68	178	239	163	0	2	2	0	144	169	139	145	0	4	0	31	179	56	200	133	0	4	1	0	136	232	118	0	1	0	0	0	0	0	0	1	0	0	
0	1	1	0	0	1	0	0	0	0	5	24	28	0	0	0	0	40	170	129	173	116	0	3	0	13	37	0	89	127	0	4	0	0	3	0	147	76	0	3	0	1	0	5	165	19	0	1	0	1	0	30	174	9	0	1	0	0	0	4	134	38	0	1	
0	0	1	0	15	9	0	0	0	1	0	2	204	133	0	3	0	3	0	143	231	30	0	1	2	0	28	253	85	0	3	0	3	0	65	255	223	46	0	2	3	0	54	255	255	109	0	5	1	0	3	95	133	18	0	1	0	0	0	0	0	0	0	0	
0	0	1	0	4	2	0	0	0	1	0	134	183	146	38	0	2	0	71	170	64	252	104	0	1	0	179	182	210	94	0	1	3	0	145	229	201	76	0	2	0	5	233	66	104	246	9	0	1	0	78	155	175	90	0	1	0	0	0	0	0	0	0	0	
0	1	2	4	2	2	0	0	0	4	3	0	0	0	0	0	0	147	223	184	204	146	0	1	0	111	203	147	186	239	9	0	0	0	2	0	181	163	0	3	0	4	0	26	247	73	0	3	0	4	0	99	228	5	0	1	0	3	0	79	122	0	3	0	
0	0	0	1	0	0	0	0	0	2	0	65	117	122	70	0	0	0	1	93	49	35	16	0	2	0	61	74	0	3	0	0	4	0	104	148	138	105	0	3	0	0	9	40	124	90	0	3	1	0	62	112	79	0	0	0	1	0	40	25	0	2	0	0	
0	0	10	28	0	1	0	0	1	0	20	222	110	0	2	0	0	2	0	43	219	39	0	2	1	0	15	186	255	71	0	3	1	0	27	127	152	163	0	3	2	0	175	168	229	136	0	3	1	0	92	173	106	1	0	0	0	0	0	0	0	1	0	0	
0	0	0	0	3	2	0	0	1	0	2	157	62	0	2	0	3	0	78	165	85	88	0	2	1	0	21	182	185	19	0	1	0	3	0	76	235	23	0	2	0	3	0	61	235	106	0	4	0	1	0	17	181	74	0	3	0	0	0	0	1	0	0	0	
0	0	1	0	1	0	0	0	0	0	3	0	54	75	0	2	0	4	130	0	137	79	0	3	0	36	219	17	185	160	13	0	0	31	229	231	253	182	14	0	1	0	23	60	239	49	0	2	0	1	1	0	145	65	0	2	0	0	2	2	0	1	0	0	
0	0	0	0	0	1	0	0	0	30	85	0	3	0	0	0	0	33	117	0	3	21	0	0	0	49	99	13	35	142	9	0	0	47	176	126	126	201	34	0	0	1	8	3	0	113	90	0	0	0	0	3	0	30	109	0	0	0	1	0	0	1	1	0	
0	0	1	3	0	0	0	0	0	0	2	0	23	52	1	0	1	0	5	135	224	226	9	0	1	0	171	202	148	193	0	1	0	0	213	192	233	100	0	4	0	0	13	49	210	20	0	1	0	4	0	112	174	0	3	0	0	2	0	67	57	0	2	0	
0	0	0	0	0	0	0	0	0	0	35	0	143	94	0	3	0	8	210	27	180	136	0	5	0	32	218	0	167	125	0	4	0	113	179	0	168	208	121	16	0	111	209	163	238	162	60	8	0	0	14	9	38	19	0	1	0	1	0	0	0	2	3	0	
0	2	0	76	48	0	2	0	0	2	0	159	70	0	3	0	3	0	59	223	10	0	1	0	4	0	132	203	89	130	20	0	3	0	170	255	247	255	127	0	3	0	74	227	217	194	75	0	0	0	1	6	6	2	0	0	0	0	2	0	0	2	3	0	
0	0	0	0	0	1	0	0	0	32	94	0	71	69	0	2	0	46	217	0	92	201	0	0	0	22	191	27	53	213	20	0	0	73	255	200	195	229	24	0	0	122	171	17	0	193	56	0	0	4	3	3	0	149	109	0	0	0	3	2	0	18	23	0	
0	0	1	1	0	0	0	0	0	1	0	42	161	202	13	0	1	0	22	233	190	94	5	0	2	0	46	250	174	2	0	1	0	0	1	0	126	148	0	3	0	54	193	90	163	179	0	3	0	26	188	225	142	13	0	1	0	0	0	0	0	0	0	0	
0	0	1	0	0	0	0	0	0	0	5	51	132	168	149	18	2	0	127	99	55	75	42	2	0	1	185	181	87	2	0	0	0	5	2	19	133	123	0	3	0	80	100	50	125	132	0	3	0	31	175	170	136	23	0	1	0	0	0	0	0	1	0	0	
0	0	0	1	0	0	0	0	0	0	1	0	96	33	0	1	0	1	0	21	249	129	0	4	0	3	0	76	255	59	0	3	1	0	2	188	230	5	0	1	4	0	79	255	115	0	3	0	4	0	94	177	5	0	1	0	1	0	19	8	0	0	0	0	
0	0	0	0	0	0	0	0	1	0	11	164	36	0	1	0	1	0	21	241	61	0	3	0	0	2	0	197	155	0	3	0	0	3	0	79	249	31	0	2	0	1	0	9	231	79	0	3	0	0	2	0	151	86	0	3	0	0	0	0	0	0	0	0	
0	0	1	2	0	2	0	0	0	0	0	6	34	9	0	0	1	0	11	124	110	112	7	0	4	0	103	91	22	136	2	0	3	0	63	126	187	64	0	3	0	0	0	2	123	10	0	0	0	1	0	45	132	0	3	0	0	2	0	51	71	0	2	0	
0	0	0	1	4	0	0	0	0	2	0	93	164	31	0	2	0	1	0	32	144	70	0	3	0	1	0	40	142	0	0	0	0	3	0	90	116	0	2	0	2	0	47	25	157	29	0	1	3	0	61	171	87	0	1	0	0	0	1	6	0	0	0	0	
0	0	0	1	0	0	0	0	0	0	0	0	70	144	39	0	0	2	0	113	135	213	74	0	0	0	3	168	142	143	0	2	0	1	0	171	232	9	0	1	2	0	133	137	158	43	0	2	0	0	193	168	104	1	0	0	1	0	28	46	0	0	0	0	
0	0	0	1	0	0	0	0	0	0	1	0	162	76	0	3	0	2	0	39	224	41	0	2	0	4	0	121	136	0	4	0	1	0	0	189	142	0	1	0	3	0	61	255	216	5	0	1	0	3	0	125	128	0	2	0	0	0	0	0	0	0	0	0	
0	0	0	0	0	0	0	0	0	0	2	0	70	150	0	2	0	0	3	0	190	159	0	3	0	3	0	65	245	34	0	2	0	1	0	189	156	0	3	0	3	0	59	230	29	0	1	0	4	0	101	173	0	1	0	0	0	0	0	2	1	0	0	0	
0	0	1	1	0	0	0	0	0	1	0	42	43	42	11	0	0	1	0	157	56	157	17	0	3	0	99	123	45	174	0	2	1	0	195	200	220	135	0	4	0	0	32	95	209	9	0	1	0	3	0	113	117	0	3	0	0	0	0	32	9	0	0	0	
0	0	0	0	1	0	0	0	0	0	1	0	25	82	0	2	0	0	3	0	142	139	0	4	0	1	0	30	213	24	0	1	0	4	0	120	165	0	3	0	1	0	9	196	49	0	2	0	3	0	83	153	0	3	0	0	1	0	13	16	0	0	0	0	
0	0	2	1	0	0	0	0	0	0	0	0	16	16	2	0	0	2	80	104	94	177	17	0	0	2	29	0	73	123	0	3	0	1	0	10	146	15	0	1	0	3	0	106	92	0	3	0	1	0	25	156	4	0	0	0	2	0	62	92	0	3	0	0	
0	0	0	2	3	0	0	0	0	0	0	1	0	21	72	21	0	2	0	44	149	176	133	33	1	0	16	163	52	5	0	0	1	0	7	158	25	0	4	1	0	49	58	105	130	0	4	0	0	30	152	163	58	0	2	0	0	0	0	1	0	0	0	0	
0	0	0	0	0	0	0	0	0	0	2	14	28	4	0	0	0	0	10	97	93	34	0	1	1	0	37	101	80	44	0	1	2	0	35	134	166	30	0	1	0	0	2	0	109	30	0	1	0	0	3	0	107	25	0	1	0	0	1	0	47	7	0	0	
0	0	1	3	0	0	0	0	0	1	2	0	33	124	18	0	1	0	13	133	215	255	131	0	0	34	224	181	21	87	203	0	0	189	159	0	0	78	208	0	0	180	206	145	146	209	89	0	0	5	51	82	88	29	0	1	0	1	0	0	0	0	2	0	
0	0	2	0	0	0	0	0	0	0	2	38	7	38	3	0	3	0	96	104	25	148	0	1	0	14	143	0	67	122	0	3	0	13	155	94	183	76	0	3	1	0	41	55	139	49	0	2	0	0	3	0	158	38	0	1	0	0	1	3	68	7	0	0	
0	0	0	1	38	14	0	1	0	3	0	90	255	196	12	0	0	2	1	34	31	138	113	0	0	1	0	2	0	161	90	0	0	33	129	108	187	181	0	1	0	168	240	235	168	119	49	0	0	93	136	32	0	1	0	0	0	0	0	0	3	2	0	0	
0	0	0	0	1	2	0	0	1	0	38	58	8	0	0	0	3	0	112	111	120	67	0	2	0	0	18	0	51	130	0	3	0	0	4	0	104	83	0	3	0	1	0	15	157	11	0	1	0	2	0	118	87	0	3	0	0	0	1	72	7	0	0	0	
0	0	3	0	0	0	0	0	0	0	0	9	19	12	0	0	0	0	147	198	170	207	8	0	0	2	76	13	99	143	0	2	0	1	0	4	188	33	0	2	0	3	0	81	159	0	3	0	0	4	0	155	107	0	3	0	0	2	0	119	64	0	2	0	
0	0	2	3	4	6	1	0	0	0	7	161	142	102	13	0	2	0	66	104	4	2	0	0	0	29	202	122	109	87	0	0	0	57	67	3	0	95	71	0	0	18	11	0	0	117	76	0	0	34	132	114	121	99	0	0	0	0	8	16	5	0	1	0	
0	0	0	0	0	0	0	0	0	2	0	63	186	87	0	3	2	0	36	204	95	98	0	0	1	0	11	184	202	86	0	1	1	0	23	191	202	51	0	2	4	0	143	120	108	151	0	4	3	0	74	192	144	22	0	1	0	0	0	3	0	0	0	0	
0	0	0	0	2	1	1	0	2	0	58	125	136	67	0	2	0	17	175	42	8	148	38	0	0	57	143	0	0	94	124	0	0	23	128	0	0	156	115	0	0	0	166	62	106	167	0	1	2	0	59	196	146	20	0	1	0	0	0	0	0	1	0	0	
0	0	2	0	72	35	0	1	0	2	0	32	230	49	0	2	0	2	0	174	136	0	3	0	3	0	71	203	0	0	0	0	4	0	107	223	146	110	0	1	3	0	56	255	229	214	8	0	0	0	4	36	56	35	0	1	0	0	0	0	0	0	0	0	
0	0	2	0	0	2	0	0	0	0	0	25	30	2	0	0	1	0	98	113	100	80	0	2	0	5	118	0	71	141	0	2	2	0	69	94	123	91	0	4	0	0	2	0	56	91	0	3	0	0	3	0	45	97	0	3	0	0	1	0	17	51	0	2	
0	0	0	3	0	25	31	0	0	0	3	0	58	218	84	0	0	3	0	93	246	72	0	2	3	0	64	234	52	0	3	0	4	0	174	141	14	3	0	0	3	0	105	255	255	125	0	3	1	0	8	110	145	97	0	1	0	0	1	0	0	0	0	0	
0	0	1	2	0	33	35	0	0	1	0	22	121	124	78	0	1	0	20	155	55	0	1	0	3	0	94	71	0	3	2	0	2	0	137	91	121	77	0	2	3	0	120	173	34	155	30	0	0	0	5	93	119	78	5	0	0	0	1	0	0	0	0	0	
0	0	1	0	0	0	0	0	0	0	0	90	162	86	0	1	3	0	126	154	81	216	16	0	3	0	154	128	140	139	0	1	2	0	41	255	217	3	0	1	4	0	162	102	102	105	0	3	3	0	110	177	151	65	0	2	0	0	0	55	29	0	1	0	
0	0	0	0	0	1	0	0	0	4	87	139	121	4	0	0	0	1	24	41	163	78	0	3	0	0	3	0	89	124	0	4	0	40	129	98	176	126	0	4	0	24	80	85	197	87	0	3	0	0	2	0	147	44	0	2	0	1	3	4	24	2	0	0	
0	0	0	28	10	0	1	0	1	0	20	224	211	47	0	2	0	0	7	33	124	224	16	0	0	0	1	0	13	221	44	0	0	0	96	159	153	243	49	0	0	27	245	255	235	165	53	0	0	1	108	118	18	0	1	0	0	0	0	0	0	4	2	0	
0	0	0	1	2	1	0	0	0	1	0	14	181	54	0	2	0	2	0	99	125	100	0	3	2	0	47	124	16	109	0	2	3	0	117	41	31	110	0	3	2	0	128	19	91	60	0	2	2	0	55	145	90	0	1	0	0	0	0	8	2	0	0	0	
0	0	0	1	0	0	0	0	0	1	0	9	130	121	29	0	0	2	0	149	142	178	54	0	1	0	13	192	150	151	0	0	1	0	12	232	219	3	3	1	4	0	137	134	89	73	0	2	3	0	110	173	165	76	0	3	0	1	0	33	49	0	0	0	
0	1	1	0	12	4	0	0	1	0	22	110	112	39	0	2	0	39	207	72	49	53	0	2	0	27	104	142	227	99	1	0	0	0	0	142	62	101	136	0	2	0	72	120	0	54	156	0	1	0	20	121	123	143	35	0	0	0	0	1	10	1	1	0	
0	0	2	1	0	0	0	0	0	1	2	0	29	143	0	0	2	0	60	15	96	181	0	3	0	21	213	23	143	124	0	4	0	104	255	162	225	163	0	4	0	6	48	99	255	75	0	3	0	1	0	8	175	40	0	2	0	0	3	3	0	0	0	0	
0	0	0	0	0	0	0	0	0	1	0	5	141	92	0	1	0	1	0	32	97	160	20	0	0	1	0	27	185	73	0	2	1	0	0	154	126	0	3	0	4	0	84	184	76	0	3	0	2	0	48	157	32	0	1	0	0	0	1	4	0	0	0	0	
0	0	1	1	0	1	0	0	0	1	0	9	0	18	85	0	1	0	17	184	15	118	122	0	2	0	174	218	72	224	78	0	0	94	255	221	249	183	118	13	0	43	52	56	225	22	0	1	0	4	0	129	183	0	6	0	0	2	0	27	25	0	0	0	
0	0	0	0	1	0	0	0	0	0	94	21	0	1	0	0	3	0	148	64	92	15	0	0	4	0	101	181	212	66	0	3	1	0	21	103	201	113	0	4	0	0	3	0	87	118	0	4	0	0	2	0	48	155	0	3	0	0	0	0	7	25	0	0	
0	0	110	87	0	1	0	0	1	0	150	255	95	0	3	0	0	4	0	145	215	0	4	1	0	3	0	165	188	0	1	0	0	0	137	255	158	119	167	18	0	97	255	246	243	242	197	19	0	29	69	37	17	0	1	0	0	0	0	0	0	0	2	1	
0	0	0	0	0	0	0	0	0	17	71	78	33	0	1	0	0	48	76	97	95	0	3	0	0	0	5	130	67	5	0	0	0	0	14	77	93	125	0	0	0	0	0	0	6	142	7	0	0	0	1	0	93	78	0	2	0	1	0	20	67	2	0	0	
1	0	25	18	0	1	0	0	3	0	156	249	81	0	2	0	1	0	20	160	255	64	0	3	0	3	0	28	251	94	0	4	2	0	29	213	233	118	96	0	0	41	242	255	250	255	133	0	0	51	147	125	73	20	0	0	0	0	0	0	0	0	1	0	
0	0	0	10	12	0	0	0	0	2	0	48	141	51	0	2	0	1	0	21	185	61	0	3	0	3	0	92	190	34	0	1	1	0	45	0	96	153	0	4	1	0	104	88	189	26	0	1	2	0	69	181	39	0	2	0	0	0	0	0	1	1	0	0	
0	0	1	1	0	0	0	0	0	1	0	53	145	75	53	32	3	0	71	246	234	246	252	73	3	0	81	251	196	243	115	0	3	0	86	252	246	56	0	2	0	25	242	85	189	77	0	4	0	63	255	214	196	29	0	2	0	2	41	56	14	0	1	0	
0	0	0	0	0	0	0	0	0	7	99	109	95	71	0	0	0	3	29	7	130	158	0	1	0	2	0	60	137	0	0	0	1	0	23	148	11	2	3	0	4	0	115	88	0	3	0	0	2	0	50	154	106	113	52	0	0	1	0	21	52	60	31	0	
0	0	2	1	0	0	1	0	0	3	0	21	93	58	0	1	2	0	43	226	255	255	102	0	0	56	237	220	123	232	181	0	0	175	255	27	12	247	178	0	0	54	245	209	168	255	86	0	1	0	36	158	185	88	1	0	0	2	1	0	0	0	1	0	
0	0	0	0	11	9	0	0	0	0	0	123	161	71	0	2	1	0	29	172	36	0	1	0	1	0	22	174	155	60	0	2	0	0	1	0	37	121	0	3	1	0	36	60	76	133	0	3	2	0	29	167	186	45	0	2	0	0	0	2	3	0	0	0	
0	0	0	1	0	0	1	0	0	1	0	10	135	110	0	1	0	2	0	163	243	189	70	0	3	0	75	205	82	89	131	0	1	0	190	83	0	97	105	0	0	19	208	13	34	167	16	0	0	3	172	160	170	52	0	2	1	0	21	65	14	0	1	0	
0	0	1	2	0	0	1	0	0	1	0	3	160	111	0	2	0	0	3	151	102	186	56	0	3	0	111	150	0	118	126	0	1	0	175	43	0	127	81	0	0	34	208	34	98	120	0	0	0	7	144	165	105	6	0	0	0	0	0	0	0	2	0	0	
0	0	0	0	0	0	0	0	0	0	3	0	82	69	0	3	0	0	2	0	166	52	0	2	0	1	0	60	174	0	0	0	0	3	0	137	120	0	4	0	0	1	0	182	45	0	2	0	0	0	6	137	10	0	0	0	0	0	0	0	1	0	0	0	
0	0	1	0	0	0	1	0	0	1	0	108	225	152	3	0	2	0	154	196	155	255	97	0	0	61	206	10	0	171	120	0	0	157	92	0	0	168	71	0	0	170	123	22	158	188	0	0	0	53	192	205	179	22	0	1	0	0	0	1	0	2	1	0	
0	0	1	0	31	5	0	0	0	2	0	111	247	79	0	3	3	0	71	186	101	150	0	4	1	0	22	0	78	151	0	3	1	0	70	131	201	126	0	4	0	0	191	194	210	170	47	0	2	0	62	133	14	28	49	0	0	0	0	0	2	2	0	0	
0	0	0	0	0	0	0	0	0	0	2	0	81	25	0	1	0	0	1	0	143	28	0	1	0	1	0	23	141	0	0	0	0	3	0	93	110	0	3	0	0	0	1	180	35	0	1	0	1	0	32	120	0	1	0	0	0	0	0	0	1	0	0	0	
0	0	1	0	0	0	0	0	1	0	9	127	138	25	0	1	3	0	134	162	208	43	0	2	0	2	6	120	227	45	0	2	1	0	28	179	132	159	0	3	0	0	16	0	147	92	0	3	3	0	129	210	186	7	0	1	1	0	22	34	3	2	0	0	
0	0	0	1	0	0	0	0	0	1	0	143	98	0	2	0	0	2	0	33	226	40	0	2	2	0	50	227	186	4	0	1	2	0	30	144	168	122	2	0	0	1	0	1	132	213	4	0	2	0	53	165	120	19	0	1	0	0	3	3	0	1	0	0	
0	0	0	0	0	0	0	0	0	0	3	23	0	75	38	0	1	0	27	163	0	160	59	0	3	0	91	175	33	182	6	0	4	0	138	189	217	121	0	4	0	0	0	25	178	13	0	1	0	3	0	124	107	0	3	0	0	0	0	34	7	0	0	0	
0	0	0	0	0	2	0	0	0	11	11	2	9	2	0	0	0	102	237	218	240	142	0	2	0	5	56	60	145	208	0	1	0	0	4	0	152	179	0	4	0	1	3	0	214	113	0	4	0	2	0	51	246	32	0	2	0	2	0	47	126	0	1	0	
0	0	0	0	0	1	12	2	0	0	3	28	111	145	116	15	2	0	29	213	82	19	0	0	4	0	99	217	46	0	1	0	2	0	71	89	151	51	0	2	0	0	29	48	164	98	0	4	0	0	146	231	211	43	0	2	0	0	0	0	0	0	0	0	
0	0	0	0	0	0	0	0	0	17	46	20	0	1	0	0	14	88	82	170	41	0	3	0	4	0	68	145	0	0	0	0	2	0	94	123	118	102	22	0	0	0	0	0	0	97	116	0	0	0	0	40	64	112	27	0	0	0	0	33	19	2	0	0	
0	0	2	0	68	12	0	0	0	2	0	59	182	3	1	0	1	0	17	195	41	0	2	0	4	0	135	112	63	169	39	0	3	0	149	170	125	134	149	0	3	0	80	247	129	132	70	0	0	1	0	36	79	33	0	0	0	0	2	0	0	0	2	0	
0	0	0	1	0	0	0	0	0	2	0	65	80	0	2	0	0	3	0	172	166	0	4	0	0	2	0	193	148	0	4	0	0	3	0	109	151	0	4	0	0	4	0	128	166	0	3	0	0	3	0	128	167	0	3	0	0	0	0	8	16	0	0	0	
0	0	0	3	4	1	0	0	0	6	6	0	0	0	0	0	0	59	237	154	94	25	0	1	0	39	169	68	165	173	0	3	0	0	4	0	109	143	0	4	0	0	4	0	180	71	0	3	0	1	0	33	193	7	0	1	0	2	0	50	123	0	2	0	
0	0	2	0	19	19	0	1	0	2	0	46	237	79	0	3	1	0	11	192	98	2	0	0	4	0	121	142	0	4	0	0	3	0	160	99	117	159	8	0	4	0	105	255	145	202	51	0	0	0	2	93	140	83	0	1	0	0	1	0	0	0	0	0	
0	0	1	1	0	1	0	0	0	1	0	23	134	36	0	2	2	0	34	149	136	191	0	0	4	0	161	104	93	131	0	1	1	0	41	223	235	26	0	2	3	0	79	124	86	113	0	4	3	0	76	122	147	65	0	3	0	1	0	40	44	0	1	0	
0	0	0	0	0	0	0	0	1	0	16	81	64	17	0	1	0	0	174	202	194	210	6	0	0	3	28	0	116	172	0	2	0	2	0	60	213	24	0	1	0	4	0	120	199	0	2	0	0	1	53	184	153	0	3	0	1	0	81	127	14	0	1	0	
0	0	1	2	0	0	0	0	0	0	0	4	68	33	0	1	1	0	4	133	124	145	0	1	3	0	91	141	88	128	0	2	2	0	41	142	210	26	0	1	0	1	0	35	160	0	1	0	0	3	0	91	135	0	4	0	0	1	0	36	49	0	2	0	
0	0	2	0	0	0	1	0	0	1	0	143	196	109	0	0	3	0	103	198	29	184	104	0	0	28	219	44	0	41	161	0	0	82	173	0	0	109	172	0	0	82	182	36	136	208	34	0	0	32	184	196	136	18	0	1	0	0	0	0	0	1	2	0	
0	0	1	2	0	0	0	0	0	1	0	7	125	88	0	2	1	0	17	197	255	170	0	2	1	0	182	113	156	159	0	3	0	30	200	4	19	204	17	0	0	37	195	0	29	189	8	0	1	0	143	173	176	73	0	2	0	0	0	46	31	0	1	0	
0	0	1	0	0	0	0	0	0	22	9	1	22	41	0	1	0	90	177	139	209	137	0	4	0	4	11	0	151	85	0	3	1	0	54	99	191	115	0	0	1	0	65	110	217	105	0	2	0	1	0	14	187	15	0	1	0	0	1	11	66	3	0	0	
0	0	0	0	0	0	0	0	0	0	0	13	117	0	0	0	0	1	0	30	166	0	1	0	0	2	0	60	160	0	3	0	0	3	0	106	137	0	4	0	0	3	0	157	66	0	2	0	1	0	15	118	1	0	0	0	0	0	1	1	0	0	0	0	
0	0	2	0	0	0	0	0	0	0	0	72	186	119	0	2	3	0	126	190	79	209	6	0	0	19	190	3	94	167	0	3	0	8	14	62	232	50	3	1	0	46	175	233	198	156	108	0	0	119	185	20	0	3	0	0	0	0	0	0	0	0	0	0	
0	1	0	9	30	0	1	0	1	0	25	167	201	81	0	3	0	0	173	96	26	186	4	0	0	1	7	0	22	185	9	0	0	20	142	165	191	140	0	4	0	67	240	147	233	166	10	0	0	0	88	129	30	52	30	0	0	0	0	0	1	1	0	0	
0	0	2	0	1	1	0	0	0	1	1	3	0	70	50	0	3	0	103	68	0	207	50	0	0	15	218	28	86	181	0	3	0	99	255	102	192	103	0	3	0	16	50	80	225	34	0	2	0	1	0	33	183	8	0	1	0	1	2	5	10	0	0	0	
0	0	0	0	0	0	0	0	0	1	86	142	120	11	0	1	0	6	158	73	179	98	0	4	0	1	0	26	224	52	0	2	3	0	69	222	174	126	0	3	1	0	30	12	103	158	0	4	0	33	58	84	204	28	0	2	0	21	56	61	25	0	1	0	
0	0	0	1	4	2	0	0	0	0	0	0	0	9	5	0	0	2	0	82	144	149	14	0	0	1	0	21	195	60	0	2	0	2	0	56	94	0	3	0	0	3	0	130	50	0	2	0	1	0	19	135	0	1	0	0	0	0	13	80	0	1	0	0	
0	0	0	0	0	1	0	0	0	0	4	53	5	11	38	0	1	0	31	199	0	118	116	0	4	0	126	162	0	173	37	0	0	10	226	179	186	195	0	1	0	7	38	0	150	114	0	2	0	2	0	45	189	5	0	1	0	2	0	50	64	0	2	0	
0	0	0	0	1	1	0	0	0	0	0	2	0	104	17	0	0	0	3	0	93	137	0	3	0	1	0	26	174	15	0	1	0	3	0	138	88	0	3	0	1	0	11	166	10	0	0	0	1	0	26	115	0	1	0	0	0	0	0	0	0	0	0	0	
0	0	1	1	0	0	0	0	0	1	0	45	100	143	127	10	2	0	29	209	111	58	38	1	2	0	182	228	144	41	0	2	0	0	27	0	59	170	0	1	0	99	147	142	155	176	2	0	0	35	131	147	104	15	0	1	0	0	0	0	0	1	0	0	
0	0	0	0	0	2	0	0	2	0	30	174	147	2	0	0	4	0	122	110	123	147	0	2	4	0	130	117	0	183	66	0	0	16	185	13	0	97	153	0	0	10	195	59	42	186	106	0	2	0	67	181	171	90	0	1	0	0	1	0	0	0	1	0	
0	1	0	23	60	0	2	0	0	3	0	128	120	0	4	0	3	0	77	190	3	0	1	0	0	0	181	43	36	112	17	0	0	33	168	100	191	219	98	0	1	0	144	255	130	159	62	0	0	0	3	57	90	49	0	1	0	0	2	0	0	0	1	0	
0	0	0	4	5	0	0	0	0	0	3	101	124	0	0	0	0	1	0	101	177	0	1	0	1	0	18	139	117	58	0	2	0	0	5	0	54	81	0	3	0	10	45	0	151	53	0	2	0	4	112	161	107	0	2	0	0	0	2	7	0	1	0	0	
0	0	0	2	4	2	0	0	1	0	15	26	0	1	0	0	1	0	189	198	104	49	0	1	0	3	121	52	94	176	0	1	0	0	3	0	87	142	0	3	0	0	3	0	175	50	0	2	0	3	0	71	172	0	2	0	0	2	0	40	100	11	0	1	
0	0	1	1	0	2	1	0	0	1	0	17	71	7	0	0	1	0	19	123	100	148	5	0	3	0	121	50	90	165	0	0	2	0	109	129	190	20	0	1	0	1	0	49	117	0	3	0	0	2	0	138	55	0	2	0	0	0	4	74	5	0	0	0	
0	0	1	0	0	0	0	0	0	1	0	55	186	75	0	3	3	0	98	149	87	180	63	0	3	0	64	156	133	116	4	0	2	0	45	223	206	14	0	1	1	0	193	55	100	97	0	3	1	0	72	106	151	52	0	2	0	0	0	12	10	0	0	0	
0	1	2	2	0	0	1	0	0	0	0	0	2	1	0	0	0	109	173	10	0	1	12	1	0	167	204	223	184	209	176	0	4	150	15	33	122	255	78	0	1	12	5	0	134	170	0	2	0	2	0	40	214	27	0	1	0	2	0	40	71	0	2	0	
0	0	1	0	0	0	0	0	0	1	0	57	87	13	0	1	3	0	68	155	104	168	0	1	2	0	167	41	103	137	0	3	2	0	77	146	214	26	0	1	0	3	0	73	152	0	3	0	0	2	0	165	74	0	2	0	0	0	5	87	8	0	0	0	
0	0	0	1	0	0	0	0	0	1	0	43	85	125	52	0	0	0	2	142	115	79	15	0	1	0	16	149	6	0	0	0	0	2	0	86	136	0	2	0	0	3	18	0	150	24	0	1	0	0	107	124	116	0	1	0	1	0	17	63	11	0	1	0	
0	0	0	2	0	0	2	0	0	0	3	0	118	147	0	2	0	4	0	103	255	234	43	0	3	0	79	246	95	121	174	0	0	25	226	81	0	13	158	10	0	115	187	0	64	157	62	0	0	40	175	179	149	49	0	2	0	0	3	5	0	0	2	0	
0	0	0	0	1	1	0	0	0	0	3	0	87	105	0	3	0	0	2	0	166	64	0	2	0	1	0	35	177	1	0	0	0	4	0	123	136	0	4	0	0	1	0	189	53	0	2	0	1	0	16	170	17	0	1	0	0	0	2	2	0	0	0	0	
0	0	0	0	1	0	0	0	0	0	3	0	118	72	0	3	0	0	2	0	186	57	0	2	0	2	0	56	194	0	0	1	0	2	0	174	99	0	3	0	2	0	56	200	1	0	0	0	3	0	73	107	0	3	0	0	0	0	0	1	1	0	0	0	
0	0	0	1	2	0	0	0	0	0	0	155	148	0	0	1	2	0	54	148	128	77	0	3	1	0	16	181	179	14	0	1	0	1	0	150	184	40	0	2	2	0	47	157	72	157	0	4	1	0	2	129	188	76	0	3	0	0	0	1	5	0	0	0	
0	0	2	0	0	0	0	0	0	1	0	48	81	22	0	1	0	0	163	210	154	151	0	1	0	8	81	8	0	171	21	0	0	0	12	33	101	173	0	2	4	0	144	232	236	164	89	1	2	0	31	139	47	0	20	11	0	0	0	0	1	1	0	2	
0	0	14	36	0	1	2	0	3	0	156	120	0	5	0	0	0	24	194	12	0	1	31	10	0	85	200	0	5	154	248	48	0	63	213	0	110	255	139	0	1	0	190	186	207	149	0	0	1	0	31	130	62	0	3	0	0	0	1	0	0	3	1	0	
0	0	0	0	0	0	0	0	1	0	15	65	69	10	0	0	3	0	149	172	214	135	0	4	1	0	16	110	199	29	0	2	3	0	126	235	171	87	0	2	0	0	19	0	98	173	0	3	0	0	0	102	203	34	0	2	1	0	28	125	32	0	1	0	
0	0	0	0	1	0	0	0	0	13	89	121	27	0	1	0	0	87	127	64	139	0	1	0	0	3	0	80	114	0	2	0	0	1	0	32	128	35	0	1	0	0	1	0	44	156	10	0	0	3	0	99	210	78	0	1	0	1	0	23	30	0	0	0	
0	0	2	0	0	1	0	0	0	1	1	3	1	0	47	16	3	0	89	115	0	58	173	6	0	30	211	38	0	179	59	0	0	120	241	127	183	188	0	2	0	22	26	88	201	30	5	0	0	3	0	99	75	0	2	0	0	1	2	2	1	2	0	0	
0	0	0	0	0	0	0	0	1	0	16	131	123	0	0	0	1	0	61	148	197	0	1	0	0	3	0	138	123	0	3	0	1	0	6	116	244	104	0	3	0	0	4	0	128	173	0	4	1	0	8	136	158	60	0	2	0	0	2	43	28	0	1	0	
0	0	1	1	0	0	0	0	0	0	0	9	56	79	82	28	0	1	0	138	150	108	104	32	3	0	148	244	74	2	0	0	1	0	40	45	129	134	0	5	0	9	42	34	107	158	0	3	0	36	174	179	175	36	0	2	0	0	0	0	0	0	0	0	
0	0	0	6	29	0	0	0	0	1	0	9	138	67	0	2	0	0	2	0	65	166	0	2	0	2	0	96	209	51	0	2	0	2	0	55	193	0	0	0	1	0	103	139	142	0	2	0	2	0	90	117	8	0	1	0	0	0	0	0	1	0	0	0	
2	1	0	2	3	1	0	0	0	5	3	0	0	1	0	0	66	233	219	195	189	199	31	0	62	109	55	92	82	231	52	0	0	0	3	0	68	227	15	0	2	4	3	0	210	131	0	4	0	3	0	81	225	12	0	1	0	2	0	140	104	0	3	0	
0	0	0	0	1	0	0	0	0	1	0	59	127	0	0	0	1	0	18	112	113	0	0	0	0	0	0	20	98	0	2	0	0	1	0	37	93	0	3	0	0	3	0	70	82	0	3	0	1	0	24	153	85	0	2	0	0	0	7	9	0	0	0	0	
0	0	2	1	0	0	0	0	0	1	0	30	89	125	38	0	2	0	75	202	112	136	139	0	0	0	212	96	0	170	63	0	2	0	52	210	231	76	0	2	0	0	153	201	181	76	0	3	0	43	222	4	91	142	0	4	0	7	31	0	24	17	0	1	
0	0	0	0	0	0	0	0	0	0	1	0	107	12	0	0	0	0	0	5	170	19	0	1	0	1	0	37	174	0	1	0	0	3	0	72	128	0	3	0	0	4	0	126	130	0	4	0	0	3	0	113	97	0	3	0	0	0	0	0	0	0	0	0	
0	0	1	2	0	0	0	0	0	0	2	0	52	75	5	0	0	1	0	145	216	227	109	0	2	0	132	151	5	144	28	0	0	5	216	120	190	152	0	4	1	0	56	150	240	29	0	2	0	4	0	137	160	0	3	0	0	1	0	82	41	0	1	0	
0	0	1	0	33	28	0	1	0	1	0	26	136	69	0	2	0	3	0	136	71	0	2	0	1	0	24	147	1	0	0	0	3	0	64	166	107	56	0	2	2	0	42	146	140	70	0	3	0	1	0	97	86	0	1	0	0	0	0	0	0	1	0	0	
0	0	2	0	0	1	0	0	0	0	0	93	138	26	0	1	2	0	114	113	105	151	0	2	0	0	182	65	69	104	0	2	1	0	17	154	244	19	0	1	0	0	2	138	122	118	0	4	1	0	20	158	119	113	0	3	0	1	0	27	59	6	0	0	
0	0	2	1	0	1	1	0	0	0	0	15	36	6	0	0	1	0	69	115	95	170	36	0	0	11	180	99	137	148	11	0	0	0	24	40	158	54	0	2	0	2	0	52	132	0	3	0	0	0	1	165	38	0	1	0	1	0	25	118	0	2	0	0	
0	0	1	1	0	0	0	0	0	1	0	58	69	0	0	0	2	0	49	153	185	34	0	2	3	0	84	156	173	37	0	2	0	0	4	84	181	17	0	1	0	1	0	18	146	0	0	0	0	1	0	38	188	19	0	1	0	0	0	3	92	25	0	1	
0	0	2	3	0	0	0	0	0	0	0	0	2	9	0	0	2	0	71	127	137	146	0	3	1	0	45	23	70	108	0	3	0	0	2	0	130	40	0	2	0	2	0	74	105	0	2	0	1	0	18	139	13	0	1	0	3	0	82	71	0	3	0	0	
0	0	1	0	3	0	0	0	3	0	67	199	166	145	64	0	4	0	142	183	11	8	35	0	3	0	139	202	168	138	19	0	0	0	0	1	0	164	111	0	0	10	136	150	56	164	87	0	0	14	149	224	196	135	8	0	0	0	0	0	0	0	0	0	
0	0	0	0	0	0	0	0	0	1	0	66	154	74	0	1	0	3	0	178	218	206	66	0	2	0	39	197	0	84	98	0	4	0	130	142	0	144	55	0	2	0	193	79	95	185	0	1	3	0	136	230	175	18	0	1	0	0	8	53	11	0	1	0	
0	0	0	0	0	1	0	0	0	3	6	12	15	1	0	0	2	157	197	170	203	153	0	2	0	27	33	0	100	190	0	2	0	0	4	0	155	112	0	4	0	1	2	0	192	54	0	2	0	1	0	14	214	34	0	2	0	0	1	0	131	52	0	2	
0	0	0	0	0	0	0	0	3	69	123	123	95	79	9	0	3	68	53	42	193	197	6	0	1	0	12	157	246	53	0	2	0	21	180	127	84	187	27	0	0	59	49	0	0	169	113	0	0	49	164	163	183	185	28	0	0	0	3	48	49	2	0	0	
0	1	1	0	0	0	1	0	1	0	20	156	147	55	0	1	1	0	188	159	153	255	70	0	0	97	214	3	0	139	210	0	0	198	83	0	0	108	217	0	0	146	201	86	87	203	85	0	0	5	108	171	146	66	0	1	0	1	0	0	0	0	1	0	
0	0	0	0	0	0	0	0	3	0	84	150	0	2	0	0	4	0	169	213	3	0	1	0	3	0	166	73	0	3	0	0	4	0	109	175	0	131	145	0	0	0	0	139	204	244	65	0	0	0	1	0	17	134	13	0	0	0	1	2	0	1	2	0	
0	0	0	0	0	0	0	0	0	3	138	202	175	61	0	3	0	8	107	66	198	114	0	4	1	0	3	161	250	49	0	2	0	0	9	28	72	151	0	3	0	7	125	105	148	188	8	0	0	12	176	238	161	73	39	0	0	0	0	0	0	0	0	0	
0	0	1	0	1	1	0	0	0	0	4	75	18	29	30	0	2	0	131	245	71	203	92	0	0	0	221	84	157	130	0	3	3	0	94	248	211	8	0	1	1	0	0	215	216	1	0	1	0	1	0	198	232	7	0	1	0	1	0	37	60	0	1	0	
0	0	0	0	0	0	0	0	0	0	1	0	119	21	0	1	0	1	0	6	189	29	0	1	0	2	0	54	184	0	1	0	0	4	0	114	130	0	4	0	0	5	0	158	64	0	2	0	0	6	0	115	51	0	2	0	0	0	0	1	3	0	0	0	
0	0	1	0	25	17	0	1	0	2	0	82	240	66	0	3	2	0	54	194	47	7	1	0	3	0	150	84	17	31	0	1	2	0	166	177	109	163	106	0	4	0	120	250	68	137	180	0	0	0	1	78	140	101	14	0	0	0	1	0	0	0	1	0	
0	0	2	0	77	28	0	1	0	2	0	60	199	13	0	1	0	0	0	184	61	0	2	0	3	0	81	169	95	154	22	0	4	0	110	236	143	209	111	0	3	0	58	237	145	129	29	0	0	1	0	49	50	9	0	0	0	0	1	0	0	1	1	0	
0	0	0	0	0	0	0	0	0	0	0	9	91	2	0	0	0	2	0	46	201	0	0	0	0	4	0	117	174	0	3	0	0	4	0	136	148	0	4	0	0	4	0	125	88	0	3	0	0	3	0	114	61	0	2	0	0	0	0	18	7	0	0	0	
0	0	1	0	0	1	0	0	1	0	16	110	157	41	0	2	1	0	149	117	163	124	0	3	1	0	161	74	92	72	0	2	1	0	17	227	211	5	0	1	4	0	107	107	78	145	0	3	3	0	65	108	119	136	0	2	0	0	0	41	57	4	0	0	
0	0	2	0	23	44	0	0	0	2	0	72	198	145	0	0	2	0	56	189	30	0	2	0	0	1	165	44	0	2	0	0	0	48	147	7	150	151	24	0	0	5	136	223	149	172	145	0	0	0	7	60	107	127	28	0	0	1	2	0	0	0	0	0	
0	0	0	0	0	0	0	0	0	0	6	24	0	35	14	0	2	0	53	110	0	154	21	0	4	0	146	120	49	148	0	2	2	0	74	115	195	96	0	4	0	0	1	0	142	29	0	1	0	0	0	24	142	0	0	0	0	0	0	10	50	0	1	0	
0	1	0	29	33	0	1	0	2	0	43	159	93	1	0	0	4	0	115	70	0	3	0	0	4	0	102	68	54	65	0	2	2	0	53	157	121	141	16	0	1	0	2	203	119	124	0	0	0	2	0	65	126	22	0	1	0	0	0	0	0	1	0	0	
0	0	0	0	0	0	0	0	0	0	2	0	110	29	0	1	0	1	0	14	199	24	0	1	0	3	0	89	186	0	2	0	0	4	0	163	109	0	3	0	1	0	7	200	43	0	2	0	1	0	21	142	2	0	0	0	0	0	0	0	1	0	0	0	
0	0	0	0	0	0	1	0	0	2	0	76	195	168	21	0	1	0	35	193	97	227	144	0	3	0	104	75	0	137	170	0	0	24	44	0	10	217	55	0	0	180	79	40	188	120	0	3	0	106	199	182	115	1	1	0	0	0	0	0	0	2	0	0	
0	0	0	2	1	0	0	0	0	0	6	2	1	2	0	0	3	0	151	194	151	161	12	0	0	1	173	62	28	176	17	0	0	3	33	0	81	152	0	3	0	0	1	0	167	46	0	2	0	3	0	85	150	0	3	0	0	2	0	121	50	0	2	0	
0	0	0	0	0	0	0	0	0	2	0	51	122	0	1	0	0	2	0	54	158	0	2	0	0	1	0	39	168	0	1	0	0	2	0	59	173	0	2	0	0	3	0	76	186	0	2	0	0	2	0	54	155	0	1	0	0	0	0	0	0	0	0	0	
0	0	2	0	34	70	0	2	0	1	0	7	178	72	0	2	0	2	0	153	113	0	3	0	3	0	68	173	24	46	0	0	3	0	176	184	120	215	41	0	3	0	177	193	104	143	24	0	1	0	14	77	66	10	0	1	0	0	0	0	0	1	1	0	
0	0	1	0	0	0	0	0	0	0	4	100	5	21	61	0	2	0	55	179	0	89	115	0	0	1	174	54	0	142	48	0	0	118	150	39	106	153	0	1	0	53	128	88	129	92	0	3	0	0	3	0	99	37	0	1	0	2	4	2	18	2	0	0	
0	0	0	1	0	0	0	0	0	0	1	2	25	45	88	46	0	2	0	149	184	143	105	18	3	0	105	232	27	0	2	0	2	0	92	128	157	42	0	2	0	10	14	0	104	126	0	4	0	41	165	121	155	37	0	2	0	0	11	30	7	0	0	0	
0	0	0	0	1	0	0	0	0	0	1	0	20	93	0	1	0	0	3	0	130	180	0	3	0	1	0	19	226	58	0	3	0	3	0	142	185	0	2	0	1	0	15	228	68	0	2	0	2	0	61	176	0	1	0	0	0	0	7	10	0	0	0	0	
0	0	2	0	68	14	0	1	0	2	0	58	168	0	2	0	1	0	5	176	41	0	2	0	3	0	125	111	62	163	29	0	1	0	165	121	147	147	104	0	2	0	75	229	159	148	51	0	0	0	0	9	77	51	0	1	0	0	2	1	0	1	1	0	
0	0	0	0	0	0	0	0	1	0	11	82	70	0	0	0	1	0	21	92	184	62	0	3	0	0	3	0	154	59	0	2	0	1	0	24	175	7	0	1	0	3	0	94	131	0	3	0	0	4	0	135	86	0	3	0	0	1	0	43	32	0	1	0	
0	0	0	2	0	1	0	0	0	0	0	7	10	20	64	0	0	3	0	147	92	153	121	0	2	0	117	143	75	172	0	2	0	56	255	131	196	61	0	2	0	21	40	169	154	0	1	0	0	1	0	173	47	0	2	0	0	0	7	85	10	0	0	0	
0	0	0	0	0	0	0	0	0	5	62	99	84	86	21	0	0	82	126	0	69	108	27	0	0	17	122	77	146	15	0	1	1	0	4	167	153	106	8	0	3	0	76	115	0	80	118	0	2	0	35	128	99	99	120	0	0	1	0	12	54	60	7	0	
0	0	0	0	0	0	0	0	1	0	27	172	166	134	11	0	0	0	170	125	0	165	75	0	0	3	7	0	0	160	41	0	1	0	26	87	150	207	5	0	0	81	172	141	217	164	112	0	0	113	156	140	50	32	74	0	0	0	11	7	0	3	0	0	
0	0	0	0	0	0	0	0	0	16	130	96	72	76	8	0	2	0	164	243	165	83	1	0	1	0	20	85	142	112	0	1	0	0	1	0	10	213	36	0	0	19	85	0	43	189	2	0	1	0	142	143	169	86	0	3	0	0	2	57	49	0	1	0	
0	1	0	0	0	2	0	0	0	1	15	27	11	0	0	0	0	93	199	178	186	134	0	1	0	21	18	0	43	195	4	0	0	0	3	0	101	158	0	4	0	1	1	0	191	67	0	3	0	3	0	113	159	0	3	0	0	2	0	142	86	0	3	0	
0	0	0	0	0	0	0	0	0	0	2	115	130	59	0	1	0	0	7	82	157	158	0	2	1	0	2	168	183	0	0	1	0	0	9	32	129	46	0	2	0	8	0	47	204	19	0	1	0	34	141	209	66	0	2	0	0	0	37	29	0	1	0	0	
0	0	0	0	0	0	0	0	0	1	0	32	121	126	88	0	1	0	24	185	58	163	189	0	1	0	31	162	93	153	14	0	1	0	61	231	190	0	1	1	0	48	211	29	134	49	0	2	0	32	134	52	153	62	0	2	1	0	24	65	45	0	0	0	
0	0	1	0	0	0	0	0	1	0	22	24	1	54	0	1	1	0	117	27	28	85	0	3	0	22	143	0	81	92	0	3	1	0	83	101	141	92	0	3	0	0	2	0	74	93	0	3	0	0	4	0	36	141	0	1	0	0	0	0	0	30	3	0	
0	0	0	0	2	0	0	0	0	0	2	0	71	85	0	3	0	0	3	0	122	99	0	4	0	1	0	15	189	21	0	1	0	3	0	102	144	0	3	0	0	1	0	174	52	0	2	0	0	0	4	150	18	0	1	0	0	0	0	0	1	0	0	0	
0	0	0	11	78	0	0	0	0	0	0	129	97	0	1	0	2	0	96	79	0	2	0	0	2	0	130	126	163	71	0	2	3	0	149	77	28	185	36	0	2	0	68	166	151	163	16	0	0	1	0	51	68	9	0	1	0	0	2	1	0	2	1	0	
0	0	0	0	0	0	0	0	0	0	1	81	135	42	0	1	3	0	96	158	243	131	0	4	1	0	14	118	223	32	0	1	3	0	65	155	167	130	0	4	0	2	15	0	164	68	0	3	0	13	170	178	126	0	2	0	0	0	45	49	0	1	0	0	
0	0	0	0	0	0	0	0	2	0	110	187	160	50	0	2	0	0	119	48	101	196	0	1	0	1	0	16	151	137	0	2	1	0	0	206	219	5	0	1	0	28	23	51	204	197	0	1	0	97	188	176	156	107	0	0	0	0	3	3	0	0	0	0	
0	0	0	0	0	0	0	0	1	0	32	26	0	69	19	0	4	0	142	66	3	166	4	0	0	24	211	26	76	139	0	4	0	25	146	170	225	103	0	3	0	1	0	10	189	33	0	1	0	1	1	11	143	4	0	0	0	0	0	1	20	1	0	0	
0	0	1	0	0	0	0	0	1	0	18	83	82	69	25	0	2	0	143	153	117	115	115	47	0	23	176	27	12	0	1	2	0	2	106	156	180	81	0	2	0	0	1	0	4	187	45	0	1	0	90	101	136	149	14	0	2	0	46	112	63	7	0	0	
0	0	0	0	0	0	0	0	1	0	38	145	104	8	0	1	2	0	106	108	181	33	0	1	0	2	0	122	236	76	0	1	0	0	6	64	89	190	0	1	0	15	45	0	155	82	0	3	0	19	164	175	110	0	2	0	1	0	38	51	0	2	0	0	
0	0	0	3	5	0	0	0	0	1	0	58	180	64	0	3	0	1	0	16	191	61	0	3	1	0	9	168	62	0	3	0	4	0	115	105	0	3	1	0	4	0	134	100	11	80	42	0	2	0	36	175	158	87	5	0	0	0	0	1	1	0	0	0	
0	0	0	1	0	1	0	0	0	0	0	19	1	21	19	0	0	2	0	183	87	107	20	0	3	0	92	212	129	147	0	2	2	0	99	169	220	151	0	2	0	0	0	5	182	36	0	1	0	2	0	54	148	0	3	0	0	1	0	25	47	0	1	0	
0	0	0	0	0	0	0	0	0	0	0	68	100	59	0	1	1	0	33	138	53	9	0	0	2	0	53	152	100	48	0	2	0	0	5	17	21	128	0	1	0	0	9	0	41	132	0	2	1	0	79	97	132	33	0	2	0	0	3	45	24	0	1	0	
0	1	1	0	0	1	0	0	0	0	4	29	30	4	0	0	0	49	191	160	177	128	0	3	0	26	52	0	108	148	0	4	0	0	3	0	178	89	0	3	0	2	0	15	186	25	0	1	0	3	0	76	200	5	0	1	0	3	0	71	112	0	2	0	
0	0	0	0	0	0	0	0	0	1	0	41	60	0	2	0	0	2	0	49	94	0	3	0	0	2	0	55	101	0	3	0	0	3	0	75	76	0	3	0	0	3	0	107	55	0	2	0	0	2	0	73	46	0	2	0	0	0	0	0	0	0	0	0	
0	0	0	0	0	0	0	0	1	0	16	149	192	100	0	3	3	0	103	179	87	195	0	1	0	1	4	0	40	182	0	0	1	0	35	86	174	132	0	4	0	68	184	171	226	149	93	1	0	76	145	142	34	11	31	0	0	0	10	7	0	2	0	0	
0	0	2	1	0	0	0	0	0	0	2	0	22	72	0	1	2	0	77	86	44	154	0	3	0	13	187	16	36	141	0	3	0	47	171	102	142	141	0	3	0	0	6	0	121	124	0	4	0	0	4	0	134	89	0	3	0	0	1	0	17	13	0	0	
0	0	1	0	0	0	1	0	0	1	0	67	111	81	11	0	3	0	92	255	245	234	126	0	0	1	218	161	29	34	180	0	0	62	221	24	0	97	151	0	0	111	226	8	66	217	49	0	2	0	150	216	204	56	0	2	0	0	1	26	14	0	2	0	
0	0	1	1	0	0	0	0	0	0	0	0	154	107	0	3	1	0	3	179	181	162	0	2	3	0	78	201	36	153	0	1	4	0	146	97	91	116	0	4	3	0	94	209	199	49	0	2	1	0	7	173	126	0	2	0	0	0	1	0	0	1	0	0	
0	0	1	1	0	0	0	0	0	2	0	89	130	112	49	0	2	0	44	193	124	170	68	0	3	0	172	237	44	0	2	0	1	0	59	71	185	33	0	1	0	8	38	0	90	145	0	2	0	9	202	208	188	127	0	1	1	0	16	54	33	0	0	0	
0	0	2	0	0	0	0	0	0	0	1	19	56	41	0	0	2	0	131	238	169	200	7	0	2	0	204	148	85	163	0	3	2	0	49	158	204	40	0	2	0	4	0	115	227	73	0	2	0	3	0	151	225	93	0	3	0	2	0	66	76	0	1	0	
0	0	1	0	0	0	1	0	1	0	4	142	126	21	0	1	1	0	167	255	243	254	70	0	0	68	211	72	132	134	193	0	0	158	121	0	3	2	201	48	0	117	203	68	44	124	166	3	0	2	110	175	155	127	18	0	0	1	0	0	0	0	1	1	
0	0	1	0	78	21	0	1	0	2	0	83	109	0	1	0	2	0	40	141	0	1	0	0	3	0	115	58	82	66	0	1	3	0	115	143	61	98	31	0	2	0	58	184	58	115	16	0	0	1	0	41	86	27	0	1	0	0	1	1	0	1	0	0	
0	0	0	0	0	0	0	0	0	1	0	22	87	0	1	0	0	2	0	48	208	1	0	0	0	2	0	44	201	0	0	0	0	3	0	91	160	0	3	0	0	4	0	141	89	0	3	0	0	4	0	134	77	0	3	0	0	1	0	24	19	0	1	0	
0	0	0	0	0	0	0	0	0	0	1	0	64	17	0	1	0	0	0	2	136	10	0	0	0	1	0	19	121	0	1	0	0	1	0	42	111	0	3	0	0	3	0	73	108	0	3	0	0	3	0	96	44	0	2	0	0	0	0	13	3	0	0	0	
0	0	2	0	1	3	0	0	0	1	0	54	52	0	1	0	3	0	98	161	172	77	0	1	0	19	189	0	120	220	0	0	0	2	148	121	191	75	0	3	0	0	4	64	173	4	0	0	0	1	0	21	175	14	0	1	0	0	0	1	84	20	0	1	
0	0	0	0	0	0	0	0	0	5	131	146	117	113	44	0	0	15	138	220	255	255	111	0	2	0	108	253	186	67	2	0	0	0	83	134	182	252	73	0	0	18	114	11	29	238	83	0	0	20	216	233	216	124	0	0	0	0	4	33	21	0	1	0	
0	2	1	0	0	1	0	0	1	0	24	120	76	0	1	0	0	34	170	90	182	46	0	2	0	51	31	0	130	78	0	3	1	0	26	96	192	169	62	0	0	0	182	176	172	26	97	21	1	0	71	104	30	0	1	0	0	0	0	0	1	2	2	0	
0	0	0	0	1	0	0	0	1	0	9	181	93	0	3	0	2	0	21	250	179	0	2	0	0	4	0	121	255	31	0	2	0	4	0	121	255	38	0	2	0	2	0	195	245	13	0	1	0	1	0	174	149	0	2	0	0	0	0	0	1	1	0	0	
0	0	0	0	0	0	0	0	0	1	90	186	104	0	1	0	0	7	88	63	204	59	0	2	1	0	5	167	223	57	0	2	2	0	83	110	16	155	54	0	0	24	53	0	72	166	23	0	0	21	162	151	124	25	0	1	0	0	4	7	0	1	1	0	
0	0	0	0	0	1	0	0	0	48	116	0	3	3	0	0	0	60	163	0	51	164	0	0	0	42	210	4	58	222	3	0	0	0	162	200	182	201	0	1	0	1	0	33	116	196	9	0	0	0	2	1	0	130	33	0	0	0	0	2	4	2	2	0	
0	1	0	26	25	0	1	0	2	0	93	170	154	64	0	1	0	0	32	0	62	196	0	0	0	0	3	14	86	125	0	4	0	43	176	142	217	201	27	0	0	126	153	69	162	64	148	14	0	16	103	127	27	0	19	10	0	0	0	0	1	3	1	0	
0	0	1	0	0	0	0	0	0	0	5	0	48	30	0	1	3	0	71	64	121	58	0	2	4	0	148	126	146	60	5	0	2	0	54	156	217	145	19	0	0	2	0	55	136	0	3	0	0	2	0	78	104	0	4	0	0	0	0	6	7	0	0	0	
0	0	0	0	0	0	0	0	1	0	37	119	81	7	0	0	0	1	161	198	197	82	0	3	1	0	6	164	236	70	0	0	2	0	43	133	70	136	118	0	0	0	49	9	6	165	79	0	2	0	147	188	175	85	0	2	0	0	1	52	25	0	2	0	
0	0	1	2	0	0	0	0	0	1	0	6	118	40	0	2	1	0	29	113	195	53	0	2	0	8	159	46	131	6	4	0	0	7	120	157	196	129	59	0	0	3	0	136	81	5	3	0	0	0	6	138	10	0	1	0	0	0	3	21	0	1	0	0	
0	0	0	14	49	68	35	0	2	0	32	187	131	118	54	0	4	0	113	142	0	4	0	0	4	0	114	192	125	75	0	2	0	0	0	29	28	173	50	0	0	15	199	213	169	235	76	0	0	0	63	132	163	82	0	1	0	0	0	0	0	0	0	0	
0	0	1	1	0	0	0	0	0	2	0	85	143	69	14	0	1	0	27	138	3	75	56	0	4	0	105	56	12	103	6	0	3	0	73	157	135	64	0	3	2	0	102	61	10	105	0	2	2	0	102	60	87	50	0	2	0	0	3	16	12	0	0	0	
0	0	0	5	28	43	54	7	1	0	9	106	153	121	85	7	3	0	89	150	0	3	0	0	4	0	145	185	88	20	0	1	1	0	23	31	71	152	5	0	0	0	139	156	99	193	32	0	1	0	52	146	170	97	0	1	0	0	0	0	0	0	0	0	
0	0	1	0	19	30	0	1	0	1	0	18	156	42	0	2	0	1	0	138	66	0	2	0	3	0	67	173	6	0	0	0	4	0	120	196	144	82	0	2	3	0	82	150	42	189	6	0	0	0	0	81	116	52	0	1	0	0	1	0	0	0	0	0	
0	0	1	2	1	0	0	0	0	2	7	0	0	0	0	0	0	10	211	100	7	5	0	0	0	0	145	189	163	178	13	0	0	0	0	0	37	168	0	0	0	0	6	0	109	101	0	3	0	0	0	0	155	24	0	1	0	0	0	0	104	15	0	1	
0	0	2	0	5	47	6	0	0	2	0	62	174	87	1	0	2	0	45	181	22	0	1	0	3	0	147	79	85	158	36	0	0	1	179	161	94	174	45	0	3	0	104	234	165	94	0	2	0	1	0	69	91	0	2	0	0	0	2	0	0	2	0	0	
0	0	2	0	0	0	0	0	0	1	0	39	124	49	0	1	3	0	91	123	177	151	0	4	3	0	122	101	138	82	0	3	1	0	2	216	173	0	3	0	3	0	95	115	121	41	0	1	2	0	44	117	151	41	0	2	0	1	0	39	45	0	1	0	
0	0	2	1	0	1	0	0	0	0	0	20	27	0	0	0	2	0	62	135	138	47	0	2	2	0	159	51	145	159	0	4	1	0	51	106	135	123	0	4	0	0	3	0	111	57	0	2	0	1	0	47	144	0	1	0	0	3	0	77	66	0	2	0	
0	0	1	0	1	1	0	0	0	0	1	7	1	36	2	0	1	0	40	119	31	147	0	1	4	0	115	92	102	109	0	1	3	0	131	158	193	74	0	1	0	1	0	79	157	27	1	0	0	3	0	91	88	0	3	0	0	1	0	43	38	0	1	0	
0	0	1	2	4	0	0	0	0	1	0	90	161	26	0	1	2	0	62	84	124	162	0	4	2	0	112	37	106	161	10	0	0	17	140	0	0	133	20	0	0	18	156	4	75	130	0	2	2	0	92	166	139	19	0	1	0	0	0	4	1	1	0	0	
0	0	1	1	0	0	0	0	0	1	0	32	72	0	0	0	1	0	23	165	183	122	0	4	3	0	122	44	100	143	0	4	2	0	134	96	169	53	0	2	1	0	16	92	178	7	0	1	0	2	0	60	129	0	3	0	0	1	0	42	47	0	1	0	
0	0	0	1	0	0	0	0	0	1	0	33	53	0	2	0	0	3	0	73	71	0	2	0	0	2	0	104	29	0	0	0	1	0	23	130	122	50	0	2	0	0	2	105	140	27	0	1	0	0	2	0	49	23	0	1	0	0	0	2	3	1	0	0	
0	0	1	1	0	1	0	0	0	1	0	33	51	0	1	0	2	0	45	166	181	113	0	3	3	0	145	51	140	102	0	3	3	0	122	167	221	28	0	2	1	0	12	52	166	12	0	1	0	1	0	21	185	9	0	1	0	0	0	4	79	11	0	1	
0	0	1	0	0	0	0	0	0	0	1	0	11	40	0	1	3	0	71	81	51	133	0	3	3	0	105	44	138	75	0	3	3	0	135	163	196	19	0	1	1	0	36	38	115	10	0	0	0	1	0	40	140	0	2	0	0	1	0	28	46	0	1	0	
0	0	0	0	2	1	0	0	0	16	18	9	1	0	0	0	0	100	204	191	180	28	0	2	0	0	17	5	149	110	0	4	0	1	3	0	166	76	0	3	0	1	0	22	194	16	0	1	0	2	0	46	200	4	0	1	0	1	0	28	150	9	0	1	
0	0	0	2	0	1	0	0	0	0	1	3	0	69	35	0	0	0	6	105	13	157	18	0	2	0	62	109	67	127	0	4	1	0	168	134	166	50	0	2	0	39	125	68	158	0	1	0	0	2	0	63	109	0	3	0	0	1	0	18	15	0	0	0	
0	0	0	0	0	0	0	0	0	2	0	51	100	0	3	0	0	3	0	75	132	0	4	0	0	3	0	105	137	0	4	0	0	4	0	116	120	0	4	0	0	4	0	131	124	0	4	0	0	2	0	71	109	0	3	0	0	0	0	0	0	0	0	0	
0	0	1	0	41	37	0	1	0	1	0	18	141	20	0	1	0	3	0	100	58	0	2	0	0	0	10	124	41	4	0	0	2	0	33	142	159	82	0	3	1	0	22	163	127	70	0	3	0	1	0	52	67	0	0	0	0	0	0	0	0	1	0	0	
0	0	0	0	0	0	0	0	0	1	0	8	118	19	0	1	0	1	0	26	227	29	0	2	0	2	0	53	162	0	2	0	0	3	0	103	126	0	4	0	0	4	0	137	94	0	3	0	0	4	0	125	73	0	3	0	0	1	0	20	13	0	0	0	
0	0	0	0	0	0	0	0	0	19	130	138	53	0	1	0	0	32	123	93	194	15	0	1	0	3	0	114	240	27	0	2	0	2	0	52	107	168	31	0	0	0	5	0	23	212	45	0	2	0	35	141	226	97	0	3	0	0	0	41	41	0	1	0	
0	1	0	0	0	1	0	0	0	0	11	26	17	1	0	0	0	130	236	196	175	165	5	0	0	65	57	0	29	204	13	0	0	0	3	0	99	187	0	2	0	3	2	0	198	76	0	3	0	3	0	78	198	0	1	0	0	3	0	103	143	5	0	1	
0	1	0	0	0	0	0	0	1	0	43	87	89	123	29	0	0	40	130	31	59	173	32	0	0	8	2	83	191	70	0	2	0	0	40	113	53	130	25	0	0	95	26	0	0	134	31	0	0	118	96	99	141	83	0	2	0	8	50	67	29	0	1	0	
0	0	2	0	0	0	0	0	0	1	0	59	148	93	0	2	3	0	106	158	106	161	0	0	0	0	189	32	59	174	0	1	2	0	71	181	211	44	0	2	1	0	18	201	179	136	0	0	4	0	132	124	0	171	62	0	1	0	23	11	0	26	17	0	
0	0	1	9	1	0	0	0	0	0	2	119	110	0	0	0	0	1	0	22	155	15	0	1	0	0	115	205	130	0	2	0	0	0	36	6	130	85	0	3	0	0	2	0	136	78	0	3	1	0	71	127	100	0	1	0	0	0	12	13	0	1	0	0	
0	0	0	0	0	0	0	0	2	0	68	174	168	32	0	1	2	0	101	65	133	145	0	4	0	3	0	58	226	119	0	2	1	0	12	134	65	162	22	0	0	66	28	0	113	130	0	2	0	124	123	133	129	0	0	0	0	0	12	13	0	2	0	0	
0	0	0	0	1	0	0	0	0	1	103	64	0	3	0	0	0	84	208	178	37	0	4	0	0	10	0	102	161	7	0	1	2	0	167	255	245	216	179	36	1	0	124	234	103	76	160	7	0	0	0	9	4	0	0	0	0	0	2	0	1	3	4	0	
0	0	0	0	1	1	0	0	0	0	3	37	0	32	29	0	1	0	34	173	12	169	35	0	4	0	131	107	81	117	0	4	0	0	203	182	208	106	0	1	0	0	27	54	170	23	0	0	0	0	1	0	155	30	0	1	0	0	3	0	56	18	0	1	
0	0	0	0	0	1	1	0	2	0	80	30	0	2	0	0	3	0	139	57	0	39	55	0	0	32	141	0	0	100	164	0	0	140	107	42	81	183	96	0	0	62	127	120	66	146	52	0	0	0	0	2	0	77	49	0	0	2	3	3	3	2	3	0	
0	0	1	0	0	1	1	0	1	0	7	86	140	60	0	2	1	0	154	103	148	208	47	0	1	0	171	64	66	169	16	0	1	0	10	199	255	53	0	3	2	0	42	172	92	134	0	2	2	0	63	140	42	169	0	1	0	0	4	38	47	24	0	1	
0	0	1	4	2	0	0	0	0	0	0	0	3	12	1	0	0	2	32	95	146	179	31	0	0	11	147	138	46	161	12	0	0	0	1	0	148	84	0	3	0	3	0	126	126	0	3	0	2	0	54	168	1	1	0	0	3	0	108	65	0	2	0	0	
0	0	2	0	124	41	0	2	0	3	0	98	167	1	1	0	2	0	37	189	14	0	2	0	4	0	138	93	0	71	25	0	0	10	162	95	175	195	178	1	0	0	168	235	63	38	150	2	0	0	12	20	10	22	13	0	0	0	0	0	0	0	1	0	
0	1	1	0	0	0	0	0	0	0	3	0	27	45	0	1	0	11	168	4	96	166	0	4	0	76	196	0	136	152	0	4	0	19	129	112	218	112	0	4	0	0	4	0	160	97	0	4	0	1	4	0	201	86	0	3	0	0	0	0	74	21	0	1	
0	0	0	0	0	0	0	0	0	12	146	198	125	20	0	1	0	6	55	14	143	130	0	4	0	0	0	108	215	36	0	2	1	0	19	133	133	123	0	0	0	5	55	1	8	186	23	0	0	19	177	104	159	90	0	2	0	0	1	15	8	0	0	0	
0	0	1	0	47	24	0	1	0	2	0	91	183	125	0	2	1	0	34	157	8	40	0	0	4	0	115	78	0	34	9	0	2	0	146	16	126	255	39	0	3	0	134	67	170	179	0	1	2	0	37	139	93	8	0	1	0	0	1	0	0	1	1	0	
0	0	1	0	0	0	0	0	1	0	6	106	150	55	0	2	3	0	140	114	31	116	31	0	3	0	123	116	26	118	2	0	0	2	0	145	251	72	0	3	2	0	53	138	14	154	9	0	2	0	48	145	99	131	0	0	0	1	0	33	69	16	0	1	
0	3	3	2	3	2	0	0	0	0	0	0	0	0	0	0	11	67	68	50	61	52	0	1	14	79	80	59	97	111	0	3	0	1	0	26	147	157	54	0	0	3	5	0	97	73	0	1	0	0	3	0	77	58	0	2	0	0	0	0	11	9	0	0	
0	0	2	1	0	0	0	0	0	2	0	22	141	86	0	2	2	0	34	218	245	211	13	0	0	10	203	91	29	146	63	0	0	81	185	0	0	159	44	0	0	83	192	0	81	195	0	0	0	8	185	176	188	59	0	2	1	0	13	65	23	0	1	0	
0	0	0	0	0	0	0	0	2	35	15	12	49	54	1	0	0	160	243	230	227	232	17	0	0	4	25	12	64	225	35	0	0	7	108	146	221	207	51	0	0	4	129	135	232	105	0	4	0	1	0	22	229	38	0	2	0	1	0	30	103	4	0	0	
0	0	2	1	0	0	0	0	0	1	0	35	95	35	0	1	3	0	69	190	150	207	13	0	0	6	175	12	48	199	0	0	0	10	167	91	198	75	0	3	1	0	22	177	153	0	3	0	0	1	0	167	36	0	1	0	0	0	13	81	0	0	0	0	
0	0	0	0	9	6	0	0	2	0	53	140	116	29	0	1	3	0	93	112	0	4	1	0	3	0	63	174	147	110	0	2	3	0	77	192	0	127	80	0	1	0	21	47	0	101	114	0	0	1	0	129	148	127	9	0	0	0	0	6	11	0	1	0	
0	0	0	3	0	30	18	0	0	0	2	0	70	218	49	0	0	1	0	117	161	51	0	1	2	0	62	154	0	2	1	0	3	0	146	133	158	142	0	0	4	0	169	209	97	195	4	0	2	0	38	134	114	32	0	1	0	0	0	0	0	0	0	0	
0	0	0	1	2	0	1	1	0	2	0	49	70	64	111	0	0	2	0	141	121	101	16	0	1	0	27	162	51	4	0	0	1	0	29	162	0	2	1	0	0	2	0	122	183	55	0	2	1	0	23	124	169	56	0	2	0	0	3	12	0	0	0	0	
0	0	0	0	31	19	0	1	1	0	18	173	182	154	9	0	1	0	17	78	0	129	68	0	0	0	0	0	0	169	31	0	0	5	105	85	99	125	0	3	0	127	123	102	255	96	0	1	0	55	73	98	49	110	39	0	0	0	0	0	0	0	0	0	
0	0	0	0	0	0	0	0	1	0	50	97	52	0	1	0	1	0	62	108	208	48	0	2	0	1	0	15	174	19	0	1	0	3	0	147	155	0	3	0	0	1	0	36	195	29	0	1	0	1	0	111	157	0	1	0	0	0	0	88	20	0	1	0	
0	0	1	0	0	1	2	0	0	1	0	137	182	16	0	2	3	0	147	215	200	235	41	0	0	35	229	40	0	158	198	2	0	121	154	0	3	2	170	27	0	115	179	20	66	166	96	0	0	14	172	195	155	62	0	1	0	0	0	1	0	0	2	0	
0	0	0	0	1	0	0	0	1	0	35	38	3	32	0	1	1	0	158	45	86	93	0	3	3	0	117	50	102	75	0	3	1	0	25	148	138	69	0	3	0	2	0	52	203	22	0	1	0	1	0	37	129	0	2	0	0	1	0	27	38	0	1	0	
0	0	0	0	0	0	0	0	0	2	0	59	64	0	2	0	0	3	0	93	169	0	3	0	0	3	0	82	180	0	3	0	0	3	0	98	140	0	4	0	0	4	0	114	113	0	4	0	0	3	0	74	161	0	2	0	0	0	0	2	39	3	0	0	
0	0	0	0	1	0	0	0	0	29	54	0	0	38	24	0	0	72	232	6	0	227	120	0	0	123	255	133	197	255	78	0	0	96	244	203	238	221	12	0	0	2	15	0	210	173	0	4	0	1	1	0	204	125	0	4	0	0	2	0	25	17	0	1	
0	0	1	0	0	1	2	0	1	0	9	186	176	20	0	2	2	0	163	187	215	233	36	0	0	63	228	11	4	205	191	0	0	149	149	0	0	16	219	48	0	142	197	33	58	119	192	13	0	20	183	211	186	156	38	0	0	0	0	0	0	0	1	1	
0	0	3	1	0	11	2	0	0	2	0	69	167	120	5	0	2	0	88	255	173	21	0	1	0	17	215	132	133	178	0	0	0	76	32	0	0	187	33	0	0	144	115	16	52	226	29	0	0	21	144	179	203	128	0	2	0	0	0	2	2	0	0	0	
0	1	0	50	28	0	1	0	1	0	9	167	23	0	2	0	3	0	94	125	0	6	0	0	3	0	133	81	180	173	24	0	3	0	126	225	43	126	79	0	2	0	30	221	156	122	8	0	0	1	0	39	36	0	0	0	0	0	1	1	0	2	1	0	
0	0	0	0	0	0	0	0	0	2	0	61	86	0	3	0	0	3	0	88	136	0	4	0	0	2	0	65	118	0	3	0	0	2	0	55	123	0	3	0	0	1	0	37	146	0	2	0	0	1	0	28	133	0	1	0	0	0	0	0	0	0	0	0	
0	0	0	0	0	1	0	0	2	0	55	155	81	0	1	0	0	0	186	138	159	66	0	3	0	0	2	0	63	123	0	5	0	11	67	72	144	145	0	2	0	46	236	195	194	132	133	17	0	0	39	60	8	0	50	44	0	0	0	0	2	3	0	0	
0	1	0	27	28	0	1	0	0	3	0	105	70	0	2	0	0	0	0	125	12	0	1	0	1	0	22	102	67	28	0	1	1	0	21	168	73	88	3	0	1	0	24	113	65	112	7	0	0	0	0	5	69	37	0	1	0	0	1	2	0	0	0	0	
0	0	0	0	0	0	0	0	2	0	36	140	106	29	0	1	2	0	57	117	78	168	0	1	1	0	12	78	195	89	0	3	2	0	40	108	83	141	0	2	0	2	14	0	93	138	0	3	0	0	121	161	143	4	0	1	1	0	14	54	7	0	0	0	
0	0	0	0	0	0	0	0	0	32	77	0	17	86	0	1	0	55	139	0	50	145	0	3	0	31	160	9	53	145	0	3	0	53	228	168	188	193	0	0	0	18	29	0	38	195	9	0	0	0	1	0	12	184	20	0	0	1	2	1	0	27	7	0	
0	0	2	0	0	0	0	0	0	1	0	61	132	69	1	1	2	0	129	138	42	188	67	0	1	0	187	71	74	117	0	1	1	0	13	196	232	31	0	2	3	0	90	128	90	121	0	4	3	0	85	141	153	51	0	2	0	0	0	49	34	0	1	0	
0	0	2	1	0	0	0	0	0	0	0	6	92	133	76	0	2	0	43	226	140	35	20	0	3	0	88	157	0	1	0	0	3	0	90	155	124	31	0	1	0	0	18	0	98	128	0	4	2	0	95	119	154	36	0	2	1	0	9	65	31	0	1	0	
0	0	2	0	0	1	0	0	0	0	0	59	66	0	0	0	1	0	113	157	147	155	14	0	0	17	181	24	75	193	1	0	1	0	86	126	191	122	0	4	0	0	0	6	161	21	0	1	0	3	0	112	182	0	2	0	0	2	0	65	58	0	1	0	
0	0	1	0	0	0	0	0	1	0	16	107	103	101	109	74	1	0	190	219	142	114	110	58	0	14	250	174	0	1	0	0	0	16	240	255	145	33	0	4	0	0	112	161	122	231	28	0	2	0	36	159	148	191	24	0	0	1	0	17	48	10	0	0	
0	0	2	1	0	2	0	0	0	3	0	90	201	19	0	1	2	0	41	234	240	168	0	2	0	12	226	124	2	225	59	0	0	128	159	0	0	161	131	0	0	140	170	22	28	185	87	0	0	11	147	188	166	103	0	1	0	0	0	1	0	0	1	0	
0	0	0	0	1	1	0	0	1	0	52	125	35	0	1	0	0	14	130	103	177	49	0	3	0	5	10	0	149	92	0	3	0	1	0	135	158	30	64	22	0	17	177	246	138	115	95	29	0	33	118	40	0	0	0	0	0	0	0	0	1	3	4	1	
0	0	1	3	3	4	1	0	0	10	4	0	0	0	0	0	0	163	200	130	135	108	14	0	0	27	55	47	65	216	27	0	0	0	3	0	111	128	0	4	0	2	2	1	195	52	0	2	0	3	0	115	148	0	3	0	0	2	0	124	54	0	2	0	
0	0	0	0	5	4	0	0	0	1	0	14	165	138	19	0	0	3	0	90	112	0	10	0	0	4	0	143	167	59	0	1	0	0	2	0	56	207	8	0	0	15	19	67	185	104	0	2	0	105	172	140	59	0	1	0	0	1	3	0	0	2	0	0	
0	0	0	1	5	0	0	0	2	0	69	165	172	89	0	3	0	21	201	65	56	182	0	3	0	1	4	0	74	140	0	5	0	13	135	146	225	125	0	2	0	86	171	143	174	133	147	19	0	23	160	113	1	0	71	60	0	0	0	0	2	3	0	0	
0	0	2	1	0	0	0	0	0	1	0	13	50	62	0	1	2	0	60	121	200	103	0	2	0	7	108	59	203	33	0	2	0	35	150	109	117	63	0	2	0	3	69	13	52	80	0	3	0	0	1	0	21	169	10	0	0	0	3	1	0	75	11	0	
0	0	0	0	0	1	0	0	1	0	51	127	62	13	0	1	2	0	134	161	95	169	2	0	0	1	0	27	170	129	0	2	3	0	61	215	148	116	0	3	0	1	25	0	113	132	0	4	0	4	154	158	171	14	0	1	1	0	35	57	0	0	0	0	
0	0	0	0	1	0	0	0	1	0	19	7	23	25	0	1	4	0	142	68	123	147	0	4	4	0	117	165	173	109	0	4	1	0	11	173	255	51	0	3	0	1	0	31	213	22	0	1	0	3	0	90	191	0	2	0	0	1	0	26	63	0	1	0	
0	0	0	0	1	1	0	0	0	2	0	68	30	15	7	0	0	0	0	157	49	146	3	0	3	0	85	207	123	100	0	4	2	0	47	124	223	59	0	3	0	2	0	45	154	0	1	0	0	3	0	117	101	0	3	0	0	1	0	22	14	0	0	0	
0	0	1	0	0	1	0	0	0	2	0	130	177	7	0	1	2	0	63	175	177	149	0	3	4	0	119	133	46	204	0	1	4	0	112	148	28	197	0	0	3	0	61	215	118	173	0	2	0	2	0	113	200	42	0	2	0	0	1	0	0	0	0	0	
0	0	0	0	0	0	0	0	0	0	0	51	54	43	43	10	1	0	11	220	156	130	150	58	2	0	49	236	45	0	2	0	0	0	3	39	165	57	0	3	0	37	165	68	63	165	0	2	0	5	142	209	170	81	0	2	0	0	0	0	5	0	0	0	
0	0	0	0	0	2	0	0	0	47	152	192	110	0	1	0	0	132	101	50	205	110	0	3	0	0	3	33	75	169	0	2	3	0	125	212	204	219	64	0	3	0	170	118	145	204	74	0	2	0	35	185	133	7	0	1	0	0	1	0	0	2	3	0	
0	1	1	0	0	0	0	0	1	0	37	100	134	146	115	24	0	9	204	169	78	74	70	23	0	68	244	75	16	0	1	0	0	2	72	137	176	123	12	0	0	27	138	85	95	230	67	0	0	7	151	239	246	153	8	0	0	0	0	7	18	0	0	0	
0	0	1	1	0	2	6	0	0	0	0	55	87	105	50	0	2	0	45	129	32	13	1	0	1	0	133	108	70	29	0	1	0	27	16	18	30	102	23	0	0	76	64	0	3	115	26	0	0	8	104	97	113	56	0	1	0	0	1	14	4	0	0	0	
0	0	0	3	12	0	0	0	2	0	41	170	186	10	0	1	2	0	78	77	110	126	0	4	0	0	2	0	65	149	0	3	0	30	151	110	211	193	109	13	0	71	210	138	157	2	81	52	0	0	59	96	15	0	1	0	0	0	0	0	1	1	3	1	
0	0	0	0	1	1	0	0	1	0	54	88	16	0	1	0	0	98	174	127	192	12	0	1	0	109	165	0	193	89	0	3	0	1	145	179	232	112	0	4	0	1	1	12	93	169	0	2	0	1	3	0	10	225	65	0	0	0	0	2	0	79	34	0	
0	0	1	0	0	0	0	0	1	0	7	125	146	23	0	1	4	0	131	131	120	132	0	4	3	0	113	90	118	74	0	2	0	0	0	195	238	33	0	2	1	0	32	167	18	155	21	0	1	0	13	134	90	154	20	0	0	1	0	21	69	21	0	1	
0	0	0	6	3	0	0	0	0	2	0	48	83	0	1	0	0	0	0	0	107	10	0	0	0	1	0	116	122	0	3	0	0	0	0	13	89	1	0	0	2	0	48	48	104	0	0	0	1	0	28	126	67	0	2	0	0	0	0	3	2	0	0	0	
0	0	1	0	0	0	0	0	2	0	45	200	176	134	18	0	4	0	138	153	6	46	15	0	0	0	206	200	109	10	0	1	0	1	49	49	122	177	18	0	0	0	3	5	0	194	97	0	1	0	111	180	200	146	5	0	0	0	1	6	2	0	0	0	
0	0	0	0	0	0	0	0	1	0	20	91	112	96	18	0	2	0	53	164	111	216	128	0	0	1	73	87	45	191	70	0	0	131	202	164	253	240	66	0	0	126	205	180	82	41	178	7	0	0	62	38	0	0	17	6	0	1	0	0	3	2	1	0	
0	0	1	0	0	1	0	0	0	0	2	20	0	26	27	0	1	0	31	157	0	148	58	0	3	0	120	120	9	167	0	0	0	0	207	176	174	140	0	4	0	1	21	18	164	79	0	3	0	0	2	0	151	35	0	1	0	0	2	0	64	16	0	1	
0	0	1	0	0	2	1	0	1	0	18	76	23	0	26	23	1	0	148	61	0	44	188	32	0	59	174	4	71	192	54	0	0	42	197	126	218	99	0	4	0	2	0	75	188	5	0	1	0	3	0	189	174	1	0	1	0	0	0	30	10	0	0	0	
0	0	0	3	76	9	0	0	0	3	0	94	131	0	2	0	2	0	40	167	2	0	0	0	3	0	128	79	37	90	6	0	3	0	136	134	136	215	44	0	3	0	85	240	114	103	8	0	0	0	7	44	29	4	0	0	0	0	1	0	0	2	1	0	
0	3	4	4	3	2	0	0	0	0	0	0	0	0	1	0	0	148	176	119	77	40	1	0	0	175	134	108	155	165	125	0	0	146	92	0	0	37	166	0	0	92	48	0	0	85	132	0	0	0	0	3	0	99	106	0	0	2	1	2	0	53	115	0	
0	0	0	3	82	8	0	0	0	3	0	90	164	0	1	0	1	0	5	172	27	0	1	0	3	0	70	187	161	126	0	0	4	0	101	226	61	184	24	0	3	0	57	230	147	124	0	1	0	0	0	69	68	2	0	0	0	0	1	0	0	1	0	0	
0	0	1	1	1	0	0	0	0	0	0	41	19	73	0	1	2	0	46	138	85	98	0	3	3	0	92	140	153	53	0	1	1	0	23	194	221	67	0	1	0	2	0	73	142	0	4	0	0	3	0	75	182	0	0	1	0	0	0	8	31	1	0	0	
0	0	0	5	24	0	0	0	0	3	0	86	118	0	3	0	1	0	18	192	25	0	1	0	4	0	102	98	39	90	0	0	4	0	134	121	172	210	29	0	3	0	57	247	180	88	1	0	0	1	0	88	49	0	1	0	0	0	1	1	0	2	0	0	
0	0	0	0	68	25	0	1	0	2	0	66	133	0	1	0	0	1	0	121	38	0	1	0	1	0	17	145	102	43	0	1	2	0	40	226	133	141	0	2	2	0	34	171	142	104	0	3	0	1	0	18	58	5	0	0	0	0	1	2	0	1	0	0	
0	0	0	0	0	0	0	0	0	0	6	20	30	5	0	0	0	30	162	162	178	138	0	3	0	3	14	0	88	147	0	4	0	0	2	0	165	65	0	2	0	1	0	33	178	1	0	0	0	3	0	91	150	0	3	0	0	2	0	62	136	0	1	0	
0	1	1	0	0	0	1	0	1	0	5	147	182	62	0	1	0	0	180	194	127	193	60	0	0	83	186	0	0	47	156	0	0	105	134	0	0	41	174	0	0	20	199	98	73	217	92	0	2	0	58	180	209	86	0	2	0	0	0	0	0	0	2	0	
0	0	2	0	0	1	0	0	0	1	0	44	74	2	0	0	3	0	84	160	132	173	0	0	0	14	180	0	72	184	0	1	0	12	164	141	219	78	0	3	1	0	15	34	171	32	0	1	0	1	0	14	182	12	0	1	0	0	1	2	60	6	0	0	
0	0	0	6	66	2	0	0	0	3	0	80	131	0	3	0	0	0	0	154	28	0	1	0	2	0	59	129	73	138	14	0	3	0	60	193	101	101	55	0	1	0	7	177	138	113	1	0	0	1	0	18	71	18	0	1	0	0	1	1	0	1	0	0	
0	0	0	0	0	0	0	0	0	0	3	0	87	73	0	3	0	0	2	0	160	58	0	2	0	1	0	31	176	2	0	0	0	3	0	80	147	0	3	0	0	3	0	153	81	0	3	0	0	0	7	131	8	0	0	0	0	0	0	0	1	0	0	0	
0	0	0	4	12	0	0	0	1	0	47	77	148	160	0	0	3	0	120	53	40	96	0	2	1	0	21	190	135	0	1	0	3	0	131	109	93	49	0	2	3	0	126	138	17	168	46	0	0	0	0	70	158	125	24	0	0	0	1	0	0	0	0	0	
0	0	1	0	1	1	0	0	0	1	0	53	147	131	0	2	3	0	86	132	69	132	0	2	2	0	61	135	139	34	0	1	0	2	0	158	207	74	0	2	3	0	68	168	3	167	10	0	1	0	20	111	140	97	0	1	0	0	0	6	13	0	0	0	
0	0	2	0	0	0	0	0	0	2	0	10	42	66	34	0	0	86	157	125	110	101	52	0	0	173	177	44	6	0	0	0	0	37	99	126	138	139	36	0	0	0	0	1	0	49	159	0	0	2	1	74	92	139	101	0	0	1	0	18	70	44	0	0	
0	1	0	24	30	0	1	0	3	0	107	213	195	56	0	2	1	0	58	15	54	159	0	3	0	0	5	16	50	162	0	2	0	23	156	133	211	228	68	0	0	64	192	82	173	44	141	48	0	0	97	142	30	0	7	11	0	1	0	0	1	3	2	0	
0	0	0	0	1	0	0	0	0	0	5	91	5	0	0	0	0	2	0	138	77	0	2	0	0	2	0	51	143	0	3	0	0	1	0	33	146	0	2	0	0	1	0	32	145	0	2	0	0	2	0	44	103	0	3	0	0	0	0	10	11	0	0	0	
0	0	0	0	0	0	0	0	0	1	0	20	85	0	1	0	0	3	0	84	143	0	3	0	0	3	0	90	138	0	4	0	0	3	0	75	146	0	4	0	0	2	0	70	142	0	4	0	0	1	0	44	120	0	3	0	0	0	0	5	15	0	0	0	
0	0	1	2	0	0	0	0	0	1	0	13	21	7	48	31	1	0	3	160	211	125	90	25	1	0	145	85	19	10	0	0	0	2	175	108	34	3	3	1	1	0	17	111	236	79	0	3	0	3	36	89	106	8	0	1	0	0	0	0	0	0	0	0	
0	0	0	35	31	0	1	0	2	0	95	197	184	32	0	2	0	0	97	9	113	129	0	4	0	0	1	0	107	139	0	4	0	57	188	124	209	208	4	0	0	100	193	74	185	163	133	0	0	3	89	136	42	0	33	6	0	0	0	0	1	3	0	0	
0	0	0	6	4	0	1	0	1	0	26	142	92	29	0	1	2	0	64	109	12	118	6	0	3	0	90	54	0	57	63	0	3	0	102	37	0	24	94	0	3	0	99	68	0	58	91	0	1	0	12	105	111	88	12	0	0	0	0	2	10	0	1	0	
0	0	0	6	73	3	0	0	0	3	0	109	168	0	4	0	1	0	28	194	20	0	1	0	4	0	107	166	123	174	43	0	4	0	133	245	54	129	146	0	3	0	61	231	146	140	54	0	0	1	0	46	57	7	0	0	0	0	1	1	0	1	2	0	
0	1	1	0	0	0	0	0	1	0	14	32	24	7	0	0	0	19	167	123	165	91	0	3	0	72	154	0	54	131	0	3	0	0	125	133	147	166	0	3	0	0	1	40	113	178	0	2	0	0	3	0	17	165	7	0	0	0	0	4	0	122	41	0	
0	0	1	0	0	0	5	2	0	0	3	86	78	127	133	14	2	0	50	230	143	81	11	0	4	0	121	216	19	0	1	0	1	0	10	88	192	45	0	2	0	27	34	0	133	121	0	4	0	72	185	163	171	29	0	1	0	0	2	9	4	0	0	0	
0	0	0	0	0	0	0	0	0	1	0	38	126	145	30	0	0	3	0	61	22	122	101	0	0	0	10	8	1	146	36	0	0	74	119	165	219	131	18	4	0	160	155	146	93	117	74	0	0	7	29	7	0	0	0	0	0	1	0	2	4	3	2	0	
0	0	0	0	0	0	0	0	0	0	0	98	109	0	2	0	2	0	104	148	196	96	0	4	0	0	3	71	191	36	0	2	3	0	67	179	121	121	0	1	0	0	4	0	107	139	0	3	0	6	141	150	120	3	0	1	0	0	46	31	0	2	0	0	
0	0	0	1	1	0	0	0	0	0	5	134	12	0	1	0	0	2	0	159	51	0	2	0	0	4	0	126	97	0	3	0	0	3	0	89	120	0	4	0	0	2	0	46	176	0	1	0	0	0	0	8	133	9	0	0	0	0	0	0	0	0	0	0	
0	0	1	0	0	0	0	0	0	0	2	2	0	55	13	0	3	0	101	65	11	186	13	0	0	2	175	11	68	146	0	4	0	28	212	132	199	89	0	3	0	4	13	46	174	7	0	1	0	2	0	51	147	0	3	0	0	0	0	7	61	1	0	0	
0	0	0	0	0	0	0	0	0	2	0	56	50	0	2	0	0	2	0	62	65	0	2	0	0	3	0	81	79	0	3	0	0	3	0	92	92	0	3	0	0	3	0	86	90	0	3	0	0	2	0	60	68	0	2	0	0	0	0	0	0	0	0	0	
0	0	0	0	0	0	0	0	0	2	11	18	22	2	0	0	0	143	206	172	227	112	0	4	0	25	33	0	129	163	0	4	0	0	4	0	150	132	0	4	0	1	1	0	199	56	0	2	0	2	0	41	209	6	0	1	0	1	0	31	151	5	0	1	
0	0	0	2	0	1	1	0	0	0	2	0	70	181	33	0	0	1	0	125	243	78	0	2	3	0	89	255	217	22	0	1	1	0	176	81	114	139	0	4	1	0	166	60	157	98	0	3	2	0	35	181	155	3	0	1	0	0	0	0	0	1	0	0	
0	0	3	1	0	2	0	0	0	1	0	10	24	4	0	0	2	0	84	157	155	120	0	2	0	35	178	0	55	211	5	0	0	16	162	124	201	87	0	3	1	0	7	82	189	2	0	0	0	2	0	51	143	0	3	0	0	1	0	38	115	0	2	0	
0	0	0	0	0	0	0	0	1	0	15	89	80	2	0	0	1	0	152	127	108	48	0	2	0	0	4	0	95	34	0	1	0	9	59	73	173	119	111	21	0	70	187	152	162	124	56	1	0	1	0	0	0	0	0	0	0	0	3	4	3	4	2	0	
0	0	1	1	0	2	0	0	0	0	0	46	12	0	1	0	1	0	15	200	24	56	10	0	4	0	131	131	21	126	0	2	3	0	122	187	180	79	0	3	0	0	0	19	171	31	0	1	0	1	0	46	122	0	3	0	0	1	0	31	45	0	1	0	
0	1	0	35	55	8	0	0	2	0	67	102	75	32	0	3	0	33	132	0	0	0	0	0	0	83	82	0	23	97	104	31	0	77	98	0	107	26	47	104	0	8	134	133	85	0	99	43	1	0	14	103	95	56	27	0	0	1	1	0	0	0	1	1	
0	0	1	1	0	0	2	0	0	2	0	37	147	57	0	1	1	0	24	224	190	241	94	0	0	0	192	125	0	145	231	10	0	90	176	0	3	0	176	42	0	128	124	0	0	71	103	0	0	39	189	155	138	90	9	0	1	0	20	50	19	0	2	0	
0	0	0	0	0	0	0	0	0	1	0	29	91	0	0	0	0	4	0	102	227	0	0	0	0	3	0	166	170	0	3	0	0	3	0	158	151	0	4	0	0	4	0	133	168	0	4	0	0	3	0	114	188	0	2	0	0	0	0	12	20	0	1	0	
0	0	1	0	0	3	0	0	0	2	0	111	158	0	2	0	2	0	44	248	255	128	0	1	3	0	172	180	48	173	93	0	0	27	208	17	0	107	114	0	0	19	213	47	66	196	25	0	2	0	84	192	161	39	0	2	0	0	0	2	0	1	1	0	
0	0	0	0	0	0	0	0	1	0	49	94	128	138	35	0	3	0	124	252	108	67	19	0	0	0	4	110	132	33	0	1	0	0	1	0	15	185	36	0	0	1	33	0	98	218	19	0	1	0	151	188	192	46	0	2	1	0	24	55	2	0	1	0	
0	0	2	0	0	0	0	0	1	0	5	158	162	146	86	0	3	0	120	194	0	18	49	0	1	0	183	200	149	69	0	1	0	0	0	7	40	180	61	0	0	151	153	15	32	184	65	0	0	53	158	162	164	84	0	1	0	0	0	0	0	0	1	0	
0	0	1	2	0	0	0	0	0	0	0	0	24	124	80	0	1	0	26	85	129	94	17	0	3	0	138	117	0	1	0	0	1	0	21	134	152	23	0	1	0	0	2	0	159	73	0	3	1	0	13	169	128	0	1	0	0	0	9	48	2	0	0	0	
0	0	1	0	0	1	0	0	0	1	0	60	66	0	1	0	3	0	79	172	183	75	0	2	3	0	169	41	68	153	0	4	2	0	88	152	219	77	0	3	0	1	0	38	175	1	0	0	0	3	0	108	124	0	4	0	0	2	0	52	36	0	1	0	
0	0	0	1	5	0	0	0	1	0	6	147	157	11	0	1	1	0	36	123	102	84	0	3	0	0	3	0	130	90	0	3	0	0	1	8	170	30	0	1	4	0	105	255	197	19	0	0	1	0	39	79	64	151	8	0	0	0	0	0	0	3	0	0	
0	0	2	1	0	0	1	0	0	2	0	28	178	182	4	0	2	0	58	237	149	194	112	0	0	26	237	94	0	115	163	0	0	132	164	0	7	207	103	0	0	112	191	94	212	127	1	0	0	7	172	197	68	0	2	0	0	1	0	0	0	3	1	0	
0	0	1	0	1	0	0	0	0	0	3	0	80	49	0	2	1	0	17	0	159	79	0	3	2	0	136	112	220	55	0	2	2	0	164	177	203	39	0	2	0	0	6	22	199	25	0	1	0	2	0	39	150	0	0	0	0	0	1	0	0	0	0	0	
0	0	0	0	1	2	1	0	0	0	1	0	18	147	8	0	0	0	4	0	131	154	0	4	0	2	0	41	208	17	0	1	0	2	0	173	113	0	3	0	3	0	67	206	2	0	0	0	3	0	100	100	0	3	0	0	0	0	0	1	1	0	0	0	
0	0	0	0	1	0	0	0	0	1	0	19	29	0	1	0	0	2	0	66	160	0	3	0	0	2	0	41	183	0	0	0	0	2	0	48	168	0	2	0	0	2	0	68	151	0	3	0	0	1	0	31	107	0	3	0	0	0	0	2	23	0	0	0	
0	0	0	0	0	0	0	0	0	2	0	42	165	174	83	0	0	3	0	54	69	79	187	0	0	2	98	42	0	174	95	0	0	75	129	178	207	155	0	1	0	146	75	198	200	161	28	0	0	101	157	73	0	11	1	0	0	0	0	0	2	0	0	0	
0	0	0	3	0	0	0	0	0	1	3	0	85	49	0	2	0	0	0	95	232	79	0	3	0	0	177	161	147	93	0	3	0	33	233	128	184	126	0	4	0	0	7	0	156	140	0	4	0	0	3	0	83	153	0	3	0	0	1	0	9	22	0	1	
0	0	0	0	0	0	0	0	1	0	11	74	91	78	29	0	1	0	33	111	101	243	166	0	0	1	0	21	132	139	20	0	1	16	0	146	214	11	0	1	6	135	3	60	212	38	0	2	0	115	177	159	41	0	1	0	0	1	17	3	0	1	0	0	
0	1	1	0	0	2	0	0	2	0	36	173	118	4	0	0	0	11	167	63	119	135	0	1	0	92	94	0	0	137	59	0	0	86	42	0	0	82	99	0	0	60	122	3	14	165	47	0	1	0	91	157	166	102	0	1	0	1	0	7	5	0	1	0	
0	0	0	1	0	1	0	0	0	1	0	18	18	0	86	15	0	2	0	140	55	59	162	0	2	0	109	190	34	188	34	0	0	0	197	160	226	122	0	4	0	2	0	82	169	0	1	0	1	0	12	200	40	0	2	0	0	0	9	31	0	1	0	0	
0	0	0	0	0	0	0	0	0	0	77	124	129	97	8	0	0	3	87	61	9	125	99	0	0	0	1	0	30	145	30	0	0	2	0	72	147	21	0	1	2	0	91	127	0	27	6	0	2	0	147	136	125	80	0	1	0	0	3	51	42	0	0	0	
0	0	0	2	2	0	0	0	0	0	1	1	0	7	23	5	0	2	0	34	152	139	114	14	1	0	11	167	50	0	1	0	0	2	4	125	137	0	3	1	0	79	96	130	64	0	2	0	0	11	97	43	0	1	0	0	0	0	0	1	2	0	0	0	
0	1	2	1	0	0	0	0	0	0	0	0	11	10	0	0	0	17	183	170	178	110	0	4	0	47	187	21	98	112	0	4	0	0	5	0	135	113	0	4	0	0	4	0	161	75	0	3	0	0	4	0	167	84	0	3	0	0	3	0	120	78	0	3	
0	0	1	0	13	65	0	1	0	0	3	0	144	103	0	3	0	3	0	127	165	0	3	0	3	0	74	204	51	168	69	0	0	0	179	75	149	131	123	0	0	35	213	196	200	107	23	0	0	2	67	88	32	1	0	0	0	0	0	0	0	2	1	0	
0	0	0	47	39	0	1	0	2	0	55	132	143	17	0	1	1	0	29	0	110	33	0	1	0	1	0	12	134	4	1	0	1	0	16	170	145	0	3	0	2	0	173	195	135	125	34	7	0	4	114	27	0	100	103	1	0	0	0	1	2	0	0	0	
0	0	1	1	0	0	2	0	0	0	0	1	28	22	0	0	1	0	7	193	173	183	106	0	4	0	100	182	1	194	98	0	0	0	14	7	197	123	0	3	0	1	0	182	148	0	3	0	2	0	143	173	0	2	1	0	0	15	150	16	0	1	0	0	
0	0	1	2	2	2	0	0	0	0	0	0	0	0	0	0	0	4	103	116	114	125	1	0	0	0	19	12	84	131	0	2	0	0	0	4	148	23	0	1	0	3	0	81	105	0	3	0	0	1	0	134	25	0	1	0	1	0	18	110	0	1	0	0	
0	0	0	2	0	0	1	0	0	0	0	0	38	44	17	10	0	2	0	97	166	167	146	41	0	1	2	182	143	140	64	0	1	0	34	182	131	0	3	0	0	58	188	170	71	0	5	0	0	85	148	43	0	1	0	0	0	0	0	0	1	0	0	0	
0	0	0	5	3	0	0	0	0	34	172	159	144	31	0	1	0	43	89	24	189	74	0	3	3	0	72	208	213	107	0	1	0	1	12	15	0	130	84	0	0	104	121	24	0	53	147	0	0	12	92	160	158	193	91	0	0	0	0	1	9	4	0	0	
0	0	1	1	0	1	0	0	0	1	0	30	91	29	0	1	2	0	40	170	127	171	5	0	4	0	122	143	72	183	0	0	1	0	20	136	237	37	0	2	0	3	0	159	115	0	4	0	2	0	54	209	14	0	1	0	2	0	59	57	0	2	0	0	
0	1	2	0	3	2	0	0	0	0	12	27	0	0	2	1	0	25	155	163	173	35	0	0	0	135	74	0	105	129	130	11	0	124	106	0	0	32	192	38	0	24	154	151	158	153	45	0	0	0	0	24	21	0	1	0	0	1	3	0	0	2	2	0	
0	0	2	1	0	0	0	0	0	2	0	14	124	176	66	0	2	0	42	230	177	75	166	11	0	28	236	156	0	0	149	50	0	159	169	0	0	72	205	30	0	105	245	183	191	189	56	0	1	0	110	166	62	2	0	1	0	1	0	0	0	2	3	0	
0	0	51	40	0	1	0	0	0	23	129	139	123	3	0	1	0	2	4	0	111	111	0	3	0	0	1	0	15	149	0	0	0	0	74	93	144	126	0	4	0	16	205	175	219	183	74	0	1	0	78	118	14	19	28	0	0	0	0	0	1	1	0	0	
0	0	0	0	1	0	0	0	0	0	0	0	1	118	71	0	0	0	4	0	102	247	31	0	0	2	0	28	230	82	0	3	1	0	7	209	136	0	4	0	2	0	160	212	0	1	1	0	0	19	225	55	0	2	0	0	0	3	24	2	1	0	0	0	
0	0	0	0	3	4	0	0	0	0	2	0	86	46	0	2	0	0	0	4	134	8	0	0	0	2	0	64	109	0	3	0	0	3	0	116	47	0	2	0	0	0	3	131	9	0	0	0	0	1	0	98	43	0	1	0	0	0	0	4	6	0	0	0	
0	0	0	0	0	1	0	0	1	0	27	126	174	191	141	0	3	0	109	165	43	108	188	0	0	0	6	25	0	181	114	0	0	28	148	170	232	205	2	0	0	160	133	162	210	201	105	0	0	157	204	120	0	15	35	0	0	2	2	0	1	1	0	0	
0	0	1	1	0	1	2	0	0	1	0	8	121	73	0	2	1	0	4	178	168	141	74	0	1	0	21	197	70	189	92	0	0	3	0	159	255	54	0	2	2	0	134	255	146	0	5	0	0	26	231	146	7	0	1	0	0	4	17	0	1	0	0	0	
0	0	0	0	0	0	0	0	2	0	46	127	136	133	76	0	2	0	61	79	35	206	193	0	0	2	0	35	163	160	29	0	6	28	83	227	255	102	0	4	3	146	57	146	209	43	0	2	0	112	207	148	28	0	1	0	0	6	19	0	1	1	0	0	
0	0	0	0	1	3	0	0	0	11	125	2	1	1	0	0	0	24	160	0	22	63	0	1	0	20	140	0	131	190	6	0	2	0	122	182	116	91	47	0	1	0	13	62	0	99	98	0	0	0	1	1	0	22	126	8	0	0	1	2	0	0	5	3	
0	0	2	1	0	2	0	0	0	1	0	41	19	0	42	9	2	0	51	160	0	96	152	0	0	0	212	151	80	211	34	0	0	16	179	125	232	120	0	4	0	3	0	94	185	0	1	0	3	0	69	221	28	0	2	0	2	0	61	58	0	3	0	0	
0	0	0	0	0	0	0	0	0	2	0	63	122	0	3	0	0	3	0	106	168	0	4	0	0	4	0	124	167	0	4	0	0	4	0	148	165	0	4	0	0	4	0	111	184	0	3	0	0	2	0	57	157	0	1	0	0	0	0	0	0	0	0	0	
0	0	0	1	4	1	0	0	0	0	1	1	0	0	18	12	0	1	0	25	147	153	148	43	1	0	4	173	102	19	2	0	1	0	10	134	125	0	1	1	0	34	98	139	115	0	1	0	0	5	109	72	0	1	0	0	0	0	0	0	2	0	0	0	
0	0	2	0	1	1	0	0	0	0	0	64	35	0	1	0	3	0	98	141	169	27	0	1	1	0	139	1	182	66	0	3	3	0	116	100	239	74	0	3	1	0	29	134	150	99	0	4	0	0	4	0	94	135	0	4	0	0	2	0	39	48	0	2	
0	0	0	3	0	89	54	0	0	0	3	0	98	213	29	0	0	4	0	97	234	32	0	2	2	0	46	225	109	104	31	0	0	15	205	168	176	247	58	0	0	55	249	244	228	142	0	0	0	1	63	79	52	5	0	0	0	0	0	0	0	2	1	0	
0	0	0	0	0	0	0	0	0	2	0	47	51	0	2	0	0	2	0	56	124	0	3	0	0	2	0	48	133	0	3	0	0	2	0	53	138	0	3	0	0	1	0	36	158	0	2	0	0	1	0	17	127	0	0	0	0	0	0	0	0	0	0	0	
0	0	1	1	0	1	3	0	0	0	0	0	29	19	0	1	2	0	46	197	136	152	161	9	2	0	176	99	0	167	111	0	0	4	25	4	189	106	0	3	1	0	10	187	116	0	4	0	0	17	199	109	0	4	0	0	0	91	118	0	5	0	0	0	
0	0	0	0	4	0	0	0	0	0	0	110	136	0	1	0	4	0	107	255	49	0	2	0	1	0	18	114	211	41	0	2	0	0	3	0	113	165	0	3	0	0	49	24	126	198	0	2	1	0	39	149	192	40	0	2	0	0	0	1	1	0	0	0	
0	0	0	2	1	0	2	0	0	0	0	0	12	11	3	5	0	2	0	51	145	104	119	36	0	2	0	167	105	119	80	0	1	0	34	163	190	5	0	1	0	93	162	164	69	0	4	0	0	51	106	33	0	1	0	0	0	0	0	0	2	0	0	0	
0	0	0	2	0	0	0	0	0	0	1	0	23	21	0	1	0	1	0	84	97	107	23	0	3	0	77	96	26	117	6	0	3	0	94	108	139	75	0	3	0	0	3	16	108	13	0	0	0	2	0	58	97	0	3	0	0	2	0	45	39	0	1	0	
0	0	0	2	0	0	0	0	0	0	0	7	83	62	0	1	0	0	0	124	115	163	37	0	1	0	27	188	73	181	51	0	0	2	0	49	237	91	0	3	1	0	11	168	77	0	3	0	2	0	157	98	0	4	0	0	0	5	74	4	1	0	0	0	
0	0	0	1	1	37	4	0	0	0	3	0	106	166	0	1	0	2	0	54	182	11	0	1	0	2	0	164	68	0	2	0	2	0	55	208	112	64	0	1	2	0	54	157	103	137	0	2	0	1	0	94	113	12	0	1	0	0	0	0	0	1	0	0	
0	0	2	2	0	0	0	0	0	1	0	13	96	139	148	13	1	0	27	197	140	69	163	56	0	0	202	107	0	0	138	40	0	91	154	0	0	122	135	0	0	147	124	48	162	147	3	0	0	39	171	163	72	0	2	0	0	0	0	0	0	2	1	0	
0	0	0	1	0	0	0	0	0	0	0	0	134	35	0	1	0	2	0	38	222	19	0	1	0	3	0	97	201	0	1	0	0	3	0	172	138	0	4	0	1	0	12	224	52	0	2	0	1	0	30	162	5	0	0	0	0	0	0	0	1	0	0	0	
0	0	0	0	2	1	2	0	0	0	0	3	0	91	144	0	0	0	2	0	31	209	52	0	0	1	0	13	215	65	0	3	0	2	0	171	176	0	3	0	1	0	138	207	5	0	1	0	0	32	190	40	0	2	0	0	0	0	0	1	1	0	0	0	
0	0	3	3	1	0	0	0	0	0	1	0	26	40	0	1	0	3	89	85	178	39	0	2	0	0	93	80	105	18	8	0	0	0	0	84	192	154	44	0	1	0	16	96	125	10	0	0	0	1	0	33	92	0	2	0	0	1	0	29	22	0	1	0	
0	0	0	0	0	0	0	0	0	1	0	26	102	96	47	0	0	4	0	91	121	125	168	0	0	0	10	12	0	150	73	0	0	23	116	166	200	116	0	2	0	160	168	163	170	72	0	1	0	57	79	9	0	1	0	0	0	0	0	2	3	0	0	0	
0	1	1	0	0	1	0	0	1	0	18	121	113	4	20	1	0	12	210	100	95	200	132	9	0	9	155	157	212	76	0	2	1	0	12	196	204	62	0	3	3	0	143	122	63	160	0	4	3	0	94	182	196	60	0	2	0	1	0	31	30	0	1	0	
0	0	0	0	0	0	1	0	0	1	0	18	47	15	0	0	0	2	0	46	139	211	102	0	0	1	2	40	106	145	37	0	1	0	1	172	157	0	2	0	37	111	33	144	144	0	3	0	3	97	144	88	1	0	0	0	0	0	0	0	1	0	0	0	
0	3	4	4	2	2	2	0	0	0	0	0	0	0	0	0	7	67	98	140	154	145	43	0	6	124	137	110	28	132	118	0	0	0	2	0	40	195	19	0	0	3	5	0	181	86	0	3	0	3	0	79	145	0	4	0	0	3	0	85	68	0	2	0	
0	0	2	1	0	0	2	0	0	0	0	7	14	31	6	0	2	0	45	228	165	153	122	0	3	0	145	154	0	39	202	20	0	2	5	0	70	204	78	0	1	0	11	146	195	37	0	2	0	45	202	130	2	0	3	0	0	110	88	0	4	2	0	0	
0	0	0	1	1	0	0	0	0	0	1	0	66	125	51	0	0	1	0	22	113	207	185	0	0	5	0	103	177	91	7	2	2	0	32	174	188	26	0	1	0	28	167	34	127	96	0	3	0	106	151	90	83	0	0	0	0	2	37	23	0	1	0	0	
0	0	0	2	1	0	1	0	0	0	1	0	18	36	3	0	0	2	0	57	165	183	172	13	0	0	5	192	154	120	44	0	2	0	65	229	122	0	2	0	0	86	180	165	109	0	5	0	0	68	147	100	8	0	0	0	0	0	0	0	0	0	0	0	
0	0	1	1	0	1	0	0	0	1	0	29	94	30	0	1	2	0	37	127	20	78	7	0	1	0	18	99	101	66	0	1	0	2	0	61	158	0	2	0	1	0	8	98	97	0	2	0	3	0	81	129	24	0	1	0	1	0	18	23	0	1	0	0	
0	0	1	3	0	0	0	0	0	0	1	0	46	88	18	0	1	0	10	109	142	159	66	0	4	0	101	195	0	80	47	0	1	0	25	97	208	174	6	0	0	0	0	138	157	0	0	1	1	0	159	160	2	1	1	0	0	7	78	1	2	1	0	0	
0	2	0	1	3	1	0	0	0	0	0	0	0	1	0	0	10	112	118	102	98	17	0	1	6	28	6	5	69	123	0	2	0	0	0	0	11	135	0	0	0	1	2	0	60	86	0	3	0	0	0	3	118	16	0	1	0	2	0	50	89	0	3	0	
0	0	2	0	60	38	0	1	0	1	0	16	198	44	0	2	0	4	0	115	133	0	4	0	1	0	16	173	46	113	21	0	4	0	103	139	171	242	27	0	4	0	146	224	197	51	0	2	1	0	30	80	10	0	1	0	0	0	0	0	1	2	0	0	
0	0	0	0	3	9	1	0	0	1	0	20	113	71	0	0	0	0	7	93	20	76	50	0	0	1	0	120	175	83	7	0	1	0	18	149	139	44	0	2	4	0	133	117	89	17	0	1	3	0	97	146	15	0	1	0	0	0	1	2	1	1	0	0	
0	0	0	8	51	27	0	1	3	0	68	204	152	191	8	0	1	0	57	71	28	205	10	0	0	0	4	0	123	137	0	4	0	7	133	199	218	19	0	1	0	78	175	206	232	133	28	0	0	35	155	65	37	129	39	0	0	0	0	0	0	0	0	0	
0	0	0	0	0	0	0	0	0	18	25	0	40	44	0	2	0	95	86	0	80	78	0	3	0	82	99	0	74	83	0	3	0	5	147	58	138	128	0	3	1	0	24	95	152	99	0	4	0	1	3	0	49	136	0	3	0	0	1	2	9	18	0	0	
0	0	2	2	0	2	2	0	0	0	0	6	35	9	0	0	2	0	36	144	118	181	92	0	4	0	149	89	21	180	24	0	0	0	33	3	166	58	0	2	0	3	0	110	130	0	4	0	2	0	43	172	3	0	0	0	3	0	77	77	0	3	0	0	
0	0	1	0	1	1	0	0	0	0	3	10	0	68	7	0	2	0	65	41	34	133	0	3	3	0	102	48	96	77	0	3	1	0	14	104	201	44	0	2	0	2	0	70	110	0	3	0	0	2	0	126	35	0	1	0	0	0	1	23	1	0	0	0	
0	0	0	0	1	1	1	0	0	2	5	0	30	139	0	0	0	1	6	0	153	118	0	4	0	2	0	41	197	12	0	1	0	3	0	153	116	0	3	0	2	0	60	198	7	0	1	0	3	0	129	75	0	2	0	0	0	0	0	1	1	0	0	0	
0	0	1	0	0	0	0	0	0	0	0	78	94	8	0	1	3	0	74	84	39	85	0	3	3	0	85	100	113	60	0	2	2	0	35	159	113	56	0	2	3	0	80	64	15	89	0	3	1	0	27	124	115	50	0	2	0	1	0	26	37	0	0	0	
0	0	0	0	0	1	4	0	0	1	0	9	110	176	99	0	0	2	0	51	205	46	4	0	0	4	0	174	166	0	1	1	0	1	0	34	165	138	0	4	0	105	64	28	206	68	0	3	0	57	181	175	70	0	2	0	0	0	4	2	0	1	0	0	
0	2	0	18	6	2	0	0	3	0	97	247	84	0	4	0	0	48	204	74	182	128	0	1	0	121	122	0	10	136	130	0	0	93	142	0	3	2	170	31	0	42	249	170	144	218	147	0	1	0	74	154	168	107	2	0	0	0	0	0	0	0	2	0	
0	0	2	0	56	29	0	1	0	1	0	23	201	31	0	1	0	3	0	152	134	0	3	0	3	0	65	207	11	116	80	0	0	0	206	56	96	255	131	0	0	12	218	201	245	143	5	0	1	0	40	83	36	0	1	0	0	0	0	0	0	2	1	0	
0	0	1	1	0	1	0	0	0	1	0	30	70	3	0	0	1	0	20	113	62	17	0	1	3	0	110	67	62	112	0	2	2	0	59	124	117	81	0	3	0	0	2	0	61	46	0	2	0	0	3	0	99	17	0	1	0	0	0	1	39	2	0	0	
0	0	0	0	6	6	0	0	1	0	25	173	177	175	56	0	1	0	22	79	6	197	87	0	0	2	2	0	127	190	0	0	0	3	93	185	252	48	0	2	0	136	255	193	166	209	35	0	13	189	122	1	3	29	4	0	0	0	0	2	2	0	0	0	
0	0	0	0	0	3	2	0	1	0	62	152	72	0	2	0	0	7	219	150	222	126	32	1	2	0	115	174	203	198	88	0	3	0	59	255	177	0	1	0	4	0	118	215	164	102	0	4	1	0	10	182	232	48	0	2	0	0	0	8	30	0	0	0	
0	0	0	1	4	1	0	0	0	0	1	2	0	0	31	19	0	1	0	23	123	155	153	39	0	0	7	135	74	22	0	0	2	0	58	177	95	1	1	2	0	38	71	140	158	0	1	0	0	28	138	86	3	0	0	0	0	0	0	0	2	0	0	0	
0	0	0	0	0	0	0	0	1	0	35	92	115	75	0	1	1	0	64	70	29	123	7	0	0	0	1	0	26	106	0	2	0	0	4	0	89	59	0	2	0	0	0	108	197	74	0	2	4	0	85	212	33	22	0	0	1	0	23	22	0	1	0	0	
0	0	1	3	0	0	0	0	0	0	1	0	34	56	33	0	0	2	0	126	194	135	179	17	2	0	154	179	0	14	168	10	0	38	220	26	0	114	159	0	0	124	223	99	162	152	13	0	0	44	157	124	72	0	1	0	0	0	0	0	0	2	1	0	
0	0	0	5	20	38	1	0	0	0	3	81	26	133	73	0	3	0	79	111	0	45	113	0	0	3	143	20	0	77	103	0	0	90	112	0	2	147	31	0	0	105	131	27	133	113	0	3	0	12	123	129	60	0	1	0	0	0	0	0	0	2	0	0	
0	0	0	1	3	1	0	0	0	0	1	2	0	0	23	18	0	1	0	17	104	147	144	44	1	0	33	160	46	14	2	0	2	0	53	138	136	13	0	2	0	41	58	91	144	0	0	0	0	20	109	95	8	0	1	0	0	0	0	0	2	0	0	0	
0	0	0	1	1	0	0	0	0	0	3	0	78	80	0	3	0	1	0	10	232	142	0	4	1	0	4	149	135	114	0	4	2	0	148	157	87	159	0	1	0	42	216	121	86	156	0	0	0	3	5	1	0	115	33	0	0	0	0	3	2	2	3	0	
0	0	0	2	0	2	1	0	0	0	1	5	23	0	27	22	0	2	0	103	75	42	165	11	1	0	106	234	120	212	58	0	0	30	219	107	183	143	0	4	0	2	0	67	183	6	0	1	2	0	48	196	37	0	2	0	1	0	33	31	0	2	0	0	
0	0	0	0	0	0	0	0	0	2	0	86	203	165	0	0	0	2	0	74	243	193	3	0	1	0	9	203	255	90	0	3	0	0	4	16	129	184	0	3	0	25	142	112	236	90	0	3	0	27	202	198	62	0	1	0	0	0	0	0	0	2	0	0	
0	0	0	0	16	24	1	0	0	1	0	18	150	185	119	0	0	1	2	5	0	83	170	0	0	1	3	0	35	206	45	0	0	14	138	191	237	94	0	3	0	165	251	190	157	157	22	0	0	79	91	8	0	10	1	0	0	0	0	1	3	0	0	0	
0	1	0	29	29	0	1	0	2	0	95	166	143	0	2	0	0	0	32	24	125	2	0	0	0	1	0	18	105	0	2	1	0	1	0	20	87	0	2	0	0	7	56	93	180	145	163	26	0	10	132	121	70	44	33	8	0	0	0	0	0	0	0	0	
0	0	2	1	0	0	0	0	0	2	0	11	153	180	71	0	2	0	43	241	155	150	180	0	0	0	206	148	0	113	150	0	0	106	223	3	0	209	71	0	0	187	176	64	179	155	0	2	0	84	211	194	103	4	0	1	0	0	0	0	0	2	0	0	
0	0	0	10	5	0	0	0	2	0	83	143	155	62	0	2	0	11	184	77	109	53	0	2	0	10	216	175	161	145	0	0	0	6	38	1	0	160	97	0	0	10	155	79	6	121	111	0	1	0	62	161	192	149	10	0	0	0	0	0	1	0	0	0	
0	0	0	1	0	1	2	0	0	1	0	10	104	94	9	19	0	0	1	152	105	97	159	82	1	0	13	165	92	150	68	0	1	0	30	168	163	0	1	1	0	19	135	117	141	0	6	0	0	53	187	156	33	0	1	0	0	0	15	3	0	0	0	0	
0	0	0	5	4	0	0	0	1	0	127	168	145	72	0	2	0	0	156	29	0	12	1	0	1	0	114	123	80	11	0	1	0	1	0	27	95	151	29	0	0	45	63	6	0	76	119	0	0	2	86	136	136	150	44	0	0	0	0	6	15	6	0	0	
0	0	0	0	1	1	2	0	0	0	0	4	0	105	70	0	0	0	3	0	56	204	10	0	0	1	0	12	216	78	0	3	0	1	0	182	148	0	3	0	3	0	153	187	0	2	0	0	0	8	177	34	0	2	0	0	0	0	0	2	1	0	0	0	
0	0	2	0	0	2	0	0	0	0	5	83	9	0	3	0	3	0	103	150	0	108	107	0	0	0	173	35	74	214	27	0	0	0	170	171	225	111	0	4	0	0	6	31	177	30	0	1	0	2	0	55	198	1	0	1	0	0	0	3	18	1	0	0	
0	0	2	0	0	1	3	0	0	0	4	8	30	12	0	0	2	0	163	218	159	182	160	10	0	40	222	44	2	216	140	0	0	10	17	9	207	119	0	3	1	0	16	207	128	0	4	1	0	18	203	122	0	4	0	0	0	88	124	0	5	0	0	0	
1	0	10	103	66	0	1	0	1	0	100	109	178	63	0	3	0	3	13	0	117	123	0	4	0	1	3	0	152	72	0	2	0	2	0	94	174	0	0	0	0	138	215	236	195	128	65	0	0	45	53	8	32	73	48	0	0	0	0	0	0	0	0	0	
0	0	0	0	2	1	2	2	0	0	0	2	0	33	155	15	0	0	2	0	19	210	90	0	0	1	0	3	197	128	0	2	1	0	0	197	150	0	4	0	0	3	188	163	0	3	1	0	0	79	176	0	2	1	0	0	0	0	0	2	1	0	0	0	
0	1	1	0	0	0	0	0	0	2	9	1	4	38	1	0	0	52	128	0	26	152	0	1	0	166	251	187	192	182	0	1	21	182	134	98	185	251	74	0	0	0	3	0	92	192	0	2	0	1	6	0	66	207	19	0	0	0	0	0	1	13	1	0	
0	0	0	2	0	0	0	0	0	0	1	0	35	115	62	0	0	2	0	81	153	102	130	16	1	0	12	204	118	118	76	0	1	0	72	139	189	9	0	1	0	103	154	129	138	0	3	0	0	59	116	77	2	0	0	0	0	0	0	0	1	0	0	0	
0	0	0	3	0	66	32	0	0	0	3	0	100	177	23	0	0	2	0	69	147	4	0	1	1	0	30	182	23	0	2	0	4	0	102	223	196	67	0	3	3	0	146	219	202	71	0	3	0	0	6	60	38	0	1	0	0	0	0	0	0	1	0	0	
0	0	0	0	0	0	0	0	0	0	0	2	58	63	25	0	0	2	0	0	68	184	194	0	0	1	0	23	118	144	49	0	5	68	0	76	236	20	0	1	0	153	157	155	89	0	3	0	0	16	68	25	0	1	0	0	0	1	0	0	3	0	0	0	
0	0	0	0	0	0	0	0	0	1	18	0	16	24	0	1	0	2	89	0	22	75	0	2	0	13	90	0	8	80	0	0	0	2	95	73	67	99	1	0	0	0	9	16	3	102	13	0	0	0	0	0	0	78	5	0	0	0	0	1	0	7	1	0	
0	0	0	2	3	0	1	1	0	0	0	1	0	0	0	0	0	1	0	29	114	61	38	43	0	1	0	143	90	89	128	46	1	0	31	172	135	43	11	0	0	24	184	161	42	0	3	1	0	13	62	22	0	3	0	0	0	0	0	1	1	0	0	0	
0	0	0	2	4	0	0	0	0	0	0	1	0	46	17	0	0	0	5	46	137	205	16	0	3	0	75	187	244	87	0	3	0	3	0	95	170	0	3	0	1	0	3	189	55	0	2	0	3	0	104	167	0	4	0	0	2	0	70	36	0	1	0	0	
0	0	1	0	0	0	0	0	0	0	2	49	94	60	1	0	4	0	115	205	104	213	103	0	2	0	78	27	34	182	22	0	0	2	0	27	207	51	0	2	1	0	8	217	185	0	3	0	2	0	164	164	0	4	0	0	0	4	92	13	0	1	0	0	
0	0	0	0	0	0	0	0	0	2	0	63	162	88	0	1	0	2	0	114	57	17	0	0	0	0	7	140	9	0	0	0	0	0	0	108	153	21	0	1	1	0	26	5	102	88	0	3	2	0	30	163	134	19	0	1	0	0	0	5	3	0	0	0	
0	0	0	0	1	0	0	0	0	0	1	0	22	142	1	0	0	0	4	0	130	160	0	3	0	1	0	31	207	29	0	1	0	3	0	171	132	0	3	0	3	0	132	255	42	0	2	0	3	0	120	101	0	3	0	0	0	0	0	0	1	0	0	0	
0	0	0	0	0	0	0	0	1	0	70	123	70	25	0	1	1	0	62	152	228	175	3	0	1	0	4	185	200	30	0	2	0	1	2	8	74	184	32	0	0	0	2	0	41	207	26	0	0	35	154	148	179	62	0	2	0	7	53	45	8	0	1	0	
0	0	1	1	0	0	0	0	0	1	0	18	86	25	0	1	2	0	39	210	166	188	22	0	4	0	108	112	0	184	22	0	0	0	3	0	159	118	0	3	0	3	0	127	201	0	0	1	2	0	47	207	23	0	1	0	2	0	46	51	0	2	0	0	
0	0	0	0	0	0	0	0	1	0	4	183	53	0	2	0	0	3	0	177	142	0	4	0	0	3	0	98	170	0	3	0	0	3	0	85	197	0	2	0	0	2	0	46	255	76	0	3	0	1	0	24	193	57	0	2	0	0	0	0	0	0	0	0	
0	0	1	1	0	1	1	0	0	0	0	0	20	13	0	0	1	0	9	191	154	158	47	0	2	0	62	152	2	171	35	0	0	0	4	0	146	89	0	3	0	3	0	122	191	0	0	0	2	0	63	182	10	0	1	0	1	0	124	43	0	2	0	0	
0	0	1	1	0	2	0	0	0	1	0	61	51	0	1	0	2	0	53	127	139	106	0	0	4	0	97	126	219	102	0	3	1	0	33	98	162	23	0	1	0	1	0	19	127	0	1	0	0	1	0	27	135	21	2	0	0	0	0	0	88	47	0	1	
0	0	0	2	0	0	0	0	0	0	3	0	98	203	31	0	0	3	0	109	200	132	156	0	3	0	62	233	13	104	124	0	2	0	191	148	23	216	16	0	0	20	236	185	220	92	0	2	2	0	100	208	81	0	2	0	0	0	0	0	0	2	0	0	
0	0	1	1	0	0	0	0	0	2	0	52	146	96	0	3	1	0	29	125	36	116	0	1	3	0	93	69	0	112	0	1	2	0	127	20	9	94	0	1	2	0	138	22	56	85	0	3	2	0	40	120	112	15	0	1	0	0	0	9	6	0	0	0	
0	0	0	0	1	2	2	0	0	0	1	0	19	164	20	0	0	0	4	0	127	112	0	3	0	2	0	54	172	0	0	0	1	1	0	187	94	0	3	0	3	0	80	209	6	0	1	0	3	0	113	67	0	2	0	0	0	0	0	1	1	0	0	0	
0	0	0	1	0	0	0	0	0	1	0	19	58	0	0	0	0	0	1	103	113	26	0	1	2	0	59	69	54	54	0	2	1	0	20	71	141	29	0	1	0	0	0	9	127	6	0	0	0	1	0	23	109	0	2	0	0	0	0	9	39	0	1	0	
0	0	0	2	0	1	0	0	0	0	0	5	0	31	59	0	0	4	0	126	37	151	55	0	3	0	88	129	98	151	0	4	0	0	190	191	207	38	0	2	0	4	14	179	96	0	3	0	2	0	56	158	0	3	0	0	1	0	18	21	0	1	0	0	
0	0	0	3	0	2	2	0	0	0	3	0	72	121	79	0	0	3	0	105	227	81	115	0	3	0	82	225	26	65	149	0	0	0	199	60	0	167	59	0	0	39	201	54	183	115	0	3	0	7	168	181	75	0	2	0	0	0	0	0	0	2	0	0	
0	0	0	2	0	2	0	0	0	1	0	17	73	9	60	0	0	1	0	132	100	117	100	0	2	0	124	224	170	154	0	2	0	32	200	131	208	26	0	1	0	3	0	137	126	0	3	0	2	0	39	186	8	0	1	0	1	0	15	22	0	1	0	0	
0	0	0	0	0	0	0	0	1	0	31	113	55	0	0	0	4	0	102	108	115	92	0	3	0	0	3	122	135	22	0	1	0	3	0	83	167	0	3	0	0	2	0	98	170	16	0	1	0	3	0	136	166	12	0	1	0	1	0	25	30	0	1	0	
0	0	0	2	0	2	0	0	0	0	0	5	47	0	22	3	0	2	0	109	103	74	124	0	3	0	99	228	118	186	10	0	2	0	119	124	212	63	0	3	0	3	0	118	164	0	3	0	2	0	46	192	27	0	1	0	2	0	58	56	0	2	0	0	
0	0	0	1	0	1	0	0	0	2	0	57	104	0	0	0	1	0	14	118	146	50	2	0	1	0	17	131	173	80	0	1	0	3	0	180	113	0	3	0	0	0	0	205	122	0	4	0	0	3	0	154	88	0	3	0	0	0	0	15	7	0	0	0	
0	0	0	2	0	0	0	0	0	0	1	0	15	59	100	16	0	3	0	65	157	130	75	2	1	0	14	185	35	0	1	0	0	9	3	59	192	25	0	1	0	130	116	118	177	3	0	1	0	32	122	95	6	0	0	0	0	0	0	0	1	0	0	0	
0	0	0	0	0	0	0	0	0	0	0	17	67	0	1	0	0	2	0	58	147	0	3	0	0	0	0	126	126	0	3	0	0	0	1	49	118	0	2	0	0	1	0	23	116	0	2	0	0	0	1	0	113	14	0	1	0	0	1	0	16	6	0	0	
0	0	1	1	0	0	0	0	0	0	0	4	70	36	0	1	2	0	45	186	104	202	96	0	3	0	105	76	24	174	20	0	0	1	0	13	202	53	0	2	1	0	5	203	109	0	4	0	2	0	148	152	0	3	0	0	0	3	84	10	0	0	0	0	
0	0	0	1	0	0	0	0	0	1	0	20	80	0	0	0	0	2	0	117	211	0	0	0	0	2	0	84	178	0	2	0	0	4	0	111	136	0	4	0	0	3	0	169	89	0	3	0	0	1	0	166	33	0	1	0	0	0	1	31	3	0	0	0	
0	0	0	2	0	2	0	0	0	0	1	3	13	4	34	0	0	2	0	86	81	85	115	0	2	0	43	225	136	165	5	0	2	0	30	149	222	31	0	2	0	1	0	179	83	0	3	0	3	0	116	133	0	3	0	0	0	0	71	11	0	0	0	0	
1	0	57	45	0	1	0	0	3	0	88	207	93	0	2	0	0	4	0	142	176	0	5	1	3	0	78	219	18	0	3	2	0	27	222	63	23	109	191	86	0	40	229	201	241	221	126	36	1	0	28	53	22	5	0	0	0	1	0	0	0	1	4	1	
0	0	0	2	0	2	0	0	0	0	0	9	11	0	46	5	0	2	0	129	43	91	119	0	2	0	128	201	92	204	9	0	0	0	137	168	248	81	0	2	0	3	0	89	157	0	2	0	1	0	23	192	30	0	1	0	1	0	34	68	0	2	0	0	
0	0	1	0	0	0	0	0	1	0	33	56	0	12	0	0	3	0	117	87	0	145	7	0	0	6	168	7	23	183	4	0	1	0	100	120	149	134	0	3	0	0	3	1	140	68	0	3	0	0	4	0	126	41	0	1	0	0	0	0	12	2	0	0	
0	0	1	2	0	0	0	0	0	0	1	1	27	24	0	0	1	0	17	158	155	197	57	0	3	0	165	129	29	182	37	0	2	0	136	153	236	107	0	3	0	2	0	114	166	0	0	0	3	0	80	196	11	0	1	0	2	0	129	53	0	2	0	0	
0	0	1	6	1	0	0	0	0	22	101	105	109	46	0	2	0	49	44	0	34	136	1	0	0	0	12	19	0	106	14	0	0	65	113	98	124	137	0	1	0	107	52	0	118	166	64	0	0	28	114	106	76	0	50	10	0	0	2	6	0	1	0	0	
0	0	2	1	0	0	1	0	0	0	0	0	23	32	2	0	3	0	110	184	136	166	149	0	1	0	135	72	0	160	121	0	0	1	0	4	167	112	0	1	1	0	0	187	151	0	4	0	0	0	171	139	0	4	0	0	0	38	141	0	1	1	0	0	
0	0	0	0	0	0	0	0	0	1	0	65	123	128	17	0	0	1	0	37	94	201	16	0	0	0	4	66	149	49	0	2	1	0	8	189	119	0	3	0	0	2	0	32	154	0	1	0	0	29	137	158	59	0	2	0	0	3	62	35	0	1	0	0	
0	0	0	0	0	0	0	0	0	1	0	12	85	138	57	0	0	4	0	70	98	136	128	0	1	0	8	0	36	157	20	0	0	20	128	225	199	21	0	1	4	166	180	137	170	87	2	0	14	105	46	0	19	33	0	1	0	0	0	3	1	0	0	0	
0	0	0	0	1	0	0	0	1	0	28	8	9	26	0	1	2	0	122	6	60	90	0	3	0	11	133	4	121	148	0	1	0	6	131	125	169	91	0	2	0	0	3	0	112	40	0	1	0	0	3	0	137	23	0	1	0	0	1	0	42	6	0	0	
0	0	0	0	16	42	0	1	5	1	2	0	149	103	0	3	2	4	0	99	163	0	2	0	2	0	45	179	59	162	45	0	2	0	167	136	210	211	22	0	0	4	200	242	193	56	0	2	0	0	14	25	0	1	1	0	0	0	0	0	2	3	0	0	
0	0	3	1	0	2	0	0	0	1	0	14	23	0	0	0	2	0	87	149	130	89	0	1	0	43	164	9	34	224	93	0	0	17	130	119	187	188	4	0	0	0	2	8	167	34	0	1	0	4	0	91	132	0	4	0	0	2	0	52	74	0	2	0	
0	0	0	0	3	3	1	0	0	0	1	1	0	0	2	4	0	1	0	10	89	116	132	50	2	0	56	92	36	37	9	0	3	0	88	155	37	0	2	0	0	19	71	178	71	0	3	0	0	11	87	39	0	1	0	0	0	0	0	0	1	0	0	0	
0	0	0	0	2	0	0	0	0	0	1	0	48	98	0	3	0	0	3	0	149	74	0	3	0	2	0	61	160	0	2	0	0	1	0	169	56	0	2	0	2	0	63	160	0	3	0	0	2	0	56	128	0	2	0	0	0	0	0	3	1	0	0	0	
0	0	0	0	0	0	0	0	1	0	28	150	144	136	50	0	1	0	25	105	133	235	91	0	0	3	0	70	238	87	0	2	0	0	2	3	118	183	0	2	0	105	93	10	179	115	0	3	0	61	210	175	81	0	1	0	0	1	43	13	0	2	0	0	
0	0	0	3	4	0	0	0	2	0	62	161	175	87	0	1	1	0	25	20	33	207	19	0	0	2	2	0	48	181	0	0	0	0	4	9	152	66	0	2	0	119	243	230	157	0	4	0	0	85	137	33	131	140	0	0	0	0	0	0	1	3	0	0	
0	0	2	1	0	0	0	0	0	1	0	15	74	78	9	0	2	0	44	169	102	97	38	0	4	0	104	187	61	159	30	0	0	1	0	72	255	109	0	4	0	1	0	164	122	0	2	0	3	0	119	159	0	3	0	0	1	0	71	19	0	1	0	0	
0	0	2	1	0	0	0	0	0	3	0	41	60	0	2	0	2	0	30	204	215	26	0	1	0	46	220	82	165	123	7	3	0	175	249	187	233	230	102	0	0	5	24	14	188	145	0	1	0	0	3	0	74	170	15	0	0	1	1	1	0	2	0	0	
0	0	1	1	0	1	0	0	0	0	1	8	0	51	73	0	0	0	0	140	18	172	65	0	3	0	113	208	152	165	0	3	0	19	234	176	231	50	0	2	0	18	36	123	146	0	3	0	1	0	4	186	36	0	1	0	0	0	7	24	0	0	0	0	
0	0	0	0	0	0	0	0	0	5	71	79	9	0	0	0	0	16	74	111	105	0	3	0	0	3	0	103	97	0	2	0	0	1	1	89	133	68	0	3	0	0	3	0	78	91	0	3	0	1	0	28	132	14	0	1	0	1	0	60	46	0	1	0	
0	0	0	0	0	0	0	0	1	0	16	128	159	142	34	0	2	0	50	162	108	215	127	0	0	1	1	0	109	178	27	0	0	3	0	122	255	48	0	2	0	92	77	40	239	53	0	2	0	63	221	201	88	0	2	0	1	0	35	25	0	1	0	0	
0	1	0	43	19	0	1	0	0	3	0	136	58	0	2	0	0	0	1	159	18	0	1	0	1	0	28	148	119	113	0	1	2	0	27	225	80	151	35	0	1	0	6	181	118	143	8	0	0	1	0	24	96	32	0	1	0	0	0	1	0	1	0	0	
0	0	1	2	0	0	0	0	0	0	0	6	59	64	2	0	1	0	18	160	139	178	50	0	4	0	110	208	80	186	17	0	1	0	11	106	255	83	0	3	0	3	0	142	133	0	9	0	4	0	110	205	0	1	1	0	2	0	73	39	0	2	0	0	
0	0	0	0	1	1	0	0	0	85	161	161	64	0	2	0	0	36	37	56	183	44	0	2	0	0	1	0	196	76	0	3	0	2	0	149	179	0	1	0	2	0	45	240	64	39	47	6	1	0	8	136	164	137	66	0	0	0	0	0	0	0	0	0	
0	0	2	2	0	4	3	0	0	2	0	12	118	175	140	0	2	0	48	219	157	4	171	57	0	14	219	112	0	0	167	61	0	133	167	0	0	86	193	0	0	149	202	83	166	191	40	0	0	31	184	182	112	14	0	1	0	0	0	0	0	2	2	0	
0	0	1	0	16	45	0	0	0	1	0	8	187	152	0	1	0	2	0	151	104	0	3	0	2	0	62	182	53	66	5	0	4	0	145	209	160	232	23	0	3	0	168	182	170	74	0	2	2	0	46	142	42	0	1	0	0	0	0	0	1	3	0	0	
0	0	1	1	0	0	0	0	0	1	0	30	137	95	57	4	2	0	38	177	79	68	189	12	4	0	106	140	0	156	88	0	1	0	9	196	239	69	0	2	1	0	108	154	189	12	0	1	0	57	208	165	56	0	2	0	0	17	52	19	0	1	0	0	
0	0	0	0	0	0	0	0	1	0	23	107	127	31	0	1	4	0	124	83	124	140	0	4	1	0	17	137	190	22	0	1	1	0	2	150	154	85	0	3	3	0	77	129	76	134	0	4	1	0	10	155	191	29	0	2	0	1	0	18	20	0	1	0	
0	0	0	1	0	1	2	0	0	0	0	7	33	11	0	0	1	0	1	196	168	179	70	0	3	0	69	163	14	225	83	0	0	0	9	9	181	91	0	2	0	2	0	168	128	0	4	0	3	0	137	178	0	4	0	0	0	3	152	31	0	1	0	0	
0	0	1	0	0	0	0	0	1	0	21	128	153	76	0	2	1	0	183	159	82	55	0	1	0	30	233	170	141	125	10	0	0	2	17	5	0	138	139	0	3	0	67	87	0	131	154	0	2	0	41	192	194	178	16	0	0	1	0	20	42	1	1	0	
0	0	0	2	0	86	18	0	0	0	4	0	109	166	0	1	0	3	0	71	200	6	0	1	1	0	7	200	102	117	54	0	3	0	126	184	152	214	111	0	0	24	231	237	180	49	0	0	0	0	55	57	1	0	0	0	0	0	0	0	1	3	0	0	
0	1	0	20	36	0	1	0	0	3	0	75	71	0	2	0	0	2	0	100	30	0	1	0	0	0	0	161	85	2	0	0	1	0	6	180	146	87	0	3	0	1	0	130	101	75	0	2	0	1	0	15	62	6	0	0	0	0	0	1	0	1	0	0	
0	0	0	0	0	0	0	0	1	0	25	87	123	135	49	0	0	12	162	126	62	216	130	0	0	3	3	12	149	135	1	0	0	10	2	159	227	116	0	3	0	112	35	0	162	127	0	3	0	75	170	171	131	0	0	0	0	0	47	41	0	2	0	0	
0	0	0	0	2	2	0	0	1	0	16	121	62	0	2	0	4	0	101	255	232	75	0	3	1	0	10	199	255	74	0	3	1	0	18	183	163	133	0	3	3	0	87	155	25	199	0	0	1	0	21	170	213	110	0	3	0	1	0	24	48	0	0	0	
0	0	1	0	0	0	0	0	0	1	0	109	197	167	105	0	3	0	111	234	53	64	174	26	0	24	236	74	0	34	184	9	0	91	203	0	0	169	139	0	0	117	193	46	192	187	12	0	0	39	195	192	106	8	0	1	0	0	0	0	0	2	1	0	
0	0	1	2	0	2	2	0	0	1	0	6	71	5	7	15	1	0	3	162	151	6	183	81	0	8	205	211	89	216	119	0	0	40	230	250	252	91	0	2	4	0	128	248	52	0	4	0	1	0	156	75	0	5	0	0	0	0	0	1	2	0	0	0	
0	0	0	1	0	1	0	0	0	0	0	9	8	5	38	0	0	0	0	141	17	100	103	0	3	0	98	160	43	174	4	0	3	0	108	161	224	76	0	3	0	3	0	79	144	0	3	0	1	0	26	182	24	0	1	0	1	0	37	62	0	2	0	0	
0	0	0	1	2	6	0	0	0	0	0	5	133	153	38	0	0	2	0	140	95	0	13	0	2	0	54	225	109	28	0	1	4	0	128	166	77	166	17	0	4	0	141	112	24	190	32	0	2	0	29	169	162	60	0	2	0	0	0	0	0	0	0	0	
0	0	2	0	55	59	0	2	0	1	0	22	211	58	0	3	0	3	0	160	109	0	5	0	3	0	86	203	41	167	149	0	0	10	179	92	166	174	144	0	0	55	222	204	221	101	3	0	0	1	67	79	19	0	2	0	0	0	0	0	0	3	1	0	
0	0	1	0	0	1	0	0	0	0	4	22	9	0	0	0	3	0	94	164	160	44	0	2	4	0	125	72	72	60	0	2	1	0	24	84	162	82	0	3	0	1	0	28	183	66	0	2	0	0	3	0	110	25	0	1	0	0	1	0	60	9	0	0	
0	0	0	0	0	0	0	0	2	0	78	121	126	140	84	0	1	0	80	82	70	210	145	0	0	3	0	63	156	119	1	0	3	0	84	238	186	12	0	1	5	42	3	84	226	38	0	2	0	144	177	176	61	0	2	0	0	18	52	3	0	0	0	0	
0	0	2	2	1	1	0	0	0	1	0	10	18	0	1	0	1	0	25	170	160	25	0	1	0	18	199	46	98	109	0	13	0	32	182	145	210	180	142	42	0	0	8	48	203	59	0	1	0	1	0	7	141	8	0	1	0	0	0	3	12	0	0	0	
0	0	2	2	0	1	1	0	0	0	0	6	34	8	0	0	2	0	48	150	118	182	90	0	0	0	152	37	36	180	19	0	0	4	6	30	189	39	0	2	1	0	15	190	61	0	3	0	1	0	159	99	0	4	0	0	0	33	119	0	3	0	0	0	
0	0	3	4	2	0	0	0	0	0	0	0	0	0	0	0	0	23	128	132	113	0	1	0	0	0	59	77	128	10	0	0	0	0	1	0	114	14	0	0	0	0	3	0	115	14	0	0	0	0	1	0	116	14	0	0	0	0	1	0	109	13	0	0	
0	0	0	2	0	0	0	0	0	0	0	4	127	128	46	0	0	2	0	155	189	151	168	0	3	0	100	192	0	58	155	0	1	0	189	72	0	188	71	0	0	29	203	13	137	139	0	3	0	34	217	210	134	0	1	0	1	0	33	41	0	2	0	0	
0	0	2	39	2	1	0	0	2	0	55	65	0	2	1	0	2	0	92	21	21	47	3	0	1	0	76	90	113	125	97	0	3	0	106	144	0	48	98	0	2	0	55	201	118	147	23	0	0	0	4	45	52	18	0	1	0	0	0	0	0	1	1	0	
0	0	0	0	1	3	3	0	0	0	0	0	4	149	28	0	0	0	3	0	120	141	0	3	0	1	0	16	204	29	0	1	0	3	0	129	152	0	3	0	2	0	59	214	12	0	1	0	3	0	110	101	0	3	0	0	0	0	0	1	1	0	0	0	
1	0	17	27	0	3	0	0	3	0	92	94	0	4	1	0	4	0	141	80	32	61	0	1	4	0	116	162	163	155	63	0	3	0	55	255	34	51	142	0	0	2	0	152	173	179	68	0	0	0	0	4	75	62	0	1	0	0	0	2	0	1	2	0	
0	0	0	0	1	0	0	0	0	0	1	0	41	163	0	0	0	0	3	0	165	149	0	3	0	3	0	66	213	6	0	1	1	0	0	202	90	0	3	0	3	0	151	166	0	3	0	0	0	7	171	34	0	1	0	0	0	0	0	1	0	0	0	0	
0	1	0	29	78	0	2	0	0	1	0	124	43	0	2	0	2	0	57	115	0	3	0	0	3	0	105	41	22	142	26	0	2	0	120	26	128	186	31	0	2	0	46	165	198	88	0	2	0	0	0	20	24	4	0	0	0	0	2	1	0	2	0	0	
0	0	0	0	0	2	0	0	0	2	0	57	168	197	90	0	0	2	0	36	45	173	104	0	0	0	9	0	34	207	22	0	0	18	147	161	211	99	0	3	0	109	155	211	247	61	0	3	0	88	214	70	6	14	0	0	0	0	0	0	0	0	0	0	
