500	64	10
0	0	0	2	0	1	0	0	0	0	0	6	32	6	0	0	0	0	3	91	79	79	0	2	1	0	33	134	84	94	0	2	0	0	1	7	124	37	0	1	0	0	0	13	111	0	0	0	0	2	0	68	91	0	3	0	0	2	0	82	24	0	1	0	
0	0	1	2	0	0	0	0	0	1	3	0	84	123	10	2	1	0	11	187	173	159	219	24	0	11	192	143	0	124	143	0	0	107	167	0	160	172	33	0	0	105	170	102	248	123	0	2	0	13	114	140	61	0	1	0	0	0	0	0	0	2	0	0	
0	0	1	0	0	2	1	0	1	0	6	173	126	0	3	0	3	0	155	153	145	185	7	0	0	27	208	20	0	162	108	0	0	40	183	0	0	121	151	0	0	12	208	68	81	200	45	0	2	0	110	215	169	36	0	2	0	0	0	0	0	1	2	0	
0	0	0	0	14	76	0	1	0	0	1	0	152	111	0	3	0	3	0	83	194	0	1	0	0	2	0	155	96	0	3	0	2	0	91	140	183	136	0	4	0	0	193	220	228	52	0	2	0	0	31	71	16	0	1	0	0	0	0	0	1	2	0	0	
1	0	26	46	0	2	0	0	4	0	121	112	0	4	1	0	3	0	164	81	0	5	0	0	3	0	181	91	116	207	55	0	4	0	137	255	116	98	156	0	3	0	59	245	165	170	44	0	0	1	0	40	77	18	0	1	0	0	1	0	0	1	2	0	
0	0	0	0	0	0	0	0	0	1	0	29	117	129	99	2	1	0	11	162	72	82	214	24	2	0	70	146	18	185	51	0	2	0	40	242	223	78	0	2	0	22	158	188	11	0	2	0	0	119	190	160	8	1	0	0	0	7	32	24	1	0	0	0	
0	0	0	0	22	4	0	0	0	1	0	25	141	0	0	0	0	3	0	107	89	0	3	0	0	1	0	187	98	0	1	0	0	0	4	135	134	82	0	3	0	1	0	112	118	91	0	3	0	2	0	69	109	1	0	0	0	0	0	0	0	1	0	0	
0	0	1	2	0	0	0	0	0	0	0	2	64	52	0	0	1	0	6	137	102	111	19	0	4	0	121	124	59	151	4	0	2	0	53	200	239	45	0	2	0	2	0	138	81	0	3	0	2	0	82	128	0	3	0	0	1	0	68	18	0	0	0	0	
0	0	1	0	0	0	0	0	0	0	13	76	1	13	0	0	3	0	69	154	18	150	0	2	4	0	157	121	79	176	0	3	0	5	185	166	196	180	0	3	0	1	7	0	76	168	0	3	0	0	3	0	84	106	0	4	0	0	1	0	9	10	0	0	
0	0	0	3	0	0	0	0	0	0	1	0	9	45	78	47	0	0	6	63	48	136	87	46	3	0	129	220	69	9	0	1	0	2	38	88	239	74	0	5	0	1	152	213	231	51	0	2	0	0	7	58	52	0	0	0	0	0	0	0	0	0	0	0	
0	0	0	0	14	3	0	0	0	0	2	78	98	90	0	2	0	0	10	33	18	131	0	1	0	0	3	0	66	113	0	4	0	0	11	30	116	32	0	1	2	0	110	197	157	0	3	0	1	0	81	79	111	8	0	0	0	0	0	0	2	1	0	0	
0	0	1	1	1	1	3	1	0	1	2	2	0	46	114	3	0	0	14	27	25	170	28	0	0	26	165	54	133	51	0	1	0	62	204	212	222	196	84	0	3	0	117	140	32	50	6	0	0	13	101	1	0	0	0	0	0	1	2	2	2	2	0	0	
0	0	0	1	0	0	0	0	0	1	0	33	177	15	0	1	0	2	0	57	253	38	0	2	0	0	0	170	242	49	0	2	3	0	69	185	174	63	0	2	2	0	44	218	204	31	0	2	1	0	15	193	116	0	2	0	0	0	0	0	1	1	0	0	
0	0	3	4	2	0	0	0	0	0	0	0	2	14	3	0	0	5	87	119	122	204	47	0	0	55	177	82	51	202	23	0	0	0	1	0	153	97	0	3	0	2	0	119	124	0	2	0	2	0	96	128	0	3	0	0	0	12	106	7	0	1	0	0	
0	1	3	0	0	0	0	0	0	0	0	20	64	76	4	0	0	9	115	112	86	70	4	0	0	42	197	91	77	11	0	1	1	0	50	77	111	145	0	4	0	0	2	0	137	96	0	3	0	2	0	126	165	0	0	0	0	0	0	86	15	0	0	0	
0	0	0	3	0	45	22	0	0	0	2	0	38	153	8	0	0	1	0	22	168	40	0	2	1	0	2	160	59	0	2	0	3	0	95	89	79	137	0	2	4	0	111	171	240	94	0	3	1	0	14	79	20	0	1	0	0	0	0	0	1	2	0	0	
0	0	0	0	0	0	0	0	0	1	0	21	149	177	16	0	2	0	40	235	122	49	6	0	1	0	11	194	70	0	2	0	0	2	0	35	213	55	0	2	1	0	69	0	172	117	0	4	3	0	106	171	161	9	0	1	0	0	1	10	1	0	0	0	
0	0	2	2	0	0	0	0	0	2	1	2	123	211	73	0	1	0	20	194	213	250	154	0	0	11	203	191	0	205	113	0	0	133	194	0	61	238	37	0	0	176	197	176	251	106	0	3	0	55	182	130	42	0	2	0	0	0	0	0	0	2	0	0	
0	1	3	2	1	0	0	0	0	0	0	0	0	1	0	0	0	22	152	140	8	0	1	0	0	126	96	29	226	67	0	4	0	75	157	150	137	170	14	0	0	0	41	44	0	113	182	11	0	1	0	0	3	0	59	17	0	0	2	2	0	3	0	0	
0	0	0	0	0	0	0	0	0	0	0	8	79	114	145	19	0	3	0	121	125	176	131	0	0	5	0	117	173	78	0	1	1	0	22	201	130	0	5	0	0	39	154	209	32	0	2	0	0	121	197	73	0	3	0	0	0	18	42	1	1	0	0	0	
0	1	0	69	30	0	1	0	0	1	0	156	42	0	1	0	0	0	11	140	3	0	1	0	2	0	47	127	59	47	0	1	2	0	33	223	78	146	28	0	0	1	0	143	129	170	41	0	0	0	0	3	81	52	0	1	0	0	0	2	0	0	0	0	
0	0	0	0	1	0	0	0	0	0	0	2	9	80	3	0	0	0	2	0	72	141	0	3	0	0	0	4	175	37	0	2	0	3	0	100	137	0	3	0	1	0	14	152	19	0	1	0	2	0	65	81	0	3	0	0	0	0	10	9	0	0	0	0	
0	0	1	2	3	3	0	0	1	2	0	0	0	0	0	0	0	0	27	58	93	145	13	0	18	113	99	78	49	114	61	0	25	124	50	65	59	53	93	0	0	4	22	36	3	24	106	0	1	1	0	0	0	13	77	0	0	0	1	1	0	0	3	0	
0	0	3	4	1	0	0	0	0	0	0	0	0	12	14	0	0	0	64	128	132	212	78	0	0	16	133	69	71	163	0	0	0	0	0	0	150	39	0	2	0	1	0	127	93	0	3	0	2	0	100	111	0	3	0	0	0	12	122	4	0	0	0	0	
0	0	0	0	0	1	1	0	0	2	0	60	144	143	14	0	1	0	11	175	94	19	0	0	2	0	47	138	0	3	0	0	0	1	0	140	115	0	2	0	0	0	11	0	165	76	0	3	2	0	48	133	165	62	0	3	0	0	0	9	9	0	0	0	
0	0	1	3	2	0	0	0	0	0	0	0	0	10	5	0	1	0	8	127	142	197	56	0	2	0	88	112	65	166	7	0	0	0	6	0	160	55	0	2	0	2	0	126	126	0	3	0	3	0	75	149	0	2	0	0	2	0	124	41	0	2	0	0	
0	0	1	0	0	0	0	0	2	0	68	117	81	73	19	0	0	0	189	193	143	127	52	0	0	47	234	188	183	64	2	0	0	98	159	19	72	213	125	0	0	11	7	1	0	55	206	3	2	0	42	144	165	168	96	0	0	0	8	46	53	10	0	0	
0	0	0	0	2	0	0	0	0	0	0	2	0	138	34	0	0	0	3	0	104	178	0	1	0	1	0	16	197	34	0	2	0	3	0	127	137	0	3	0	3	0	87	186	5	0	0	0	2	0	137	51	0	2	0	0	0	0	0	1	1	0	0	0	
0	0	0	0	0	0	0	0	0	1	0	38	107	0	1	0	0	3	0	67	204	0	0	0	0	3	0	75	197	0	0	0	0	4	0	123	206	0	1	0	0	3	0	82	173	0	2	0	0	2	0	63	194	1	0	1	0	0	0	12	31	0	0	0	
0	0	0	0	0	0	0	0	5	0	0	71	99	42	0	1	9	0	1	106	229	122	0	3	1	0	17	166	193	151	8	0	0	0	4	4	118	182	0	0	8	119	97	156	161	6	0	1	0	75	130	68	1	1	1	0	0	0	0	0	2	1	0	0	
0	0	0	1	2	1	1	0	1	0	8	143	147	114	12	0	4	0	117	125	11	80	115	0	0	10	159	11	0	2	116	6	0	73	114	0	0	18	124	0	0	71	141	0	20	141	62	0	0	0	131	169	161	77	0	2	0	0	0	8	4	0	2	0	
0	0	0	1	2	1	0	0	0	0	0	0	1	0	2	1	0	2	0	24	123	89	0	2	0	1	0	10	142	95	43	20	0	21	108	165	192	123	115	7	0	99	171	37	10	13	0	0	0	0	0	0	0	0	2	1	0	1	4	2	1	0	0	0	
0	0	0	0	0	0	1	0	2	0	70	146	136	64	0	2	0	15	179	77	61	195	56	0	0	64	156	0	0	77	145	0	0	70	156	0	0	59	148	0	0	41	190	4	0	166	68	0	2	0	127	175	167	105	0	2	0	1	0	48	46	0	1	0	
0	0	0	0	0	0	0	0	0	1	0	23	106	74	4	0	0	2	0	56	107	197	46	0	1	3	2	52	177	141	0	1	2	0	63	131	70	171	17	0	33	72	38	33	144	91	0	2	28	106	127	133	56	0	1	0	0	0	0	0	0	2	0	0	
0	2	0	0	0	1	3	0	0	0	36	71	58	8	0	0	0	150	143	81	111	146	85	0	0	100	147	25	50	155	48	0	1	0	17	172	216	26	0	2	1	0	31	139	49	136	32	0	1	0	16	114	77	145	90	0	0	0	0	0	30	64	4	0	
0	0	0	0	2	1	0	0	0	0	0	3	0	47	39	0	0	0	3	0	53	216	50	0	0	3	0	81	241	59	0	19	2	0	53	246	70	0	4	0	0	46	249	97	0	4	0	1	0	26	58	0	2	0	0	0	0	0	0	2	0	0	0	0	
0	0	0	3	35	2	0	0	0	2	0	101	180	58	0	3	3	0	69	138	13	26	0	1	3	0	143	56	0	2	0	0	0	3	161	18	91	115	17	0	3	0	108	200	97	137	85	0	0	0	4	104	127	96	5	0	0	0	1	0	0	0	0	0	
0	0	1	2	1	1	0	0	0	0	2	2	0	44	74	0	1	0	19	68	21	174	26	0	0	0	151	92	140	105	81	15	0	27	208	169	232	178	93	1	3	0	84	211	53	16	0	1	0	9	152	25	0	2	3	0	0	7	24	0	4	1	0	0	
0	1	0	21	11	2	3	0	1	0	19	198	65	0	3	0	3	0	138	83	25	138	69	0	0	15	152	77	212	112	112	21	0	21	176	182	31	7	55	5	3	0	169	214	132	156	32	0	2	0	63	69	54	6	0	1	0	0	0	0	0	1	1	0	
0	0	0	0	0	0	0	0	0	0	0	2	57	79	11	0	1	4	0	27	115	169	147	0	0	0	1	0	25	160	77	0	14	92	135	170	224	213	7	0	37	194	187	142	17	60	19	0	0	35	20	0	1	0	0	0	0	0	0	3	2	3	1	0	
0	1	0	9	93	32	0	1	0	3	0	141	122	12	0	1	1	0	29	168	1	1	1	0	3	0	85	125	0	4	0	0	3	0	80	144	102	152	0	1	1	0	0	185	255	164	0	2	0	1	0	18	68	14	0	1	0	0	0	1	0	1	0	0	
0	0	0	0	1	1	4	2	0	0	2	2	0	33	131	10	0	0	2	10	19	167	59	0	1	0	81	103	156	110	6	3	0	32	221	200	201	124	69	0	0	13	159	77	0	1	0	0	0	64	52	0	2	3	2	0	0	3	1	3	0	0	0	0	
0	0	1	1	0	0	0	0	0	1	0	8	116	96	0	1	1	0	8	156	103	107	15	0	1	0	8	130	108	156	26	0	0	3	0	128	232	20	0	1	2	0	34	194	129	13	0	0	1	0	8	187	169	3	0	1	0	1	0	28	33	0	1	0	
0	0	0	0	0	0	0	0	0	1	0	36	124	103	2	0	1	0	13	184	35	121	55	0	1	0	13	135	70	160	9	0	0	2	0	175	198	18	0	1	3	0	77	203	130	0	5	0	3	0	157	187	57	0	2	0	1	0	30	21	0	1	0	0	
0	0	0	0	0	0	0	0	0	2	0	62	36	0	1	0	0	4	0	122	90	0	3	0	0	3	0	102	94	0	3	0	0	3	0	84	124	0	4	0	0	2	0	45	155	0	2	0	0	0	0	8	146	8	0	0	0	0	0	0	15	2	0	0	
0	0	0	1	1	0	0	0	0	0	2	0	17	75	0	0	0	0	4	0	123	78	0	3	2	0	50	113	130	42	17	0	2	0	146	209	176	118	19	0	1	0	25	168	13	0	1	0	3	0	82	64	0	5	1	0	0	0	22	5	0	0	0	0	
0	0	0	0	0	1	0	0	2	0	57	40	0	4	1	0	3	0	158	66	0	129	13	0	0	4	195	35	31	182	5	0	1	0	162	185	203	166	0	3	0	0	7	0	91	135	0	4	0	0	4	0	76	175	0	3	0	0	1	0	9	26	0	0	
0	0	2	3	2	1	0	0	0	0	0	0	0	7	1	0	1	0	38	117	139	163	0	1	1	0	51	25	131	102	0	3	0	1	0	33	142	0	0	0	0	2	0	133	59	0	2	0	2	0	70	115	0	3	0	0	0	0	103	19	0	1	0	0	
0	0	0	0	2	0	0	0	0	3	0	78	109	0	3	0	0	4	0	119	111	0	4	0	0	3	0	98	110	0	3	0	0	3	0	78	144	0	3	0	0	2	0	57	196	0	0	0	0	2	0	44	146	0	1	0	0	0	0	0	0	0	0	0	
0	0	0	0	0	0	0	0	0	0	0	0	7	45	15	0	0	3	0	24	143	137	170	0	0	0	0	2	0	110	116	0	0	29	84	135	166	131	2	0	0	177	201	166	157	16	0	1	0	29	32	0	1	4	0	0	0	0	0	3	2	0	0	0	
0	0	0	0	0	0	0	0	1	0	3	133	200	211	84	0	1	0	13	143	114	252	132	0	0	2	0	35	208	178	7	0	1	0	93	228	123	15	15	0	0	100	255	202	181	244	114	0	0	88	212	160	100	38	7	0	0	0	0	0	0	0	0	0	
0	0	1	0	14	10	0	0	0	1	0	13	171	108	0	1	0	1	0	7	104	181	4	0	1	0	23	119	213	113	0	2	1	0	39	77	28	185	18	0	0	76	78	59	157	86	0	2	0	44	140	119	39	0	1	0	0	0	0	0	0	2	0	0	
0	0	1	1	0	1	0	0	0	1	0	21	56	0	1	0	1	0	2	144	121	3	0	1	4	0	122	173	172	54	0	2	1	0	27	96	157	57	0	2	0	0	3	0	99	56	0	2	0	0	5	0	107	137	0	1	0	0	1	0	34	79	0	1	
0	0	1	0	22	68	0	1	0	0	3	0	123	94	0	3	0	2	0	53	150	0	1	0	0	0	0	142	32	0	1	0	2	0	44	120	61	53	0	1	2	0	31	212	246	118	0	4	0	1	0	54	57	0	0	0	0	0	0	0	0	0	0	0	
0	0	0	1	0	0	0	0	0	0	0	12	77	0	0	0	0	2	0	70	191	0	1	0	0	3	0	146	133	0	3	0	2	0	42	162	130	55	0	1	1	0	12	64	156	50	0	1	0	0	1	0	128	17	0	1	0	0	1	1	21	7	0	0	
0	0	1	3	0	1	1	0	0	0	0	0	23	16	0	1	1	0	5	108	122	151	28	0	3	0	80	159	86	160	10	0	1	0	12	51	186	59	0	2	0	2	0	70	109	0	3	0	1	0	24	161	18	0	1	0	3	0	78	63	0	2	0	0	
0	1	1	0	0	0	0	0	0	0	3	82	141	84	3	0	0	7	192	189	148	156	13	0	0	9	223	186	38	0	1	0	1	0	28	122	208	152	0	1	0	1	0	15	178	202	0	1	3	0	63	233	175	23	0	1	0	0	13	23	0	1	0	0	
0	0	0	2	0	50	13	0	0	0	2	0	35	130	0	0	0	0	0	6	135	37	0	2	0	0	0	102	58	0	2	0	3	0	78	143	128	96	0	3	3	0	57	217	124	29	0	1	0	0	6	50	3	0	0	0	0	0	1	0	1	1	0	0	
1	0	22	30	0	0	1	0	3	0	96	223	185	56	0	2	0	1	3	16	109	231	48	0	0	0	0	4	0	127	109	0	0	18	15	3	70	152	14	0	0	152	254	246	234	83	16	0	0	19	80	134	142	129	53	0	0	0	0	0	0	0	0	0	
0	0	1	0	24	31	0	1	0	0	2	0	86	183	3	0	0	0	0	40	162	138	0	0	1	0	32	131	140	120	0	3	0	0	2	0	62	128	0	3	0	83	135	124	183	22	0	1	0	43	147	119	27	0	1	0	0	0	0	0	1	1	0	0	
0	1	2	0	2	2	0	0	1	0	20	79	15	0	1	0	0	0	151	222	159	21	1	0	0	58	159	0	92	222	15	0	0	12	169	156	202	143	0	3	1	0	14	60	150	96	0	4	0	1	5	0	130	131	0	4	0	0	2	0	65	41	0	2	
0	0	0	0	0	0	0	0	0	0	1	0	16	124	36	0	0	2	0	0	2	103	190	0	0	0	11	3	1	140	133	0	0	136	148	202	238	200	13	0	0	141	180	165	53	48	19	0	0	2	11	1	0	0	0	0	0	2	0	3	3	3	1	0	
0	1	0	22	40	0	1	0	0	2	0	95	46	0	2	0	1	0	24	92	0	3	0	0	3	0	71	67	81	90	12	0	2	0	89	111	1	79	51	0	3	0	78	108	63	105	4	0	0	0	2	59	55	5	0	0	0	0	1	0	0	1	0	0	
0	0	0	0	0	0	1	0	0	0	0	4	102	159	15	0	0	5	0	31	127	154	115	0	0	0	3	8	0	145	120	0	8	121	168	240	219	206	30	0	38	231	193	161	67	0	1	0	0	6	9	0	0	0	0	0	0	0	0	3	3	0	0	0	
0	0	0	0	0	0	0	0	0	0	16	18	17	2	0	0	0	3	158	178	226	67	0	3	0	0	9	0	175	90	0	3	0	0	0	0	203	50	0	2	0	1	0	33	214	14	0	1	0	3	0	74	197	0	1	0	0	2	0	72	96	0	3	0	
0	0	0	0	0	2	0	0	0	0	2	1	3	0	38	17	0	1	0	2	0	91	144	2	2	0	69	24	75	174	11	0	0	81	226	164	207	121	46	0	0	53	69	147	52	0	3	0	1	0	26	81	0	3	0	0	0	2	4	2	1	0	0	0	
0	0	1	0	0	0	0	0	0	0	0	66	138	92	2	0	2	0	140	137	142	255	39	0	1	0	69	97	174	165	0	0	1	0	9	148	210	91	0	3	0	5	49	0	61	198	0	0	0	37	196	128	190	82	0	2	0	0	40	68	17	0	1	0	
0	0	0	2	2	85	21	0	0	0	3	0	127	120	0	0	0	2	0	103	142	0	1	0	2	0	56	152	15	9	0	0	2	0	182	169	118	173	10	0	2	0	195	227	120	123	3	0	1	0	23	82	53	0	0	0	0	0	0	0	0	2	0	0	
0	0	0	0	1	1	0	0	1	0	39	106	0	2	0	0	4	0	111	132	96	94	0	3	4	0	139	91	92	163	0	4	3	0	170	71	74	155	0	4	3	0	77	163	194	117	0	4	0	0	1	0	85	118	0	3	0	0	2	0	0	1	0	0	
0	0	1	3	0	0	0	0	0	0	0	0	54	58	3	0	0	0	0	127	132	152	55	0	4	0	93	184	98	209	14	0	1	0	17	173	255	60	0	2	1	0	17	173	52	0	2	0	0	3	176	75	0	4	0	0	0	21	79	0	3	0	0	0	
0	0	0	0	0	0	0	0	0	0	0	37	83	9	0	1	3	0	74	166	176	93	0	4	0	0	11	0	91	123	0	4	0	0	1	0	170	55	0	2	0	3	0	110	155	0	2	0	2	0	39	183	15	0	1	0	2	0	47	46	0	2	0	0	
0	0	1	3	0	0	0	0	0	2	2	0	25	31	70	3	1	0	4	129	212	160	208	0	0	29	212	203	9	155	129	0	0	213	144	0	77	244	26	0	0	168	175	149	223	69	0	2	0	15	115	128	41	0	2	0	0	1	0	0	1	3	0	0	
0	0	0	4	1	0	0	0	0	0	3	148	95	0	2	0	0	0	13	72	138	9	0	0	0	1	0	42	132	0	3	0	0	3	0	132	66	0	2	0	1	0	15	148	0	40	33	0	0	0	0	127	133	87	16	0	0	0	0	5	9	0	0	0	
0	0	0	0	0	2	0	0	0	0	0	1	21	4	0	0	0	2	0	25	110	98	0	0	0	0	2	0	81	142	30	4	0	68	183	158	183	113	83	8	0	20	72	34	0	3	0	0	0	0	0	0	0	1	3	0	0	1	3	1	0	0	0	0	
0	1	3	0	0	0	2	0	0	1	0	39	97	53	0	1	0	2	136	199	98	178	107	0	0	118	172	0	31	203	84	0	0	108	204	149	238	142	0	4	0	0	42	59	186	28	0	1	0	4	0	68	221	19	0	1	0	1	0	23	91	11	0	1	
0	0	0	1	3	1	0	0	0	0	2	1	0	0	9	1	0	1	0	20	103	117	103	13	2	0	52	224	127	11	1	0	1	0	32	33	129	62	0	2	0	45	108	102	134	19	0	1	0	39	104	64	10	0	0	0	0	0	0	0	2	1	0	0	
0	0	0	0	0	0	0	0	0	0	1	0	53	5	0	0	0	12	94	0	104	27	0	1	0	18	117	19	141	51	0	2	0	8	104	84	128	64	0	3	0	0	2	0	65	85	0	3	0	0	3	0	47	99	0	3	0	0	0	0	4	14	0	0	
0	0	1	3	0	0	0	0	0	0	0	0	16	49	74	20	1	0	20	99	117	116	72	18	3	0	116	162	16	0	1	0	0	0	1	41	149	60	0	3	0	28	111	126	152	38	0	2	0	12	88	77	15	0	1	0	0	0	0	0	1	1	0	0	
0	0	0	0	0	1	1	0	0	1	0	67	141	28	0	1	3	0	75	252	249	206	4	0	4	0	168	138	44	255	52	0	3	0	169	91	0	217	75	0	4	0	149	107	17	192	11	0	2	0	60	194	192	80	0	3	0	1	0	39	33	0	1	0	
0	0	0	0	0	2	2	0	0	0	0	0	5	145	31	0	0	0	3	0	113	167	0	3	0	1	0	23	209	37	0	2	0	3	0	117	198	0	2	0	2	0	39	225	60	0	2	0	3	0	120	103	0	2	0	0	0	0	0	1	2	0	0	0	
0	0	1	3	0	0	0	0	0	1	2	0	55	34	0	1	1	0	21	122	207	78	0	3	0	27	170	81	62	80	0	3	0	86	197	132	197	187	68	9	0	0	3	0	95	95	0	4	0	1	3	0	56	97	0	3	0	0	1	0	19	42	0	1	
0	0	0	0	0	0	0	0	1	0	33	144	104	12	0	1	2	0	63	103	190	182	0	2	0	2	64	139	244	85	0	3	0	3	129	124	93	166	23	0	0	0	2	0	32	204	28	0	0	41	174	166	193	72	0	2	0	4	56	55	4	0	1	0	
0	0	0	11	44	1	0	0	0	1	0	176	184	0	0	1	3	0	84	174	0	3	1	0	4	0	145	82	0	3	0	0	4	0	108	157	106	129	11	0	1	0	0	189	252	214	31	0	0	1	0	14	110	66	0	1	0	0	1	1	0	0	0	0	
0	0	0	0	0	0	0	0	0	2	114	180	183	57	0	1	0	8	68	25	120	186	0	1	2	0	86	174	225	62	0	2	1	0	61	84	84	164	36	0	4	70	38	5	49	198	51	0	2	136	171	164	174	60	0	2	0	0	0	1	0	0	1	0	
0	0	0	6	48	44	0	0	1	0	18	113	63	118	66	0	1	0	18	24	0	90	70	0	0	1	1	0	11	130	10	0	0	10	53	103	168	56	0	2	0	99	56	125	128	116	52	0	0	67	78	33	0	16	17	0	0	0	0	0	4	0	0	0	
0	0	0	3	0	1	0	0	0	0	0	0	24	7	0	0	0	0	0	75	141	137	0	3	2	0	39	171	138	111	0	3	0	0	0	54	183	8	0	1	0	3	0	113	81	0	3	0	2	0	52	141	0	1	0	0	2	0	96	35	0	1	0	0	
0	0	0	0	2	1	0	0	0	4	41	19	0	1	2	1	0	28	223	227	187	50	0	2	2	0	66	207	255	133	45	21	3	0	90	238	236	199	194	46	1	0	0	212	215	0	1	0	2	0	30	255	147	0	3	1	0	0	1	61	12	0	1	0	
0	0	0	2	0	0	0	0	0	0	0	2	9	19	46	7	0	0	0	139	130	94	85	7	2	0	29	172	126	24	0	1	0	3	18	7	109	141	0	4	0	98	235	225	167	39	0	2	0	10	36	29	2	0	0	0	0	0	0	0	1	2	0	0	
0	0	0	0	0	0	0	0	0	14	94	136	126	12	0	1	0	56	139	98	201	20	0	1	0	1	0	145	79	0	2	0	1	0	15	172	156	51	0	2	0	0	2	0	78	192	0	0	2	0	50	121	153	102	0	2	1	0	34	55	17	0	0	0	
0	0	2	2	0	2	0	0	0	1	0	22	41	0	1	0	2	0	37	197	189	161	137	0	3	0	104	112	0	197	99	0	0	2	2	0	118	175	0	0	1	0	11	159	170	10	0	1	0	34	197	120	0	2	1	0	0	45	80	0	4	1	0	0	
0	0	2	0	9	2	0	0	0	1	0	102	144	69	4	3	2	0	138	136	8	47	93	18	0	68	176	0	4	0	110	40	0	128	70	0	3	0	150	26	0	117	110	0	20	141	112	0	0	16	136	136	162	77	0	1	0	0	0	7	5	0	2	0	
0	0	1	2	0	0	1	0	0	0	0	1	51	58	0	0	1	0	16	143	115	175	55	0	4	0	138	150	60	213	61	0	1	0	47	78	176	170	0	2	0	2	0	95	156	11	0	1	2	0	125	153	3	0	1	0	0	3	80	7	0	2	0	0	
0	0	1	0	0	0	0	0	0	1	0	62	103	77	66	8	3	0	65	179	66	96	80	5	2	0	42	120	136	3	0	0	0	24	5	0	123	65	0	3	0	89	63	0	114	82	0	3	0	14	118	154	147	18	0	1	0	0	0	17	7	0	0	0	
0	0	0	2	0	0	0	0	0	0	1	0	50	108	64	2	0	2	0	79	126	54	185	49	0	0	4	134	72	130	55	0	1	0	13	191	135	10	0	1	0	17	154	185	65	0	5	0	0	71	208	85	2	1	0	0	0	8	20	0	0	0	0	0	
0	0	0	2	0	0	0	0	1	0	14	148	115	13	0	1	0	0	1	27	141	80	0	3	0	2	0	121	122	0	2	0	0	0	3	0	110	46	0	2	0	1	0	67	204	34	0	2	0	1	125	171	79	0	1	0	0	0	8	1	0	0	0	0	
0	0	0	0	0	0	0	0	0	1	2	1	59	80	29	0	1	2	0	9	89	120	135	0	0	18	55	15	0	137	52	0	25	116	103	183	221	152	8	0	32	134	114	102	42	54	13	0	0	2	1	0	0	0	0	0	1	1	1	3	2	2	0	0	
0	0	0	0	1	0	1	0	2	0	61	146	165	82	0	2	0	6	190	51	24	184	44	0	0	43	184	0	0	63	133	0	0	37	192	0	0	21	166	1	0	0	188	126	0	123	149	0	1	0	19	152	172	164	24	0	0	0	1	0	7	2	0	0	
1	0	0	0	2	1	0	0	0	0	0	2	0	53	15	0	14	0	2	0	46	204	11	0	9	0	2	0	197	104	0	4	0	3	0	131	192	0	1	0	3	0	78	218	17	0	1	0	2	0	135	63	0	3	0	0	0	0	0	1	1	0	0	0	
0	0	0	0	0	1	1	0	0	1	0	103	139	41	0	1	0	1	0	51	194	176	21	0	0	0	5	0	102	195	20	0	1	0	16	101	175	72	0	3	0	3	140	78	136	20	0	1	0	38	166	134	77	0	2	0	1	0	42	43	0	1	0	0	
0	0	0	0	0	0	0	0	0	1	0	52	108	90	10	0	0	1	0	84	120	186	69	0	4	0	61	146	196	138	0	2	1	0	23	23	85	147	0	3	65	92	0	36	183	51	0	2	20	131	163	158	60	0	1	0	0	0	8	2	0	1	0	0	
0	0	0	0	0	1	0	0	1	0	11	117	85	2	0	0	1	0	16	134	191	95	0	3	0	2	0	115	40	118	8	0	0	0	12	128	2	124	10	0	2	0	57	113	58	130	0	3	1	0	20	167	173	30	0	1	0	1	0	35	25	0	1	0	
0	0	0	0	1	2	3	0	0	0	0	1	0	141	65	0	0	0	3	0	92	175	0	2	0	1	0	10	206	70	0	3	0	2	0	155	174	0	2	0	3	0	131	212	7	0	1	0	0	3	165	35	0	2	0	0	0	0	0	1	1	0	0	0	
0	0	2	1	0	0	0	0	0	97	161	208	152	18	0	1	0	75	37	28	186	155	0	4	0	0	3	0	162	137	0	4	0	3	0	143	172	0	1	0	3	0	120	244	66	71	38	0	3	0	123	210	189	181	75	0	0	0	0	1	2	0	0	0	
0	0	0	0	1	3	0	0	0	1	0	60	156	177	49	0	0	1	0	61	96	211	72	0	1	0	18	138	215	56	0	2	0	0	8	33	111	104	0	3	6	109	25	6	138	107	0	4	0	109	160	166	115	0	0	0	0	0	2	0	0	1	0	0	
0	0	3	1	0	1	0	0	0	3	0	30	68	0	0	0	2	0	71	121	144	106	0	3	0	121	199	9	58	170	0	3	0	69	102	118	112	153	0	2	0	0	2	0	56	167	0	3	0	2	7	0	92	137	0	4	0	0	2	0	45	46	0	2	
0	0	1	1	0	0	0	0	0	1	1	2	162	143	0	2	1	0	16	197	148	198	57	0	2	0	166	120	0	135	89	0	0	52	181	0	0	167	35	0	0	68	177	0	140	119	0	3	0	0	143	185	98	0	1	0	0	0	1	4	0	2	0	0	
0	0	1	1	0	2	1	0	0	2	0	42	126	20	0	1	2	0	31	220	246	166	11	0	4	0	148	99	0	89	103	0	0	5	151	15	0	86	98	0	0	25	170	0	24	178	16	0	1	0	107	144	176	89	0	3	0	0	0	46	29	0	2	0	
0	0	0	0	0	0	0	0	0	0	1	0	93	23	0	1	0	0	2	0	179	47	0	2	0	1	0	16	164	8	0	1	0	3	0	77	156	0	3	0	0	3	0	105	111	0	3	0	0	3	0	132	55	0	2	0	0	0	0	30	8	0	0	0	
0	0	3	4	3	4	0	0	0	0	0	0	0	0	0	0	2	0	99	134	74	110	9	0	0	4	170	98	99	165	21	0	0	17	133	0	8	106	0	0	0	5	21	0	38	115	0	3	0	0	3	0	58	90	0	3	0	0	4	0	73	85	0	3	
0	0	7	50	16	0	1	0	0	3	120	182	182	34	0	2	0	3	14	0	148	58	0	2	0	3	0	87	164	0	2	0	2	0	48	161	13	0	9	3	4	0	165	167	93	165	150	9	1	0	32	124	136	75	15	0	0	0	0	0	0	0	0	0	
0	0	0	3	0	0	0	0	0	0	1	0	28	72	1	0	0	0	0	92	140	187	64	0	4	0	85	241	156	225	71	0	1	0	12	86	221	74	0	2	1	0	7	163	81	0	3	0	0	0	179	130	0	6	0	0	0	11	64	0	2	0	0	0	
0	0	2	12	14	2	0	0	2	0	54	127	141	134	1	0	1	0	18	40	64	155	5	0	2	0	59	171	231	73	0	3	0	19	3	0	39	162	1	0	0	122	128	0	52	169	0	0	0	8	138	162	168	54	0	2	0	1	0	9	3	0	0	0	
0	0	0	1	0	0	0	0	0	0	0	12	63	5	0	0	1	0	4	147	88	0	1	0	1	0	23	158	107	101	0	3	0	1	0	17	177	76	0	3	0	2	0	81	95	0	2	0	0	3	0	98	66	0	2	0	0	1	0	29	62	0	1	0	
0	0	0	0	0	1	1	0	0	0	18	34	0	101	14	0	4	0	123	86	26	129	0	3	0	25	143	0	106	79	0	3	0	33	170	87	188	131	4	0	1	0	23	118	191	56	0	1	0	1	0	26	101	0	2	0	0	0	1	3	1	2	0	0	
0	0	0	0	0	0	0	0	0	0	40	84	111	56	0	2	0	26	72	15	49	112	0	3	0	0	3	0	69	53	0	2	0	1	0	15	107	0	0	0	0	2	0	91	60	0	3	0	0	0	9	123	58	69	0	0	0	0	1	27	49	15	0	1	
0	0	1	3	0	0	0	0	0	0	0	0	9	49	110	43	1	0	19	131	150	125	75	8	3	0	77	144	0	1	0	0	0	1	0	102	79	0	5	0	0	50	71	0	154	16	0	1	0	11	138	150	143	6	0	1	0	0	4	28	4	0	0	0	
0	2	2	0	0	0	1	0	0	0	6	81	119	26	0	1	0	33	144	102	76	50	21	8	0	137	177	7	45	132	115	10	0	12	91	209	229	124	0	2	3	0	79	113	22	196	29	0	2	0	64	168	158	90	0	1	0	0	0	7	5	0	0	0	
0	0	2	0	52	25	0	1	0	1	0	11	174	22	0	1	0	3	0	106	108	0	3	0	1	0	18	154	14	2	0	0	3	0	71	83	143	128	0	3	2	0	47	132	214	134	0	3	0	1	0	49	76	10	0	1	0	0	1	0	0	1	0	0	
0	1	0	0	0	1	0	0	0	22	79	61	20	2	3	0	0	156	255	243	249	75	0	3	0	38	143	239	255	216	100	0	1	0	195	255	245	255	200	0	0	2	57	217	253	64	5	0	0	2	0	168	198	0	1	0	0	0	1	16	35	0	1	0	
0	0	3	2	0	1	0	0	0	0	0	2	24	5	0	0	0	0	74	168	190	113	0	3	0	61	175	41	26	152	0	1	0	7	7	0	94	108	0	3	0	1	0	23	175	16	0	1	0	2	0	147	87	0	3	0	1	0	38	122	0	2	0	0	
0	2	1	0	1	3	0	0	1	0	43	86	44	0	1	0	0	65	144	59	144	104	0	3	0	142	68	0	67	224	4	0	0	48	176	109	135	225	12	0	0	0	13	50	91	160	0	1	0	1	1	1	0	156	43	0	0	0	1	4	0	56	50	0	
0	0	1	1	0	0	0	0	0	1	0	11	92	126	26	0	1	0	15	148	125	211	76	0	2	0	51	118	118	78	0	2	1	0	12	222	93	0	3	0	1	0	119	153	76	0	3	0	0	6	156	148	68	0	2	0	1	0	32	44	0	1	0	0	
0	1	1	0	1	3	0	0	0	0	0	35	11	0	1	0	0	32	203	219	97	76	0	1	0	108	137	0	18	229	79	0	0	73	210	145	109	250	59	0	0	0	73	73	141	182	0	2	0	0	3	0	92	156	0	4	0	0	4	0	43	71	0	2	
0	0	2	0	0	1	0	0	0	1	0	47	81	9	0	1	2	0	84	113	99	57	2	0	1	0	142	19	108	109	5	0	1	0	44	134	184	7	0	1	0	1	0	43	105	39	18	0	0	3	0	103	64	0	2	0	0	1	0	57	12	0	0	0	
0	0	0	0	39	48	0	0	0	0	2	105	131	186	41	0	0	0	7	23	0	157	36	0	0	1	2	0	60	154	0	2	0	5	41	42	181	40	0	2	0	143	206	230	191	98	9	0	0	100	122	36	7	28	1	0	0	0	0	0	0	0	0	0	
0	0	1	2	0	4	1	0	0	1	1	4	91	173	82	0	1	0	5	153	110	22	121	0	0	0	170	107	0	10	122	2	0	64	148	0	0	96	92	0	0	74	159	0	97	129	0	0	0	0	133	166	116	3	0	1	0	0	1	5	0	2	1	0	
0	0	2	1	0	0	0	0	0	1	0	41	57	91	28	0	2	0	62	173	142	205	73	0	0	0	167	34	9	99	82	0	0	70	120	0	0	95	88	0	0	98	122	0	0	150	42	0	0	8	140	141	149	112	0	2	0	0	1	39	44	1	0	0	
0	0	0	0	1	0	0	0	0	0	1	0	38	68	0	2	0	0	4	0	134	129	0	4	0	0	0	3	187	36	0	2	0	3	0	85	143	0	3	0	0	1	0	175	51	0	2	0	2	0	38	151	0	1	0	0	0	0	9	19	0	0	0	0	
0	0	1	0	1	1	0	0	0	0	6	5	4	3	0	0	0	0	176	28	84	139	0	3	0	47	251	80	178	152	0	4	0	4	127	183	250	106	0	4	0	0	3	0	181	79	0	3	0	0	7	0	127	99	0	4	0	0	2	0	51	74	0	3	
1	0	14	65	26	0	1	0	2	0	93	160	175	26	0	1	0	0	5	0	120	84	0	3	0	1	2	0	153	62	0	2	1	0	42	166	198	0	1	3	0	53	255	199	146	178	154	35	0	72	125	5	0	40	46	1	0	0	0	2	3	0	0	0	
0	0	0	0	0	0	0	0	1	0	23	21	0	28	3	0	4	0	112	54	0	120	6	0	0	0	132	51	63	151	5	0	0	3	146	123	128	126	0	3	0	0	3	0	61	70	0	3	0	0	4	0	111	51	0	2	0	0	1	0	44	14	0	0	
0	0	0	2	1	0	0	0	0	5	92	146	150	52	0	2	0	6	42	3	135	130	0	4	1	0	6	169	224	28	0	2	0	0	0	20	91	162	1	0	0	20	98	8	19	200	18	0	0	9	147	176	180	77	0	2	0	0	0	5	4	0	0	0	
0	0	2	0	0	0	0	0	0	0	3	50	59	4	0	0	1	0	128	96	98	120	0	3	0	20	152	0	122	151	0	4	0	0	109	107	173	125	0	4	0	0	6	0	95	102	0	4	0	0	5	0	101	125	0	4	0	0	1	0	30	74	0	1	
0	0	1	0	1	1	0	0	1	0	32	101	0	95	23	0	2	0	127	65	16	159	0	0	0	56	112	0	96	90	0	5	0	69	173	55	179	152	76	0	1	0	73	130	207	65	4	0	0	1	0	10	109	1	0	0	0	0	3	3	2	3	0	0	
0	0	0	0	0	0	0	0	1	0	43	88	142	98	0	1	2	0	117	255	243	100	0	1	0	2	0	87	216	20	0	1	0	0	2	0	199	142	0	4	0	16	58	85	255	94	0	4	0	8	192	253	140	0	0	1	1	0	15	23	0	1	0	0	
0	0	0	2	2	0	0	0	0	0	1	0	0	2	15	3	0	1	0	71	138	144	132	18	2	0	97	77	11	12	1	0	0	12	53	102	28	0	2	0	0	78	100	75	157	0	1	0	0	0	56	95	46	0	1	0	0	1	0	0	0	0	0	0	
0	1	2	0	0	1	1	0	0	0	2	21	17	0	0	0	0	25	170	203	196	182	20	0	0	39	72	0	92	239	23	0	0	0	0	2	181	50	0	2	0	3	0	54	177	0	2	0	0	3	0	104	163	0	4	0	0	3	0	82	97	0	2	0	
0	0	1	0	69	22	0	1	0	1	0	28	178	12	0	1	0	2	0	127	73	0	4	0	2	0	66	115	3	11	0	0	3	0	146	152	131	168	46	0	3	0	150	234	104	169	42	0	0	0	5	55	83	21	0	1	0	0	1	0	0	1	1	0	
0	0	0	3	2	0	0	0	0	0	2	0	0	4	33	23	0	1	0	68	131	124	105	42	0	0	136	122	11	4	0	0	0	3	142	133	89	14	0	2	0	7	34	42	190	50	0	2	0	7	122	125	46	0	1	0	0	0	0	0	0	1	0	0	
0	1	4	1	0	0	0	0	0	0	0	1	26	8	0	0	0	11	115	140	159	120	0	3	0	33	91	4	52	128	0	3	0	0	2	0	130	61	0	2	0	3	0	54	141	0	1	0	0	0	0	140	34	0	1	0	1	0	37	87	0	3	0	0	
0	0	0	0	0	0	0	0	0	1	0	31	125	0	1	0	0	1	0	36	154	0	1	0	0	3	0	73	115	0	3	0	0	4	0	113	123	0	4	0	0	4	0	120	100	0	3	0	0	2	0	69	116	0	2	0	0	0	0	0	0	0	0	0	
0	0	1	1	0	0	0	0	0	1	0	32	120	87	19	8	2	0	36	145	42	110	130	0	3	0	86	68	95	127	5	0	1	0	21	230	93	0	3	1	3	0	85	131	85	0	2	0	3	0	74	148	98	0	2	0	0	0	2	51	10	0	0	0	
0	0	0	1	2	28	1	0	0	0	4	0	98	167	0	2	0	3	0	66	193	27	0	2	2	0	46	238	152	133	60	0	0	1	169	83	0	98	134	0	0	27	159	22	75	153	36	0	1	0	102	144	111	25	0	1	0	0	0	0	0	1	1	0	
0	0	1	2	0	0	0	0	0	1	0	10	70	34	0	1	1	0	20	134	124	103	0	3	2	0	123	33	103	88	0	3	2	0	105	134	209	21	0	1	0	1	0	70	122	0	3	0	0	3	0	120	48	0	2	0	0	0	0	55	4	0	0	0	
0	0	0	0	0	0	0	0	0	36	124	93	34	0	1	0	0	23	86	82	206	27	0	1	1	0	5	134	78	0	1	0	1	0	13	155	135	25	0	1	0	0	2	0	69	144	0	3	1	0	10	57	113	107	0	2	0	0	6	48	49	2	0	0	
0	0	0	1	0	0	1	0	0	1	0	17	140	120	4	0	0	4	0	151	255	227	125	0	1	0	140	189	28	7	166	14	0	106	167	2	0	20	155	4	0	149	78	0	12	152	114	0	0	63	187	154	175	105	0	2	1	0	29	61	14	0	2	0	
0	1	1	0	0	0	0	0	1	0	46	19	1	129	9	0	0	30	211	24	0	169	15	0	0	142	154	0	55	199	8	0	0	132	212	192	226	199	0	1	0	6	57	39	92	194	0	2	0	1	3	0	69	169	0	0	0	0	2	2	1	0	0	0	
0	0	0	0	0	0	0	0	0	0	2	0	70	48	0	2	0	0	2	0	170	60	0	2	0	1	0	43	169	0	1	0	0	3	0	108	96	0	3	0	1	0	9	154	13	0	1	0	3	0	82	120	0	3	0	0	1	0	25	16	0	0	0	0	
0	0	1	0	0	0	0	0	1	0	20	106	138	111	7	0	0	15	190	126	43	173	69	0	0	13	53	0	21	177	23	0	0	1	0	31	160	52	0	2	1	0	29	213	134	77	56	0	1	0	182	187	115	96	30	0	0	2	26	1	0	0	0	0	
0	0	3	56	46	0	0	0	0	0	130	180	190	63	0	3	0	4	30	0	94	138	0	4	0	1	2	0	144	70	0	3	1	0	8	136	205	0	0	1	0	23	230	196	170	176	81	24	0	37	123	3	0	74	135	22	0	0	0	2	3	0	0	0	
0	0	0	0	0	0	0	0	1	0	19	61	24	37	5	0	2	0	44	181	124	114	20	0	3	0	87	112	0	2	0	0	2	0	46	127	111	106	2	0	0	0	11	18	6	175	16	0	1	0	12	123	156	76	0	2	0	1	0	28	35	0	1	0	
0	0	0	29	51	8	0	0	0	0	0	119	151	144	11	0	1	0	21	33	19	186	23	0	3	0	61	208	228	60	0	3	2	26	2	0	84	133	0	2	0	170	173	57	85	181	0	0	0	9	95	147	140	38	0	1	0	0	0	0	0	0	0	0	
1	4	4	3	2	1	0	0	0	0	0	0	0	1	2	0	21	147	134	80	64	20	0	1	15	99	132	224	150	167	56	0	0	0	0	20	0	118	148	0	0	4	6	0	56	200	32	0	0	2	0	41	188	49	0	2	0	1	0	15	19	0	2	0	
0	0	1	0	0	0	0	0	0	0	7	53	0	32	12	0	3	0	84	138	0	127	30	0	0	13	157	8	25	122	0	1	0	13	145	107	157	172	5	0	1	0	10	66	176	42	0	0	0	2	0	41	98	0	3	0	0	1	0	32	31	0	1	0	
0	0	0	1	3	0	0	0	0	2	0	46	77	0	2	0	0	2	0	49	52	0	2	0	0	2	0	59	97	0	3	0	0	2	0	63	140	0	4	0	0	2	0	66	142	0	4	0	0	1	0	39	94	0	2	0	0	0	0	0	0	0	0	0	
0	1	3	0	0	1	0	0	0	0	0	6	18	9	0	0	0	33	159	174	160	158	8	0	0	23	72	23	0	158	41	0	0	0	2	0	65	148	0	2	0	1	1	1	188	50	0	2	0	1	0	124	117	0	2	0	1	0	34	138	0	1	0	0	
0	0	0	0	0	0	0	0	0	0	5	40	39	44	0	1	1	0	12	119	212	89	0	3	0	0	0	6	128	8	0	0	0	1	0	100	157	0	3	0	0	2	0	145	107	0	3	0	0	3	0	111	85	0	3	0	0	1	0	40	56	0	2	0	
0	0	0	0	0	0	0	0	0	2	0	61	137	147	73	0	0	0	4	176	104	225	63	0	0	2	0	136	209	59	0	2	1	0	0	191	180	0	4	0	4	0	121	160	182	20	0	1	4	0	127	209	88	0	2	0	0	0	11	34	0	1	0	0	
0	0	0	0	0	0	0	0	0	0	3	0	89	48	0	2	0	0	0	0	171	37	0	2	0	2	0	59	172	0	2	0	0	4	0	114	111	0	3	0	0	2	0	170	61	0	2	0	0	0	0	114	13	0	0	0	0	0	0	0	0	0	0	0	
0	0	1	2	0	0	0	0	0	0	0	6	71	43	0	1	1	0	16	131	113	88	0	2	4	0	141	102	105	76	0	3	2	0	51	132	210	36	0	2	0	2	0	57	119	0	2	0	0	1	0	142	38	0	1	0	0	0	4	56	0	0	0	0	
0	0	1	0	7	7	0	0	1	0	19	118	132	142	41	0	1	0	127	83	0	100	108	0	0	3	15	0	39	143	17	0	1	0	8	99	155	35	0	2	0	41	176	103	5	10	15	0	0	60	147	94	126	142	46	0	0	0	0	1	9	8	0	0	
0	1	0	28	70	19	0	1	1	0	10	103	136	157	0	2	0	0	7	5	82	98	0	2	0	2	0	117	229	33	0	2	0	6	14	0	51	166	0	1	0	58	249	195	168	155	0	1	0	1	89	161	103	5	0	1	0	0	0	0	0	1	0	0	
0	1	2	0	0	0	2	0	0	0	0	2	14	10	0	0	0	18	101	93	106	108	65	6	0	3	8	0	2	0	105	48	0	8	52	76	97	136	80	0	0	100	107	84	107	52	0	1	0	19	55	36	5	0	2	0	0	0	0	0	1	2	0	0	
0	0	2	1	0	3	1	0	0	0	1	0	4	90	3	0	2	0	56	20	56	121	0	3	0	5	126	0	118	75	0	3	0	14	139	91	181	33	0	2	1	0	20	86	143	0	1	0	0	1	0	22	74	0	2	0	0	0	1	3	2	0	0	0	
0	0	1	2	0	0	2	0	0	2	2	0	69	94	0	0	3	0	102	208	214	211	105	0	0	92	227	177	31	54	212	0	0	225	113	0	0	75	211	0	0	177	206	114	143	228	106	0	0	21	165	201	131	35	0	1	0	1	0	0	0	0	2	0	
0	0	0	0	1	1	0	0	0	0	2	0	47	64	0	2	0	0	2	0	115	47	0	2	0	1	0	30	134	0	1	0	0	3	0	104	77	0	2	0	1	0	17	146	6	0	0	0	2	0	62	76	0	2	0	0	0	0	2	1	0	0	0	0	
0	0	2	0	0	0	0	0	0	0	0	41	60	4	0	0	0	2	146	129	99	57	0	2	2	0	80	80	70	43	0	2	0	0	0	158	122	0	2	0	1	0	37	65	78	64	0	2	0	0	3	93	22	115	11	0	0	1	0	39	34	46	17	0	
0	0	0	0	0	2	1	0	0	0	1	0	0	87	6	0	0	0	8	0	39	115	0	3	2	0	77	9	90	64	0	2	0	4	140	93	197	51	0	2	1	0	10	107	106	0	3	0	0	2	0	75	43	0	1	0	0	0	1	2	1	0	0	0	
0	0	0	0	0	0	0	0	0	0	0	98	121	72	0	1	0	0	3	13	73	141	0	2	0	1	0	75	145	13	0	1	0	0	7	91	132	39	0	2	0	0	2	0	122	52	0	2	0	1	106	134	85	0	1	0	0	0	53	32	0	1	0	0	
0	0	1	0	69	15	0	1	0	0	0	15	157	9	0	1	0	3	0	113	87	0	3	0	1	0	33	142	27	34	0	1	4	0	102	99	137	181	21	0	3	0	71	198	166	119	2	0	0	0	0	55	73	9	0	1	0	0	1	0	0	2	0	0	
0	0	1	1	0	4	3	0	0	1	0	56	99	97	16	0	1	0	20	107	13	2	0	0	3	0	128	123	52	17	0	1	0	27	81	14	48	98	11	0	0	7	91	16	0	110	30	0	1	0	31	105	107	57	0	1	0	1	0	6	7	0	0	0	
0	0	1	0	26	43	0	2	0	0	0	0	130	41	0	2	0	3	0	88	89	0	2	0	1	0	11	122	4	0	0	0	2	0	60	101	69	92	0	1	1	0	13	159	231	126	0	2	0	1	0	19	55	3	0	0	0	0	1	1	0	2	0	0	
0	0	1	0	0	0	0	0	0	9	2	0	31	94	0	2	0	106	76	0	22	144	0	1	0	134	124	13	39	146	0	0	19	155	122	127	137	220	50	0	0	0	1	0	7	192	24	0	0	2	4	1	4	120	10	0	0	0	0	0	0	0	0	0	
0	1	3	1	0	0	0	0	0	0	0	1	18	10	0	0	0	22	155	159	189	144	0	2	0	35	70	17	30	155	0	0	0	0	4	0	118	123	0	4	0	3	0	38	186	10	0	1	0	3	0	138	88	0	3	0	0	0	10	115	4	0	0	0	
0	1	1	0	0	1	1	0	1	0	35	106	89	28	0	1	0	32	204	150	238	218	17	0	0	126	232	171	88	151	97	0	0	10	10	6	0	178	85	0	0	28	52	0	146	185	0	0	0	23	175	200	182	18	0	1	1	0	17	46	2	1	1	0	
0	0	0	0	0	0	0	0	1	0	15	90	150	106	2	0	1	0	30	66	61	208	32	0	1	0	23	195	196	80	0	2	0	0	7	65	128	123	0	3	0	42	74	0	73	160	0	3	0	23	168	179	188	37	0	2	0	0	2	50	20	0	1	0	
0	0	0	0	1	0	0	0	1	0	33	117	0	0	0	0	1	0	14	230	86	0	3	0	0	4	0	144	194	0	2	0	0	2	0	64	237	17	0	1	0	1	0	10	203	35	0	2	0	0	3	0	145	114	0	4	0	0	0	0	15	30	0	1	
0	0	0	0	0	0	5	0	1	0	61	112	92	36	40	0	0	0	41	36	98	159	0	2	2	0	32	157	191	73	46	2	1	0	15	55	93	103	0	3	0	37	99	0	102	120	37	2	0	8	149	175	128	4	9	0	0	0	1	8	1	0	0	0	
0	0	1	0	0	0	1	0	0	1	0	50	55	41	11	0	3	0	74	248	202	246	179	0	0	5	221	125	0	61	239	32	0	113	216	0	34	207	166	0	0	140	239	163	255	154	3	0	0	16	177	207	72	0	2	1	0	0	1	1	0	3	1	0	
0	0	0	60	123	23	0	1	1	0	18	111	117	144	0	0	0	2	1	1	0	149	27	0	0	0	2	0	34	143	0	1	0	65	162	130	183	71	11	14	0	141	184	200	147	136	110	13	0	20	71	15	0	3	1	0	0	0	0	1	4	0	2	1	
0	0	0	0	1	0	0	0	0	0	1	0	43	63	0	2	0	0	3	0	165	108	0	4	0	1	0	14	196	23	0	1	0	3	0	78	152	0	3	0	0	3	0	161	74	0	2	0	1	0	16	178	11	0	1	0	0	0	4	24	0	0	0	0	
0	0	0	0	1	0	0	0	0	0	2	0	50	69	0	2	0	0	4	0	137	128	0	4	0	1	0	8	197	41	0	2	0	3	0	91	163	0	3	0	0	1	0	170	68	0	2	0	1	0	14	183	13	0	1	0	0	0	0	27	4	0	0	0	
0	1	2	0	0	0	0	0	1	0	11	121	147	140	67	0	0	5	188	159	62	89	113	3	0	103	156	0	49	164	0	1	0	122	104	0	27	168	5	0	0	45	205	10	38	177	0	1	2	0	88	178	196	109	0	3	0	2	0	32	50	0	0	0	
0	0	1	2	0	0	1	0	0	0	0	4	80	73	0	0	1	0	11	169	169	183	57	0	3	0	148	109	0	188	72	0	0	16	154	0	143	197	0	0	0	0	125	184	234	37	0	2	0	2	0	93	144	0	4	0	0	2	0	43	40	0	1	0	
0	0	2	1	0	0	0	0	0	1	0	26	78	17	0	1	2	0	44	212	242	147	0	3	0	0	185	41	134	160	0	4	0	9	200	138	255	133	0	4	2	0	64	116	170	141	0	4	0	0	4	0	160	171	0	4	0	0	4	0	74	68	0	2	
0	0	0	0	0	1	0	0	0	0	10	3	0	45	52	0	0	2	164	28	0	128	75	0	0	72	120	0	21	150	5	0	0	66	171	37	110	187	5	0	0	0	75	130	210	67	0	1	0	2	0	41	136	0	2	0	0	1	0	21	23	0	1	0	
0	0	1	0	19	39	0	1	0	0	0	0	141	77	0	2	0	3	0	90	102	0	3	0	0	0	0	180	55	0	2	0	2	0	40	148	122	26	0	1	1	0	36	159	153	32	0	1	0	1	0	99	91	0	1	0	0	0	0	0	0	0	0	0	
0	0	3	3	0	0	0	0	0	0	0	0	10	11	0	0	0	2	94	149	176	189	7	0	0	3	91	60	52	152	0	1	0	0	3	0	140	71	0	3	0	2	0	51	163	0	1	0	0	2	0	147	68	0	2	0	1	0	32	114	0	1	0	0	
0	0	10	8	0	4	1	0	3	0	93	41	0	1	1	0	0	0	133	10	47	96	35	0	0	11	136	115	104	44	110	13	2	0	174	94	0	0	119	23	3	0	170	150	77	123	79	0	2	0	59	113	61	25	0	1	0	0	0	0	0	0	2	0	
0	0	0	9	14	1	0	0	2	0	36	107	112	73	0	1	0	0	8	0	34	109	0	2	0	1	1	116	191	30	0	2	0	0	5	43	71	101	0	3	0	47	65	0	85	76	0	3	0	22	140	135	88	1	0	0	0	0	4	7	0	1	0	0	
0	0	2	2	3	1	0	0	0	1	1	0	0	0	1	0	1	0	35	32	102	132	144	66	0	46	195	115	148	25	15	6	0	19	97	64	139	98	0	4	2	0	71	13	115	96	0	4	2	0	76	170	111	0	0	0	0	0	0	0	0	0	0	0	
0	0	0	2	1	0	0	0	0	0	0	0	7	83	83	18	0	1	0	104	167	143	102	27	1	0	20	170	14	0	1	0	0	8	0	77	89	0	6	1	0	71	100	0	153	4	0	0	0	8	139	166	88	0	2	0	0	0	4	13	0	0	0	0	
0	0	0	0	0	0	0	0	2	0	45	20	16	44	0	1	4	0	141	54	80	115	0	4	0	2	189	15	88	154	30	0	0	9	183	154	221	188	37	0	1	0	26	44	142	95	0	4	0	0	3	0	90	111	0	3	0	0	2	0	13	11	0	0	
0	0	0	0	0	1	0	0	0	0	12	8	0	30	14	0	3	0	106	58	0	138	28	0	2	0	126	16	47	135	0	3	2	0	74	120	189	101	0	3	0	1	0	58	150	0	2	0	0	3	0	76	84	0	3	0	0	1	0	42	24	0	1	0	
0	1	0	31	30	0	1	0	0	3	0	133	53	0	2	0	1	0	8	162	12	0	1	0	2	0	33	183	104	36	0	1	2	0	49	207	96	175	6	0	0	0	0	184	170	124	0	1	0	1	0	38	82	7	0	1	0	0	0	0	0	2	0	0	
0	0	1	2	0	0	0	0	0	1	0	4	77	31	0	1	1	0	21	150	146	159	0	1	0	2	140	43	35	183	0	0	0	17	153	68	215	100	0	4	2	0	51	102	182	27	0	1	0	2	0	47	143	0	3	0	0	1	0	36	59	0	2	0	
0	0	0	0	1	0	0	0	0	2	0	104	33	0	1	0	0	4	0	146	100	0	3	0	0	4	0	135	162	0	4	0	0	3	0	79	187	0	2	0	0	2	0	35	215	14	0	1	0	0	0	5	156	29	0	1	0	0	0	0	0	0	0	0	
0	0	0	0	1	0	0	0	0	0	2	0	47	75	0	3	0	0	3	0	131	57	0	2	0	1	0	29	147	0	1	0	0	3	0	87	102	0	3	0	0	3	0	137	45	0	1	0	0	0	0	130	25	0	1	0	0	0	0	1	0	0	0	0	
0	0	0	0	0	0	0	0	0	74	133	133	133	60	0	2	0	24	33	16	155	151	0	3	1	0	16	127	202	20	0	1	1	0	21	76	94	149	7	0	0	25	95	0	29	185	15	0	0	8	143	161	175	60	0	2	0	0	2	42	22	0	1	0	
0	0	0	0	0	0	0	0	0	0	1	0	77	21	0	1	0	0	0	4	159	16	0	1	0	2	0	53	137	0	3	0	0	3	0	98	84	0	3	0	0	2	0	142	36	0	1	0	1	0	15	137	1	0	0	0	0	0	6	27	0	0	0	0	
0	0	0	0	0	0	0	0	0	1	0	41	86	0	2	0	0	1	0	34	162	0	1	0	0	1	0	35	150	0	2	0	0	3	0	73	135	0	4	0	0	3	0	73	155	0	3	0	0	1	0	26	135	0	1	0	0	0	0	0	0	0	0	0	
0	0	3	0	1	5	0	0	0	1	0	41	150	180	50	0	1	0	146	238	98	136	132	0	0	57	230	57	0	123	95	0	0	129	135	0	0	167	50	0	0	109	196	32	134	191	0	0	0	6	140	209	165	19	0	1	0	0	0	0	0	1	1	0	
0	1	2	0	0	1	1	1	0	0	5	8	3	0	0	0	0	5	157	220	209	208	200	61	0	78	204	139	102	70	79	15	0	57	229	183	204	53	0	2	0	8	147	0	102	168	0	4	3	0	125	211	204	92	0	3	0	0	0	36	32	0	0	0	
0	0	0	0	1	0	0	0	0	0	2	0	49	56	0	2	0	0	3	0	130	85	0	3	0	1	0	25	189	14	0	1	0	3	0	84	104	0	3	0	0	3	0	133	53	0	2	0	0	0	8	159	12	0	1	0	0	0	2	26	2	0	0	0	
0	0	0	0	0	0	0	0	0	0	2	0	53	18	0	1	0	0	0	1	131	16	0	1	1	0	7	130	149	0	1	0	3	0	64	175	171	91	2	0	0	1	0	33	103	0	3	0	0	1	0	26	72	0	2	0	0	0	0	2	9	0	0	0	
0	0	3	0	1	0	0	0	0	0	0	0	1	68	3	0	0	0	83	5	49	144	0	3	0	13	188	15	122	100	0	3	1	0	73	143	206	63	0	2	0	1	0	44	134	0	3	0	0	2	0	61	105	0	3	0	0	0	0	11	21	0	1	0	
0	0	1	0	31	32	0	1	0	1	0	35	130	43	0	1	0	1	0	137	36	0	1	0	2	0	47	111	46	94	29	0	3	0	72	120	73	103	76	0	3	0	59	180	105	91	0	0	0	0	0	80	70	0	0	0	0	0	1	0	0	2	0	0	
0	0	1	0	30	50	0	2	0	0	1	0	134	49	0	2	0	2	0	135	96	0	3	0	1	0	32	140	44	29	0	1	3	0	94	162	132	163	29	0	3	0	83	201	185	144	17	0	0	0	1	59	74	14	0	1	0	0	1	0	0	1	1	0	
0	0	2	0	61	19	0	1	0	2	0	78	126	2	0	0	1	0	11	161	16	0	1	0	3	0	88	142	70	97	9	0	4	0	124	195	39	109	114	0	2	0	55	185	78	113	72	0	0	1	0	46	86	27	0	0	0	0	1	0	0	0	2	0	
0	0	1	0	0	0	0	0	0	1	1	69	203	168	0	1	3	0	68	249	182	223	27	0	0	12	219	101	0	150	85	0	0	77	191	0	0	146	92	0	0	62	228	46	99	218	21	0	1	0	136	218	193	48	0	2	0	0	0	0	0	1	1	0	
0	0	0	0	0	0	0	0	0	2	0	68	55	0	2	0	0	3	0	99	145	0	4	0	0	3	0	95	168	0	3	0	0	3	0	81	187	0	2	0	0	2	0	63	207	0	0	0	0	1	0	29	158	2	0	0	0	0	0	0	0	0	0	0	
0	0	8	60	15	0	1	0	3	0	70	181	158	14	0	1	0	0	7	0	176	78	0	3	0	2	0	36	185	20	0	1	1	0	27	183	68	0	3	1	0	35	227	194	170	59	106	38	0	20	51	0	68	146	80	0	0	0	0	3	0	0	0	0	
0	0	1	0	0	0	1	0	0	1	0	73	78	30	0	0	2	0	27	236	255	245	76	0	4	0	137	199	27	167	114	0	0	0	207	52	27	228	36	0	0	23	209	97	236	101	0	3	1	0	164	239	76	0	3	0	0	0	11	12	0	3	0	0	
0	0	1	1	0	1	1	0	0	1	0	31	134	83	0	2	2	0	31	176	71	153	20	0	3	0	92	135	99	160	0	1	1	0	13	229	159	11	0	1	3	0	88	174	77	0	3	0	3	0	96	170	131	0	2	0	0	0	4	60	14	0	1	0	
0	0	0	3	3	0	0	0	1	0	13	137	132	0	0	0	1	0	37	61	126	50	0	2	0	0	3	0	129	53	0	2	0	0	0	0	128	18	0	1	0	0	3	93	173	9	0	1	0	8	151	130	91	55	0	2	0	1	6	0	0	0	0	0	
0	1	0	45	67	11	0	1	2	0	56	151	128	171	14	0	1	0	39	28	3	191	32	0	0	1	2	0	84	136	0	3	0	10	106	168	216	20	0	1	0	161	255	152	124	166	46	0	0	66	55	0	0	59	88	0	0	0	0	3	3	0	0	0	
0	0	0	0	0	0	0	0	0	1	0	26	59	0	1	0	0	3	0	71	73	0	2	0	0	2	0	65	68	0	3	0	0	2	0	52	68	0	2	0	0	1	0	40	70	0	2	0	0	1	0	29	91	0	2	0	0	0	0	4	27	0	0	0	
0	0	0	0	0	0	0	0	0	0	1	0	104	49	0	2	0	0	0	0	202	68	0	3	0	2	0	51	155	0	2	0	0	4	0	120	104	0	3	0	0	0	4	160	26	0	1	0	3	0	67	135	0	3	0	0	1	0	19	16	0	0	0	0	
0	0	0	14	6	0	0	0	1	0	21	102	108	23	0	1	0	1	0	21	146	29	0	1	0	2	0	151	69	0	2	0	0	2	0	34	101	95	0	1	0	1	0	12	108	135	0	1	0	66	108	103	67	3	0	0	0	14	11	0	0	1	0	0	
0	1	4	4	2	3	1	0	0	0	0	0	0	0	0	0	0	27	119	153	176	160	18	0	0	45	141	91	36	183	47	0	0	0	2	0	44	139	0	2	0	1	5	0	158	56	0	2	0	2	0	83	123	0	2	0	0	1	0	148	28	0	1	0	
0	0	1	1	0	0	0	0	0	1	0	15	80	20	0	1	1	0	28	122	120	75	0	3	3	0	111	34	27	77	0	2	3	0	91	120	167	93	0	4	0	0	5	42	107	48	0	2	0	0	4	0	105	33	0	1	0	0	1	0	35	6	0	0	
0	0	1	4	2	0	0	0	0	1	2	0	0	25	45	2	1	0	24	131	191	168	121	27	0	11	127	82	49	9	0	0	0	27	116	70	99	26	0	1	0	20	5	0	54	115	0	3	0	71	120	78	105	38	0	1	0	0	30	56	22	0	1	0	
0	0	0	0	0	0	0	0	3	0	62	185	113	66	8	0	1	0	16	57	113	255	84	0	0	3	0	71	153	63	7	0	0	4	0	129	113	0	3	0	0	6	0	49	219	36	0	2	8	135	155	162	100	7	0	1	0	8	11	1	0	0	0	0	
0	0	0	0	0	0	0	0	1	0	40	102	141	144	40	0	3	0	144	255	164	191	174	0	0	46	228	34	0	3	170	28	0	118	139	0	0	67	168	0	0	99	169	0	44	222	65	0	0	5	172	203	187	71	0	2	0	0	7	47	14	0	2	0	
0	0	0	0	35	36	2	0	0	1	4	0	187	255	75	0	0	1	0	2	0	182	147	0	0	0	115	183	79	200	75	0	0	112	227	145	242	255	77	0	0	162	199	142	230	120	44	0	0	40	153	152	38	0	1	0	0	0	0	0	0	4	2	0	
0	1	2	0	0	0	2	0	0	1	0	104	183	40	0	1	1	0	152	200	178	207	117	0	0	93	189	0	0	11	194	40	0	128	136	0	0	22	167	10	0	83	210	76	72	192	104	0	1	0	84	179	166	81	0	1	0	1	0	0	0	0	2	0	
0	0	1	0	33	7	0	0	0	3	0	91	222	16	0	1	1	0	25	214	44	0	2	0	4	0	120	117	40	175	7	0	3	0	166	59	163	239	26	0	4	0	135	142	204	191	1	0	1	0	14	137	122	11	0	1	0	0	1	0	0	1	0	0	
0	0	2	36	21	0	1	0	1	0	6	183	212	47	0	2	0	0	5	0	74	152	0	3	0	1	0	17	166	69	0	2	0	2	42	158	79	0	2	0	0	29	254	152	88	147	87	0	0	1	81	146	138	86	35	0	0	0	0	0	0	0	0	0	
0	0	1	2	0	0	0	0	0	0	0	2	24	3	0	0	1	0	8	92	137	101	0	3	4	0	114	140	175	98	0	3	1	0	40	102	189	16	0	1	0	3	0	85	103	0	3	0	0	0	1	160	27	0	1	0	1	0	23	101	0	2	0	0	
0	1	2	0	0	0	2	0	0	1	1	40	75	43	0	1	0	10	161	214	221	243	68	0	0	157	165	0	0	56	170	0	0	211	60	0	0	18	176	5	0	128	173	33	31	167	119	0	0	5	138	190	184	101	0	1	0	1	0	0	0	0	2	0	
0	0	0	0	2	1	0	0	0	3	31	22	1	0	0	0	0	6	136	185	146	12	0	1	0	0	3	0	143	100	0	4	0	0	4	0	159	64	0	2	0	2	0	43	182	0	0	0	0	3	0	126	103	0	3	0	0	1	0	101	20	0	1	0	
0	0	2	0	67	51	0	7	0	1	0	24	216	52	0	10	0	1	0	143	68	0	3	0	3	0	103	105	3	13	0	0	0	8	145	112	135	147	27	0	1	0	131	225	107	164	39	4	0	0	7	55	87	20	0	1	0	0	1	0	0	1	1	0	
0	0	1	0	0	1	0	0	1	0	14	71	38	0	1	0	2	0	96	76	69	39	1	0	0	32	111	0	11	129	8	0	0	24	126	19	82	101	0	3	1	0	46	50	115	60	0	2	0	0	4	0	105	50	0	2	0	0	3	0	32	23	0	1	
0	0	1	2	0	1	0	0	0	0	0	4	32	6	0	0	1	0	19	128	139	122	0	2	2	0	127	38	95	131	0	3	2	0	80	113	192	56	0	2	0	0	2	0	110	22	0	1	0	1	0	22	118	0	1	0	0	1	0	42	59	0	2	0	
0	0	0	0	1	0	0	0	0	0	2	0	69	48	0	2	0	0	0	0	175	52	0	2	0	3	0	74	186	0	2	0	0	3	0	168	98	0	3	0	0	0	1	195	40	0	1	0	0	0	0	155	26	0	1	0	0	0	0	19	3	0	0	0	
0	0	0	0	0	0	0	0	3	0	58	200	174	48	0	2	1	0	27	61	105	99	0	4	0	0	4	0	141	79	0	3	0	2	0	97	168	0	2	0	3	0	85	248	187	38	5	0	0	6	175	37	64	168	44	0	0	1	1	0	0	0	0	0	
0	0	0	2	0	0	0	0	0	0	0	2	53	12	0	1	0	1	0	80	145	86	0	3	3	0	79	128	135	92	0	4	2	0	56	114	160	36	0	2	0	0	0	9	136	6	0	0	0	1	0	36	135	0	3	0	0	0	0	9	59	0	0	0	
0	0	0	7	8	0	0	0	2	0	60	129	171	66	0	3	1	0	22	93	173	61	0	2	0	0	0	115	193	12	0	1	0	1	7	0	73	120	0	4	0	38	154	3	128	108	0	3	0	0	129	184	124	3	0	0	0	0	0	2	0	0	0	0	
0	0	1	0	0	0	0	0	0	0	2	15	0	30	3	0	2	0	44	115	0	143	4	0	4	0	128	78	35	141	0	3	1	0	143	138	185	143	0	4	0	0	3	0	129	63	0	2	0	0	2	0	152	25	0	1	0	0	0	3	66	4	0	0	
0	1	4	3	3	2	0	0	0	0	0	0	0	0	0	0	0	29	113	138	181	100	0	3	0	33	113	53	88	143	0	3	0	0	3	0	122	76	0	3	0	2	0	30	162	2	0	0	0	3	0	113	75	0	2	0	1	0	12	147	4	0	0	0	
0	0	1	0	1	0	0	0	1	0	11	75	14	0	0	0	3	0	125	177	121	0	1	0	0	11	118	0	131	51	0	2	0	2	127	13	184	89	0	3	2	0	55	169	161	101	0	3	0	0	0	6	6	124	8	0	0	0	2	1	0	41	6	0	
0	0	0	0	9	27	0	0	0	0	3	0	148	163	0	3	0	3	0	80	227	26	0	1	1	0	3	203	61	0	2	0	3	0	72	193	127	119	0	0	3	0	61	255	179	184	3	0	0	0	0	89	121	31	0	1	0	0	1	0	0	1	0	0	
0	0	0	0	2	0	1	0	1	0	13	169	193	70	0	2	4	0	114	231	42	175	35	0	3	0	182	110	0	99	131	0	0	0	197	52	0	40	178	0	1	0	198	107	0	141	132	0	2	0	61	189	182	152	11	0	0	0	0	2	4	0	1	0	
0	0	1	2	0	0	0	0	0	0	0	1	26	8	0	0	1	0	16	147	179	58	0	3	3	0	136	69	52	140	0	2	2	0	134	116	200	100	0	4	0	0	13	29	137	38	0	1	0	1	0	16	133	0	0	0	0	2	0	49	93	0	3	0	
0	1	2	0	0	0	0	0	0	1	0	37	51	0	2	0	0	30	40	87	130	0	4	0	0	18	147	58	154	0	1	0	1	0	32	125	195	19	0	1	0	1	4	0	140	79	0	3	0	0	4	0	75	115	0	4	0	0	0	0	9	15	0	0	
0	0	0	0	0	0	0	0	0	1	0	61	148	102	14	0	2	0	46	163	89	254	92	0	2	0	66	114	137	116	0	1	2	0	35	251	106	0	3	0	0	5	147	134	92	0	3	0	0	18	161	120	98	0	3	0	1	0	37	51	0	0	0	0	
0	1	4	3	3	1	0	0	0	0	0	0	0	7	3	0	0	12	105	153	152	190	18	0	0	13	79	34	136	126	0	3	0	0	1	0	157	32	0	1	0	2	0	45	149	0	2	0	0	3	0	83	104	0	3	0	0	2	0	61	84	0	2	0	
0	0	3	3	0	1	0	0	0	0	0	0	17	6	0	0	1	0	71	153	169	146	0	2	0	0	124	60	33	161	0	1	0	0	3	0	130	83	0	3	0	1	0	33	155	0	0	0	0	0	0	140	60	0	2	0	1	0	37	116	0	2	0	0	
0	0	2	1	0	2	0	0	0	0	1	16	6	1	0	0	3	0	77	182	158	105	0	2	0	10	137	4	59	196	2	0	0	18	131	99	178	177	0	2	1	0	51	59	68	113	0	4	0	0	3	0	134	52	0	2	0	0	2	0	108	14	0	0	
0	0	0	2	0	0	0	0	0	1	0	9	94	132	26	0	0	0	0	140	135	202	32	0	1	0	35	143	131	89	0	3	1	0	8	228	128	0	3	0	2	0	129	152	101	0	3	0	2	0	134	169	108	0	3	0	0	0	9	60	7	0	0	0	
0	0	0	2	0	39	19	0	0	0	2	0	55	166	22	0	0	1	0	24	192	32	0	2	0	3	0	153	204	0	1	0	1	0	25	189	183	83	0	3	2	0	45	239	202	21	0	1	1	0	7	123	49	0	1	0	0	0	0	0	1	1	0	0	
0	0	1	2	0	0	0	0	0	0	1	0	24	11	0	0	1	0	26	123	141	120	0	2	0	0	122	28	49	141	0	2	0	6	132	99	202	95	0	3	1	0	27	54	130	23	0	1	0	2	0	49	112	0	2	0	0	2	0	94	33	0	1	0	
0	0	1	0	0	0	0	0	1	0	30	128	110	30	0	1	1	0	141	111	76	23	0	1	0	19	208	123	125	22	0	1	0	6	40	0	62	136	0	2	0	0	4	0	28	169	0	0	0	0	11	107	166	78	0	3	0	1	0	33	42	0	1	0	
0	0	0	0	1	0	0	0	0	1	107	188	204	84	0	2	0	14	116	44	46	176	1	0	0	0	3	0	94	128	0	3	0	2	0	101	162	3	0	1	0	4	152	172	20	65	29	0	0	31	197	179	176	176	37	0	0	0	0	5	3	0	0	0	
0	1	0	0	0	2	0	0	1	0	33	63	32	0	0	0	0	59	149	95	142	85	0	2	0	10	4	0	25	131	0	2	0	4	104	148	197	187	35	0	0	69	195	140	60	41	174	26	0	8	43	17	0	0	20	9	0	0	0	1	2	2	1	0	
0	0	0	0	1	0	0	0	3	0	89	192	204	96	0	3	2	0	75	58	50	178	0	1	0	1	3	0	142	98	0	3	1	0	1	131	101	0	2	0	0	18	193	103	20	86	16	0	0	23	166	174	176	127	12	0	0	0	0	3	1	0	0	0	
0	0	0	0	0	0	0	0	0	27	87	114	118	102	14	0	0	118	129	30	85	216	30	0	0	1	0	109	165	37	0	2	0	2	0	133	167	52	0	1	0	3	80	5	10	184	43	0	0	0	149	138	140	149	12	0	0	0	5	46	49	9	0	0	
0	0	2	2	0	1	1	0	0	1	0	4	31	15	0	1	2	0	37	168	168	165	16	0	0	28	152	21	46	207	35	0	0	49	155	106	181	183	0	1	1	0	50	47	101	90	0	3	0	2	0	27	159	7	0	1	0	2	0	71	71	0	2	0	
0	0	0	1	1	0	0	0	0	0	1	0	18	118	42	0	0	0	3	0	170	210	92	0	0	3	0	106	241	146	0	1	3	0	87	241	70	5	0	1	0	54	187	129	36	0	2	0	0	116	80	114	31	0	1	0	0	17	16	33	3	0	0	0	
0	0	1	3	0	0	0	0	0	0	1	0	53	90	24	0	1	0	17	164	167	171	218	19	3	0	144	117	65	161	90	0	4	0	106	201	145	28	0	1	1	0	159	213	35	0	5	0	0	32	175	122	109	0	3	0	0	1	87	109	13	0	1	0	
0	0	0	1	4	0	0	0	0	1	0	112	188	53	0	2	2	0	43	157	33	161	0	2	1	0	29	166	120	131	0	2	0	1	0	168	231	96	0	3	3	0	93	166	49	187	1	0	2	0	52	175	161	69	0	1	0	0	0	2	0	0	0	0	
0	0	0	0	4	68	2	0	0	0	4	0	88	145	0	2	0	2	0	64	138	0	0	0	2	0	39	129	33	12	0	0	3	0	114	119	152	164	26	0	2	0	72	202	122	97	11	0	0	0	1	39	75	11	0	1	0	0	1	0	0	2	1	0	
0	0	0	1	0	0	0	0	0	0	1	5	0	46	8	0	0	0	13	100	14	110	0	1	3	0	85	77	52	91	0	3	2	0	148	132	163	132	15	0	0	0	11	4	111	30	0	0	0	0	0	2	125	7	0	0	0	0	0	4	20	0	0	0	
0	0	0	1	0	1	0	0	0	0	1	3	0	43	28	0	0	0	0	72	12	113	18	0	2	0	74	64	51	93	0	3	2	0	112	106	180	77	0	2	0	2	0	66	103	0	3	0	0	1	0	104	26	0	1	0	0	0	3	20	0	0	0	0	
0	1	0	4	2	0	0	0	1	0	24	121	8	0	0	0	0	0	162	68	0	131	28	0	0	27	203	11	0	185	32	0	2	0	107	205	133	185	9	0	0	1	0	23	157	186	0	2	0	0	4	0	50	146	0	2	0	0	0	2	3	0	0	0	
0	0	1	0	1	1	0	0	0	0	5	26	0	59	29	0	2	0	63	101	0	131	10	0	3	0	140	31	90	90	0	3	2	0	39	145	212	47	0	2	0	3	0	101	84	0	3	0	0	0	8	130	5	0	0	0	0	0	3	23	0	0	0	0	
0	0	0	0	1	1	0	0	2	0	68	152	174	74	0	2	1	0	93	42	41	184	9	0	0	0	0	9	8	177	37	0	2	0	125	180	150	250	59	0	0	20	214	37	134	175	0	1	1	0	98	191	149	14	0	1	0	0	0	3	0	1	1	0	
0	0	1	2	0	1	0	0	0	0	1	2	0	50	46	0	0	0	13	69	0	146	32	0	3	0	95	70	68	109	0	3	3	0	133	78	138	22	0	1	1	0	0	148	122	0	4	0	0	2	0	111	34	0	1	0	0	0	1	19	2	0	0	0	
0	1	0	24	17	0	1	0	1	0	15	230	105	0	5	0	4	0	137	191	0	0	1	0	0	11	228	68	101	154	21	0	0	37	204	105	224	254	104	0	0	0	170	124	142	215	26	0	1	0	21	127	142	47	0	1	0	1	2	0	0	1	1	0	
0	0	2	0	6	1	0	0	0	1	0	95	158	136	24	0	3	0	110	171	0	88	135	0	0	19	178	12	0	10	128	3	0	87	132	0	0	59	136	0	0	63	175	12	59	184	35	0	1	0	100	182	170	50	0	2	0	1	0	3	1	1	1	0	
0	0	0	0	1	1	0	0	0	1	16	25	16	0	0	0	0	7	124	98	130	62	0	2	0	0	2	0	65	112	0	4	0	0	4	0	117	58	0	2	0	2	0	48	141	0	1	0	0	2	0	135	53	0	2	0	0	0	8	73	0	1	0	0	
0	0	2	0	5	2	1	0	0	4	0	77	191	146	16	0	2	0	114	211	29	124	148	0	0	77	208	16	0	14	168	7	0	184	67	0	0	33	188	2	0	159	134	8	30	177	114	0	0	17	178	187	196	110	0	1	0	0	0	4	2	0	2	0	
0	3	4	3	4	0	0	0	0	0	0	0	0	0	0	0	0	117	183	170	118	7	2	0	0	84	125	159	255	33	0	2	0	1	0	168	255	183	118	0	0	5	0	93	255	153	82	0	0	2	0	41	148	8	0	1	0	0	0	1	0	4	3	0	
0	0	0	1	0	0	0	0	0	0	0	1	79	151	57	0	0	3	0	74	208	195	24	0	0	3	0	110	194	29	0	2	0	1	0	189	150	0	5	0	3	0	87	135	126	12	0	0	3	0	77	182	113	0	1	0	0	0	0	47	12	0	0	0	
0	0	0	11	7	0	1	0	0	27	113	124	140	61	0	2	0	99	54	0	9	143	30	0	1	2	0	44	18	113	64	0	0	0	111	103	126	198	9	0	0	50	131	4	135	184	8	0	0	19	127	130	53	104	12	0	0	0	1	0	1	2	0	0	
0	0	2	2	0	0	2	0	0	2	0	18	154	180	15	0	2	0	49	210	124	151	125	0	0	33	222	69	0	25	187	3	0	173	107	0	0	100	146	0	0	153	164	39	96	193	27	0	0	15	157	174	161	35	0	2	0	1	0	0	0	1	1	0	
0	0	0	3	1	0	0	0	0	0	1	0	14	77	56	6	0	1	0	82	171	178	206	28	1	0	31	198	122	120	37	0	0	1	72	203	82	0	1	0	0	113	141	58	135	0	4	0	0	54	101	140	128	0	1	0	0	0	0	6	4	0	0	0	
0	0	0	1	0	0	0	0	0	1	0	6	105	129	5	0	0	1	0	128	138	180	3	0	0	0	6	134	126	92	0	3	1	1	0	202	161	0	2	0	4	0	106	150	107	0	3	0	3	0	99	171	117	0	2	0	0	0	4	58	11	0	0	0	
0	0	2	2	0	1	0	0	0	56	135	131	103	13	0	1	0	12	9	13	115	185	5	0	0	0	157	231	181	74	0	1	1	0	32	72	101	120	74	0	0	111	54	1	0	63	178	0	0	34	118	130	137	149	47	0	0	0	0	0	2	0	0	0	
0	0	0	0	19	53	0	1	0	0	2	0	111	68	0	2	0	2	0	66	100	0	2	0	1	0	12	117	25	11	0	0	2	0	58	120	132	124	0	2	2	0	50	197	109	105	0	2	0	0	0	40	59	6	0	0	0	0	0	0	0	1	0	0	
0	0	0	0	0	0	0	0	0	0	0	117	170	73	0	2	2	0	43	175	104	233	62	0	1	0	17	139	130	78	19	0	1	0	9	234	181	0	2	0	3	0	89	134	103	79	0	2	1	0	20	175	209	62	0	3	0	1	0	30	47	0	0	0	
0	0	2	0	54	93	0	3	0	1	0	12	152	42	0	2	0	0	0	147	63	0	2	0	3	0	100	103	5	19	0	0	0	11	138	82	192	164	0	1	1	0	110	217	186	81	0	2	0	0	7	20	13	0	0	0	0	0	2	0	0	2	0	0	
0	0	0	57	11	0	1	0	2	0	48	106	0	2	0	0	3	0	107	31	32	116	19	0	0	2	101	4	110	63	49	0	0	0	96	58	71	48	37	0	3	0	60	161	165	94	0	0	0	0	0	52	73	9	0	0	0	0	1	0	0	1	0	0	
0	0	0	0	0	0	0	0	0	1	0	32	126	128	51	0	0	1	0	166	80	181	125	0	0	4	0	108	200	113	0	1	1	0	28	170	190	24	0	1	0	8	186	49	121	58	0	2	0	19	167	146	117	0	1	0	1	0	18	50	0	0	0	0	
0	0	1	3	0	0	0	0	0	0	2	0	53	140	182	16	1	0	7	148	204	124	69	8	3	0	140	255	104	0	2	0	0	12	224	169	115	76	0	3	0	6	204	88	100	123	0	4	2	0	50	171	189	57	0	2	0	0	1	0	0	0	0	0	
0	0	0	1	4	2	0	0	0	0	0	1	0	0	11	5	0	2	0	36	131	122	120	18	0	0	2	130	68	24	4	0	0	15	2	89	23	0	2	0	0	101	78	65	107	0	3	0	0	8	89	103	20	0	1	0	0	0	0	0	0	0	0	0	
0	0	0	0	1	0	0	0	0	0	0	69	9	0	0	0	0	3	0	102	50	0	2	0	0	3	0	69	79	0	3	0	0	1	0	35	112	0	3	0	0	1	0	24	111	0	2	0	0	0	0	4	105	2	0	0	0	0	0	1	19	0	0	0	
0	0	0	0	0	0	0	0	0	0	3	0	96	57	0	2	0	0	3	0	134	64	0	2	0	2	0	41	169	0	0	0	0	4	0	117	135	0	4	0	0	0	2	169	34	0	1	0	2	0	52	129	0	2	0	0	0	0	1	0	0	0	0	0	
0	0	0	0	1	1	0	0	0	0	0	110	93	10	6	0	4	0	101	179	99	179	12	0	4	0	99	64	126	106	0	3	1	0	3	199	173	0	3	0	1	0	11	148	172	30	0	1	2	0	35	204	188	35	0	2	0	0	0	39	23	0	1	0	
0	0	3	0	0	0	0	0	0	0	0	2	29	15	0	1	0	3	118	146	137	153	13	0	0	9	56	11	0	145	16	0	0	0	3	0	89	118	0	3	0	1	0	17	157	18	0	1	1	0	2	142	60	0	2	0	2	0	59	106	0	3	0	0	
0	2	0	0	0	0	0	0	1	0	28	123	135	36	59	6	0	86	178	92	80	197	102	0	0	167	127	46	174	43	0	2	0	0	108	204	167	125	28	0	2	0	125	43	0	159	102	0	2	0	93	145	158	147	6	0	0	0	0	27	36	2	0	0	
0	0	0	0	7	9	0	0	1	0	27	109	112	136	38	0	1	0	36	33	0	130	46	0	0	4	0	117	206	78	0	2	0	0	2	0	93	103	0	4	4	105	40	1	130	93	0	3	0	93	172	164	103	0	0	0	0	0	1	3	0	1	0	0	
0	0	0	8	17	0	1	0	0	2	0	72	54	0	2	0	0	1	0	139	21	0	1	0	1	0	23	173	163	105	0	2	1	0	5	236	95	104	31	0	0	2	0	158	173	116	0	0	0	0	0	9	79	22	0	1	0	0	0	1	0	1	0	0	
0	0	0	0	0	1	3	0	0	1	0	53	145	72	0	2	2	0	34	173	54	87	114	16	1	0	39	131	57	184	83	0	0	2	0	180	197	20	0	1	3	0	53	226	99	0	6	0	4	0	87	212	76	0	3	0	0	0	7	44	2	0	0	0	
0	0	2	1	1	3	0	0	0	0	0	8	6	0	0	0	2	0	62	215	197	107	0	2	0	7	192	32	135	190	0	3	0	6	176	117	247	120	0	4	2	0	75	144	159	101	0	4	0	0	4	0	109	115	0	4	0	0	4	0	57	85	0	3	
0	0	0	3	3	1	0	0	0	0	0	0	0	0	50	37	0	0	5	59	122	156	154	50	3	0	95	142	61	18	0	0	2	0	50	100	0	2	2	2	0	47	78	139	40	0	1	0	0	11	126	165	32	0	1	0	0	0	0	2	0	0	0	0	
0	0	1	1	1	0	0	0	0	2	0	118	185	27	0	2	2	0	60	107	69	160	0	1	1	0	114	27	0	124	25	0	0	22	107	0	10	125	5	0	0	14	146	0	95	112	0	3	2	0	77	169	120	5	0	0	0	0	0	7	2	0	0	0	
0	0	2	2	0	0	2	1	0	1	1	0	50	55	2	0	1	0	27	157	167	173	120	16	0	29	189	73	0	0	135	42	0	131	79	0	0	70	140	0	0	131	95	57	134	161	21	0	0	27	138	131	73	4	0	1	0	0	0	0	0	2	1	0	
0	0	2	2	1	0	1	0	3	0	111	155	110	82	5	0	3	0	140	70	3	115	134	0	0	5	158	13	0	0	135	41	0	32	162	0	3	0	131	35	0	19	183	34	14	119	117	0	2	0	70	163	149	95	1	0	0	0	0	1	1	0	2	0	
0	0	0	2	17	8	0	0	0	2	0	64	124	145	30	0	0	0	1	4	25	163	25	0	0	1	2	154	214	41	0	2	0	0	0	0	117	67	0	2	0	46	91	0	136	80	0	3	0	15	157	164	97	0	1	0	0	0	1	2	0	1	0	0	
0	0	0	0	0	0	0	0	0	53	138	138	124	24	0	1	0	66	65	5	90	133	0	4	0	0	1	0	37	130	0	2	2	0	62	112	179	182	80	15	0	20	142	55	174	49	57	7	0	10	109	131	50	0	2	0	0	0	4	4	1	3	2	0	
0	0	0	3	0	67	14	0	0	0	3	0	74	143	0	0	0	2	0	59	161	9	0	1	1	0	14	158	39	0	2	0	4	0	92	207	149	89	0	3	3	0	71	203	145	100	0	3	0	0	0	58	49	0	0	0	0	0	1	0	0	1	0	0	
0	2	0	75	33	0	1	0	0	0	0	133	22	0	1	0	1	0	25	121	0	2	0	0	2	0	63	79	70	123	10	0	3	0	79	111	101	88	81	0	1	0	27	158	189	148	18	0	0	0	0	16	24	6	0	0	0	0	1	1	0	1	1	0	
0	0	3	2	0	0	0	0	0	0	0	2	23	19	0	0	0	1	93	157	146	172	21	0	0	20	95	33	0	156	34	0	0	0	3	0	87	125	0	3	0	2	0	47	165	11	0	1	2	0	40	170	32	0	2	0	3	0	99	64	0	3	0	0	
0	0	2	0	0	0	1	0	0	0	0	15	46	50	9	0	1	0	74	89	55	63	107	27	1	0	109	28	57	85	47	0	2	0	31	187	74	0	1	0	0	4	27	48	86	0	5	0	0	34	51	57	59	0	2	0	0	7	66	56	0	0	0	0	
0	0	0	0	5	3	0	0	0	2	0	66	152	123	3	0	0	0	0	20	14	157	31	0	1	0	9	141	189	41	0	1	0	0	1	43	145	58	0	2	0	26	130	0	134	79	0	3	0	0	130	175	99	0	1	0	0	0	0	1	0	1	0	0	
0	0	0	0	0	0	0	0	0	1	0	41	88	74	26	2	0	0	3	103	113	114	102	42	0	8	54	0	1	0	0	1	0	0	139	113	14	1	3	0	0	0	2	88	148	0	0	0	1	0	35	117	146	0	0	0	1	0	8	71	36	0	1	0	
0	0	0	0	0	0	0	0	0	0	3	0	89	95	0	3	0	0	2	0	163	59	0	2	0	2	0	50	173	0	1	0	0	4	0	121	126	0	4	0	0	0	0	176	42	0	2	0	1	0	25	147	1	0	0	0	0	0	0	0	1	0	0	0	
0	0	1	0	2	0	0	0	1	0	26	54	0	2	0	0	3	0	79	136	73	17	0	0	4	0	124	118	142	42	0	1	4	0	120	236	229	226	89	0	1	0	16	66	184	60	25	0	0	0	2	0	143	27	0	1	0	0	1	1	18	8	0	0	
0	0	0	0	0	0	0	0	1	0	79	137	138	90	0	1	0	3	70	38	82	177	0	1	0	3	0	104	223	55	0	3	0	1	0	39	117	116	0	1	0	102	68	0	22	184	9	0	0	54	182	146	172	90	0	2	0	0	10	49	19	0	0	0	
0	0	0	2	2	2	0	0	0	0	2	0	0	0	8	9	0	2	0	73	82	119	119	55	3	0	105	173	13	33	3	0	1	0	104	125	58	0	2	1	0	19	76	85	159	0	1	0	1	0	52	94	23	0	1	0	0	0	0	0	0	0	0	0	
0	0	2	2	0	1	0	0	0	0	0	3	21	2	0	0	1	0	31	153	170	109	0	3	2	0	161	43	80	186	0	2	2	0	105	130	207	74	0	3	0	0	0	88	178	0	1	0	0	3	0	120	71	0	2	0	1	0	11	120	4	0	0	0	
0	0	0	0	0	0	0	0	0	2	0	75	94	0	3	0	0	4	0	161	147	0	4	0	1	0	14	228	177	0	2	0	4	0	90	255	233	97	0	0	1	0	17	42	217	124	0	1	0	0	3	0	112	43	0	2	0	0	1	3	1	2	0	0	
0	0	0	3	2	0	0	0	0	0	0	0	0	21	61	14	0	1	0	82	141	135	105	16	0	0	8	141	29	0	0	0	0	2	0	61	75	0	6	1	0	95	42	59	109	0	3	0	0	41	124	106	15	0	1	0	0	0	0	0	0	0	0	0	
0	0	0	1	2	1	5	0	0	0	1	3	0	106	77	0	0	3	0	8	141	185	11	0	1	0	9	131	76	106	18	0	0	86	223	127	38	162	54	0	0	118	210	163	139	177	84	0	0	0	0	1	0	57	9	0	0	2	2	3	4	2	2	0	
0	0	0	0	1	2	0	0	0	0	0	0	11	89	0	0	0	0	3	0	95	85	0	3	0	1	0	20	140	6	0	0	0	2	0	122	68	0	2	0	2	0	48	131	0	2	0	0	2	0	125	50	0	2	0	0	0	0	3	1	0	0	0	0	
0	0	0	0	0	0	0	0	0	1	0	21	90	0	1	0	0	2	0	52	195	0	0	0	0	3	0	71	200	0	1	0	0	3	0	66	201	0	1	0	0	2	0	58	180	0	1	0	0	3	0	82	150	0	4	0	0	0	0	14	19	0	1	0	
0	0	0	4	2	0	0	0	0	0	0	0	1	47	130	58	0	0	2	91	157	143	79	26	3	0	104	134	19	0	1	0	2	0	56	105	0	4	3	1	0	31	32	90	86	0	2	0	0	31	151	136	115	0	3	0	1	0	23	65	6	0	0	0	
0	0	0	2	1	0	0	0	0	0	1	1	60	50	32	0	0	2	0	85	128	126	8	0	2	0	72	102	91	56	0	2	0	2	150	61	183	101	13	0	0	0	67	186	91	9	0	0	0	2	0	96	16	0	0	0	0	0	3	14	3	0	0	0	
0	0	2	1	0	0	1	1	0	2	0	26	123	163	99	0	2	0	45	207	115	17	142	33	0	29	211	56	0	0	145	35	0	139	109	0	0	102	139	0	0	150	110	15	113	178	17	0	0	34	161	164	117	8	0	1	0	0	0	0	0	2	1	0	
0	0	1	0	0	2	0	0	1	0	24	138	73	0	1	0	0	0	177	107	154	37	5	0	0	47	147	25	134	194	22	0	0	20	192	166	191	176	0	3	1	0	40	71	105	167	0	3	0	0	3	0	72	168	0	3	0	0	2	1	15	21	0	1	
0	0	0	0	0	0	0	0	1	0	13	72	85	16	0	1	2	0	77	125	112	110	0	3	0	0	2	0	70	98	0	3	0	0	0	7	155	23	0	1	0	2	0	124	94	0	3	0	3	0	90	141	0	2	0	0	1	0	65	18	0	1	0	0	
0	0	0	0	0	0	0	0	0	2	0	67	87	0	3	0	0	3	0	91	120	0	4	0	0	3	0	108	118	0	4	0	0	4	0	120	119	0	4	0	0	4	0	123	122	0	4	0	0	3	0	91	93	0	3	0	0	0	0	0	0	0	0	0	
0	1	1	0	0	0	0	0	1	0	16	103	182	111	0	3	0	22	176	135	60	152	0	2	0	21	32	0	90	147	0	3	0	1	0	59	191	24	0	1	3	0	106	255	206	70	1	0	1	0	166	67	21	124	14	0	0	0	0	0	0	0	0	0	
0	0	1	0	6	6	0	0	1	0	4	123	158	33	0	2	4	0	126	134	0	2	0	0	3	0	68	173	27	0	1	0	0	2	0	49	173	72	0	2	2	0	89	56	7	189	36	0	1	0	17	116	145	143	14	0	0	0	0	0	10	6	0	0	
0	1	4	3	1	3	1	0	0	0	0	0	0	0	0	0	0	21	144	151	148	158	35	0	0	24	89	52	8	171	60	0	0	0	2	0	56	147	0	2	0	1	3	0	165	52	0	2	0	2	0	125	111	0	3	0	3	0	67	138	0	2	0	0	
0	0	0	0	2	1	0	0	0	0	46	40	0	0	0	0	0	59	252	249	73	12	1	0	0	95	254	195	254	202	6	0	0	18	203	235	249	246	32	0	2	0	43	104	139	233	45	0	0	1	1	3	0	204	62	0	0	0	2	2	3	77	9	0	
0	0	2	1	0	2	0	0	0	0	1	0	0	19	68	0	2	0	63	46	0	119	73	0	0	10	146	5	49	112	0	2	0	47	147	22	160	93	0	0	0	0	70	142	156	27	1	0	0	3	0	76	45	0	2	0	0	1	1	20	7	0	0	0	
0	0	3	1	0	0	2	0	0	2	0	32	114	25	0	2	2	0	93	238	236	246	53	0	0	39	247	106	0	104	228	22	0	127	192	0	0	99	212	12	0	87	249	198	216	212	43	0	0	0	47	94	78	12	0	1	0	1	0	0	0	2	2	0	
0	0	0	6	2	0	0	0	1	0	3	134	165	46	0	2	0	0	2	0	31	179	19	0	0	3	0	80	106	123	7	0	0	2	0	95	189	10	0	1	0	93	79	0	180	37	0	1	0	43	172	183	94	0	2	0	0	0	1	2	0	0	0	0	
0	0	1	0	27	7	0	0	0	2	0	62	154	7	0	1	1	0	20	171	20	0	1	0	4	0	110	97	46	78	0	0	4	0	126	75	81	136	25	0	3	0	64	184	183	129	0	2	0	1	0	81	132	25	0	1	0	0	1	0	0	1	0	0	
0	0	0	0	0	0	0	0	0	0	2	0	64	76	0	2	0	0	3	0	167	89	0	3	0	2	0	40	164	0	0	0	0	3	0	139	80	0	3	0	1	0	23	177	5	0	0	0	3	0	94	120	0	3	0	0	1	0	26	12	0	0	0	0	
0	0	1	0	1	1	0	0	0	0	0	11	11	0	0	0	2	0	51	151	166	55	0	2	0	0	13	9	147	38	0	1	0	2	0	46	141	0	2	0	0	3	0	110	87	0	3	0	0	3	0	134	46	0	1	0	0	2	0	85	32	0	1	0	
0	1	3	1	0	0	0	0	0	0	0	0	17	23	0	0	0	21	166	175	158	207	55	0	0	18	68	39	7	169	42	0	0	0	3	0	106	121	0	4	0	3	0	68	168	2	0	0	2	0	52	185	23	0	1	0	3	0	108	69	0	3	0	0	
0	0	1	0	0	0	1	0	0	1	0	47	137	36	0	1	2	0	44	236	172	203	104	0	3	0	193	175	0	18	20	0	2	0	93	214	181	12	0	1	0	6	52	9	223	89	0	3	2	0	132	219	215	48	0	2	0	0	1	49	25	0	1	0	
0	0	0	1	1	58	5	0	0	0	2	0	56	131	0	2	0	1	0	16	127	14	0	1	0	1	0	115	67	0	2	0	3	0	69	199	107	102	0	2	2	0	58	172	88	117	0	2	0	1	0	36	74	5	0	0	0	0	1	1	0	1	0	0	
0	0	0	0	0	0	0	0	1	0	6	129	114	3	0	1	2	0	61	131	199	23	0	1	0	2	0	50	177	6	0	1	1	0	25	159	245	117	0	4	1	0	19	65	143	112	0	4	1	0	4	202	185	0	0	1	0	1	0	16	18	0	1	0	
0	0	1	1	0	1	1	0	0	3	0	65	206	70	0	2	2	0	46	254	191	178	18	0	0	15	214	158	0	128	112	0	0	126	191	0	0	154	151	0	0	135	103	1	129	232	38	0	0	29	176	192	181	40	0	2	0	0	3	3	0	1	2	0	
0	0	0	0	1	0	0	0	0	1	0	134	33	0	1	0	0	3	0	139	113	0	4	0	0	3	0	96	162	0	4	0	0	3	0	94	172	0	3	0	0	2	0	60	181	0	2	0	0	1	0	28	147	0	0	0	0	0	0	0	0	0	0	0	
0	0	0	0	0	0	0	0	0	1	0	13	112	14	0	1	0	2	0	46	255	57	0	3	0	4	0	113	253	25	0	2	0	3	0	183	201	0	1	0	0	2	0	201	198	0	2	0	0	2	0	177	137	0	4	0	0	1	0	19	17	0	1	0	
0	1	0	0	0	0	0	0	0	0	3	1	14	44	0	1	4	158	22	0	58	165	0	3	0	157	160	67	143	156	0	3	0	1	67	120	74	187	18	0	0	1	1	0	36	178	0	0	0	0	4	0	39	164	3	0	0	0	0	1	0	70	27	0	
0	0	0	0	0	0	0	0	0	1	0	115	74	0	2	0	0	0	0	155	192	10	0	1	0	2	0	53	175	0	0	0	0	100	255	255	116	0	121	22	0	64	169	78	152	205	158	0	0	0	0	0	11	30	2	0	0	2	4	4	1	0	2	1	
0	0	0	0	0	0	0	0	0	19	43	0	98	12	0	0	0	46	108	0	183	50	0	2	0	21	197	12	164	58	0	2	3	0	105	196	216	145	3	0	0	1	0	31	196	155	0	3	0	0	5	0	76	100	0	3	0	0	0	2	1	1	0	0	
0	0	0	0	0	0	1	0	0	1	25	68	107	71	2	0	1	0	182	211	221	255	92	0	1	2	18	165	255	196	18	0	0	1	0	50	78	187	40	0	15	119	64	26	77	229	70	0	11	167	228	218	207	83	0	1	0	0	13	16	0	0	0	0	
0	0	2	0	20	107	27	0	0	1	0	15	163	88	4	0	1	0	15	175	73	0	2	0	2	0	142	72	0	41	27	0	0	27	173	74	121	70	149	15	1	0	164	213	96	118	73	0	1	0	10	68	69	15	0	1	0	0	1	0	0	0	2	0	
0	0	1	0	0	1	0	0	1	0	23	17	0	37	66	0	3	0	173	98	0	160	149	0	0	41	212	0	58	216	16	0	0	131	255	168	213	246	136	16	0	91	174	107	237	157	34	4	0	1	0	15	176	16	0	1	0	2	3	6	13	3	2	0	
0	0	0	0	0	0	0	0	0	0	8	66	69	24	0	1	1	0	13	93	200	103	0	4	0	0	0	0	185	42	0	2	0	3	0	89	169	0	2	0	1	0	0	193	63	0	2	0	4	0	108	160	0	3	0	0	2	0	63	35	0	1	0	0	
0	0	1	0	0	0	0	0	0	1	0	77	140	132	37	0	3	0	73	216	134	154	43	0	3	0	192	214	56	0	1	0	2	0	82	121	178	127	0	3	0	9	56	0	107	194	0	2	0	9	205	240	217	58	0	2	1	0	15	35	8	0	0	0	
0	0	0	0	0	0	0	0	0	0	7	9	22	14	0	0	0	8	157	179	202	193	0	0	0	0	16	1	119	154	0	4	0	0	2	0	185	71	0	3	0	2	0	68	184	0	1	0	0	3	0	180	107	0	3	0	0	0	0	129	33	0	1	0	
0	1	0	25	67	0	1	0	0	2	0	169	167	0	3	0	3	0	59	235	31	0	2	0	4	0	172	122	66	100	0	2	3	0	173	97	214	255	34	0	3	0	70	246	249	213	28	0	0	1	0	56	51	12	0	0	0	0	2	0	0	1	1	0	
0	0	0	1	0	0	0	0	0	0	0	2	61	28	0	1	0	1	0	65	68	19	0	1	1	0	37	94	73	35	0	1	1	0	33	104	124	42	0	2	0	0	2	0	80	17	0	1	0	0	1	2	78	4	0	0	0	0	0	0	25	4	0	0	
0	2	4	3	0	0	1	0	0	0	0	0	1	11	2	0	0	28	100	174	219	241	74	0	6	213	255	208	128	245	82	0	0	81	66	0	48	215	12	0	0	0	4	0	133	199	0	2	0	3	2	0	223	117	0	4	0	0	0	1	166	54	0	2	
0	0	0	1	1	0	0	0	0	0	4	14	0	0	0	0	2	0	47	126	32	0	3	1	0	0	0	17	77	0	2	0	2	0	96	131	114	39	44	31	1	0	37	91	50	55	53	38	0	0	0	0	0	0	0	0	0	0	1	3	2	2	2	2	
0	0	0	0	0	0	0	0	0	1	0	71	145	45	0	2	3	0	87	208	143	217	6	0	1	0	29	134	162	171	0	2	2	0	40	234	242	28	0	2	4	0	159	136	88	60	0	2	3	0	74	193	187	29	0	2	0	0	0	38	31	0	1	0	
0	0	1	0	0	0	0	0	0	0	8	52	21	3	0	0	2	0	35	133	174	62	0	2	3	0	100	28	91	50	0	2	2	0	104	114	175	91	5	0	0	0	0	87	147	24	5	0	0	3	0	94	68	0	2	0	0	0	0	18	6	0	0	0	
0	0	2	0	0	2	0	0	0	0	0	13	9	0	0	0	3	0	103	212	179	92	0	3	0	0	183	68	79	189	0	2	2	0	75	169	194	159	0	3	0	0	2	0	78	127	0	4	0	0	6	0	122	113	0	4	0	0	2	0	77	68	0	2	
0	0	0	0	0	4	0	0	0	1	0	31	129	169	94	0	2	0	56	177	14	112	164	0	2	0	40	153	96	159	11	0	0	7	87	216	190	0	0	1	0	85	147	0	183	74	0	3	0	16	127	140	131	24	0	1	0	0	1	8	1	0	0	0	
0	0	3	0	14	19	0	1	0	2	0	59	237	176	0	1	2	0	112	213	89	187	44	0	0	33	241	54	0	137	99	0	0	133	146	0	0	143	151	0	0	128	184	81	106	237	107	0	0	12	132	159	157	90	1	0	0	0	0	0	0	0	1	0	
0	2	3	0	3	2	0	0	0	0	0	0	0	0	0	0	0	37	138	132	130	33	0	2	0	42	53	0	61	159	0	1	0	0	1	0	24	135	0	1	0	1	5	0	90	82	0	3	0	0	0	0	136	23	0	1	0	1	0	29	116	0	2	0	
0	0	0	1	0	0	0	0	0	1	0	10	194	71	0	3	0	3	0	71	255	64	0	3	0	4	0	161	230	0	0	1	0	0	0	209	163	0	2	0	3	0	49	255	97	0	4	0	2	0	32	212	75	0	3	0	0	0	0	0	0	0	0	0	
0	0	0	0	2	0	0	0	0	0	0	1	2	146	50	0	0	0	4	0	135	168	0	1	0	3	0	67	216	11	0	1	1	0	21	217	76	0	3	0	3	0	167	148	0	4	0	0	0	3	165	34	0	1	0	0	0	0	0	1	0	0	0	0	
0	0	0	0	1	0	0	0	1	0	49	78	3	0	1	0	3	0	106	255	165	0	2	1	0	3	0	88	228	5	0	1	0	6	129	247	205	111	184	58	0	40	249	231	192	125	70	14	0	0	24	9	0	0	0	0	0	0	0	0	1	4	3	0	
0	0	0	0	0	0	0	0	0	1	0	89	123	7	0	1	2	0	49	158	189	31	0	1	0	1	0	100	242	106	0	1	0	0	0	121	90	191	7	0	1	0	19	12	121	136	0	4	3	0	60	230	163	9	0	1	0	0	3	39	9	0	0	0	
0	1	2	0	0	1	0	0	0	0	5	60	70	7	0	0	0	29	209	234	255	138	0	3	0	41	166	150	255	169	0	3	4	0	107	255	215	225	47	0	0	0	11	27	119	255	76	0	1	0	11	186	230	98	2	0	1	0	10	104	20	0	1	0	
0	0	0	0	0	0	0	0	0	1	0	20	85	120	54	0	0	4	0	111	146	44	18	0	0	4	0	115	122	0	1	0	0	1	0	16	133	78	0	3	0	5	15	0	82	67	0	3	0	9	132	183	135	0	0	0	0	0	9	48	10	0	0	0	
1	4	0	0	0	0	0	0	0	0	3	0	21	98	1	0	19	109	9	0	68	250	22	0	20	218	92	62	195	255	71	0	0	88	252	245	255	166	3	0	1	1	14	78	251	37	0	2	0	4	0	42	188	18	0	1	0	0	2	1	4	2	0	0	
0	0	0	6	68	3	0	0	0	2	0	74	93	0	2	0	0	2	0	112	27	0	1	0	0	0	11	103	7	3	0	0	1	0	31	126	116	73	0	3	1	0	10	181	174	58	0	3	0	1	0	44	63	0	0	0	0	0	0	0	0	1	0	0	
0	0	1	3	3	0	0	0	0	0	0	1	0	27	60	0	0	0	8	70	155	249	168	3	4	0	105	217	136	68	0	1	3	0	96	144	0	3	1	0	0	6	0	144	54	0	2	0	0	19	170	187	28	0	1	0	0	0	94	64	0	2	0	0	
0	0	1	0	0	0	2	0	0	1	0	16	134	112	8	0	3	0	69	217	93	136	128	0	0	0	195	101	0	48	187	0	0	74	165	0	0	79	148	0	0	92	157	0	9	185	63	0	0	17	150	115	174	91	0	2	0	0	8	62	33	0	2	0	
0	0	0	9	30	0	0	0	0	3	0	99	208	0	1	0	1	0	0	210	118	0	3	0	3	0	77	255	200	120	0	1	4	0	120	255	253	230	13	0	4	0	107	255	255	133	0	2	1	0	8	114	75	0	0	0	0	0	0	0	0	2	0	0	
0	0	0	2	2	0	0	0	0	0	0	124	134	0	1	0	0	2	0	127	192	0	1	0	0	1	0	11	127	76	0	3	0	8	9	0	92	100	0	4	0	37	94	0	161	34	0	1	0	0	105	165	90	0	2	0	0	0	2	7	0	1	0	0	
0	0	4	4	3	3	1	0	0	0	0	0	0	0	0	0	0	5	77	164	189	182	35	0	0	98	255	229	192	255	59	0	0	29	62	0	94	202	0	0	0	1	0	7	202	51	0	2	0	4	0	98	199	0	2	0	0	3	0	166	98	0	3	0	
0	0	1	0	0	0	0	0	0	0	2	63	107	108	28	0	2	0	117	110	14	134	127	0	0	3	16	85	147	88	7	0	0	0	2	0	60	72	0	2	0	68	7	0	26	139	0	2	0	117	129	95	140	72	0	3	0	0	47	66	25	0	1	0	
0	0	0	0	0	0	0	0	0	1	0	124	232	228	73	0	3	0	60	253	152	148	200	0	2	0	61	194	22	196	156	0	0	0	78	238	247	189	12	0	0	116	255	255	204	0	2	1	0	106	221	206	84	0	3	0	0	0	0	0	0	0	0	0	
0	1	0	20	47	3	0	0	0	5	127	182	225	40	0	2	0	17	75	10	173	36	0	1	0	2	0	69	153	0	4	0	0	0	0	160	43	0	2	0	3	0	121	215	124	183	76	0	0	0	121	143	115	80	27	0	0	0	0	0	0	0	0	0	
0	0	2	2	0	0	0	0	0	1	0	25	62	5	2	0	0	2	34	191	215	56	36	0	4	0	133	241	184	57	45	0	1	0	16	156	110	31	48	0	0	1	0	156	23	50	51	0	2	0	55	146	0	56	47	0	1	0	28	47	0	7	6	0	
0	1	3	0	0	0	2	0	0	1	0	3	3	18	2	0	0	6	117	88	56	107	92	0	0	117	97	0	12	0	119	46	0	116	47	0	4	0	129	46	0	25	124	54	29	102	90	0	1	0	25	69	76	51	0	1	0	1	1	0	0	0	2	0	
0	0	2	1	0	0	0	0	0	2	0	36	198	57	0	2	2	0	38	221	255	139	0	4	2	0	186	179	11	162	11	0	0	40	220	18	0	180	37	0	0	23	202	107	159	214	13	0	2	0	53	187	197	53	0	2	0	1	0	0	0	1	1	0	
0	0	1	1	0	1	0	0	0	0	0	4	20	0	0	0	1	0	21	157	216	82	0	3	3	0	69	112	149	111	0	4	3	0	100	145	129	91	0	4	0	0	6	0	74	67	0	3	0	0	2	0	118	37	0	1	0	0	0	5	88	3	0	0	
0	0	0	0	1	0	0	0	0	0	1	0	96	25	0	1	0	0	0	0	214	95	0	4	0	2	0	37	230	41	0	2	0	4	0	105	226	0	0	1	0	3	0	177	153	0	3	0	0	1	0	190	71	0	3	0	0	1	0	22	7	0	0	0	
0	0	0	1	2	0	0	0	1	0	7	124	155	6	0	1	2	0	48	137	173	24	0	1	0	3	0	88	141	0	4	0	1	0	19	181	21	0	1	0	3	0	135	211	138	38	22	0	0	0	24	2	103	172	72	0	0	0	0	0	0	0	0	0	
0	0	0	0	1	0	0	0	1	0	58	61	5	0	0	0	2	0	108	205	132	0	5	2	0	0	4	30	189	40	0	2	0	0	177	255	222	139	105	61	0	9	169	110	5	70	85	19	0	0	0	0	0	0	0	0	0	0	3	4	1	3	3	1	
0	0	1	1	0	1	0	0	0	1	0	21	86	22	0	1	1	0	22	144	109	103	0	2	3	0	125	50	20	120	0	2	3	0	127	80	161	87	0	3	1	0	18	52	152	39	0	2	0	0	3	0	167	69	0	2	0	0	2	0	66	30	0	1	
0	0	0	0	0	0	0	0	2	0	77	157	142	85	0	0	2	0	112	128	176	247	17	0	1	0	19	196	245	209	6	0	0	0	2	65	16	149	71	0	0	110	60	0	84	220	47	0	0	99	226	226	225	54	0	2	1	0	32	54	11	0	1	0	
0	0	2	2	0	1	0	0	0	0	0	7	26	2	0	0	2	0	57	174	197	140	0	2	0	1	181	37	31	166	0	0	1	0	145	149	185	133	0	4	0	0	10	32	106	91	0	3	0	0	3	0	76	104	0	4	0	0	1	0	15	46	0	1	
0	0	1	1	0	1	0	0	0	0	1	3	0	76	91	0	2	0	69	71	0	158	52	0	0	0	192	84	78	213	7	0	0	20	213	178	220	133	0	0	0	0	12	7	180	45	0	2	0	1	0	17	142	3	0	0	0	0	1	1	0	1	0	0	
0	0	0	16	3	0	0	0	2	0	66	189	5	0	1	0	4	0	143	115	0	13	0	0	1	0	146	11	68	155	19	0	1	0	140	16	73	150	48	0	2	0	59	131	85	157	0	0	0	1	0	41	125	29	0	1	0	0	2	1	0	1	0	0	
0	0	1	0	0	0	0	0	0	0	5	150	207	235	68	0	3	0	112	185	63	72	24	0	0	35	247	181	143	115	6	0	0	28	126	95	25	188	70	0	0	38	52	26	121	214	21	0	0	93	227	204	176	46	0	2	0	0	0	0	0	0	1	0	
0	2	3	1	0	2	1	0	0	0	0	0	0	0	0	0	0	57	87	87	89	82	27	0	5	82	23	2	0	13	107	4	0	6	41	63	109	138	96	0	0	56	127	83	103	42	0	1	0	0	24	23	0	0	0	0	0	0	0	0	2	2	0	0	
0	0	0	2	0	31	6	0	0	0	3	0	101	209	9	0	0	3	0	109	246	50	0	2	2	0	41	231	53	0	2	0	4	0	143	142	28	27	0	1	4	0	117	255	255	64	0	3	1	0	10	125	128	7	0	1	0	0	0	0	0	0	0	0	
0	0	0	0	18	39	0	1	0	0	2	0	107	50	0	2	0	2	0	45	115	0	2	0	0	3	0	148	120	31	0	1	2	0	42	116	59	141	0	3	2	0	53	146	113	32	0	1	0	0	0	66	31	0	1	0	0	0	0	0	1	1	0	0	
0	1	3	0	0	1	0	0	0	0	0	1	13	1	0	0	0	26	175	200	227	193	15	0	0	15	90	37	118	202	0	0	0	1	0	1	191	59	0	2	0	4	0	125	167	0	3	0	1	0	26	210	35	0	1	0	2	0	59	113	0	3	0	0	
0	1	0	67	30	0	1	0	2	0	43	169	11	0	3	0	4	0	138	109	0	8	0	0	3	0	147	58	106	165	84	0	4	0	125	162	130	30	147	0	2	0	38	228	207	141	45	0	0	1	0	29	84	28	0	1	0	0	1	1	0	1	2	0	
0	0	0	1	0	0	0	0	0	1	0	6	107	142	34	0	0	1	0	155	172	212	129	0	0	0	4	188	90	178	36	0	1	0	18	227	216	50	0	2	1	0	162	151	141	0	4	0	0	8	215	219	69	0	2	0	1	0	34	42	0	0	0	0	
0	0	0	44	32	0	1	0	3	0	88	161	163	54	0	2	1	0	65	0	85	110	0	4	0	1	4	0	127	50	0	2	0	0	0	82	173	1	0	1	0	20	224	226	126	170	79	0	0	23	133	26	0	40	75	0	0	0	0	1	3	0	0	0	
0	0	0	2	0	0	0	0	0	0	0	1	23	7	0	0	0	1	0	121	215	156	0	3	3	0	71	206	138	153	0	4	1	0	12	82	209	43	0	2	0	3	0	94	147	0	3	0	1	0	20	202	30	0	1	0	1	0	37	104	0	2	0	0	
0	0	0	6	48	7	0	0	0	2	0	79	132	99	0	3	0	0	3	10	13	122	0	1	0	18	114	66	45	116	0	3	0	98	59	67	209	55	0	3	0	38	118	96	101	148	18	0	0	0	22	22	0	77	56	0	0	1	1	0	3	1	0	0	
0	0	1	0	0	0	0	0	0	3	0	121	233	113	0	3	2	0	47	244	95	180	25	0	0	0	205	132	0	170	81	0	0	66	222	8	0	196	104	0	0	95	222	95	197	207	25	0	0	12	170	212	112	6	0	1	0	0	0	0	0	1	1	0	
0	0	1	0	28	40	0	1	0	1	0	24	147	75	0	2	0	0	0	133	41	0	2	0	3	0	78	105	0	3	0	0	3	0	99	65	78	37	0	1	3	0	88	119	70	143	27	0	0	0	5	72	87	57	6	0	0	0	0	0	0	0	0	0	
0	0	3	2	0	0	0	0	0	0	0	0	34	36	0	1	2	0	80	182	238	131	0	4	2	0	67	72	159	82	0	3	0	1	0	10	172	17	0	1	0	2	0	70	159	0	3	0	0	4	0	142	113	0	3	0	0	2	0	65	37	0	1	0	
0	0	0	9	5	0	0	0	0	0	89	126	112	60	0	1	0	4	29	4	0	111	24	0	0	0	1	0	58	106	3	0	0	0	1	74	76	3	0	0	3	0	84	81	42	85	13	0	3	0	116	139	97	115	47	0	0	0	0	2	0	0	0	0	
0	0	1	1	0	1	0	0	0	1	0	54	158	88	0	2	2	0	49	220	128	179	15	0	3	0	72	116	56	182	0	0	0	1	0	181	213	25	0	2	2	0	37	253	118	0	4	0	4	0	90	255	80	0	3	0	0	0	2	27	1	0	0	0	
0	0	0	0	18	8	0	0	0	0	1	0	130	21	0	1	0	2	0	48	101	0	3	0	0	3	0	144	121	0	1	0	1	0	20	140	126	90	0	3	1	0	29	130	110	102	0	4	0	1	0	89	105	0	0	0	0	0	0	0	0	0	0	0	
0	0	2	1	0	1	0	0	0	0	0	11	33	3	0	0	2	0	62	155	139	56	0	2	3	0	162	80	110	145	0	3	1	0	49	103	185	53	0	2	0	1	0	14	153	5	0	0	0	2	0	83	131	0	3	0	0	3	0	83	74	0	2	0	
0	0	0	2	7	0	0	0	0	2	0	55	112	14	0	1	0	0	6	95	61	55	0	2	2	0	46	87	28	83	0	3	3	0	78	48	32	81	0	3	3	0	94	60	68	52	0	2	1	0	12	124	108	3	0	0	0	0	0	6	4	0	0	0	
0	0	3	1	0	0	0	0	0	0	0	6	19	10	0	0	2	0	77	190	230	218	9	0	0	8	219	205	250	167	0	2	1	0	86	156	228	63	0	3	0	2	0	41	175	4	0	1	0	3	0	153	113	0	3	0	0	1	0	145	53	0	2	0	
0	0	0	0	4	26	0	0	0	0	2	0	58	80	0	2	0	0	0	6	91	6	0	0	0	3	0	79	137	19	0	1	1	0	12	110	103	45	0	2	2	0	56	124	73	1	0	0	1	0	31	95	9	0	1	0	0	0	0	0	1	0	0	0	
0	0	1	1	0	0	0	0	0	1	0	5	175	116	0	3	1	0	2	196	226	217	13	0	2	0	158	202	6	223	73	0	0	43	220	17	5	224	52	0	0	84	191	15	147	235	8	0	0	17	185	210	209	67	0	2	0	0	0	0	0	0	0	0	
0	0	0	18	16	0	1	0	0	1	0	25	109	0	0	0	1	0	14	40	131	9	0	0	2	0	45	146	163	48	0	2	0	0	1	0	19	141	0	0	0	11	11	25	116	99	0	2	0	33	71	102	62	0	0	0	0	0	0	0	0	2	0	0	
0	0	0	1	1	0	0	0	0	0	2	0	82	88	0	2	0	1	0	15	234	184	0	3	0	3	0	107	255	89	0	3	1	0	6	228	159	0	1	0	2	0	43	255	66	0	3	0	3	0	61	206	6	0	1	0	0	0	6	27	0	0	0	0	
0	0	0	0	0	0	0	0	0	0	0	10	128	8	0	0	0	2	0	48	190	0	0	0	0	2	0	66	153	0	3	0	0	3	0	96	154	0	4	0	0	4	0	125	129	0	4	0	0	3	0	100	91	0	3	0	0	0	0	0	0	0	0	0	
0	0	0	0	0	0	0	0	0	0	17	8	0	121	13	0	1	0	155	26	29	175	0	1	0	49	182	0	96	184	3	0	0	60	218	179	217	191	29	0	0	0	22	72	197	10	0	1	0	2	0	47	129	0	3	0	0	0	1	2	0	0	0	0	
0	1	4	2	2	3	0	0	0	0	0	0	0	0	0	0	0	12	139	152	152	85	0	2	0	137	146	47	193	208	0	1	0	94	201	145	151	170	0	2	0	0	18	0	61	128	0	4	0	1	1	0	15	150	2	0	0	0	1	2	0	122	24	0	
0	0	0	1	0	9	10	0	0	1	0	24	132	156	72	0	0	2	0	157	117	0	0	1	3	0	72	218	112	116	0	0	1	0	22	16	2	156	12	0	2	44	2	15	154	97	0	3	0	97	150	147	81	0	1	0	0	0	10	4	0	2	0	0	
0	0	1	0	4	6	0	0	0	1	0	73	105	8	0	1	2	0	48	158	46	89	3	0	2	0	28	217	161	43	0	0	2	0	66	175	150	67	0	2	4	0	143	57	88	166	0	3	2	0	37	152	135	20	0	1	0	0	0	1	0	0	0	0	
0	0	0	0	1	0	0	0	0	0	1	0	37	179	18	0	0	0	3	0	166	184	0	1	0	3	0	81	234	23	0	2	0	2	0	187	123	0	4	0	3	0	84	222	6	0	1	0	3	0	147	124	0	3	0	0	0	0	1	0	0	0	0	0	
0	0	2	0	3	2	0	0	0	0	3	14	0	0	1	1	1	0	124	197	106	48	8	0	0	80	119	12	78	93	137	18	0	133	52	0	2	50	153	18	0	42	148	122	141	113	22	0	0	0	7	17	6	0	1	1	0	2	1	0	1	3	1	0	
0	0	0	2	0	41	9	0	0	0	2	0	112	196	5	0	0	3	0	122	226	22	0	2	2	0	49	221	23	0	2	0	4	0	117	198	96	20	0	1	4	0	93	255	252	135	0	4	1	0	23	139	130	39	0	1	0	0	0	0	0	0	0	0	
1	0	18	19	0	1	0	0	3	0	159	137	0	7	1	0	1	0	179	49	0	1	0	0	2	0	186	50	84	139	6	0	4	0	113	210	150	166	89	0	1	0	18	245	142	158	69	0	0	0	3	96	119	92	0	0	0	0	0	0	0	0	1	0	
0	0	0	0	0	2	0	0	0	0	4	22	18	0	0	0	3	0	85	194	196	149	0	0	0	0	9	0	109	205	0	1	0	1	0	10	215	63	0	3	0	3	0	116	167	0	3	0	1	0	0	209	58	0	2	0	1	0	10	131	12	0	1	0	
0	0	0	0	0	0	0	0	0	2	0	136	131	0	2	0	1	0	13	154	187	63	0	3	0	0	2	126	220	63	0	2	0	2	0	93	236	45	0	2	2	0	41	194	213	180	18	0	1	0	25	188	77	68	53	0	0	0	0	1	0	0	0	0	
0	0	0	3	3	0	0	0	1	0	16	178	170	47	0	2	0	0	2	11	162	138	0	4	2	0	55	211	226	93	0	2	1	0	39	62	31	190	9	0	0	9	30	50	221	114	0	3	0	13	176	207	88	0	1	0	0	0	0	0	0	2	0	0	
0	0	0	0	0	0	0	0	0	0	22	3	3	52	0	0	1	0	131	11	17	139	0	1	0	8	136	0	90	130	0	4	0	3	136	139	207	76	0	3	0	0	15	10	100	60	0	2	0	0	3	0	127	50	0	2	0	0	1	0	23	6	0	0	
0	0	0	0	42	39	0	1	0	1	0	11	193	183	93	0	0	1	0	5	4	35	197	1	0	7	32	5	0	151	138	0	0	151	162	154	184	170	2	0	0	203	174	208	177	96	50	0	0	62	106	8	0	9	10	0	0	0	0	1	4	1	0	0	
0	3	4	1	0	0	0	0	0	0	0	6	22	37	27	0	0	89	165	167	207	255	151	0	0	107	98	141	240	171	16	0	3	0	68	204	194	116	0	2	0	33	11	0	113	216	2	0	0	140	184	195	170	28	0	1	0	20	90	52	0	1	0	0	
0	0	3	3	0	1	2	0	0	0	0	0	24	17	0	0	2	0	56	154	176	162	64	0	0	22	202	64	37	38	22	0	0	14	138	124	204	96	0	4	0	0	5	0	158	46	0	2	0	2	0	32	177	1	0	0	0	1	0	39	115	0	2	0	
0	1	0	0	0	0	1	0	2	0	66	189	181	45	0	2	0	28	234	180	156	243	34	0	0	109	161	0	0	174	135	0	0	145	174	0	0	114	160	0	0	38	238	134	92	235	68	0	3	0	72	218	215	99	0	1	0	1	1	0	0	0	1	0	
0	0	1	0	0	0	2	0	0	2	0	103	211	84	0	1	3	0	67	255	202	232	86	0	0	0	211	145	0	196	157	0	0	31	223	16	38	254	63	0	0	60	200	76	234	186	0	1	0	0	147	237	161	17	0	1	0	0	0	0	0	2	1	0	
0	0	1	0	1	0	0	0	0	0	6	16	14	24	0	1	2	0	60	69	98	80	0	3	4	0	106	92	155	15	0	1	1	0	19	117	167	0	2	0	0	1	0	32	174	0	0	0	0	0	0	24	116	0	2	0	0	0	0	12	46	0	1	0	
0	0	0	0	0	0	0	0	0	2	0	80	235	175	1	0	0	2	0	210	154	58	7	0	1	0	1	198	211	49	0	2	0	41	34	0	43	208	24	0	0	86	203	72	154	228	26	0	0	0	160	228	148	40	0	2	0	0	0	0	0	1	1	0	
0	0	2	2	0	0	0	0	0	2	1	1	77	155	61	0	2	0	52	194	198	132	76	0	0	47	199	73	101	128	24	0	0	155	47	0	0	126	199	0	0	145	110	99	144	196	96	0	0	16	131	140	67	14	0	1	0	1	0	0	0	1	2	0	
0	0	0	0	6	22	0	0	0	0	3	0	85	202	0	0	0	1	0	19	229	83	0	2	0	1	0	171	142	0	3	0	2	0	30	254	173	4	0	1	3	0	74	255	255	72	0	3	1	0	13	100	126	13	0	1	0	0	0	0	0	0	0	0	
0	0	1	0	0	0	0	0	0	0	9	32	26	74	0	1	3	0	113	94	35	188	0	2	0	5	203	106	173	170	0	3	0	33	179	127	166	142	0	4	0	0	3	0	80	124	0	4	0	0	4	0	48	196	7	0	0	0	0	0	2	34	2	0	
0	1	4	2	0	1	0	0	0	0	0	0	2	7	0	0	0	22	156	201	218	209	22	0	0	17	140	99	138	210	4	0	0	0	1	0	181	93	0	3	0	4	0	123	185	0	2	0	2	0	66	207	23	0	1	0	0	0	145	62	0	3	0	0	
0	0	0	0	1	2	0	0	1	0	26	54	0	2	0	0	3	0	78	85	0	66	0	1	3	0	110	30	62	129	0	4	3	0	128	92	181	79	0	3	1	0	24	85	112	48	0	2	0	0	3	0	93	43	0	2	0	0	1	2	13	6	0	0	
0	0	0	2	56	33	0	1	0	1	0	116	103	136	36	0	1	3	0	41	123	168	5	0	0	2	0	45	122	124	31	0	36	66	0	0	34	203	41	0	29	200	124	128	248	111	0	3	0	11	129	153	41	0	1	0	1	1	0	0	0	3	0	0	
0	0	0	2	2	0	0	0	0	1	0	13	113	4	0	0	0	0	0	13	131	0	0	0	0	1	0	39	121	0	3	0	0	3	0	75	103	0	3	0	0	3	0	94	93	0	3	0	0	3	0	80	68	0	2	0	0	0	0	0	0	0	0	0	
0	0	0	2	0	1	0	0	0	0	0	1	19	2	0	0	0	1	0	94	176	92	0	3	1	0	23	196	196	99	0	3	0	0	0	57	187	20	0	1	0	1	0	36	132	0	2	0	0	4	0	130	100	0	3	0	0	2	0	96	40	0	1	0	
0	0	0	0	0	0	0	0	0	0	6	88	63	14	1	0	0	0	0	35	120	189	45	0	0	3	0	59	145	39	1	0	0	2	7	0	119	55	0	2	0	39	5	59	101	0	1	0	9	112	95	79	5	0	0	0	0	24	32	0	2	0	0	0	
0	0	1	1	0	1	0	0	0	1	0	34	61	0	1	0	1	0	10	193	206	49	0	2	4	0	104	132	142	105	0	4	4	0	101	213	209	18	0	1	0	1	0	61	155	0	2	0	0	3	0	76	132	0	4	0	0	1	0	32	44	0	1	0	
0	1	2	0	2	2	0	0	1	0	13	118	11	0	1	0	0	6	183	143	59	63	0	2	0	87	255	184	241	170	0	4	0	15	76	63	139	189	0	3	0	0	4	0	127	196	0	3	0	1	5	0	190	120	0	3	0	0	0	0	34	11	0	0	
0	0	0	3	8	0	0	0	0	0	0	139	147	34	0	2	0	0	0	55	181	98	0	4	0	4	0	113	180	111	0	1	0	2	1	0	26	153	0	1	0	97	94	26	190	116	0	3	0	27	152	183	91	0	1	0	0	0	0	0	0	2	0	0	
0	0	0	0	0	0	0	0	0	2	0	69	42	0	1	0	0	3	0	107	143	0	4	0	0	3	0	73	149	0	4	0	0	3	0	88	154	0	4	0	0	4	0	117	115	0	4	0	0	3	0	124	56	0	2	0	0	0	0	18	4	0	0	0	
0	0	0	0	0	0	0	0	0	1	0	48	127	122	12	0	2	0	39	216	201	194	6	0	1	0	24	164	187	65	0	3	0	3	7	180	231	9	0	1	4	0	152	185	119	62	0	2	4	0	130	230	164	23	0	1	1	0	12	53	11	0	0	0	
0	0	1	2	0	0	0	0	0	0	0	0	9	11	0	0	3	0	113	183	199	174	0	2	1	0	27	61	104	153	0	3	0	0	1	132	243	172	11	0	0	3	0	85	152	34	18	0	2	0	28	203	33	0	2	0	2	0	50	95	0	5	1	0	
0	0	0	0	0	0	0	0	0	0	0	12	122	4	0	0	0	1	0	24	203	12	0	1	0	2	0	44	183	0	0	0	0	3	0	88	168	0	3	0	0	4	0	139	142	0	4	0	0	3	0	120	92	0	3	0	0	0	0	0	2	0	0	0	
0	1	2	3	3	2	0	0	1	4	0	0	0	0	0	0	0	97	91	77	83	56	0	1	0	117	58	27	44	122	0	2	0	24	6	22	106	154	58	0	0	1	0	14	104	91	18	1	0	1	3	0	59	84	0	3	0	0	1	0	34	56	0	2	
0	0	0	0	2	0	0	0	0	75	170	132	14	0	1	0	0	72	160	180	142	0	2	0	0	2	0	40	219	16	0	1	1	0	19	198	131	0	9	0	3	0	131	255	208	220	187	14	1	0	22	97	84	55	36	2	0	0	0	0	0	0	0	0	
0	0	1	0	0	1	0	0	0	0	0	119	89	5	0	1	3	0	67	230	255	156	0	3	4	0	160	152	154	150	0	4	3	0	93	240	249	165	0	0	0	3	0	128	249	224	13	0	0	4	0	115	255	83	0	2	0	1	0	20	38	0	0	0	
0	0	2	2	0	2	0	0	0	0	0	9	20	0	0	0	1	0	24	162	188	82	0	3	3	0	165	134	179	141	0	4	2	0	64	126	208	47	0	2	0	0	0	6	156	18	0	1	0	2	0	65	169	0	2	0	0	2	0	58	99	0	3	0	
0	0	1	4	1	0	0	0	0	1	2	0	16	24	0	0	1	0	6	107	179	110	0	2	0	25	202	195	152	131	0	2	0	72	228	114	93	190	0	1	0	0	3	0	70	168	0	3	0	1	4	0	120	134	0	4	0	0	3	0	78	55	0	2	
0	0	1	0	57	15	0	1	0	0	0	7	192	32	0	1	0	3	0	93	172	0	2	0	0	2	0	180	79	0	3	0	3	0	57	229	225	144	0	2	3	0	54	254	255	149	0	2	0	0	0	60	52	0	0	0	0	0	0	0	0	1	0	0	
0	0	6	46	30	0	1	0	0	0	111	135	175	91	0	3	0	7	27	0	19	179	21	0	0	0	4	7	0	137	65	0	0	31	160	132	136	218	105	0	0	93	173	106	216	108	0	1	0	13	120	122	32	0	1	0	0	0	0	0	0	3	0	0	
0	1	4	1	0	1	0	0	0	0	0	4	17	3	0	0	0	40	156	218	255	128	0	3	0	40	198	103	135	201	0	2	0	0	2	0	187	125	0	4	0	3	0	69	236	21	0	1	0	2	0	195	160	0	2	0	0	2	0	124	55	0	2	0	
0	1	0	29	36	0	1	0	1	0	9	100	197	26	0	1	0	0	6	0	172	62	0	3	0	1	0	0	175	33	0	1	1	0	22	139	229	88	39	8	1	0	183	230	97	108	118	38	0	0	102	53	0	1	0	0	0	0	0	0	4	4	3	1	
0	0	1	1	0	0	0	0	0	2	0	95	228	165	0	2	1	0	9	218	162	74	0	0	3	0	65	255	170	22	0	1	0	0	9	50	133	180	0	2	0	19	174	122	199	189	0	2	0	10	139	223	165	21	0	1	0	0	0	0	0	0	0	0	
0	0	1	4	1	0	0	0	0	0	2	0	4	54	53	0	0	0	2	120	207	206	233	33	2	0	158	230	36	42	215	21	0	71	223	12	25	214	71	0	0	159	169	79	252	120	0	3	0	61	114	121	75	0	2	0	0	0	0	0	0	2	0	0	
0	0	0	7	59	0	0	0	0	3	0	93	196	0	1	0	1	0	18	221	56	0	2	0	4	0	113	141	0	3	0	0	4	0	112	105	182	108	0	3	3	0	68	238	255	210	10	1	0	1	0	39	57	21	0	0	0	0	2	1	0	0	0	0	
0	0	2	3	1	0	0	0	4	9	0	0	6	5	0	0	10	127	129	112	202	54	0	2	0	4	37	36	178	43	0	2	0	1	0	0	167	31	0	1	0	1	0	18	187	16	0	1	0	1	0	32	201	7	0	1	0	1	0	22	143	5	0	1	
0	0	0	0	0	0	0	0	1	0	15	104	143	52	0	2	2	0	52	173	139	212	6	0	1	0	10	102	192	144	0	1	1	0	14	186	182	101	0	2	1	0	37	4	20	78	0	0	4	0	122	213	214	118	0	2	0	0	6	57	44	1	0	0	
0	0	1	2	0	1	0	0	0	0	0	3	16	1	0	0	1	0	16	154	184	55	0	2	3	0	103	50	52	143	0	3	3	0	129	134	173	114	0	4	1	0	22	108	86	81	0	3	0	0	2	0	63	68	0	3	0	0	3	0	54	40	0	2	
0	1	1	0	0	0	0	0	2	0	42	130	156	124	0	0	0	13	200	173	132	73	0	1	0	59	255	181	199	138	8	1	0	23	112	61	23	147	117	0	1	0	23	33	0	130	60	0	2	0	62	222	212	164	0	1	0	1	0	31	51	2	1	0	
0	0	1	0	1	1	0	0	0	0	0	57	17	0	1	0	3	0	63	192	119	3	0	0	4	0	120	78	146	70	0	3	2	0	53	158	226	74	0	3	0	1	0	48	116	107	0	4	0	0	1	0	10	134	2	0	0	0	0	3	0	47	7	0	
0	0	0	0	0	0	1	0	0	2	0	122	224	157	6	0	2	0	27	240	255	255	113	0	0	0	162	255	205	246	213	0	0	105	255	81	49	248	173	0	0	139	255	143	230	226	45	0	0	82	191	179	126	26	0	1	0	0	0	0	0	1	1	0	
0	0	0	3	4	0	0	0	1	0	20	140	169	44	0	2	2	0	59	176	186	111	0	4	0	2	0	176	255	37	0	2	2	0	63	108	112	115	0	2	4	0	130	125	5	197	12	0	2	0	31	173	180	86	0	1	0	0	0	1	4	0	0	0	
0	0	1	2	0	0	0	0	0	1	0	10	89	170	197	24	1	0	7	185	246	140	95	11	3	0	124	242	39	0	2	0	0	3	167	181	177	33	0	2	0	19	102	115	243	82	0	4	0	12	192	226	127	3	0	1	0	0	0	0	0	0	0	0	
0	0	0	0	0	0	0	0	1	0	10	100	135	44	0	2	4	0	124	137	86	101	0	3	1	0	21	127	189	20	0	1	0	2	0	115	155	107	0	1	2	0	59	126	0	172	32	0	2	0	49	132	143	110	0	1	0	0	0	38	38	0	0	0	
0	0	2	2	0	1	0	0	0	1	1	5	0	85	86	0	2	0	46	44	0	178	55	0	0	9	215	158	136	155	0	3	0	66	208	133	238	78	0	3	0	4	0	36	191	6	0	1	0	3	0	79	126	0	3	0	0	0	0	0	0	0	0	0	
0	0	2	2	2	1	0	0	0	0	0	0	0	0	0	0	1	0	41	119	127	24	0	1	0	13	192	123	132	83	0	3	0	6	35	0	94	46	0	2	0	0	2	0	132	34	0	1	0	0	3	0	124	29	0	1	0	0	0	0	85	7	0	0	
0	0	2	1	0	0	0	0	0	3	0	42	192	134	0	2	2	0	51	229	255	225	9	0	0	10	222	219	101	241	44	0	0	74	205	0	44	255	49	0	0	47	215	60	153	210	1	0	2	0	115	230	158	29	0	1	0	0	0	0	0	1	0	0	
0	0	0	3	3	1	0	0	0	0	0	0	0	0	8	20	0	0	8	76	91	98	99	56	4	0	103	156	15	10	1	0	0	3	15	103	39	0	2	2	0	20	77	65	125	0	3	0	1	0	51	121	45	0	2	0	0	0	0	0	0	0	0	0	
0	0	0	0	0	0	0	0	1	0	14	188	211	103	0	1	0	0	6	113	107	200	83	0	1	0	13	218	255	239	47	0	0	3	1	31	112	243	27	0	0	97	201	103	225	163	0	0	0	24	169	211	85	1	0	0	0	0	0	0	0	2	1	0	
0	0	0	9	7	0	0	0	1	0	121	164	169	68	0	2	0	9	127	0	94	160	0	3	0	0	2	0	97	149	0	4	2	0	64	167	232	200	40	0	3	0	151	177	206	130	79	0	3	0	111	193	38	0	2	0	0	0	0	0	1	4	2	0	
0	0	0	0	0	0	0	0	0	0	0	31	14	29	0	1	1	0	19	151	54	156	0	3	3	0	94	152	93	137	0	4	3	0	90	221	246	107	0	4	0	0	0	13	202	49	0	2	0	1	0	24	199	12	0	1	0	0	0	9	65	0	0	0	
0	0	0	0	0	1	0	0	1	0	36	150	119	1	0	0	0	31	186	82	138	104	0	3	0	48	170	22	93	182	0	1	1	0	43	198	162	151	105	0	1	0	35	142	0	50	160	0	1	0	12	134	120	160	45	0	0	1	0	15	66	22	0	1	
0	0	1	0	1	2	0	0	0	1	0	54	49	0	1	0	3	0	111	194	154	81	0	2	3	0	152	45	99	141	0	4	0	0	1	0	181	55	0	2	0	2	0	56	175	0	2	0	0	4	0	116	132	0	4	0	0	2	0	50	48	0	1	0	
0	0	1	0	0	2	0	0	1	0	22	7	0	3	8	0	0	8	138	10	0	103	97	0	0	74	112	0	91	221	25	0	0	96	164	103	125	107	0	4	0	3	56	3	112	57	0	2	0	1	0	1	155	15	0	1	0	0	2	0	44	4	0	0	
0	0	0	0	0	0	0	0	0	0	3	0	108	74	0	3	0	0	2	0	171	51	0	2	0	1	0	26	173	6	0	0	0	3	0	103	178	0	3	0	0	3	0	185	107	0	3	0	0	0	0	155	37	0	1	0	0	0	0	0	1	0	0	0	
0	0	0	0	0	0	0	0	1	0	11	90	154	46	0	2	3	0	74	193	59	23	0	1	1	0	3	151	80	0	2	0	0	1	0	15	174	43	0	2	0	0	3	0	137	98	0	4	2	0	52	153	135	12	0	1	1	0	28	41	0	0	0	0	
0	0	0	0	1	1	0	0	1	0	36	28	0	139	107	0	3	0	175	89	0	226	52	0	0	28	242	85	82	205	0	0	0	66	255	229	239	241	60	0	0	33	136	5	180	161	10	0	0	0	3	0	137	99	0	4	0	1	4	2	0	2	1	0	
0	0	0	6	34	0	0	0	0	2	0	135	149	0	3	0	3	0	95	164	0	0	0	0	1	0	163	30	11	177	46	0	0	1	162	4	102	158	70	0	3	0	141	132	171	192	38	0	1	0	12	122	132	56	0	1	0	0	1	0	0	0	1	0	
0	0	0	40	16	0	1	0	0	2	0	123	181	5	0	1	0	1	0	70	243	45	0	2	4	0	121	255	210	150	5	0	1	0	38	30	0	186	69	0	1	0	152	136	191	182	14	0	2	0	49	169	121	3	0	1	0	0	0	0	0	2	1	0	
0	0	1	2	0	0	0	0	0	1	1	0	21	4	0	0	1	0	19	94	152	83	0	3	0	45	133	42	47	89	0	3	0	20	12	0	66	76	0	3	0	0	4	0	107	56	0	2	0	1	0	5	151	10	0	0	0	1	0	19	100	0	1	0	
0	2	2	0	0	1	1	0	0	0	3	9	15	7	0	0	0	60	210	246	255	200	16	0	0	85	239	144	153	255	59	0	0	0	9	0	133	253	31	0	0	3	0	42	252	104	0	3	1	0	9	217	216	3	0	1	1	0	22	189	57	0	2	0	
0	0	1	0	0	0	0	0	0	1	0	84	102	0	0	0	3	0	132	191	214	63	0	3	0	13	224	46	215	95	0	4	0	1	163	208	236	131	0	4	0	0	10	23	121	194	0	3	0	0	4	0	71	197	0	1	0	0	1	0	8	26	0	0	
0	0	2	0	56	26	0	1	0	2	0	42	191	18	0	1	0	2	0	190	113	0	4	0	2	0	48	223	44	6	0	0	3	0	69	240	247	136	0	4	1	0	1	204	255	111	0	4	0	1	0	28	62	4	0	0	0	0	0	0	0	1	0	0	
0	0	1	0	10	10	0	0	0	1	0	2	202	86	0	3	0	2	0	146	180	0	0	0	3	0	64	231	107	57	0	1	4	0	153	239	172	229	35	0	4	0	135	224	161	177	6	0	1	0	19	131	114	15	0	1	0	0	1	0	0	1	1	0	
0	0	0	0	2	0	0	0	0	25	167	71	0	2	0	0	0	14	108	198	70	0	6	1	0	3	0	104	177	0	3	0	1	0	105	244	138	118	167	30	0	6	212	226	172	151	147	42	0	0	5	4	0	0	0	0	0	0	0	0	2	4	4	1	
0	0	0	0	0	0	0	0	0	0	8	13	6	0	0	0	0	45	80	59	124	63	0	2	0	2	0	21	135	18	0	1	0	1	0	119	42	0	2	0	0	0	7	120	51	49	53	9	0	1	0	13	53	43	17	0	0	0	0	0	0	0	0	0	
0	0	0	0	0	0	0	0	0	1	0	8	184	57	0	2	0	2	0	25	255	108	0	4	0	3	0	74	255	53	0	3	0	3	0	165	208	0	1	0	1	0	8	242	166	0	3	0	1	0	6	180	79	0	3	0	0	0	0	0	1	0	0	0	
0	0	0	8	64	0	0	0	0	2	0	67	97	0	2	0	0	1	0	117	21	0	1	0	1	0	14	117	104	77	0	1	1	0	18	185	46	94	38	0	0	1	0	166	109	82	7	0	0	1	0	21	69	17	0	1	0	0	0	1	0	1	0	0	
0	0	0	1	0	0	0	0	0	0	1	1	29	148	161	0	0	1	0	157	227	205	92	0	3	0	64	255	55	0	2	0	1	0	13	130	196	41	0	2	0	24	69	77	237	95	0	4	0	33	208	206	110	1	0	0	0	0	0	0	0	0	0	0	
0	0	1	1	2	0	0	0	0	1	0	61	14	0	1	0	1	0	23	129	94	38	0	1	2	0	62	109	122	13	3	0	3	0	65	151	161	100	33	0	1	0	0	153	168	25	0	1	0	3	0	102	59	0	2	0	0	0	0	19	7	0	0	0	
0	0	1	0	0	0	0	0	0	0	3	63	140	234	73	0	3	0	66	255	213	109	24	0	4	0	146	255	216	63	0	2	0	0	8	15	54	184	4	0	0	137	167	98	182	209	3	0	0	83	214	226	186	59	0	2	0	0	0	0	0	0	0	0	
0	0	0	0	1	1	0	0	0	10	135	113	13	0	1	0	0	10	95	128	174	12	0	1	1	0	9	57	199	57	0	2	2	0	46	223	244	114	0	3	0	0	1	0	11	170	14	0	0	0	0	95	190	158	0	0	0	1	0	23	64	9	0	1	
0	1	3	0	0	0	1	0	0	1	1	5	70	151	16	0	0	3	134	255	248	255	137	0	0	104	255	136	22	92	217	0	0	223	133	0	0	129	212	0	0	144	255	219	219	230	71	0	0	2	56	113	81	26	0	1	0	2	0	0	0	0	2	0	
0	0	1	0	0	0	0	0	0	0	4	12	80	113	21	0	2	0	103	143	90	25	3	0	2	0	98	143	47	0	1	0	0	1	0	16	134	62	0	2	1	0	22	7	46	123	0	3	2	0	33	126	141	55	0	2	0	1	0	47	39	0	1	0	
0	0	1	0	0	0	0	0	0	0	0	134	236	167	7	0	3	0	124	255	128	94	16	0	0	3	212	255	186	60	0	2	0	0	10	14	50	190	45	0	0	4	133	114	84	205	77	0	0	1	157	231	220	135	5	0	0	0	0	0	0	0	0	0	
0	0	0	1	2	0	0	0	0	1	0	128	154	1	0	1	1	0	26	124	131	71	0	3	0	0	4	0	103	83	0	3	1	0	10	132	158	41	0	2	3	0	63	215	212	27	0	2	1	0	30	149	35	0	1	0	0	0	0	3	0	0	0	0	
0	0	4	2	0	0	1	0	0	2	0	14	184	182	12	0	0	3	87	196	255	255	99	0	0	103	255	234	206	255	158	0	0	169	224	14	0	207	149	0	0	128	255	205	181	255	117	0	0	1	97	177	215	124	11	0	0	1	0	0	0	0	0	0	
