500	64	10
0	0	0	39	48	7	0	0	1	0	25	184	138	130	0	1	0	0	10	7	18	159	0	0	0	0	4	0	122	100	0	3	0	1	0	89	119	0	5	3	1	0	156	205	75	113	100	9	0	9	138	102	57	35	7	0	0	0	0	0	0	0	0	0	
0	0	0	0	0	0	0	0	1	0	25	113	127	44	0	2	0	2	110	33	66	142	0	3	0	3	9	47	183	87	0	3	0	0	7	80	119	137	0	2	0	8	9	0	33	163	0	1	0	60	133	96	137	53	0	2	0	0	44	41	2	0	0	0	
0	0	1	2	0	0	0	0	0	0	0	0	4	44	1	0	2	0	48	62	37	138	0	3	4	0	106	142	109	146	0	4	2	0	75	152	198	130	0	2	0	0	0	4	168	26	0	1	0	2	0	65	157	0	3	0	0	1	0	31	48	0	1	0	
0	0	1	0	27	75	0	1	0	0	0	5	137	54	0	1	0	2	0	111	77	0	2	0	2	0	58	206	86	26	0	1	1	0	138	36	77	149	0	2	0	0	135	68	84	104	0	2	1	0	29	85	56	4	0	0	0	0	0	0	0	1	0	0	
0	0	2	0	32	11	0	0	0	1	0	101	191	37	0	2	3	0	90	155	0	1	0	0	1	0	154	64	134	149	21	0	0	9	182	170	53	91	119	0	3	0	171	196	30	152	87	0	2	0	48	145	138	79	0	1	0	0	1	0	0	0	1	0	
0	0	1	1	0	0	0	0	0	1	0	14	73	30	0	1	1	0	19	110	87	116	0	3	4	0	129	66	78	107	0	4	2	0	58	124	178	57	0	2	0	0	0	3	113	8	0	0	0	1	0	45	128	0	3	0	0	1	0	28	47	0	1	0	
0	0	0	2	0	2	0	0	0	0	1	0	83	35	0	1	0	3	0	79	255	132	0	1	1	0	2	201	130	150	31	0	3	0	86	132	19	148	0	1	4	0	126	85	131	62	0	2	3	0	81	217	97	0	2	0	0	0	5	36	2	1	0	0	
0	0	1	0	0	0	0	0	0	0	0	78	124	29	0	1	3	0	81	113	98	85	0	3	1	0	15	51	189	28	0	1	1	0	21	111	109	93	0	3	0	0	3	0	81	106	0	4	0	22	103	108	112	9	0	1	0	6	53	26	0	0	0	0	
0	0	0	2	1	0	0	0	1	0	12	143	92	47	0	1	3	0	115	61	87	100	0	3	3	0	94	169	172	81	1	0	3	0	80	119	0	74	73	0	0	0	149	13	11	99	37	0	2	0	97	127	114	36	0	1	0	0	2	14	3	0	1	0	
0	0	1	0	1	1	0	0	0	0	3	13	0	0	0	0	3	0	113	137	117	122	0	2	0	0	105	0	76	126	0	4	0	0	4	0	102	82	0	3	0	0	3	0	126	30	0	1	0	1	0	34	134	0	2	0	0	2	0	45	78	0	2	0	
0	1	0	20	69	20	0	1	0	2	0	43	119	169	6	0	0	0	4	0	92	154	0	2	0	2	0	94	164	4	4	1	3	0	86	140	0	62	113	0	0	29	199	96	147	129	23	0	0	24	132	98	33	0	1	0	0	0	0	0	0	3	1	0	
0	0	2	1	0	1	0	0	0	1	0	15	24	0	0	0	2	0	55	123	149	116	0	2	0	0	147	13	148	99	0	3	1	0	130	147	212	41	0	2	1	0	21	39	120	21	0	1	0	1	0	24	133	0	1	0	0	1	0	44	88	0	2	0	
0	0	0	0	0	0	0	0	1	0	42	117	115	20	0	1	0	16	116	40	68	116	0	2	0	16	119	3	45	80	0	2	1	0	49	113	204	56	0	3	1	0	18	109	22	111	7	0	2	0	40	121	66	112	2	0	0	1	0	23	61	15	0	1	
0	0	1	0	0	0	0	0	0	0	15	17	2	2	0	0	0	0	134	138	153	90	0	3	0	36	126	0	103	108	0	4	0	13	35	0	116	65	0	2	0	0	0	1	139	16	0	1	0	2	0	48	122	0	3	0	0	3	0	78	58	0	2	0	
0	0	0	0	0	0	0	0	1	0	41	134	113	3	0	0	2	0	198	154	179	141	0	4	2	0	45	169	236	58	0	3	0	4	0	109	224	102	0	3	1	0	18	168	62	172	0	2	0	0	1	139	197	75	0	3	0	0	0	12	24	0	0	0	
0	0	0	1	0	0	0	0	0	1	0	19	163	19	0	1	0	4	0	116	244	141	0	4	1	0	31	157	10	143	17	0	3	0	126	75	0	138	28	0	0	25	153	14	132	108	0	3	0	8	131	175	117	1	0	0	0	0	3	5	0	2	0	0	
0	0	0	6	43	8	0	0	0	3	0	137	236	20	0	1	1	0	14	246	125	0	6	0	4	0	99	255	66	4	0	1	4	0	138	255	157	187	96	0	3	0	78	247	89	238	164	0	0	1	0	65	152	127	16	0	0	0	1	0	0	0	0	0	
0	0	0	0	0	0	0	0	0	0	4	0	40	41	0	2	3	0	84	26	86	90	0	3	0	0	168	70	139	65	0	3	0	3	89	100	183	33	0	1	0	0	0	1	130	8	0	0	0	1	0	32	131	0	2	0	0	0	0	10	24	0	1	0	
0	0	1	1	0	0	0	0	0	1	0	17	75	28	0	1	1	0	15	202	255	174	0	2	2	0	33	219	255	107	0	4	0	3	0	71	224	15	0	1	0	1	0	196	111	0	3	0	3	0	77	229	11	0	1	0	1	0	36	66	0	1	0	0	
0	0	1	1	0	0	0	0	0	1	0	45	133	68	0	2	2	0	42	132	89	175	0	1	3	0	88	82	20	113	0	2	1	0	12	191	153	23	0	1	3	0	66	172	149	13	0	1	2	0	60	149	120	7	0	0	0	1	0	44	19	0	1	0	
0	1	1	0	3	0	0	0	1	0	44	131	171	44	0	2	0	39	143	28	151	72	0	4	0	26	26	0	169	33	0	1	0	0	0	95	149	0	17	31	3	0	135	255	180	124	161	65	2	0	100	94	15	97	57	0	0	0	0	0	1	0	0	1	
0	0	1	0	0	0	0	0	0	0	3	89	136	51	0	2	3	0	130	93	78	129	0	4	0	1	27	31	174	59	0	2	0	0	0	124	129	112	0	3	0	0	7	0	35	155	0	2	3	0	115	139	146	60	0	2	1	0	26	57	19	0	0	0	
0	0	2	0	15	26	0	1	0	2	0	27	187	93	0	2	2	0	33	220	88	0	2	0	3	0	158	129	8	108	24	0	0	18	197	70	152	166	141	0	1	0	170	197	140	136	56	0	1	0	15	117	149	65	0	2	0	0	1	0	0	0	1	0	
0	0	0	41	53	0	0	0	2	0	118	124	152	72	0	3	0	1	44	0	78	126	0	4	0	1	3	0	144	65	0	2	0	2	0	75	125	0	2	0	0	13	142	222	99	113	143	23	0	64	132	81	80	65	27	0	0	0	0	0	0	0	0	0	
0	0	0	0	1	0	0	0	1	0	11	118	15	0	1	0	0	1	0	197	107	0	3	0	0	4	0	147	167	0	4	0	0	3	0	108	193	0	2	0	0	4	0	112	207	0	1	0	0	3	0	86	190	0	1	0	0	0	0	3	26	0	0	0	
0	0	1	0	0	0	0	0	0	0	12	17	1	2	0	0	1	0	120	127	156	72	0	3	0	24	102	0	116	76	0	3	0	3	9	0	120	42	0	2	0	0	0	6	126	5	0	0	0	1	0	42	120	0	3	0	0	2	0	58	70	0	2	0	
0	0	1	0	1	0	0	0	1	0	18	21	4	35	0	0	2	0	179	94	74	232	4	0	0	17	231	131	236	211	0	0	0	0	145	182	193	181	0	3	0	0	4	0	152	144	0	4	0	0	5	0	191	86	0	3	0	0	1	0	81	30	0	1	
0	0	1	0	1	1	0	0	0	0	0	19	8	0	0	0	2	0	50	170	175	77	0	3	3	0	101	33	106	75	0	3	0	0	6	0	129	33	0	1	0	1	0	14	139	1	0	0	0	1	0	39	130	0	3	0	0	1	0	43	88	0	2	0	
0	0	3	6	0	0	0	0	1	0	107	140	32	0	1	0	0	6	24	59	115	0	3	0	0	3	0	76	128	0	4	0	0	3	0	88	94	0	3	0	0	3	0	129	57	42	26	0	0	3	0	101	156	84	3	0	0	0	0	1	8	0	0	0	
0	0	2	1	0	2	0	0	0	0	0	26	30	0	0	0	2	0	66	136	144	121	0	3	1	0	157	31	148	129	0	4	2	0	103	152	204	35	0	2	0	0	0	4	142	12	0	0	0	1	0	42	145	0	2	0	0	2	0	47	79	0	2	0	
0	0	0	0	0	0	0	0	0	0	48	64	20	0	1	0	0	6	79	53	138	44	0	3	1	0	26	61	109	2	0	0	1	0	6	196	143	59	54	23	1	0	35	122	32	87	68	30	3	0	87	72	0	2	0	0	0	0	13	4	1	3	3	1	
0	0	0	8	7	0	0	0	1	0	28	156	128	134	24	0	2	0	58	121	0	13	2	0	2	0	42	198	189	81	0	2	1	0	30	161	47	155	36	0	0	22	36	0	0	170	53	0	0	37	126	134	154	98	0	2	0	0	0	11	9	0	0	0	
0	0	0	1	1	0	0	0	1	0	24	96	0	2	0	0	0	1	0	135	40	0	1	0	0	2	0	67	120	0	3	0	0	1	0	19	140	0	0	0	0	0	2	0	145	37	0	1	0	0	3	0	75	91	0	3	0	0	0	0	1	2	0	0	
0	0	0	0	0	0	0	0	0	0	2	0	89	109	0	3	0	0	4	0	169	150	0	4	0	1	0	14	228	87	0	3	0	3	0	142	195	0	1	0	2	0	34	239	56	0	2	0	3	0	111	158	0	2	0	0	0	0	2	1	1	0	0	0	
0	1	3	4	2	1	2	0	0	0	0	0	0	0	0	0	0	17	93	111	57	9	66	1	0	158	151	71	79	188	107	0	1	10	2	0	94	137	0	1	0	2	0	95	177	3	0	1	1	0	18	164	23	0	1	0	0	0	6	8	0	1	0	0	
0	0	0	0	0	2	0	0	2	0	39	165	133	73	0	2	4	0	101	121	46	10	0	0	4	0	131	204	137	118	0	1	1	0	27	39	0	158	51	0	0	9	74	4	79	175	12	0	0	10	154	157	133	31	0	1	0	0	3	6	0	1	0	0	
0	0	0	0	0	0	0	0	0	0	2	0	108	34	0	1	0	1	0	7	191	31	0	1	0	2	0	62	189	0	1	0	0	4	0	135	152	0	3	0	1	0	4	212	64	0	3	0	2	0	48	165	0	0	0	0	0	0	0	0	0	0	0	0	
0	0	0	27	29	0	0	0	1	0	117	132	161	23	0	1	0	4	49	0	118	85	0	4	0	1	2	0	153	61	0	4	0	2	0	98	115	0	11	3	0	19	164	235	127	141	135	8	0	20	71	46	42	43	19	0	0	0	0	0	0	0	0	0	
0	0	1	2	0	1	0	0	0	0	1	1	13	1	0	0	1	0	25	125	186	100	0	3	1	0	126	37	154	112	0	4	0	6	138	82	168	72	0	3	1	0	41	51	84	94	0	4	0	0	2	0	68	122	0	4	0	0	2	0	18	100	0	1	
0	0	1	0	0	0	0	0	0	0	3	86	135	146	0	0	3	0	93	114	2	166	37	0	4	0	106	77	40	117	0	1	1	0	14	210	194	9	0	1	4	0	118	123	123	65	0	2	2	0	55	126	124	26	0	1	0	0	0	12	5	0	0	0	
0	0	0	0	0	0	0	0	1	0	13	86	124	72	0	2	3	0	89	72	112	126	0	4	1	0	15	127	177	89	0	3	1	0	26	135	28	114	6	0	3	0	91	68	0	105	15	0	2	0	54	116	111	58	0	2	0	0	0	46	29	0	1	0	
0	1	1	0	0	0	0	0	1	0	18	72	48	5	3	0	0	13	127	48	140	112	3	0	0	45	119	2	158	30	0	1	0	1	81	95	154	7	0	0	0	1	0	21	118	7	13	0	0	2	0	68	100	43	41	0	0	1	0	34	34	15	14	0	
0	0	0	0	0	0	0	0	0	1	0	34	147	0	0	0	0	3	0	93	226	0	0	0	0	3	0	93	222	0	0	0	0	2	0	54	209	0	0	0	0	4	0	105	228	0	0	0	0	2	0	58	149	0	1	0	0	0	0	0	0	0	0	0	
0	0	1	0	13	28	0	1	0	1	0	9	145	58	0	2	0	2	0	114	68	0	2	0	2	0	47	207	92	14	0	1	3	0	130	91	127	142	0	3	1	0	147	46	65	136	0	3	2	0	45	138	114	15	0	1	0	0	0	0	0	1	0	0	
0	0	0	2	2	0	1	0	0	0	1	1	0	123	177	10	0	1	0	28	169	119	31	2	1	0	10	186	98	0	2	0	3	0	140	212	139	94	0	3	0	1	186	80	138	82	0	3	2	0	107	187	94	0	2	0	0	0	1	4	0	2	0	0	
0	0	2	1	1	2	0	0	0	0	0	21	25	0	0	0	2	0	62	135	129	80	0	2	3	0	149	28	67	127	0	3	3	0	75	132	176	42	0	2	0	0	0	7	139	11	0	0	0	1	0	46	135	0	3	0	0	2	0	51	74	0	2	0	
0	0	0	0	0	0	0	0	0	3	0	74	191	48	0	2	0	3	0	149	87	0	0	0	0	0	3	181	165	117	0	1	0	0	1	27	9	137	8	0	0	3	62	5	90	112	0	3	0	0	149	171	111	7	0	1	0	0	0	1	0	1	0	0	
0	0	2	0	0	0	0	0	0	0	2	19	19	14	0	0	3	0	92	172	145	173	1	0	1	0	161	25	21	152	0	1	0	1	92	0	84	119	0	4	0	0	3	0	139	55	0	2	0	0	1	6	158	14	0	1	0	1	0	26	116	0	1	0	
0	0	2	0	0	0	1	0	0	4	0	108	223	189	33	0	3	0	79	254	82	120	160	0	0	70	235	47	0	42	199	0	0	186	68	0	0	142	183	0	1	190	99	104	193	227	35	0	0	58	206	183	121	22	0	1	0	0	0	0	0	1	2	0	
0	0	2	0	56	25	0	1	0	1	0	19	168	19	0	1	0	3	0	120	78	0	2	0	2	0	36	210	142	164	31	0	1	0	154	97	0	139	103	0	0	13	173	59	75	139	18	0	1	0	45	82	78	24	0	1	0	0	0	0	0	1	1	0	
0	0	0	0	0	0	0	0	1	0	64	116	135	67	0	1	0	18	220	118	91	168	0	0	0	6	88	173	251	144	0	2	1	0	11	196	67	160	101	0	3	0	93	153	0	105	132	0	3	0	62	190	120	139	14	0	0	0	0	50	52	3	0	0	
0	0	1	1	1	0	0	0	0	0	1	0	18	58	0	2	1	0	30	36	78	99	0	3	4	0	120	97	137	32	0	1	2	0	74	150	189	56	0	2	0	3	0	105	68	0	2	0	0	2	0	136	38	0	1	0	0	0	0	28	5	0	0	0	
0	0	1	0	0	0	1	0	0	0	5	96	121	83	8	0	3	0	102	119	71	96	87	0	0	7	141	8	0	17	114	0	0	33	100	0	0	42	114	0	0	29	101	0	0	114	45	0	0	1	129	113	125	69	0	2	1	0	16	65	32	0	2	0	
0	0	0	0	0	0	0	0	0	0	0	16	96	0	1	0	0	1	0	34	119	0	3	0	0	1	0	34	109	0	3	0	0	2	0	62	99	0	3	0	0	3	0	107	66	0	2	0	0	2	0	102	21	0	1	0	0	0	0	0	0	0	0	0	
0	1	0	26	52	6	0	0	1	0	14	84	104	118	0	2	0	0	6	0	55	117	0	2	0	2	0	50	142	12	0	1	2	0	48	141	16	0	1	0	0	9	180	46	15	71	31	0	0	0	60	117	99	55	3	0	0	0	0	0	0	0	0	0	
0	0	0	0	4	0	0	0	0	1	0	94	189	61	0	3	1	0	31	107	82	135	0	4	0	0	6	0	120	92	0	3	0	1	0	11	150	13	0	1	1	0	7	154	171	72	5	0	0	0	153	140	101	89	0	0	0	1	3	0	0	0	0	0	
0	0	0	0	0	0	0	0	0	18	126	138	135	28	0	1	0	12	77	29	160	90	0	3	0	2	0	67	165	4	0	1	0	3	0	79	177	15	0	1	2	0	99	14	87	131	0	4	3	0	98	172	162	65	0	2	0	0	0	50	33	0	1	0	
0	0	0	1	0	0	0	0	0	0	0	0	147	32	0	1	0	3	0	69	220	88	0	4	0	0	0	153	69	120	0	2	3	0	84	123	26	129	0	3	3	0	150	60	142	59	0	2	2	0	120	175	75	0	2	0	0	0	2	4	0	2	0	0	
0	0	0	0	0	0	0	0	0	1	0	138	99	0	2	0	0	3	0	180	225	0	0	0	0	4	0	153	236	0	0	1	0	4	0	144	252	16	0	1	0	4	0	111	255	20	0	2	0	3	0	63	201	13	0	1	0	0	0	0	0	0	0	0	
0	0	2	0	62	45	0	2	0	1	0	22	168	27	0	1	0	3	0	103	100	0	3	0	1	0	0	188	174	94	0	2	3	0	90	153	0	156	27	0	4	0	125	127	87	134	5	0	0	0	7	79	85	16	0	1	0	0	0	0	0	1	0	0	
0	0	1	1	0	2	0	0	0	1	0	90	16	0	0	0	1	0	27	168	0	33	9	0	4	0	128	114	0	167	20	0	0	18	232	135	155	165	0	3	0	12	56	0	124	122	0	4	0	0	3	0	104	69	0	2	0	0	2	1	0	0	0	0	
0	0	0	0	0	0	0	0	0	0	0	1	123	13	0	1	0	1	0	28	155	0	1	0	0	2	0	53	136	0	3	0	0	3	0	71	121	0	3	0	0	3	0	122	89	0	3	0	0	0	6	143	19	0	1	0	0	0	1	2	0	0	0	0	
0	1	0	25	95	1	0	0	0	1	0	160	108	0	3	0	3	0	89	162	0	4	1	0	2	0	173	49	73	195	107	0	2	0	186	47	146	96	129	2	3	0	92	207	139	170	53	0	0	1	0	61	83	18	0	1	0	0	2	0	0	1	2	0	
0	0	0	0	0	0	0	0	0	1	0	38	52	0	2	0	0	3	0	71	117	0	3	0	0	2	0	68	102	0	3	0	0	3	0	87	96	0	3	0	0	3	0	104	86	0	3	0	0	3	0	106	57	0	2	0	0	0	0	17	6	0	0	0	
1	0	36	18	0	3	2	0	1	0	144	33	0	1	0	1	0	42	164	0	5	67	56	0	0	68	133	0	138	112	126	55	0	53	149	24	146	0	73	76	0	0	144	145	144	130	98	2	0	0	4	51	58	33	3	0	0	0	2	0	0	0	2	1	
0	0	4	4	4	2	0	0	0	0	0	0	0	0	0	0	0	2	120	136	153	95	0	3	0	62	193	47	145	104	0	4	0	17	24	0	124	69	0	3	0	0	4	0	140	46	0	2	0	1	2	0	147	31	0	1	0	1	0	17	150	0	0	0	
0	0	0	0	0	1	2	0	0	9	174	217	192	44	0	2	0	7	230	156	124	215	48	0	0	49	250	87	0	74	181	0	0	154	121	0	0	61	220	17	0	122	167	106	178	255	147	0	0	21	187	230	189	84	2	0	0	0	0	0	0	0	2	0	
0	1	0	38	32	0	1	0	2	0	59	168	171	20	0	1	1	0	30	0	135	68	0	3	0	1	1	0	162	37	0	1	0	2	0	82	126	0	3	0	0	13	122	227	134	116	34	0	0	34	134	48	69	63	7	0	0	0	0	0	0	0	0	0	
0	2	3	0	0	1	0	0	0	0	0	6	13	0	0	0	0	44	148	157	204	63	0	3	0	32	63	0	133	78	0	3	0	0	2	0	144	38	0	1	0	2	0	11	165	11	0	1	0	1	0	41	149	0	2	0	0	2	0	49	83	0	2	0	
0	0	0	1	5	0	0	0	1	0	40	105	141	41	0	2	0	6	122	23	67	106	0	4	0	2	0	34	203	123	0	4	0	1	0	35	63	140	6	0	1	0	40	24	40	152	0	1	2	0	137	146	114	39	0	2	0	0	0	0	0	0	0	0	
0	2	3	0	0	0	0	0	0	1	0	66	153	67	11	0	0	21	134	133	50	191	98	0	0	180	198	35	60	134	0	1	0	33	87	154	255	128	0	2	0	3	0	103	112	143	80	0	0	5	0	103	186	166	37	0	0	0	0	2	54	22	0	1	
0	0	1	0	56	16	0	1	0	1	0	19	140	4	0	0	0	3	0	96	85	0	3	0	1	0	9	198	149	72	0	2	3	0	84	155	0	146	22	0	4	0	107	112	88	120	0	0	1	0	15	82	69	7	0	0	0	0	0	0	0	2	0	0	
0	0	0	0	0	0	0	0	0	2	0	105	40	0	1	0	0	4	0	127	95	0	3	0	0	3	0	99	101	0	3	0	0	3	0	87	115	0	3	0	0	3	0	80	128	0	4	0	0	2	0	65	108	0	3	0	0	0	0	0	1	0	0	0	
0	0	1	1	0	1	0	0	0	0	1	0	3	54	1	0	2	0	45	54	21	120	0	2	2	0	146	57	100	87	0	3	0	0	85	90	188	75	0	2	0	1	0	22	117	0	2	0	0	2	0	62	87	0	3	0	0	0	0	10	13	0	0	0	
0	0	0	0	0	0	0	0	0	2	0	58	115	0	3	0	0	3	0	101	142	0	4	0	0	4	0	135	117	0	4	0	0	3	0	169	90	0	3	0	0	3	0	163	86	0	1	0	0	3	0	97	184	16	0	1	0	0	0	0	3	0	0	0	
0	0	2	0	0	0	0	0	0	0	0	39	67	109	20	0	3	0	91	119	51	179	30	0	3	0	120	71	40	109	0	2	0	1	0	174	215	11	0	1	1	0	40	129	96	69	0	2	1	0	24	125	117	35	0	1	0	1	0	37	34	0	1	0	
0	0	14	23	0	1	0	0	0	43	173	205	59	0	2	0	0	15	9	65	189	1	2	0	0	1	0	18	185	14	0	1	0	19	93	221	235	100	42	0	0	118	232	171	148	140	198	42	0	6	2	0	2	0	63	38	0	0	0	3	4	4	1	0	
0	0	1	0	33	44	0	2	0	0	1	0	142	49	0	2	0	2	0	77	96	0	3	0	1	0	6	186	108	65	2	0	3	0	104	138	7	126	83	0	1	0	160	90	56	134	49	0	1	0	27	84	85	41	0	1	0	0	0	0	0	0	1	0	
0	0	0	1	0	0	0	0	0	1	0	40	12	32	25	0	0	0	7	121	0	122	42	0	3	0	91	117	37	130	0	2	0	22	165	79	166	69	0	3	0	15	29	0	109	29	0	1	0	0	1	5	133	9	0	0	0	1	1	1	19	0	0	0	
0	0	1	1	0	0	0	0	0	0	1	0	20	59	0	2	1	0	17	66	61	95	0	3	3	0	96	110	127	65	0	2	2	0	64	123	167	23	0	1	0	3	0	71	86	0	3	0	0	2	0	112	49	0	1	0	0	0	0	27	4	0	0	0	
1	0	28	28	0	1	0	0	4	0	97	76	0	6	1	0	3	0	115	37	0	1	0	0	2	0	99	69	94	101	27	0	4	0	124	169	36	110	152	0	2	0	55	139	76	143	36	0	0	1	0	51	93	26	0	1	0	0	1	1	0	1	2	0	
0	0	1	0	36	36	0	1	0	0	2	0	133	34	0	1	0	2	0	73	101	0	2	0	2	0	36	213	97	91	6	0	4	0	118	109	0	115	71	0	3	0	130	79	26	124	28	0	1	0	19	72	68	40	0	1	0	0	0	0	0	1	1	0	
0	0	4	4	0	1	1	0	2	0	42	176	105	12	0	1	0	2	0	35	196	248	40	0	1	0	30	196	183	125	17	0	1	0	5	157	179	8	0	1	0	29	84	18	215	69	0	3	0	43	184	196	124	4	0	1	0	0	0	1	0	0	0	0	
0	0	0	6	7	5	3	0	2	0	30	165	124	133	38	0	3	0	80	111	0	5	0	0	4	0	100	194	127	99	10	0	2	0	51	87	0	97	116	0	0	31	107	0	0	125	107	0	0	2	104	127	133	126	3	0	0	0	0	6	11	0	1	0	
0	0	1	1	0	0	0	0	0	2	0	61	197	9	0	1	1	0	6	167	118	0	2	0	2	0	39	167	108	0	1	0	0	0	0	0	128	91	0	3	0	0	8	0	91	130	0	4	2	0	49	129	135	15	0	1	0	0	2	10	0	0	0	0	
0	0	0	14	25	0	1	0	0	3	0	78	194	0	0	1	0	1	0	119	95	91	0	2	2	0	49	132	0	116	18	0	2	0	120	58	0	123	11	0	0	7	148	24	93	110	0	3	1	0	65	129	92	5	0	0	0	0	0	0	0	1	0	0	
0	0	0	0	0	1	1	0	0	0	0	65	133	32	0	1	1	0	28	202	164	214	22	0	0	2	0	167	245	131	18	0	2	0	48	138	149	78	0	3	3	0	91	97	93	139	0	4	2	0	37	183	179	37	0	2	0	1	0	40	29	0	1	0	
0	1	0	45	46	0	1	0	3	0	82	154	163	53	0	2	1	0	30	0	49	150	0	3	0	2	4	0	107	132	0	4	0	2	0	80	152	7	0	1	0	30	154	221	77	97	113	9	0	76	123	91	110	100	61	5	0	0	0	0	0	0	0	0	
0	0	0	0	0	0	0	0	0	1	0	26	38	0	1	0	0	2	0	99	148	0	2	0	0	1	0	21	115	0	2	0	0	2	0	51	100	0	3	0	0	3	0	77	73	0	3	0	0	3	0	82	63	0	2	0	0	1	0	34	30	0	1	0	
0	0	0	1	0	0	0	0	0	2	0	72	152	0	1	0	0	3	0	143	251	38	0	2	1	0	34	142	103	122	0	4	4	0	111	88	17	153	0	2	2	0	156	26	68	121	0	3	2	0	125	159	125	10	0	1	0	0	2	11	0	1	0	0	
0	0	0	8	3	0	0	0	1	0	19	159	141	10	0	1	0	0	2	0	144	41	0	2	1	0	10	169	211	74	0	2	1	0	19	73	0	176	51	0	0	7	59	44	112	146	9	0	0	7	166	166	90	9	0	1	0	0	1	0	0	1	1	0	
0	0	0	0	0	0	0	0	0	1	0	108	164	93	0	1	1	0	23	170	82	25	0	0	2	0	54	204	144	71	0	2	1	0	27	122	24	151	30	0	0	6	7	0	0	166	49	0	0	34	138	104	159	109	0	2	1	0	24	64	25	0	1	0	
0	0	0	0	7	15	9	0	1	0	16	117	114	102	72	5	0	26	174	55	1	0	0	0	0	9	95	110	117	38	0	1	0	0	0	5	22	132	45	0	0	5	39	0	37	173	36	0	0	2	125	135	154	51	0	2	0	0	4	8	0	1	1	0	
0	0	1	0	54	7	0	0	0	1	0	29	144	0	1	0	0	3	0	112	85	0	3	0	1	0	26	212	170	129	1	0	4	0	119	134	16	195	52	0	4	0	128	141	84	106	6	0	1	0	9	79	58	2	0	0	0	0	0	0	0	2	1	0	
0	0	2	38	34	0	1	0	1	0	115	120	119	92	0	1	0	25	125	0	0	117	61	0	0	0	6	3	0	77	90	0	0	17	104	117	67	125	51	0	0	89	167	30	147	184	16	0	0	1	58	103	96	7	1	0	0	0	0	0	0	1	0	0	
0	0	0	5	12	5	0	0	1	0	21	161	152	102	0	2	3	0	74	138	0	9	0	0	4	0	102	216	104	102	36	0	2	0	54	111	2	64	144	0	0	16	52	0	22	165	105	0	0	8	119	148	151	87	0	0	0	0	1	7	0	0	1	0	
0	0	0	1	0	0	0	0	0	1	0	10	199	112	0	2	1	4	0	163	209	201	8	0	2	0	114	150	35	224	19	0	0	121	255	181	187	255	66	0	13	185	150	73	28	233	77	0	0	0	1	0	5	190	70	0	0	1	4	3	1	0	0	0	
0	0	0	19	8	0	0	0	0	3	0	113	101	0	3	0	0	2	0	150	220	7	0	1	1	0	40	135	130	120	0	3	4	0	112	74	33	170	0	3	3	0	150	59	124	107	0	3	2	0	64	139	81	0	0	0	0	0	0	0	0	1	0	0	
0	0	3	85	20	0	1	0	0	0	132	83	0	3	2	0	0	55	143	0	3	0	0	0	0	66	94	0	7	85	48	0	0	39	164	0	110	132	185	41	2	0	96	155	198	153	91	5	0	1	0	30	66	42	0	1	0	0	2	0	0	0	3	0	
0	0	0	0	0	0	0	0	0	1	0	27	73	68	0	1	0	4	0	115	107	0	2	0	0	3	0	118	75	25	1	0	0	2	0	139	55	50	0	1	1	0	19	160	1	0	0	0	2	0	52	107	0	29	3	0	0	0	1	1	0	12	1	0	
0	0	2	14	2	0	0	0	0	1	126	120	95	0	1	0	0	9	73	0	148	50	0	2	2	0	37	201	175	128	23	0	3	0	114	129	0	102	107	0	0	6	83	0	64	173	27	0	1	0	124	142	134	37	0	1	0	0	1	1	0	1	1	0	
0	0	2	52	17	0	1	0	3	0	79	195	154	38	0	2	1	0	35	0	91	128	0	4	0	0	4	0	138	91	0	4	0	2	0	63	149	0	0	0	0	0	101	220	86	71	88	18	0	16	131	99	96	105	88	11	0	0	0	0	0	0	0	0	
0	0	2	0	3	2	0	0	0	0	0	4	0	0	0	0	0	0	147	225	112	40	0	1	0	14	249	193	221	211	0	0	2	0	175	251	246	192	0	1	1	0	33	87	94	176	0	3	0	0	4	0	86	159	0	4	0	0	3	0	41	111	0	2	
0	0	0	0	1	0	0	0	0	0	0	3	96	4	0	0	0	1	0	27	135	0	2	0	0	2	0	55	115	0	3	0	0	3	0	79	103	0	3	0	0	3	0	106	84	0	3	0	0	2	0	100	42	0	1	0	0	0	0	0	0	0	0	0	
0	0	2	0	1	1	0	0	0	1	0	30	119	76	0	2	2	0	60	102	31	106	14	0	2	0	123	51	76	115	0	0	3	0	71	168	118	113	19	0	3	0	97	40	0	106	30	0	2	0	53	125	106	59	0	2	0	0	0	11	8	0	1	0	
0	0	3	3	3	2	0	0	0	0	0	0	0	0	0	0	2	0	107	157	127	123	0	0	0	9	186	67	71	138	0	2	0	4	49	0	79	95	0	4	0	0	4	0	117	61	0	2	0	0	4	0	134	36	0	1	0	0	0	3	134	8	0	0	
0	0	0	1	0	2	0	0	0	1	0	21	44	0	1	0	0	1	0	152	179	185	32	0	1	0	18	153	134	195	2	0	0	0	1	192	169	20	0	1	1	0	29	206	29	0	2	0	4	0	131	170	0	5	0	0	2	0	53	43	0	1	0	0	
0	0	1	0	0	0	0	0	0	0	0	58	130	50	0	2	4	0	96	126	45	157	23	0	2	0	64	123	14	131	5	0	0	3	0	122	246	36	0	2	1	0	23	120	103	92	0	3	1	0	31	127	118	85	0	3	0	1	0	42	50	0	0	0	
0	2	4	1	0	0	0	0	0	0	0	3	20	8	0	0	0	69	173	199	242	178	0	2	0	92	152	48	154	185	0	3	0	0	2	0	197	108	0	4	0	4	0	54	231	21	0	1	0	4	0	153	178	0	3	0	0	3	0	105	86	0	3	0	
0	0	0	0	1	2	0	0	0	0	2	0	53	86	0	3	0	0	3	0	130	54	0	2	0	1	0	37	134	0	2	0	0	3	0	97	90	0	3	0	0	1	0	145	32	0	1	0	1	0	14	120	0	0	0	0	0	0	0	1	0	0	0	0	
0	0	3	3	0	0	0	0	0	0	0	0	19	12	0	0	0	12	83	136	164	162	0	1	0	72	179	49	37	151	0	1	0	0	4	0	106	99	0	4	0	1	4	0	152	33	0	1	0	0	0	5	177	23	0	1	0	0	1	0	110	24	0	1	
0	0	0	1	0	0	0	0	0	0	1	0	24	43	0	2	1	0	21	52	74	72	0	3	2	0	68	128	118	76	0	1	2	0	58	120	159	59	0	0	0	1	0	23	112	0	2	0	0	1	0	41	107	0	3	0	0	0	0	11	15	0	1	0	
0	0	0	1	2	0	0	0	0	34	150	57	0	2	0	0	0	123	121	208	92	0	3	0	0	3	0	65	190	0	0	0	0	2	0	23	147	0	2	0	0	3	0	120	216	38	0	2	0	1	0	29	65	168	114	0	0	0	0	0	0	13	35	0	
0	0	1	0	0	0	0	0	1	0	43	116	111	15	0	1	0	8	129	24	124	59	0	2	0	5	4	77	198	29	0	2	1	0	19	71	71	107	0	4	0	0	3	0	73	111	0	4	2	0	101	123	122	22	0	1	1	0	31	42	1	0	0	0	
0	0	0	0	0	1	0	0	0	65	184	169	54	0	2	0	0	69	86	113	211	51	0	2	0	0	4	0	127	133	0	4	0	4	0	45	171	24	0	1	3	0	84	255	178	127	124	8	3	0	82	169	132	127	65	2	0	0	0	0	0	0	0	0	
0	0	0	41	25	0	1	0	1	0	107	130	139	9	0	1	0	5	62	0	135	50	0	2	0	0	1	0	142	28	0	1	0	2	0	71	122	0	2	0	2	0	78	180	37	45	33	0	0	1	128	129	104	106	47	0	0	0	0	0	0	0	0	0	
0	1	1	0	0	1	0	0	0	0	9	22	3	7	2	0	0	39	131	111	112	150	1	0	0	101	29	0	66	104	0	3	0	20	7	47	147	31	1	0	0	1	0	130	157	105	60	0	0	1	0	122	23	0	1	0	1	0	30	83	0	3	0	0	
0	0	1	0	0	1	0	0	0	0	3	72	108	75	0	2	3	0	92	109	4	146	25	0	4	0	115	68	4	141	16	0	1	0	8	179	188	29	0	1	1	0	23	92	91	75	0	2	1	0	17	103	113	94	0	3	0	1	0	38	55	1	0	0	
0	0	5	6	0	0	0	0	2	0	47	129	96	7	0	1	0	1	0	18	161	46	0	2	0	0	0	166	110	0	1	0	0	0	0	16	99	101	0	2	0	1	7	0	84	119	0	2	0	0	110	131	103	6	0	1	0	0	6	7	0	1	0	0	
1	0	11	65	39	0	1	0	2	0	76	117	148	33	0	1	0	0	5	0	112	61	0	2	0	1	0	11	145	19	0	2	0	2	0	102	70	0	2	0	0	2	113	182	71	95	108	57	0	29	107	76	79	71	62	15	0	0	0	0	0	0	0	0	
0	0	1	1	0	0	0	0	0	2	0	57	95	0	0	0	1	0	25	98	157	60	0	2	1	0	21	114	147	39	0	2	0	0	2	3	74	24	0	1	0	0	0	0	120	12	0	0	0	2	102	121	68	0	2	0	0	0	34	44	0	0	0	0	
0	1	4	3	2	2	2	0	0	1	0	0	0	0	0	0	0	26	129	81	43	53	41	0	0	162	144	150	166	234	121	0	53	167	0	2	0	185	51	0	26	50	0	0	42	191	0	0	0	0	3	0	92	167	0	3	1	2	1	0	30	26	0	1	
0	0	0	0	1	0	0	0	0	3	0	98	97	0	3	0	0	4	0	168	177	0	3	0	0	4	0	137	227	0	0	1	0	4	0	106	238	9	0	1	0	4	0	95	255	41	0	2	0	2	0	41	167	21	0	1	0	0	0	0	0	0	0	0	
0	0	2	0	0	2	0	0	0	0	1	24	25	0	0	0	2	0	97	105	109	120	0	2	0	16	149	0	130	134	0	3	0	0	108	116	150	68	0	3	0	0	3	0	118	49	0	2	0	1	0	22	147	0	0	0	0	2	0	59	93	0	3	0	
0	0	0	12	10	0	0	0	2	0	73	141	133	68	0	3	0	0	21	0	92	109	0	4	0	1	0	25	145	11	0	1	1	0	7	135	37	0	6	5	3	0	83	117	0	61	76	15	2	0	53	143	103	63	4	0	0	0	0	6	2	0	1	1	
0	0	1	1	8	0	0	0	0	0	6	77	136	62	0	2	2	0	100	72	30	134	0	2	0	3	23	62	195	60	0	3	0	0	0	40	50	118	0	1	0	18	14	0	15	150	7	0	0	45	124	98	120	56	0	2	0	0	8	15	2	0	0	0	
0	0	0	0	0	0	0	0	0	42	135	133	142	48	0	2	0	29	107	134	199	255	61	0	3	0	100	245	255	176	5	0	0	0	38	47	154	191	4	0	0	4	44	9	17	230	73	0	0	46	219	229	241	135	0	0	0	1	9	38	34	0	0	0	
0	0	2	0	0	2	0	0	0	0	1	30	20	0	0	0	2	0	95	115	134	128	0	2	0	16	145	15	187	124	0	2	1	0	85	101	132	43	0	2	0	0	1	0	129	22	0	1	0	1	0	28	143	0	1	0	0	2	0	59	90	0	3	0	
0	0	0	0	1	0	0	0	0	2	0	82	207	42	0	2	0	1	0	85	190	43	0	2	0	2	0	64	144	0	4	2	1	0	5	163	27	7	75	13	4	0	115	137	63	98	19	0	3	0	101	186	87	3	0	1	0	0	0	3	0	1	1	0	
0	0	0	3	0	0	0	0	0	0	2	0	41	104	53	0	0	2	0	127	255	255	247	39	3	0	127	235	34	190	191	0	0	60	225	24	47	235	71	0	0	156	183	134	255	101	0	3	0	96	248	187	43	0	3	0	0	3	13	1	0	3	0	0	
0	0	0	0	0	0	0	0	1	0	8	145	24	0	1	0	0	2	0	192	109	0	4	0	0	3	0	171	115	0	3	0	0	3	0	137	158	0	4	0	0	2	0	55	233	23	0	1	0	0	0	1	158	43	0	2	0	0	0	0	0	0	0	0	
0	0	0	1	2	0	0	0	0	0	1	2	0	151	123	0	0	0	4	0	136	254	61	0	0	2	0	116	255	94	0	3	3	0	85	255	109	0	5	0	0	30	250	190	2	1	1	0	0	41	202	59	0	2	0	0	0	0	0	1	1	0	0	0	
0	0	0	0	1	0	0	0	0	2	0	78	32	0	1	0	0	3	0	101	122	0	4	0	0	1	0	40	139	0	3	0	0	1	0	31	139	0	2	0	0	2	0	64	139	0	3	0	0	2	0	67	129	0	3	0	0	0	0	8	17	0	0	0	
0	0	1	1	0	0	0	0	0	1	0	10	117	98	0	1	1	0	23	224	206	204	22	0	1	0	21	35	74	158	0	3	0	3	101	145	234	68	16	13	0	119	249	224	204	191	176	21	0	50	106	30	0	20	8	0	0	0	0	1	1	0	1	0	
0	0	0	4	6	0	0	0	1	0	25	168	168	92	0	2	1	0	30	62	62	198	0	0	1	0	20	95	155	31	0	2	3	0	112	218	182	127	0	1	0	13	62	0	177	178	0	2	0	4	141	180	126	8	0	1	0	0	3	5	0	2	0	0	
0	0	0	0	0	0	0	0	0	1	0	47	139	144	31	0	1	0	8	177	161	246	72	0	0	0	53	153	211	159	0	2	0	15	225	214	126	202	16	0	0	17	45	0	102	220	10	0	0	96	216	178	174	40	0	2	0	3	37	25	0	1	0	0	
0	0	0	0	2	1	3	0	0	1	0	19	3	83	55	0	0	0	5	142	136	106	0	1	0	2	0	172	154	0	2	0	2	0	31	163	123	0	2	0	4	0	93	111	122	0	2	0	3	0	67	159	30	0	1	0	0	0	2	5	0	0	0	0	
0	0	0	3	1	0	0	0	0	0	2	0	1	0	67	14	0	1	0	87	12	62	163	0	3	0	130	135	27	194	19	0	0	68	242	135	227	147	0	2	0	47	59	209	112	0	2	0	2	0	40	89	0	2	0	0	0	2	2	0	3	0	0	0	
0	0	1	0	34	24	0	1	0	1	0	25	179	168	11	0	0	2	0	54	86	45	33	0	0	1	0	39	156	1	0	1	2	0	54	189	215	24	0	1	4	0	154	191	193	16	0	1	2	0	41	131	54	0	1	0	0	0	0	0	0	0	0	0	
0	0	0	0	2	3	4	0	0	0	0	3	0	0	0	0	0	0	1	0	36	96	124	13	1	0	4	128	174	89	71	7	1	0	21	216	108	0	4	0	0	70	180	110	17	0	3	0	0	10	18	1	0	0	0	0	0	0	0	3	1	0	0	0	
0	0	4	9	0	0	0	0	1	0	32	121	19	8	0	0	1	0	21	160	117	90	0	0	2	0	36	191	78	0	0	0	1	0	23	77	88	81	0	3	0	6	42	9	114	133	0	3	1	0	74	132	104	8	0	1	0	0	0	0	0	0	0	0	
0	0	1	4	0	84	52	0	0	1	0	10	156	173	27	0	1	1	0	162	196	1	0	1	4	0	124	207	3	85	52	0	0	45	219	93	191	186	194	0	0	69	232	180	230	190	97	0	0	4	64	82	79	64	0	1	0	0	0	0	0	0	2	0	
0	0	0	1	0	0	0	0	0	1	0	19	107	106	35	0	0	0	0	95	30	132	35	0	2	0	45	94	86	44	0	1	1	0	0	184	144	0	0	1	1	0	14	209	78	0	3	0	0	0	130	171	40	0	2	0	0	0	34	15	0	1	0	0	
0	0	1	3	3	3	0	0	0	2	0	0	0	0	12	1	1	0	25	83	62	160	156	0	0	123	230	124	160	250	44	0	0	82	36	7	206	87	0	3	1	0	8	198	135	0	3	0	2	0	165	138	0	4	0	0	0	1	22	3	1	1	0	0	
0	0	0	0	0	0	0	0	0	32	79	85	64	2	0	0	0	65	97	78	140	51	0	2	0	0	3	0	119	44	0	2	0	2	4	35	187	79	12	0	1	0	2	116	189	88	31	0	0	1	0	22	124	0	1	0	0	0	0	9	48	2	1	0	
0	0	0	2	0	6	7	0	0	0	0	0	95	144	71	0	0	2	0	113	124	76	179	0	0	0	9	177	91	215	68	0	1	0	16	219	215	48	0	2	0	15	172	245	81	0	5	0	0	56	182	168	43	0	2	0	0	0	5	5	0	0	0	0	
0	0	0	3	3	0	0	0	1	0	2	136	150	3	0	1	2	0	56	89	122	52	0	2	1	0	17	52	127	46	0	2	2	0	110	117	197	63	0	3	2	0	135	71	171	145	0	1	2	0	48	133	16	99	41	0	0	0	0	0	1	2	1	0	
0	0	3	1	0	0	2	0	0	1	0	5	69	55	0	0	2	0	66	197	157	186	147	0	0	54	240	46	11	184	186	0	0	41	204	155	241	233	25	0	0	1	0	98	243	49	0	2	2	0	83	234	79	0	4	0	1	0	106	100	0	2	0	0	
0	0	0	0	0	0	0	0	1	0	36	132	161	81	0	2	1	0	157	112	77	170	23	0	0	22	132	0	0	88	70	0	0	25	101	0	0	84	87	0	0	10	157	9	0	139	33	0	3	0	123	189	177	102	0	2	0	0	4	59	44	0	1	0	
0	0	2	0	1	1	1	0	0	2	0	89	169	157	2	0	3	0	109	156	44	253	56	0	0	40	213	6	132	255	87	0	0	140	146	0	120	255	52	0	0	148	177	49	186	161	0	1	0	50	208	194	122	5	0	0	0	0	0	0	0	2	0	0	
0	0	0	0	0	0	0	0	0	1	0	48	20	0	1	0	0	3	0	103	80	0	3	0	0	2	0	59	93	0	3	0	0	2	0	53	98	0	3	0	0	2	0	48	108	0	3	0	0	2	0	60	85	0	3	0	0	0	0	9	10	0	0	0	
0	0	0	0	1	1	3	0	0	0	0	4	0	128	89	0	0	0	4	0	74	215	13	0	0	2	0	39	235	76	0	3	1	0	10	221	130	0	3	0	1	0	168	171	0	4	0	0	0	23	183	27	0	2	0	0	0	0	0	2	1	0	0	0	
0	0	0	0	0	0	0	0	0	0	4	4	0	42	6	0	3	0	95	46	25	148	0	1	1	0	140	5	97	83	0	3	0	12	172	96	152	37	0	1	0	0	20	15	139	15	0	1	0	0	0	6	158	11	0	0	0	0	0	4	53	1	0	0	
0	0	0	0	0	0	0	0	0	0	2	0	59	112	25	0	1	3	0	14	175	217	72	0	0	1	18	4	109	131	0	1	9	172	229	244	187	24	26	0	19	144	105	73	130	166	75	0	0	0	0	0	0	0	0	0	1	4	4	3	3	1	2	0	
0	5	7	0	0	0	1	0	0	92	179	155	134	40	0	1	0	5	16	38	85	199	44	0	0	0	1	0	14	181	38	0	0	1	0	38	167	49	0	2	0	17	151	222	76	41	46	7	0	57	191	163	148	134	65	9	0	0	0	0	0	0	0	0	
0	0	0	0	2	7	0	0	0	1	0	20	153	191	99	0	0	2	0	10	48	174	99	0	2	0	45	168	206	144	0	2	10	31	27	50	153	124	0	4	39	197	36	84	193	22	0	1	0	87	181	155	30	0	1	0	0	0	0	0	2	1	0	0	
0	0	0	0	0	0	0	0	0	0	0	9	69	0	1	0	0	1	0	38	91	0	3	0	0	1	0	40	72	0	2	0	0	1	0	42	66	0	2	0	0	2	0	60	72	0	3	0	0	2	0	42	63	0	2	0	0	0	0	0	0	0	0	0	
0	0	0	1	0	1	2	1	0	0	2	1	0	19	107	0	0	0	8	20	0	133	78	0	2	0	113	60	79	121	0	3	0	38	215	131	177	9	0	1	0	12	29	188	75	0	3	0	1	0	38	121	0	2	0	0	0	0	2	1	1	0	0	0	
0	0	0	0	0	0	0	0	0	2	0	66	100	0	3	0	0	3	0	85	145	0	4	0	0	3	0	80	124	0	4	0	0	3	0	86	125	0	4	0	0	4	0	106	178	0	2	0	0	2	0	66	121	0	2	0	0	0	0	0	0	0	0	0	
0	0	0	0	1	0	0	0	0	0	1	0	10	25	17	3	0	0	0	0	168	159	120	44	1	0	2	177	188	0	1	0	0	0	4	51	170	9	0	1	0	55	127	79	158	0	1	0	0	13	111	130	17	0	1	0	0	0	0	0	1	0	0	0	
0	0	0	0	0	0	0	0	1	0	29	125	98	1	0	0	0	0	12	10	141	44	0	2	0	0	0	48	187	30	0	1	2	0	80	142	138	153	0	3	0	0	2	4	144	63	0	2	2	0	84	160	54	0	1	0	1	0	17	32	0	2	0	0	
0	0	0	0	10	76	0	0	0	14	7	0	127	134	0	3	0	9	0	87	188	0	0	0	2	0	49	199	31	32	1	0	0	7	192	91	137	202	68	0	0	20	182	201	228	192	43	0	1	0	10	53	83	50	0	1	0	0	1	0	0	1	1	0	
0	0	0	5	21	0	1	0	1	0	2	166	153	0	2	0	4	0	117	212	1	0	5	0	0	0	221	127	0	139	181	0	0	0	228	121	91	255	162	0	3	0	129	255	254	173	6	0	1	0	6	123	99	0	1	1	0	0	1	0	0	2	1	0	
0	0	0	0	0	0	0	0	0	0	7	21	60	79	20	0	3	0	81	188	121	219	40	0	0	0	6	0	123	123	0	3	0	4	0	78	181	0	0	0	2	0	35	196	29	0	2	0	0	12	196	78	0	3	0	0	0	45	93	0	2	0	0	0	
0	0	1	0	0	2	0	0	0	2	0	140	100	0	1	0	2	0	42	163	155	137	0	2	4	0	119	75	0	184	31	0	3	0	153	71	0	133	54	0	4	0	103	188	50	169	13	0	0	0	0	105	195	66	0	3	0	0	1	0	0	1	1	0	
0	0	0	2	0	0	0	0	0	0	1	0	62	111	90	0	0	3	0	72	179	159	43	4	0	3	0	131	150	130	0	3	0	3	0	158	193	1	1	1	2	0	83	201	115	0	4	0	2	0	151	201	75	0	3	0	0	0	12	41	0	0	0	0	
0	0	0	0	0	0	0	0	0	49	124	64	7	0	0	0	0	22	101	210	114	0	4	0	3	0	86	240	144	13	0	1	0	1	6	30	104	167	20	0	0	0	3	5	0	150	84	0	2	0	37	136	163	154	9	0	0	1	0	36	45	0	0	0	
0	0	1	2	0	0	0	0	0	0	0	3	68	55	0	0	1	0	6	145	105	173	27	0	4	0	135	108	36	200	6	0	3	0	99	138	202	131	0	4	0	1	0	21	181	21	0	1	0	1	0	174	102	0	3	0	1	0	19	98	3	0	0	0	
0	0	0	0	1	3	0	0	0	0	1	0	37	112	0	2	0	0	3	0	142	88	0	3	0	2	0	57	164	0	2	0	0	3	0	141	65	0	2	0	1	0	22	191	12	0	1	0	1	0	34	134	0	0	0	0	0	0	0	0	0	0	0	0	
0	0	2	2	0	0	2	0	0	2	1	2	57	50	0	0	2	0	41	172	143	213	128	0	0	44	202	62	0	219	198	0	0	181	72	0	52	246	99	0	0	191	134	171	211	104	2	0	0	58	168	99	12	0	2	0	0	0	0	0	1	4	0	0	
0	0	0	0	0	0	0	0	0	29	127	70	59	106	52	0	0	43	159	74	149	76	11	0	0	17	168	124	125	152	53	0	1	0	57	36	0	39	149	18	0	40	59	0	2	0	138	25	0	39	156	144	95	136	102	0	0	0	0	22	49	43	0	1	
0	0	0	0	1	1	0	0	0	0	0	3	0	71	177	14	0	0	4	0	27	249	126	0	0	3	0	39	247	164	0	1	2	0	64	243	154	1	1	1	0	45	251	167	0	1	1	0	0	112	201	20	0	2	0	0	0	0	0	2	1	0	0	0	
0	0	0	3	11	0	0	0	1	0	27	142	153	102	0	2	1	0	16	4	107	132	0	3	1	0	22	166	132	2	0	0	1	0	12	76	108	90	0	0	0	11	22	0	7	164	46	0	0	27	128	130	126	68	0	0	0	0	5	14	2	0	0	0	
0	0	0	0	13	10	0	0	0	0	1	1	140	155	8	0	0	2	0	0	36	190	16	0	0	1	36	6	119	144	0	3	0	126	208	234	238	148	21	1	0	130	164	66	8	145	104	0	0	0	0	0	0	0	0	0	0	3	3	3	1	4	2	0	
0	0	0	0	3	1	0	0	1	0	9	122	144	106	0	0	4	0	117	140	0	96	90	0	3	0	77	197	168	200	58	0	2	0	145	131	90	189	0	2	0	20	149	10	165	131	0	3	1	0	100	181	102	11	0	1	0	0	0	1	0	1	0	0	
0	0	0	1	2	0	1	0	0	0	1	1	3	8	0	0	1	3	0	16	153	244	98	0	0	0	8	76	164	167	36	0	19	37	29	127	169	83	0	3	36	197	70	48	142	47	0	2	0	41	106	99	32	0	1	0	0	0	0	0	1	1	0	0	
0	1	1	0	1	2	0	0	1	0	17	30	18	0	1	0	0	32	149	94	111	69	0	3	0	105	74	0	161	127	0	3	0	35	121	92	106	105	0	2	1	0	24	9	37	138	0	3	0	1	2	0	20	150	0	0	0	0	1	1	0	85	6	0	
0	0	0	1	0	1	1	0	0	0	3	1	3	0	52	21	0	0	0	9	0	40	140	2	0	0	105	135	25	174	37	0	0	69	137	129	224	113	0	1	0	0	0	153	61	0	2	0	1	0	22	65	0	4	0	0	0	0	0	1	2	0	0	0	
0	0	0	0	0	0	0	0	0	0	2	82	96	0	1	0	1	0	10	126	76	0	2	0	2	0	40	183	126	90	0	1	1	0	26	41	68	143	0	3	0	1	0	7	125	42	0	2	0	0	0	152	88	0	2	0	0	0	4	27	0	1	0	0	
0	1	3	0	0	0	0	0	0	0	0	0	4	10	8	0	0	31	167	207	174	211	160	0	0	29	94	40	80	225	61	0	0	1	0	2	217	137	0	4	1	0	0	193	178	0	1	0	0	3	178	169	0	0	1	0	0	36	199	38	0	3	0	0	
0	0	1	1	0	0	0	0	0	1	0	19	85	15	0	1	1	0	20	165	148	124	0	3	2	0	47	173	162	159	0	3	0	2	0	103	245	36	0	2	0	2	0	66	169	0	2	0	0	3	0	153	123	0	4	0	0	1	0	65	30	0	1	0	
0	0	0	0	6	4	0	0	0	2	0	44	157	37	12	4	0	3	0	126	61	125	179	8	0	3	0	120	217	136	10	0	2	0	84	183	190	1	0	1	0	19	191	21	183	59	0	2	1	0	92	181	152	11	0	1	0	0	0	6	2	0	0	0	
0	0	1	0	0	2	0	0	0	1	0	83	92	0	0	0	3	0	77	108	128	76	0	1	3	0	96	103	78	134	0	2	1	0	31	148	85	105	9	0	3	0	94	54	0	97	40	0	2	0	52	133	100	104	3	0	0	1	0	34	52	5	0	0	
0	0	2	1	0	0	0	0	0	1	0	24	80	39	0	1	2	0	73	135	118	198	0	1	2	0	188	144	157	183	0	2	1	0	42	46	198	96	0	4	0	2	0	62	197	6	0	1	1	0	19	231	71	0	3	0	2	0	44	99	0	1	0	0	
0	1	0	26	51	0	1	0	1	0	24	127	32	0	2	0	1	0	132	48	0	2	0	0	0	46	94	0	38	80	13	0	0	49	75	22	90	85	113	0	0	2	100	134	111	120	53	0	0	0	8	38	71	53	0	0	0	0	1	0	0	0	1	0	
0	0	2	2	0	0	0	1	0	1	1	0	46	53	14	0	2	0	38	192	201	224	218	15	0	16	226	131	0	163	201	0	0	114	170	0	104	246	38	0	0	123	215	187	253	92	0	2	0	13	143	137	34	0	2	0	0	0	0	0	0	3	0	0	
0	0	0	1	0	0	0	0	0	2	0	65	71	2	0	0	1	0	0	187	180	99	0	3	1	0	19	47	70	151	0	3	0	0	1	0	177	80	0	3	0	3	0	127	167	0	3	0	1	0	13	200	37	0	1	0	0	0	7	34	0	0	0	0	
0	0	1	2	0	0	0	0	0	1	3	0	34	104	28	0	0	2	0	142	251	255	130	0	0	1	162	229	94	158	194	0	0	119	205	0	0	215	115	0	0	197	190	99	219	170	5	0	0	72	196	200	101	0	1	0	0	0	0	0	0	2	1	0	
0	0	0	0	0	0	0	0	0	1	91	139	85	0	0	0	0	39	104	3	120	52	0	2	0	0	3	0	98	46	0	2	0	1	2	0	166	111	33	0	1	0	11	189	170	76	124	42	2	0	60	158	21	0	4	5	0	0	1	0	2	4	2	0	
0	0	0	0	2	1	1	0	0	0	0	4	0	126	54	0	0	0	3	0	69	205	6	0	0	2	0	40	229	55	0	2	1	0	8	213	111	0	3	0	1	0	183	146	0	4	0	0	0	48	175	1	1	1	0	0	0	0	0	1	0	0	0	0	
0	0	0	3	0	1	0	0	0	0	1	0	9	3	0	0	0	1	0	108	242	91	0	4	3	0	75	255	255	119	0	4	3	0	74	168	174	77	0	3	0	0	2	0	165	42	0	2	0	2	0	61	181	0	0	0	0	3	0	87	88	0	3	0	
0	0	0	2	0	0	1	0	0	0	3	0	131	177	2	0	0	2	0	117	205	218	114	0	3	0	86	255	38	168	155	0	0	6	209	70	30	234	48	0	0	59	235	137	239	100	0	3	0	23	198	186	56	0	3	0	0	0	0	0	0	2	0	0	
0	0	0	0	1	0	0	0	1	0	26	74	14	0	1	0	1	0	69	101	88	0	2	0	0	2	0	49	116	0	3	0	1	0	22	137	138	27	0	1	0	0	13	0	95	57	0	2	0	1	0	22	112	3	0	0	0	1	0	41	39	0	1	0	
0	0	0	0	1	1	0	0	0	0	0	4	0	99	98	0	0	0	3	0	38	237	53	0	0	1	0	12	210	102	0	3	0	1	0	189	155	0	4	0	3	0	142	199	0	1	1	0	0	2	177	48	0	2	0	0	0	0	0	2	1	0	0	0	
0	0	0	0	0	1	0	0	0	0	8	22	19	3	0	0	1	0	22	86	86	116	0	0	0	0	2	0	71	99	0	2	0	0	0	18	125	5	0	0	0	3	0	93	57	0	2	0	1	0	22	111	0	1	0	0	1	0	37	65	0	2	0	0	
0	0	0	0	0	0	0	0	0	0	3	2	7	82	42	0	0	2	2	0	29	244	180	0	0	5	77	104	21	156	70	0	0	108	88	123	237	98	0	2	5	154	135	126	203	32	0	1	0	24	24	0	52	53	0	1	0	0	0	3	1	0	0	0	
0	0	0	0	0	0	0	0	0	2	0	62	39	0	1	0	0	4	0	143	102	0	3	0	0	3	0	82	139	0	4	0	0	1	0	27	159	0	1	0	0	0	0	0	154	20	0	1	0	0	1	0	155	28	0	1	0	0	0	1	23	1	0	0	
0	0	0	0	0	0	0	0	0	0	0	61	90	63	2	0	2	0	51	204	184	210	4	0	0	0	7	0	118	155	0	3	0	3	0	61	222	23	0	1	1	0	21	223	79	14	10	0	0	0	206	155	0	4	0	0	0	12	100	12	0	1	0	0	
0	0	0	0	0	0	0	0	0	20	100	94	83	5	0	0	0	12	27	2	137	39	0	2	1	0	20	155	69	0	2	0	0	0	4	48	110	40	0	2	0	0	21	0	39	121	0	3	2	0	62	93	107	43	0	2	0	0	2	42	21	0	1	0	
0	0	0	1	2	0	0	0	0	0	1	1	0	21	49	17	0	2	0	26	89	104	86	16	2	0	43	188	143	0	1	0	0	23	73	34	158	11	1	1	0	40	188	149	57	0	2	0	0	0	15	17	0	1	0	0	0	1	1	1	2	0	0	0	
0	0	1	1	3	33	2	0	0	0	0	4	113	196	22	0	0	1	0	143	107	25	10	0	3	0	108	146	0	2	0	0	0	3	181	128	141	99	3	0	0	7	167	97	71	185	73	0	1	0	25	111	108	61	5	0	0	0	0	0	0	0	0	0	
0	0	0	0	0	1	0	0	0	1	0	58	153	187	35	0	0	1	0	98	115	213	53	0	2	0	60	173	221	105	0	3	2	0	62	85	132	116	0	4	0	126	46	0	176	67	0	3	0	78	183	192	99	0	2	0	0	0	2	3	0	1	0	0	
0	0	1	1	0	0	0	0	0	1	0	16	79	27	0	1	1	0	8	135	102	132	0	3	3	0	101	67	61	120	0	3	4	0	122	137	198	40	0	2	1	0	21	105	158	0	1	0	0	3	0	75	114	0	3	0	0	1	0	49	32	0	1	0	
0	0	2	2	0	1	2	1	0	1	1	0	0	2	130	22	2	0	66	145	0	93	166	0	0	16	184	65	0	206	53	0	0	109	221	67	171	145	0	3	0	13	88	224	188	1	1	1	0	0	3	147	30	0	1	0	0	1	4	1	1	1	0	0	
0	0	0	1	3	0	0	0	0	0	0	1	0	75	85	0	0	1	0	15	110	253	98	0	0	4	0	127	199	117	0	1	0	2	0	177	155	0	1	0	1	0	69	172	101	0	4	0	0	26	168	128	62	0	2	0	0	0	31	36	0	0	0	0	
0	0	2	1	0	1	2	1	0	1	1	2	0	43	114	0	1	0	33	24	0	168	71	0	0	35	179	7	93	142	0	2	0	21	151	157	221	48	0	2	0	1	0	169	74	0	3	0	1	0	18	159	17	0	1	0	0	0	0	1	2	0	0	0	
0	0	0	0	0	0	0	0	0	14	119	140	169	215	57	0	0	30	145	83	109	232	26	0	0	1	0	12	170	90	0	2	1	0	26	201	115	0	2	0	0	20	237	126	18	115	87	0	0	23	149	152	176	144	105	0	0	0	0	0	0	0	0	0	
0	0	2	2	0	0	1	0	0	2	0	6	62	22	0	0	2	0	34	179	198	250	129	0	0	23	208	89	34	164	173	0	0	183	133	0	38	196	102	0	0	156	217	203	202	127	0	1	0	7	38	36	6	0	1	0	0	1	0	0	1	3	0	0	
0	0	1	1	7	2	0	0	0	2	0	62	163	97	0	1	1	0	5	168	19	113	49	0	3	0	83	137	0	87	93	0	2	0	145	41	0	146	69	0	0	0	159	19	105	173	0	1	2	0	88	164	139	22	0	1	0	0	0	3	0	1	0	0	
0	0	1	3	0	0	2	0	0	1	2	0	46	58	0	0	1	0	12	146	180	200	149	0	0	21	191	139	0	166	216	0	0	164	95	0	9	209	81	0	0	175	129	122	199	118	0	1	0	36	164	130	37	0	2	0	0	0	0	0	0	3	0	0	
0	0	0	1	5	0	0	0	0	1	0	115	123	34	0	2	2	0	44	144	17	110	0	2	4	0	106	82	0	95	16	0	4	0	112	79	0	114	25	0	2	0	52	125	43	127	0	2	0	2	0	88	154	28	0	1	0	0	0	1	2	1	0	0	
0	0	2	0	37	78	0	2	0	0	2	0	172	98	0	3	0	1	0	147	134	0	2	0	3	0	94	166	0	5	0	0	0	2	173	81	139	172	8	0	0	2	166	238	188	172	5	0	1	0	19	75	72	10	0	1	0	0	1	0	0	1	0	0	
0	0	0	6	4	0	0	0	1	0	8	121	142	95	0	0	2	0	65	86	1	189	20	0	3	0	64	148	103	90	0	2	1	0	4	206	166	0	0	0	3	0	96	79	114	148	0	4	2	0	43	134	153	59	0	2	0	0	0	7	7	0	0	0	
0	0	1	3	0	0	0	0	0	0	2	0	41	68	2	0	1	0	3	134	135	181	141	0	2	0	139	117	26	199	80	0	0	4	190	147	241	146	0	3	0	1	0	144	178	0	1	1	2	0	94	178	11	3	1	0	0	0	101	36	0	2	0	0	
0	0	1	1	0	1	0	0	0	1	0	34	67	1	0	0	1	0	30	112	123	85	0	3	3	0	100	24	91	110	0	4	3	0	100	79	172	30	0	1	1	0	25	77	130	24	0	1	0	0	4	0	110	55	0	2	0	0	2	0	39	23	0	1	
0	0	0	4	0	60	82	0	0	0	3	0	107	181	50	0	0	2	0	134	167	2	0	1	3	0	114	161	14	49	2	0	0	19	170	42	177	199	8	0	0	31	190	172	220	121	0	1	1	0	47	86	46	6	0	0	0	0	0	0	0	2	0	0	
0	0	0	0	0	0	0	0	0	0	2	0	58	59	0	2	0	0	2	0	146	61	0	2	0	1	0	17	140	0	0	0	0	2	0	61	110	0	3	0	0	3	0	131	49	0	2	0	1	0	15	130	0	0	0	0	0	0	5	16	0	0	0	0	
0	0	3	0	23	86	0	0	0	1	0	19	194	99	0	2	2	0	30	185	80	0	2	0	3	0	170	95	7	131	48	0	0	16	168	76	158	215	105	0	0	13	181	235	230	115	2	0	1	0	21	59	64	3	0	0	0	0	0	0	0	3	1	0	
0	0	0	2	0	5	1	0	0	0	1	0	121	155	2	0	0	1	0	150	152	10	0	1	3	0	77	148	0	2	0	0	3	0	120	79	151	52	0	2	4	0	111	145	149	80	0	3	1	0	20	122	115	8	0	1	0	0	0	6	6	0	0	0	
0	0	0	1	1	0	0	0	0	0	1	0	44	124	52	0	0	4	0	54	202	211	144	0	1	1	0	53	101	172	48	0	0	60	105	113	155	81	0	2	38	161	78	162	202	4	0	0	13	105	104	24	49	7	0	0	0	0	0	0	0	0	0	0	
0	0	0	0	1	0	0	0	3	0	69	169	4	0	1	0	3	0	67	255	47	0	2	0	0	2	0	198	152	0	3	0	0	3	0	97	234	12	0	1	0	2	0	45	255	97	0	4	0	1	0	11	181	65	0	3	0	0	0	0	0	0	0	0	
0	0	0	0	0	1	0	0	0	1	0	24	157	190	78	0	0	3	0	22	70	157	106	0	1	0	18	158	187	208	27	0	0	45	38	91	33	167	51	0	0	160	100	54	139	130	0	2	0	71	206	189	91	0	0	0	0	0	1	0	0	2	0	0	
0	0	1	1	0	0	0	0	0	1	0	46	21	29	0	1	1	0	31	114	77	88	0	2	3	0	130	115	158	71	0	3	1	0	126	79	107	75	0	3	0	0	3	0	97	66	0	3	0	0	6	0	100	70	0	3	0	0	1	0	37	28	0	1	
0	0	0	3	0	1	0	0	0	0	2	0	0	7	91	7	0	0	0	119	11	95	153	0	3	0	119	126	18	182	16	0	0	3	209	103	184	135	0	4	1	0	30	218	151	8	1	0	2	0	58	162	0	0	0	0	1	0	23	23	0	2	0	0	
0	0	1	0	32	30	0	1	0	2	0	56	198	106	0	1	1	0	2	210	70	0	2	0	3	0	117	160	43	72	0	0	2	0	196	200	117	220	63	0	3	0	103	177	62	220	25	0	0	0	1	75	142	56	0	2	0	0	1	0	0	0	0	0	
0	0	0	1	0	1	0	0	0	0	2	2	0	22	88	1	0	1	0	24	0	128	73	0	2	0	53	113	57	142	0	2	2	0	165	132	178	54	0	2	0	3	0	123	126	0	4	0	1	0	26	153	10	0	0	0	1	0	17	25	0	1	0	0	
0	0	2	1	0	2	1	0	0	1	0	36	47	0	31	25	2	0	44	181	65	49	147	45	0	0	164	41	15	165	22	0	0	12	178	3	161	119	1	1	2	0	89	201	206	87	1	0	0	2	0	148	41	0	1	0	0	1	0	37	9	0	0	0	
0	0	1	2	0	2	0	0	0	1	0	14	72	21	0	1	1	0	16	129	139	172	0	1	4	0	106	158	166	193	0	1	3	0	83	113	159	79	0	3	0	2	0	64	158	0	0	0	2	0	39	194	25	0	1	0	2	0	44	52	0	2	0	0	
0	0	1	1	0	1	1	0	0	2	0	85	197	20	0	1	3	0	53	227	192	193	24	0	1	0	147	56	0	116	146	0	0	24	157	0	0	129	109	0	0	23	206	43	118	167	2	0	0	0	143	207	129	10	0	1	0	0	0	0	0	2	1	0	
0	0	0	0	1	0	0	0	0	0	0	1	0	162	52	0	0	0	3	0	52	221	17	0	0	1	2	0	201	119	0	3	0	2	0	150	186	0	1	0	2	0	129	222	14	0	1	0	0	0	187	89	0	3	0	0	0	0	0	1	1	0	0	0	
0	1	4	2	0	1	1	0	0	0	0	0	0	1	0	0	0	29	93	101	95	126	30	0	0	149	123	4	0	110	37	0	0	47	47	0	0	99	14	0	0	0	2	0	21	113	0	2	0	2	4	0	78	80	0	3	0	0	2	0	98	24	0	1	
0	0	0	3	2	2	0	0	0	0	0	0	4	0	0	0	0	1	0	120	203	161	19	0	3	0	107	164	131	180	0	2	0	0	12	0	154	52	0	2	0	3	0	90	149	0	3	0	0	0	0	181	51	0	2	0	2	0	46	132	0	2	0	0	
0	0	0	0	18	8	0	0	0	0	4	0	120	90	0	3	0	0	4	0	139	85	0	3	0	2	0	77	246	86	0	3	2	0	33	213	196	26	0	1	4	0	109	249	61	0	3	0	2	0	58	98	0	2	0	0	0	0	0	0	1	0	0	0	
0	0	0	2	0	0	0	0	0	0	3	0	45	59	0	1	0	1	0	84	112	182	42	0	2	0	88	123	42	187	29	0	3	0	141	123	211	110	0	3	0	2	0	85	153	0	1	0	2	0	45	197	22	0	1	0	2	0	58	59	0	2	0	0	
0	0	0	0	0	0	0	0	0	0	4	2	4	30	0	0	3	0	97	45	20	125	0	2	3	0	122	21	89	83	0	3	3	0	106	118	204	35	0	2	1	0	20	70	147	18	0	1	0	1	0	15	116	0	0	0	0	0	0	14	35	0	1	0	
0	0	0	1	2	0	0	0	0	0	2	0	6	35	41	7	0	2	0	17	78	122	133	12	2	0	38	189	184	29	0	2	0	42	105	26	134	91	0	4	0	65	158	130	106	0	1	0	1	0	16	29	0	0	0	0	0	2	1	0	2	0	0	0	
0	0	0	0	0	0	0	0	2	0	64	149	153	21	0	1	2	0	59	94	186	21	0	1	0	3	0	91	124	21	27	0	1	0	6	194	20	67	96	0	3	0	112	248	109	136	77	0	2	0	153	62	115	114	0	0	0	0	0	0	0	0	0	0	
0	0	3	4	0	0	0	0	0	0	0	0	10	4	6	0	0	1	68	137	195	224	139	0	0	2	160	113	107	220	24	0	0	1	0	16	197	47	0	2	1	0	6	196	93	0	4	0	0	0	178	127	0	4	0	0	0	52	143	0	2	0	0	0	
0	0	1	2	0	0	0	0	0	0	0	3	31	10	17	2	2	0	38	149	128	189	120	0	2	0	56	184	122	31	0	1	3	17	0	0	78	161	4	0	1	143	104	75	112	176	6	0	0	23	97	124	109	18	0	1	0	0	0	0	0	1	0	0	
0	0	0	0	2	3	2	0	0	0	1	3	0	0	1	2	0	0	1	0	62	101	141	66	1	0	17	151	111	34	28	2	1	0	82	130	120	0	3	0	0	36	119	95	70	0	3	0	0	0	9	8	0	0	0	0	0	0	0	1	2	0	0	0	
0	0	0	0	0	0	0	0	0	0	0	101	53	0	1	0	1	0	15	146	11	0	0	0	0	0	7	148	93	10	0	1	0	0	1	0	80	69	0	3	0	0	3	0	52	89	0	3	1	0	33	68	103	30	0	1	0	0	0	38	23	0	1	0	
0	0	0	1	3	0	14	8	0	0	2	2	0	85	138	5	0	2	0	17	133	142	20	0	2	0	66	180	99	33	0	1	0	49	147	70	165	172	0	2	0	132	136	143	209	54	0	2	0	23	89	61	13	0	0	0	0	0	0	0	1	2	0	0	
0	0	3	1	0	0	0	0	0	1	0	37	76	8	0	0	2	0	83	147	162	113	0	4	3	0	179	99	58	185	7	0	1	0	22	133	217	132	17	0	0	2	0	57	161	0	2	0	0	2	0	152	67	0	3	0	0	0	0	67	14	0	0	0	
0	0	0	0	0	0	0	0	0	0	0	0	91	187	82	0	0	5	0	117	160	171	90	0	0	0	2	0	53	144	0	0	0	59	126	132	138	30	3	0	40	204	152	208	137	141	37	0	8	60	22	3	47	16	0	1	0	0	1	1	0	1	0	0	
0	1	0	13	55	2	0	0	1	0	13	161	114	2	1	0	3	0	146	100	0	4	0	0	0	25	151	42	171	164	31	0	0	32	151	140	17	74	145	0	2	0	145	230	65	148	66	0	0	0	5	91	132	58	0	1	0	0	1	0	0	0	2	0	
0	0	0	0	0	0	0	0	0	0	1	2	10	87	94	0	0	3	0	3	122	230	50	0	0	0	5	104	173	149	0	1	5	85	6	55	97	139	0	3	0	191	115	74	128	57	0	2	0	39	139	140	49	0	1	0	0	0	0	0	1	1	0	0	
0	0	0	0	1	1	7	1	0	0	0	2	0	40	82	0	0	0	1	0	19	111	13	0	0	0	2	0	100	33	0	1	0	2	0	71	63	0	2	0	2	0	119	114	0	2	0	0	0	1	123	16	0	1	0	0	0	0	0	1	0	0	0	0	
0	0	0	0	2	1	0	0	0	0	0	3	0	78	86	0	0	0	3	0	42	228	60	0	0	1	0	20	215	84	0	3	0	1	0	189	119	0	5	0	3	0	148	171	0	4	0	0	0	41	200	14	0	1	0	0	0	14	23	0	1	0	0	0	
0	0	0	0	2	0	0	0	0	2	0	47	79	0	2	0	0	3	0	86	88	0	3	0	0	3	0	80	108	0	3	0	0	3	0	76	120	0	3	0	0	3	0	71	118	0	3	0	0	1	0	23	129	2	0	0	0	0	0	0	3	1	0	0	
0	0	1	1	0	1	2	2	0	0	1	4	4	0	109	35	1	0	18	135	0	67	146	0	2	0	132	105	0	173	29	0	0	87	197	119	208	74	0	3	0	38	2	149	114	0	4	0	2	0	44	141	1	1	0	0	0	1	3	2	1	0	0	0	
0	0	0	0	0	0	1	0	1	0	24	122	83	70	2	0	2	0	34	219	79	100	99	0	0	2	0	123	42	54	117	0	0	3	0	60	207	115	10	0	2	0	37	156	150	0	3	0	0	27	167	120	33	0	2	0	0	12	42	6	0	1	0	0	
0	0	0	2	2	0	29	7	0	0	2	2	0	25	140	2	0	3	0	52	64	123	81	0	2	0	65	151	92	133	0	2	0	71	208	164	213	150	32	0	0	29	13	179	103	21	4	0	1	0	33	102	0	1	0	0	0	1	1	0	3	1	0	0	
0	0	0	0	1	1	0	0	0	0	0	2	0	76	20	0	0	0	3	0	69	146	0	1	0	1	0	14	169	28	0	1	0	2	0	127	89	0	3	0	2	0	39	133	0	2	0	0	3	0	90	51	0	2	0	0	0	0	12	4	0	0	0	0	
0	0	0	2	0	0	0	0	0	0	4	0	90	115	16	0	0	4	0	105	251	255	114	0	5	0	116	208	0	152	125	0	0	88	191	0	95	199	13	0	0	169	184	167	209	38	0	2	0	34	146	106	3	0	2	0	0	0	0	0	2	2	0	0	
1	3	3	4	4	3	1	0	0	0	0	0	0	0	0	0	36	87	81	105	102	168	48	0	33	131	138	109	82	221	37	0	0	0	3	0	114	137	0	3	1	4	0	16	199	29	0	1	0	3	0	85	148	0	3	0	0	1	0	34	32	0	1	0	
0	0	0	3	0	0	0	0	0	0	1	0	35	63	10	0	0	0	1	106	99	158	44	0	3	0	111	111	70	175	0	1	2	0	81	107	192	99	0	3	0	2	0	41	140	0	0	0	1	0	19	169	42	0	2	0	2	0	48	69	0	2	0	0	
0	0	0	2	0	0	0	0	0	0	0	5	13	0	0	0	0	0	0	74	142	22	0	1	2	0	62	135	141	56	0	2	2	0	40	65	77	34	0	1	0	0	0	0	96	8	0	0	0	0	0	22	85	0	2	0	0	1	0	18	40	0	1	0	
0	0	1	2	0	1	0	0	0	1	1	1	65	38	0	1	1	0	19	129	95	182	11	0	1	0	136	80	131	208	0	0	0	4	139	105	202	72	0	3	0	1	0	105	115	0	2	0	3	0	88	164	0	1	0	0	1	0	67	24	0	1	0	0	
0	0	1	1	0	0	0	0	1	0	15	149	68	0	2	0	0	1	0	30	182	25	0	1	0	1	0	16	168	20	0	1	1	0	4	165	45	0	2	0	1	0	4	160	103	13	0	1	0	1	0	9	106	147	30	0	0	0	1	2	0	6	6	0	
0	0	0	3	0	65	42	0	0	0	3	0	70	146	8	0	0	2	0	78	146	1	0	1	2	0	37	167	74	69	0	0	1	0	128	118	141	176	10	0	0	7	176	216	203	69	0	2	1	0	41	74	62	0	0	0	0	0	0	0	0	2	0	0	
0	0	0	0	0	0	0	0	0	14	98	117	44	0	2	0	0	10	31	30	128	6	0	0	0	0	1	0	116	13	0	0	1	0	12	108	183	7	0	1	3	0	83	124	100	73	0	3	1	0	22	16	49	101	0	3	0	0	0	0	8	16	0	0	
0	0	0	0	1	1	2	0	0	0	0	2	0	129	39	0	0	0	3	0	60	184	0	0	0	1	1	0	195	76	0	3	1	0	0	158	135	0	3	0	1	0	175	162	0	3	0	0	0	41	179	18	0	1	0	0	0	0	0	2	1	0	0	0	
0	0	2	5	0	0	0	0	1	0	121	176	83	0	2	0	0	2	2	149	123	0	5	0	3	0	58	215	33	9	0	0	1	0	17	119	157	176	50	0	0	0	7	11	51	190	61	0	1	0	18	156	145	52	0	2	0	0	0	2	0	1	1	0	
0	0	0	1	0	0	0	0	0	0	1	0	71	135	75	0	0	2	0	58	193	200	76	0	0	4	0	95	229	29	0	2	1	0	24	172	172	0	3	0	0	2	128	147	116	0	3	0	0	47	206	135	15	0	1	0	0	8	42	5	0	0	0	0	
0	0	0	1	0	0	0	0	0	0	1	0	95	46	0	2	0	1	0	39	179	9	0	1	0	3	0	99	140	0	4	0	0	3	0	139	68	0	2	0	0	0	0	179	35	0	1	0	0	1	0	170	48	0	2	0	0	1	0	20	15	0	1	0	
0	0	0	2	0	2	6	0	0	0	1	0	16	118	56	0	0	2	0	86	164	202	48	0	1	0	12	101	145	96	2	0	2	0	88	138	159	27	0	1	0	12	4	13	154	15	0	1	0	79	165	141	54	0	2	0	0	1	9	3	0	0	0	0	
0	0	0	0	0	0	0	0	1	0	74	141	146	41	0	2	0	0	66	35	84	147	0	3	0	0	4	93	183	86	0	3	0	0	9	81	155	92	0	4	0	0	3	0	106	87	0	3	0	33	155	137	144	4	0	1	0	1	37	52	9	0	0	0	
0	0	0	0	0	0	0	0	0	1	0	1	4	43	21	0	0	1	0	4	122	149	144	0	3	32	0	91	203	168	49	0	9	150	8	65	55	154	23	0	0	101	213	155	124	65	0	2	0	0	28	43	13	0	1	0	0	2	0	0	1	2	0	0	
0	1	2	0	2	0	0	0	1	1	0	89	184	88	0	2	0	2	154	141	157	66	0	1	0	175	92	56	126	0	4	0	0	149	162	184	199	107	10	0	0	2	18	159	81	121	178	0	0	4	0	82	26	23	169	1	0	0	2	1	1	3	0	0	
0	0	1	4	1	0	0	0	0	0	1	0	33	38	0	1	1	0	8	117	230	239	37	0	1	0	134	120	135	182	1	0	0	3	0	46	196	20	0	1	2	0	31	198	60	0	3	0	0	9	212	81	0	4	0	0	0	34	100	0	2	0	0	0	
0	0	0	0	0	0	0	0	0	0	0	23	64	33	0	1	0	1	0	83	125	143	0	2	0	0	3	0	88	80	0	3	0	1	0	21	152	9	0	1	0	3	0	124	78	0	2	0	2	0	42	189	3	0	0	0	1	0	27	49	0	1	0	0	
0	0	0	1	2	0	0	0	0	0	1	1	1	8	0	0	0	2	0	22	128	206	95	0	0	1	3	118	202	136	16	0	13	29	11	74	128	89	0	3	17	178	53	54	146	27	0	1	0	48	100	94	24	0	1	0	0	0	0	0	1	1	0	0	
0	0	0	1	0	1	0	0	2	0	57	181	88	0	1	0	1	0	25	28	158	82	0	3	0	0	3	0	101	123	0	4	0	0	0	0	154	36	0	2	1	0	21	157	200	105	25	0	2	0	143	120	1	33	13	0	0	0	3	0	0	0	0	0	
0	0	0	3	0	0	0	0	0	0	2	0	53	119	46	0	0	0	0	109	99	147	124	0	2	0	115	140	126	230	29	0	0	0	168	146	239	103	0	3	1	0	0	157	144	0	3	0	1	0	140	175	14	0	1	0	0	2	41	4	1	1	0	0	
0	0	1	3	0	1	1	0	0	1	2	0	9	4	0	0	1	0	15	140	221	192	10	0	0	3	176	214	241	251	51	0	0	61	255	151	207	104	0	3	0	6	33	23	206	32	0	2	0	4	0	129	183	0	3	0	0	3	0	119	84	0	2	0	
0	0	0	1	1	0	0	0	0	0	1	0	19	69	73	15	0	1	0	38	146	190	141	5	0	4	0	99	205	97	0	0	2	0	31	203	120	0	4	1	0	29	151	152	87	0	4	0	0	48	171	133	11	0	1	0	0	0	16	11	0	0	0	0	
0	0	0	5	5	0	0	0	0	0	73	108	124	58	0	2	0	43	91	0	23	127	0	1	0	1	1	0	11	86	0	1	1	0	20	93	96	82	0	3	0	2	128	36	171	131	0	3	0	6	123	107	94	62	3	0	0	0	7	13	0	0	0	0	
0	0	0	1	0	6	6	0	0	0	0	0	85	111	97	1	0	2	0	86	119	127	39	0	0	4	0	143	171	90	0	1	2	0	40	191	120	0	4	0	0	42	137	124	95	0	3	0	0	57	166	104	3	0	0	0	0	0	9	2	0	0	0	0	
0	0	6	17	8	0	0	0	0	38	121	96	106	61	0	1	0	38	23	0	10	119	6	0	1	0	35	109	167	69	0	2	1	0	27	57	62	114	51	0	0	14	4	1	0	64	121	0	0	61	120	109	118	100	13	0	0	0	7	14	4	0	0	0	
0	0	0	1	0	0	4	1	0	0	1	3	1	12	105	0	0	4	0	95	52	76	115	0	1	0	20	146	6	141	26	0	0	34	234	150	122	182	0	2	0	38	64	65	203	30	0	0	0	3	0	94	87	0	3	0	0	1	3	7	2	2	0	0	
0	0	0	2	5	0	0	0	1	0	37	116	133	49	0	2	1	0	62	27	40	127	0	3	0	0	3	0	86	95	0	3	0	0	60	86	129	13	0	1	0	43	121	186	138	0	4	0	0	10	114	37	88	119	6	0	0	0	0	0	1	6	0	0	
0	0	1	0	0	0	0	0	0	1	0	38	66	65	17	0	2	0	57	179	157	229	25	0	1	0	20	0	117	108	0	3	0	3	0	97	168	0	1	0	2	0	43	197	19	0	1	0	1	0	186	90	0	4	0	0	0	17	114	16	0	1	0	0	
1	0	28	125	97	11	0	1	1	0	13	56	82	133	0	0	0	0	0	3	0	145	56	0	0	2	1	7	0	168	44	0	0	0	3	0	91	182	0	2	0	148	207	159	211	32	0	2	0	69	48	92	51	0	1	0	0	0	0	0	1	1	0	0	
0	0	2	3	0	0	0	0	0	0	1	0	18	68	19	0	2	0	69	148	142	239	49	0	1	0	54	42	89	140	0	2	0	2	0	37	184	17	0	1	1	0	14	189	52	0	2	0	0	0	172	101	0	4	0	0	0	27	101	2	1	0	0	0	
0	0	0	0	0	0	0	0	2	0	67	206	93	0	2	0	3	0	63	255	79	0	3	0	0	0	0	89	151	42	0	2	0	0	3	0	64	206	0	0	1	0	29	124	163	226	3	0	0	0	0	130	212	57	0	2	0	0	0	0	0	0	0	0	
0	0	0	3	0	63	29	0	0	0	3	0	64	144	4	0	0	2	0	53	154	5	0	1	1	0	13	165	90	42	0	1	4	0	107	179	106	165	7	0	3	0	164	235	148	71	0	2	1	0	37	79	45	0	1	0	0	0	0	0	0	2	0	0	
0	1	2	0	0	2	0	0	0	2	0	76	148	19	0	1	0	23	192	225	255	145	0	2	0	164	169	0	123	229	117	0	0	162	64	0	0	45	200	0	0	77	208	68	15	139	158	0	1	0	86	199	214	194	26	0	0	1	0	1	17	7	0	0	
0	0	0	1	0	0	0	0	0	1	0	20	164	170	25	0	0	0	0	156	88	110	86	0	0	1	3	9	0	154	28	0	0	0	13	19	127	112	0	3	0	49	147	213	204	17	0	0	0	75	169	40	107	123	0	3	0	0	0	0	1	2	0	0	
0	0	0	1	0	2	0	0	0	0	0	0	113	60	0	2	0	4	0	109	241	8	0	1	0	3	0	172	190	0	2	0	1	0	4	231	97	0	3	0	1	0	4	231	111	0	3	0	0	3	0	97	172	0	1	0	0	0	0	0	0	0	0	0	
0	0	0	0	1	4	24	0	0	0	0	4	0	101	152	0	0	0	3	0	37	212	37	0	0	2	0	23	208	75	0	3	1	0	15	197	105	0	4	0	0	5	213	203	20	0	1	0	0	34	124	13	0	1	0	0	0	0	0	0	1	0	0	0	
0	7	30	0	2	1	0	0	0	7	213	116	0	1	0	0	2	0	63	254	164	0	5	3	0	1	0	200	255	32	0	2	3	0	94	255	254	154	118	76	0	5	213	255	207	181	146	67	1	0	33	43	0	0	0	0	0	0	0	0	0	3	4	2	
0	0	0	2	0	0	0	0	0	0	2	0	53	102	45	0	0	1	0	100	90	106	149	0	3	0	96	120	69	203	32	0	3	0	111	133	222	63	0	3	1	0	3	148	86	0	4	0	0	0	158	104	0	4	0	0	0	10	54	5	1	0	0	0	
0	1	0	25	29	0	1	0	3	0	69	218	213	22	0	1	2	0	73	40	127	103	0	4	0	0	4	0	104	127	0	4	0	15	183	147	154	124	25	2	0	65	216	214	247	224	154	0	0	10	120	61	10	29	5	0	0	0	0	0	0	0	1	0	
0	0	0	2	0	6	4	0	0	0	1	0	72	122	134	2	0	3	0	78	122	51	141	0	0	1	0	172	138	165	24	0	0	7	141	57	137	144	0	3	0	114	94	27	178	23	0	1	0	65	151	135	32	0	2	0	0	0	11	2	1	1	0	0	
0	0	0	0	0	0	0	0	0	0	0	126	196	98	0	2	0	0	7	62	103	224	10	0	0	0	2	78	154	79	0	1	1	0	0	192	213	38	0	2	0	5	47	86	233	101	0	3	0	12	170	177	73	0	1	0	0	0	0	0	0	1	0	0	
0	0	2	4	0	1	1	0	0	0	0	0	6	0	13	7	1	0	52	138	178	193	183	16	1	0	106	82	107	205	32	0	0	3	0	60	174	21	0	2	3	0	82	191	18	0	3	0	0	60	198	20	0	3	0	0	0	102	75	0	4	0	0	0	
0	0	1	0	0	0	0	0	0	1	0	119	146	18	0	1	3	0	143	255	255	179	0	3	2	0	103	141	121	229	16	0	0	21	140	187	228	255	191	34	0	55	255	246	240	71	120	85	1	0	74	135	33	0	1	0	0	0	0	0	1	3	3	1	
0	0	0	2	1	0	0	0	0	0	2	0	22	132	64	0	0	2	0	54	158	102	192	11	1	0	33	159	2	116	151	0	3	0	67	161	141	116	0	0	0	0	107	218	47	0	3	0	0	102	155	131	0	4	0	0	0	27	39	22	0	1	0	0	
0	0	1	1	0	1	0	0	0	0	0	12	11	0	0	0	2	0	54	231	241	90	0	3	4	0	144	255	255	111	0	4	1	0	7	66	245	49	0	2	0	2	0	37	219	18	0	1	0	2	0	56	217	4	0	1	0	1	0	9	148	40	0	2	
0	0	0	2	0	0	0	0	0	0	1	0	37	68	72	12	0	0	0	103	89	75	181	18	3	0	80	96	39	148	29	0	3	0	61	183	117	15	0	2	0	15	155	212	10	0	2	0	0	76	184	54	0	2	0	0	0	0	0	0	0	0	0	0	
0	0	0	0	0	0	0	0	0	20	54	64	18	0	1	0	0	83	99	74	142	27	0	1	2	0	68	162	174	18	0	1	0	16	14	28	66	109	65	0	0	54	116	87	66	113	161	0	0	0	13	37	68	69	10	0	0	1	0	0	0	0	0	0	
0	0	0	0	0	0	0	0	0	0	2	0	45	141	74	0	0	2	0	5	167	231	96	0	1	0	21	45	65	149	6	0	0	40	98	139	232	44	0	2	28	169	122	96	131	50	0	2	22	104	51	0	37	15	0	1	0	0	0	2	1	0	0	0	
0	0	0	2	2	3	0	0	0	0	1	3	10	0	23	28	0	3	0	110	195	158	199	93	2	0	76	181	142	83	14	0	0	0	207	163	19	0	2	2	0	1	16	149	214	1	0	1	0	9	153	171	62	0	2	0	0	5	55	10	0	0	0	0	
0	0	0	0	0	0	0	0	0	2	3	0	56	181	75	0	0	1	0	33	133	195	140	0	0	52	58	120	181	134	0	1	0	142	90	43	80	140	0	3	0	156	111	4	151	87	0	3	0	62	192	180	96	0	1	0	0	0	0	0	0	1	0	0	
0	0	0	0	0	0	0	0	0	6	18	0	12	83	0	0	0	56	168	0	57	185	0	3	0	56	202	36	81	182	0	3	0	43	221	188	218	196	0	1	0	5	13	0	45	196	0	0	0	0	1	0	20	193	16	0	0	0	1	0	2	16	0	0	
0	0	1	2	0	0	1	0	0	1	0	2	58	64	7	0	1	0	20	130	96	213	123	0	0	16	175	92	111	255	73	0	0	26	185	109	158	178	0	1	0	2	0	42	197	34	0	2	2	0	56	213	58	0	2	0	1	0	93	60	0	3	0	0	
0	0	0	0	0	0	0	0	0	1	0	19	45	0	1	0	0	3	0	77	141	0	4	0	0	3	0	108	125	0	4	0	0	3	0	135	76	0	3	0	0	3	0	130	59	0	2	0	0	2	0	66	96	0	3	0	0	0	0	3	21	0	0	0	
0	0	1	3	0	0	3	0	0	1	2	0	19	9	0	0	1	0	13	132	181	231	98	0	0	4	172	99	13	194	176	31	0	97	115	0	10	170	29	0	0	127	88	11	166	104	0	3	0	43	122	125	100	0	2	0	0	0	0	0	0	2	0	0	
0	0	0	0	0	0	0	0	1	0	22	92	88	33	0	1	1	0	19	89	187	169	0	3	0	0	6	27	176	113	0	3	1	0	2	164	241	102	0	2	0	3	0	118	100	0	3	0	1	0	12	195	29	0	1	0	0	0	8	72	6	0	0	0	
0	0	3	1	0	0	0	0	0	0	0	3	20	14	0	0	0	0	119	194	176	198	10	0	0	4	92	33	66	174	0	2	0	0	1	0	177	74	0	3	0	3	0	105	161	0	2	0	2	0	63	190	16	0	1	0	1	0	147	54	0	2	0	0	
0	0	1	0	0	0	0	0	0	1	0	45	126	100	0	0	3	0	76	177	69	135	12	0	2	0	53	167	182	87	0	3	0	3	0	121	219	13	0	1	1	0	18	153	149	37	0	1	0	0	0	182	137	0	2	0	0	1	0	21	11	0	0	0	
0	0	1	2	0	0	2	0	0	1	0	4	66	70	1	0	1	0	21	155	84	118	120	0	1	0	140	47	57	138	71	4	0	11	184	126	230	101	0	4	1	0	14	94	171	3	2	1	1	0	16	179	53	0	2	0	2	0	60	77	0	3	0	0	
0	0	1	3	0	0	0	0	0	1	2	0	36	60	0	0	1	0	15	111	134	213	34	0	0	27	212	136	160	161	0	1	0	26	136	109	218	41	0	2	0	3	0	93	139	0	3	0	1	0	12	185	33	0	1	0	1	0	19	62	0	1	0	0	
0	0	1	2	0	0	1	0	0	1	1	0	105	127	20	0	1	0	5	174	154	208	167	0	0	0	184	148	0	172	226	0	0	112	176	0	49	229	82	0	0	200	75	109	242	89	0	3	0	162	228	170	44	0	4	0	0	10	17	0	0	2	0	0	
0	0	0	0	0	0	0	0	1	0	24	146	125	70	0	1	2	0	22	227	206	205	51	0	0	2	0	23	187	157	25	0	1	0	14	99	202	130	0	4	0	12	153	91	66	142	0	3	0	44	199	132	128	26	0	1	1	0	20	34	1	0	0	0	
0	0	0	3	0	58	45	0	0	0	3	0	70	132	13	0	0	2	0	71	161	6	0	1	2	0	54	150	9	0	1	0	1	0	149	58	119	172	8	0	0	0	135	200	179	100	0	1	1	0	10	51	28	0	1	0	0	0	1	0	0	2	0	0	
0	0	0	1	1	1	0	0	1	0	4	156	180	22	0	1	3	0	85	161	93	161	0	3	4	0	126	82	0	168	5	0	4	0	110	128	0	163	16	0	2	0	54	219	66	169	0	1	1	0	6	119	185	86	0	3	0	0	0	0	3	0	0	0	
0	0	0	2	0	1	1	0	0	0	2	0	1	0	30	42	0	1	0	73	17	5	124	27	1	0	99	107	0	127	61	0	0	41	186	96	142	140	0	2	0	5	0	131	123	0	3	0	0	0	10	62	1	1	0	0	0	0	0	0	2	0	0	0	
0	0	4	2	0	1	0	0	1	0	83	121	91	12	0	1	0	1	4	10	71	106	0	2	0	0	0	0	14	114	0	1	0	6	98	114	162	108	23	14	0	65	210	190	117	80	66	11	0	9	55	14	0	1	0	0	0	0	0	1	4	3	2	0	
0	0	0	0	2	0	2	0	0	0	0	3	0	135	95	0	0	0	4	0	112	225	14	0	0	3	0	55	233	48	0	2	1	0	19	225	94	0	4	0	0	0	201	140	0	4	0	0	0	17	194	33	0	2	0	0	0	0	0	2	0	0	0	0	
0	0	1	1	5	3	1	0	0	1	0	39	82	0	2	0	1	0	4	182	138	103	40	0	4	0	120	110	14	32	6	0	2	0	59	129	80	3	0	0	0	0	4	3	128	110	0	4	1	0	26	128	133	47	0	2	0	0	0	10	10	0	0	0	
0	0	0	0	1	1	0	0	0	0	0	3	0	75	108	0	0	0	2	0	24	215	59	0	0	1	1	0	196	124	0	3	1	0	0	185	160	0	2	0	1	0	176	172	0	3	0	0	0	23	200	50	0	3	0	0	0	0	0	1	1	0	0	0	
0	0	2	0	2	2	0	0	0	0	0	18	6	0	0	0	3	0	85	193	148	44	0	1	3	0	176	145	204	144	0	4	1	0	37	116	196	88	0	4	0	0	3	0	168	97	0	4	0	0	5	0	155	105	0	4	0	0	2	0	64	92	0	3	
0	0	0	0	0	0	0	0	0	0	0	2	118	174	82	0	0	3	0	8	25	112	145	0	0	0	14	9	1	170	44	0	0	83	128	174	255	132	0	4	44	201	130	157	90	187	54	0	3	56	52	4	0	77	69	0	0	0	0	2	4	1	0	0	
0	0	0	0	7	5	0	0	0	3	52	122	161	39	0	2	0	27	232	77	0	112	91	0	2	0	76	180	150	152	7	0	2	0	36	197	234	116	0	3	0	7	201	51	26	229	30	0	0	9	110	122	147	92	0	0	0	0	0	4	6	0	0	0	
0	0	0	1	2	5	0	0	0	1	0	10	106	76	60	1	0	2	0	122	48	115	140	0	0	0	3	145	130	114	0	1	2	0	32	223	137	0	6	0	0	39	168	83	142	0	8	0	0	22	135	138	73	0	2	0	0	0	6	7	0	0	0	0	
0	0	0	1	0	1	0	0	0	1	0	48	4	52	16	0	0	0	10	142	16	138	10	0	3	0	91	78	27	130	0	3	0	0	169	93	177	85	0	3	0	1	89	90	165	37	0	2	0	0	0	6	128	6	0	0	0	0	3	7	18	0	0	0	
0	0	0	0	0	0	0	0	0	1	0	20	126	163	65	0	0	4	0	82	124	123	127	0	0	7	47	12	18	144	20	0	3	109	104	195	162	80	25	0	32	176	130	173	184	111	36	0	0	28	22	0	18	4	0	0	0	0	1	3	0	2	2	0	
0	0	0	0	0	0	0	0	0	2	0	77	55	0	2	0	0	3	0	175	156	0	4	0	0	3	0	154	204	0	1	0	0	4	0	139	233	1	0	1	0	3	0	90	255	33	0	2	0	2	0	57	181	8	0	1	0	0	0	1	0	0	0	0	
0	0	0	2	0	50	14	0	0	0	2	0	30	158	4	0	0	1	0	8	145	48	0	2	0	1	0	134	113	7	0	0	3	0	80	141	131	154	0	2	4	0	117	207	200	87	0	3	1	0	25	83	56	6	0	0	0	0	0	0	0	1	0	0	
0	0	1	1	34	32	0	0	0	0	2	0	69	152	64	0	0	2	0	111	121	39	150	0	4	0	119	171	0	96	111	0	0	46	178	0	31	185	22	0	0	134	147	77	178	56	0	2	0	53	140	121	22	0	2	0	0	0	0	0	1	2	0	0	
0	0	0	0	1	2	3	0	0	0	0	3	0	121	62	0	0	0	3	0	92	170	0	1	0	1	0	30	197	22	0	1	0	1	0	180	90	0	3	0	3	0	126	150	0	3	0	0	2	0	156	74	0	2	0	0	0	0	1	7	0	0	0	0	
0	0	0	0	0	0	0	0	0	0	1	39	61	38	0	1	0	0	3	72	153	92	0	3	1	0	13	121	131	0	1	0	2	0	64	128	110	0	2	0	0	1	0	32	114	0	2	0	1	0	10	156	62	0	2	0	1	0	27	81	0	1	0	0	
0	0	1	3	0	16	24	0	0	1	1	0	67	169	80	0	0	1	0	160	247	58	0	2	10	21	12	115	127	199	8	0	29	207	39	0	51	207	6	0	0	123	243	194	222	197	15	0	1	0	42	109	52	3	1	0	0	2	0	0	0	0	0	0	
0	0	0	1	0	0	0	0	0	2	0	112	47	0	2	0	0	3	0	104	136	0	4	0	0	3	0	76	180	0	2	0	0	3	0	79	160	0	3	0	0	3	0	89	140	0	4	0	0	2	0	62	111	0	3	0	0	0	0	0	0	0	0	0	
0	0	3	1	0	2	3	0	0	1	0	11	25	0	0	0	2	0	86	241	247	206	87	0	0	43	242	180	197	138	208	0	0	131	197	0	25	172	154	0	0	167	226	72	169	228	22	0	0	28	151	175	138	17	0	1	0	0	0	0	0	1	1	0	
0	0	0	0	0	0	0	0	0	0	0	13	82	68	37	0	0	1	0	51	66	134	25	0	0	0	1	109	134	42	0	2	0	4	0	130	118	0	4	0	1	0	25	133	87	0	3	0	1	0	13	147	125	0	2	0	0	1	0	33	29	0	1	0	
0	0	0	1	1	0	0	0	0	0	2	0	131	148	0	3	0	1	0	17	242	133	0	4	0	3	0	118	255	35	0	2	0	0	0	212	188	0	2	0	2	0	42	255	87	0	3	0	3	0	63	202	28	0	1	0	0	0	0	0	1	0	0	0	
0	0	0	0	0	0	0	0	0	1	0	42	96	0	3	0	0	2	0	69	133	0	4	0	0	3	0	73	133	0	4	0	0	3	0	109	137	0	4	0	0	4	0	126	120	0	4	0	0	3	0	90	86	0	3	0	0	0	0	0	0	0	0	0	
0	0	0	0	1	1	0	0	0	3	20	37	4	0	0	0	0	67	164	169	169	7	0	1	0	2	0	39	226	20	0	2	0	5	73	211	221	92	25	0	0	36	236	149	64	140	179	14	0	0	4	0	0	0	22	8	0	0	0	3	4	4	0	0	
0	0	0	0	0	1	3	0	0	0	0	118	101	7	0	1	0	3	0	149	255	204	147	26	1	0	23	220	81	37	62	3	3	0	76	223	22	0	1	0	0	16	0	115	164	0	5	0	0	53	174	212	130	0	3	0	0	0	51	39	0	0	0	0	
1	1	0	0	0	0	0	0	0	7	57	105	120	57	0	1	22	175	177	97	93	242	36	0	12	34	0	27	198	177	0	0	1	0	6	155	184	142	16	0	0	27	58	14	50	252	128	0	0	48	215	211	186	116	12	0	0	0	11	18	0	0	0	0	
0	0	0	0	0	0	0	0	0	2	0	51	189	195	36	0	0	3	0	139	203	51	14	0	0	3	0	35	206	15	0	1	0	0	3	0	173	83	0	3	0	51	118	36	188	81	0	3	0	31	134	192	173	19	0	1	0	0	0	0	0	0	0	0	
0	0	0	0	0	0	1	0	0	1	0	1	1	1	0	0	0	38	150	0	0	49	146	0	0	126	180	26	11	105	171	0	0	170	203	168	164	239	81	0	0	20	8	0	29	212	22	0	0	0	2	0	39	139	0	2	0	1	1	0	3	7	0	0	
0	0	0	0	0	1	2	0	0	1	0	85	137	72	0	2	0	1	0	171	93	139	40	0	0	3	0	146	186	75	17	0	2	0	46	215	105	0	3	0	3	0	87	129	146	0	2	0	2	0	34	195	159	0	2	0	0	1	0	23	19	0	1	0	
0	0	2	2	3	1	0	1	0	0	0	0	0	4	9	0	2	0	83	75	118	169	162	22	3	0	172	125	53	32	26	19	1	0	35	133	33	0	1	0	0	48	74	119	211	2	0	1	0	11	95	129	68	0	1	0	0	0	0	0	0	0	0	0	
0	0	1	0	0	0	1	0	0	2	0	86	207	162	25	0	3	0	69	234	79	162	147	0	0	2	199	64	0	33	208	18	0	82	186	0	0	85	159	0	0	100	251	87	88	200	36	0	0	5	158	216	170	45	0	2	0	0	0	0	0	1	1	0	
0	1	0	41	90	0	0	0	0	4	0	143	209	0	2	0	2	0	33	213	52	0	2	0	4	0	157	190	0	70	29	0	0	1	223	77	106	255	195	0	0	19	228	218	242	244	108	0	1	0	32	86	52	28	0	0	0	0	0	0	0	0	2	0	
0	0	0	1	0	0	0	0	0	1	0	43	113	48	0	1	0	0	2	112	32	18	0	0	2	0	47	173	54	0	1	0	0	0	7	35	131	59	0	2	1	0	19	17	85	56	0	2	1	0	23	172	95	0	1	0	0	0	0	36	8	0	0	0	
0	2	4	4	3	0	0	0	0	0	0	0	0	12	1	0	0	45	104	146	186	242	60	0	72	239	198	152	143	255	51	0	27	41	0	0	136	195	0	1	0	0	3	0	215	131	0	4	1	4	0	36	231	41	0	2	0	1	0	28	149	6	0	1	
0	0	0	0	0	0	0	0	0	0	0	125	23	0	1	0	0	2	0	190	71	0	3	0	0	2	0	174	77	0	3	0	0	4	0	121	145	0	4	0	0	3	0	76	180	0	2	0	0	1	0	10	153	39	0	2	0	0	0	0	2	3	0	0	
0	0	1	0	1	0	1	1	1	0	12	137	28	43	28	0	4	0	139	211	73	202	184	24	3	0	175	47	22	9	185	82	3	0	152	102	53	143	183	5	0	10	206	249	147	84	9	0	0	10	187	242	41	0	3	1	1	0	14	50	14	1	1	0	
0	2	1	0	2	0	0	0	0	0	3	10	0	3	2	0	0	83	111	100	101	2	0	0	0	21	5	20	180	134	64	0	0	2	0	47	210	79	28	2	0	2	0	22	182	4	0	0	0	1	0	42	115	0	3	0	0	0	0	0	0	0	0	0	
0	0	2	0	1	0	0	0	0	0	0	22	6	0	1	0	2	0	82	198	131	0	2	0	0	20	195	123	227	108	16	4	0	0	93	122	213	141	0	5	0	0	3	0	189	101	0	4	0	0	5	0	168	56	0	3	0	0	0	0	13	1	31	3	
0	0	0	0	0	0	0	0	0	0	1	27	62	64	0	2	0	0	8	128	101	91	0	3	3	0	73	91	92	59	0	1	0	0	175	102	168	146	39	0	0	4	88	79	166	55	0	2	0	0	3	0	92	62	0	2	0	0	3	3	2	2	0	0	
0	0	3	4	3	4	2	0	0	1	0	0	0	0	0	0	2	0	80	186	184	165	39	0	0	44	235	109	70	126	207	37	0	151	160	0	0	23	194	38	0	79	221	129	144	181	56	0	0	0	62	88	53	8	0	1	0	1	0	0	0	2	2	0	
0	0	0	14	6	0	0	0	1	0	75	107	62	14	20	0	0	0	133	28	69	145	42	0	1	0	4	153	179	16	0	1	1	0	13	112	60	106	0	1	2	0	45	125	0	144	11	0	0	0	0	120	159	77	0	2	0	0	0	3	10	0	0	0	
0	0	0	1	0	0	0	0	0	0	2	0	91	93	0	2	0	1	0	15	239	127	0	3	0	3	0	105	242	13	0	1	0	2	0	194	163	0	3	0	3	0	58	255	69	0	3	0	4	0	105	229	16	0	1	0	1	0	16	23	0	1	0	0	
0	0	1	0	0	0	0	0	0	2	0	83	189	53	0	2	1	0	7	209	113	161	30	0	3	0	97	106	0	130	51	0	2	0	148	35	0	162	14	0	3	0	159	95	146	111	0	3	2	0	52	194	118	0	1	0	0	0	0	0	0	1	0	0	
0	0	0	0	0	1	0	0	0	21	142	198	168	65	0	2	0	36	139	42	107	209	0	0	0	0	3	0	84	203	0	1	0	7	105	209	254	221	31	0	0	126	255	228	81	125	213	0	0	40	71	9	0	8	141	27	0	0	0	1	4	2	0	0	
0	0	0	4	19	0	0	0	0	1	0	37	153	0	1	0	0	2	0	56	141	0	3	0	1	0	53	151	110	0	3	0	1	0	26	36	84	0	2	0	0	0	1	66	161	28	0	1	2	0	34	117	78	29	0	1	0	0	0	0	0	0	0	0	
0	0	0	0	1	0	0	0	3	0	67	159	188	141	0	0	1	0	41	42	148	233	11	0	1	0	16	183	255	91	0	3	1	0	27	144	95	187	56	0	23	155	94	77	94	232	107	0	4	113	173	203	219	108	0	0	0	0	0	0	0	0	1	0	
0	0	1	9	1	0	0	0	2	0	46	164	133	12	0	1	0	1	0	78	196	14	0	1	3	0	98	221	170	14	0	1	0	0	11	0	49	176	5	0	0	17	89	11	115	153	0	1	0	0	115	186	136	9	0	1	0	0	0	1	0	1	0	0	
0	2	3	0	0	1	0	0	0	0	1	3	2	1	4	0	0	56	79	0	0	82	159	0	0	192	177	64	54	212	122	0	0	84	112	85	144	239	25	0	0	0	4	0	148	128	0	4	0	3	5	0	84	32	0	1	0	0	0	0	0	1	0	0	
0	0	0	0	0	0	0	0	2	0	59	54	0	31	8	0	3	0	163	67	0	168	23	0	0	20	172	0	34	141	0	2	0	3	155	109	163	102	0	4	0	0	13	35	126	71	0	3	0	0	4	0	133	47	0	2	0	0	1	1	26	5	0	0	
0	0	1	1	2	2	3	1	0	0	0	0	0	0	0	0	1	0	21	28	47	61	84	30	4	0	114	127	59	90	85	22	0	27	67	137	129	0	1	0	0	36	154	153	160	11	1	2	0	0	2	2	0	0	0	0	0	1	2	0	3	0	0	0	
0	1	4	3	1	0	0	0	0	0	0	0	5	24	1	0	0	40	147	89	148	154	0	3	0	12	86	27	101	106	13	18	0	27	110	108	193	141	105	49	0	8	22	47	141	0	1	0	0	3	0	82	125	0	6	1	0	1	0	21	21	0	1	0	
0	1	0	35	14	0	1	0	3	0	65	245	46	0	4	0	0	0	206	138	0	3	0	0	0	51	213	5	0	51	41	0	0	25	224	130	174	255	234	29	1	0	28	219	213	115	70	2	0	1	0	80	21	0	1	0	0	0	2	0	1	5	3	0	
0	0	2	0	63	109	7	0	0	2	0	64	147	45	4	0	1	0	14	166	19	0	1	0	3	0	114	110	0	50	8	0	0	4	156	77	124	107	139	0	2	0	131	163	110	108	65	0	0	0	7	75	83	31	0	0	0	0	1	0	0	0	2	0	
0	2	3	0	0	0	0	0	0	0	0	6	51	53	0	0	0	70	180	209	240	221	4	0	0	50	101	29	201	126	0	4	0	3	0	64	247	31	0	2	0	4	0	181	159	0	3	0	2	0	30	255	134	0	2	0	1	0	17	114	29	0	1	0	
0	0	3	6	0	0	0	0	2	0	41	156	39	0	2	0	0	2	0	58	129	0	3	1	0	1	0	21	132	0	1	0	0	9	75	154	161	18	31	18	0	45	82	119	109	102	92	25	0	0	0	0	0	0	0	0	0	0	1	2	4	2	2	1	
0	0	1	0	0	0	1	1	0	0	0	71	158	104	9	0	3	0	81	235	195	232	233	75	4	0	144	139	75	213	161	34	3	0	121	255	209	93	0	1	0	35	239	246	31	0	4	2	0	33	224	251	54	0	3	0	0	0	22	46	9	0	0	0	
0	0	2	0	0	0	0	0	0	1	0	64	147	118	5	0	2	0	114	187	102	243	60	0	1	0	170	190	87	131	0	0	0	2	0	181	248	16	0	1	1	0	22	158	207	79	0	3	2	0	28	209	176	35	0	2	0	1	0	32	30	0	1	0	
0	0	1	0	0	1	0	0	0	0	4	64	81	7	0	0	0	0	159	157	163	123	0	3	0	32	218	91	171	230	11	0	0	0	73	60	176	173	0	3	0	0	1	0	205	121	0	4	0	2	0	32	230	28	0	2	0	0	0	9	74	1	0	0	
0	0	1	0	0	1	1	0	0	2	0	98	192	39	0	2	3	0	80	160	82	176	3	0	1	0	160	43	0	97	89	0	0	25	139	0	0	80	100	0	0	6	161	32	31	176	28	0	2	0	63	154	186	61	0	2	0	0	0	3	3	0	1	0	
0	0	3	1	0	2	1	0	0	2	0	18	84	18	0	1	2	0	60	227	255	180	11	0	0	45	255	155	99	246	192	0	0	198	159	0	92	243	154	0	0	182	202	168	235	142	3	0	0	18	82	100	32	0	2	0	0	1	0	0	0	3	1	0	
0	0	0	0	1	0	0	0	0	0	3	89	4	0	0	0	0	2	0	133	42	0	1	0	0	3	0	94	93	0	3	0	0	1	0	37	137	0	2	0	0	0	1	0	145	30	0	1	0	0	3	0	77	66	0	2	0	0	0	0	1	1	0	0	
0	0	0	1	0	0	0	0	0	1	0	13	191	71	0	3	0	3	0	83	255	118	0	4	0	3	0	132	255	45	0	2	1	0	13	233	215	2	0	1	4	0	115	255	66	0	3	0	3	0	113	193	7	0	1	0	0	0	0	0	1	0	0	0	
0	0	0	0	0	0	0	0	0	9	137	80	78	59	10	0	0	1	141	148	128	231	107	0	0	1	0	78	164	119	10	0	1	0	28	235	214	88	0	1	0	0	0	1	67	202	12	0	0	10	140	142	172	68	0	2	0	4	48	27	3	0	0	0	
0	1	3	3	2	0	0	0	0	0	0	0	0	0	0	0	0	18	80	92	43	0	3	0	0	83	123	51	177	44	0	2	1	0	18	140	201	151	41	0	1	0	28	112	16	48	136	16	0	0	0	0	0	0	0	0	0	0	1	4	1	2	2	0	
0	0	1	0	30	24	0	1	0	1	0	21	161	62	0	2	0	3	0	131	72	0	3	0	1	0	19	144	8	13	0	0	2	0	51	167	122	193	15	0	1	0	16	224	211	145	11	0	1	0	24	61	10	5	0	0	0	0	0	0	0	2	1	0	
0	0	0	0	0	0	0	0	0	21	38	62	62	57	14	0	0	99	210	171	230	255	110	0	0	3	0	118	255	154	1	1	25	40	0	8	74	157	9	0	40	213	177	130	144	247	57	0	0	46	148	163	162	79	0	0	0	0	0	0	0	0	0	0	
0	0	0	0	0	0	0	0	0	1	0	63	162	89	0	2	2	0	43	248	215	213	10	0	4	0	131	186	0	167	22	0	0	3	211	48	5	189	14	0	0	13	218	36	150	140	0	3	3	0	120	248	152	0	0	1	0	0	2	40	7	0	0	0	
0	1	0	0	0	2	1	0	0	2	21	3	2	2	8	0	0	44	180	2	0	98	171	0	0	172	201	75	65	237	120	0	0	80	121	140	235	226	19	0	0	1	0	17	230	79	0	3	0	6	0	106	193	0	1	0	0	1	0	19	17	0	1	0	
0	0	0	1	1	0	0	0	0	0	2	0	81	46	2	0	0	1	0	29	160	87	1	0	1	0	19	167	89	0	0	0	1	0	25	64	71	122	0	1	0	0	4	4	81	94	0	1	3	0	89	144	59	0	0	0	0	0	4	2	0	2	0	0	
0	0	1	3	3	4	4	0	0	0	0	0	0	0	0	0	1	0	17	57	79	116	107	13	1	0	21	194	113	117	108	11	0	24	9	77	105	0	3	0	0	51	160	186	200	10	2	1	0	0	5	24	11	0	0	0	0	2	1	0	0	0	0	0	
0	0	0	0	0	0	0	0	0	1	119	138	14	0	1	0	0	108	154	109	150	0	4	0	0	77	137	126	217	22	0	1	1	0	76	78	91	147	0	4	0	1	1	0	0	160	30	0	0	2	0	75	145	201	82	0	0	1	0	24	63	55	11	0	
0	1	0	86	67	0	2	0	3	0	83	255	119	0	6	0	0	22	246	139	0	2	0	0	0	81	229	0	23	158	102	0	0	69	218	36	188	255	247	52	0	4	160	245	251	255	205	24	0	0	0	25	60	54	12	0	0	1	3	0	0	0	1	1	
0	0	1	0	1	0	0	0	1	0	9	155	200	132	43	0	3	0	165	192	8	19	7	0	3	0	121	226	115	2	0	0	0	1	0	34	184	152	0	2	0	0	71	56	126	226	3	0	0	0	169	214	168	41	0	2	0	0	0	0	0	0	0	0	
0	1	3	4	3	0	1	0	0	0	0	0	0	12	2	0	0	9	72	140	176	244	136	0	0	175	255	210	197	255	120	0	0	83	82	0	195	220	1	0	0	2	0	41	255	126	0	4	0	3	0	184	231	10	0	1	1	0	1	159	88	0	1	0	
0	0	1	1	0	2	1	0	0	0	0	11	30	2	0	0	3	0	81	217	167	159	23	0	2	0	142	69	79	205	0	0	0	0	127	94	187	98	0	4	0	0	12	8	126	47	0	2	0	1	0	19	149	2	0	0	0	1	0	29	95	0	2	0	
0	0	2	0	0	1	4	1	0	0	0	13	6	0	0	0	2	0	70	229	114	5	120	20	4	0	145	88	7	103	251	67	0	10	189	178	152	144	49	0	0	49	255	150	0	2	0	0	1	0	113	77	0	5	3	0	0	1	0	0	1	0	0	0	
0	1	1	0	0	1	2	0	1	0	9	132	136	16	0	1	0	16	210	233	245	234	52	0	0	100	235	5	51	129	204	10	0	156	192	0	0	24	212	29	0	123	226	26	60	221	136	0	0	37	219	233	223	113	0	1	0	0	9	34	12	0	2	0	
0	0	1	0	0	2	0	0	1	0	8	88	57	0	1	0	3	0	142	202	169	88	0	2	0	8	217	155	203	200	0	1	0	0	80	77	212	143	0	4	0	1	0	5	222	96	0	4	0	3	0	93	237	4	0	1	0	1	0	30	83	0	1	0	
0	0	1	0	0	0	1	0	1	0	20	197	178	38	0	1	2	0	173	136	177	233	48	0	0	72	176	0	0	108	154	0	0	117	171	0	0	72	181	0	0	46	231	111	46	213	118	0	2	0	59	204	219	150	7	0	0	1	1	0	0	0	0	0	
0	0	0	0	0	1	0	0	1	0	26	184	91	0	2	0	1	0	16	98	222	105	0	4	0	0	1	13	216	164	0	2	0	40	211	255	229	226	168	8	0	100	255	115	7	11	208	49	0	9	16	0	0	0	18	2	0	1	0	3	1	1	0	0	
0	0	0	0	0	0	0	0	0	0	0	14	87	0	1	0	0	1	0	32	125	0	3	0	0	1	0	34	119	0	3	0	0	2	0	50	87	0	3	0	0	2	0	60	96	0	3	0	0	1	0	30	101	0	2	0	0	0	0	0	1	0	0	0	
0	0	0	0	0	1	0	0	0	0	45	124	133	16	0	1	0	115	255	178	170	166	0	1	0	32	37	0	52	209	5	0	1	0	9	74	222	145	0	4	1	0	188	255	248	180	11	0	2	0	119	107	1	145	181	1	0	0	0	0	0	0	42	10	
0	0	0	0	0	0	0	0	1	0	14	147	140	0	2	0	3	0	66	157	154	0	1	0	0	2	0	55	112	0	3	0	0	3	0	99	76	0	3	0	1	0	0	157	129	60	2	0	1	0	16	169	153	88	0	1	0	0	0	0	0	0	0	0	
0	2	4	2	1	0	0	0	0	0	0	0	4	5	0	0	0	68	171	150	214	165	0	2	0	83	141	15	175	180	0	3	0	0	2	0	188	119	0	4	0	3	0	28	232	43	0	2	0	4	0	116	206	0	2	0	0	3	0	96	104	0	3	0	
0	0	0	0	0	0	0	0	0	0	81	150	47	0	2	0	0	3	190	98	30	0	2	0	3	0	147	107	16	3	0	0	1	0	21	121	163	128	3	0	0	0	1	3	0	152	93	0	1	0	14	77	112	139	36	0	0	0	4	38	19	1	0	0	
0	0	0	15	30	0	0	0	0	3	0	153	192	0	2	0	2	0	31	249	90	0	4	0	4	0	124	216	0	0	0	0	1	0	208	101	10	204	122	0	2	0	164	198	213	251	75	0	1	0	12	104	128	44	0	2	0	0	1	0	0	1	2	0	
0	0	0	0	0	0	0	0	0	0	3	45	66	74	19	0	0	18	213	234	222	228	84	0	0	18	188	182	101	0	0	0	0	0	0	29	147	143	0	0	0	10	49	0	0	196	77	0	0	1	155	108	155	179	8	0	2	0	39	119	99	15	0	1	
0	1	2	0	0	0	0	0	0	0	0	4	0	85	43	0	0	39	138	0	0	222	87	0	0	125	230	68	89	225	17	0	0	38	153	132	184	179	0	3	0	0	3	0	177	117	0	4	0	2	4	0	193	59	0	2	0	0	0	0	19	5	0	0	
0	0	3	0	0	0	0	0	0	1	0	21	75	49	0	1	1	0	109	190	122	169	44	0	0	49	250	38	0	138	54	0	0	3	128	174	148	179	8	0	0	0	2	35	37	169	11	0	0	1	6	0	127	115	0	3	0	0	1	0	84	17	0	1	
0	0	1	1	0	0	0	0	0	2	0	41	192	83	0	2	1	0	7	206	255	225	41	0	3	0	143	225	41	170	74	0	0	32	238	38	41	241	35	0	0	97	206	56	249	129	0	3	0	27	184	213	105	0	1	0	0	0	1	1	0	2	0	0	
0	1	2	0	1	1	0	0	0	0	0	21	15	0	0	0	0	31	87	111	136	26	0	1	0	34	45	0	98	66	0	3	0	0	2	0	110	30	0	1	0	2	0	6	126	4	0	0	0	2	0	62	103	0	3	0	0	2	0	65	45	0	2	0	
0	0	0	3	4	3	2	0	0	0	0	0	0	0	0	0	0	0	0	107	141	153	101	8	1	0	16	212	91	50	23	2	0	2	0	88	134	0	2	0	0	80	175	186	201	15	0	1	0	9	42	37	4	0	0	0	0	0	0	0	0	0	0	0	
0	0	0	5	8	0	0	0	0	0	1	119	112	21	0	1	2	0	58	84	45	122	0	4	2	0	43	64	91	86	0	3	0	1	0	142	205	48	0	2	1	0	31	157	25	137	0	0	0	0	7	81	105	98	0	1	0	0	0	2	13	2	0	0	
0	0	1	0	0	2	2	1	1	0	19	67	4	1	0	0	4	0	145	181	0	29	207	120	3	0	169	84	23	212	216	51	4	0	105	218	214	135	9	0	1	0	193	255	60	0	4	2	1	0	85	165	43	0	3	0	0	0	0	0	1	0	0	0	
0	0	0	0	0	0	0	0	0	0	2	0	72	48	0	2	0	0	0	0	189	59	0	2	0	2	0	45	193	1	0	1	0	4	0	121	127	0	4	0	0	3	0	159	60	0	2	0	0	2	0	155	79	0	2	0	0	1	0	18	9	0	0	0	
0	1	1	0	0	0	1	0	1	0	32	19	60	120	10	0	0	15	216	106	124	185	169	0	0	165	172	0	0	30	195	1	0	199	58	0	0	123	196	0	0	125	241	194	207	223	82	0	0	6	73	98	79	10	0	1	0	0	0	0	0	1	3	0	
0	0	0	0	1	0	0	0	0	0	2	0	67	71	0	3	0	0	3	0	125	72	0	3	0	0	0	11	158	9	0	1	0	3	0	81	139	0	3	0	0	3	0	155	68	0	2	0	0	1	0	132	27	0	1	0	0	0	0	0	0	0	0	0	
0	0	3	1	0	0	0	0	0	0	0	0	16	8	0	0	0	14	174	214	224	201	12	0	0	6	119	89	97	230	9	0	0	0	2	0	188	156	0	4	0	2	0	48	238	38	0	2	0	3	0	177	153	0	3	0	0	0	6	147	24	0	1	0	
0	0	0	0	0	0	0	0	0	1	53	0	16	51	0	1	0	11	127	0	50	111	0	3	0	20	131	0	68	119	0	3	0	6	134	127	184	137	0	2	0	0	6	0	103	54	0	2	0	0	4	0	107	53	0	2	0	0	1	0	18	15	0	1	
2	3	0	0	0	0	1	0	1	0	17	51	48	16	0	1	56	187	217	186	205	242	39	0	61	133	30	56	213	203	9	0	1	0	1	215	245	29	0	2	2	4	1	5	113	232	35	0	2	0	50	169	216	211	31	0	1	0	30	96	64	2	0	0	
0	0	0	0	0	1	0	0	1	0	166	212	125	9	0	1	0	0	67	44	176	160	0	2	0	0	2	0	53	188	0	1	0	0	3	0	191	137	0	4	0	18	189	245	245	184	40	0	0	32	218	169	24	32	17	0	0	0	0	0	0	0	0	0	
0	0	0	1	3	4	3	0	0	0	0	0	0	0	0	0	0	2	2	17	69	151	92	0	0	3	0	129	78	55	48	0	0	39	36	133	158	0	2	0	0	85	144	145	80	0	3	0	0	0	0	0	0	0	0	0	0	3	3	4	3	0	0	0	
0	0	0	0	0	1	1	0	0	1	0	38	139	57	0	2	1	0	26	206	133	195	35	0	0	1	0	139	186	111	0	0	1	0	21	202	230	5	0	1	2	0	179	151	181	14	0	1	3	0	103	221	104	0	3	0	0	0	4	37	2	0	0	0	
0	0	0	0	0	0	0	0	0	16	4	5	0	70	22	0	0	175	46	0	0	161	118	0	10	213	146	109	73	215	61	0	0	37	99	98	127	233	11	0	0	0	3	0	127	168	0	2	0	2	2	8	206	50	0	2	0	0	0	1	25	3	0	0	
0	0	1	6	0	1	1	0	1	0	115	179	162	46	0	2	0	4	34	0	85	225	34	0	0	2	0	75	157	206	49	0	1	0	142	183	48	145	6	0	0	89	202	0	125	124	0	3	0	44	175	169	118	0	1	0	0	0	4	6	0	1	0	0	
0	0	0	0	0	0	0	0	0	2	0	53	144	0	1	0	0	2	0	52	230	16	0	1	0	3	0	85	195	0	1	0	0	3	0	162	180	0	3	0	1	0	9	224	79	0	3	0	2	0	58	142	0	1	0	0	0	0	1	0	1	0	0	0	
0	0	0	1	0	0	0	0	0	1	0	24	40	0	0	0	0	0	4	78	103	2	0	0	1	0	22	83	96	0	1	0	0	0	0	70	115	0	0	0	0	0	1	0	79	12	0	0	0	0	2	0	65	43	0	2	0	0	1	0	16	34	0	1	
0	0	2	1	0	0	1	1	0	0	0	12	56	72	22	0	2	0	45	179	201	255	195	10	4	0	149	109	9	90	200	34	3	0	136	233	141	170	76	0	0	111	179	203	116	1	1	1	0	57	151	165	37	0	4	0	0	0	7	7	0	1	0	0	
0	2	0	0	0	0	0	0	1	0	63	116	80	0	0	0	0	70	131	28	132	57	0	2	0	149	67	2	124	32	0	1	0	40	95	153	210	69	3	0	0	3	0	77	74	66	96	0	0	3	0	38	129	95	83	0	0	0	1	0	37	49	1	0	
0	1	1	0	1	0	1	0	1	0	46	63	15	49	3	0	0	10	209	252	222	255	154	0	0	123	254	214	67	63	248	36	0	154	145	14	0	88	255	39	0	82	235	109	166	251	130	0	0	0	151	206	156	43	0	1	0	0	0	0	0	0	2	0	
0	0	1	0	20	28	0	1	0	1	0	12	161	47	0	1	0	2	0	151	92	0	3	0	3	0	95	153	75	115	21	0	0	11	164	21	0	83	134	0	0	31	175	51	78	128	46	0	2	0	57	142	113	28	0	1	0	0	0	0	0	1	2	0	
0	0	0	1	3	4	3	0	0	0	0	0	0	0	0	0	0	1	0	17	83	119	138	16	1	0	14	194	97	80	61	4	0	13	7	144	53	0	2	0	0	60	151	189	136	0	6	0	0	0	19	40	8	0	0	0	0	1	0	0	0	0	0	0	
0	0	1	0	0	0	0	0	0	0	3	21	95	57	0	1	0	6	176	156	171	197	21	0	0	0	189	106	73	178	0	0	1	0	11	222	222	15	0	1	3	0	98	92	118	104	0	3	2	0	58	154	177	113	0	3	0	0	0	32	37	0	0	0	
0	0	0	0	0	1	1	0	1	0	22	70	60	10	0	1	2	0	55	171	150	200	39	0	0	0	2	0	86	201	14	0	0	21	82	180	255	71	0	2	0	179	245	151	135	184	133	0	0	22	9	0	0	3	12	0	0	0	0	4	4	1	0	0	
0	1	1	5	1	4	1	0	3	0	107	120	0	2	1	0	0	45	172	67	197	132	10	0	0	138	101	0	53	172	152	0	0	154	109	0	2	4	204	47	0	72	217	89	98	192	146	0	2	0	69	165	165	85	0	0	0	1	0	0	0	0	1	1	
0	4	4	2	0	0	0	0	0	0	0	0	6	16	1	0	0	107	171	199	214	252	65	0	0	118	120	77	80	246	43	0	0	0	3	0	142	193	0	2	0	6	0	47	249	66	0	3	1	0	0	203	157	0	3	0	2	0	35	173	14	0	1	0	
0	0	2	0	0	1	1	0	0	0	0	100	167	38	0	2	3	0	107	186	121	196	8	0	0	10	228	82	0	168	59	0	0	11	249	119	0	142	92	0	2	0	184	140	0	190	50	0	3	0	68	224	166	104	0	0	0	1	0	31	10	0	0	0	
0	0	0	1	2	0	0	0	0	0	9	6	0	0	0	0	0	22	149	153	59	0	5	0	0	3	0	87	150	0	4	0	0	32	199	212	159	147	86	4	0	26	124	36	0	30	152	65	0	0	0	0	1	0	0	0	0	1	5	2	0	2	3	0	
0	0	1	1	0	1	0	0	0	2	0	80	82	171	42	0	2	0	46	176	20	107	117	0	3	0	144	87	0	46	112	0	0	15	171	11	0	115	116	0	0	14	190	29	58	178	17	0	2	0	110	196	146	29	0	1	0	0	0	3	1	1	1	0	
0	0	0	0	0	0	0	0	0	19	188	216	141	26	0	1	0	16	94	39	190	182	0	3	0	0	0	107	241	107	0	3	1	0	6	162	218	75	0	2	1	0	75	87	177	234	8	0	2	0	93	211	188	98	0	1	0	0	0	0	0	0	0	0	
0	0	1	1	0	1	0	0	0	1	0	21	74	2	0	0	0	0	0	151	217	72	0	3	2	0	41	217	200	110	0	4	0	2	0	128	207	0	0	1	0	4	0	132	121	0	4	0	0	1	0	185	65	0	2	0	0	0	0	65	11	0	0	0	
0	2	0	68	42	0	1	0	2	0	21	232	79	0	5	0	4	0	152	209	0	0	1	0	0	8	231	68	13	149	53	0	0	14	197	31	189	255	137	0	4	0	132	255	255	224	45	0	1	0	11	65	74	22	0	1	0	0	1	0	0	1	2	0	
0	0	0	0	0	0	0	0	0	1	0	41	67	0	2	0	0	2	0	61	103	0	3	0	0	2	0	59	107	0	3	0	0	3	0	89	86	0	3	0	0	3	0	102	66	0	2	0	0	2	0	87	39	0	1	0	0	0	0	0	0	0	0	0	
0	0	0	1	0	0	0	0	0	32	195	212	169	14	0	1	0	15	92	25	153	126	0	4	0	1	0	7	205	110	0	4	0	18	122	224	255	52	0	2	0	96	255	179	156	246	96	0	0	14	40	9	0	62	154	0	0	0	0	2	3	0	0	0	
0	0	2	1	1	2	0	0	0	0	0	19	17	0	0	0	2	0	56	187	184	48	0	2	4	0	159	178	196	169	0	4	1	0	22	80	207	115	0	4	0	2	0	45	184	12	0	1	0	0	0	196	79	0	3	0	1	0	13	131	7	0	0	0	
0	0	0	0	1	0	0	0	0	0	2	0	65	69	0	2	0	0	0	0	205	87	0	3	0	3	0	77	220	7	0	1	0	3	0	166	163	0	4	0	0	0	0	209	70	0	2	0	1	0	15	185	16	0	1	0	0	0	5	26	0	0	0	0	
0	0	0	0	0	0	0	0	1	0	116	195	157	9	0	1	0	15	167	56	114	86	0	3	0	0	3	0	137	97	0	3	0	0	0	118	186	2	0	1	1	0	19	243	186	105	23	0	0	1	0	29	84	186	89	0	0	0	0	0	0	0	0	0	
0	1	2	0	0	0	0	0	0	0	0	0	6	10	0	0	0	11	174	215	199	220	21	0	0	54	180	39	116	204	0	1	0	0	3	0	160	126	0	4	0	2	0	39	224	33	0	2	0	3	0	138	148	0	3	0	0	1	0	141	52	0	2	0	
0	0	1	2	0	1	1	0	0	3	0	113	142	11	0	1	2	0	43	228	255	186	1	0	4	0	156	212	67	240	29	0	2	0	200	106	87	225	0	0	3	0	170	230	249	119	0	4	2	0	58	187	113	3	0	0	0	0	0	0	0	1	0	0	
0	1	4	3	0	0	0	0	0	0	0	0	6	9	0	0	0	10	141	190	197	200	7	0	0	31	204	60	114	199	0	1	0	1	0	2	204	71	0	3	0	4	0	98	201	0	1	0	1	0	1	207	80	0	3	0	1	0	21	161	20	0	1	0	
0	1	0	0	1	2	0	0	1	0	57	85	21	0	1	0	0	77	194	141	177	50	0	2	0	123	107	0	95	179	0	3	0	22	182	123	216	182	0	3	1	0	26	104	120	159	0	3	0	1	3	0	63	184	0	2	0	0	2	0	34	84	0	1	
0	0	2	1	0	0	0	0	0	1	0	34	94	44	0	0	2	0	79	169	145	211	7	0	0	37	224	73	151	139	0	3	0	14	103	126	222	25	11	3	0	3	0	106	157	0	101	7	1	0	8	210	62	0	7	1	1	0	19	86	0	0	0	0	
0	0	1	0	0	1	0	0	1	0	0	155	170	2	0	1	3	0	121	137	126	143	0	3	4	0	163	103	1	169	4	0	3	0	82	129	0	162	25	0	3	0	68	129	62	179	0	1	1	0	19	161	173	36	0	2	0	0	0	3	4	0	0	0	
0	0	2	0	0	0	0	0	0	3	0	26	92	37	0	1	3	0	104	214	179	126	0	2	0	73	145	12	0	134	114	0	0	172	112	71	163	225	23	0	0	38	150	108	184	123	0	3	0	2	0	39	196	9	0	1	0	3	0	34	88	0	1	0	
0	2	1	0	0	1	0	0	0	0	3	28	24	0	0	0	0	92	141	130	152	81	0	3	0	24	13	0	30	131	0	2	0	0	2	0	55	130	0	3	0	1	4	0	131	71	0	3	0	1	0	17	150	1	0	0	0	1	0	28	98	0	1	0	
0	0	0	0	0	0	0	0	0	0	2	0	60	136	6	0	0	0	1	0	213	217	0	0	0	2	0	62	255	106	0	3	1	0	21	241	185	0	1	0	3	0	145	255	46	0	2	0	0	3	212	170	0	3	0	0	0	0	24	18	0	0	0	0	
0	0	1	0	0	0	0	0	1	0	11	83	42	0	1	0	4	0	141	205	223	83	0	3	0	7	226	35	194	120	0	4	1	0	172	199	254	157	0	3	1	0	26	149	127	211	6	0	0	0	4	0	53	234	11	0	0	0	2	0	22	99	5	0	
0	0	0	0	0	0	0	0	0	0	160	212	152	22	0	1	0	3	101	136	242	126	0	4	0	2	2	0	195	123	0	4	2	0	55	189	255	168	0	1	0	110	255	201	117	243	152	0	0	134	120	0	0	88	144	0	0	0	0	2	4	1	0	0	
0	0	0	1	0	1	0	0	0	2	0	80	76	142	29	0	0	2	0	170	40	129	76	0	2	0	54	152	0	173	52	0	3	0	145	63	106	152	0	2	0	26	198	139	151	7	0	1	0	25	192	111	0	2	1	0	0	0	0	0	2	1	0	0	
0	0	1	0	0	2	0	0	1	0	17	23	0	19	40	0	3	0	146	86	0	151	131	0	0	42	243	116	93	224	25	0	0	15	129	153	250	91	0	3	0	2	0	50	173	8	0	1	1	0	3	222	93	0	3	0	1	0	10	104	24	0	1	0	
0	0	0	0	0	1	0	0	0	0	2	118	122	3	0	1	4	0	98	191	139	69	0	3	3	0	84	130	98	109	0	4	0	3	0	134	249	21	0	2	0	1	0	131	107	96	0	1	0	1	0	142	127	182	16	0	0	1	0	21	67	15	0	1	
0	0	1	3	38	4	0	0	0	3	0	75	188	0	1	0	1	0	13	206	58	0	2	0	4	0	150	134	0	21	7	0	3	0	178	130	128	255	63	0	3	0	62	255	248	174	7	0	1	0	30	74	0	0	0	0	0	0	1	0	0	2	1	0	
0	0	0	0	1	1	0	0	0	51	14	0	1	1	0	0	0	106	37	0	17	14	0	1	0	78	110	38	103	147	0	0	0	18	115	86	65	171	29	0	0	0	0	2	0	114	27	0	0	1	3	6	0	83	78	0	0	0	0	0	0	7	20	0	
0	0	4	3	0	0	0	0	0	0	0	0	12	15	0	0	0	3	99	174	226	222	15	0	0	6	193	80	67	187	0	0	1	0	22	0	148	105	0	4	0	2	0	52	194	0	0	0	0	2	0	165	81	0	3	0	1	0	21	133	3	0	0	0	
0	0	0	0	0	0	0	0	2	0	45	190	224	120	0	2	2	0	40	105	81	228	20	0	0	0	5	0	107	193	0	0	0	2	0	90	239	46	0	2	1	0	134	255	242	51	0	2	0	12	181	174	214	83	0	3	0	0	0	0	0	0	0	0	
0	0	2	2	0	0	0	0	0	0	0	1	15	9	0	0	3	0	79	190	227	164	0	3	1	0	41	42	161	126	0	4	0	2	0	52	176	0	0	0	0	2	0	156	92	0	3	0	3	0	100	160	0	3	0	0	3	0	126	56	0	2	0	0	
0	0	1	0	14	29	0	1	0	0	1	56	232	132	0	4	3	0	139	236	100	2	0	0	4	0	110	177	46	40	0	0	3	0	61	224	174	239	48	0	1	0	18	144	140	252	55	0	1	0	3	118	158	68	0	1	0	0	0	0	0	0	0	0	
0	0	0	1	2	0	0	0	0	0	2	18	2	24	40	5	0	1	0	92	138	141	138	10	0	2	0	188	131	0	2	0	0	20	21	40	197	69	0	3	0	72	191	185	189	34	0	2	0	0	9	25	10	0	0	0	0	1	0	0	1	1	0	0	
0	0	0	0	0	0	0	0	0	1	0	36	122	139	54	0	0	0	0	174	79	23	17	0	1	0	38	130	26	32	0	1	2	0	46	202	146	157	0	1	0	0	3	0	69	139	0	3	0	1	108	134	136	15	0	1	0	0	48	57	6	0	0	0	
0	1	1	0	0	0	1	0	1	0	51	27	0	0	23	8	0	2	212	69	0	0	174	54	0	136	201	12	0	107	182	0	0	96	221	203	174	236	55	0	0	0	10	15	149	183	0	2	0	2	0	1	162	50	0	2	0	0	1	2	0	2	0	0	
0	0	0	0	0	0	0	0	0	16	55	109	144	40	0	2	0	60	171	108	160	162	0	4	0	1	0	0	189	93	0	3	0	4	0	119	218	140	0	2	2	0	53	75	11	185	6	0	2	0	49	210	199	94	0	3	0	1	0	38	36	0	1	0	
0	0	0	1	3	3	3	1	0	0	0	0	0	0	0	0	0	2	0	42	140	139	150	37	0	4	0	90	150	29	56	7	0	45	51	0	155	13	0	1	0	49	193	177	175	6	1	1	1	0	30	71	27	0	1	0	0	1	0	0	1	0	0	0	
0	0	1	0	19	9	0	0	0	0	0	1	135	21	0	1	0	2	0	65	100	0	3	0	0	3	0	154	118	0	2	0	1	0	26	162	151	53	0	2	2	0	53	156	130	31	0	1	0	0	0	116	58	0	2	0	0	0	0	0	1	1	0	0	
0	0	1	0	0	0	2	0	1	0	24	206	197	57	0	2	2	0	133	215	134	255	67	0	0	68	228	30	1	234	133	0	0	159	125	0	0	190	139	0	0	111	249	121	138	253	60	0	0	6	145	211	162	39	0	1	0	0	0	0	0	0	2	0	
0	0	1	0	32	13	0	0	0	2	0	38	219	77	0	2	1	0	3	196	66	0	3	0	4	0	112	142	26	43	0	1	2	0	146	124	185	183	30	0	3	0	148	207	154	148	16	0	1	0	23	131	96	14	0	1	0	0	0	0	0	1	1	0	
0	0	0	0	1	0	0	0	0	0	3	0	91	146	0	2	0	0	2	0	198	177	0	3	0	2	0	61	255	70	0	3	0	3	0	166	222	1	0	1	2	0	42	252	78	0	3	0	3	0	85	164	0	1	0	0	0	0	0	0	1	0	0	0	
0	0	0	1	0	5	1	0	0	0	2	0	76	168	56	0	0	2	0	43	177	17	25	0	0	3	0	146	89	0	3	0	1	0	5	222	149	0	3	0	1	0	22	176	186	28	0	1	0	1	0	133	158	0	0	0	0	0	0	1	2	0	0	0	
0	0	0	0	0	0	0	0	0	0	3	0	107	79	0	3	0	0	1	0	201	84	0	3	0	2	0	54	211	6	0	1	0	4	0	139	172	0	3	0	0	2	0	177	94	0	3	0	1	0	10	147	16	0	1	0	0	0	0	0	1	0	0	0	
0	0	2	0	1	1	0	0	0	0	1	0	42	54	0	2	0	0	43	0	143	140	0	3	0	1	205	96	191	183	0	0	3	0	104	255	255	111	0	4	0	0	3	20	157	93	0	3	0	0	4	0	103	77	0	3	0	0	0	2	4	1	0	0	
0	0	1	2	0	1	0	0	0	0	0	0	20	8	0	0	1	0	3	159	221	180	5	0	4	0	107	209	170	154	0	2	3	0	83	216	252	109	0	4	0	1	0	32	202	30	0	1	0	2	0	69	148	0	3	0	0	2	0	48	97	0	2	0	
0	0	0	0	1	0	0	0	0	0	56	39	0	2	0	0	0	9	74	163	40	0	2	0	0	3	0	107	126	2	0	1	0	0	3	1	83	100	0	3	0	0	1	0	29	104	0	2	0	0	0	0	135	52	0	2	0	1	0	24	56	0	1	0	
0	0	3	2	0	2	1	0	0	1	0	4	17	2	0	0	2	0	58	208	238	162	12	0	0	64	232	162	130	250	83	0	0	118	235	191	215	255	64	0	0	2	48	33	73	246	27	0	0	1	0	1	199	97	0	3	0	1	0	19	137	5	0	0	
0	0	1	2	0	0	1	0	0	2	0	19	179	119	0	0	1	0	13	155	126	146	118	0	0	25	171	64	0	15	164	5	0	139	63	0	0	64	168	0	0	148	111	55	113	204	54	0	0	23	129	130	81	16	0	1	0	1	0	0	0	1	2	0	
0	0	1	1	0	0	1	2	0	1	0	43	63	21	6	0	2	0	35	234	253	223	196	53	4	0	124	133	39	166	254	88	2	0	179	180	184	206	81	0	0	61	255	225	65	1	0	1	0	59	253	238	31	0	5	0	0	0	74	106	16	0	1	0	
0	0	0	0	0	0	0	0	1	0	17	118	68	0	1	0	3	0	67	233	206	0	0	0	2	0	48	248	126	0	3	0	2	0	38	127	188	90	0	2	0	0	3	0	75	214	0	0	1	0	9	116	200	111	0	2	0	0	0	33	36	0	0	0	
0	0	1	0	0	0	1	0	0	1	0	42	172	132	0	2	3	0	58	255	186	193	43	0	3	0	179	193	0	174	120	0	0	21	231	60	0	173	139	0	0	35	224	58	102	254	70	0	1	0	132	220	180	89	0	1	0	0	0	0	0	0	1	0	
0	0	0	0	0	0	0	0	0	26	111	147	113	19	0	1	0	71	132	40	167	112	0	4	1	0	41	112	227	136	0	2	1	0	143	157	45	176	72	0	0	2	98	6	0	182	81	0	0	0	149	169	184	139	1	0	0	0	7	56	31	0	1	0	
0	0	0	0	0	0	0	0	1	0	13	126	110	15	0	1	0	0	13	115	167	165	0	2	0	0	3	0	102	203	0	1	0	47	209	230	253	213	54	0	0	94	200	95	30	73	143	25	0	0	0	0	0	0	0	0	0	1	3	4	2	3	2	0	
0	0	3	0	1	1	0	0	0	11	0	60	59	0	2	0	0	153	115	71	176	26	0	2	0	18	184	182	236	38	0	2	1	0	5	108	211	37	0	2	0	1	5	0	164	107	0	4	0	0	3	0	104	186	2	0	0	0	0	0	1	41	8	0	
0	0	0	0	0	0	1	0	1	0	45	120	187	184	24	0	0	0	203	255	183	240	160	0	0	79	255	158	0	141	232	2	0	146	255	24	53	255	173	0	0	112	253	145	244	230	39	0	0	15	180	232	136	27	0	2	0	1	0	0	0	1	2	0	
0	0	0	7	12	0	0	0	1	0	27	137	129	58	0	2	4	0	116	94	0	131	3	0	2	0	45	35	4	125	25	0	1	0	75	118	124	180	0	0	0	24	158	0	99	176	63	0	0	2	74	140	92	16	37	0	0	0	2	7	0	2	0	0	
1	0	16	45	3	0	0	0	3	0	79	222	182	35	0	2	0	1	0	26	228	147	0	4	3	0	63	249	250	52	0	2	1	0	23	66	126	97	0	3	0	59	150	133	187	230	14	0	0	53	151	167	141	88	8	0	0	0	0	0	0	0	0	0	
0	0	1	0	0	0	0	0	0	1	0	47	133	113	0	0	3	0	63	169	89	37	0	0	4	0	112	121	0	3	0	0	1	0	8	184	119	0	1	0	0	0	6	0	165	113	0	4	2	0	52	161	152	53	0	2	0	0	4	55	18	0	1	0	
0	0	0	2	0	0	0	0	0	0	0	0	11	73	49	0	0	0	0	145	123	155	191	25	1	0	30	220	32	0	5	4	0	1	0	68	119	4	0	0	0	60	137	140	213	49	0	2	0	19	66	71	36	1	0	0	0	0	0	0	0	0	0	0	
0	2	15	0	3	5	3	0	0	54	137	0	3	0	0	0	0	104	173	0	88	144	68	0	0	81	226	125	203	213	225	9	0	12	224	254	28	40	181	0	4	0	102	255	207	216	71	0	0	0	1	66	145	81	0	2	0	0	1	0	0	0	1	0	
0	0	2	0	76	35	0	1	0	3	0	70	249	42	0	2	1	0	2	209	113	0	4	0	4	0	95	206	0	0	0	0	5	0	126	152	88	152	22	0	4	0	82	255	251	255	72	0	0	0	4	60	75	47	0	0	0	0	0	0	0	0	0	0	
0	0	3	4	1	0	0	0	0	0	0	0	1	11	0	0	0	4	107	130	195	159	0	2	0	2	49	46	172	106	0	4	0	1	0	11	189	23	0	1	0	3	0	94	156	0	3	0	0	3	0	162	62	0	2	0	0	1	0	105	22	0	1	0	
0	0	0	0	1	0	0	0	0	0	2	0	90	49	0	2	0	0	0	0	209	80	0	3	0	2	0	45	232	23	0	1	0	3	0	132	189	0	2	0	1	0	16	224	68	0	2	0	3	0	81	180	0	2	0	0	0	0	13	18	0	0	0	0	
0	0	0	0	0	0	0	0	0	0	0	72	51	0	1	0	2	0	54	180	188	37	0	2	3	0	79	109	130	36	0	1	1	0	11	53	160	0	0	0	0	2	0	57	145	0	3	0	0	3	0	101	123	0	4	0	0	1	0	41	42	0	1	0	
0	0	1	1	0	0	0	0	0	0	0	5	14	2	3	0	1	0	18	184	139	0	1	2	4	0	92	216	121	109	153	106	2	0	159	168	62	67	49	16	0	7	151	165	10	0	1	0	1	0	65	102	1	2	2	1	0	0	0	0	0	0	0	0	
0	0	0	0	2	0	0	0	0	0	1	0	25	52	0	2	0	0	3	0	131	99	0	4	0	2	0	43	190	9	0	1	0	4	0	127	103	0	3	0	0	0	0	175	36	0	1	0	1	0	26	107	0	2	0	0	0	0	3	11	0	0	0	0	
0	1	0	41	93	0	1	0	1	0	0	195	171	0	2	0	3	0	92	197	1	3	3	0	4	0	173	112	0	4	0	0	4	0	174	114	35	177	82	0	3	0	68	230	251	255	84	0	0	1	0	37	78	32	0	0	0	0	2	1	0	0	1	0	
0	0	0	0	0	0	0	0	0	0	17	54	93	95	0	1	3	0	149	134	80	54	0	0	4	0	100	116	28	3	0	0	2	0	37	133	116	96	0	3	0	0	2	0	49	124	0	3	2	0	57	109	153	52	0	2	1	0	19	63	23	0	1	0	
0	1	0	0	0	1	0	0	0	8	25	0	0	6	17	0	0	103	184	0	0	100	183	0	0	192	148	0	0	196	147	0	0	58	202	154	164	252	52	0	0	0	17	26	149	210	0	0	0	2	4	0	152	133	0	4	0	0	2	0	31	28	0	1	
