500	64	10
0	0	1	0	1	2	0	0	1	0	16	60	25	0	1	0	0	4	116	54	46	40	0	1	0	49	140	0	105	113	0	4	0	0	105	111	144	110	0	4	0	0	2	0	67	151	0	3	0	0	5	0	81	125	0	4	0	0	1	0	38	42	0	2	
0	0	1	0	0	0	0	0	0	1	0	48	128	103	0	1	2	0	52	135	93	229	11	0	1	0	19	136	147	74	0	2	1	0	0	195	156	0	3	0	3	0	130	109	109	6	0	0	3	0	124	175	89	0	2	0	0	0	8	53	5	0	0	0	
0	0	7	11	1	1	1	0	0	98	159	153	155	39	0	2	3	58	11	0	57	182	5	0	1	0	12	84	33	145	72	0	0	25	165	110	145	246	59	0	0	72	159	9	149	215	145	0	0	5	132	178	86	3	38	0	0	0	0	0	0	2	0	0	
0	0	1	1	1	0	0	0	0	0	1	4	1	7	2	0	3	0	99	193	88	172	43	0	1	0	54	46	33	146	0	0	0	0	3	0	120	72	0	3	0	2	0	44	153	0	2	0	0	2	0	155	59	0	2	0	1	0	17	123	2	0	0	0	
0	1	0	41	23	0	1	0	0	3	0	140	68	0	4	0	1	0	12	194	26	0	1	0	3	0	88	177	28	150	44	0	4	0	138	134	0	176	103	0	2	0	50	195	136	130	1	0	0	1	0	60	72	1	0	0	0	0	1	0	0	2	1	0	
0	0	0	0	0	0	0	0	0	1	0	26	56	32	57	2	3	0	81	187	138	208	38	0	1	0	17	157	149	51	0	2	1	0	13	171	164	0	2	0	2	0	147	57	134	15	0	0	0	0	151	144	98	0	2	0	1	0	17	60	3	0	0	0	
0	0	0	0	0	0	0	0	0	0	0	72	136	128	39	0	1	0	8	147	159	161	140	0	0	0	3	0	23	179	49	0	0	2	0	35	171	68	0	2	1	0	98	250	120	0	3	0	0	119	203	110	147	87	0	3	0	28	7	0	0	0	0	0	
0	0	0	0	1	1	0	0	0	0	0	2	0	118	31	0	0	0	3	0	83	152	0	2	0	1	0	21	180	23	0	1	0	3	0	131	89	0	3	0	2	0	59	152	0	1	0	0	3	0	131	56	0	2	0	0	0	0	0	1	0	0	0	0	
0	0	0	0	1	1	0	0	0	31	187	200	51	0	2	0	0	103	175	89	215	36	0	2	0	29	55	0	98	151	0	4	0	1	0	22	71	181	12	0	0	1	1	195	218	254	168	1	0	0	0	129	129	110	63	16	0	0	0	2	12	0	0	0	
0	0	2	3	3	2	0	0	0	1	1	0	0	0	0	0	2	0	62	166	160	93	0	1	0	16	197	78	124	161	0	2	0	12	32	0	150	65	0	2	0	2	0	48	164	0	1	0	0	5	0	125	62	0	2	0	1	0	24	126	0	1	0	0	
0	1	2	0	0	0	0	0	0	0	0	62	50	0	2	0	0	13	153	157	176	5	0	1	0	11	31	8	153	35	34	0	1	0	9	146	216	142	78	0	0	0	0	75	121	0	3	0	0	3	0	74	137	0	6	0	0	1	0	31	55	0	1	0	
0	0	0	0	0	3	1	0	1	0	46	145	108	0	15	8	0	4	178	68	25	88	157	9	2	0	119	88	106	164	23	0	1	0	0	205	223	9	0	1	3	0	77	129	138	78	0	3	4	0	121	171	106	4	0	0	1	0	14	49	3	0	0	0	
0	0	0	0	0	0	0	0	0	2	0	60	29	0	1	0	0	3	0	87	102	0	3	0	0	2	0	64	97	0	3	0	0	3	0	86	88	0	3	0	0	3	0	73	71	0	3	0	0	2	0	52	81	0	3	0	0	0	0	4	14	0	0	0	
0	0	1	3	0	0	0	0	0	0	0	0	8	9	0	0	1	0	23	144	188	137	0	3	2	0	139	86	109	79	0	3	0	1	10	12	131	3	0	0	0	3	0	97	104	0	3	0	1	0	19	148	19	0	1	0	2	0	59	73	0	3	0	0	
0	0	2	3	4	2	0	0	9	13	0	0	0	0	0	0	21	146	131	108	103	48	0	1	0	7	30	43	48	152	31	0	1	0	0	0	9	133	10	0	0	0	4	0	110	84	0	3	0	2	0	42	132	0	1	0	0	2	0	66	51	0	2	0	
0	0	0	2	3	1	0	0	0	0	0	0	0	1	19	11	0	1	0	53	115	132	107	32	2	0	43	122	25	18	0	0	0	5	11	94	35	0	3	1	0	21	107	92	140	0	0	0	1	0	25	87	66	0	1	0	0	0	0	0	0	0	0	0	
0	1	2	0	0	1	1	0	1	0	4	106	139	22	0	1	1	0	172	160	83	49	12	0	0	79	155	0	0	127	91	0	0	144	128	56	159	224	14	0	0	35	128	87	89	170	0	2	0	0	2	0	44	185	0	0	0	2	4	2	8	22	0	0	
0	0	0	0	1	0	0	0	0	0	2	0	69	90	0	3	0	0	4	0	127	92	0	3	0	1	0	24	168	7	0	1	0	4	0	131	120	0	3	0	1	0	28	199	21	0	1	0	3	0	85	86	0	3	0	0	0	0	0	0	1	0	0	0	
0	0	0	0	0	0	0	0	0	2	0	78	48	0	2	0	0	4	0	150	127	0	4	0	0	4	0	144	164	0	4	0	0	3	0	100	208	0	1	0	0	2	0	48	220	9	0	1	0	1	0	19	170	8	0	1	0	0	0	1	12	0	0	0	
0	0	1	0	112	22	0	1	0	3	0	89	134	0	2	0	1	0	32	157	6	0	1	0	3	0	120	58	0	13	2	0	0	20	164	68	154	220	104	0	0	5	152	237	217	158	54	0	0	0	0	6	9	4	0	0	0	0	2	0	0	1	2	0	
0	0	0	0	0	0	0	0	0	21	111	107	36	0	1	0	0	32	66	36	142	10	0	1	0	0	2	0	134	29	0	1	0	2	0	39	131	0	2	0	0	4	0	124	134	55	85	17	0	1	0	35	105	89	34	0	0	0	0	0	0	0	0	0	
0	0	0	0	1	2	3	1	0	0	1	1	0	0	0	0	0	1	0	7	27	49	80	39	2	0	36	129	94	86	62	17	0	5	30	91	7	0	1	0	0	33	81	109	71	0	5	1	0	0	18	23	1	0	0	0	0	1	0	0	0	0	0	0	
0	0	0	45	11	0	0	0	0	2	0	115	156	2	1	0	0	0	5	0	153	86	0	3	0	1	0	65	187	186	21	0	3	0	80	183	220	120	80	0	0	6	171	182	109	0	2	0	1	0	107	109	0	4	1	0	0	0	0	0	2	0	0	0	
0	0	0	0	0	1	1	0	1	0	15	72	148	62	0	2	2	0	70	243	177	194	14	0	3	0	106	124	0	177	80	0	0	12	169	16	0	189	61	0	0	78	143	0	68	210	5	0	0	35	192	150	187	66	0	2	1	0	41	66	16	0	1	0	
0	2	1	0	0	1	0	0	0	1	7	1	0	25	80	0	0	78	218	13	0	123	168	0	0	191	129	0	24	222	63	0	0	166	158	98	208	215	10	0	0	12	104	55	198	87	0	3	0	1	0	1	180	32	0	1	0	1	4	2	26	3	0	0	
0	0	0	3	1	0	0	0	0	0	1	0	16	21	1	0	0	1	0	83	127	171	20	0	3	0	71	122	123	132	0	2	2	0	34	156	192	13	0	1	0	3	0	144	71	0	2	0	2	0	64	145	0	2	0	0	3	0	87	47	0	2	0	0	
0	0	1	0	0	0	0	0	0	0	0	11	9	11	2	0	0	4	131	158	190	197	3	0	0	2	26	0	176	110	0	3	0	2	0	47	188	2	0	1	0	1	0	166	68	0	2	0	3	0	92	153	0	3	0	0	1	0	102	27	0	1	0	0	
0	0	0	3	4	1	0	0	0	0	0	0	0	1	20	5	0	1	0	92	139	146	119	9	1	0	38	163	53	21	0	0	1	0	17	96	0	0	1	1	0	72	76	102	109	0	3	0	0	12	86	113	73	0	2	0	0	0	0	0	0	0	0	0	
0	2	2	1	0	1	2	0	0	0	1	1	41	20	0	1	0	36	169	198	179	165	71	0	0	111	191	78	24	33	159	0	0	41	163	0	0	19	154	3	1	0	167	111	75	185	94	0	2	0	33	141	149	66	0	2	0	0	1	0	0	0	2	0	
0	0	2	1	0	0	1	0	0	2	0	77	200	168	14	0	2	0	48	244	85	137	163	0	0	0	196	88	0	28	207	17	0	79	191	0	0	30	199	10	0	138	167	41	94	196	123	0	0	53	202	182	170	67	0	1	0	0	0	0	0	0	2	0	
0	0	2	0	0	0	0	0	0	0	4	60	43	0	1	0	0	1	107	80	51	10	0	1	0	26	137	7	145	51	0	2	1	0	60	81	152	42	0	2	0	0	4	0	104	77	0	3	0	0	5	0	70	84	0	3	0	0	1	0	15	33	0	1	
0	0	0	0	0	0	0	0	0	1	0	75	136	18	3	0	2	0	45	234	145	136	3	0	1	0	16	106	39	127	0	2	0	1	0	24	126	146	12	0	0	0	0	70	219	137	0	0	4	0	116	255	101	0	2	0	1	0	32	35	0	2	1	0	
0	0	1	0	19	18	0	1	0	2	0	86	225	163	0	2	0	1	0	85	93	173	0	1	0	1	6	0	124	108	0	4	0	2	0	59	183	9	0	1	0	41	190	245	158	36	0	1	0	47	153	64	136	86	0	2	0	0	0	0	0	0	0	0	
0	0	0	0	1	0	0	0	0	0	2	0	55	101	0	3	0	0	3	0	129	77	0	2	0	1	0	32	139	0	1	0	0	3	0	123	96	0	3	0	1	0	14	179	17	0	1	0	2	0	43	104	0	3	0	0	0	0	0	1	1	0	0	0	
0	0	0	0	1	1	0	0	1	0	16	72	16	0	1	0	1	0	178	240	179	1	0	1	0	26	168	17	243	68	0	3	0	0	165	75	253	130	0	4	2	0	67	164	142	170	0	3	0	0	2	0	30	205	12	0	0	0	2	2	1	65	11	0	
0	0	1	0	0	1	1	0	0	0	3	27	32	0	52	57	2	0	120	117	94	191	128	9	2	0	123	42	92	186	70	0	1	0	13	231	168	0	3	1	3	0	118	135	98	11	0	0	3	0	139	116	136	24	0	1	1	0	10	65	24	0	1	0	
0	0	0	2	0	6	3	0	0	0	3	0	110	174	7	0	0	3	0	106	200	24	0	1	2	0	53	234	134	8	0	1	4	0	160	95	71	163	0	3	4	0	149	110	41	214	13	0	2	0	36	152	165	77	0	1	0	0	0	2	1	0	0	0	
0	0	2	0	0	0	1	0	0	2	0	62	122	116	17	0	2	0	90	255	195	188	173	0	0	56	255	102	0	3	182	36	0	159	144	0	3	0	200	55	0	125	192	12	57	184	200	8	0	0	165	230	207	132	15	0	0	0	2	27	8	0	1	1	
0	0	0	0	1	2	0	0	0	0	14	26	12	0	0	0	0	63	138	84	110	51	0	2	0	10	10	0	8	106	6	0	0	0	1	4	0	104	12	0	0	0	2	0	62	107	0	3	0	1	0	30	131	14	0	1	0	2	0	96	38	0	1	0	
0	0	2	3	0	1	2	0	0	2	0	1	76	105	0	1	1	0	28	180	197	170	59	0	0	38	196	155	91	152	189	0	0	170	42	0	0	34	174	0	0	118	99	30	15	146	111	0	0	3	95	159	121	61	0	2	0	1	0	0	0	0	2	0	
0	0	0	3	8	0	0	0	1	0	27	151	146	27	0	1	1	0	24	31	140	50	0	2	0	3	0	71	141	0	3	0	0	1	0	16	112	48	0	2	0	0	9	8	146	107	0	4	3	0	77	180	103	0	0	0	0	0	3	6	0	1	0	0	
0	0	0	0	0	0	0	0	0	0	1	0	88	25	0	1	0	2	0	34	219	25	0	1	0	1	0	33	171	0	0	0	0	3	0	92	133	0	4	0	0	2	0	163	55	0	2	0	2	0	44	169	0	1	0	0	0	0	11	22	0	1	0	0	
0	0	0	2	12	1	0	0	0	0	81	152	133	87	0	1	0	15	140	38	0	143	34	0	0	0	2	31	0	128	41	0	0	0	148	146	113	165	7	0	0	72	118	0	159	211	0	0	0	28	85	134	87	83	25	0	0	0	12	11	0	0	0	0	
0	0	3	0	87	47	0	2	0	1	0	17	165	14	0	1	0	3	0	136	100	0	4	0	1	0	35	150	1	10	0	0	3	0	63	175	142	186	21	0	2	0	62	216	191	161	22	0	0	0	2	5	20	4	0	0	0	0	1	1	0	2	1	0	
0	0	1	0	0	0	1	0	2	0	55	137	115	52	0	1	4	0	134	230	152	218	50	0	1	0	182	55	0	130	112	0	0	4	171	24	0	135	113	0	1	0	195	90	0	186	76	0	2	0	61	199	206	131	0	2	0	1	0	15	45	1	0	0	
0	0	2	0	77	29	0	1	0	1	0	35	116	2	1	0	0	0	1	74	15	0	1	0	2	0	87	86	115	136	30	0	0	33	102	119	50	77	139	0	0	27	160	146	101	133	51	0	0	0	11	26	26	1	0	0	0	1	1	0	0	1	2	0	
0	0	0	0	0	0	0	0	1	0	82	8	74	40	0	2	0	9	189	1	138	102	0	4	0	41	188	0	144	161	27	7	0	38	214	166	228	161	123	26	0	0	21	14	200	57	0	2	0	1	0	2	204	53	0	2	0	0	1	1	30	5	0	0	
0	0	0	0	1	4	2	0	0	2	4	2	0	0	0	0	0	0	1	0	24	99	49	0	0	36	117	171	159	221	90	0	26	209	144	39	33	161	2	0	5	17	0	0	175	109	0	3	0	1	0	27	120	3	0	0	0	1	0	0	0	2	0	0	
0	0	0	0	0	1	0	0	0	0	17	16	24	3	0	0	2	0	155	181	144	133	0	2	0	0	13	4	56	137	0	3	0	1	0	18	168	33	0	2	0	2	0	138	80	0	2	0	2	0	50	131	0	4	0	0	1	0	22	87	0	1	0	0	
0	0	0	0	1	2	0	0	0	0	1	0	42	70	0	2	0	0	3	0	120	57	0	2	0	1	0	28	123	0	1	0	0	3	0	100	77	0	3	0	1	0	14	120	7	0	0	0	3	0	77	77	0	3	0	0	0	0	2	1	0	0	0	0	
0	0	2	1	0	0	0	0	0	2	0	32	177	100	0	3	3	0	71	190	225	226	14	0	0	18	191	48	27	167	90	0	0	94	120	0	0	178	54	0	0	51	185	56	114	182	0	2	1	0	75	167	206	56	0	2	0	1	0	0	0	1	0	0	
0	0	0	0	2	13	0	0	0	0	1	0	23	114	0	1	0	0	3	0	93	96	0	3	0	0	0	8	127	7	0	0	0	3	0	113	115	0	3	0	1	0	22	197	22	0	1	0	1	0	31	93	0	2	0	0	0	0	0	0	1	0	0	0	
0	0	0	0	1	0	0	0	0	0	1	0	114	21	0	1	0	1	0	24	210	23	0	1	0	3	0	75	200	0	1	0	0	4	0	138	149	0	4	0	0	4	0	137	152	0	3	0	0	2	0	35	163	11	0	1	0	0	0	0	2	1	0	0	
0	0	1	3	3	0	0	0	0	0	0	0	0	5	4	0	0	4	36	83	117	194	40	0	0	38	155	104	88	161	0	1	0	0	1	0	144	57	0	2	0	3	0	81	155	0	2	0	1	0	11	172	35	0	1	0	2	0	68	102	0	3	0	0	
0	0	0	0	0	0	2	0	1	0	108	138	87	22	0	1	0	5	226	109	67	146	64	0	0	14	174	10	0	4	120	18	0	14	168	5	5	0	117	28	3	0	130	109	0	49	147	0	1	0	8	127	149	169	37	0	0	0	1	0	41	29	0	1	
0	1	2	0	0	0	0	0	1	0	8	152	220	155	16	0	2	0	166	250	116	209	158	0	0	66	243	44	0	69	223	9	0	120	181	0	0	109	220	3	0	63	245	90	111	255	98	0	2	0	115	220	219	107	0	2	0	1	0	0	0	0	1	0	
0	3	4	4	1	0	0	0	0	0	0	0	2	8	0	0	0	94	134	137	200	136	0	3	0	49	93	56	200	72	0	3	0	1	0	21	191	10	0	1	0	3	0	44	197	1	0	0	0	2	0	41	237	30	0	2	0	1	0	19	133	10	0	1	
0	0	0	0	0	0	0	0	0	1	0	12	154	15	0	1	0	1	0	32	222	22	0	1	0	2	0	52	220	9	0	1	0	3	0	101	186	0	2	0	0	4	0	150	154	0	4	0	0	3	0	112	115	0	3	0	0	0	0	0	0	0	0	0	
0	0	1	0	1	0	0	0	1	0	14	93	10	10	1	0	3	0	107	136	130	46	0	2	4	0	139	97	164	124	97	0	3	0	86	211	226	150	55	0	0	1	0	18	193	21	0	1	0	0	0	5	194	45	0	2	0	0	0	0	19	3	0	0	
0	0	0	6	5	0	0	0	1	0	14	218	151	0	1	0	1	0	15	141	210	7	2	2	0	2	0	53	184	0	1	0	0	11	165	242	169	30	146	76	0	70	255	235	224	218	159	28	0	13	59	16	13	8	0	0	0	0	0	0	0	0	3	1	
0	0	1	0	0	0	0	0	0	0	0	14	15	1	0	0	2	0	49	174	148	99	0	3	3	0	96	65	40	112	0	4	1	0	40	0	93	80	0	3	0	0	2	0	123	29	0	1	0	1	0	23	137	0	1	0	0	1	0	20	83	0	2	0	
0	0	0	0	0	0	0	0	3	0	90	194	175	67	0	2	1	0	40	108	251	119	0	4	1	0	22	214	238	185	16	0	0	0	4	15	0	182	97	0	0	105	99	36	148	205	19	0	0	55	197	194	140	25	0	1	0	0	0	0	0	1	1	0	
0	0	0	0	0	0	0	0	0	6	34	34	34	19	2	0	0	18	120	136	134	199	19	0	1	0	47	50	114	169	0	1	1	0	55	151	226	116	15	0	0	3	0	115	95	0	3	0	1	0	34	181	5	2	1	0	2	0	47	108	0	2	0	0	
0	0	0	3	1	0	0	0	0	0	4	0	54	40	0	1	0	0	7	86	155	71	0	3	3	0	120	170	162	47	0	1	0	45	219	187	234	168	21	0	0	13	0	89	172	12	2	0	0	3	0	109	109	0	3	0	0	1	0	16	17	0	1	0	
0	0	1	3	2	2	1	0	0	0	0	0	0	0	0	0	1	0	16	138	96	29	16	0	4	0	117	156	149	207	22	0	3	0	109	114	92	133	0	3	0	0	3	0	122	52	0	2	0	1	0	31	129	0	1	0	0	3	0	70	76	0	2	0	
0	0	1	1	0	0	0	0	0	0	0	14	30	39	52	3	2	0	39	208	175	194	183	23	3	0	149	255	118	0	0	0	2	0	111	64	186	86	0	3	0	100	118	46	199	86	0	3	0	56	172	186	102	0	1	0	0	0	0	0	0	0	0	0	
0	0	0	8	7	0	0	0	0	0	7	69	144	82	0	3	0	2	0	50	180	82	0	3	0	2	0	75	175	7	0	1	0	1	3	0	82	105	0	4	0	18	74	19	139	109	0	4	1	0	85	179	168	17	0	1	0	0	0	0	0	0	0	0	
0	2	0	54	37	0	1	0	1	0	0	199	69	0	4	0	3	0	61	209	55	53	0	0	4	0	95	250	215	212	83	0	4	0	136	255	115	103	177	0	3	0	89	255	234	219	68	0	0	0	0	55	72	16	0	1	0	0	1	0	0	1	2	0	
0	0	0	0	0	1	0	0	0	0	0	76	146	33	0	1	1	0	28	203	102	186	14	0	1	0	1	166	151	161	17	0	0	13	183	143	195	51	0	2	0	17	176	0	116	94	0	3	2	0	59	163	195	37	0	2	0	1	0	22	24	0	1	0	
0	0	0	2	1	0	0	0	0	1	7	0	0	9	4	0	0	6	171	184	177	242	68	0	0	0	26	34	186	202	0	0	0	2	0	52	227	39	0	2	0	2	0	185	136	0	4	0	2	0	28	230	35	0	1	0	1	0	31	151	4	0	0	0	
0	0	0	1	0	0	0	0	0	0	1	0	96	104	0	0	0	3	0	82	117	34	20	0	0	3	0	123	127	103	100	12	2	0	58	209	91	2	1	0	0	16	103	50	111	0	3	0	0	23	89	65	113	0	1	0	1	0	27	52	7	0	0	0	
0	0	1	1	0	0	0	0	0	1	0	32	145	148	35	0	2	0	34	212	162	246	81	0	4	0	130	184	130	180	0	0	3	0	51	255	229	15	0	1	2	0	173	146	196	95	0	3	2	0	158	195	196	51	0	2	0	0	4	45	17	0	1	0	
0	0	0	0	1	0	0	0	0	0	0	2	90	4	0	0	0	1	0	26	137	0	1	0	0	2	0	45	97	0	3	0	0	2	0	68	97	0	3	0	0	3	0	90	82	0	3	0	0	2	0	68	64	0	2	0	0	0	0	0	1	0	0	0	
0	0	2	0	1	2	0	0	0	0	0	17	14	0	0	0	2	0	65	200	207	49	0	2	3	0	164	71	145	133	0	4	2	0	65	178	222	53	0	2	0	0	0	7	177	23	0	1	0	2	0	48	177	0	1	0	0	1	0	43	113	0	2	0	
1	0	27	24	0	1	0	0	3	0	62	187	24	0	1	0	0	3	0	109	204	0	0	1	0	0	0	0	195	60	0	2	1	0	15	32	186	83	0	3	3	0	53	230	251	66	0	3	0	0	0	8	73	66	0	2	0	0	0	0	0	0	0	0	
0	1	1	0	0	1	2	0	1	0	23	177	212	70	0	2	0	0	196	214	125	229	63	0	0	43	243	45	0	110	189	0	0	40	220	19	0	126	197	0	0	17	227	116	122	253	82	0	2	0	80	211	207	82	0	2	0	0	0	0	0	0	2	0	
0	0	0	0	0	0	0	0	0	0	1	75	9	0	0	0	0	1	0	159	52	0	2	0	0	3	0	103	82	0	3	0	0	2	0	63	120	0	3	0	0	1	0	28	156	0	1	0	0	2	0	49	125	0	2	0	0	0	0	8	13	0	0	0	
0	0	0	0	0	0	0	0	0	1	0	18	165	20	0	1	0	3	0	88	224	2	0	1	0	3	0	102	190	0	2	0	0	4	0	138	180	0	3	0	0	3	0	185	153	0	4	0	0	2	0	130	87	0	3	0	0	0	0	0	0	0	0	0	
0	0	1	0	1	0	0	0	0	0	1	0	0	79	9	0	0	2	109	3	26	168	0	0	0	9	167	0	57	133	0	4	3	0	116	172	176	95	0	4	0	0	5	39	171	85	0	3	0	0	5	0	109	63	0	2	0	0	1	0	15	11	0	0	
0	1	0	28	20	0	1	0	3	0	115	255	196	8	0	1	1	0	39	110	230	18	0	1	0	4	0	158	189	0	2	0	3	0	89	251	40	4	68	6	0	51	247	253	215	244	177	2	0	61	120	62	138	93	3	0	0	0	0	0	0	0	1	0	
0	0	2	0	0	0	0	0	0	0	8	22	0	58	18	0	1	0	121	72	0	150	58	0	0	93	94	0	0	145	67	0	0	175	90	49	72	200	46	0	0	40	116	107	83	175	5	0	0	0	1	0	40	124	0	2	0	2	4	1	14	14	0	1	
0	0	0	0	0	0	0	0	3	0	138	201	157	24	0	1	1	0	13	165	255	27	0	2	3	0	115	252	246	144	0	0	0	0	105	61	38	232	36	0	0	35	171	48	150	198	0	0	1	0	115	223	179	23	0	1	0	0	0	0	0	1	1	0	
0	0	1	0	0	1	0	0	0	0	0	20	27	1	0	0	0	5	106	117	162	92	0	3	0	2	19	0	57	125	0	4	0	0	3	0	130	57	0	2	0	2	0	39	163	0	1	0	0	3	0	113	105	0	3	0	0	2	0	106	44	0	1	0	
0	0	0	1	0	0	0	0	0	0	3	0	85	44	0	2	0	3	0	87	255	93	0	4	2	0	84	204	166	101	0	4	0	25	213	206	218	200	8	0	0	3	8	0	189	119	0	3	0	0	0	0	184	47	0	2	0	0	1	1	23	3	0	0	
0	0	0	0	0	0	0	0	0	1	0	26	78	0	2	0	0	1	0	33	113	0	3	0	0	1	0	26	96	0	2	0	0	1	0	27	105	0	2	0	0	1	0	28	100	0	2	0	0	1	0	19	86	0	2	0	0	0	0	0	0	0	0	0	
0	0	0	0	0	0	0	0	1	0	7	127	165	214	84	0	3	0	78	234	122	60	12	0	4	0	156	250	200	124	0	1	0	15	102	36	30	235	30	0	0	179	114	13	181	175	0	1	0	48	179	210	147	11	0	1	0	0	0	0	0	2	0	0	
0	0	1	0	17	25	0	1	0	2	0	27	232	125	0	4	1	0	2	210	174	0	0	1	1	0	150	255	46	0	2	0	2	0	191	224	214	102	0	3	3	0	81	195	226	204	0	1	0	1	0	69	130	37	0	1	0	0	1	0	0	0	0	0	
0	1	0	32	53	0	1	0	0	3	0	149	121	0	4	0	1	0	19	207	29	0	1	0	4	0	110	197	178	181	7	0	2	0	185	241	145	183	80	0	3	0	111	255	247	222	40	0	0	0	0	48	80	29	0	1	0	0	1	0	0	0	1	0	
0	0	0	0	1	3	0	0	0	2	38	58	8	0	0	0	0	94	182	174	198	99	0	1	0	8	2	0	21	202	37	0	1	0	26	36	95	178	0	1	2	0	71	132	240	86	0	4	0	2	0	51	197	13	0	1	0	1	0	44	80	0	1	0	
0	0	0	0	0	0	0	0	0	0	3	22	20	12	1	0	1	0	20	188	227	239	35	0	0	0	2	0	185	163	0	1	0	2	0	60	202	7	0	1	0	2	0	184	101	0	4	0	2	0	51	205	2	0	0	0	2	0	47	118	0	2	0	0	
0	0	0	0	0	0	0	0	2	0	43	135	133	14	0	1	2	0	76	79	169	31	0	3	0	2	0	103	97	0	3	0	2	0	126	143	11	43	60	43	0	4	185	170	157	163	156	94	0	0	0	22	10	0	0	0	0	0	1	0	1	2	3	3	
0	0	0	0	0	0	0	0	0	1	0	94	165	75	0	1	3	0	70	211	127	207	0	0	2	0	38	184	179	101	0	3	1	0	0	213	204	0	0	1	3	0	87	139	165	82	0	3	3	0	56	192	204	68	0	3	0	1	0	45	40	0	1	0	
0	0	0	1	0	0	0	0	0	0	0	2	96	104	0	1	0	3	0	95	196	149	0	4	0	3	0	88	206	23	0	1	0	3	0	107	204	0	1	0	1	0	25	168	173	29	0	1	2	0	47	201	86	0	2	0	0	0	0	26	3	0	0	0	
0	0	2	0	0	0	0	0	0	2	0	97	227	195	54	0	2	0	134	254	123	138	200	0	0	44	247	58	0	19	197	24	0	150	182	0	0	93	213	0	0	128	211	56	106	250	98	0	0	11	178	222	201	96	0	1	0	1	0	0	0	0	1	0	
0	0	0	0	0	1	0	0	1	0	14	113	142	60	0	2	3	0	135	117	20	68	11	0	2	0	70	66	42	119	11	0	0	0	0	185	125	0	1	0	1	0	16	138	107	39	0	1	0	1	0	98	95	162	32	0	0	0	0	7	20	18	7	0	
0	0	0	0	0	0	0	0	0	1	0	22	105	0	0	0	0	2	0	56	196	0	1	0	0	3	0	82	174	0	3	0	0	3	0	106	168	0	3	0	0	4	0	125	170	0	3	0	0	3	0	110	135	0	4	0	0	0	0	11	16	0	1	0	
0	0	1	2	0	1	0	0	0	0	0	3	11	0	0	0	1	0	0	141	221	33	0	2	3	0	60	250	252	75	0	3	1	0	10	94	198	12	0	1	0	3	0	88	137	0	3	0	0	3	0	158	68	0	2	0	0	1	0	123	26	0	1	0	
0	0	0	0	1	0	0	0	2	0	61	190	191	55	0	2	2	0	79	65	157	166	0	4	0	1	0	22	208	40	0	2	0	3	0	153	136	0	18	6	2	0	103	255	163	154	154	5	0	0	163	97	117	136	19	0	0	0	0	0	0	0	1	0	
0	1	0	43	77	0	1	0	0	3	0	128	109	0	2	0	0	1	0	149	29	0	1	0	1	0	21	154	45	25	0	1	3	0	74	166	116	136	0	1	3	0	88	163	104	129	0	0	0	0	3	70	65	6	0	0	0	0	0	0	0	1	0	0	
0	0	0	0	1	0	0	0	2	0	60	168	184	26	0	1	2	0	78	130	225	32	0	2	2	0	41	215	235	110	0	2	1	0	33	47	32	214	13	0	0	9	95	5	142	172	0	2	0	1	162	196	162	13	0	1	0	0	0	5	0	1	0	0	
0	0	0	0	0	0	0	0	0	54	178	149	56	0	1	0	0	142	91	93	172	0	4	0	2	0	41	228	200	52	0	2	0	14	31	0	27	139	75	0	0	38	176	105	3	92	158	0	1	0	4	97	162	181	66	0	0	1	1	0	0	0	0	0	
0	0	0	1	0	0	0	0	0	1	0	17	107	14	0	1	0	4	0	148	244	31	0	2	2	0	72	162	143	91	0	1	0	54	245	199	211	191	0	0	0	26	44	25	209	68	0	3	0	0	2	0	179	59	0	2	0	1	3	0	25	16	0	1	
0	0	0	1	1	0	0	0	0	0	3	0	111	108	0	3	0	0	1	0	217	128	0	4	0	3	0	97	230	14	0	1	1	0	5	225	113	0	3	0	4	0	102	234	6	0	1	0	3	0	99	149	0	2	0	0	0	0	0	0	0	0	0	0	
0	0	0	0	0	0	0	0	2	0	45	76	29	62	37	6	4	0	144	255	237	209	146	10	2	0	197	244	230	105	0	3	1	0	124	40	38	207	6	0	0	11	23	0	99	204	0	0	0	29	208	206	221	67	0	2	1	0	27	61	19	0	1	0	
0	0	0	0	0	1	0	0	1	0	12	93	135	50	0	2	4	0	101	139	96	161	0	2	1	0	23	75	153	101	0	2	1	0	19	173	113	0	3	0	3	0	80	116	91	7	0	0	1	0	21	208	145	0	2	0	0	1	0	33	19	0	1	0	
0	0	0	8	29	0	0	0	0	3	0	123	141	0	4	0	1	0	12	218	142	41	0	1	4	0	87	255	163	201	54	0	2	0	191	148	0	168	110	0	1	0	199	161	136	218	26	0	2	0	34	154	151	31	0	1	0	0	0	0	0	1	1	0	
0	0	0	0	1	0	0	0	0	0	0	0	19	74	0	2	0	0	2	0	70	75	0	2	0	0	0	5	145	18	0	1	0	2	0	80	112	0	2	0	1	0	8	141	17	0	1	0	2	0	41	62	0	2	0	0	0	0	1	2	1	0	0	0	
0	0	0	2	4	3	1	0	0	1	13	0	0	0	0	0	1	0	147	192	165	193	46	0	1	0	10	68	246	173	11	0	0	3	0	118	181	0	1	0	1	0	7	215	56	0	3	0	3	0	76	216	0	0	0	0	1	0	31	134	1	0	0	0	
0	0	0	3	3	0	0	0	2	0	41	154	133	4	0	0	1	0	22	68	175	5	0	1	0	2	0	169	200	37	0	1	0	0	2	6	44	203	8	0	0	10	41	31	181	102	0	2	0	4	125	183	72	0	2	0	0	0	1	1	0	2	0	0	
0	0	1	0	0	0	0	0	0	2	0	100	179	213	52	0	3	0	71	185	139	229	16	0	4	0	132	170	189	64	0	2	3	0	51	255	227	34	0	2	2	0	191	144	175	150	0	4	2	0	114	197	178	46	0	2	0	0	0	3	0	0	0	0	
0	0	0	0	0	2	2	0	0	85	144	0	3	0	0	0	0	216	132	0	0	77	65	0	0	164	196	5	0	198	106	0	0	26	213	241	222	255	84	0	1	0	10	81	101	238	117	0	0	1	1	2	0	89	96	0	0	0	1	3	4	1	0	0	
0	0	2	1	0	1	0	0	0	0	0	17	34	3	0	0	2	0	78	174	123	117	0	2	0	7	188	12	119	154	0	3	1	0	118	165	235	86	0	4	0	0	8	11	154	48	0	2	0	1	0	8	180	21	0	1	0	1	0	26	128	0	0	0	
0	0	1	0	23	35	0	1	0	1	0	17	185	108	0	2	0	2	0	157	91	0	3	0	2	0	31	215	44	0	1	0	2	0	50	216	177	21	0	1	1	0	23	197	218	36	0	2	0	2	0	71	122	0	0	0	0	0	1	1	0	0	0	0	
0	1	3	4	3	0	0	0	0	0	0	0	0	6	0	0	0	161	189	183	191	216	29	0	0	60	126	103	194	211	0	0	0	0	2	0	190	119	0	4	0	4	0	47	231	25	0	1	0	4	0	125	209	0	1	0	0	3	0	97	140	0	2	0	
0	0	0	0	0	0	0	0	0	0	0	61	92	90	24	0	1	0	25	204	137	101	19	0	2	0	51	221	164	12	0	1	0	0	10	13	159	64	0	2	0	0	3	0	127	51	0	2	0	3	135	152	117	0	2	0	2	0	81	124	13	0	1	0	
0	0	2	1	0	0	1	0	0	2	0	36	201	107	0	2	2	0	55	237	202	249	78	0	0	5	224	146	0	146	157	0	0	37	235	31	0	187	125	0	0	5	211	169	163	231	18	0	2	0	42	191	203	35	0	2	0	1	1	0	0	1	1	0	
0	0	1	8	1	0	0	0	3	0	68	179	130	0	2	0	1	0	50	162	210	0	0	1	2	0	140	151	152	157	5	0	0	5	115	9	0	159	109	0	0	0	178	80	3	172	78	0	2	0	43	149	187	147	0	1	0	0	0	1	5	0	1	0	
0	0	1	1	0	0	0	0	0	0	2	0	79	26	0	1	0	0	9	138	194	28	0	1	3	0	79	204	162	27	33	0	0	0	200	233	221	197	59	0	0	8	51	99	184	11	0	1	0	3	0	93	140	0	5	0	0	1	1	12	13	0	0	0	
0	0	0	8	2	0	0	0	0	39	131	133	135	38	0	2	0	32	19	0	32	160	6	0	0	0	60	112	69	146	22	0	0	85	106	34	160	221	3	0	4	152	55	127	103	136	100	0	0	78	129	52	0	50	121	0	0	0	0	0	2	1	0	0	
0	0	1	1	0	0	1	0	0	1	0	26	196	86	0	3	1	0	20	223	153	202	20	0	3	0	156	204	0	209	78	0	0	0	220	73	11	244	52	0	2	0	194	156	178	194	0	1	2	0	47	217	188	20	0	1	0	0	0	0	0	1	0	0	
0	0	0	3	0	1	0	0	0	2	0	71	130	54	3	0	0	1	0	136	39	0	1	0	2	0	80	181	116	13	0	1	0	1	82	4	52	102	0	2	0	4	9	0	39	126	0	2	0	7	96	105	111	26	0	1	0	0	5	11	1	0	0	0	
0	0	0	18	20	0	1	0	0	2	0	164	90	0	3	0	1	0	17	193	16	0	1	0	3	0	78	183	104	56	0	2	4	0	93	255	145	197	20	0	2	0	50	229	144	196	24	0	0	1	0	94	142	23	0	1	0	0	1	0	0	1	1	0	
0	0	0	0	0	0	0	0	0	0	70	99	131	8	0	1	1	0	99	182	146	0	1	0	3	0	88	226	110	19	0	1	0	0	2	29	115	161	0	1	0	0	20	0	38	160	0	0	3	0	99	122	147	44	0	2	1	0	22	55	6	0	1	0	
0	0	0	1	0	0	0	0	0	1	0	13	114	7	0	1	0	3	0	174	210	0	1	0	3	0	73	230	151	0	32	8	0	40	236	200	206	164	157	9	0	69	124	153	197	39	11	0	0	1	0	37	108	0	2	1	0	2	5	2	0	2	1	0	
0	0	0	0	0	0	0	0	0	0	62	101	121	71	0	1	0	8	141	144	221	237	16	0	3	0	97	228	148	47	0	0	2	0	75	219	161	13	0	1	0	1	2	0	184	153	0	4	0	3	163	193	182	41	0	2	0	0	41	59	10	0	0	0	
0	0	0	2	1	0	0	0	2	0	83	189	198	54	0	2	1	0	24	70	240	96	0	4	2	0	50	227	221	206	22	0	0	0	11	25	0	221	79	0	0	129	121	30	158	207	7	0	0	52	182	217	178	23	0	1	0	0	0	0	0	1	1	0	
0	0	2	0	0	0	0	0	0	1	0	74	77	32	27	0	2	0	81	145	97	100	41	0	1	0	144	96	10	0	1	0	0	0	7	68	127	51	0	2	0	3	7	0	67	117	0	4	0	12	110	115	135	30	0	1	1	0	23	58	12	0	0	0	
0	0	0	0	0	0	0	0	1	0	7	141	216	115	0	3	0	0	5	91	230	108	0	4	1	0	10	172	249	134	0	3	0	0	7	30	51	192	0	1	0	59	104	0	154	161	0	3	0	35	171	200	181	22	0	1	0	0	0	2	0	1	0	0	
0	0	0	0	1	1	0	0	2	21	3	2	1	1	0	0	41	208	13	0	138	101	0	3	10	212	118	50	201	200	0	1	0	56	186	174	144	224	26	0	0	0	0	0	0	203	54	0	0	2	3	4	0	199	114	0	0	0	0	1	0	54	39	0	
0	0	1	1	1	1	0	0	0	0	2	1	0	102	24	0	0	1	0	123	46	207	23	0	3	0	114	197	103	146	0	4	0	58	249	201	243	222	33	0	0	57	60	81	214	57	11	0	0	4	0	160	127	0	4	0	0	3	0	24	16	0	1	0	
0	0	1	3	29	3	3	0	0	0	2	119	139	4	0	0	3	0	121	92	0	37	100	5	0	43	142	0	27	167	163	0	0	97	80	0	167	174	24	0	0	94	113	91	223	34	0	2	0	5	108	131	72	0	2	0	0	0	0	0	1	2	0	0	
0	0	1	1	0	0	0	0	0	2	0	46	156	95	0	1	2	0	26	224	135	207	20	0	1	0	27	181	136	154	0	3	0	3	0	167	255	26	0	2	4	0	110	193	199	42	0	2	4	0	118	227	173	14	0	1	0	0	5	55	18	0	1	0	
0	0	0	0	0	0	0	0	0	0	41	84	121	149	79	11	2	0	187	247	184	163	138	14	3	0	162	211	162	59	0	2	3	0	150	201	157	211	47	0	0	26	69	0	0	192	59	0	0	13	164	196	217	168	0	1	0	0	4	54	45	2	0	0	
0	0	3	4	3	1	0	0	0	1	0	0	0	9	8	0	2	0	74	145	159	225	60	0	0	48	233	104	151	194	0	1	0	28	51	0	181	80	0	3	0	3	0	83	184	0	1	0	1	0	5	209	65	0	2	0	1	0	28	133	0	0	0	0	
0	0	2	0	0	0	0	0	0	0	2	74	99	10	0	0	1	0	109	82	98	90	0	3	0	45	116	0	28	138	3	0	0	14	114	104	122	179	8	0	0	0	6	5	107	73	0	3	0	1	1	55	142	39	0	2	0	0	0	42	42	0	0	0	
0	0	1	2	0	0	0	0	0	0	0	4	69	141	36	0	0	0	0	151	232	172	0	1	2	0	48	209	197	65	0	3	0	2	0	186	215	0	0	0	1	0	14	231	217	0	0	1	3	0	51	255	141	0	1	0	0	0	6	30	0	0	0	0	
0	0	0	0	15	10	0	0	1	0	24	94	84	144	45	0	2	0	57	81	32	127	17	0	0	0	45	99	155	105	0	1	0	0	70	28	0	119	85	0	0	59	94	0	28	132	33	0	0	45	144	115	97	36	0	1	0	0	4	9	0	1	1	0	
0	0	1	0	66	12	0	0	0	2	0	67	182	0	1	0	0	2	0	176	82	0	3	0	2	0	30	206	174	109	0	2	4	0	82	255	185	182	2	0	2	0	47	245	235	87	0	3	0	1	0	41	53	0	0	0	0	0	1	0	0	2	0	0	
0	0	0	0	0	0	0	0	0	2	0	46	58	0	2	0	0	2	0	61	128	0	3	0	0	1	0	38	133	0	3	0	0	1	0	26	114	0	2	0	0	1	0	22	128	0	1	0	0	1	0	19	127	0	1	0	0	0	0	3	18	0	0	0	
0	0	1	1	0	0	0	0	0	1	0	15	83	32	0	1	1	0	28	172	181	166	0	3	2	0	154	54	96	126	0	4	0	3	175	122	227	36	0	2	2	0	43	160	181	0	1	0	0	4	0	122	155	0	4	0	0	1	0	57	38	0	1	0	
0	0	0	0	0	0	0	0	1	0	32	121	85	0	1	0	0	0	90	69	132	0	1	0	0	0	0	158	139	0	0	1	1	0	12	50	93	115	0	2	0	0	1	0	23	137	0	1	0	1	0	104	182	67	0	3	0	1	0	22	45	0	0	0	
0	0	1	1	0	0	0	0	0	1	0	14	112	148	37	0	1	0	2	181	154	225	46	0	1	0	18	184	178	119	0	3	0	3	0	185	191	0	2	0	3	0	75	197	188	6	0	0	3	0	159	213	148	0	1	0	1	0	17	58	10	0	0	0	
0	0	1	0	0	0	0	0	0	0	4	69	98	99	9	0	0	2	102	65	49	172	17	0	0	19	154	51	99	13	0	1	1	0	14	165	180	24	0	1	0	0	7	96	35	154	0	0	0	0	9	121	64	125	0	1	0	1	0	29	58	17	0	1	
0	0	0	0	0	0	0	0	1	0	10	98	143	77	0	1	1	0	21	137	182	190	0	1	2	0	56	172	232	145	0	3	2	0	71	84	39	184	0	1	0	16	13	0	153	154	0	3	0	74	195	190	173	11	0	1	0	0	45	54	1	1	0	0	
0	0	1	0	0	1	1	0	0	0	0	81	131	34	0	2	3	0	81	150	78	156	21	0	3	0	80	132	83	230	49	0	0	3	0	119	205	51	0	2	0	2	0	138	211	0	2	0	1	0	2	206	170	0	1	0	0	1	0	22	18	0	1	0	
0	0	0	0	3	10	0	0	0	1	0	22	192	194	2	0	0	4	0	54	235	228	11	0	0	0	14	0	153	177	0	3	0	96	241	219	248	58	15	2	0	196	255	219	211	255	170	0	0	41	63	2	12	82	24	0	0	0	0	1	1	0	0	0	
0	1	0	0	1	0	0	0	0	9	77	66	6	0	0	0	0	86	226	210	179	0	0	1	1	16	0	52	215	8	0	1	0	3	0	126	149	0	4	0	0	2	0	201	149	39	13	0	0	1	0	67	164	183	133	0	0	0	0	0	0	0	15	2	
0	1	0	33	45	0	1	0	2	0	66	195	178	74	0	3	1	0	53	15	142	122	0	4	0	0	0	13	211	67	0	3	0	24	224	255	220	7	0	1	0	21	209	151	180	215	125	0	0	0	3	0	16	145	90	0	0	1	1	3	2	0	0	0	
0	0	0	1	0	0	0	0	0	0	0	9	57	9	0	0	0	1	0	50	96	54	0	2	2	0	47	95	108	47	0	2	1	0	18	45	104	19	0	1	0	1	0	17	98	0	1	0	0	2	0	67	83	0	3	0	0	1	0	35	24	0	1	0	
0	0	2	1	0	0	0	0	0	1	0	36	102	91	0	1	2	0	90	174	193	173	0	3	4	0	172	150	180	64	0	3	1	0	14	231	203	0	0	0	1	0	16	194	218	51	0	2	1	0	10	200	214	29	0	2	0	3	0	29	32	0	1	0	
0	1	3	2	3	2	0	0	0	0	0	0	0	0	0	0	0	26	164	168	184	85	0	3	0	110	189	12	100	189	0	2	0	75	84	0	25	173	3	0	0	0	2	0	32	181	1	0	0	1	4	0	80	195	0	1	0	0	3	0	93	120	0	4	
0	0	0	1	0	0	0	0	0	0	2	0	92	110	0	1	0	3	0	56	253	183	0	2	0	1	0	167	171	140	10	0	0	9	159	238	221	230	65	0	0	109	177	53	198	19	0	1	0	6	0	132	152	0	4	0	0	0	0	22	14	0	0	0	
0	0	0	0	0	0	0	0	0	2	0	58	112	0	3	0	0	3	0	81	175	0	3	0	0	3	0	77	170	0	3	0	0	3	0	77	170	0	3	0	0	3	0	81	175	0	3	0	0	2	0	56	118	0	2	0	0	0	0	0	0	0	0	0	
0	0	0	8	45	14	0	1	0	2	0	165	255	142	0	3	0	1	3	101	117	222	8	0	0	0	3	0	117	211	0	0	0	5	153	209	246	73	0	3	0	94	255	244	239	209	132	0	0	40	144	36	22	119	64	0	0	0	0	0	0	0	0	0	
0	0	1	0	18	34	0	1	0	0	1	1	151	82	0	2	0	3	0	116	107	0	3	0	2	0	61	222	131	34	0	2	2	0	202	101	24	127	6	0	3	0	102	142	50	132	6	0	1	0	4	110	143	35	0	2	0	0	1	0	0	1	0	0	
0	0	2	1	0	0	1	0	0	3	0	64	228	165	7	0	2	0	39	241	148	182	150	0	0	0	205	189	0	83	210	0	0	52	243	36	0	202	158	0	0	96	245	67	184	241	25	0	0	10	173	229	171	35	0	1	0	0	0	0	0	1	1	0	
0	0	0	0	0	2	0	0	1	0	24	133	99	6	0	0	3	0	90	204	75	116	0	1	4	0	109	87	0	101	42	0	1	0	144	29	0	66	75	0	0	13	126	1	0	107	69	0	1	0	98	93	105	105	1	0	0	0	4	51	36	0	0	0	
0	0	0	1	1	0	0	0	0	0	2	0	91	50	0	2	0	1	0	11	222	63	0	3	0	3	0	77	194	0	1	0	0	3	0	153	127	0	4	0	0	2	0	199	81	0	3	0	1	0	4	197	41	0	2	0	0	0	4	34	2	0	0	0	
0	0	0	0	0	0	0	0	0	9	79	112	124	142	107	0	0	80	210	87	81	51	50	0	0	43	176	136	139	108	4	0	0	0	8	21	9	97	158	0	0	71	78	0	0	80	193	0	0	62	180	137	163	157	31	0	1	0	26	60	29	0	0	0	
0	0	0	0	0	0	0	0	0	0	2	0	127	67	0	3	0	1	0	27	226	36	0	2	0	3	0	68	194	0	1	0	0	3	0	142	174	0	3	0	0	3	0	191	157	0	4	0	0	2	0	150	75	0	3	0	0	0	0	0	0	0	0	0	
0	0	2	10	0	0	0	0	0	0	7	118	3	0	0	0	0	3	0	139	42	0	1	0	0	3	0	117	63	0	2	0	0	3	0	78	87	0	3	0	0	1	0	17	175	113	0	1	0	0	2	0	118	101	0	2	0	0	0	0	0	0	0	0	
0	0	1	0	36	27	0	1	1	0	3	136	246	204	12	0	2	0	42	190	67	226	39	0	0	0	3	0	110	211	0	0	0	63	161	134	232	79	2	2	29	239	255	247	236	211	91	0	11	93	49	5	55	60	3	0	0	0	0	0	0	0	1	0	
1	0	30	39	6	0	0	0	1	0	59	106	120	37	0	2	0	0	1	0	38	108	0	3	0	12	84	105	120	79	0	3	0	78	94	0	195	93	0	3	0	30	123	103	80	116	27	0	1	0	43	53	0	49	87	0	0	1	1	0	2	1	0	0	
0	0	2	1	0	0	0	0	0	1	0	14	104	76	0	0	2	0	34	217	84	192	51	0	3	0	167	103	107	223	4	0	2	0	181	189	252	136	0	4	1	0	47	90	209	53	0	2	0	3	0	97	169	0	2	0	0	1	0	29	19	0	0	0	
0	0	1	0	23	37	0	1	0	0	1	0	160	118	0	2	0	3	0	87	132	0	3	0	0	0	2	161	47	0	0	0	2	0	63	122	72	83	0	2	3	0	73	151	64	143	0	3	0	0	0	102	123	23	0	1	0	0	0	0	0	0	0	0	
0	0	0	2	75	11	0	0	0	3	0	97	189	0	2	0	1	0	4	204	54	0	2	0	3	0	90	173	103	221	47	0	3	0	165	175	191	215	68	0	3	0	112	255	238	139	0	1	0	0	0	50	45	0	0	0	0	0	1	0	0	2	1	0	
0	0	2	0	1	0	0	0	0	0	6	64	15	0	1	0	0	0	116	139	152	0	1	0	0	47	156	36	211	33	0	2	0	3	82	89	93	92	0	3	0	0	1	0	34	140	0	2	0	0	3	2	6	149	13	0	0	0	0	1	0	61	15	0	
0	0	1	1	0	0	0	0	0	1	0	13	100	150	33	0	1	0	10	187	198	251	43	0	1	0	24	209	186	94	0	3	0	2	0	200	204	0	2	0	2	0	57	177	201	62	0	2	3	0	70	222	167	15	0	1	0	0	0	48	17	0	1	0	
0	0	1	7	1	1	0	0	1	0	96	153	130	5	0	0	0	53	135	0	108	125	0	3	0	7	14	19	27	152	8	0	0	24	112	127	156	193	4	0	0	102	134	0	134	172	120	0	0	4	119	154	83	0	41	5	0	0	1	2	0	3	0	0	
0	0	0	0	1	0	0	0	0	0	2	0	53	88	0	2	0	0	4	0	154	111	0	4	0	1	0	18	196	23	0	1	0	3	0	102	148	0	3	0	0	1	0	184	59	0	2	0	2	0	39	186	2	0	0	0	0	0	9	23	0	0	0	0	
0	0	0	0	0	0	0	0	0	2	118	191	185	84	0	2	0	13	104	49	136	209	0	1	0	0	13	7	106	181	0	3	0	46	191	195	255	138	5	6	0	138	189	175	189	184	165	3	0	41	191	127	0	7	10	0	0	0	0	0	2	2	0	0	
0	0	0	0	0	0	0	0	0	1	1	9	131	130	0	0	0	4	0	69	166	196	21	0	1	0	51	41	92	166	0	2	0	120	252	245	252	60	0	3	0	130	142	61	105	195	128	0	0	0	0	0	0	31	29	0	0	3	4	3	2	0	0	0	
0	0	1	0	2	1	0	0	0	1	0	56	20	0	1	0	3	0	55	238	190	24	0	1	4	0	94	223	241	63	0	3	1	0	10	192	255	38	0	2	0	1	0	5	212	47	0	2	0	0	4	0	168	103	0	4	0	0	1	0	35	47	0	2	
0	0	0	0	0	0	0	0	0	0	3	0	143	64	0	2	0	1	0	17	216	33	0	2	0	3	0	76	190	0	2	0	0	4	0	144	143	0	4	0	0	6	0	169	95	0	3	0	0	7	7	173	43	0	2	0	0	0	1	1	0	0	0	0	
0	0	2	2	0	0	0	0	0	0	0	6	16	0	0	0	2	0	37	156	215	60	0	3	0	20	219	119	232	86	0	3	0	11	139	128	140	108	0	4	0	0	2	0	52	146	0	3	0	1	3	0	23	173	4	0	0	0	1	0	9	131	9	0	
0	0	2	0	0	0	0	0	0	3	0	65	219	194	49	0	3	0	91	250	98	159	186	0	0	50	245	80	0	120	175	0	0	182	151	0	22	227	107	0	0	172	201	145	245	166	0	1	0	33	162	185	88	0	1	0	0	0	0	0	0	2	1	0	
0	0	0	0	0	0	0	0	1	0	38	121	74	98	105	38	0	0	193	165	116	90	53	22	0	0	160	129	14	0	1	0	1	0	6	107	193	68	0	3	0	30	42	0	116	200	0	1	0	43	164	163	157	38	0	1	0	0	3	6	0	0	0	0	
0	0	2	0	76	34	0	1	0	2	0	42	228	47	0	2	0	1	0	189	113	0	3	0	3	0	68	207	121	180	12	0	4	0	148	209	222	242	41	0	3	0	152	255	247	122	0	2	1	0	18	78	37	0	1	0	0	0	0	0	0	2	0	0	
0	0	0	0	0	0	0	0	0	1	0	68	103	42	0	1	0	0	0	116	71	96	0	0	0	2	0	51	189	25	0	1	0	0	5	96	113	36	0	1	2	0	68	81	76	32	0	1	3	0	77	144	62	0	2	0	0	0	6	39	1	0	0	0	
0	0	2	0	0	0	1	0	0	2	0	22	93	67	0	0	2	0	93	244	177	207	52	0	0	57	229	42	0	212	61	0	0	105	186	28	186	184	0	2	0	4	142	191	253	80	0	3	0	3	0	56	211	6	0	1	0	2	0	41	77	0	1	0	
0	1	0	30	44	0	3	0	0	3	0	146	89	0	3	0	2	0	50	183	0	21	24	0	4	0	140	91	89	177	162	0	3	0	175	207	135	118	140	0	4	0	132	251	167	132	19	0	0	0	4	60	47	0	1	0	0	0	1	0	0	3	1	0	
0	0	0	0	0	0	0	0	2	0	41	174	210	123	0	2	2	0	46	93	145	192	0	3	0	2	1	132	255	128	0	4	1	0	11	97	94	207	4	0	0	113	77	0	105	201	0	0	0	97	199	195	197	49	0	2	0	0	0	2	0	0	0	0	
0	0	0	0	0	1	0	0	1	0	44	20	0	6	92	10	4	0	118	57	0	86	138	0	0	0	173	156	43	143	70	0	0	102	227	83	140	234	67	0	0	82	50	0	103	145	0	4	0	0	1	2	185	50	0	2	0	3	0	6	36	0	0	0	
0	0	1	4	1	0	0	0	0	0	0	0	1	15	5	0	1	0	19	157	199	239	40	0	3	0	178	148	161	168	0	2	0	0	34	45	212	29	0	2	0	2	0	164	133	0	4	0	3	0	58	219	13	0	1	0	2	0	62	112	0	2	0	0	
0	0	0	2	0	0	0	0	0	2	0	0	3	19	2	0	0	98	200	166	219	176	0	0	0	9	53	52	169	178	0	1	0	0	2	0	31	220	20	0	0	1	3	0	174	156	0	2	1	0	18	198	171	5	0	1	2	0	40	159	9	0	1	0	
0	0	0	0	1	0	0	0	0	0	2	0	54	146	0	1	0	0	3	0	177	137	0	3	0	2	0	57	220	14	0	1	0	3	0	171	144	0	3	0	3	0	61	235	33	0	1	0	3	0	74	140	0	2	0	0	0	0	0	0	1	0	0	0	
0	0	0	2	0	0	0	0	0	0	1	2	120	30	0	1	0	2	0	100	210	38	0	2	3	0	79	119	105	47	0	2	2	0	163	140	187	33	0	2	0	0	6	18	143	6	0	0	0	1	0	20	144	0	0	0	0	0	0	3	23	0	0	0	
0	0	0	0	0	0	0	0	0	1	0	21	104	151	56	0	1	0	14	199	160	248	116	0	2	0	38	186	153	128	0	2	0	1	0	205	195	0	2	0	3	0	87	178	194	27	0	1	4	0	129	229	156	6	0	1	1	0	12	46	7	0	0	0	
0	0	0	16	72	0	0	0	0	2	0	145	120	0	4	0	3	0	80	157	0	2	0	0	2	0	171	47	2	130	66	0	0	26	150	0	160	243	117	0	0	4	151	172	252	116	0	0	1	0	28	91	55	2	0	0	0	0	1	0	0	2	1	0	
0	0	0	0	1	1	0	0	1	0	2	140	212	135	0	0	0	0	7	93	111	208	7	0	1	0	23	141	243	144	0	3	1	0	35	128	75	207	12	0	0	46	121	12	166	171	0	2	0	24	182	215	150	12	0	1	0	0	0	0	0	1	0	0	
0	0	0	0	0	1	0	0	0	0	17	36	25	0	0	0	0	25	135	103	152	88	0	3	0	7	13	0	66	119	0	4	0	0	3	0	143	46	0	2	0	3	0	71	135	0	2	0	1	0	8	134	18	0	1	0	2	0	41	105	0	3	0	0	
0	0	0	0	0	0	0	0	1	0	15	102	143	88	0	1	4	0	139	216	142	197	0	2	2	0	65	183	170	115	0	3	1	0	10	232	228	4	0	1	2	0	188	107	160	85	0	3	3	0	137	167	205	59	0	3	0	0	1	56	41	0	1	0	
0	0	1	0	0	1	0	0	0	1	0	51	59	0	0	0	2	0	61	85	97	76	0	3	3	0	107	70	157	88	0	3	1	0	32	79	141	30	0	1	0	0	0	10	127	2	0	0	0	1	0	32	130	0	2	0	0	0	0	12	53	0	1	0	
0	0	0	0	0	0	0	0	0	0	2	0	52	136	0	2	0	0	3	0	162	140	0	4	0	1	0	33	214	22	0	1	0	4	0	138	166	0	3	0	1	0	13	230	67	0	3	0	2	0	31	195	25	0	1	0	0	0	0	0	0	0	0	0	
0	0	1	17	5	0	0	0	1	0	10	70	123	32	0	1	0	2	0	49	122	124	0	0	1	0	11	128	0	111	26	0	2	0	52	90	0	112	1	0	3	0	74	59	70	77	0	3	2	0	30	145	106	2	0	0	0	0	0	7	2	1	0	0	
0	0	1	3	0	0	0	0	0	1	1	0	43	61	1	0	1	0	16	160	189	232	36	0	0	6	184	126	117	190	3	0	0	27	212	169	254	70	0	3	1	0	15	138	200	0	0	0	1	0	8	212	75	0	3	0	1	0	20	81	0	0	0	0	
0	0	0	0	0	0	0	0	0	3	0	92	60	0	2	0	0	4	0	124	134	0	4	0	0	3	0	100	159	0	4	0	0	3	0	87	148	0	4	0	0	4	0	112	138	0	4	0	0	3	0	112	72	0	2	0	0	0	0	1	0	0	0	0	
0	0	0	1	4	3	0	0	0	0	1	2	0	0	5	4	0	1	0	16	101	136	167	54	1	0	21	175	104	45	17	1	3	0	89	191	92	0	3	0	0	32	77	101	152	0	3	0	0	17	112	105	14	0	1	0	0	0	0	0	0	0	0	0	
0	0	0	0	0	0	0	0	0	11	74	157	152	28	0	1	0	93	189	124	178	172	0	3	0	0	4	0	112	146	0	4	0	1	0	22	202	102	47	0	0	2	0	157	246	213	60	0	2	0	29	231	157	32	0	1	0	0	5	21	0	1	1	0	
0	0	1	2	0	0	0	0	0	0	0	4	69	37	0	1	1	0	12	161	170	173	0	1	4	0	111	138	106	175	0	2	3	0	58	191	240	47	0	2	0	3	0	91	163	0	3	0	1	0	4	193	51	0	2	0	1	0	16	83	0	0	0	0	
0	1	0	42	63	0	1	0	1	0	0	214	159	0	4	0	4	0	92	245	25	0	2	0	3	0	176	156	11	57	9	0	3	0	172	229	190	255	159	0	3	0	80	249	229	200	57	0	0	1	0	33	68	6	0	0	0	0	2	1	0	2	2	0	
0	0	0	0	0	0	0	0	0	1	0	31	130	123	25	0	1	0	4	188	149	243	111	0	2	0	57	177	142	140	0	1	1	0	11	237	158	0	2	0	2	0	27	232	174	0	2	0	3	0	75	250	145	0	1	0	0	0	8	39	3	0	0	0	
0	1	0	0	0	2	0	0	2	0	52	145	113	21	0	1	0	27	193	78	108	157	0	1	0	65	143	0	0	121	89	0	0	25	162	1	0	30	131	0	0	5	177	31	0	45	124	0	3	0	73	179	118	160	42	0	0	1	0	44	67	19	0	1	
0	0	0	0	32	7	0	0	0	3	0	78	255	108	0	4	0	1	0	27	106	180	0	3	0	1	4	0	115	157	0	4	1	0	89	160	234	69	0	3	0	123	255	219	177	233	112	0	0	88	122	9	0	37	35	0	0	0	0	1	3	0	0	0	
0	1	2	0	0	0	0	0	0	0	11	34	0	29	103	1	1	0	176	134	0	111	222	1	0	106	183	0	0	213	119	0	0	145	185	73	155	254	56	0	0	20	144	166	246	80	0	3	0	2	0	34	217	23	0	1	0	1	3	6	33	4	0	0	
0	0	0	3	84	10	0	0	0	3	0	85	203	0	0	1	0	1	0	195	79	0	3	0	3	0	64	186	46	46	0	1	4	0	123	162	198	229	18	0	4	0	99	248	242	154	0	0	0	0	3	69	66	6	0	0	0	0	0	0	0	2	1	0	
0	1	0	32	68	0	2	0	0	2	0	139	80	0	4	0	2	0	50	153	0	2	0	0	4	0	141	84	71	171	40	0	3	0	179	166	166	182	81	0	3	0	112	255	229	122	0	1	0	0	0	39	44	4	0	0	0	0	2	0	0	2	0	0	
0	0	1	1	0	0	1	0	0	1	1	0	160	195	7	0	1	0	0	190	191	169	113	0	3	0	157	194	0	50	174	0	0	26	221	32	0	158	145	0	0	66	215	29	158	217	12	0	0	4	165	215	149	17	0	1	0	0	0	0	0	1	1	0	
0	1	4	3	1	0	0	0	0	0	0	0	0	0	0	0	0	15	88	99	136	50	0	2	0	109	127	112	62	4	0	1	0	77	199	91	102	113	9	0	0	10	51	0	0	69	127	0	0	0	0	3	5	0	115	49	0	0	2	0	1	0	42	25	
0	0	0	1	1	0	0	0	0	1	0	16	16	107	62	0	0	3	0	151	150	202	25	0	3	0	107	183	170	83	0	3	0	56	247	208	231	169	79	0	0	79	71	177	145	59	20	0	2	0	59	183	5	0	1	0	0	0	23	16	0	4	1	0	
0	0	0	1	0	0	0	0	0	20	132	159	39	0	1	0	0	21	35	52	145	0	2	0	0	1	0	48	175	3	0	0	2	0	42	170	218	126	0	1	3	0	136	184	46	147	59	0	2	0	73	113	0	47	101	0	0	0	0	0	2	1	5	0	
0	0	0	3	4	2	0	0	0	0	1	1	0	0	11	5	0	2	0	76	96	129	145	20	2	0	30	226	137	29	8	0	0	3	64	103	159	18	0	1	0	83	148	139	99	0	1	0	0	0	17	22	0	0	0	0	0	1	0	0	2	0	0	0	
0	1	0	39	36	0	1	0	2	0	42	183	129	0	3	0	3	0	144	67	0	3	0	0	2	0	155	29	16	105	31	0	3	0	131	138	136	88	144	0	2	0	27	232	114	66	111	0	0	1	0	28	120	68	0	1	0	0	1	1	0	0	1	0	
0	0	1	3	0	0	0	0	0	1	2	0	27	113	102	0	1	0	1	141	239	193	223	27	0	4	192	225	41	23	220	29	0	101	227	8	0	191	139	0	0	145	201	41	189	215	8	0	0	22	211	230	146	22	0	2	0	0	9	12	0	1	1	0	
0	0	3	0	9	15	4	0	0	2	0	56	124	84	49	0	0	3	55	102	12	0	1	0	0	126	182	55	55	18	0	1	0	36	49	58	62	144	13	0	0	0	5	0	17	184	28	0	1	0	32	95	149	89	0	1	0	0	0	0	0	0	0	0	
0	0	0	0	0	0	0	0	1	0	10	157	175	201	73	0	0	0	4	73	142	255	67	0	2	0	61	179	255	132	0	4	1	0	63	104	85	225	13	0	0	140	120	18	168	199	0	0	0	55	185	210	162	22	0	1	0	0	0	0	0	1	0	0	
0	0	4	51	10	0	0	0	3	0	107	195	117	0	2	0	1	0	102	26	120	6	0	1	0	1	0	32	114	0	3	0	2	0	120	241	127	0	4	12	0	3	210	141	130	166	149	96	0	0	18	3	0	30	26	0	0	0	0	3	3	0	0	1	
0	0	0	0	1	1	0	0	0	0	1	0	35	171	6	0	0	0	3	0	161	149	0	3	0	2	0	40	210	22	0	1	0	3	0	150	136	0	4	0	1	0	10	228	64	0	2	0	2	0	62	155	0	0	0	0	0	0	3	1	0	0	0	0	
0	2	0	0	0	1	0	0	1	0	34	10	0	28	59	0	0	74	147	9	0	131	94	0	0	150	83	0	0	176	60	0	0	53	203	141	112	215	38	0	1	0	31	68	101	172	0	2	0	1	2	0	34	163	0	0	0	0	1	3	2	33	4	0	
0	0	1	1	0	0	0	0	0	1	0	30	128	145	73	0	1	0	20	203	118	199	185	0	2	0	42	194	144	180	26	0	1	0	7	238	163	0	1	1	3	0	128	211	126	0	5	0	2	0	138	206	141	0	3	0	0	0	6	48	10	0	0	0	
0	0	0	7	28	0	1	0	0	1	0	12	203	69	0	3	0	0	0	143	97	138	14	0	3	0	104	130	0	114	76	0	0	3	168	25	0	110	67	0	0	0	168	78	100	157	3	0	2	0	34	143	107	13	0	1	0	0	0	0	0	1	1	0	
0	0	1	0	21	12	0	0	0	1	0	7	201	52	0	2	0	3	0	136	169	0	3	0	2	0	41	232	174	117	0	0	2	0	168	223	225	227	14	0	0	13	216	219	252	120	0	2	2	0	61	142	65	0	0	0	0	0	0	0	0	2	0	0	
0	0	0	2	3	2	0	0	1	0	2	158	194	177	49	0	0	0	1	4	21	191	63	0	1	1	8	123	173	91	0	2	1	0	7	141	201	11	0	1	15	72	37	31	184	29	0	1	14	133	185	206	76	0	2	0	0	0	1	1	0	1	0	0	
0	0	3	4	2	0	0	0	0	0	0	1	0	23	48	0	1	0	82	168	181	249	157	0	0	37	224	103	166	209	7	0	0	14	18	22	217	55	0	2	1	0	0	193	139	0	4	0	3	0	94	245	33	0	2	0	2	0	70	62	0	2	0	0	
0	0	0	1	0	0	0	0	0	1	0	23	131	150	25	0	0	3	0	167	248	127	149	0	2	0	128	211	27	0	163	43	0	64	224	21	0	41	209	19	0	130	125	0	108	203	74	0	0	50	186	193	167	54	0	2	1	0	31	36	0	1	2	0	
0	0	0	1	2	3	3	0	0	0	1	1	0	0	0	0	0	1	0	4	47	85	125	49	1	0	26	198	154	76	46	6	0	8	36	83	158	23	0	1	0	37	137	105	126	4	1	1	1	0	29	61	4	0	0	0	0	1	1	0	2	0	0	0	
0	1	0	30	46	0	1	0	0	2	0	121	54	0	2	0	1	0	22	144	0	1	0	0	2	0	50	172	89	44	0	2	2	0	59	140	0	95	1	0	0	0	2	140	147	129	0	2	0	1	0	13	84	21	0	1	0	0	0	1	0	1	0	0	
0	0	3	0	1	4	1	0	0	0	0	16	10	0	0	0	2	0	112	221	186	162	72	0	0	25	221	12	72	255	47	0	0	8	195	145	208	131	0	4	1	0	30	110	228	50	0	2	0	4	0	95	180	0	2	0	0	3	0	120	74	0	2	0	
0	0	0	0	8	1	0	0	0	1	0	30	156	63	0	3	0	1	0	12	64	110	0	3	0	0	3	0	88	81	0	3	1	0	13	86	144	13	0	1	3	0	100	197	81	0	3	0	2	0	96	88	0	2	0	0	0	0	0	1	2	0	0	0	
0	0	1	2	0	0	0	0	0	0	0	5	71	50	0	1	1	0	17	185	173	230	60	0	3	0	150	126	85	221	15	0	2	0	176	195	255	124	0	4	1	0	24	98	211	28	0	1	0	4	0	143	152	0	4	0	0	1	0	74	29	0	1	0	
0	0	0	0	0	1	1	0	1	0	26	66	29	0	0	0	0	5	98	42	70	97	32	0	0	17	84	23	31	13	27	0	0	10	131	67	65	72	0	1	0	1	16	2	0	80	46	0	0	0	5	26	7	84	41	0	0	0	3	28	60	53	0	1	
0	0	0	0	0	0	0	0	0	0	3	104	198	93	0	1	2	0	39	211	255	211	1	0	1	0	24	200	224	207	16	0	0	0	7	31	0	215	57	0	0	83	182	32	143	200	0	0	0	18	154	210	167	27	0	1	0	0	0	0	0	1	1	0	
0	0	0	0	0	0	0	0	0	0	2	0	119	38	0	1	0	1	0	8	181	21	0	1	0	2	0	53	174	0	1	0	0	3	0	103	123	0	4	0	0	3	0	157	76	0	2	0	0	3	0	132	87	0	2	0	0	0	0	0	0	0	0	0	
0	0	1	1	1	1	1	0	0	2	0	67	205	181	20	0	2	0	28	224	70	146	121	0	4	0	153	151	0	110	145	0	0	6	209	45	5	218	69	0	0	23	217	104	223	132	0	2	0	0	156	216	85	0	2	0	0	0	0	0	0	2	0	0	
0	0	0	1	0	0	0	0	0	0	0	3	59	21	0	1	0	1	0	68	81	85	0	3	0	1	0	87	115	69	0	3	0	1	0	22	179	14	0	1	0	2	0	74	85	0	3	0	0	0	3	128	12	0	0	0	0	0	9	55	0	1	0	0	
0	0	0	0	0	0	0	0	1	0	23	144	146	55	0	2	1	0	24	144	248	126	0	4	2	0	54	216	255	95	0	3	2	0	41	89	96	198	0	1	0	71	135	0	150	167	0	3	0	31	204	216	163	16	0	1	0	0	12	36	0	1	0	0	
0	0	1	0	0	0	1	0	2	0	46	169	155	63	0	2	3	0	141	198	67	145	57	0	0	28	209	29	0	34	136	0	0	57	168	0	0	77	109	0	0	8	180	106	181	202	17	0	2	0	48	195	176	23	0	1	0	0	1	0	0	1	1	0	
0	0	0	0	0	0	0	0	0	0	2	0	63	82	0	2	0	0	3	0	184	100	0	4	0	1	0	33	206	16	0	1	0	4	0	136	159	0	3	0	1	0	0	204	69	0	3	0	2	0	44	189	1	0	0	0	0	0	7	19	0	0	0	0	
0	0	0	0	0	0	0	0	0	0	2	121	148	55	3	0	2	0	47	196	167	228	1	0	1	0	7	158	179	66	0	2	0	4	0	156	233	5	0	1	2	0	50	125	164	101	0	4	3	0	69	206	196	67	0	3	0	0	0	50	29	0	1	0	
0	0	0	2	1	0	0	0	0	0	3	0	59	111	9	0	0	4	0	61	228	191	1	0	2	0	45	187	117	126	0	3	0	50	229	208	205	218	42	0	0	69	65	25	217	83	0	1	0	1	0	24	175	5	0	1	0	2	1	8	22	0	1	0	
0	0	0	0	0	0	0	0	0	1	0	101	130	70	9	0	0	1	0	22	125	246	33	0	0	2	0	98	157	34	0	1	0	2	0	79	176	4	0	1	0	14	10	19	208	48	0	2	0	49	161	188	128	0	1	0	0	0	39	21	0	1	0	0	
0	0	0	2	1	0	0	0	0	0	3	0	39	58	0	2	0	2	0	77	177	71	0	3	2	0	93	184	160	34	0	1	0	10	145	158	224	59	0	3	0	2	0	45	156	0	2	0	0	3	0	78	115	0	3	0	0	1	0	16	16	0	0	0	
0	0	1	0	1	0	0	0	0	0	1	98	188	79	0	2	3	0	117	174	53	153	14	0	2	0	121	195	230	194	0	0	4	0	120	167	7	119	67	0	3	0	157	62	0	151	54	0	2	0	75	163	176	98	0	2	0	0	0	10	5	0	1	0	
0	0	2	1	0	0	0	0	0	2	0	21	165	217	54	0	2	0	52	244	161	163	152	0	0	10	225	132	0	134	138	0	0	113	195	0	24	225	51	0	0	174	173	71	233	134	0	3	0	54	211	217	106	0	2	0	0	0	0	0	0	2	0	0	
0	0	0	0	4	2	0	0	1	0	38	25	0	1	0	0	2	0	43	125	114	146	15	0	1	0	19	104	232	94	0	3	2	0	50	89	161	0	1	0	0	4	0	122	93	0	3	0	1	0	19	149	5	0	0	0	1	0	24	39	0	1	0	0	
0	0	1	1	1	0	0	0	0	0	2	0	34	128	0	2	0	1	0	130	148	147	0	4	3	0	122	205	162	89	0	4	0	48	217	184	242	204	123	0	0	12	0	62	205	25	12	0	0	3	0	86	155	0	2	0	0	0	1	0	0	1	1	0	
2	4	3	3	4	4	1	0	0	0	0	0	0	0	0	0	58	128	74	77	106	151	36	0	29	137	139	115	95	203	32	0	0	0	2	0	55	150	0	2	1	4	7	0	145	75	0	3	0	1	0	15	164	11	0	1	0	0	0	4	165	54	0	2	
0	0	1	1	0	0	0	0	0	1	0	21	77	11	0	1	1	0	26	152	185	85	0	3	4	0	117	122	159	74	0	3	2	0	49	161	199	10	0	1	0	2	0	67	135	0	3	0	0	2	0	160	63	0	2	0	0	0	0	72	9	0	0	0	
0	0	1	0	0	0	0	0	0	18	37	0	6	1	0	0	0	22	104	0	85	25	0	1	2	0	83	86	108	15	0	1	0	0	1	59	151	97	39	0	0	0	2	0	73	37	53	4	0	0	0	6	98	2	0	0	0	0	0	2	17	0	2	0	
0	0	0	14	38	0	0	0	2	0	34	203	237	95	0	3	1	0	36	65	59	202	1	0	0	0	1	0	13	189	16	0	1	0	47	109	145	190	0	0	0	35	248	255	240	224	88	0	0	15	123	86	7	27	10	0	0	0	0	0	0	0	0	0	
0	0	2	51	1	0	0	0	3	0	71	140	0	3	1	0	2	0	128	29	0	7	0	0	0	0	117	54	196	163	8	0	3	0	87	248	55	59	73	0	1	0	5	145	122	144	31	0	0	0	0	3	56	42	0	1	0	0	1	2	0	0	1	0	
0	0	0	5	80	4	0	0	0	3	0	86	188	0	1	0	1	0	3	196	51	0	2	0	3	0	85	164	98	96	0	1	4	0	135	218	157	207	18	0	4	0	116	255	186	128	0	1	0	0	6	65	52	0	0	0	0	0	1	0	0	2	0	0	
0	0	3	2	3	1	0	0	0	0	0	0	0	0	0	0	0	7	162	175	130	19	0	1	0	24	190	30	106	116	0	4	0	0	3	0	57	108	0	3	0	0	4	0	103	95	0	3	0	0	1	0	152	42	0	2	0	0	0	8	113	2	0	0	
0	0	0	2	0	0	0	0	0	0	0	6	55	137	116	0	0	5	0	119	255	141	55	0	3	0	77	255	225	136	0	2	2	36	33	12	50	213	4	0	0	180	179	103	214	123	0	3	0	10	118	172	102	0	0	0	0	1	0	0	0	1	0	0	
0	0	0	0	1	1	0	0	0	19	23	9	3	0	0	0	0	85	117	71	132	57	0	2	0	0	4	0	104	85	0	3	1	0	37	57	148	66	0	2	1	0	37	81	176	46	0	1	0	1	0	25	109	0	2	0	0	1	0	39	68	0	2	0	
0	0	0	2	1	0	0	0	0	1	4	0	16	104	11	0	0	1	0	35	213	203	0	1	0	11	146	235	211	189	12	0	0	34	175	191	239	148	13	0	0	2	0	67	178	0	2	0	0	4	0	137	142	0	5	0	0	1	0	24	15	0	0	0	
0	0	0	0	0	0	0	0	2	0	62	123	90	72	23	0	4	0	150	171	187	255	91	0	2	0	93	19	184	170	0	1	0	0	0	122	163	0	1	1	4	0	116	255	69	3	2	0	2	0	30	192	233	173	26	0	0	0	0	4	23	18	1	0	
0	0	2	1	0	0	0	0	0	0	0	3	23	51	1	0	3	0	89	202	210	194	0	1	1	0	154	50	143	112	0	4	0	1	0	17	201	26	0	1	0	3	0	108	159	0	3	0	1	0	5	202	55	0	2	0	1	0	19	87	0	0	0	0	
0	0	0	0	54	6	0	0	0	1	0	43	109	0	2	0	0	2	0	102	39	0	1	0	1	0	24	102	10	16	0	1	3	0	62	114	97	116	0	0	2	0	51	179	75	72	0	1	0	0	0	45	54	4	0	0	0	0	0	0	0	1	0	0	
0	0	2	1	0	0	0	0	0	1	0	19	87	61	0	0	2	0	54	197	154	222	30	0	3	0	165	95	67	196	4	0	3	0	89	183	244	112	0	4	0	1	0	27	199	25	0	1	0	3	0	165	167	0	3	0	0	1	0	80	34	0	1	0	
1	0	19	10	1	3	0	0	4	0	131	57	0	2	2	0	1	0	144	105	122	61	2	0	0	0	195	163	27	125	116	0	1	0	197	66	0	9	156	12	4	0	129	158	63	162	84	0	1	0	16	126	122	58	0	1	0	0	1	0	0	0	2	0	
0	0	1	0	0	0	0	0	0	0	0	14	22	11	1	0	3	0	72	197	199	173	0	1	2	0	153	52	143	91	12	0	0	2	0	56	174	0	23	0	0	3	0	158	87	0	3	0	2	0	39	191	4	0	0	0	2	0	62	107	0	3	0	0	
0	0	0	0	1	0	0	0	0	1	0	108	27	0	1	0	0	4	0	143	103	0	3	0	0	3	0	103	180	0	3	0	0	3	0	78	186	0	2	0	0	1	0	20	186	9	0	1	0	0	1	0	132	31	0	1	0	0	0	0	0	0	0	0	
0	0	0	1	1	0	0	0	0	0	3	0	48	198	78	0	0	2	0	27	231	255	144	0	1	0	13	179	146	241	114	0	2	0	159	155	144	191	11	0	0	93	255	236	168	8	0	1	0	115	198	65	0	2	1	0	0	0	0	0	2	1	0	0	
0	0	0	0	0	0	0	0	1	0	17	113	104	38	0	2	1	0	30	167	20	108	0	1	0	2	0	67	87	69	0	2	0	1	0	36	189	11	0	1	0	0	1	72	97	42	0	2	1	0	15	107	109	32	0	1	0	1	0	38	39	0	1	0	
0	0	0	1	0	18	8	0	0	0	0	0	3	180	39	0	0	0	4	0	132	182	0	2	0	2	0	61	232	35	0	2	1	0	13	217	84	0	3	0	4	0	155	247	28	0	1	0	1	0	113	75	0	1	0	0	0	0	0	0	0	0	0	0	
0	1	1	0	0	0	0	0	2	0	52	210	174	17	0	1	0	14	181	90	147	127	0	4	0	40	217	190	218	230	77	0	3	0	159	146	45	46	164	0	3	0	153	126	26	81	151	0	1	0	27	164	185	164	53	0	0	0	1	0	0	0	1	0	
0	0	0	0	0	0	0	0	0	0	8	65	94	39	0	1	0	0	201	238	202	206	0	0	0	0	53	36	151	178	0	2	1	0	7	195	255	143	0	4	1	0	8	148	255	109	0	4	4	0	97	255	105	0	1	0	2	0	61	67	0	2	0	0	
0	0	0	0	0	0	0	0	0	1	0	30	103	0	2	0	0	2	0	60	115	0	3	0	0	2	0	57	124	0	3	0	0	2	0	64	101	0	3	0	0	4	0	118	113	0	3	0	0	3	0	114	57	0	2	0	0	0	0	0	0	0	0	0	
0	0	0	2	0	1	0	0	0	0	2	1	0	14	49	0	0	0	3	56	0	139	103	0	1	0	125	161	78	221	16	0	0	68	255	206	230	52	0	1	0	11	9	96	137	0	3	0	0	1	0	134	38	0	1	0	1	0	23	38	0	0	0	0	
0	0	0	0	0	0	0	0	0	2	0	57	89	0	1	0	0	4	0	117	128	0	3	0	0	3	0	98	134	0	3	0	0	3	0	75	165	0	3	0	0	3	0	77	154	0	3	0	0	3	0	75	116	0	3	0	0	0	0	13	17	0	1	0	
0	0	0	2	4	2	0	0	0	0	2	0	0	0	25	63	0	1	0	27	128	187	173	79	3	0	103	255	207	68	6	0	3	0	137	129	143	0	2	3	2	0	97	111	135	0	3	0	4	0	117	248	30	0	2	0	1	0	20	47	0	1	0	0	
0	0	0	0	0	0	0	0	0	1	0	27	32	14	0	1	1	0	16	126	105	46	0	2	3	0	77	94	120	52	0	2	4	0	116	178	189	44	0	2	0	0	5	42	123	0	1	0	0	1	0	23	136	0	1	0	0	0	1	0	52	8	0	0	
0	0	0	1	1	30	4	0	0	0	3	0	92	186	0	1	0	2	0	40	236	58	0	2	1	0	0	199	96	0	3	0	3	0	119	171	97	132	4	0	3	0	182	255	254	151	4	0	1	0	42	138	40	0	1	0	0	0	0	0	0	3	1	0	
0	0	1	1	0	0	0	0	0	0	1	5	29	52	47	1	3	0	60	212	176	199	130	0	2	0	174	219	87	18	0	1	0	1	146	150	166	166	0	0	0	0	1	0	31	204	11	0	2	0	80	136	220	87	0	3	1	0	18	129	83	0	1	0	
0	0	2	0	1	2	0	0	0	0	0	5	3	0	0	0	1	0	152	246	209	136	0	1	0	0	109	93	138	171	0	3	0	0	0	0	187	53	0	2	0	3	0	103	159	0	3	0	0	2	0	176	75	0	3	0	0	1	0	112	24	0	1	0	
0	1	4	0	0	1	0	0	0	0	0	7	25	2	0	0	0	24	133	159	183	109	0	3	0	23	76	0	136	157	0	4	1	0	12	147	216	52	0	2	0	3	0	125	131	0	4	0	0	2	0	163	52	0	2	0	1	0	12	125	5	0	0	0	
0	0	2	2	0	1	0	0	0	1	0	7	65	35	27	0	2	0	39	187	163	174	115	0	0	8	219	128	149	179	33	0	0	6	172	246	245	44	0	2	3	0	78	199	145	69	0	2	2	0	53	177	176	28	0	1	0	1	0	90	67	0	2	0	
0	0	0	1	0	31	7	0	0	0	2	0	47	126	9	0	0	1	0	26	113	3	0	0	0	1	0	117	110	23	0	1	2	0	57	88	54	94	0	3	3	0	114	62	102	35	0	1	2	0	59	105	32	0	1	0	0	0	0	0	1	1	0	0	
0	0	2	2	0	0	1	0	0	2	0	6	83	84	4	0	2	0	22	215	223	158	126	0	0	9	202	200	65	0	163	9	0	163	157	0	0	121	174	0	0	160	193	161	193	179	24	0	0	1	60	78	30	0	1	0	0	1	0	0	0	2	2	0	
0	0	1	0	0	0	0	0	1	0	8	70	103	130	43	0	1	0	179	192	149	93	9	0	2	0	162	170	1	0	1	0	1	0	0	144	204	43	0	2	0	0	7	0	167	197	0	2	0	0	0	163	215	53	0	2	0	1	0	20	19	0	1	0	
0	0	0	1	1	0	0	0	0	0	2	0	27	199	57	0	0	0	1	0	184	242	21	0	0	3	0	124	255	63	0	2	3	0	61	255	133	0	3	0	0	0	212	224	10	0	1	0	0	2	175	176	10	0	1	0	0	0	0	0	0	0	0	0	
0	0	0	28	14	0	0	0	1	0	16	177	214	68	0	2	0	0	6	0	92	190	0	2	0	0	2	38	142	172	0	3	2	0	122	243	251	220	29	0	0	27	246	236	65	160	51	0	0	7	127	65	0	35	10	0	0	0	0	0	2	0	0	0	
0	0	1	2	0	0	0	0	0	0	1	0	65	159	46	0	1	1	4	176	205	192	152	0	1	0	14	101	20	199	79	0	0	45	60	0	175	247	22	0	34	183	207	254	255	185	12	0	9	100	123	74	25	7	0	0	0	0	0	0	0	1	1	0	
0	0	0	2	2	0	0	0	3	0	61	174	154	13	0	1	3	0	100	31	54	104	0	3	0	0	7	48	101	192	81	0	1	0	117	202	151	160	29	0	0	16	155	0	96	84	0	3	2	0	88	137	154	13	0	1	0	0	2	15	4	0	0	0	
0	0	0	0	0	0	0	0	1	0	26	84	137	73	0	1	0	0	192	255	197	255	53	0	0	2	19	52	237	174	11	0	0	0	4	0	133	151	0	15	0	7	49	35	216	158	0	4	0	7	206	255	189	17	0	1	1	0	22	46	4	0	0	0	
0	1	4	3	1	0	0	0	0	0	0	0	1	8	0	0	0	14	117	124	199	130	0	3	0	181	252	174	214	147	0	4	0	66	124	17	75	195	0	1	0	0	1	0	19	224	47	0	0	2	4	5	0	174	104	0	0	0	0	3	0	97	95	0	
0	0	1	3	1	1	0	0	0	1	2	2	0	49	100	0	1	0	14	99	5	212	118	0	0	0	179	201	152	179	0	2	0	43	233	218	245	51	0	2	0	2	0	185	116	0	4	0	1	0	24	200	18	0	1	0	0	0	3	28	3	0	0	0	
0	0	0	0	0	0	0	0	0	0	1	0	86	23	0	1	0	1	0	17	197	16	0	1	0	2	0	55	161	0	2	0	0	4	0	123	142	0	4	0	0	4	0	129	114	0	4	0	0	3	0	72	130	0	4	0	0	0	0	5	16	0	0	0	
0	0	0	0	2	4	1	0	1	0	24	60	1	0	2	0	4	0	115	206	84	109	175	10	1	0	28	70	97	229	48	0	0	2	0	38	211	41	0	2	1	0	0	196	107	0	5	0	4	0	85	249	69	0	1	0	2	0	45	95	4	0	0	0	
0	0	0	0	0	0	0	0	1	0	16	130	102	0	1	0	1	0	18	109	164	0	2	0	0	2	0	144	207	53	0	2	0	0	5	6	92	155	0	4	0	0	1	0	159	82	0	3	2	0	102	199	115	0	1	0	1	0	34	51	0	1	0	0	
0	0	0	3	1	0	0	0	0	0	3	0	48	155	46	0	0	2	0	59	214	228	203	7	2	0	62	235	196	208	87	0	4	0	86	255	197	46	0	2	0	18	197	234	25	0	4	0	0	54	244	223	16	0	1	0	1	0	18	47	8	0	0	0	
0	0	0	3	0	39	14	0	0	0	3	0	81	218	56	0	0	2	0	81	163	13	1	0	1	0	23	236	61	0	2	0	4	0	104	210	169	144	0	1	4	0	89	224	216	164	0	2	1	0	1	132	104	0	0	0	0	0	1	0	0	2	0	0	
0	0	2	2	0	0	0	0	0	2	0	4	98	124	12	0	2	0	39	208	252	210	38	0	0	73	242	201	76	135	114	0	0	175	255	194	194	255	154	0	0	24	99	91	216	221	16	0	0	2	0	128	227	45	0	2	0	0	9	31	9	0	1	0	
0	0	0	0	2	1	0	0	0	0	4	53	4	0	1	0	0	1	0	99	163	109	0	2	1	0	19	48	192	140	0	0	1	0	62	138	198	81	13	0	0	3	0	75	128	0	4	0	0	1	0	151	51	0	2	0	0	0	8	63	0	0	0	0	
0	0	0	2	1	0	0	0	0	0	3	0	46	146	62	0	0	3	0	84	199	238	198	2	3	0	82	187	22	202	156	0	0	40	176	1	50	185	22	0	0	129	75	105	197	43	0	2	0	118	218	143	16	0	2	0	0	10	22	0	2	2	0	0	
0	0	0	0	0	0	0	0	0	93	212	194	189	142	1	0	0	13	90	84	143	236	19	0	0	1	0	27	205	81	0	3	2	0	59	230	103	0	2	0	0	23	252	152	40	117	71	0	0	17	170	203	209	188	135	2	0	0	0	0	0	0	0	0	
0	0	0	0	2	0	0	0	0	0	0	1	3	152	34	0	0	0	4	0	146	186	0	0	0	3	0	98	216	10	0	1	1	0	24	203	43	0	2	0	4	0	140	202	19	0	1	0	2	0	160	154	11	0	1	0	0	0	0	0	0	0	0	0	
0	0	1	0	0	2	2	0	0	1	0	47	12	0	0	0	3	0	77	170	0	69	102	0	0	2	211	90	20	207	98	0	0	0	93	160	231	149	0	3	0	0	0	4	178	31	0	1	0	3	0	102	141	0	4	0	0	2	0	63	36	0	1	0	
0	0	0	0	0	0	0	0	0	1	0	34	141	5	1	1	0	4	0	122	250	14	0	1	0	0	77	101	199	47	69	26	0	56	164	217	251	218	109	8	0	62	220	237	130	22	0	1	0	0	64	44	0	1	3	1	0	0	0	0	4	2	0	0	
0	0	0	0	0	0	0	0	0	0	2	0	77	45	0	2	0	0	2	0	150	39	0	2	0	1	0	29	151	0	1	0	0	3	0	87	116	0	3	0	0	3	0	123	68	0	2	0	0	2	0	102	25	0	1	0	0	0	0	0	0	0	0	0	
0	0	0	0	0	0	0	0	2	0	91	161	139	43	0	2	2	0	152	238	255	137	0	4	0	1	0	162	255	66	0	3	0	2	0	143	255	72	0	3	1	0	20	205	255	56	0	3	4	0	94	255	127	0	1	0	1	0	17	34	0	0	0	0	
0	0	0	0	1	0	0	0	1	0	18	3	24	71	0	2	3	0	114	34	58	141	0	4	4	0	131	86	113	102	0	4	1	0	22	141	209	52	0	2	0	0	1	0	154	28	0	1	0	0	2	0	158	26	0	1	0	0	0	0	23	4	0	0	
0	0	1	2	0	1	2	0	0	1	1	5	4	0	6	16	1	0	4	150	29	0	147	69	0	15	208	159	0	153	122	0	0	54	218	174	217	161	0	2	0	1	0	36	193	21	0	1	0	3	0	72	183	0	1	0	0	1	0	18	37	0	0	0	
0	1	0	24	52	0	3	0	0	3	0	103	112	87	16	0	1	0	10	168	21	150	21	0	3	0	123	104	0	146	12	0	0	61	203	36	59	180	29	0	0	133	189	155	181	255	136	0	0	3	0	0	0	57	18	0	0	0	2	3	1	0	1	0	
0	0	0	0	0	0	0	0	0	0	0	20	23	59	47	0	0	3	0	157	255	255	89	0	0	2	0	65	217	108	0	3	0	2	0	104	119	0	3	0	3	0	74	177	7	0	1	0	0	0	213	150	5	0	1	0	0	8	95	16	0	1	0	0	
0	0	2	1	0	1	2	0	0	2	0	42	197	54	0	2	2	0	58	236	194	191	59	0	1	0	192	102	0	43	150	0	0	35	185	3	0	123	121	0	0	28	195	58	158	193	8	0	3	0	116	226	153	14	0	1	0	0	0	0	0	2	1	0	
0	0	0	3	1	0	0	0	0	0	3	0	41	98	27	13	0	1	0	109	195	147	172	8	2	0	128	171	72	189	66	0	0	10	216	133	167	46	0	2	2	0	122	243	23	0	3	0	4	0	101	183	0	4	0	0	1	0	17	20	0	1	0	0	
0	0	0	0	2	0	0	0	0	2	0	41	106	2	0	0	0	3	0	65	192	91	0	3	0	3	0	139	173	0	1	0	1	0	28	136	105	0	1	0	2	0	55	100	106	10	0	0	1	0	4	157	99	0	2	0	0	0	0	1	1	0	0	0	
0	0	1	1	2	0	0	0	0	1	0	18	4	64	106	0	1	0	17	172	137	219	174	50	3	0	155	197	199	38	157	45	0	64	198	72	192	177	127	0	0	147	147	114	241	86	0	2	0	67	203	150	24	0	3	0	0	0	2	0	1	3	0	0	
0	0	0	0	3	3	0	0	0	17	65	6	0	0	1	0	0	30	151	167	158	132	2	0	0	0	1	20	98	187	17	2	0	46	189	132	202	165	53	0	0	3	0	42	183	7	0	1	0	0	0	183	71	0	4	0	0	0	10	74	1	1	0	0	
0	0	0	4	2	0	1	9	0	0	2	1	0	61	152	71	0	1	0	87	197	189	52	0	2	0	93	222	66	0	0	1	0	3	209	182	93	0	4	0	3	0	125	138	199	6	0	1	2	0	27	200	102	0	2	0	0	0	1	0	0	0	0	0	
0	0	0	4	1	0	0	0	2	0	56	181	166	5	0	1	1	0	16	74	195	4	0	1	1	0	8	218	202	14	0	1	1	0	11	64	139	164	0	3	1	0	51	9	46	171	0	2	1	0	131	191	183	68	0	2	0	0	0	4	4	0	0	0	
0	0	0	10	34	1	1	0	0	4	0	123	185	0	3	0	2	0	34	226	48	13	6	0	2	0	186	163	132	255	162	0	0	49	212	46	225	255	146	0	0	84	215	114	196	147	6	0	0	26	151	140	36	0	2	0	0	0	0	0	0	3	1	0	
0	0	1	0	0	0	0	0	0	0	0	27	20	0	0	0	3	0	84	135	129	78	0	3	0	0	16	0	147	57	0	2	0	0	0	6	154	14	0	1	0	1	0	20	129	0	1	0	0	1	0	31	139	0	1	0	0	1	0	40	115	0	2	0	
0	0	1	2	0	0	0	0	0	0	0	3	54	31	91	26	1	0	13	175	203	246	173	0	4	0	124	217	197	158	5	0	3	0	66	255	157	0	3	1	4	0	124	180	135	0	3	0	3	0	85	226	122	0	3	0	0	0	5	51	8	0	0	0	
0	0	0	0	1	1	0	0	0	1	0	0	0	0	1	1	0	0	11	15	23	37	10	0	0	108	155	103	111	94	130	28	0	128	133	0	2	2	129	20	0	8	36	0	0	112	60	0	0	1	2	0	48	101	0	2	0	1	2	0	13	6	0	0	
0	0	0	0	0	0	0	0	0	0	0	119	136	18	0	1	1	0	10	100	167	141	0	4	0	2	0	55	216	58	0	2	0	3	0	83	187	0	0	0	2	0	100	63	167	7	0	1	3	0	69	248	92	0	3	0	0	0	2	31	1	0	0	0	
0	1	0	44	51	0	1	0	0	0	0	100	27	0	1	0	1	0	23	89	10	4	0	0	2	0	32	126	148	37	0	2	1	0	25	148	101	56	0	3	0	0	3	142	196	40	0	2	0	1	0	24	54	21	0	1	0	0	0	1	0	0	0	0	
0	0	1	2	0	0	0	0	0	0	0	0	71	47	0	1	0	1	0	141	183	133	0	1	3	0	65	232	171	98	0	3	1	0	13	57	202	50	0	2	0	3	0	87	139	0	3	0	1	0	9	218	68	0	2	0	1	0	18	83	0	0	0	0	
0	0	0	14	35	0	1	0	0	3	0	169	151	0	4	1	3	0	104	186	32	42	12	0	0	11	200	163	142	172	167	5	0	56	177	16	4	0	184	50	0	27	209	78	50	157	128	0	2	0	62	151	121	73	1	0	0	0	0	0	0	0	2	0	
0	0	1	2	0	0	0	0	0	0	0	10	35	41	64	18	0	1	0	165	220	115	231	28	3	0	120	255	68	78	165	0	0	21	242	133	60	243	83	0	0	60	255	221	255	136	0	1	0	1	137	167	49	0	2	0	0	0	0	0	0	3	0	0	
0	0	0	5	7	1	0	0	2	0	34	109	49	0	1	0	3	0	66	109	0	59	7	0	0	1	0	61	142	68	0	2	0	2	0	57	174	49	0	2	0	0	4	124	40	96	0	2	0	2	0	65	133	71	0	2	0	0	0	0	10	3	0	0	
0	0	0	0	47	18	0	1	0	2	0	143	201	125	0	2	0	0	1	75	20	158	15	0	0	0	3	0	49	170	0	1	1	0	122	166	216	110	0	3	0	29	205	219	219	73	0	2	0	0	120	106	0	0	0	0	0	0	0	0	2	2	0	0	
0	0	1	0	1	1	0	0	0	0	3	0	6	56	0	0	0	8	78	0	40	136	0	2	0	59	91	0	170	91	0	3	0	21	119	99	156	29	0	1	0	0	1	27	130	0	1	0	0	2	0	45	139	0	1	0	0	0	0	7	16	0	0	0	
0	0	0	0	0	0	0	0	0	0	9	58	122	79	0	2	1	0	153	240	255	159	0	4	0	3	1	157	220	1	0	1	0	1	0	14	122	73	0	3	0	32	42	0	107	148	0	4	0	43	201	200	221	50	0	2	1	0	24	61	18	0	1	0	
0	1	0	0	0	0	2	0	2	0	66	134	140	116	6	0	0	19	228	255	137	143	146	0	0	93	218	87	0	16	189	21	0	114	169	0	1	10	164	16	0	75	222	17	27	164	101	0	1	0	150	204	219	153	1	0	0	1	1	24	18	1	1	0	
0	0	2	4	0	1	0	0	0	0	0	0	13	13	0	0	2	0	41	156	184	182	10	0	3	0	71	116	96	198	5	0	0	2	0	105	226	57	0	2	0	2	0	131	147	0	4	0	1	0	4	172	75	0	2	0	2	0	37	131	0	0	0	0	
0	0	0	0	0	0	0	0	0	1	0	35	81	0	2	0	0	2	0	69	133	0	4	0	0	3	0	88	112	0	3	0	0	3	0	96	127	0	4	0	0	3	0	95	151	0	4	0	0	2	0	47	134	0	2	0	0	0	0	0	0	0	0	0	
0	0	2	0	0	0	0	0	0	1	0	17	57	3	0	0	3	0	106	251	255	84	0	4	3	0	112	150	213	112	0	4	0	0	1	0	165	95	0	4	0	0	5	0	121	115	0	4	0	1	0	188	244	36	0	2	0	1	0	86	49	0	1	0	
0	0	0	0	7	4	0	0	0	4	61	106	112	125	27	0	0	29	102	40	14	165	27	0	0	1	0	15	139	50	0	2	1	0	10	100	25	0	1	0	1	0	125	78	53	56	52	15	0	11	162	129	107	85	66	16	0	0	1	1	0	0	0	0	
0	0	0	2	0	0	0	0	0	0	1	0	62	64	0	1	0	1	0	132	194	163	14	0	3	0	74	236	152	26	0	1	3	0	62	214	214	12	0	1	0	3	0	129	104	0	3	0	1	0	19	196	18	0	1	0	1	0	14	65	0	0	0	0	
0	0	1	0	33	27	0	1	0	1	0	30	129	5	0	0	0	2	0	136	66	0	2	0	1	0	18	141	54	94	0	2	2	0	65	115	18	146	0	2	2	0	43	153	158	73	0	3	0	1	0	55	73	0	0	0	0	0	1	0	0	1	0	0	
0	0	0	2	1	0	0	0	0	0	1	0	28	39	0	1	0	2	0	31	214	148	0	4	1	0	13	221	251	172	0	3	1	0	18	102	203	80	0	3	0	3	0	99	162	0	2	0	2	0	30	238	66	0	2	0	1	0	25	59	0	2	0	0	
0	0	2	0	0	1	2	0	0	2	0	149	131	8	0	1	3	0	140	227	160	208	57	0	0	50	200	17	0	84	178	0	0	112	115	0	0	29	174	0	0	86	206	53	22	169	124	0	1	0	101	181	198	133	1	0	0	0	0	0	2	0	1	0	
0	0	0	2	4	2	0	0	0	0	2	1	0	0	39	35	0	1	0	38	123	191	171	73	1	0	30	161	162	60	0	0	0	6	214	51	0	2	2	2	0	8	159	97	0	6	0	0	0	11	203	55	0	2	0	0	0	0	36	3	0	0	0	0	
0	1	0	58	21	0	1	0	2	0	40	144	3	2	0	0	4	0	120	116	0	4	1	0	4	0	124	118	56	67	0	1	2	0	40	248	108	132	78	0	0	2	0	96	158	145	105	0	0	0	2	0	42	80	3	0	0	0	0	2	0	0	0	0	
0	0	0	2	0	74	15	0	0	0	4	0	89	158	0	0	0	2	0	53	174	6	0	1	1	0	20	191	55	26	2	0	3	0	147	74	174	210	2	0	3	0	151	196	187	29	0	2	1	0	29	73	5	0	1	0	0	0	0	0	2	2	0	0	
0	0	0	0	0	0	0	0	1	0	51	124	105	9	0	1	0	44	153	61	152	99	0	4	0	3	1	8	191	51	0	2	1	0	2	182	132	9	63	21	3	0	154	255	187	192	181	63	1	0	59	62	42	8	0	0	0	0	0	0	0	0	3	1	
0	0	0	3	1	2	0	0	0	0	2	0	1	0	107	23	0	2	0	87	15	102	177	0	2	0	104	192	64	221	36	0	0	108	255	177	221	208	52	0	0	53	93	191	155	0	3	0	0	2	0	52	49	0	2	0	0	2	5	1	1	1	0	0	
0	1	0	24	41	0	1	0	0	3	0	90	58	0	2	0	0	1	0	118	15	0	0	0	1	0	23	103	18	17	0	1	1	0	26	128	120	89	0	3	0	1	0	165	155	45	0	2	0	1	0	24	54	0	1	0	0	0	0	1	0	1	0	0	
0	0	1	1	0	2	0	0	0	3	0	99	64	0	41	8	2	0	33	206	9	122	154	0	0	0	169	71	63	211	27	0	0	124	247	100	236	210	110	9	0	57	118	238	137	11	0	1	0	0	0	148	32	0	3	0	0	2	5	1	4	1	0	0	
0	0	0	0	0	1	0	0	0	22	90	89	63	6	0	0	0	53	148	121	151	162	3	0	0	0	2	0	60	189	0	0	0	4	0	52	180	27	0	1	1	0	5	165	46	0	2	0	3	0	71	192	85	46	0	2	1	0	13	110	70	1	0	0	
0	0	0	1	0	28	28	0	0	1	0	28	151	229	156	0	0	5	0	126	143	51	151	0	0	0	11	11	0	132	113	0	0	47	176	154	156	214	10	0	0	186	151	218	221	33	0	2	0	92	155	105	4	0	1	0	0	0	0	0	2	2	0	0	
0	0	2	0	0	0	0	0	0	0	0	50	94	25	0	1	0	10	187	161	157	130	0	4	0	4	159	147	156	83	0	3	0	3	0	92	247	122	0	0	0	3	0	122	44	167	32	0	0	2	0	146	176	118	0	1	0	1	0	47	86	0	0	0	
0	0	3	3	0	0	0	0	0	0	1	0	14	67	29	0	1	0	104	168	158	203	91	0	1	0	61	53	33	156	10	0	0	0	0	0	165	71	0	3	0	2	0	139	120	0	3	0	3	0	82	236	17	0	1	0	2	0	54	76	0	1	0	0	
0	1	0	0	0	0	0	0	1	0	104	103	20	140	71	0	0	72	189	19	35	68	172	20	0	149	90	0	6	0	175	47	0	151	80	0	0	67	167	0	0	90	184	52	115	209	54	0	1	0	92	155	136	30	0	1	0	1	0	0	0	1	2	0	
0	0	0	1	1	0	0	0	0	0	2	0	28	131	41	0	0	1	0	10	205	255	181	0	0	2	0	169	127	138	112	0	3	0	121	201	145	191	4	0	0	38	244	248	182	15	0	1	0	57	221	111	3	6	3	0	0	0	2	1	9	7	1	0	
0	1	3	2	0	0	0	0	0	0	0	0	4	7	1	0	0	56	147	154	175	204	14	0	0	17	57	25	131	169	0	3	0	1	0	3	195	49	0	2	0	3	0	77	164	0	3	0	0	3	0	183	98	0	3	0	0	2	0	127	49	0	2	0	
0	0	0	0	0	0	0	0	0	1	0	58	156	78	0	2	1	0	9	201	252	168	0	3	0	1	0	70	235	94	0	4	0	3	0	103	225	90	0	4	1	0	10	141	194	16	0	1	4	0	152	231	40	0	2	0	1	0	29	16	0	1	0	0	
0	0	0	1	0	0	0	0	0	1	0	20	141	28	0	1	0	1	0	143	140	115	0	2	2	0	45	76	59	71	0	2	1	0	25	171	143	0	1	0	2	0	42	119	66	65	0	2	1	0	14	94	85	88	0	3	0	1	0	18	57	8	0	0	
0	0	0	3	1	0	0	0	0	0	3	0	23	86	16	0	0	1	0	63	161	127	25	0	3	0	87	220	157	107	0	2	3	0	119	128	134	109	0	3	0	1	0	26	166	13	0	1	0	3	0	164	144	0	2	0	0	0	1	78	10	0	0	0	
0	0	0	0	0	0	0	0	0	1	0	36	49	0	2	0	0	1	0	35	112	0	3	0	0	2	0	50	91	0	3	0	0	3	0	74	80	0	3	0	0	3	0	78	74	0	3	0	0	3	0	93	40	0	1	0	0	0	0	17	3	0	0	0	
0	0	0	2	1	33	4	0	0	0	4	0	99	212	1	0	0	3	0	64	245	46	0	2	2	0	29	225	87	13	7	0	3	0	177	209	188	243	25	0	0	11	225	255	246	94	0	2	0	0	108	113	19	0	1	0	0	0	0	0	0	2	0	0	
0	0	0	0	0	0	0	0	0	1	0	30	72	0	2	0	0	0	0	6	127	11	0	1	0	0	2	0	114	26	0	1	0	0	0	14	121	0	0	0	0	2	0	64	101	0	3	0	0	0	4	108	20	0	1	0	0	0	9	35	0	0	0	0	
0	0	0	0	0	1	3	0	0	0	3	1	1	0	4	16	0	0	0	7	5	6	138	77	1	0	81	144	155	170	86	0	0	61	238	148	153	34	0	2	0	1	81	225	13	0	4	0	1	0	16	109	6	0	0	0	0	1	2	0	0	0	0	0	
0	5	52	2	0	0	0	0	0	40	213	8	0	3	4	2	0	52	205	2	3	1	0	0	0	78	219	4	0	51	164	70	0	34	255	161	88	209	228	59	1	0	103	212	235	213	37	0	0	0	1	0	18	24	0	2	0	0	3	1	0	1	2	0	
0	0	0	0	0	0	0	0	0	0	0	0	54	59	0	1	0	3	0	85	238	155	0	3	0	1	0	13	162	43	0	2	0	3	0	86	135	0	3	0	0	0	0	167	33	0	1	0	3	0	78	141	0	4	0	0	2	0	41	43	0	1	0	0	
0	2	1	0	2	0	0	0	0	0	1	10	1	1	2	0	0	45	97	115	92	0	1	0	0	33	3	20	128	33	57	10	0	0	68	138	148	83	55	7	0	3	23	81	53	0	2	0	0	3	0	86	73	0	5	0	0	2	0	46	35	0	1	0	
0	3	1	0	0	0	0	0	0	1	0	24	68	70	8	0	11	155	224	229	232	255	61	0	5	97	115	153	200	222	20	0	0	4	0	126	255	69	0	3	1	0	25	122	206	176	0	3	3	0	97	241	207	85	0	3	1	0	36	30	0	1	0	0	
0	0	1	1	0	0	0	0	0	2	0	25	186	127	0	2	1	0	19	189	73	119	32	0	2	0	154	91	0	123	38	0	0	30	134	0	31	166	4	0	0	32	113	43	202	80	0	3	2	0	117	200	74	0	2	0	0	0	0	0	0	1	0	0	
0	0	1	1	0	2	0	0	0	1	2	0	3	0	52	17	1	0	22	28	0	96	186	9	0	1	172	74	46	219	21	0	0	126	234	162	245	122	1	1	0	32	33	115	131	0	4	0	0	2	0	77	47	0	2	0	0	1	3	0	1	0	0	0	
0	0	0	0	0	0	0	0	0	2	0	121	67	0	2	0	0	4	0	168	157	0	4	0	0	4	0	153	188	0	2	0	0	4	0	120	201	0	2	0	0	3	0	77	217	3	0	1	0	0	0	0	154	40	0	2	0	0	0	0	0	0	0	0	
5	6	0	2	0	1	2	0	3	5	0	24	18	0	1	0	0	1	0	197	90	175	66	0	3	0	147	187	0	162	154	0	0	65	217	28	139	204	56	0	0	88	226	186	138	20	0	1	0	1	24	18	0	1	2	0	0	0	0	0	3	2	0	0	
0	0	0	0	2	4	0	0	0	0	2	0	58	55	0	2	0	0	1	0	134	28	0	1	0	1	0	31	138	0	2	0	0	3	0	89	97	0	3	0	0	2	0	157	41	0	1	0	0	0	5	122	8	0	0	0	0	0	0	0	1	0	0	0	
0	0	1	3	0	2	0	0	0	1	2	0	2	0	17	5	1	0	17	95	0	90	184	10	0	5	179	129	64	230	33	0	0	121	254	160	244	175	16	0	0	19	14	132	106	0	3	0	0	1	0	37	34	0	2	0	0	1	2	0	1	0	0	0	
0	0	0	0	0	0	0	0	3	0	79	164	112	21	0	1	0	0	2	13	192	104	0	4	1	0	100	218	140	0	2	0	0	0	22	79	150	76	0	2	0	0	46	17	9	189	43	0	1	0	66	139	156	149	14	0	0	0	0	0	9	3	0	0	
0	0	0	0	1	1	0	0	0	0	0	2	0	123	37	0	0	10	13	0	49	194	3	0	0	2	5	0	190	111	0	4	0	3	0	122	194	0	1	0	3	0	71	236	36	0	2	0	3	0	123	112	0	3	0	0	0	0	0	1	1	0	0	0	
0	0	1	0	0	0	0	0	2	0	39	38	0	11	1	0	2	0	124	39	0	115	18	0	0	23	135	0	7	125	2	0	0	8	130	99	134	181	0	0	0	0	7	0	98	109	0	3	0	1	3	0	139	63	0	2	0	0	1	0	15	14	0	0	
0	0	2	0	35	59	0	2	0	1	1	0	194	102	0	3	0	2	0	162	170	0	2	0	3	0	111	214	45	109	39	0	0	18	237	232	239	255	151	0	0	19	237	252	230	180	41	0	0	0	45	31	8	1	0	0	0	0	0	0	0	2	2	0	
0	0	1	0	0	1	0	0	0	1	0	43	74	17	0	1	2	0	66	103	64	85	0	2	0	1	112	5	5	119	0	0	0	0	116	18	73	134	0	3	2	0	45	96	143	69	0	3	0	0	2	0	102	33	0	1	0	0	2	1	53	4	0	0	
0	0	0	0	0	1	0	0	0	0	12	9	13	1	0	0	4	0	149	228	207	100	0	3	2	0	65	90	116	144	0	4	0	1	0	4	203	56	0	2	0	3	0	132	169	0	2	0	1	0	22	226	42	0	2	0	1	0	27	135	1	0	0	0	
1	0	15	76	0	0	0	0	3	0	103	133	8	0	4	0	0	14	144	2	1	0	0	0	0	26	116	0	9	67	97	11	0	2	136	27	124	117	168	31	2	0	52	201	163	91	41	0	0	1	0	36	17	0	1	0	0	0	2	1	0	2	2	0	
0	0	1	3	0	0	0	0	0	0	1	0	21	119	29	0	0	0	0	127	252	230	35	0	4	0	129	214	110	187	36	0	3	0	110	177	178	123	0	1	1	0	18	250	126	0	3	0	2	0	28	238	85	0	3	0	0	0	0	34	10	0	0	0	
0	0	0	0	0	0	0	0	0	0	10	32	46	70	74	5	0	13	177	124	136	124	90	6	0	3	166	84	2	0	0	0	1	0	14	125	179	38	0	2	0	0	7	0	85	131	0	4	2	0	125	80	148	84	0	3	1	0	44	124	70	0	0	0	
0	0	0	3	2	1	0	0	0	0	2	1	0	20	70	0	0	3	0	72	23	182	124	0	3	0	94	188	128	202	0	0	0	68	255	188	230	169	25	0	0	175	201	106	206	33	8	0	0	10	3	0	52	7	0	0	0	0	2	4	0	1	0	0	
0	0	0	0	0	0	1	0	1	0	33	134	154	79	0	2	0	7	171	100	64	193	54	0	0	36	149	0	0	69	137	0	0	16	175	14	0	30	125	0	3	0	157	105	0	138	122	0	1	0	25	179	189	149	7	0	0	1	0	17	45	0	1	0	
0	0	2	1	0	0	0	0	0	1	0	6	90	145	30	0	2	0	45	208	225	129	37	0	0	24	239	249	169	90	0	1	0	5	109	126	229	204	0	1	0	2	0	80	244	62	0	3	1	0	18	243	178	0	3	0	0	0	0	32	28	0	1	0	
0	0	0	1	0	7	1	0	0	1	0	20	143	163	31	0	0	1	0	141	99	3	5	0	0	0	1	187	36	0	1	0	2	0	30	182	94	0	0	0	2	0	62	103	78	102	0	3	1	0	4	121	164	88	0	3	0	0	0	3	11	0	0	0	
0	0	1	0	28	7	0	0	0	2	0	35	251	100	0	4	1	0	0	183	243	32	0	2	3	0	88	255	102	0	3	0	0	0	203	255	232	174	3	0	1	0	191	255	255	200	2	0	2	0	38	141	97	9	0	1	0	0	0	0	0	1	0	0	
0	0	2	0	1	0	0	0	1	0	14	51	0	86	50	0	2	0	131	221	183	156	27	0	0	89	225	139	194	93	0	2	0	35	19	0	10	157	55	0	0	12	81	2	0	105	89	0	1	0	139	161	149	169	10	0	0	0	2	50	58	9	0	0	
0	0	2	2	0	0	0	0	0	0	0	6	20	8	73	83	1	0	31	184	205	183	200	84	1	0	193	232	24	11	3	0	0	9	83	86	158	3	1	3	0	22	151	74	227	13	0	1	2	0	74	233	133	0	2	0	0	0	0	9	3	0	0	0	
0	0	0	0	0	1	0	0	0	4	108	146	107	6	0	1	0	16	225	90	114	166	0	1	2	0	55	146	98	157	0	1	0	3	0	156	228	4	0	1	3	0	69	180	110	81	0	2	2	0	38	164	140	206	15	0	0	1	0	19	66	38	1	0	
0	0	1	2	0	0	0	0	0	1	1	0	111	47	0	2	0	1	0	148	228	36	0	2	3	0	137	255	156	191	143	0	0	44	218	180	247	227	162	0	0	16	154	200	178	73	3	0	0	0	6	17	0	0	1	0	0	1	2	0	2	4	0	0	
0	0	1	6	0	0	0	0	1	0	8	160	82	0	3	0	0	1	0	185	149	0	3	0	3	0	98	156	133	86	0	2	0	0	3	0	0	182	30	0	2	0	47	29	34	193	19	0	2	0	45	150	175	65	0	2	0	0	0	6	5	0	0	0	
0	0	1	0	5	37	6	0	0	1	0	5	181	224	13	0	1	0	6	193	250	47	0	2	2	0	153	255	53	26	18	0	0	53	255	182	161	255	177	0	0	47	253	255	255	236	82	0	1	0	73	141	98	24	0	1	0	1	0	0	0	1	2	0	
0	1	0	0	0	0	0	0	0	1	2	2	1	59	5	0	33	85	0	0	11	119	0	0	0	129	81	40	131	139	0	3	0	19	104	94	86	105	0	3	0	1	2	0	49	96	0	3	0	1	6	0	79	85	0	3	0	0	1	0	15	13	0	0	
0	0	0	0	0	2	1	0	0	10	66	83	41	0	0	0	0	61	229	162	143	185	29	0	0	1	8	0	102	247	23	0	0	1	0	14	234	107	0	4	0	4	0	118	231	7	0	1	1	0	16	242	107	0	3	0	1	0	16	100	10	0	0	0	
0	1	0	55	65	0	2	0	1	0	15	166	37	0	2	0	3	0	86	92	0	3	0	0	4	0	128	100	106	115	7	0	3	0	94	221	15	111	97	0	1	0	2	153	123	159	71	0	0	0	0	6	80	55	0	1	0	0	1	2	0	0	1	0	
0	0	0	0	1	2	0	0	0	0	0	23	11	15	88	6	3	0	64	251	126	121	233	13	0	0	2	128	216	230	36	0	0	0	70	193	230	26	0	2	0	125	221	229	151	0	5	0	0	65	192	175	25	0	1	0	0	0	21	6	0	0	0	0	
0	0	0	0	0	0	0	0	0	0	46	59	58	43	0	0	2	0	119	205	233	207	0	0	0	0	4	0	143	182	0	3	2	0	52	165	253	105	0	4	2	0	48	251	94	0	2	0	4	0	135	163	0	2	0	0	1	0	59	28	0	1	0	0	
0	0	2	1	0	0	1	1	0	1	0	33	150	118	5	0	2	0	50	239	148	159	170	0	4	0	120	221	71	208	122	2	1	0	1	177	255	130	0	4	1	0	142	254	255	82	0	4	0	5	215	244	109	0	1	0	1	0	27	24	0	1	0	0	
0	0	0	0	0	1	0	0	3	0	95	193	113	12	0	1	1	0	40	103	214	151	0	3	0	0	4	0	130	198	0	2	0	1	0	78	225	52	0	2	3	0	105	255	189	44	7	0	3	0	94	206	164	114	1	0	0	0	0	0	0	0	0	0	
0	0	0	1	1	0	0	0	0	0	2	0	55	124	0	0	0	2	0	16	232	193	0	1	0	14	0	126	255	66	0	3	1	0	15	239	188	0	1	0	4	0	113	255	62	0	3	0	4	0	119	187	0	1	0	0	0	0	10	17	0	0	0	0	
0	0	1	0	23	12	0	0	0	1	0	24	201	51	0	2	1	0	0	195	112	0	3	0	2	0	35	221	102	64	1	0	4	0	110	244	17	99	33	0	3	0	55	235	109	108	0	1	0	1	0	79	124	23	0	1	0	0	1	0	0	0	0	0	
0	0	1	3	0	0	3	1	0	0	1	0	61	139	12	0	1	0	7	154	229	130	134	32	4	0	148	216	35	154	135	4	1	0	16	147	218	84	0	2	2	0	61	251	164	0	6	1	4	0	144	249	52	0	2	0	1	0	15	22	0	1	0	0	
0	0	3	0	0	0	0	0	0	0	2	0	69	61	0	2	0	0	62	0	178	171	0	4	0	49	225	0	179	178	0	3	0	28	227	177	230	157	0	4	1	0	23	76	187	176	0	4	0	1	3	0	42	186	11	0	0	0	1	4	0	22	7	0	
0	0	1	2	2	0	2	0	0	1	1	0	0	1	0	0	1	0	143	189	194	235	147	0	2	0	66	255	221	146	69	0	0	1	0	83	145	16	0	1	0	26	60	89	233	86	0	3	0	152	227	193	89	0	1	0	0	8	7	0	0	0	0	0	
0	0	3	28	0	0	0	0	0	1	0	119	53	0	2	0	0	1	0	23	109	0	1	0	0	0	13	24	76	0	2	0	0	8	60	117	149	19	0	1	0	12	12	49	69	139	43	0	1	0	24	22	0	17	24	0	0	0	0	0	3	1	0	0	
0	0	1	0	0	0	1	0	0	0	0	5	20	14	0	0	3	0	138	221	180	233	64	0	2	0	83	64	74	247	34	0	0	2	0	28	242	123	0	3	0	1	0	197	178	0	2	0	3	0	80	245	27	0	2	0	3	0	93	122	0	3	0	0	
0	0	0	1	0	0	0	0	0	0	2	0	56	123	123	13	0	3	0	102	218	141	76	4	2	0	36	179	21	0	1	0	3	0	80	227	70	0	5	0	0	2	0	61	168	0	2	0	0	44	93	121	82	0	2	0	0	17	64	40	0	0	0	0	
0	0	3	4	3	0	0	0	0	0	0	0	0	7	2	0	2	0	93	190	168	226	51	0	3	0	147	135	132	209	0	0	0	1	0	20	214	71	0	3	1	0	7	223	139	0	3	0	4	0	156	168	0	2	0	0	1	0	104	19	0	1	0	0	
0	0	0	0	0	0	0	0	0	0	0	13	107	0	0	0	0	1	0	44	140	0	3	0	0	3	0	73	133	0	4	0	0	3	0	78	111	0	3	0	0	3	0	104	131	0	4	0	0	3	0	79	96	0	3	0	0	0	0	0	0	0	0	0	
0	0	0	0	1	0	0	0	0	0	1	0	20	152	7	0	0	0	4	0	142	188	0	2	0	2	0	45	232	46	0	2	0	1	0	189	133	0	3	0	3	0	83	247	32	0	2	0	3	0	119	181	13	0	1	0	0	0	0	0	0	0	0	0	
0	0	0	1	0	0	0	0	0	2	0	58	92	17	0	1	0	2	0	141	161	46	0	2	2	0	63	107	95	53	0	2	0	2	197	147	184	93	0	3	0	31	120	44	184	83	0	3	0	0	3	0	121	59	0	2	0	1	4	0	16	9	0	0	
0	0	0	0	0	0	2	2	0	0	2	1	3	1	0	0	0	0	0	2	0	4	53	45	1	0	35	109	153	151	112	28	0	3	173	102	42	22	0	1	0	1	142	103	0	3	3	1	0	0	74	15	0	1	0	0	0	0	0	0	0	0	0	0	
0	0	1	0	29	60	0	0	0	1	0	32	100	26	0	1	0	0	1	121	21	0	1	0	2	0	56	73	2	9	0	0	3	0	76	84	77	79	0	2	2	0	32	173	79	68	0	2	0	1	0	39	56	1	0	0	0	0	1	1	0	1	0	0	
0	0	0	2	1	0	2	0	0	0	3	0	13	2	0	0	0	4	0	80	241	233	118	0	2	0	103	203	180	192	173	0	0	94	176	7	55	176	92	0	0	206	170	192	196	73	0	1	0	91	149	64	0	0	2	0	0	0	0	0	2	3	0	0	
0	0	0	0	0	0	0	0	0	0	1	57	154	172	9	0	2	0	37	112	151	193	0	0	0	1	2	0	168	66	0	2	0	2	0	125	116	0	3	0	0	0	118	198	87	101	1	0	0	27	182	163	128	61	0	0	0	0	0	0	0	0	0	0	
0	0	0	0	2	3	4	2	0	0	4	2	0	0	0	0	0	0	0	0	45	67	107	84	0	1	115	205	167	151	96	30	0	1	126	176	85	0	3	0	3	0	80	152	95	0	6	1	3	0	75	154	3	0	1	0	0	0	0	0	1	0	0	0	
0	0	0	0	0	1	1	0	1	0	20	135	82	6	0	0	3	0	59	222	171	139	67	0	1	0	15	144	12	14	19	0	0	3	0	116	123	0	3	0	0	5	55	33	204	10	0	1	1	0	104	204	165	0	0	0	0	0	0	37	11	0	0	0	
0	0	2	3	1	1	0	0	0	0	0	0	1	0	0	0	10	3	36	194	190	33	0	1	6	0	91	161	152	93	0	3	0	22	138	162	242	184	61	0	0	19	126	155	187	110	9	0	0	0	0	0	0	0	0	0	0	1	4	4	3	3	0	0	
0	0	0	0	0	0	0	0	1	0	27	100	108	24	0	1	0	11	113	20	124	54	0	2	0	0	25	119	155	61	0	0	1	0	12	45	0	101	55	0	2	0	57	17	0	82	85	0	3	0	73	101	90	102	0	0	0	0	1	43	37	0	0	0	
0	0	1	3	0	2	1	0	0	2	1	0	3	0	25	12	1	0	16	101	0	50	157	16	0	58	243	119	61	184	48	0	0	82	157	197	236	195	59	0	2	0	58	159	11	14	1	0	2	0	88	32	0	1	1	0	0	0	0	2	2	1	0	0	
0	0	0	0	1	0	0	0	3	0	154	101	0	15	0	0	0	11	237	63	83	151	0	4	0	19	247	47	117	161	0	4	3	0	133	243	218	228	16	0	0	1	0	80	223	206	0	1	0	0	5	0	100	181	0	0	0	0	0	4	2	2	1	0	
0	0	1	0	0	0	0	0	0	0	0	22	80	101	25	0	3	0	107	232	198	255	129	0	1	0	26	101	207	192	26	0	0	3	0	72	255	77	0	3	7	33	81	177	225	44	0	2	28	210	215	163	31	0	1	0	0	19	4	0	1	1	0	0	
0	0	1	0	0	0	0	0	0	1	0	36	48	38	20	0	1	0	11	97	96	65	9	0	0	7	134	81	2	0	0	0	0	2	20	62	120	11	0	1	0	0	3	0	73	80	0	3	0	0	2	8	95	42	0	2	0	0	1	54	55	0	1	0	
0	0	0	0	2	0	0	0	0	0	0	3	0	157	70	0	0	0	3	0	103	244	30	0	0	3	0	62	255	82	0	3	1	0	14	229	141	0	3	0	3	0	160	216	0	1	0	0	2	0	148	129	0	2	0	0	0	0	0	0	0	0	0	0	
0	0	1	0	0	0	0	0	0	0	2	58	58	0	0	0	1	0	86	87	123	25	0	1	0	25	87	0	111	38	0	1	0	12	107	17	160	36	0	1	1	0	56	90	136	46	0	2	0	0	4	0	93	83	0	3	0	0	3	0	37	30	0	1	
0	0	2	3	0	2	2	0	0	0	1	0	47	15	1	43	1	0	21	177	223	39	183	183	2	0	188	174	77	209	146	10	3	0	88	175	234	82	0	2	2	0	76	255	83	0	5	1	0	0	220	222	5	0	1	0	0	0	65	39	0	1	0	0	
0	1	0	23	54	0	1	0	0	0	0	2	95	35	0	1	0	0	2	0	36	86	0	3	0	0	2	0	56	81	0	3	0	1	4	12	116	21	0	1	0	65	154	142	99	67	17	0	0	19	47	8	0	3	1	0	0	0	0	1	2	0	0	0	
0	0	0	0	0	0	0	0	0	0	0	0	5	41	19	0	0	1	5	0	116	237	135	0	0	0	2	0	28	209	82	0	0	13	51	100	227	151	0	2	27	217	234	153	79	5	0	0	4	43	15	0	0	1	0	0	0	0	0	4	3	0	0	0	
0	0	1	1	0	0	0	0	0	2	0	26	191	91	0	3	1	0	12	217	183	186	23	0	3	0	149	181	0	94	92	0	0	22	177	12	0	70	132	0	0	27	177	12	0	108	94	0	1	0	117	165	129	129	12	0	0	0	0	9	12	0	0	0	
0	0	1	0	0	0	1	0	0	0	1	41	78	36	0	1	2	0	172	255	251	255	105	0	2	0	95	171	235	242	59	0	0	3	0	97	229	55	0	2	2	0	101	255	68	0	5	0	0	23	247	221	50	0	2	0	0	5	97	34	0	1	0	0	
0	0	1	1	0	0	0	0	0	0	0	5	66	60	0	1	2	0	40	185	130	65	0	1	2	0	33	195	59	0	2	0	0	1	0	20	187	21	0	1	0	1	0	36	179	8	0	1	0	1	0	146	64	0	2	0	0	0	3	42	0	1	0	0	
0	0	0	1	0	0	0	0	0	1	0	12	60	66	5	0	0	2	0	181	255	243	46	0	0	1	0	81	247	169	0	3	0	2	0	39	218	53	0	2	1	0	12	230	119	0	4	0	3	0	174	202	8	0	1	0	1	0	80	26	0	1	0	0	
1	3	2	1	0	0	1	0	0	0	0	0	10	14	0	0	19	144	176	168	166	195	108	0	19	68	42	36	2	176	84	0	0	0	3	0	131	155	0	3	1	5	0	93	190	3	0	1	2	0	62	212	28	0	2	0	3	0	129	75	0	3	0	0	
0	0	0	0	2	3	0	0	0	0	1	2	0	0	12	20	0	0	2	0	56	187	182	90	1	0	10	155	130	84	18	0	2	0	90	212	37	0	2	1	0	6	206	170	4	3	1	0	1	0	101	43	0	2	0	0	0	0	0	1	1	0	0	0	
0	0	0	1	1	2	0	0	0	0	0	9	13	0	0	0	0	0	0	113	111	48	0	0	2	0	62	107	114	103	0	3	1	0	20	125	175	2	0	1	0	3	0	84	88	0	3	0	0	2	0	127	27	0	1	0	0	0	9	76	0	1	0	0	
0	0	0	1	4	3	2	0	0	0	0	0	0	0	0	0	0	3	1	22	111	154	66	0	0	3	0	127	126	185	99	0	4	74	110	146	229	217	33	0	15	149	164	109	92	47	7	0	0	0	0	0	0	0	0	0	1	3	4	4	4	2	0	0	
0	0	0	1	38	1	0	0	0	1	0	20	105	0	2	0	0	2	0	67	58	0	2	0	0	1	0	102	14	0	0	0	1	0	18	100	33	80	0	2	0	1	0	95	120	112	0	3	0	1	0	9	70	22	0	1	0	0	0	1	0	0	0	0	
0	0	0	3	0	15	30	0	0	0	3	0	57	225	176	13	0	2	0	109	248	98	0	3	3	0	112	254	42	12	58	0	0	31	231	80	80	247	140	0	0	99	255	218	255	203	9	0	0	23	79	88	91	15	0	1	0	0	0	0	0	0	0	0	
0	0	0	0	0	0	0	0	0	2	0	102	175	75	0	2	2	0	42	175	55	135	0	3	1	0	7	143	82	82	12	0	2	0	33	185	255	126	3	0	4	0	127	184	183	52	0	2	1	0	9	145	146	5	0	0	0	0	0	2	2	0	0	0	
0	0	1	2	0	2	1	0	0	2	0	20	31	0	47	38	1	0	10	204	74	44	188	31	0	13	226	144	24	238	58	0	0	38	195	182	248	167	9	0	0	3	0	160	142	0	3	0	2	0	41	197	7	0	2	0	1	0	27	70	0	2	0	0	
0	0	2	1	3	0	0	0	0	2	0	71	154	19	0	1	2	0	66	124	92	61	0	2	2	0	65	18	127	46	0	2	0	2	0	45	133	0	3	0	1	0	8	192	136	0	2	0	2	0	46	68	88	124	40	0	0	0	0	0	0	12	10	0	
0	0	0	2	2	2	0	0	0	1	3	0	1	0	43	12	0	2	0	74	45	100	189	13	0	5	121	183	133	226	23	0	0	116	255	165	232	167	16	0	0	33	102	237	77	0	3	0	3	0	68	161	0	4	1	0	0	0	21	38	0	1	0	0	
0	0	0	0	2	1	0	0	0	2	0	112	166	12	0	1	0	0	1	146	20	0	1	0	1	0	31	199	122	35	0	1	1	0	10	90	134	121	0	4	1	0	45	18	164	89	0	3	2	0	37	174	112	0	0	0	0	0	0	0	0	0	0	0	
0	0	0	0	2	0	0	0	0	0	0	3	0	102	47	0	0	0	4	0	98	251	40	0	0	2	0	58	246	78	0	3	1	0	7	223	119	0	4	0	4	0	130	186	0	3	0	0	0	4	177	33	0	2	0	0	0	1	18	2	1	0	0	0	
0	1	3	0	1	0	0	0	0	1	0	130	102	28	0	1	0	8	158	149	128	125	0	3	0	46	246	127	146	9	0	0	1	0	17	176	227	56	0	2	0	4	0	121	168	203	32	0	0	1	0	27	160	178	23	0	0	0	0	0	1	1	0	0	
0	0	0	0	0	0	0	0	0	0	12	42	66	78	33	0	4	0	109	251	207	236	159	0	0	0	15	0	97	218	31	0	0	3	0	87	236	57	0	2	3	0	77	243	59	0	4	0	0	16	239	113	0	5	0	0	0	28	126	41	0	1	0	0	
0	0	0	1	3	34	1	0	0	0	2	0	134	131	0	2	0	3	0	121	140	0	1	0	2	0	34	199	11	0	1	0	2	0	56	209	147	104	0	3	2	0	30	229	194	150	0	4	0	1	0	94	135	7	0	1	0	0	1	0	0	1	0	0	
0	0	0	0	2	0	0	0	0	0	0	3	0	98	55	0	0	0	4	0	89	255	84	0	0	2	0	81	255	163	0	1	3	0	79	255	183	7	0	1	0	0	216	221	20	0	2	0	0	13	235	99	0	5	0	0	1	0	27	12	0	0	0	0	
0	2	1	0	0	0	0	0	1	0	41	135	124	113	64	0	0	65	194	83	123	224	145	0	0	156	135	0	42	204	34	0	0	18	115	204	242	78	0	3	3	0	85	146	129	155	0	3	3	0	119	160	164	118	0	3	0	0	0	37	35	0	0	0	
0	0	1	2	0	2	0	0	0	1	2	1	2	0	116	47	1	0	18	60	0	160	164	2	1	0	169	134	137	202	1	0	0	50	231	223	236	134	5	0	1	0	41	213	31	0	1	0	4	0	114	110	0	5	0	0	0	0	18	7	0	0	0	0	
0	0	0	1	0	0	0	0	0	0	1	0	71	93	0	1	0	1	0	20	221	186	0	3	0	2	0	34	216	47	0	2	0	1	0	179	135	0	3	0	3	0	103	195	0	2	0	0	0	0	191	57	0	2	0	0	0	1	24	3	0	0	0	0	
0	0	0	0	0	0	1	0	1	0	36	112	145	82	0	1	0	6	228	194	142	253	57	0	1	0	70	152	210	231	43	0	1	0	14	193	183	4	0	1	0	6	27	40	204	46	0	2	0	45	244	255	193	21	0	1	0	2	44	38	1	0	0	0	
0	0	1	0	0	1	1	0	1	0	2	137	156	38	0	1	1	0	117	106	63	151	31	0	0	29	100	0	0	39	99	0	0	68	76	0	0	12	97	0	0	48	155	37	12	115	96	0	1	0	88	160	164	100	0	1	0	1	0	0	0	0	1	0	
0	0	1	2	0	1	0	0	0	0	0	1	66	19	0	1	1	0	5	167	222	94	0	3	4	0	136	209	33	150	10	0	3	0	96	192	232	224	10	0	0	2	0	41	231	62	0	2	0	3	0	154	136	0	3	0	0	1	0	66	32	0	1	0	
0	0	2	1	1	1	0	0	0	0	0	17	14	0	0	0	2	0	52	140	118	28	0	1	3	0	149	52	40	94	0	2	3	0	107	185	183	50	0	2	0	0	6	37	86	45	0	2	0	0	3	0	70	78	0	3	0	0	1	0	24	61	0	2	
0	0	0	0	0	0	0	0	1	0	17	63	41	53	39	0	4	0	115	227	181	255	156	0	1	0	43	23	142	205	3	0	0	3	0	119	240	29	0	2	3	0	114	249	46	0	3	0	0	61	255	103	0	4	0	0	0	38	90	0	2	0	0	0	
0	0	0	0	4	1	0	0	1	0	15	126	124	92	16	0	3	0	96	133	0	143	61	0	1	0	24	128	119	94	0	1	0	3	0	134	226	23	0	1	2	0	66	134	72	141	0	4	2	0	34	148	155	90	0	3	0	0	0	7	12	0	0	0	
0	0	0	0	3	0	0	0	0	0	0	3	0	46	46	0	0	0	3	0	102	255	130	0	0	3	0	120	255	114	0	2	3	0	72	255	99	0	3	0	0	0	212	168	0	4	1	0	0	31	225	30	0	2	0	0	0	10	63	0	1	0	0	0	
0	0	0	0	0	0	0	0	1	0	28	131	81	4	0	0	3	0	103	120	165	91	0	3	0	3	0	85	200	2	0	1	0	2	0	122	183	81	0	3	0	0	2	0	138	135	0	4	0	0	0	166	166	1	0	1	0	0	1	28	3	0	0	0	
0	0	0	0	0	0	1	0	0	0	1	0	26	58	0	0	1	4	4	0	182	255	42	0	0	1	0	1	153	214	15	0	69	179	151	224	255	204	15	0	36	120	129	162	144	66	1	0	0	0	0	0	0	0	0	0	1	4	4	4	4	3	0	0	
0	0	0	0	0	0	0	0	0	0	0	0	112	12	0	0	0	0	0	6	126	4	0	0	0	1	0	36	130	0	2	0	0	2	0	69	110	0	3	0	0	3	0	99	79	0	3	0	0	3	0	88	50	0	2	0	0	0	0	0	0	0	0	0	
0	0	3	0	18	31	0	0	0	2	0	42	227	178	0	3	2	0	67	237	240	37	0	3	0	37	251	231	33	29	35	0	0	77	248	68	174	249	235	54	0	35	231	224	255	255	211	40	2	0	58	154	142	108	11	0	0	1	0	0	0	0	2	2	
0	0	0	0	3	1	0	0	1	0	12	116	170	63	0	3	3	0	70	154	0	51	0	0	0	0	1	126	165	160	39	0	0	2	0	120	205	73	0	2	2	0	47	154	109	121	0	4	1	0	17	160	145	11	0	1	0	0	0	2	1	0	0	0	
0	0	0	2	2	0	2	0	0	1	3	0	7	17	0	0	0	1	0	39	194	251	109	0	0	15	126	245	249	255	176	0	0	194	255	251	249	254	68	0	0	140	240	203	136	42	0	1	0	0	14	2	0	0	1	0	0	2	0	1	4	2	0	0	
0	0	2	2	0	0	0	0	0	0	2	0	43	81	0	2	2	0	50	51	98	144	0	4	4	0	153	119	140	103	0	4	2	0	136	199	238	51	0	2	0	1	0	2	197	40	0	2	0	1	0	9	182	28	0	1	0	0	0	0	15	1	0	0	
0	1	1	0	0	0	1	0	0	0	4	17	12	7	2	0	0	74	231	243	230	229	82	0	0	53	242	106	63	255	70	0	0	0	15	4	152	220	0	0	0	5	0	97	255	74	0	3	1	0	0	221	193	0	1	0	0	0	0	146	73	0	2	0	
0	0	2	0	0	0	0	0	0	1	0	38	64	72	47	0	3	0	79	219	187	188	142	0	3	0	161	199	34	0	1	0	3	19	0	43	146	70	0	2	0	142	90	22	172	140	0	4	0	24	135	183	126	6	0	1	0	1	0	0	0	1	0	0	
0	0	0	0	0	0	0	0	1	0	46	102	129	134	21	0	3	0	137	254	251	255	103	0	0	5	0	127	227	79	8	0	0	1	0	18	134	11	0	1	0	126	152	15	113	101	0	3	0	54	179	225	245	82	0	4	0	0	0	23	40	1	0	0	
0	0	0	0	1	0	0	0	0	0	0	1	75	2	0	0	0	1	0	21	111	0	2	0	0	2	0	56	119	0	3	0	0	3	0	95	84	0	3	0	0	3	0	108	48	0	2	0	0	0	0	94	12	0	0	0	0	0	0	2	0	0	0	0	
0	2	2	0	0	0	1	0	1	0	17	180	213	98	0	1	0	30	207	255	255	250	40	0	0	184	255	104	101	255	128	0	0	192	252	7	63	255	155	0	0	52	249	174	225	255	65	0	3	0	91	228	205	91	0	1	0	1	0	0	0	0	2	0	
0	0	1	2	0	0	0	0	0	0	0	8	83	47	0	1	0	0	0	124	129	125	0	0	3	0	83	143	10	6	1	0	2	0	46	170	171	0	1	0	0	2	0	59	130	0	3	0	0	3	0	89	105	0	3	0	0	1	0	34	45	0	1	0	
0	0	0	1	1	0	0	0	0	0	2	0	95	79	0	2	0	1	0	6	237	141	0	4	0	3	0	77	253	37	0	2	0	3	0	175	180	0	2	0	1	0	0	224	100	0	3	0	2	0	36	233	33	0	2	0	0	0	7	37	2	0	0	0	
0	0	2	0	4	7	0	0	0	2	0	47	163	67	0	2	2	0	49	204	50	0	2	0	2	0	161	64	0	4	0	0	0	0	175	32	74	203	61	0	2	0	54	168	233	156	28	0	0	1	0	22	145	20	0	1	0	0	2	1	3	4	1	0	
1	0	30	27	0	1	0	0	0	5	215	234	39	0	3	1	0	3	35	135	212	1	1	0	0	4	0	117	236	4	22	36	0	38	180	250	111	0	188	128	0	19	218	249	203	233	223	42	0	0	8	18	83	106	15	0	0	1	1	0	0	0	1	2	
0	0	2	0	0	0	0	0	0	0	0	5	91	96	0	2	2	0	121	191	149	67	0	1	4	0	162	223	141	17	0	1	1	0	33	66	150	133	0	4	1	0	25	1	93	139	0	4	2	0	35	162	188	39	0	2	0	1	0	40	32	0	1	0	
0	0	0	0	0	0	0	0	0	1	0	83	207	146	0	1	1	0	19	168	220	174	0	2	0	1	0	13	225	61	0	3	0	1	4	0	81	161	1	0	0	117	159	7	44	215	17	0	0	35	174	195	203	96	0	2	0	0	0	2	2	0	0	0	
0	0	11	45	5	0	0	0	0	3	94	102	91	0	0	0	0	9	30	0	92	38	0	1	0	0	3	0	73	54	0	2	0	0	7	6	79	30	0	1	2	0	92	111	172	53	5	0	1	0	63	65	42	77	40	0	0	0	0	0	0	0	0	0	
0	0	1	0	0	0	0	0	0	0	16	17	0	97	33	0	1	0	173	62	4	225	39	0	0	40	228	95	165	199	0	0	0	24	138	147	255	88	0	3	0	1	0	19	210	27	0	1	0	4	0	94	193	0	2	0	0	0	0	13	25	0	1	0	
0	0	2	1	0	0	0	0	0	1	0	39	69	0	0	0	2	0	71	145	166	45	0	2	3	0	131	41	178	52	0	2	2	0	66	157	179	44	0	2	0	0	3	0	116	55	0	2	0	0	5	0	100	106	0	3	0	0	1	0	26	63	0	1	
0	0	0	0	0	0	0	0	0	1	1	6	17	46	50	6	0	2	0	143	233	165	108	21	0	26	12	67	173	0	2	0	0	89	158	0	152	55	0	3	0	21	167	155	143	194	0	0	0	1	0	32	119	111	0	0	0	1	3	0	0	0	0	0	
0	0	0	0	0	1	0	0	2	0	37	81	110	2	0	0	3	0	76	232	171	108	0	3	2	0	31	216	64	128	15	0	1	0	27	147	21	155	18	0	0	0	1	135	92	162	0	2	0	3	0	77	225	52	0	2	0	0	0	5	20	0	0	0	
0	0	1	1	39	7	0	0	0	2	0	113	204	7	0	1	2	0	35	228	41	0	3	0	4	0	139	169	0	5	0	0	4	0	148	151	97	190	12	0	2	0	40	221	249	254	40	0	0	1	0	32	128	95	0	1	0	0	1	1	0	0	0	0	
0	1	0	0	0	2	0	0	1	0	44	93	50	0	0	0	0	94	167	147	205	104	0	3	0	23	9	0	129	168	0	4	0	4	68	141	233	39	0	2	0	19	178	195	205	183	99	16	0	0	0	0	2	68	92	3	0	0	3	3	1	0	0	0	
0	0	3	4	1	0	0	0	0	0	0	0	9	10	0	0	2	0	72	154	212	183	0	0	0	26	226	104	87	202	0	0	0	12	35	0	154	142	0	4	0	2	0	56	216	19	0	1	0	1	0	194	95	0	3	0	1	0	16	146	13	0	1	0	
0	1	1	0	1	4	1	0	1	0	25	129	56	0	2	0	0	49	180	57	29	127	118	0	0	38	145	94	152	103	14	0	0	1	0	189	173	0	1	0	1	0	40	121	123	96	0	3	1	0	12	160	169	38	0	2	0	1	0	33	29	0	1	0	
0	0	0	0	0	0	0	0	1	0	10	123	145	60	67	4	1	0	23	217	98	243	149	0	0	1	0	159	182	167	0	0	0	2	0	173	229	14	0	1	3	0	116	255	156	0	3	0	3	0	158	249	150	0	2	0	0	0	8	46	13	0	0	0	
0	0	3	3	2	1	0	0	0	0	0	0	0	1	1	0	0	0	99	159	50	19	0	1	0	83	170	30	213	198	0	2	0	81	172	119	116	141	134	0	0	1	87	107	3	11	184	64	0	0	0	0	3	0	29	36	0	0	3	4	0	1	2	0	
0	0	1	3	0	1	0	0	0	2	3	0	15	3	0	0	0	3	10	119	214	131	0	3	4	0	88	230	197	176	0	3	1	0	26	129	241	74	0	3	0	2	0	38	203	13	0	1	0	3	0	161	115	0	3	0	0	0	0	136	28	0	1	0	
0	0	1	3	3	3	4	1	0	1	1	0	0	0	0	0	1	0	15	112	122	127	117	36	0	34	135	66	34	42	59	24	0	48	155	30	4	0	0	0	1	0	41	215	225	113	0	3	0	1	0	15	31	21	0	0	0	0	2	1	0	0	0	0	
0	0	3	1	0	0	0	0	0	2	0	55	205	136	0	1	1	0	103	237	246	220	16	0	0	15	234	249	86	185	13	0	0	21	255	99	72	219	0	0	0	0	205	149	188	209	0	1	2	0	40	179	219	58	0	2	0	0	0	0	0	0	0	0	
0	0	0	0	0	0	0	0	0	2	0	55	53	0	2	0	0	3	0	82	125	0	4	0	0	1	0	37	104	0	3	0	0	1	0	35	106	0	3	0	0	1	0	25	112	0	2	0	0	1	0	20	111	0	1	0	0	0	0	2	19	0	0	0	
0	0	0	0	0	0	0	0	0	2	0	48	175	14	0	1	0	4	0	102	255	24	0	2	0	4	0	145	220	0	0	0	0	2	0	183	185	0	2	0	1	0	8	241	182	0	2	0	0	1	0	163	124	0	3	0	0	0	0	0	0	0	0	0	
0	1	0	0	0	0	1	0	0	2	81	26	0	3	1	1	0	100	255	78	0	5	4	0	0	145	255	81	23	154	183	11	0	104	255	253	248	255	237	27	0	0	49	75	65	189	246	27	0	1	0	1	0	9	84	18	0	0	2	3	3	1	0	0	
0	1	0	2	1	0	0	0	0	0	7	5	0	0	1	1	0	45	214	133	8	3	3	0	0	30	41	165	79	0	14	20	1	0	22	235	124	93	186	78	0	1	3	62	107	113	57	0	0	0	0	0	0	0	0	1	0	0	0	3	4	4	2	0	
0	1	0	42	40	0	1	0	0	0	0	100	216	77	0	3	0	1	5	0	104	157	0	4	0	0	8	5	87	152	0	4	0	14	141	176	238	123	0	4	0	52	185	147	218	28	0	2	0	0	113	132	6	0	1	0	0	0	0	0	2	1	0	0	
0	0	0	0	0	0	0	0	1	0	39	146	213	158	0	0	0	6	220	178	187	234	6	0	1	0	47	162	255	129	0	4	0	10	24	103	111	227	33	0	0	99	183	38	184	253	41	0	0	8	161	230	191	48	0	2	0	0	0	0	0	0	1	0	
0	3	1	0	0	0	0	0	0	0	0	0	21	16	0	0	7	132	191	189	179	207	37	0	0	42	53	32	22	196	24	0	0	0	3	0	142	127	0	3	0	4	0	75	204	1	0	1	1	0	7	201	67	0	2	0	2	0	51	128	0	2	0	0	
0	0	2	0	1	1	0	0	0	0	0	14	0	78	59	0	2	0	89	179	0	209	90	0	0	8	228	107	127	211	0	0	1	0	72	176	255	83	0	3	0	3	0	91	200	0	1	0	0	3	0	159	137	0	4	0	0	1	0	21	16	0	0	0	
0	0	1	0	0	1	0	0	0	0	3	30	0	16	11	0	2	0	50	74	0	105	19	0	2	0	110	9	53	86	0	3	2	0	64	98	126	21	0	1	0	1	0	48	121	0	2	0	0	2	0	55	79	0	3	0	0	1	0	31	23	0	1	0	
0	0	0	2	2	1	0	0	0	0	0	0	0	8	14	0	0	2	0	141	194	205	188	13	0	2	0	185	129	24	23	0	0	101	63	20	143	5	0	1	0	41	209	127	207	95	0	4	1	0	34	142	152	45	0	2	0	1	1	0	0	0	0	0	
0	0	1	0	0	1	0	0	0	0	1	144	161	37	0	2	3	0	95	157	50	178	0	0	4	0	164	102	0	156	63	0	3	0	188	81	0	123	88	0	4	0	121	169	5	192	50	0	1	0	8	153	195	103	0	2	0	0	0	0	4	1	1	0	
0	0	0	25	7	0	0	0	1	0	13	208	45	0	2	0	4	0	103	182	0	2	1	0	3	0	165	91	0	43	0	0	0	0	189	34	156	255	48	0	3	0	85	189	254	178	11	0	0	1	0	48	123	20	0	1	0	0	1	0	0	2	1	0	
0	1	0	13	96	19	0	1	0	2	0	133	147	26	0	1	3	0	87	153	0	3	0	0	0	0	165	40	66	95	7	0	0	25	186	140	93	154	126	0	1	0	187	198	84	163	58	0	1	0	14	75	93	36	0	1	0	0	1	0	0	1	2	0	
0	0	3	0	0	0	0	0	0	1	0	14	73	33	0	1	1	0	143	213	226	186	0	3	0	0	94	32	167	157	0	4	0	3	0	75	237	28	0	2	1	0	0	209	115	0	3	0	4	0	98	201	0	1	0	0	2	0	62	56	0	2	0	0	
0	0	1	2	6	0	0	0	0	1	0	89	121	35	0	1	2	0	60	100	0	81	5	0	1	0	103	22	0	52	35	0	0	2	71	3	0	53	51	0	2	0	84	26	16	121	23	0	1	0	20	122	137	38	0	1	0	0	0	6	4	0	1	0	
0	0	1	1	0	0	0	0	0	0	0	3	8	103	66	0	1	0	19	191	248	248	51	0	1	0	20	245	210	26	0	1	3	0	56	249	45	0	3	0	4	0	112	229	74	0	3	0	2	0	29	211	122	0	4	0	0	1	0	28	17	0	1	0	
