500	64	10
0	0	0	13	60	0	1	0	0	0	0	0	122	16	0	1	0	0	4	0	84	41	0	2	0	0	2	0	98	28	0	1	1	0	16	55	127	1	0	0	3	0	100	190	148	28	0	2	1	0	26	42	4	11	0	0	0	0	0	0	2	0	0	0	
0	0	0	2	1	0	0	1	0	0	0	0	0	0	1	0	0	0	8	49	24	0	0	17	1	0	35	40	68	0	34	55	0	7	77	80	92	52	50	4	0	2	68	48	9	6	0	1	0	0	0	0	0	0	1	0	0	0	2	2	0	0	0	0	
0	0	0	0	0	1	1	0	0	0	0	0	3	0	11	3	0	0	2	3	0	33	125	2	0	2	1	0	114	175	29	0	1	0	27	180	154	11	0	1	0	42	181	87	0	2	1	0	0	19	16	0	3	1	0	0	0	0	1	3	0	0	0	0	
0	0	1	1	0	0	1	0	0	1	0	19	137	117	8	0	1	0	12	225	164	118	120	0	3	0	148	152	0	43	150	0	0	26	176	10	0	86	100	0	0	68	150	0	48	174	19	0	0	31	187	132	155	46	0	2	1	0	38	63	7	0	1	0	
0	1	1	0	0	0	0	0	1	0	34	139	161	114	24	0	0	47	237	164	94	210	155	0	0	186	116	0	0	46	189	0	0	173	64	0	0	57	164	0	0	119	157	0	32	212	100	0	0	17	184	205	222	129	0	1	0	0	4	53	29	0	1	0	
0	0	1	0	17	60	6	0	0	1	0	52	147	148	92	0	0	1	0	138	43	55	126	0	1	1	0	2	0	129	52	0	0	9	39	58	136	208	58	0	10	163	156	197	148	21	10	0	10	114	107	52	0	0	0	0	0	0	0	0	3	2	0	0	
0	0	2	30	2	1	0	0	1	0	29	180	4	0	2	0	3	0	91	148	0	38	0	0	4	0	128	91	96	230	68	0	4	0	130	114	0	201	88	0	2	0	58	177	160	171	0	1	0	2	0	79	133	9	0	1	0	0	1	0	0	2	1	0	
0	0	0	1	0	1	0	0	0	0	2	0	2	0	67	26	0	0	5	21	0	64	140	0	2	0	100	67	12	144	15	0	0	83	189	62	180	123	13	0	0	46	98	176	60	9	2	0	1	0	27	28	0	1	0	0	0	2	2	1	3	0	0	0	
0	0	0	0	0	0	0	0	0	42	109	118	64	0	1	0	2	95	63	7	134	61	0	2	1	0	14	105	189	45	0	2	1	0	38	81	58	142	30	0	3	0	96	52	0	98	100	0	2	0	58	129	113	139	22	0	0	1	0	21	47	6	0	0	
0	0	1	2	0	6	4	0	0	0	0	0	71	115	95	0	1	0	7	121	67	53	124	0	1	0	14	69	41	118	25	0	2	0	48	113	170	62	0	3	1	11	36	96	98	7	0	0	0	121	165	104	7	0	1	0	0	1	0	0	2	1	0	0	
0	1	0	29	52	0	1	0	0	4	0	131	122	0	3	0	0	0	0	170	34	0	1	0	2	0	36	187	156	48	0	2	3	0	50	255	168	157	0	2	1	0	22	231	235	104	0	3	0	1	0	47	52	0	1	0	0	0	1	1	0	2	0	0	
0	0	1	2	0	0	1	0	0	1	0	6	158	106	0	0	1	0	3	182	135	139	128	0	4	0	130	160	0	59	167	0	0	10	206	47	0	116	110	0	0	78	174	1	147	155	3	0	0	43	170	171	105	2	0	0	0	0	6	4	0	2	1	0	
0	0	1	2	0	0	0	0	0	1	0	12	91	127	14	0	1	0	16	181	153	76	5	0	2	0	45	184	0	0	0	0	0	2	0	103	161	15	0	1	0	0	13	0	145	135	0	4	2	0	34	156	165	57	0	2	0	0	0	50	33	0	1	0	
0	0	2	0	0	0	1	0	0	2	0	74	197	177	51	0	3	0	106	225	62	105	192	0	0	24	239	63	0	4	172	28	0	109	181	0	0	59	199	9	0	159	156	0	114	230	58	0	0	62	193	188	163	34	0	2	0	0	1	3	0	1	2	0	
0	0	1	0	18	41	0	1	0	1	0	17	202	132	0	3	1	0	0	195	121	0	3	0	3	0	97	203	18	11	0	0	3	0	171	253	195	226	48	0	4	0	135	234	238	192	13	0	1	0	14	131	107	4	0	1	0	0	0	0	0	2	1	0	
0	1	1	0	0	0	1	1	2	0	51	151	118	72	8	0	0	7	202	98	28	118	156	0	0	86	146	0	6	0	153	61	0	141	77	0	0	49	174	19	0	132	152	55	137	178	49	0	0	14	129	149	90	6	0	1	0	0	0	0	0	2	2	0	
0	0	1	0	27	7	0	0	0	1	0	33	197	14	0	1	1	0	0	200	165	0	3	0	2	0	24	206	127	0	4	0	0	3	0	84	161	14	0	1	2	0	25	202	250	174	0	1	2	0	30	133	63	3	2	0	0	0	0	0	0	0	0	0	
0	0	0	0	12	2	0	0	1	0	20	97	123	116	0	2	2	0	55	78	112	83	0	2	1	0	30	152	188	68	0	2	1	0	25	30	0	142	17	0	0	54	23	0	74	138	0	1	0	43	123	133	128	20	0	1	0	0	4	10	0	1	0	0	
1	2	0	0	0	0	0	0	0	0	4	26	30	12	0	0	30	153	123	161	181	203	11	0	22	54	4	0	87	219	1	0	0	0	3	0	182	125	0	4	1	3	0	12	228	66	0	3	0	3	0	59	246	26	0	2	0	2	0	50	164	3	0	1	
0	0	0	1	0	0	1	1	0	1	0	33	126	86	98	32	0	0	0	131	70	42	16	0	2	0	56	185	78	16	0	1	0	0	9	39	69	114	0	3	0	47	121	45	89	114	0	3	1	0	84	180	129	11	0	1	0	0	0	0	0	1	0	0	
0	0	0	0	0	0	0	0	0	0	0	76	136	123	7	0	0	0	0	200	234	177	10	0	2	0	58	180	192	66	0	3	0	6	190	33	52	139	0	3	0	13	183	35	91	165	0	3	3	0	86	200	173	64	0	2	0	0	8	5	0	0	0	0	
0	0	1	3	2	4	1	0	0	5	3	0	0	0	0	0	0	8	13	76	60	122	56	0	3	0	146	199	57	166	65	0	0	42	166	0	30	135	0	1	0	6	9	0	115	57	0	2	0	1	0	44	131	0	2	0	0	3	0	78	42	0	1	0	
0	1	1	0	0	0	2	0	1	0	26	123	59	23	2	1	0	32	168	68	51	109	93	0	0	124	87	0	3	0	167	41	0	142	76	0	5	0	152	49	0	64	194	58	38	135	120	0	1	0	67	151	148	84	7	0	0	1	0	0	0	0	2	0	
0	0	1	0	68	30	0	1	0	3	0	85	126	1	0	1	1	0	15	155	9	0	2	0	3	0	86	103	0	20	1	0	4	0	123	94	75	108	98	0	4	0	111	182	82	114	72	0	0	0	5	62	75	29	0	1	0	0	0	0	0	0	2	0	
0	2	4	1	0	0	0	0	0	0	0	4	9	8	0	0	0	68	162	149	202	174	0	3	0	84	126	0	172	102	0	3	0	20	141	165	236	162	73	0	0	4	0	91	178	13	10	0	0	3	0	83	181	0	2	0	0	2	0	68	151	0	1	0	
0	0	0	1	0	0	0	0	0	1	0	14	92	46	0	1	0	2	0	143	138	94	5	0	2	0	61	135	48	153	3	0	4	0	125	141	187	133	0	4	1	0	29	64	153	18	0	1	0	2	0	131	86	0	3	0	0	0	9	86	4	0	0	0	
0	0	0	2	1	3	2	1	0	0	0	10	67	0	1	0	0	3	0	86	148	60	60	26	2	0	37	130	111	80	22	5	0	0	156	43	0	2	0	0	0	1	65	156	169	2	1	1	1	0	30	111	45	0	1	0	0	0	3	1	0	0	0	0	
0	0	0	1	0	0	0	0	0	1	0	21	80	16	0	1	0	0	0	148	121	63	0	1	2	0	65	102	11	143	4	0	4	0	113	112	206	102	0	3	1	0	16	90	148	0	0	0	0	0	0	125	49	0	2	0	1	0	27	61	0	2	0	0	
0	1	0	0	3	3	0	0	2	0	51	93	2	0	0	0	0	16	222	255	178	61	0	2	0	49	250	185	255	215	4	0	0	31	234	248	253	246	40	0	3	0	90	164	179	255	45	0	0	0	3	0	68	220	26	0	0	0	2	3	9	10	0	0	
0	0	0	0	2	17	4	0	0	1	0	26	117	86	9	0	0	0	0	132	41	4	11	0	0	0	13	116	6	91	15	0	0	1	0	119	127	31	0	1	1	0	14	179	77	0	3	0	0	1	79	101	35	0	1	0	0	1	3	1	1	0	0	0	
0	0	1	0	1	1	0	0	0	0	0	17	13	0	0	0	2	0	50	71	83	9	0	0	0	0	84	0	78	74	0	3	0	9	66	0	88	52	0	2	0	0	4	0	98	24	0	1	0	0	0	7	90	0	0	0	0	1	0	25	49	0	1	0	
0	0	0	0	0	0	0	0	0	1	0	48	158	116	1	0	0	3	0	112	48	138	59	0	0	0	12	53	38	167	35	0	0	79	88	48	157	209	56	0	35	173	80	114	100	74	101	0	5	37	56	40	0	26	9	0	0	0	0	0	2	1	0	0	
0	0	0	5	27	0	0	0	0	2	0	78	198	22	0	1	2	0	43	143	157	46	0	2	1	0	34	48	152	4	0	0	0	3	0	70	142	0	3	0	0	2	80	185	108	23	3	0	0	0	76	133	127	48	0	1	0	0	0	0	0	0	0	0	
0	3	2	0	0	1	1	0	0	0	0	15	36	20	0	0	0	90	168	136	137	170	60	0	25	173	60	3	0	110	117	0	0	0	1	0	22	204	37	0	0	2	4	0	153	105	0	3	0	2	0	120	125	0	3	0	1	0	35	133	3	1	0	0	
0	0	1	1	0	0	0	0	0	2	0	72	71	20	15	0	1	0	7	195	194	197	146	0	3	0	157	152	0	3	18	0	2	0	100	169	185	54	0	2	0	0	6	0	176	109	0	4	4	0	121	226	132	6	0	1	1	0	22	39	0	0	0	0	
0	2	3	0	0	1	2	0	0	0	0	12	27	15	0	0	1	41	125	147	128	173	62	0	6	95	55	6	0	120	120	0	0	0	2	0	45	182	15	0	0	5	0	42	175	38	0	2	2	0	39	177	46	0	3	0	2	0	109	54	0	4	0	0	
0	1	0	0	0	0	0	0	0	0	65	97	92	88	9	0	0	63	178	85	101	105	12	0	0	127	108	91	131	127	36	0	0	91	182	66	33	70	169	12	1	0	23	49	0	15	181	38	1	0	25	162	151	165	70	0	0	0	0	4	13	3	0	0	
0	0	0	0	1	1	0	0	0	0	0	3	0	107	46	0	0	0	2	0	48	158	0	0	0	0	1	1	168	53	0	2	0	2	0	135	109	0	3	0	3	0	100	147	0	2	0	0	0	22	127	9	0	1	0	0	0	3	4	1	1	0	0	0	
0	0	1	0	0	0	0	0	1	0	16	86	61	24	0	1	3	0	87	132	121	30	0	1	3	0	116	53	168	102	9	0	4	0	106	219	235	130	0	0	1	0	5	172	131	0	2	0	0	2	0	67	119	0	1	0	0	0	1	2	0	0	0	0	
0	0	0	0	0	0	1	0	2	0	54	62	115	90	0	1	4	0	156	255	159	176	83	0	0	0	211	204	0	68	151	0	0	33	207	39	0	66	157	0	0	34	215	12	0	167	114	0	0	0	186	176	196	174	0	0	1	0	17	62	55	7	0	0	
0	0	1	0	1	4	0	0	0	2	0	88	215	47	0	2	2	0	36	212	222	65	0	3	4	0	131	122	71	159	0	4	1	0	199	36	75	181	0	3	2	0	180	118	168	117	0	4	2	0	31	195	152	4	0	1	0	0	1	0	0	0	0	0	
0	0	0	0	0	0	0	0	0	1	0	26	121	0	1	0	0	1	0	34	177	0	1	0	0	3	0	88	161	0	3	0	0	4	0	153	141	0	4	0	0	3	0	174	117	0	4	0	0	3	0	141	79	0	3	0	0	0	0	1	0	0	0	0	
0	0	7	51	0	1	0	0	2	0	51	132	0	4	1	0	2	0	59	99	0	28	1	0	3	0	95	80	69	162	33	0	3	0	82	105	117	41	76	0	1	0	9	164	208	131	47	0	0	0	0	12	62	29	0	1	0	0	1	1	0	0	1	0	
0	0	0	16	4	0	0	0	1	0	125	218	170	30	0	2	0	0	71	41	112	173	0	2	0	0	1	0	21	202	20	5	0	0	84	125	134	241	148	43	0	68	255	136	220	183	19	0	0	35	110	7	80	36	0	2	0	0	0	3	0	2	2	0	
0	0	1	0	0	0	1	0	0	0	5	142	180	116	1	0	2	0	165	189	8	157	108	0	0	56	224	16	0	29	144	0	0	123	181	0	0	16	157	5	0	73	219	51	64	186	107	0	0	0	118	180	161	77	0	1	0	1	0	0	0	0	2	0	
0	0	0	0	0	0	0	0	0	9	88	130	110	9	0	1	0	86	99	132	239	18	0	1	3	0	65	205	196	106	0	3	4	6	44	32	1	193	47	0	3	8	17	0	4	193	44	0	2	0	159	94	149	133	0	3	1	0	23	59	52	6	0	0	
0	0	0	0	0	0	0	0	0	1	0	22	101	0	1	0	0	1	0	44	150	0	2	0	0	1	0	34	116	0	3	0	0	1	0	44	133	0	3	0	0	2	0	46	144	0	3	0	0	1	0	35	112	0	2	0	0	0	0	0	0	0	0	0	
0	0	1	0	0	0	5	9	0	0	1	25	75	120	110	55	3	0	83	230	137	48	5	0	0	3	200	206	128	20	0	2	0	12	80	3	83	175	0	2	0	13	174	5	107	175	0	2	2	0	88	181	160	27	0	1	0	0	0	5	0	0	0	0	
1	1	0	0	0	0	0	0	0	3	18	19	15	1	0	0	19	125	126	115	167	57	0	2	12	22	0	0	132	75	0	3	0	0	4	0	159	73	0	3	0	1	3	0	148	59	0	2	0	0	3	0	141	44	0	2	0	0	2	0	98	38	0	1	
0	0	0	14	41	0	1	0	0	1	0	58	115	0	3	0	0	3	0	116	71	0	2	0	1	0	17	147	38	104	1	0	3	0	76	109	131	184	0	0	3	0	56	217	215	40	0	2	0	0	1	74	38	0	1	0	0	0	0	0	1	2	0	0	
0	0	0	0	0	1	2	0	1	0	32	20	0	80	43	0	4	0	139	79	0	148	14	0	0	71	208	18	40	147	0	3	0	108	209	95	109	116	2	3	0	5	5	51	165	175	68	0	0	0	3	0	63	53	0	2	0	1	0	3	2	1	2	0	
0	0	3	3	0	0	0	0	0	0	0	0	6	9	0	0	0	10	97	141	192	149	0	3	0	34	127	28	131	119	0	4	0	0	1	0	176	54	0	2	0	3	0	49	182	0	0	0	0	4	0	127	134	0	4	0	0	3	0	114	57	0	2	0	
0	1	0	17	17	0	1	0	0	3	0	142	66	0	2	0	1	0	38	145	0	1	0	0	3	0	87	73	104	85	0	2	3	0	61	120	155	156	9	0	1	0	16	133	172	134	0	3	0	2	0	50	122	12	0	1	0	0	1	1	0	1	0	0	
0	0	0	0	0	0	0	0	0	0	0	78	131	49	0	1	3	0	80	211	233	131	0	3	1	0	18	168	244	36	0	2	0	2	0	143	123	143	0	2	2	0	53	177	3	178	12	0	1	0	19	179	182	137	0	2	0	1	0	26	60	5	0	0	
0	0	0	0	0	0	0	0	1	0	28	80	81	69	13	0	1	0	78	88	71	180	35	0	0	2	0	35	156	33	0	2	0	2	0	42	120	85	0	1	8	3	0	0	9	139	11	0	39	115	101	103	126	72	0	2	0	14	27	14	2	0	0	0	
0	0	1	2	0	0	0	0	0	0	0	2	12	1	0	0	1	0	17	123	221	52	0	2	2	0	185	185	170	77	0	3	0	0	64	17	123	77	0	3	0	0	3	0	164	57	0	2	0	0	4	0	164	34	0	1	0	0	0	2	130	17	0	1	
0	0	0	0	1	0	0	0	0	2	0	80	27	0	1	0	0	3	0	89	102	0	3	0	0	1	0	37	158	0	2	0	0	1	0	31	138	0	2	0	0	1	0	17	140	1	0	0	0	0	0	8	133	7	0	0	0	0	0	0	0	0	0	0	
0	0	1	1	0	0	1	0	0	1	0	50	154	81	0	2	2	0	38	217	185	212	27	0	4	0	132	112	0	90	108	0	1	0	193	79	0	74	114	0	0	12	174	15	0	121	104	0	0	2	171	45	117	198	12	0	1	0	32	40	58	21	0	1	
1	0	23	46	0	1	0	0	4	0	103	124	0	6	3	0	2	0	168	64	0	2	0	0	0	13	174	7	24	71	69	6	0	5	185	132	138	85	146	133	3	0	94	233	114	92	132	62	0	1	0	27	77	67	17	0	0	0	2	0	0	0	1	2	
0	0	0	0	1	0	0	0	0	0	2	0	103	23	0	1	0	0	0	8	153	9	0	0	0	2	0	47	170	0	1	0	0	3	0	90	156	0	3	0	0	3	0	82	119	0	4	0	0	3	0	74	96	0	3	0	0	0	0	1	0	0	0	0	
0	0	1	1	0	1	0	0	0	1	0	32	22	0	34	11	1	0	32	149	3	85	159	0	1	0	146	36	19	209	53	0	0	0	146	135	180	59	0	2	1	0	1	180	87	0	4	0	2	0	41	171	10	0	1	0	1	0	25	94	8	0	0	0	
0	0	0	30	10	0	0	0	2	0	39	168	146	1	1	1	0	0	12	0	144	75	0	3	0	0	15	5	96	127	26	30	0	19	174	141	208	183	96	18	0	50	206	68	189	14	0	1	2	0	83	146	40	0	4	1	0	0	0	0	1	1	0	0	
0	0	0	2	1	0	5	3	0	0	2	0	59	101	95	12	0	3	0	69	206	76	3	0	1	0	7	156	25	0	1	0	1	0	32	182	6	0	1	0	0	2	0	72	185	38	0	2	0	6	86	97	124	27	0	1	0	0	10	14	0	0	0	0	
0	0	0	0	0	0	0	0	0	40	123	135	117	21	0	1	0	46	64	88	242	61	0	3	1	0	106	200	229	66	0	2	5	8	48	26	45	199	59	0	4	32	22	0	0	168	115	0	0	41	174	141	182	186	15	0	1	0	14	44	44	6	0	0	
0	0	0	0	0	0	0	0	0	0	1	0	55	8	0	0	0	0	9	68	103	18	0	1	1	0	31	77	113	46	0	1	2	0	34	140	169	38	0	1	0	0	0	30	112	0	1	0	0	0	0	10	104	0	0	0	0	0	0	3	15	0	0	0	
0	0	1	1	1	0	0	0	0	0	1	0	12	62	0	1	0	0	13	3	76	105	0	4	2	0	146	74	120	48	0	2	1	0	58	125	212	81	0	2	0	2	0	64	138	0	2	0	0	3	0	109	81	0	3	0	0	1	0	19	8	0	0	0	
0	1	0	7	60	4	1	0	1	0	5	136	76	0	2	0	2	0	130	77	6	124	42	0	0	47	110	6	138	77	116	0	0	77	89	109	25	0	127	7	0	40	173	88	45	119	75	0	1	0	43	71	75	40	0	0	0	1	0	0	0	0	2	0	
0	0	2	1	0	0	0	0	0	1	0	30	97	115	94	31	1	0	34	188	100	60	40	16	0	0	195	212	103	31	0	1	0	1	23	14	67	188	2	0	0	2	15	39	128	182	0	1	0	41	174	144	109	23	0	1	0	3	5	0	0	1	0	0	
0	1	0	17	54	4	0	0	0	0	0	167	236	84	0	4	0	0	7	92	88	141	0	4	0	0	6	0	123	160	0	4	0	36	170	162	201	58	0	3	0	107	218	209	244	138	18	0	0	3	91	64	14	114	50	0	0	0	0	0	0	0	0	0	
0	0	0	15	56	0	1	0	0	2	0	57	113	0	3	0	0	3	0	139	67	21	4	0	1	0	40	142	118	212	26	0	4	0	93	147	144	131	10	0	3	0	71	247	207	62	0	2	0	0	0	59	44	0	1	0	0	0	1	0	0	2	0	0	
0	0	0	0	0	0	0	0	0	5	39	56	53	8	0	0	0	2	37	58	105	77	0	3	0	0	3	0	102	49	0	2	0	1	0	19	134	0	0	0	0	2	0	68	109	0	3	0	0	3	0	104	67	0	2	0	0	1	0	42	11	0	0	0	
0	0	1	3	4	2	0	0	0	1	9	0	0	0	0	0	0	37	226	101	128	86	0	2	0	20	96	96	128	155	0	3	0	0	4	0	131	122	0	4	0	1	1	13	201	36	0	2	0	3	0	90	165	0	3	0	0	3	0	89	82	0	2	0	
0	0	0	0	0	0	0	0	0	3	0	83	108	0	3	0	0	3	0	100	154	0	4	0	0	3	0	72	144	0	3	0	0	2	0	58	191	0	1	0	0	1	0	22	201	14	0	1	0	1	0	26	170	11	0	1	0	0	0	1	1	0	0	0	
0	0	0	0	0	0	0	0	0	0	0	77	106	12	5	0	3	0	88	184	151	170	16	0	1	0	1	143	231	23	0	2	1	0	22	184	143	89	0	3	4	0	107	130	71	143	0	4	2	0	56	183	179	48	0	2	0	1	0	41	33	0	1	0	
0	0	0	2	1	0	0	0	0	0	3	0	38	13	0	0	0	2	0	45	166	66	0	3	2	0	99	130	84	81	0	3	0	0	93	105	165	35	0	2	0	1	0	22	148	0	0	0	0	2	0	54	116	0	3	0	0	1	0	16	36	0	1	0	
0	0	3	0	0	1	0	0	0	0	0	26	67	13	0	1	0	1	107	132	188	112	0	4	0	53	229	101	89	136	0	3	0	4	29	0	94	126	0	4	0	0	3	0	168	73	0	3	0	1	0	7	186	26	0	1	0	0	0	11	91	4	0	0	
0	0	0	0	7	6	0	0	0	0	1	3	104	98	2	0	0	1	0	25	68	36	40	0	1	0	31	105	129	67	38	0	0	33	103	55	101	2	5	0	0	32	74	13	92	0	2	0	1	0	35	103	69	0	2	0	0	1	0	5	2	0	0	0	
0	0	0	0	0	1	0	0	1	0	10	113	129	41	0	2	4	0	119	234	105	156	5	0	4	0	145	79	0	140	48	0	3	0	132	82	0	145	31	0	3	0	142	61	73	174	0	1	3	0	92	208	181	41	0	2	0	0	0	40	12	0	1	0	
0	0	1	1	0	0	0	0	0	1	0	40	9	42	1	0	2	0	40	165	16	125	0	1	4	0	131	66	58	183	1	0	4	0	122	201	216	114	0	1	1	0	8	95	188	0	0	0	0	2	0	65	148	0	2	0	0	0	0	8	8	0	0	0	
0	0	0	0	0	0	0	0	0	1	0	32	109	0	2	0	0	2	0	71	142	0	4	0	0	3	0	95	144	0	4	0	0	3	0	78	151	0	3	0	0	2	0	66	189	0	1	0	0	1	0	33	135	0	1	0	0	0	0	0	0	0	0	0	
0	0	0	1	1	0	0	0	0	1	0	19	158	32	0	2	0	2	0	127	74	0	0	0	2	0	44	125	0	3	0	0	3	0	75	100	0	3	0	0	1	0	27	159	103	114	0	2	0	1	0	33	153	55	0	2	0	0	1	1	0	0	0	0	
0	0	0	6	65	4	0	0	0	3	0	32	156	0	0	0	0	6	0	131	71	0	2	0	1	0	35	139	53	101	0	0	3	0	82	110	148	156	0	0	3	0	62	223	171	44	0	2	0	0	0	56	32	0	1	0	0	0	1	0	1	2	0	0	
0	0	0	0	1	0	0	0	0	1	0	86	125	20	0	1	1	0	35	71	4	16	0	0	1	0	12	74	43	0	1	0	0	0	0	5	100	50	0	2	0	1	0	36	152	28	0	1	1	0	7	108	87	0	2	0	0	0	0	3	2	0	0	0	
0	0	3	2	2	0	0	0	0	0	0	0	1	7	0	0	0	6	110	145	167	138	0	3	0	33	104	18	105	138	0	4	0	0	4	0	123	93	0	3	0	1	4	0	171	39	0	2	0	2	0	60	174	0	2	0	0	3	0	88	88	0	3	0	
0	0	0	0	2	1	0	0	0	84	100	72	10	0	1	0	0	76	95	102	130	8	0	1	0	0	3	0	95	96	0	3	0	3	3	79	194	187	92	0	3	0	69	204	177	20	3	1	1	0	19	67	35	0	1	0	0	0	0	0	1	1	0	0	
0	0	1	0	1	0	0	0	0	0	2	110	46	73	28	0	3	0	135	136	182	132	0	1	2	0	72	214	172	1	0	1	3	0	86	140	89	116	0	3	4	0	134	71	14	160	0	2	2	0	43	160	170	101	0	3	0	1	0	34	57	1	0	0	
0	0	0	0	0	0	0	0	1	0	5	141	159	0	1	0	4	0	109	255	170	0	2	0	1	0	11	133	178	0	2	0	0	0	2	0	153	100	0	3	0	0	100	23	85	197	0	2	1	0	119	168	178	71	0	2	0	0	0	3	3	0	0	0	
0	0	2	1	1	1	0	0	0	1	0	13	11	0	0	0	1	0	41	152	177	75	0	1	0	46	238	121	151	148	0	3	0	33	106	3	119	116	0	2	0	0	2	0	165	73	0	2	0	1	4	0	189	48	0	2	0	0	1	0	129	30	0	1	
0	0	0	0	0	0	0	0	0	0	3	0	90	75	0	3	0	0	2	0	165	51	0	2	0	2	0	45	166	0	1	0	0	3	0	97	121	0	4	0	0	3	0	162	81	0	3	0	0	0	0	125	21	0	1	0	0	0	0	0	0	0	0	0	
0	0	1	1	0	1	0	0	0	1	0	38	149	54	0	2	1	0	14	229	158	160	5	0	2	0	58	192	0	155	42	0	4	0	117	124	0	151	40	0	4	0	139	94	43	175	0	1	3	0	60	180	205	69	0	2	0	1	0	44	41	0	1	0	
0	0	1	1	0	0	0	0	0	1	0	77	33	0	1	0	2	0	56	145	0	0	0	0	4	0	124	146	121	77	3	0	1	0	28	135	217	58	0	1	0	0	0	2	143	9	0	0	0	0	0	21	130	0	0	0	0	0	0	4	18	0	0	0	
0	0	2	0	0	0	0	0	0	0	5	49	56	137	51	0	2	0	120	203	151	140	27	0	0	73	250	162	117	6	0	1	0	25	49	44	154	152	0	3	0	1	43	0	110	159	0	4	2	0	118	155	199	32	0	2	0	0	4	62	27	0	1	0	
0	0	0	0	0	1	1	0	0	0	23	21	19	8	0	0	1	0	80	126	117	164	45	0	0	0	1	0	15	167	24	0	0	0	2	1	150	69	0	2	0	2	0	135	100	0	3	0	3	0	75	151	0	3	0	0	3	0	77	78	0	3	0	0	
0	0	0	12	19	0	1	0	0	3	0	106	78	0	3	0	1	0	3	176	29	45	11	0	3	0	70	146	60	245	20	0	4	0	130	82	181	188	0	2	4	0	107	197	223	50	0	2	1	0	5	110	100	0	1	0	0	0	0	0	0	1	0	0	
0	0	0	1	1	1	0	0	0	0	6	2	0	0	0	0	4	0	101	155	150	55	0	2	2	0	117	32	56	83	0	3	1	0	68	4	53	80	0	3	0	0	2	0	69	77	0	3	0	0	5	0	100	61	0	2	0	0	2	0	54	41	0	2	
0	0	2	0	0	0	0	0	0	1	0	74	97	91	20	0	3	0	90	144	162	115	0	1	3	0	107	210	175	0	1	0	1	0	28	178	153	77	0	3	4	0	123	90	65	130	0	4	3	0	103	161	179	54	0	2	0	0	4	62	39	0	1	0	
0	0	3	1	0	1	3	0	0	1	0	0	8	7	0	0	2	0	119	231	199	199	123	0	0	59	255	149	33	20	187	54	0	146	151	0	0	34	168	10	0	93	150	0	49	199	51	0	1	0	120	174	184	78	0	3	0	0	4	34	8	0	2	0	
0	0	0	0	0	0	0	0	0	6	62	124	89	0	2	0	0	32	101	168	197	0	1	0	2	0	46	165	152	120	0	2	0	0	7	3	4	188	22	0	0	15	21	0	96	178	0	1	0	33	158	159	188	30	0	2	1	0	18	52	14	0	1	0	
0	0	0	1	0	0	0	0	0	0	0	3	132	16	0	1	0	2	0	53	216	6	0	1	0	3	0	95	188	0	2	0	0	4	0	120	178	0	3	0	0	4	0	115	224	1	0	1	0	2	0	63	183	5	0	1	0	0	0	0	0	0	0	0	
0	0	0	0	0	0	0	0	0	3	86	140	80	0	1	0	0	21	113	46	170	57	0	2	0	0	0	71	220	66	0	2	2	0	54	184	63	174	27	0	0	8	41	0	68	181	8	0	0	0	122	159	177	32	0	2	1	0	15	55	5	0	1	0	
0	2	1	1	3	2	0	0	0	0	0	0	0	0	0	0	1	95	34	24	81	78	0	2	0	66	124	102	102	129	0	2	0	0	1	0	33	118	0	2	0	2	4	0	45	97	0	3	0	0	3	0	79	85	0	3	0	0	3	0	102	38	0	1	
0	0	0	0	0	0	0	0	0	1	101	124	120	22	0	1	0	3	38	48	200	54	0	2	2	0	61	167	184	13	0	1	0	0	12	0	83	129	0	4	0	25	42	0	88	150	0	4	0	7	114	153	184	36	0	2	0	0	1	50	25	0	1	0	
0	0	3	3	2	3	1	0	0	0	0	0	0	0	2	2	0	5	95	66	44	77	20	0	0	30	189	178	230	220	148	51	0	51	158	97	23	25	41	17	0	0	0	81	140	0	2	0	0	10	97	114	97	0	3	1	1	0	41	59	0	0	0	0	
0	0	1	2	0	1	0	0	0	0	1	2	23	4	0	0	0	0	1	112	193	137	0	3	3	0	125	162	188	143	0	4	3	0	155	160	138	107	0	4	0	0	9	0	142	93	0	3	0	0	2	0	172	53	0	2	0	0	0	7	133	15	0	1	
0	0	1	0	0	0	0	0	1	0	15	27	8	50	16	0	4	0	123	255	225	172	26	0	2	0	201	158	21	4	0	0	3	0	69	180	51	0	2	0	0	1	0	48	236	105	0	3	0	2	0	74	246	104	0	3	0	1	0	89	89	0	1	0	
0	0	2	2	0	1	0	0	0	0	0	2	15	3	0	0	1	0	30	123	167	149	0	2	0	0	195	172	166	158	0	3	0	0	75	45	133	73	0	3	0	0	0	2	175	27	0	1	0	2	0	69	153	0	2	0	0	3	0	80	75	0	2	0	
0	0	0	0	1	2	0	0	0	5	21	26	3	0	0	0	0	28	166	188	185	32	0	2	0	0	6	0	130	132	0	4	0	1	2	0	166	95	0	3	0	3	0	89	189	0	0	1	0	4	0	123	78	0	3	0	0	2	0	64	68	0	2	0	
0	0	0	0	0	0	0	0	0	0	3	112	108	93	54	0	3	0	109	255	195	124	62	0	0	2	18	47	163	99	0	3	0	0	1	0	27	201	16	0	3	83	27	0	36	203	13	0	0	85	167	158	225	124	0	3	0	0	6	54	48	0	0	0	
0	0	3	0	0	1	0	0	0	2	0	76	145	20	0	1	0	4	152	211	116	127	0	3	0	38	180	49	0	150	14	0	0	52	101	0	0	132	53	0	0	25	123	0	0	159	43	0	2	0	83	118	158	157	0	0	0	0	0	37	54	4	0	0	
0	0	0	19	4	2	2	0	0	0	0	162	30	0	1	0	2	0	47	193	0	91	45	0	3	0	81	122	66	197	88	0	4	0	104	122	133	129	65	0	4	0	94	176	194	141	1	0	1	0	6	115	85	6	0	0	0	0	0	0	0	2	1	0	
1	0	29	10	0	0	0	0	2	0	90	152	102	16	0	1	0	2	0	99	220	23	0	1	0	3	0	130	175	5	0	1	0	0	2	0	77	166	0	0	0	22	36	55	119	171	1	0	0	62	123	126	102	13	0	1	0	0	0	0	0	1	0	0	
0	0	1	0	0	0	0	0	0	1	3	0	47	57	0	2	0	0	31	0	103	78	0	3	0	20	134	0	137	66	0	2	0	51	162	87	202	78	0	2	0	0	30	53	153	0	0	0	0	1	0	20	103	0	1	0	0	0	2	1	0	0	0	0	
0	0	0	0	0	0	0	0	1	51	96	58	3	1	0	0	11	134	153	225	52	0	4	0	2	0	36	228	137	10	0	1	0	4	1	6	125	183	41	0	1	0	39	64	5	191	139	0	1	0	21	142	177	136	13	0	0	0	0	0	0	0	0	0	
0	0	1	2	0	0	0	0	0	0	2	0	26	41	0	1	1	0	22	57	80	94	0	3	2	0	132	61	97	89	0	3	0	3	173	135	191	110	0	0	0	0	8	11	136	31	0	1	0	1	0	9	138	7	0	0	0	0	0	6	20	0	0	0	
0	0	0	0	3	18	0	0	0	0	2	0	69	117	0	3	0	0	0	1	164	33	0	1	0	3	0	80	103	0	3	0	0	0	0	165	96	0	3	0	2	0	26	202	125	0	3	0	0	0	1	117	33	0	1	0	0	0	0	0	0	0	0	0	
0	0	1	1	1	1	0	0	0	2	4	1	0	22	19	0	0	80	188	0	12	181	46	0	0	28	230	173	150	202	6	0	0	1	28	10	91	184	0	2	0	1	4	0	140	112	0	2	0	0	2	0	170	35	0	1	0	0	0	7	73	3	0	0	
0	2	0	0	0	0	0	0	1	0	30	95	121	70	3	0	0	65	252	225	230	211	10	0	0	183	194	115	92	181	90	0	0	9	60	18	0	32	176	0	0	3	198	45	0	89	169	0	3	0	113	200	161	165	31	0	0	0	0	39	52	2	0	0	
0	0	1	0	0	0	1	0	1	0	8	107	155	66	0	2	3	0	81	255	200	220	26	0	0	0	202	195	140	255	48	0	0	0	214	83	23	219	15	0	4	0	169	123	74	211	0	0	3	0	91	224	251	116	0	4	0	0	0	34	43	2	0	0	
0	1	4	3	3	1	0	0	0	0	0	0	0	0	0	0	0	13	138	190	182	80	0	2	0	28	152	83	144	97	0	3	0	0	3	0	95	68	0	3	0	1	5	0	167	36	0	1	0	2	0	44	148	0	2	0	0	3	0	98	89	0	3	0	
0	0	0	0	0	0	0	0	1	0	42	143	136	28	0	1	0	26	177	124	214	47	0	2	0	5	38	193	240	83	0	0	2	0	59	162	116	212	92	0	0	6	30	1	0	152	103	0	0	83	164	36	119	206	9	0	0	22	48	48	60	26	0	1	
0	0	0	0	0	0	0	0	0	7	52	54	36	3	0	0	0	32	149	134	234	46	0	3	0	4	0	135	162	0	2	0	2	0	53	168	5	0	10	9	3	0	73	196	128	154	162	47	0	0	0	17	36	32	11	0	0	0	1	0	0	0	0	1	
0	0	2	2	0	1	0	0	0	1	0	8	26	3	0	0	2	0	46	134	181	160	0	2	0	20	158	59	199	183	0	3	0	81	206	103	126	109	0	4	0	9	60	0	122	119	0	4	0	0	2	0	181	101	0	2	0	1	2	0	118	16	0	1	
1	0	27	39	0	2	1	1	0	2	135	88	0	0	1	0	0	44	100	0	30	109	88	5	0	40	60	0	142	30	68	50	0	44	81	22	103	0	90	18	0	7	114	92	137	87	44	0	1	0	29	83	106	53	0	2	0	0	1	0	0	0	1	0	
0	0	1	86	16	1	1	0	0	2	0	157	39	0	1	0	1	0	14	145	18	99	21	0	3	0	80	127	76	238	40	0	4	0	131	125	174	175	13	0	4	0	131	248	248	111	0	0	1	0	19	80	48	0	0	0	0	0	0	0	0	2	0	0	
0	0	1	0	0	0	0	0	1	0	18	135	121	112	13	0	4	0	135	168	28	98	18	0	0	6	218	181	138	37	0	2	0	5	118	84	74	223	25	0	0	0	2	0	132	220	7	0	0	11	92	174	184	42	0	2	0	10	58	43	0	1	1	0	
0	0	3	2	0	1	0	0	0	1	0	4	24	2	0	0	2	0	67	125	184	157	0	2	0	61	155	36	173	133	0	4	0	75	181	90	131	62	0	2	0	0	17	0	167	60	0	2	0	1	1	0	174	41	0	2	0	0	2	0	103	13	0	0	
0	0	0	0	0	0	0	0	1	0	27	61	29	8	0	0	3	0	74	117	121	105	0	3	2	0	56	31	46	76	0	3	0	0	11	0	84	43	0	2	0	0	0	95	186	68	0	1	0	1	0	31	126	0	1	0	0	0	0	12	41	0	1	0	
0	0	0	1	0	0	0	0	0	0	0	9	97	0	0	0	0	2	0	51	142	0	3	0	0	3	0	82	141	0	4	0	0	4	0	125	136	0	4	0	0	3	0	177	115	0	6	0	0	1	0	134	39	0	1	0	0	0	0	0	1	0	0	0	
0	0	0	0	0	0	0	0	0	27	59	66	49	0	1	0	0	57	179	137	186	15	0	1	0	2	0	55	139	0	2	0	0	2	0	133	175	42	0	2	0	0	2	0	46	162	0	1	0	0	2	77	94	150	0	1	0	1	0	90	120	24	0	1	
0	0	1	1	0	0	0	0	0	2	0	64	109	107	86	2	2	0	43	194	84	43	26	1	4	0	118	182	117	53	0	2	0	4	45	11	51	189	0	0	0	26	121	0	133	162	0	2	0	2	115	167	184	17	0	1	1	0	19	59	10	0	1	0	
0	1	0	29	64	0	2	0	0	0	0	188	103	0	4	0	4	0	116	138	0	39	0	0	0	7	153	73	197	214	86	0	0	19	163	163	33	47	191	0	3	0	119	233	151	188	88	0	0	0	0	43	73	23	0	1	0	0	2	0	0	1	2	0	
0	0	0	7	10	0	1	0	2	0	54	165	153	112	0	1	1	0	26	28	0	174	56	0	0	0	0	1	43	199	45	0	0	4	82	172	185	204	0	1	0	67	233	145	226	91	0	2	0	18	146	171	93	0	2	0	0	0	5	8	0	3	0	0	
0	0	2	0	0	1	0	0	0	1	0	30	73	18	0	1	3	0	75	182	116	147	0	0	0	2	175	20	22	191	8	0	2	0	129	103	168	182	0	3	1	0	19	73	143	95	0	3	0	0	1	1	161	24	0	1	0	0	0	14	76	0	0	0	
0	1	0	42	37	0	1	0	0	3	0	131	70	0	3	0	1	0	18	162	19	39	0	0	3	0	97	124	93	189	51	0	4	0	129	221	166	166	49	0	3	0	59	248	232	101	0	2	0	1	0	39	35	0	1	0	0	0	1	0	0	3	0	0	
0	1	0	16	6	0	0	0	1	0	15	213	92	0	5	0	1	0	188	228	14	0	1	0	0	33	255	139	140	223	143	0	0	37	243	237	254	255	188	0	0	5	210	255	255	205	29	0	1	0	34	118	104	13	0	1	0	1	1	0	0	1	2	0	
0	0	2	52	5	3	1	0	1	0	19	147	0	0	0	0	3	0	69	130	21	140	30	0	4	0	118	121	138	128	88	0	2	0	173	239	76	131	38	0	3	0	134	255	191	86	0	2	0	0	3	52	36	0	1	0	0	0	1	0	0	2	0	0	
0	0	0	0	0	0	0	0	0	14	139	147	32	0	1	0	0	119	148	174	183	0	4	0	2	2	33	208	227	84	0	1	0	0	14	26	43	173	117	0	3	0	86	91	0	84	180	0	1	0	20	147	189	217	66	0	0	0	0	0	46	28	0	1	
0	0	1	1	0	0	0	0	0	0	0	0	14	9	0	0	0	2	143	135	152	115	0	4	0	53	100	0	95	82	0	3	0	3	3	0	146	36	0	1	0	1	0	34	176	8	0	1	0	3	0	81	139	0	3	0	0	3	0	83	63	0	2	0	
0	0	0	1	99	74	0	2	0	1	1	12	57	164	41	0	1	1	0	4	0	103	93	0	0	13	90	120	9	130	63	0	10	117	46	76	230	127	0	2	35	146	85	121	149	160	39	0	0	42	64	19	0	14	4	0	0	0	0	0	3	1	0	0	
0	1	0	0	2	0	0	0	1	0	36	136	31	88	38	0	0	57	219	75	118	155	5	0	0	16	73	146	187	1	0	1	0	4	0	121	219	79	0	3	0	2	0	132	85	145	0	3	0	3	0	91	217	103	0	3	0	0	0	4	46	5	0	0	
0	0	0	2	47	12	0	1	0	1	0	132	142	12	0	1	2	0	57	157	0	14	0	0	4	0	106	78	122	178	0	0	4	0	100	153	128	153	26	0	2	0	52	206	158	167	0	1	0	1	0	59	148	39	0	2	0	0	1	0	0	1	0	0	
0	0	0	0	0	0	0	0	0	0	0	10	97	0	0	0	0	1	0	24	155	0	0	0	0	2	0	47	147	0	2	0	0	3	0	73	134	0	4	0	0	3	0	120	94	0	3	0	0	1	0	114	24	0	1	0	0	0	0	1	1	0	0	0	
0	2	11	5	1	0	0	0	0	24	141	146	137	12	0	1	0	1	0	45	235	32	0	2	0	3	0	161	151	0	3	0	0	1	0	42	179	74	0	3	0	1	31	0	173	159	0	4	0	9	136	141	172	17	0	1	0	0	6	13	0	0	0	0	
0	1	0	44	17	0	1	0	0	1	0	154	31	0	1	0	1	0	39	150	14	55	0	0	3	0	79	142	127	193	17	0	4	0	114	227	121	126	0	1	3	0	57	250	197	24	0	1	0	1	0	48	35	0	1	0	0	0	1	0	1	1	0	0	
0	0	0	0	0	1	0	0	0	0	60	141	102	0	0	0	0	67	157	89	205	76	0	3	0	2	4	0	156	84	0	3	0	2	0	78	241	78	0	3	0	0	4	51	85	206	15	0	2	0	54	133	78	178	9	0	0	0	1	55	66	18	0	1	
0	2	0	0	0	0	0	0	0	1	9	3	14	5	0	0	0	99	186	162	198	131	0	3	1	71	24	1	107	151	0	4	0	0	3	0	175	79	0	3	0	3	0	24	197	15	0	1	0	3	0	97	167	0	3	0	0	3	0	103	96	0	3	0	
0	0	1	0	0	0	0	0	1	0	6	131	87	25	16	0	3	0	149	194	197	176	47	0	0	2	209	203	231	36	0	2	3	0	129	255	193	199	24	0	1	0	11	205	27	194	115	0	0	2	0	85	200	213	45	0	0	0	1	0	36	35	0	1	
0	0	1	0	0	0	0	0	0	1	0	70	129	43	0	1	3	0	84	121	182	92	0	3	3	0	82	146	134	0	1	0	0	3	0	116	198	39	0	2	0	2	0	111	133	98	0	4	0	1	0	161	161	6	0	1	0	1	0	26	23	0	1	0	
0	0	0	0	3	1	0	0	1	0	27	159	168	132	22	0	1	0	36	82	15	199	49	0	0	2	3	0	179	124	0	3	0	1	0	131	130	0	2	0	0	34	194	205	24	27	4	0	0	147	126	69	123	94	1	0	0	0	0	0	0	0	0	0	
0	0	0	0	0	0	0	0	0	0	2	75	120	52	0	0	4	0	90	173	176	80	0	1	1	0	9	203	170	0	1	0	1	0	28	121	93	118	0	3	3	0	80	103	22	165	0	2	2	0	38	155	172	72	0	3	0	1	0	42	49	0	0	0	
0	0	0	0	0	0	0	0	0	1	0	16	121	0	0	0	0	1	0	26	148	0	1	0	0	1	0	36	145	0	2	0	0	2	0	50	131	0	3	0	0	3	0	87	138	0	3	0	0	3	0	79	116	0	2	0	0	0	0	0	0	0	0	0	
0	0	0	0	0	0	0	0	0	0	1	20	111	0	1	0	0	2	0	48	160	0	2	0	0	3	0	85	129	0	4	0	0	4	0	116	112	0	3	0	0	4	0	146	101	0	3	0	0	3	0	104	54	0	2	0	0	0	0	0	0	0	0	0	
0	0	0	2	3	2	0	0	0	0	5	2	0	0	0	0	3	0	107	122	70	69	0	2	3	0	84	54	145	80	0	3	2	0	39	96	131	48	0	2	0	0	1	102	182	25	0	1	0	0	0	10	99	0	0	0	0	0	0	18	68	0	1	0	
0	0	0	0	0	0	0	0	1	0	9	99	120	58	1	0	1	0	20	198	213	96	9	0	0	2	0	144	200	37	0	2	1	0	17	119	40	159	0	1	2	0	55	121	25	174	0	0	1	0	29	164	180	60	0	2	0	1	0	40	44	0	1	0	
0	0	0	1	0	0	0	0	0	0	2	0	55	60	0	2	0	2	0	53	103	15	0	1	1	0	32	84	63	56	0	2	2	0	110	96	141	9	0	1	1	0	16	74	86	0	2	0	0	2	0	40	106	2	0	1	0	0	1	4	33	3	0	0	
0	0	3	13	4	0	0	0	2	0	69	133	159	18	0	1	0	0	14	99	174	4	0	1	0	4	122	152	161	31	0	2	0	0	2	0	49	164	0	0	0	10	24	0	50	186	10	0	0	7	118	140	171	48	0	2	0	0	4	13	2	0	0	0	
0	0	0	0	0	0	0	0	4	40	87	105	88	5	0	0	40	81	50	17	94	84	0	3	0	0	1	0	114	44	0	2	0	9	22	102	149	90	3	0	0	0	129	66	0	124	61	0	1	0	21	128	101	120	11	0	0	1	0	4	51	20	0	1	
0	0	0	0	0	1	0	0	0	23	18	11	8	0	0	0	3	131	169	172	198	135	0	3	0	0	5	0	82	169	0	3	0	1	4	0	114	135	0	4	0	0	4	0	156	110	0	4	0	0	0	0	204	60	0	3	0	0	0	3	151	31	0	1	
0	1	0	0	0	1	0	0	1	0	51	101	98	7	0	0	0	79	135	90	208	49	0	2	0	25	78	141	82	153	44	0	0	0	5	7	0	67	96	0	0	1	51	6	0	105	77	0	1	0	148	125	130	143	4	0	1	0	15	67	52	4	0	0	
0	0	0	0	0	0	0	0	0	2	0	45	83	0	2	0	0	2	0	60	139	0	4	0	0	3	0	76	151	0	4	0	0	3	0	102	141	0	4	0	0	4	0	134	100	0	3	0	0	3	0	108	56	0	2	0	0	0	0	0	0	0	0	0	
0	0	0	0	0	0	0	0	0	1	0	18	102	124	63	9	0	3	0	154	228	223	206	3	0	5	0	83	254	190	21	0	2	0	30	206	255	64	0	3	0	40	199	211	205	7	0	1	0	86	232	147	47	0	2	0	0	0	24	6	0	1	0	0	
0	0	0	0	0	0	0	0	1	0	62	150	124	7	0	2	0	0	31	9	111	95	0	3	0	0	3	0	88	98	0	37	0	1	87	149	223	179	131	56	0	16	197	203	114	26	15	0	1	0	36	32	0	1	1	2	0	0	0	0	3	2	1	0	
0	0	2	14	3	0	1	0	2	0	85	136	127	37	0	2	0	0	34	0	22	134	10	0	0	1	0	40	23	127	38	0	2	0	83	100	118	168	0	1	0	46	109	0	108	97	0	2	0	19	109	104	49	0	1	0	0	0	8	5	0	3	0	0	
0	2	1	2	1	0	0	0	0	0	0	0	3	5	0	0	0	100	175	144	191	146	0	3	1	91	35	19	134	138	0	4	0	0	2	0	182	66	0	3	0	4	0	33	198	12	0	1	0	3	0	83	167	0	3	0	0	2	0	74	128	0	3	0	
0	0	0	2	0	20	14	0	0	0	3	0	56	226	83	0	0	3	0	75	205	51	8	0	1	0	24	188	50	2	1	0	3	0	150	199	131	201	31	0	1	0	201	225	160	148	2	0	1	0	33	124	97	8	0	1	0	0	0	0	0	2	1	0	
0	0	0	0	1	0	0	0	0	0	3	0	103	49	0	2	0	0	0	3	177	32	0	1	0	2	0	49	175	0	1	0	0	3	0	101	139	0	4	0	0	4	0	162	100	0	3	0	0	3	0	120	53	0	2	0	0	0	0	0	0	0	0	0	
0	0	0	0	0	0	0	0	0	0	50	91	130	0	0	0	0	0	88	125	159	0	2	0	0	1	0	31	149	0	2	0	0	1	0	36	150	0	2	0	0	1	0	40	160	0	1	0	2	0	41	167	193	31	0	2	0	0	4	9	2	1	0	0	
0	0	1	2	0	0	0	0	0	0	0	6	14	31	69	34	1	0	7	141	137	130	89	15	3	0	150	189	73	1	0	0	1	0	47	44	146	91	0	4	0	9	10	0	148	82	0	3	0	15	116	164	111	0	1	0	0	0	4	6	0	1	0	0	
0	0	0	2	0	29	8	0	0	0	2	0	60	153	0	0	0	1	0	26	169	26	0	1	0	2	0	162	166	71	5	0	2	0	66	156	47	182	6	0	4	0	129	110	127	77	0	3	2	0	33	142	66	0	2	0	0	0	0	0	0	2	0	0	
0	0	0	5	13	0	1	0	0	1	0	148	141	0	2	0	2	0	39	190	124	135	0	1	4	0	109	117	0	159	33	0	3	0	159	61	0	151	37	0	3	0	113	164	107	190	8	0	0	0	2	119	154	44	0	2	0	0	1	0	0	1	0	0	
0	0	1	1	0	0	0	0	0	1	0	41	4	20	18	0	1	0	33	168	0	130	53	0	4	0	140	81	0	161	5	0	3	0	122	158	181	133	0	3	0	0	2	17	160	37	0	1	0	1	0	35	136	0	2	0	0	1	0	28	51	0	1	0	
0	0	1	2	0	0	0	0	0	0	0	11	67	7	0	0	0	0	5	117	208	81	0	3	4	0	100	137	178	89	0	4	2	0	55	122	132	63	0	3	0	0	3	0	135	55	0	2	0	0	1	4	159	17	0	1	0	0	0	10	63	0	0	0	
1	0	5	92	95	0	0	0	2	0	45	107	173	75	0	3	0	0	4	0	67	159	0	3	0	0	2	0	68	157	0	3	0	1	56	49	165	92	0	3	0	26	242	255	222	175	15	0	0	0	56	59	0	56	15	0	0	0	0	0	0	0	0	0	
0	0	0	0	0	0	0	0	1	0	5	96	107	47	0	1	3	0	148	145	185	78	0	2	0	1	9	165	169	0	3	0	0	1	0	115	141	86	0	3	0	0	14	131	40	151	0	2	0	1	0	136	183	94	0	3	0	1	0	20	52	0	0	0	
0	0	1	0	0	0	0	0	0	0	6	4	0	64	7	0	2	0	99	32	2	122	0	0	0	22	162	0	57	155	0	3	0	5	150	146	190	156	0	3	0	0	4	6	73	118	0	4	0	0	5	0	112	77	0	3	0	0	1	0	15	6	0	0	
0	0	0	0	0	0	0	0	0	1	96	124	95	11	0	1	0	2	40	36	182	75	0	3	2	0	54	154	195	64	0	2	1	0	22	29	18	165	2	0	0	15	49	0	73	144	0	2	0	4	129	120	158	19	0	1	1	0	14	62	16	0	1	0	
0	0	0	0	0	1	3	0	1	0	104	159	145	45	0	2	0	0	53	58	134	246	107	0	0	130	176	0	0	72	235	31	0	151	173	0	0	29	233	45	0	42	245	125	78	221	123	0	1	0	58	165	124	45	0	0	0	1	0	0	0	0	2	0	
0	0	0	0	1	0	0	0	0	0	1	0	91	17	0	1	0	0	0	10	155	6	0	0	0	2	0	48	147	0	3	0	0	3	0	88	127	0	4	0	0	4	0	133	83	0	3	0	0	3	0	106	69	0	2	0	0	0	0	1	4	0	0	0	
0	0	1	1	0	0	4	2	0	1	0	24	93	60	0	1	1	0	21	177	129	208	160	98	2	0	41	158	143	179	87	22	1	0	18	229	157	0	2	0	0	1	176	249	88	0	7	1	0	4	182	159	16	0	1	0	0	0	1	0	0	0	0	0	
0	0	3	0	2	1	0	0	0	0	0	19	0	79	39	0	2	0	106	141	164	159	12	0	2	0	109	170	136	7	0	1	1	0	20	218	110	0	4	0	3	0	83	88	131	56	0	2	1	0	9	132	180	38	0	2	0	1	0	22	42	0	1	0	
0	0	0	0	0	0	0	0	0	0	11	29	30	6	0	0	0	6	171	163	184	174	0	2	0	8	49	0	96	160	0	3	0	1	0	7	191	58	0	2	0	4	0	135	160	0	3	0	2	0	45	204	22	0	1	0	3	0	83	121	0	3	0	0	
0	0	2	1	1	1	0	0	0	0	2	0	48	74	0	3	2	0	49	12	116	68	0	2	2	0	138	43	119	15	3	0	0	27	183	136	182	105	26	0	0	9	5	57	161	10	0	1	0	2	0	47	91	0	3	0	0	0	1	0	1	1	0	0	
0	0	0	2	9	0	1	0	1	0	7	137	148	79	0	2	4	0	102	105	0	200	36	0	2	0	137	38	0	73	96	0	0	1	139	11	0	66	94	0	1	0	153	45	0	116	63	0	2	0	49	141	139	111	0	0	0	0	0	1	7	1	0	0	
0	0	0	0	1	1	0	0	0	1	0	20	135	4	0	1	0	2	0	43	172	0	1	0	0	3	0	90	168	0	3	0	0	4	0	113	176	0	1	1	0	4	0	115	169	0	0	1	0	3	0	108	87	0	2	0	0	0	0	0	0	0	0	0	
0	0	0	10	8	0	0	0	1	0	16	126	136	87	7	0	1	0	42	114	0	150	25	0	0	3	0	118	202	76	0	3	1	0	86	98	91	108	0	0	0	38	147	0	0	132	30	0	0	6	84	102	129	94	0	1	0	0	0	8	12	0	0	0	
0	0	2	1	0	3	1	0	0	0	1	0	12	104	1	0	1	0	36	0	68	114	0	4	0	10	167	24	139	83	0	3	0	8	123	106	193	44	0	2	0	0	0	4	161	13	0	1	0	1	1	12	122	4	0	0	0	0	0	0	0	0	0	0	
0	1	1	29	7	2	4	0	3	0	91	236	27	0	2	0	0	17	240	126	0	81	79	0	0	70	255	22	134	255	239	39	0	69	220	58	247	255	137	0	0	25	214	235	255	158	0	0	1	0	19	67	110	48	0	2	0	0	0	0	0	2	1	0	
0	0	1	11	1	0	0	0	2	0	50	133	149	43	0	2	1	0	3	143	201	18	0	1	0	0	2	97	158	31	0	2	1	0	30	6	44	162	0	1	1	0	157	33	42	178	0	0	2	0	79	149	166	52	0	2	0	0	0	8	3	0	0	0	
0	2	0	0	0	1	0	0	0	0	37	64	18	0	2	0	0	106	251	248	194	35	0	2	0	224	161	0	18	126	149	0	0	185	255	149	156	255	212	0	0	21	127	145	19	141	218	0	0	1	0	4	0	138	227	0	0	1	4	5	0	46	100	0	
0	0	0	2	1	0	0	0	0	0	2	0	11	11	0	0	0	1	0	53	168	145	0	3	3	0	100	166	187	98	0	4	2	0	128	106	140	51	0	2	0	0	0	4	150	13	0	1	0	2	0	57	143	0	3	0	0	2	0	67	82	0	3	0	
0	0	0	1	1	0	0	0	0	1	0	29	67	0	2	0	0	1	0	20	111	0	2	0	0	1	0	20	97	0	2	0	0	1	0	20	88	0	2	0	0	1	0	32	94	0	3	0	0	1	0	37	77	0	2	0	0	0	0	0	0	0	0	0	
0	0	0	0	0	0	0	0	0	0	56	81	74	11	0	1	0	20	124	99	165	114	0	4	0	0	3	0	99	121	0	4	0	0	4	0	173	51	0	2	0	2	0	54	182	0	1	0	0	3	0	162	98	0	3	0	0	0	3	89	13	0	0	0	
0	0	2	1	0	1	1	0	0	0	0	0	37	43	17	5	0	0	31	103	121	95	59	0	0	45	144	63	22	62	10	0	0	1	23	64	183	86	0	3	0	2	0	50	58	90	0	1	1	0	12	146	84	22	0	1	0	0	0	85	41	0	1	0	
0	0	0	0	1	0	0	0	0	0	0	11	114	2	0	0	0	0	0	8	161	11	0	1	0	2	0	48	163	0	2	0	0	3	0	102	145	0	4	0	0	4	0	135	134	0	4	0	0	3	0	95	94	0	3	0	0	0	0	0	0	0	0	0	
0	0	1	1	0	1	0	0	0	1	0	19	26	0	1	0	1	0	26	143	120	134	25	0	3	0	144	120	152	142	0	3	1	0	41	77	176	34	0	1	0	2	0	55	145	0	2	0	0	3	0	132	71	0	2	0	0	1	0	110	19	0	1	0	
0	0	0	0	0	1	1	0	3	0	90	226	171	48	0	2	0	0	166	133	109	218	31	0	0	58	168	0	0	190	99	0	0	99	204	0	1	208	61	0	0	25	232	164	119	199	0	0	2	0	35	158	218	61	0	2	0	1	1	0	0	0	0	0	
0	0	1	12	2	0	0	0	2	0	59	115	94	6	0	0	0	0	15	2	155	33	0	1	0	1	0	105	131	107	2	0	0	27	42	6	0	114	59	0	0	73	85	0	11	133	19	0	0	4	102	87	107	49	0	2	0	0	3	18	9	0	1	0	
0	0	0	0	0	0	0	0	0	0	25	26	19	10	0	0	0	0	136	162	169	177	0	2	0	0	4	0	133	126	0	4	0	2	0	34	202	17	0	1	0	3	0	145	125	0	3	0	1	0	18	212	30	0	1	0	1	0	33	128	0	0	0	0	
0	0	0	16	64	23	0	1	2	0	74	138	136	147	0	2	0	0	19	0	79	98	0	3	0	2	0	41	152	4	1	2	0	1	86	213	60	0	2	0	0	60	230	130	148	98	53	28	0	28	52	0	20	120	122	21	0	0	0	3	1	0	0	0	
0	0	0	11	3	0	0	0	0	0	107	145	146	58	0	2	0	0	31	106	244	117	0	4	1	0	28	152	195	114	0	2	0	2	0	0	0	179	40	0	0	125	69	7	76	206	16	0	0	54	175	178	199	76	0	2	0	0	2	5	0	0	0	0	
0	0	2	1	1	2	0	0	0	1	0	12	11	0	0	0	1	0	33	85	62	57	0	2	0	14	125	42	144	96	0	4	0	5	83	71	73	65	0	3	0	0	3	0	85	46	0	2	0	0	1	6	107	6	0	0	0	1	0	24	78	0	2	0	
0	0	1	1	0	0	1	0	0	2	0	33	199	144	0	0	1	0	19	190	169	250	80	0	1	0	155	90	0	93	119	0	0	84	150	0	0	75	132	0	0	123	55	20	82	214	85	0	0	87	173	158	157	68	0	1	0	1	7	0	0	0	1	0	
0	0	1	0	24	24	0	1	0	0	0	0	168	49	0	2	0	3	0	124	141	0	3	0	2	0	32	192	17	20	14	0	4	0	95	202	78	130	147	0	4	0	97	195	96	132	41	0	1	0	12	114	99	13	0	1	0	0	0	0	0	1	2	0	
0	0	0	0	0	0	0	0	0	0	3	0	86	77	0	3	0	0	4	0	138	81	0	3	0	1	0	13	184	23	0	1	0	4	0	118	152	0	3	0	0	0	0	193	58	0	2	0	1	0	10	179	45	0	2	0	0	0	0	1	1	0	0	0	
0	0	2	10	0	0	0	0	1	0	65	125	38	0	1	0	0	5	34	66	59	0	2	0	0	2	0	84	123	26	0	1	0	0	7	7	37	119	0	2	3	0	69	52	12	114	0	2	1	0	35	92	93	29	0	1	0	0	0	10	9	0	0	0	
0	0	0	0	1	6	0	0	1	0	5	96	181	160	29	0	4	0	98	255	138	92	89	0	0	0	19	12	0	156	41	0	0	0	2	0	109	126	0	3	0	40	224	238	231	100	0	2	0	37	212	129	18	62	2	0	0	0	0	0	0	0	0	0	
0	0	0	1	0	0	0	0	0	2	0	43	130	26	0	1	1	0	17	129	105	77	0	3	1	0	43	93	97	110	0	3	0	2	0	171	248	70	0	2	1	0	0	202	118	0	3	0	1	0	7	198	105	0	3	0	0	1	0	16	16	0	0	0	
0	0	0	0	0	1	0	0	0	2	102	164	127	21	0	1	0	5	143	112	105	177	0	0	0	0	5	55	206	129	0	2	3	0	112	171	139	129	0	2	0	0	6	0	124	183	0	1	3	0	114	235	168	23	0	1	1	0	33	36	0	1	0	0	
0	0	1	0	0	0	0	0	0	0	0	61	71	0	0	0	3	0	86	129	128	66	0	3	3	0	149	67	148	141	0	4	2	0	51	132	188	105	0	4	0	0	3	0	129	51	0	2	0	2	0	61	168	0	1	0	0	1	0	42	46	0	1	0	
0	0	2	0	0	1	0	0	0	1	2	6	0	4	137	21	3	0	95	143	0	95	144	0	0	50	171	12	4	171	27	0	0	145	197	73	152	139	0	4	0	12	65	136	242	66	0	3	0	2	0	51	119	0	2	0	0	1	3	4	1	2	0	0	
0	0	1	0	0	0	0	0	0	0	0	73	161	42	0	2	3	0	120	252	134	133	0	2	3	0	150	229	156	130	0	3	0	16	201	197	177	158	5	0	1	0	165	63	0	176	56	0	2	0	54	195	195	128	0	1	0	1	0	32	35	0	0	0	
0	0	0	2	3	1	0	0	0	0	0	0	0	1	3	0	0	1	0	46	167	197	130	0	2	0	44	253	135	36	20	0	0	2	1	12	117	36	0	1	0	97	97	102	162	29	0	1	0	35	121	114	21	0	1	0	0	0	0	0	1	1	0	0	
0	0	3	1	0	0	0	0	3	0	82	134	36	0	1	0	0	0	3	44	132	14	0	1	0	1	0	62	56	0	1	0	0	2	0	120	107	9	0	1	0	0	1	0	82	103	0	3	1	0	23	127	127	33	0	1	0	0	1	13	5	0	0	0	
0	0	3	0	41	61	0	2	0	2	0	38	193	72	0	3	1	0	22	176	53	0	2	0	2	0	157	137	163	185	16	0	0	28	168	154	91	179	34	0	0	4	175	236	221	123	0	2	1	0	13	70	59	0	0	0	0	0	1	0	0	2	0	0	
0	0	2	0	67	41	0	2	0	0	3	0	69	78	0	3	0	1	4	0	69	82	0	3	0	0	4	0	101	43	0	2	0	15	87	124	198	100	0	0	0	31	137	132	41	102	25	0	0	0	14	17	0	1	0	0	0	1	0	1	2	1	0	0	
0	0	2	1	0	1	0	0	0	1	0	60	63	6	0	0	3	0	70	219	133	103	0	2	0	0	193	65	0	134	3	0	0	4	35	0	64	140	0	3	0	0	3	0	158	69	0	3	0	3	0	85	167	0	2	0	0	2	0	62	45	0	1	0	
0	1	2	0	0	0	0	0	1	0	12	103	114	45	0	2	0	31	152	87	11	5	0	0	0	52	147	96	100	52	0	1	0	0	0	0	13	121	34	0	0	0	10	18	0	91	78	0	1	0	15	101	88	136	20	0	0	0	0	5	43	22	0	1	
0	0	1	0	0	2	0	0	0	0	3	76	82	2	0	0	3	0	147	160	135	183	29	0	2	0	138	100	116	202	6	0	1	0	2	197	236	53	0	3	2	0	45	124	80	83	0	3	1	0	29	183	172	22	0	1	0	1	0	98	59	0	2	0	
0	0	0	0	0	1	0	0	1	0	36	17	0	13	19	0	2	0	167	52	0	123	90	0	0	22	188	2	5	167	22	0	0	2	173	158	164	156	0	3	0	0	7	39	179	61	0	2	0	1	1	0	180	36	0	2	0	0	0	3	66	10	0	0	
0	0	2	1	0	1	0	0	0	1	0	15	36	8	0	0	2	0	55	157	137	150	0	2	1	0	168	85	153	175	0	2	1	0	132	171	221	69	0	3	0	0	0	8	142	11	0	1	0	3	0	95	120	0	3	0	0	3	0	93	55	0	2	0	
0	0	1	4	0	0	0	0	0	0	0	0	5	12	0	0	1	0	36	139	217	138	0	4	2	0	97	97	177	72	0	3	0	2	0	42	176	0	0	0	0	3	0	110	107	0	3	0	0	4	0	132	66	0	2	0	0	3	0	96	46	0	2	0	
0	0	1	2	0	0	1	0	0	2	0	17	140	103	0	0	1	1	2	178	168	141	89	0	0	17	169	96	0	13	156	4	0	124	69	0	0	47	169	0	6	172	82	67	104	199	69	0	0	55	110	97	108	35	0	1	0	0	0	0	0	1	2	0	
0	0	0	0	0	1	0	0	0	1	0	48	116	7	0	1	0	2	0	175	224	120	0	2	1	0	34	160	0	150	15	0	3	0	77	100	0	142	2	0	4	0	104	92	87	102	0	3	2	0	46	171	145	9	0	1	0	1	0	48	23	0	1	0	
0	0	0	0	1	0	0	0	0	0	1	0	35	129	0	1	0	0	4	0	138	153	0	4	0	1	0	21	216	44	0	2	0	3	0	156	133	0	3	0	2	0	51	207	12	0	1	0	3	0	89	134	0	3	0	0	0	0	0	1	1	0	0	0	
0	0	0	0	0	0	0	0	0	17	22	0	14	45	0	1	0	69	99	0	49	110	0	3	0	65	139	28	100	130	0	1	0	15	131	117	169	121	7	0	0	0	3	0	102	37	0	1	0	1	6	0	139	48	0	2	0	0	0	0	18	2	0	0	
0	0	0	0	0	1	1	0	0	11	136	196	184	34	0	2	0	32	205	131	88	170	18	0	0	0	0	4	0	134	76	0	2	0	79	173	172	238	77	0	0	10	229	255	245	165	85	0	0	10	184	147	35	0	1	0	0	0	0	0	0	4	2	0	
0	0	0	4	10	0	0	0	2	0	67	144	123	35	0	2	0	8	141	12	0	2	1	0	0	16	167	130	153	87	0	2	0	0	109	50	0	148	50	0	2	0	42	46	0	111	111	0	2	0	37	131	130	138	14	0	0	0	0	0	4	0	0	0	
0	0	0	1	2	0	0	0	3	0	80	220	171	103	25	0	0	0	10	32	43	198	108	0	3	0	61	186	215	199	7	0	1	0	34	104	105	180	13	0	17	97	107	175	255	141	0	1	29	204	160	124	91	1	0	0	0	0	0	0	0	2	0	0	
0	0	30	3	0	2	0	0	0	74	159	45	33	0	3	0	0	145	158	153	190	101	0	2	0	125	121	0	9	149	93	0	0	20	198	39	0	7	192	38	3	0	88	224	107	107	194	22	0	2	0	49	145	152	47	0	0	0	2	0	0	0	0	1	
0	0	1	3	0	1	1	0	0	1	1	0	2	0	66	42	1	0	11	121	17	31	136	16	0	15	155	54	2	142	22	0	0	28	188	71	120	108	0	4	1	0	18	96	209	24	0	1	0	3	0	85	122	0	3	0	0	1	0	25	13	0	0	0	
0	0	0	0	0	0	0	0	0	1	0	20	181	28	0	1	0	2	0	41	251	42	0	2	0	3	0	73	242	17	0	1	0	4	0	129	213	0	0	0	0	3	0	180	185	0	3	0	0	2	0	141	141	0	2	0	0	0	0	0	0	0	0	0	
0	0	0	1	3	0	0	0	0	0	0	0	0	15	16	0	0	1	0	20	82	148	109	4	0	0	0	167	79	0	2	0	0	29	5	14	95	4	0	0	0	60	158	130	100	0	0	0	0	0	21	25	1	0	0	0	0	1	0	0	2	0	0	0	
0	0	0	0	0	0	0	0	0	4	65	93	47	0	0	0	0	71	141	113	208	17	0	1	1	0	28	145	55	0	2	0	2	0	98	200	145	69	0	1	0	0	0	2	44	181	71	0	0	0	4	42	46	112	27	0	0	0	0	83	111	29	0	1	
0	1	1	4	0	80	48	0	0	8	5	0	127	198	31	0	0	1	0	146	173	8	0	1	3	0	116	191	73	97	2	0	0	9	171	174	255	232	15	0	0	19	225	255	238	87	0	1	1	0	47	80	31	0	1	0	0	0	0	0	0	3	0	0	
0	1	0	0	0	0	0	0	0	2	76	128	96	12	0	1	0	95	106	6	115	89	0	3	0	34	2	68	190	97	0	2	0	0	3	29	13	127	71	0	0	5	3	2	0	75	123	0	0	62	127	69	104	137	18	0	0	2	48	60	44	5	0	0	
0	0	2	0	2	3	0	0	0	1	0	49	14	0	1	0	3	0	93	248	151	48	0	1	0	33	204	31	38	223	48	0	0	29	57	0	99	170	0	0	0	2	0	66	204	20	0	1	2	0	41	204	41	0	2	0	2	0	46	56	0	3	0	0	
0	1	2	0	0	0	0	0	0	0	0	32	63	16	0	1	0	19	110	105	63	94	0	1	0	21	34	0	70	78	0	2	1	0	13	132	161	4	0	1	0	0	10	8	50	56	0	2	1	0	16	16	85	53	0	2	1	0	13	77	52	0	0	0	
0	0	1	1	0	0	0	0	0	0	0	14	60	59	25	0	2	0	41	143	160	237	71	0	4	0	87	178	160	31	0	1	0	3	0	161	187	4	0	1	1	0	21	108	102	50	0	2	2	0	31	196	140	1	0	0	0	0	2	110	40	0	1	0	
0	0	0	0	0	0	0	0	0	1	0	81	142	80	0	0	1	0	15	225	75	156	81	0	0	2	0	66	159	146	35	0	0	1	0	108	250	69	0	3	3	0	121	118	97	101	0	3	2	0	162	138	129	27	0	1	1	0	14	59	12	0	1	0	
0	0	1	1	0	1	0	0	0	1	0	13	70	25	0	1	1	0	16	80	106	150	0	1	0	0	77	0	97	196	0	2	1	0	99	148	202	48	0	2	1	0	24	180	21	0	1	0	2	0	127	86	0	4	0	0	0	8	72	3	0	0	0	0	
0	0	1	2	0	0	0	0	0	1	1	1	43	11	0	0	1	0	13	156	226	37	0	2	0	0	158	81	154	57	0	2	0	37	212	85	206	171	71	0	0	0	46	78	202	114	0	2	0	0	4	0	123	76	0	3	0	0	3	0	35	36	0	1	
0	0	0	3	0	0	1	0	0	0	4	0	100	158	31	0	0	1	0	103	170	164	165	0	2	0	119	161	0	21	159	0	0	79	91	0	9	180	114	0	0	171	95	121	210	138	0	1	0	68	154	150	63	0	2	0	0	0	0	0	0	2	0	0	
0	0	0	8	27	0	1	0	0	2	0	113	154	18	0	1	2	0	63	129	4	7	0	0	2	0	119	34	75	88	0	0	0	2	95	79	112	110	55	0	2	0	112	126	138	130	46	0	1	0	21	104	121	56	0	1	0	0	1	0	0	0	1	0	
0	0	0	0	2	0	0	0	0	0	1	0	22	127	0	1	0	0	3	0	113	140	0	4	0	1	0	27	198	26	0	1	0	4	0	131	127	0	4	0	2	0	33	208	21	0	1	0	3	0	76	138	0	2	0	0	0	0	0	0	0	0	0	0	
0	4	2	1	0	1	0	0	0	0	0	0	0	0	0	0	34	139	50	12	9	12	0	0	8	151	166	165	128	176	97	0	0	0	0	7	10	194	67	0	0	3	5	0	57	144	0	3	0	0	2	0	37	191	5	0	0	0	0	0	0	80	12	0	
0	0	0	0	0	0	1	0	2	0	96	199	203	177	41	0	1	0	171	216	163	164	150	0	0	1	0	3	0	92	174	0	0	18	97	64	96	225	51	0	0	176	255	249	255	170	0	3	0	173	200	110	44	76	7	0	0	0	0	0	0	0	0	0	
0	1	1	2	4	1	0	0	1	0	23	139	48	5	7	0	0	19	175	40	23	97	3	0	0	36	172	128	218	97	0	3	0	0	2	113	53	149	37	0	1	0	20	115	48	158	9	0	1	0	10	141	117	29	0	1	0	0	0	1	0	1	1	0	
0	0	0	0	0	0	0	0	2	0	61	154	78	13	0	1	1	0	30	111	137	169	0	1	0	0	104	131	214	138	0	4	0	0	130	130	140	183	0	1	0	1	0	0	129	144	0	1	2	0	143	216	109	0	0	0	0	0	47	25	0	3	0	0	
0	0	2	2	0	0	2	0	0	2	0	0	39	47	0	0	1	0	50	155	132	122	97	0	0	65	156	60	0	0	135	13	13	113	0	2	0	42	142	0	1	105	50	0	41	159	41	0	0	17	111	120	118	38	0	2	0	1	0	5	1	1	2	0	
0	0	2	1	0	3	2	0	0	1	0	23	128	18	0	1	2	0	58	130	125	74	83	0	4	0	162	96	0	212	60	0	2	0	48	186	245	191	0	1	0	3	0	128	178	55	7	0	2	0	42	182	1	0	0	0	1	0	14	30	0	4	0	0	
0	0	0	3	0	66	41	0	0	0	3	0	99	148	22	0	0	3	0	132	166	0	0	1	3	0	75	166	2	0	2	0	3	0	172	183	145	58	0	2	2	0	176	216	208	144	0	4	1	0	19	58	69	10	0	1	0	0	0	0	0	1	0	0	
0	0	2	1	0	1	0	0	0	1	1	18	0	51	43	0	2	0	65	161	0	143	58	0	0	42	197	13	42	173	0	0	0	47	175	99	216	114	0	4	0	1	0	97	190	0	0	1	0	3	0	164	56	0	2	0	0	0	0	33	6	0	0	0	
0	0	0	1	2	0	0	0	0	0	2	0	23	43	0	2	0	0	0	0	120	51	0	2	1	0	15	120	154	0	1	0	0	1	120	152	155	82	7	0	0	3	0	55	97	0	2	0	0	2	0	72	82	0	3	0	0	0	0	11	9	0	0	0	
0	0	3	0	1	4	0	0	0	2	0	66	184	160	79	0	0	6	171	255	92	0	14	2	0	2	130	184	125	90	18	0	0	0	0	2	0	141	155	0	0	23	90	70	176	211	43	0	0	4	173	213	134	18	0	1	0	0	0	0	0	1	2	0	
0	0	0	10	5	0	0	0	0	3	0	85	64	0	2	0	0	3	0	89	66	0	2	0	0	3	0	91	74	0	3	0	0	3	0	99	88	0	3	0	0	3	0	99	145	0	2	0	0	2	0	44	97	0	1	0	0	0	0	0	0	0	0	0	
0	2	0	64	20	0	1	0	1	0	30	179	16	1	5	0	3	0	150	80	0	16	69	0	0	27	158	0	72	119	67	0	0	51	132	0	186	244	84	0	0	11	167	140	196	99	20	0	1	0	34	87	34	0	4	0	0	0	1	0	0	2	0	0	
0	0	1	2	0	1	0	0	0	0	0	7	22	0	0	0	0	0	6	97	142	71	0	3	3	0	85	83	152	73	0	3	3	0	92	136	167	15	0	1	0	0	0	27	121	0	0	0	0	2	0	60	103	0	3	0	0	2	0	72	49	0	2	0	
0	0	1	1	10	24	0	1	0	0	3	0	159	134	0	3	0	2	0	119	174	0	0	1	3	0	117	218	139	184	57	0	0	43	182	113	134	204	98	0	0	102	147	148	234	132	0	2	0	32	150	120	58	1	0	0	0	0	0	0	0	1	0	0	
0	0	3	3	0	1	0	0	0	79	185	161	40	0	3	0	4	162	96	189	154	0	3	1	4	5	86	146	166	189	33	0	0	0	0	2	0	81	171	0	0	41	84	29	12	68	183	0	0	9	115	171	179	162	41	0	0	0	0	1	4	0	0	0	
0	0	0	0	0	0	0	0	1	0	26	57	65	27	0	1	3	0	85	174	239	168	0	3	1	0	5	123	227	50	0	2	4	0	94	224	135	157	11	0	0	0	2	0	103	198	1	0	2	0	51	183	177	18	0	1	2	0	71	109	3	0	1	0	
0	0	0	0	0	0	1	0	0	4	0	36	195	95	0	2	0	2	0	35	102	212	25	0	0	80	39	0	0	134	108	0	11	177	18	0	0	173	74	0	0	152	104	33	108	99	0	0	0	24	154	169	90	0	3	0	0	1	0	0	0	2	0	0	
0	2	2	0	0	1	1	0	0	0	0	78	137	4	8	7	0	32	152	113	118	8	116	24	0	149	140	0	0	126	137	0	0	48	186	142	106	234	34	0	1	0	12	98	250	123	0	1	0	5	0	100	101	0	3	0	0	0	0	18	5	2	0	0	
0	0	1	1	0	1	0	0	0	0	0	16	21	0	0	0	1	0	20	120	130	34	0	1	3	0	70	124	168	52	0	2	1	0	10	72	156	20	0	1	0	0	0	7	118	2	0	0	0	0	0	19	128	0	0	0	0	0	0	14	81	0	1	0	
0	0	0	0	0	0	1	0	1	0	17	151	196	90	24	0	2	0	49	237	225	77	90	1	0	0	0	0	0	3	148	12	0	4	126	165	112	155	98	0	0	91	220	101	180	175	12	0	0	32	162	178	36	0	2	0	0	0	1	1	0	2	1	0	
0	0	0	0	0	0	0	0	1	0	54	81	8	0	0	0	0	55	134	181	79	0	3	0	0	3	54	213	180	24	0	1	1	0	60	58	95	175	0	0	0	0	2	0	48	186	0	0	0	0	2	88	194	56	0	2	1	0	6	107	39	0	1	0	
0	0	1	0	0	0	0	0	0	1	0	33	88	43	0	0	2	0	44	187	159	255	52	0	2	0	61	128	161	127	0	0	1	0	1	228	134	0	3	0	3	0	72	101	9	21	0	1	3	0	78	123	138	83	0	3	0	0	1	107	105	6	0	1	
0	0	2	2	0	1	3	0	0	1	0	2	90	41	0	2	2	0	31	206	229	161	85	0	0	21	168	140	42	0	127	56	0	111	69	0	0	52	156	13	0	111	77	58	130	155	39	0	0	15	100	102	62	2	0	1	0	0	0	0	0	2	2	0	
0	0	0	0	2	0	0	0	0	0	0	1	0	150	48	0	0	0	3	0	79	91	1	0	0	1	0	34	139	0	0	0	0	2	0	164	82	0	3	0	3	0	83	186	0	2	0	0	2	0	110	45	0	1	0	0	0	0	2	1	0	0	0	0	
0	0	0	0	1	0	0	0	0	0	0	10	111	2	0	0	0	2	0	46	170	0	1	0	0	3	0	80	170	0	3	0	0	3	0	96	127	0	4	0	0	3	0	108	135	0	4	0	0	2	0	56	127	0	2	0	0	0	0	0	0	0	0	0	
0	0	0	2	0	20	5	0	0	0	4	0	36	227	80	0	0	1	0	57	162	145	112	0	0	0	84	144	0	124	105	0	0	78	126	0	46	222	44	0	0	149	128	129	204	67	0	2	0	70	168	115	20	0	1	0	0	0	0	0	1	3	0	0	
0	0	0	0	0	0	0	0	1	0	17	78	111	47	0	2	1	0	99	47	27	12	0	0	2	0	101	42	0	2	0	0	1	0	18	118	129	18	0	1	0	0	2	0	108	122	0	4	0	0	4	0	122	83	0	3	0	0	0	0	37	5	0	0	
0	0	1	1	0	43	8	0	0	1	0	18	152	173	22	0	0	0	0	156	85	0	2	0	3	0	78	121	40	89	10	0	2	0	185	172	88	201	78	0	1	0	197	149	86	147	20	0	1	0	25	125	93	8	0	1	0	0	0	0	0	2	1	0	
0	0	0	0	0	0	0	0	0	0	0	165	133	0	1	0	1	0	4	192	233	40	0	2	3	0	64	218	235	100	0	3	3	0	79	232	171	139	0	4	2	0	34	185	30	185	9	0	0	1	0	86	172	116	0	1	0	0	0	0	8	2	0	0	
0	0	1	2	0	0	1	0	0	1	0	4	167	46	0	2	1	0	2	177	173	3	11	1	0	0	162	124	0	67	81	0	0	34	223	200	179	172	12	0	0	0	2	71	226	107	0	2	0	2	0	48	63	0	3	0	0	0	1	3	1	2	0	0	
0	0	4	1	0	0	0	0	0	52	170	130	75	0	0	0	0	11	6	89	155	0	2	0	0	0	0	158	68	7	0	0	0	2	0	37	125	135	47	0	1	0	25	128	10	72	146	0	2	0	35	173	160	145	29	0	0	0	0	2	2	0	0	0	
0	0	2	2	0	1	1	0	0	1	0	6	72	47	0	1	2	0	45	135	136	176	29	0	0	12	56	18	3	244	136	0	0	115	142	114	225	167	7	0	0	25	60	88	158	0	1	0	0	1	0	122	66	0	3	0	0	0	18	47	0	2	0	0	
0	0	0	0	0	1	0	0	0	0	59	88	63	13	0	1	0	19	118	84	100	135	12	0	0	0	0	1	0	153	33	0	0	0	7	0	119	136	0	3	0	2	0	66	166	5	0	1	3	0	73	210	18	0	1	0	2	0	70	79	0	2	0	0	
0	0	1	3	0	2	1	0	0	0	0	0	11	4	0	0	0	0	0	111	233	135	18	0	4	0	111	241	26	116	105	0	1	0	24	2	59	76	0	2	0	2	0	72	143	20	0	1	2	0	50	188	9	0	1	0	3	0	97	106	0	4	0	0	
0	0	2	0	0	0	0	0	0	0	0	2	0	37	8	0	3	0	103	41	6	168	8	0	0	8	198	70	140	156	0	3	0	3	135	134	161	125	0	4	0	0	4	0	134	95	0	3	0	0	4	0	180	47	0	2	0	0	1	0	72	31	0	1	
0	0	0	0	0	0	0	0	0	0	165	192	180	69	26	0	0	0	85	93	72	14	98	14	0	1	0	1	0	26	175	18	0	0	12	21	15	72	66	0	0	61	241	246	224	202	34	0	0	100	198	108	24	78	89	0	0	0	0	0	0	0	3	0	
0	0	1	1	0	0	0	0	0	1	0	10	91	117	9	0	1	0	15	159	131	53	3	0	4	0	100	120	0	3	0	0	1	0	12	135	105	3	0	0	0	0	9	0	162	89	0	3	2	0	96	143	118	11	0	1	1	0	15	51	3	0	0	0	
0	0	0	0	0	3	2	0	0	10	141	152	27	0	1	0	0	6	118	151	126	153	57	0	1	0	20	134	148	176	55	0	1	0	22	127	93	88	11	0	0	0	0	2	0	148	51	0	0	35	132	166	155	36	0	0	0	16	61	53	9	0	1	0	
0	0	0	0	0	0	0	0	0	1	0	28	133	0	1	0	0	2	0	53	155	0	3	0	0	2	0	67	137	0	4	0	0	3	0	78	128	0	4	0	0	3	0	87	142	0	4	0	0	1	0	34	143	0	0	0	0	0	0	0	4	2	0	0	
0	2	7	0	0	0	1	0	0	17	165	148	81	10	0	1	0	0	10	24	107	205	47	0	1	0	29	172	209	188	6	0	0	0	5	39	33	133	83	0	0	39	52	30	93	186	79	0	0	108	207	182	168	33	0	1	0	0	0	1	0	0	1	0	
0	0	0	0	0	0	0	0	0	0	0	85	145	58	0	2	2	0	45	158	74	182	14	0	1	0	20	154	51	168	27	0	0	3	0	31	123	181	1	0	0	27	119	0	119	93	0	3	1	0	172	175	111	0	1	0	1	0	24	20	0	2	0	0	
0	0	1	0	0	2	1	0	0	1	0	31	78	7	0	0	1	0	59	125	124	136	5	0	0	59	140	0	64	255	73	0	0	65	166	72	230	204	7	0	0	0	101	149	213	68	0	3	0	2	0	38	154	0	1	0	0	1	0	38	54	0	2	0	
0	0	0	0	0	0	0	0	2	0	70	165	77	0	1	0	2	0	111	169	186	0	2	0	2	0	55	224	214	19	0	1	2	0	105	103	135	159	0	3	1	0	17	0	89	191	0	2	3	0	65	205	221	67	0	3	0	0	0	21	19	0	0	0	
0	0	1	1	0	2	1	0	0	1	0	15	73	26	0	1	1	0	31	112	90	154	28	0	0	51	57	0	100	255	61	0	0	86	140	151	254	101	0	3	0	49	67	123	121	0	4	0	1	0	10	178	26	0	1	0	0	0	16	61	0	1	0	0	
0	0	1	1	0	3	1	0	0	2	0	50	64	0	2	0	1	0	13	178	32	88	58	0	4	0	136	107	36	168	0	0	3	0	72	162	203	146	17	0	0	3	0	91	162	18	2	0	0	2	0	75	50	0	2	0	0	0	0	11	6	0	0	0	
0	0	0	1	2	0	0	0	2	0	86	183	91	1	1	0	1	0	29	33	131	29	0	1	2	0	48	148	137	27	23	0	1	0	44	45	0	120	75	0	0	1	11	29	127	137	5	0	2	0	138	171	75	0	1	0	0	0	1	1	0	2	1	0	
0	0	0	0	1	1	0	0	0	0	2	0	60	29	0	1	0	0	0	0	111	9	0	0	0	1	0	30	103	0	2	0	0	3	0	71	78	0	3	0	0	3	0	97	48	0	2	0	0	2	0	85	19	0	1	0	0	0	0	0	0	0	0	0	
0	0	1	5	2	1	0	0	1	0	20	149	27	2	2	0	0	0	3	0	52	86	0	0	0	0	0	128	120	3	0	0	0	0	3	38	25	59	0	1	0	0	3	49	164	61	0	2	2	0	50	181	48	0	2	0	0	0	0	0	0	1	0	0	
0	0	0	3	5	0	0	0	0	0	0	112	137	69	0	2	0	0	15	64	44	144	0	2	0	1	0	8	142	45	0	2	1	0	33	132	56	0	2	0	4	0	133	97	0	74	43	0	1	0	20	139	134	105	7	0	0	0	0	4	11	0	0	0	
0	0	2	1	0	2	1	0	0	0	0	6	30	5	0	0	2	0	63	163	175	148	0	0	0	18	130	26	44	222	24	0	0	13	116	80	155	154	0	2	0	0	1	0	171	55	0	2	0	3	0	86	153	0	3	0	0	3	0	93	43	0	1	0	
0	0	0	0	0	0	0	0	0	38	69	0	68	67	0	2	0	117	104	0	155	101	0	3	0	121	146	0	163	39	0	2	0	18	157	164	209	134	73	0	0	0	1	20	188	81	19	1	0	1	5	0	78	129	0	0	0	0	0	2	0	43	10	0	
0	0	0	0	1	2	2	0	0	0	0	3	0	130	58	0	0	0	2	0	40	189	5	0	0	1	0	8	208	80	0	3	0	2	0	163	155	0	1	0	3	0	111	163	0	3	0	0	0	0	159	41	0	2	0	0	0	0	0	1	1	0	0	0	
0	0	0	0	0	1	1	0	1	0	21	148	142	19	0	1	1	0	31	109	201	203	2	0	1	0	4	130	228	179	1	0	1	0	11	147	250	154	0	4	0	0	36	56	243	144	0	3	3	0	150	255	130	1	0	1	1	0	19	34	0	1	0	0	
0	0	0	2	4	4	1	0	0	0	1	0	0	0	1	0	0	1	0	46	145	163	197	35	3	0	104	255	198	150	83	5	1	0	120	91	99	0	3	0	0	12	14	118	107	0	6	0	0	93	191	122	0	0	0	0	0	5	9	0	1	0	0	0	
0	0	1	0	0	0	0	0	0	0	1	112	166	54	0	2	3	0	127	247	143	229	26	0	3	0	172	231	94	221	28	0	3	0	63	254	255	108	0	4	3	0	165	178	151	195	0	2	3	0	122	217	220	124	0	3	0	0	0	41	41	0	0	0	
0	2	0	4	36	16	0	0	0	10	3	139	186	97	0	3	0	0	1	13	0	64	23	0	0	0	7	24	0	112	77	0	0	12	171	190	218	206	17	0	0	45	203	157	190	71	0	2	0	7	133	100	0	1	1	0	0	0	0	0	3	3	0	0	
0	1	3	0	0	0	0	0	1	2	0	80	89	70	38	0	0	11	166	230	227	255	121	0	0	145	173	0	41	255	93	0	47	206	8	12	158	255	85	0	34	218	194	210	168	236	90	0	0	38	95	28	0	184	129	0	0	0	0	0	0	27	32	0	
0	0	0	0	0	0	1	0	1	0	41	110	104	94	23	0	0	13	250	211	12	57	151	0	0	1	93	122	104	175	131	0	0	5	203	251	186	208	46	0	0	5	44	32	39	193	50	0	2	0	49	212	196	98	0	1	1	0	21	47	0	0	1	0	
0	0	1	0	0	0	0	0	1	0	23	119	137	54	0	1	2	0	186	161	25	170	5	0	0	0	72	151	86	127	0	2	0	3	0	84	255	57	0	3	1	0	17	144	98	119	0	4	2	0	42	185	122	33	0	1	0	0	0	45	26	0	1	0	
0	0	0	0	1	1	0	0	0	0	1	0	46	134	0	2	0	0	3	0	148	110	0	3	0	2	0	47	208	10	0	1	0	3	0	147	124	0	3	0	1	0	6	204	41	0	2	0	2	0	62	122	0	2	0	0	0	0	4	1	0	0	0	0	
0	0	0	0	0	0	0	0	0	0	9	29	44	74	31	0	3	0	75	214	169	252	80	0	0	0	15	11	137	196	17	0	3	0	55	225	246	161	39	0	2	0	52	234	56	0	2	0	1	0	207	119	0	5	2	0	0	2	71	14	0	1	0	0	
0	0	0	2	56	3	0	0	0	2	0	64	128	0	3	0	0	0	3	160	38	0	2	0	3	0	97	98	0	48	33	0	0	7	118	0	70	240	95	0	0	34	160	87	189	124	0	0	0	0	67	82	22	0	1	0	0	0	0	0	0	2	1	0	
0	1	0	2	3	0	0	0	0	0	12	3	0	1	0	0	0	110	228	213	76	0	2	0	0	32	40	116	229	43	0	2	0	0	3	0	133	160	0	4	0	1	5	0	79	204	0	1	0	0	3	0	88	186	0	2	0	0	2	0	66	100	0	3	
0	0	0	1	0	1	0	0	0	0	1	0	54	23	0	1	0	2	0	55	198	113	0	3	1	0	5	153	59	110	0	2	1	0	17	24	113	59	0	2	0	3	0	81	128	0	2	0	1	0	23	151	9	0	0	0	1	0	31	46	0	2	0	0	
0	0	1	2	0	0	0	0	0	0	1	2	15	19	56	29	1	0	21	111	116	107	104	19	0	1	148	44	0	1	0	0	0	2	104	88	58	38	3	1	0	2	1	19	85	154	6	0	0	30	106	70	83	25	0	1	0	2	26	16	0	0	0	0	
0	0	0	0	0	0	0	0	1	0	19	129	131	69	0	2	1	0	10	65	159	156	0	3	0	0	84	148	232	49	0	2	0	6	134	87	55	150	10	0	0	0	0	0	93	139	0	0	0	0	148	192	124	12	0	1	0	1	45	20	0	2	0	0	
0	0	1	1	1	0	0	0	0	1	0	39	33	0	1	0	1	0	28	146	66	0	1	0	4	0	88	197	219	47	0	2	1	0	11	77	161	100	0	4	0	0	4	0	132	94	0	3	0	0	4	0	138	77	0	3	0	0	2	0	57	33	0	1	
0	0	1	1	0	1	1	0	0	0	0	8	15	0	0	0	2	0	30	204	98	48	46	0	2	0	136	96	0	113	60	0	0	1	18	0	43	121	0	2	0	1	0	14	148	30	0	1	0	1	0	137	67	0	2	0	1	0	30	98	0	3	0	0	
0	1	0	13	4	0	3	0	3	0	63	148	23	14	0	0	0	15	139	12	33	169	101	0	0	95	86	0	6	0	147	34	0	99	91	0	4	104	143	0	0	36	177	121	173	168	18	0	2	0	42	122	55	0	1	1	0	1	1	0	0	3	1	0	
0	0	2	0	0	0	0	0	0	0	0	18	50	60	7	0	2	0	95	128	181	198	0	0	0	20	189	89	171	34	0	2	1	0	77	211	159	80	0	2	1	0	37	79	0	123	5	0	3	0	89	119	113	84	0	2	2	0	34	128	60	0	0	0	
0	0	0	0	0	0	0	0	1	0	25	178	137	0	1	0	1	0	23	48	187	34	0	1	0	2	0	63	194	0	0	0	0	1	2	35	202	26	0	1	2	0	134	68	167	29	0	1	2	0	53	198	97	0	2	0	0	0	0	0	0	0	0	0	
0	0	1	3	0	1	0	0	0	0	1	0	13	0	62	17	1	0	8	121	111	58	127	0	1	0	123	62	13	148	18	0	0	6	189	76	170	76	0	3	1	0	21	196	141	0	3	0	1	0	29	126	0	1	0	0	1	0	22	23	0	1	0	0	
0	0	0	0	1	0	0	0	0	0	1	0	24	55	0	2	0	0	2	0	121	62	0	2	0	1	0	19	130	0	1	0	0	2	0	66	66	0	2	0	0	2	0	109	24	0	1	0	1	0	18	114	0	1	0	0	0	0	8	19	0	1	0	0	
0	0	0	1	0	0	0	0	0	0	3	0	84	148	70	0	0	4	0	94	201	142	168	0	2	0	77	140	0	71	101	0	0	38	147	0	18	174	23	0	0	150	43	37	177	77	0	3	0	158	194	178	63	0	3	0	0	7	25	0	1	2	0	0	
0	0	0	3	12	1	0	0	0	1	85	150	159	116	0	3	0	26	121	7	85	142	0	3	0	1	0	8	165	28	0	1	0	2	0	143	103	0	3	0	0	38	169	187	136	134	60	0	0	78	93	0	10	56	128	17	0	0	0	2	0	0	1	1	
0	0	0	0	0	1	0	0	1	0	100	142	89	1	0	0	0	0	77	99	157	93	0	3	0	1	3	0	79	101	0	4	0	0	98	204	233	133	17	0	0	115	239	143	54	142	176	19	0	58	64	0	0	0	8	3	0	0	0	2	3	3	1	0	
0	0	0	0	1	0	0	0	0	0	1	0	64	10	0	0	0	1	0	14	131	1	0	0	0	2	0	54	149	0	3	0	0	2	0	69	109	0	3	0	0	4	0	108	89	0	3	0	0	3	0	102	52	0	2	0	0	0	0	10	3	0	0	0	
0	0	2	2	0	1	0	0	0	2	0	24	30	1	104	4	1	0	24	191	47	63	140	0	0	17	188	76	0	178	48	0	0	79	232	118	167	226	27	0	0	8	37	67	216	47	0	0	0	1	0	36	134	0	1	0	0	1	2	2	1	2	0	0	
0	0	0	4	2	0	0	0	1	0	17	158	98	0	1	0	0	1	0	64	202	1	0	0	0	2	0	166	210	0	0	1	0	0	2	0	89	111	0	3	1	0	117	56	76	136	0	4	1	0	29	133	195	44	0	2	0	0	0	0	1	0	0	0	
0	0	0	2	0	0	0	0	0	0	4	0	116	131	0	3	0	2	0	64	222	186	6	0	1	0	0	183	61	162	24	0	3	0	79	125	60	176	0	2	4	0	136	184	210	61	0	3	3	0	98	234	92	0	2	0	0	0	0	0	0	1	0	0	
0	0	0	1	0	0	0	0	0	1	0	43	97	6	0	1	0	0	12	91	61	49	0	2	2	0	66	59	47	43	0	2	3	0	61	111	171	49	0	2	0	0	4	29	112	41	0	2	0	0	3	0	94	57	0	2	0	0	1	0	10	10	0	0	
0	0	0	0	1	0	0	0	2	0	69	184	167	78	0	2	2	0	122	86	7	126	27	0	0	0	0	6	0	90	77	0	2	0	37	153	193	190	24	0	0	0	176	151	211	96	0	3	0	0	162	163	43	0	2	0	0	0	1	1	0	2	0	0	
0	1	1	0	0	0	0	0	1	0	26	109	168	124	0	2	0	13	199	143	94	25	0	1	0	74	246	171	197	188	69	0	0	4	15	4	0	103	219	0	2	0	96	105	124	193	101	0	3	0	139	210	124	27	0	1	0	0	0	0	0	1	3	0	
0	0	0	2	0	2	0	0	0	0	1	1	0	25	53	0	0	0	0	104	15	100	44	0	3	0	71	93	54	95	0	3	3	0	85	148	177	32	0	1	0	3	0	100	99	0	3	0	0	0	4	101	9	0	0	0	0	0	5	17	0	1	0	0	
0	0	1	2	0	0	0	0	0	1	0	16	70	7	0	0	1	0	15	126	177	96	0	4	4	0	109	140	159	55	0	2	2	0	35	103	179	30	0	1	0	0	1	0	156	27	0	1	0	0	1	4	153	15	0	1	0	0	0	2	56	2	0	0	
0	0	1	0	1	4	1	0	0	0	0	7	3	0	0	0	1	0	13	206	164	96	21	0	3	0	144	161	9	175	64	0	0	0	75	4	21	133	1	0	0	0	0	0	163	65	0	2	0	1	0	133	113	0	3	0	1	0	36	133	0	2	0	0	
0	0	2	0	0	0	1	0	0	0	0	123	79	25	2	0	3	0	115	161	197	154	82	0	0	37	145	0	41	26	154	1	0	84	84	0	0	36	171	0	0	79	109	0	10	171	86	0	0	11	159	121	166	86	0	2	1	0	15	66	26	0	2	0	
0	0	1	1	0	0	0	0	0	0	0	11	25	74	1	0	2	0	48	143	191	91	0	3	3	0	67	167	126	0	1	0	0	3	0	150	149	3	0	1	1	0	34	89	81	39	0	1	2	0	45	196	124	0	0	0	0	0	0	44	12	0	0	0	
0	0	0	0	1	1	0	0	0	14	166	231	90	0	2	0	0	19	116	169	224	11	0	1	0	1	0	25	224	35	0	2	1	0	18	150	200	0	1	0	0	0	185	255	255	166	10	0	0	0	30	36	77	194	56	0	0	0	0	0	0	0	0	0	
0	0	0	1	1	0	0	0	0	0	3	0	75	173	0	0	0	2	0	28	200	231	21	0	1	0	8	157	70	143	8	0	1	0	106	35	101	149	0	3	0	32	161	120	203	24	0	1	0	11	187	170	21	0	1	0	0	0	0	0	1	1	0	0	
0	0	0	1	1	2	0	0	0	1	0	28	14	0	0	0	0	0	2	130	32	43	0	1	3	0	96	137	99	96	0	3	1	0	45	76	198	39	0	2	0	0	0	9	139	12	0	1	0	1	0	43	118	0	3	0	0	1	0	19	45	0	1	0	
0	0	1	1	0	4	1	0	0	0	0	12	6	0	0	0	2	0	29	187	149	126	17	0	3	0	124	68	8	185	20	0	0	0	16	0	122	90	0	3	0	2	0	76	157	0	1	0	1	0	32	158	11	0	1	0	3	0	82	63	0	3	0	0	
0	1	0	0	0	0	0	0	0	0	25	62	76	127	89	0	0	70	132	77	91	111	39	0	0	6	60	153	124	49	7	0	0	52	191	142	74	86	148	21	0	30	23	0	31	72	121	7	0	33	141	120	120	75	7	0	0	0	1	1	0	0	2	1	
0	0	0	0	0	0	0	0	0	1	0	64	174	187	10	0	1	0	27	135	200	179	69	0	1	0	17	107	14	124	52	0	0	0	133	29	57	181	0	0	0	93	161	107	229	50	0	2	0	86	213	160	38	0	2	0	0	0	0	0	1	2	0	0	
0	1	2	0	0	0	0	0	0	0	0	30	78	58	0	0	0	21	103	92	31	137	24	0	0	17	30	0	50	108	0	2	0	13	8	69	115	5	0	1	0	76	109	125	101	34	24	5	0	7	19	0	27	86	78	7	0	0	0	3	1	0	0	0	
0	0	0	4	0	49	30	0	0	0	3	0	51	170	18	0	0	2	0	54	160	26	0	1	2	0	44	165	63	39	0	0	0	3	138	135	228	198	0	2	0	31	192	223	213	70	0	2	1	0	45	80	19	0	1	0	0	0	0	0	1	3	0	0	
0	0	0	0	0	1	1	0	0	24	68	119	123	15	0	1	0	34	241	104	91	171	13	0	0	14	205	29	0	117	112	0	0	1	209	56	0	46	156	0	0	0	208	68	0	102	145	0	3	0	101	186	158	153	21	0	0	0	0	46	49	0	1	0	
0	0	2	3	0	3	3	0	0	2	1	0	2	0	0	0	2	0	47	145	178	150	161	17	0	49	123	35	41	231	169	0	0	136	164	110	204	160	0	0	0	18	66	58	155	12	0	1	0	2	0	129	72	0	3	0	0	0	9	95	5	0	0	0	
0	0	0	0	0	0	0	0	0	1	0	28	153	34	0	2	1	0	8	164	233	93	0	4	1	0	25	206	160	17	0	1	3	0	72	219	114	0	3	0	3	0	92	102	166	47	0	2	0	0	0	105	163	38	0	2	0	0	1	1	3	0	0	0	
0	0	0	0	0	0	0	0	2	0	35	156	141	54	0	2	1	0	16	69	61	173	44	0	1	0	26	71	116	91	5	0	3	0	85	125	138	95	0	4	0	0	1	0	119	79	0	3	0	84	137	146	65	0	1	0	0	46	51	7	0	1	0	0	
0	0	0	1	4	2	0	0	0	0	46	12	0	0	0	0	2	0	184	187	120	47	0	1	3	0	165	78	116	188	0	2	2	0	94	13	55	173	0	3	0	0	4	0	124	157	0	4	0	0	3	0	200	90	0	3	0	0	0	1	92	20	0	1	
0	0	0	0	0	0	0	0	2	0	50	196	224	229	82	0	2	0	135	182	102	104	124	0	0	0	2	5	0	48	103	0	0	35	181	194	204	248	104	0	0	147	180	116	247	144	5	0	0	65	203	187	74	0	1	0	0	0	0	0	0	2	1	0	
0	0	0	2	0	0	0	0	0	0	3	0	67	185	12	0	0	3	0	86	225	68	0	1	2	0	33	231	69	0	3	0	4	0	106	226	134	16	0	1	2	0	67	132	127	113	0	4	0	0	0	136	205	56	0	3	0	0	0	2	2	0	0	0	
0	0	0	1	0	1	1	0	0	0	0	5	71	0	53	20	0	2	0	103	72	26	84	0	2	0	53	93	0	103	15	0	4	0	97	156	143	70	0	3	0	2	0	83	147	0	2	0	0	1	0	134	38	0	1	0	0	0	4	27	0	1	0	0	
0	0	0	0	0	0	0	0	0	0	1	69	100	91	0	1	0	1	0	22	120	100	0	2	1	0	37	129	51	0	1	0	3	0	89	142	90	14	0	1	0	2	7	0	57	123	0	2	0	1	76	67	91	80	0	2	1	0	11	53	43	0	0	0	
0	0	2	2	0	0	0	0	0	0	1	0	23	84	38	0	1	0	63	107	185	132	143	0	0	0	160	68	35	128	72	0	1	0	21	191	146	44	0	1	1	0	62	133	91	0	5	0	0	44	144	82	54	0	2	0	0	18	109	73	0	1	0	0	
0	0	0	9	7	0	0	0	1	0	29	128	122	16	0	1	2	0	42	29	171	53	0	2	0	1	0	142	176	94	0	3	1	0	35	21	38	142	0	3	1	0	132	4	80	118	0	3	2	0	77	142	122	13	0	1	0	0	0	10	3	0	0	0	
0	0	1	0	13	57	0	1	0	0	4	0	109	111	0	3	0	2	0	102	142	1	12	0	2	0	124	143	68	174	186	3	0	65	119	9	149	137	125	0	0	113	183	130	228	129	0	1	0	9	82	92	47	0	1	0	0	0	0	0	0	2	0	0	
0	1	0	14	56	0	0	0	0	3	0	87	250	70	0	3	0	1	0	5	41	166	0	0	0	0	17	58	97	180	0	0	0	56	247	244	255	228	83	0	0	46	222	201	120	18	104	44	0	0	6	6	0	0	0	0	0	1	0	0	3	2	3	1	
0	0	1	3	0	0	0	0	0	1	2	0	20	139	78	0	1	0	21	123	135	213	176	0	0	25	156	94	0	91	144	0	0	113	34	0	12	185	64	0	0	153	201	166	215	126	0	1	0	9	91	95	37	0	1	0	0	1	0	0	0	3	0	0	
0	0	0	0	0	0	0	0	0	12	118	161	142	26	0	1	0	25	145	86	204	169	0	3	1	0	11	108	228	64	0	2	3	0	97	213	177	165	39	0	0	23	78	0	8	215	120	0	0	29	164	167	210	129	1	0	1	0	23	55	16	0	1	0	
0	0	0	0	1	0	0	0	0	0	1	0	25	159	7	0	0	0	3	0	109	187	0	2	0	1	0	14	223	70	0	3	0	3	0	141	190	0	1	0	2	0	50	227	34	0	2	0	1	0	150	99	0	3	0	0	0	2	5	0	1	0	0	0	
0	0	1	0	36	19	0	1	0	2	0	51	149	80	0	2	0	0	0	135	23	1	1	0	1	0	28	76	65	66	0	2	2	0	52	165	130	126	7	0	2	0	36	203	67	125	4	0	0	1	0	76	141	52	0	2	0	0	0	0	0	0	0	0	
0	0	1	2	0	0	0	0	0	2	0	9	194	162	0	0	1	0	21	196	159	149	83	0	0	0	185	108	0	93	115	0	0	90	133	0	5	184	52	0	0	122	125	29	181	128	0	3	0	32	183	191	96	0	2	0	0	0	0	0	0	2	0	0	
0	0	0	0	0	0	0	0	0	3	0	80	63	0	2	0	0	4	0	113	104	0	3	0	0	3	0	86	139	0	3	0	0	2	0	61	152	0	3	0	0	1	0	42	160	0	2	0	0	0	0	7	130	11	0	1	0	0	0	0	0	0	0	0	
0	0	1	0	1	1	0	0	1	0	8	115	89	16	9	0	0	5	154	102	88	125	0	0	0	14	183	96	138	10	0	1	1	0	13	167	178	42	0	2	0	3	0	96	64	146	0	1	0	3	0	93	163	71	0	2	0	1	0	14	34	0	0	0	
0	0	1	1	0	0	0	0	0	1	2	0	19	13	0	1	2	0	46	15	121	68	0	3	0	21	184	58	107	84	0	3	0	56	98	101	187	49	0	2	0	0	2	0	149	45	0	2	0	2	6	0	110	25	0	1	0	0	0	0	34	4	0	0	
0	0	0	0	1	2	0	0	0	2	6	0	10	88	0	0	0	1	4	0	62	98	0	3	0	0	2	0	128	34	0	1	0	2	0	58	148	0	2	0	0	1	0	171	57	0	2	0	1	0	33	114	0	2	0	0	0	0	1	2	1	0	0	0	
0	0	0	0	0	0	0	0	0	19	107	114	98	25	0	1	0	22	74	8	173	120	0	4	2	0	40	170	203	9	0	1	1	0	50	72	133	110	0	3	0	0	2	0	160	116	0	4	0	3	84	171	170	2	0	1	0	1	55	58	5	0	0	0	
0	0	2	0	76	27	0	1	0	2	0	49	97	0	2	0	0	0	3	134	20	0	1	0	2	0	64	96	14	124	28	0	3	0	113	72	110	175	32	0	3	0	103	217	139	35	0	1	0	0	4	23	5	0	1	0	0	0	1	0	1	2	0	0	
0	0	2	3	2	2	0	0	0	2	0	0	0	0	1	0	0	1	52	66	83	106	1	0	0	94	82	42	11	79	56	0	0	100	62	57	63	81	89	0	0	4	26	33	19	3	88	1	0	1	0	0	1	0	50	8	0	0	1	1	1	0	0	0	
0	0	0	2	0	2	0	0	0	1	0	22	91	0	0	0	0	2	0	132	175	139	4	0	3	0	79	136	10	155	3	0	2	0	51	13	138	70	0	3	0	3	0	97	156	0	2	0	1	0	19	183	23	0	1	0	0	0	11	30	0	1	0	0	
0	0	0	0	1	0	0	0	1	0	21	156	165	58	0	2	4	0	152	152	157	217	0	1	3	0	85	182	223	60	0	2	2	0	40	251	208	57	0	2	3	0	76	227	116	241	37	0	0	1	0	113	211	146	15	0	0	0	0	0	0	0	0	0	
0	0	0	0	0	0	0	0	0	0	1	74	126	161	31	0	3	0	100	193	60	63	87	0	0	1	5	3	0	90	64	0	1	0	52	94	94	128	0	1	0	72	186	241	240	31	0	2	0	103	162	34	81	51	0	2	0	0	0	0	0	1	0	0	
0	0	0	0	3	0	0	0	0	20	43	13	0	3	2	0	0	121	245	199	91	0	2	0	0	8	21	17	180	99	60	9	0	3	0	105	209	185	52	2	0	3	0	117	84	97	0	4	0	3	0	59	219	82	0	3	0	0	0	8	84	10	0	1	
0	0	0	1	0	0	1	0	0	0	2	0	29	55	5	0	1	0	12	67	63	143	122	0	0	5	59	24	36	204	72	0	0	41	172	111	221	54	0	2	0	6	33	133	100	0	5	0	2	0	54	131	0	2	0	0	1	0	54	24	0	1	0	0	
0	0	2	1	0	0	0	0	0	0	0	10	45	128	72	0	2	0	49	151	146	99	19	0	4	0	114	143	0	1	0	0	0	1	0	104	145	17	0	1	0	0	14	0	142	92	0	3	3	0	96	174	135	13	0	1	1	0	13	38	1	0	0	0	
0	0	3	0	0	2	1	0	0	1	0	37	33	0	1	0	1	0	93	143	107	51	23	0	0	4	99	14	0	148	56	0	0	0	1	0	121	104	0	2	0	2	0	115	143	0	2	0	3	0	88	160	0	2	0	0	1	0	65	21	0	1	0	0	
0	0	0	0	1	3	0	0	1	0	27	120	186	162	5	0	4	0	158	158	11	15	3	0	2	0	155	192	121	13	0	1	0	1	0	7	120	167	3	0	2	0	80	66	24	216	46	0	2	0	71	169	185	103	0	1	0	0	0	0	0	0	0	0	
0	0	2	1	0	2	1	0	0	1	0	6	61	30	0	1	1	0	39	57	114	159	11	0	0	31	132	27	131	240	28	0	0	44	162	112	215	65	0	3	0	3	0	102	118	0	3	0	2	0	45	167	9	0	1	0	2	0	49	45	0	2	0	0	
0	0	0	1	0	0	0	0	0	0	0	0	94	96	0	0	0	2	0	155	228	239	33	0	0	2	0	176	199	218	29	0	0	1	0	163	244	34	0	2	3	0	110	255	174	0	3	0	3	0	176	215	28	0	1	0	1	0	20	14	0	1	0	0	
0	0	0	0	0	0	1	1	0	0	1	2	2	0	0	0	0	0	0	0	0	7	36	18	0	0	18	56	83	104	91	23	0	5	103	48	15	1	0	0	0	14	113	27	0	2	3	1	0	22	42	0	1	0	0	0	0	0	0	0	0	0	0	0	
0	0	1	1	0	0	0	0	0	2	0	86	132	1	0	0	1	0	20	220	247	55	0	3	4	0	119	161	160	110	0	4	0	0	212	223	208	237	90	0	0	0	138	149	172	238	38	0	0	0	2	0	61	158	0	3	0	0	3	2	14	19	0	0	
0	0	0	0	8	4	0	0	0	0	0	37	84	34	23	0	1	0	28	45	0	135	62	0	2	0	35	112	161	104	0	2	0	2	0	126	136	42	0	2	2	0	45	129	74	64	0	2	1	0	27	171	89	0	0	0	0	0	0	3	1	0	0	0	
0	0	0	6	0	0	0	0	0	0	2	137	123	0	0	0	0	0	0	84	225	24	0	1	2	0	46	234	173	0	0	1	0	0	3	0	116	166	0	3	1	0	34	81	193	102	0	3	3	0	127	199	58	0	2	0	0	0	0	0	0	2	0	0	
0	0	1	0	0	2	0	0	0	0	0	37	70	21	0	1	1	0	35	68	49	88	6	0	3	0	91	102	126	173	0	0	1	0	19	71	177	71	0	3	0	1	0	38	160	0	0	0	0	1	0	163	70	0	2	0	1	0	13	76	0	1	0	0	
0	0	0	1	0	0	0	0	3	0	103	201	133	2	0	1	1	0	32	42	207	38	0	2	0	3	0	81	173	0	4	0	0	0	0	184	66	0	2	0	2	0	45	204	28	109	118	0	1	0	2	130	194	163	56	0	0	0	0	0	1	0	0	0	
0	0	0	0	64	8	0	0	0	1	0	37	144	0	1	0	0	2	0	102	104	73	30	0	2	0	34	146	108	148	140	0	0	2	85	100	117	123	63	0	0	22	193	173	219	88	0	2	0	1	67	78	13	0	2	0	0	0	0	0	1	3	0	0	
0	0	0	0	0	0	0	0	1	0	18	105	120	99	5	0	2	0	48	209	162	237	30	0	1	0	22	225	148	33	0	1	3	0	95	170	140	0	1	0	4	0	122	72	106	146	0	2	1	0	17	138	162	179	0	0	0	0	0	4	47	21	0	1	
0	0	3	1	0	0	0	0	0	0	0	0	46	125	103	11	1	0	88	106	122	130	86	13	1	0	174	174	40	0	1	0	0	0	6	41	137	84	0	3	0	66	26	0	97	102	0	3	0	93	167	134	110	7	0	1	0	1	29	11	0	1	0	0	
0	0	0	8	17	2	0	0	1	0	23	126	106	75	0	2	2	0	64	94	7	129	0	1	1	0	0	159	214	57	0	3	3	0	86	99	25	122	1	0	1	0	146	16	35	126	0	0	1	0	104	143	116	28	0	1	0	0	1	10	0	0	0	0	
0	0	0	2	8	0	0	0	1	0	119	173	144	44	0	2	0	7	96	47	3	105	10	0	0	1	1	0	13	130	2	0	0	12	139	126	185	206	122	16	0	122	137	102	142	61	105	17	0	83	122	48	0	0	0	0	0	0	0	0	2	3	4	1	
0	0	0	0	0	2	3	0	1	0	28	81	94	128	36	0	4	0	101	144	20	18	0	0	4	0	119	167	65	7	0	0	3	0	79	111	91	122	0	2	0	2	57	0	34	172	7	0	0	0	125	149	128	58	0	1	0	0	0	4	0	0	0	0	
0	0	3	0	34	15	1	0	0	2	0	43	158	11	0	1	2	0	69	136	6	104	106	0	0	34	157	28	135	135	180	0	0	113	18	62	92	138	80	0	1	173	135	187	214	111	0	1	0	32	124	105	21	0	2	0	0	0	0	0	0	3	0	0	
0	0	0	0	0	0	0	0	0	2	0	62	139	17	0	1	1	0	1	224	164	0	0	1	2	0	57	166	166	18	0	1	1	0	22	131	225	91	0	4	0	0	1	0	106	90	0	3	1	0	41	109	175	34	0	2	1	0	28	58	17	0	1	0	
0	0	0	0	0	0	0	0	1	0	119	192	178	214	144	0	1	0	123	133	55	157	112	0	0	1	0	17	0	112	93	0	0	14	154	227	241	170	5	0	0	158	249	148	194	191	6	0	0	167	143	40	0	127	89	0	0	0	0	0	2	1	2	0	
0	0	0	0	0	0	0	0	0	0	0	55	101	117	16	0	2	0	45	161	60	59	15	0	4	0	117	157	73	19	0	1	3	0	97	112	91	136	0	1	0	0	4	0	0	132	14	0	2	0	68	113	130	135	0	2	0	0	2	48	63	12	0	1	
0	0	1	0	0	1	1	0	0	0	0	54	115	58	0	2	3	0	105	129	18	134	40	0	2	0	83	141	154	129	6	0	1	0	17	178	145	16	0	1	3	0	109	45	48	94	0	3	2	0	143	78	107	25	0	1	1	0	33	42	4	0	0	0	
0	0	2	0	0	1	0	0	0	1	0	39	56	0	1	0	2	0	81	145	155	47	0	2	0	5	169	0	118	189	0	2	1	0	87	114	211	151	0	4	0	0	4	0	141	102	0	4	0	1	0	10	192	26	0	1	0	0	0	9	61	0	0	0	
0	0	0	0	1	1	0	0	0	0	0	0	4	126	11	0	0	0	3	0	116	134	0	3	0	1	0	31	184	13	0	1	0	3	0	139	91	0	3	0	1	0	32	174	1	0	0	0	2	0	110	93	0	3	0	0	0	0	3	1	0	0	0	0	
0	0	0	0	0	0	0	0	2	0	59	140	100	5	0	0	3	0	100	105	25	8	0	0	2	0	47	101	78	16	0	1	1	0	15	134	124	94	0	4	0	1	0	12	119	79	0	3	0	3	0	118	175	0	0	0	0	0	0	14	9	0	0	0	
0	0	1	1	0	0	0	0	0	1	0	42	68	10	0	0	1	0	1	180	181	207	36	0	3	0	95	158	2	186	13	0	1	0	45	13	125	135	0	4	0	3	0	81	195	2	0	1	2	0	58	222	43	0	2	0	2	0	81	76	0	3	0	0	
0	0	0	0	0	0	0	0	0	2	0	78	106	19	0	1	1	0	12	167	118	108	0	4	0	0	6	119	169	59	0	2	0	3	0	94	197	62	0	3	0	0	9	115	84	102	0	4	0	0	1	133	174	24	0	1	0	1	0	25	37	0	1	0	
0	0	3	2	0	0	0	0	0	1	0	31	64	37	20	0	2	0	57	220	207	159	144	13	3	0	144	220	165	63	0	3	0	0	3	0	54	173	0	2	0	8	12	0	154	136	0	3	0	26	192	221	160	7	0	1	1	0	102	79	0	1	0	0	
0	0	0	1	0	0	0	0	0	1	0	30	143	49	0	2	0	0	2	140	129	122	0	1	1	0	29	109	6	72	0	0	1	0	23	167	175	57	0	3	2	0	103	19	33	72	0	3	2	0	97	82	83	34	0	1	0	0	6	53	33	0	0	0	
0	0	1	3	0	7	12	0	0	1	0	4	155	175	71	0	1	0	1	160	176	14	0	1	1	0	32	180	149	52	0	2	0	0	3	0	111	135	0	4	0	24	46	114	183	25	0	1	0	46	208	177	34	0	1	0	0	0	0	0	1	1	0	0	
0	0	0	0	0	0	0	0	0	0	0	0	53	3	0	0	0	1	0	30	127	0	2	0	0	1	0	42	96	0	3	0	0	2	0	59	91	0	3	0	0	2	0	57	77	0	3	0	0	2	0	50	67	0	3	0	0	0	0	5	10	0	0	0	
0	0	0	0	0	0	0	0	0	1	0	12	103	94	1	0	0	0	0	0	54	183	0	0	0	0	4	0	132	111	0	3	0	3	0	84	176	0	0	1	2	0	60	218	25	0	1	0	0	7	173	62	0	3	0	0	0	7	22	0	2	0	0	0	
0	0	0	0	0	0	0	0	0	8	125	130	66	0	0	0	0	5	63	109	186	18	0	1	2	0	33	194	67	0	1	0	0	1	0	29	154	91	0	2	0	0	9	0	18	155	2	0	2	0	86	120	151	103	0	2	0	0	8	62	45	0	0	0	
0	0	1	1	1	0	0	0	3	0	99	85	51	56	0	2	1	0	6	76	193	49	0	2	2	0	123	186	91	39	2	0	0	0	22	9	0	115	66	0	0	0	0	17	69	178	26	0	2	0	57	188	164	31	0	2	0	0	3	5	0	1	1	0	
0	0	1	0	1	1	0	0	1	0	11	95	23	0	1	0	3	0	91	159	169	9	2	2	0	0	36	0	102	89	0	3	0	40	213	191	184	177	101	34	0	17	155	180	131	95	95	24	0	0	0	0	0	0	0	0	0	1	4	4	4	4	3	1	
0	0	0	1	0	0	1	0	0	0	2	0	161	194	8	0	0	4	0	125	194	178	104	0	3	0	74	188	0	91	157	0	0	18	163	24	0	212	90	0	0	146	132	101	232	173	0	0	0	137	196	150	81	0	1	0	0	0	0	0	0	2	1	0	
0	0	0	0	5	1	0	0	0	4	80	153	184	123	0	0	0	36	145	54	11	183	32	0	0	0	2	0	61	140	0	2	1	0	22	85	218	151	9	0	0	46	200	239	74	95	138	0	0	72	183	44	0	1	11	2	0	0	0	0	3	3	0	0	
0	0	0	0	1	0	0	0	0	0	0	0	3	95	9	0	0	0	3	0	93	185	0	1	0	1	0	13	198	43	0	2	0	3	0	118	132	0	3	0	1	0	14	180	24	0	1	0	3	0	79	133	0	3	0	0	1	0	19	18	0	0	0	0	
0	0	1	1	0	0	0	0	0	1	0	35	156	62	14	0	1	0	16	216	119	178	93	0	4	0	129	173	0	169	63	0	0	3	206	43	18	183	3	0	0	17	220	38	173	131	0	3	3	0	137	248	160	1	0	0	0	0	5	37	1	1	0	0	
0	0	0	0	1	1	2	0	0	0	0	3	0	125	74	0	0	0	3	0	67	182	2	0	0	1	0	8	179	41	0	2	0	2	0	139	110	0	4	0	3	0	98	168	0	3	0	0	0	0	151	36	0	1	0	0	0	1	3	1	1	0	0	0	
0	0	0	0	20	4	0	0	0	1	0	29	175	4	0	0	0	3	0	123	117	0	3	0	1	0	20	218	198	148	0	1	4	0	125	191	109	183	0	1	3	0	160	227	175	52	0	2	2	0	35	138	40	0	1	0	0	0	0	0	1	2	0	0	
0	1	4	1	0	2	3	0	0	0	0	2	13	1	0	0	0	15	167	208	185	158	96	0	0	21	112	46	51	197	87	0	1	0	22	184	227	100	0	3	1	0	27	89	81	140	0	2	1	0	17	103	89	22	0	1	3	0	96	143	2	0	1	0	
0	0	0	0	0	1	3	0	0	10	56	1	2	2	0	0	0	7	213	55	0	39	131	0	0	7	205	40	60	234	154	0	0	130	242	183	197	226	97	0	0	159	140	85	0	186	110	0	0	0	0	1	0	131	45	0	0	2	4	3	1	0	0	0	
0	0	0	0	0	1	0	0	0	1	0	57	105	61	38	0	1	0	38	81	42	184	51	0	0	0	6	35	134	96	0	1	1	0	11	151	138	0	1	0	2	0	117	37	58	38	0	1	1	0	158	117	63	5	0	0	1	0	28	58	3	0	0	0	
0	0	0	19	58	0	1	0	0	3	0	137	126	0	4	0	1	0	27	181	7	0	1	0	3	0	96	114	15	92	15	0	4	0	118	124	120	213	75	0	2	0	41	188	207	126	2	0	0	1	0	30	69	12	0	1	0	0	1	1	0	2	1	0	
0	0	2	0	0	0	1	0	0	0	0	37	8	0	29	18	1	0	80	138	6	7	144	22	0	22	68	0	0	80	36	0	0	94	155	105	169	162	0	3	0	14	44	63	161	21	0	1	0	0	0	14	29	0	1	0	0	1	2	1	1	1	0	0	
0	0	0	0	0	0	0	0	0	0	4	0	57	44	0	2	0	0	8	0	101	116	0	4	1	0	111	74	115	110	0	4	0	38	208	81	177	97	0	4	0	13	33	0	98	91	0	3	0	0	4	0	98	92	0	3	0	1	2	0	15	16	0	1	
0	0	0	2	0	1	0	0	0	0	0	0	14	5	0	0	0	0	10	72	145	197	8	0	0	0	8	8	139	246	13	0	0	57	115	146	184	35	0	1	0	70	138	51	7	0	0	0	0	2	3	0	2	2	0	0	0	64	32	0	2	0	0	0	
0	0	1	0	0	0	0	0	0	0	5	108	95	46	0	1	3	0	85	152	113	167	0	3	4	0	104	88	185	72	0	3	2	0	41	210	105	160	15	0	4	0	117	69	43	137	0	1	3	0	68	143	154	20	0	1	0	0	0	41	15	0	1	0	
0	0	3	1	0	0	0	0	0	1	0	13	66	72	10	0	0	0	119	48	130	155	51	0	1	0	96	107	21	0	2	0	0	1	0	8	71	70	0	2	0	0	2	0	47	90	0	3	0	34	124	124	72	0	1	0	0	9	99	54	10	0	1	0	
0	0	0	0	0	0	0	0	3	0	64	207	206	118	0	2	1	0	34	46	120	208	0	1	0	3	0	44	228	62	0	3	2	0	55	230	84	29	36	0	0	40	248	223	180	206	127	0	0	63	200	112	45	3	2	0	0	0	0	0	0	1	1	0	
0	0	0	0	1	1	0	0	0	0	0	1	0	110	14	0	0	0	2	0	45	132	0	1	0	0	2	0	142	69	0	3	0	3	0	109	150	0	3	0	2	0	63	155	2	0	0	0	1	0	116	38	0	2	0	0	0	0	1	2	1	0	0	0	
0	0	2	1	0	0	0	0	0	1	0	36	92	16	0	1	3	0	61	192	186	178	0	2	1	0	191	51	117	193	0	3	0	2	201	216	255	107	0	4	1	0	23	66	174	106	0	4	0	0	3	0	191	89	0	3	0	0	2	0	63	17	0	1	
0	0	2	1	0	0	1	0	0	0	0	1	31	119	29	0	2	0	80	90	0	133	96	0	3	0	146	137	111	174	44	0	1	0	14	159	195	77	0	3	3	0	108	41	64	81	0	3	0	9	163	95	54	0	1	0	0	2	45	39	4	0	0	0	
0	0	0	0	0	0	0	0	0	1	0	17	89	35	0	1	0	3	0	116	136	98	9	0	2	0	38	229	59	0	2	0	1	0	12	52	163	38	0	2	0	0	1	0	153	42	0	2	1	0	7	136	123	0	2	0	1	0	45	72	0	1	0	0	
0	0	1	0	0	0	0	0	0	0	0	69	96	58	16	0	2	0	66	97	6	27	22	0	0	1	163	45	45	179	49	0	0	0	82	116	231	109	0	2	0	1	0	134	110	0	2	0	2	0	123	128	0	3	0	0	0	3	31	0	2	0	0	0	
0	0	0	0	0	0	0	0	0	0	0	3	73	1	0	0	0	1	0	29	174	0	0	0	0	2	0	52	175	0	1	0	0	2	0	72	134	0	3	0	0	4	0	111	127	0	4	0	0	2	0	64	40	0	1	0	0	0	0	0	0	0	0	0	
0	0	0	0	1	2	1	0	0	0	0	0	2	102	8	0	0	0	2	0	65	107	0	3	0	0	0	8	149	20	0	1	0	3	0	85	90	0	3	0	1	0	34	141	2	0	0	0	3	0	88	68	0	2	0	0	0	0	1	1	0	0	0	0	
0	0	2	0	1	0	0	0	0	0	2	0	44	88	0	3	1	0	49	0	78	110	0	4	1	0	163	38	108	86	0	3	0	49	177	126	215	111	0	3	0	38	30	0	110	131	0	4	0	0	3	0	25	118	0	1	0	1	1	0	2	1	0	0	
0	0	1	0	39	29	0	1	0	2	0	98	160	95	0	1	0	0	2	65	9	77	6	0	0	0	2	0	36	95	0	2	1	0	31	98	136	30	0	1	2	0	125	206	169	44	0	1	1	0	98	66	5	50	0	1	0	0	0	0	2	0	0	0	
0	0	0	0	3	2	0	0	0	95	148	19	0	1	1	0	0	92	221	234	156	28	0	1	0	1	0	56	223	237	35	0	0	3	1	0	184	255	60	0	1	0	5	174	255	98	0	2	2	0	37	245	99	0	2	0	0	0	2	28	2	2	0	0	
0	0	0	0	0	5	4	0	0	0	0	1	0	90	24	0	0	0	3	0	77	92	0	2	0	1	0	22	119	3	0	0	0	2	0	109	63	0	2	0	2	0	59	138	0	2	0	0	2	0	105	42	0	1	0	0	0	0	1	1	0	0	0	0	
1	0	16	59	12	0	1	0	1	0	53	107	126	0	0	0	0	0	3	0	123	40	0	1	0	0	5	0	134	46	0	2	0	0	0	26	151	4	0	0	3	0	68	227	194	49	0	2	2	0	44	100	21	34	0	1	0	0	0	0	0	0	0	0	
0	0	0	0	33	7	0	0	0	1	0	10	140	112	16	0	0	3	0	95	72	12	1	0	0	1	0	171	160	124	2	0	0	3	1	5	0	108	29	0	0	103	45	61	166	101	0	1	0	58	139	117	56	0	0	0	0	0	0	0	0	2	0	0	
0	0	0	5	29	0	0	0	0	3	0	76	129	0	3	0	0	3	0	129	54	0	2	0	0	0	0	161	38	0	1	0	2	0	36	169	119	60	0	2	1	0	27	143	116	140	0	4	0	2	0	66	133	19	0	1	0	0	0	0	0	1	0	0	
0	0	2	3	7	22	0	1	0	64	90	0	79	70	0	2	0	33	5	86	85	0	3	0	2	0	44	116	3	114	107	0	2	0	91	23	84	107	113	0	2	0	127	123	147	145	28	0	2	0	34	153	127	20	0	1	0	0	0	0	0	1	1	0	
0	0	0	0	0	0	0	0	0	0	14	9	49	25	0	1	2	0	64	92	89	60	0	2	3	0	110	53	60	71	0	3	2	0	110	114	155	147	0	4	0	0	4	15	72	100	0	4	0	0	4	0	75	86	0	3	0	0	1	0	15	10	0	0	
0	0	1	3	2	2	1	0	0	0	0	0	0	0	0	0	3	0	64	151	149	129	27	0	1	0	24	50	13	105	41	0	0	0	2	0	64	78	0	1	0	2	0	50	129	3	0	0	1	0	25	87	9	0	1	0	0	33	127	8	0	1	0	0	
0	0	1	1	0	0	0	0	0	1	0	74	186	30	0	2	2	0	62	93	140	125	0	4	3	0	64	156	194	46	0	2	2	0	37	158	135	98	0	3	0	0	162	17	54	163	0	3	1	0	88	152	148	36	0	2	0	0	0	10	2	0	0	0	
0	0	0	2	1	0	0	0	0	0	3	0	9	98	62	0	0	2	0	45	127	110	75	30	1	0	87	105	14	0	93	21	0	52	98	0	0	123	68	0	0	85	23	39	140	78	0	2	0	33	143	122	37	0	2	0	0	1	8	0	0	2	0	0	
0	0	1	43	8	0	0	0	0	1	0	89	100	0	2	0	0	0	1	1	122	30	0	1	2	0	36	172	189	50	0	2	0	0	5	21	30	122	0	2	1	0	53	13	57	127	0	2	1	0	64	108	103	20	0	1	0	0	0	0	0	1	0	0	
0	0	0	0	2	2	2	0	0	0	0	3	0	74	94	0	0	1	2	0	40	153	15	0	0	6	0	18	148	35	0	2	3	1	2	145	52	0	3	0	0	0	128	79	0	3	0	0	0	43	129	0	3	0	0	0	0	1	1	1	0	0	0	0	
0	2	0	0	0	0	2	0	1	0	22	104	78	43	1	0	0	71	251	246	250	255	100	0	0	208	159	0	135	207	180	0	0	201	42	0	2	139	201	0	0	143	223	97	127	243	100	0	0	2	127	210	184	73	0	1	0	2	0	0	0	0	1	0	
0	0	1	0	17	42	0	1	0	2	0	79	167	132	13	0	0	1	0	100	32	57	44	0	0	1	1	0	0	108	14	0	0	0	26	45	122	90	0	3	0	64	160	211	168	76	14	0	0	40	115	45	0	14	16	0	0	0	0	0	3	1	0	0	
0	0	1	1	0	0	0	0	0	2	0	42	128	112	8	0	1	0	26	172	183	238	12	0	3	0	159	80	168	171	0	3	0	36	151	14	211	49	0	2	0	39	188	170	199	1	0	0	0	0	53	26	183	69	0	3	0	0	0	0	20	7	0	0	
0	0	0	0	0	0	0	0	1	0	23	68	49	52	7	0	2	0	51	75	57	139	16	0	0	0	1	98	104	19	0	1	1	0	10	73	87	19	0	1	0	0	3	0	33	73	0	3	1	0	67	81	98	27	0	1	1	0	25	120	44	0	1	0	
0	0	0	0	0	1	0	0	1	0	37	87	57	4	0	0	0	18	173	110	111	175	11	0	0	4	11	0	124	151	0	1	0	1	0	45	157	133	4	0	0	0	1	0	19	186	35	0	0	7	85	107	145	48	0	2	0	7	118	84	8	0	1	0	
0	0	0	3	1	0	0	1	0	2	0	76	115	79	93	23	0	0	13	61	12	33	13	0	3	0	63	166	89	3	0	0	1	0	16	26	67	70	0	3	0	32	54	0	88	57	0	2	0	9	131	144	73	0	1	0	0	0	5	8	0	1	0	0	
0	0	1	0	0	0	0	0	1	0	7	88	106	13	0	1	1	0	133	69	133	17	0	1	2	0	86	132	123	0	3	0	0	2	0	119	124	51	0	2	1	0	18	118	0	106	7	0	1	0	10	116	107	83	0	1	0	1	0	19	36	0	0	0	
0	0	1	1	0	71	21	0	0	0	1	0	112	100	0	0	0	0	0	96	72	0	1	0	3	0	75	76	0	59	20	0	0	0	88	33	141	226	52	0	2	0	128	241	215	80	0	1	1	0	33	84	28	0	1	0	0	0	0	0	0	3	0	0	
0	0	1	2	0	0	0	0	0	0	0	0	5	72	3	0	0	0	10	30	49	112	0	3	4	0	97	127	120	53	0	2	1	0	22	96	172	8	0	1	0	1	0	30	116	0	2	0	0	1	0	43	117	0	2	0	0	0	0	3	28	0	0	0	
0	0	1	3	3	1	0	0	0	0	1	4	0	1	13	1	2	0	73	161	85	129	120	0	2	0	101	80	36	97	19	0	0	0	2	0	87	87	0	2	0	2	0	64	123	0	2	0	1	0	23	144	25	0	1	0	2	0	107	60	0	2	0	0	
0	0	0	0	0	1	1	0	0	0	0	101	161	36	0	2	3	0	56	252	161	179	4	0	4	0	121	147	0	169	62	0	3	0	131	61	0	162	38	0	1	0	195	50	21	186	7	0	4	0	104	199	176	68	0	3	0	0	0	54	32	0	1	0	
0	0	0	2	1	0	0	0	0	1	1	0	0	48	41	0	0	1	0	48	67	68	107	5	0	14	78	51	0	30	78	0	0	74	19	0	42	103	13	0	8	108	50	94	77	8	0	1	0	30	58	18	0	2	1	0	0	0	0	0	2	0	0	0	
0	0	1	0	0	0	1	0	0	0	2	26	46	43	19	26	3	0	69	172	155	10	106	61	2	0	127	54	8	41	115	0	3	0	118	72	34	131	19	0	1	0	25	200	116	11	0	1	3	0	102	217	17	0	2	0	2	0	67	56	0	2	0	0	
0	0	0	0	0	3	2	0	0	0	0	2	0	83	26	0	0	1	4	0	60	106	0	2	0	5	0	28	123	4	0	0	0	2	0	126	57	0	2	0	2	0	69	104	0	2	0	0	0	4	105	13	0	0	0	0	0	1	2	1	0	0	0	0	
0	0	0	0	0	0	1	0	0	1	0	29	129	75	0	2	1	0	23	158	66	201	41	0	1	0	26	151	105	149	19	0	1	0	15	227	141	0	2	0	3	0	106	113	142	0	2	0	2	0	106	73	135	0	2	0	1	0	20	43	22	0	1	0	
0	0	0	0	8	12	0	0	0	0	0	96	105	99	43	0	0	0	3	30	0	52	86	0	0	1	1	1	0	98	35	0	0	0	19	55	76	66	0	1	0	51	124	151	178	20	0	1	0	102	124	24	28	22	0	1	0	1	2	0	1	0	0	0	
0	0	0	0	0	1	0	0	1	0	23	102	69	1	0	0	3	0	66	151	162	103	0	3	0	2	4	0	60	147	0	3	0	1	0	13	191	124	36	11	0	69	192	187	159	116	97	12	0	33	65	14	0	1	0	0	0	0	0	0	4	4	3	0	
0	0	1	13	2	0	0	0	0	0	1	95	98	41	0	1	0	0	1	0	31	125	0	0	0	2	0	82	128	15	0	1	0	0	1	29	86	31	0	1	0	27	13	0	53	78	0	3	0	39	111	108	88	5	0	0	0	0	8	14	1	0	0	0	
0	0	1	0	0	2	1	0	0	1	0	123	124	0	0	0	3	0	67	250	211	169	0	0	4	0	158	139	0	188	75	0	1	0	204	91	0	159	110	0	2	0	183	170	51	219	25	0	1	0	17	152	193	67	0	3	0	0	0	0	1	0	0	0	
0	0	0	0	1	0	5	2	0	0	0	4	0	47	98	0	0	0	2	0	36	126	17	0	0	1	0	62	150	18	0	1	2	0	30	171	39	0	2	0	0	8	127	41	0	2	0	0	0	76	86	0	4	0	0	0	0	3	2	1	0	0	0	0	
0	0	0	1	0	0	0	0	0	0	1	0	88	23	0	1	0	1	0	28	222	34	0	2	0	3	0	168	235	3	0	1	0	2	0	111	173	0	2	0	0	3	0	88	164	0	3	0	0	3	0	91	155	0	3	0	0	0	0	6	13	0	0	0	
0	0	1	0	7	51	22	0	0	0	1	0	101	115	64	0	0	3	0	87	78	0	2	0	1	0	37	153	91	121	9	0	3	27	1	4	0	82	77	0	1	133	67	16	62	125	26	0	0	28	118	113	91	23	0	1	0	0	0	0	0	1	1	0	
0	1	0	0	1	2	0	0	0	0	13	30	11	0	1	0	0	43	89	93	110	58	0	1	0	16	3	0	0	99	33	0	0	0	62	67	41	109	21	0	1	0	100	120	162	122	61	5	0	0	0	11	4	2	11	1	0	0	2	0	1	2	0	0	
0	11	13	0	6	8	0	0	0	70	40	14	92	23	0	1	1	0	17	102	25	0	1	0	2	0	85	36	0	38	37	0	0	10	93	0	58	114	124	0	1	0	103	156	165	91	14	0	1	0	12	61	41	1	0	0	0	0	1	0	0	2	1	0	
0	1	1	0	0	1	2	0	1	0	17	179	130	1	0	1	0	7	162	78	113	190	48	0	0	78	130	0	0	52	178	0	0	108	75	0	0	78	138	0	0	74	175	4	98	175	14	0	1	0	126	183	143	32	0	2	0	1	0	3	0	1	1	0	
0	0	1	2	1	2	1	0	0	0	0	0	0	0	0	0	0	20	132	121	113	97	26	0	0	3	20	28	4	109	66	0	0	0	1	0	16	104	2	0	0	0	1	0	112	39	0	1	0	1	0	93	75	0	2	0	2	0	70	102	0	3	0	0	
0	0	1	0	0	0	0	0	1	0	29	131	119	60	0	1	3	0	155	255	212	55	0	2	3	0	138	245	191	120	22	0	4	0	152	95	0	231	78	0	3	0	176	86	114	182	0	0	3	0	75	235	187	21	0	1	0	0	3	43	7	0	1	0	
0	0	2	2	0	1	1	0	0	0	0	4	32	13	0	1	1	0	32	130	110	110	16	0	2	0	119	42	31	183	29	0	2	0	64	130	202	99	0	3	0	1	0	35	119	0	1	0	0	1	0	131	46	0	2	0	1	0	40	106	0	2	0	0	
0	0	0	0	0	0	0	0	0	48	138	106	86	43	0	1	0	24	45	38	173	201	0	0	1	0	24	205	111	7	0	0	0	1	9	103	141	41	0	2	0	0	2	0	50	215	23	0	0	32	123	135	146	108	6	0	0	16	66	49	15	0	0	0	
0	0	0	0	0	0	0	0	0	1	0	35	99	13	0	1	0	0	8	114	58	137	4	0	0	1	0	95	162	65	0	2	0	2	0	147	130	0	3	0	2	0	51	100	95	0	1	0	3	0	56	158	63	0	2	0	0	0	6	44	1	0	0	0	
0	0	0	1	1	0	0	0	1	0	71	164	104	0	3	0	0	14	98	87	123	0	4	1	0	2	0	129	42	0	2	7	2	0	42	119	0	0	34	68	4	0	108	63	4	87	104	10	2	0	52	133	123	79	6	0	0	0	0	4	1	0	1	1	
0	0	0	0	0	0	0	0	0	0	4	19	29	14	0	0	2	0	39	156	145	127	3	0	0	0	0	1	0	101	11	0	0	0	3	0	85	85	0	3	0	2	0	50	128	0	0	0	1	0	31	149	18	0	1	0	3	0	87	58	0	2	0	0	
0	0	0	1	0	0	0	0	0	0	0	7	92	10	0	1	0	2	0	51	228	15	0	1	0	3	0	98	212	0	1	0	0	4	0	135	165	0	4	0	0	4	0	165	137	0	4	0	0	4	0	132	113	0	4	0	0	1	0	14	21	0	1	0	
0	0	1	2	0	0	0	0	0	1	2	0	103	196	33	0	0	0	2	109	111	86	106	0	0	0	138	87	0	61	123	0	0	77	87	0	87	204	31	0	0	115	78	174	177	28	0	1	0	125	203	87	1	1	2	0	0	0	0	0	2	2	0	0	
0	0	0	0	1	1	0	0	0	0	0	26	13	76	19	0	3	0	61	170	148	182	2	0	1	0	24	146	191	36	0	2	0	0	0	161	188	51	0	2	3	0	95	88	132	106	0	4	3	0	121	164	110	0	0	0	1	0	24	41	0	1	0	0	
0	0	0	0	46	24	0	1	0	1	0	6	129	114	0	2	0	0	1	1	0	76	4	0	0	0	3	26	49	65	0	1	1	0	83	73	172	83	0	3	0	22	116	70	42	49	2	0	0	0	111	62	0	2	0	0	0	0	0	0	2	1	0	0	
0	3	1	0	0	0	0	0	0	0	4	21	23	25	2	0	0	92	132	107	94	142	90	0	20	172	15	0	0	132	61	0	7	43	0	0	30	154	0	1	0	1	4	0	81	100	0	3	0	2	4	0	130	114	0	2	0	0	2	0	97	63	0	2	
0	0	0	1	4	1	0	0	0	0	1	0	112	137	67	0	0	1	0	15	44	127	76	0	0	0	5	152	206	122	0	2	5	7	1	1	24	96	0	2	37	118	0	5	110	64	0	2	0	111	167	129	63	0	0	0	0	0	10	4	0	1	0	0	
0	0	0	1	1	1	0	0	0	0	0	15	31	0	1	0	0	2	0	89	143	28	0	1	1	0	24	143	191	44	0	2	1	0	22	156	162	0	0	0	0	1	0	32	124	0	2	0	0	2	0	59	112	0	3	0	0	1	0	25	30	0	1	0	
0	0	0	2	0	0	1	0	0	1	0	8	27	0	7	5	0	0	3	100	49	0	88	22	0	0	94	55	0	93	58	0	0	86	156	42	122	84	0	2	0	15	5	67	98	0	1	0	0	1	0	35	9	0	0	0	0	1	1	0	2	0	0	0	
0	0	0	2	1	0	0	0	0	1	5	0	62	150	5	0	1	3	0	29	217	253	34	0	0	6	106	189	56	176	51	0	38	218	236	148	125	220	41	0	42	160	142	113	66	184	49	0	0	0	0	3	0	103	60	0	1	4	4	4	2	1	2	0	
0	0	0	0	0	0	0	0	0	2	0	49	116	104	51	0	0	0	0	11	11	109	106	0	1	1	0	95	151	92	0	0	0	1	7	92	121	75	0	3	10	22	0	9	132	38	0	1	29	117	69	149	63	0	2	0	0	30	46	15	0	2	0	0	
0	0	0	7	72	6	0	0	0	2	0	84	92	0	2	0	1	0	16	122	0	0	0	0	3	0	69	84	62	106	16	0	4	0	83	147	43	73	109	0	2	0	40	187	82	132	43	0	0	1	0	41	64	8	0	0	0	0	1	0	0	1	2	0	
0	0	1	0	0	2	1	0	0	1	0	48	81	6	20	65	2	0	52	109	44	113	138	56	1	0	34	108	115	121	13	0	2	0	31	204	123	0	3	2	0	2	116	50	92	0	3	0	0	7	137	149	40	0	2	0	1	0	25	24	0	1	0	0	
0	0	1	0	15	67	0	0	0	0	1	0	121	88	0	1	0	3	0	97	95	0	2	0	1	0	15	127	0	1	0	0	3	0	64	116	107	39	0	2	2	0	43	210	203	54	0	2	0	0	0	48	37	0	1	0	0	0	0	0	0	1	0	0	
0	0	0	0	1	0	0	0	0	0	2	0	63	115	92	20	0	1	0	2	92	48	15	0	0	2	0	110	157	0	0	0	0	12	6	47	80	75	0	3	0	92	72	38	94	27	0	1	0	36	124	95	30	0	1	0	0	0	0	0	1	1	0	0	
0	0	0	0	1	0	0	0	0	0	2	0	101	105	0	2	0	1	0	20	187	119	0	2	0	4	0	106	236	14	0	1	1	0	18	130	152	16	0	1	3	0	73	129	105	55	0	2	1	0	6	156	131	0	0	0	0	0	0	1	2	0	0	0	
0	0	0	0	1	0	1	0	0	3	4	0	0	88	11	0	0	0	3	0	74	128	11	1	0	1	0	21	155	14	13	0	0	3	0	107	84	0	21	0	1	0	31	130	0	1	0	0	3	0	102	55	0	2	0	0	0	0	17	4	0	0	0	0	
0	0	0	6	4	0	0	0	2	0	37	167	161	9	0	1	0	0	3	38	162	4	0	0	1	0	18	188	207	45	0	2	0	0	12	10	75	164	0	3	0	18	41	6	143	125	0	3	0	25	164	201	149	5	0	1	0	0	1	2	0	0	0	0	
0	0	0	0	0	0	0	0	0	2	0	49	60	46	26	0	0	3	0	86	128	66	37	0	0	1	0	151	140	47	0	2	2	0	48	106	31	133	7	0	0	19	46	0	58	79	0	2	0	21	114	95	103	3	0	0	0	0	48	51	1	1	0	0	
0	0	0	0	0	0	0	0	0	0	0	18	25	1	0	0	1	0	19	77	135	40	0	2	0	0	13	44	130	34	0	1	0	2	0	105	153	17	0	1	0	2	0	105	35	0	1	0	1	0	16	98	0	2	0	0	1	0	28	43	0	1	0	0	
0	0	0	0	0	0	0	0	11	20	0	12	78	97	17	0	13	23	0	53	82	66	109	0	0	0	0	4	0	62	56	0	0	16	80	91	147	137	0	0	0	111	89	83	82	97	36	0	0	56	79	30	0	6	5	0	0	0	0	0	2	2	0	0	
0	0	0	0	0	0	0	0	0	2	0	69	55	0	2	0	0	4	0	136	91	0	3	0	0	3	0	105	108	0	3	0	0	3	0	90	149	0	4	0	0	2	0	49	158	0	2	0	0	1	0	11	163	13	0	1	0	0	0	0	26	7	0	0	
0	0	0	0	0	0	0	0	1	0	24	80	100	105	43	0	1	0	90	56	11	113	77	0	1	1	0	97	142	143	0	0	1	1	15	95	11	117	26	0	29	48	0	0	44	112	0	1	34	135	82	110	111	18	0	1	0	36	64	34	0	1	0	0	
0	0	0	0	0	0	0	0	0	0	0	0	107	11	0	0	0	0	1	0	123	14	0	1	0	1	0	16	117	0	1	0	0	2	0	54	106	0	3	0	0	3	0	91	93	0	3	0	0	3	0	81	70	0	2	0	0	0	0	0	0	0	0	0	
0	0	2	1	0	0	1	0	0	2	0	12	103	144	21	0	2	0	54	166	128	126	146	0	0	48	180	31	0	2	136	12	0	120	40	0	0	140	118	0	0	167	99	100	173	134	3	0	0	48	124	99	35	0	2	0	0	0	0	0	0	3	1	0	
0	0	0	0	0	0	0	0	1	0	103	212	154	2	0	1	0	61	169	48	207	88	0	4	0	14	17	0	119	105	0	4	0	0	1	0	158	39	0	2	1	0	19	191	184	116	70	0	3	0	57	216	159	87	0	0	0	0	0	0	0	0	0	0	
0	0	0	0	1	2	3	0	0	0	0	3	0	79	67	0	0	0	2	0	39	134	4	0	0	1	0	10	139	28	0	1	0	2	0	108	75	0	3	0	2	0	109	119	0	3	0	0	0	8	139	14	0	1	0	0	0	0	1	2	0	0	0	0	
